T4-twomodels-1/GL1.grd
DSAA
         100         100
  -15.00000       15.00000    
  -15.00000       15.00000    
 -1.5517208E-03  0.3041820    
[rows 48 to 71 of 100, columns 0 to 52 of 100]
1.3399481E-02 1.3463335E-02 1.3530883E-02 1.3602520E-02 1.3678404E-02 1.3759023E-02 1.3844498E-02 1.3935468E-02 1.4032112E-02 1.4135106E-02 1.4244772E-02 1.4361821E-02 1.4486674E-02 1.4620244E-02 1.4763007E-02 1.4916094E-02 1.5080132E-02 1.5256406E-02 1.5445786E-02 1.5649861E-02 1.5869694E-02 1.6107289E-02 1.6364053E-02 1.6642425E-02 1.6944334E-02 1.7272793E-02 1.7630413E-02 1.8021069E-02 1.8448211E-02 1.8916927E-02 1.9431923E-02 1.9999936E-02 2.0627517E-02 2.1323856E-02 2.2098225E-02 2.2963453E-02 2.3933094E-02 2.5025761E-02 2.6261952E-02 2.7669897E-02 2.9282292E-02 3.1144725E-02 3.3313226E-02 3.5868604E-02 3.8918216E-02 4.2626798E-02 4.7239032E-02 5.3167280E-02 6.1076481E-02 7.1821980E-02 8.5323788E-02 0.1001449 0.1151385
1.3410877E-02 1.3474758E-02 1.3542312E-02 1.3614015E-02 1.3689926E-02 1.3770555E-02 1.3856093E-02 1.3947095E-02 1.4043799E-02 1.4146837E-02 1.4256554E-02 1.4373679E-02 1.4498582E-02 1.4632219E-02 1.4775105E-02 1.4928275E-02 1.5092401E-02 1.5268783E-02 1.5458278E-02 1.5662493E-02 1.5882486E-02 1.6120242E-02 1.6377201E-02 1.6655779E-02 1.6957905E-02 1.7286627E-02 1.7644543E-02 1.8035512E-02 1.8463003E-02 1.8932123E-02 1.9447576E-02 2.0016093E-02 2.0644236E-02 2.1341218E-02 2.2116290E-02 2.2982329E-02 2.3952885E-02 2.5046574E-02 2.6283896E-02 2.7693147E-02 2.9306967E-02 3.1171029E-02 3.3341348E-02 3.5898730E-02 3.8950570E-02 4.2661633E-02 4.7276635E-02 5.3207874E-02 6.1120316E-02 7.1869113E-02 8.5374318E-02 0.1001993 0.1151973
1.3399485E-02 1.3463348E-02 1.3530883E-02 1.3602531E-02 1.3678403E-02 1.3759027E-02 1.3844485E-02 1.3935461E-02 1.4032107E-02 1.4135116E-02 1.4244763E-02 1.4361825E-02 1.4486674E-02 1.4620230E-02 1.4763012E-02 1.4916101E-02 1.5080126E-02 1.5256383E-02 1.5445778E-02 1.5649859E-02 1.5869675E-02 1.6107280E-02 1.6364045E-02 1.6642421E-02 1.6944317E-02 1.7272785E-02 1.7630408E-02 1.8021068E-02 1.8448204E-02 1.8916912E-02 1.9431921E-02 1.9999929E-02 2.0627504E-02 2.1323852E-02 2.2098215E-02 2.2963442E-02 2.3933088E-02 2.5025761E-02 2.6261941E-02 2.7669903E-02 2.9282289E-02 3.1144727E-02 3.3313226E-02 3.5868604E-02 3.8918216E-02 4.2626798E-02 4.7239039E-02 5.3167287E-02 6.1076485E-02 7.1821995E-02 8.5323788E-02 0.1001449 0.1151386
1.3365213E-02 1.3429006E-02 1.3496435E-02 1.3567990E-02 1.3643766E-02 1.3724254E-02 1.3809618E-02 1.3900464E-02 1.3996951E-02 1.4099798E-02 1.4209273E-02 1.4326124E-02 1.4450772E-02 1.4584119E-02 1.4726643E-02 1.4879448E-02 1.5043169E-02 1.5219119E-02 1.5408119E-02 1.5611762E-02 1.5831176E-02 1.6068246E-02 1.6324472E-02 1.6602229E-02 1.6903432E-02 1.7231133E-02 1.7587906E-02 1.7977595E-02 1.8403666E-02 1.8871183E-02 1.9384829E-02 1.9951334E-02 2.0577211E-02 2.1271639E-02 2.2043854E-02 2.2906670E-02 2.3873590E-02 2.4963198E-02 2.6195945E-02 2.7600029E-02 2.9208062E-02 3.1065630E-02 3.3228699E-02 3.5778008E-02 3.8820855E-02 4.2521950E-02 4.7125962E-02 5.3045146E-02 6.0944423E-02 7.1678914E-02 8.5168697E-02 9.9977113E-02 0.1149574
1.3307589E-02 1.3371246E-02 1.3438544E-02 1.3509946E-02 1.3585532E-02 1.3665859E-02 1.3750999E-02 1.3841613E-02 1.3937879E-02 1.4040444E-02 1.4149629E-02 1.4266189E-02 1.4390484E-02 1.4523429E-02 1.4665542E-02 1.4817901E-02 1.4981097E-02 1.5156500E-02 1.5344893E-02 1.5547874E-02 1.5766522E-02 1.6002756E-02 1.6258033E-02 1.6534766E-02 1.6834842E-02 1.7161254E-02 1.7516594E-02 1.7904704E-02 1.8328985E-02 1.8794507E-02 1.9305917E-02 1.9869907E-02 2.0492950E-02 2.1184202E-02 2.1952838E-02 2.2811620E-02 2.3774009E-02 2.4858491E-02 2.6085477E-02 2.7483080E-02 2.9083846E-02 3.0933250E-02 3.3087175E-02 3.5626281E-02 3.8657781E-02 4.2346299E-02 4.6936378E-02 5.2840278E-02 6.0722865E-02 7.1439430E-02 8.4909976E-02 9.9697471E-02 0.1146554
1.3225936E-02 1.3289404E-02 1.3356481E-02 1.3427656E-02 1.3503010E-02 1.3583068E-02 1.3667935E-02 1.3758238E-02 1.3854146E-02 1.3956350E-02 1.4065127E-02 1.4181246E-02 1.4305055E-02 1.4437478E-02 1.4579014E-02 1.4730733E-02 1.4893215E-02 1.5067845E-02 1.5255383E-02 1.5457418E-02 1.5675010E-02 1.5910085E-02 1.6164092E-02 1.6439386E-02 1.6737841E-02 1.7062487E-02 1.7415835E-02 1.7801728E-02 1.8223513E-02 1.8686241E-02 1.9194528E-02 1.9754993E-02 2.0374086E-02 2.1060888E-02 2.1824514E-02 2.2677647E-02 2.3633644E-02 2.4710964E-02 2.5929874E-02 2.7318353E-02 2.8908856E-02 3.0746747E-02 3.2887738E-02 3.5412394E-02 3.8427778E-02 4.2098369E-02 4.6668638E-02 5.2550703E-02 6.0409326E-02 7.1099572E-02 8.4541477E-02 9.9298440E-02 0.1142239
1.3119142E-02 1.3182365E-02 1.3249206E-02 1.3320084E-02 1.3395132E-02 1.3474850E-02 1.3559347E-02 1.3649264E-02 1.3744734E-02 1.3846490E-02 1.3954749E-02 1.4070296E-02 1.4193492E-02 1.4325227E-02 1.4466017E-02 1.4616925E-02 1.4778526E-02 1.4952126E-02 1.5138577E-02 1.5339388E-02 1.5555633E-02 1.5789244E-02 1.6041597E-02 1.6315049E-02 1.6611470E-02 1.6933827E-02 1.7284635E-02 1.7667685E-02 1.8086286E-02 1.8545441E-02 1.9049713E-02 1.9605672E-02 2.0219702E-02 2.0900782E-02 2.1657959E-02 2.2503816E-02 2.3451626E-02 2.4519686E-02 2.5728114E-02 2.7104806E-02 2.8682003E-02 3.0504907E-02 3.2629073E-02 3.5134833E-02 3.8129102E-02 4.1776188E-02 4.6320338E-02 5.2173581E-02 6.0000591E-02 7.0656545E-02 8.4061384E-02 9.8778158E-02 0.1136605
1.2985914E-02 1.3048816E-02 1.3115323E-02 1.3185875E-02 1.3260541E-02 1.3339845E-02 1.3423919E-02 1.3513324E-02 1.3608282E-02 1.3709447E-02 1.3817079E-02 1.3931958E-02 1.4054388E-02 1.4185321E-02 1.4325189E-02 1.4475094E-02 1.4635602E-02 1.4808029E-02 1.4993129E-02 1.5192485E-02 1.5407092E-02 1.5638892E-02 1.5889240E-02 1.6160470E-02 1.6454402E-02 1.6773993E-02 1.7121721E-02 1.7501311E-02 1.7916031E-02 1.8370857E-02 1.8870253E-02 1.9420719E-02 2.0028550E-02 2.0702675E-02 2.1451969E-02 2.2288954E-02 2.3226686E-02 2.4283377E-02 2.5478950E-02 2.6841102E-02 2.8401850E-02 3.0206181E-02 3.2309435E-02 3.4791652E-02 3.7759501E-02 4.1377049E-02 4.5888342E-02 5.1705167E-02 5.9492007E-02 7.0103735E-02 8.3460346E-02 9.8125309E-02 0.1129523
1.2824446E-02 1.2887035E-02 1.2953171E-02 1.3023314E-02 1.3097545E-02 1.3176370E-02 1.3259919E-02 1.3348775E-02 1.3443119E-02 1.3543613E-02 1.3650495E-02 1.3764572E-02 1.3886103E-02 1.4016088E-02 1.4154916E-02 1.4303638E-02 1.4462871E-02 1.4633870E-02 1.4817409E-02 1.5015044E-02 1.5227754E-02 1.5457438E-02 1.5705438E-02 1.5974034E-02 1.6265079E-02 1.6581424E-02 1.6925512E-02 1.7301032E-02 1.7711228E-02 1.8160950E-02 1.8654602E-02 1.9198606E-02 1.9799158E-02 2.0465054E-02 2.1205066E-02 2.2031520E-02 2.2957385E-02 2.4000553E-02 2.5180815E-02 2.6525594E-02 2.8066687E-02 2.9848721E-02 3.1926733E-02 3.4380462E-02 3.7316229E-02 4.0897734E-02 4.5368742E-02 5.1140726E-02 5.8878016E-02 6.9435522E-02 8.2733132E-02 9.7333960E-02 0.1120918
1.2632765E-02 1.2694946E-02 1.2760662E-02 1.2830328E-02 1.2904060E-02 1.2982331E-02 1.3065284E-02 1.3153486E-02 1.3247125E-02 1.3346846E-02 1.3452909E-02 1.3566053E-02 1.3686597E-02 1.3815462E-02 1.3953072E-02 1.4100479E-02 1.4258227E-02 1.4427635E-02 1.4609384E-02 1.4805047E-02 1.5015587E-02 1.5242833E-02 1.5488155E-02 1.5753765E-02 1.6041482E-02 1.6354121E-02 1.6694061E-02 1.7064963E-02 1.7469941E-02 1.7913809E-02 1.8400883E-02 1.8937491E-02 1.9529680E-02 2.0186111E-02 2.0915434E-02 2.1729752E-02 2.2641830E-02 2.3669362E-02 2.4831841E-02 2.6156390E-02 2.7674429E-02 2.9430274E-02 3.1478517E-02 3.3898473E-02 3.6795978E-02 4.0334303E-02 4.4756778E-02 5.0474484E-02 5.8151383E-02 6.8641990E-02 8.1866160E-02 9.6387498E-02 0.1110600
1.2408344E-02 1.2470091E-02 1.2535308E-02 1.2604462E-02 1.2677629E-02 1.2755292E-02 1.2837564E-02 1.2925047E-02 1.3017906E-02 1.3116758E-02 1.3221871E-02 1.3333974E-02 1.3453397E-02 1.3581017E-02 1.3717270E-02 1.3863176E-02 1.4019300E-02 1.4186877E-02 1.4366653E-02 1.4560088E-02 1.4768183E-02 1.4992751E-02 1.5235038E-02 1.5497319E-02 1.5781311E-02 1.6089778E-02 1.6425071E-02 1.6790750E-02 1.7189901E-02 1.7627209E-02 1.8106880E-02 1.8635148E-02 1.9217931E-02 1.9863697E-02 2.0580914E-02 2.1381501E-02 2.2277949E-02 2.3287684E-02 2.4429841E-02 2.5731197E-02 2.7222753E-02 2.8948303E-02 3.0961933E-02 3.3342380E-02 3.6194898E-02 3.9682139E-02 4.4046775E-02 4.9699415E-02 5.7303578E-02 6.7713693E-02 8.0849424E-02 9.5274031E-02 0.1098419
1.2148363E-02 1.2209611E-02 1.2274303E-02 1.2342871E-02 1.2415410E-02 1.2492401E-02 1.2573939E-02 1.2660621E-02 1.2752586E-02 1.2850497E-02 1.2954557E-02 1.3065542E-02 1.3183695E-02 1.3309967E-02 1.3444719E-02 1.3588975E-02 1.3743280E-02 1.3908858E-02 1.4086424E-02 1.4277437E-02 1.4482833E-02 1.4704398E-02 1.4943379E-02 1.5201977E-02 1.5481833E-02 1.5785720E-02 1.6115876E-02 1.6475808E-02 1.6868487E-02 1.7298544E-02 1.7770035E-02 1.8289067E-02 1.8861389E-02 1.9495307E-02 2.0199066E-02 2.0984326E-02 2.1863293E-02 2.2853052E-02 2.3972351E-02 2.5247507E-02 2.6708938E-02 2.8399926E-02 3.0373791E-02 3.2708585E-02 3.5508689E-02 3.8935937E-02 4.3232162E-02 4.8807193E-02 5.6323864E-02 6.6635951E-02 7.9662964E-02 9.3968838E-02 0.1084083
1.1849551E-02 1.1910263E-02 1.1974377E-02 1.2042330E-02 1.2114171E-02 1.2190417E-02 1.2271155E-02 1.2356960E-02 1.2447968E-02 1.2544831E-02 1.2647770E-02 1.2757502E-02 1.2874297E-02 1.2999077E-02 1.3132197E-02 1.3274663E-02 1.3426985E-02 1.3590387E-02 1.3765538E-02 1.3953905E-02 1.4156361E-02 1.4374671E-02 1.4610020E-02 1.4864595E-02 1.5139991E-02 1.5438869E-02 1.5763424E-02 1.6117075E-02 1.6502716E-02 1.6924838E-02 1.7387386E-02 1.7896309E-02 1.8457193E-02 1.9078117E-02 1.9767070E-02 2.0535450E-02 2.1395128E-02 2.2362763E-02 2.3456628E-02 2.4702484E-02 2.6130134E-02 2.7782036E-02 2.9710682E-02 3.1993091E-02 3.4732576E-02 3.8089778E-02 4.2305350E-02 4.7788002E-02 5.5199619E-02 6.5393627E-02 7.8289218E-02 9.2450015E-02 0.1067316
1.1508289E-02 1.1568418E-02 1.1631893E-02 1.1699166E-02 1.1770273E-02 1.1845714E-02 1.1925572E-02 1.2010430E-02 1.2100412E-02 1.2196145E-02 1.2297841E-02 1.2406246E-02 1.2521578E-02 1.2644740E-02 1.2776074E-02 1.2916611E-02 1.3066797E-02 1.3227863E-02 1.3400431E-02 1.3585921E-02 1.3785201E-02 1.4000006E-02 1.4231471E-02 1.4481717E-02 1.4752255E-02 1.5045742E-02 1.5364255E-02 1.5711160E-02 1.6089184E-02 1.6502731E-02 1.6955635E-02 1.7453644E-02 1.8002106E-02 1.8608935E-02 1.9281823E-02 2.0031840E-02 2.0870415E-02 2.1813786E-02 2.2879681E-02 2.4093159E-02 2.5483200E-02 2.7091345E-02 2.8968949E-02 3.1191714E-02 3.3861440E-02 3.7137147E-02 4.1257743E-02 4.6630271E-02 5.3915162E-02 6.3964546E-02 7.6697417E-02 9.0678312E-02 0.1047640
1.1120654E-02 1.1180149E-02 1.1242948E-02 1.1309486E-02 1.1379800E-02 1.1454371E-02 1.1533304E-02 1.1617145E-02 1.1706023E-02 1.1800542E-02 1.1900943E-02 1.2007876E-02 1.2121666E-02 1.2243089E-02 1.2372542E-02 1.2511001E-02 1.2658924E-02 1.2817461E-02 1.2987277E-02 1.3169709E-02 1.3365611E-02 1.3576655E-02 1.3803955E-02 1.4049561E-02 1.4314952E-02 1.4602670E-02 1.4914756E-02 1.5254393E-02 1.5624325E-02 1.6028717E-02 1.6471267E-02 1.6957570E-02 1.7492753E-02 1.8084429E-02 1.8740028E-02 1.9470206E-02 2.0285996E-02 2.1203054E-02 2.2238445E-02 2.3416439E-02 2.4765059E-02 2.6324626E-02 2.8145066E-02 3.0300304E-02 3.2890160E-02 3.6071237E-02 4.0079936E-02 4.5320705E-02 5.2451782E-02 6.2324025E-02 7.4855894E-02 8.8612214E-02 0.1024519
1.0682472E-02 1.0741325E-02 1.0803401E-02 1.0869149E-02 1.0938619E-02 1.1012290E-02 1.1090223E-02 1.1172979E-02 1.1260652E-02 1.1353908E-02 1.1452899E-02 1.1558332E-02 1.1670427E-02 1.1790050E-02 1.1917508E-02 1.2053755E-02 1.2199260E-02 1.2355149E-02 1.2522006E-02 1.2701211E-02 1.2893515E-02 1.3100597E-02 1.3323499E-02 1.3564192E-02 1.3824106E-02 1.4105747E-02 1.4410991E-02 1.4742987E-02 1.5104288E-02 1.5498989E-02 1.5930578E-02 1.6404446E-02 1.6925490E-02 1.7501073E-02 1.8138219E-02 1.8847236E-02 1.9638587E-02 2.0527350E-02 2.1529827E-02 2.2669338E-02 2.3972709E-02 2.5478818E-02 2.7235715E-02 2.9315073E-02 3.1813830E-02 3.4885261E-02 3.8761869E-02 4.3844029E-02 5.0786205E-02 6.0436435E-02 7.2712585E-02 8.6181916E-02 9.9707134E-02
1.0189749E-02 1.0247883E-02 1.0309221E-02 1.0374136E-02 1.0442725E-02 1.0515419E-02 1.0592300E-02 1.0673905E-02 1.0760353E-02 1.0852254E-02 1.0949774E-02 1.1053589E-02 1.1163923E-02 1.1281612E-02 1.1406949E-02 1.1540893E-02 1.1683846E-02 1.1836927E-02 1.2000714E-02 1.2176495E-02 1.2365057E-02 1.2567951E-02 1.2786208E-02 1.3021742E-02 1.3275931E-02 1.3551147E-02 1.3849222E-02 1.4173172E-02 1.4525423E-02 1.4909916E-02 1.5329973E-02 1.5790740E-02 1.6296908E-02 1.6855484E-02 1.7473150E-02 1.8159717E-02 1.8925147E-02 1.9783795E-02 2.0751067E-02 2.1849198E-02 2.3103654E-02 2.4551459E-02 2.6238373E-02 2.8233040E-02 3.0628534E-02 3.3573207E-02 3.7293565E-02 4.2183224E-02 4.8890185E-02 5.8258142E-02 7.0204236E-02 8.3298996E-02 9.6413180E-02
9.6389204E-03 9.6963197E-03 9.7568426E-03 9.8208934E-03 9.8885354E-03 9.9602202E-03 1.0035983E-02 1.0116396E-02 1.0201548E-02 1.0292022E-02 1.0387989E-02 1.0490113E-02 1.0598606E-02 1.0714286E-02 1.0837412E-02 1.0968920E-02 1.1109225E-02 1.1259379E-02 1.1419930E-02 1.1592156E-02 1.1776763E-02 1.1975294E-02 1.2188722E-02 1.2418880E-02 1.2667060E-02 1.2935589E-02 1.3226167E-02 1.3541728E-02 1.3884525E-02 1.4258373E-02 1.4666373E-02 1.5113472E-02 1.5604071E-02 1.6144857E-02 1.6742105E-02 1.7405136E-02 1.8143281E-02 1.8970134E-02 1.9900141E-02 2.0954262E-02 2.2156326E-02 2.3541227E-02 2.5151815E-02 2.7052911E-02 2.9332280E-02 3.2131135E-02 3.5666522E-02 4.0320437E-02 4.6728518E-02 5.5725101E-02 6.7226611E-02 7.9814121E-02 9.2375219E-02
9.0278937E-03 9.0845078E-03 9.1441823E-03 9.2073353E-03 9.2739910E-03 9.3446029E-03 9.4192233E-03 9.4983838E-03 9.5821749E-03 9.6711572E-03 9.7655291E-03 9.8658772E-03 9.9724550E-03 1.0086016E-02 1.0206846E-02 1.0335842E-02 1.0473370E-02 1.0620467E-02 1.0777671E-02 1.0946182E-02 1.1126696E-02 1.1320707E-02 1.1529095E-02 1.1753689E-02 1.1995655E-02 1.2257227E-02 1.2540052E-02 1.2846895E-02 1.3179909E-02 1.3542701E-02 1.3938209E-02 1.4371144E-02 1.4845593E-02 1.5367891E-02 1.5943917E-02 1.6582441E-02 1.7292140E-02 1.8085778E-02 1.8976700E-02 1.9984495E-02 2.1131102E-02 2.2448931E-02 2.3977393E-02 2.5776386E-02 2.7926715E-02 3.0559395E-02 3.3876661E-02 3.8239885E-02 4.4259779E-02 5.2750666E-02 6.3628875E-02 7.5501360E-02 8.7295361E-02
8.3577242E-03 8.4135225E-03 8.4723365E-03 8.5345376E-03 8.6001828E-03 8.6696753E-03 8.7431101E-03 8.8209575E-03 8.9033442E-03 8.9907870E-03 9.0834759E-03 9.1820089E-03 9.2865974E-03 9.3979686E-03 9.5164198E-03 9.6427901E-03 9.7774640E-03 9.9213989E-03 1.0075131E-02 1.0239813E-02 1.0416104E-02 1.0605428E-02 1.0808652E-02 1.1027446E-02 1.1263015E-02 1.1517439E-02 1.1792259E-02 1.2090134E-02 1.2413058E-02 1.2764483E-02 1.3147130E-02 1.3565448E-02 1.4023259E-02 1.4526524E-02 1.5080660E-02 1.5693910E-02 1.6374225E-02 1.7133469E-02 1.7983865E-02 1.8943429E-02 2.0032097E-02 2.1279393E-02 2.2720758E-02 2.4410209E-02 2.6419735E-02 2.8866412E-02 3.1930104E-02 3.5936005E-02 4.1442093E-02 4.9210396E-02 5.9160616E-02 6.9979757E-02 8.0687821E-02
7.6364442E-03 7.6913931E-03 7.7493056E-03 7.8105256E-03 7.8751119E-03 7.9434607E-03 8.0156587E-03 8.0921520E-03 8.1730857E-03 8.2589304E-03 8.3498918E-03 8.4465221E-03 8.5490504E-03 8.6581856E-03 8.7741828E-03 8.8978643E-03 9.0295700E-03 9.1702389E-03 9.3204184E-03 9.4811665E-03 9.6531203E-03 9.8376274E-03 1.0035514E-02 1.0248417E-02 1.0477414E-02 1.0724486E-02 1.0991120E-02 1.1279793E-02 1.1592398E-02 1.1932158E-02 1.2301670E-02 1.2705038E-02 1.3145846E-02 1.3629611E-02 1.4161401E-02 1.4748742E-02 1.5399001E-02 1.6122969E-02 1.6931809E-02 1.7841758E-02 1.8870726E-02 2.0044949E-02 2.1395691E-02 2.2970017E-02 2.4829764E-02 2.7074177E-02 2.9852806E-02 3.3432513E-02 3.8266879E-02 4.4981658E-02 5.3510949E-02 6.2776141E-02 7.1988575E-02
6.8852669E-03 6.9393367E-03 6.9963369E-03 7.0565213E-03 7.1200384E-03 7.1871756E-03 7.2581200E-03 7.3332088E-03 7.4126390E-03 7.4968305E-03 7.5860457E-03 7.6807062E-03 7.7811601E-03 7.8879381E-03 8.0014542E-03 8.1223231E-03 8.2510365E-03 8.3883647E-03 8.5349064E-03 8.6915754E-03 8.8591296E-03 9.0386728E-03 9.2311827E-03 9.4379801E-03 9.6603176E-03 9.8998640E-03 1.0158204E-02 1.0437440E-02 1.0739613E-02 1.1067457E-02 1.1423662E-02 1.1811749E-02 1.2235369E-02 1.2699280E-02 1.3208454E-02 1.3769415E-02 1.4389284E-02 1.5077366E-02 1.5844153E-02 1.6703574E-02 1.7672010E-02 1.8771701E-02 2.0030167E-02 2.1486314E-02 2.3191983E-02 2.5225259E-02 2.7701611E-02 3.0811245E-02 3.4854423E-02 4.0204279E-02 4.6827480E-02 5.4103710E-02 6.1514962E-02
6.1389185E-03 6.1920667E-03 6.2481184E-03 6.3072406E-03 6.3696541E-03 6.4355680E-03 6.5052118E-03 6.5788487E-03 6.6567655E-03 6.7392588E-03 6.8266541E-03 6.9193114E-03 7.0176208E-03 7.1220174E-03 7.2329640E-03 7.3509901E-03 7.4766320E-03 7.6105385E-03 7.7533755E-03 7.9059051E-03 8.0689602E-03 8.2434770E-03 8.4304819E-03 8.6311158E-03 8.8466695E-03 9.0785818E-03 9.3284845E-03 9.5982030E-03 9.8897787E-03 1.0205594E-02 1.0548312E-02 1.0921027E-02 1.1327266E-02 1.1771174E-02 1.2257532E-02 1.2792001E-02 1.3381259E-02 1.4033332E-02 1.4757857E-02 1.5566695E-02 1.6474450E-02 1.7499626E-02 1.8665848E-02 2.0004237E-02 2.1556480E-02 2.3380557E-02 2.5558680E-02 2.8209865E-02 3.1495783E-02 3.5575241E-02 4.0441319E-02 4.5857780E-02 5.1554721E-02
5.4278825E-03 5.4801241E-03 5.5351807E-03 5.5932468E-03 5.6545031E-03 5.7191723E-03 5.7874699E-03 5.8596488E-03 5.9359809E-03 6.0167620E-03 6.1022970E-03 6.1929277E-03 6.2890234E-03 6.3910130E-03 6.4993310E-03 6.6144788E-03 6.7369691E-03 6.8674209E-03 7.0064696E-03 7.1548349E-03 7.3132911E-03 7.4827410E-03 7.6641324E-03 7.8585623E-03 8.0672251E-03 8.2914773E-03 8.5328296E-03 8.7929862E-03 9.0738377E-03 9.3776044E-03 9.7067319E-03 1.0064054E-02 1.0452809E-02 1.0876754E-02 1.1340233E-02 1.1848322E-02 1.2406984E-02 1.3023322E-02 1.3705786E-02 1.4464635E-02 1.5312344E-02 1.6264398E-02 1.7340180E-02 1.8564373E-02 1.9968849E-02 2.1595385E-02 2.3498742E-02 2.5749063E-02 2.8426955E-02 3.1598270E-02 3.5264403E-02 3.9342299E-02 4.3710493E-02
