T4-twomodels-1/GL1.grd
DSAA
         100         100
  -15.00000       15.00000    
  -15.00000       15.00000    
 -1.5517208E-03  0.3041820    
[rows 0 to 23 of 100, columns 0 to 52 of 100]
-1.4772583E-03 -1.4510852E-03 -1.4238850E-03 -1.3956192E-03 -1.3662468E-03 -1.3357261E-03 -1.3040111E-03 -1.2710567E-03 -1.2368149E-03 -1.2012356E-03 -1.1642673E-03 -1.1258587E-03 -1.0859546E-03 -1.0444974E-03 -1.0014287E-03 -9.5668860E-04 -9.1021578E-04 -8.6194492E-04 -8.1181171E-04 -7.5974973E-04 -7.0569216E-04 -6.4956985E-04 -5.9131254E-04 -5.3085142E-04 -4.6811556E-04 -4.0303526E-04 -3.3554010E-04 -2.6556462E-04 -1.9304191E-04 -1.1790718E-04 -4.0099971E-05 4.0434956E-05 1.2374943E-04 2.0988929E-04 2.9889197E-04 3.9078516E-04 4.8558958E-04 5.8331154E-04 6.8394752E-04 7.8747520E-04 8.9385972E-04 1.0030458E-03 1.1149603E-03 1.2295041E-03 1.3465602E-03 1.4659824E-03 1.5876010E-03 1.7112123E-03 1.8365843E-03 1.9634322E-03 2.0914718E-03 2.2204316E-03 2.3499546E-03
-1.3985388E-03 -1.3715316E-03 -1.3434488E-03 -1.3142490E-03 -1.2838875E-03 -1.2523190E-03 -1.2194949E-03 -1.1853653E-03 -1.1498772E-03 -1.1129779E-03 -1.0746105E-03 -1.0347181E-03 -9.9323969E-04 -9.5011375E-04 -9.0527418E-04 -8.5865537E-04 -8.1018789E-04 -7.5980154E-04 -7.0742180E-04 -6.5297575E-04 -5.9638690E-04 -5.3757709E-04 -4.7646608E-04 -4.1297500E-04 -3.4702194E-04 -2.7852744E-04 -2.0740865E-04 -1.3358657E-04 -5.6981964E-05 2.2481427E-05 1.0487827E-04 1.9027801E-04 2.7874630E-04 3.7034153E-04 4.6511617E-04 5.6311151E-04 6.6436117E-04 7.6888438E-04 8.7668863E-04 9.8776410E-04 1.1020836E-03 1.2196001E-03 1.3402445E-03 1.4639234E-03 1.5905177E-03 1.7198790E-03 1.8518297E-03 1.9861595E-03 2.1226259E-03 2.2609774E-03 2.4008951E-03 2.5419716E-03 2.6838291E-03
-1.3151832E-03 -1.2873241E-03 -1.2583390E-03 -1.2281830E-03 -1.1968085E-03 -1.1641661E-03 -1.1302039E-03 -1.0948665E-03 -1.0580986E-03 -1.0198409E-03 -9.8003168E-04 -9.3860872E-04 -8.9550606E-04 -8.5065525E-04 -8.0398406E-04 -7.5541838E-04 -7.0488307E-04 -6.5229897E-04 -5.9758360E-04 -5.4065447E-04 -4.8142581E-04 -4.1980873E-04 -3.5571319E-04 -2.8904804E-04 -2.1972040E-04 -1.4763708E-04 -7.2701820E-05 5.1769575E-06 8.6093307E-05 1.7013848E-04 2.5740347E-04 3.4797285E-04 4.4192825E-04 5.3934439E-04 6.4029125E-04 7.4482540E-04 8.5299741E-04 9.6484117E-04 1.0803795E-03 1.1996158E-03 1.3225352E-03 1.4491008E-03 1.5792523E-03 1.7129005E-03 1.8499290E-03 1.9901879E-03 2.1334954E-03 2.2796283E-03 2.4283237E-03 2.5792539E-03 2.7320872E-03 2.8864956E-03 3.0420483E-03
-1.2267829E-03 -1.1980548E-03 -1.1681474E-03 -1.1370142E-03 -1.1046035E-03 -1.0708618E-03 -1.0357322E-03 -9.9915755E-04 -9.6107443E-04 -9.2142040E-04 -8.8012789E-04 -8.3712942E-04 -7.9235231E-04 -7.4572058E-04 -6.9715548E-04 -6.4657698E-04 -5.9389963E-04 -5.3903600E-04 -4.8189421E-04 -4.2238261E-04 -3.6040426E-04 -2.9585898E-04 -2.2864438E-04 -1.5865861E-04 -8.5793050E-05 -9.9417448E-06 6.9006986E-05 1.5116084E-04 2.3662869E-04 3.2552145E-04 4.1794599E-04 5.1400502E-04 6.1379990E-04 7.1742537E-04 8.2497013E-04 9.3650963E-04 1.0521146E-03 1.1718383E-03 1.2957217E-03 1.4237845E-03 1.5560284E-03 1.6924295E-03 1.8329390E-03 1.9774770E-03 2.1259305E-03 2.2781522E-03 2.4339545E-03 2.5931073E-03 2.7553402E-03 2.9203626E-03 3.0878023E-03 3.2571796E-03 3.4280377E-03
-1.1328581E-03 -1.1032426E-03 -1.0723950E-03 -1.0402637E-03 -1.0067935E-03 -9.7192696E-04 -9.3560299E-04 -8.9775852E-04 -8.5832673E-04 -8.1723859E-04 -7.7442208E-04 -7.2980154E-04 -6.8329909E-04 -6.3483074E-04 -5.8431079E-04 -5.3164968E-04 -4.7675474E-04 -4.1952825E-04 -3.5986819E-04 -2.9767212E-04 -2.3283102E-04 -1.6523257E-04 -9.4762698E-05 -2.1302894E-05 5.5269036E-05 1.3507491E-04 2.1824337E-04 3.0489953E-04 3.9517193E-04 4.8919022E-04 5.8708142E-04 6.8897021E-04 7.9498003E-04 9.0522744E-04 1.0198246E-03 1.1388708E-03 1.2624601E-03 1.3906681E-03 1.5235587E-03 1.6611726E-03 1.8035331E-03 1.9506318E-03 2.1024377E-03 2.2588805E-03 2.4198587E-03 2.5852248E-03 2.7547940E-03 2.9283238E-03 3.1055242E-03 3.2860222E-03 3.4694294E-03 3.6553526E-03 3.8432730E-03
-1.0328798E-03 -1.0023613E-03 -9.7055460E-04 -9.3740562E-04 -9.0285332E-04 -8.6683722E-04 -8.2929153E-04 -7.9014763E-04 -7.4933330E-04 -7.0677453E-04 -6.6239235E-04 -6.1610487E-04 -5.6782662E-04 -5.1746651E-04 -4.6493064E-04 -4.1011957E-04 -3.5293130E-04 -2.9325762E-04 -2.3098662E-04 -1.6600304E-04 -9.8185272E-05 -2.7408083E-05 4.6458797E-05 1.2354802E-04 2.0399890E-04 2.8795155E-04 3.7555251E-04 4.6694715E-04 5.6228566E-04 6.6171918E-04 7.6539896E-04 8.7347487E-04 9.8609366E-04 1.1034012E-03 1.2255347E-03 1.3526221E-03 1.4847848E-03 1.6221277E-03 1.7647413E-03 1.9126935E-03 2.0660311E-03 2.2247727E-03 2.3889041E-03 2.5583743E-03 2.7330918E-03 2.9129209E-03 3.0976729E-03 3.2871068E-03 3.4809243E-03 3.6787959E-03 3.8802882E-03 4.0848386E-03 4.2918958E-03
-9.2625519E-04 -8.9481793E-04 -8.6203491E-04 -8.2784763E-04 -7.9219200E-04 -7.5500214E-04 -7.1620737E-04 -6.7573425E-04 -6.3350482E-04 -5.8943901E-04 -5.4345001E-04 -4.9545069E-04 -4.4534693E-04 -3.9303975E-04 -3.3842551E-04 -2.8139565E-04 -2.2183782E-04 -1.5963340E-04 -9.4657284E-05 -2.6780721E-05 4.4129407E-05 1.1821540E-04 1.9562268E-04 2.7650202E-04 3.6101002E-04 4.4930688E-04 5.4156122E-04 6.3794077E-04 7.3861837E-04 8.4377168E-04 9.5357926E-04 1.0682176E-03 1.1878653E-03 1.3126961E-03 1.4428823E-03 1.5785835E-03 1.7199550E-03 1.8671342E-03 2.0202470E-03 2.1793933E-03 2.3446523E-03 2.5160706E-03 2.6936631E-03 2.8773996E-03 3.0672099E-03 3.2629664E-03 3.4644920E-03 3.6715383E-03 3.8837879E-03 4.1008242E-03 4.3221959E-03 4.5474349E-03 4.7759148E-03
-8.1230100E-04 -7.7992916E-04 -7.4615330E-04 -7.1091013E-04 -6.7412981E-04 -6.3574320E-04 -5.9567380E-04 -5.5384304E-04 -5.1016605E-04 -4.6455715E-04 -4.1692302E-04 -3.6716805E-04 -3.1518933E-04 -2.6088060E-04 -2.0412733E-04 -1.4481119E-04 -8.2808656E-05 -1.7988608E-05 4.9786788E-05 1.2065894E-04 1.9477979E-04 2.7230472E-04 3.5339798E-04 4.3822912E-04 5.2697561E-04 6.1982020E-04 7.1695360E-04 8.1857009E-04 9.2486956E-04 1.0360586E-03 1.1523452E-03 1.2739401E-03 1.4010546E-03 1.5339011E-03 1.6726858E-03 1.8176098E-03 1.9688678E-03 2.1266383E-03 2.2910871E-03 2.4623557E-03 2.6405628E-03 2.8257929E-03 3.0180942E-03 3.2174690E-03 3.4238717E-03 3.6371960E-03 3.8572717E-03 4.0838588E-03 4.3166392E-03 4.5552459E-03 4.7991821E-03 5.0477865E-03 5.3003929E-03
-6.9025817E-04 -6.5693847E-04 -6.2215305E-04 -5.8583554E-04 -5.4791197E-04 -5.0830597E-04 -4.6693729E-04 -4.2372046E-04 -3.7856583E-04 -3.3137965E-04 -2.8206100E-04 -2.3050662E-04 -1.7660613E-04 -1.2024063E-04 -6.1287712E-05 3.8168781E-07 6.4904496E-05 1.3242447E-04 2.0309284E-04 2.7706687E-04 3.5451443E-04 4.3561004E-04 5.2053749E-04 6.0948636E-04 7.0265657E-04 8.0025569E-04 9.0250152E-04 1.0096157E-03 1.1218297E-03 1.2393818E-03 1.3625164E-03 1.4914796E-03 1.6265246E-03 1.7679036E-03 1.9158686E-03 2.0706649E-03 2.2325364E-03 2.4017103E-03 2.5784017E-03 2.7628033E-03 2.9550809E-03 3.1553670E-03 3.3637565E-03 3.5802899E-03 3.8049573E-03 4.0376792E-03 4.2783073E-03 4.5266049E-03 4.7822427E-03 5.0447588E-03 5.3136419E-03 5.5883322E-03 5.8680763E-03
-5.5926869E-04 -5.2498776E-04 -4.8917858E-04 -4.5176991E-04 -4.1268260E-04 -3.7183575E-04 -3.2914407E-04 -2.8451544E-04 -2.3785232E-04 -1.8905534E-04 -1.3801531E-04 -8.4619445E-05 -2.8748829E-05 2.9725939E-05 9.0936628E-05 1.5502676E-04 2.2214376E-04 2.9244678E-04 3.6610200E-04 4.4328358E-04 5.2417704E-04 6.0897676E-04 6.9788587E-04 7.9111935E-04 8.8890258E-04 9.9146797E-04 1.0990642E-03 1.2119444E-03 1.3303742E-03 1.4546291E-03 1.5849938E-03 1.7217563E-03 1.8652164E-03 2.0156743E-03 2.1734338E-03 2.3387941E-03 2.5120564E-03 2.6935060E-03 2.8834187E-03 3.0820484E-03 3.2896211E-03 3.5063308E-03 3.7323267E-03 3.9677047E-03 4.2124987E-03 4.4666715E-03 4.7301003E-03 5.0025699E-03 5.2837590E-03 5.5732760E-03 5.8705532E-03 6.1748205E-03 6.4852699E-03
-4.1833456E-04 -3.8307946E-04 -3.4623296E-04 -3.0771745E-04 -2.6744936E-04 -2.2534253E-04 -1.8130484E-04 -1.3523910E-04 -8.7039749E-05 -3.6600228E-05 1.6197529E-05 7.1473958E-05 1.2935998E-04 1.8999356E-04 2.5352126E-04 3.2009659E-04 3.8988129E-04 4.6304922E-04 5.3978368E-04 6.2027737E-04 7.0473301E-04 7.9336925E-04 8.8641146E-04 9.8409737E-04 1.0866828E-03 1.1944297E-03 1.3076183E-03 1.4265387E-03 1.5514935E-03 1.6828020E-03 1.8207930E-03 1.9658033E-03 2.1181861E-03 2.2782960E-03 2.4464985E-03 2.6231564E-03 2.8086388E-03 3.0033009E-03 3.2074917E-03 3.4215371E-03 3.6457430E-03 3.8803744E-03 4.1256547E-03 4.3817479E-03 4.6487506E-03 4.9266773E-03 5.2154488E-03 5.5148713E-03 5.8246283E-03 6.1442293E-03 6.4730961E-03 6.8105739E-03 7.1557518E-03
-2.6635465E-04 -2.3011456E-04 -1.9221751E-04 -1.5258165E-04 -1.1111689E-04 -6.7732173E-05 -2.2327697E-05 2.5198891E-05 7.4960117E-05 1.2707364E-04 1.8166284E-04 2.3885939E-04 2.9880519E-04 3.6164754E-04 4.2754755E-04 4.9667049E-04 5.6919310E-04 6.4530777E-04 7.2521239E-04 8.0911972E-04 8.9725567E-04 9.8985806E-04 1.0871817E-03 1.1894904E-03 1.2970683E-03 1.4102135E-03 1.5292407E-03 1.6544799E-03 1.7862774E-03 1.9249985E-03 2.0710239E-03 2.2247469E-03 2.3865786E-03 2.5569422E-03 2.7362714E-03 2.9250046E-03 3.1235889E-03 3.3324650E-03 3.5520701E-03 3.7828216E-03 4.0251166E-03 4.2793164E-03 4.5457329E-03 4.8246221E-03 5.1161586E-03 5.4204306E-03 5.7374146E-03 6.0669654E-03 6.4087957E-03 6.7625064E-03 7.1274671E-03 7.5027794E-03 7.8874649E-03
-1.0204847E-04 -6.4813430E-05 -2.5854040E-05 1.4916190E-05 5.7592722E-05 1.0227336E-04 1.4906345E-04 1.9807395E-04 2.4942361E-04 3.0323764E-04 3.5965178E-04 4.1880499E-04 4.8085101E-04 5.4595113E-04 6.1427674E-04 6.8600778E-04 7.6133927E-04 8.4047724E-04 9.2364143E-04 1.0110633E-03 1.1029926E-03 1.1996928E-03 1.3014463E-03 1.4085433E-03 1.5213063E-03 1.6400663E-03 1.7651800E-03 1.8970203E-03 2.0359803E-03 2.1824832E-03 2.3369628E-03 2.4998775E-03 2.6717072E-03 2.8529507E-03 3.0441228E-03 3.2457500E-03 3.4583742E-03 3.6825361E-03 3.9187805E-03 4.1676327E-03 4.4296072E-03 4.7051799E-03 4.9947822E-03 5.2987789E-03 5.6174556E-03 5.9509934E-03 6.2994547E-03 6.6627469E-03 7.0406115E-03 7.4325576E-03 7.8379530E-03 8.2560331E-03 8.6856931E-03
7.6030396E-05 1.1426898E-04 1.5429985E-04 1.9621645E-04 2.4011741E-04 2.8610925E-04 3.3430159E-04 3.8481515E-04 4.3777702E-04 4.9331808E-04 5.5158586E-04 6.1273080E-04 6.7691813E-04 7.4431871E-04 8.1512023E-04 8.8951905E-04 9.6772483E-04 1.0499621E-03 1.1364718E-03 1.2275073E-03 1.3233426E-03 1.4242692E-03 1.5305944E-03 1.6426489E-03 1.7607869E-03 1.8853782E-03 2.0168279E-03 2.1555529E-03 2.3020059E-03 2.4566618E-03 2.6200246E-03 2.7926241E-03 2.9750199E-03 3.1677943E-03 3.3715595E-03 3.5869437E-03 3.8146006E-03 4.0551908E-03 4.3093837E-03 4.5778467E-03 4.8612310E-03 5.1601599E-03 5.4752105E-03 5.8068936E-03 6.1556352E-03 6.5217433E-03 6.9053886E-03 7.3065762E-03 7.7251121E-03 8.1606358E-03 8.6124679E-03 9.0795700E-03 9.5607480E-03
2.6952996E-04 3.0877825E-04 3.4989015E-04 3.9296228E-04 4.3810095E-04 4.8541595E-04 5.3502858E-04 5.8706349E-04 6.4165576E-04 6.9894973E-04 7.5910002E-04 8.2226953E-04 8.8863244E-04 9.5837598E-04 1.0317015E-03 1.1088222E-03 1.1899658E-03 1.2753741E-03 1.3653117E-03 1.4600551E-03 1.5599061E-03 1.6651805E-03 1.7762232E-03 1.8933973E-03 2.0170982E-03 2.1477370E-03 2.2857683E-03 2.4316651E-03 2.5859373E-03 2.7491257E-03 2.9218080E-03 3.1045969E-03 3.2981406E-03 3.5031203E-03 3.7202602E-03 3.9503048E-03 4.1940426E-03 4.4522742E-03 4.7258246E-03 5.0155255E-03 5.3222040E-03 5.6466605E-03 5.9896638E-03 6.3519091E-03 6.7340047E-03 7.1364273E-03 7.5595025E-03 8.0033503E-03 8.4678568E-03 8.9525813E-03 9.4568683E-03 9.9798348E-03 1.0520128E-02
4.8032249E-04 5.2058825E-04 5.6278624E-04 6.0702179E-04 6.5340794E-04 7.0205866E-04 7.5310346E-04 8.0667582E-04 8.6291862E-04 9.2198595E-04 9.8404440E-04 1.0492642E-03 1.1178378E-03 1.1899637E-03 1.2658596E-03 1.3457550E-03 1.4298934E-03 1.5185429E-03 1.6119874E-03 1.7105285E-03 1.8144966E-03 1.9242415E-03 2.0401389E-03 2.1625925E-03 2.2920365E-03 2.4289361E-03 2.5737958E-03 2.7271465E-03 2.8895633E-03 3.0616652E-03 3.2441092E-03 3.4375982E-03 3.6428836E-03 3.8607651E-03 4.0920856E-03 4.3377341E-03 4.5986497E-03 4.8758085E-03 5.1702168E-03 5.4829055E-03 5.8149179E-03 6.1672861E-03 6.5410123E-03 6.9370279E-03 7.3561799E-03 7.7991788E-03 8.2665468E-03 8.7585831E-03 9.2753116E-03 9.8164920E-03 1.0381441E-02 1.0968948E-02 1.1577541E-02
7.1054464E-04 7.5182953E-04 7.9512026E-04 8.4052683E-04 8.8816648E-04 9.3816366E-04 9.9065166E-04 1.0457742E-03 1.1036856E-03 1.1645446E-03 1.2285317E-03 1.2958288E-03 1.3666428E-03 1.4411880E-03 1.5196924E-03 1.6024095E-03 1.6895983E-03 1.7815520E-03 1.8785767E-03 1.9810013E-03 2.0891868E-03 2.2035148E-03 2.3243977E-03 2.4522827E-03 2.5876525E-03 2.7310182E-03 2.8829449E-03 3.0440271E-03 3.2149162E-03 3.3963071E-03 3.5889545E-03 3.7936610E-03 4.0112943E-03 4.2427802E-03 4.4891117E-03 4.7513396E-03 5.0305855E-03 5.3280224E-03 5.6448826E-03 5.9824390E-03 6.3420050E-03 6.7248871E-03 7.1323942E-03 7.5657680E-03 8.0261659E-03 8.5145943E-03 9.0318639E-03 9.5785046E-03 1.0154708E-02 1.0760204E-02 1.1394366E-02 1.2056175E-02 1.2743938E-02
9.6261816E-04 1.0049263E-03 1.0493130E-03 1.0958941E-03 1.1447940E-03 1.1961439E-03 1.2500845E-03 1.3067662E-03 1.3663566E-03 1.4290247E-03 1.4949590E-03 1.5643575E-03 1.6374378E-03 1.7144291E-03 1.7955817E-03 1.8811595E-03 1.9714518E-03 2.0667643E-03 2.1674365E-03 2.2738245E-03 2.3863183E-03 2.5053360E-03 2.6313320E-03 2.7647950E-03 2.9062578E-03 3.0562885E-03 3.2155125E-03 3.3846004E-03 3.5642774E-03 3.7553331E-03 3.9586215E-03 4.1750576E-03 4.4056461E-03 4.6514557E-03 4.9136477E-03 5.1934607E-03 5.4922262E-03 5.8113593E-03 6.1523565E-03 6.5167891E-03 6.9062938E-03 7.3225391E-03 7.7672065E-03 8.2419468E-03 8.7483227E-03 9.2877503E-03 9.8614134E-03 1.0470183E-02 1.1114529E-02 1.1794502E-02 1.2509479E-02 1.3258056E-02 1.4038343E-02
1.2392694E-03 1.2826013E-03 1.3280860E-03 1.3758421E-03 1.4260054E-03 1.4787134E-03 1.5341132E-03 1.5923649E-03 1.6536431E-03 1.7181333E-03 1.7860294E-03 1.8575462E-03 1.9329159E-03 2.0123816E-03 2.0962104E-03 2.1846904E-03 2.2781268E-03 2.3768530E-03 2.4812331E-03 2.5916549E-03 2.7085438E-03 2.8323520E-03 2.9635797E-03 3.1027563E-03 3.2504727E-03 3.4073587E-03 3.5741054E-03 3.7514579E-03 3.9402335E-03 4.1413195E-03 4.3556779E-03 4.5843585E-03 4.8285052E-03 5.0893598E-03 5.3682709E-03 5.6666923E-03 5.9862086E-03 6.3285087E-03 6.6954172E-03 7.0888568E-03 7.5108693E-03 7.9635736E-03 8.4491335E-03 8.9697195E-03 9.5274430E-03 1.0124260E-02 1.0761883E-02 1.1441643E-02 1.2164373E-02 1.2930197E-02 1.3738611E-02 1.4588435E-02 1.5477434E-02
1.5435790E-03 1.5879313E-03 1.6345126E-03 1.6834479E-03 1.7348753E-03 1.7889404E-03 1.8458021E-03 1.9056292E-03 1.9686045E-03 2.0349226E-03 2.1047944E-03 2.1784429E-03 2.2561168E-03 2.3380809E-03 2.4246094E-03 2.5160229E-03 2.6126401E-03 2.7148256E-03 2.8229705E-03 2.9374924E-03 3.0588484E-03 3.1875381E-03 3.3240991E-03 3.4691193E-03 3.6232397E-03 3.7871569E-03 3.9616353E-03 4.1475035E-03 4.3456708E-03 4.5571346E-03 4.7829808E-03 5.0244024E-03 5.2827075E-03 5.5593206E-03 5.8558080E-03 6.1738766E-03 6.5153902E-03 6.8823793E-03 7.2770366E-03 7.7017355E-03 8.1590032E-03 8.6515183E-03 9.1820695E-03 9.7535076E-03 1.0368665E-02 1.1030250E-02 1.1740693E-02 1.2502009E-02 1.3315585E-02 1.4182093E-02 1.5101119E-02 1.6070966E-02 1.7089013E-02
1.8789518E-03 1.9243250E-03 1.9719999E-03 2.0221085E-03 2.0747995E-03 2.1302246E-03 2.1885491E-03 2.2499501E-03 2.3146239E-03 2.3827765E-03 2.4546287E-03 2.5304221E-03 2.6104134E-03 2.6948876E-03 2.7841423E-03 2.8785104E-03 2.9783421E-03 3.0840281E-03 3.1959780E-03 3.3146539E-03 3.4405463E-03 3.5741958E-03 3.7161876E-03 3.8671608E-03 4.0278225E-03 4.1989321E-03 4.3813363E-03 4.5759506E-03 4.7837868E-03 5.0059659E-03 5.2437005E-03 5.4983413E-03 5.7713785E-03 6.0644499E-03 6.3793641E-03 6.7181075E-03 7.0828861E-03 7.4761058E-03 7.9004224E-03 8.3587207E-03 8.8541526E-03 9.3900897E-03 9.9701229E-03 1.0597991E-02 1.1277505E-02 1.2012394E-02 1.2806130E-02 1.3661664E-02 1.4581172E-02 1.5565653E-02 1.6614929E-02 1.7727507E-02 1.8900083E-02
2.2491754E-03 2.2955625E-03 2.3443263E-03 2.3956033E-03 2.4495532E-03 2.5063334E-03 2.5661152E-03 2.6290931E-03 2.6954671E-03 2.7654513E-03 2.8392901E-03 2.9172280E-03 2.9995462E-03 3.0865392E-03 3.1785353E-03 3.2758771E-03 3.3789473E-03 3.4881537E-03 3.6039550E-03 3.7268265E-03 3.8573118E-03 3.9959862E-03 4.1434960E-03 4.3005231E-03 4.4678440E-03 4.6462910E-03 4.8367972E-03 5.0403718E-03 5.2581290E-03 5.4913252E-03 5.7413224E-03 6.0096383E-03 6.2979595E-03 6.6081621E-03 6.9423262E-03 7.3027634E-03 7.6920516E-03 8.1130583E-03 8.5689630E-03 9.0632914E-03 9.5999334E-03 1.0183146E-02 1.0817541E-02 1.1508034E-02 1.2259752E-02 1.3077867E-02 1.3967323E-02 1.4932502E-02 1.5976794E-02 1.7102258E-02 1.8308939E-02 1.9594515E-02 2.0954736E-02
2.6582975E-03 2.7056902E-03 2.7555320E-03 2.8079755E-03 2.8631799E-03 2.9213082E-03 2.9825449E-03 3.0470907E-03 3.1151604E-03 3.1869761E-03 3.2627969E-03 3.3428830E-03 3.4275299E-03 3.5170494E-03 3.6117907E-03 3.7121209E-03 3.8184430E-03 3.9312001E-03 4.0508695E-03 4.1779741E-03 4.3130959E-03 4.4568568E-03 4.6099401E-03 4.7731115E-03 4.9471967E-03 5.1331054E-03 5.3318674E-03 5.5445856E-03 5.7725008E-03 6.0169920E-03 6.2795938E-03 6.5620001E-03 6.8661249E-03 7.1940920E-03 7.5482889E-03 7.9313908E-03 8.3464142E-03 8.7967338E-03 9.2861652E-03 9.8189833E-03 1.0399989E-02 1.1034525E-02 1.1728532E-02 1.2488472E-02 1.3321284E-02 1.4234159E-02 1.5234228E-02 1.6328000E-02 1.7520702E-02 1.8815389E-02 2.0212555E-02 2.1709770E-02 2.3301031E-02
3.1106102E-03 3.1589996E-03 3.2099150E-03 3.2635124E-03 3.3199568E-03 3.3794243E-03 3.4421072E-03 3.5082139E-03 3.5779683E-03 3.6516108E-03 3.7294065E-03 3.8116360E-03 3.8986045E-03 3.9906506E-03 4.0881392E-03 4.1914578E-03 4.3010409E-03 4.4173533E-03 4.5409109E-03 4.6722763E-03 4.8120618E-03 4.9609402E-03 5.1196641E-03 5.2890326E-03 5.4699648E-03 5.6634424E-03 5.8705849E-03 6.0926075E-03 6.3308743E-03 6.5869088E-03 6.8624131E-03 7.1592904E-03 7.4796798E-03 7.8259921E-03 8.2009500E-03 8.6076343E-03 9.0495478E-03 9.5306551E-03 1.0055500E-02 1.0629249E-02 1.1257801E-02 1.1947866E-02 1.2707043E-02 1.3543863E-02 1.4467740E-02 1.5488790E-02 1.6617393E-02 1.7863447E-02 1.9235220E-02 2.0738162E-02 2.2373231E-02 2.4136018E-02 2.6017563E-02
