T4-twomodels-1/GL1.grd
DSAA
         100         100
  -15.00000       15.00000    
  -15.00000       15.00000    
 -1.5517208E-03  0.3041820    
[rows 24 to 47 of 100, columns 0 to 52 of 100]
3.6104012E-03 3.6597759E-03 3.7117561E-03 3.7664918E-03 3.8241667E-03 3.8849632E-03 3.9490745E-03 4.0167295E-03 4.0881550E-03 4.1636112E-03 4.2433739E-03 4.3277321E-03 4.4170152E-03 4.5115827E-03 4.6118018E-03 4.7181100E-03 4.8309457E-03 4.9508200E-03 5.0782738E-03 5.2139037E-03 5.3583723E-03 5.5124019E-03 5.6767869E-03 5.8524106E-03 6.0402425E-03 6.2413649E-03 6.4569917E-03 6.6884486E-03 6.9372258E-03 7.2050090E-03 7.4936762E-03 7.8053414E-03 8.1424033E-03 8.5075758E-03 8.9039505E-03 9.3350420E-03 9.8049063E-03 1.0318182E-02 1.0880238E-02 1.1497278E-02 1.2176514E-02 1.2926324E-02 1.3756433E-02 1.4678065E-02 1.5704064E-02 1.6848763E-02 1.8127579E-02 1.9555859E-02 2.1147020E-02 2.2909712E-02 2.4845647E-02 2.6948338E-02 2.9202782E-02
4.1616471E-03 4.2119944E-03 4.2650173E-03 4.3208804E-03 4.3797744E-03 4.4418774E-03 4.5074061E-03 4.5765946E-03 4.6496806E-03 4.7269310E-03 4.8086387E-03 4.8951101E-03 4.9866955E-03 5.0837579E-03 5.1867035E-03 5.2959793E-03 5.4120659E-03 5.5354866E-03 5.6668292E-03 5.8067217E-03 5.9558763E-03 6.1150566E-03 6.2851273E-03 6.4670239E-03 6.6618007E-03 6.8706195E-03 7.0947977E-03 7.3357797E-03 7.5951922E-03 7.8748763E-03 8.1769060E-03 8.5036214E-03 8.8576917E-03 9.2421584E-03 9.6605020E-03 1.0116727E-02 1.0615488E-02 1.1162159E-02 1.1763050E-02 1.2425567E-02 1.3158463E-02 1.3972118E-02 1.4878900E-02 1.5893564E-02 1.7033605E-02 1.8319534E-02 1.9774612E-02 2.1423535E-02 2.3289222E-02 2.5387591E-02 2.7721018E-02 3.0275302E-02 3.3023145E-02
4.7672624E-03 4.8185620E-03 4.8726187E-03 4.9295877E-03 4.9896818E-03 5.0530760E-03 5.1200022E-03 5.1907017E-03 5.2654259E-03 5.3444463E-03 5.4280832E-03 5.5166488E-03 5.6105079E-03 5.7100458E-03 5.8156941E-03 5.9279231E-03 6.0472279E-03 6.1741816E-03 6.3093882E-03 6.4535374E-03 6.6073602E-03 6.7716851E-03 6.9474312E-03 7.1356026E-03 7.3373378E-03 7.5538754E-03 7.7866423E-03 8.0371974E-03 8.3073219E-03 8.5990205E-03 8.9145610E-03 9.2565184E-03 9.6278545E-03 1.0031944E-02 1.0472703E-02 1.0954646E-02 1.1483079E-02 1.2064178E-02 1.2705310E-02 1.3415225E-02 1.4204438E-02 1.5085697E-02 1.6074615E-02 1.7190369E-02 1.8456774E-02 1.9903174E-02 2.1565262E-02 2.3484079E-02 2.5701132E-02 2.8246230E-02 3.1122342E-02 3.4298845E-02 3.7720226E-02
5.4278681E-03 5.4801092E-03 5.5351742E-03 5.5932333E-03 5.6544919E-03 5.7191709E-03 5.7874620E-03 5.8596474E-03 5.9359819E-03 6.0167564E-03 6.1022844E-03 6.1929147E-03 6.2890141E-03 6.3910028E-03 6.4993240E-03 6.6144718E-03 6.7369682E-03 6.8674153E-03 7.0064669E-03 7.1548298E-03 7.3132901E-03 7.4827340E-03 7.6641324E-03 7.8585623E-03 8.0672260E-03 8.2914792E-03 8.5328314E-03 8.7929862E-03 9.0738442E-03 9.3776034E-03 9.7067337E-03 1.0064053E-02 1.0452805E-02 1.0876756E-02 1.1340230E-02 1.1848322E-02 1.2406986E-02 1.3023322E-02 1.3705790E-02 1.4464638E-02 1.5312345E-02 1.6264401E-02 1.7340180E-02 1.8564370E-02 1.9968849E-02 2.1595381E-02 2.3498740E-02 2.5749063E-02 2.8426951E-02 3.1598266E-02 3.5264391E-02 3.9342292E-02 4.3710470E-02
6.1389082E-03 6.1920565E-03 6.2481118E-03 6.3072336E-03 6.3696508E-03 6.4355596E-03 6.5052062E-03 6.5788408E-03 6.6567608E-03 6.7392522E-03 6.8266513E-03 6.9193048E-03 7.0176143E-03 7.1220151E-03 7.2329715E-03 7.3509859E-03 7.4766329E-03 7.6105343E-03 7.7533717E-03 7.9059079E-03 8.0689611E-03 8.2434826E-03 8.4304856E-03 8.6311121E-03 8.8466713E-03 9.0785874E-03 9.3284883E-03 9.5982067E-03 9.8897796E-03 1.0205596E-02 1.0548315E-02 1.0921026E-02 1.1327266E-02 1.1771172E-02 1.2257527E-02 1.2791997E-02 1.3381260E-02 1.4033332E-02 1.4757859E-02 1.5566692E-02 1.6474448E-02 1.7499626E-02 1.8665845E-02 2.0004230E-02 2.1556476E-02 2.3380553E-02 2.5558680E-02 2.8209863E-02 3.1495783E-02 3.5575237E-02 4.0441301E-02 4.5857754E-02 5.1554691E-02
6.8852720E-03 6.9393339E-03 6.9963359E-03 7.0565077E-03 7.1200365E-03 7.1871770E-03 7.2581181E-03 7.3332023E-03 7.4126446E-03 7.4968343E-03 7.5860401E-03 7.6807053E-03 7.7811591E-03 7.8879399E-03 8.0014439E-03 8.1223203E-03 8.2510412E-03 8.3883628E-03 8.5349139E-03 8.6915717E-03 8.8591259E-03 9.0386719E-03 9.2311827E-03 9.4379866E-03 9.6603259E-03 9.8998658E-03 1.0158206E-02 1.0437443E-02 1.0739617E-02 1.1067459E-02 1.1423660E-02 1.1811752E-02 1.2235370E-02 1.2699277E-02 1.3208452E-02 1.3769412E-02 1.4389282E-02 1.5077366E-02 1.5844151E-02 1.6703580E-02 1.7672010E-02 1.8771697E-02 2.0030173E-02 2.1486312E-02 2.3191979E-02 2.5225263E-02 2.7701607E-02 3.0811245E-02 3.4854423E-02 4.0204272E-02 4.6827469E-02 5.4103684E-02 6.1514918E-02
7.6364353E-03 7.6913801E-03 7.7492986E-03 7.8105056E-03 7.8750970E-03 7.9434486E-03 8.0156429E-03 8.0921436E-03 8.1730671E-03 8.2589174E-03 8.3498741E-03 8.4465062E-03 8.5490458E-03 8.6581698E-03 8.7741688E-03 8.8978484E-03 9.0295579E-03 9.1702333E-03 9.3204081E-03 9.4811516E-03 9.6531054E-03 9.8376162E-03 1.0035515E-02 1.0248406E-02 1.0477407E-02 1.0724479E-02 1.0991113E-02 1.1279785E-02 1.1592397E-02 1.1932168E-02 1.2301659E-02 1.2705032E-02 1.3145843E-02 1.3629605E-02 1.4161396E-02 1.4748734E-02 1.5398989E-02 1.6122969E-02 1.6931806E-02 1.7841756E-02 1.8870721E-02 2.0044951E-02 2.1395683E-02 2.2970023E-02 2.4829768E-02 2.7074190E-02 2.9852806E-02 3.3432513E-02 3.8266890E-02 4.4981662E-02 5.3510934E-02 6.2776126E-02 7.1988545E-02
8.3577093E-03 8.4135085E-03 8.4723225E-03 8.5345162E-03 8.6001642E-03 8.6696614E-03 8.7431008E-03 8.8209435E-03 8.9033283E-03 8.9907721E-03 9.0834629E-03 9.1819903E-03 9.2865732E-03 9.3979603E-03 9.5164087E-03 9.6427957E-03 9.7774416E-03 9.9213952E-03 1.0075117E-02 1.0239805E-02 1.0416093E-02 1.0605427E-02 1.0808642E-02 1.1027443E-02 1.1263014E-02 1.1517446E-02 1.1792256E-02 1.2090135E-02 1.2413060E-02 1.2764481E-02 1.3147124E-02 1.3565439E-02 1.4023256E-02 1.4526523E-02 1.5080653E-02 1.5693901E-02 1.6374217E-02 1.7133465E-02 1.7983865E-02 1.8943425E-02 2.0032091E-02 2.1279389E-02 2.2720752E-02 2.4410212E-02 2.6419729E-02 2.8866397E-02 3.1930108E-02 3.5936002E-02 4.1442085E-02 4.9210396E-02 5.9160609E-02 6.9979735E-02 8.0687806E-02
9.0278741E-03 9.0844985E-03 9.1441851E-03 9.2073167E-03 9.2739845E-03 9.3445983E-03 9.4192186E-03 9.4983745E-03 9.5821703E-03 9.6711600E-03 9.7655151E-03 9.8658754E-03 9.9724466E-03 1.0086013E-02 1.0206848E-02 1.0335842E-02 1.0473363E-02 1.0620475E-02 1.0777677E-02 1.0946182E-02 1.1126702E-02 1.1320710E-02 1.1529105E-02 1.1753685E-02 1.1995656E-02 1.2257234E-02 1.2540070E-02 1.2846914E-02 1.3179915E-02 1.3542709E-02 1.3938225E-02 1.4371160E-02 1.4845593E-02 1.5367900E-02 1.5943928E-02 1.6582457E-02 1.7292149E-02 1.8085785E-02 1.8976713E-02 1.9984512E-02 2.1131115E-02 2.2448948E-02 2.3977395E-02 2.5776399E-02 2.7926724E-02 3.0559413E-02 3.3876669E-02 3.8239904E-02 4.4259794E-02 5.2750677E-02 6.3628875E-02 7.5501367E-02 8.7295361E-02
9.6389139E-03 9.6963104E-03 9.7568305E-03 9.8208841E-03 9.8885167E-03 9.9602109E-03 1.0035978E-02 1.0116398E-02 1.0201548E-02 1.0292029E-02 1.0387982E-02 1.0490105E-02 1.0598599E-02 1.0714268E-02 1.0837402E-02 1.0968932E-02 1.1109213E-02 1.1259384E-02 1.1419936E-02 1.1592152E-02 1.1776756E-02 1.1975307E-02 1.2188713E-02 1.2418882E-02 1.2667076E-02 1.2935599E-02 1.3226183E-02 1.3541737E-02 1.3884530E-02 1.4258378E-02 1.4666380E-02 1.5113481E-02 1.5604075E-02 1.6144862E-02 1.6742112E-02 1.7405141E-02 1.8143278E-02 1.8970145E-02 1.9900139E-02 2.0954262E-02 2.2156326E-02 2.3541229E-02 2.5151826E-02 2.7052917E-02 2.9332280E-02 3.2131132E-02 3.5666518E-02 4.0320430E-02 4.6728514E-02 5.5725101E-02 6.7226611E-02 7.9814121E-02 9.2375204E-02
1.0189740E-02 1.0247878E-02 1.0309196E-02 1.0374112E-02 1.0442708E-02 1.0515407E-02 1.0592281E-02 1.0673890E-02 1.0760340E-02 1.0852238E-02 1.0949768E-02 1.1053567E-02 1.1163915E-02 1.1281593E-02 1.1406951E-02 1.1540888E-02 1.1683841E-02 1.1836930E-02 1.2000723E-02 1.2176492E-02 1.2365060E-02 1.2567959E-02 1.2786207E-02 1.3021761E-02 1.3275938E-02 1.3551149E-02 1.3849233E-02 1.4173181E-02 1.4525432E-02 1.4909920E-02 1.5329987E-02 1.5790746E-02 1.6296916E-02 1.6855486E-02 1.7473157E-02 1.8159728E-02 1.8925160E-02 1.9783802E-02 2.0751072E-02 2.1849208E-02 2.3103662E-02 2.4551468E-02 2.6238378E-02 2.8233044E-02 3.0628541E-02 3.3573218E-02 3.7293576E-02 4.2183235E-02 4.8890200E-02 5.8258161E-02 7.0204243E-02 8.3299011E-02 9.6413195E-02
1.0682460E-02 1.0741306E-02 1.0803384E-02 1.0869140E-02 1.0938596E-02 1.1012286E-02 1.1090195E-02 1.1172958E-02 1.1260649E-02 1.1353912E-02 1.1452893E-02 1.1558311E-02 1.1670427E-02 1.1790032E-02 1.1917498E-02 1.2053759E-02 1.2199261E-02 1.2355149E-02 1.2522014E-02 1.2701214E-02 1.2893531E-02 1.3100614E-02 1.3323508E-02 1.3564206E-02 1.3824128E-02 1.4105761E-02 1.4411006E-02 1.4743008E-02 1.5104306E-02 1.5499006E-02 1.5930600E-02 1.6404457E-02 1.6925512E-02 1.7501093E-02 1.8138234E-02 1.8847246E-02 1.9638596E-02 2.0527372E-02 2.1529851E-02 2.2669353E-02 2.3972727E-02 2.5478844E-02 2.7235737E-02 2.9315088E-02 3.1813849E-02 3.4885284E-02 3.8761888E-02 4.3844040E-02 5.0786231E-02 6.0436465E-02 7.2712615E-02 8.6181946E-02 9.9707142E-02
1.1120644E-02 1.1180148E-02 1.1242955E-02 1.1309476E-02 1.1379786E-02 1.1454369E-02 1.1533304E-02 1.1617133E-02 1.1706013E-02 1.1800542E-02 1.1900932E-02 1.2007865E-02 1.2121651E-02 1.2243089E-02 1.2372549E-02 1.2511015E-02 1.2658932E-02 1.2817472E-02 1.2987285E-02 1.3169719E-02 1.3365629E-02 1.3576674E-02 1.3803981E-02 1.4049586E-02 1.4314973E-02 1.4602700E-02 1.4914778E-02 1.5254423E-02 1.5624346E-02 1.6028738E-02 1.6471293E-02 1.6957588E-02 1.7492769E-02 1.8084459E-02 1.8740045E-02 1.9470226E-02 2.0286024E-02 2.1203071E-02 2.2238467E-02 2.3416476E-02 2.4765095E-02 2.6324652E-02 2.8145086E-02 3.0300332E-02 3.2890186E-02 3.6071256E-02 4.0079951E-02 4.5320742E-02 5.2451812E-02 6.2324055E-02 7.4855909E-02 8.8612236E-02 0.1024519
1.1508288E-02 1.1568410E-02 1.1631893E-02 1.1699160E-02 1.1770265E-02 1.1845702E-02 1.1925568E-02 1.2010424E-02 1.2100413E-02 1.2196141E-02 1.2297838E-02 1.2406233E-02 1.2521568E-02 1.2644735E-02 1.2776083E-02 1.2916624E-02 1.3066818E-02 1.3227861E-02 1.3400435E-02 1.3585938E-02 1.3785216E-02 1.4000024E-02 1.4231486E-02 1.4481732E-02 1.4752273E-02 1.5045755E-02 1.5364280E-02 1.5711185E-02 1.6089203E-02 1.6502753E-02 1.6955657E-02 1.7453654E-02 1.8002126E-02 1.8608948E-02 1.9281836E-02 2.0031851E-02 2.0870430E-02 2.1813804E-02 2.2879697E-02 2.4093175E-02 2.5483219E-02 2.7091373E-02 2.8968969E-02 3.1191731E-02 3.3861458E-02 3.7137162E-02 4.1257761E-02 4.6630286E-02 5.3915169E-02 6.3964568E-02 7.6697424E-02 9.0678334E-02 0.1047640
1.1849550E-02 1.1910255E-02 1.1974364E-02 1.2042312E-02 1.2114161E-02 1.2190403E-02 1.2271123E-02 1.2356950E-02 1.2447956E-02 1.2544832E-02 1.2647755E-02 1.2757492E-02 1.2874297E-02 1.2999065E-02 1.3132182E-02 1.3274666E-02 1.3426983E-02 1.3590391E-02 1.3765554E-02 1.3953924E-02 1.4156369E-02 1.4374682E-02 1.4610036E-02 1.4864618E-02 1.5140006E-02 1.5438876E-02 1.5763439E-02 1.6117092E-02 1.6502721E-02 1.6924847E-02 1.7387394E-02 1.7896328E-02 1.8457197E-02 1.9078124E-02 1.9767085E-02 2.0535469E-02 2.1395143E-02 2.2362774E-02 2.3456644E-02 2.4702508E-02 2.6130151E-02 2.7782058E-02 2.9710704E-02 3.1993106E-02 3.4732584E-02 3.8089801E-02 4.2305365E-02 4.7788013E-02 5.5199642E-02 6.5393642E-02 7.8289241E-02 9.2450030E-02 0.1067316
1.2148350E-02 1.2209613E-02 1.2274293E-02 1.2342874E-02 1.2415405E-02 1.2492386E-02 1.2573937E-02 1.2660624E-02 1.2752584E-02 1.2850489E-02 1.2954566E-02 1.3065540E-02 1.3183712E-02 1.3309976E-02 1.3444717E-02 1.3588980E-02 1.3743287E-02 1.3908880E-02 1.4086441E-02 1.4277454E-02 1.4482845E-02 1.4704418E-02 1.4943389E-02 1.5201995E-02 1.5481853E-02 1.5785750E-02 1.6115893E-02 1.6475825E-02 1.6868513E-02 1.7298553E-02 1.7770043E-02 1.8289087E-02 1.8861398E-02 1.9495331E-02 2.0199073E-02 2.0984333E-02 2.1863312E-02 2.2853065E-02 2.3972370E-02 2.5247512E-02 2.6708959E-02 2.8399946E-02 3.0373812E-02 3.2708600E-02 3.5508711E-02 3.8935952E-02 4.3232173E-02 4.8807215E-02 5.6323878E-02 6.6635966E-02 7.9662994E-02 9.3968838E-02 0.1084083
1.2408349E-02 1.2470091E-02 1.2535318E-02 1.2604473E-02 1.2677627E-02 1.2755288E-02 1.2837579E-02 1.2925062E-02 1.3017915E-02 1.3116784E-02 1.3221884E-02 1.3334000E-02 1.3453413E-02 1.3581042E-02 1.3717292E-02 1.3863211E-02 1.4019333E-02 1.4186911E-02 1.4366680E-02 1.4560126E-02 1.4768218E-02 1.4992776E-02 1.5235073E-02 1.5497353E-02 1.5781345E-02 1.6089814E-02 1.6425112E-02 1.6790790E-02 1.7189929E-02 1.7627236E-02 1.8106909E-02 1.8635184E-02 1.9217949E-02 1.9863723E-02 2.0580936E-02 2.1381520E-02 2.2277972E-02 2.3287704E-02 2.4429860E-02 2.5731212E-02 2.7222773E-02 2.8948324E-02 3.0961951E-02 3.3342402E-02 3.6194913E-02 3.9682154E-02 4.4046789E-02 4.9699429E-02 5.7303593E-02 6.7713715E-02 8.0849446E-02 9.5274046E-02 0.1098419
1.2632769E-02 1.2694946E-02 1.2760657E-02 1.2830318E-02 1.2904059E-02 1.2982329E-02 1.3065289E-02 1.3153488E-02 1.3247130E-02 1.3346854E-02 1.3452915E-02 1.3566053E-02 1.3686615E-02 1.3815471E-02 1.3953079E-02 1.4100489E-02 1.4258248E-02 1.4427640E-02 1.4609399E-02 1.4805050E-02 1.5015591E-02 1.5242858E-02 1.5488178E-02 1.5753789E-02 1.6041508E-02 1.6354136E-02 1.6694084E-02 1.7064977E-02 1.7469959E-02 1.7913820E-02 1.8400898E-02 1.8937506E-02 1.9529695E-02 2.0186119E-02 2.0915441E-02 2.1729764E-02 2.2641843E-02 2.3669373E-02 2.4831854E-02 2.6156405E-02 2.7674453E-02 2.9430298E-02 3.1478539E-02 3.3898488E-02 3.6796000E-02 4.0334318E-02 4.4756792E-02 5.0474498E-02 5.8151402E-02 6.8642013E-02 8.1866182E-02 9.6387513E-02 0.1110600
1.2824463E-02 1.2887040E-02 1.2953177E-02 1.3023313E-02 1.3097534E-02 1.3176376E-02 1.3259910E-02 1.3348784E-02 1.3443125E-02 1.3543614E-02 1.3650507E-02 1.3764581E-02 1.3886123E-02 1.4016097E-02 1.4154916E-02 1.4303661E-02 1.4462874E-02 1.4633877E-02 1.4817425E-02 1.5015057E-02 1.5227762E-02 1.5457458E-02 1.5705453E-02 1.5974067E-02 1.6265109E-02 1.6581442E-02 1.6925527E-02 1.7301068E-02 1.7711250E-02 1.8160960E-02 1.8654622E-02 1.9198626E-02 1.9799184E-02 2.0465063E-02 2.1205077E-02 2.2031531E-02 2.2957377E-02 2.4000561E-02 2.5180832E-02 2.6525624E-02 2.8066706E-02 2.9848745E-02 3.1926747E-02 3.4380488E-02 3.7316240E-02 4.0897749E-02 4.5368750E-02 5.1140748E-02 5.8878031E-02 6.9435544E-02 8.2733154E-02 9.7333975E-02 0.1120918
1.2985897E-02 1.3048816E-02 1.3115315E-02 1.3185861E-02 1.3260539E-02 1.3339845E-02 1.3423910E-02 1.3513325E-02 1.3608287E-02 1.3709452E-02 1.3817094E-02 1.3931956E-02 1.4054394E-02 1.4185336E-02 1.4325215E-02 1.4475113E-02 1.4635618E-02 1.4808041E-02 1.4993140E-02 1.5192496E-02 1.5407117E-02 1.5638920E-02 1.5889253E-02 1.6160483E-02 1.6454428E-02 1.6774012E-02 1.7121743E-02 1.7501334E-02 1.7916057E-02 1.8370876E-02 1.8870272E-02 1.9420737E-02 2.0028571E-02 2.0702681E-02 2.1451982E-02 2.2288959E-02 2.3226693E-02 2.4283381E-02 2.5478963E-02 2.6841113E-02 2.8401863E-02 3.0206194E-02 3.2309435E-02 3.4791656E-02 3.7759520E-02 4.1377053E-02 4.5888349E-02 5.1705174E-02 5.9492007E-02 7.0103742E-02 8.3460353E-02 9.8125309E-02 0.1129523
1.3119151E-02 1.3182363E-02 1.3249200E-02 1.3320084E-02 1.3395130E-02 1.3474864E-02 1.3559354E-02 1.3649265E-02 1.3744744E-02 1.3846491E-02 1.3954749E-02 1.4070305E-02 1.4193499E-02 1.4325241E-02 1.4466028E-02 1.4616918E-02 1.4778537E-02 1.4952144E-02 1.5138580E-02 1.5339408E-02 1.5555646E-02 1.5789265E-02 1.6041609E-02 1.6315063E-02 1.6611483E-02 1.6933851E-02 1.7284648E-02 1.7667698E-02 1.8086299E-02 1.8545464E-02 1.9049734E-02 1.9605692E-02 2.0219717E-02 2.0900790E-02 2.1657970E-02 2.2503830E-02 2.3451634E-02 2.4519693E-02 2.5728118E-02 2.7104810E-02 2.8682010E-02 3.0504912E-02 3.2629080E-02 3.5134841E-02 3.8129102E-02 4.1776184E-02 4.6320342E-02 5.2173585E-02 6.0000598E-02 7.0656545E-02 8.4061407E-02 9.8778158E-02 0.1136605
1.3225926E-02 1.3289397E-02 1.3356482E-02 1.3427651E-02 1.3503010E-02 1.3583062E-02 1.3667927E-02 1.3758231E-02 1.3854148E-02 1.3956361E-02 1.4065132E-02 1.4181254E-02 1.4305062E-02 1.4437495E-02 1.4579021E-02 1.4730741E-02 1.4893241E-02 1.5067859E-02 1.5255391E-02 1.5457418E-02 1.5675014E-02 1.5910100E-02 1.6164109E-02 1.6439389E-02 1.6737854E-02 1.7062504E-02 1.7415846E-02 1.7801737E-02 1.8223532E-02 1.8686259E-02 1.9194545E-02 1.9755002E-02 2.0374101E-02 2.1060906E-02 2.1824526E-02 2.2677654E-02 2.3633663E-02 2.4710968E-02 2.5929874E-02 2.7318366E-02 2.8908866E-02 3.0746758E-02 3.2887757E-02 3.5412408E-02 3.8427789E-02 4.2098377E-02 4.6668645E-02 5.2550718E-02 6.0409337E-02 7.1099587E-02 8.4541492E-02 9.9298440E-02 0.1142239
1.3307596E-02 1.3371256E-02 1.3438547E-02 1.3509952E-02 1.3585541E-02 1.3665843E-02 1.3751000E-02 1.3841617E-02 1.3937888E-02 1.4040463E-02 1.4149641E-02 1.4266203E-02 1.4390504E-02 1.4523445E-02 1.4665566E-02 1.4817921E-02 1.4981112E-02 1.5156515E-02 1.5344908E-02 1.5547883E-02 1.5766514E-02 1.6002776E-02 1.6258057E-02 1.6534785E-02 1.6834857E-02 1.7161274E-02 1.7516613E-02 1.7904723E-02 1.8329002E-02 1.8794518E-02 1.9305935E-02 1.9869918E-02 2.0492969E-02 2.1184215E-02 2.1952856E-02 2.2811633E-02 2.3774007E-02 2.4858501E-02 2.6085490E-02 2.7483094E-02 2.9083861E-02 3.0933270E-02 3.3087190E-02 3.5626289E-02 3.8657796E-02 4.2346317E-02 4.6936393E-02 5.2840292E-02 6.0722880E-02 7.1439438E-02 8.4909990E-02 9.9697500E-02 0.1146554
1.3365204E-02 1.3429000E-02 1.3496425E-02 1.3567984E-02 1.3643759E-02 1.3724251E-02 1.3809616E-02 1.3900442E-02 1.3996959E-02 1.4099787E-02 1.4209273E-02 1.4326132E-02 1.4450768E-02 1.4584123E-02 1.4726635E-02 1.4879450E-02 1.5043164E-02 1.5219111E-02 1.5408116E-02 1.5611772E-02 1.5831172E-02 1.6068259E-02 1.6324479E-02 1.6602222E-02 1.6903443E-02 1.7231142E-02 1.7587906E-02 1.7977603E-02 1.8403675E-02 1.8871186E-02 1.9384835E-02 1.9951338E-02 2.0577215E-02 2.1271652E-02 2.2043863E-02 2.2906672E-02 2.3873599E-02 2.4963198E-02 2.6195949E-02 2.7600029E-02 2.9208058E-02 3.1065637E-02 3.3228695E-02 3.5778008E-02 3.8820852E-02 4.2521961E-02 4.7125962E-02 5.3045146E-02 6.0944419E-02 7.1678922E-02 8.5168689E-02 9.9977113E-02 0.1149574
