T4-twomodels-1/GL1.grd
DSAA
         100         100
  -15.00000       15.00000    
  -15.00000       15.00000    
 -1.5517208E-03  0.3041820    
[rows 72 to 95 of 100, columns 0 to 52 of 100]
4.7672689E-03 4.8185699E-03 4.8726234E-03 4.9295961E-03 4.9896874E-03 5.0530778E-03 5.1200064E-03 5.1906984E-03 5.2654180E-03 5.3444472E-03 5.4280804E-03 5.5166478E-03 5.6105047E-03 5.7100477E-03 5.8156978E-03 5.9279217E-03 6.0472297E-03 6.1741830E-03 6.3093882E-03 6.4535346E-03 6.6073611E-03 6.7716883E-03 6.9474364E-03 7.1356073E-03 7.3373369E-03 7.5538754E-03 7.7866409E-03 8.0371955E-03 8.3073201E-03 8.5990177E-03 8.9145619E-03 9.2565203E-03 9.6278572E-03 1.0031947E-02 1.0472704E-02 1.0954648E-02 1.1483076E-02 1.2064176E-02 1.2705314E-02 1.3415220E-02 1.4204437E-02 1.5085695E-02 1.6074611E-02 1.7190369E-02 1.8456770E-02 1.9903172E-02 2.1565266E-02 2.3484075E-02 2.5701124E-02 2.8246224E-02 3.1122336E-02 3.4298845E-02 3.7720229E-02
4.1616508E-03 4.2119981E-03 4.2650229E-03 4.3208837E-03 4.3797763E-03 4.4418755E-03 4.5074099E-03 4.5765890E-03 4.6496755E-03 4.7269259E-03 4.8086368E-03 4.8951139E-03 4.9866941E-03 5.0837533E-03 5.1867031E-03 5.2959779E-03 5.4120640E-03 5.5354829E-03 5.6668255E-03 5.8067259E-03 5.9558740E-03 6.1150570E-03 6.2851286E-03 6.4670220E-03 6.6617946E-03 6.8706167E-03 7.0947874E-03 7.3357732E-03 7.5951829E-03 7.8748669E-03 8.1769032E-03 8.5036214E-03 8.8576898E-03 9.2421547E-03 9.6604992E-03 1.0116728E-02 1.0615488E-02 1.1162153E-02 1.1763048E-02 1.2425566E-02 1.3158462E-02 1.3972117E-02 1.4878904E-02 1.5893567E-02 1.7033610E-02 1.8319534E-02 1.9774616E-02 2.1423543E-02 2.3289226E-02 2.5387594E-02 2.7721029E-02 3.0275321E-02 3.3023167E-02
3.6104119E-03 3.6597878E-03 3.7117663E-03 3.7664995E-03 3.8241737E-03 3.8849660E-03 3.9490778E-03 4.0167314E-03 4.0881569E-03 4.1636112E-03 4.2433767E-03 4.3277340E-03 4.4170171E-03 4.5115785E-03 4.6117990E-03 4.7181058E-03 4.8309406E-03 4.9508135E-03 5.0782673E-03 5.2139005E-03 5.3583682E-03 5.5123959E-03 5.6767804E-03 5.8524008E-03 6.0402313E-03 6.2413537E-03 6.4569786E-03 6.6884346E-03 6.9372104E-03 7.2049922E-03 7.4936608E-03 7.8053293E-03 8.1423894E-03 8.5075628E-03 8.9039393E-03 9.3350299E-03 9.8048970E-03 1.0318168E-02 1.0880223E-02 1.1497263E-02 1.2176502E-02 1.2926309E-02 1.3756423E-02 1.4678057E-02 1.5704054E-02 1.6848752E-02 1.8127566E-02 1.9555848E-02 2.1147005E-02 2.2909693E-02 2.4845632E-02 2.6948329E-02 2.9202774E-02
3.1106186E-03 3.1590108E-03 3.2099264E-03 3.2635191E-03 3.3199643E-03 3.3794304E-03 3.4421063E-03 3.5082116E-03 3.5779674E-03 3.6516106E-03 3.7294102E-03 3.8116351E-03 3.8986092E-03 3.9906502E-03 4.0881387E-03 4.1914554E-03 4.3010362E-03 4.4173487E-03 4.5409077E-03 4.6722703E-03 4.8120576E-03 4.9609360E-03 5.1196516E-03 5.2890242E-03 5.4699546E-03 5.6634299E-03 5.8705714E-03 6.0925917E-03 6.3308571E-03 6.5868921E-03 6.8623982E-03 7.1592736E-03 7.4796616E-03 7.8259772E-03 8.2009379E-03 8.6076185E-03 9.0495311E-03 9.5306365E-03 1.0055481E-02 1.0629233E-02 1.1257784E-02 1.1947850E-02 1.2707030E-02 1.3543853E-02 1.4467731E-02 1.5488779E-02 1.6617384E-02 1.7863434E-02 1.9235205E-02 2.0738149E-02 2.2373218E-02 2.4136009E-02 2.6017560E-02
2.6583017E-03 2.7056958E-03 2.7555421E-03 2.8079811E-03 2.8631818E-03 2.9213082E-03 2.9825417E-03 3.0470868E-03 3.1151536E-03 3.1869707E-03 3.2627946E-03 3.3428806E-03 3.4275278E-03 3.5170484E-03 3.6117842E-03 3.7121158E-03 3.8184368E-03 3.9311913E-03 4.0508634E-03 4.1779685E-03 4.3130904E-03 4.4568479E-03 4.6099313E-03 4.7731004E-03 4.9471818E-03 5.1330901E-03 5.3318492E-03 5.5445656E-03 5.7724817E-03 6.0169748E-03 6.2795738E-03 6.5619824E-03 6.8661068E-03 7.1940757E-03 7.5482740E-03 7.9313731E-03 8.3463974E-03 8.7967152E-03 9.2861438E-03 9.8189600E-03 1.0399967E-02 1.1034508E-02 1.1728515E-02 1.2488456E-02 1.3321273E-02 1.4234144E-02 1.5234211E-02 1.6327981E-02 1.7520679E-02 1.8815365E-02 2.0212537E-02 2.1709753E-02 2.3301017E-02
2.2491796E-03 2.2955665E-03 2.3443305E-03 2.3956082E-03 2.4495563E-03 2.5063334E-03 2.5661152E-03 2.6290885E-03 2.6954606E-03 2.7654497E-03 2.8392870E-03 2.9172278E-03 2.9995462E-03 3.0865399E-03 3.1785334E-03 3.2758759E-03 3.3789414E-03 3.4881528E-03 3.6039504E-03 3.7268249E-03 3.8573069E-03 3.9959834E-03 4.1434905E-03 4.3005166E-03 4.4678366E-03 4.6462812E-03 4.8367861E-03 5.0403588E-03 5.2581183E-03 5.4913131E-03 5.7413117E-03 6.0096271E-03 6.2979502E-03 6.6081556E-03 6.9423201E-03 7.3027541E-03 7.6920427E-03 8.1130452E-03 8.5689537E-03 9.0632802E-03 9.5999232E-03 1.0183136E-02 1.0817532E-02 1.1508028E-02 1.2259748E-02 1.3077862E-02 1.3967319E-02 1.4932495E-02 1.5976783E-02 1.7102249E-02 1.8308930E-02 1.9594509E-02 2.0954732E-02
1.8789612E-03 1.9243334E-03 1.9720087E-03 2.0221167E-03 2.0748051E-03 2.1302258E-03 2.1885468E-03 2.2499475E-03 2.3146220E-03 2.3827730E-03 2.4546285E-03 2.5304237E-03 2.6104131E-03 2.6948848E-03 2.7841388E-03 2.8785064E-03 2.9783386E-03 3.0840195E-03 3.1959724E-03 3.3146492E-03 3.4405398E-03 3.5741858E-03 3.7161782E-03 3.8671540E-03 4.0278118E-03 4.1989186E-03 4.3813223E-03 4.5759371E-03 4.7837729E-03 5.0059473E-03 5.2436823E-03 5.4983264E-03 5.7713664E-03 6.0644369E-03 6.3793515E-03 6.7180949E-03 7.0828735E-03 7.4760900E-03 7.9004038E-03 8.3587039E-03 8.8541377E-03 9.3900729E-03 9.9701099E-03 1.0597981E-02 1.1277495E-02 1.2012384E-02 1.2806118E-02 1.3661651E-02 1.4581155E-02 1.5565631E-02 1.6614906E-02 1.7727489E-02 1.8900068E-02
1.5435796E-03 1.5879349E-03 1.6345152E-03 1.6834486E-03 1.7348736E-03 1.7889387E-03 1.8457966E-03 1.9056222E-03 1.9685987E-03 2.0349161E-03 2.1047888E-03 2.1784394E-03 2.2561122E-03 2.3380723E-03 2.4246017E-03 2.5160133E-03 2.6126315E-03 2.7148165E-03 2.8229610E-03 2.9374829E-03 3.0588396E-03 3.1875276E-03 3.3240879E-03 3.4691044E-03 3.6232267E-03 3.7871404E-03 3.9616190E-03 4.1474849E-03 4.3456540E-03 4.5571178E-03 4.7829640E-03 5.0243866E-03 5.2826926E-03 5.5593089E-03 5.8557955E-03 6.1738617E-03 6.5153767E-03 6.8823635E-03 7.2770217E-03 7.7017159E-03 8.1589865E-03 8.6515024E-03 9.1820564E-03 9.7534964E-03 1.0368657E-02 1.1030239E-02 1.1740684E-02 1.2501994E-02 1.3315566E-02 1.4182074E-02 1.5101098E-02 1.6070945E-02 1.7088996E-02
1.2392680E-03 1.2826005E-03 1.3280845E-03 1.3758405E-03 1.4260029E-03 1.4787073E-03 1.5341045E-03 1.5923571E-03 1.6536362E-03 1.7181240E-03 1.7860226E-03 1.8575414E-03 1.9329097E-03 2.0123732E-03 2.0962004E-03 2.1846793E-03 2.2781142E-03 2.3768409E-03 2.4812238E-03 2.5916453E-03 2.7085326E-03 2.8323412E-03 2.9635660E-03 3.1027440E-03 3.2504585E-03 3.4073414E-03 3.5740878E-03 3.7514411E-03 3.9402153E-03 4.1413000E-03 4.3556592E-03 4.5843432E-03 4.8284908E-03 5.0893482E-03 5.3682593E-03 5.6666811E-03 5.9861941E-03 6.3284934E-03 6.6953986E-03 7.0888386E-03 7.5108535E-03 7.9635568E-03 8.4491204E-03 8.9697083E-03 9.5274318E-03 1.0124248E-02 1.0761870E-02 1.1441628E-02 1.2164353E-02 1.2930175E-02 1.3738593E-02 1.4588418E-02 1.5477417E-02
9.6261548E-04 1.0049241E-03 1.0493116E-03 1.0958905E-03 1.1447900E-03 1.1961376E-03 1.2500759E-03 1.3067574E-03 1.3663485E-03 1.4290173E-03 1.4949519E-03 1.5643528E-03 1.6374335E-03 1.7144234E-03 1.7955720E-03 1.8811492E-03 1.9714397E-03 2.0667547E-03 2.1674277E-03 2.2738152E-03 2.3863092E-03 2.5053273E-03 2.6313211E-03 2.7647833E-03 2.9062447E-03 3.0562731E-03 3.2154981E-03 3.3845843E-03 3.5642611E-03 3.7553180E-03 3.9586062E-03 4.1750460E-03 4.4056340E-03 4.6514464E-03 4.9136393E-03 5.1934514E-03 5.4922178E-03 5.8113481E-03 6.1523435E-03 6.5167760E-03 6.9062803E-03 7.3225275E-03 7.7671986E-03 8.2419403E-03 8.7483190E-03 9.2877457E-03 9.8614069E-03 1.0470175E-02 1.1114518E-02 1.1794493E-02 1.2509472E-02 1.3258052E-02 1.4038341E-02
7.1054295E-04 7.5182767E-04 7.9511991E-04 8.4052386E-04 8.8816317E-04 9.3815796E-04 9.9064223E-04 1.0457645E-03 1.1036753E-03 1.1645354E-03 1.2285232E-03 1.2958233E-03 1.3666366E-03 1.4411779E-03 1.5196813E-03 1.6023961E-03 1.6895862E-03 1.7815388E-03 1.8785628E-03 1.9809892E-03 2.0891735E-03 2.2035001E-03 2.3243828E-03 2.4522669E-03 2.5876346E-03 2.7309987E-03 2.8829230E-03 3.0440043E-03 3.2148932E-03 3.3962845E-03 3.5889333E-03 3.7936410E-03 4.0112748E-03 4.2427629E-03 4.4890945E-03 4.7513214E-03 5.0305664E-03 5.3280010E-03 5.6448588E-03 5.9824167E-03 6.3419803E-03 6.7248666E-03 7.1323738E-03 7.5657503E-03 8.0261519E-03 8.5145785E-03 9.0318490E-03 9.5784860E-03 1.0154685E-02 1.0760185E-02 1.1394345E-02 1.2056158E-02 1.2743922E-02
4.8032400E-04 5.2058906E-04 5.6278758E-04 6.0702348E-04 6.5340666E-04 7.0205715E-04 7.5309904E-04 8.0667011E-04 8.6291536E-04 9.2198228E-04 9.8404137E-04 1.0492631E-03 1.1178347E-03 1.1899604E-03 1.2658543E-03 1.3457492E-03 1.4298860E-03 1.5185362E-03 1.6119811E-03 1.7105228E-03 1.8144897E-03 1.9242337E-03 2.0401308E-03 2.1625825E-03 2.2920256E-03 2.4289237E-03 2.5737830E-03 2.7271323E-03 2.8895482E-03 3.0616508E-03 3.2440952E-03 3.4375845E-03 3.6428727E-03 3.8607537E-03 4.0920745E-03 4.3377206E-03 4.5986362E-03 4.8757913E-03 5.1701991E-03 5.4828883E-03 5.8149020E-03 6.1672716E-03 6.5409979E-03 6.9370177E-03 7.3561715E-03 7.7991704E-03 8.2665375E-03 8.7585710E-03 9.2752976E-03 9.8164761E-03 1.0381426E-02 1.0968934E-02 1.1577526E-02
2.6953255E-04 3.0878079E-04 3.4989213E-04 3.9296297E-04 4.3810127E-04 4.8541519E-04 5.3502596E-04 5.8705860E-04 6.4165262E-04 6.9894572E-04 7.5909775E-04 8.2226720E-04 8.8862883E-04 9.5837220E-04 1.0316966E-03 1.1088178E-03 1.1899604E-03 1.2753684E-03 1.3653063E-03 1.4600509E-03 1.5599009E-03 1.6651755E-03 1.7762164E-03 1.8933894E-03 2.0170892E-03 2.1477260E-03 2.2857562E-03 2.4316525E-03 2.5859219E-03 2.7491108E-03 2.9217936E-03 3.1045834E-03 3.2981264E-03 3.5031086E-03 3.7202463E-03 3.9502913E-03 4.1940282E-03 4.4522570E-03 4.7258078E-03 5.0155073E-03 5.3221863E-03 5.6466446E-03 5.9896503E-03 6.3518980E-03 6.7339945E-03 7.1364176E-03 7.5594913E-03 8.0033373E-03 8.4678400E-03 8.9525646E-03 9.4568497E-03 9.9798171E-03 1.0520110E-02
7.6033495E-05 1.1427121E-04 1.5430184E-04 1.9621874E-04 2.4011901E-04 2.8610919E-04 3.3430089E-04 3.8481414E-04 4.3777507E-04 4.9331645E-04 5.5158522E-04 6.1273080E-04 6.7691749E-04 7.4431748E-04 8.1511802E-04 8.8951638E-04 9.6772134E-04 1.0499581E-03 1.1364686E-03 1.2275042E-03 1.3233398E-03 1.4242643E-03 1.5305901E-03 1.6426430E-03 1.7607796E-03 1.8853692E-03 2.0168165E-03 2.1555414E-03 2.3019919E-03 2.4566480E-03 2.6200111E-03 2.7926108E-03 2.9750057E-03 3.1677813E-03 3.3715465E-03 3.5869305E-03 3.8145869E-03 4.0551764E-03 4.3093688E-03 4.5778323E-03 4.8612175E-03 5.1601478E-03 5.4752002E-03 5.8068875E-03 6.1556292E-03 6.5217386E-03 6.9053834E-03 7.3065693E-03 7.7251019E-03 8.1606237E-03 8.6124586E-03 9.0795634E-03 9.5607406E-03
-1.0203717E-04 -6.4803004E-05 -2.5843969E-05 1.4926204E-05 5.7601945E-05 1.0228158E-04 1.4906978E-04 1.9807817E-04 2.4942745E-04 3.0324140E-04 3.5965562E-04 4.1880953E-04 4.8085491E-04 5.4595369E-04 6.1427720E-04 6.8600784E-04 7.6133868E-04 8.4047607E-04 9.2364120E-04 1.0110632E-03 1.1029929E-03 1.1996931E-03 1.3014431E-03 1.4085394E-03 1.5213005E-03 1.6400580E-03 1.7651704E-03 1.8970078E-03 2.0359678E-03 2.1824685E-03 2.3369468E-03 2.4998607E-03 2.6716897E-03 2.8529326E-03 3.0441049E-03 3.2457314E-03 3.4583546E-03 3.6825163E-03 3.9187586E-03 4.1676117E-03 4.4295876E-03 4.7051623E-03 4.9947673E-03 5.2987663E-03 5.6174449E-03 5.9509822E-03 6.2994435E-03 6.6627325E-03 7.0405956E-03 7.4325399E-03 7.8379372E-03 8.2560191E-03 8.6856801E-03
-2.6634248E-04 -2.3010302E-04 -1.9220597E-04 -1.5256976E-04 -1.1110611E-04 -6.7722722E-05 -2.2319206E-05 2.5207441E-05 7.4968491E-05 1.2708166E-04 1.8167071E-04 2.3886866E-04 2.9881310E-04 3.6165537E-04 4.2755425E-04 4.9667619E-04 5.6919944E-04 6.4531242E-04 7.2521769E-04 8.0912560E-04 8.9726044E-04 9.8986307E-04 1.0871846E-03 1.1894923E-03 1.2970688E-03 1.4102111E-03 1.5292360E-03 1.6544738E-03 1.7862694E-03 1.9249888E-03 2.0710130E-03 2.2247343E-03 2.3865656E-03 2.5569280E-03 2.7362558E-03 2.9249892E-03 3.1235726E-03 3.3324480E-03 3.5520531E-03 3.7828053E-03 4.0251021E-03 4.2793038E-03 4.5457236E-03 4.8246155E-03 5.1161530E-03 5.4204250E-03 5.7374090E-03 6.0669575E-03 6.4087869E-03 6.7624962E-03 7.1274587E-03 7.5027733E-03 7.8874603E-03
-4.1832286E-04 -3.8306860E-04 -3.4622278E-04 -3.0770843E-04 -2.6744086E-04 -2.2533518E-04 -1.8129860E-04 -1.3523297E-04 -8.7034350E-05 -3.6594622E-05 1.6203174E-05 7.1479219E-05 1.2936494E-04 1.8999823E-04 2.5352422E-04 3.2009854E-04 3.8988231E-04 4.6305117E-04 5.3978618E-04 6.2027929E-04 7.0473616E-04 7.9337083E-04 8.8641170E-04 9.8409737E-04 1.0866808E-03 1.1944249E-03 1.3076124E-03 1.4265303E-03 1.5514838E-03 1.6827905E-03 1.8207789E-03 1.9657884E-03 2.1181689E-03 2.2782786E-03 2.4464806E-03 2.6231380E-03 2.8086200E-03 3.0032815E-03 3.2074719E-03 3.4215187E-03 3.6457253E-03 3.8803590E-03 4.1256431E-03 4.3817377E-03 4.6487418E-03 4.9266685E-03 5.2154385E-03 5.5148592E-03 5.8246143E-03 6.1442158E-03 6.4730849E-03 6.8105645E-03 7.1557434E-03
-5.5925443E-04 -5.2497379E-04 -4.8916513E-04 -4.5175763E-04 -4.1267139E-04 -3.7182457E-04 -3.2913344E-04 -2.8450496E-04 -2.3784210E-04 -1.8904469E-04 -1.3800481E-04 -8.4610801E-05 -2.8740169E-05 2.9733070E-05 9.0943860E-05 1.5503312E-04 2.2215053E-04 2.9245409E-04 3.6610887E-04 4.4329060E-04 5.2418478E-04 6.0898339E-04 6.9789222E-04 7.9112418E-04 8.8890566E-04 9.9146995E-04 1.0990648E-03 1.2119425E-03 1.3303705E-03 1.4546243E-03 1.5849868E-03 1.7217485E-03 1.8652078E-03 2.0156645E-03 2.1734233E-03 2.3387838E-03 2.5120452E-03 2.6934952E-03 2.8834078E-03 3.0820379E-03 3.2896134E-03 3.5063252E-03 3.7323239E-03 3.9677038E-03 4.2125010E-03 4.4666743E-03 4.7301012E-03 5.0025699E-03 5.2837590E-03 5.5732783E-03 5.8705602E-03 6.1748335E-03 6.4852876E-03
-6.9024856E-04 -6.5692997E-04 -6.2214589E-04 -5.8582902E-04 -5.4790464E-04 -5.0829875E-04 -4.6692972E-04 -4.2371292E-04 -3.7855847E-04 -3.3137214E-04 -2.8205442E-04 -2.3050055E-04 -1.7659999E-04 -1.2023537E-04 -6.1282954E-05 3.8685604E-07 6.4909298E-05 1.3242924E-04 2.0309814E-04 2.7707359E-04 3.5452112E-04 4.3561662E-04 5.2054372E-04 6.0949137E-04 7.0266047E-04 8.0025767E-04 9.0250163E-04 1.0096144E-03 1.1218261E-03 1.2393765E-03 1.3625093E-03 1.4914715E-03 1.6265154E-03 1.7678931E-03 1.9158571E-03 2.0706528E-03 2.2325241E-03 2.4016974E-03 2.5783894E-03 2.7627912E-03 2.9550698E-03 3.1553591E-03 3.3637504E-03 3.5802864E-03 3.8049547E-03 4.0376768E-03 4.2783045E-03 4.5266002E-03 4.7822385E-03 5.0447579E-03 5.3136456E-03 5.5883424E-03 5.8680926E-03
-8.1229367E-04 -7.7992346E-04 -7.4614858E-04 -7.1090541E-04 -6.7412527E-04 -6.3573703E-04 -5.9566688E-04 -5.5383559E-04 -5.1015808E-04 -4.6454929E-04 -4.1691575E-04 -3.6716106E-04 -3.1518252E-04 -2.6087381E-04 -2.0411953E-04 -1.4480410E-04 -8.2800747E-05 -1.7980643E-05 4.9795162E-05 1.2066725E-04 1.9478833E-04 2.7231398E-04 3.5340682E-04 4.3823739E-04 5.2698277E-04 6.1982556E-04 7.1695738E-04 8.1857230E-04 9.2487072E-04 1.0360581E-03 1.1523435E-03 1.2739366E-03 1.4010502E-03 1.5338955E-03 1.6726792E-03 1.8176021E-03 1.9688595E-03 2.1266302E-03 2.2910784E-03 2.4623487E-03 2.6405565E-03 2.8257882E-03 3.0180917E-03 3.2174697E-03 3.4238731E-03 3.6371977E-03 3.8572724E-03 4.0838588E-03 4.3166406E-03 4.5552519E-03 4.7991946E-03 5.0478065E-03 5.3004194E-03
-9.2624599E-04 -8.9480961E-04 -8.6202775E-04 -8.2784041E-04 -7.9218420E-04 -7.5499289E-04 -7.1619661E-04 -6.7572185E-04 -6.3349184E-04 -5.8942626E-04 -5.4343749E-04 -4.9543852E-04 -4.4533465E-04 -3.9302721E-04 -3.3841276E-04 -2.8138279E-04 -2.2182436E-04 -1.5962016E-04 -9.4643408E-05 -2.6766520E-05 4.4144545E-05 1.1823051E-04 1.9563826E-04 2.7651660E-04 3.6102376E-04 4.4931908E-04 5.4157194E-04 6.3794956E-04 7.3862605E-04 8.4377785E-04 9.5358351E-04 1.0682205E-03 1.1878670E-03 1.3126960E-03 1.4428808E-03 1.5785806E-03 1.7199508E-03 1.8671288E-03 2.0202415E-03 2.1793873E-03 2.3446472E-03 2.5160657E-03 2.6936596E-03 2.8773979E-03 3.0672092E-03 3.2629645E-03 3.4644892E-03 3.6715339E-03 3.8837856E-03 4.1008252E-03 4.3222047E-03 4.5474516E-03 4.7759390E-03
-1.0328754E-03 -1.0023577E-03 -9.7055209E-04 -9.3740306E-04 -9.0285012E-04 -8.6683210E-04 -8.2928455E-04 -7.9013902E-04 -7.4932410E-04 -7.0676539E-04 -6.6238298E-04 -6.1609631E-04 -5.6781759E-04 -5.1745737E-04 -4.6492109E-04 -4.1010985E-04 -3.5292149E-04 -2.9324816E-04 -2.3097656E-04 -1.6599252E-04 -9.8174321E-05 -2.7396371E-05 4.6470628E-05 1.2355950E-04 2.0400980E-04 2.8796092E-04 3.7556060E-04 4.6695484E-04 5.6229200E-04 6.6172489E-04 7.6540397E-04 8.7347860E-04 9.8609738E-04 1.1034039E-03 1.2255361E-03 1.3526235E-03 1.4847852E-03 1.6221282E-03 1.7647420E-03 1.9126950E-03 2.0660337E-03 2.2247769E-03 2.3889099E-03 2.5583827E-03 2.7331007E-03 2.9129297E-03 3.0976818E-03 3.2871144E-03 3.4809334E-03 3.6788094E-03 3.8803082E-03 4.0848660E-03 4.2919293E-03
-1.1328487E-03 -1.1032346E-03 -1.0723881E-03 -1.0402574E-03 -1.0067865E-03 -9.7191829E-04 -9.3559315E-04 -8.9774723E-04 -8.5831451E-04 -8.1722718E-04 -7.7441096E-04 -7.2979106E-04 -6.8328850E-04 -6.3482020E-04 -5.8430061E-04 -5.3163985E-04 -4.7674438E-04 -4.1951754E-04 -3.5985772E-04 -2.9766074E-04 -2.3281916E-04 -1.6522106E-04 -9.4751282E-05 -2.1292059E-05 5.5278993E-05 1.3508370E-04 2.1825034E-04 3.0490497E-04 3.9517644E-04 4.8919278E-04 5.8708270E-04 6.8897055E-04 7.9497928E-04 9.0522552E-04 1.0198213E-03 1.1388659E-03 1.2624544E-03 1.3906610E-03 1.5235512E-03 1.6611655E-03 1.8035253E-03 1.9506251E-03 2.1024318E-03 2.2588759E-03 2.4198550E-03 2.5852204E-03 2.7547874E-03 2.9283161E-03 3.1055168E-03 3.2860176E-03 3.4694287E-03 3.6553575E-03 3.8432830E-03
-1.2267799E-03 -1.1980523E-03 -1.1681460E-03 -1.1370137E-03 -1.1046019E-03 -1.0708582E-03 -1.0357273E-03 -9.9915068E-04 -9.6106698E-04 -9.2141255E-04 -8.8012038E-04 -8.3712250E-04 -7.9234515E-04 -7.4571325E-04 -6.9714803E-04 -6.4656843E-04 -5.9389090E-04 -5.3902681E-04 -4.8188478E-04 -4.2237242E-04 -3.6039334E-04 -2.9584760E-04 -2.2863365E-04 -1.5864783E-04 -8.5783155E-05 -9.9324916E-06 6.9015012E-05 1.5116729E-04 2.3663437E-04 3.2552631E-04 4.1794998E-04 5.1400834E-04 6.1380275E-04 7.1742770E-04 8.2497107E-04 9.3651010E-04 1.0521142E-03 1.1718380E-03 1.2957214E-03 1.4237842E-03 1.5560285E-03 1.6924316E-03 1.8329429E-03 1.9774823E-03 2.1259370E-03 2.2781584E-03 2.4339596E-03 2.5931115E-03 2.7553446E-03 2.9203692E-03 3.0878114E-03 3.2571931E-03 3.4280547E-03
