T4-twomodels-1/model120.grd
DSAA
         100         100
  -15.00000       15.00000    
  -15.00000       15.00000    
  -9.375075       21.79676    
[rows 27 to 53 of 100, columns 0 to 60 of 100]
-0.7601098 -0.8290551 -0.9073584 -0.9964387 -1.097916 -1.213586 -1.345352 -1.494985 -1.663577 -1.850256 -2.050016 -2.252150 -2.443357 -2.613962 -2.759870 -2.880582 -2.977174 -3.051190 -3.104174 -3.137471 -3.152174 -3.149094 -3.128784 -3.091537 -3.037408 -2.966225 -2.877604 -2.770966 -2.645545 -2.500408 -2.334476 -2.146548 -1.935333 -1.699479 -1.437632 -1.148473 -0.8307757 -0.4834708 -0.1057003 0.3031071 0.7431667 1.214231 1.715457 2.245201 2.800686 3.377478 3.968621 4.563372 5.145828 5.695221 6.191089 6.621973 6.988395 7.297990 7.559966 7.782509 7.972226 8.134306 8.272800 8.390883 8.491055
-0.8456080 -0.9223087 -1.010059 -1.110750 -1.226653 -1.360461 -1.515371 -1.694988 -1.902974 -2.141323 -2.405536 -2.677229 -2.930269 -3.149235 -3.331420 -3.479224 -3.596117 -3.685327 -3.749559 -3.790958 -3.811166 -3.811382 -3.792410 -3.754709 -3.698419 -3.623400 -3.529238 -3.415279 -3.280635 -3.124209 -2.944709 -2.740681 -2.510527 -2.252552 -1.964996 -1.646091 -1.294097 -0.9073656 -0.4843775 -2.3799762E-02 0.4754752 1.014258 1.592984 2.211554 2.869061 3.563218 4.289197 5.037175 5.787534 6.505053 7.146002 7.685057 8.126381 8.487849 8.786927 9.036916 9.247520 9.425825 9.577119 9.705390 9.813711
-0.9336034 -1.018236 -1.115706 -1.228383 -1.359309 -1.512164 -1.691772 -1.904078 -2.156718 -2.457314 -2.806127 -3.172874 -3.505815 -3.782326 -4.005365 -4.182673 -4.321249 -4.426490 -4.502505 -4.552354 -4.578305 -4.581974 -4.564442 -4.526350 -4.467930 -4.389072 -4.289337 -4.167994 -4.024032 -3.856178 -3.662925 -3.442548 -3.193136 -2.912622 -2.598827 -2.249488 -1.862326 -1.435042 -0.9653919 -0.4511636 0.1097824 0.7195577 1.380201 2.093732 2.861991 3.686403 4.566953 5.499316 6.465928 7.414513 8.255565 8.933846 9.463477 9.882430 10.22123 10.50000 10.73226 10.92723 11.09162 11.23025 11.34685
-1.021817 -1.114402 -1.221635 -1.346355 -1.492404 -1.664457 -1.869043 -2.114532 -2.412867 -2.777991 -3.216331 -3.684681 -4.101843 -4.437844 -4.702633 -4.909892 -5.070406 -5.191832 -5.279730 -5.338103 -5.369850 -5.377011 -5.360958 -5.322500 -5.261974 -5.179298 -5.074013 -4.945299 -4.792032 -4.612756 -4.405752 -4.169018 -3.900331 -3.597243 -3.257157 -2.877310 -2.454870 -1.986880 -1.470366 -0.9022035 -0.2792045 0.4020933 1.145392 1.954943 2.835510 3.792570 4.831541 5.954834 7.148912 8.344528 9.399883 10.22490 10.84572 11.32322 11.70220 12.00995 12.26397 12.47566 12.65317 12.80218 12.92706
-1.107717 -1.208125 -1.324920 -1.461418 -1.622165 -1.812786 -2.041250 -2.318003 -2.658160 -3.079661 -3.590896 -4.139218 -4.625880 -5.014380 -5.317593 -5.553110 -5.734613 -5.871661 -5.971099 -6.037776 -6.075183 -6.085760 -6.071146 -6.032320 -5.969712 -5.883265 -5.772496 -5.636510 -5.474059 -5.283516 -5.062949 -4.810092 -4.522418 -4.197113 -3.831174 -3.421362 -2.964319 -2.456476 -1.894162 -1.273437 -0.5901535 0.1603268 0.9831410 1.884351 2.870991 3.951382 5.134220 6.424628 7.807263 9.196723 10.41941 11.36555 12.06713 12.59901 13.01624 13.35199 13.62718 13.85523 14.04561 14.20483 14.33786
-1.189577 -1.297526 -1.423478 -1.571186 -1.745779 -1.953667 -2.203891 -2.508321 -2.883816 -3.349816 -3.914069 -4.518525 -5.056429 -5.486897 -5.822814 -6.083401 -6.284013 -6.435534 -6.545773 -6.620284 -6.663050 -6.676856 -6.663578 -6.624350 -6.559676 -6.469532 -6.353398 -6.210314 -6.038905 -5.837390 -5.603631 -5.335120 -5.029035 -4.682235 -4.291336 -3.852678 -3.362425 -2.816482 -2.210579 -1.540115 -0.8001711 1.4753267E-02 0.9108029 1.895160 2.976084 4.163041 5.465353 6.887128 8.408167 9.932107 11.27117 12.30745 13.07465 13.65382 14.10574 14.46755 14.76276 15.00645 15.20920 15.37829 15.51923
-1.266483 -1.381561 -1.516104 -1.674224 -1.861508 -2.084947 -2.354297 -2.682246 -3.086418 -3.586493 -4.189130 -4.833334 -5.408615 -5.871488 -6.234070 -6.515972 -6.733326 -6.897790 -7.017832 -7.099512 -7.147197 -7.163960 -7.151867 -7.112174 -7.045461 -6.951711 -6.830383 -6.680439 -6.500398 -6.288333 -6.041917 -5.758417 -5.434757 -5.067497 -4.652924 -4.187015 -3.665536 -3.083964 -2.437570 -1.721254 -0.9295828 -5.6513399E-02 0.9046338 1.961523 3.122730 4.397646 5.794765 7.315995 8.936900 10.55495 11.97621 13.07946 13.89876 14.51775 15.00015 15.38554 15.69922 15.95755 16.17200 16.35048 16.49898
-1.337988 -1.459693 -1.602146 -1.769742 -1.968403 -2.205516 -2.491270 -2.838766 -3.265868 -3.792082 -4.423179 -5.096507 -5.699582 -6.187395 -6.571324 -6.870903 -7.102527 -7.278257 -7.406955 -7.495027 -7.547112 -7.566496 -7.555398 -7.515172 -7.446443 -7.349210 -7.222893 -7.066396 -6.878133 -6.656047 -6.397638 -6.099988 -5.759790 -5.373353 -4.936688 -4.445480 -3.895178 -3.280940 -2.597708 -1.840065 -1.002278 -7.8045584E-02 0.9394810 2.057988 3.285828 4.631765 6.103070 7.699619 9.394129 11.08076 12.56262 13.71690 14.57770 15.22984 15.73856 16.14488 16.47530 16.74709 16.97242 17.15972 17.31535
-1.403904 -1.531674 -1.681297 -1.857369 -2.066055 -2.314990 -2.614605 -2.978174 -3.423578 -3.970050 -4.622705 -5.317889 -5.942035 -6.449175 -6.850107 -7.164140 -7.407712 -7.593050 -7.729228 -7.822866 -7.878795 -7.900438 -7.890128 -7.849290 -7.778584 -7.678004 -7.546950 -7.384255 -7.188250 -6.956752 -6.687131 -6.376290 -6.020741 -5.616582 -5.159610 -4.645274 -4.068799 -3.425112 -2.708954 -1.914728 -1.036574 -6.8144500E-02 0.9973518 2.167376 3.449826 4.852716 6.382175 8.036555 9.786727 11.52496 13.05290 14.24694 15.14115 15.82085 16.35211 16.77678 17.12217 17.40618 17.64150 17.83695 17.99924
-1.464203 -1.597455 -1.753485 -1.937043 -2.154446 -2.413481 -2.724705 -3.101441 -3.561496 -4.123854 -4.793179 -5.505195 -6.145612 -6.667871 -7.082348 -7.408126 -7.661582 -7.854986 -7.997519 -8.095920 -8.155125 -8.178661 -8.168931 -8.127412 -8.054775 -7.951018 -7.815498 -7.647005 -7.443783 -7.203553 -6.923560 -6.600576 -6.230954 -5.810634 -5.335239 -4.800054 -4.200138 -3.530283 -2.785111 -1.958961 -1.045961 -3.9835274E-02 1.066023 2.278756 3.605763 5.054365 6.629786 8.329292 10.12260 11.90091 13.46498 14.69070 15.61210 16.31477 16.86524 17.30589 17.66452 17.95949 18.20388 18.40680 18.57523
-1.518962 -1.657109 -1.818802 -2.008894 -2.233802 -2.501402 -2.822298 -3.209807 -3.681644 -4.256577 -4.938938 -5.664034 -6.317159 -6.851339 -7.276629 -7.611917 -7.873487 -8.073593 -8.221449 -8.323848 -8.385798 -8.410878 -8.401538 -8.359271 -8.284772 -8.178017 -8.038340 -7.864470 -7.654595 -7.406346 -7.116876 -6.782836 -6.400467 -5.965580 -5.473670 -4.919912 -4.299259 -3.606425 -2.835986 -1.982280 -1.039499 -1.5020370E-03 1.138094 2.386092 3.749442 5.234889 6.846972 8.582202 10.40952 12.21942 13.81218 15.06346 16.00717 16.72905 17.29588 17.75037 18.12064 18.42536 18.67789 18.88758 19.06160
-1.568321 -1.710796 -1.877446 -2.073190 -2.304515 -2.579330 -2.908259 -3.304590 -3.785935 -4.370905 -5.063606 -5.799057 -6.462226 -7.005868 -7.439816 -7.782790 -8.050983 -8.256608 -8.408872 -8.514590 -8.578797 -8.605102 -8.595972 -8.552921 -8.476636 -8.367085 -8.223566 -8.044771 -7.828826 -7.573297 -7.275249 -6.931256 -6.537462 -6.089586 -5.583038 -5.012914 -4.374109 -3.661297 -2.869060 -1.991776 -1.023734 4.1051954E-02 1.208732 2.485810 3.878848 5.394140 7.035719 8.799564 10.65412 12.48945 14.10549 15.37764 16.33981 17.07779 17.65854 18.12495 18.50537 18.81870 19.07849 19.29427 19.47334
-1.612468 -1.758730 -1.929676 -2.130275 -2.367041 -2.647913 -2.983500 -3.387050 -3.876097 -4.469118 -5.170038 -5.913679 -6.584819 -7.136003 -7.576890 -7.926071 -8.199647 -8.409783 -8.565664 -8.674099 -8.740129 -8.767377 -8.758316 -8.714460 -8.636492 -8.524354 -8.377329 -8.194063 -7.972639 -7.710565 -7.404846 -7.051987 -6.648061 -6.188728 -5.669334 -5.084929 -4.430377 -3.700357 -2.889466 -1.992155 -1.002813 8.4383786E-02 1.275381 2.576418 3.993755 5.533324 7.198787 8.985745 10.86228 12.71814 14.35306 15.64233 16.61981 17.37132 17.96388 18.44054 18.82978 19.15065 19.41684 19.63803 19.82163
-1.651605 -1.801149 -1.975791 -2.180524 -2.421884 -2.707809 -3.048899 -3.458358 -3.953649 -4.553154 -5.260675 -6.010890 -6.688402 -7.245620 -7.692075 -8.046257 -8.324193 -8.537991 -8.696813 -8.807444 -8.874928 -8.902882 -8.893775 -8.849115 -8.769571 -8.655080 -8.504886 -8.317610 -8.091295 -7.823405 -7.510897 -7.150224 -6.737412 -6.268074 -5.737519 -5.140771 -4.472692 -3.727968 -2.901240 -1.987027 -0.9798267 0.1260422 1.336344 2.657110 4.094341 5.653711 7.338600 9.144339 11.03876 12.91144 14.56190 15.86534 16.85556 17.61841 18.22098 18.70639 19.10324 19.43066 19.70246 19.92842 20.11603
-1.685946 -1.838309 -2.016097 -2.224323 -2.469529 -2.759651 -3.105270 -3.519553 -4.019906 -4.624629 -5.337427 -6.092862 -6.775455 -7.337493 -7.788412 -8.146613 -8.428061 -8.644816 -8.806005 -8.918397 -8.987023 -9.015484 -9.006244 -8.960803 -8.879820 -8.763205 -8.610187 -8.419359 -8.188735 -7.915736 -7.597291 -7.229814 -6.809294 -6.331315 -5.791169 -5.183864 -4.504269 -3.747091 -2.907023 -1.978651 -0.9565696 0.1647800 1.391011 2.727977 4.181487 5.757010 7.457720 9.278739 11.18772 13.07406 14.73721 16.05229 17.05309 17.82543 18.43644 18.92929 19.33264 19.66570 19.94237 20.17248 20.36361
-1.715700 -1.870451 -2.050891 -2.262038 -2.510436 -2.804019 -3.153345 -3.571547 -4.075990 -4.684910 -5.401947 -6.161587 -6.848244 -7.414130 -7.868612 -8.230027 -8.514283 -8.733407 -8.896489 -9.010276 -9.079781 -9.108591 -9.099168 -9.052991 -8.970705 -8.852211 -8.696714 -8.502784 -8.268412 -7.990993 -7.667427 -7.294102 -6.866983 -6.381640 -5.833348 -5.217114 -4.527826 -3.760214 -2.909016 -1.968885 -0.9344973 0.1995996 1.438893 2.789099 4.255881 5.844545 7.558108 9.391554 11.31241 13.20996 14.88356 16.20826 17.21780 17.99803 18.61610 19.11522 19.52407 19.86196 20.14278 20.37648 20.57063
-1.741058 -1.897807 -2.080448 -2.294007 -2.545027 -2.841430 -3.193760 -3.615124 -4.122842 -4.735110 -5.455504 -6.218451 -6.908316 -7.477253 -7.934559 -8.298526 -8.585012 -8.806010 -8.970583 -9.085463 -9.155634 -9.184677 -9.175037 -9.128189 -9.044756 -8.924626 -8.766989 -8.570404 -8.332829 -8.051651 -7.723741 -7.345475 -6.912801 -6.421271 -5.866164 -5.242495 -4.545159 -3.768919 -2.908553 -1.958769 -0.9143196 0.2301656 1.480076 2.841014 4.318529 5.917810 7.641749 9.485222 11.41564 13.32222 15.00424 16.33674 17.35345 18.14019 18.76410 19.26842 19.68188 20.02380 20.30816 20.54487 20.74162
-1.762203 -1.920585 -2.105022 -2.320536 -2.573669 -2.872335 -3.227063 -3.650936 -4.161249 -4.776161 -5.499210 -6.264781 -6.957178 -7.528502 -7.988020 -8.353978 -8.642212 -8.864674 -9.030408 -9.146121 -9.216790 -9.245977 -9.236119 -9.188672 -9.104259 -8.982742 -8.823308 -8.624495 -8.384249 -8.099940 -7.768431 -7.386077 -6.948819 -6.452208 -5.891517 -5.261771 -4.557880 -3.774636 -2.906850 -1.949281 -0.8967348 0.2560847 1.514492 2.884005 4.370080 5.977818 7.710026 9.561494 11.49958 13.41342 15.10227 16.44108 17.46356 18.25556 18.88422 19.39280 19.81004 20.15529 20.44254 20.68177 20.88066
-1.779284 -1.938967 -2.124825 -2.341881 -2.596675 -2.897112 -3.253707 -3.679529 -4.191848 -4.808795 -5.533872 -6.301429 -6.995752 -7.568906 -8.030117 -8.397604 -8.687171 -8.910750 -9.077366 -9.193707 -9.264740 -9.294012 -9.283946 -9.235992 -9.150764 -9.028114 -8.867215 -8.666596 -8.424192 -8.137363 -7.802957 -7.417324 -6.976400 -6.475734 -5.910600 -5.276030 -4.566949 -3.778174 -2.904545 -1.940855 -0.8819617 0.2773792 1.542422 2.918620 4.411366 6.025689 7.764333 9.622025 11.56606 13.48552 15.17963 16.52336 17.55039 18.34654 18.97896 19.49092 19.91117 20.25908 20.54866 20.78991 20.99053
-1.792433 -1.953105 -2.140040 -2.358261 -2.614304 -2.916068 -3.274060 -3.701335 -4.215145 -4.833603 -5.560198 -6.329250 -7.025008 -7.599514 -8.061976 -8.430588 -8.721135 -8.945535 -9.112795 -9.229591 -9.300874 -9.330189 -9.319948 -9.271592 -9.185724 -9.062194 -8.900161 -8.698146 -8.454082 -8.165316 -7.828691 -7.440549 -6.996828 -6.493069 -5.924557 -5.286328 -4.573317 -3.780362 -2.902324 -1.934031 -0.8703686 0.2938651 1.563882 2.945085 4.442820 6.062065 7.805521 9.667872 11.61638 13.54011 15.23824 16.58569 17.61615 18.41544 19.05071 19.56523 19.98778 20.33771 20.62908 20.87188 21.07382
-1.801753 -1.963117 -2.150807 -2.369842 -2.626755 -2.929442 -3.288402 -3.716680 -4.231521 -4.851020 -5.578641 -6.348697 -7.045426 -7.620860 -8.084177 -8.453562 -8.744781 -8.969740 -9.137438 -9.254539 -9.325989 -9.355325 -9.344948 -9.296298 -9.209970 -9.085811 -8.922971 -8.719969 -8.474728 -8.184591 -7.846396 -7.456489 -7.010797 -6.504866 -5.933980 -5.293185 -4.577427 -3.781550 -2.900436 -1.928931 -0.8619517 0.3056824 1.579153 2.963829 4.465024 6.087685 7.834479 9.700059 11.65165 13.57829 15.27915 16.62918 17.66202 18.46350 19.10077 19.61709 20.04125 20.39261 20.68523 20.92912 21.13202
-1.807315 -1.969092 -2.157227 -2.376742 -2.634168 -2.937398 -3.296927 -3.725797 -4.241239 -4.861349 -5.589589 -6.360254 -7.057566 -7.633538 -8.097355 -8.467192 -8.758801 -8.984088 -9.152039 -9.269317 -9.340862 -9.370203 -9.359742 -9.310915 -9.224311 -9.099773 -8.936451 -8.732856 -8.486913 -8.195958 -7.856833 -7.465873 -7.019011 -6.511790 -5.939498 -5.297182 -4.579796 -3.782193 -2.899263 -1.925866 -0.8569271 0.3127128 1.588215 2.974936 4.478167 6.102835 7.851593 9.719075 11.67250 13.60091 15.30344 16.65501 17.68927 18.49204 19.13049 19.64788 20.07299 20.42520 20.71857 20.96312 21.16657
-1.809163 -1.971076 -2.159358 -2.379033 -2.636629 -2.940040 -3.299757 -3.728820 -4.244462 -4.864771 -5.593202 -6.364046 -7.061541 -7.637692 -8.101674 -8.471655 -8.763394 -8.988789 -9.156822 -9.274158 -9.345733 -9.375075 -9.364588 -9.315700 -9.229004 -9.104340 -8.940856 -8.737067 -8.490890 -8.199666 -7.860228 -7.468919 -7.021667 -6.514019 -5.941260 -5.298443 -4.580520 -3.782342 -2.898812 -1.924788 -0.8552052 0.3150985 1.591272 2.978668 4.482569 6.107903 7.857307 9.725417 11.67943 13.60838 15.31141 16.66347 17.69819 18.50141 19.14024 19.65798 20.08341 20.43590 20.72952 20.97428 21.17792
-1.807313 -1.969091 -2.157226 -2.376741 -2.634166 -2.937397 -3.296927 -3.725796 -4.241238 -4.861348 -5.589588 -6.360254 -7.057563 -7.633537 -8.097357 -8.467190 -8.758801 -8.984088 -9.152038 -9.269316 -9.340860 -9.370201 -9.359743 -9.310915 -9.224310 -9.099771 -8.936451 -8.732857 -8.486914 -8.195959 -7.856834 -7.465873 -7.019010 -6.511789 -5.939498 -5.297183 -4.579797 -3.782192 -2.899264 -1.925863 -0.8569263 0.3127128 1.588213 2.974936 4.478167 6.102835 7.851592 9.719075 11.67250 13.60091 15.30344 16.65501 17.68927 18.49204 19.13049 19.64788 20.07299 20.42520 20.71857 20.96311 21.16657
-1.801751 -1.963117 -2.150806 -2.369840 -2.626753 -2.929442 -3.288401 -3.716679 -4.231520 -4.851018 -5.578640 -6.348696 -7.045426 -7.620860 -8.084177 -8.453560 -8.744781 -8.969741 -9.137437 -9.254539 -9.325991 -9.355325 -9.344949 -9.296300 -9.209970 -9.085811 -8.922970 -8.719968 -8.474729 -8.184592 -7.846396 -7.456490 -7.010798 -6.504867 -5.933981 -5.293186 -4.577428 -3.781550 -2.900436 -1.928932 -0.8619532 0.3056832 1.579153 2.963828 4.465023 6.087683 7.834478 9.700057 11.65165 13.57829 15.27915 16.62918 17.66202 18.46350 19.10077 19.61709 20.04124 20.39261 20.68523 20.92912 21.13201
-1.792433 -1.953105 -2.140040 -2.358261 -2.614304 -2.916069 -3.274060 -3.701335 -4.215145 -4.833603 -5.560198 -6.329251 -7.025008 -7.599514 -8.061975 -8.430588 -8.721135 -8.945535 -9.112794 -9.229590 -9.300875 -9.330190 -9.319948 -9.271591 -9.185723 -9.062193 -8.900161 -8.698148 -8.454082 -8.165318 -7.828692 -7.440550 -6.996829 -6.493069 -5.924557 -5.286327 -4.573318 -3.780364 -2.902326 -1.934031 -0.8703686 0.2938658 1.563881 2.945083 4.442819 6.062062 7.805519 9.667871 11.61637 13.54011 15.23824 16.58569 17.61615 18.41544 19.05071 19.56523 19.98777 20.33771 20.62907 20.87187 21.07382
-1.779282 -1.938967 -2.124825 -2.341882 -2.596674 -2.897112 -3.253707 -3.679529 -4.191848 -4.808795 -5.533874 -6.301429 -6.995752 -7.568908 -8.030119 -8.397604 -8.687171 -8.910752 -9.077367 -9.193710 -9.264739 -9.294012 -9.283948 -9.235994 -9.150764 -9.028115 -8.867216 -8.666597 -8.424194 -8.137365 -7.802957 -7.417325 -6.976401 -6.475734 -5.910600 -5.276029 -4.566951 -3.778173 -2.904544 -1.940855 -0.8819640 0.2773762 1.542421 2.918620 4.411366 6.025687 7.764331 9.622025 11.56606 13.48552 15.17963 16.52336 17.55038 18.34654 18.97896 19.49092 19.91117 20.25908 20.54866 20.78990 20.99053
