T4-twomodels-1/model150.grd
DSAA
         100         100
  -15.00000       15.00000    
  -15.00000       15.00000    
  -10.02257       25.19952    
[rows 27 to 53 of 100, columns 0 to 60 of 100]
-0.9535916 -1.031482 -1.119129 -1.217870 -1.329207 -1.454784 -1.596311 -1.755333 -1.932670 -2.127147 -2.333422 -2.540431 -2.734504 -2.905595 -3.049243 -3.164602 -3.252421 -3.313946 -3.350446 -3.363029 -3.352577 -3.319728 -3.264892 -3.188259 -3.089820 -2.969394 -2.826640 -2.661088 -2.472162 -2.259194 -2.021467 -1.758235 -1.468745 -1.152277 -0.8081641 -0.4358232 -3.4782290E-02 0.3952824 0.8545243 1.342869 1.859968 2.405106 2.977066 3.573931 4.192741 4.828959 5.475595 6.121923 6.752108 7.345469 7.881670 8.349371 8.749236 9.089038 9.378115 9.624778 9.835758 10.01635 10.17069 10.30206 10.41301
-1.060272 -1.146916 -1.245094 -1.356609 -1.483614 -1.628637 -1.794671 -1.985073 -2.203209 -2.450742 -2.722804 -3.000616 -3.257641 -3.478049 -3.658729 -3.801699 -3.910070 -3.986739 -4.034115 -4.054080 -4.048044 -4.017014 -3.961632 -3.882242 -3.778908 -3.651466 -3.499543 -3.322596 -3.119935 -2.890746 -2.634127 -2.349118 -2.034714 -1.689908 -1.313705 -0.9051487 -0.4633367 1.2552738E-02 0.5232599 1.069405 1.651476 2.269775 2.924333 3.614761 4.339962 5.097544 5.882661 6.685521 7.486584 8.250751 8.934423 9.512431 9.989087 10.38243 10.71007 10.98545 11.21842 11.41617 11.58409 11.72628 11.84588
-1.169545 -1.265132 -1.374129 -1.498814 -1.642103 -1.807505 -1.999624 -2.224138 -2.488363 -2.799560 -3.157586 -3.531730 -3.869806 -4.148744 -4.371061 -4.544077 -4.674403 -4.767074 -4.825874 -4.853580 -4.852205 -4.823151 -4.767326 -4.685229 -4.577012 -4.442532 -4.281382 -4.092943 -3.876410 -3.630812 -3.355061 -3.047963 -2.708258 -2.334625 -1.925724 -1.480189 -0.9966601 -0.4737441 8.9944899E-02 0.6958381 1.345401 2.040186 2.781808 3.571973 4.412328 5.304196 6.247551 7.238117 8.258431 9.256351 10.14253 10.86190 11.42876 11.88126 12.25009 12.55552 12.81123 13.02658 13.20838 13.36157 13.48995
-1.278953 -1.383507 -1.503367 -1.641281 -1.800959 -1.986895 -2.205384 -2.464510 -2.775872 -3.153022 -3.601948 -4.078982 -4.502439 -4.841860 -5.106717 -5.310240 -5.462785 -5.571620 -5.641961 -5.677490 -5.680837 -5.653811 -5.597585 -5.512823 -5.399757 -5.258269 -5.087921 -4.888014 -4.657629 -4.395638 -4.100761 -3.771573 -3.406550 -3.004061 -2.562418 -2.079834 -1.554479 -0.9843890 -0.3675215 0.2983969 1.015824 1.787622 2.617038 3.507992 4.465045 5.493583 6.599019 7.783823 9.034589 10.28222 11.38509 12.25333 12.91326 13.42596 13.83643 14.17211 14.45068 14.68367 14.87937 15.04355 15.18071
-1.385772 -1.499156 -1.629669 -1.780537 -1.956165 -2.161992 -2.405737 -2.697542 -3.052151 -3.487086 -4.010267 -4.568544 -5.062648 -5.455553 -5.759618 -5.991947 -6.165761 -6.290204 -6.371740 -6.414886 -6.422838 -6.397780 -6.341143 -6.253738 -6.135884 -5.987473 -5.808044 -5.596815 -5.352760 -5.074590 -4.760848 -4.409880 -4.019910 -3.589001 -3.115137 -2.596134 -2.029716 -1.413388 -0.7444904 -1.9997358E-02 0.7634513 1.609853 2.523854 3.511176 4.578642 5.734480 6.987394 8.342591 9.784859 11.22897 12.50154 13.49301 14.23555 14.80428 15.25443 15.61936 15.92018 16.17044 16.37977 16.55478 16.70057
-1.488103 -1.610010 -1.750748 -1.913974 -2.104675 -2.329060 -2.595908 -2.916767 -3.308105 -3.788909 -4.366429 -4.982078 -5.528537 -5.964364 -6.301895 -6.559820 -6.753014 -6.891906 -6.983907 -7.034209 -7.046482 -7.023236 -6.966123 -6.876090 -6.753524 -6.598334 -6.410023 -6.187743 -5.930351 -5.636416 -5.304307 -4.932165 -4.517972 -4.059528 -3.554499 -3.000359 -2.394440 -1.733790 -1.015231 -0.2351344 0.6105706 1.526706 2.518895 3.593962 4.759951 6.026237 7.402162 8.891924 10.47548 12.05667 13.44792 14.53158 15.34158 15.95920 16.44546 16.83767 17.15955 17.42635 17.64880 17.83430 17.98847
-1.584861 -1.714849 -1.865211 -2.039959 -2.244531 -2.485710 -2.772979 -3.118682 -3.540028 -4.056219 -4.673388 -5.329964 -5.914865 -6.384004 -6.748920 -7.028659 -7.238838 -7.390642 -7.492107 -7.548913 -7.565093 -7.543423 -7.485734 -7.393082 -7.265909 -7.104135 -6.907226 -6.674267 -6.404010 -6.094904 -5.745148 -5.352700 -4.915335 -4.430612 -3.895938 -3.308495 -2.665290 -1.963025 -1.198124 -0.3665313 0.5362951 1.515680 2.577748 3.729794 4.980165 6.338170 7.812326 9.404646 11.09087 12.76868 14.24438 15.39702 16.26089 16.91989 17.43799 17.85497 18.19636 18.47866 18.71354 18.90902 19.07122
-1.675441 -1.812971 -1.972229 -2.157511 -2.374584 -2.630620 -2.935520 -3.302024 -3.747560 -4.291131 -4.937949 -5.624759 -6.238449 -6.733377 -7.120309 -7.418181 -7.642850 -7.805871 -7.915650 -7.978195 -7.997791 -7.977413 -7.919020 -7.823761 -7.692112 -7.523994 -7.318842 -7.075677 -6.793158 -6.469617 -6.103116 -5.691454 -5.232224 -4.722791 -4.160345 -3.541850 -2.864061 -2.123434 -1.316131 -0.4378319 0.5162560 1.551671 2.674685 3.892598 5.213528 6.646156 8.197783 9.868405 11.63092 13.37973 14.91821 16.12379 17.03088 17.72454 18.27028 18.70934 19.06845 19.36506 19.61153 19.81640 19.98617
-1.759524 -1.903983 -2.071345 -2.266101 -2.494259 -2.763227 -3.083136 -3.466885 -3.931898 -4.496880 -5.166360 -5.876051 -6.511729 -7.026766 -7.431307 -7.744044 -7.980844 -8.153400 -8.270323 -8.337797 -8.360287 -8.340891 -8.281666 -8.183817 -8.047851 -7.873677 -7.660699 -7.407880 -7.113799 -6.776686 -6.394485 -5.964865 -5.485271 -4.952912 -4.364823 -3.717792 -3.008418 -2.232988 -1.387519 -0.4675746 0.5317248 1.615932 2.791232 4.064684 5.443946 6.936945 8.549850 10.28114 12.10188 13.90460 15.49122 16.73842 17.68055 18.40322 18.97276 19.43128 19.80630 20.11594 20.37306 20.58664 20.76350
-1.836970 -1.987720 -2.162359 -2.365532 -2.603390 -2.883489 -3.216069 -3.614066 -4.094811 -4.676736 -5.363896 -6.091354 -6.744136 -7.274995 -7.693624 -8.018463 -8.265293 -8.445832 -8.568762 -8.640381 -8.665238 -8.646521 -8.586343 -8.485946 -8.345845 -8.165942 -7.945607 -7.683751 -7.378883 -7.029150 -6.632398 -6.186193 -5.687864 -5.134505 -4.523029 -3.850125 -3.112278 -2.305701 -1.426349 -0.4697628 0.5689032 1.695096 2.914795 4.234721 5.662031 7.203955 8.865761 10.64485 12.51116 14.35613 15.98083 17.26146 18.23232 18.97934 19.56929 20.04484 20.43401 20.75538 21.02221 21.24378 21.42719
-1.907757 -2.064152 -2.245261 -2.455826 -2.702095 -2.991700 -3.334924 -3.744680 -4.238184 -4.833644 -5.534754 -6.276134 -6.942368 -7.485770 -7.915689 -8.250340 -8.505393 -8.692527 -8.820438 -8.895463 -8.922199 -8.903882 -8.842650 -8.739765 -8.595742 -8.410472 -8.183289 -7.913058 -7.598233 -7.236894 -6.826805 -6.365448 -5.850074 -5.277696 -4.645151 -3.949051 -3.185844 -2.351707 -1.442603 -0.4541144 0.6185025 1.780530 3.037702 4.396388 5.863281 7.445037 9.146246 10.96355 12.86613 14.74475 16.39998 17.70779 18.70244 19.46995 20.07740 20.56777 20.96943 21.30127 21.57685 21.80569 21.99508
-1.971962 -2.133370 -2.320173 -2.537174 -2.790680 -3.088356 -3.440492 -3.859954 -4.363850 -4.970202 -5.682461 -6.434940 -7.111879 -7.665283 -8.104267 -8.446861 -8.708611 -8.901139 -9.033124 -9.110898 -9.139081 -9.120914 -9.058556 -8.953271 -8.805565 -8.615312 -8.381818 -8.103907 -7.779987 -7.408076 -6.985891 -6.510851 -5.980143 -5.390723 -4.739389 -4.022721 -3.237151 -2.378871 -1.443882 -0.4278541 0.6738328 1.866272 3.154954 4.545922 6.045485 7.659842 9.393071 11.24130 13.17321 15.07916 16.75937 18.08959 19.10404 19.88885 20.51128 21.01450 21.42711 21.76824 22.05164 22.28702 22.48183
-2.029714 -2.195535 -2.387298 -2.609857 -2.869545 -3.174043 -3.533620 -3.961093 -4.473469 -5.088630 -5.809823 -6.571144 -7.256621 -7.818038 -8.264309 -8.613312 -8.880488 -9.077393 -9.212665 -9.292618 -9.321865 -9.303651 -9.240130 -9.132558 -8.981434 -8.786605 -8.547354 -8.262473 -7.930332 -7.548909 -7.115871 -6.628594 -6.084232 -5.479706 -4.811791 -4.077060 -3.271956 -2.392712 -1.435392 -0.3957577 0.7306672 1.948800 3.263897 4.681737 6.208310 7.849450 9.608872 11.48233 13.43814 15.36635 17.06701 18.41576 19.44678 20.24623 20.88144 21.39576 21.81792 22.16721 22.45755 22.69877 22.89845
-2.081182 -2.250844 -2.446898 -2.674220 -2.939155 -3.249385 -3.615156 -4.049230 -4.568536 -5.190837 -5.919251 -6.687711 -7.380051 -7.947896 -8.400023 -8.754187 -9.025740 -9.226165 -9.364059 -9.445713 -9.475715 -9.457299 -9.392611 -9.282893 -9.128628 -8.929646 -8.685208 -8.394075 -8.054588 -7.664690 -7.222023 -6.723927 -6.167538 -5.549757 -4.867356 -4.116920 -3.294916 -2.397626 -1.421184 -0.3614590 0.7858947 2.025634 3.362820 4.802998 6.351902 8.015105 9.796041 11.69019 13.66563 15.61223 17.32986 18.69404 19.73895 20.55075 21.19686 21.72071 22.15116 22.50757 22.80400 23.05038 23.25437
-2.126559 -2.299533 -2.499258 -2.730623 -2.999980 -3.315000 -3.685902 -4.125400 -4.650360 -5.278450 -6.012670 -6.786832 -7.484667 -8.057669 -8.514488 -8.872793 -9.147852 -9.351092 -9.491055 -9.574007 -9.604516 -9.585791 -9.519964 -9.408266 -9.251159 -9.048460 -8.799401 -8.502729 -8.156758 -7.759408 -7.308294 -6.800748 -6.233886 -5.604609 -4.909690 -4.145737 -3.309257 -2.396572 -1.403904 -0.3272057 0.8377419 2.095554 3.451126 4.909821 6.477172 8.158542 9.957150 11.86829 13.85984 15.82152 17.55311 18.93009 19.98659 20.80881 21.46416 21.99614 22.43370 22.79629 23.09801 23.34890 23.55669
-2.166037 -2.341832 -2.544663 -2.779428 -3.052478 -3.371464 -3.746590 -4.190524 -4.720078 -5.352845 -6.091757 -6.870526 -7.572770 -8.149890 -8.610464 -8.972072 -9.249921 -9.455382 -9.596965 -9.680893 -9.711715 -9.692615 -9.625713 -9.512218 -9.352586 -9.146604 -8.893497 -8.591988 -8.240375 -7.836558 -7.378148 -6.862455 -6.286594 -5.647471 -4.941875 -4.166430 -3.317686 -2.392016 -1.385712 -0.2948113 0.8848004 2.157616 3.528398 5.002359 6.584874 8.281149 10.09424 12.01930 14.02410 15.99824 17.74141 19.12902 20.19518 21.02609 21.68922 22.22809 22.67169 23.03955 23.34583 23.60062 23.81169
-2.199810 -2.377970 -2.583392 -2.820976 -3.097068 -3.419310 -3.797872 -4.245400 -4.778651 -5.415174 -6.157813 -6.940223 -7.645961 -8.226352 -8.689898 -9.054118 -9.334166 -9.541368 -9.684195 -9.768844 -9.799834 -9.780335 -9.712449 -9.597364 -9.435526 -9.226703 -8.970109 -8.664454 -8.308018 -7.898695 -7.434078 -6.911482 -6.328016 -5.680601 -4.966031 -4.180963 -3.321981 -2.385511 -1.367897 -0.2652653 0.9264268 2.211566 3.594803 5.081230 6.676107 8.384514 10.20939 12.14577 14.16133 16.14556 17.89813 19.29443 20.36854 21.20666 21.87624 22.42087 22.86955 23.24186 23.55199 23.81008 24.02395
-2.228057 -2.408159 -2.615700 -2.855578 -3.134133 -3.458994 -3.840317 -4.290710 -4.826904 -5.466396 -6.212000 -6.997303 -7.705794 -8.288748 -8.754622 -9.120879 -9.402636 -9.611179 -9.754951 -9.840116 -9.871181 -9.851291 -9.782529 -9.666075 -9.502359 -9.291142 -9.031616 -8.722486 -8.362024 -7.948111 -7.478339 -6.950021 -6.360267 -5.706007 -4.984056 -4.191092 -3.323735 -2.378449 -1.351632 -0.2394736 0.9619944 2.257083 3.650351 5.146811 6.751614 8.469756 10.30408 12.24955 14.27377 16.26619 18.02641 19.42976 20.51031 21.35428 22.02916 22.57850 23.03135 23.40733 23.72066 23.98149 24.19769
-2.250936 -2.432587 -2.641813 -2.883507 -3.164003 -3.490923 -3.874399 -4.327028 -4.865502 -5.507292 -6.255162 -7.042664 -7.753258 -8.338179 -8.805828 -9.173642 -9.456696 -9.666252 -9.810720 -9.896252 -9.927325 -9.907079 -9.837577 -9.719992 -9.554733 -9.341558 -9.079649 -8.767702 -8.403985 -7.986368 -7.512443 -6.979524 -6.384729 -5.724994 -4.997149 -4.197894 -3.323876 -2.371597 -1.337497 -0.2178155 0.9913616 2.294277 3.695431 5.199756 6.812337 8.538099 10.37983 12.33241 14.36339 16.36217 18.12833 19.53721 20.62286 21.47147 22.15053 22.70363 23.15983 23.53874 23.85464 24.11768 24.33576
-2.268586 -2.451418 -2.661920 -2.904989 -3.186951 -3.515417 -3.900512 -4.354806 -4.894983 -5.538482 -6.288051 -7.077208 -7.789373 -8.375742 -8.844703 -9.213658 -9.497663 -9.707949 -9.852919 -9.938696 -9.969748 -9.949201 -9.879107 -9.760631 -9.594170 -9.379477 -9.115727 -8.801606 -8.435376 -8.014915 -7.537805 -7.001360 -6.402709 -5.738787 -5.006451 -4.202410 -3.323331 -2.365747 -1.326135 -0.2007633 1.014230 2.323046 3.730133 5.240372 6.858800 8.590287 10.43757 12.39550 14.43159 16.43522 18.20592 19.61900 20.70851 21.56063 22.24288 22.79884 23.25759 23.63875 23.95660 24.22135 24.44088
-2.281114 -2.464777 -2.676175 -2.920205 -3.203189 -3.532732 -3.918949 -4.374403 -4.915754 -5.560434 -6.311157 -7.101427 -7.814654 -8.402020 -8.871874 -9.241612 -9.526262 -9.737047 -9.882349 -9.968282 -9.999304 -9.978531 -9.908008 -9.788889 -9.621570 -9.405792 -9.140732 -8.825067 -8.457060 -8.034582 -7.555217 -7.016285 -6.414915 -5.748052 -5.012551 -4.205146 -3.322516 -2.361219 -1.317745 -0.1883999 1.030655 2.343587 3.754811 5.269170 6.891667 8.627139 10.47829 12.43994 14.47956 16.48651 18.26032 19.67631 20.76851 21.62310 22.30758 22.86555 23.32609 23.70884 24.02809 24.29404 24.51460
-2.288597 -2.472750 -2.684681 -2.929280 -3.212869 -3.543046 -3.929926 -4.386059 -4.928102 -5.573472 -6.324887 -7.115835 -7.829698 -8.417642 -8.888022 -9.258213 -9.543242 -9.754313 -9.899804 -9.985825 -10.01682 -9.995908 -9.925122 -9.805615 -9.637780 -9.421353 -9.155509 -8.838922 -8.469855 -8.046175 -7.565470 -7.025055 -6.422067 -5.753454 -5.016078 -4.206677 -3.321944 -2.358442 -1.312687 -0.1809873 1.040466 2.355829 3.769493 5.286282 6.911181 8.649002 10.50243 12.46628 14.50800 16.51698 18.29268 19.71041 20.80420 21.66025 22.34606 22.90523 23.36683 23.75052 24.07060 24.33726 24.55843
-2.291086 -2.475406 -2.687511 -2.932298 -3.216085 -3.546474 -3.933571 -4.389929 -4.932200 -5.577799 -6.329428 -7.120576 -7.834638 -8.422774 -8.893325 -9.263668 -9.548815 -9.759983 -9.905535 -9.991583 -10.02257 -10.00161 -9.930736 -9.811102 -9.643092 -9.426453 -9.160346 -8.843451 -8.474031 -8.049953 -7.568800 -7.027895 -6.424370 -5.755176 -5.017177 -4.207114 -3.321684 -2.357455 -1.310940 -0.1784660 1.043783 2.359951 3.774419 5.292014 6.917707 8.656302 10.51049 12.47505 14.51746 16.52705 18.30334 19.72163 20.81594 21.67248 22.35872 22.91828 23.38025 23.76425 24.08460 24.35150 24.57287
-2.288598 -2.472751 -2.684681 -2.929280 -3.212868 -3.543046 -3.929927 -4.386059 -4.928103 -5.573473 -6.324888 -7.115835 -7.829698 -8.417641 -8.888023 -9.258215 -9.543242 -9.754313 -9.899803 -9.985824 -10.01682 -9.995908 -9.925123 -9.805617 -9.637779 -9.421353 -9.155509 -8.838924 -8.469856 -8.046175 -7.565471 -7.025056 -6.422067 -5.753453 -5.016078 -4.206678 -3.321944 -2.358443 -1.312686 -0.1809888 1.040466 2.355830 3.769494 5.286282 6.911182 8.649002 10.50243 12.46627 14.50800 16.51697 18.29268 19.71041 20.80420 21.66025 22.34606 22.90523 23.36683 23.75053 24.07060 24.33726 24.55843
-2.281113 -2.464776 -2.676174 -2.920203 -3.203188 -3.532731 -3.918948 -4.374401 -4.915755 -5.560433 -6.311155 -7.101426 -7.814654 -8.402019 -8.871874 -9.241611 -9.526264 -9.737047 -9.882348 -9.968281 -9.999305 -9.978531 -9.908009 -9.788888 -9.621568 -9.405792 -9.140733 -8.825068 -8.457060 -8.034582 -7.555217 -7.016286 -6.414917 -5.748053 -5.012552 -4.205146 -3.322518 -2.361219 -1.317745 -0.1883999 1.030655 2.343586 3.754809 5.269167 6.891666 8.627138 10.47829 12.43993 14.47956 16.48651 18.26032 19.67631 20.76851 21.62310 22.30758 22.86555 23.32609 23.70884 24.02809 24.29403 24.51459
-2.268585 -2.451416 -2.661919 -2.904988 -3.186950 -3.515414 -3.900509 -4.354807 -4.894982 -5.538481 -6.288049 -7.077207 -7.789370 -8.375740 -8.844699 -9.213658 -9.497662 -9.707948 -9.852915 -9.938694 -9.969748 -9.949199 -9.879107 -9.760629 -9.594169 -9.379475 -9.115724 -8.801604 -8.435376 -8.014910 -7.537802 -7.001357 -6.402707 -5.738787 -5.006448 -4.202407 -3.323327 -2.365746 -1.326131 -0.2007611 1.014232 2.323049 3.730135 5.240373 6.858802 8.590287 10.43757 12.39550 14.43158 16.43522 18.20592 19.61900 20.70851 21.56063 22.24288 22.79884 23.25759 23.63875 23.95661 24.22135 24.44088
-2.250935 -2.432588 -2.641812 -2.883505 -3.164001 -3.490922 -3.874399 -4.327028 -4.865502 -5.507293 -6.255162 -7.042664 -7.753259 -8.338179 -8.805827 -9.173643 -9.456697 -9.666254 -9.810722 -9.896252 -9.927328 -9.907078 -9.837575 -9.719993 -9.554732 -9.341558 -9.079651 -8.767704 -8.403984 -7.986368 -7.512442 -6.979524 -6.384730 -5.724994 -4.997147 -4.197894 -3.323875 -2.371597 -1.337498 -0.2178155 0.9913616 2.294278 3.695431 5.199755 6.812339 8.538098 10.37983 12.33241 14.36339 16.36217 18.12833 19.53721 20.62286 21.47147 22.15053 22.70363 23.15983 23.53874 23.85463 24.11768 24.33577
