T4-twomodels-1/model150.grd
DSAA
         100         100
  -15.00000       15.00000    
  -15.00000       15.00000    
  -10.02257       25.19952    
[rows 54 to 80 of 100, columns 0 to 60 of 100]
-2.228056 -2.408157 -2.615699 -2.855578 -3.134134 -3.458994 -3.840318 -4.290710 -4.826905 -5.466396 -6.212000 -6.997305 -7.705794 -8.288749 -8.754621 -9.120881 -9.402637 -9.611179 -9.754951 -9.840117 -9.871181 -9.851289 -9.782530 -9.666078 -9.502361 -9.291142 -9.031618 -8.722487 -8.362025 -7.948110 -7.478340 -6.950019 -6.360267 -5.706006 -4.984054 -4.191092 -3.323734 -2.378448 -1.351634 -0.2394713 0.9619952 2.257082 3.650353 5.146810 6.751614 8.469757 10.30408 12.24955 14.27376 16.26619 18.02640 19.42975 20.51031 21.35428 22.02915 22.57850 23.03135 23.40733 23.72066 23.98149 24.19769
-2.199809 -2.377969 -2.583391 -2.820975 -3.097066 -3.419310 -3.797873 -4.245400 -4.778653 -5.415174 -6.157815 -6.940223 -7.645960 -8.226353 -8.689896 -9.054118 -9.334167 -9.541369 -9.684196 -9.768843 -9.799833 -9.780339 -9.712449 -9.597366 -9.435525 -9.226705 -8.970111 -8.664454 -8.308019 -7.898695 -7.434077 -6.911482 -6.328018 -5.680602 -4.966033 -4.180962 -3.321982 -2.385511 -1.367897 -0.2652645 0.9264268 2.211563 3.594800 5.081231 6.676108 8.384514 10.20939 12.14577 14.16132 16.14556 17.89813 19.29443 20.36854 21.20665 21.87624 22.42087 22.86955 23.24186 23.55199 23.81008 24.02395
-2.166035 -2.341830 -2.544662 -2.779427 -3.052477 -3.371464 -3.746590 -4.190523 -4.720077 -5.352845 -6.091756 -6.870527 -7.572770 -8.149888 -8.610462 -8.972071 -9.249919 -9.455382 -9.596965 -9.680893 -9.711714 -9.692616 -9.625713 -9.512218 -9.352586 -9.146603 -8.893497 -8.591988 -8.240374 -7.836559 -7.378146 -6.862454 -6.286594 -5.647470 -4.941875 -4.166430 -3.317684 -2.392017 -1.385710 -0.2948113 0.8847982 2.157615 3.528398 5.002357 6.584874 8.281148 10.09424 12.01930 14.02410 15.99824 17.74141 19.12901 20.19517 21.02608 21.68921 22.22809 22.67169 23.03955 23.34583 23.60062 23.81169
-2.126556 -2.299532 -2.499255 -2.730621 -2.999979 -3.315000 -3.685900 -4.125400 -4.650360 -5.278450 -6.012670 -6.786832 -7.484666 -8.057667 -8.514489 -8.872794 -9.147852 -9.351090 -9.491055 -9.574007 -9.604515 -9.585793 -9.519966 -9.408267 -9.251162 -9.048459 -8.799401 -8.502728 -8.156756 -7.759408 -7.308293 -6.800747 -6.233885 -5.604609 -4.909688 -4.145737 -3.309255 -2.396572 -1.403903 -0.3272064 0.8377419 2.095553 3.451129 4.909822 6.477175 8.158543 9.957152 11.86829 13.85985 15.82153 17.55311 18.93009 19.98660 20.80881 21.46416 21.99615 22.43370 22.79629 23.09801 23.34890 23.55669
-2.081182 -2.250844 -2.446899 -2.674219 -2.939156 -3.249385 -3.615158 -4.049230 -4.568536 -5.190838 -5.919252 -6.687711 -7.380051 -7.947897 -8.400024 -8.754189 -9.025742 -9.226166 -9.364061 -9.445714 -9.475718 -9.457300 -9.392612 -9.282894 -9.128628 -8.929646 -8.685208 -8.394076 -8.054590 -7.664691 -7.222024 -6.723928 -6.167538 -5.549757 -4.867356 -4.116920 -3.294917 -2.397625 -1.421186 -0.3614590 0.7858970 2.025635 3.362821 4.802998 6.351904 8.015106 9.796039 11.69019 13.66563 15.61223 17.32986 18.69404 19.73895 20.55075 21.19686 21.72071 22.15116 22.50758 22.80400 23.05038 23.25437
-2.029713 -2.195533 -2.387298 -2.609855 -2.869545 -3.174042 -3.533620 -3.961091 -4.473468 -5.088628 -5.809823 -6.571143 -7.256622 -7.818040 -8.264310 -8.613314 -8.880490 -9.077393 -9.212666 -9.292618 -9.321868 -9.303655 -9.240132 -9.132560 -8.981436 -8.786607 -8.547357 -8.262476 -7.930334 -7.548911 -7.115871 -6.628597 -6.084233 -5.479707 -4.811791 -4.077059 -3.271957 -2.392714 -1.435391 -0.3957592 0.7306650 1.948798 3.263895 4.681736 6.208307 7.849450 9.608871 11.48233 13.43814 15.36635 17.06701 18.41575 19.44678 20.24623 20.88144 21.39576 21.81792 22.16722 22.45755 22.69877 22.89845
-1.971961 -2.133370 -2.320173 -2.537174 -2.790679 -3.088356 -3.440493 -3.859955 -4.363850 -4.970202 -5.682463 -6.434941 -7.111880 -7.665284 -8.104268 -8.446863 -8.708614 -8.901141 -9.033125 -9.110901 -9.139082 -9.120915 -9.058558 -8.953273 -8.805568 -8.615314 -8.381819 -8.103909 -7.779989 -7.408078 -6.985893 -6.510852 -5.980144 -5.390724 -4.739391 -4.022723 -3.237153 -2.378872 -1.443883 -0.4278541 0.6738305 1.866272 3.154954 4.545919 6.045484 7.659842 9.393073 11.24130 13.17322 15.07916 16.75936 18.08958 19.10404 19.88885 20.51128 21.01450 21.42711 21.76824 22.05164 22.28702 22.48183
-1.907755 -2.064151 -2.245260 -2.455824 -2.702093 -2.991699 -3.334924 -3.744679 -4.238185 -4.833644 -5.534754 -6.276133 -6.942369 -7.485771 -7.915689 -8.250343 -8.505394 -8.692528 -8.820440 -8.895464 -8.922203 -8.903884 -8.842653 -8.739767 -8.595744 -8.410474 -8.183290 -7.913060 -7.598235 -7.236894 -6.826807 -6.365449 -5.850076 -5.277699 -4.645152 -3.949053 -3.185844 -2.351709 -1.442603 -0.4541144 0.6185025 1.780532 3.037703 4.396388 5.863283 7.445041 9.146245 10.96355 12.86613 14.74475 16.39998 17.70779 18.70244 19.46995 20.07740 20.56777 20.96943 21.30127 21.57685 21.80569 21.99508
-1.836968 -1.987719 -2.162357 -2.365529 -2.603389 -2.883487 -3.216067 -3.614064 -4.094809 -4.676733 -5.363894 -6.091353 -6.744136 -7.274994 -7.693623 -8.018463 -8.265293 -8.445833 -8.568763 -8.640381 -8.665239 -8.646521 -8.586343 -8.485946 -8.345845 -8.165943 -7.945609 -7.683752 -7.378885 -7.029152 -6.632400 -6.186193 -5.687865 -5.134506 -4.523031 -3.850125 -3.112278 -2.305701 -1.426350 -0.4697636 0.5689040 1.695095 2.914797 4.234721 5.662031 7.203954 8.865759 10.64485 12.51115 14.35613 15.98083 17.26146 18.23232 18.97934 19.56929 20.04484 20.43401 20.75538 21.02221 21.24378 21.42719
-1.759524 -1.903983 -2.071343 -2.266100 -2.494258 -2.763225 -3.083136 -3.466884 -3.931897 -4.496880 -5.166360 -5.876052 -6.511729 -7.026766 -7.431309 -7.744045 -7.980845 -8.153402 -8.270323 -8.337798 -8.360288 -8.340891 -8.281669 -8.183821 -8.047852 -7.873678 -7.660700 -7.407881 -7.113803 -6.776688 -6.394488 -5.964867 -5.485273 -4.952914 -4.364825 -3.717793 -3.008419 -2.232987 -1.387521 -0.4675746 0.5317248 1.615931 2.791231 4.064684 5.443946 6.936946 8.549851 10.28114 12.10188 13.90461 15.49122 16.73842 17.68055 18.40322 18.97276 19.43128 19.80630 20.11594 20.37306 20.58664 20.76351
-1.675439 -1.812969 -1.972228 -2.157510 -2.374583 -2.630620 -2.935519 -3.302023 -3.747560 -4.291131 -4.937950 -5.624760 -6.238449 -6.733379 -7.120311 -7.418183 -7.642852 -7.805873 -7.915652 -7.978199 -7.997795 -7.977417 -7.919024 -7.823764 -7.692115 -7.523997 -7.318844 -7.075681 -6.793161 -6.469621 -6.103118 -5.691457 -5.232225 -4.722792 -4.160347 -3.541852 -2.864063 -2.123436 -1.316132 -0.4378327 0.5162552 1.551669 2.674686 3.892597 5.213529 6.646156 8.197784 9.868406 11.63092 13.37973 14.91821 16.12379 17.03088 17.72454 18.27028 18.70935 19.06845 19.36507 19.61153 19.81640 19.98618
-1.584858 -1.714848 -1.865208 -2.039956 -2.244530 -2.485709 -2.772978 -3.118679 -3.540026 -4.056219 -4.673387 -5.329963 -5.914864 -6.384004 -6.748919 -7.028660 -7.238841 -7.390644 -7.492110 -7.548915 -7.565094 -7.543426 -7.485736 -7.393086 -7.265914 -7.104136 -6.907229 -6.674269 -6.404012 -6.094904 -5.745149 -5.352703 -4.915337 -4.430613 -3.895939 -3.308495 -2.665290 -1.963026 -1.198125 -0.3665321 0.5362965 1.515681 2.577750 3.729796 4.980167 6.338173 7.812329 9.404647 11.09087 12.76868 14.24439 15.39702 16.26089 16.91989 17.43800 17.85498 18.19636 18.47866 18.71354 18.90902 19.07122
-1.488102 -1.610010 -1.750748 -1.913973 -2.104674 -2.329059 -2.595909 -2.916767 -3.308104 -3.788909 -4.366430 -4.982078 -5.528539 -5.964367 -6.301896 -6.559824 -6.753016 -6.891909 -6.983909 -7.034211 -7.046484 -7.023239 -6.966125 -6.876094 -6.753527 -6.598339 -6.410026 -6.187746 -5.930352 -5.636420 -5.304310 -4.932167 -4.517975 -4.059530 -3.554500 -3.000362 -2.394440 -1.733791 -1.015231 -0.2351351 0.6105699 1.526706 2.518895 3.593961 4.759952 6.026238 7.402161 8.891925 10.47549 12.05667 13.44792 14.53159 15.34158 15.95921 16.44546 16.83767 17.15955 17.42635 17.64880 17.83430 17.98847
-1.385771 -1.499154 -1.629667 -1.780535 -1.956165 -2.161991 -2.405736 -2.697541 -3.052150 -3.487086 -4.010266 -4.568545 -5.062649 -5.455554 -5.759621 -5.991949 -6.165764 -6.290206 -6.371742 -6.414889 -6.422841 -6.397783 -6.341147 -6.253742 -6.135888 -5.987476 -5.808047 -5.596820 -5.352764 -5.074594 -4.760851 -4.409882 -4.019913 -3.589004 -3.115139 -2.596137 -2.029718 -1.413390 -0.7444926 -1.9998848E-02 0.7634506 1.609852 2.523855 3.511174 4.578640 5.734479 6.987394 8.342591 9.784860 11.22897 12.50154 13.49301 14.23556 14.80428 15.25444 15.61936 15.92018 16.17044 16.37977 16.55479 16.70058
-1.278951 -1.383505 -1.503365 -1.641279 -1.800957 -1.986894 -2.205383 -2.464509 -2.775872 -3.153020 -3.601948 -4.078983 -4.502440 -4.841861 -5.106719 -5.310242 -5.462788 -5.571624 -5.641963 -5.677492 -5.680840 -5.653814 -5.597589 -5.512826 -5.399763 -5.258273 -5.087924 -4.888018 -4.657633 -4.395641 -4.100763 -3.771576 -3.406554 -3.004063 -2.562421 -2.079836 -1.554481 -0.9843920 -0.3675241 0.2983947 1.015822 1.787622 2.617036 3.507990 4.465046 5.493581 6.599018 7.783825 9.034591 10.28222 11.38509 12.25333 12.91327 13.42597 13.83643 14.17211 14.45068 14.68367 14.87937 15.04355 15.18071
-1.169545 -1.265133 -1.374129 -1.498814 -1.642103 -1.807504 -1.999624 -2.224138 -2.488363 -2.799561 -3.157588 -3.531733 -3.869809 -4.148748 -4.371064 -4.544081 -4.674407 -4.767078 -4.825879 -4.853585 -4.852210 -4.823156 -4.767331 -4.685235 -4.577018 -4.442535 -4.281387 -4.092948 -3.876414 -3.630817 -3.355064 -3.047967 -2.708261 -2.334628 -1.925728 -1.480194 -0.9966635 -0.4737459 8.9941546E-02 0.6958362 1.345399 2.040187 2.781808 3.571975 4.412329 5.304197 6.247553 7.238120 8.258435 9.256357 10.14254 10.86191 11.42877 11.88126 12.25009 12.55553 12.81124 13.02659 13.20839 13.36158 13.48996
-1.060272 -1.146916 -1.245094 -1.356610 -1.483614 -1.628637 -1.794672 -1.985073 -2.203210 -2.450742 -2.722805 -3.000618 -3.257645 -3.478052 -3.658734 -3.801703 -3.910074 -3.986743 -4.034119 -4.054084 -4.048049 -4.017017 -3.961637 -3.882247 -3.778912 -3.651471 -3.499548 -3.322601 -3.119940 -2.890750 -2.634132 -2.349121 -2.034718 -1.689910 -1.313708 -0.9051513 -0.4633404 1.2550131E-02 0.5232577 1.069404 1.651476 2.269775 2.924333 3.614761 4.339962 5.097545 5.882660 6.685522 7.486587 8.250756 8.934428 9.512437 9.989093 10.38244 10.71008 10.98546 11.21842 11.41617 11.58410 11.72629 11.84589
-0.9535915 -1.031482 -1.119129 -1.217871 -1.329207 -1.454784 -1.596312 -1.755334 -1.932672 -2.127148 -2.333423 -2.540433 -2.734506 -2.905598 -3.049246 -3.164605 -3.252424 -3.313949 -3.350449 -3.363032 -3.352580 -3.319733 -3.264897 -3.188263 -3.089825 -2.969399 -2.826644 -2.661093 -2.472166 -2.259197 -2.021470 -1.758237 -1.468749 -1.152281 -0.8081671 -0.4358258 -3.4785274E-02 0.3952805 0.8545224 1.342868 1.859967 2.405104 2.977066 3.573931 4.192743 4.828961 5.475597 6.121926 6.752110 7.345474 7.881673 8.349377 8.749242 9.089045 9.378119 9.624783 9.835764 10.01635 10.17070 10.30206 10.41302
-0.8510260 -0.9205096 -0.9981104 -1.084765 -1.181445 -1.289102 -1.408538 -1.540154 -1.683506 -1.836589 -1.995039 -2.152064 -2.299939 -2.432220 -2.544929 -2.636246 -2.705688 -2.753439 -2.779959 -2.785755 -2.771278 -2.736866 -2.682721 -2.608907 -2.515355 -2.401870 -2.268142 -2.113773 -1.938292 -1.741173 -1.521865 -1.279819 -1.014511 -0.7254757 -0.4123360 -7.4834749E-02 0.2871331 0.6734837 1.083897 1.517767 1.974133 2.451580 2.948122 3.461002 3.986455 4.519358 5.052835 5.577898 6.083502 6.557700 6.990331 7.375765 7.713632 8.007298 8.261666 8.481751 8.672016 8.836234 8.977514 9.098395 9.200938
-0.7534152 -0.8149600 -0.8831565 -0.9586159 -1.041908 -1.133492 -1.233594 -1.342002 -1.457787 -1.578965 -1.702256 -1.823226 -1.937002 -2.039281 -2.126933 -2.198033 -2.251597 -2.287237 -2.304892 -2.304655 -2.286656 -2.250997 -2.197722 -2.126796 -2.038097 -1.931425 -1.806506 -1.663008 -1.500555 -1.318746 -1.117181 -0.8954851 -0.6533310 -0.3904743 -0.1067773 0.1977544 0.5229377 0.8683756 1.233413 1.617086 2.018058 2.434540 2.864198 3.304025 3.750212 4.197994 4.641578 5.074184 5.488445 5.877249 6.234873 6.558042 6.846216 7.100907 7.324758 7.520784 7.691910 7.840781 7.969681 8.080551 8.175014
-0.6612049 -0.7153654 -0.7748978 -0.8401670 -0.9114571 -0.9889059 -1.072403 -1.161459 -1.255041 -1.351426 -1.448140 -1.542129 -1.630143 -1.709163 -1.776759 -1.831202 -1.871381 -1.896647 -1.906649 -1.901215 -1.880257 -1.843712 -1.791505 -1.723527 -1.639623 -1.539596 -1.423202 -1.290173 -1.140217 -0.9730449 -0.7883843 -0.5860085 -0.3657535 -0.1275506 0.1285458 0.4023286 0.6934099 1.001181 1.324777 1.663033 2.014441 2.377089 2.748611 3.126114 3.506145 3.884660 4.257080 4.618449 4.963771 5.288515 5.589210 5.863812 6.111742 6.333642 6.530951 6.705496 6.859191 6.993868 7.111189 7.212613 7.299397
-0.5746068 -0.6219842 -0.6736421 -0.7297675 -0.7904488 -0.8556275 -0.9250216 -0.9980440 -1.073717 -1.150611 -1.226861 -1.300265 -1.368485 -1.429327 -1.480919 -1.521792 -1.550877 -1.567440 -1.570993 -1.561215 -1.537882 -1.500821 -1.449880 -1.384901 -1.305709 -1.212115 -1.103910 -0.9808773 -0.8428039 -0.6894900 -0.5207736 -0.3365455 -0.1367735 7.8474924E-02 0.3090063 0.5544726 0.8143509 1.087908 1.374175 1.671914 1.979590 2.295337 2.616938 2.941801 3.266965 3.589137 3.904782 4.210282 4.502171 4.777434 5.033726 5.269592 5.484511 5.678733 5.853044 6.008559 6.146528 6.268212 6.374809 6.467406 6.546964
-0.4936647 -0.5348791 -0.5794591 -0.6274668 -0.6788666 -0.7334881 -0.7909738 -0.8507332 -0.9118922 -0.9732837 -1.033454 -1.090762 -1.143501 -1.190015 -1.228828 -1.258715 -1.278715 -1.288101 -1.286337 -1.273033 -1.247890 -1.210674 -1.161184 -1.099236 -1.024648 -0.9372444 -0.8368470 -0.7232890 -0.5964196 -0.4561162 -0.3023023 -0.1349639 4.5834295E-02 0.2399243 0.4470177 0.6666784 0.8983083 1.141119 1.394115 1.656073 1.925526 2.200748 2.479759 2.760318 3.039962 3.316055 3.585876 3.846734 4.096127 4.331908 4.552450 4.756705 4.944185 5.114911 5.269294 5.408011 5.531876 5.641752 5.738496 5.822908 5.895720
-0.4183076 -0.4539725 -0.4922457 -0.5331070 -0.5764450 -0.6220324 -0.6694935 -0.7182716 -0.7676129 -0.8165605 -0.8639839 -0.9086208 -0.9491485 -0.9842934 -1.012888 -1.033920 -1.046549 -1.050099 -1.044042 -1.027963 -1.001537 -0.9644971 -0.9166217 -0.8577148 -0.7876001 -0.7061159 -0.6131161 -0.5084748 -0.3920935 -0.2639126 -0.1239203 2.7826428E-02 0.1911923 0.3659431 0.5517304 0.7480727 0.9543415 1.169744 1.393313 1.623891 1.860133 2.100495 2.343254 2.586514 2.828254 3.066369 3.298748 3.523357 3.738348 3.942154 4.133538 4.311656 4.476080 4.626734 4.763815 4.887724 4.998983 5.098182 5.185925 5.262799 5.329351
-0.3483815 -0.3790862 -0.4117794 -0.4463883 -0.4827597 -0.5206447 -0.5596750 -0.5993487 -0.6390190 -0.6779003 -0.7150820 -0.7495742 -0.7803621 -0.8064356 -0.8268522 -0.8407712 -0.8474681 -0.8463377 -0.8368825 -0.8186992 -0.7914577 -0.7548870 -0.7087599 -0.6528829 -0.5870888 -0.5112352 -0.4252037 -0.3289036 -0.2222797 -0.1053184 2.1940842E-02 0.1593918 0.3068520 0.4640475 0.6305985 0.8060086 0.9896538 1.180770 1.378448 1.581629 1.789106 1.999531 2.211424 2.423202 2.633209 2.839760 3.041196 3.235945 3.422587 3.599912 3.766983 3.923146 4.068004 4.201409 4.323426 4.434276 4.534290 4.623865 4.703422 4.773386 4.834164
-0.2836716 -0.3099692 -0.3377530 -0.3669179 -0.3972909 -0.4286217 -0.4605660 -0.4926770 -0.5244042 -0.5550987 -0.5840305 -0.6104087 -0.6334080 -0.6522232 -0.6660928 -0.6743180 -0.6762805 -0.6714467 -0.6593642 -0.6396558 -0.6120060 -0.5761524 -0.5318759 -0.4789926 -0.4173494 -0.3468245 -0.2673235 -0.1787858 -8.1189349E-02 2.5444105E-02 0.1410391 0.2654566 0.3984859 0.5398320 0.6891088 0.8458242 1.009381 1.179063 1.354038 1.533356 1.715953 1.900663 2.086231 2.271335 2.454618 2.634722 2.810326 2.980197 3.143226 3.298475 3.445176 3.582765 3.710892 3.829391 3.938249 4.037575 4.127569 4.208485 4.280620 4.344275 4.399745
-0.2239244 -0.2463264 -0.2698089 -0.2942510 -0.3194737 -0.3452357 -0.3712221 -0.3970410 -0.4222229 -0.4462270 -0.4684498 -0.4882508 -0.5049767 -0.5179715 -0.5266039 -0.5302915 -0.5285081 -0.5207886 -0.5067300 -0.4859890 -0.4582743 -0.4233409 -0.3809847 -0.3310370 -0.2733622 -0.2078576 -0.1344490 -5.3102337E-02 3.6179647E-02 0.1333501 0.2383094 0.3508985 0.4708923 0.5979924 0.7318174 0.8718979 1.017674 1.168490 1.323596 1.482150 1.643224 1.805817 1.968868 2.131275 2.291919 2.449697 2.603544 2.752468 2.895578 3.032107 3.161445 3.283134 3.396850 3.502404 3.599734 3.688875 3.769934 3.843076 3.908495 3.966402 4.017016
