T4-twomodels-1/model30.grd
DSAA
         100         100
  -15.00000       15.00000    
  -15.00000       15.00000    
  -3.450128       7.054764    
[rows 27 to 53 of 100, columns 0 to 60 of 100]
-9.5306113E-02 -0.1088663 -0.1250958 -0.1447113 -0.1686653 -0.1982138 -0.2349820 -0.2809349 -0.3380813 -0.4074595 -0.4870850 -0.5701834 -0.6477035 -0.7138137 -0.7673234 -0.8095855 -0.8426338 -0.8683568 -0.8882759 -0.9035508 -0.9150429 -0.9233863 -0.9290422 -0.9323416 -0.9335141 -0.9327098 -0.9300126 -0.9254494 -0.9189938 -0.9105687 -0.9000429 -0.8872272 -0.8718641 -0.8536158 -0.8320444 -0.8065868 -0.7765182 -0.7409043 -0.6985354 -0.6478420 -0.5867857 -0.5127403 -0.4223865 -0.3117124 -0.1762893 -1.2122840E-02 0.1826342 0.4050920 0.6449994 0.8844339 1.103234 1.288449 1.438143 1.557140 1.651860 1.727910 1.789620 1.840192 1.881990 1.916759 1.945806
-0.1086143 -0.1239216 -0.1424636 -0.1651970 -0.1934642 -0.2291252 -0.2748071 -0.3340731 -0.4114390 -0.5110687 -0.6322014 -0.7615320 -0.8784901 -0.9725769 -1.044624 -1.099077 -1.140276 -1.171570 -1.195379 -1.213415 -1.226889 -1.236653 -1.243316 -1.247302 -1.248904 -1.248313 -1.245636 -1.240913 -1.234120 -1.225172 -1.213920 -1.200148 -1.183558 -1.163754 -1.140217 -1.112272 -1.079036 -1.039352 -0.9916847 -0.9339936 -0.8635364 -0.7766302 -0.6683638 -0.5323603 -0.3608163 -0.1453131 0.1209144 0.4385619 0.7954723 1.159897 1.488029 1.752137 1.952845 2.104217 2.220070 2.310447 2.382225 2.440088 2.487302 2.526172 2.558378
-0.1230934 -0.1401984 -0.1611538 -0.1871477 -0.2200044 -0.2622441 -0.3177828 -0.3922341 -0.4939743 -0.6330360 -0.8141968 -1.013557 -1.186432 -1.316340 -1.410451 -1.478723 -1.528885 -1.566172 -1.594109 -1.615045 -1.630583 -1.641823 -1.649527 -1.654223 -1.656270 -1.655901 -1.653251 -1.648371 -1.641240 -1.631765 -1.619782 -1.605043 -1.587212 -1.565826 -1.540291 -1.509805 -1.473330 -1.429456 -1.376318 -1.311342 -1.231024 -1.130466 -1.002918 -0.8391069 -0.6269112 -0.3517008 1.2774020E-03 0.4413078 0.9603812 1.510364 2.001179 2.374091 2.638445 2.827271 2.966520 3.072303 3.154743 3.220214 3.273054 3.316139 3.351592
-0.1377906 -0.1566991 -0.1800856 -0.2093621 -0.2468583 -0.2957563 -0.3613274 -0.4513158 -0.5782763 -0.7588020 -1.004626 -1.280257 -1.513082 -1.680514 -1.797395 -1.879791 -1.939065 -1.982420 -2.014527 -2.038386 -2.056005 -2.068729 -2.077482 -2.082892 -2.085388 -2.085244 -2.082624 -2.077588 -2.070123 -2.060122 -2.047410 -2.031704 -2.012632 -1.989664 -1.962129 -1.929097 -1.889374 -1.841295 -1.782659 -1.710354 -1.620100 -1.505755 -1.358685 -1.166618 -0.9129296 -0.5763969 -0.1335854 0.4346923 1.126602 1.877718 2.545158 3.034219 3.364995 3.592274 3.755344 3.876719 3.969928 4.043054 4.101552 4.148865 4.187580
-0.1515480 -0.1722258 -0.1979694 -0.2304317 -0.2723698 -0.3276052 -0.4025353 -0.5067200 -0.6557980 -0.8706114 -1.165603 -1.497059 -1.776218 -1.975111 -2.112154 -2.207511 -2.275323 -2.324454 -2.360567 -2.387256 -2.406898 -2.421072 -2.430851 -2.436962 -2.439898 -2.439977 -2.437385 -2.432196 -2.424400 -2.413881 -2.400448 -2.383789 -2.363492 -2.338966 -2.309460 -2.273927 -2.231010 -2.178817 -2.114810 -2.035381 -1.935514 -1.807939 -1.642307 -1.423736 -1.131788 -0.7400158 -0.2187351 0.4568253 1.284959 2.185735 2.984051 3.564495 3.951854 4.213847 4.399108 4.535319 4.638870 4.719432 4.783434 4.834895 4.876800
-0.1638492 -0.1862139 -0.2141753 -0.2496082 -0.2956110 -0.3565288 -0.4395764 -0.5555478 -0.7218030 -0.9609452 -1.287441 -1.653194 -1.962589 -2.184246 -2.337181 -2.443397 -2.518665 -2.572988 -2.612774 -2.642098 -2.663645 -2.679193 -2.689950 -2.696732 -2.700090 -2.700380 -2.697812 -2.692472 -2.684351 -2.673326 -2.659189 -2.641601 -2.620111 -2.594072 -2.562655 -2.524705 -2.478719 -2.422590 -2.353480 -2.267346 -2.158535 -2.018841 -1.836545 -1.594801 -1.270512 -0.8340055 -0.2525054 0.5000662 1.418736 2.413193 3.293852 3.936411 4.366418 4.656885 4.861384 5.010937 5.124002 5.211526 5.280734 5.336156 5.381122
-0.1747012 -0.1986307 -0.2286226 -0.2667307 -0.3163126 -0.3820889 -0.4718077 -0.5969694 -0.7757276 -1.031197 -1.377304 -1.763816 -2.092270 -2.329452 -2.494116 -2.608885 -2.690322 -2.749100 -2.792126 -2.823820 -2.847105 -2.863921 -2.875587 -2.882995 -2.886749 -2.887234 -2.884684 -2.879194 -2.870756 -2.859240 -2.844424 -2.825941 -2.803305 -2.775816 -2.742576 -2.702334 -2.653452 -2.593640 -2.519803 -2.427537 -2.310682 -2.160316 -1.963730 -1.702776 -1.352766 -0.8823993 -0.2578229 0.5465809 1.522815 2.574884 3.506905 4.190700 4.651479 4.964123 5.184508 5.345554 5.467066 5.560905 5.634910 5.694029 5.741874
-0.1842710 -0.2096212 -0.2414277 -0.2818793 -0.3345179 -0.4043123 -0.4993265 -0.6314238 -0.8190727 -1.085458 -1.444066 -1.843608 -2.184294 -2.431968 -2.605066 -2.726346 -2.812708 -2.875183 -2.920977 -2.954742 -2.979573 -2.997531 -3.010024 -3.018004 -3.022117 -3.022778 -3.020238 -3.014600 -3.005856 -2.993868 -2.978402 -2.959068 -2.935343 -2.906485 -2.871532 -2.829149 -2.777583 -2.714392 -2.636272 -2.538536 -2.414640 -2.255153 -2.046714 -1.770383 -1.400623 -0.9054404 -0.2507983 0.5881543 1.601443 2.690157 3.655416 4.367086 4.849944 5.179490 5.412631 5.583292 5.712099 5.811524 5.889855 5.952353 6.002861
-0.1927285 -0.2193444 -0.2527408 -0.2952026 -0.3503965 -0.4234436 -0.5225850 -0.6598539 -0.8538240 -1.127624 -1.494430 -1.902406 -2.251156 -2.506011 -2.685149 -2.811315 -2.901532 -2.967005 -3.015110 -3.050646 -3.076820 -3.095785 -3.109014 -3.117505 -3.121939 -3.122755 -3.120215 -3.114429 -3.105392 -3.092957 -3.076875 -3.056738 -3.031994 -3.001859 -2.965319 -2.920965 -2.866952 -2.800714 -2.718783 -2.616261 -2.486330 -2.319216 -2.101150 -1.812743 -1.428051 -0.9148359 -0.2391763 0.6231405 1.660929 2.773700 3.761111 4.492041 4.990869 5.333233 5.576477 5.755039 5.890026 5.994302 6.076458 6.141993 6.194921
-0.2002135 -0.2279409 -0.2627088 -0.3068685 -0.3641672 -0.4398171 -0.5421519 -0.6832777 -0.8817911 -1.160751 -1.533151 -1.946859 -2.301120 -2.560990 -2.744492 -2.874316 -2.967523 -3.035393 -3.085398 -3.122420 -3.149744 -3.169582 -3.183453 -3.192393 -3.197108 -3.198053 -3.195504 -3.189575 -3.180257 -3.167401 -3.150745 -3.129860 -3.104172 -3.072860 -3.034865 -2.988722 -2.932510 -2.863563 -2.778294 -2.671649 -2.536621 -2.363217 -2.137422 -1.839612 -1.443659 -0.9172786 -0.2267208 0.6517772 1.706331 2.835615 3.838441 4.583071 5.093619 5.445734 5.696939 5.881932 6.022086 6.130511 6.216004 6.284227 6.339328
-0.2068342 -0.2355251 -0.2714622 -0.3170408 -0.3760588 -0.4537804 -0.5585849 -0.7026070 -0.9044361 -1.187067 -1.563365 -1.981027 -2.339139 -2.602589 -2.789282 -2.921858 -3.017378 -3.087153 -3.138702 -3.176955 -3.205248 -3.225831 -3.240255 -3.249583 -3.254538 -3.255591 -3.253025 -3.246954 -3.237373 -3.224124 -3.206934 -3.185361 -3.158807 -3.126422 -3.087113 -3.039365 -2.981198 -2.909874 -2.821714 -2.711556 -2.572269 -2.393720 -2.161756 -1.856631 -1.452149 -0.9160502 -0.2147399 0.6752413 1.741565 2.882394 3.896109 4.650652 5.169921 5.529506 5.786985 5.977185 6.121624 6.233563 6.321934 6.392510 6.449536
-0.2126766 -0.2421954 -0.2791202 -0.3258767 -0.3862925 -0.4656608 -0.5723822 -0.7185995 -0.9228851 -1.208190 -1.587311 -2.007845 -2.368742 -2.634800 -2.823860 -2.958521 -3.055832 -3.127117 -3.179912 -3.219179 -3.248279 -3.269490 -3.284383 -3.294039 -3.299198 -3.300337 -3.297745 -3.291539 -3.281711 -3.268099 -3.250421 -3.228219 -3.200879 -3.167529 -3.127043 -3.077870 -3.017986 -2.944596 -2.853958 -2.740834 -2.598013 -2.415276 -2.178393 -1.867561 -1.456569 -0.9132013 -0.2039829 0.6943434 1.769194 2.918454 3.940196 4.702110 5.227973 5.593324 5.855764 6.050169 6.198145 6.313038 6.403868 6.476484 6.535196
-0.2178118 -0.2480348 -0.2857886 -0.3335173 -0.3950660 -0.4757436 -0.5839611 -0.7318579 -0.9379910 -1.225277 -1.606453 -2.029052 -2.391983 -2.659974 -2.850812 -2.987066 -3.085770 -3.158248 -3.212046 -3.252140 -3.281907 -3.303640 -3.318927 -3.328860 -3.334187 -3.335392 -3.332767 -3.326433 -3.316377 -3.302433 -3.284311 -3.261543 -3.233498 -3.199287 -3.157760 -3.107336 -3.045957 -2.970789 -2.878043 -2.762432 -2.616692 -2.430554 -2.189747 -1.874444 -1.458440 -0.9095639 -0.1944335 0.7100737 1.791193 2.946606 3.974243 4.741679 5.272577 5.642419 5.908791 6.106596 6.257481 6.374844 6.467755 6.542125 6.602303
-0.2222990 -0.2531172 -0.2915621 -0.3400897 -0.4025554 -0.4842769 -0.5936660 -0.7428587 -0.9503987 -1.239179 -1.621909 -2.046085 -2.410548 -2.679996 -2.872185 -3.009664 -3.109455 -3.182878 -3.237479 -3.278244 -3.308558 -3.330723 -3.346336 -3.356498 -3.361961 -3.363215 -3.360555 -3.354099 -3.343835 -3.329591 -3.311071 -3.287798 -3.259128 -3.224158 -3.181717 -3.130206 -3.067539 -2.990853 -2.896328 -2.778644 -2.630504 -2.441608 -2.197666 -1.878846 -1.458954 -0.9058576 -0.1862412 0.7229254 1.808777 2.968895 4.001067 4.772745 5.307539 5.680898 5.950400 6.150951 6.304220 6.423636 6.518304 6.594165 6.655603
-0.2261890 -0.2575062 -0.2965235 -0.3457045 -0.4089114 -0.4914635 -0.6017748 -0.7519740 -0.9605942 -1.250510 -1.634402 -2.059734 -2.425345 -2.695898 -2.889123 -3.027550 -3.128191 -3.202359 -3.257604 -3.298910 -3.329668 -3.352186 -3.368068 -3.378417 -3.383989 -3.385279 -3.382580 -3.376012 -3.365561 -3.351049 -3.332177 -3.308458 -3.279241 -3.243608 -3.200377 -3.147930 -3.084164 -3.006194 -2.910181 -2.790779 -2.640671 -2.449545 -2.203099 -1.881502 -1.458575 -0.9022188 -0.1791647 0.7335517 1.822981 2.986610 4.022179 4.797099 5.334921 5.711050 5.983044 6.185812 6.341029 6.462142 6.558277 6.635397 6.697912
-0.2295254 -0.2612563 -0.3007444 -0.3504574 -0.4142600 -0.4974740 -0.6085098 -0.7594944 -0.9689488 -1.259738 -1.644533 -2.070781 -2.437280 -2.708681 -2.902703 -3.041866 -3.143171 -3.217928 -3.273684 -3.315424 -3.346542 -3.369347 -3.385445 -3.395945 -3.401604 -3.402917 -3.400179 -3.393510 -3.382891 -3.368145 -3.348964 -3.324859 -3.295168 -3.258966 -3.215060 -3.161817 -3.097124 -3.018080 -2.920830 -2.800016 -2.648308 -2.455385 -2.206942 -1.883151 -1.457850 -0.8989621 -0.1732549 0.7421935 1.834391 3.000788 4.039045 4.816507 5.356697 5.735009 6.008988 6.213537 6.370338 6.492843 6.590197 6.668370 6.731789
-0.2323454 -0.2644157 -0.3042868 -0.3544284 -0.4187069 -0.5024442 -0.6140494 -0.7656435 -0.9757435 -1.267202 -1.652672 -2.079588 -2.446755 -2.718805 -2.913440 -3.053173 -3.154997 -3.230215 -3.286375 -3.328460 -3.359865 -3.382898 -3.399171 -3.409790 -3.415516 -3.416844 -3.414068 -3.407310 -3.396545 -3.381597 -3.362152 -3.337716 -3.307624 -3.270940 -3.226464 -3.172558 -3.107094 -3.027162 -2.928898 -2.806936 -2.653937 -2.459576 -2.209548 -1.884031 -1.456875 -0.8960229 -0.1682660 0.7492831 1.843588 3.012046 4.052311 4.831717 5.373751 5.753779 6.029330 6.235303 6.393380 6.517019 6.615366 6.694408 6.758580
-0.2346799 -0.2670246 -0.3072018 -0.3576836 -0.4223374 -0.5064842 -0.6185318 -0.7705978 -0.9811926 -1.273165 -1.659166 -2.086623 -2.454309 -2.726855 -2.921961 -3.062131 -3.164354 -3.239933 -3.296406 -3.338762 -3.370391 -3.393606 -3.410016 -3.420728 -3.426505 -3.427841 -3.425033 -3.418195 -3.407307 -3.392187 -3.372523 -3.347811 -3.317384 -3.280303 -3.235358 -3.180906 -3.114813 -3.034162 -2.935081 -2.812199 -2.658174 -2.462678 -2.211407 -1.884545 -1.455953 -0.8935841 -0.1642534 0.7549085 1.850849 3.020955 4.062827 4.843758 5.387224 5.768587 6.045370 6.252467 6.411556 6.536100 6.635250 6.714997 6.779781
-0.2365556 -0.2691149 -0.3095316 -0.3602772 -0.4252210 -0.5096816 -0.6220661 -0.7744896 -0.9854589 -1.277816 -1.664200 -2.092031 -2.460096 -2.733014 -2.928474 -3.068974 -3.171501 -3.247351 -3.304066 -3.346629 -3.378431 -3.401785 -3.418299 -3.429083 -3.434898 -3.436238 -3.433399 -3.426497 -3.415508 -3.400249 -3.380405 -3.355471 -3.324775 -3.287374 -3.242055 -3.187169 -3.120577 -3.039359 -2.939637 -2.816037 -2.661214 -2.464842 -2.212616 -1.884727 -1.455041 -0.8915242 -0.1610031 0.7593719 1.856524 3.027807 4.070828 4.852889 5.397440 5.779824 6.057552 6.265517 6.425393 6.550643 6.650423 6.730723 6.795992
-0.2379928 -0.2707138 -0.3113094 -0.3622528 -0.4274105 -0.5121033 -0.6247358 -0.7774209 -0.9886634 -1.281303 -1.667980 -2.096112 -2.464464 -2.737654 -2.933371 -3.074113 -3.176861 -3.252911 -3.309803 -3.352518 -3.384448 -3.407905 -3.424497 -3.435332 -3.441174 -3.442517 -3.439652 -3.432698 -3.421632 -3.406265 -3.386282 -3.361177 -3.330275 -3.292628 -3.247025 -3.191808 -3.124839 -3.043192 -2.942988 -2.818851 -2.663434 -2.466409 -2.213477 -1.884831 -1.454342 -0.8899853 -0.1585946 0.7626692 1.860725 3.032929 4.076855 4.859765 5.405117 5.788251 6.066680 6.275286 6.435749 6.561528 6.661780 6.742499 6.808136
-0.2390082 -0.2718419 -0.3125618 -0.3636405 -0.4289471 -0.5137987 -0.6266014 -0.7794653 -0.9908937 -1.283723 -1.670585 -2.098894 -2.467429 -2.740802 -2.936695 -3.077600 -3.180499 -3.256686 -3.313699 -3.356519 -3.388537 -3.412063 -3.428708 -3.439580 -3.445440 -3.446781 -3.443900 -3.436909 -3.425786 -3.410343 -3.390262 -3.365036 -3.333987 -3.296169 -3.250363 -3.194915 -3.127681 -3.045735 -2.945196 -2.820684 -2.664855 -2.467382 -2.213965 -1.884800 -1.453761 -0.8888301 -0.1568478 0.7650188 1.863670 3.036441 4.080921 4.864390 5.410285 5.793936 6.072845 6.281895 6.442762 6.568910 6.669491 6.750501 6.816396
-0.2396131 -0.2725131 -0.3133060 -0.3644651 -0.4298579 -0.5148033 -0.6277046 -0.7806728 -0.9922098 -1.285151 -1.672134 -2.100571 -2.469223 -2.742702 -2.938697 -3.079698 -3.182685 -3.258952 -3.316035 -3.358916 -3.390985 -3.414553 -3.431229 -3.442122 -3.447991 -3.449333 -3.446439 -3.439426 -3.428270 -3.412781 -3.392641 -3.367342 -3.336206 -3.298286 -3.252361 -3.196775 -3.129385 -3.047262 -2.946525 -2.821794 -2.665724 -2.467987 -2.214286 -1.884817 -1.453458 -0.8881919 -0.1558645 0.7663538 1.865371 3.038527 4.083387 4.867201 5.413417 5.797368 6.076559 6.285870 6.446976 6.573338 6.674112 6.755296 6.821342
-0.2398134 -0.2727354 -0.3135527 -0.3647383 -0.4301594 -0.5151352 -0.6280696 -0.7810720 -0.9926438 -1.285620 -1.672632 -2.101089 -2.469770 -2.743285 -2.939312 -3.080344 -3.183361 -3.259654 -3.316760 -3.359661 -3.391747 -3.415328 -3.432015 -3.442914 -3.448787 -3.450128 -3.447232 -3.440212 -3.429043 -3.413539 -3.393379 -3.368056 -3.336893 -3.298936 -3.252973 -3.197342 -3.129900 -3.047718 -2.946916 -2.822112 -2.665963 -2.468139 -2.214344 -1.884776 -1.453312 -0.8879358 -0.1554951 0.7668372 1.865957 3.039196 4.084131 4.868041 5.414360 5.798409 6.077692 6.287089 6.448274 6.574708 6.675546 6.756787 6.822884
-0.2396130 -0.2725131 -0.3133056 -0.3644649 -0.4298579 -0.5148032 -0.6277049 -0.7806731 -0.9922096 -1.285151 -1.672134 -2.100572 -2.469222 -2.742703 -2.938697 -3.079698 -3.182685 -3.258952 -3.316035 -3.358915 -3.390985 -3.414553 -3.431229 -3.442122 -3.447991 -3.449333 -3.446439 -3.439427 -3.428270 -3.412781 -3.392641 -3.367342 -3.336206 -3.298285 -3.252362 -3.196775 -3.129385 -3.047262 -2.946525 -2.821794 -2.665724 -2.467987 -2.214285 -1.884817 -1.453458 -0.8881925 -0.1558648 0.7663537 1.865370 3.038526 4.083387 4.867201 5.413416 5.797368 6.076558 6.285869 6.446975 6.573338 6.674112 6.755296 6.821342
-0.2390079 -0.2718414 -0.3125617 -0.3636405 -0.4289467 -0.5137991 -0.6266014 -0.7794654 -0.9908935 -1.283723 -1.670585 -2.098894 -2.467429 -2.740802 -2.936694 -3.077600 -3.180499 -3.256686 -3.313699 -3.356519 -3.388537 -3.412063 -3.428708 -3.439580 -3.445440 -3.446782 -3.443900 -3.436909 -3.425786 -3.410343 -3.390261 -3.365035 -3.333987 -3.296169 -3.250363 -3.194915 -3.127681 -3.045735 -2.945196 -2.820685 -2.664856 -2.467383 -2.213966 -1.884800 -1.453761 -0.8888299 -0.1568478 0.7650176 1.863670 3.036441 4.080921 4.864388 5.410285 5.793934 6.072844 6.281895 6.442763 6.568910 6.669489 6.750502 6.816395
-0.2379925 -0.2707136 -0.3113091 -0.3622522 -0.4274102 -0.5121034 -0.6247359 -0.7774212 -0.9886636 -1.281303 -1.667980 -2.096113 -2.464464 -2.737653 -2.933371 -3.074112 -3.176861 -3.252912 -3.309803 -3.352518 -3.384448 -3.407905 -3.424496 -3.435333 -3.441174 -3.442517 -3.439652 -3.432699 -3.421632 -3.406265 -3.386282 -3.361177 -3.330275 -3.292629 -3.247025 -3.191809 -3.124839 -3.043192 -2.942989 -2.818851 -2.663433 -2.466409 -2.213477 -1.884831 -1.454342 -0.8899847 -0.1585944 0.7626692 1.860725 3.032928 4.076854 4.859764 5.405116 5.788250 6.066679 6.275286 6.435749 6.561528 6.661780 6.742499 6.808135
-0.2365551 -0.2691142 -0.3095311 -0.3602769 -0.4252203 -0.5096817 -0.6220664 -0.7744896 -0.9854589 -1.277816 -1.664200 -2.092031 -2.460096 -2.733014 -2.928474 -3.068974 -3.171501 -3.247351 -3.304066 -3.346629 -3.378431 -3.401785 -3.418299 -3.429083 -3.434898 -3.436239 -3.433399 -3.426497 -3.415509 -3.400250 -3.380405 -3.355471 -3.324775 -3.287373 -3.242055 -3.187169 -3.120577 -3.039359 -2.939638 -2.816037 -2.661215 -2.464842 -2.212616 -1.884727 -1.455041 -0.8915236 -0.1610031 0.7593716 1.856523 3.027806 4.070828 4.852887 5.397439 5.779823 6.057551 6.265515 6.425392 6.550643 6.650421 6.730721 6.795991
