T4-twomodels-1/model90.grd
DSAA
         100         100
  -15.00000       15.00000    
  -15.00000       15.00000    
  -8.119666       17.75342    
[rows 0 to 26 of 100, columns 0 to 60 of 100]
0.1094166 0.1089719 0.1086180 0.1083683 0.1082378 0.1082423 0.1083981 0.1087226 0.1092337 0.1099497 0.1108903 0.1120739 0.1135169 0.1152385 0.1172573 0.1195913 0.1222569 0.1252701 0.1286456 0.1323967 0.1365352 0.1410712 0.1460133 0.1513679 0.1571395 0.1633303 0.1699404 0.1769670 0.1844052 0.1922473 0.2004829 0.2090990 0.2180795 0.2274057 0.2370559 0.2470060 0.2572290 0.2676953 0.2783733 0.2892286 0.3002256 0.3113264 0.3224923 0.3336830 0.3448581 0.3559764 0.3669971 0.3778795 0.3885828 0.3990668 0.4092976 0.4192427 0.4288672 0.4381384 0.4470265 0.4555047 0.4635483 0.4711351 0.4782456 0.4848621 0.4909697
0.1037461 0.1031084 0.1025603 0.1021177 0.1017969 0.1016153 0.1015918 0.1017457 0.1020974 0.1026675 0.1034764 0.1045454 0.1058985 0.1075565 0.1095395 0.1118678 0.1145609 0.1176373 0.1211141 0.1250069 0.1293298 0.1340949 0.1393124 0.1449905 0.1511351 0.1577491 0.1648335 0.1723862 0.1804023 0.1888740 0.1977904 0.2071375 0.2168980 0.2270513 0.2375739 0.2484387 0.2596160 0.2710726 0.2827728 0.2946785 0.3067489 0.3189417 0.3312126 0.3435164 0.3558070 0.3680379 0.3801627 0.3921357 0.4039134 0.4154541 0.4267130 0.4376472 0.4482206 0.4583995 0.4681516 0.4774469 0.4862586 0.4945626 0.5023372 0.5095639 0.5162262
9.7552851E-02 9.6690863E-02 9.5916875E-02 9.5247932E-02 9.4702460E-02 9.4300017E-02 9.4061680E-02 9.4009444E-02 9.4166473E-02 9.4556555E-02 9.5205031E-02 9.6136354E-02 9.7372852E-02 9.8939598E-02 0.1008616 0.1031625 0.1058649 0.1089903 0.1125588 0.1165887 0.1210966 0.1260970 0.1316023 0.1376224 0.1441646 0.1512335 0.1588309 0.1669553 0.1756022 0.1847638 0.1944286 0.2045817 0.2152044 0.2262744 0.2377657 0.2496485 0.2618893 0.2744513 0.2872946 0.3003758 0.3136490 0.3270662 0.3405773 0.3541306 0.3676739 0.3811540 0.3945185 0.4077148 0.4206909 0.4333959 0.4457861 0.4578197 0.4694533 0.4806464 0.4913627 0.5015690 0.5112357 0.5203366 0.5288484 0.5367510 0.5440271
9.0788424E-02 8.9666940E-02 8.8629887E-02 8.7696068E-02 8.6885996E-02 8.6221844E-02 8.5727058E-02 8.5426800E-02 8.5347295E-02 8.5515507E-02 8.5958064E-02 8.6703569E-02 8.7782837E-02 8.9223973E-02 9.1053911E-02 9.3300059E-02 9.5988676E-02 9.9144720E-02 0.1027916 0.1069510 0.1116424 0.1168828 0.1226874 0.1290681 0.1360342 0.1435918 0.1517438 0.1604900 0.1698261 0.1797442 0.1902327 0.2012757 0.2128531 0.2249405 0.2375094 0.2505268 0.2639557 0.2777545 0.2918783 0.3062782 0.3209024 0.3356960 0.3506017 0.3655612 0.3805145 0.3954011 0.4101611 0.4247351 0.4390668 0.4531023 0.4667849 0.4800607 0.4928840 0.5052127 0.5170068 0.5282300 0.5388501 0.5488382 0.5581691 0.5668216 0.5747772
8.3395526E-02 8.1973955E-02 8.0631033E-02 7.9387672E-02 7.8266777E-02 7.7292979E-02 7.6493166E-02 7.5895473E-02 7.5530030E-02 7.5427808E-02 7.5621992E-02 7.6144971E-02 7.7026978E-02 7.8301460E-02 8.0001615E-02 8.2159333E-02 8.4805183E-02 8.7968238E-02 9.1675997E-02 9.5953539E-02 0.1008239 0.1063076 0.1124222 0.1191823 0.1265997 0.1346823 0.1434345 0.1528571 0.1629467 0.1736956 0.1850920 0.1971190 0.2097550 0.2229739 0.2367442 0.2510293 0.2657879 0.2809737 0.2965359 0.3124190 0.3285642 0.3449089 0.3613881 0.3779345 0.3944796 0.4109541 0.4272891 0.4434166 0.4592691 0.4747810 0.4898957 0.5045596 0.5187180 0.5323205 0.5453222 0.5576830 0.5693672 0.5803441 0.5905866 0.6000718 0.6087806
7.5312585E-02 7.3544271E-02 7.1846217E-02 7.0241533E-02 6.8755716E-02 6.7416593E-02 6.6254251E-02 6.5300882E-02 6.4590789E-02 6.4159125E-02 6.4041622E-02 6.4275987E-02 6.4903148E-02 6.5960363E-02 6.7484543E-02 6.9512405E-02 7.2079554E-02 7.5219736E-02 7.8965001E-02 8.3344892E-02 8.8386402E-02 9.4113663E-02 0.1005477 0.1077061 0.1156033 0.1242494 0.1336509 0.1438099 0.1547241 0.1663863 0.1787844 0.1919010 0.2057132 0.2201925 0.2353044 0.2510085 0.2672589 0.2840034 0.3011849 0.3187402 0.3366027 0.3547005 0.3729592 0.3913013 0.4096482 0.4279203 0.4460384 0.4639248 0.4815054 0.4987097 0.5154651 0.5317031 0.5473659 0.5624005 0.5767574 0.5903925 0.6032672 0.6153477 0.6266056 0.6370168 0.6465613
6.6470951E-02 6.4302176E-02 6.2192090E-02 6.0166035E-02 5.8252424E-02 5.6482490E-02 5.4890256E-02 5.3512376E-02 5.2388012E-02 5.1558044E-02 5.1066328E-02 5.0956152E-02 5.1268492E-02 5.2048173E-02 5.3340130E-02 5.5187266E-02 5.7630941E-02 6.0710542E-02 6.4463638E-02 6.8924487E-02 7.4124776E-02 8.0092929E-02 8.6853936E-02 9.4428912E-02 0.1028354 0.1120862 0.1221902 0.1331515 0.1449688 0.1576360 0.1711412 0.1854662 0.2005870 0.2164727 0.2330860 0.2503821 0.2683098 0.2868107 0.3058198 0.3252660 0.3450725 0.3651571 0.3854343 0.4058147 0.4262076 0.4465207 0.4666631 0.4865442 0.5060756 0.5251717 0.5437581 0.5617656 0.5791246 0.5957721 0.6116530 0.6267185 0.6409264 0.6542410 0.6666318 0.6780735 0.6885463
5.6794845E-02 5.4164160E-02 5.1576119E-02 4.9058754E-02 4.6643745E-02 4.4366103E-02 4.2264376E-02 4.0380400E-02 3.8758922E-02 3.7446849E-02 3.6491964E-02 3.5944838E-02 3.5859946E-02 3.6288079E-02 3.7279144E-02 3.8883112E-02 4.1148022E-02 4.4120125E-02 4.7842763E-02 5.2356161E-02 5.7697389E-02 6.3899837E-02 7.0992835E-02 7.9001836E-02 8.7947771E-02 9.7846963E-02 0.1087111 0.1205464 0.1333536 0.1471279 0.1618577 0.1775248 0.1941039 0.2115622 0.2298588 0.2489446 0.2687625 0.2892471 0.3103249 0.3319146 0.3539283 0.3762718 0.3988458 0.4215471 0.4442705 0.4669090 0.4893569 0.5115103 0.5332700 0.5545430 0.5752348 0.5952573 0.6145366 0.6330057 0.6506038 0.6672777 0.6829817 0.6976777 0.7113336 0.7239240 0.7354285
4.6199840E-02 4.3036126E-02 3.9893996E-02 3.6804006E-02 3.3801574E-02 3.0925848E-02 2.8220611E-02 2.5733700E-02 2.3516476E-02 2.1623563E-02 2.0113379E-02 1.9044591E-02 1.8473506E-02 1.8460933E-02 1.9067597E-02 2.0352006E-02 2.2370275E-02 2.5176024E-02 2.8820103E-02 3.3349264E-02 3.8806766E-02 4.5231521E-02 5.2658286E-02 6.1117113E-02 7.0633270E-02 8.1226885E-02 9.2913143E-02 0.1057012 0.1195943 0.1345891 0.1506754 0.1678350 0.1860420 0.2052613 0.2254491 0.2465512 0.2685046 0.2912356 0.3146608 0.3386878 0.3632154 0.3881349 0.4133312 0.4386844 0.4640715 0.4893680 0.5144507 0.5391977 0.5634908 0.5872163 0.6102754 0.6325771 0.6540328 0.6745632 0.6941007 0.7125867 0.7299720 0.7462167 0.7612875 0.7751592 0.7878118
3.4593675E-02 3.0815406E-02 2.7030662E-02 2.3273332E-02 1.9582478E-02 1.6002264E-02 1.2582191E-02 9.3769282E-03 6.4459164E-03 3.8519735E-03 1.6601291E-03 -6.0885213E-05 -1.2374949E-03 -1.7998508E-03 -1.6796170E-03 -8.0838799E-04 8.7930821E-04 3.4461499E-03 6.9509959E-03 1.1448655E-02 1.6989162E-02 2.3618063E-02 3.1375956E-02 4.0298238E-02 5.0415426E-02 6.1751902E-02 7.4327178E-02 8.8153854E-02 0.1032383 0.1195801 0.1371705 0.1559921 0.1760188 0.1972138 0.2195303 0.2429094 0.2672807 0.2925619 0.3186589 0.3454653 0.3728652 0.4007324 0.4289328 0.4573264 0.4857692 0.5141154 0.5422202 0.5699421 0.5971465 0.6237075 0.6495006 0.6744110 0.6983433 0.7212127 0.7429450 0.7634763 0.7827547 0.8007382 0.8173932 0.8326952 0.8466260
2.1872809E-02 1.7385697E-02 1.2856233E-02 8.3209481E-03 3.8231956E-03 -5.8743171E-04 -4.8546586E-03 -8.9157140E-03 -1.2701821E-02 -1.6139494E-02 -1.9149296E-02 -2.1650713E-02 -2.3565371E-02 -2.4809526E-02 -2.5299914E-02 -2.4956442E-02 -2.3702253E-02 -2.1464355E-02 -1.8173968E-02 -1.3767998E-02 -8.1880493E-03 -1.3812445E-03 6.6996552E-03 1.6096141E-02 2.6844418E-02 3.8974315E-02 5.2510157E-02 6.7469269E-02 8.3862036E-02 0.1016911 0.1209507 0.1416253 0.1636890 0.1871045 0.2118219 0.2377771 0.2648932 0.2930776 0.3222237 0.3522102 0.3829027 0.4141546 0.4458095 0.4777026 0.5096644 0.5415229 0.5731074 0.6042503 0.6347899 0.6645727 0.6934649 0.7213456 0.7481007 0.7736307 0.7978523 0.8206976 0.8421106 0.8620489 0.8804796 0.8973800 0.9127352
7.9243444E-03 2.6200199E-03 -2.7733389E-03 -8.2158018E-03 -1.3659825E-02 -1.9049762E-02 -2.4321698E-02 -2.9403275E-02 -3.4214791E-02 -3.8670678E-02 -4.2681027E-02 -4.6150506E-02 -4.8977766E-02 -5.1065814E-02 -5.2319139E-02 -5.2643731E-02 -5.1949639E-02 -5.0151512E-02 -4.7169767E-02 -4.2931013E-02 -3.7367757E-02 -3.0419067E-02 -2.2030436E-02 -1.2153108E-02 -7.4454583E-04 1.2231246E-02 2.6804442E-02 4.2997815E-02 6.0826957E-02 8.0299333E-02 0.1014131 0.1241556 0.1485029 0.1744172 0.2018469 0.2307236 0.2609623 0.2924604 0.3250966 0.3587325 0.3932127 0.4283658 0.4640080 0.4999451 0.5359759 0.5718967 0.6075048 0.6426026 0.6770027 0.7105320 0.7430227 0.7743232 0.8043094 0.8328741 0.8599269 0.8853940 0.9092185 0.9313573 0.9517807 0.9704688 0.9874114
-7.3781703E-03 -1.3624947E-02 -2.0019898E-02 -2.6521040E-02 -3.3075832E-02 -3.9621957E-02 -4.6086639E-02 -5.2386545E-02 -5.8428850E-02 -6.4112224E-02 -6.9326513E-02 -7.3958911E-02 -7.7898383E-02 -8.1027411E-02 -8.3230019E-02 -8.4394842E-02 -8.4416315E-02 -8.3194889E-02 -8.0637865E-02 -7.6660708E-02 -7.1185924E-02 -6.4143702E-02 -5.5470735E-02 -4.5111265E-02 -3.3015247E-02 -1.9139750E-02 -3.4476165E-03 1.4090585E-02 3.3497296E-02 5.4785933E-02 7.7960268E-02 0.1030127 0.1299222 0.1586530 0.1891525 0.2213481 0.2551481 0.2904381 0.3270819 0.3649202 0.4037728 0.4434397 0.4837034 0.5243337 0.5650908 0.6057310 0.6460118 0.6856967 0.7245587 0.7623847 0.7989910 0.8342143 0.8679066 0.8999424 0.9302220 0.9586675 0.9852204 1.009840 1.032501 1.053190 1.071903
-2.4173316E-02 -3.1506363E-02 -3.9063811E-02 -4.6800707E-02 -5.4660324E-02 -6.2573098E-02 -7.0456348E-02 -7.8213379E-02 -8.5735597E-02 -9.2903756E-02 -9.9590957E-02 -0.1056619 -0.1109731 -0.1153869 -0.1187679 -0.1209846 -0.1219128 -0.1214359 -0.1194472 -0.1158491 -0.1105532 -0.1034797 -9.4557039E-02 -8.3720736E-02 -7.0912905E-02 -5.6082897E-02 -3.9185349E-02 -2.0182598E-02 9.5600262E-04 2.4252199E-02 4.9717724E-02 7.7351749E-02 0.1071393 0.1390483 0.1730269 0.2090006 0.2468708 0.2865117 0.3277698 0.3704633 0.4143827 0.4592928 0.5049365 0.5510381 0.5973104 0.6434601 0.6891950 0.7342317 0.7783024 0.8211619 0.8625790 0.9023508 0.9403134 0.9763319 1.010299 1.042134 1.071780 1.099200 1.124376 1.147305 1.167992
-4.2613573E-02 -5.1199041E-02 -6.0105141E-02 -6.9286026E-02 -7.8680441E-02 -8.8211082E-02 -9.7783960E-02 -0.1072872 -0.1165929 -0.1255585 -0.1340270 -0.1418361 -0.1488236 -0.1548209 -0.1596625 -0.1631915 -0.1652612 -0.1657359 -0.1644919 -0.1614179 -0.1564136 -0.1493890 -0.1402635 -0.1289640 -0.1154244 -9.9584833E-02 -8.1390604E-02 -6.0794458E-02 -3.7755303E-02 -1.2240279E-02 1.5772646E-02 4.6293020E-02 7.9315156E-02 0.1148133 0.1527406 0.1930217 0.2355536 0.2801991 0.3267865 0.3751083 0.4249208 0.4759476 0.5278823 0.5803934 0.6331344 0.6857493 0.7378832 0.7891906 0.8393428 0.8880364 0.9350117 0.9800447 1.022941 1.063544 1.101737 1.137438 1.170594 1.201179 1.229184 1.254621 1.277510
-6.2866651E-02 -7.2895177E-02 -8.3366893E-02 -9.4235852E-02 -0.1054373 -0.1168865 -0.1284766 -0.1400778 -0.1515389 -0.1626893 -0.1733445 -0.1833057 -0.1923641 -0.2003169 -0.2069684 -0.2121313 -0.2156315 -0.2173113 -0.2170286 -0.2146567 -0.2100835 -0.2032087 -0.1939427 -0.1822040 -0.1679174 -0.1510136 -0.1314276 -0.1091000 -8.3976850E-02 -5.6011416E-02 -2.5167037E-02 8.5801817E-03 4.5237832E-02 8.4792592E-02 0.1272048 0.1724041 0.2202846 0.2706998 0.3234592 0.3783267 0.4350201 0.4932124 0.5525374 0.6125955 0.6729642 0.7332082 0.7928928 0.8515957 0.9089212 0.9645109 1.018038 1.069221 1.117846 1.163744 1.206793 1.246913 1.284061 1.318224 1.349414 1.377660 1.403003
-8.5115060E-02 -9.6805647E-02 -0.1090943 -0.1219378 -0.1352696 -0.1489979 -0.1630019 -0.1771309 -0.1912051 -0.2050173 -0.2183367 -0.2309195 -0.2425216 -0.2528914 -0.2617861 -0.2689801 -0.2742674 -0.2774639 -0.2784067 -0.2769546 -0.2729834 -0.2663837 -0.2570573 -0.2449152 -0.2298735 -0.2118528 -0.1907762 -0.1665699 -0.1391648 -0.1084958 -7.4506737E-02 -3.7154045E-02 3.5895035E-03 4.7728371E-02 9.5238261E-02 0.1460581 0.2000846 0.2571645 0.3170906 0.3795953 0.4443522 0.5109749 0.5790245 0.6480156 0.7174301 0.7867308 0.8553798 0.9228520 0.9886535 1.052334 1.113517 1.171886 1.227184 1.279219 1.327863 1.373045 1.414739 1.452954 1.487728 1.519120 1.547197
-0.1095565 -0.1231594 -0.1375563 -0.1527104 -0.1685565 -0.1849974 -0.2018978 -0.2190827 -0.2363372 -0.2534097 -0.2700202 -0.2858659 -0.3006264 -0.3139932 -0.3256722 -0.3353907 -0.3429040 -0.3479983 -0.3504896 -0.3502218 -0.3470602 -0.3408884 -0.3316030 -0.3191074 -0.3033105 -0.2841227 -0.2614537 -0.2352140 -0.2053142 -0.1716664 -0.1341897 -9.2813000E-02 -4.7481388E-02 1.8364750E-03 5.5139560E-02 0.1123852 0.1734810 0.2382727 0.3065384 0.3779798 0.4522203 0.5288048 0.6072049 0.6868281 0.7670351 0.8471577 0.9265216 1.004472 1.080397 1.153752 1.224053 1.290907 1.354022 1.413198 1.468310 1.519304 1.566180 1.608984 1.647793 1.682703 1.713823
-0.1364056 -0.1522059 -0.1690470 -0.1869050 -0.2057213 -0.2253965 -0.2457815 -0.2666740 -0.2878156 -0.3088966 -0.3295600 -0.3494227 -0.3680967 -0.3851896 -0.4003310 -0.4131877 -0.4234687 -0.4309277 -0.4353589 -0.4365940 -0.4344920 -0.4289337 -0.4198125 -0.4070293 -0.3904866 -0.3700853 -0.3457213 -0.3172854 -0.2846645 -0.2477427 -0.2064051 -0.1605449 -0.1100688 -5.4907430E-02 4.9749394E-03 6.9566444E-02 0.1387967 0.2125203 0.2905080 0.3724325 0.4578640 0.5462674 0.6370072 0.7293574 0.8225237 0.9156661 1.007932 1.098488 1.186553 1.271425 1.352530 1.429412 1.501725 1.569245 1.631856 1.689535 1.742327 1.790331 1.833678 1.872521 1.907021
-0.1658880 -0.1842077 -0.2038785 -0.2248990 -0.2472256 -0.2707635 -0.2953529 -0.3207613 -0.3466786 -0.3727203 -0.3984414 -0.4233492 -0.4469255 -0.4686732 -0.4881320 -0.5048930 -0.5186107 -0.5290034 -0.5358471 -0.5389664 -0.5382212 -0.5334961 -0.5246885 -0.5117012 -0.4944335 -0.4727777 -0.4466151 -0.4158149 -0.3802351 -0.3397239 -0.2941245 -0.2432822 -0.1870516 -0.1253092 -5.7966728E-02 1.5012920E-02 9.3598016E-02 0.1776693 0.2670012 0.3612454 0.4599185 0.5623965 0.6679161 0.7755877 0.8844174 0.9933418 1.101269 1.207128 1.309920 1.408767 1.502916 1.591787 1.674991 1.752302 1.823635 1.889019 1.948569 2.002463 2.050912 2.094143 2.132389
-0.1982421 -0.2194418 -0.2423816 -0.2670962 -0.2935711 -0.3217275 -0.3514028 -0.3823348 -0.4141502 -0.4463668 -0.4784022 -0.5096124 -0.5393380 -0.5669274 -0.5917870 -0.6134108 -0.6313899 -0.6454083 -0.6552310 -0.6606863 -0.6616471 -0.6580128 -0.6496947 -0.6366044 -0.6186438 -0.5956991 -0.5676361 -0.5343000 -0.4955143 -0.4510827 -0.4007954 -0.3444354 -0.2817888 -0.2126580 -0.1368785 -5.4341368E-02 3.4986906E-02 0.1310354 0.2336044 0.3423394 0.4567110 0.5760011 0.6993004 0.8255178 0.9534081 1.081613 1.208718 1.333321 1.454102 1.569896 1.679767 1.783021 1.879193 1.968051 2.049560 2.123839 2.191114 2.251675 2.305846 2.353963 2.396348
-0.2337117 -0.2581898 -0.2848933 -0.3139129 -0.3452844 -0.3789658 -0.4148079 -0.4525235 -0.4916686 -0.5316340 -0.5716672 -0.6109058 -0.6484401 -0.6834088 -0.7150514 -0.7427397 -0.7659953 -0.7844750 -0.7979488 -0.8062683 -0.8093381 -0.8070903 -0.7994642 -0.7863912 -0.7677819 -0.7435208 -0.7134594 -0.6774151 -0.6351707 -0.5864767 -0.5310563 -0.4686140 -0.3988450 -0.3214533 -0.2361695 -0.1427797 -4.1151140E-02 6.8729647E-02 0.1867225 0.3124947 0.4454905 0.5849034 0.7296640 0.8784444 1.029683 1.181638 1.332455 1.480273 1.623337 1.760104 1.889309 2.010041 2.121775 2.224318 2.317739 2.402302 2.478401 2.546497 2.607074 2.660609 2.707553
-0.2725406 -0.3007305 -0.3317459 -0.3657627 -0.4028997 -0.4431859 -0.4865149 -0.5325949 -0.5809053 -0.6306734 -0.6808820 -0.7303510 -0.7778510 -0.8222044 -0.8624011 -0.8976609 -0.9274356 -0.9513766 -0.9692885 -0.9810787 -0.9867142 -0.9861850 -0.9794774 -0.9665577 -0.9473557 -0.9217594 -0.8896062 -0.8506838 -0.8047279 -0.7514250 -0.6904158 -0.6213059 -0.5436760 -0.4570995 -0.3611668 -0.2555160 -0.1398689 -1.4077686E-02 0.1218282 0.2675859 0.4226526 0.5861588 0.7568790 0.9332190 1.113238 1.294691 1.475134 1.652047 1.823003 1.985851 2.138910 2.281026 2.411577 2.530428 2.637830 2.734291 2.820461 2.897050 2.964770 3.024292 3.076230
-0.3149593 -0.3473209 -0.3832432 -0.4230267 -0.4669217 -0.5150828 -0.5675025 -0.6239281 -0.6837777 -0.7460738 -0.8094503 -0.8722371 -0.9326466 -0.9890369 -1.040070 -1.084786 -1.122588 -1.153168 -1.176421 -1.192364 -1.201069 -1.202620 -1.197077 -1.184461 -1.164732 -1.137790 -1.103459 -1.061496 -1.011582 -0.9533266 -0.8862733 -0.8099060 -0.7236611 -0.6269462 -0.5191664 -0.3997603 -0.2682437 -0.1242655 3.2327138E-02 0.2014176 0.3825461 0.5748402 0.7769555 0.9870346 1.202701 1.421094 1.638966 1.852860 2.059366 2.255435 2.438624 2.607331 2.760859 2.899257 3.023109 3.133325 3.230958 3.317084 3.392729 3.458825 3.516202
-0.3611684 -0.3981755 -0.4396318 -0.4860146 -0.5377731 -0.5952730 -0.6587034 -0.7279450 -0.8024107 -0.8808894 -0.9614773 -1.041732 -1.119036 -1.191002 -1.255814 -1.312323 -1.359951 -1.398528 -1.428133 -1.448972 -1.461284 -1.465295 -1.461176 -1.449021 -1.428838 -1.400546 -1.363962 -1.318807 -1.264701 -1.201165 -1.127628 -1.043426 -0.9478210 -0.8400138 -0.7191732 -0.5844766 -0.4351575 -0.2705759 -9.0296201E-02 0.1058182 0.3175082 0.5440106 0.7839623 1.035310 1.295248 1.560205 1.825895 2.087518 2.340101 2.579039 2.800716 3.002894 3.184764 3.346718 3.489949 3.616035 3.726658 3.823426 3.907802 3.981068 4.044325
-0.4113152 -0.4534358 -0.5010594 -0.5549050 -0.6157135 -0.6841856 -0.7608674 -0.8459577 -0.9390280 -1.038670 -1.142254 -1.246045 -1.345893 -1.438219 -1.520589 -1.591738 -1.651279 -1.699361 -1.736401 -1.762909 -1.779379 -1.786235 -1.783795 -1.772258 -1.751699 -1.722062 -1.683160 -1.634677 -1.576167 -1.507050 -1.426620 -1.334044 -1.228373 -1.108559 -0.9734791 -0.8219793 -0.6529251 -0.4652835 -0.2582092 -3.1164290E-02 0.2159599 0.4826978 0.7678652 1.069402 1.384222 1.708070 2.035454 2.359730 2.673522 2.969593 3.242020 3.487280 3.704539 3.895013 4.061043 4.205348 4.330581 4.439125 4.533036 4.614048 4.683604
-0.4654475 -0.5131177 -0.5675123 -0.6296687 -0.7007304 -0.7819016 -0.8743318 -0.9788728 -1.095632 -1.223260 -1.358124 -1.494227 -1.624666 -1.743820 -1.848501 -1.937628 -2.011387 -2.070562 -2.116135 -2.149075 -2.170231 -2.180295 -2.179776 -2.169009 -2.148147 -2.117174 -2.075903 -2.023979 -1.960881 -1.885922 -1.798239 -1.696810 -1.580441 -1.447793 -1.297394 -1.127688 -0.9370783 -0.7240227 -0.4871221 -0.2252564 6.2272511E-02 0.3755676 0.7139502 1.075730 1.457943 1.856012 2.263372 2.671140 3.068219 3.442489 3.783523 4.085372 4.347324 4.572374 4.765078 4.930096 5.071578 5.192999 5.297203 5.386492 5.462724
