T4-twomodels-1/model90.grd
DSAA
         100         100
  -15.00000       15.00000    
  -15.00000       15.00000    
  -8.119666       17.75342    
[rows 54 to 80 of 100, columns 0 to 60 of 100]
-1.222847 -1.346670 -1.493149 -1.667230 -1.875481 -2.125984 -2.429608 -2.799991 -3.255194 -3.814364 -4.482216 -5.194435 -5.836684 -6.362412 -6.782129 -7.115195 -7.378382 -7.584435 -7.743034 -7.861423 -7.945040 -7.997881 -8.022805 -8.021722 -7.995728 -7.945216 -7.869911 -7.768917 -7.640712 -7.483132 -7.293367 -7.067889 -6.802455 -6.492037 -6.130850 -5.712327 -5.229226 -4.673679 -4.037436 -3.311951 -2.488717 -1.559320 -0.5157203 0.6497853 1.944246 3.373754 4.941584 6.642540 8.443657 10.23352 11.81064 13.04920 13.98209 14.69432 15.25228 15.69849 16.06106 16.35873 16.60500 16.80938 16.97918
-1.209064 -1.331677 -1.476821 -1.649436 -1.856091 -2.104875 -2.406666 -2.775114 -3.228308 -3.785417 -4.451180 -5.161316 -5.801548 -6.325350 -6.743260 -7.074666 -7.336370 -7.541125 -7.698640 -7.816160 -7.899135 -7.951569 -7.976324 -7.975316 -7.949649 -7.899724 -7.825275 -7.725412 -7.598636 -7.442792 -7.255085 -7.032007 -6.769337 -6.462051 -6.104391 -5.689785 -5.211006 -4.660178 -4.029037 -3.309019 -2.491582 -1.568259 -0.5309653 0.6280751 1.915984 3.338933 4.900277 6.594890 8.389874 10.17386 11.74544 12.97885 13.90700 14.61489 15.16893 15.61162 15.97104 16.26595 16.50978 16.71206 16.88005
-1.192473 -1.313603 -1.457098 -1.627895 -1.832561 -2.079187 -2.378662 -2.744660 -3.195294 -3.749770 -4.412878 -5.120382 -5.758036 -6.279366 -6.694958 -7.024240 -7.284041 -7.487148 -7.643271 -7.759680 -7.841828 -7.893726 -7.918243 -7.917295 -7.891997 -7.842755 -7.769316 -7.670803 -7.545734 -7.391976 -7.206751 -6.986579 -6.727258 -6.423791 -6.070439 -5.660647 -5.187196 -4.642210 -4.017416 -3.304221 -2.494042 -1.578362 -0.5490173 0.6018519 1.881466 3.296098 4.849210 6.535789 8.323038 10.09969 11.66437 12.89135 13.81357 14.51608 15.06525 15.50359 15.85918 16.15069 16.39157 16.59129 16.75709
-1.172924 -1.292269 -1.433769 -1.602347 -1.804572 -2.048529 -2.345126 -2.708054 -3.155464 -3.706609 -4.366328 -5.070448 -5.704810 -6.222997 -6.635650 -6.962242 -7.219645 -7.420666 -7.575043 -7.690051 -7.771154 -7.822362 -7.846546 -7.845628 -7.820730 -7.772262 -7.699987 -7.603045 -7.479972 -7.328659 -7.146363 -6.929628 -6.674289 -6.375383 -6.027194 -5.623202 -5.156203 -4.618324 -4.001287 -3.296472 -2.495252 -1.589037 -0.5695806 0.5710930 1.840325 3.244538 4.787330 6.463833 8.241369 10.00877 11.56478 12.78376 13.69867 14.39457 14.93782 15.37090 15.72185 16.00931 16.24668 16.44336 16.60658
-1.150248 -1.267478 -1.406591 -1.572499 -1.771755 -2.012445 -2.305487 -2.664599 -3.107976 -3.654933 -4.310394 -5.010275 -5.640482 -6.154698 -6.563643 -6.886858 -7.141254 -7.339678 -7.491878 -7.605144 -7.684936 -7.735267 -7.759004 -7.758071 -7.733589 -7.685982 -7.615022 -7.519872 -7.399091 -7.250603 -7.071700 -6.858969 -6.608286 -6.314740 -5.972653 -5.575551 -5.116253 -4.586913 -3.979247 -3.284615 -2.494340 -1.599756 -0.5925007 0.5355351 1.791866 3.183092 4.713012 6.376949 8.142418 9.898421 11.44380 12.65297 13.55895 14.24682 14.78292 15.20971 15.55514 15.83781 16.07104 16.26419 16.42440
-1.124256 -1.239002 -1.375294 -1.538012 -1.733691 -1.970405 -2.259080 -2.613462 -3.051800 -3.593488 -4.243548 -4.938019 -5.562954 -6.072152 -6.476432 -6.795413 -7.046066 -7.241265 -7.390779 -7.501895 -7.580068 -7.629299 -7.652449 -7.651434 -7.627380 -7.580710 -7.511217 -7.418081 -7.299893 -7.154618 -6.979594 -6.771461 -6.526158 -6.238831 -5.903871 -5.514858 -5.064666 -4.545484 -3.949042 -3.266688 -2.489699 -1.609318 -0.6170545 0.4953749 1.735702 3.110768 4.624638 6.272903 8.023314 9.765072 11.29722 12.49431 13.38941 14.06758 14.59512 15.01442 15.35335 15.63043 15.85887 16.04793 16.20470
-1.094746 -1.206606 -1.339588 -1.498529 -1.689921 -1.921820 -2.205143 -2.553668 -2.985704 -3.520755 -4.163996 -4.851640 -5.469900 -5.972748 -6.371152 -6.684840 -6.930844 -7.122070 -7.268290 -7.376779 -7.452970 -7.500844 -7.523241 -7.522064 -7.498427 -7.452765 -7.384879 -7.293978 -7.178692 -7.037029 -6.866385 -6.663477 -6.424315 -6.144128 -5.817401 -5.437798 -4.998271 -4.491074 -3.907977 -3.240336 -2.479389 -1.616292 -0.6424010 0.4507795 1.671247 3.026173 4.519983 6.148636 7.880256 9.604373 11.12023 12.30251 13.18435 13.85082 14.36815 14.77861 15.10995 15.38053 15.60346 15.78787 15.94073
-1.061502 -1.170040 -1.299174 -1.453669 -1.639957 -1.866042 -2.142820 -2.484083 -2.908215 -3.434857 -4.069380 -4.748249 -5.357963 -5.852739 -6.243734 -6.550801 -6.791050 -6.977401 -7.119611 -7.224919 -7.298717 -7.344937 -7.366389 -7.364944 -7.341709 -7.297114 -7.230975 -7.142529 -7.030447 -6.892800 -6.727053 -6.530011 -6.297783 -6.025714 -5.708407 -5.339643 -4.912503 -4.419335 -3.851995 -3.201877 -2.460210 -1.618069 -0.6666556 0.4027724 1.598557 2.928290 4.396889 6.000844 7.708774 9.410652 10.90611 12.07006 12.93571 13.58807 14.09324 14.49330 14.81581 15.07893 15.29557 15.47472 15.62319
-1.024318 -1.129070 -1.253764 -1.403069 -1.583312 -1.802410 -2.071192 -2.403443 -2.817618 -3.333540 -3.956878 -4.624471 -5.223201 -5.707656 -6.089270 -6.388066 -6.621210 -6.801617 -6.938986 -7.040484 -7.111421 -7.155662 -7.175951 -7.174123 -7.151257 -7.107780 -7.043517 -6.957738 -6.849164 -6.715930 -6.555598 -6.365075 -6.140600 -5.877661 -5.571018 -5.214628 -4.801732 -4.324847 -3.775964 -3.146578 -2.427953 -1.611126 -0.6871518 0.3529769 1.518004 2.816070 4.252759 5.825314 7.503143 9.176935 10.64682 11.78801 12.63380 13.26911 13.75982 14.14771 14.46001 14.71461 14.92415 15.09740 15.24099
-0.9829941 -1.083474 -1.203101 -1.346400 -1.519541 -1.730283 -1.989325 -2.310380 -2.711951 -3.214075 -3.822830 -4.475639 -5.060048 -5.531197 -5.900901 -6.189362 -6.413778 -6.586991 -6.718580 -6.815565 -6.883134 -6.925038 -6.943935 -6.941596 -6.919058 -6.876738 -6.814471 -6.731560 -6.626780 -6.498353 -6.343942 -6.160585 -5.944679 -5.691896 -5.397205 -5.054780 -4.658102 -4.199924 -3.672459 -3.067386 -2.376097 -1.589667 -0.6990626 0.3049690 1.431613 2.689667 4.085608 5.617762 7.256709 8.894235 10.33138 11.44389 12.26515 12.87981 13.35333 13.72701 14.02759 14.27254 14.47413 14.64084 14.77906
-0.9373698 -1.033087 -1.146997 -1.283422 -1.448300 -1.649134 -1.896371 -2.203526 -2.589061 -3.073246 -3.662772 -4.296004 -4.861526 -5.315378 -5.669906 -5.945494 -6.159267 -6.323866 -6.448633 -6.540360 -6.604027 -6.643227 -6.660491 -6.657503 -6.635250 -6.594118 -6.533954 -6.454097 -6.353383 -6.230129 -6.082121 -5.906552 -5.700011 -5.458395 -5.176925 -4.850072 -4.471630 -4.034686 -3.531779 -2.954901 -2.295707 -1.545444 -0.6951325 0.2646230 1.343391 2.550701 3.894141 5.373577 6.961450 8.551460 9.946162 11.02211 11.81278 12.40235 12.85550 13.21269 13.49992 13.73403 13.92681 14.08634 14.21871
-0.8873452 -0.9778249 -1.085377 -1.214050 -1.369447 -1.558675 -1.791734 -2.081711 -2.446788 -2.907374 -3.470990 -4.077605 -4.617735 -5.048881 -5.384077 -5.643740 -5.844681 -5.999119 -6.115974 -6.201674 -6.260908 -6.297042 -6.312440 -6.308672 -6.286651 -6.246735 -6.188771 -6.112132 -6.015728 -5.897979 -5.756815 -5.589608 -5.393169 -5.163665 -4.896631 -4.586897 -4.228665 -3.815461 -3.340293 -2.795622 -2.173552 -1.465734 -0.6634790 0.2424862 1.261891 2.404847 3.680165 5.089743 6.608897 8.134680 9.472626 10.50094 11.25307 11.81211 12.24120 12.57942 12.85161 13.07370 13.25683 13.40857 13.53465
-0.8329471 -0.9177616 -1.018360 -1.138445 -1.283165 -1.459044 -1.675357 -1.944351 -2.283412 -2.712655 -3.240641 -3.810215 -4.315562 -4.716722 -5.027432 -5.267673 -5.453438 -5.596136 -5.704004 -5.782948 -5.837254 -5.869991 -5.883313 -5.878645 -5.856813 -5.818130 -5.762443 -5.689164 -5.597279 -5.485326 -5.351385 -5.193039 -5.007350 -4.790795 -4.539277 -4.248061 -3.911845 -3.524712 -3.080285 -2.571690 -1.991719 -1.332718 -0.5866722 0.2551072 1.201965 2.264038 3.450964 4.766856 6.191293 7.627529 8.887302 9.852193 10.55534 11.07726 11.47824 11.79491 12.05039 12.25935 12.43205 12.57546 12.69485
-0.7744223 -0.8532166 -0.9463631 -1.057142 -1.190125 -1.351048 -1.548104 -1.792092 -2.098620 -2.486255 -2.964137 -3.480448 -3.937306 -4.299063 -4.579384 -4.796566 -4.964883 -5.094389 -5.192330 -5.263892 -5.312854 -5.341919 -5.352994 -5.347330 -5.325649 -5.288215 -5.234871 -5.165064 -5.077867 -4.971933 -4.845523 -4.696436 -4.522018 -4.319087 -4.083967 -3.812417 -3.499717 -3.140616 -2.729500 -2.260340 -1.726879 -1.122500 -0.4403364 0.3270589 1.187738 2.150654 3.224804 4.415340 5.706727 7.013221 8.160807 9.039225 9.679956 10.15739 10.52610 10.81882 11.05609 11.25097 11.41260 11.54723 11.65961
-0.7124494 -0.7849787 -0.8703169 -0.9712752 -1.091730 -1.236470 -1.412234 -1.627723 -1.895336 -2.229593 -2.637606 -3.076927 -3.467146 -3.779069 -4.023371 -4.214384 -4.363441 -4.478656 -4.565973 -4.629705 -4.673030 -4.698236 -4.706945 -4.700222 -4.678672 -4.642500 -4.591545 -4.525293 -4.442898 -4.343146 -4.224478 -4.084929 -3.922142 -3.733307 -3.515199 -3.264122 -2.975996 -2.646324 -2.270364 -1.843088 -1.359400 -0.8140360 -0.2017170 0.4830800 1.246050 2.093269 3.030452 4.060047 5.168374 6.285891 7.270424 8.031477 8.594740 9.020650 9.353599 9.620470 9.838414 10.01850 10.16860 10.29414 10.39929
-0.6484936 -0.7146478 -0.7919984 -0.8828977 -0.9904307 -1.118389 -1.271800 -1.456915 -1.681787 -1.954565 -2.276128 -2.616877 -2.925785 -3.180930 -3.385931 -3.549113 -3.677986 -3.778371 -3.854730 -3.910423 -3.947977 -3.969241 -3.975536 -3.967729 -3.946306 -3.911412 -3.862875 -3.800224 -3.722695 -3.629211 -3.518391 -3.388520 -3.237542 -3.063037 -2.862241 -2.632029 -2.368984 -2.069417 -1.729496 -1.345297 -0.9129716 -0.4287917 0.1107015 0.7086799 1.367839 2.090159 2.875917 3.720849 4.607280 5.482696 6.257262 6.875381 7.350779 7.721043 8.016326 8.256390 8.454442 8.619413 8.757747 8.874043 8.971833
-0.5848184 -0.6446157 -0.7140175 -0.7949100 -0.8896154 -1.000937 -1.132266 -1.287489 -1.470649 -1.684215 -1.924242 -2.172953 -2.404854 -2.605151 -2.771728 -2.907516 -3.016448 -3.102143 -3.167636 -3.215350 -3.247174 -3.264528 -3.268434 -3.259566 -3.238286 -3.204684 -3.158578 -3.099540 -3.026884 -2.939672 -2.836703 -2.716505 -2.577323 -2.417123 -2.233597 -2.024188 -1.786134 -1.516539 -1.212474 -0.8710915 -0.4897678 -6.6259697E-02 0.4011294 0.9133361 1.470230 2.070037 2.708220 3.375032 4.050781 4.700060 5.278867 5.761570 6.151992 6.467680 6.725759 6.939227 7.117503 7.267412 7.394008 7.501078 7.591518
-0.5234358 -0.5770297 -0.6387252 -0.7099529 -0.7923857 -0.8879321 -0.9986755 -1.126649 -1.273289 -1.438145 -1.616703 -1.798795 -1.971679 -2.126238 -2.258901 -2.369646 -2.459966 -2.531764 -2.586887 -2.626945 -2.653255 -2.666843 -2.668456 -2.658588 -2.637491 -2.605195 -2.561517 -2.506064 -2.438237 -2.357224 -2.262001 -2.151326 -2.023740 -1.877566 -1.710939 -1.521828 -1.308089 -1.067554 -0.7981198 -0.4978910 -0.1653280 0.2005787 0.6000969 1.032499 1.495710 1.985774 2.496010 3.015774 3.529125 4.015152 4.453179 4.831484 5.150311 5.417007 5.640495 5.828688 5.987947 6.123229 6.238381 6.336395 6.419619
-0.4654471 -0.5131171 -0.5675119 -0.6296682 -0.7007295 -0.7819014 -0.8743314 -0.9788724 -1.095633 -1.223260 -1.358125 -1.494227 -1.624667 -1.743821 -1.848502 -1.937630 -2.011389 -2.070564 -2.116138 -2.149077 -2.170233 -2.180297 -2.179779 -2.169012 -2.148150 -2.117177 -2.075906 -2.023982 -1.960885 -1.885924 -1.798242 -1.696812 -1.580444 -1.447795 -1.297397 -1.127690 -0.9370809 -0.7240249 -0.4871236 -0.2252575 6.2271394E-02 0.3755668 0.7139495 1.075729 1.457942 1.856012 2.263372 2.671141 3.068220 3.442491 3.783525 4.085375 4.347327 4.572376 4.765080 4.930099 5.071581 5.193001 5.297205 5.386495 5.462728
-0.4113144 -0.4534352 -0.5010589 -0.5549048 -0.6157134 -0.6841856 -0.7608677 -0.8459584 -0.9390283 -1.038670 -1.142255 -1.246047 -1.345895 -1.438221 -1.520592 -1.591740 -1.651281 -1.699364 -1.736404 -1.762912 -1.779382 -1.786239 -1.783799 -1.772263 -1.751704 -1.722067 -1.683164 -1.634681 -1.576171 -1.507054 -1.426623 -1.334047 -1.228376 -1.108562 -0.9734824 -0.8219823 -0.6529283 -0.4652860 -0.2582114 -3.1165779E-02 0.2159584 0.4826969 0.7678647 1.069402 1.384222 1.708071 2.035455 2.359733 2.673524 2.969596 3.242024 3.487284 3.704543 3.895017 4.061048 4.205353 4.330585 4.439130 4.533042 4.614054 4.683611
-0.3611675 -0.3981746 -0.4396310 -0.4860139 -0.5377724 -0.5952724 -0.6587029 -0.7279449 -0.8024100 -0.8808886 -0.9614769 -1.041732 -1.119036 -1.191002 -1.255815 -1.312324 -1.359952 -1.398529 -1.428134 -1.448973 -1.461286 -1.465298 -1.461178 -1.449023 -1.428840 -1.400549 -1.363964 -1.318809 -1.264703 -1.201167 -1.127630 -1.043428 -0.9478228 -0.8400155 -0.7191752 -0.5844782 -0.4351592 -0.2705771 -9.0297684E-02 0.1058174 0.3175078 0.5440099 0.7839621 1.035309 1.295248 1.560205 1.825895 2.087518 2.340101 2.579039 2.800717 3.002896 3.184764 3.346719 3.489949 3.616037 3.726658 3.823427 3.907804 3.981070 4.044327
-0.3149580 -0.3473198 -0.3832423 -0.4230261 -0.4669214 -0.5150823 -0.5675020 -0.6239277 -0.6837772 -0.7460735 -0.8094501 -0.8722373 -0.9326473 -0.9890373 -1.040071 -1.084787 -1.122589 -1.153169 -1.176422 -1.192366 -1.201071 -1.202622 -1.197080 -1.184464 -1.164735 -1.137792 -1.103462 -1.061499 -1.011584 -0.9533292 -0.8862756 -0.8099084 -0.7236634 -0.6269484 -0.5191689 -0.3997627 -0.2682457 -0.1242674 3.2325741E-02 0.2014167 0.3825453 0.5748397 0.7769551 0.9870342 1.202701 1.421094 1.638966 1.852860 2.059367 2.255436 2.438625 2.607332 2.760860 2.899257 3.023111 3.133327 3.230959 3.317086 3.392731 3.458828 3.516205
-0.2725397 -0.3007296 -0.3317454 -0.3657621 -0.4028990 -0.4431856 -0.4865147 -0.5325947 -0.5809050 -0.6306731 -0.6808820 -0.7303510 -0.7778513 -0.8222049 -0.8624016 -0.8976615 -0.9274365 -0.9513776 -0.9692895 -0.9810800 -0.9867158 -0.9861867 -0.9794794 -0.9665601 -0.9473581 -0.9217618 -0.8896084 -0.8506861 -0.8047302 -0.7514269 -0.6904175 -0.6213074 -0.5436776 -0.4571011 -0.3611686 -0.2555176 -0.1398706 -1.4078617E-02 0.1218273 0.2675856 0.4226525 0.5861587 0.7568790 0.9332190 1.113237 1.294691 1.475134 1.652047 1.823003 1.985852 2.138910 2.281027 2.411578 2.530429 2.637830 2.734291 2.820461 2.897051 2.964771 3.024293 3.076231
-0.2337110 -0.2581892 -0.2848928 -0.3139125 -0.3452843 -0.3789659 -0.4148079 -0.4525236 -0.4916684 -0.5316340 -0.5716673 -0.6109061 -0.6484405 -0.6834096 -0.7150523 -0.7427408 -0.7659962 -0.7844761 -0.7979501 -0.8062698 -0.8093398 -0.8070924 -0.7994666 -0.7863937 -0.7677843 -0.7435234 -0.7134619 -0.6774173 -0.6351727 -0.5864786 -0.5310581 -0.4686157 -0.3988467 -0.3214547 -0.2361712 -0.1427813 -4.1152537E-02 6.8728536E-02 0.1867218 0.3124944 0.4454905 0.5849037 0.7296644 0.8784448 1.029684 1.181638 1.332455 1.480274 1.623338 1.760105 1.889310 2.010041 2.121776 2.224319 2.317739 2.402302 2.478402 2.546498 2.607075 2.660610 2.707555
-0.1982410 -0.2194408 -0.2423808 -0.2670955 -0.2935705 -0.3217271 -0.3514025 -0.3823343 -0.4141497 -0.4463662 -0.4784013 -0.5096117 -0.5393377 -0.5669272 -0.5917867 -0.6134107 -0.6313900 -0.6454086 -0.6552312 -0.6606867 -0.6616478 -0.6580138 -0.6496959 -0.6366060 -0.6186454 -0.5957006 -0.5676376 -0.5343014 -0.4955154 -0.4510837 -0.4007961 -0.3444364 -0.2817896 -0.2126588 -0.1368793 -5.4342117E-02 3.4986157E-02 0.1310348 0.2336042 0.3423394 0.4567114 0.5760016 0.6993009 0.8255184 0.9534087 1.081613 1.208718 1.333320 1.454102 1.569896 1.679767 1.783021 1.879193 1.968050 2.049560 2.123839 2.191114 2.251675 2.305847 2.353963 2.396349
-0.1658872 -0.1842070 -0.2038779 -0.2248986 -0.2472254 -0.2707633 -0.2953528 -0.3207611 -0.3466782 -0.3727199 -0.3984408 -0.4233488 -0.4469255 -0.4686732 -0.4881321 -0.5048932 -0.5186111 -0.5290037 -0.5358477 -0.5389671 -0.5382223 -0.5334972 -0.5246900 -0.5117028 -0.4944351 -0.4727793 -0.4466165 -0.4158161 -0.3802362 -0.3397250 -0.2941254 -0.2432830 -0.1870525 -0.1253103 -5.7967845E-02 1.5011709E-02 9.3597174E-02 0.1776686 0.2670007 0.3612450 0.4599183 0.5623965 0.6679163 0.7755876 0.8844173 0.9933411 1.101268 1.207127 1.309920 1.408766 1.502915 1.591785 1.674989 1.752300 1.823633 1.889017 1.948568 2.002462 2.050911 2.094143 2.132388
-0.1364048 -0.1522053 -0.1690466 -0.1869046 -0.2057211 -0.2253963 -0.2457815 -0.2666739 -0.2878155 -0.3088963 -0.3295599 -0.3494227 -0.3680968 -0.3851899 -0.4003315 -0.4131882 -0.4234693 -0.4309283 -0.4353598 -0.4365949 -0.4344931 -0.4289348 -0.4198139 -0.4070309 -0.3904883 -0.3700869 -0.3457227 -0.3172866 -0.2846655 -0.2477434 -0.2064056 -0.1605456 -0.1100695 -5.4908264E-02 4.9740081E-03 6.9565609E-02 0.1387957 0.2125196 0.2905074 0.3724322 0.4578637 0.5462674 0.6370071 0.7293574 0.8225234 0.9156656 1.007932 1.098487 1.186552 1.271425 1.352530 1.429411 1.501724 1.569244 1.631855 1.689534 1.742326 1.790330 1.833678 1.872521 1.907021
