T4-twomodels-1/model120.grd
DSAA
         100         100
  -15.00000       15.00000    
  -15.00000       15.00000    
  -9.375075       21.79676    
[rows 0 to 26 of 100, columns 0 to 60 of 100]
0.1903062 0.1904763 0.1908231 0.1913685 0.1921364 0.1931512 0.1944392 0.1960270 0.1979423 0.2002133 0.2028693 0.2059385 0.2094465 0.2134213 0.2178902 0.2228786 0.2284101 0.2345069 0.2411887 0.2484726 0.2563733 0.2649022 0.2740679 0.2838752 0.2943255 0.3054160 0.3171405 0.3294879 0.3424436 0.3559882 0.3700984 0.3847460 0.3998990 0.4155208 0.4315712 0.4480057 0.4647769 0.4818332 0.4991210 0.5165836 0.5341623 0.5517972 0.5694270 0.5869900 0.6044244 0.6216686 0.6386625 0.6553470 0.6716638 0.6875569 0.7029776 0.7178794 0.7322153 0.7459413 0.7590180 0.7714095 0.7830833 0.7940111 0.8041673 0.8135302 0.8220809
0.1813028 0.1812264 0.1813294 0.1816362 0.1821733 0.1829685 0.1840510 0.1854511 0.1872004 0.1893308 0.1918737 0.1948617 0.1983294 0.2023080 0.2068278 0.2119179 0.2176062 0.2239186 0.2308785 0.2385063 0.2468197 0.2558329 0.2655567 0.2759975 0.2871585 0.2990377 0.3116291 0.3249218 0.3389001 0.3535436 0.3688270 0.3847195 0.4011859 0.4181859 0.4356749 0.4536033 0.4719178 0.4905611 0.5094724 0.5285881 0.5478424 0.5671673 0.5864938 0.6057519 0.6248723 0.6437853 0.6624234 0.6807204 0.6986136 0.7160437 0.7329496 0.7492737 0.7649663 0.7799821 0.7942781 0.8078149 0.8205576 0.8324754 0.8435408 0.8537308 0.8630250
0.1714700 0.1711040 0.1709184 0.1709404 0.1711998 0.1717275 0.1725566 0.1737215 0.1752581 0.1772030 0.1795945 0.1824698 0.1858638 0.1898136 0.1943559 0.1995252 0.2053538 0.2118722 0.2191079 0.2270853 0.2358258 0.2453465 0.2556611 0.2667784 0.2787029 0.2914340 0.3049664 0.3192892 0.3343860 0.3502349 0.3668087 0.3840739 0.4019918 0.4205179 0.4396024 0.4591902 0.4792214 0.4996319 0.5203533 0.5413136 0.5624387 0.5836514 0.6048737 0.6260266 0.6470314 0.6678093 0.6882842 0.7083808 0.7280260 0.7471495 0.7656900 0.7835895 0.8007904 0.8172392 0.8328881 0.8476946 0.8616207 0.8746330 0.8867020 0.8978033 0.9079158
0.1607268 0.1600215 0.1594956 0.1591796 0.1591062 0.1593107 0.1598300 0.1607034 0.1619716 0.1636763 0.1658591 0.1685632 0.1718341 0.1757140 0.1802435 0.1854625 0.1914091 0.1981188 0.2056241 0.2139541 0.2231342 0.2331856 0.2441248 0.2559635 0.2687083 0.2823602 0.2969147 0.3123609 0.3286819 0.3458549 0.3638501 0.3826312 0.4021556 0.4223742 0.4432316 0.4646662 0.4866109 0.5089937 0.5317371 0.5547601 0.5779782 0.6013047 0.6246503 0.6479255 0.6710408 0.6939077 0.7164390 0.7385508 0.7601630 0.7812009 0.8015882 0.8212535 0.8401359 0.8581797 0.8753328 0.8915488 0.9067866 0.9210098 0.9341881 0.9462951 0.9573088
0.1489881 0.1478865 0.1469608 0.1462447 0.1457749 0.1455906 0.1457340 0.1462495 0.1471834 0.1485837 0.1505009 0.1529844 0.1560810 0.1598409 0.1643132 0.1695445 0.1755795 0.1824596 0.1902235 0.1989052 0.2085354 0.2191393 0.2307375 0.2433450 0.2569709 0.2716178 0.2872829 0.3039556 0.3216185 0.3402473 0.3598103 0.3802677 0.4015731 0.4236720 0.4465028 0.4699968 0.4940785 0.5186665 0.5436739 0.5690083 0.5945740 0.6202719 0.6460010 0.6716592 0.6971447 0.7223563 0.7471955 0.7715660 0.7953750 0.8185337 0.8409643 0.8625942 0.8833524 0.9031739 0.9220014 0.9397839 0.9564772 0.9720430 0.9864483 0.9996658 1.011673
0.1361578 0.1345947 0.1332005 0.1320126 0.1310719 0.1304227 0.1301122 0.1301911 0.1307123 0.1317306 0.1333014 0.1354817 0.1383325 0.1419102 0.1462701 0.1514667 0.1575516 0.1645741 0.1725788 0.1816067 0.1916938 0.2028708 0.2151627 0.2285883 0.2431600 0.2588830 0.2757555 0.2937678 0.3129024 0.3331339 0.3544283 0.3767424 0.4000253 0.4242168 0.4492483 0.4750429 0.5015160 0.5285755 0.5561227 0.5840531 0.6122575 0.6406230 0.6690341 0.6973742 0.7255268 0.7533768 0.7808118 0.8077232 0.8340079 0.8595709 0.8843162 0.9081551 0.9310121 0.9528188 0.9735127 0.9930391 1.011350 1.028405 1.044169 1.058614 1.071717
0.1221310 0.1200315 0.1180897 0.1163468 0.1148488 0.1136448 0.1127889 0.1123386 0.1123541 0.1128988 0.1140392 0.1158412 0.1183688 0.1216892 0.1258688 0.1309711 0.1370571 0.1441838 0.1524043 0.1617667 0.1723136 0.1840819 0.1971020 0.2113973 0.2269837 0.2438696 0.2620552 0.2815321 0.3022828 0.3242806 0.3474895 0.3718629 0.3973449 0.4238691 0.4513592 0.4797292 0.5088839 0.5387190 0.5691226 0.5999755 0.6311531 0.6625263 0.6939629 0.7253292 0.7564915 0.7873179 0.8176799 0.8474526 0.8765167 0.9047583 0.9320785 0.9583861 0.9835928 1.007620 1.030398 1.051868 1.071979 1.090688 1.107958 1.123761 1.138074
0.1067928 0.1040711 0.1014903 9.9096194E-02 9.6939556E-02 9.5076486E-02 9.3567349E-02 9.2477635E-02 9.1876790E-02 9.1837071E-02 9.2432484E-02 9.3739942E-02 9.5840424E-02 9.8810650E-02 0.1027260 0.1076606 0.1136852 0.1208670 0.1292685 0.1389458 0.1499501 0.1623247 0.1761065 0.1913242 0.2079986 0.2261414 0.2457558 0.2668345 0.2893611 0.3133079 0.3386365 0.3652971 0.3932285 0.4223576 0.4525996 0.4838582 0.5160260 0.5489850 0.5826083 0.6167594 0.6512960 0.6860695 0.7209281 0.7557178 0.7902849 0.8244781 0.8581494 0.8911569 0.9233670 0.9546561 0.9849029 1.013996 1.041842 1.068357 1.093467 1.117107 1.139223 1.159770 1.178711 1.196018 1.211669
9.0017125E-02 8.6574346E-02 8.3249226E-02 8.0092087E-02 7.7159397E-02 7.4513957E-02 7.2224602E-02 7.0365705E-02 6.9016919E-02 6.8261988E-02 6.8189628E-02 6.8888880E-02 7.0446685E-02 7.2954684E-02 7.6502748E-02 8.1177801E-02 8.7062880E-02 9.4236761E-02 0.1027720 0.1127357 0.1241872 0.1371785 0.1517538 0.1679482 0.1857877 0.2052889 0.2264578 0.2492901 0.2737695 0.2998686 0.3275470 0.3567514 0.3874151 0.4194577 0.4527856 0.4872902 0.5228512 0.5593345 0.5965954 0.6344782 0.6728190 0.7114471 0.7501869 0.7888609 0.8272915 0.8653036 0.9027268 0.9393968 0.9751581 1.009863 1.043385 1.075606 1.106419 1.135727 1.163449 1.189515 1.213868 1.236461 1.257258 1.276232 1.293360
7.1664527E-02 6.7387730E-02 6.3196830E-02 5.9146762E-02 5.5300653E-02 5.1728893E-02 4.8509285E-02 4.5727033E-02 4.3473508E-02 4.1845232E-02 4.0941782E-02 4.0867742E-02 4.1731864E-02 4.3639727E-02 4.6694096E-02 5.0996806E-02 5.6644622E-02 6.3729756E-02 7.2337687E-02 8.2546614E-02 9.4426699E-02 0.1080394 0.1234373 0.1406629 0.1597491 0.1807170 0.2035778 0.2283297 0.2549585 0.2834367 0.3137228 0.3457597 0.3794757 0.4147827 0.4515765 0.4897366 0.5291266 0.5695948 0.6109760 0.6530916 0.6957529 0.7387623 0.7819172 0.8250112 0.8678381 0.9101954 0.9518849 0.9927186 1.032520 1.071127 1.108385 1.144151 1.178311 1.210761 1.241413 1.270195 1.297047 1.321920 1.344781 1.365602 1.384365
5.1584259E-02 4.6344034E-02 4.1146833E-02 3.6053386E-02 3.1133346E-02 2.6465835E-02 2.2138935E-02 1.8250152E-02 1.4904840E-02 1.2215273E-02 1.0301080E-02 9.2836097E-03 9.2827715E-03 1.0423642E-02 1.2829714E-02 1.6620383E-02 2.1909319E-02 2.8804457E-02 3.7405502E-02 4.7803950E-02 6.0082644E-02 7.4313447E-02 9.0558968E-02 0.1088701 0.1292875 0.1518390 0.1765408 0.2033952 0.2323906 0.2635006 0.2966831 0.3318780 0.3690084 0.4079780 0.4486721 0.4909559 0.5346760 0.5796605 0.6257199 0.6726496 0.7202315 0.7682368 0.8164291 0.8645687 0.9124150 0.9597313 1.006288 1.051865 1.096255 1.139265 1.180729 1.220498 1.258436 1.294427 1.328375 1.360203 1.389849 1.417266 1.442421 1.465292 1.485865
2.9610679E-02 2.3258340E-02 1.6893260E-02 1.0581524E-02 4.4000102E-03 -1.5626661E-03 -7.2063413E-03 -1.2419373E-02 -1.7079990E-02 -2.1058323E-02 -2.4218019E-02 -2.6416080E-02 -2.7502980E-02 -2.7333619E-02 -2.5765179E-02 -2.2658102E-02 -1.7878599E-02 -1.1300948E-02 -2.8082170E-03 7.7066943E-03 2.0339666E-02 3.5175681E-02 5.2287944E-02 7.1737871E-02 9.3574636E-02 0.1178337 0.1445380 0.1736951 0.2052974 0.2393208 0.2757230 0.3144422 0.3553962 0.3984812 0.4435711 0.4905158 0.5391427 0.5892569 0.6406418 0.6930614 0.7462634 0.7999812 0.8539398 0.9078577 0.9614534 1.014449 1.066577 1.117580 1.167222 1.215287 1.261572 1.305898 1.348118 1.388109 1.425769 1.461018 1.493793 1.524050 1.551761 1.576906 1.599482
5.5620219E-03 -2.0724721E-03 -9.7917868E-03 -1.7525326E-02 -2.5187735E-02 -3.2680251E-02 -3.9888732E-02 -4.6685714E-02 -5.2929856E-02 -5.8468573E-02 -6.3138269E-02 -6.6770993E-02 -6.9199182E-02 -7.0249386E-02 -6.9750473E-02 -6.7537419E-02 -6.3453756E-02 -5.7351775E-02 -4.9095184E-02 -3.8559780E-02 -2.5633678E-02 -1.0218052E-02 7.7731446E-03 2.8412323E-02 5.1758718E-02 7.7857405E-02 0.1067389 0.1384179 0.1728925 0.2101415 0.2501251 0.2927803 0.3380211 0.3857363 0.4357878 0.4880095 0.5422083 0.5981620 0.6556238 0.7143211 0.7739613 0.8342333 0.8948140 0.9553729 1.015578 1.075103 1.133630 1.190859 1.246507 1.300317 1.352068 1.401569 1.448649 1.493169 1.535019 1.574116 1.610399 1.643831 1.674387 1.702060 1.726852
-2.0756342E-02 -2.9867353E-02 -3.9156526E-02 -4.8547868E-02 -5.7948336E-02 -6.7247264E-02 -7.6315835E-02 -8.5006982E-02 -9.3156569E-02 -0.1005863 -0.1071071 -0.1125196 -0.1166152 -0.1191900 -0.1200445 -0.1189844 -0.1158256 -0.1103956 -0.1025360 -9.2102356E-02 -7.8965634E-02 -6.3011006E-02 -4.4138730E-02 -2.2264011E-02 2.6843976E-03 3.0761631E-02 6.2008671E-02 9.6448518E-02 0.1340866 0.1749083 0.2188770 0.2659306 0.3159813 0.3689107 0.4245697 0.4827755 0.5433120 0.6059283 0.6703417 0.7362377 0.8032752 0.8710908 0.9393036 1.007523 1.075356 1.142415 1.208324 1.272728 1.335300 1.395746 1.453799 1.509225 1.561842 1.611502 1.658089 1.701523 1.741746 1.778728 1.812456 1.842937 1.870183
-4.9557447E-02 -6.0367282E-02 -7.1473867E-02 -8.2797490E-02 -9.4236925E-02 -0.1056697 -0.1169492 -0.1279063 -0.1383492 -0.1480678 -0.1568328 -0.1644071 -0.1705527 -0.1750238 -0.1775798 -0.1779902 -0.1760385 -0.1715230 -0.1642598 -0.1540826 -0.1408428 -0.1244090 -0.1046661 -8.1515267E-02 -5.4872595E-02 -2.4670457E-02 9.1436319E-03 4.6604034E-02 8.7725751E-02 0.1325031 0.1809061 0.2328765 0.2883261 0.3471321 0.4091355 0.4741365 0.5418945 0.6121271 0.6845112 0.7586837 0.8342473 0.9107743 0.9878157 1.064907 1.141579 1.217368 1.291828 1.364532 1.435088 1.503142 1.568396 1.630597 1.689535 1.745043 1.797001 1.845328 1.889979 1.930936 1.968203 2.001801 2.031764
-8.1069611E-02 -9.3831211E-02 -0.1070406 -0.1206153 -0.1344470 -0.1484002 -0.1623095 -0.1759791 -0.1891854 -0.2016791 -0.2131922 -0.2234391 -0.2321212 -0.2389470 -0.2436318 -0.2459025 -0.2455041 -0.2422013 -0.2357814 -0.2260539 -0.2128493 -0.1960182 -0.1754300 -0.1509706 -0.1225422 -9.0063080E-02 -5.3466950E-02 -1.2705568E-02 3.2249466E-02 8.1404582E-02 0.1347399 0.1922052 0.2537158 0.3191480 0.3883341 0.4610588 0.5370573 0.6160123 0.6975559 0.7812688 0.8666883 0.9533107 1.040602 1.128009 1.214969 1.300923 1.385333 1.467690 1.547529 1.624438 1.698053 1.768067 1.834251 1.896431 1.954489 2.008350 2.057985 2.103395 2.144608 2.181669 2.214637
-0.1155353 -0.1305363 -0.1461755 -0.1623711 -0.1790089 -0.1959404 -0.2129794 -0.2299002 -0.2464398 -0.2623002 -0.2771531 -0.2906538 -0.3024534 -0.3121961 -0.3195352 -0.3241453 -0.3257250 -0.3240004 -0.3187268 -0.3096878 -0.2966924 -0.2795731 -0.2581831 -0.2323933 -0.2020906 -0.1671775 -0.1275716 -8.3207712E-02 -3.4040216E-02 1.9954240E-02 7.8771636E-02 0.1423747 0.2106875 0.2835895 0.3609101 0.4424199 0.5278309 0.6167898 0.7088790 0.8036168 0.9004623 0.9988226 1.098062 1.197515 1.296504 1.394351 1.490401 1.584035 1.674685 1.761847 1.845106 1.924126 1.998640 2.068458 2.133460 2.193589 2.248839 2.299241 2.344855 2.385761 2.422051
-0.1532112 -0.1707765 -0.1892206 -0.2084653 -0.2283940 -0.2488468 -0.2696152 -0.2904387 -0.3110070 -0.3309632 -0.3499152 -0.3674403 -0.3830973 -0.3964541 -0.4070969 -0.4146346 -0.4187123 -0.4190127 -0.4152554 -0.4071977 -0.3946272 -0.3773601 -0.3552337 -0.3281044 -0.2958434 -0.2583361 -0.2154817 -0.1671938 -0.1134045 -5.4068118E-02 1.0833610E-02 8.1283875E-02 0.1572236 0.2385423 0.3250720 0.4165755 0.5127442 0.6131886 0.7174394 0.8249438 0.9350735 1.047127 1.160348 1.273932 1.387056 1.498893 1.608637 1.715531 1.818886 1.918101 2.012661 2.102155 2.186291 2.264877 2.337806 2.405048 2.466631 2.522629 2.573152 2.618324 2.658282
-0.1943655 -0.2148611 -0.2365366 -0.2593251 -0.2831124 -0.3077298 -0.3329467 -0.3584636 -0.3839130 -0.4088629 -0.4328250 -0.4552779 -0.4756905 -0.4935266 -0.5082744 -0.5194648 -0.5266777 -0.5295455 -0.5277532 -0.5210316 -0.5091504 -0.4919107 -0.4691380 -0.4406754 -0.4063789 -0.3661163 -0.3197647 -0.2672130 -0.2083653 -0.1431450 -7.1503408E-02 6.5718777E-03 9.1049261E-02 0.1818392 0.2787851 0.3816513 0.4901142 0.6037521 0.7220429 0.8443577 0.9699675 1.098048 1.227692 1.357931 1.487754 1.616143 1.742100 1.864679 1.983019 2.096366 2.204116 2.305807 2.401100 2.489791 2.571793 2.647117 2.715849 2.778125 2.834118 2.884017 2.928017
-0.2392714 -0.2631061 -0.2884970 -0.3153978 -0.3437056 -0.3732500 -0.4037809 -0.4349547 -0.4663360 -0.4974000 -0.5275476 -0.5561243 -0.5824445 -0.6058425 -0.6256931 -0.6414283 -0.6525531 -0.6586471 -0.6593595 -0.6543998 -0.6435248 -0.6265279 -0.6032265 -0.5734546 -0.5370549 -0.4938768 -0.4437724 -0.3866017 -0.3222330 -0.2505512 -0.1714655 -8.4920786E-02 9.0907337E-03 0.1105148 0.2192217 0.3349889 0.4574896 0.5862783 0.7207831 0.8602973 1.003983 1.150872 1.299883 1.449840 1.599503 1.747603 1.892890 2.034171 2.170367 2.300549 2.423947 2.539981 2.648285 2.748666 2.841081 2.925608 3.002415 3.071728 3.133812 3.188940 3.237389
-0.2882036 -0.3158290 -0.3454786 -0.3771409 -0.4107389 -0.4461126 -0.4829970 -0.5210060 -0.5596226 -0.5982010 -0.6359801 -0.6721266 -0.7057844 -0.7361042 -0.7623001 -0.7836814 -0.7996660 -0.8097786 -0.8136394 -0.8109454 -0.8014525 -0.7849551 -0.7612725 -0.7302351 -0.6916754 -0.6454253 -0.5913094 -0.5291533 -0.4587818 -0.3800296 -0.2927509 -0.1968331 -9.2210621E-02 2.1117274E-02 0.1430655 0.2734452 0.4119445 0.5581090 0.7113283 0.8708217 1.035638 1.204651 1.376577 1.549989 1.723360 1.895098 2.063613 2.227377 2.384987 2.535237 2.677184 2.810149 2.933706 3.047671 3.152073 3.247092 3.333024 3.410221 3.479074 3.539975 3.593303
-0.3414261 -0.3733358 -0.4078474 -0.4450064 -0.4847832 -0.5270478 -0.5715380 -0.6178276 -0.6653066 -0.7131785 -0.7604812 -0.8061306 -0.8489864 -0.8879574 -0.9220563 -0.9504427 -0.9724379 -0.9875171 -0.9952849 -0.9954450 -0.9877694 -0.9720718 -0.9481854 -0.9159466 -0.8751838 -0.8257117 -0.7673268 -0.6998135 -0.6229444 -0.5364913 -0.4402373 -0.3339932 -0.2176130 -9.1018155E-02 4.5778606E-02 0.1926489 0.3493229 0.5153636 0.6901426 0.8728217 1.062343 1.257416 1.456529 1.657964 1.859832 2.060130 2.256812 2.447884 2.631510 2.806121 2.970457 3.123642 3.265211 3.395041 3.513282 3.620281 3.716518 3.802536 3.878898 3.946151 4.004811
-0.3991804 -0.4359038 -0.4759372 -0.5194132 -0.5663831 -0.6167821 -0.6703790 -0.7267260 -0.7851135 -0.8445511 -0.9037796 -0.9613574 -1.015787 -1.065619 -1.109584 -1.146652 -1.176047 -1.197214 -1.209770 -1.213457 -1.208095 -1.193538 -1.169653 -1.136297 -1.093301 -1.040468 -0.9775627 -0.9043226 -0.8204586 -0.7256645 -0.6196342 -0.5020787 -0.3727457 -0.2314469 -7.8089722E-02 8.7294728E-02 0.2645178 0.4531970 0.6527266 0.8622428 1.080606 1.306373 1.537796 1.772828 2.009151 2.244230 2.475407 2.700027 2.915595 3.119943 3.311417 3.488924 3.651923 3.800377 3.934641 4.055329 4.163198 4.259060 4.343720 4.417935 4.482398
-0.4616705 -0.5037636 -0.5500257 -0.6007167 -0.6560197 -0.7159898 -0.7804834 -0.8490723 -0.9209601 -0.9949186 -1.069300 -1.142129 -1.211304 -1.274869 -1.331180 -1.378993 -1.417450 -1.446010 -1.464358 -1.472327 -1.469823 -1.456781 -1.433128 -1.398757 -1.353514 -1.297192 -1.229527 -1.150203 -1.058855 -0.9550871 -0.8384807 -0.7086208 -0.5651180 -0.4076399 -0.2359437 -4.9917404E-02 0.1503833 0.3646888 0.5924713 0.8329027 1.084815 1.346657 1.616473 1.891875 2.170057 2.447833 2.721727 2.988147 3.243624 3.485113 3.710226 3.917449 4.106195 4.276642 4.429508 4.565834 4.686802 4.793612 4.887402 4.969206 5.039946
-0.5290371 -0.5770653 -0.6302906 -0.6891549 -0.7540419 -0.8252125 -0.9027075 -0.9862131 -1.074898 -1.167264 -1.261080 -1.353549 -1.441689 -1.522744 -1.594550 -1.655626 -1.705101 -1.742540 -1.767791 -1.780856 -1.781795 -1.770667 -1.747491 -1.712221 -1.664730 -1.604810 -1.532164 -1.446418 -1.347125 -1.233774 -1.105817 -0.9626845 -0.8038146 -0.6286876 -0.4368629 -0.2280273 -2.0368025E-03 0.2410242 0.5007926 0.7765664 1.067247 1.371276 1.686569 2.010461 2.339659 2.670224 2.997634 3.316951 3.623163 3.911695 4.179016 4.423011 4.643016 4.839589 5.014085 5.168244 5.303905 5.422824 5.526595 5.616620 5.694106
-0.6013296 -0.6558451 -0.7167673 -0.7847868 -0.8605804 -0.9447417 -1.037656 -1.139307 -1.248990 -1.364969 -1.484237 -1.602649 -1.715629 -1.819175 -1.910449 -1.987812 -2.050543 -2.098496 -2.131834 -2.150842 -2.155818 -2.147007 -2.124557 -2.088510 -2.038783 -1.975173 -1.897352 -1.804881 -1.697217 -1.573726 -1.433700 -1.276389 -1.101022 -0.9068432 -0.6931648 -0.4594030 -0.2051398 6.9820143E-02 0.3653899 0.6811220 1.016140 1.369045 1.737814 2.119683 2.511006 2.907132 3.302315 3.689781 4.062136 4.412204 4.734188 5.024725 5.283171 5.510939 5.710574 5.884988 6.037022 6.169230 6.283824 6.382676 6.467352
-0.6784565 -0.7399702 -0.8092816 -0.8874087 -0.9754346 -1.074454 -1.185444 -1.309020 -1.444982 -1.591602 -1.744819 -1.898162 -2.044240 -2.176943 -2.292622 -2.389771 -2.468202 -2.528373 -2.570986 -2.596767 -2.606353 -2.600240 -2.578756 -2.542053 -2.490111 -2.422739 -2.339580 -2.240126 -2.123728 -1.989609 -1.836885 -1.664594 -1.471717 -1.257225 -1.020120 -0.7594852 -0.4745390 -0.1647007 0.1703463 0.5305743 0.9155326 1.324238 1.755042 2.205447 2.671863 3.149275 3.630849 4.107588 4.568407 5.001277 5.395945 5.746671 6.052970 6.318081 6.546803 6.744029 6.914122 7.060759 7.186965 7.295199 7.387459
