T4-twomodels-1/model120.grd
DSAA
         100         100
  -15.00000       15.00000    
  -15.00000       15.00000    
  -9.375075       21.79676    
[rows 54 to 80 of 100, columns 0 to 60 of 100]
-1.762201 -1.920584 -2.105021 -2.320536 -2.573670 -2.872334 -3.227062 -3.650937 -4.161249 -4.776158 -5.499210 -6.264781 -6.957176 -7.528501 -7.988018 -8.353979 -8.642211 -8.864673 -9.030407 -9.146120 -9.216790 -9.245979 -9.236118 -9.188673 -9.104256 -8.982743 -8.823308 -8.624495 -8.384249 -8.099939 -7.768430 -7.386074 -6.948819 -6.452205 -5.891516 -5.261770 -4.557879 -3.774636 -2.906850 -1.949279 -0.8967340 0.2560854 1.514492 2.884005 4.370082 5.977818 7.710028 9.561494 11.49958 13.41342 15.10226 16.44107 17.46356 18.25556 18.88422 19.39280 19.81004 20.15529 20.44254 20.68177 20.88067
-1.741058 -1.897806 -2.080447 -2.294006 -2.545027 -2.841429 -3.193760 -3.615122 -4.122842 -4.735110 -5.455504 -6.218451 -6.908318 -7.477254 -7.934561 -8.298524 -8.585012 -8.806011 -8.970585 -9.085461 -9.155634 -9.184679 -9.175039 -9.128189 -9.044757 -8.924625 -8.766992 -8.570403 -8.332830 -8.051651 -7.723742 -7.345475 -6.912801 -6.421271 -5.866165 -5.242496 -4.545158 -3.768918 -2.908552 -1.958769 -0.9143196 0.2301656 1.480076 2.841015 4.318530 5.917809 7.641750 9.485222 11.41564 13.32222 15.00424 16.33674 17.35345 18.14019 18.76410 19.26842 19.68188 20.02381 20.30816 20.54487 20.74162
-1.715699 -1.870451 -2.050891 -2.262038 -2.510436 -2.804018 -3.153344 -3.571548 -4.075989 -4.684910 -5.401946 -6.161586 -6.848244 -7.414130 -7.868613 -8.230028 -8.514285 -8.733409 -8.896489 -9.010278 -9.079780 -9.108593 -9.099168 -9.052991 -8.970708 -8.852212 -8.696713 -8.502785 -8.268410 -7.990993 -7.667427 -7.294101 -6.866984 -6.381640 -5.833348 -5.217114 -4.527825 -3.760213 -2.909017 -1.968886 -0.9344973 0.1995973 1.438892 2.789099 4.255881 5.844544 7.558110 9.391553 11.31241 13.20996 14.88356 16.20825 17.21779 17.99803 18.61610 19.11522 19.52407 19.86195 20.14278 20.37647 20.57063
-1.685945 -1.838308 -2.016097 -2.224322 -2.469528 -2.759651 -3.105271 -3.519553 -4.019907 -4.624631 -5.337427 -6.092863 -6.775456 -7.337496 -7.788414 -8.146615 -8.428061 -8.644818 -8.806007 -8.918400 -8.987025 -9.015485 -9.006246 -8.960805 -8.879823 -8.763207 -8.610188 -8.419360 -8.188736 -7.915737 -7.597291 -7.229815 -6.809295 -6.331315 -5.791169 -5.183864 -4.504270 -3.747093 -2.907023 -1.978652 -0.9565712 0.1647793 1.391011 2.727976 4.181487 5.757010 7.457720 9.278739 11.18772 13.07406 14.73721 16.05229 17.05309 17.82543 18.43644 18.92929 19.33264 19.66570 19.94237 20.17248 20.36361
-1.651603 -1.801148 -1.975791 -2.180523 -2.421883 -2.707809 -3.048898 -3.458357 -3.953649 -4.553154 -5.260675 -6.010889 -6.688402 -7.245619 -7.692075 -8.046257 -8.324193 -8.537990 -8.696813 -8.807446 -8.874930 -8.902883 -8.893774 -8.849114 -8.769571 -8.655081 -8.504886 -8.317611 -8.091296 -7.823407 -7.510896 -7.150224 -6.737411 -6.268073 -5.737519 -5.140773 -4.472692 -3.727967 -2.901240 -1.987026 -0.9798267 0.1260415 1.336346 2.657110 4.094341 5.653712 7.338600 9.144339 11.03876 12.91144 14.56191 15.86534 16.85556 17.61841 18.22098 18.70640 19.10324 19.43066 19.70246 19.92842 20.11603
-1.612467 -1.758729 -1.929676 -2.130274 -2.367042 -2.647912 -2.983501 -3.387050 -3.876097 -4.469119 -5.170039 -5.913678 -6.584820 -7.136003 -7.576890 -7.926072 -8.199650 -8.409785 -8.565666 -8.674099 -8.740131 -8.767377 -8.758317 -8.714460 -8.636492 -8.524357 -8.377331 -8.194064 -7.972640 -7.710565 -7.404846 -7.051987 -6.648063 -6.188728 -5.669334 -5.084929 -4.430379 -3.700356 -2.889467 -1.992156 -1.002815 8.4383041E-02 1.275378 2.576419 3.993753 5.533324 7.198787 8.985743 10.86228 12.71814 14.35306 15.64233 16.61981 17.37132 17.96388 18.44054 18.82978 19.15065 19.41684 19.63803 19.82163
-1.568321 -1.710795 -1.877444 -2.073190 -2.304514 -2.579330 -2.908260 -3.304590 -3.785935 -4.370905 -5.063605 -5.799057 -6.462227 -7.005870 -7.439816 -7.782791 -8.050983 -8.256609 -8.408873 -8.514592 -8.578798 -8.605103 -8.595972 -8.552923 -8.476638 -8.367085 -8.223566 -8.044773 -7.828827 -7.573298 -7.275251 -6.931257 -6.537461 -6.089586 -5.583039 -5.012914 -4.374109 -3.661297 -2.869061 -1.991776 -1.023734 4.1051213E-02 1.208731 2.485808 3.878847 5.394140 7.035721 8.799563 10.65412 12.48945 14.10549 15.37764 16.33980 17.07780 17.65853 18.12495 18.50538 18.81871 19.07849 19.29427 19.47334
-1.518960 -1.657107 -1.818801 -2.008893 -2.233801 -2.501401 -2.822297 -3.209807 -3.681643 -4.256577 -4.938938 -5.664034 -6.317159 -6.851339 -7.276629 -7.611919 -7.873488 -8.073593 -8.221450 -8.323849 -8.385800 -8.410881 -8.401538 -8.359273 -8.284775 -8.178019 -8.038342 -7.864470 -7.654597 -7.406349 -7.116877 -6.782837 -6.400467 -5.965578 -5.473670 -4.919912 -4.299260 -3.606425 -2.835986 -1.982280 -1.039499 -1.5020370E-03 1.138094 2.386092 3.749443 5.234889 6.846972 8.582203 10.40952 12.21942 13.81219 15.06346 16.00717 16.72905 17.29588 17.75037 18.12064 18.42536 18.67789 18.88759 19.06160
-1.464201 -1.597453 -1.753484 -1.937042 -2.154445 -2.413480 -2.724704 -3.101439 -3.561495 -4.123854 -4.793178 -5.505194 -6.145611 -6.667870 -7.082348 -7.408126 -7.661582 -7.854986 -7.997520 -8.095919 -8.155126 -8.178661 -8.168933 -8.127413 -8.054777 -7.951019 -7.815500 -7.647007 -7.443783 -7.203553 -6.923560 -6.600577 -6.230954 -5.810634 -5.335239 -4.800053 -4.200138 -3.530284 -2.785111 -1.958961 -1.045961 -3.9833784E-02 1.066023 2.278757 3.605763 5.054366 6.629786 8.329290 10.12260 11.90091 13.46497 14.69070 15.61209 16.31477 16.86523 17.30589 17.66452 17.95949 18.20388 18.40681 18.57522
-1.403903 -1.531673 -1.681296 -1.857369 -2.066055 -2.314989 -2.614605 -2.978174 -3.423578 -3.970051 -4.622706 -5.317890 -5.942034 -6.449175 -6.850110 -7.164142 -7.407714 -7.593050 -7.729230 -7.822867 -7.878796 -7.900439 -7.890131 -7.849293 -7.778586 -7.678008 -7.546951 -7.384259 -7.188251 -6.956755 -6.687132 -6.376291 -6.020741 -5.616584 -5.159610 -4.645275 -4.068798 -3.425113 -2.708955 -1.914729 -1.036574 -6.8145245E-02 0.9973511 2.167377 3.449826 4.852717 6.382178 8.036554 9.786727 11.52496 13.05290 14.24694 15.14115 15.82085 16.35211 16.77679 17.12217 17.40618 17.64150 17.83695 17.99924
-1.337986 -1.459691 -1.602145 -1.769740 -1.968401 -2.205515 -2.491268 -2.838766 -3.265868 -3.792081 -4.423179 -5.096506 -5.699582 -6.187394 -6.571326 -6.870903 -7.102528 -7.278259 -7.406957 -7.495027 -7.547113 -7.566499 -7.555400 -7.515174 -7.446445 -7.349212 -7.222894 -7.066398 -6.878136 -6.656047 -6.397640 -6.099990 -5.759792 -5.373355 -4.936689 -4.445480 -3.895179 -3.280941 -2.597708 -1.840066 -1.002278 -7.8044087E-02 0.9394825 2.057990 3.285828 4.631766 6.103073 7.699619 9.394129 11.08076 12.56262 13.71690 14.57770 15.22984 15.73856 16.14488 16.47531 16.74709 16.97243 17.15972 17.31535
-1.266482 -1.381559 -1.516103 -1.674223 -1.861507 -2.084947 -2.354297 -2.682247 -3.086418 -3.586492 -4.189129 -4.833335 -5.408616 -5.871489 -6.234073 -6.515975 -6.733328 -6.897792 -7.017835 -7.099514 -7.147201 -7.163963 -7.151870 -7.112178 -7.045464 -6.951715 -6.830384 -6.680441 -6.500402 -6.288336 -6.041919 -5.758420 -5.434759 -5.067499 -4.652925 -4.187016 -3.665537 -3.083965 -2.437571 -1.721255 -0.9295844 -5.6512654E-02 0.9046342 1.961524 3.122731 4.397646 5.794767 7.315995 8.936902 10.55495 11.97621 13.07947 13.89876 14.51775 15.00016 15.38555 15.69923 15.95755 16.17200 16.35048 16.49899
-1.189575 -1.297525 -1.423477 -1.571185 -1.745778 -1.953666 -2.203889 -2.508319 -2.883816 -3.349815 -3.914069 -4.518525 -5.056429 -5.486897 -5.822814 -6.083402 -6.284015 -6.435536 -6.545775 -6.620286 -6.663052 -6.676859 -6.663581 -6.624352 -6.559679 -6.469535 -6.353400 -6.210316 -6.038906 -5.837391 -5.603632 -5.335121 -5.029037 -4.682238 -4.291336 -3.852679 -3.362425 -2.816483 -2.210581 -1.540114 -0.8001700 1.4753267E-02 0.9108029 1.895161 2.976086 4.163042 5.465353 6.887130 8.408169 9.932109 11.27117 12.30745 13.07465 13.65382 14.10575 14.46755 14.76276 15.00645 15.20921 15.37829 15.51923
-1.107715 -1.208124 -1.324919 -1.461417 -1.622165 -1.812786 -2.041250 -2.318002 -2.658161 -3.079661 -3.590897 -4.139219 -4.625881 -5.014381 -5.317595 -5.553113 -5.734617 -5.871664 -5.971101 -6.037778 -6.075187 -6.085763 -6.071150 -6.032323 -5.969716 -5.883270 -5.772500 -5.636514 -5.474062 -5.283518 -5.062953 -4.810096 -4.522422 -4.197116 -3.831176 -3.421364 -2.964320 -2.456477 -1.894164 -1.273439 -0.5901560 0.1603261 0.9831399 1.884350 2.870992 3.951384 5.134219 6.424630 7.807265 9.196723 10.41941 11.36556 12.06713 12.59901 13.01624 13.35199 13.62719 13.85524 14.04562 14.20483 14.33787
-1.021816 -1.114401 -1.221634 -1.346354 -1.492402 -1.664457 -1.869042 -2.114532 -2.412866 -2.777991 -3.216331 -3.684682 -4.101844 -4.437846 -4.702635 -4.909894 -5.070410 -5.191834 -5.279733 -5.338106 -5.369853 -5.377015 -5.360962 -5.322505 -5.261978 -5.179303 -5.074017 -4.945304 -4.792036 -4.612759 -4.405755 -4.169020 -3.900334 -3.597245 -3.257160 -2.877312 -2.454872 -1.986883 -1.470368 -0.9022049 -0.2792064 0.4020914 1.145391 1.954943 2.835509 3.792569 4.831541 5.954833 7.148914 8.344531 9.399886 10.22491 10.84573 11.32322 11.70221 12.00996 12.26398 12.47567 12.65318 12.80218 12.92707
-0.9336029 -1.018236 -1.115706 -1.228383 -1.359308 -1.512164 -1.691772 -1.904078 -2.156718 -2.457315 -2.806128 -3.172876 -3.505817 -3.782328 -4.005369 -4.182677 -4.321252 -4.426494 -4.502508 -4.552359 -4.578310 -4.581978 -4.564448 -4.526355 -4.467936 -4.389077 -4.289342 -4.167998 -4.024037 -3.856181 -3.662929 -3.442552 -3.193141 -2.912626 -2.598830 -2.249492 -1.862329 -1.435045 -0.9653949 -0.4511655 0.1097795 0.7195555 1.380200 2.093732 2.861991 3.686403 4.566954 5.499316 6.465930 7.414518 8.255570 8.933852 9.463484 9.882436 10.22124 10.50000 10.73226 10.92724 11.09163 11.23026 11.34686
-0.8456070 -0.9223078 -1.010059 -1.110750 -1.226653 -1.360461 -1.515371 -1.694988 -1.902974 -2.141323 -2.405537 -2.677230 -2.930270 -3.149237 -3.331423 -3.479227 -3.596119 -3.685330 -3.749562 -3.790961 -3.811170 -3.811385 -3.792414 -3.754713 -3.698423 -3.623405 -3.529243 -3.415283 -3.280639 -3.124213 -2.944712 -2.740684 -2.510531 -2.252554 -1.964999 -1.646093 -1.294099 -0.9073671 -0.4843794 -2.3800507E-02 0.4754744 1.014257 1.592984 2.211553 2.869062 3.563217 4.289198 5.037177 5.787537 6.505057 7.146006 7.685062 8.126386 8.487857 8.786933 9.036921 9.247524 9.425833 9.577127 9.705397 9.813718
-0.7601095 -0.8290549 -0.9073576 -0.9964382 -1.097916 -1.213586 -1.345351 -1.494985 -1.663577 -1.850257 -2.050017 -2.252152 -2.443359 -2.613965 -2.759873 -2.880585 -2.977177 -3.051193 -3.104177 -3.137475 -3.152177 -3.149098 -3.128789 -3.091542 -3.037412 -2.966229 -2.877609 -2.770970 -2.645549 -2.500412 -2.334479 -2.146552 -1.935335 -1.699482 -1.437634 -1.148475 -0.8307790 -0.4834730 -0.1057025 0.3031064 0.7431656 1.214230 1.715458 2.245201 2.800687 3.377479 3.968622 4.563374 5.145831 5.695225 6.191095 6.621977 6.988399 7.297995 7.559971 7.782514 7.972232 8.134311 8.272807 8.390888 8.491060
-0.6784554 -0.7399695 -0.8092814 -0.8874084 -0.9754341 -1.074454 -1.185445 -1.309020 -1.444982 -1.591602 -1.744819 -1.898162 -2.044241 -2.176944 -2.292624 -2.389773 -2.468204 -2.528375 -2.570988 -2.596769 -2.606356 -2.600243 -2.578758 -2.542056 -2.490114 -2.422742 -2.339583 -2.240129 -2.123731 -1.989612 -1.836888 -1.664596 -1.471718 -1.257228 -1.020122 -0.7594863 -0.4745400 -0.1647020 0.1703454 0.5305744 0.9155328 1.324238 1.755043 2.205447 2.671864 3.149275 3.630850 4.107592 4.568408 5.001280 5.395948 5.746674 6.052972 6.318083 6.546805 6.744032 6.914125 7.060762 7.186968 7.295202 7.387464
-0.6013298 -0.6558445 -0.7167671 -0.7847877 -0.8605810 -0.9447421 -1.037657 -1.139308 -1.248991 -1.364970 -1.484238 -1.602651 -1.715631 -1.819178 -1.910452 -1.987816 -2.050546 -2.098500 -2.131838 -2.150846 -2.155823 -2.147011 -2.124562 -2.088515 -2.038788 -1.975177 -1.897357 -1.804885 -1.697222 -1.573730 -1.433704 -1.276393 -1.101025 -0.9068463 -0.6931672 -0.4594063 -0.2051424 6.9818646E-02 0.3653890 0.6811213 1.016140 1.369045 1.737814 2.119683 2.511007 2.907135 3.302318 3.689783 4.062140 4.412209 4.734193 5.024731 5.283176 5.510945 5.710580 5.884995 6.037028 6.169236 6.283830 6.382684 6.467359
-0.5290365 -0.5770647 -0.6302897 -0.6891544 -0.7540413 -0.8252118 -0.9027069 -0.9862123 -1.074898 -1.167263 -1.261079 -1.353549 -1.441689 -1.522745 -1.594550 -1.655627 -1.705102 -1.742541 -1.767793 -1.780858 -1.781797 -1.770669 -1.747493 -1.712223 -1.664733 -1.604812 -1.532166 -1.446420 -1.347126 -1.233776 -1.105818 -0.9626859 -0.8038166 -0.6286888 -0.4368639 -0.2280280 -2.0371752E-03 0.2410239 0.5007926 0.7765666 1.067248 1.371276 1.686570 2.010462 2.339660 2.670225 2.997635 3.316952 3.623165 3.911697 4.179018 4.423014 4.643018 4.839591 5.014087 5.168246 5.303907 5.422826 5.526597 5.616622 5.694109
-0.4616696 -0.5037625 -0.5500249 -0.6007162 -0.6560190 -0.7159892 -0.7804829 -0.8490719 -0.9209595 -0.9949183 -1.069299 -1.142129 -1.211305 -1.274869 -1.331181 -1.378994 -1.417452 -1.446011 -1.464360 -1.472329 -1.469825 -1.456784 -1.433131 -1.398760 -1.353517 -1.297196 -1.229530 -1.150206 -1.058858 -0.9550897 -0.8384829 -0.7086235 -0.5651206 -0.4076419 -0.2359459 -4.9919266E-02 0.1503820 0.3646873 0.5924702 0.8329019 1.084814 1.346657 1.616473 1.891875 2.170058 2.447834 2.721728 2.988148 3.243625 3.485115 3.710227 3.917451 4.106197 4.276644 4.429510 4.565835 4.686803 4.793614 4.887404 4.969209 5.039949
-0.3991791 -0.4359030 -0.4759369 -0.5194126 -0.5663827 -0.6167817 -0.6703787 -0.7267258 -0.7851133 -0.8445509 -0.9037793 -0.9613574 -1.015787 -1.065620 -1.109585 -1.146653 -1.176049 -1.197215 -1.209772 -1.213459 -1.208097 -1.193540 -1.169656 -1.136300 -1.093304 -1.040471 -0.9775656 -0.9043254 -0.8204607 -0.7256668 -0.6196365 -0.5020810 -0.3727472 -0.2314491 -7.8091584E-02 8.7292686E-02 0.2645163 0.4531958 0.6527250 0.8622426 1.080605 1.306373 1.537797 1.772829 2.009151 2.244230 2.475407 2.700027 2.915595 3.119944 3.311418 3.488925 3.651924 3.800378 3.934642 4.055330 4.163199 4.259062 4.343723 4.417938 4.482399
-0.3414248 -0.3733347 -0.4078467 -0.4450055 -0.4847826 -0.5270475 -0.5715377 -0.6178269 -0.6653061 -0.7131778 -0.7604806 -0.8061305 -0.8489866 -0.8879575 -0.9220570 -0.9504432 -0.9724386 -0.9875178 -0.9952855 -0.9954460 -0.9877709 -0.9720736 -0.9481871 -0.9159487 -0.8751858 -0.8257135 -0.7673287 -0.6998155 -0.6229460 -0.5364929 -0.4402385 -0.3339942 -0.2176141 -9.1019273E-02 4.5777675E-02 0.1926484 0.3493229 0.5153630 0.6901422 0.8728221 1.062344 1.257417 1.456531 1.657965 1.859834 2.060132 2.256813 2.447885 2.631511 2.806122 2.970459 3.123645 3.265213 3.395043 3.513283 3.620282 3.716520 3.802540 3.878901 3.946153 4.004814
-0.2882029 -0.3158286 -0.3454783 -0.3771408 -0.4107392 -0.4461130 -0.4829975 -0.5210065 -0.5596226 -0.5982010 -0.6359802 -0.6721266 -0.7057847 -0.7361050 -0.7623007 -0.7836820 -0.7996669 -0.8097799 -0.8136403 -0.8109468 -0.8014538 -0.7849569 -0.7612746 -0.7302374 -0.6916777 -0.6454272 -0.5913113 -0.5291550 -0.4587833 -0.3800310 -0.2927519 -0.1968342 -9.2211276E-02 2.1116342E-02 0.1430646 0.2734443 0.4119436 0.5581086 0.7113279 0.8708220 1.035639 1.204652 1.376578 1.549991 1.723361 1.895099 2.063614 2.227377 2.384988 2.535238 2.677185 2.810149 2.933706 3.047671 3.152072 3.247093 3.333024 3.410222 3.479076 3.539977 3.593304
-0.2392706 -0.2631054 -0.2884964 -0.3153974 -0.3437054 -0.3732500 -0.4037806 -0.4349544 -0.4663355 -0.4973992 -0.5275471 -0.5561237 -0.5824442 -0.6058422 -0.6256931 -0.6414283 -0.6525533 -0.6586475 -0.6593601 -0.6544004 -0.6435255 -0.6265286 -0.6032278 -0.5734561 -0.5370564 -0.4938785 -0.4437737 -0.3866026 -0.3222340 -0.2505518 -0.1714659 -8.4921442E-02 9.0901740E-03 0.1105141 0.2192211 0.3349880 0.4574893 0.5862780 0.7207828 0.8602975 1.003983 1.150872 1.299883 1.449840 1.599503 1.747603 1.892890 2.034171 2.170367 2.300549 2.423946 2.539981 2.648284 2.748665 2.841080 2.925607 3.002414 3.071728 3.133812 3.188940 3.237389
-0.1943647 -0.2148605 -0.2365361 -0.2593248 -0.2831123 -0.3077298 -0.3329467 -0.3584638 -0.3839129 -0.4088627 -0.4328249 -0.4552780 -0.4756908 -0.4935271 -0.5082753 -0.5194656 -0.5266786 -0.5295464 -0.5277543 -0.5210328 -0.5091518 -0.4919125 -0.4691399 -0.4406775 -0.4063811 -0.3661186 -0.3197664 -0.2672145 -0.2083669 -0.1431461 -7.1504623E-02 6.5708533E-03 9.1048054E-02 0.1818379 0.2787840 0.3816502 0.4901130 0.6037513 0.7220420 0.8443574 0.9699672 1.098048 1.227692 1.357930 1.487754 1.616143 1.742100 1.864679 1.983018 2.096365 2.204116 2.305807 2.401100 2.489790 2.571792 2.647117 2.715849 2.778125 2.834118 2.884017 2.928018
