T4-twomodels-1/model60.grd
DSAA
         100         100
  -15.00000       15.00000    
  -15.00000       15.00000    
  -6.162797       12.90249    
[rows 27 to 53 of 100, columns 0 to 60 of 100]
-0.2854663 -0.3192181 -0.3587812 -0.4054058 -0.4606290 -0.5262974 -0.6045526 -0.6976476 -0.8074365 -0.9341100 -1.073996 -1.217916 -1.354168 -1.474619 -1.576541 -1.660562 -1.728628 -1.782922 -1.825437 -1.857845 -1.881486 -1.897395 -1.906348 -1.908900 -1.905414 -1.896087 -1.880963 -1.859944 -1.832792 -1.799119 -1.758384 -1.709873 -1.652673 -1.585645 -1.507392 -1.416218 -1.310090 -1.186614 -1.043030 -0.8762597 -0.6830184 -0.4600445 -0.2044501 8.5785985E-02 0.4111877 0.7699917 1.157151 1.563037 1.972162 2.363611 2.716385 3.018238 3.268776 3.474680 3.644214 3.784670 3.901842 4.000176 4.083072 4.153134 4.212376
-0.3216256 -0.3594839 -0.4042928 -0.4577038 -0.5218473 -0.5994208 -0.6938427 -0.8092229 -0.9500713 -1.119600 -1.314863 -1.519272 -1.708585 -1.869188 -1.999957 -2.104573 -2.187464 -2.252535 -2.302945 -2.341148 -2.369016 -2.387948 -2.398970 -2.402804 -2.399923 -2.390594 -2.374893 -2.352724 -2.323824 -2.287756 -2.243891 -2.191398 -2.129197 -2.055931 -1.969907 -1.869045 -1.750800 -1.612118 -1.449382 -1.258420 -1.034588 -0.7729672 -0.4687106 -0.1175588 0.2834970 0.7353155 1.235270 1.774761 2.334543 2.879111 3.363989 3.762848 4.078709 4.328287 4.527913 4.689838 4.822809 4.933058 5.025118 5.102330 5.167209
-0.3596906 -0.4017670 -0.4520106 -0.5124803 -0.5860098 -0.6762345 -0.7881772 -0.9283103 -1.105204 -1.327855 -1.598310 -1.888371 -2.148485 -2.358121 -2.522047 -2.649439 -2.748347 -2.824878 -2.883596 -2.927852 -2.960114 -2.982179 -2.995343 -3.000507 -2.998265 -2.988952 -2.972682 -2.949361 -2.918704 -2.880214 -2.833185 -2.776652 -2.709372 -2.629750 -2.535794 -2.425003 -2.294304 -2.139918 -1.957309 -1.741086 -1.485088 -1.182469 -0.8260606 -0.4087536 7.5862564E-02 0.6328630 1.264734 1.968486 2.726879 3.487190 4.158953 4.685689 5.080141 5.378894 5.611158 5.795825 5.945322 6.067894 6.169393 6.253911 6.324552
-0.3980483 -0.4443571 -0.5000673 -0.5676371 -0.6506342 -0.7536365 -0.8833464 -1.048688 -1.262619 -1.540621 -1.891140 -2.273342 -2.608521 -2.869079 -3.067006 -3.217580 -3.332721 -3.420831 -3.487931 -3.538286 -3.574973 -3.600193 -3.615514 -3.622021 -3.620427 -3.611138 -3.594306 -3.569840 -3.537431 -3.496526 -3.446333 -3.385760 -3.313398 -3.227410 -3.125505 -3.004757 -2.861559 -2.691397 -2.488802 -2.247146 -1.958722 -1.614703 -1.205536 -0.7211415 -0.1515204 0.5129582 1.280521 2.155020 3.123192 4.115184 4.988020 5.650137 6.126058 6.475054 6.740420 6.948039 7.114181 7.249134 7.360108 7.451951 7.528366
-0.4348485 -0.4853101 -0.5463479 -0.6208302 -0.7129643 -0.8282290 -0.9747457 -1.163540 -1.410828 -1.736240 -2.150413 -2.603349 -2.999090 -3.303782 -3.532559 -3.704766 -3.835309 -3.934530 -4.009729 -4.066008 -4.107012 -4.135318 -4.152752 -4.160577 -4.159619 -4.150353 -4.132966 -4.107368 -4.073229 -4.029940 -3.976625 -3.912070 -3.834699 -3.742448 -3.632725 -3.502207 -3.346764 -3.161190 -2.939129 -2.672800 -2.353056 -1.969291 -1.509812 -0.9620214 -0.3130101 0.4501808 1.339352 2.361180 3.500548 4.671294 5.698444 6.470500 7.017593 7.412785 7.709415 7.939085 8.121342 8.268378 8.388618 8.487659 8.569745
-0.4690027 -0.5234401 -0.5895327 -0.6705206 -0.7711384 -0.8976074 -1.059109 -1.268117 -1.542678 -1.904068 -2.362494 -2.862807 -3.301315 -3.640036 -3.894322 -4.085290 -4.229613 -4.338995 -4.421714 -4.483555 -4.528642 -4.559882 -4.579333 -4.588415 -4.588059 -4.578805 -4.560867 -4.534160 -4.498331 -4.452715 -4.396360 -4.327934 -4.245701 -4.147387 -4.030121 -3.890212 -3.723055 -3.522825 -3.282373 -2.992933 -2.644139 -2.223943 -1.719011 -1.114960 -0.3970794 0.4491881 1.436543 2.570760 3.831830 5.122508 6.253432 7.104784 7.708190 8.142705 8.467216 8.717137 8.914467 9.072957 9.202050 9.308021 9.395579
-0.5001537 -0.5583077 -0.6290786 -0.7160089 -0.8242441 -0.9605538 -1.134827 -1.360386 -1.656122 -2.043691 -2.532395 -3.064371 -3.532433 -3.896220 -4.170506 -4.376936 -4.533043 -4.651355 -4.740813 -4.807714 -4.856554 -4.890511 -4.911839 -4.922090 -4.922287 -4.913023 -4.894541 -4.866755 -4.829288 -4.781430 -4.722150 -4.650009 -4.563129 -4.459042 -4.334628 -4.185871 -4.007751 -3.793917 -3.536570 -3.226140 -2.851327 -2.399026 -1.854794 -1.203189 -0.4286755 0.4836369 1.545872 2.761700 4.106871 5.477865 6.679008 7.586968 8.233554 8.700230 9.048658 9.316556 9.527585 9.696660 9.834030 9.946541 10.03930
-0.5282931 -0.5898554 -0.6648611 -0.7570878 -0.8719808 -1.016682 -1.201513 -1.440244 -1.752082 -2.158629 -2.668469 -3.222272 -3.711067 -4.093164 -4.382767 -4.601559 -4.767429 -4.893352 -4.988681 -5.060064 -5.112269 -5.148684 -5.171715 -5.183026 -5.183711 -5.174413 -5.155395 -5.126568 -5.087533 -5.037536 -4.975475 -4.899818 -4.808556 -4.699055 -4.567977 -4.411032 -4.222852 -3.996666 -3.724156 -3.395153 -2.997682 -2.517933 -1.940793 -1.250311 -0.4307311 0.5325515 1.650657 2.925336 4.329480 5.756179 7.006687 7.955915 8.635575 9.128128 9.496632 9.780111 10.00331 10.18197 10.32694 10.44551 10.54314
-0.5535604 -0.6181918 -0.6969611 -0.7938171 -0.9144130 -1.066126 -1.259530 -1.508603 -1.832637 -2.253069 -2.777965 -3.347164 -3.850779 -4.246332 -4.547582 -4.776105 -4.949906 -5.082173 -5.182505 -5.257771 -5.312930 -5.351519 -5.376065 -5.388313 -5.389418 -5.380058 -5.360511 -5.330687 -5.290165 -5.238147 -5.173477 -5.094532 -4.999194 -4.884686 -4.747488 -4.583085 -4.385836 -4.148633 -3.862779 -3.517671 -3.100882 -2.598164 -1.994054 -1.272409 -0.4175663 0.5846154 1.744311 3.061840 4.508262 5.974728 7.260919 8.240850 8.946038 9.459335 9.844489 10.14128 10.37511 10.56230 10.71414 10.83826 10.94037
-0.5761417 -0.6435000 -0.7255642 -0.8264050 -0.9518142 -1.109314 -1.309612 -1.566772 -1.900078 -2.330808 -2.866696 -3.447091 -3.961533 -4.367085 -4.677205 -4.913341 -5.093509 -5.230989 -5.335512 -5.414084 -5.471787 -5.512267 -5.538132 -5.551190 -5.552643 -5.543194 -5.523131 -5.492361 -5.450439 -5.396538 -5.329441 -5.247460 -5.148378 -5.029300 -4.886558 -4.715457 -4.510145 -4.263267 -3.965845 -3.606986 -3.173971 -2.652305 -2.026361 -1.279988 -0.3977165 0.6341338 1.825003 3.174213 4.651691 6.147478 7.460301 8.463577 9.188680 9.718627 10.11752 10.42556 10.66859 10.86328 11.02124 11.15037 11.25657
-0.5962347 -0.6659843 -0.7508988 -0.8551324 -0.9845636 -1.146803 -1.352622 -1.616111 -1.956515 -2.394981 -2.939005 -3.527631 -4.050097 -4.463165 -4.780074 -5.022158 -5.207406 -5.349127 -5.457121 -5.538469 -5.598333 -5.640429 -5.667423 -5.681168 -5.682897 -5.673333 -5.652771 -5.621109 -5.577888 -5.522245 -5.452922 -5.368163 -5.265680 -5.142478 -4.994774 -4.817735 -4.605343 -4.350068 -4.042738 -3.672267 -3.225760 -2.688594 -2.045091 -1.279161 -0.3755473 0.6790474 1.893519 3.266514 4.767210 6.284930 7.617872 8.639123 9.379899 9.923255 10.33346 10.65097 10.90187 11.10308 11.26645 11.40004 11.50992
-0.6140301 -0.6858566 -0.7732127 -0.8803095 -1.013082 -1.179183 -1.389421 -1.657881 -2.003763 -2.448117 -2.998293 -3.593141 -4.121667 -4.540448 -4.862588 -5.109328 -5.298618 -5.443770 -5.554611 -5.638266 -5.699942 -5.743401 -5.771345 -5.785660 -5.787600 -5.777903 -5.756860 -5.724370 -5.679950 -5.622716 -5.551365 -5.464097 -5.358559 -5.231678 -5.079580 -4.897328 -4.678787 -4.416297 -4.100557 -3.720359 -3.262708 -2.712923 -2.055329 -1.273926 -0.3536459 0.7185131 1.951053 3.342165 4.860555 6.395115 7.743649 8.778970 9.532193 10.08638 10.50590 10.83134 11.08894 11.29579 11.46388 11.60142 11.71458
-0.6297061 -0.7033190 -0.7927507 -0.9022476 -1.037778 -1.207023 -1.420797 -1.693177 -2.043320 -2.492198 -3.047051 -3.646597 -4.179730 -4.602897 -4.929091 -5.179485 -5.371988 -5.519904 -5.633066 -5.718620 -5.781798 -5.826390 -5.855125 -5.869905 -5.872000 -5.862150 -5.840655 -5.807399 -5.761889 -5.703212 -5.630040 -5.540528 -5.432274 -5.302144 -5.146196 -4.959414 -4.735578 -4.466940 -4.144115 -3.755818 -3.289004 -2.728969 -2.060073 -1.266401 -0.3330428 0.7527813 1.999293 3.404365 4.936371 6.483889 7.844505 8.890890 9.654054 10.21703 10.64421 10.97626 11.23954 11.45122 11.62340 11.76439 11.88046
-0.6434250 -0.7185608 -0.8097425 -0.9212393 -1.059040 -1.230838 -1.447444 -1.722925 -2.076402 -2.528792 -3.087267 -3.690463 -4.227157 -4.653718 -4.983074 -5.236342 -5.431400 -5.581532 -5.696575 -5.783680 -5.848095 -5.893621 -5.923002 -5.938154 -5.940353 -5.930346 -5.908425 -5.874471 -5.827978 -5.768013 -5.693219 -5.601723 -5.491079 -5.358112 -5.198823 -5.008142 -4.779786 -4.505950 -4.177194 -3.782189 -3.307865 -2.739524 -2.061556 -1.258134 -0.3144663 0.7820595 2.039466 3.455406 4.998044 6.555767 7.925970 8.981168 9.752309 10.32241 10.75590 11.09346 11.36151 11.57730 11.75301 11.89699 12.01559
-0.6553291 -0.7317524 -0.8243986 -0.9375530 -1.077213 -1.251076 -1.469953 -1.747892 -2.103987 -2.559114 -3.120385 -3.726372 -4.265816 -4.695014 -5.026842 -5.282373 -5.479458 -5.631366 -5.747926 -5.836288 -5.901709 -5.947996 -5.977900 -5.993345 -5.995608 -5.985440 -5.963130 -5.928547 -5.881178 -5.820073 -5.743857 -5.650625 -5.537904 -5.402484 -5.240329 -5.046322 -4.814145 -4.535949 -4.202261 -3.801729 -3.321277 -2.746215 -2.060974 -1.249789 -0.2979704 0.8069742 2.072923 3.497373 5.048323 6.614002 7.991711 9.053903 9.831455 10.40735 10.84600 11.18813 11.46018 11.67944 11.85814 12.00470 12.12549
-0.6655466 -0.7430466 -0.8369074 -0.9514239 -1.092597 -1.268128 -1.488819 -1.768705 -2.126859 -2.584129 -3.147593 -3.755785 -4.297377 -4.728636 -5.062396 -5.319710 -5.518397 -5.671719 -5.789493 -5.878868 -5.945099 -5.991999 -6.022321 -6.037990 -6.040288 -6.029962 -6.007297 -5.972160 -5.924025 -5.861928 -5.784476 -5.689749 -5.575247 -5.437734 -5.273145 -5.076338 -4.840960 -4.559143 -4.221388 -3.816336 -3.330907 -2.750429 -2.059368 -1.242013 -0.2837468 0.8278303 2.100494 3.531631 5.089141 6.661168 8.044898 9.112694 9.895398 10.47598 10.91885 11.26473 11.54009 11.76227 11.94350 12.09224 12.21489
-0.6741861 -0.7525756 -0.8474324 -0.9630548 -1.105450 -1.282313 -1.504444 -1.785868 -2.145638 -2.604576 -3.169731 -3.779601 -4.322852 -4.755709 -5.090979 -5.349686 -5.549636 -5.704075 -5.822812 -5.912992 -5.979870 -6.027256 -6.057907 -6.073748 -6.076058 -6.065582 -6.042605 -6.006987 -5.958189 -5.895244 -5.816742 -5.720745 -5.604741 -5.465470 -5.298850 -5.099714 -4.861695 -4.576903 -4.235834 -3.827118 -3.337683 -2.752873 -2.057183 -1.234946 -0.2715997 0.8451905 2.123119 3.559497 5.122134 6.699085 8.087499 9.159717 9.946530 10.53088 10.97716 11.32610 11.60419 11.82877 12.01210 12.16266 12.28689
-0.6813419 -0.7604526 -0.8561103 -0.9726197 -1.115985 -1.293903 -1.517165 -1.799787 -2.160810 -2.621042 -3.187518 -3.798714 -4.343253 -4.777346 -5.113781 -5.373569 -5.574502 -5.729811 -5.849301 -5.940115 -6.007500 -6.055269 -6.086172 -6.102137 -6.104445 -6.093836 -6.070590 -6.034563 -5.985210 -5.921556 -5.842179 -5.745131 -5.627884 -5.487168 -5.318882 -5.117851 -4.877689 -4.590499 -4.246770 -3.835131 -3.342517 -2.754287 -2.054958 -1.228900 -0.2615895 0.8592569 2.141282 3.581736 5.148384 6.729241 8.121390 9.197104 9.987163 10.57450 11.02350 11.37490 11.65518 11.88171 12.06676 12.21882 12.34434
-0.6870931 -0.7667719 -0.8630597 -0.9802597 -1.124378 -1.303109 -1.527242 -1.810780 -2.172760 -2.633972 -3.201433 -3.813604 -4.359107 -4.794132 -5.131452 -5.392062 -5.593742 -5.749716 -5.869785 -5.961082 -6.028855 -6.076913 -6.108009 -6.124066 -6.126362 -6.115636 -6.092168 -6.055806 -6.006004 -5.941772 -5.861690 -5.763797 -5.645557 -5.503685 -5.334077 -5.131542 -4.889690 -4.600616 -4.254807 -3.840892 -3.345814 -2.754943 -2.052816 -1.223825 -0.2534807 0.8704636 2.155613 3.599174 5.168861 6.752643 8.147586 9.225965 10.01853 10.60818 11.05930 11.41262 11.69463 11.92270 12.10910 12.26235 12.38891
-0.6915018 -0.7716103 -0.8683701 -0.9860875 -1.130768 -1.310103 -1.534878 -1.819093 -2.181776 -2.643710 -3.211906 -3.824817 -4.371036 -4.806747 -5.144714 -5.405926 -5.608155 -5.764619 -5.885112 -5.976765 -6.044824 -6.093096 -6.124329 -6.140450 -6.142732 -6.131914 -6.108271 -6.071648 -6.021497 -5.956823 -5.876198 -5.777658 -5.658656 -5.515907 -5.345292 -5.141618 -4.898490 -4.607999 -4.260629 -3.845014 -3.348100 -2.755268 -2.051069 -1.219913 -0.2473306 0.8788951 2.166343 3.612193 5.184140 6.770140 8.167212 9.247590 10.04201 10.63339 11.08609 11.44086 11.72417 11.95340 12.14083 12.29499 12.42233
-0.6946175 -0.7750244 -0.8721139 -0.9901909 -1.135260 -1.315011 -1.540228 -1.824908 -2.188071 -2.650496 -3.219180 -3.832569 -4.379265 -4.815440 -5.153850 -5.415473 -5.618077 -5.774876 -5.895659 -5.987558 -6.055812 -6.104229 -6.135556 -6.151719 -6.153988 -6.143100 -6.119330 -6.082524 -6.032123 -5.967136 -5.886127 -5.787129 -5.667593 -5.524224 -5.352904 -5.148434 -4.904415 -4.612936 -4.264482 -3.847689 -3.349505 -2.755320 -2.049694 -1.217049 -0.2429333 0.8848571 2.173880 3.621295 5.194772 6.782234 8.180710 9.262438 10.05814 10.65071 11.10452 11.46028 11.74450 11.97454 12.16270 12.31749 12.44539
-0.6964725 -0.7770569 -0.8743394 -0.9926282 -1.137926 -1.317922 -1.543397 -1.828347 -2.191791 -2.654504 -3.223486 -3.837178 -4.384161 -4.820610 -5.159276 -5.421139 -5.623960 -5.780956 -5.901908 -5.993949 -6.062319 -6.110819 -6.142201 -6.158386 -6.160646 -6.149718 -6.125871 -6.088953 -6.038404 -5.973229 -5.891992 -5.792722 -5.672866 -5.529130 -5.357392 -5.152451 -4.907905 -4.615843 -4.266750 -3.849265 -3.350336 -2.755358 -2.048896 -1.215381 -0.2403688 0.8883346 2.178277 3.626611 5.200999 6.789372 8.188724 9.271264 10.06772 10.66099 11.11545 11.47180 11.75656 11.98708 12.17566 12.33083 12.45906
-0.6970884 -0.7777306 -0.8750791 -0.9934373 -1.138809 -1.318885 -1.544447 -1.829486 -2.193022 -2.655828 -3.224895 -3.838666 -4.385736 -4.822271 -5.161024 -5.422964 -5.625860 -5.782917 -5.903926 -5.996013 -6.064419 -6.112948 -6.144349 -6.160540 -6.162797 -6.151855 -6.127983 -6.091028 -6.040430 -5.975192 -5.893879 -5.794518 -5.674558 -5.530701 -5.358823 -5.153725 -4.909005 -4.616751 -4.267448 -3.849734 -3.350560 -2.755319 -2.048582 -1.214781 -0.2394728 0.8895311 2.179775 3.628407 5.203081 6.791705 8.191298 9.274091 10.07080 10.66430 11.11896 11.47551 11.76044 11.99112 12.17985 12.33515 12.46348
-0.6964723 -0.7770566 -0.8743393 -0.9926277 -1.137925 -1.317922 -1.543397 -1.828348 -2.191791 -2.654504 -3.223486 -3.837178 -4.384162 -4.820610 -5.159276 -5.421138 -5.623961 -5.780956 -5.901909 -5.993950 -6.062318 -6.110819 -6.142201 -6.158386 -6.160646 -6.149718 -6.125871 -6.088953 -6.038404 -5.973230 -5.891992 -5.792722 -5.672867 -5.529131 -5.357392 -5.152451 -4.907904 -4.615844 -4.266751 -3.849265 -3.350336 -2.755359 -2.048896 -1.215381 -0.2403688 0.8883342 2.178278 3.626610 5.200998 6.789371 8.188724 9.271265 10.06772 10.66099 11.11544 11.47180 11.75655 11.98707 12.17566 12.33083 12.45906
-0.6946158 -0.7750230 -0.8721129 -0.9901899 -1.135259 -1.315010 -1.540228 -1.824907 -2.188070 -2.650495 -3.219180 -3.832568 -4.379264 -4.815440 -5.153850 -5.415473 -5.618077 -5.774877 -5.895660 -5.987558 -6.055811 -6.104228 -6.135557 -6.151718 -6.153987 -6.143100 -6.119330 -6.082523 -6.032123 -5.967135 -5.886127 -5.787129 -5.667593 -5.524224 -5.352904 -5.148434 -4.904414 -4.612936 -4.264482 -3.847689 -3.349505 -2.755320 -2.049694 -1.217049 -0.2429329 0.8848567 2.173880 3.621295 5.194772 6.782234 8.180710 9.262438 10.05814 10.65071 11.10452 11.46028 11.74450 11.97454 12.16270 12.31749 12.44539
-0.6915014 -0.7716091 -0.8683689 -0.9860869 -1.130767 -1.310103 -1.534878 -1.819093 -2.181776 -2.643709 -3.211905 -3.824817 -4.371036 -4.806746 -5.144713 -5.405926 -5.608154 -5.764619 -5.885112 -5.976766 -6.044823 -6.093096 -6.124329 -6.140450 -6.142731 -6.131913 -6.108269 -6.071648 -6.021496 -5.956823 -5.876198 -5.777658 -5.658657 -5.515906 -5.345292 -5.141619 -4.898490 -4.608000 -4.260629 -3.845014 -3.348100 -2.755268 -2.051069 -1.219913 -0.2473313 0.8788951 2.166341 3.612191 5.184139 6.770139 8.167211 9.247586 10.04201 10.63339 11.08609 11.44085 11.72417 11.95340 12.14083 12.29499 12.42233
-0.6870931 -0.7667711 -0.8630590 -0.9802594 -1.124378 -1.303109 -1.527241 -1.810781 -2.172760 -2.633973 -3.201434 -3.813604 -4.359106 -4.794132 -5.131454 -5.392063 -5.593743 -5.749717 -5.869785 -5.961082 -6.028855 -6.076913 -6.108008 -6.124066 -6.126362 -6.115637 -6.092168 -6.055807 -6.006004 -5.941774 -5.861690 -5.763798 -5.645557 -5.503686 -5.334077 -5.131543 -4.889691 -4.600616 -4.254807 -3.840893 -3.345814 -2.754943 -2.052817 -1.223826 -0.2534818 0.8704640 2.155611 3.599172 5.168859 6.752641 8.147585 9.225964 10.01853 10.60818 11.05930 11.41262 11.69463 11.92270 12.10910 12.26235 12.38890
