T4-twomodels-1/model90.grd
DSAA
         100         100
  -15.00000       15.00000    
  -15.00000       15.00000    
  -8.119666       17.75342    
[rows 27 to 53 of 100, columns 0 to 60 of 100]
-0.5234363 -0.5770299 -0.6387255 -0.7099531 -0.7923858 -0.8879319 -0.9986750 -1.126649 -1.273289 -1.438145 -1.616702 -1.798794 -1.971677 -2.126237 -2.258899 -2.369643 -2.459963 -2.531761 -2.586885 -2.626942 -2.653252 -2.666839 -2.668453 -2.658584 -2.637487 -2.605191 -2.561513 -2.506060 -2.438233 -2.357221 -2.261997 -2.151323 -2.023736 -1.877563 -1.710936 -1.521824 -1.308086 -1.067551 -0.7981170 -0.4978897 -0.1653262 0.2005801 0.6000979 1.032499 1.495711 1.985775 2.496010 3.015772 3.529124 4.015150 4.453175 4.831481 5.150308 5.417003 5.640490 5.828683 5.987942 6.123224 6.238376 6.336390 6.419613
-0.5848184 -0.6446158 -0.7140177 -0.7949106 -0.8896155 -1.000937 -1.132266 -1.287489 -1.470649 -1.684215 -1.924241 -2.172952 -2.404852 -2.605149 -2.771725 -2.907513 -3.016445 -3.102140 -3.167633 -3.215347 -3.247171 -3.264524 -3.268430 -3.259561 -3.238282 -3.204679 -3.158574 -3.099535 -3.026880 -2.939668 -2.836699 -2.716501 -2.577320 -2.417119 -2.233593 -2.024185 -1.786131 -1.516538 -1.212472 -0.8710899 -0.4897658 -6.6258572E-02 0.4011303 0.9133367 1.470229 2.070037 2.708219 3.375030 4.050780 4.700057 5.278864 5.761566 6.151988 6.467675 6.725754 6.939222 7.117498 7.267406 7.394002 7.501072 7.591513
-0.6484948 -0.7146484 -0.7919989 -0.8828983 -0.9904310 -1.118389 -1.271800 -1.456915 -1.681787 -1.954565 -2.276128 -2.616876 -2.925782 -3.180928 -3.385927 -3.549109 -3.677983 -3.778368 -3.854727 -3.910419 -3.947972 -3.969237 -3.975532 -3.967725 -3.946302 -3.911408 -3.862871 -3.800220 -3.722691 -3.629207 -3.518388 -3.388517 -3.237539 -3.063034 -2.862237 -2.632026 -2.368980 -2.069413 -1.729492 -1.345294 -0.9129696 -0.4287899 0.1107030 0.7086817 1.367839 2.090160 2.875916 3.720848 4.607278 5.482691 6.257256 6.875373 7.350774 7.721038 8.016321 8.256384 8.454436 8.619406 8.757739 8.874036 8.971828
-0.7124506 -0.7849796 -0.8703178 -0.9712763 -1.091731 -1.236470 -1.412234 -1.627724 -1.895337 -2.229594 -2.637605 -3.076926 -3.467144 -3.779068 -4.023370 -4.214382 -4.363439 -4.478654 -4.565970 -4.629702 -4.673027 -4.698233 -4.706942 -4.700218 -4.678668 -4.642497 -4.591542 -4.525290 -4.442894 -4.343143 -4.224475 -4.084925 -3.922138 -3.733304 -3.515197 -3.264120 -2.975993 -2.646322 -2.270360 -1.843086 -1.359398 -0.8140341 -0.2017155 0.4830804 1.246052 2.093270 3.030452 4.060048 5.168373 6.285889 7.270422 8.031474 8.594737 9.020645 9.353596 9.620465 9.838410 10.01850 10.16860 10.29414 10.39929
-0.7744251 -0.8532181 -0.9463648 -1.057144 -1.190126 -1.351050 -1.548105 -1.792094 -2.098621 -2.486256 -2.964138 -3.480448 -3.937305 -4.299062 -4.579383 -4.796564 -4.964882 -5.094388 -5.192328 -5.263890 -5.312851 -5.341917 -5.352992 -5.347327 -5.325646 -5.288212 -5.234867 -5.165061 -5.077864 -4.971930 -4.845520 -4.696434 -4.522016 -4.319084 -4.083964 -3.812415 -3.499715 -3.140615 -2.729499 -2.260339 -1.726877 -1.122499 -0.4403357 0.3270604 1.187738 2.150655 3.224805 4.415340 5.706725 7.013220 8.160803 9.039223 9.679954 10.15738 10.52610 10.81882 11.05609 11.25096 11.41260 11.54723 11.65961
-0.8329486 -0.9177638 -1.018362 -1.138446 -1.283166 -1.459046 -1.675359 -1.944352 -2.283413 -2.712657 -3.240641 -3.810215 -4.315562 -4.716722 -5.027433 -5.267673 -5.453438 -5.596134 -5.704003 -5.782947 -5.837252 -5.869989 -5.883311 -5.878644 -5.856812 -5.818128 -5.762441 -5.689162 -5.597278 -5.485324 -5.351383 -5.193038 -5.007349 -4.790793 -4.539276 -4.248060 -3.911843 -3.524711 -3.080285 -2.571689 -1.991718 -1.332717 -0.5866718 0.2551072 1.201963 2.264038 3.450963 4.766856 6.191291 7.627529 8.887301 9.852192 10.55533 11.07726 11.47823 11.79491 12.05038 12.25934 12.43205 12.57545 12.69485
-0.8873460 -0.9778258 -1.085378 -1.214051 -1.369448 -1.558676 -1.791735 -2.081711 -2.446788 -2.907374 -3.470990 -4.077605 -4.617734 -5.048880 -5.384075 -5.643738 -5.844679 -5.999118 -6.115973 -6.201671 -6.260906 -6.297040 -6.312438 -6.308670 -6.286649 -6.246732 -6.188767 -6.112128 -6.015725 -5.897977 -5.756812 -5.589607 -5.393167 -5.163663 -4.896629 -4.586896 -4.228664 -3.815459 -3.340291 -2.795621 -2.173551 -1.465734 -0.6634787 0.2424855 1.261891 2.404847 3.680165 5.089740 6.608898 8.134677 9.472623 10.50093 11.25307 11.81210 12.24120 12.57941 12.85160 13.07370 13.25682 13.40856 13.53465
-0.9373707 -1.033087 -1.146998 -1.283424 -1.448301 -1.649136 -1.896371 -2.203527 -2.589061 -3.073247 -3.662772 -4.296004 -4.861526 -5.315376 -5.669905 -5.945494 -6.159266 -6.323867 -6.448632 -6.540359 -6.604026 -6.643227 -6.660489 -6.657501 -6.635247 -6.594116 -6.533953 -6.454095 -6.353382 -6.230126 -6.082119 -5.906550 -5.700009 -5.458394 -5.176924 -4.850071 -4.471630 -4.034685 -3.531779 -2.954901 -2.295706 -1.545444 -0.6951317 0.2646230 1.343392 2.550701 3.894140 5.373577 6.961450 8.551460 9.946163 11.02211 11.81278 12.40235 12.85550 13.21269 13.49992 13.73403 13.92681 14.08634 14.21871
-0.9829960 -1.083476 -1.203102 -1.346401 -1.519542 -1.730284 -1.989326 -2.310381 -2.711951 -3.214076 -3.822831 -4.475640 -5.060049 -5.531198 -5.900900 -6.189362 -6.413778 -6.586991 -6.718579 -6.815565 -6.883133 -6.925037 -6.943933 -6.941594 -6.919056 -6.876736 -6.814470 -6.731559 -6.626778 -6.498351 -6.343940 -6.160583 -5.944678 -5.691896 -5.397204 -5.054779 -4.658099 -4.199922 -3.672459 -3.067386 -2.376098 -1.589667 -0.6990630 0.3049690 1.431613 2.689667 4.085609 5.617762 7.256709 8.894234 10.33138 11.44389 12.26515 12.87981 13.35333 13.72701 14.02759 14.27254 14.47413 14.64084 14.77906
-1.024321 -1.129073 -1.253766 -1.403071 -1.583314 -1.802412 -2.071194 -2.403445 -2.817620 -3.333543 -3.956880 -4.624474 -5.223203 -5.707657 -6.089271 -6.388068 -6.621212 -6.801619 -6.938987 -7.040485 -7.111420 -7.155662 -7.175950 -7.174124 -7.151257 -7.107780 -7.043515 -6.957737 -6.849163 -6.715931 -6.555598 -6.365074 -6.140600 -5.877662 -5.571018 -5.214628 -4.801732 -4.324847 -3.775964 -3.146577 -2.427953 -1.611127 -0.6871526 0.3529761 1.518004 2.816070 4.252759 5.825315 7.503143 9.176935 10.64682 11.78801 12.63380 13.26912 13.75982 14.14771 14.46001 14.71461 14.92415 15.09740 15.24099
-1.061504 -1.170042 -1.299175 -1.453671 -1.639958 -1.866043 -2.142821 -2.484083 -2.908215 -3.434858 -4.069382 -4.748249 -5.357963 -5.852738 -6.243733 -6.550801 -6.791049 -6.977398 -7.119609 -7.224917 -7.298715 -7.344936 -7.366386 -7.364943 -7.341707 -7.297111 -7.230972 -7.142528 -7.030446 -6.892797 -6.727053 -6.530009 -6.297781 -6.025714 -5.708405 -5.339643 -4.912501 -4.419334 -3.851994 -3.201876 -2.460208 -1.618069 -0.6666564 0.4027732 1.598557 2.928291 4.396890 6.000844 7.708773 9.410652 10.90611 12.07006 12.93571 13.58807 14.09324 14.49330 14.81581 15.07893 15.29557 15.47472 15.62319
-1.094746 -1.206607 -1.339589 -1.498530 -1.689922 -1.921820 -2.205144 -2.553668 -2.985703 -3.520756 -4.163997 -4.851640 -5.469899 -5.972747 -6.371151 -6.684840 -6.930842 -7.122068 -7.268287 -7.376777 -7.452969 -7.500843 -7.523240 -7.522061 -7.498424 -7.452764 -7.384877 -7.293978 -7.178690 -7.037028 -6.866385 -6.663476 -6.424313 -6.144127 -5.817401 -5.437796 -4.998270 -4.491073 -3.907976 -3.240336 -2.479389 -1.616291 -0.6423991 0.4507799 1.671247 3.026175 4.519984 6.148639 7.880258 9.604374 11.12023 12.30251 13.18435 13.85082 14.36815 14.77861 15.10995 15.38053 15.60346 15.78787 15.94073
-1.124257 -1.239003 -1.375294 -1.538015 -1.733692 -1.970407 -2.259081 -2.613463 -3.051801 -3.593489 -4.243548 -4.938019 -5.562955 -6.072154 -6.476433 -6.795413 -7.046066 -7.241265 -7.390779 -7.501895 -7.580068 -7.629299 -7.652449 -7.651435 -7.627380 -7.580711 -7.511217 -7.418080 -7.299893 -7.154618 -6.979594 -6.771461 -6.526159 -6.238831 -5.903872 -5.514858 -5.064666 -4.545485 -3.949041 -3.266688 -2.489700 -1.609318 -0.6170545 0.4953761 1.735701 3.110768 4.624640 6.272903 8.023313 9.765073 11.29722 12.49431 13.38941 14.06758 14.59512 15.01442 15.35335 15.63043 15.85887 16.04794 16.20470
-1.150249 -1.267478 -1.406592 -1.572501 -1.771756 -2.012446 -2.305488 -2.664600 -3.107977 -3.654934 -4.310393 -5.010276 -5.640484 -6.154699 -6.563644 -6.886858 -7.141253 -7.339676 -7.491878 -7.605143 -7.684935 -7.735267 -7.759005 -7.758071 -7.733588 -7.685983 -7.615024 -7.519872 -7.399091 -7.250604 -7.071700 -6.858970 -6.608288 -6.314740 -5.972654 -5.575552 -5.116254 -4.586914 -3.979248 -3.284615 -2.494340 -1.599757 -0.5925004 0.5355343 1.791866 3.183092 4.713011 6.376951 8.142419 9.898421 11.44380 12.65297 13.55895 14.24682 14.78293 15.20971 15.55514 15.83781 16.07104 16.26419 16.42441
-1.172925 -1.292271 -1.433771 -1.602350 -1.804573 -2.048529 -2.345126 -2.708055 -3.155465 -3.706609 -4.366328 -5.070449 -5.704809 -6.222996 -6.635649 -6.962241 -7.219643 -7.420665 -7.575042 -7.690050 -7.771153 -7.822361 -7.846544 -7.845627 -7.820728 -7.772261 -7.699985 -7.603044 -7.479972 -7.328659 -7.146363 -6.929628 -6.674289 -6.375383 -6.027194 -5.623202 -5.156202 -4.618324 -4.001286 -3.296472 -2.495251 -1.589037 -0.5695806 0.5710930 1.840327 3.244538 4.787332 6.463834 8.241369 10.00877 11.56478 12.78376 13.69867 14.39457 14.93782 15.37090 15.72185 16.00931 16.24668 16.44336 16.60658
-1.192473 -1.313604 -1.457099 -1.627895 -1.832562 -2.079187 -2.378663 -2.744660 -3.195294 -3.749769 -4.412878 -5.120383 -5.758034 -6.279364 -6.694958 -7.024239 -7.284040 -7.487146 -7.643269 -7.759679 -7.841827 -7.893725 -7.918242 -7.917295 -7.891995 -7.842752 -7.769314 -7.670804 -7.545733 -7.391974 -7.206750 -6.986579 -6.727257 -6.423791 -6.070437 -5.660647 -5.187195 -4.642210 -4.017416 -3.304221 -2.494041 -1.578361 -0.5490170 0.6018534 1.881467 3.296099 4.849211 6.535791 8.323039 10.09969 11.66437 12.89135 13.81357 14.51608 15.06525 15.50360 15.85918 16.15069 16.39157 16.59129 16.75709
-1.209064 -1.331678 -1.476822 -1.649437 -1.856092 -2.104875 -2.406666 -2.775115 -3.228308 -3.785417 -4.451180 -5.161317 -5.801548 -6.325350 -6.743259 -7.074666 -7.336368 -7.541125 -7.698640 -7.816158 -7.899135 -7.951568 -7.976324 -7.975316 -7.949649 -7.899724 -7.825275 -7.725411 -7.598637 -7.442792 -7.255087 -7.032010 -6.769337 -6.462052 -6.104390 -5.689785 -5.211005 -4.660178 -4.029037 -3.309020 -2.491581 -1.568260 -0.5309642 0.6280757 1.915984 3.338935 4.900277 6.594892 8.389875 10.17386 11.74544 12.97885 13.90700 14.61490 15.16893 15.61162 15.97105 16.26595 16.50978 16.71206 16.88004
-1.222848 -1.346671 -1.493150 -1.667231 -1.875482 -2.125984 -2.429610 -2.799991 -3.255196 -3.814365 -4.482217 -5.194436 -5.836686 -6.362411 -6.782129 -7.115196 -7.378383 -7.584435 -7.743035 -7.861423 -7.945040 -7.997882 -8.022806 -8.021723 -7.995728 -7.945216 -7.869913 -7.768918 -7.640712 -7.483133 -7.293367 -7.067889 -6.802456 -6.492037 -6.130853 -5.712327 -5.229226 -4.673680 -4.037437 -3.311951 -2.488718 -1.559320 -0.5157217 0.6497845 1.944244 3.373755 4.941586 6.642541 8.443656 10.23352 11.81064 13.04920 13.98209 14.69432 15.25228 15.69849 16.06106 16.35873 16.60500 16.80938 16.97918
-1.233951 -1.358732 -1.506264 -1.681496 -1.890994 -2.142833 -2.447879 -2.819752 -3.276501 -3.837248 -4.506682 -5.220459 -5.864237 -6.391435 -6.812531 -7.146863 -7.411187 -7.618230 -7.777661 -7.896713 -7.980815 -8.033960 -8.058999 -8.057837 -8.031565 -7.980567 -7.904564 -7.802644 -7.673286 -7.514307 -7.322883 -7.095482 -6.827843 -6.514925 -6.150942 -5.729314 -5.242805 -4.683548 -4.043303 -3.313547 -2.485801 -1.551681 -0.5031959 0.6673098 1.966831 3.401402 4.974238 6.680090 8.485924 10.28027 11.86163 13.10417 14.04076 14.75639 15.31743 15.76643 16.13148 16.43136 16.67956 16.88563 17.05690
-1.242480 -1.367986 -1.516312 -1.692411 -1.902842 -2.155682 -2.461783 -2.834762 -3.292654 -3.854570 -4.525184 -5.240138 -5.885052 -6.413328 -6.835439 -7.170707 -7.435866 -7.643638 -7.803680 -7.923218 -8.007675 -8.061036 -8.086150 -8.084915 -8.058420 -8.007043 -7.930497 -7.827866 -7.697615 -7.537560 -7.344868 -7.115993 -6.846671 -6.531853 -6.165747 -5.741768 -5.252685 -4.690633 -4.047384 -3.314429 -2.483306 -1.545665 -0.4935421 0.6806850 1.983965 3.422297 4.998850 6.708336 8.517700 10.31545 11.90003 13.14558 14.08493 14.80311 15.36648 15.81758 16.18452 16.48608 16.73576 16.94312 17.11550
-1.248513 -1.374527 -1.523410 -1.700109 -1.911189 -2.164720 -2.471553 -2.845293 -3.303972 -3.866687 -4.538095 -5.253827 -5.899508 -6.428526 -6.851331 -7.187235 -7.452970 -7.661242 -7.821702 -7.941569 -8.026268 -8.079775 -8.104936 -8.103642 -8.076983 -8.025332 -7.948400 -7.845260 -7.714379 -7.553565 -7.359973 -7.130059 -6.859555 -6.543403 -6.175806 -5.750185 -5.259303 -4.695303 -4.049964 -3.314784 -2.481326 -1.541244 -0.4866056 0.6901883 1.996063 3.436988 5.016107 6.728099 8.539878 10.33992 11.92667 13.17428 14.11556 14.83551 15.40051 15.85307 16.22133 16.52407 16.77479 16.98306 17.15623
-1.252110 -1.378424 -1.527635 -1.704691 -1.916153 -2.170090 -2.477351 -2.851539 -3.310677 -3.873862 -4.545746 -5.261959 -5.908098 -6.437548 -6.860759 -7.197035 -7.463105 -7.671665 -7.832370 -7.952432 -8.037270 -8.090860 -8.116045 -8.114716 -8.087957 -8.036143 -7.958976 -7.855533 -7.724275 -7.563005 -7.368882 -7.138352 -6.867142 -6.550197 -6.181719 -5.755124 -5.263180 -4.698030 -4.051460 -3.314974 -2.480135 -1.538623 -0.4825093 0.6957926 2.003188 3.445634 5.026256 6.739723 8.552938 10.35438 11.94246 13.19130 14.13372 14.85472 15.42067 15.87411 16.24316 16.54659 16.79793 17.00674 17.18038
-1.253304 -1.379719 -1.529039 -1.706211 -1.917800 -2.171870 -2.479272 -2.853607 -3.312897 -3.876234 -4.548265 -5.264613 -5.910894 -6.440486 -6.863828 -7.200228 -7.466407 -7.675065 -7.835850 -7.955975 -8.040857 -8.094477 -8.119666 -8.118325 -8.091535 -8.039663 -7.962420 -7.858876 -7.727494 -7.566072 -7.371772 -7.141036 -6.869595 -6.552387 -6.183616 -5.756699 -5.264403 -4.698875 -4.051896 -3.314978 -2.479688 -1.537701 -0.4810982 0.6976985 2.005595 3.448541 5.029660 6.743610 8.557282 10.35914 11.94761 13.19684 14.13963 14.86098 15.42725 15.88098 16.25028 16.55394 16.80549 17.01448 17.18827
-1.252110 -1.378424 -1.527635 -1.704690 -1.916152 -2.170089 -2.477351 -2.851538 -3.310677 -3.873861 -4.545747 -5.261959 -5.908099 -6.437546 -6.860758 -7.197033 -7.463103 -7.671665 -7.832370 -7.952432 -8.037270 -8.090859 -8.116044 -8.114716 -8.087957 -8.036142 -7.958975 -7.855533 -7.724275 -7.563005 -7.368881 -7.138350 -6.867142 -6.550198 -6.181718 -5.755124 -5.263180 -4.698030 -4.051459 -3.314974 -2.480135 -1.538623 -0.4825085 0.6957918 2.003190 3.445635 5.026258 6.739722 8.552938 10.35438 11.94246 13.19130 14.13372 14.85472 15.42067 15.87411 16.24316 16.54659 16.79793 17.00674 17.18038
-1.248512 -1.374526 -1.523409 -1.700109 -1.911190 -2.164720 -2.471553 -2.845294 -3.303971 -3.866687 -4.538095 -5.253826 -5.899508 -6.428526 -6.851331 -7.187236 -7.452970 -7.661240 -7.821701 -7.941569 -8.026269 -8.079776 -8.104937 -8.103642 -8.076983 -8.025332 -7.948399 -7.845260 -7.714379 -7.553564 -7.359973 -7.130060 -6.859554 -6.543401 -6.175806 -5.750184 -5.259303 -4.695303 -4.049964 -3.314786 -2.481325 -1.541245 -0.4866049 0.6901875 1.996063 3.436988 5.016105 6.728099 8.539878 10.33992 11.92667 13.17427 14.11556 14.83552 15.40050 15.85307 16.22133 16.52407 16.77479 16.98306 17.15623
-1.242479 -1.367985 -1.516313 -1.692410 -1.902842 -2.155681 -2.461784 -2.834763 -3.292655 -3.854569 -4.525182 -5.240136 -5.885051 -6.413330 -6.835441 -7.170707 -7.435867 -7.643638 -7.803680 -7.923218 -8.007675 -8.061038 -8.086151 -8.084915 -8.058419 -8.007044 -7.930498 -7.827865 -7.697615 -7.537561 -7.344868 -7.115993 -6.846672 -6.531854 -6.165746 -5.741769 -5.252685 -4.690634 -4.047385 -3.314429 -2.483307 -1.545666 -0.4935429 0.6806828 1.983964 3.422295 4.998848 6.708336 8.517698 10.31544 11.90003 13.14557 14.08493 14.80311 15.36648 15.81758 16.18452 16.48607 16.73576 16.94312 17.11550
-1.233951 -1.358732 -1.506264 -1.681495 -1.890993 -2.142834 -2.447880 -2.819751 -3.276501 -3.837249 -4.506681 -5.220459 -5.864237 -6.391435 -6.812531 -7.146863 -7.411188 -7.618231 -7.777662 -7.896712 -7.980815 -8.033960 -8.059000 -8.057836 -8.031565 -7.980566 -7.904565 -7.802645 -7.673286 -7.514307 -7.322884 -7.095480 -6.827842 -6.514924 -6.150942 -5.729314 -5.242805 -4.683548 -4.043303 -3.313547 -2.485802 -1.551680 -0.5031981 0.6673090 1.966830 3.401403 4.974239 6.680089 8.485923 10.28027 11.86163 13.10417 14.04076 14.75639 15.31743 15.76643 16.13148 16.43136 16.67957 16.88563 17.05689
