T4-twomodels-1/model150.grd
DSAA
         100         100
  -15.00000       15.00000    
  -15.00000       15.00000    
  -10.02257       25.19952    
[rows 0 to 26 of 100, columns 0 to 60 of 100]
0.3013764 0.3029969 0.3049136 0.3071575 0.3097615 0.3127594 0.3161868 0.3200799 0.3244759 0.3294121 0.3349268 0.3410566 0.3478352 0.3552977 0.3634782 0.3724069 0.3821122 0.3926193 0.4039497 0.4161208 0.4291460 0.4430338 0.4577881 0.4734075 0.4898848 0.5072076 0.5253578 0.5443107 0.5640367 0.5844997 0.6056583 0.6274643 0.6498653 0.6728034 0.6962157 0.7200348 0.7441899 0.7686058 0.7932056 0.8179091 0.8426352 0.8673014 0.8918254 0.9161243 0.9401172 0.9637239 0.9868675 1.009472 1.031465 1.052776 1.073345 1.093114 1.112026 1.130028 1.147074 1.163119 1.178128 1.192066 1.204903 1.216616 1.227183
0.2888899 0.2902567 0.2919289 0.2939410 0.2963298 0.2991334 0.3023920 0.3061470 0.3104402 0.3153144 0.3208116 0.3269740 0.3338457 0.3414667 0.3498746 0.3591056 0.3691928 0.3801661 0.3920512 0.4048700 0.4186388 0.4333691 0.4490671 0.4657328 0.4833601 0.5019364 0.5214427 0.5418535 0.5631364 0.5852523 0.6081555 0.6317937 0.6561085 0.6810356 0.7065051 0.7324418 0.7587661 0.7853945 0.8122402 0.8392136 0.8662231 0.8931763 0.9199806 0.9465430 0.9727728 0.9985802 1.023879 1.048584 1.072618 1.095908 1.118377 1.139957 1.160588 1.180215 1.198787 1.216258 1.232587 1.247739 1.261681 1.274389 1.285839
0.2752509 0.2763117 0.2776856 0.2794108 0.2815288 0.2840824 0.2871168 0.2906790 0.2948172 0.2995802 0.3050185 0.3111809 0.3181131 0.3258625 0.3344752 0.3439933 0.3544562 0.3658993 0.3783539 0.3918455 0.4063954 0.4220184 0.4387230 0.4565113 0.4753783 0.4953117 0.5162923 0.5382929 0.5612780 0.5852058 0.6100264 0.6356817 0.6621072 0.6892315 0.7169769 0.7452587 0.7739888 0.8030726 0.8324130 0.8619085 0.8914570 0.9209538 0.9502946 0.9793751 1.008093 1.036347 1.064041 1.091080 1.117374 1.142837 1.167393 1.190971 1.213504 1.234928 1.255186 1.274230 1.292014 1.308502 1.323659 1.337458 1.349877
0.2603496 0.2610443 0.2620575 0.2634322 0.2652141 0.2674521 0.2701968 0.2735019 0.2774222 0.2820134 0.2873313 0.2934326 0.3003755 0.3082144 0.3170006 0.3267841 0.3376109 0.3495230 0.3625577 0.3767464 0.3921149 0.4086819 0.4264594 0.4454520 0.4656562 0.4870600 0.5096440 0.5333790 0.5582280 0.5841445 0.6110742 0.6389532 0.6677102 0.6972657 0.7275323 0.7584164 0.7898182 0.8216318 0.8537474 0.8860514 0.9184278 0.9507588 0.9829262 1.014813 1.046303 1.077284 1.107645 1.137282 1.166097 1.193998 1.220892 1.246697 1.271339 1.294751 1.316875 1.337655 1.357046 1.375005 1.391498 1.406497 1.419977
0.2440709 0.2443303 0.2449109 0.2458606 0.2472308 0.2490758 0.2514538 0.2544248 0.2580521 0.2623999 0.2675344 0.2735209 0.2804215 0.2883000 0.2972194 0.3072376 0.3184087 0.3307829 0.3444046 0.3593113 0.3755347 0.3930987 0.4120188 0.4323024 0.4539487 0.4769461 0.5012750 0.5269047 0.5537955 0.5818972 0.6111501 0.6414840 0.6728199 0.7050689 0.7381340 0.7719099 0.8062843 0.8411384 0.8763481 0.9117845 0.9473173 0.9828126 1.018137 1.053157 1.087743 1.121767 1.155105 1.187638 1.219255 1.249847 1.279320 1.307589 1.334571 1.360189 1.384377 1.407079 1.428242 1.447824 1.465789 1.482107 1.496753
0.2262877 0.2260324 0.2260975 0.2265361 0.2274057 0.2287678 0.2306875 0.2332338 0.2364784 0.2404947 0.2453568 0.2511404 0.2579235 0.2657794 0.2747791 0.2849907 0.2964780 0.3092999 0.3235093 0.3391518 0.3562652 0.3748792 0.3950146 0.4166825 0.4398837 0.4646087 0.4908375 0.5185384 0.5476685 0.5781739 0.6099889 0.6430365 0.6772290 0.7124672 0.7486430 0.7856380 0.8233259 0.8615725 0.9002376 0.9391753 0.9782376 1.017273 1.056129 1.094657 1.132706 1.170133 1.206799 1.242570 1.277322 1.310941 1.343312 1.374334 1.403918 1.431984 1.458462 1.483289 1.506413 1.527787 1.547373 1.565142 1.581069
0.2068604 0.2059992 0.2054531 0.2052808 0.2055466 0.2063198 0.2076738 0.2096873 0.2124422 0.2160236 0.2205189 0.2260156 0.2325984 0.2403539 0.2493671 0.2597178 0.2714812 0.2847273 0.2995181 0.3159086 0.3339443 0.3536622 0.3750882 0.3982382 0.4231162 0.4497144 0.4780133 0.5079794 0.5395678 0.5727198 0.6073640 0.6434150 0.6807759 0.7193367 0.7589757 0.7995604 0.8409481 0.8829873 0.9255192 0.9683782 1.011396 1.054399 1.097217 1.139677 1.181610 1.222853 1.263247 1.302641 1.340892 1.377868 1.413449 1.447530 1.480010 1.510799 1.539818 1.567003 1.592296 1.615649 1.637024 1.656390 1.673724
0.1856371 0.1840656 0.1827979 0.1818991 0.1814408 0.1815008 0.1821626 0.1835154 0.1856532 0.1886729 0.1926735 0.1977567 0.2040272 0.2115849 0.2205268 0.2309465 0.2429324 0.2565668 0.2719234 0.2890674 0.3080541 0.3289284 0.3517231 0.3764590 0.4031447 0.4317742 0.4623288 0.4947748 0.5290637 0.5651327 0.6029039 0.6422835 0.6831641 0.7254228 0.7689241 0.8135183 0.8590449 0.9053320 0.9521994 0.9994594 1.046919 1.094382 1.141651 1.188531 1.234830 1.280359 1.324939 1.368401 1.410585 1.451346 1.490544 1.528053 1.563764 1.597585 1.629431 1.659231 1.686927 1.712469 1.735819 1.756946 1.775828
0.1624540 0.1600525 0.1579363 0.1561769 0.1548543 0.1540556 0.1538759 0.1544163 0.1557851 0.1580939 0.1614605 0.1660024 0.1718344 0.1790751 0.1878400 0.1982392 0.2103764 0.2243489 0.2402437 0.2581384 0.2780990 0.3001803 0.3244227 0.3508539 0.3794868 0.4103191 0.4433333 0.4784947 0.5157529 0.5550399 0.5962712 0.6393439 0.6841388 0.7305201 0.7783349 0.8274155 0.8775806 0.9286349 0.9803738 1.032583 1.085042 1.137527 1.189812 1.241673 1.292888 1.343245 1.392538 1.440572 1.487165 1.532147 1.575371 1.616704 1.656025 1.693226 1.728218 1.760926 1.791286 1.819252 1.844783 1.867851 1.888436
0.1371320 0.1337637 0.1306525 0.1278773 0.1255271 0.1236996 0.1225024 0.1220514 0.1224698 0.1238868 0.1264356 0.1302534 0.1354818 0.1422572 0.1507134 0.1609789 0.1731755 0.1874176 0.2038084 0.2224395 0.2433899 0.2667250 0.2924954 0.3207358 0.3514658 0.3846863 0.4203820 0.4585186 0.4990429 0.5418828 0.5869461 0.6341209 0.6832753 0.7342578 0.7868978 0.8410066 0.8963790 0.9527935 1.010017 1.067805 1.125905 1.184059 1.242008 1.299494 1.356264 1.412071 1.466682 1.519874 1.571443 1.621203 1.668979 1.714613 1.757975 1.798954 1.837454 1.873395 1.906716 1.937365 1.965308 1.990517 2.012977
0.1094785 0.1049871 0.1007129 9.6742161E-02 9.3173839E-02 9.0117991E-02 8.7696180E-02 8.6040609E-02 8.5293218E-02 8.5603729E-02 8.7130114E-02 9.0032116E-02 9.4467171E-02 0.1005973 0.1085812 0.1185707 0.1307093 0.1451305 0.1619567 0.1812955 0.2032415 0.2278724 0.2552503 0.2854188 0.3184043 0.3542130 0.3928328 0.4342297 0.4783488 0.5251135 0.5744249 0.6261603 0.6801746 0.7362999 0.7943453 0.8540984 0.9153275 0.9777810 1.041193 1.105283 1.169761 1.234331 1.298694 1.362551 1.425611 1.487589 1.548217 1.607238 1.664416 1.719532 1.772400 1.822855 1.870748 1.915954 1.958371 1.997916 2.034525 2.068152 2.098763 2.126336 2.150860
7.9283863E-02 7.3491223E-02 6.7860261E-02 6.2486157E-02 5.7478577E-02 5.2960452E-02 4.9069524E-02 4.5957275E-02 4.3786738E-02 4.2731408E-02 4.2971175E-02 4.4693332E-02 4.8091497E-02 5.3353887E-02 6.0664024E-02 7.0200399E-02 8.2131296E-02 9.6614100E-02 0.1137921 0.1337927 0.1567273 0.1826886 0.2117514 0.2439696 0.2793790 0.3179914 0.3597987 0.4047686 0.4528452 0.5039480 0.5579708 0.6147808 0.6742184 0.7360978 0.8002064 0.8663052 0.9341323 1.003402 1.073810 1.145035 1.216744 1.288593 1.360237 1.431330 1.501534 1.570521 1.637977 1.703609 1.767150 1.828356 1.887006 1.942904 1.995892 2.045839 2.092637 2.136201 2.176471 2.213402 2.246966 2.277149 2.303948
4.6323471E-02 3.9025627E-02 3.1816449E-02 2.4798747E-02 1.8093735E-02 1.1839205E-02 6.1911065E-03 1.3223849E-03 -2.5780872E-03 -5.3090514E-03 -6.6559296E-03 -6.3992571E-03 -4.3208711E-03 -1.9706786E-04 6.1912467E-03 1.5054084E-02 2.6590098E-02 4.0983316E-02 5.8402218E-02 7.8996368E-02 0.1028964 0.1302126 0.1610339 0.1954270 0.2334366 0.2750834 0.3203642 0.3692492 0.4216828 0.4775817 0.5368326 0.5992921 0.6647868 0.7331110 0.8040286 0.8772718 0.9525440 1.029521 1.107856 1.187178 1.267102 1.347233 1.427168 1.506505 1.584849 1.661817 1.737047 1.810197 1.880952 1.949028 2.014185 2.076216 2.134941 2.190212 2.241919 2.289974 2.334321 2.374922 2.411757 2.444823 2.474128
1.0358449E-02 1.3242476E-03 -7.7179638E-03 -1.6656937E-02 -2.5359774E-02 -3.3672385E-02 -4.1418336E-02 -4.8399299E-02 -5.4397531E-02 -5.9178010E-02 -6.2493701E-02 -6.4085752E-02 -6.3687056E-02 -6.1035067E-02 -5.5873860E-02 -4.7956314E-02 -3.7049875E-02 -2.2937451E-02 -5.4227188E-03 1.5669502E-02 4.0492136E-02 6.9174170E-02 0.1018213 0.1385142 0.1793097 0.2242368 0.2732999 0.3264738 0.3837036 0.4449042 0.5099573 0.5787094 0.6509721 0.7265204 0.8050923 0.8863879 0.9700740 1.055782 1.143114 1.231645 1.320930 1.410508 1.499911 1.588669 1.676318 1.762410 1.846520 1.928252 2.007243 2.083175 2.155760 2.224751 2.289956 2.351225 2.408439 2.461519 2.510412 2.555093 2.595554 2.631805 2.663870
-2.8868439E-02 -3.9902098E-02 -5.1068518E-02 -6.2249418E-02 -7.3299564E-02 -8.4047534E-02 -9.4293669E-02 -0.1038112 -0.1123467 -0.1196251 -0.1253513 -0.1292191 -0.1309222 -0.1301473 -0.1265883 -0.1199524 -0.1099660 -9.6375123E-02 -7.8950450E-02 -5.7488590E-02 -3.1811744E-02 -1.7696060E-03 3.2762159E-02 7.1879476E-02 0.1156522 0.1641211 0.2172991 0.2751671 0.3376736 0.4047342 0.4762256 0.5519862 0.6318141 0.7154633 0.8026459 0.8930281 0.9862342 1.081847 1.179413 1.278441 1.378417 1.478805 1.579054 1.678614 1.776938 1.873499 1.967794 2.059355 2.147754 2.232612 2.313613 2.390494 2.463036 2.531071 2.594481 2.653191 2.707160 2.756378 2.800858 2.840628 2.875732
-7.1625128E-02 -8.4955432E-02 -9.8579422E-02 -0.1123720 -0.1261766 -0.1398027 -0.1530259 -0.1655853 -0.1771869 -0.1875080 -0.1962037 -0.2029095 -0.2072484 -0.2088499 -0.2073535 -0.2024130 -0.1937062 -0.1809366 -0.1638381 -0.1421746 -0.1157419 -8.4366091E-02 -4.7903787E-02 -6.2411651E-03 4.0706623E-02 9.2992745E-02 0.1506413 0.2136419 0.2819494 0.3554807 0.4341131 0.5176769 0.6059592 0.6986946 0.7955672 0.8962089 1.000199 1.107066 1.216291 1.327311 1.439529 1.552318 1.665034 1.777024 1.887643 1.996262 2.102286 2.205159 2.304383 2.399521 2.490193 2.576084 2.656960 2.732652 2.803043 2.868071 2.927713 2.981982 3.030917 3.074575 3.113026
-0.1181927 -0.1341556 -0.1506162 -0.1674460 -0.1844779 -0.2015028 -0.2182675 -0.2344733 -0.2497775 -0.2637982 -0.2761190 -0.2863044 -0.2939146 -0.2985024 -0.2996328 -0.2968965 -0.2899126 -0.2783360 -0.2618577 -0.2402088 -0.2131547 -0.1804980 -0.1420740 -9.7751245E-02 -4.7428533E-02 8.9631425E-03 7.1460009E-02 0.1400642 0.2147396 0.2954098 0.3819537 0.4741997 0.5719247 0.6748471 0.7826257 0.8948545 1.011068 1.130733 1.253262 1.378008 1.504278 1.631339 1.758430 1.884781 2.009619 2.132193 2.251786 2.367734 2.479434 2.586360 2.688085 2.784266 2.874638 2.959016 3.037292 3.109420 3.175408 3.235302 3.289177 3.337127 3.379259
-0.1688624 -0.1878344 -0.2075626 -0.2279184 -0.2487271 -0.2697619 -0.2907389 -0.3113157 -0.3310919 -0.3496147 -0.3663910 -0.3808944 -0.3925778 -0.4009050 -0.4053584 -0.4054508 -0.4007339 -0.3908060 -0.3753144 -0.3539510 -0.3264531 -0.2925986 -0.2522021 -0.2051133 -0.1512136 -9.0418570E-02 -2.2674073E-02 5.2035786E-02 0.1336892 0.2222212 0.3175177 0.4194101 0.5276709 0.6420052 0.7620495 0.8873646 1.017435 1.151668 1.289397 1.429880 1.572316 1.715847 1.859577 2.002582 2.143940 2.282742 2.418119 2.549268 2.675467 2.796096 2.910631 3.018659 3.119896 3.214160 3.301361 3.381485 3.454580 3.520739 3.580091 3.632778 3.678953
-0.2239246 -0.2463266 -0.2698088 -0.2942508 -0.3194733 -0.3452353 -0.3712214 -0.3970405 -0.4222221 -0.4462263 -0.4684494 -0.4882497 -0.5049761 -0.5179704 -0.5266028 -0.5302901 -0.5285065 -0.5207869 -0.5067284 -0.4859873 -0.4582722 -0.4233388 -0.3809822 -0.3310345 -0.2733596 -0.2078548 -0.1344468 -5.3100288E-02 3.6181509E-02 0.1333518 0.2383107 0.3509000 0.4708940 0.5979936 0.7318189 0.8718991 1.017675 1.168491 1.323597 1.482150 1.643224 1.805817 1.968868 2.131274 2.291919 2.449696 2.603544 2.752468 2.895579 3.032107 3.161445 3.283134 3.396849 3.502404 3.599735 3.688875 3.769934 3.843075 3.908494 3.966402 4.017015
-0.2836724 -0.3099698 -0.3377537 -0.3669180 -0.3972914 -0.4286218 -0.4605658 -0.4926770 -0.5244040 -0.5550990 -0.5840307 -0.6104084 -0.6334074 -0.6522227 -0.6660922 -0.6743169 -0.6762792 -0.6714451 -0.6593628 -0.6396546 -0.6120046 -0.5761508 -0.5318738 -0.4789904 -0.4173469 -0.3468225 -0.2673214 -0.1787841 -8.1187487E-02 2.5445595E-02 0.1410404 0.2654579 0.3984871 0.5398335 0.6891096 0.8458255 1.009382 1.179064 1.354039 1.533356 1.715954 1.900663 2.086231 2.271334 2.454618 2.634722 2.810327 2.980197 3.143226 3.298475 3.445177 3.582766 3.710892 3.829392 3.938250 4.037575 4.127569 4.208486 4.280620 4.344274 4.399745
-0.3483823 -0.3790865 -0.4117799 -0.4463884 -0.4827595 -0.5206444 -0.5596750 -0.5993486 -0.6390190 -0.6779007 -0.7150822 -0.7495740 -0.7803615 -0.8064351 -0.8268516 -0.8407702 -0.8474672 -0.8463367 -0.8368815 -0.8186983 -0.7914563 -0.7548854 -0.7087579 -0.6528808 -0.5870862 -0.5112329 -0.4252015 -0.3289016 -0.2222780 -0.1053171 2.1942148E-02 0.1593929 0.3068527 0.4640481 0.6305996 0.8060098 0.9896549 1.180770 1.378448 1.581629 1.789106 1.999530 2.211423 2.423201 2.633209 2.839759 3.041195 3.235945 3.422587 3.599911 3.766982 3.923146 4.068004 4.201409 4.323425 4.434276 4.534291 4.623864 4.703421 4.773385 4.834163
-0.4183084 -0.4539731 -0.4922464 -0.5331076 -0.5764449 -0.6220326 -0.6694934 -0.7182713 -0.7676128 -0.8165603 -0.8639839 -0.9086205 -0.9491481 -0.9842924 -1.012888 -1.033919 -1.046547 -1.050099 -1.044040 -1.027962 -1.001535 -0.9644954 -0.9166192 -0.8577123 -0.7875974 -0.7061133 -0.6131137 -0.5084729 -0.3920917 -0.2639106 -0.1239186 2.7828291E-02 0.1911938 0.3659446 0.5517313 0.7480737 0.9543427 1.169745 1.393313 1.623892 1.860133 2.100494 2.343252 2.586513 2.828253 3.066368 3.298746 3.523355 3.738348 3.942153 4.133537 4.311654 4.476079 4.626733 4.763813 4.887722 4.998981 5.098179 5.185923 5.262796 5.329349
-0.4936656 -0.5348797 -0.5794594 -0.6274668 -0.6788668 -0.7334881 -0.7909738 -0.8507329 -0.9118924 -0.9732830 -1.033454 -1.090761 -1.143501 -1.190014 -1.228827 -1.258714 -1.278713 -1.288099 -1.286336 -1.273031 -1.247888 -1.210672 -1.161182 -1.099233 -1.024645 -0.9372410 -0.8368438 -0.7232862 -0.5964170 -0.4561132 -0.3022997 -0.1349611 4.5836531E-02 0.2399268 0.4470201 0.6666808 0.8983100 1.141120 1.394117 1.656073 1.925525 2.200749 2.479759 2.760318 3.039962 3.316055 3.585876 3.846734 4.096127 4.331907 4.552449 4.756704 4.944184 5.114910 5.269294 5.408011 5.531875 5.641751 5.738494 5.822907 5.895718
-0.5746077 -0.6219849 -0.6736428 -0.7297682 -0.7904493 -0.8556279 -0.9250221 -0.9980446 -1.073717 -1.150611 -1.226861 -1.300264 -1.368484 -1.429326 -1.480918 -1.521790 -1.550875 -1.567438 -1.570992 -1.561213 -1.537879 -1.500819 -1.449877 -1.384897 -1.305705 -1.212111 -1.103907 -0.9808738 -0.8428006 -0.6894872 -0.5207706 -0.3365427 -0.1367707 7.8477524E-02 0.3090082 0.5544748 0.8143533 1.087910 1.374177 1.671915 1.979590 2.295338 2.616938 2.941800 3.266964 3.589136 3.904782 4.210281 4.502171 4.777433 5.033724 5.269589 5.484510 5.678731 5.853043 6.008556 6.146525 6.268211 6.374806 6.467402 6.546960
-0.6612058 -0.7153655 -0.7748981 -0.8401673 -0.9114572 -0.9889059 -1.072403 -1.161459 -1.255041 -1.351426 -1.448140 -1.542129 -1.630143 -1.709162 -1.776758 -1.831201 -1.871380 -1.896645 -1.906647 -1.901212 -1.880255 -1.843710 -1.791503 -1.723524 -1.639620 -1.539592 -1.423200 -1.290170 -1.140215 -0.9730427 -0.7883826 -0.5860065 -0.3657516 -0.1275493 0.1285471 0.4023295 0.6934116 1.001182 1.324777 1.663033 2.014441 2.377090 2.748610 3.126113 3.506144 3.884659 4.257078 4.618447 4.963770 5.288513 5.589208 5.863811 6.111741 6.333639 6.530949 6.705493 6.859189 6.993866 7.111187 7.212610 7.299394
-0.7534154 -0.8149601 -0.8831566 -0.9586154 -1.041907 -1.133491 -1.233593 -1.342000 -1.457786 -1.578964 -1.702254 -1.823224 -1.937000 -2.039279 -2.126929 -2.198029 -2.251593 -2.287233 -2.304888 -2.304651 -2.286651 -2.250992 -2.197718 -2.126791 -2.038092 -1.931421 -1.806502 -1.663004 -1.500551 -1.318742 -1.117177 -0.8954808 -0.6533278 -0.3904715 -0.1067739 0.1977563 0.5229399 0.8683771 1.233415 1.617087 2.018058 2.434538 2.864197 3.304024 3.750209 4.197992 4.641574 5.074181 5.488442 5.877244 6.234866 6.558036 6.846210 7.100901 7.324751 7.520776 7.691904 7.840774 7.969674 8.080544 8.175007
-0.8510264 -0.9205096 -0.9981109 -1.084765 -1.181445 -1.289103 -1.408538 -1.540154 -1.683506 -1.836589 -1.995039 -2.152063 -2.299938 -2.432219 -2.544927 -2.636244 -2.705685 -2.753437 -2.779956 -2.785752 -2.771276 -2.736862 -2.682717 -2.608904 -2.515351 -2.401866 -2.268138 -2.113770 -1.938289 -1.741170 -1.521862 -1.279816 -1.014507 -0.7254735 -0.4123334 -7.4832886E-02 0.2871349 0.6734852 1.083899 1.517768 1.974133 2.451581 2.948123 3.461003 3.986455 4.519357 5.052835 5.577897 6.083499 6.557697 6.990327 7.375762 7.713629 8.007294 8.261664 8.481748 8.672013 8.836229 8.977511 9.098392 9.200933
