T4-twomodels-1/model60.grd
DSAA
         100         100
  -15.00000       15.00000    
  -15.00000       15.00000    
  -6.162797       12.90249    
[rows 0 to 26 of 100, columns 0 to 60 of 100]
5.3226482E-02 5.2743603E-02 5.2297629E-02 5.1895544E-02 5.1544931E-02 5.1253814E-02 5.1030714E-02 5.0884608E-02 5.0824970E-02 5.0861415E-02 5.1004667E-02 5.1264547E-02 5.1648732E-02 5.2167691E-02 5.2831948E-02 5.3651161E-02 5.4634720E-02 5.5791449E-02 5.7129797E-02 5.8657516E-02 6.0381658E-02 6.2308632E-02 6.4444102E-02 6.6792816E-02 6.9358677E-02 7.2144426E-02 7.5151965E-02 7.8381881E-02 8.1833720E-02 8.5505776E-02 8.9395016E-02 9.3497030E-02 9.7806066E-02 0.1023149 0.1070148 0.1118957 0.1169460 0.1221524 0.1275007 0.1329748 0.1385575 0.1442305 0.1499743 0.1557686 0.1615923 0.1674237 0.1732405 0.1790205 0.1847404 0.1903768 0.1959115 0.2013268 0.2066015 0.2117153 0.2166501 0.2213892 0.2259172 0.2302200 0.2342851 0.2381010 0.2416578
5.0337102E-02 4.9736887E-02 4.9172111E-02 4.8650585E-02 4.8180729E-02 4.7771461E-02 4.7432404E-02 4.7173813E-02 4.7006119E-02 4.6940200E-02 4.6986267E-02 4.7155656E-02 4.7462203E-02 4.7916759E-02 4.8529863E-02 4.9312625E-02 5.0275721E-02 5.1429473E-02 5.2783567E-02 5.4347027E-02 5.6128193E-02 5.8134541E-02 6.0372781E-02 6.2848665E-02 6.5566815E-02 6.8530828E-02 7.1743079E-02 7.5204819E-02 7.8915887E-02 8.2874790E-02 8.7078571E-02 9.1522753E-02 9.6201278E-02 0.1011064 0.1062289 0.1115575 0.1170796 0.1227807 0.1286446 0.1346534 0.1407880 0.1470276 0.1533501 0.1597325 0.1661509 0.1725805 0.1789962 0.1853729 0.1916868 0.1979149 0.2040299 0.2100052 0.2158200 0.2214541 0.2268879 0.2321027 0.2370813 0.2418084 0.2462699 0.2504535 0.2543483
4.7183573E-02 4.6448343E-02 4.5746356E-02 4.5086186E-02 4.4477213E-02 4.3929435E-02 4.3453764E-02 4.3061513E-02 4.2764913E-02 4.2576391E-02 4.2509750E-02 4.2577837E-02 4.2791333E-02 4.3163948E-02 4.3709423E-02 4.4440627E-02 4.5370050E-02 4.6509475E-02 4.7870312E-02 4.9463008E-02 5.1297169E-02 5.3381752E-02 5.5724651E-02 5.8332518E-02 6.1211176E-02 6.4364925E-02 6.7797102E-02 7.1509384E-02 7.5502113E-02 7.9774201E-02 8.4322840E-02 8.9143440E-02 9.4229743E-02 9.9573515E-02 0.1051648 0.1109915 0.1170396 0.1232931 0.1297339 0.1363422 0.1430962 0.1499724 0.1569461 0.1639908 0.1710792 0.1781832 0.1852741 0.1923227 0.1992990 0.2061732 0.2129208 0.2195187 0.2259398 0.2321587 0.2381527 0.2439008 0.2493841 0.2545854 0.2594895 0.2640828 0.2683535
4.3740332E-02 4.2849947E-02 4.1989423E-02 4.1168354E-02 4.0397182E-02 3.9687183E-02 3.9050382E-02 3.8499910E-02 3.8049407E-02 3.7712924E-02 3.7504017E-02 3.7437622E-02 3.7531495E-02 3.7800137E-02 3.8257748E-02 3.8919125E-02 3.9798476E-02 4.0909708E-02 4.2265747E-02 4.3878879E-02 4.5760445E-02 4.7920749E-02 5.0369009E-02 5.3113338E-02 5.6160603E-02 5.9516229E-02 6.3184313E-02 6.7167409E-02 7.1466431E-02 7.6080732E-02 8.1007697E-02 8.6242937E-02 9.1779880E-02 9.7609974E-02 0.1037224 0.1101041 0.1167398 0.1236116 0.1306996 0.1379813 0.1454324 0.1530261 0.1607342 0.1685268 0.1763725 0.1842390 0.1920933 0.1999029 0.2076359 0.2152621 0.2227466 0.2300554 0.2371615 0.2440393 0.2506634 0.2570108 0.2630601 0.2687927 0.2741915 0.2792421 0.2839316
3.9978310E-02 3.8909417E-02 3.7865907E-02 3.6858149E-02 3.5897888E-02 3.4997635E-02 3.4171283E-02 3.3433400E-02 3.2799743E-02 3.2286555E-02 3.1911824E-02 3.1692557E-02 3.1643372E-02 3.1782441E-02 3.2127939E-02 3.2697037E-02 3.3506416E-02 3.4571953E-02 3.5908855E-02 3.7531231E-02 3.9452281E-02 4.1684125E-02 4.4237636E-02 4.7122221E-02 5.0346218E-02 5.3916220E-02 5.7837449E-02 6.2113360E-02 6.6745616E-02 7.1734205E-02 7.7076949E-02 8.2769446E-02 8.8805191E-02 9.5175207E-02 0.1018681 0.1088696 0.1161630 0.1237287 0.1315444 0.1395848 0.1478224 0.1562271 0.1647663 0.1734060 0.1821100 0.1908413 0.1995619 0.2082335 0.2168168 0.2252725 0.2335684 0.2416734 0.2495529 0.2571745 0.2645094 0.2715315 0.2782173 0.2845459 0.2904990 0.2960609 0.3012176
3.5866275E-02 3.4592181E-02 3.3337157E-02 3.2112800E-02 3.0932035E-02 2.9809110E-02 2.8759435E-02 2.7799852E-02 2.6948057E-02 2.6222622E-02 2.5641615E-02 2.5224978E-02 2.4995698E-02 2.4973391E-02 2.5177224E-02 2.5626935E-02 2.6341749E-02 2.7340245E-02 2.8639857E-02 3.0257098E-02 3.2207254E-02 3.4504406E-02 3.7161309E-02 4.0189166E-02 4.3597702E-02 4.7395032E-02 5.1587656E-02 5.6180112E-02 6.1175108E-02 6.6573374E-02 7.2373241E-02 7.8570798E-02 8.5159473E-02 9.2130110E-02 9.9470571E-02 0.1071657 0.1151970 0.1235431 0.1321790 0.1410764 0.1502042 0.1595279 0.1690105 0.1786126 0.1882927 0.1980080 0.2077147 0.2173687 0.2269280 0.2363515 0.2455942 0.2546121 0.2633699 0.2718339 0.2799723 0.2877559 0.2951586 0.3021573 0.3087324 0.3148665 0.3205453
3.1367652E-02 2.9857522E-02 2.8358219E-02 2.6882399E-02 2.5444552E-02 2.4060592E-02 2.2748077E-02 2.1525998E-02 2.0414894E-02 1.9436236E-02 1.8613659E-02 1.7969975E-02 1.7525466E-02 1.7304324E-02 1.7330889E-02 1.7628225E-02 1.8218683E-02 1.9123662E-02 2.0363625E-02 2.1957535E-02 2.3923187E-02 2.6276989E-02 2.9033724E-02 3.2206532E-02 3.5807073E-02 3.9845031E-02 4.4328373E-02 4.9263135E-02 5.4653179E-02 6.0500227E-02 6.6803515E-02 7.3559538E-02 8.0762163E-02 8.8401943E-02 9.6466333E-02 0.1049391 0.1138003 0.1230263 0.1325893 0.1424576 0.1525957 0.1629644 0.1735212 0.1842206 0.1950147 0.2058535 0.2166863 0.2274612 0.2381259 0.2486283 0.2589244 0.2689725 0.2787276 0.2881481 0.2971973 0.3058423 0.3140543 0.3218080 0.3290819 0.3358579 0.3421206
2.6443623E-02 2.4661969E-02 2.2880156E-02 2.1112263E-02 1.9374344E-02 1.7684268E-02 1.6061869E-02 1.4529040E-02 1.3109041E-02 1.1826586E-02 1.0706205E-02 9.7747082E-03 9.0624671E-03 8.5961651E-03 8.4020430E-03 8.5068047E-03 8.9362962E-03 9.7154528E-03 1.0867848E-02 1.2415578E-02 1.4379190E-02 1.6777741E-02 1.9628277E-02 2.2946347E-02 2.6745560E-02 3.1037547E-02 3.5832100E-02 4.1136961E-02 4.6957310E-02 5.3296357E-02 6.0154349E-02 6.7528762E-02 7.5413845E-02 8.3800524E-02 9.2675716E-02 0.1020223 0.1118190 0.1220395 0.1326533 0.1436245 0.1549131 0.1664741 0.1782584 0.1902134 0.2022833 0.2144101 0.2265341 0.2385957 0.2505369 0.2623021 0.2738312 0.2850665 0.2959611 0.3064708 0.3165549 0.3261768 0.3353044 0.3439102 0.3519711 0.3594678 0.3663847
2.1050161E-02 1.8955803E-02 1.6847236E-02 1.4739827E-02 1.2651319E-02 1.0601839E-02 8.6140232E-03 6.7126937E-03 4.9249735E-03 3.2796524E-03 1.8083374E-03 5.4212293E-04 -4.9064402E-04 -1.2571574E-03 -1.7244719E-03 -1.8613064E-03 -1.6373699E-03 -1.0238728E-03 6.5891077E-06 1.4795923E-03 3.4188386E-03 5.8462843E-03 8.7818485E-03 1.2243412E-02 1.6247051E-02 2.0806527E-02 2.5933784E-02 3.1638473E-02 3.7927750E-02 4.4806432E-02 5.2276406E-02 6.0336236E-02 6.8981312E-02 7.8202784E-02 8.7987788E-02 9.8318405E-02 0.1091718 0.1205196 0.1323277 0.1445560 0.1571589 0.1700848 0.1832772 0.1966746 0.2102118 0.2238207 0.2374313 0.2509725 0.2643727 0.2775610 0.2904768 0.3030629 0.3152600 0.3270139 0.3382776 0.3490101 0.3591761 0.3687456 0.3776941 0.3860014 0.3936519
1.5138044E-02 1.2683572E-02 1.0196621E-02 7.6939468E-03 5.1953015E-03 2.7233271E-03 3.0361116E-04 -2.0351028E-03 -4.2617554E-03 -6.3429237E-03 -8.2448125E-03 -9.9307280E-03 -1.1359598E-02 -1.2494507E-02 -1.3299344E-02 -1.3737497E-02 -1.3773912E-02 -1.3374886E-02 -1.2508780E-02 -1.1146115E-02 -9.2594419E-03 -6.8235793E-03 -3.8156405E-03 -2.1484448E-04 3.9973878E-03 8.8375881E-03 1.4320004E-02 2.0456640E-02 2.7256949E-02 3.4727972E-02 4.2873461E-02 5.1694039E-02 6.1186220E-02 7.1342617E-02 8.2150310E-02 9.3591392E-02 0.1056416 0.1182704 0.1314400 0.1451057 0.1592154 0.1737100 0.1885238 0.2035849 0.2188168 0.2341390 0.2494686 0.2647225 0.2798194 0.2946816 0.3092275 0.3233798 0.3370749 0.3502548 0.3628669 0.3748654 0.3862117 0.3968733 0.4068246 0.4160451 0.4245193
8.6524701E-03 5.7826983E-03 2.8572162E-03 -1.0604272E-04 -3.0850878E-03 -6.0546445E-03 -8.9853657E-03 -1.1844432E-02 -1.4595350E-02 -1.7198849E-02 -1.9611675E-02 -2.1790760E-02 -2.3695676E-02 -2.5281077E-02 -2.6501657E-02 -2.7314318E-02 -2.7677894E-02 -2.7553329E-02 -2.6903778E-02 -2.5695436E-02 -2.3896631E-02 -2.1478733E-02 -1.8415391E-02 -1.4682824E-02 -1.0259299E-02 -5.1257899E-03 7.3513953E-04 7.3380303E-03 1.4695339E-02 2.2816611E-02 3.1708553E-02 4.1374031E-02 5.1812083E-02 6.3016593E-02 7.4976198E-02 8.7672867E-02 0.1010818 0.1151702 0.1298968 0.1452115 0.1610552 0.1773597 0.1940485 0.2110374 0.2282356 0.2455475 0.2628745 0.2801161 0.2971718 0.3139428 0.3303432 0.3462935 0.3617141 0.3765337 0.3906920 0.4041379 0.4168288 0.4287306 0.4398167 0.4500670 0.4594673
1.5325844E-03 -1.8162187E-03 -5.2507273E-03 -8.7514287E-03 -1.2294413E-02 -1.5851110E-02 -1.9388191E-02 -2.2867462E-02 -2.6246754E-02 -2.9479899E-02 -3.2519341E-02 -3.5313450E-02 -3.7805479E-02 -3.9943263E-02 -4.1675940E-02 -4.2952854E-02 -4.3725863E-02 -4.3949217E-02 -4.3580659E-02 -4.2580929E-02 -4.0914260E-02 -3.8547684E-02 -3.5451461E-02 -3.1598344E-02 -2.6963651E-02 -2.1524891E-02 -1.5261654E-02 -8.1558023E-03 -1.9180588E-04 8.6436747E-03 1.8360674E-02 2.8965529E-02 4.0460289E-02 5.2841894E-02 6.6100828E-02 8.0220379E-02 9.5175400E-02 0.1109316 0.1274441 0.1446574 0.1625041 0.1809057 0.1997727 0.2190057 0.2384966 0.2581311 0.2777908 0.2973559 0.3167094 0.3357400 0.3543336 0.3723843 0.3898045 0.4065168 0.4224539 0.4375588 0.4517856 0.4650986 0.4774712 0.4888846 0.4993267
-6.2902458E-03 -1.0192337E-02 -1.4218094E-02 -1.8347161E-02 -2.2553176E-02 -2.6804371E-02 -3.1062543E-02 -3.5283633E-02 -3.9417598E-02 -4.3409586E-02 -4.7198754E-02 -5.0723728E-02 -5.3925592E-02 -5.6740001E-02 -5.9103232E-02 -6.0954958E-02 -6.2238272E-02 -6.2900126E-02 -6.2891416E-02 -6.2167462E-02 -6.0687318E-02 -5.8414150E-02 -5.5314157E-02 -5.1356763E-02 -4.6513744E-02 -4.0759169E-02 -3.4069061E-02 -2.6421459E-02 -1.7796503E-02 -8.1767328E-03 2.4525451E-03 1.4102273E-02 2.6779205E-02 4.0484104E-02 5.5211179E-02 7.0945941E-02 8.7664582E-02 0.1053317 0.1238995 0.1433064 0.1634764 0.1843186 0.2057284 0.2275873 0.2497663 0.2721272 0.2945264 0.3168176 0.3388547 0.3604954 0.3816156 0.4021018 0.4218450 0.4407506 0.4587409 0.4757533 0.4917387 0.5066606 0.5204939 0.5332222 0.5448374
-1.4891534E-02 -1.9433128E-02 -2.4146982E-02 -2.9011780E-02 -3.3999469E-02 -3.9074279E-02 -4.4192981E-02 -4.9303800E-02 -5.4348189E-02 -5.9260674E-02 -6.3972391E-02 -6.8408497E-02 -7.2487652E-02 -7.6134279E-02 -7.9274900E-02 -8.1837982E-02 -8.3756343E-02 -8.4968045E-02 -8.5416473E-02 -8.5050568E-02 -8.3824553E-02 -8.1696972E-02 -7.8630358E-02 -7.4590608E-02 -6.9546007E-02 -6.3466914E-02 -5.6325272E-02 -4.8094824E-02 -3.8750611E-02 -2.8269691E-02 -1.6631605E-02 -3.8189583E-03 1.0180916E-02 2.5375141E-02 4.1763134E-02 5.9335098E-02 7.8069799E-02 9.7932369E-02 0.1188729 0.1408240 0.1637000 0.1873963 0.2117893 0.2367382 0.2620870 0.2876675 0.3133044 0.3388195 0.3640387 0.3887965 0.4129287 0.4362856 0.4587450 0.4802027 0.5005720 0.5197842 0.5377882 0.5545481 0.5700422 0.5842587 0.5971959
-2.4356704E-02 -2.9638072E-02 -3.5153378E-02 -4.0881593E-02 -4.6792697E-02 -5.2847423E-02 -5.8996130E-02 -6.5178894E-02 -7.1325421E-02 -7.7356622E-02 -8.3184004E-02 -8.8716589E-02 -9.3865909E-02 -9.8537199E-02 -0.1026379 -0.1060819 -0.1087895 -0.1106883 -0.1117131 -0.1118066 -0.1109174 -0.1090000 -0.1060135 -0.1019203 -9.6685350E-02 -9.0275310E-02 -8.2657769E-02 -7.3801197E-02 -6.3674852E-02 -5.2248970E-02 -3.9495341E-02 -2.5388692E-02 -9.9074794E-03 6.9639413E-03 2.5233394E-02 4.4898041E-02 6.5942116E-02 8.8333689E-02 0.1120222 0.1369352 0.1629771 0.1900272 0.2179400 0.2465462 0.2756565 0.3050643 0.3345531 0.3639008 0.3928868 0.4212984 0.4489496 0.4756745 0.5013206 0.5257611 0.5488969 0.5706541 0.5909808 0.6098447 0.6272295 0.6431319 0.6575588
-3.4780975E-02 -4.0918529E-02 -4.7368858E-02 -5.4111972E-02 -6.1117046E-02 -6.8341225E-02 -7.5728260E-02 -8.3207563E-02 -9.0695590E-02 -9.8096304E-02 -0.1053061 -0.1122116 -0.1186913 -0.1246309 -0.1299208 -0.1344572 -0.1381453 -0.1409007 -0.1426488 -0.1433254 -0.1428743 -0.1412464 -0.1383977 -0.1342883 -0.1288799 -0.1221355 -0.1140181 -0.1044904 -9.3514659E-02 -8.1052653E-02 -6.7066565E-02 -5.1520184E-02 -3.4380402E-02 -1.5619304E-02 4.7828071E-03 2.6834290E-02 5.0528817E-02 7.5840577E-02 0.1027215 0.1310960 0.1608582 0.1918698 0.2239590 0.2569219 0.2905262 0.3245164 0.3586218 0.3925658 0.4260777 0.4589018 0.4907917 0.5215294 0.5509401 0.5788831 0.6052490 0.6299599 0.6529662 0.6742421 0.6937819 0.7115949 0.7277010
-4.6268687E-02 -5.3397775E-02 -6.0939778E-02 -6.8878300E-02 -7.7182874E-02 -8.5807756E-02 -9.4689347E-02 -0.1037453 -0.1128743 -0.1219583 -0.1308621 -0.1394445 -0.1475659 -0.1550803 -0.1618481 -0.1677422 -0.1726492 -0.1764707 -0.1791224 -0.1805335 -0.1806436 -0.1794016 -0.1767618 -0.1726828 -0.1671241 -0.1600457 -0.1514056 -0.1411604 -0.1292637 -0.1156673 -0.1003206 -8.3173811E-02 -6.4177811E-02 -4.3288104E-02 -2.0467632E-02 4.3085543E-03 3.1049062E-02 5.9740338E-02 9.0340942E-02 0.1227752 0.1569291 0.1926448 0.2297199 0.2679074 0.3069207 0.3464397 0.3861223 0.4256167 0.4645723 0.5026559 0.5395774 0.5750861 0.6089639 0.6410401 0.6711928 0.6993427 0.7254469 0.7494928 0.7714912 0.7914695 0.8094676
-5.8937691E-02 -6.7214951E-02 -7.6033190E-02 -8.5382119E-02 -9.5234476E-02 -0.1055431 -0.1162375 -0.1272209 -0.1383711 -0.1495416 -0.1605681 -0.1712696 -0.1814531 -0.1909366 -0.1995494 -0.2071357 -0.2135598 -0.2187072 -0.2224838 -0.2248135 -0.2256342 -0.2248944 -0.2225497 -0.2185587 -0.2128804 -0.2054726 -0.1962888 -0.1852783 -0.1723853 -0.1575487 -0.1407028 -0.1217791 -0.1007079 -7.7421829E-02 -5.1859651E-02 -2.3971917E-02 6.2732957E-03 3.8882300E-02 7.3828086E-02 0.1110413 0.1504023 0.1917342 0.2347991 0.2792973 0.3248720 0.3711188 0.4176004 0.4638648 0.5094684 0.5539956 0.5970589 0.6383271 0.6775460 0.7145259 0.7491369 0.7813037 0.8109980 0.8382289 0.8630328 0.8854651 0.9055935
-7.2917156E-02 -8.2523443E-02 -9.2833765E-02 -0.1038490 -0.1155495 -0.1278899 -0.1407934 -0.1541481 -0.1678044 -0.1815777 -0.1952500 -0.2085873 -0.2213548 -0.2333138 -0.2442418 -0.2539450 -0.2622601 -0.2690556 -0.2742285 -0.2777002 -0.2794106 -0.2793126 -0.2773655 -0.2735322 -0.2677734 -0.2600459 -0.2502993 -0.2384753 -0.2245071 -0.2083181 -0.1898232 -0.1689308 -0.1455437 -0.1195635 -9.0895683E-02 -5.9455633E-02 -2.5176583E-02 1.1979649E-02 5.2012503E-02 9.4868384E-02 0.1404297 0.1885027 0.2388101 0.2909878 0.3445893 0.3990977 0.4539463 0.5085430 0.5622994 0.6146610 0.6651521 0.7133778 0.7590187 0.8018486 0.8417310 0.8786043 0.9124669 0.9433631 0.9713691 0.9965804 1.019103
-8.8351563E-02 -9.9494293E-02 -0.1115489 -0.1245347 -0.1384468 -0.1532474 -0.1688574 -0.1851477 -0.2019368 -0.2189898 -0.2360304 -0.2527471 -0.2688097 -0.2839074 -0.2977585 -0.3101203 -0.3207975 -0.3296404 -0.3365413 -0.3414245 -0.3442385 -0.3449466 -0.3435187 -0.3399259 -0.3341344 -0.3261024 -0.3157768 -0.3030913 -0.2879663 -0.2703069 -0.2500040 -0.2269360 -0.2009705 -0.1719682 -0.1397885 -0.1042976 -6.5377682E-02 -2.2940943E-02 2.3055496E-02 7.2591104E-02 0.1255632 0.1817686 0.2408890 0.3024835 0.3659908 0.4307445 0.4960000 0.5609730 0.6248887 0.6870266 0.7467393 0.8034985 0.8569266 0.9067770 0.9529197 0.9953229 1.034033 1.069149 1.100807 1.129160 1.154370
-0.1053971 -0.1183125 -0.1324035 -0.1477197 -0.1642822 -0.1820717 -0.2010137 -0.2209646 -0.2417024 -0.2629250 -0.2842551 -0.3052721 -0.3255469 -0.3446559 -0.3622226 -0.3779391 -0.3915721 -0.4029577 -0.4119899 -0.4186073 -0.4227772 -0.4244837 -0.4237157 -0.4204598 -0.4146926 -0.4063775 -0.3954596 -0.3818657 -0.3655007 -0.3462481 -0.3239695 -0.2985064 -0.2696803 -0.2372983 -0.2011585 -0.1610585 -0.1168074 -6.8242989E-02 -1.5251990E-02 4.2204000E-02 0.1040604 0.1701205 0.2400301 0.3132601 0.3891048 0.4666964 0.5450438 0.6230859 0.6997597 0.7740729 0.8451896 0.9124542 0.9753913 1.033718 1.087327 1.136246 1.180597 1.220570 1.256387 1.288286 1.316500
-0.1242270 -0.1391803 -0.1556435 -0.1737123 -0.1934527 -0.2148821 -0.2379454 -0.2624920 -0.2882549 -0.3148427 -0.3417538 -0.3684013 -0.3941605 -0.4184512 -0.4407763 -0.4607448 -0.4780835 -0.4926221 -0.5042734 -0.5130066 -0.5188259 -0.5217513 -0.5218037 -0.5189941 -0.5133173 -0.5047461 -0.4932270 -0.4786787 -0.4609904 -0.4400195 -0.4155926 -0.3875037 -0.3555182 -0.3193733 -0.2787856 -0.2334598 -0.1831020 -0.1274410 -6.6254519E-02 5.9576705E-04 7.3121816E-02 0.1511652 0.2343531 0.3220639 0.4134133 0.5072669 0.6022892 0.6970248 0.7900083 0.8798826 0.9654734 1.045883 1.120544 1.189171 1.251722 1.308329 1.359249 1.404804 1.445347 1.481232 1.512795
-0.1450271 -0.1623116 -0.1815258 -0.2028368 -0.2263831 -0.2522495 -0.2804295 -0.3107848 -0.3430030 -0.3765742 -0.4107907 -0.4448127 -0.4777661 -0.5088198 -0.5372857 -0.5626674 -0.5846552 -0.6030950 -0.6179464 -0.6292406 -0.6370450 -0.6414376 -0.6424883 -0.6402467 -0.6347345 -0.6259397 -0.6138136 -0.5982683 -0.5791746 -0.5563604 -0.5296089 -0.4986591 -0.4632036 -0.4228926 -0.3773363 -0.3261155 -0.2687949 -0.2049468 -0.1341847 -5.6210440E-02 2.9128743E-02 0.1217689 0.2213608 0.3272020 0.4382023 0.5528795 0.6694171 0.7857770 0.8998625 1.009712 1.113713 1.210692 1.299930 1.381156 1.454453 1.520146 1.578705 1.630659 1.676550 1.716896 1.752170
-0.1679974 -0.1879297 -0.2103149 -0.2354245 -0.2635128 -0.2947812 -0.3293260 -0.3670646 -0.4076587 -0.4504488 -0.4944493 -0.5384141 -0.5809983 -0.6209888 -0.6574426 -0.6897370 -0.7175519 -0.7407964 -0.7595300 -0.7738931 -0.7840567 -0.7901883 -0.7924302 -0.7908874 -0.7856196 -0.7766387 -0.7639042 -0.7473223 -0.7267445 -0.7019645 -0.6727154 -0.6386684 -0.5994291 -0.5545378 -0.5034707 -0.4456466 -0.3804390 -0.3072034 -0.2253132 -0.1342214 -3.3538233E-02 7.6866150E-02 0.1967492 0.3253818 0.4614609 0.6030739 0.7477441 0.8925823 1.034546 1.170768 1.298845 1.417096 1.524666 1.621397 1.707643 1.784068 1.851485 1.910743 1.962655 2.007963 2.047323
-0.1933444 -0.2162566 -0.2422634 -0.2717866 -0.3052578 -0.3430744 -0.3855267 -0.4326831 -0.4842389 -0.5393662 -0.5966300 -0.6541151 -0.7097567 -0.7617010 -0.8086119 -0.8497428 -0.8848330 -0.9139500 -0.9373431 -0.9553370 -0.9682639 -0.9764221 -0.9800562 -0.9793474 -0.9744076 -0.9652811 -0.9519396 -0.9342865 -0.9121519 -0.8852902 -0.8533770 -0.8160043 -0.7726731 -0.7227910 -0.6656660 -0.6005118 -0.5264525 -0.4425479 -0.3478334 -0.2413914 -0.1224513 9.4671734E-03 0.1543865 0.3116758 0.4798850 0.6566206 0.8385405 1.021508 1.200952 1.372433 1.532319 1.678219 1.809080 1.925005 2.026870 2.115936 2.193575 2.261114 2.319751 2.370533 2.414358
-0.2212736 -0.2474979 -0.2775902 -0.3121804 -0.3519596 -0.3976381 -0.4498564 -0.5090145 -0.5750105 -0.6468943 -0.7226105 -0.7990814 -0.8728422 -0.9409747 -1.001629 -1.054016 -1.098111 -1.134317 -1.163222 -1.185443 -1.201550 -1.212026 -1.217253 -1.217512 -1.212983 -1.203752 -1.189809 -1.171055 -1.147298 -1.118250 -1.083520 -1.042609 -0.9948969 -0.9396316 -0.8759210 -0.8027221 -0.7188445 -0.6229607 -0.5136470 -0.3894567 -0.2490402 -9.1330335E-02 8.4218942E-02 0.2773390 0.4866398 0.7093346 0.9410692 1.175976 1.407105 1.627352 1.830700 2.013375 2.174192 2.313970 2.434635 2.538501 2.627835 2.704669 2.770742 2.827505 2.876155
-0.2519558 -0.2818074 -0.3164349 -0.3567444 -0.4037906 -0.4587575 -0.5228721 -0.5972000 -0.6822216 -0.7771292 -0.8789918 -0.9826218 -1.081967 -1.172214 -1.250883 -1.317452 -1.372512 -1.417118 -1.452414 -1.479457 -1.499150 -1.512221 -1.519230 -1.520582 -1.516541 -1.507244 -1.492706 -1.472828 -1.447395 -1.416070 -1.378391 -1.333755 -1.281404 -1.220404 -1.149624 -1.067720 -0.9731116 -0.8639879 -0.7383264 -0.5939642 -0.4287221 -0.2406271 -2.8215256E-02 0.2090570 0.4703385 0.7528582 1.051420 1.358034 1.662050 1.951423 2.215528 2.448045 2.647775 2.817191 2.960320 3.081318 3.183858 3.270989 3.345176 3.408388 3.462195
