T4-twomodels-1/model60.grd
DSAA
         100         100
  -15.00000       15.00000    
  -15.00000       15.00000    
  -6.162797       12.90249    
[rows 54 to 80 of 100, columns 0 to 60 of 100]
-0.6813414 -0.7604522 -0.8561097 -0.9726192 -1.115985 -1.293902 -1.517165 -1.799787 -2.160810 -2.621042 -3.187517 -3.798714 -4.343253 -4.777344 -5.113781 -5.373569 -5.574502 -5.729811 -5.849301 -5.940114 -6.007501 -6.055267 -6.086171 -6.102138 -6.104445 -6.093835 -6.070588 -6.034563 -5.985210 -5.921555 -5.842177 -5.745130 -5.627883 -5.487167 -5.318882 -5.117850 -4.877688 -4.590498 -4.246769 -3.835130 -3.342516 -2.754286 -2.054958 -1.228900 -0.2615876 0.8592579 2.141283 3.581736 5.148384 6.729240 8.121389 9.197103 9.987161 10.57450 11.02350 11.37490 11.65518 11.88171 12.06675 12.21882 12.34433
-0.6741852 -0.7525749 -0.8474321 -0.9630545 -1.105449 -1.282313 -1.504445 -1.785868 -2.145637 -2.604576 -3.169730 -3.779601 -4.322851 -4.755708 -5.090979 -5.349686 -5.549637 -5.704075 -5.822812 -5.912993 -5.979870 -6.027257 -6.057908 -6.073748 -6.076058 -6.065582 -6.042605 -6.006986 -5.958189 -5.895243 -5.816741 -5.720746 -5.604741 -5.465470 -5.298850 -5.099715 -4.861695 -4.576904 -4.235833 -3.827118 -3.337683 -2.752874 -2.057183 -1.234947 -0.2715990 0.8451894 2.123119 3.559495 5.122133 6.699084 8.087500 9.159716 9.946528 10.53088 10.97716 11.32610 11.60419 11.82876 12.01210 12.16266 12.28689
-0.6655456 -0.7430462 -0.8369074 -0.9514228 -1.092597 -1.268128 -1.488818 -1.768705 -2.126859 -2.584128 -3.147593 -3.755784 -4.297378 -4.728636 -5.062396 -5.319710 -5.518398 -5.671720 -5.789493 -5.878868 -5.945099 -5.992001 -6.022321 -6.037991 -6.040290 -6.029962 -6.007297 -5.972161 -5.924025 -5.861928 -5.784477 -5.689749 -5.575247 -5.437734 -5.273145 -5.076337 -4.840961 -4.559143 -4.221389 -3.816336 -3.330907 -2.750429 -2.059368 -1.242013 -0.2837472 0.8278303 2.100494 3.531631 5.089139 6.661169 8.044898 9.112694 9.895397 10.47598 10.91885 11.26473 11.54009 11.76227 11.94350 12.09224 12.21489
-0.6553296 -0.7317526 -0.8243989 -0.9375534 -1.077213 -1.251077 -1.469954 -1.747893 -2.103988 -2.559114 -3.120386 -3.726373 -4.265817 -4.695016 -5.026843 -5.282375 -5.479459 -5.631368 -5.747927 -5.836290 -5.901711 -5.947997 -5.977902 -5.993345 -5.995610 -5.985440 -5.963130 -5.928547 -5.881179 -5.820074 -5.743855 -5.650625 -5.537904 -5.402484 -5.240328 -5.046322 -4.814145 -4.535949 -4.202261 -3.801730 -3.321277 -2.746215 -2.060973 -1.249790 -0.2979711 0.8069742 2.072922 3.497372 5.048323 6.614001 7.991710 9.053903 9.831454 10.40735 10.84600 11.18813 11.46017 11.67944 11.85814 12.00470 12.12549
-0.6434247 -0.7185605 -0.8097416 -0.9212393 -1.059040 -1.230837 -1.447444 -1.722925 -2.076402 -2.528791 -3.087267 -3.690462 -4.227157 -4.653719 -4.983073 -5.236343 -5.431400 -5.581533 -5.696576 -5.783682 -5.848096 -5.893622 -5.923003 -5.938155 -5.940355 -5.930346 -5.908425 -5.874472 -5.827979 -5.768012 -5.693219 -5.601722 -5.491078 -5.358111 -5.198823 -5.008142 -4.779786 -4.505950 -4.177194 -3.782190 -3.307865 -2.739523 -2.061557 -1.258134 -0.3144670 0.7820599 2.039464 3.455405 4.998043 6.555766 7.925967 8.981165 9.752308 10.32241 10.75590 11.09346 11.36151 11.57730 11.75301 11.89699 12.01559
-0.6297070 -0.7033191 -0.7927503 -0.9022475 -1.037778 -1.207023 -1.420797 -1.693176 -2.043320 -2.492198 -3.047050 -3.646596 -4.179729 -4.602896 -4.929092 -5.179486 -5.371990 -5.519904 -5.633067 -5.718620 -5.781799 -5.826391 -5.855126 -5.869906 -5.872001 -5.862152 -5.840656 -5.807400 -5.761889 -5.703212 -5.630040 -5.540528 -5.432272 -5.302145 -5.146196 -4.959415 -4.735578 -4.466939 -4.144115 -3.755818 -3.289003 -2.728971 -2.060073 -1.266402 -0.3330436 0.7527806 1.999292 3.404364 4.936371 6.483887 7.844503 8.890888 9.654052 10.21703 10.64421 10.97626 11.23954 11.45122 11.62340 11.76439 11.88046
-0.6140294 -0.6858562 -0.7732117 -0.8803089 -1.013081 -1.179183 -1.389420 -1.657880 -2.003763 -2.448117 -2.998293 -3.593140 -4.121666 -4.540448 -4.862587 -5.109328 -5.298619 -5.443771 -5.554611 -5.638266 -5.699943 -5.743401 -5.771345 -5.785661 -5.787601 -5.777904 -5.756861 -5.724370 -5.679951 -5.622715 -5.551366 -5.464098 -5.358559 -5.231679 -5.079580 -4.897329 -4.678787 -4.416297 -4.100557 -3.720359 -3.262709 -2.712923 -2.055329 -1.273926 -0.3536463 0.7185131 1.951053 3.342165 4.860553 6.395113 7.743649 8.778970 9.532192 10.08638 10.50590 10.83134 11.08894 11.29579 11.46388 11.60142 11.71458
-0.5962338 -0.6659842 -0.7508984 -0.8551314 -0.9845628 -1.146802 -1.352621 -1.616111 -1.956515 -2.394981 -2.939005 -3.527632 -4.050097 -4.463166 -4.780075 -5.022159 -5.207407 -5.349129 -5.457121 -5.538471 -5.598334 -5.640431 -5.667425 -5.681170 -5.682899 -5.673336 -5.652773 -5.621112 -5.577890 -5.522248 -5.452923 -5.368163 -5.265681 -5.142480 -4.994776 -4.817736 -4.605344 -4.350068 -4.042740 -3.672267 -3.225761 -2.688595 -2.045092 -1.279162 -0.3755484 0.6790474 1.893519 3.266513 4.767209 6.284929 7.617872 8.639122 9.379898 9.923252 10.33346 10.65097 10.90187 11.10308 11.26645 11.40004 11.50992
-0.5761402 -0.6434982 -0.7255626 -0.8264035 -0.9518119 -1.109312 -1.309610 -1.566770 -1.900076 -2.330806 -2.866695 -3.447089 -3.961532 -4.367084 -4.677204 -4.913341 -5.093508 -5.230988 -5.335512 -5.414084 -5.471787 -5.512267 -5.538132 -5.551191 -5.552643 -5.543194 -5.523132 -5.492361 -5.450440 -5.396538 -5.329441 -5.247460 -5.148378 -5.029299 -4.886557 -4.715457 -4.510144 -4.263267 -3.965845 -3.606985 -3.173970 -2.652305 -2.026360 -1.279989 -0.3977161 0.6341342 1.825002 3.174213 4.651690 6.147477 7.460299 8.463575 9.188678 9.718626 10.11752 10.42556 10.66859 10.86327 11.02124 11.15037 11.25657
-0.5535595 -0.6181909 -0.6969599 -0.7938159 -0.9144116 -1.066125 -1.259529 -1.508603 -1.832636 -2.253068 -2.777964 -3.347163 -3.850779 -4.246331 -4.547581 -4.776106 -4.949907 -5.082173 -5.182506 -5.257772 -5.312930 -5.351520 -5.376066 -5.388314 -5.389419 -5.380059 -5.360512 -5.330688 -5.290166 -5.238148 -5.173478 -5.094533 -4.999196 -4.884688 -4.747489 -4.583086 -4.385838 -4.148633 -3.862780 -3.517671 -3.100882 -2.598164 -1.994054 -1.272409 -0.4175656 0.5846154 1.744312 3.061840 4.508262 5.974728 7.260919 8.240849 8.946038 9.459336 9.844488 10.14128 10.37511 10.56230 10.71414 10.83826 10.94037
-0.5282923 -0.5898546 -0.6648600 -0.7570864 -0.8719798 -1.016681 -1.201512 -1.440243 -1.752082 -2.158627 -2.668469 -3.222271 -3.711067 -4.093164 -4.382767 -4.601560 -4.767430 -4.893352 -4.988682 -5.060065 -5.112270 -5.148685 -5.171717 -5.183027 -5.183713 -5.174415 -5.155396 -5.126569 -5.087535 -5.037536 -4.975476 -4.899819 -4.808557 -4.699056 -4.567978 -4.411032 -4.222854 -3.996666 -3.724156 -3.395152 -2.997682 -2.517933 -1.940793 -1.250311 -0.4307307 0.5325518 1.650657 2.925335 4.329480 5.756179 7.006687 7.955915 8.635576 9.128129 9.496632 9.780111 10.00331 10.18197 10.32694 10.44551 10.54314
-0.5001522 -0.5583069 -0.6290769 -0.7160076 -0.8242433 -0.9605528 -1.134825 -1.360385 -1.656122 -2.043690 -2.532394 -3.064371 -3.532433 -3.896220 -4.170506 -4.376936 -4.533044 -4.651356 -4.740814 -4.807716 -4.856555 -4.890513 -4.911841 -4.922091 -4.922289 -4.913025 -4.894543 -4.866757 -4.829290 -4.781433 -4.722151 -4.650011 -4.563131 -4.459044 -4.334629 -4.185872 -4.007752 -3.793919 -3.536571 -3.226140 -2.851328 -2.399028 -1.854794 -1.203190 -0.4286755 0.4836369 1.545871 2.761700 4.106872 5.477865 6.679009 7.586968 8.233558 8.700231 9.048661 9.316557 9.527586 9.696662 9.834031 9.946542 10.03930
-0.4690022 -0.5234396 -0.5895318 -0.6705200 -0.7711376 -0.8976066 -1.059108 -1.268116 -1.542678 -1.904068 -2.362494 -2.862806 -3.301316 -3.640036 -3.894323 -4.085291 -4.229614 -4.338997 -4.421716 -4.483558 -4.528643 -4.559883 -4.579335 -4.588417 -4.588061 -4.578807 -4.560869 -4.534162 -4.498333 -4.452717 -4.396362 -4.327936 -4.245702 -4.147388 -4.030122 -3.890215 -3.723057 -3.522825 -3.282374 -2.992933 -2.644140 -2.223944 -1.719012 -1.114960 -0.3970802 0.4491870 1.436542 2.570760 3.831830 5.122509 6.253433 7.104786 7.708190 8.142705 8.467216 8.717138 8.914469 9.072959 9.202052 9.308023 9.395580
-0.4348472 -0.4853097 -0.5463474 -0.6208298 -0.7129641 -0.8282284 -0.9747450 -1.163539 -1.410827 -1.736240 -2.150413 -2.603350 -2.999090 -3.303783 -3.532560 -3.704767 -3.835310 -3.934532 -4.009731 -4.066011 -4.107014 -4.135320 -4.152755 -4.160580 -4.159621 -4.150356 -4.132968 -4.107370 -4.073232 -4.029942 -3.976628 -3.912072 -3.834701 -3.742449 -3.632727 -3.502209 -3.346765 -3.161191 -2.939130 -2.672801 -2.353057 -1.969291 -1.509813 -0.9620222 -0.3130101 0.4501808 1.339351 2.361181 3.500550 4.671297 5.698446 6.470501 7.017596 7.412787 7.709419 7.939088 8.121345 8.268382 8.388622 8.487664 8.569749
-0.3980480 -0.4443565 -0.5000667 -0.5676362 -0.6506335 -0.7536359 -0.8833456 -1.048687 -1.262619 -1.540621 -1.891140 -2.273342 -2.608521 -2.869081 -3.067007 -3.217581 -3.332723 -3.420833 -3.487933 -3.538287 -3.574975 -3.600195 -3.615516 -3.622023 -3.620430 -3.611141 -3.594309 -3.569842 -3.537434 -3.496528 -3.446336 -3.385762 -3.313400 -3.227412 -3.125507 -3.004759 -2.861562 -2.691399 -2.488804 -2.247148 -1.958723 -1.614704 -1.205538 -0.7211415 -0.1515212 0.5129580 1.280521 2.155019 3.123193 4.115187 4.988023 5.650140 6.126061 6.475057 6.740422 6.948043 7.114184 7.249138 7.360113 7.451955 7.528371
-0.3596907 -0.4017668 -0.4520105 -0.5124800 -0.5860099 -0.6762347 -0.7881772 -0.9283103 -1.105203 -1.327855 -1.598311 -1.888372 -2.148487 -2.358124 -2.522049 -2.649441 -2.748350 -2.824881 -2.883599 -2.927855 -2.960118 -2.982184 -2.995347 -3.000511 -2.998269 -2.988956 -2.972686 -2.949364 -2.918707 -2.880219 -2.833189 -2.776655 -2.709375 -2.629753 -2.535797 -2.425006 -2.294307 -2.139921 -1.957311 -1.741088 -1.485090 -1.182470 -0.8260623 -0.4087555 7.5861439E-02 0.6328624 1.264734 1.968486 2.726880 3.487193 4.158958 4.685694 5.080146 5.378900 5.611165 5.795830 5.945328 6.067900 6.169399 6.253918 6.324559
-0.3216257 -0.3594837 -0.4042925 -0.4577036 -0.5218471 -0.5994205 -0.6938421 -0.8092229 -0.9500712 -1.119600 -1.314863 -1.519273 -1.708587 -1.869189 -1.999959 -2.104575 -2.187466 -2.252537 -2.302947 -2.341151 -2.369019 -2.387951 -2.398973 -2.402807 -2.399926 -2.390598 -2.374896 -2.352727 -2.323828 -2.287759 -2.243895 -2.191401 -2.129200 -2.055933 -1.969911 -1.869047 -1.750803 -1.612121 -1.449384 -1.258422 -1.034590 -0.7729684 -0.4687112 -0.1175595 0.2834959 0.7353147 1.235270 1.774762 2.334545 2.879114 3.363993 3.762852 4.078713 4.328291 4.527916 4.689842 4.822814 4.933062 5.025123 5.102334 5.167215
-0.2854664 -0.3192181 -0.3587813 -0.4054059 -0.4606288 -0.5262976 -0.6045524 -0.6976475 -0.8074366 -0.9341102 -1.073997 -1.217917 -1.354169 -1.474621 -1.576542 -1.660563 -1.728630 -1.782924 -1.825440 -1.857848 -1.881489 -1.897397 -1.906351 -1.908903 -1.905417 -1.896090 -1.880966 -1.859947 -1.832794 -1.799122 -1.758387 -1.709876 -1.652675 -1.585647 -1.507395 -1.416220 -1.310092 -1.186616 -1.043032 -0.8762606 -0.6830193 -0.4600456 -0.2044506 8.5785985E-02 0.4111871 0.7699920 1.157151 1.563038 1.972163 2.363613 2.716388 3.018241 3.268780 3.474684 3.644217 3.784674 3.901845 4.000180 4.083076 4.153140 4.212381
-0.2519554 -0.2818071 -0.3164348 -0.3567444 -0.4037905 -0.4587572 -0.5228719 -0.5971998 -0.6822212 -0.7771289 -0.8789917 -0.9826220 -1.081967 -1.172215 -1.250884 -1.317453 -1.372513 -1.417119 -1.452415 -1.479458 -1.499152 -1.512223 -1.519232 -1.520584 -1.516543 -1.507246 -1.492708 -1.472830 -1.447397 -1.416072 -1.378392 -1.333757 -1.281406 -1.220405 -1.149626 -1.067722 -0.9731133 -0.8639895 -0.7383274 -0.5939646 -0.4287224 -0.2406276 -2.8215537E-02 0.2090566 0.4703384 0.7528582 1.051420 1.358034 1.662051 1.951424 2.215530 2.448047 2.647777 2.817192 2.960322 3.081320 3.183860 3.270991 3.345178 3.408391 3.462198
-0.2212734 -0.2474979 -0.2775902 -0.3121803 -0.3519596 -0.3976381 -0.4498564 -0.5090148 -0.5750104 -0.6468942 -0.7226108 -0.7990822 -0.8728434 -0.9409763 -1.001631 -1.054018 -1.098113 -1.134319 -1.163224 -1.185445 -1.201552 -1.212028 -1.217256 -1.217515 -1.212987 -1.203755 -1.189812 -1.171058 -1.147301 -1.118253 -1.083523 -1.042612 -0.9948996 -0.9396343 -0.8759235 -0.8027246 -0.7188467 -0.6229625 -0.5136488 -0.3894577 -0.2490413 -9.1330983E-02 8.4218666E-02 0.2773386 0.4866396 0.7093347 0.9410699 1.175977 1.407106 1.627354 1.830704 2.013378 2.174195 2.313973 2.434639 2.538504 2.627838 2.704673 2.770747 2.827509 2.876160
-0.1933440 -0.2162561 -0.2422627 -0.2717863 -0.3052574 -0.3430739 -0.3855263 -0.4326824 -0.4842384 -0.5393656 -0.5966296 -0.6541148 -0.7097563 -0.7617012 -0.8086121 -0.8497432 -0.8848337 -0.9139506 -0.9373438 -0.9553378 -0.9682647 -0.9764233 -0.9800577 -0.9793491 -0.9744097 -0.9652830 -0.9519415 -0.9342883 -0.9121537 -0.8852919 -0.8533787 -0.8160061 -0.7726747 -0.7227924 -0.6656676 -0.6005133 -0.5264536 -0.4425488 -0.3478343 -0.2413919 -0.1224514 9.4671734E-03 0.1543863 0.3116758 0.4798850 0.6566204 0.8385403 1.021507 1.200952 1.372433 1.532320 1.678220 1.809081 1.925006 2.026870 2.115936 2.193576 2.261114 2.319751 2.370534 2.414359
-0.1679969 -0.1879293 -0.2103145 -0.2354242 -0.2635125 -0.2947809 -0.3293256 -0.3670641 -0.4076583 -0.4504485 -0.4944489 -0.5384141 -0.5809984 -0.6209893 -0.6574431 -0.6897377 -0.7175527 -0.7407971 -0.7595308 -0.7738941 -0.7840579 -0.7901895 -0.7924317 -0.7908892 -0.7856216 -0.7766406 -0.7639060 -0.7473242 -0.7267465 -0.7019662 -0.6727169 -0.6386700 -0.5994304 -0.5545392 -0.5034723 -0.4456480 -0.3804403 -0.3072045 -0.2253139 -0.1342217 -3.3538233E-02 7.6866239E-02 0.1967493 0.3253818 0.4614612 0.6030741 0.7477443 0.8925824 1.034547 1.170769 1.298846 1.417097 1.524667 1.621398 1.707644 1.784069 1.851486 1.910745 1.962657 2.007965 2.047326
-0.1450263 -0.1623110 -0.1815251 -0.2028363 -0.2263827 -0.2522491 -0.2804290 -0.3107843 -0.3430025 -0.3765735 -0.4107901 -0.4448123 -0.4777660 -0.5088198 -0.5372857 -0.5626677 -0.5846554 -0.6030952 -0.6179469 -0.6292412 -0.6370457 -0.6414388 -0.6424898 -0.6402484 -0.6347363 -0.6259418 -0.6138155 -0.5982699 -0.5791761 -0.5563618 -0.5296103 -0.4986605 -0.4632050 -0.4228938 -0.3773375 -0.3261168 -0.2687958 -0.2049477 -0.1341854 -5.6210816E-02 2.9128650E-02 0.1217690 0.2213608 0.3272022 0.4382026 0.5528794 0.6694170 0.7857767 0.8998622 1.009713 1.113714 1.210692 1.299930 1.381156 1.454452 1.520146 1.578705 1.630659 1.676551 1.716897 1.752171
-0.1242265 -0.1391800 -0.1556431 -0.1737120 -0.1934526 -0.2148820 -0.2379455 -0.2624919 -0.2882544 -0.3148422 -0.3417535 -0.3684011 -0.3941607 -0.4184515 -0.4407766 -0.4607452 -0.4780840 -0.4926228 -0.5042740 -0.5130073 -0.5188270 -0.5217527 -0.5218053 -0.5189959 -0.5133191 -0.5047479 -0.4932286 -0.4786802 -0.4609919 -0.4400209 -0.4155937 -0.3875048 -0.3555192 -0.3193744 -0.2787867 -0.2334607 -0.1831030 -0.1274418 -6.6254944E-02 5.9567398E-04 7.3122047E-02 0.1511656 0.2343538 0.3220644 0.4134136 0.5072672 0.6022894 0.6970246 0.7900085 0.8798832 0.9654740 1.045884 1.120544 1.189172 1.251722 1.308330 1.359250 1.404805 1.445349 1.481233 1.512796
-0.1053965 -0.1183120 -0.1324032 -0.1477195 -0.1642820 -0.1820717 -0.2010136 -0.2209645 -0.2417020 -0.2629244 -0.2842546 -0.3052717 -0.3255467 -0.3446559 -0.3622225 -0.3779392 -0.3915724 -0.4029579 -0.4119902 -0.4186078 -0.4227778 -0.4244845 -0.4237168 -0.4204611 -0.4146939 -0.4063787 -0.3954607 -0.3818666 -0.3655014 -0.3462487 -0.3239702 -0.2985068 -0.2696807 -0.2372988 -0.2011591 -0.1610592 -0.1168080 -6.8243414E-02 -1.5252084E-02 4.2204045E-02 0.1040608 0.1701209 0.2400307 0.3132607 0.3891053 0.4666968 0.5450438 0.6230859 0.6997595 0.7740726 0.8451894 0.9124540 0.9753906 1.033718 1.087327 1.136245 1.180597 1.220570 1.256388 1.288286 1.316501
-8.8350989E-02 -9.9493809E-02 -0.1115486 -0.1245344 -0.1384465 -0.1532472 -0.1688572 -0.1851475 -0.2019364 -0.2189892 -0.2360297 -0.2527467 -0.2688093 -0.2839070 -0.2977582 -0.3101202 -0.3207973 -0.3296404 -0.3365412 -0.3414247 -0.3442388 -0.3449472 -0.3435196 -0.3399268 -0.3341355 -0.3261034 -0.3157775 -0.3030919 -0.2879667 -0.2703072 -0.2500041 -0.2269361 -0.2009705 -0.1719683 -0.1397887 -0.1042979 -6.5377966E-02 -2.2941083E-02 2.3055544E-02 7.2591431E-02 0.1255637 0.1817693 0.2408897 0.3024840 0.3659914 0.4307448 0.4959999 0.5609726 0.6248884 0.6870262 0.7467387 0.8034977 0.8569254 0.9067757 0.9529184 0.9953217 1.034032 1.069148 1.100806 1.129160 1.154370
-7.2916873E-02 -8.2523309E-02 -9.2833705E-02 -0.1038491 -0.1155496 -0.1278901 -0.1407935 -0.1541481 -0.1678042 -0.1815773 -0.1952497 -0.2085872 -0.2213548 -0.2333138 -0.2442419 -0.2539452 -0.2622604 -0.2690559 -0.2742287 -0.2777006 -0.2794113 -0.2793134 -0.2773666 -0.2735335 -0.2677746 -0.2600470 -0.2503003 -0.2384761 -0.2245077 -0.2083185 -0.1898236 -0.1689311 -0.1455439 -0.1195639 -9.0896152E-02 -5.9456147E-02 -2.5177049E-02 1.1979416E-02 5.2012455E-02 9.4868474E-02 0.1404300 0.1885031 0.2388106 0.2909881 0.3445896 0.3990977 0.4539461 0.5085425 0.5622990 0.6146607 0.6651520 0.7133773 0.7590178 0.8018477 0.8417301 0.8786034 0.9124661 0.9433627 0.9713689 0.9965804 1.019103
