T4-twomodels-1/model30.grd
DSAA
         100         100
  -15.00000       15.00000    
  -15.00000       15.00000    
  -3.450128       7.054764    
[rows 0 to 26 of 100, columns 0 to 60 of 100]
1.7557940E-02 1.7318828E-02 1.7089274E-02 1.6871568E-02 1.6668225E-02 1.6481891E-02 1.6315512E-02 1.6172091E-02 1.6054876E-02 1.5967239E-02 1.5913421E-02 1.5896693E-02 1.5918225E-02 1.5981916E-02 1.6091876E-02 1.6251570E-02 1.6464343E-02 1.6733326E-02 1.7061552E-02 1.7451797E-02 1.7906655E-02 1.8428544E-02 1.9019663E-02 1.9681979E-02 2.0417191E-02 2.1226661E-02 2.2111489E-02 2.3072429E-02 2.4109913E-02 2.5224026E-02 2.6414443E-02 2.7680406E-02 2.9020743E-02 3.0433794E-02 3.1917520E-02 3.3469301E-02 3.5086140E-02 3.6764450E-02 3.8500171E-02 4.0288672E-02 4.2124923E-02 4.4003345E-02 4.5917992E-02 4.7862396E-02 4.9829714E-02 5.1812701E-02 5.3803839E-02 5.5795196E-02 5.7777982E-02 5.9742711E-02 6.1684746E-02 6.3599452E-02 6.5477915E-02 6.7311585E-02 6.9093183E-02 7.0816018E-02 7.2473839E-02 7.4060999E-02 7.5572200E-02 7.7002704E-02 7.8348130E-02
1.6604381E-02 1.6320389E-02 1.6045129E-02 1.5781187E-02 1.5531308E-02 1.5298519E-02 1.5086021E-02 1.4897317E-02 1.4735933E-02 1.4605551E-02 1.4508917E-02 1.4450002E-02 1.4435049E-02 1.4467448E-02 1.4550365E-02 1.4687647E-02 1.4883026E-02 1.5140180E-02 1.5462560E-02 1.5853370E-02 1.6315617E-02 1.6852152E-02 1.7465515E-02 1.8158035E-02 1.8931672E-02 1.9788105E-02 2.0728650E-02 2.1754332E-02 2.2865742E-02 2.4063135E-02 2.5346283E-02 2.6714528E-02 2.8166678E-02 2.9701084E-02 3.1315565E-02 3.3007391E-02 3.4773290E-02 3.6609411E-02 3.8511217E-02 4.0473692E-02 4.2491190E-02 4.4557497E-02 4.6665855E-02 4.8809025E-02 5.0979231E-02 5.3168271E-02 5.5367593E-02 5.7568703E-02 5.9763901E-02 6.1946250E-02 6.4103693E-02 6.6224314E-02 6.8301231E-02 7.0327438E-02 7.2295249E-02 7.4197091E-02 7.6026015E-02 7.7775612E-02 7.9440057E-02 8.1014045E-02 8.2492784E-02
1.5564902E-02 1.5229547E-02 1.4901826E-02 1.4584538E-02 1.4280812E-02 1.3993954E-02 1.3727643E-02 1.3485732E-02 1.3272380E-02 1.3091907E-02 1.2949665E-02 1.2849918E-02 1.2794725E-02 1.2789126E-02 1.2838386E-02 1.2947011E-02 1.3119399E-02 1.3359724E-02 1.3671978E-02 1.4059851E-02 1.4526849E-02 1.5076268E-02 1.5711090E-02 1.6433934E-02 1.7247221E-02 1.8152904E-02 1.9152654E-02 2.0247698E-02 2.1438910E-02 2.2726692E-02 2.4111019E-02 2.5591275E-02 2.7166387E-02 2.8834639E-02 3.0593827E-02 3.2441027E-02 3.4372777E-02 3.6384836E-02 3.8472347E-02 4.0629648E-02 4.2850532E-02 4.5127977E-02 4.7454443E-02 4.9821634E-02 5.2220795E-02 5.4642506E-02 5.7077061E-02 5.9514143E-02 6.1942469E-02 6.4349979E-02 6.6729896E-02 6.9075517E-02 7.1375564E-02 7.3619209E-02 7.5797118E-02 7.7900790E-02 7.9922371E-02 8.1854664E-02 8.3691172E-02 8.5426025E-02 8.7053947E-02
1.4431202E-02 1.4037116E-02 1.3649104E-02 1.3270316E-02 1.2904164E-02 1.2554454E-02 1.2225210E-02 1.1920903E-02 1.1646125E-02 1.1405617E-02 1.1203228E-02 1.1044120E-02 1.0936038E-02 1.0883575E-02 1.0891072E-02 1.0963605E-02 1.1106156E-02 1.1323573E-02 1.1620405E-02 1.2000950E-02 1.2469292E-02 1.3029194E-02 1.3684121E-02 1.4437171E-02 1.5291141E-02 1.6248381E-02 1.7310904E-02 1.8480269E-02 1.9757601E-02 2.1143559E-02 2.2638317E-02 2.4241425E-02 2.5951866E-02 2.7768007E-02 2.9687556E-02 3.1707481E-02 3.3824056E-02 3.6032766E-02 3.8328242E-02 4.0704306E-02 4.3153945E-02 4.5669377E-02 4.8241999E-02 5.0862484E-02 5.3520758E-02 5.6206178E-02 5.8907539E-02 6.1613616E-02 6.4313971E-02 6.6999048E-02 6.9653608E-02 7.2262712E-02 7.4816920E-02 7.7306837E-02 7.9722553E-02 8.2054339E-02 8.4293365E-02 8.6431555E-02 8.8461697E-02 9.0377212E-02 9.2172414E-02
1.3193906E-02 1.2732527E-02 1.2275204E-02 1.1825364E-02 1.1386859E-02 1.0963893E-02 1.0561096E-02 1.0183454E-02 9.8363208E-03 9.5253056E-03 9.2572449E-03 9.0378374E-03 8.8703036E-03 8.7611936E-03 8.7173684E-03 8.7447874E-03 8.8492790E-03 9.0363706E-03 9.3113407E-03 9.6791573E-03 1.0144519E-02 1.0711770E-02 1.1384921E-02 1.2167581E-02 1.3063021E-02 1.4074040E-02 1.5203035E-02 1.6451947E-02 1.7822245E-02 1.9314883E-02 2.0930286E-02 2.2668216E-02 2.4527816E-02 2.6507542E-02 2.8605076E-02 3.0817334E-02 3.3140343E-02 3.5569243E-02 3.8098220E-02 4.0720448E-02 4.3428138E-02 4.6212528E-02 4.9063902E-02 5.1971640E-02 5.4924272E-02 5.7909459E-02 6.0914345E-02 6.3925356E-02 6.6927671E-02 6.9905646E-02 7.2849572E-02 7.5749837E-02 7.8591846E-02 8.1361659E-02 8.4047213E-02 8.6637564E-02 8.9122653E-02 9.1493495E-02 9.3741953E-02 9.5860876E-02 9.7843975E-02
1.1842409E-02 1.1303934E-02 1.0766826E-02 1.0234901E-02 9.7124055E-03 9.2041222E-03 8.7152068E-03 8.2514109E-03 7.8186886E-03 7.4233105E-03 7.0706420E-03 6.7675025E-03 6.5236092E-03 6.3452460E-03 6.2384093E-03 6.2098932E-03 6.2663141E-03 6.4140856E-03 6.6592912E-03 7.0076580E-03 7.4646058E-03 8.0351522E-03 8.7239053E-03 9.5350668E-03 1.0472440E-02 1.1539320E-02 1.2738574E-02 1.4072584E-02 1.5543215E-02 1.7151833E-02 1.8899132E-02 2.0785205E-02 2.2809424E-02 2.4970356E-02 2.7265806E-02 2.9692596E-02 3.2246605E-02 3.4922674E-02 3.7714437E-02 4.0614434E-02 4.3613993E-02 4.6703283E-02 4.9871277E-02 5.3105865E-02 5.6393851E-02 5.9721097E-02 6.3072711E-02 6.6433564E-02 6.9789350E-02 7.3126599E-02 7.6425843E-02 7.9667851E-02 8.2839623E-02 8.5928470E-02 8.8921212E-02 9.1805406E-02 9.4569750E-02 9.7204037E-02 9.9699296E-02 0.1020476 0.1042421
1.0365596E-02 9.7386716E-03 9.1096824E-03 8.4827570E-03 7.8627057E-03 7.2547933E-03 6.6649895E-03 6.0996860E-03 5.5659269E-03 5.0711241E-03 4.6241446E-03 4.2326776E-03 3.9016509E-03 3.6397511E-03 3.4559779E-03 3.3583348E-03 3.3545627E-03 3.4520433E-03 3.6578074E-03 3.9784620E-03 4.4202227E-03 4.9888478E-03 5.6896885E-03 6.5275556E-03 7.5068614E-03 8.6314753E-03 9.9047963E-03 1.1329737E-02 1.2908654E-02 1.4643348E-02 1.6534958E-02 1.8583944E-02 2.0790014E-02 2.3151999E-02 2.5667850E-02 2.8334383E-02 3.1147439E-02 3.4101482E-02 3.7189748E-02 4.0403992E-02 4.3734659E-02 4.7170639E-02 5.0699472E-02 5.4307248E-02 5.7978824E-02 6.1697733E-02 6.5446727E-02 6.9207452E-02 7.2960101E-02 7.6683901E-02 8.0364756E-02 8.3988853E-02 8.7536864E-02 9.0990581E-02 9.4334178E-02 9.7553417E-02 0.1006355 0.1035689 0.1063438 0.1089514 0.1113843
8.7502124E-03 8.0217402E-03 7.2867116E-03 6.5497383E-03 5.8160862E-03 5.0917529E-03 4.3833861E-03 3.6984596E-03 3.0448486E-03 2.4309470E-03 1.8642517E-03 1.3540150E-03 9.1269612E-04 5.4896518E-04 2.7119531E-04 8.8513480E-05 9.8167229E-06 4.3655746E-05 1.9815634E-04 4.8091169E-04 8.9906971E-04 1.4592370E-03 2.1675078E-03 3.0294412E-03 4.0501179E-03 5.2340506E-03 6.5852716E-03 8.1072738E-03 9.8030083E-03 1.1674805E-02 1.3724394E-02 1.5952706E-02 1.8359901E-02 2.0945225E-02 2.3706879E-02 2.6641879E-02 2.9745966E-02 3.3013452E-02 3.6437076E-02 4.0007912E-02 4.3715328E-02 4.7546916E-02 5.1488426E-02 5.5523995E-02 5.9636008E-02 6.3805453E-02 6.8012126E-02 7.2235234E-02 7.6454714E-02 8.0651447E-02 8.4799588E-02 8.8873819E-02 9.2855975E-02 9.6728668E-02 0.1004744 0.1040768 0.1075215 0.1107955 0.1138879 0.1167892 0.1194914
6.9822939E-03 6.1370605E-03 5.2795922E-03 4.4148415E-03 3.5487290E-03 2.6879425E-03 1.8401392E-03 1.0137213E-03 2.1804881E-04 -5.3693366E-04 -1.2394303E-03 -1.8789055E-03 -2.4478389E-03 -2.9344810E-03 -3.3267862E-03 -3.6139246E-03 -3.7854596E-03 -3.8315370E-03 -3.7427526E-03 -3.5103876E-03 -3.1262520E-03 -2.5828078E-03 -1.8731052E-03 -9.9078170E-04 6.9988891E-05 1.3144047E-03 2.7472619E-03 4.3727108E-03 6.1943950E-03 8.2153361E-03 1.0437932E-02 1.2863765E-02 1.5493681E-02 1.8327415E-02 2.1363666E-02 2.4599710E-02 2.8031500E-02 3.1653162E-02 3.5457157E-02 3.9433751E-02 4.3571312E-02 4.7855806E-02 5.2271176E-02 5.6799024E-02 6.1419029E-02 6.6108845E-02 7.0844769E-02 7.5601436E-02 8.0351673E-02 8.5067041E-02 8.9726798E-02 9.4310589E-02 9.8792464E-02 0.1031481 0.1073563 0.1113986 0.1152584 0.1189213 0.1223752 0.1256099 0.1286169
5.0454810E-03 4.0658340E-03 3.0666213E-03 2.0532988E-03 1.0323420E-03 1.1341763E-05 -1.0010699E-03 -1.9950590E-03 -2.9600256E-03 -3.8845146E-03 -4.7578914E-03 -5.5673532E-03 -6.2963953E-03 -6.9328528E-03 -7.4649202E-03 -7.8801094E-03 -8.1663895E-03 -8.3122291E-03 -8.3068507E-03 -8.1401840E-03 -7.8029353E-03 -7.2865048E-03 -6.5829954E-03 -5.6852298E-03 -4.5865425E-03 -3.2809388E-03 -1.7628539E-03 -2.7328497E-05 1.9300556E-03 4.1132094E-03 6.5253587E-03 9.1689751E-03 1.2045663E-02 1.5156059E-02 1.8499477E-02 2.2073824E-02 2.5875308E-02 2.9898237E-02 3.4134757E-02 3.8574565E-02 4.3204807E-02 4.8009910E-02 5.2971464E-02 5.8068398E-02 6.3276932E-02 6.8570875E-02 7.3922157E-02 7.9301476E-02 8.4680036E-02 9.0029925E-02 9.5315821E-02 0.1005032 0.1055664 0.1104811 0.1152236 0.1197724 0.1241090 0.1282172 0.1320838 0.1356977 0.1390503
2.9223245E-03 1.7876882E-03 6.2419573E-04 -5.6233554E-04 -1.7646962E-03 -2.9744145E-03 -4.1815336E-03 -5.3748260E-03 -6.5417029E-03 -7.6684225E-03 -8.7389462E-03 -9.7383717E-03 -1.0655218E-02 -1.1473193E-02 -1.2175791E-02 -1.2748057E-02 -1.3175857E-02 -1.3445795E-02 -1.3545435E-02 -1.3463281E-02 -1.3188721E-02 -1.2712065E-02 -1.2024429E-02 -1.1117727E-02 -9.9843889E-03 -8.6176321E-03 -7.0110080E-03 -5.1586479E-03 -3.0551513E-03 -6.9561653E-04 1.9242348E-03 4.8080049E-03 7.9584662E-03 1.1377276E-02 1.5064836E-02 1.9019866E-02 2.3239344E-02 2.7717896E-02 3.2447666E-02 3.7417833E-02 4.2614508E-02 4.8020285E-02 5.3614274E-02 5.9372056E-02 6.5265886E-02 7.1264707E-02 7.7335015E-02 8.3440863E-02 8.9543559E-02 9.5603026E-02 0.1015879 0.1074679 0.1132068 0.1187716 0.1241337 0.1292683 0.1341543 0.1387740 0.1431127 0.1471591 0.1509043
5.9242593E-04 -7.2118710E-04 -2.0755366E-03 -3.4643833E-03 -4.8798886E-03 -6.3124872E-03 -7.7508804E-03 -9.1819065E-03 -1.0591007E-02 -1.1962111E-02 -1.3279743E-02 -1.4525731E-02 -1.5677458E-02 -1.6717374E-02 -1.7628545E-02 -1.8393528E-02 -1.8995734E-02 -1.9419607E-02 -1.9650780E-02 -1.9676123E-02 -1.9483676E-02 -1.9062568E-02 -1.8402871E-02 -1.7495576E-02 -1.6332289E-02 -1.4905259E-02 -1.3207103E-02 -1.1230959E-02 -8.9703193E-03 -6.4190477E-03 -3.5715697E-03 -4.2280884E-04 3.0314550E-03 6.7944173E-03 1.0867935E-02 1.5252141E-02 1.9945059E-02 2.4942216E-02 3.0236062E-02 3.5815552E-02 4.1665796E-02 4.7767613E-02 5.4097246E-02 6.0626470E-02 6.7322537E-02 7.4148655E-02 8.1064537E-02 8.8027574E-02 9.4995096E-02 0.1019252 0.1087679 0.1154744 0.1220073 0.1283320 0.1344160 0.1402307 0.1457522 0.1509610 0.1558415 0.1603820 0.1645739
-1.9662024E-03 -3.4868426E-03 -5.0632986E-03 -6.6891839E-03 -8.3558839E-03 -1.0052769E-02 -1.1766824E-02 -1.3482847E-02 -1.5183300E-02 -1.6848745E-02 -1.8456485E-02 -1.9984921E-02 -2.1416130E-02 -2.2726769E-02 -2.3893546E-02 -2.4895372E-02 -2.5712628E-02 -2.6327169E-02 -2.6722400E-02 -2.6883483E-02 -2.6796944E-02 -2.6450761E-02 -2.5833970E-02 -2.4936721E-02 -2.3749720E-02 -2.2264367E-02 -2.0472221E-02 -1.8365355E-02 -1.5935918E-02 -1.3176387E-02 -1.0079459E-02 -6.6383220E-03 -2.8467388E-03 1.3005164E-03 5.8074482E-03 1.0676053E-02 1.5906252E-02 2.1495013E-02 2.7435720E-02 3.3717539E-02 4.0324911E-02 4.7236785E-02 5.4426413E-02 6.1860994E-02 6.9501936E-02 7.7305034E-02 8.5221425E-02 9.3198165E-02 0.1011781 0.1091023 0.1169223 0.1245914 0.1320582 0.1392757 0.1462048 0.1528127 0.1590720 0.1649617 0.1704654 0.1755717 0.1802728
-4.7788490E-03 -6.5393252E-03 -8.3750002E-03 -1.0279275E-02 -1.2243088E-02 -1.4254515E-02 -1.6298786E-02 -1.8357899E-02 -2.0411259E-02 -2.2435691E-02 -2.4407843E-02 -2.6300807E-02 -2.8082423E-02 -2.9726423E-02 -3.1207757E-02 -3.2501388E-02 -3.3584069E-02 -3.4434583E-02 -3.5033941E-02 -3.5365324E-02 -3.5413843E-02 -3.5166282E-02 -3.4610916E-02 -3.3737022E-02 -3.2534562E-02 -3.0994063E-02 -2.9106148E-02 -2.6861597E-02 -2.4251169E-02 -2.1265557E-02 -1.7895451E-02 -1.4131714E-02 -9.9655418E-03 -5.3889062E-03 -3.9500883E-04 5.0211442E-03 1.0862132E-02 1.7127290E-02 2.3811823E-02 3.0905979E-02 3.8393937E-02 4.6253096E-02 5.4453421E-02 6.2956981E-02 7.1717985E-02 8.0683053E-02 8.9792550E-02 9.8981977E-02 0.1081856 0.1173380 0.1263650 0.1351951 0.1437721 0.1520452 0.1599691 0.1675058 0.1746253 0.1813044 0.1875270 0.1932823 0.1985647
-7.8730369E-03 -9.9119470E-03 -1.2050706E-02 -1.4283081E-02 -1.6599571E-02 -1.8987194E-02 -2.1428868E-02 -2.3903655E-02 -2.6386498E-02 -2.8848777E-02 -3.1257074E-02 -3.3578351E-02 -3.5783902E-02 -3.7838783E-02 -3.9708696E-02 -4.1363031E-02 -4.2773955E-02 -4.3916702E-02 -4.4769548E-02 -4.5313653E-02 -4.5532826E-02 -4.5412935E-02 -4.4941563E-02 -4.4107519E-02 -4.2900153E-02 -4.1309357E-02 -3.9324727E-02 -3.6935758E-02 -3.4131613E-02 -3.0900916E-02 -2.7231798E-02 -2.3112278E-02 -1.8530160E-02 -1.3473758E-02 -7.9322727E-03 -1.8967199E-03 4.6396162E-03 1.1679694E-02 1.9221997E-02 2.7258823E-02 3.5775233E-02 4.4747595E-02 5.4142583E-02 6.3916400E-02 7.4014552E-02 8.4372118E-02 9.4915301E-02 0.1055624 0.1162252 0.1268126 0.1372462 0.1474521 0.1573533 0.1668821 0.1759835 0.1846139 0.1927397 0.2003372 0.2073909 0.2138924 0.2198390
-1.1280619E-02 -1.3643131E-02 -1.6137192E-02 -1.8757360E-02 -2.1494256E-02 -2.4333745E-02 -2.7256630E-02 -3.0237982E-02 -3.3247810E-02 -3.6251139E-02 -3.9211284E-02 -4.2086236E-02 -4.4827491E-02 -4.7393881E-02 -4.9746688E-02 -5.1848702E-02 -5.3666703E-02 -5.5171713E-02 -5.6339011E-02 -5.7147928E-02 -5.7581168E-02 -5.7624154E-02 -5.7264268E-02 -5.6490224E-02 -5.5291243E-02 -5.3656675E-02 -5.1575389E-02 -4.9035598E-02 -4.6024524E-02 -4.2528450E-02 -3.8532477E-02 -3.4020860E-02 -2.8977159E-02 -2.3384729E-02 -1.7227570E-02 -1.0490779E-02 -3.1619682E-03 4.7675916E-03 1.3301405E-02 2.2435958E-02 3.2158606E-02 4.2445879E-02 5.3261511E-02 6.4555280E-02 7.6262154E-02 8.8302821E-02 0.1005850 0.1130065 0.1254609 0.1378410 0.1500300 0.1619180 0.1734166 0.1844498 0.1949536 0.2048778 0.2141865 0.2228557 0.2308728 0.2382334 0.2449398
-1.5035825E-02 -1.7775048E-02 -2.0686448E-02 -2.3766551E-02 -2.7006598E-02 -3.0391995E-02 -3.3900995E-02 -3.7504487E-02 -4.1165408E-02 -4.4839699E-02 -4.8475083E-02 -5.2018315E-02 -5.5420630E-02 -5.8626533E-02 -6.1582964E-02 -6.4243585E-02 -6.6568203E-02 -6.8523027E-02 -7.0080325E-02 -7.1217991E-02 -7.1918145E-02 -7.2166622E-02 -7.1951397E-02 -7.1261860E-02 -7.0087634E-02 -6.8418071E-02 -6.6241473E-02 -6.3544810E-02 -6.0313359E-02 -5.6530524E-02 -5.2177697E-02 -4.7234539E-02 -4.1679073E-02 -3.5488337E-02 -2.8638950E-02 -2.1108311E-02 -1.2875581E-02 -3.9236271E-03 5.7591009E-03 1.6175909E-02 2.7319323E-02 3.9167915E-02 5.1683757E-02 6.4809762E-02 7.8468621E-02 9.2562385E-02 0.1069745 0.1215722 0.1362108 0.1507402 0.1650275 0.1789494 0.1923855 0.2052346 0.2174191 0.2288825 0.2395869 0.2495111 0.2586472 0.2669982 0.2745742
-1.9177807E-02 -2.2355990E-02 -2.5758814E-02 -2.9386027E-02 -3.3231143E-02 -3.7279665E-02 -4.1507948E-02 -4.5881435E-02 -5.0355118E-02 -5.4873552E-02 -5.9375405E-02 -6.3790530E-02 -6.8040103E-02 -7.2055139E-02 -7.5772353E-02 -7.9134174E-02 -8.2092002E-02 -8.4606737E-02 -8.6647861E-02 -8.8192575E-02 -8.9223951E-02 -8.9729264E-02 -8.9698493E-02 -8.9122802E-02 -8.7993190E-02 -8.6299747E-02 -8.4030636E-02 -8.1171736E-02 -7.7706203E-02 -7.3614158E-02 -6.8872564E-02 -6.3455306E-02 -5.7333428E-02 -5.0475508E-02 -4.2848676E-02 -3.4419496E-02 -2.5155419E-02 -1.5027065E-02 -4.0106592E-03 7.9085361E-03 2.0732230E-02 3.4444876E-02 4.9009174E-02 6.4361878E-02 8.0411218E-02 9.7035967E-02 0.1140870 0.1313928 0.1487693 0.1660296 0.1829771 0.1994307 0.2152460 0.2303056 0.2445188 0.2578231 0.2701818 0.2815795 0.2920181 0.3015119 0.3100834
-2.3749845E-02 -2.7439887E-02 -3.1422224E-02 -3.5702359E-02 -4.0278099E-02 -4.5137219E-02 -5.0254524E-02 -5.5590205E-02 -6.1088204E-02 -6.6676833E-02 -7.2268203E-02 -7.7769220E-02 -8.3090827E-02 -8.8137686E-02 -9.2821993E-02 -9.7070262E-02 -0.1008236 -0.1040371 -0.1066786 -0.1087265 -0.1101666 -0.1109902 -0.1111911 -0.1107640 -0.1097027 -0.1079991 -0.1056419 -0.1026162 -9.8902866E-02 -9.4478309E-02 -8.9314163E-02 -8.3377235E-02 -7.6629654E-02 -6.9029331E-02 -6.0530622E-02 -5.1085547E-02 -4.0645283E-02 -2.9162819E-02 -1.6595960E-02 -2.9121758E-03 1.1906529E-02 2.7856417E-02 4.4905782E-02 6.2987514E-02 8.1994154E-02 0.1017745 0.1221358 0.1428486 0.1636568 0.1842937 0.2045169 0.2241078 0.2428680 0.2606419 0.2773214 0.2928404 0.3071675 0.3203003 0.3322568 0.3430696 0.3527801
-2.8800674E-02 -3.3087429E-02 -3.7753906E-02 -4.2815134E-02 -4.8277117E-02 -5.4132927E-02 -6.0358472E-02 -6.6908352E-02 -7.3713697E-02 -8.0681682E-02 -8.7701805E-02 -9.4645560E-02 -0.1013714 -0.1077531 -0.1136798 -0.1190578 -0.1238159 -0.1279043 -0.1312912 -0.1339597 -0.1359020 -0.1371167 -0.1376047 -0.1373669 -0.1364018 -0.1347046 -0.1322654 -0.1290692 -0.1250946 -0.1203136 -0.1146916 -0.1081868 -0.1007502 -9.2325866E-02 -8.2851678E-02 -7.2260246E-02 -6.0480312E-02 -4.7439720E-02 -3.3069484E-02 -1.7309038E-02 -1.1390075E-04 1.8534891E-02 3.8620036E-02 6.0076453E-02 8.2781091E-02 0.1065463 0.1311197 0.1561932 0.1814229 0.2064533 0.2309239 0.2545117 0.2769677 0.2981075 0.3178083 0.3360059 0.3526845 0.3678643 0.3815912 0.3939259 0.4049376
-3.4383919E-02 -3.9365564E-02 -4.4839837E-02 -5.0837267E-02 -5.7378121E-02 -6.4467095E-02 -7.2085619E-02 -8.0185123E-02 -8.8680536E-02 -9.7448781E-02 -0.1063283 -0.1151383 -0.1236993 -0.1318295 -0.1393709 -0.1462017 -0.1522367 -0.1574234 -0.1617360 -0.1651676 -0.1677236 -0.1694149 -0.1702543 -0.1702524 -0.1694155 -0.1677441 -0.1652311 -0.1618617 -0.1576126 -0.1524511 -0.1463350 -0.1392119 -0.1310192 -0.1216837 -0.1111218 -9.9240549E-02 -8.5938163E-02 -7.1107700E-02 -5.4640647E-02 -3.6434270E-02 -1.6400941E-02 5.5181333E-03 2.9336894E-02 5.5004563E-02 8.2387567E-02 0.1112544 0.1412720 0.1720131 0.2029814 0.2336526 0.2635438 0.2922350 0.3193795 0.3447355 0.3681661 0.3896214 0.4091174 0.4267159 0.4425070 0.4565954 0.4690901
-4.0561769E-02 -4.6350501E-02 -5.2777667E-02 -5.9897732E-02 -6.7755833E-02 -7.6378688E-02 -8.5763536E-02 -9.5863782E-02 -0.1065783 -0.1177434 -0.1291412 -0.1405061 -0.1515486 -0.1620105 -0.1716789 -0.1803959 -0.1880630 -0.1946322 -0.2000933 -0.2044604 -0.2077613 -0.2100283 -0.2112923 -0.2115791 -0.2109064 -0.2092828 -0.2067058 -0.2031618 -0.1986258 -0.1930596 -0.1864125 -0.1786194 -0.1696011 -0.1592626 -0.1474933 -0.1341666 -0.1191405 -0.1022595 -8.3359145E-02 -6.2273115E-02 -3.8845766E-02 -1.2949808E-02 1.5488453E-02 4.6458445E-02 7.9831041E-02 0.1153284 0.1525080 0.1907720 0.2294114 0.2676739 0.3048179 0.3402104 0.3733969 0.4040923 0.4321626 0.4575982 0.4804777 0.5009339 0.5191287 0.5352319 0.5494109
-4.7404170E-02 -5.4126643E-02 -6.1674058E-02 -7.0138827E-02 -7.9606831E-02 -9.0146162E-02 -0.1017879 -0.1145035 -0.1281778 -0.1425922 -0.1574170 -0.1722506 -0.1866778 -0.2003031 -0.2128132 -0.2240034 -0.2337680 -0.2420796 -0.2489625 -0.2544703 -0.2586687 -0.2616236 -0.2633940 -0.2640277 -0.2635587 -0.2620074 -0.2593777 -0.2556590 -0.2508244 -0.2448301 -0.2376152 -0.2291002 -0.2191851 -0.2077489 -0.1946469 -0.1797096 -0.1627418 -0.1435227 -0.1218085 -9.7340345E-02 -6.9856226E-02 -3.9116014E-02 -4.9349386E-03 3.2765374E-02 7.3898189E-02 0.1181486 0.1649316 0.2133885 0.2624440 0.3109266 0.3577503 0.4020228 0.4431015 0.4806326 0.5145154 0.5448318 0.5717772 0.5956056 0.6165897 0.6349983 0.6510801
-5.4995298E-02 -6.2790625E-02 -7.1648441E-02 -8.1717484E-02 -9.3150564E-02 -0.1060884 -0.1206330 -0.1368058 -0.1544987 -0.1734249 -0.1931074 -0.2129076 -0.2321204 -0.2501327 -0.2664984 -0.2809609 -0.2934311 -0.3039362 -0.3125710 -0.3194591 -0.3247283 -0.3284957 -0.3308614 -0.3319042 -0.3316812 -0.3302280 -0.3275586 -0.3236659 -0.3185222 -0.3120774 -0.3042593 -0.2949711 -0.2840890 -0.2714598 -0.2568971 -0.2401780 -0.2210383 -0.1991705 -0.1742224 -0.1458007 -0.1134835 -7.6846756E-02 -3.5510492E-02 1.0786275E-02 6.2081549E-02 0.1180700 0.1779969 0.2406197 0.3042953 0.3671904 0.4275371 0.4839295 0.5354988 0.5818761 0.6230826 0.6593936 0.6912180 0.7190094 0.7432142 0.7642432 0.7824603
-6.3436806E-02 -7.2453901E-02 -8.2830645E-02 -9.4799899E-02 -0.1086186 -0.1245530 -0.1428412 -0.1636285 -0.1868677 -0.2122035 -0.2388926 -0.2658726 -0.2919849 -0.3162119 -0.3378836 -0.3567054 -0.3726659 -0.3859199 -0.3966958 -0.4052364 -0.4117665 -0.4164802 -0.4195346 -0.4210510 -0.4211171 -0.4197890 -0.4170930 -0.4130283 -0.4075663 -0.4006506 -0.3921960 -0.3820859 -0.3701689 -0.3562539 -0.3401043 -0.3214313 -0.2998843 -0.2750436 -0.2464103 -0.2134046 -0.1753683 -0.1315883 -8.1350848E-02 -2.4046471E-02 4.0662941E-02 0.1126136 0.1908973 0.2737081 0.3584125 0.4419316 0.5213798 0.5945827 0.6603103 0.7182438 0.7687082 0.8123714 0.8500218 0.8824393 0.9103317 0.9343138 0.9549047
-7.2858706E-02 -8.3249435E-02 -9.5365562E-02 -0.1095579 -0.1262427 -0.1458910 -0.1689937 -0.1959654 -0.2269690 -0.2616476 -0.2988862 -0.3368148 -0.3732670 -0.4065007 -0.4355563 -0.4601939 -0.4806324 -0.4972955 -0.5106536 -0.5211425 -0.5291346 -0.5349312 -0.5387679 -0.5408219 -0.5412195 -0.5400427 -0.5373341 -0.5330999 -0.5273120 -0.5199072 -0.5107858 -0.4998097 -0.4867952 -0.4715075 -0.4536516 -0.4328591 -0.4086743 -0.3805354 -0.3477543 -0.3094974 -0.2647702 -0.2124231 -0.1511972 -7.9848759E-02 2.6006717E-03 9.6456848E-02 0.2008303 0.3131804 0.4292618 0.5437577 0.6514923 0.7487584 0.8339189 0.9070441 0.9691978 1.021821 1.066364 1.104123 1.136189 1.163460 1.186661
-8.3421394E-02 -9.5332555E-02 -0.1094061 -0.1261544 -0.1462208 -0.1703984 -0.1996134 -0.2348284 -0.2767632 -0.3253314 -0.3788724 -0.4339118 -0.4862628 -0.5327665 -0.5721231 -0.6044555 -0.6305533 -0.6513672 -0.6677776 -0.6805180 -0.6901703 -0.6971820 -0.7018898 -0.7045410 -0.7053092 -0.7043085 -0.7015998 -0.6971993 -0.6910797 -0.6831704 -0.6733570 -0.6614763 -0.6473095 -0.6305726 -0.6109030 -0.5878407 -0.5608048 -0.5290614 -0.4916846 -0.4475119 -0.3950914 -0.3326459 -0.2580707 -0.1690439 -6.3336223E-02 6.0539924E-02 0.2023082 0.3587408 0.5229648 0.6852651 0.8359043 0.9683405 1.080475 1.173568 1.250353 1.313751 1.366323 1.410150 1.446867 1.477747 1.503777
