T4-twomodels-1/model30.grd
DSAA
         100         100
  -15.00000       15.00000    
  -15.00000       15.00000    
  -3.450128       7.054764    
[rows 54 to 80 of 100, columns 0 to 60 of 100]
-0.2346794 -0.2670243 -0.3072012 -0.3576832 -0.4223369 -0.5064840 -0.6185318 -0.7705976 -0.9811927 -1.273165 -1.659166 -2.086622 -2.454308 -2.726855 -2.921962 -3.062131 -3.164355 -3.239933 -3.296407 -3.338762 -3.370391 -3.393606 -3.410016 -3.420728 -3.426506 -3.427842 -3.425033 -3.418195 -3.407308 -3.392187 -3.372522 -3.347811 -3.317384 -3.280302 -3.235358 -3.180906 -3.114813 -3.034162 -2.935082 -2.812200 -2.658174 -2.462678 -2.211407 -1.884546 -1.455952 -0.8935841 -0.1642529 0.7549083 1.850849 3.020954 4.062827 4.843756 5.387222 5.768586 6.045369 6.252465 6.411556 6.536099 6.635249 6.714995 6.779779
-0.2323448 -0.2644154 -0.3042864 -0.3544281 -0.4187067 -0.5024437 -0.6140493 -0.7656440 -0.9757435 -1.267202 -1.652672 -2.079589 -2.446755 -2.718804 -2.913441 -3.053172 -3.154997 -3.230216 -3.286376 -3.328460 -3.359864 -3.382899 -3.399171 -3.409790 -3.415516 -3.416844 -3.414069 -3.407309 -3.396545 -3.381596 -3.362152 -3.337716 -3.307623 -3.270939 -3.226464 -3.172558 -3.107093 -3.027162 -2.928898 -2.806935 -2.653936 -2.459576 -2.209547 -1.884031 -1.456875 -0.8960219 -0.1682656 0.7492827 1.843588 3.012047 4.052311 4.831717 5.373751 5.753779 6.029330 6.235303 6.393381 6.517019 6.615366 6.694408 6.758579
-0.2295252 -0.2612562 -0.3007441 -0.3504570 -0.4142598 -0.4974737 -0.6085100 -0.7594941 -0.9689489 -1.259738 -1.644533 -2.070781 -2.437280 -2.708681 -2.902703 -3.041866 -3.143171 -3.217929 -3.273685 -3.315425 -3.346542 -3.369347 -3.385446 -3.395946 -3.401604 -3.402917 -3.400179 -3.393510 -3.382891 -3.368145 -3.348964 -3.324859 -3.295168 -3.258966 -3.215060 -3.161818 -3.097125 -3.018081 -2.920830 -2.800016 -2.648308 -2.455386 -2.206942 -1.883151 -1.457850 -0.8989623 -0.1732551 0.7421930 1.834390 3.000787 4.039044 4.816505 5.356696 5.735007 6.008987 6.213536 6.370337 6.492844 6.590196 6.668369 6.731787
-0.2261891 -0.2575058 -0.2965232 -0.3457047 -0.4089109 -0.4914635 -0.6017749 -0.7519747 -0.9605947 -1.250510 -1.634401 -2.059735 -2.425346 -2.695898 -2.889123 -3.027550 -3.128192 -3.202360 -3.257604 -3.298911 -3.329669 -3.352187 -3.368069 -3.378418 -3.383990 -3.385279 -3.382580 -3.376013 -3.365561 -3.351049 -3.332178 -3.308458 -3.279241 -3.243608 -3.200377 -3.147930 -3.084165 -3.006195 -2.910181 -2.790780 -2.640672 -2.449547 -2.203099 -1.881502 -1.458576 -0.9022184 -0.1791650 0.7335514 1.822981 2.986610 4.022178 4.797099 5.334921 5.711050 5.983045 6.185811 6.341029 6.462142 6.558278 6.635398 6.697912
-0.2222988 -0.2531174 -0.2915619 -0.3400894 -0.4025552 -0.4842765 -0.5936660 -0.7428587 -0.9503985 -1.239179 -1.621909 -2.046085 -2.410548 -2.679996 -2.872185 -3.009664 -3.109456 -3.182877 -3.237480 -3.278244 -3.308558 -3.330723 -3.346336 -3.356498 -3.361962 -3.363215 -3.360555 -3.354100 -3.343835 -3.329592 -3.311071 -3.287797 -3.259128 -3.224158 -3.181718 -3.130206 -3.067539 -2.990853 -2.896329 -2.778645 -2.630504 -2.441609 -2.197666 -1.878846 -1.458954 -0.9058576 -0.1862416 0.7229250 1.808776 2.968894 4.001066 4.772745 5.307538 5.680898 5.950400 6.150951 6.304219 6.423635 6.518304 6.594164 6.655603
-0.2178118 -0.2480347 -0.2857881 -0.3335168 -0.3950652 -0.4757432 -0.5839608 -0.7318578 -0.9379907 -1.225277 -1.606453 -2.029052 -2.391983 -2.659974 -2.850812 -2.987066 -3.085771 -3.158248 -3.212046 -3.252140 -3.281907 -3.303640 -3.318928 -3.328861 -3.334187 -3.335392 -3.332768 -3.326433 -3.316377 -3.302433 -3.284312 -3.261544 -3.233499 -3.199287 -3.157760 -3.107336 -3.045957 -2.970789 -2.878043 -2.762433 -2.616692 -2.430554 -2.189747 -1.874445 -1.458441 -0.9095647 -0.1944337 0.7100734 1.791191 2.946606 3.974242 4.741678 5.272576 5.642418 5.908791 6.106596 6.257481 6.374843 6.467756 6.542124 6.602302
-0.2126760 -0.2421946 -0.2791193 -0.3258758 -0.3862916 -0.4656599 -0.5723818 -0.7185988 -0.9228843 -1.208190 -1.587311 -2.007844 -2.368741 -2.634801 -2.823859 -2.958521 -3.055832 -3.127117 -3.179912 -3.219180 -3.248279 -3.269490 -3.284384 -3.294040 -3.299199 -3.300338 -3.297745 -3.291539 -3.281711 -3.268099 -3.250421 -3.228219 -3.200879 -3.167529 -3.127043 -3.077870 -3.017986 -2.944596 -2.853958 -2.740835 -2.598013 -2.415276 -2.178393 -1.867561 -1.456569 -0.9132007 -0.2039829 0.6943433 1.769193 2.918454 3.940197 4.702110 5.227972 5.593324 5.855763 6.050169 6.198146 6.313040 6.403869 6.476484 6.535197
-0.2068334 -0.2355244 -0.2714615 -0.3170401 -0.3760581 -0.4537798 -0.5585846 -0.7026068 -0.9044357 -1.187066 -1.563364 -1.981027 -2.339139 -2.602589 -2.789282 -2.921859 -3.017378 -3.087154 -3.138702 -3.176956 -3.205249 -3.225832 -3.240256 -3.249584 -3.254539 -3.255593 -3.253026 -3.246956 -3.237374 -3.224124 -3.206935 -3.185362 -3.158808 -3.126423 -3.087114 -3.039365 -2.981198 -2.909874 -2.821715 -2.711556 -2.572270 -2.393721 -2.161757 -1.856632 -1.452150 -0.9160509 -0.2147403 0.6752409 1.741565 2.882394 3.896109 4.650651 5.169921 5.529505 5.786985 5.977184 6.121624 6.233563 6.321933 6.392510 6.449537
-0.2002125 -0.2279402 -0.2627078 -0.3068675 -0.3641661 -0.4398162 -0.5421512 -0.6832768 -0.8817906 -1.160750 -1.533150 -1.946858 -2.301119 -2.560990 -2.744491 -2.874316 -2.967523 -3.035394 -3.085398 -3.122419 -3.149744 -3.169582 -3.183453 -3.192394 -3.197109 -3.198054 -3.195506 -3.189575 -3.180257 -3.167402 -3.150746 -3.129861 -3.104172 -3.072860 -3.034865 -2.988722 -2.932510 -2.863563 -2.778294 -2.671648 -2.536621 -2.363216 -2.137421 -1.839611 -1.443659 -0.9172784 -0.2267212 0.6517766 1.706330 2.835613 3.838441 4.583070 5.093618 5.445733 5.696939 5.881931 6.022085 6.130509 6.216003 6.284227 6.339327
-0.1927274 -0.2193435 -0.2527402 -0.2952015 -0.3503951 -0.4234423 -0.5225842 -0.6598527 -0.8538228 -1.127623 -1.494429 -1.902405 -2.251155 -2.506009 -2.685148 -2.811315 -2.901532 -2.967005 -3.015110 -3.050645 -3.076820 -3.095786 -3.109014 -3.117506 -3.121940 -3.122755 -3.120215 -3.114430 -3.105392 -3.092957 -3.076876 -3.056739 -3.031995 -3.001860 -2.965319 -2.920965 -2.866954 -2.800715 -2.718784 -2.616262 -2.486330 -2.319216 -2.101150 -1.812744 -1.428052 -0.9148361 -0.2391765 0.6231400 1.660928 2.773700 3.761110 4.492040 4.990867 5.333232 5.576476 5.755039 5.890026 5.994300 6.076458 6.141992 6.194921
-0.1842701 -0.2096201 -0.2414267 -0.2818785 -0.3345169 -0.4043114 -0.4993260 -0.6314231 -0.8190721 -1.085457 -1.444065 -1.843607 -2.184294 -2.431968 -2.605066 -2.726346 -2.812708 -2.875183 -2.920978 -2.954742 -2.979573 -2.997531 -3.010025 -3.018005 -3.022118 -3.022779 -3.020239 -3.014601 -3.005856 -2.993869 -2.978403 -2.959068 -2.935343 -2.906485 -2.871532 -2.829149 -2.777584 -2.714392 -2.636272 -2.538536 -2.414640 -2.255153 -2.046714 -1.770383 -1.400623 -0.9054400 -0.2507985 0.5881537 1.601443 2.690158 3.655415 4.367085 4.849944 5.179490 5.412630 5.583292 5.712099 5.811525 5.889856 5.952353 6.002861
-0.1747006 -0.1986298 -0.2286219 -0.2667298 -0.3163118 -0.3820881 -0.4718066 -0.5969687 -0.7757267 -1.031196 -1.377304 -1.763815 -2.092269 -2.329452 -2.494117 -2.608885 -2.690321 -2.749101 -2.792126 -2.823820 -2.847105 -2.863922 -2.875589 -2.882996 -2.886750 -2.887235 -2.884686 -2.879195 -2.870757 -2.859241 -2.844424 -2.825942 -2.803305 -2.775816 -2.742577 -2.702335 -2.653453 -2.593640 -2.519803 -2.427538 -2.310683 -2.160316 -1.963730 -1.702777 -1.352766 -0.8823997 -0.2578231 0.5465809 1.522815 2.574884 3.506906 4.190700 4.651480 4.964123 5.184510 5.345554 5.467066 5.560905 5.634912 5.694031 5.741876
-0.1638483 -0.1862131 -0.2141745 -0.2496077 -0.2956101 -0.3565280 -0.4395756 -0.5555469 -0.7218018 -0.9609444 -1.287440 -1.653193 -1.962589 -2.184247 -2.337182 -2.443397 -2.518665 -2.572989 -2.612775 -2.642098 -2.663646 -2.679194 -2.689951 -2.696732 -2.700091 -2.700382 -2.697814 -2.692473 -2.684352 -2.673326 -2.659190 -2.641602 -2.620112 -2.594073 -2.562656 -2.524706 -2.478720 -2.422591 -2.353481 -2.267346 -2.158535 -2.018842 -1.836545 -1.594801 -1.270512 -0.8340055 -0.2525060 0.5000660 1.418736 2.413193 3.293853 3.936411 4.366419 4.656885 4.861384 5.010938 5.124002 5.211526 5.280735 5.336157 5.381123
-0.1515477 -0.1722258 -0.1979692 -0.2304316 -0.2723699 -0.3276051 -0.4025349 -0.5067195 -0.6557976 -0.8706109 -1.165602 -1.497059 -1.776218 -1.975111 -2.112155 -2.207511 -2.275324 -2.324456 -2.360568 -2.387256 -2.406900 -2.421073 -2.430852 -2.436964 -2.439901 -2.439978 -2.437387 -2.432198 -2.424401 -2.413882 -2.400450 -2.383791 -2.363493 -2.338967 -2.309461 -2.273927 -2.231012 -2.178818 -2.114811 -2.035382 -1.935515 -1.807940 -1.642307 -1.423737 -1.131788 -0.7400163 -0.2187355 0.4568249 1.284960 2.185736 2.984052 3.564497 3.951856 4.213849 4.399110 4.535321 4.638871 4.719434 4.783436 4.834898 4.876802
-0.1377907 -0.1566989 -0.1800855 -0.2093619 -0.2468579 -0.2957560 -0.3613270 -0.4513153 -0.5782758 -0.7588016 -1.004626 -1.280258 -1.513083 -1.680516 -1.797396 -1.879793 -1.939066 -1.982422 -2.014528 -2.038388 -2.056008 -2.068732 -2.077484 -2.082894 -2.085390 -2.085247 -2.082626 -2.077590 -2.070125 -2.060124 -2.047413 -2.031706 -2.012634 -1.989666 -1.962131 -1.929100 -1.889376 -1.841297 -1.782662 -1.710356 -1.620102 -1.505757 -1.358686 -1.166619 -0.9129309 -0.5763979 -0.1335861 0.4346914 1.126602 1.877719 2.545161 3.034220 3.364998 3.592278 3.755346 3.876722 3.969931 4.043057 4.101555 4.148868 4.187583
-0.1230931 -0.1401982 -0.1611535 -0.1871474 -0.2200043 -0.2622437 -0.3177826 -0.3922339 -0.4939741 -0.6330357 -0.8141968 -1.013558 -1.186433 -1.316342 -1.410453 -1.478725 -1.528887 -1.566174 -1.594111 -1.615047 -1.630586 -1.641825 -1.649530 -1.654226 -1.656273 -1.655904 -1.653254 -1.648373 -1.641243 -1.631767 -1.619784 -1.605045 -1.587214 -1.565828 -1.540293 -1.509807 -1.473332 -1.429458 -1.376320 -1.311344 -1.231026 -1.130468 -1.002919 -0.8391086 -0.6269128 -0.3517017 1.2763776E-03 0.4413074 0.9603816 1.510366 2.001183 2.374094 2.638449 2.827274 2.966524 3.072307 3.154748 3.220218 3.273058 3.316142 3.351596
-0.1086139 -0.1239214 -0.1424634 -0.1651967 -0.1934641 -0.2291249 -0.2748070 -0.3340728 -0.4114387 -0.5110682 -0.6322013 -0.7615323 -0.8784911 -0.9725781 -1.044625 -1.099078 -1.140278 -1.171571 -1.195380 -1.213417 -1.226890 -1.236655 -1.243318 -1.247305 -1.248907 -1.248316 -1.245639 -1.240916 -1.234122 -1.225174 -1.213922 -1.200150 -1.183560 -1.163755 -1.140219 -1.112274 -1.079038 -1.039353 -0.9916862 -0.9339949 -0.8635376 -0.7766312 -0.6683649 -0.5323616 -0.3608174 -0.1453141 0.1209137 0.4385617 0.7954728 1.159899 1.488032 1.752140 1.952848 2.104220 2.220073 2.310450 2.382228 2.440091 2.487305 2.526176 2.558382
-9.5305979E-02 -0.1088662 -0.1250957 -0.1447111 -0.1686651 -0.1982138 -0.2349820 -0.2809346 -0.3380809 -0.4074593 -0.4870850 -0.5701838 -0.6477041 -0.7138145 -0.7673244 -0.8095865 -0.8426350 -0.8683579 -0.8882772 -0.9035519 -0.9150442 -0.9233878 -0.9290441 -0.9323434 -0.9335158 -0.9327118 -0.9300146 -0.9254510 -0.9189956 -0.9105703 -0.9000445 -0.8872288 -0.8718657 -0.8536173 -0.8320459 -0.8065885 -0.7765197 -0.7409059 -0.6985368 -0.6478430 -0.5867863 -0.5127410 -0.4223872 -0.3117130 -0.1762900 -1.2123212E-02 0.1826338 0.4050920 0.6450000 0.8844351 1.103236 1.288451 1.438145 1.557142 1.651862 1.727913 1.789622 1.840195 1.881993 1.916762 1.945809
-8.3421163E-02 -9.5332295E-02 -0.1094060 -0.1261543 -0.1462208 -0.1703984 -0.1996134 -0.2348283 -0.2767629 -0.3253311 -0.3788721 -0.4339118 -0.4862632 -0.5327669 -0.5721235 -0.6044560 -0.6305540 -0.6513680 -0.6677782 -0.6805188 -0.6901712 -0.6971831 -0.7018909 -0.7045424 -0.7053106 -0.7043098 -0.7016011 -0.6972006 -0.6910809 -0.6831716 -0.6733578 -0.6614772 -0.6473104 -0.6305736 -0.6109041 -0.5878421 -0.5608059 -0.5290623 -0.4916854 -0.4475123 -0.3950919 -0.3326462 -0.2580709 -0.1690441 -6.3336454E-02 6.0539603E-02 0.2023081 0.3587406 0.5229650 0.6852658 0.8359056 0.9683416 1.080477 1.173569 1.250354 1.313752 1.366324 1.410151 1.446869 1.477749 1.503779
-7.2858311E-02 -8.3249122E-02 -9.5365338E-02 -0.1095578 -0.1262425 -0.1458910 -0.1689936 -0.1959652 -0.2269687 -0.2616473 -0.2988862 -0.3368151 -0.3732675 -0.4065014 -0.4355572 -0.4601949 -0.4806333 -0.4972965 -0.5106545 -0.5211436 -0.5291358 -0.5349327 -0.5387696 -0.5408238 -0.5412214 -0.5400448 -0.5373361 -0.5331018 -0.5273139 -0.5199088 -0.5107875 -0.4998113 -0.4867966 -0.4715091 -0.4536531 -0.4328608 -0.4086760 -0.3805368 -0.3477556 -0.3094984 -0.2647708 -0.2124237 -0.1511978 -7.9849131E-02 2.6001597E-03 9.6456520E-02 0.2008299 0.3131803 0.4292622 0.5437589 0.6514940 0.7487603 0.8339205 0.9070457 0.9691996 1.021823 1.066366 1.104125 1.136191 1.163462 1.186663
-6.3436270E-02 -7.2453454E-02 -8.2830220E-02 -9.4799526E-02 -0.1086183 -0.1245527 -0.1428408 -0.1636281 -0.1868671 -0.2122029 -0.2388920 -0.2658723 -0.2919847 -0.3162119 -0.3378837 -0.3567055 -0.3726660 -0.3859200 -0.3966959 -0.4052366 -0.4117670 -0.4164808 -0.4195354 -0.4210521 -0.4211183 -0.4197901 -0.4170943 -0.4130296 -0.4075674 -0.4006516 -0.3921969 -0.3820868 -0.3701697 -0.3562548 -0.3401053 -0.3214323 -0.2998854 -0.2750444 -0.2464110 -0.2134050 -0.1753684 -0.1315882 -8.1350848E-02 -2.4046563E-02 4.0662803E-02 0.1126134 0.1908970 0.2737077 0.3584124 0.4419318 0.5213804 0.5945832 0.6603106 0.7182440 0.7687081 0.8123714 0.8500220 0.8824397 0.9103324 0.9343144 0.9549057
-5.4994792E-02 -6.2790200E-02 -7.1648046E-02 -8.1717134E-02 -9.3150295E-02 -0.1060882 -0.1206327 -0.1368054 -0.1544982 -0.1734243 -0.1931069 -0.2129073 -0.2321203 -0.2501326 -0.2664985 -0.2809611 -0.2934313 -0.3039363 -0.3125712 -0.3194594 -0.3247287 -0.3284965 -0.3308624 -0.3319054 -0.3316825 -0.3302293 -0.3275598 -0.3236671 -0.3185232 -0.3120784 -0.3042603 -0.2949720 -0.2840899 -0.2714607 -0.2568982 -0.2401791 -0.2210394 -0.1991715 -0.1742230 -0.1458010 -0.1134837 -7.6846853E-02 -3.5510469E-02 1.0786229E-02 6.2081497E-02 0.1180699 0.1779965 0.2406194 0.3042953 0.3671909 0.4275378 0.4839302 0.5354993 0.5818763 0.6230829 0.6593940 0.6912184 0.7190099 0.7432149 0.7642443 0.7824615
-4.7403514E-02 -5.4126117E-02 -6.1673600E-02 -7.0138462E-02 -7.9606503E-02 -9.0145908E-02 -0.1017877 -0.1145031 -0.1281774 -0.1425916 -0.1574164 -0.1722502 -0.1866776 -0.2003028 -0.2128132 -0.2240034 -0.2337681 -0.2420796 -0.2489625 -0.2544704 -0.2586690 -0.2616242 -0.2633948 -0.2640287 -0.2635599 -0.2620085 -0.2593789 -0.2556601 -0.2508253 -0.2448310 -0.2376160 -0.2291009 -0.2191859 -0.2077497 -0.1946478 -0.1797107 -0.1627427 -0.1435235 -0.1218090 -9.7340576E-02 -6.9856346E-02 -3.9115965E-02 -4.9347989E-03 3.2765489E-02 7.3898189E-02 0.1181485 0.1649312 0.2133880 0.2624438 0.3109266 0.3577504 0.4020229 0.4431013 0.4806322 0.5145148 0.5448313 0.5717768 0.5956053 0.6165898 0.6349985 0.6510807
-4.0561233E-02 -4.6350088E-02 -5.2777320E-02 -5.9897456E-02 -6.7755632E-02 -7.6378591E-02 -8.5763402E-02 -9.5863551E-02 -0.1065779 -0.1177429 -0.1291406 -0.1405057 -0.1515483 -0.1620103 -0.1716787 -0.1803958 -0.1880629 -0.1946322 -0.2000932 -0.2044605 -0.2077615 -0.2100287 -0.2112929 -0.2115799 -0.2109074 -0.2092837 -0.2067066 -0.2031627 -0.1986265 -0.1930602 -0.1864130 -0.1786199 -0.1696015 -0.1592631 -0.1474939 -0.1341674 -0.1191412 -0.1022600 -8.3359405E-02 -6.2273167E-02 -3.8845606E-02 -1.2949528E-02 1.5488802E-02 4.6458796E-02 7.9831295E-02 0.1153285 0.1525079 0.1907717 0.2294112 0.2676739 0.3048181 0.3402106 0.3733967 0.4040918 0.4321621 0.4575979 0.4804774 0.5009339 0.5191289 0.5352322 0.5494115
-3.4383539E-02 -3.9365284E-02 -4.4839628E-02 -5.0837126E-02 -5.7378076E-02 -6.4467095E-02 -7.2085597E-02 -8.0185011E-02 -8.8680260E-02 -9.7448297E-02 -0.1063277 -0.1151379 -0.1236990 -0.1318292 -0.1393707 -0.1462015 -0.1522365 -0.1574232 -0.1617357 -0.1651675 -0.1677235 -0.1694151 -0.1702547 -0.1702530 -0.1694162 -0.1677447 -0.1652316 -0.1618622 -0.1576129 -0.1524514 -0.1463351 -0.1392120 -0.1310193 -0.1216839 -0.1111222 -9.9240996E-02 -8.5938603E-02 -7.1108013E-02 -5.4640755E-02 -3.6434155E-02 -1.6400591E-02 5.5186218E-03 2.9337406E-02 5.5005029E-02 8.2387894E-02 0.1112547 0.1412719 0.1720128 0.2029812 0.2336524 0.2635437 0.2922347 0.3193788 0.3447346 0.3681651 0.3896205 0.4091166 0.4267152 0.4425066 0.4565951 0.4690900
-2.8800258E-02 -3.3087090E-02 -3.7753664E-02 -4.2814966E-02 -4.8277024E-02 -5.4132834E-02 -6.0358394E-02 -6.6908151E-02 -7.3713288E-02 -8.0681048E-02 -8.7701134E-02 -9.4644949E-02 -0.1013708 -0.1077527 -0.1136794 -0.1190575 -0.1238156 -0.1279039 -0.1312909 -0.1339593 -0.1359018 -0.1371167 -0.1376050 -0.1373673 -0.1364023 -0.1347051 -0.1322658 -0.1290694 -0.1250947 -0.1203136 -0.1146915 -0.1081867 -0.1007500 -9.2325851E-02 -8.2851857E-02 -7.2260506E-02 -6.0480613E-02 -4.7439966E-02 -3.3069529E-02 -1.7308863E-02 -1.1353986E-04 1.8535346E-02 3.8620517E-02 6.0076907E-02 8.2781434E-02 0.1065465 0.1311195 0.1561927 0.1814224 0.2064529 0.2309234 0.2545111 0.2769667 0.2981062 0.3178070 0.3360046 0.3526832 0.3678633 0.3815904 0.3939254 0.4049372
-2.3749553E-02 -2.7439702E-02 -3.1422101E-02 -3.5702348E-02 -4.0278185E-02 -4.5137335E-02 -5.0254621E-02 -5.5590227E-02 -6.1087996E-02 -6.6676408E-02 -7.2267778E-02 -7.7768885E-02 -8.3090641E-02 -8.8137560E-02 -9.2821911E-02 -9.7070232E-02 -0.1008236 -0.1040370 -0.1066785 -0.1087265 -0.1101668 -0.1109906 -0.1111917 -0.1107648 -0.1097035 -0.1079999 -0.1056425 -0.1026167 -9.8903209E-02 -9.4478525E-02 -8.9314260E-02 -8.3377250E-02 -7.6629706E-02 -6.9029488E-02 -6.0530949E-02 -5.1086023E-02 -4.0645804E-02 -2.9163249E-02 -1.6596204E-02 -2.9121875E-03 1.1906680E-02 2.7856721E-02 4.4906173E-02 6.2987864E-02 8.1994340E-02 0.1017745 0.1221355 0.1428481 0.1636564 0.1842935 0.2045169 0.2241076 0.2428674 0.2606410 0.2773205 0.2928395 0.3071668 0.3202997 0.3322565 0.3430694 0.3527800
