T3-twomodels/gx/model120.grd
DSAA
         100         100
  -15.00000       15.00000    
  -15.00000       15.00000    
  -7.966006       12.30233    
[rows 26 to 51 of 100, columns 0 to 59 of 100]
-0.4679932 -0.5220576 -0.5830154 -0.6514753 -0.7277821 -0.8117460 -0.9020119 -0.9950610 -1.083510 -1.154548 -1.191127 -1.180680 -1.124749 -1.037682 -0.9360459 -0.8314213 -0.7301938 -0.6352498 -0.5475594 -0.4670738 -0.3932742 -0.3254153 -0.2626892 -0.2042728 -0.1493785 -9.7249962E-02 -4.7175843E-02 1.5270663E-03 4.9514160E-02 9.7433299E-02 0.1459304 0.1956704 0.2473483 0.3017132 0.3595840 0.4218788 0.4896410 0.5640776 0.6465991 0.7388689 0.8428600 0.9609099 1.095762 1.250543 1.428584 1.632811 1.864214 2.118490 2.380421 2.619629 2.797625 2.886731 2.884295 2.807703 2.679940 2.520782 2.344727 2.161729 1.978431 1.799177
-0.5152938 -0.5787791 -0.6515401 -0.7348718 -0.8301405 -0.9384007 -1.059929 -1.192622 -1.328895 -1.449506 -1.519460 -1.504608 -1.409664 -1.271943 -1.123452 -0.9804931 -0.8490481 -0.7304927 -0.6242059 -0.5289466 -0.4432288 -0.3656453 -0.2948422 -0.2296264 -0.1688874 -0.1116490 -5.6993127E-02 -4.0924530E-03 4.7856361E-02 9.9611014E-02 0.1519398 0.2056121 0.2614462 0.3203144 0.3831879 0.4511595 0.5254961 0.6076865 0.6995133 0.8031415 0.9212321 1.057096 1.214872 1.399738 1.618055 1.877183 2.184079 2.540241 2.928427 3.292754 3.546620 3.635895 3.576202 3.418054 3.206525 2.970770 2.727827 2.487453 2.255232 2.034311
-0.5643901 -0.6379696 -0.7236371 -0.8234363 -0.9403341 -1.077201 -1.237630 -1.423575 -1.632375 -1.841869 -1.982972 -1.958431 -1.783147 -1.558238 -1.340826 -1.147479 -0.9789935 -0.8329536 -0.7056503 -0.5941556 -0.4955094 -0.4075704 -0.3282105 -0.2558939 -0.1890576 -0.1265517 -6.7166522E-02 -9.9742319E-03 4.6034332E-02 0.1016931 0.1579343 0.2156076 0.2756842 0.3391484 0.4071451 0.4809452 0.5620584 0.6522815 0.7538005 0.8693523 1.002373 1.157339 1.340081 1.558463 1.823091 2.148408 2.553073 3.055904 3.651616 4.239113 4.608680 4.651616 4.456665 4.153159 3.815466 3.476225 3.149230 2.840245 2.551548 2.283742
-0.6145959 -0.6984160 -0.7979308 -0.9148834 -1.055448 -1.223444 -1.428692 -1.678402 -1.984016 -2.331689 -2.610954 -2.566271 -2.241235 -1.886468 -1.579143 -1.326455 -1.115681 -0.9399336 -0.7897915 -0.6614143 -0.5490211 -0.4505434 -0.3621884 -0.2827439 -0.2095450 -0.1417961 -7.7507041E-02 -1.6059762E-02 4.4131536E-02 0.1036646 0.1639105 0.2255731 0.2899708 0.3580492 0.4312510 0.5109466 0.5989513 0.6973615 0.8087815 0.9365946 1.085007 1.259867 1.468790 1.722887 2.037798 2.437380 2.957739 3.650409 4.556380 5.517503 6.045623 5.942886 5.500426 4.982810 4.481503 4.017897 3.594636 3.209504 2.859455 2.541531
-0.6649383 -0.7589571 -0.8725529 -1.006701 -1.171381 -1.370871 -1.622161 -1.937615 -2.345464 -2.843630 -3.280900 -3.212846 -2.717986 -2.223122 -1.821262 -1.507598 -1.253457 -1.047691 -0.8743187 -0.7290157 -0.6026859 -0.4936941 -0.3962343 -0.3097035 -0.2300727 -0.1571233 -8.7885499E-02 -2.2221729E-02 4.2181976E-02 0.1055573 0.1698269 0.2354541 0.3041843 0.3768615 0.4552769 0.5408645 0.6357706 0.7423836 0.8637279 1.003853 1.167722 1.362609 1.597909 1.888110 2.254010 2.729374 3.369007 4.260997 5.503436 6.880453 7.577020 7.297974 6.578180 5.830630 5.157919 4.565876 4.044066 3.581419 3.169148 2.800545
-0.7143015 -0.8185400 -0.9454369 -1.096453 -1.283674 -1.513065 -1.805969 -2.179631 -2.670662 -3.278076 -3.811528 -3.730004 -3.128494 -2.528459 -2.048424 -1.680120 -1.386550 -1.152171 -0.9569809 -0.7950915 -0.6555023 -0.5360458 -0.4298754 -0.3362239 -0.2504211 -0.1722189 -9.8217376E-02 -2.8290857E-02 4.0185533E-02 0.1074332 0.1756162 0.2452161 0.3181861 0.3954416 0.4789823 0.5704012 0.6721061 0.7867953 0.9179043 1.070085 1.249086 1.463428 1.724268 2.049020 2.463125 3.008481 3.754134 4.811832 6.303805 7.962163 8.792859 8.431523 7.531704 6.609169 5.793344 5.088085 4.476433 3.941565 3.470474 3.053425
-0.7619318 -0.8758909 -1.015054 -1.181644 -1.388955 -1.644477 -1.971774 -2.390490 -2.938534 -3.608907 -4.187344 -4.099864 -3.446451 -2.783085 -2.247902 -1.836454 -1.509887 -1.250272 -1.035491 -0.8582183 -0.7063187 -0.5768941 -0.4624873 -0.3619439 -0.2702397 -0.1869044 -0.1083133 -3.4198515E-02 3.8223390E-02 0.1092818 0.1812711 0.2547759 0.3318785 0.4136188 0.5021539 0.5992565 0.7075652 0.8300719 0.9705997 1.134331 1.327743 1.560410 1.845015 2.201281 2.658178 3.263061 4.093019 5.269308 6.915493 8.730872 9.651713 9.277907 8.295671 7.268821 6.353009 5.560390 4.874774 4.277813 3.754593 3.293656
-0.8071563 -0.9300055 -1.080175 -1.260477 -1.484936 -1.761927 -2.115878 -2.566823 -3.151195 -3.856208 -4.455927 -4.365675 -3.686863 -2.987373 -2.416012 -1.973012 -1.620456 -1.339849 -1.108179 -0.9172494 -0.7542188 -0.6156179 -0.4935541 -0.3865249 -0.2892374 -0.2010019 -0.1180189 -3.9869547E-02 3.6355086E-02 0.1111025 0.1867732 0.2640620 0.3451620 0.4312379 0.5245882 0.6271556 0.7417871 0.8717409 1.021184 1.195758 1.402558 1.652011 1.957988 2.341886 2.835001 3.487786 4.380883 5.637759 7.377751 9.282743 10.26224 9.899237 8.885715 7.803866 6.825292 5.971152 5.229156 4.582147 4.015180 3.516289
-0.8494388 -0.9801890 -1.139961 -1.331926 -1.570513 -1.864440 -2.238270 -2.711511 -3.318805 -4.043555 -4.654562 -4.562773 -3.870190 -3.149568 -2.554796 -2.089499 -1.717223 -1.419820 -1.174066 -0.9713973 -0.7985600 -0.6517271 -0.5226848 -0.4096755 -0.3071852 -0.2143487 -0.1272122 -4.5230404E-02 3.4624059E-02 0.1128991 0.1920983 0.2730128 0.3579416 0.4481616 0.5461012 0.6538559 0.7744589 0.9113997 1.069140 1.253700 1.472674 1.737140 2.061828 2.469245 2.992063 3.682251 4.621634 5.933335 7.732873 9.693260 10.71179 10.36327 9.340017 8.230635 7.214598 6.319328 5.536459 4.850935 4.248758 3.718262
-0.8884137 -1.026039 -1.193985 -1.395628 -1.645553 -1.952534 -2.340907 -2.829499 -3.451488 -4.188012 -4.805191 -4.712510 -4.012115 -3.278564 -2.668450 -2.187496 -1.800540 -1.489993 -1.232783 -1.020250 -0.8389675 -0.6848913 -0.5496102 -0.4311749 -0.3239141 -0.2268150 -0.1358029 -5.0219335E-02 3.3058506E-02 0.1146743 0.1972182 0.2815733 0.3701303 0.4642694 0.5665339 0.6791540 0.8053238 0.9487285 1.114073 1.307681 1.537527 1.815163 2.155902 2.582935 3.129668 3.848691 4.821984 6.171731 8.010620 10.00677 11.05214 10.71722 9.692991 8.570227 7.532194 6.610049 5.798358 5.084058 4.454370 3.898285
-0.9238945 -1.067387 -1.242168 -1.451693 -1.710576 -2.027484 -2.426457 -2.925685 -3.557359 -4.301300 -4.922398 -4.829077 -4.123640 -3.381782 -2.761349 -2.269340 -1.871498 -1.550796 -1.284401 -1.063725 -0.8752852 -0.7149453 -0.5741678 -0.4508856 -0.3393049 -0.2383098 -0.1437214 -5.4795157E-02 3.1679846E-02 0.1164242 0.2021089 0.2896940 0.3816547 0.4794603 0.5857562 0.7028868 0.8341834 0.9834918 1.155712 1.357400 1.596812 1.885829 2.240138 2.683320 3.249131 3.990331 4.988686 6.365479 8.231629 10.25261 11.31698 10.99286 9.970572 8.841498 7.790533 6.850904 6.019119 5.283663 4.632873 4.056482
-0.9558305 -1.104263 -1.284677 -1.500546 -1.766432 -2.090862 -2.497569 -3.004274 -3.642480 -4.391226 -5.014603 -4.920862 -4.212294 -3.464900 -2.837360 -2.337433 -1.931509 -1.602985 -1.329297 -1.101966 -0.9075420 -0.7418501 -0.5962974 -0.4687357 -0.3532953 -0.2487770 -0.1509293 -5.8930743E-02 3.0495996E-02 0.1181423 0.2067438 0.2973321 0.3924525 0.4936538 0.6036664 0.7249337 0.8608977 1.015535 1.193897 1.402714 1.650441 1.949180 2.314843 2.771219 3.352193 4.110500 5.127593 6.524026 8.409451 10.44765 11.52579 11.21056 10.19128 9.059451 8.000813 7.049736 6.203949 5.453037 4.786232 4.193929
-0.9842848 -1.136826 -1.321838 -1.542767 -1.814108 -2.144226 -2.556621 -3.068647 -3.711382 -4.463395 -5.088450 -4.994349 -4.283463 -3.532226 -2.899654 -2.393981 -1.982006 -1.647464 -1.368002 -1.135277 -0.9358889 -0.7656747 -0.6160132 -0.4847179 -0.3658641 -0.2581973 -0.1574077 -6.2618569E-02 2.9507630E-02 0.1198153 0.2111001 0.3044499 0.4024740 0.5067861 0.6201899 0.7452090 0.8853772 1.044773 1.228561 1.443602 1.698486 2.005455 2.380551 2.847658 3.440681 4.212248 5.243514 6.654496 8.554090 10.60515 11.69346 11.38486 10.36842 9.235571 8.172318 7.213654 6.358050 5.595845 4.916934 4.312255
-1.009388 -1.165319 -1.354053 -1.579003 -1.854574 -2.189012 -2.605611 -3.121486 -3.767406 -4.521641 -5.147645 -5.053298 -4.340931 -3.586975 -2.950779 -2.440866 -2.024332 -1.685139 -1.401119 -1.164036 -0.9605606 -0.7865531 -0.6333921 -0.4988686 -0.3770272 -0.2665750 -0.1631604 -6.5860242E-02 2.8705155E-02 0.1214299 0.2151545 0.3110182 0.4116804 0.5188125 0.6352765 0.7636635 0.9075773 1.071177 1.259713 1.480135 1.741124 2.055010 2.437902 2.913713 3.516317 4.298219 5.340317 6.762225 8.672235 10.73249 11.82842 11.52528 10.51154 9.378530 8.312466 7.348691 6.486140 5.715649 5.027590 4.413321
-1.031324 -1.190025 -1.381757 -1.609883 -1.888742 -2.226462 -2.646200 -3.164881 -3.813094 -4.568926 -5.195749 -5.101165 -4.387561 -3.631610 -2.992740 -2.479667 -2.059663 -1.716869 -1.429244 -1.188656 -0.9818304 -0.8046651 -0.6485450 -0.5112578 -0.3868277 -0.2739377 -0.1682039 -6.8672352E-02 2.8075023E-02 0.1229673 0.2188865 0.3170106 0.4200441 0.5297024 0.6488978 0.7802727 0.9274890 1.094764 1.287411 1.512444 1.778602 2.098264 2.487567 2.970423 3.580656 4.370646 5.421092 6.851315 8.769285 10.83677 11.93847 11.63930 10.62770 9.494892 8.427090 7.459819 6.592295 5.815686 5.120701 4.499008
-1.050286 -1.211240 -1.405370 -1.636002 -1.917407 -2.257633 -2.679720 -3.200478 -3.850347 -4.607289 -5.234514 -5.139769 -4.425397 -3.667983 -3.027127 -2.511665 -2.089009 -1.743414 -1.452944 -1.209539 -0.9999856 -0.8202072 -0.6616089 -0.5219759 -0.3953271 -0.2803253 -0.1725693 -7.1076348E-02 2.7596556E-02 0.1244106 0.2222768 0.3224089 0.4275448 0.5394382 0.6610398 0.7950352 0.9451278 1.115581 1.311753 1.540698 1.811195 2.135646 2.530197 3.018742 3.635045 4.431385 5.488300 6.924891 8.848811 10.92148 12.02759 11.73177 10.72207 9.589637 8.520747 7.551044 6.679922 5.898767 5.198524 4.571090
-1.066480 -1.229246 -1.425286 -1.657883 -1.941263 -2.283399 -2.707258 -3.229551 -3.880643 -4.638414 -5.266080 -5.171167 -4.456067 -3.697540 -3.055180 -2.537906 -2.113210 -1.765438 -1.472721 -1.227068 -1.015303 -0.8333828 -0.6727259 -0.5311263 -0.4025958 -0.2857906 -0.1762919 -7.3101327E-02 2.7247893E-02 0.1257388 0.2253086 0.3271963 0.4341700 0.5480115 0.6717041 0.8079641 0.9605293 1.133695 1.332852 1.565082 1.839184 2.167575 2.566394 3.059510 3.680634 4.481960 5.543900 6.985402 8.913978 10.99090 12.10039 11.80692 10.79862 9.666572 8.596990 7.625571 6.751822 5.967273 5.263031 4.631161
-1.080096 -1.244309 -1.441853 -1.675986 -1.960884 -2.304477 -2.729667 -3.253108 -3.905090 -4.663435 -5.291255 -5.196236 -4.480724 -3.721372 -3.077881 -2.559223 -2.132963 -1.783497 -1.489021 -1.241580 -1.028041 -0.8443819 -0.6820389 -0.5388101 -0.4087096 -0.2903870 -0.1794137 -7.4776642E-02 2.7005071E-02 0.1269340 0.2279660 0.3313622 0.4399123 0.5554220 0.6808982 0.8190832 0.9737384 1.149184 1.350831 1.585780 1.862842 2.194436 2.596694 3.093456 3.718387 4.523612 5.589450 7.034724 8.966767 11.04665 12.15873 11.86732 10.86027 9.728599 8.658576 7.685935 6.810256 6.023166 5.315886 4.680602
-1.091309 -1.256658 -1.455376 -1.690689 -1.976750 -2.321442 -2.747632 -3.271920 -3.924564 -4.683353 -5.311431 -5.216292 -4.500329 -3.740339 -3.095987 -2.576284 -2.148824 -1.798058 -1.502212 -1.253372 -1.038427 -0.8533806 -0.6896781 -0.5451268 -0.4137411 -0.2941684 -0.1819731 -7.6133296E-02 2.6845258E-02 0.1279782 0.2302362 0.3348974 0.4447685 0.5616733 0.6886377 0.8284215 0.9848053 1.162126 1.365809 1.602968 1.882417 2.216575 2.621562 3.121193 3.749098 4.557343 5.626177 7.074344 9.009123 11.09154 12.20558 11.91551 10.90932 9.777954 8.707642 7.734128 6.857028 6.068043 5.358470 4.720580
-1.100272 -1.266495 -1.466103 -1.702313 -1.989242 -2.334755 -2.761679 -3.286592 -3.939708 -4.698788 -5.326899 -5.231695 -4.515528 -3.755078 -3.110091 -2.589602 -2.161246 -1.809492 -1.512605 -1.262689 -1.046659 -0.8605296 -0.6957614 -0.5501645 -0.4177582 -0.2971860 -0.1840095 -7.7199265E-02 2.6747212E-02 0.1288555 0.2321085 0.3377963 0.4487383 0.5667728 0.6949387 0.8360097 0.9937802 1.172598 1.377899 1.616802 1.898127 2.234285 2.641387 3.143229 3.773406 4.583946 5.655045 7.105379 9.042113 11.12615 12.24166 11.95285 10.94741 9.816320 8.745824 7.771685 6.893557 6.103175 5.391897 4.752050
-1.107111 -1.273977 -1.474242 -1.711102 -1.998664 -2.344765 -2.772218 -3.297571 -3.951029 -4.710340 -5.338613 -5.243331 -4.526885 -3.766087 -3.120634 -2.599580 -2.170568 -1.818097 -1.520442 -1.269734 -1.052895 -0.8659583 -0.7003874 -0.5540013 -0.4208183 -0.2994840 -0.1855557 -7.8000203E-02 2.6691705E-02 0.1295524 0.2335740 0.3400542 0.4518228 0.5707279 0.6998181 0.8418775 1.000708 1.180667 1.387196 1.627419 1.910153 2.247809 2.656485 3.159963 3.791815 4.604038 5.676790 7.128706 9.066949 11.15242 12.26900 11.98086 10.97588 9.844974 8.774357 7.799783 6.920924 6.129544 5.417037 4.775773
-1.111924 -1.279233 -1.479946 -1.717250 -2.005237 -2.351738 -2.779541 -3.305192 -3.958869 -4.718306 -5.346547 -5.251236 -4.534727 -3.773708 -3.127947 -2.606506 -2.177052 -1.824089 -1.525912 -1.274656 -1.057262 -0.8697635 -0.7036346 -0.5566959 -0.4229697 -0.3010986 -0.1866401 -7.8556761E-02 2.6663508E-02 0.1300585 0.2346256 0.3416690 0.4540245 0.5735469 0.7032917 0.8460492 1.005628 1.186389 1.393780 1.634924 1.918640 2.257334 2.667099 3.171703 3.804703 4.618075 5.691952 7.144934 9.084113 11.17031 12.28761 12.00014 10.99557 9.864825 8.794134 7.819275 6.939929 6.147881 5.434545 4.792320
-1.114784 -1.282351 -1.483325 -1.720885 -2.009122 -2.355850 -2.783859 -3.309676 -3.963485 -4.723018 -5.351369 -5.256017 -4.539352 -3.778192 -3.132246 -2.610586 -2.180872 -1.827625 -1.529141 -1.277568 -1.059846 -0.8720187 -0.7055601 -0.5582954 -0.4242461 -0.3020563 -0.1872816 -7.8884304E-02 2.6651006E-02 0.1303654 0.2352586 0.3426385 0.4553449 0.5752357 0.7053708 0.8485443 1.008568 1.189806 1.397706 1.639395 1.923691 2.262995 2.673398 3.178662 3.812332 4.626374 5.700904 7.154512 9.094314 11.18116 12.29888 12.01160 11.00717 9.876497 8.805767 7.830745 6.951119 6.158686 5.444872 4.802091
-1.115732 -1.283385 -1.484443 -1.722090 -2.010405 -2.357210 -2.785283 -3.311158 -3.965005 -4.724547 -5.352826 -5.257481 -4.540864 -3.779668 -3.133668 -2.611932 -2.182135 -1.828793 -1.530210 -1.278531 -1.060702 -0.8727650 -0.7061986 -0.5588249 -0.4246692 -0.3023736 -0.1874946 -7.8992411E-02 2.6647607E-02 0.1304682 0.2354696 0.3429615 0.4557847 0.5757981 0.7060630 0.8493748 1.009546 1.190942 1.399011 1.640880 1.925367 2.264874 2.675487 3.180967 3.814859 4.629120 5.703864 7.157672 9.097610 11.18447 12.30233 12.01528 11.01099 9.880348 8.809606 7.834530 6.954815 6.162256 5.448285 4.805321
-1.114784 -1.282350 -1.483325 -1.720886 -2.009122 -2.355850 -2.783859 -3.309676 -3.963485 -4.723017 -5.351369 -5.256017 -4.539352 -3.778192 -3.132247 -2.610586 -2.180871 -1.827625 -1.529141 -1.277568 -1.059846 -0.8720183 -0.7055597 -0.5582955 -0.4242457 -0.3020562 -0.1872819 -7.8884467E-02 2.6651053E-02 0.1303655 0.2352586 0.3426386 0.4553451 0.5752360 0.7053711 0.8485445 1.008568 1.189806 1.397706 1.639395 1.923691 2.262995 2.673398 3.178662 3.812333 4.626374 5.700903 7.154513 9.094314 11.18116 12.29888 12.01160 11.00717 9.876497 8.805766 7.830746 6.951119 6.158685 5.444872 4.802091
-1.111924 -1.279233 -1.479946 -1.717251 -2.005239 -2.351738 -2.779542 -3.305192 -3.958869 -4.718305 -5.346547 -5.251237 -4.534727 -3.773708 -3.127947 -2.606507 -2.177052 -1.824089 -1.525912 -1.274657 -1.057262 -0.8697636 -0.7036352 -0.5566959 -0.4229695 -0.3010983 -0.1866401 -7.8556918E-02 2.6663275E-02 0.1300585 0.2346257 0.3416695 0.4540253 0.5735475 0.7032921 0.8460493 1.005628 1.186389 1.393780 1.634924 1.918640 2.257334 2.667099 3.171702 3.804703 4.618076 5.691952 7.144933 9.084112 11.17031 12.28761 12.00014 10.99557 9.864825 8.794135 7.819275 6.939929 6.147880 5.434544 4.792319
