T3-twomodels/gx/model30.grd
DSAA
         100         100
  -15.00000       15.00000    
  -15.00000       15.00000    
  -8.141233       8.266783    
[rows 0 to 25 of 100, columns 0 to 59 of 100]
5.3806114E-03 6.5576546E-03 7.8653777E-03 9.3097184E-03 1.0897281E-02 1.2632440E-02 1.4519913E-02 1.6560845E-02 1.8757172E-02 2.1108052E-02 2.3616590E-02 2.6256230E-02 2.9024318E-02 3.1927597E-02 3.4946259E-02 3.8066730E-02 4.1271199E-02 4.4542659E-02 4.7860205E-02 5.1203329E-02 5.4548979E-02 5.7874627E-02 6.1155885E-02 6.4368829E-02 6.7488454E-02 7.0490845E-02 7.3352017E-02 7.6049529E-02 7.8561343E-02 8.0867290E-02 8.2948267E-02 8.4787421E-02 8.6369544E-02 8.7682165E-02 8.8714480E-02 8.9458711E-02 8.9908853E-02 9.0061665E-02 8.9915916E-02 8.9473344E-02 8.8737309E-02 8.7713681E-02 8.6409800E-02 8.4835067E-02 8.2999781E-02 8.0916241E-02 7.8596637E-02 7.6053679E-02 7.3295861E-02 7.0351467E-02 6.7254014E-02 6.3997686E-02 6.0586993E-02 5.7043664E-02 5.3385224E-02 4.9625784E-02 4.5779441E-02 4.1858941E-02 3.7876591E-02 3.3843651E-02
4.2838948E-03 5.4999632E-03 6.8620900E-03 8.3792200E-03 1.0058199E-02 1.1906551E-02 1.3928552E-02 1.6128650E-02 1.8506829E-02 2.1061238E-02 2.3781044E-02 2.6683530E-02 2.9755337E-02 3.2968070E-02 3.6317639E-02 3.9787825E-02 4.3361928E-02 4.7018100E-02 5.0734580E-02 5.4486044E-02 5.8247764E-02 6.1992478E-02 6.5693036E-02 6.9320813E-02 7.2848074E-02 7.6246411E-02 7.9488955E-02 8.2549013E-02 8.5401833E-02 8.8023596E-02 9.0392955E-02 9.2489883E-02 9.4297521E-02 9.5801070E-02 9.6988738E-02 9.7851142E-02 9.8382115E-02 9.8577678E-02 9.8437235E-02 9.7962558E-02 9.7158328E-02 9.6031092E-02 9.4590247E-02 9.2846423E-02 9.0812616E-02 8.8502705E-02 8.5933596E-02 8.3123930E-02 8.0098018E-02 7.6859728E-02 7.3407389E-02 6.9781393E-02 6.6009998E-02 6.2102590E-02 5.8072668E-02 5.3936351E-02 4.9708575E-02 4.5404002E-02 4.1035488E-02 3.6615759E-02
2.9549003E-03 4.2024739E-03 5.6146090E-03 7.2009773E-03 8.9719901E-03 1.0935392E-02 1.3099168E-02 1.5467156E-02 1.8043555E-02 2.0829003E-02 2.3827985E-02 2.7011877E-02 3.0377543E-02 3.3931345E-02 3.7649833E-02 4.1515708E-02 4.5506522E-02 4.9599990E-02 5.3768996E-02 5.7986423E-02 6.2222309E-02 6.6446409E-02 7.0626073E-02 7.4729547E-02 7.8723796E-02 8.2576886E-02 8.6256951E-02 8.9733884E-02 9.2978336E-02 9.5963575E-02 9.8664276E-02 0.1010581 0.1031249 0.1048484 0.1062145 0.1072130 0.1078366 0.1080816 0.1079469 0.1074356 0.1065528 0.1053070 0.1037089 0.1017719 9.9510610E-02 9.6942089E-02 9.4083540E-02 9.0952575E-02 8.7562487E-02 8.3947942E-02 8.0149427E-02 7.6164141E-02 7.2000273E-02 6.7684568E-02 6.3238829E-02 5.8680866E-02 5.4027934E-02 4.9295522E-02 4.4498350E-02 3.9649475E-02
1.3562094E-03 2.6263297E-03 4.0801591E-03 5.7314318E-03 7.5914697E-03 9.6722096E-03 1.1981899E-02 1.4528670E-02 1.7315110E-02 2.0341290E-02 2.3596723E-02 2.7101124E-02 3.0839644E-02 3.4780070E-02 3.8916040E-02 4.3227024E-02 4.7691196E-02 5.2280340E-02 5.6965671E-02 6.1714165E-02 6.6492759E-02 7.1264967E-02 7.5994499E-02 8.0643453E-02 8.5174672E-02 8.9550175E-02 9.3733966E-02 9.7690396E-02 0.1013863 0.1047900 0.1078729 0.1106085 0.1129745 0.1149512 0.1165231 0.1176783 0.1184089 0.1187104 0.1185825 0.1180284 0.1170552 0.1156726 0.1138941 0.1117350 0.1092135 0.1063493 0.1031654 9.9686749E-02 9.5944889E-02 9.1948450E-02 8.7699987E-02 8.3247893E-02 7.8627028E-02 7.3851205E-02 6.8938233E-02 6.3908368E-02 5.8780085E-02 5.3571153E-02 4.8296943E-02 4.2972181E-02
-5.5501593E-04 7.2395196E-04 2.2093535E-03 3.9166100E-03 5.8618435E-03 8.0581205E-03 1.0518684E-02 1.3251731E-02 1.6265305E-02 1.9562924E-02 2.3151498E-02 2.7000241E-02 3.1105716E-02 3.5474110E-02 4.0077526E-02 4.4893675E-02 4.9893815E-02 5.5048488E-02 6.0322195E-02 6.5678872E-02 7.1078442E-02 7.6480232E-02 8.1840888E-02 8.7117732E-02 9.2266522E-02 9.7244300E-02 0.1020084 0.1065184 0.1107350 0.1146222 0.1181462 0.1212772 0.1239884 0.1262581 0.1280677 0.1294041 0.1302579 0.1306247 0.1305041 0.1299008 0.1288227 0.1272825 0.1252956 0.1228810 0.1200596 0.1168554 0.1132927 0.1093963 0.1051864 0.1007069 9.6007444E-02 9.1089629E-02 8.5966721E-02 8.0672316E-02 7.5233974E-02 6.9674157E-02 6.4014181E-02 5.8272924E-02 5.2467816E-02 4.6614014E-02
-2.8285927E-03 -1.5573605E-03 -5.6106364E-05 1.6960403E-03 3.7173189E-03 6.0265772E-03 8.6383866E-03 1.1566788E-02 1.4818984E-02 1.8398752E-02 2.2297120E-02 2.6537037E-02 3.1102274E-02 3.5956424E-02 4.1090116E-02 4.6476979E-02 5.2088127E-02 5.7886694E-02 6.3834310E-02 6.9887042E-02 7.6000266E-02 8.2125187E-02 8.8212974E-02 9.4212778E-02 0.1000744 0.1057469 0.1111818 0.1163313 0.1211505 0.1255969 0.1296320 0.1332204 0.1363319 0.1389406 0.1410258 0.1425717 0.1435683 0.1440103 0.1438982 0.1432372 0.1420379 0.1403147 0.1380870 0.1353768 0.1322100 0.1286145 0.1246221 0.1202671 0.1155908 0.1106094 0.1053320 9.9817306E-02 9.4109215E-02 8.8227630E-02 8.2196340E-02 7.6040968E-02 6.9784515E-02 6.3448504E-02 5.7051133E-02 5.0609339E-02
-5.5212472E-03 -4.2811125E-03 -2.7833974E-03 -1.0041869E-03 1.0814285E-03 3.4949861E-03 6.2580048E-03 9.3858922E-03 1.2893242E-02 1.6788650E-02 2.1083295E-02 2.5744606E-02 3.0769257E-02 3.6163393E-02 4.1893333E-02 4.7930107E-02 5.4236162E-02 6.0772263E-02 6.7491241E-02 7.4344352E-02 8.1277795E-02 8.8236608E-02 9.5162474E-02 0.1019977 0.1086826 0.1151592 0.1213702 0.1272608 0.1327780 0.1378733 0.1425009 0.1466207 0.1501967 0.1531995 0.1556045 0.1573941 0.1585563 0.1590858 0.1589830 0.1582552 0.1569145 0.1549792 0.1524716 0.1494192 0.1458517 0.1418034 0.1373089 0.1324035 0.1271175 0.1215074 0.1156360 0.1095112 0.1031540 9.6607126E-02 8.9905880E-02 8.3078958E-02 7.6152794E-02 6.9150344E-02 6.2092077E-02 5.4995276E-02
-8.6995251E-03 -7.5190328E-03 -6.0525960E-03 -4.2687347E-03 -2.1384857E-03 3.6786080E-04 3.2750657E-03 6.6067851E-03 1.0378292E-02 1.4599826E-02 1.9265851E-02 2.4404645E-02 2.9998861E-02 3.6006946E-02 4.2415395E-02 4.9189758E-02 5.6291375E-02 6.3671276E-02 7.1277514E-02 7.9050943E-02 8.6930953E-02 9.4851658E-02 0.1027469 0.1105479 0.1181867 0.1255948 0.1327064 0.1394569 0.1457855 0.1516346 0.1569520 0.1616899 0.1658073 0.1692690 0.1720472 0.1741206 0.1754762 0.1761076 0.1760162 0.1752102 0.1737053 0.1715225 0.1686897 0.1652388 0.1612069 0.1566339 0.1515646 0.1460464 0.1401349 0.1338574 0.1272326 0.1203344 0.1132188 0.1059145 9.8453246E-02 9.0868033E-02 8.3187550E-02 7.5437821E-02 6.7640178E-02 5.9813697E-02
-1.2438395E-02 -1.1356140E-02 -9.9555179E-03 -8.1996666E-03 -6.0501392E-03 -3.4719880E-03 -4.3052135E-04 3.1017698E-03 7.1503925E-03 1.1732819E-02 1.6867522E-02 2.2521568E-02 2.8692476E-02 3.5386115E-02 4.2561047E-02 5.0178893E-02 5.8189880E-02 6.6540577E-02 7.5167328E-02 8.4003597E-02 9.2976339E-02 0.1020107 0.1110277 0.1199490 0.1286940 0.1371843 0.1453422 0.1530934 0.1603661 0.1670941 0.1732154 0.1786752 0.1834247 0.1874232 0.1906376 0.1930439 0.1946261 0.1953776 0.1952998 0.1944036 0.1927068 0.1902358 0.1870232 0.1831082 0.1785342 0.1733500 0.1676054 0.1613513 0.1546330 0.1475248 0.1401077 0.1324004 0.1244351 0.1162672 0.1079426 9.9498101E-02 9.0966925E-02 8.2376823E-02 7.3751621E-02 6.5110452E-02
-1.6825257E-02 -1.5888654E-02 -1.4600839E-02 -1.2914213E-02 -1.0783209E-02 -8.1608947E-03 -5.0060395E-03 -1.2790784E-03 3.0489929E-03 7.9998402E-03 1.3574970E-02 1.9811206E-02 2.6690844E-02 3.4165666E-02 4.2216122E-02 5.0796267E-02 5.9853133E-02 6.9320284E-02 7.9126261E-02 8.9190334E-02 9.9429257E-02 0.1097536 0.1200730 0.1302945 0.1403259 0.1500747 0.1594515 0.1683686 0.1767434 0.1844974 0.1915593 0.1978637 0.2033543 0.2079825 0.2117100 0.2145078 0.2163579 0.2172519 0.2171923 0.2161915 0.2142717 0.2114637 0.2078076 0.2033495 0.1981429 0.1922453 0.1857207 0.1786359 0.1710674 0.1630593 0.1546452 0.1459205 0.1369589 0.1278015 0.1184917 0.1090719 9.9578165E-02 9.0042002E-02 8.0488116E-02 7.0937157E-02
-2.1959014E-02 -2.1230435E-02 -2.0114165E-02 -1.8553849E-02 -1.6489973E-02 -1.3866270E-02 -1.0626437E-02 -6.7229206E-03 -2.1115586E-03 3.2405895E-03 9.3645770E-03 1.6229512E-02 2.3835130E-02 3.2186575E-02 4.1231502E-02 5.0917547E-02 6.1176769E-02 7.1934827E-02 8.3104052E-02 9.4592318E-02 0.1062994 0.1181229 0.1299554 0.1416903 0.1532189 0.1644349 0.1752330 0.1855123 0.1951752 0.2041310 0.2122952 0.2195918 0.2259535 0.2313240 0.2356570 0.2389188 0.2410872 0.2421529 0.2421183 0.2409983 0.2388189 0.2356178 0.2314420 0.2263479 0.2203986 0.2136644 0.2062180 0.1981336 0.1894789 0.1803549 0.1708688 0.1610563 0.1509665 0.1406730 0.1302365 0.1197051 0.1091204 9.8515958E-02 8.7919004E-02 7.7349707E-02
-2.7954422E-02 -2.7510623E-02 -2.6643783E-02 -2.5281979E-02 -2.3353746E-02 -2.0784734E-02 -1.7506309E-02 -1.3452285E-02 -8.5698729E-03 -2.8173381E-03 3.8202037E-03 1.1393429E-02 1.9885467E-02 2.9239217E-02 3.9425720E-02 5.0381348E-02 6.2031243E-02 7.4282512E-02 8.7034844E-02 0.1001762 0.1135916 0.1271583 0.1407534 0.1542508 0.1675258 0.1804536 0.1929132 0.2047857 0.2159585 0.2263243 0.2357848 0.2442497 0.2516403 0.2578890 0.2629413 0.2667559 0.2693069 0.2705818 0.2705837 0.2693292 0.2668498 0.2631894 0.2584051 0.2525636 0.2457422 0.2380248 0.2295035 0.2202751 0.2104470 0.2000900 0.1892613 0.1780872 0.1666677 0.1550626 0.1433315 0.1315303 0.1197044 0.1078919 9.6120253E-02 8.4410682E-02
-3.4939989E-02 -3.4880135E-02 -3.4360096E-02 -3.3294119E-02 -3.1589810E-02 -2.9156445E-02 -2.5901856E-02 -2.1744136E-02 -1.6606960E-02 -1.0430132E-02 -3.1606413E-03 5.1769894E-03 1.4586875E-02 2.5072398E-02 3.6564458E-02 4.8988480E-02 6.2247761E-02 7.6235630E-02 9.0828195E-02 0.1058960 0.1213002 0.1368997 0.1525489 0.1681034 0.1834168 0.1983460 0.2127492 0.2264895 0.2394343 0.2514592 0.2624475 0.2722938 0.2809035 0.2881970 0.2941079 0.2985871 0.3016016 0.3031364 0.3031930 0.3017911 0.2989664 0.2947717 0.2892739 0.2825540 0.2747036 0.2658254 0.2560260 0.2454157 0.2340975 0.2222127 0.2099081 0.1972465 0.1843034 0.1711793 0.1579562 0.1446978 0.1314568 0.1182733 0.1051773 9.2187874E-02
-4.3063510E-02 -4.3509915E-02 -4.3463919E-02 -4.2817194E-02 -4.1457631E-02 -3.9266229E-02 -3.6128446E-02 -3.1932216E-02 -2.6582841E-02 -2.0002319E-02 -1.2150698E-02 -2.9546791E-03 7.5716642E-03 1.9358447E-02 3.2359891E-02 4.6483114E-02 6.1617140E-02 7.7627182E-02 9.4368570E-02 0.1116832 0.1294100 0.1473812 0.1654294 0.1833854 0.2010819 0.2183520 0.2350330 0.2509649 0.2659944 0.2799747 0.2927698 0.3042537 0.3143151 0.3228571 0.3298006 0.3350844 0.3386681 0.3405305 0.3406722 0.3391138 0.3358970 0.3310822 0.3247499 0.3169955 0.3079309 0.2976790 0.2863752 0.2741618 0.2611950 0.2475879 0.2334367 0.2189153 0.2041630 0.1892687 0.1743164 0.1593805 0.1445192 0.1297770 0.1151833 0.1007565
-5.2489307E-02 -5.3598002E-02 -5.4185260E-02 -5.4121394E-02 -5.3262599E-02 -5.1461492E-02 -4.8565429E-02 -4.4432390E-02 -3.8928609E-02 -3.1944353E-02 -2.3387095E-02 -1.3266271E-02 -1.5702798E-03 1.1698878E-02 2.6442949E-02 4.2548530E-02 5.9870459E-02 7.8248635E-02 9.7502775E-02 0.1174474 0.1378885 0.1586325 0.1794828 0.2002463 0.2207287 0.2407400 0.2600913 0.2785989 0.2960833 0.3123744 0.3273107 0.3407440 0.3525403 0.3625837 0.3707768 0.3770447 0.3813348 0.3836191 0.3838936 0.3821801 0.3785240 0.3729961 0.3656890 0.3567179 0.3462154 0.3343318 0.3212266 0.3070661 0.2920103 0.2762639 0.2600368 0.2434370 0.2265829 0.2096167 0.1926521 0.1757752 0.1590528 0.1425317 0.1262418 0.1101968
-6.3403055E-02 -6.5366067E-02 -6.6792190E-02 -6.7519173E-02 -6.7371137E-02 -6.6155896E-02 -6.3680232E-02 -5.9750773E-02 -5.4196000E-02 -4.6870813E-02 -3.7686460E-02 -2.6530761E-02 -1.3412245E-02 1.5768223E-03 1.8356718E-02 3.6781084E-02 5.6674905E-02 7.7832744E-02 0.1000388 0.1230654 0.1466864 0.1706724 0.1947993 0.2188431 0.2425847 0.2658049 0.2882891 0.3098246 0.3302051 0.3492301 0.3667114 0.3824718 0.3963519 0.4082099 0.4179276 0.4254097 0.4305894 0.4334261 0.4339100 0.4320598 0.4279252 0.4215845 0.4131463 0.4027449 0.3905409 0.3767151 0.3614688 0.3450174 0.3275949 0.3093859 0.2905533 0.2713474 0.2519716 0.2325623 0.2132407 0.1941082 0.1752384 0.1566818 0.1384650 0.1205968
-7.6007240E-02 -7.9066925E-02 -8.1588916E-02 -8.3379269E-02 -8.4214300E-02 -8.3853312E-02 -8.2038976E-02 -7.8520559E-02 -7.3057443E-02 -6.5445691E-02 -5.5517688E-02 -4.3250095E-02 -2.8619893E-02 -1.1645677E-02 7.5171008E-03 2.8679904E-02 5.1608250E-02 7.6048985E-02 0.1017298 0.1283800 0.1557273 0.1835085 0.2114637 0.2393415 0.2668915 0.2938681 0.3200260 0.3451233 0.3689208 0.3911869 0.4116986 0.4302471 0.4466395 0.4607048 0.4722953 0.4812921 0.4876057 0.4911802 0.4919925 0.4900563 0.4854201 0.4781706 0.4684292 0.4563539 0.4421336 0.4259887 0.4081601 0.3889047 0.3684776 0.3471895 0.3253566 0.3031670 0.2808134 0.2585059 0.2364082 0.2146385 0.1932809 0.1723857 0.1519757 0.1320487
-9.0525277E-02 -9.4978362E-02 -9.8924711E-02 -0.1021255 -0.1043068 -0.1051559 -0.1043419 -0.1015224 -9.6378498E-02 -8.8632829E-02 -7.8097895E-02 -6.4590357E-02 -4.8110355E-02 -2.8796948E-02 -6.8050227E-03 1.7609902E-02 4.4149734E-02 7.2481945E-02 0.1022726 0.1331873 0.1649087 0.1971290 0.2295570 0.2619078 0.2939050 0.3252721 0.3557355 0.3850191 0.4128507 0.4389604 0.4630884 0.4849853 0.5044208 0.5211848 0.5350952 0.5459992 0.5537794 0.5583537 0.5596813 0.5577614 0.5526378 0.5443982 0.5331777 0.5191545 0.5025533 0.4836378 0.4627116 0.4401079 0.4161926 0.3912772 0.3656468 0.3396848 0.3137062 0.2879292 0.2625355 0.2376654 0.2134100 0.1898193 0.1669050 0.1446511
-0.1071924 -0.1134085 -0.1191881 -0.1242500 -0.1282499 -0.1307945 -0.1314422 -0.1297389 -0.1252340 -0.1175320 -0.1063114 -9.1475800E-02 -7.2986752E-02 -5.0914221E-02 -2.5540683E-02 2.7844915E-03 3.3648800E-02 6.6626817E-02 0.1012905 0.1372384 0.1740920 0.2115041 0.2491462 0.2867083 0.3238848 0.3603748 0.3958731 0.4300726 0.4626620 0.4933325 0.5217787 0.5477075 0.5708405 0.5909230 0.6077263 0.6210566 0.6307550 0.6367057 0.6388358 0.6371217 0.6315898 0.6223228 0.6094587 0.5931966 0.5737932 0.5515652 0.5268773 0.5001360 0.4717626 0.4422577 0.4121305 0.3817256 0.3513752 0.3214090 0.2920727 0.2635308 0.2358835 0.2091722 0.1833929 0.1585037
-0.1262556 -0.1346820 -0.1428108 -0.1503056 -0.1567502 -0.1616378 -0.1643945 -0.1643938 -0.1610186 -0.1537100 -0.1420625 -0.1257484 -0.1047595 -7.9349317E-02 -4.9858004E-02 -1.6785648E-02 1.9313326E-02 5.7865787E-02 9.8335348E-02 0.1402271 0.1831053 0.2265756 0.2702841 0.3138954 0.3570870 0.3995332 0.4409053 0.4808615 0.5190549 0.5551301 0.5887355 0.6195235 0.6471632 0.6713420 0.6917777 0.7082191 0.7204562 0.7283210 0.7316954 0.7305138 0.7247705 0.7145236 0.6999038 0.6811166 0.6584502 0.6322737 0.6030413 0.5712809 0.5375926 0.5025306 0.4666240 0.4305143 0.3947316 0.3596481 0.3255487 0.2926276 0.2609855 0.2306489 0.2015819 0.1737073
-0.1479580 -0.1591408 -0.1702533 -0.1809150 -0.1906180 -0.1987300 -0.2044871 -0.2070415 -0.2055046 -0.1990544 -0.1870187 -0.1691237 -0.1453169 -0.1158260 -8.1251234E-02 -4.2320091E-02 1.7280690E-04 4.5468543E-02 9.2874065E-02 0.1417980 0.1917348 0.2422597 0.2929960 0.3436027 0.3937453 0.4430892 0.4912827 0.5379588 0.5827305 0.6251996 0.6649594 0.7016061 0.7347441 0.7639971 0.7890132 0.8094739 0.8250971 0.8356470 0.8409351 0.8408315 0.8352689 0.8242565 0.8078859 0.7863496 0.7599447 0.7290912 0.6943244 0.6562948 0.6157286 0.5734981 0.5305064 0.4874366 0.4449154 0.4035047 0.3635925 0.3254026 0.2890296 0.2544628 0.2216176 0.1903566
-0.1725303 -0.1871159 -0.2019958 -0.2167448 -0.2307745 -0.2432915 -0.2533052 -0.2596380 -0.2610276 -0.2562556 -0.2443725 -0.2247108 -0.1972662 -0.1626139 -0.1216015 -7.5330354E-02 -2.4922961E-02 2.8580474E-02 8.4307209E-02 0.1415451 0.1997389 0.2584401 0.3172807 0.3759267 0.4340578 0.4913388 0.5474132 0.6018900 0.6543518 0.7043535 0.7514362 0.7951313 0.8349760 0.8705179 0.9013271 0.9269989 0.9471650 0.9614938 0.9697016 0.9715563 0.9668918 0.9556195 0.9377488 0.9134054 0.8828613 0.8465531 0.8051128 0.7593706 0.7103586 0.6591406 0.6067977 0.5545477 0.5033966 0.4540398 0.4069444 0.3623610 0.3203489 0.2808312 0.2436355 0.2085372
-0.2001626 -0.2189139 -0.2385001 -0.2584914 -0.2782206 -0.2967401 -0.3127612 -0.3246773 -0.3306297 -0.3287399 -0.3174028 -0.2958388 -0.2640063 -0.2226606 -0.1733052 -0.1176413 -5.7323162E-02 6.2518753E-03 7.1976684E-02 0.1390395 0.2068481 0.2749785 0.3430962 0.4109172 0.4781552 0.5445042 0.6096128 0.6730854 0.7344761 0.7933030 0.8490518 0.9011936 0.9491909 0.9925138 1.030642 1.063077 1.089341 1.108986 1.121596 1.126795 1.124261 1.113741 1.095078 1.068249 1.033405 0.9909289 0.9414805 0.8860428 0.8259031 0.7627338 0.6983718 0.6343661 0.5720720 0.5125631 0.4564743 0.4040572 0.3552884 0.3099586 0.2677553 0.2283124
-0.2309867 -0.2547688 -0.2801756 -0.3068124 -0.3340002 -0.3606446 -0.3851450 -0.4053010 -0.4183987 -0.4214849 -0.4119997 -0.3882626 -0.3503425 -0.2998971 -0.2393550 -0.1714306 -9.8526381E-02 -2.2531651E-02 5.5223916E-02 0.1338510 0.2127975 0.2917119 0.3703633 0.4485539 0.5260804 0.6026874 0.6780604 0.7518094 0.8234802 0.8925576 0.9584852 1.020673 1.078519 1.131412 1.178745 1.219915 1.254330 1.281401 1.300551 1.311211 1.312833 1.304906 1.286989 1.258755 1.220069 1.171078 1.112347 1.044984 0.9707546 0.8918850 0.8109299 0.7306913 0.6534586 0.5807011 0.5131811 0.4510811 0.3941768 0.3420210 0.2940592 0.2497166
-0.2650330 -0.2948083 -0.3272988 -0.3622578 -0.3990821 -0.4366512 -0.4730676 -0.5054470 -0.5297778 -0.5412558 -0.5352318 -0.5090623 -0.4628664 -0.3994943 -0.3234578 -0.2391544 -0.1501071 -5.8734674E-02 3.3450127E-02 0.1256152 0.2173450 0.3084782 0.3989540 0.4887391 0.5777506 0.6658341 0.7527318 0.8380910 0.9214604 1.002314 1.080061 1.154072 1.223684 1.288226 1.347013 1.399352 1.444537 1.481842 1.510507 1.529737 1.538694 1.536503 1.522275 1.495158 1.454422 1.399617 1.330799 1.248847 1.155767 1.055039 0.9511949 0.8486026 0.7508947 0.6604376 0.5781713 0.5040066 0.4372911 0.3771285 0.3225765 0.2727353
-0.3022076 -0.3389816 -0.3799443 -0.4251209 -0.4742012 -0.5262449 -0.5793056 -0.6298261 -0.6721047 -0.6982185 -0.6996443 -0.6704597 -0.6112043 -0.5282866 -0.4299475 -0.3233802 -0.2134811 -0.1031289 6.2501528E-03 0.1140899 0.2203283 0.3251204 0.4287035 0.5312726 0.6329400 0.7336833 0.8333491 0.9316385 1.028137 1.122321 1.213595 1.301303 1.384759 1.463252 1.536054 1.602417 1.661558 1.712642 1.754760 1.786896 1.807901 1.816464 1.811099 1.790144 1.751839 1.694465 1.616726 1.518381 1.401279 1.270029 1.132025 0.9960008 0.8688490 0.7541131 0.6525596 0.5633081 0.4847829 0.4152898 0.3532510 0.2972971
