T3-twomodels/gx/model90.grd
DSAA
         100         100
  -15.00000       15.00000    
  -15.00000       15.00000    
  -8.040898       13.27873    
[rows 0 to 25 of 100, columns 0 to 59 of 100]
-2.2101112E-02 -2.1840556E-02 -2.1461165E-02 -2.0954169E-02 -2.0309621E-02 -1.9519474E-02 -1.8574618E-02 -1.7469108E-02 -1.6195405E-02 -1.4748125E-02 -1.3117251E-02 -1.1321736E-02 -9.3558161E-03 -7.2037280E-03 -4.8753894E-03 -2.3738744E-03 2.9426010E-04 3.1236298E-03 6.1055939E-03 9.2319651E-03 1.2492435E-02 1.5877241E-02 1.9374603E-02 2.2972662E-02 2.6657997E-02 3.0417165E-02 3.4235489E-02 3.8098291E-02 4.1989628E-02 4.5893110E-02 4.9791150E-02 5.3665683E-02 5.7497583E-02 6.1267193E-02 6.4953864E-02 6.8536609E-02 7.1993463E-02 7.5301908E-02 7.8438938E-02 8.1381723E-02 8.4107332E-02 8.6593434E-02 8.8818364E-02 9.0761587E-02 9.2403591E-02 9.3726687E-02 9.4715111E-02 9.5356248E-02 9.5632933E-02 9.5538117E-02 9.5101587E-02 9.4313353E-02 9.3152314E-02 9.1629587E-02 8.9759886E-02 8.7556079E-02 8.5033923E-02 8.2211234E-02 7.9107530E-02 7.5743392E-02
-2.4872158E-02 -2.4669955E-02 -2.4338210E-02 -2.3865046E-02 -2.3240324E-02 -2.2452613E-02 -2.1493202E-02 -2.0352447E-02 -1.9024525E-02 -1.7504470E-02 -1.5795702E-02 -1.3872536E-02 -1.1739187E-02 -9.4138728E-03 -6.8897386E-03 -4.1710534E-03 -1.2618868E-03 1.8293824E-03 5.0949515E-03 8.5240025E-03 1.2106626E-02 1.5830688E-02 1.9683959E-02 2.3652406E-02 2.7722219E-02 3.1877942E-02 3.6104221E-02 4.0384378E-02 4.4701561E-02 4.9037434E-02 5.3373262E-02 5.7688829E-02 6.1963372E-02 6.6174895E-02 7.0300758E-02 7.4317075E-02 7.8199327E-02 8.1921831E-02 8.5458554E-02 8.8783033E-02 9.1868952E-02 9.4690092E-02 9.7221300E-02 9.9438265E-02 0.1013183 0.1028400 0.1039857 0.1047409 0.1051030 0.1050662 0.1045909 0.1036881 0.1023879 0.1006918 9.8605365E-02 9.6142910E-02 9.3322597E-02 9.0165667E-02 8.6694770E-02 8.2934171E-02
-2.7975542E-02 -2.7848687E-02 -2.7579192E-02 -2.7154591E-02 -2.6561057E-02 -2.5786972E-02 -2.4819680E-02 -2.3649985E-02 -2.2267418E-02 -2.0664191E-02 -1.8827680E-02 -1.6777519E-02 -1.4506615E-02 -1.1997493E-02 -9.2612924E-03 -6.3019688E-03 -3.1275356E-03 2.5498448E-04 3.8346744E-03 7.6011699E-03 1.1541916E-02 1.5644420E-02 1.9893831E-02 2.4275798E-02 2.8774271E-02 3.3373095E-02 3.8054850E-02 4.2801987E-02 4.7595602E-02 5.2416358E-02 5.7243418E-02 6.2055040E-02 6.6828117E-02 7.1538731E-02 7.6161429E-02 8.0669723E-02 8.5035741E-02 8.9230672E-02 9.3224481E-02 9.6986890E-02 0.1004872 0.1036950 0.1065805 0.1091154 0.1112723 0.1130265 0.1143558 0.1152422 0.1156635 0.1156095 0.1151116 0.1141590 0.1127297 0.1108381 0.1085036 0.1057445 0.1025826 9.9042803E-02 9.5152147E-02 9.0938814E-02
-3.1453554E-02 -3.1421136E-02 -3.1233354E-02 -3.0873721E-02 -3.0327616E-02 -2.9579068E-02 -2.8615197E-02 -2.7422216E-02 -2.5991039E-02 -2.4313979E-02 -2.2392884E-02 -2.0198155E-02 -1.7733617E-02 -1.5019072E-02 -1.2047350E-02 -8.8238735E-03 -5.3542494E-03 -1.6491540E-03 2.2810388E-03 6.4228806E-03 1.0763592E-02 1.5287660E-02 1.9979779E-02 2.4823088E-02 2.9800780E-02 3.4894370E-02 4.0085636E-02 4.5354985E-02 5.0682515E-02 5.6046806E-02 6.1425753E-02 6.6795319E-02 7.2130643E-02 7.7405125E-02 8.2590811E-02 8.7657809E-02 9.2575088E-02 9.7309679E-02 0.1018274 0.1060932 0.1100715 0.1137265 0.1170235 0.1199283 0.1224089 0.1244353 0.1259817 0.1270270 0.1275643 0.1275842 0.1270421 0.1259498 0.1243418 0.1222226 0.1196023 0.1165017 0.1129467 0.1089672 0.1045949 9.9863328E-02
-3.5353117E-02 -3.5439860E-02 -3.5355896E-02 -3.5083316E-02 -3.4602746E-02 -3.3897199E-02 -3.2948691E-02 -3.1743351E-02 -3.0266315E-02 -2.8506164E-02 -2.6446642E-02 -2.4108054E-02 -2.1481697E-02 -1.8547900E-02 -1.5319451E-02 -1.1801862E-02 -8.0055064E-03 -3.9400156E-03 3.8043654E-04 4.9422611E-03 9.7292131E-03 1.4725129E-02 1.9911716E-02 2.5271293E-02 3.0784383E-02 3.6431693E-02 4.2192735E-02 4.8047084E-02 5.3972695E-02 5.9947081E-02 6.5945961E-02 7.1943894E-02 7.7913448E-02 8.3825886E-02 8.9649938E-02 9.5352627E-02 0.1008988 0.1062512 0.1113706 0.1162166 0.1207476 0.1249217 0.1286975 0.1320348 0.1348947 0.1372417 0.1390438 0.1402744 0.1409038 0.1409175 0.1403486 0.1391850 0.1374040 0.1350249 0.1320743 0.1285788 0.1245699 0.1200830 0.1151563 0.1098294
-3.9729267E-02 -3.9963517E-02 -4.0012140E-02 -3.9851941E-02 -3.9461702E-02 -3.8818743E-02 -3.7903909E-02 -3.6697380E-02 -3.5185065E-02 -3.3354804E-02 -3.1205941E-02 -2.8704090E-02 -2.5852563E-02 -2.2672903E-02 -1.9157941E-02 -1.5315279E-02 -1.1153249E-02 -6.6860751E-03 -1.9279280E-03 3.1034376E-03 8.3909426E-03 1.3914748E-02 1.9655591E-02 2.5592640E-02 3.1705439E-02 3.7972108E-02 4.4371389E-02 5.0880674E-02 5.7477076E-02 6.4136028E-02 7.0832141E-02 7.7537671E-02 8.4223494E-02 9.0857856E-02 9.7406775E-02 0.1038333 0.1100982 0.1161591 0.1219711 0.1274873 0.1326593 0.1374376 0.1417730 0.1456172 0.1489238 0.1516491 0.1537556 0.1552114 0.1560022 0.1561133 0.1554933 0.1541555 0.1521398 0.1494557 0.1461209 0.1421668 0.1376311 0.1325569 0.1269895 0.1209768
-4.4642318E-02 -4.5060180E-02 -4.5274682E-02 -4.5260113E-02 -4.4988804E-02 -4.4435795E-02 -4.3575082E-02 -4.2385604E-02 -4.0845774E-02 -3.8938534E-02 -3.6642447E-02 -3.3978194E-02 -3.0935055E-02 -2.7491016E-02 -2.3661347E-02 -1.9454436E-02 -1.4884601E-02 -9.9657867E-03 -4.7172275E-03 8.4231142E-04 6.6911597E-03 1.2808168E-02 1.9170167E-02 2.5755068E-02 3.2539330E-02 3.9500184E-02 4.6614040E-02 5.3857535E-02 6.1205842E-02 6.8633609E-02 7.6113492E-02 8.3616585E-02 9.1111265E-02 9.8563604E-02 0.1059361 0.1131881 0.1202754 0.1271504 0.1337612 0.1400537 0.1459712 0.1514550 0.1564465 0.1608875 0.1647216 0.1678964 0.1703647 0.1720862 0.1730196 0.1731431 0.1724912 0.1710503 0.1687977 0.1657608 0.1619776 0.1574879 0.1523384 0.1465809 0.1402707 0.1334647
-5.0163109E-02 -5.0806683E-02 -5.1229939E-02 -5.1399995E-02 -5.1285759E-02 -5.0854430E-02 -5.0077215E-02 -4.8924971E-02 -4.7375608E-02 -4.5410197E-02 -4.3023881E-02 -4.0175825E-02 -3.6868624E-02 -3.3126544E-02 -2.8943233E-02 -2.4330212E-02 -1.9300539E-02 -1.3874390E-02 -8.0721863E-03 -1.9184663E-03 4.5632655E-03 1.1346885E-02 1.8407486E-02 2.5719112E-02 3.3257023E-02 4.0995650E-02 4.8910711E-02 5.6976855E-02 6.5168850E-02 7.3459633E-02 8.1821330E-02 9.0223148E-02 9.8632090E-02 0.1070114 0.1153207 0.1235150 0.1315452 0.1393569 0.1468915 0.1540856 0.1608727 0.1671833 0.1729470 0.1780934 0.1825541 0.1862644 0.1891671 0.1912133 0.1923764 0.1926327 0.1919212 0.1902569 0.1876880 0.1842329 0.1799221 0.1748039 0.1689351 0.1623795 0.1552040 0.1474775
-5.6370053E-02 -5.7292372E-02 -5.7974819E-02 -5.8380026E-02 -5.8467977E-02 -5.8201373E-02 -5.7541858E-02 -5.6456998E-02 -5.4914650E-02 -5.2888889E-02 -5.0350618E-02 -4.7319934E-02 -4.3783724E-02 -3.9717812E-02 -3.5141982E-02 -3.0069740E-02 -2.4522275E-02 -1.8520955E-02 -1.2093480E-02 -5.2668909E-03 1.9288098E-03 9.4649615E-03 1.7311554E-02 2.5440825E-02 3.3824440E-02 4.2435970E-02 5.1248897E-02 6.0237665E-02 6.9375560E-02 7.8635640E-02 8.7988794E-02 9.7403839E-02 0.1068459 0.1162765 0.1256517 0.1349229 0.1440351 0.1529274 0.1615321 0.1697761 0.1775809 0.1848639 0.1915401 0.1975242 0.2027320 0.2070843 0.2105088 0.2129435 0.2143278 0.2146280 0.2138778 0.2120623 0.2091611 0.2052153 0.2002811 0.1944206 0.1877049 0.1802122 0.1720248 0.1632256
-6.3354366E-02 -6.4618081E-02 -6.5623924E-02 -6.6324510E-02 -6.6673756E-02 -6.6623084E-02 -6.6128485E-02 -6.5146074E-02 -6.3640840E-02 -6.1582904E-02 -5.8960438E-02 -5.5723377E-02 -5.1873550E-02 -4.7439709E-02 -4.2418320E-02 -3.6828153E-02 -3.0690888E-02 -2.4037033E-02 -1.6897667E-02 -9.3082786E-03 -1.3026642E-03 7.0836628E-03 1.5817810E-02 2.4867117E-02 3.4201808E-02 4.3792587E-02 5.3612765E-02 6.3635409E-02 7.3834375E-02 8.4182158E-02 9.4650343E-02 0.1052070 0.1158169 0.1264396 0.1370290 0.1475318 0.1578878 0.1680281 0.1778758 0.1873457 0.1963454 0.2047761 0.2125353 0.2195185 0.2256222 0.2307472 0.2348047 0.2377172 0.2394366 0.2399237 0.2391030 0.2369918 0.2336521 0.2291175 0.2234409 0.2166989 0.2089801 0.2003818 0.1910051 0.1809515
-7.1217358E-02 -7.2900981E-02 -7.4306890E-02 -7.5380281E-02 -7.6062098E-02 -7.6295651E-02 -7.6022811E-02 -7.5192764E-02 -7.3756084E-02 -7.1672514E-02 -6.8900891E-02 -6.5459229E-02 -6.1331447E-02 -5.6492351E-02 -5.0969720E-02 -4.4786833E-02 -3.7977245E-02 -3.0575687E-02 -2.2624323E-02 -1.4164130E-02 -5.2382881E-03 4.1130814E-03 1.3850210E-02 2.3937773E-02 3.4341950E-02 4.5032866E-02 5.5982195E-02 6.7163996E-02 7.8552030E-02 9.0120494E-02 0.1018415 0.1136843 0.1256137 0.1375889 0.1495612 0.1614741 0.1732612 0.1848459 0.1961402 0.2070455 0.2174526 0.2272435 0.2362936 0.2444745 0.2516577 0.2577196 0.2625464 0.2660388 0.2681043 0.2686878 0.2678193 0.2654823 0.2616637 0.2564271 0.2498610 0.2420648 0.2331509 0.2232409 0.2124602 0.2009331
-8.0075808E-02 -8.2272947E-02 -8.4175996E-02 -8.5715838E-02 -8.6823024E-02 -8.7424010E-02 -8.7449968E-02 -8.6832553E-02 -8.5515201E-02 -8.3449706E-02 -8.0612153E-02 -7.6939352E-02 -7.2432213E-02 -6.7127049E-02 -6.1027501E-02 -5.4166000E-02 -4.6580449E-02 -3.8319964E-02 -2.9434381E-02 -1.9977689E-02 -1.0000123E-02 4.4821063E-04 1.1322910E-02 2.2582553E-02 3.4191653E-02 4.6117883E-02 5.8333933E-02 7.0813872E-02 8.3534218E-02 9.6470758E-02 0.1095988 0.1228893 0.1363092 0.1498177 0.1633659 0.1768935 0.1903293 0.2035878 0.2165696 0.2291601 0.2412307 0.2526397 0.2632356 0.2728596 0.2813517 0.2885552 0.2943265 0.2985392 0.3011069 0.3019625 0.3010089 0.2982664 0.2938189 0.2877283 0.2800873 0.2710219 0.2606750 0.2492001 0.2367535 0.2234887
-9.0059593E-02 -9.2887148E-02 -9.5404670E-02 -9.7530916E-02 -9.9177241E-02 -0.1002556 -0.1006753 -0.1003543 -9.9213891E-02 -9.7189255E-02 -9.4219558E-02 -9.0318106E-02 -8.5465193E-02 -7.9637073E-02 -7.2876588E-02 -6.5225929E-02 -5.6741912E-02 -4.7483955E-02 -3.7519746E-02 -2.6914034E-02 -1.5731517E-02 -4.0301355E-03 8.1362147E-03 2.0722581E-02 3.3689119E-02 4.7003917E-02 6.0639426E-02 7.4573174E-02 8.8784106E-02 0.1032530 0.1179589 0.1328777 0.1479792 0.1632260 0.1785690 0.1939469 0.2092832 0.2244845 0.2394384 0.2540128 0.2680561 0.2813983 0.2938539 0.3052266 0.3153145 0.3239195 0.3308550 0.3359560 0.3390741 0.3401158 0.3391011 0.3360123 0.3308514 0.3237236 0.3147745 0.3041694 0.2920929 0.2787398 0.2643065 0.2489828
-0.1013174 -0.1049159 -0.1081960 -0.1110557 -0.1133889 -0.1150814 -0.1160226 -0.1161023 -0.1152260 -0.1133130 -0.1103179 -0.1061577 -0.1008323 -9.4391748E-02 -8.6856037E-02 -7.8284316E-02 -6.8745814E-02 -5.8324203E-02 -4.7102872E-02 -3.5167601E-02 -2.2595806E-02 -9.4602238E-03 4.1783205E-03 1.8267183E-02 3.2765459E-02 4.7639810E-02 6.2866278E-02 7.8425400E-02 9.4302811E-02 0.1104848 0.1269582 0.1437053 0.1607029 0.1779178 0.1953048 0.2128022 0.2303310 0.2477895 0.2650526 0.2819684 0.2983589 0.3140197 0.3287242 0.3422273 0.3542744 0.3646108 0.3729961 0.3792154 0.3831114 0.3845653 0.3834442 0.3797740 0.3736753 0.3652642 0.3547074 0.3422201 0.3280409 0.3124200 0.2956049 0.2778318
-0.1140128 -0.1185572 -0.1227805 -0.1265619 -0.1297660 -0.1322531 -0.1338772 -0.1345011 -0.1339941 -0.1322469 -0.1291641 -0.1247481 -0.1189754 -0.1118299 -0.1033848 -9.3719654E-02 -8.2936443E-02 -7.1141057E-02 -5.8447227E-02 -4.4960923E-02 -3.0782267E-02 -1.5996700E-02 -6.7811925E-04 1.5116624E-02 3.1342708E-02 4.7969744E-02 6.4976618E-02 8.2351744E-02 0.1000881 0.1181827 0.1366318 0.1554289 0.1745600 0.1940012 0.2137131 0.2336384 0.2536963 0.2737801 0.2937509 0.3134367 0.3326286 0.3510821 0.3685189 0.3846335 0.3991014 0.4115946 0.4217964 0.4294206 0.4342149 0.4360133 0.4348106 0.4305892 0.4233849 0.4133823 0.4008331 0.3860247 0.3692710 0.3508939 0.3312082 0.3105079
-0.1283302 -0.1340319 -0.1394261 -0.1443625 -0.1486766 -0.1521872 -0.1547111 -0.1560635 -0.1560795 -0.1546182 -0.1515919 -0.1468849 -0.1404973 -0.1325059 -0.1229673 -0.1119951 -9.9720642E-02 -8.6292870E-02 -7.1856670E-02 -5.6552738E-02 -4.0503256E-02 -2.3815310E-02 -6.5726284E-03 1.1159328E-02 2.9336713E-02 4.7930803E-02 6.6929042E-02 8.6328447E-02 0.1061353 0.1263593 0.1470124 0.1681020 0.1896297 0.2115842 0.2339379 0.2566408 0.2796163 0.3027538 0.3259041 0.3488730 0.3714187 0.3932485 0.4140222 0.4333567 0.4508380 0.4660382 0.4785404 0.4879630 0.4940101 0.4964612 0.4951192 0.4900191 0.4813513 0.4693395 0.4542947 0.4365998 0.4166688 0.3949210 0.3717569 0.3475444
-0.1444692 -0.1515899 -0.1584345 -0.1648244 -0.1705507 -0.1753876 -0.1790920 -0.1814260 -0.1821602 -0.1811000 -0.1780834 -0.1730886 -0.1660883 -0.1570904 -0.1462304 -0.1336668 -0.1195910 -0.1041989 -8.7688126E-02 -7.0236288E-02 -5.2000996E-02 -3.3109024E-02 -1.3660395E-02 6.2759616E-03 2.6655126E-02 4.7456503E-02 6.8676956E-02 9.0329200E-02 0.1124353 0.1350247 0.1581284 0.1817758 0.2059879 0.2307738 0.2561230 0.2820003 0.3083379 0.3350280 0.3619133 0.3887801 0.4153504 0.4412776 0.4661457 0.4894752 0.5107340 0.5293625 0.5448015 0.5565318 0.5640960 0.5671809 0.5657225 0.5597062 0.5492443 0.5346816 0.5164798 0.4951612 0.4712792 0.4453815 0.4179815 0.3895378
-0.1626495 -0.1715055 -0.1801517 -0.1883683 -0.1959004 -0.2024546 -0.2077192 -0.2113698 -0.2131047 -0.2126614 -0.2098645 -0.2045383 -0.1966852 -0.1864390 -0.1739404 -0.1594187 -0.1431323 -0.1253568 -0.1063500 -8.6347163E-02 -6.5542102E-02 -4.4091221E-02 -2.2106037E-02 3.3796532E-04 2.3202272E-02 4.6475384E-02 7.0172004E-02 9.4323352E-02 0.1189760 0.1441832 0.1700041 0.1964946 0.2237050 0.2516709 0.2804088 0.3099058 0.3401129 0.3709319 0.4022056 0.4337041 0.4651147 0.4960300 0.5259459 0.5542613 0.5802932 0.6033019 0.6225352 0.6372821 0.6469598 0.6511339 0.6494809 0.6420521 0.6291816 0.6113208 0.5890776 0.5631663 0.5343307 0.5032919 0.4707074 0.4371491
-0.1831007 -0.1940810 -0.2049602 -0.2154803 -0.2253210 -0.2341134 -0.2414410 -0.2468739 -0.2499854 -0.2504022 -0.2478226 -0.2421656 -0.2334032 -0.2216082 -0.2070562 -0.1900773 -0.1710493 -0.1503441 -0.1283136 -0.1052571 -8.1420973E-02 -5.6987405E-02 -3.2084540E-02 -6.7854766E-03 1.8878631E-02 4.4916105E-02 7.1362816E-02 9.8279119E-02 0.1257405 0.1538350 0.1826553 0.2122949 0.2428403 0.2743660 0.3069243 0.3405381 0.3751876 0.4107983 0.4472232 0.4842268 0.5214651 0.5584697 0.5946342 0.6292105 0.6613188 0.6899796 0.7141659 0.7328842 0.7452447 0.7506124 0.7487782 0.7397388 0.7237902 0.7016252 0.6741481 0.6423561 0.6072602 0.5698122 0.5308552 0.4910962
-0.2060633 -0.2196343 -0.2332847 -0.2467060 -0.2595117 -0.2712254 -0.2813047 -0.2891549 -0.2941907 -0.2958841 -0.2938586 -0.2878119 -0.2777566 -0.2639591 -0.2467631 -0.2266587 -0.2041742 -0.1798353 -0.1541058 -0.1273773 -9.9948086E-02 -7.2034672E-02 -4.3770950E-02 -1.5226495E-02 1.3588811E-02 4.2707369E-02 7.2200000E-02 0.1021617 0.1327097 0.1639729 0.1960903 0.2292006 0.2634403 0.2989325 0.3357816 0.3740592 0.4137934 0.4549493 0.4974101 0.5409498 0.5852079 0.6296582 0.6735856 0.7160662 0.7559721 0.7919984 0.8227372 0.8467855 0.8629264 0.8702334 0.8681008 0.8566170 0.8364419 0.8085514 0.7742057 0.7348060 0.6917347 0.6462520 0.5994323 0.5521428
-0.2317714 -0.2484974 -0.2655749 -0.2826569 -0.2992710 -0.3148223 -0.3285857 -0.3397541 -0.3474798 -0.3509820 -0.3496285 -0.3431830 -0.3316261 -0.3152120 -0.2945573 -0.2703929 -0.2434988 -0.2145967 -0.1843143 -0.1531429 -0.1214477 -8.9466594E-02 -5.7337400E-02 -2.5107142E-02 7.2421860E-03 3.9785437E-02 7.2635405E-02 0.1059379 0.1398593 0.1745839 0.2103048 0.2472215 0.2855304 0.3254212 0.3670640 0.4106012 0.4561289 0.5036785 0.5531886 0.6044723 0.6571761 0.7107366 0.7643310 0.8168402 0.8668267 0.9125558 0.9520739 0.9833656 1.004550 1.014214 1.011767 0.9972452 0.9714141 0.9358022 0.8923199 0.8429726 0.7896641 0.7340590 0.6775147 0.6210724
-0.2604461 -0.2809910 -0.3022999 -0.3239872 -0.3455065 -0.3661094 -0.3848532 -0.4006103 -0.4121701 -0.4183671 -0.4183051 -0.4113681 -0.3976004 -0.3776195 -0.3523064 -0.3227825 -0.2901719 -0.2554924 -0.2195634 -0.1830048 -0.1462337 -0.1095057 -7.2935306E-02 -3.6535796E-02 -2.3521716E-04 3.6094420E-02 7.2629184E-02 0.1095745 0.1471639 0.1856454 0.2252834 0.2663477 0.3091135 0.3538506 0.4008187 0.4502515 0.5023442 0.5572258 0.6149306 0.6753523 0.7381911 0.8028838 0.8685297 0.9338077 0.9969187 1.055565 1.107030 1.148382 1.176865 1.190290 1.187328 1.168159 1.134292 1.088041 1.032222 0.9697300 0.9031910 0.8347884 0.7662039 0.6986504
-0.2922657 -0.3174088 -0.3439070 -0.3713771 -0.3992011 -0.4264857 -0.4519987 -0.4741947 -0.4912784 -0.5014387 -0.5031379 -0.4956653 -0.4790452 -0.4540954 -0.4223726 -0.3856198 -0.3455133 -0.3034488 -0.2604967 -0.2173914 -0.1745938 -0.1323361 -9.0687960E-02 -4.9589854E-02 -8.8984035E-03 3.1596970E-02 7.2148569E-02 0.1130442 0.1545937 0.1971285 0.2409938 0.2865489 0.3341605 0.3842019 0.4370419 0.4930377 0.5525154 0.6157479 0.6829157 0.7540571 0.8289958 0.9072469 0.9878966 1.069464 1.149758 1.225784 1.293757 1.349345 1.388159 1.406641 1.403054 1.377562 1.332323 1.271135 1.198405 1.118368 1.034639 0.9500297 0.8665583 0.7855600
-0.3273495 -0.3579700 -0.3907895 -0.4254664 -0.4613795 -0.4974971 -0.5322866 -0.5636203 -0.5888616 -0.6051392 -0.6099785 -0.6017864 -0.5807193 -0.5485193 -0.5076937 -0.4610236 -0.4109607 -0.3594173 -0.3077118 -0.2566758 -0.2067458 -0.1580874 -0.1106635 -6.4310327E-02 -1.8768676E-02 2.6274368E-02 7.1177423E-02 0.1163230 0.1621203 0.2089938 0.2573896 0.3077678 0.3606092 0.4164074 0.4756707 0.5389087 0.6066234 0.6792823 0.7572829 0.8408930 0.9301682 1.024826 1.124077 1.226400 1.329273 1.428901 1.520076 1.596347 1.650835 1.677554 1.672917 1.637390 1.575148 1.492452 1.396171 1.292516 1.186386 1.081283 0.9794830 0.8823201
-0.3657123 -0.4027858 -0.4432049 -0.4867837 -0.5329857 -0.5807632 -0.6282976 -0.6727909 -0.7103236 -0.7361901 -0.7458458 -0.7367561 -0.7091510 -0.6659920 -0.6118976 -0.5513628 -0.4879911 -0.4242572 -0.3616929 -0.3011011 -0.2428044 -0.1867936 -0.1328646 -8.0679558E-02 -2.9831322E-02 2.0138919E-02 6.9713376E-02 0.1193981 0.1697121 0.2211953 0.2744043 0.3299221 0.3883564 0.4503489 0.5165699 0.5877220 0.6645269 0.7477124 0.8379745 0.9359254 1.041999 1.156310 1.278429 1.407061 1.539585 1.671485 1.795786 1.902879 1.981329 2.020484 2.014349 1.963607 1.875497 1.761088 1.631536 1.495908 1.360624 1.229749 1.105576 0.9891710
-0.4072451 -0.4517877 -0.5012080 -0.5555997 -0.6147290 -0.6777386 -0.7427742 -0.8063781 -0.8629572 -0.9047058 -0.9232263 -0.9127281 -0.8738893 -0.8132580 -0.7392156 -0.6590871 -0.5778870 -0.4985877 -0.4226735 -0.3507163 -0.2827172 -0.2183735 -0.1571972 -9.8619260E-02 -4.2020004E-02 1.3230857E-02 6.7777887E-02 0.1222630 0.1773413 0.2336761 0.2919568 0.3528984 0.4172604 0.4858481 0.5595283 0.6392285 0.7259446 0.8207308 0.9246821 1.038887 1.164353 1.301857 1.451701 1.613297 1.784498 1.960566 2.132796 2.287213 2.404873 2.465795 2.456938 2.380039 2.250268 2.087835 1.910770 1.731881 1.558935 1.396035 1.244925 1.105948
