T3-twomodels/gx/model150.grd
DSAA
         100         100
  -15.00000       15.00000    
  -15.00000       15.00000    
  -7.611712       8.242229    
[rows 54 to 80 of 100, columns 0 to 58 of 100]
-1.118251 -1.285360 -1.485985 -1.723357 -2.011654 -2.358766 -2.787590 -3.314735 -3.970498 -4.732683 -5.364478 -5.273397 -4.561888 -3.806776 -3.167795 -2.653997 -2.233060 -1.889488 -1.601618 -1.361613 -1.156502 -0.9823943 -0.8309151 -0.7000243 -0.5839748 -0.4816256 -0.3888634 -0.3049645 -0.2268785 -0.1540182 -8.4031254E-02 -1.6262943E-02 5.1207561E-02 0.1192836 0.1896942 0.2638047 0.3434409 0.4307686 0.5281612 0.6392196 0.7677721 0.9202749 1.104200 1.332599 1.623049 2.007285 2.536517 3.306398 4.463624 6.021194 7.411490 8.084192 8.177772 8.018091 7.765383 7.477751 7.177164 6.872011 6.565362
-1.106881 -1.272840 -1.472275 -1.708449 -1.995564 -2.341556 -2.769356 -3.295628 -3.950699 -4.712407 -5.343907 -5.252905 -4.541801 -3.787277 -3.149099 -2.636281 -2.216470 -1.874117 -1.587524 -1.348814 -1.144991 -0.9721373 -0.8218679 -0.6921286 -0.5771719 -0.4758534 -0.3840660 -0.3010890 -0.2238818 -0.1518642 -8.2695641E-02 -1.5729981E-02 5.0940678E-02 0.1182090 0.1877908 0.2610398 0.3397689 0.4261293 0.5224819 0.6324144 0.7597432 0.9109108 1.093382 1.320199 1.608941 1.991338 2.518616 3.286436 4.441491 5.996739 7.384776 8.055401 8.146959 7.985309 7.730767 7.441498 7.139502 6.833203 6.525695
-1.093082 -1.257577 -1.455489 -1.690108 -1.975681 -2.320190 -2.746632 -3.271725 -3.925871 -4.686967 -5.318271 -5.227327 -4.516579 -3.762820 -3.125705 -2.614196 -2.195863 -1.855108 -1.570166 -1.333122 -1.130934 -0.9596640 -0.8109041 -0.6825935 -0.5689790 -0.4689212 -0.3783152 -0.2964525 -0.2203001 -0.1492923 -8.1098981E-02 -1.5089720E-02 5.0629806E-02 0.1169371 0.1855332 0.2577547 0.3353979 0.4205976 0.5156963 0.6242647 0.7501002 0.8996314 1.080307 1.305160 1.591760 1.971844 2.496644 3.261843 4.414194 5.966768 7.352026 8.019747 8.108512 7.944286 7.687402 7.396060 7.092306 6.784594 6.476051
-1.076678 -1.239341 -1.435323 -1.667953 -1.951527 -2.294097 -2.718735 -3.242257 -3.895140 -4.655363 -5.286176 -5.195346 -4.485265 -3.732549 -3.096863 -2.587078 -2.170688 -1.832000 -1.549181 -1.314245 -1.114111 -0.9448039 -0.7978996 -0.6713259 -0.5593329 -0.4607815 -0.3715813 -0.2910326 -0.2161207 -0.1462919 -7.9235896E-02 -1.4338387E-02 5.0276518E-02 0.1154685 0.1829177 0.2539423 0.3303167 0.4141534 0.5077729 0.6147211 0.7387726 0.8863321 1.064828 1.287275 1.571235 1.948440 2.470134 3.232021 4.380867 5.929725 7.311315 7.975578 8.060996 7.893573 7.633764 7.339853 7.033945 6.724540 6.414793
-1.057481 -1.217870 -1.411430 -1.641527 -1.922525 -2.262557 -2.684810 -3.206216 -3.857400 -4.616463 -5.246819 -5.156088 -4.446707 -3.695378 -3.061590 -2.554097 -2.140250 -1.804240 -1.524128 -1.291852 -1.094269 -0.9273736 -0.7827199 -0.6582341 -0.5481653 -0.4513914 -0.3638329 -0.2848115 -0.2113289 -0.1428557 -7.7100858E-02 -1.3472617E-02 4.9883477E-02 0.1138032 0.1799443 0.2495988 0.3245157 0.4067797 0.4986807 0.6037347 0.7256829 0.8708983 1.046777 1.266309 1.547033 1.920677 2.438491 3.196217 4.340702 5.885155 7.262205 7.921819 8.002790 7.831290 7.567832 7.270770 6.962275 6.650896 6.339816
-1.035285 -1.192880 -1.383416 -1.610308 -1.887987 -2.224701 -2.643776 -3.162332 -3.811173 -4.568586 -5.198063 -5.107500 -4.399282 -3.649863 -3.018654 -2.514214 -2.103716 -1.771172 -1.494511 -1.265568 -1.071140 -0.9071795 -0.7652335 -0.6432244 -0.5354194 -0.4407119 -0.3550483 -0.2777742 -0.2059200 -0.1389801 -7.4692570E-02 -1.2491097E-02 4.9451135E-02 0.1119427 0.1766124 0.2447219 0.3179882 0.3984607 0.4883925 0.5912565 0.7107522 0.8532049 1.025966 1.241981 1.518758 1.888001 2.400970 3.153436 4.292294 5.830784 7.201885 7.855828 7.931379 7.754827 7.486875 7.186007 6.874476 6.560879 6.248418
-1.009897 -1.164076 -1.350863 -1.573703 -1.847115 -2.179471 -2.594299 -3.108959 -3.754563 -4.509695 -5.138156 -5.047769 -4.340947 -3.594154 -2.966467 -2.466151 -2.060081 -1.732039 -1.459771 -1.234997 -1.044442 -0.8840342 -0.7453129 -0.6262200 -0.5210450 -0.4287165 -0.3452126 -0.2699160 -0.1998902 -0.1346654 -7.2010733E-02 -1.1393335E-02 4.8981480E-02 0.1098893 0.1729251 0.2393138 0.3107328 0.3891892 0.4768865 0.5772458 0.6939052 0.8331267 1.002193 1.213983 1.485942 1.849740 2.356622 3.102409 4.234125 5.765267 7.128825 7.775194 7.843616 7.660669 7.387198 7.081808 6.766826 6.450880 6.137162
-0.9811355 -1.131180 -1.313336 -1.531083 -1.799004 -2.125630 -2.534724 -3.044012 -3.685030 -4.436830 -5.063544 -4.973435 -4.268844 -3.525795 -2.903029 -2.408334 -2.008174 -1.685993 -1.419318 -1.199736 -1.013916 -0.8577687 -0.7228593 -0.6071621 -0.5050158 -0.4153942 -0.3343272 -0.2612424 -0.1932489 -0.1299185 -6.9060706E-02 -1.0181662E-02 4.8475526E-02 0.1076479 0.1688893 0.2333823 0.3027571 0.3789668 0.4641549 0.5616725 0.6750791 0.8105440 0.9752510 1.181972 1.448052 1.805075 2.304254 3.041438 4.163764 5.684893 7.038401 7.675200 7.734719 7.543837 7.263703 6.953094 6.634397 6.316224 6.001708
-0.9488713 -1.093944 -1.270437 -1.481802 -1.742680 -2.061741 -2.463051 -2.964807 -3.599232 -4.346161 -4.970520 -4.880747 -4.179193 -3.441575 -2.825796 -2.338887 -1.946660 -1.632130 -1.372558 -1.159414 -0.9793335 -0.8282602 -0.6978093 -0.5860303 -0.4873306 -0.4007590 -0.3224096 -0.2517729 -0.1860128 -0.1247535 -6.5852068E-02 -8.8602072E-03 4.7934733E-02 0.1052247 0.1645162 0.2269429 0.2940771 0.3678087 0.4502051 0.5445291 0.6542322 0.7853599 0.9449461 1.145598 1.404486 1.753033 2.242345 2.968290 4.078228 5.586328 6.926531 7.550349 7.598122 7.397293 7.109277 6.792950 6.470670 6.150926 5.836662
-0.9130412 -1.052217 -1.221838 -1.425285 -1.677162 -1.986249 -2.376908 -2.867970 -3.492646 -4.232088 -4.852448 -4.763225 -4.066614 -3.337191 -2.731606 -2.255611 -1.874111 -1.569559 -1.318970 -1.113741 -0.9405577 -0.7954539 -0.6701638 -0.5628489 -0.4680310 -0.3848539 -0.3095028 -0.2415446 -0.1782136 -0.1191944 -6.2400583E-02 -7.4363430E-03 4.7359385E-02 0.1026280 0.1598234 0.2200191 0.2847233 0.3557477 0.4350690 0.5258359 0.6313614 0.7575167 0.9111230 1.104528 1.354606 1.692473 2.168984 2.879920 3.972847 5.462515 6.784213 7.390843 7.423623 7.210699 6.913857 6.591964 6.267123 5.947460 5.635531
-0.8736979 -1.005965 -1.167377 -1.361105 -1.601600 -1.897584 -2.273644 -2.749296 -3.359210 -4.086802 -4.700907 -4.612485 -3.923580 -3.206969 -2.616596 -2.156110 -1.789125 -1.497529 -1.258185 -1.062580 -0.8975705 -0.7594008 -0.6399977 -0.5377062 -0.4471987 -0.3677563 -0.2956731 -0.2306141 -0.1698949 -0.1132736 -5.8727399E-02 -5.9207436E-03 4.6750799E-02 9.9870518E-02 0.1548328 0.2126453 0.2747397 0.3428386 0.4188070 0.5056546 0.6065142 0.7270248 0.8737013 1.058500 1.297798 1.622137 2.081794 2.772199 3.841188 5.304808 6.600231 7.182751 7.195868 6.968766 6.663211 6.337491 6.012918 5.696801 5.390965
-0.8310286 -0.9553604 -1.107131 -1.289155 -1.515476 -1.794473 -2.150599 -2.603889 -3.190813 -3.898590 -4.501321 -4.414338 -3.739096 -3.043495 -2.476396 -2.038054 -1.690615 -1.415622 -1.190141 -1.006027 -0.8505411 -0.7202822 -0.6074909 -0.5107606 -0.4249761 -0.3495827 -0.2810180 -0.2190578 -0.1611172 -0.1070342 -5.4861106E-02 -4.3266569E-03 4.6109073E-02 9.6966848E-02 0.1495741 0.2048658 0.2641880 0.3291590 0.4015147 0.4840947 0.5798097 0.6939901 0.8327332 1.007410 1.233599 1.540777 1.977968 2.639480 3.673006 5.096603 6.352412 6.901310 6.890107 6.648685 6.337644 6.013361 5.695272 5.389149 5.095655
-0.7854005 -0.9008068 -1.041533 -1.209800 -1.418925 -1.676399 -2.005812 -2.426809 -2.977333 -3.650388 -4.231747 -4.147436 -3.497481 -2.837879 -2.306817 -1.899868 -1.578241 -1.324037 -1.115219 -0.9445044 -0.7998584 -0.6784436 -0.5729305 -0.4822529 -0.4015547 -0.3304914 -0.2656607 -0.2069739 -0.1519528 -0.1005292 -5.0834358E-02 -2.6701484E-03 4.5435619E-02 9.3935400E-02 0.1440843 0.1967373 0.2531464 0.3148141 0.3833263 0.4613263 0.5514509 0.6586499 0.7884614 0.9514344 1.161906 1.447502 1.854616 2.474445 3.452935 4.811944 6.004873 6.505757 6.467610 6.218073 5.912235 5.601460 5.301620 5.016185 4.744408
-0.7373514 -0.8430006 -0.9714188 -1.124068 -1.313053 -1.544342 -1.839301 -2.215178 -2.708614 -3.318628 -3.854909 -3.776450 -3.178283 -2.581883 -2.105823 -1.741856 -1.453043 -1.223870 -1.034409 -0.8788128 -0.7461782 -0.6343906 -0.5367251 -0.4524953 -0.3771897 -0.3106731 -0.2497560 -0.1944750 -0.1424908 -9.3818225E-02 -4.6688564E-02 -9.6905284E-04 4.4730458E-02 9.0797357E-02 0.1384052 0.1883268 0.2417105 0.2999325 0.3644153 0.4375750 0.5217391 0.6213897 0.7413812 0.8911591 1.083297 1.342424 1.709920 2.269146 3.157854 4.402561 5.488979 5.926520 5.872738 5.638583 5.363108 5.088298 4.825377 4.575703 4.337688
-0.6875554 -0.7829468 -0.8980224 -1.033757 -1.200151 -1.401482 -1.654765 -1.972366 -2.382543 -2.883224 -3.323229 -3.258136 -2.766499 -2.275137 -1.877105 -1.567612 -1.318041 -1.117271 -0.9493904 -0.8101124 -0.6904315 -0.5887610 -0.4994108 -0.4218490 -0.3521966 -0.2903360 -0.2334941 -0.1816788 -0.1328404 -8.6959325E-02 -4.2475179E-02 7.6313742E-04 4.3989789E-02 8.7579943E-02 0.1325826 0.1797092 0.2299900 0.2846621 0.3449929 0.4131170 0.4910704 0.5827428 0.6922733 0.8276691 0.9993485 1.227571 1.545686 2.020689 2.764184 3.800167 4.705417 5.079852 5.058132 4.891397 4.687827 4.479607 4.275808 4.078079 3.885785
-0.6367659 -0.7219219 -0.8228720 -0.9413667 -1.083591 -1.253373 -1.460549 -1.712337 -2.020199 -2.370303 -2.652205 -2.610377 -2.288444 -1.937047 -1.633397 -1.384713 -1.178317 -1.007355 -0.8624603 -0.7398398 -0.6337817 -0.5422793 -0.4616279 -0.3907005 -0.3269491 -0.2696923 -0.2170967 -0.1686997 -0.1231297 -8.0006912E-02 -3.8256627E-02 2.5152112E-03 4.3206651E-02 8.4312640E-02 0.1266661 0.1709640 0.2181086 0.2691596 0.3253025 0.3882587 0.4599247 0.5433506 0.6421735 0.7625091 0.9127175 1.107479 1.370360 1.744047 2.291380 3.013443 3.664658 4.003543 4.080120 4.033182 3.935721 3.816169 3.686039 3.550147 3.410524
-0.5861026 -0.6609796 -0.7480378 -0.8493323 -0.9678362 -1.106433 -1.268722 -1.456677 -1.667644 -1.879483 -2.023123 -2.001330 -1.829025 -1.607353 -1.393463 -1.203952 -1.039651 -0.8981839 -0.7758831 -0.6698732 -0.5772486 -0.4959341 -0.4238724 -0.3596165 -0.3016977 -0.2490822 -0.2006889 -0.1557441 -0.1134147 -7.3077932E-02 -3.4045439E-02 4.2387052E-03 4.2401418E-02 8.1010208E-02 0.1207130 0.1621775 0.2061799 0.2536169 0.3055634 0.3633761 0.4287547 0.5039964 0.5921514 0.6975983 0.8265736 0.9885478 1.197753 1.474962 1.841510 2.282901 2.702385 2.995238 3.148538 3.205409 3.204098 3.166993 3.106530 3.029801 2.940992
-0.5365397 -0.6012818 -0.6753902 -0.7601681 -0.8569900 -0.9669199 -1.090246 -1.224873 -1.363235 -1.486102 -1.558495 -1.546281 -1.454195 -1.319575 -1.174453 -1.035159 -0.9077073 -0.7935084 -0.6919814 -0.6019316 -0.5219249 -0.4506119 -0.3867059 -0.3290913 -0.2767457 -0.2287944 -0.1844368 -0.1429809 -0.1037811 -6.6263475E-02 -2.9874966E-02 5.9006619E-03 4.1583404E-02 7.7692173E-02 0.1147780 0.1534328 0.1943215 0.2382098 0.2860056 0.3388180 0.3980281 0.4654111 0.5432812 0.6347382 0.7439644 0.8766383 1.040136 1.242684 1.488504 1.765798 2.037852 2.263050 2.423249 2.523345 2.576032 2.592974 2.582874 2.551882 2.504304
-0.4887634 -0.5440441 -0.6063051 -0.6761622 -0.7539684 -0.8395423 -0.9315398 -1.026452 -1.116909 -1.190114 -1.229031 -1.221113 -1.167918 -1.083815 -0.9853961 -0.8842663 -0.7868401 -0.6960375 -0.6128650 -0.5373153 -0.4689172 -0.4069780 -0.3507503 -0.2994804 -0.2524596 -0.2090225 -0.1685614 -0.1305124 -9.4357930E-02 -5.9610210E-02 -2.5808847E-02 7.4946671E-03 4.0743336E-02 7.4389994E-02 0.1089077 0.1448069 0.1826527 0.2230884 0.2668641 0.3148721 0.3681996 0.4281866 0.4965132 0.5752870 0.6671451 0.7752574 0.9030772 1.053312 1.225436 1.412027 1.598074 1.765961 1.903334 2.006440 2.077237 2.119783 2.138333 2.136637 2.117787
-0.4434099 -0.4901254 -0.5418770 -0.5987726 -0.6605940 -0.7265002 -0.7946558 -0.8616239 -0.9218350 -0.9675095 -0.9902769 -0.9843770 -0.9505235 -0.8953040 -0.8271448 -0.7534184 -0.6791949 -0.6075082 -0.5399119 -0.4770558 -0.4190294 -0.3656282 -0.3164766 -0.2711326 -0.2291206 -0.1899726 -0.1532296 -0.1184582 -8.5240170E-02 -5.3179882E-02 -2.1890819E-02 9.0029789E-03 3.9880261E-02 7.1126364E-02 0.1031455 0.1363701 0.1712747 0.2083918 0.2483293 0.2917946 0.3396202 0.3927970 0.4525020 0.5201243 0.5972477 0.6855549 0.7865207 0.9007748 1.027052 1.161120 1.295395 1.421206 1.531685 1.622780 1.693138 1.743246 1.774505 1.788630 1.787347
-0.4009344 -0.4400987 -0.4827586 -0.5287423 -0.5775261 -0.6280788 -0.6785989 -0.7263077 -0.7673071 -0.7969164 -0.8106147 -0.8058964 -0.7830228 -0.7449923 -0.6964632 -0.6419742 -0.5851781 -0.5286053 -0.4738489 -0.4217816 -0.3728032 -0.3269919 -0.2842407 -0.2443225 -0.2069538 -0.1718154 -0.1385809 -0.1069197 -7.6508038E-02 -4.7025476E-02 -1.8157449E-02 1.0410603E-02 3.8995136E-02 6.7921788E-02 9.7530372E-02 0.1281832 0.1602736 0.1942354 0.2305551 0.2697823 0.3125453 0.3595579 0.4116291 0.4696442 0.5345277 0.6071236 0.6879875 0.7770212 0.8730055 0.9732344 1.073905 1.170488 1.258567 1.334972 1.397923 1.446716 1.481395 1.502460 1.510648
-0.3616225 -0.3942518 -0.4292223 -0.4662048 -0.5045910 -0.5433630 -0.5810055 -0.6154071 -0.6439520 -0.6637908 -0.6724715 -0.6684265 -0.6518409 -0.6244899 -0.5889175 -0.5479431 -0.5040627 -0.4592384 -0.4148428 -0.3717684 -0.3305204 -0.2913393 -0.2542728 -0.2192511 -0.1861214 -0.1546872 -0.1247208 -9.5983073E-02 -6.8224430E-02 -4.1194357E-02 -1.4637498E-02 1.1702505E-02 3.8088821E-02 6.4791530E-02 9.2093676E-02 0.1202946 0.1497162 0.1807079 0.2136527 0.2489729 0.2871330 0.3286414 0.3740397 0.4238832 0.4786896 0.5388576 0.6045241 0.6753883 0.7505327 0.8283267 0.9062695 0.9815763 1.051747 1.114598 1.168489 1.212410 1.245873 1.268776 1.281278
-0.3255858 -0.3526563 -0.3812162 -0.4108937 -0.4410825 -0.4709024 -0.4991362 -0.5242547 -0.5444806 -0.5580233 -0.5633655 -0.5598195 -0.5474356 -0.5270613 -0.5002859 -0.4688871 -0.4345800 -0.3988041 -0.3626779 -0.3269889 -0.2922572 -0.2587800 -0.2266987 -0.1960345 -0.1667320 -0.1386783 -0.1117277 -8.5709125E-02 -6.0438499E-02 -3.5720497E-02 -1.1354201E-02 1.2868689E-02 3.7162136E-02 6.1748616E-02 8.6860083E-02 0.1127414 0.1396524 0.1678711 0.1976959 0.2294461 0.2634619 0.3000979 0.3397132 0.3826445 0.4291728 0.4794571 0.5334594 0.5908410 0.6508675 0.7123576 0.7739370 0.8339488 0.8905351 0.9421003 0.9873971 1.025495 1.055774 1.077886 1.091698
-0.2928117 -0.3152035 -0.3384857 -0.3622832 -0.3860603 -0.4090807 -0.4304158 -0.4489518 -0.4634953 -0.4728993 -0.4762858 -0.4730597 -0.4632884 -0.4476157 -0.4269526 -0.4024499 -0.3752668 -0.3464591 -0.3168881 -0.2872196 -0.2579217 -0.2293050 -0.2015453 -0.1747223 -0.1488379 -0.1238432 -9.9648565E-02 -7.6140016E-02 -5.3182367E-02 -3.0629348E-02 -8.3229970E-03 1.3901171E-02 3.6216360E-02 5.8802310E-02 8.1847362E-02 0.1055489 0.1301145 0.1557629 0.1827233 0.2112349 0.2415429 0.2738925 0.3085153 0.3456117 0.3853197 0.4276792 0.4725789 0.5197131 0.5685535 0.6183490 0.6679856 0.7162652 0.7621101 0.8044261 0.8422093 0.8746516 0.9011484 0.9212803 0.9347907
-0.2631835 -0.2816770 -0.3006404 -0.3197369 -0.3385035 -0.3563565 -0.3725836 -0.3863903 -0.3969442 -0.4034818 -0.4053868 -0.4024419 -0.3946480 -0.3822827 -0.3659889 -0.3465239 -0.3246976 -0.3012654 -0.2768907 -0.2521047 -0.2273150 -0.2028068 -0.1787681 -0.1553016 -0.1324485 -0.1101981 -8.8505231E-02 -6.7295112E-02 -4.6474509E-02 -2.5933912E-02 -5.5534183E-03 1.4796627E-02 3.5252754E-02 5.5959322E-02 7.7066787E-02 9.8732419E-02 0.1211201 0.1443995 0.1687454 0.1943340 0.2213406 0.2499305 0.2802515 0.3124146 0.3464785 0.3824190 0.4201059 0.4592701 0.4994782 0.5401189 0.5805748 0.6200873 0.6577236 0.6926418 0.7241126 0.7514952 0.7742617 0.7920048 0.8044322
-0.2365253 -0.2517852 -0.2672358 -0.2825773 -0.2974323 -0.3113342 -0.3237522 -0.3341032 -0.3418157 -0.3463773 -0.3474255 -0.3446749 -0.3381561 -0.3281561 -0.3150420 -0.2993264 -0.2815640 -0.2623091 -0.2420563 -0.2212308 -0.2001670 -0.1791198 -0.1582653 -0.1377175 -0.1175342 -9.7732924E-02 -7.8295231E-02 -5.9178777E-02 -4.0319506E-02 -2.1639664E-02 -3.0483119E-03 1.5553413E-02 3.4273010E-02 5.3223465E-02 7.2523989E-02 9.2298098E-02 0.1126735 0.1337803 0.1557496 0.1787103 0.2027848 0.2280834 0.2546951 0.2826776 0.3120407 0.3427332 0.3746227 0.4074858 0.4410076 0.4747902 0.5082332 0.5407148 0.5717034 0.6006085 0.6268345 0.6498532 0.6692163 0.6845571 0.6955915
-0.2126184 -0.2252105 -0.2378057 -0.2501537 -0.2619425 -0.2728123 -0.2823566 -0.2901564 -0.2957973 -0.2989199 -0.2992349 -0.2966760 -0.2912311 -0.2829912 -0.2722522 -0.2593640 -0.2447266 -0.2287366 -0.2117720 -0.1941600 -0.1761768 -0.1580366 -0.1399011 -0.1218793 -0.1040393 -8.6411573E-02 -6.8998709E-02 -5.1778514E-02 -3.4711499E-02 -1.7742528E-02 -8.0577453E-04 1.6174071E-02 3.3278834E-02 5.0596736E-02 6.8220116E-02 8.6244844E-02 0.1047689 0.1238907 0.1437075 0.1643112 0.1857864 0.2082034 0.2316137 0.2560389 0.2814642 0.3078247 0.3349985 0.3627942 0.3909411 0.4190807 0.4468957 0.4739856 0.4998159 0.5239040 0.5458176 0.5651476 0.5815257 0.5946367 0.6042230
