T3-twomodels/gx/model150.grd
DSAA
         100         100
  -15.00000       15.00000    
  -15.00000       15.00000    
  -7.611712       8.242229    
[rows 27 to 53 of 100, columns 0 to 58 of 100]
-0.5365385 -0.6012809 -0.6753895 -0.7601673 -0.8569888 -0.9669186 -1.090245 -1.224873 -1.363235 -1.486101 -1.558492 -1.546278 -1.454193 -1.319574 -1.174452 -1.035158 -0.9077067 -0.7935078 -0.6919810 -0.6019309 -0.5219238 -0.4506106 -0.3867049 -0.3290906 -0.2767452 -0.2287943 -0.1844364 -0.1429804 -0.1037808 -6.6263266E-02 -2.9874954E-02 5.9004412E-03 4.1582972E-02 7.7691726E-02 0.1147777 0.1534328 0.1943217 0.2382101 0.2860058 0.3388177 0.3980273 0.4654104 0.5432805 0.6347375 0.7439639 0.8766381 1.040136 1.242684 1.488503 1.765796 2.037848 2.263046 2.423245 2.523343 2.576030 2.592971 2.582872 2.551880 2.504302
-0.5861017 -0.6609787 -0.7480373 -0.8493319 -0.9678354 -1.106432 -1.268722 -1.456676 -1.667643 -1.879481 -2.023120 -2.001327 -1.829023 -1.607352 -1.393461 -1.203952 -1.039651 -0.8981835 -0.7758827 -0.6698728 -0.5772476 -0.4959329 -0.4238716 -0.3596161 -0.3016974 -0.2490820 -0.2006886 -0.1557439 -0.1134144 -7.3077716E-02 -3.4045339E-02 4.2385887E-03 4.2401038E-02 8.1009679E-02 0.1207129 0.1621776 0.2061801 0.2536173 0.3055635 0.3633760 0.4287542 0.5039959 0.5921509 0.6975977 0.8265732 0.9885476 1.197753 1.474962 1.841509 2.282898 2.702380 2.995233 3.148534 3.205405 3.204095 3.166990 3.106528 3.029799 2.940990
-0.6367652 -0.7219213 -0.8228717 -0.9413661 -1.083590 -1.253372 -1.460548 -1.712336 -2.020198 -2.370301 -2.652201 -2.610373 -2.288441 -1.937045 -1.633395 -1.384712 -1.178316 -1.007354 -0.8624597 -0.7398392 -0.6337807 -0.5422780 -0.4616270 -0.3907000 -0.3269488 -0.2696918 -0.2170963 -0.1686994 -0.1231295 -8.0006853E-02 -3.8256694E-02 2.5148620E-03 4.3206118E-02 8.4312186E-02 0.1266658 0.1709640 0.2181089 0.2691601 0.3253027 0.3882585 0.4599243 0.5433503 0.6421732 0.7625086 0.9127173 1.107478 1.370359 1.744047 2.291378 3.013438 3.664652 4.003537 4.080114 4.033178 3.935718 3.816166 3.686036 3.550145 3.410522
-0.6875549 -0.7829463 -0.8980222 -1.033757 -1.200151 -1.401482 -1.654765 -1.972366 -2.382543 -2.883223 -3.323226 -3.258132 -2.766498 -2.275136 -1.877105 -1.567611 -1.318040 -1.117270 -0.9493896 -0.8101117 -0.6904303 -0.5887598 -0.4994099 -0.4218484 -0.3521961 -0.2903355 -0.2334937 -0.1816787 -0.1328403 -8.6959280E-02 -4.2475168E-02 7.6278817E-04 4.3989554E-02 8.7579645E-02 0.1325824 0.1797092 0.2299903 0.2846623 0.3449930 0.4131168 0.4910700 0.5827423 0.6922730 0.8276688 0.9993482 1.227571 1.545686 2.020689 2.764184 3.800164 4.705412 5.079846 5.058128 4.891394 4.687825 4.479605 4.275806 4.078077 3.885784
-0.7373506 -0.8429998 -0.9714184 -1.124067 -1.313053 -1.544341 -1.839300 -2.215178 -2.708613 -3.318626 -3.854907 -3.776448 -3.178282 -2.581882 -2.105822 -1.741855 -1.453042 -1.223869 -1.034408 -0.8788121 -0.7461770 -0.6343892 -0.5367241 -0.4524945 -0.3771891 -0.3106728 -0.2497558 -0.1944747 -0.1424905 -9.3817823E-02 -4.6688400E-02 -9.6899463E-04 4.4730108E-02 9.0797007E-02 0.1384051 0.1883268 0.2417107 0.2999329 0.3644155 0.4375748 0.5217384 0.6213892 0.7413807 0.8911588 1.083296 1.342423 1.709920 2.269147 3.157854 4.402559 5.488976 5.926517 5.872736 5.638580 5.363105 5.088296 4.825375 4.575701 4.337687
-0.7854001 -0.9008065 -1.041532 -1.209800 -1.418924 -1.676399 -2.005811 -2.426809 -2.977334 -3.650388 -4.231745 -4.147435 -3.497481 -2.837878 -2.306816 -1.899867 -1.578240 -1.324036 -1.115219 -0.9445036 -0.7998574 -0.6784424 -0.5729294 -0.4822524 -0.4015549 -0.3304911 -0.2656603 -0.2069734 -0.1519527 -0.1005289 -5.0834291E-02 -2.6702648E-03 4.5435224E-02 9.3934953E-02 0.1440842 0.1967375 0.2531466 0.3148146 0.3833266 0.4613263 0.5514506 0.6586494 0.7884609 0.9514340 1.161905 1.447502 1.854616 2.474445 3.452935 4.811942 6.004871 6.505756 6.467609 6.218071 5.912234 5.601459 5.301619 5.016184 4.744407
-0.8310283 -0.9553602 -1.107131 -1.289154 -1.515475 -1.794471 -2.150597 -2.603889 -3.190814 -3.898589 -4.501320 -4.414336 -3.739095 -3.043495 -2.476395 -2.038052 -1.690614 -1.415621 -1.190140 -1.006025 -0.8505397 -0.7202806 -0.6074898 -0.5107601 -0.4249755 -0.3495823 -0.2810176 -0.2190574 -0.1611168 -0.1070339 -5.4861013E-02 -4.3268665E-03 4.6108700E-02 9.6966535E-02 0.1495742 0.2048658 0.2641883 0.3291594 0.4015149 0.4840949 0.5798092 0.6939896 0.8327329 1.007409 1.233598 1.540776 1.977968 2.639480 3.673006 5.096602 6.352411 6.901309 6.890107 6.648684 6.337643 6.013360 5.695271 5.389147 5.095654
-0.8736976 -1.005965 -1.167378 -1.361104 -1.601600 -1.897583 -2.273644 -2.749296 -3.359212 -4.086803 -4.700907 -4.612484 -3.923581 -3.206969 -2.616595 -2.156109 -1.789123 -1.497528 -1.258184 -1.062579 -0.8975693 -0.7593994 -0.6399968 -0.5377054 -0.4471984 -0.3677557 -0.2956727 -0.2306140 -0.1698947 -0.1132732 -5.8727387E-02 -5.9209415E-03 4.6750460E-02 9.9870168E-02 0.1548326 0.2126450 0.2747397 0.3428390 0.4188071 0.5056543 0.6065137 0.7270244 0.8737009 1.058499 1.297797 1.622136 2.081793 2.772199 3.841188 5.304808 6.600230 7.182750 7.195868 6.968766 6.663210 6.337490 6.012917 5.696800 5.390964
-0.9130410 -1.052217 -1.221838 -1.425284 -1.677161 -1.986248 -2.376907 -2.867970 -3.492648 -4.232088 -4.852447 -4.763225 -4.066613 -3.337191 -2.731606 -2.255610 -1.874110 -1.569558 -1.318968 -1.113740 -0.9405562 -0.7954525 -0.6701624 -0.5628479 -0.4680299 -0.3848529 -0.3095025 -0.2415441 -0.1782133 -0.1191940 -6.2400553E-02 -7.4364478E-03 4.7359176E-02 0.1026276 0.1598230 0.2200190 0.2847234 0.3557478 0.4350691 0.5258356 0.6313613 0.7575164 0.9111225 1.104527 1.354605 1.692472 2.168984 2.879920 3.972847 5.462515 6.784213 7.390843 7.423623 7.210699 6.913857 6.591963 6.267122 5.947460 5.635530
-0.9488710 -1.093944 -1.270437 -1.481802 -1.742680 -2.061740 -2.463051 -2.964808 -3.599234 -4.346162 -4.970520 -4.880747 -4.179193 -3.441575 -2.825796 -2.338885 -1.946658 -1.632129 -1.372558 -1.159413 -0.9793325 -0.8282590 -0.6978084 -0.5860295 -0.4873302 -0.4007590 -0.3224097 -0.2517725 -0.1860126 -0.1247533 -6.5852121E-02 -8.8601029E-03 4.7934417E-02 0.1052241 0.1645161 0.2269429 0.2940771 0.3678086 0.4502053 0.5445288 0.6542317 0.7853596 0.9449458 1.145598 1.404485 1.753031 2.242345 2.968290 4.078228 5.586328 6.926531 7.550350 7.598123 7.397294 7.109277 6.792950 6.470670 6.150926 5.836662
-0.9811352 -1.131180 -1.313336 -1.531083 -1.799003 -2.125629 -2.534722 -3.044011 -3.685031 -4.436831 -5.063544 -4.973435 -4.268844 -3.525795 -2.903028 -2.408332 -2.008173 -1.685991 -1.419317 -1.199735 -1.013914 -0.8577676 -0.7228583 -0.6071617 -0.5050155 -0.4153938 -0.3343270 -0.2612419 -0.1932484 -0.1299181 -6.9060765E-02 -1.0181813E-02 4.8475280E-02 0.1076476 0.1688890 0.2333823 0.3027572 0.3789667 0.4641550 0.5616723 0.6750788 0.8105440 0.9752508 1.181971 1.448052 1.805074 2.304252 3.041437 4.163764 5.684893 7.038400 7.675199 7.734719 7.543837 7.263702 6.953092 6.634396 6.316224 6.001707
-1.009897 -1.164077 -1.350863 -1.573703 -1.847115 -2.179471 -2.594298 -3.108959 -3.754564 -4.509695 -5.138156 -5.047768 -4.340947 -3.594155 -2.966466 -2.466149 -2.060079 -1.732039 -1.459771 -1.234996 -1.044441 -0.8840334 -0.7453118 -0.6262198 -0.5210453 -0.4287163 -0.3452126 -0.2699157 -0.1998900 -0.1346655 -7.2010554E-02 -1.1393650E-02 4.8981212E-02 0.1098891 0.1729248 0.2393139 0.3107331 0.3891897 0.4768870 0.5772458 0.6939051 0.8331267 1.002192 1.213982 1.485942 1.849739 2.356622 3.102408 4.234125 5.765267 7.128824 7.775192 7.843616 7.660669 7.387198 7.081808 6.766826 6.450880 6.137162
-1.035285 -1.192880 -1.383416 -1.610308 -1.887986 -2.224700 -2.643775 -3.162332 -3.811174 -4.568587 -5.198062 -5.107500 -4.399282 -3.649863 -3.018653 -2.514213 -2.103715 -1.771171 -1.494511 -1.265567 -1.071139 -0.9071785 -0.7652326 -0.6432239 -0.5354197 -0.4407117 -0.3550484 -0.2777738 -0.2059195 -0.1389799 -7.4692592E-02 -1.2491458E-02 4.9450647E-02 0.1119422 0.1766120 0.2447217 0.3179884 0.3984611 0.4883927 0.5912567 0.7107522 0.8532048 1.025966 1.241981 1.518757 1.888000 2.400969 3.153436 4.292294 5.830783 7.201885 7.855828 7.931380 7.754827 7.486874 7.186006 6.874475 6.560879 6.248418
-1.057481 -1.217870 -1.411430 -1.641527 -1.922525 -2.262556 -2.684808 -3.206215 -3.857401 -4.616464 -5.246819 -5.156088 -4.446707 -3.695378 -3.061589 -2.554096 -2.140249 -1.804240 -1.524127 -1.291851 -1.094269 -0.9273728 -0.7827195 -0.6582338 -0.5481657 -0.4513918 -0.3638327 -0.2848111 -0.2113290 -0.1428561 -7.7101171E-02 -1.3473257E-02 4.9882744E-02 0.1138026 0.1799438 0.2495985 0.3245156 0.4067799 0.4986810 0.6037345 0.7256827 0.8708981 1.046777 1.266308 1.547032 1.920676 2.438490 3.196216 4.340702 5.885155 7.262205 7.921819 8.002791 7.831291 7.567832 7.270768 6.962275 6.650896 6.339816
-1.076679 -1.239342 -1.435323 -1.667953 -1.951526 -2.294096 -2.718732 -3.242255 -3.895141 -4.655364 -5.286177 -5.195344 -4.485265 -3.732549 -3.096862 -2.587076 -2.170687 -1.831998 -1.549180 -1.314244 -1.114111 -0.9448025 -0.7978989 -0.6713259 -0.5593325 -0.4607815 -0.3715810 -0.2910327 -0.2161201 -0.1462916 -7.9235971E-02 -1.4338898E-02 5.0275993E-02 0.1154678 0.1829175 0.2539421 0.3303168 0.4141536 0.5077732 0.6147212 0.7387725 0.8863321 1.064828 1.287275 1.571235 1.948439 2.470132 3.232021 4.380867 5.929725 7.311315 7.975577 8.060997 7.893574 7.633764 7.339852 7.033943 6.724540 6.414793
-1.093082 -1.257577 -1.455490 -1.690108 -1.975680 -2.320189 -2.746630 -3.271725 -3.925873 -4.686968 -5.318271 -5.227327 -4.516580 -3.762820 -3.125705 -2.614195 -2.195863 -1.855107 -1.570166 -1.333122 -1.130934 -0.9596632 -0.8109037 -0.6825933 -0.5689794 -0.4689209 -0.3783154 -0.2964524 -0.2203000 -0.1492920 -8.1099011E-02 -1.5090139E-02 5.0629139E-02 0.1169367 0.1855327 0.2577544 0.3353978 0.4205977 0.5156965 0.6242646 0.7500998 0.8996312 1.080307 1.305159 1.591759 1.971843 2.496643 3.261843 4.414195 5.966768 7.352026 8.019748 8.108513 7.944288 7.687402 7.396060 7.092305 6.784594 6.476052
-1.106881 -1.272840 -1.472275 -1.708449 -1.995563 -2.341554 -2.769354 -3.295628 -3.950700 -4.712408 -5.343908 -5.252905 -4.541801 -3.787277 -3.149098 -2.636281 -2.216469 -1.874116 -1.587523 -1.348813 -1.144990 -0.9721368 -0.8218679 -0.6921284 -0.5771721 -0.4758538 -0.3840658 -0.3010889 -0.2238815 -0.1518643 -8.2695641E-02 -1.5730701E-02 5.0939910E-02 0.1182081 0.1877907 0.2610395 0.3397687 0.4261293 0.5224823 0.6324144 0.7597430 0.9109104 1.093382 1.320199 1.608940 1.991337 2.518615 3.286436 4.441491 5.996740 7.384776 8.055403 8.146959 7.985311 7.730767 7.441497 7.139502 6.833203 6.525695
-1.118252 -1.285360 -1.485985 -1.723357 -2.011653 -2.358764 -2.787588 -3.314735 -3.970500 -4.732685 -5.364479 -5.273398 -4.561888 -3.806777 -3.167795 -2.653997 -2.233059 -1.889488 -1.601618 -1.361613 -1.156502 -0.9823935 -0.8309149 -0.7000241 -0.5839748 -0.4816258 -0.3888631 -0.3049642 -0.2268781 -0.1540176 -8.4031485E-02 -1.6263291E-02 5.1206876E-02 0.1192828 0.1896934 0.2638044 0.3434408 0.4307688 0.5281612 0.6392198 0.7677722 0.9202747 1.104200 1.332599 1.623049 2.007284 2.536517 3.306399 4.463625 6.021195 7.411490 8.084192 8.177774 8.018093 7.765383 7.477752 7.177164 6.872012 6.565363
-1.127343 -1.295337 -1.496866 -1.735149 -2.024329 -2.372279 -2.801857 -3.329650 -3.985911 -4.748415 -5.380271 -5.289159 -4.577486 -3.821954 -3.182386 -2.667855 -2.246081 -1.901590 -1.612755 -1.371760 -1.165661 -0.9905788 -0.8381584 -0.7063620 -0.5894498 -0.4862798 -0.3927394 -0.3080988 -0.2293050 -0.1557627 -8.5113049E-02 -1.6692176E-02 5.1428027E-02 0.1201613 0.1912449 0.2660546 0.3464261 0.4345341 0.5327629 0.6447229 0.7742515 0.9278125 1.112885 1.342523 1.634309 2.019969 2.550713 3.322176 4.481011 6.040128 7.432054 8.106521 8.201797 8.043669 7.792377 7.506015 7.206524 6.902271 6.596311
-1.134283 -1.302930 -1.505126 -1.744069 -2.033895 -2.382447 -2.812569 -3.340820 -3.997441 -4.760196 -5.392240 -5.301076 -4.589151 -3.833308 -3.193310 -2.678256 -2.255873 -1.910717 -1.621174 -1.379453 -1.172621 -0.9968174 -0.8436907 -0.7112134 -0.5936482 -0.4898563 -0.3957212 -0.3105137 -0.2311756 -0.1571082 -8.5946210E-02 -1.7020991E-02 5.1602315E-02 0.1208436 0.1924481 0.2677976 0.3487353 0.4374439 0.5363140 0.6489633 0.7792349 0.9335984 1.119537 1.350109 1.642893 2.029618 2.561485 3.334123 4.494202 6.054679 7.447898 8.123490 8.219872 8.062849 7.812596 7.527175 7.228500 6.924924 6.619484
-1.139168 -1.308264 -1.510914 -1.750311 -2.040572 -2.389533 -2.820017 -3.348577 -4.005432 -4.768328 -5.400357 -5.309183 -4.597217 -3.841175 -3.200897 -2.685485 -2.262694 -1.917084 -1.627061 -1.384842 -1.177508 -1.001204 -0.8475886 -0.7146367 -0.5966161 -0.4923865 -0.3978337 -0.3122256 -0.2325028 -0.1580625 -8.6537145E-02 -1.7253706E-02 5.1727254E-02 0.1213307 0.1933051 0.2690379 0.3503778 0.4395112 0.5388346 0.6519689 0.7827633 0.9376895 1.124234 1.355455 1.648934 2.036394 2.569037 3.342481 4.503362 6.064564 7.458580 8.135110 8.232388 8.076163 7.826634 7.541862 7.243755 6.940648 6.635572
-1.142072 -1.311429 -1.514346 -1.754003 -2.044518 -2.393713 -2.824409 -3.353143 -4.010138 -4.773139 -5.405289 -5.314085 -4.601975 -3.845808 -3.205361 -2.689748 -2.266716 -1.920846 -1.630542 -1.388034 -1.180404 -1.003808 -0.8499048 -0.7166734 -0.5983828 -0.4938946 -0.3990932 -0.3132475 -0.2332949 -0.1586326 -8.6890012E-02 -1.7391959E-02 5.1803224E-02 0.1216223 0.1938182 0.2697807 0.3513604 0.4407473 0.5403404 0.6537639 0.7848680 0.9401277 1.127030 1.358635 1.652522 2.040416 2.573513 3.347433 4.508832 6.070652 7.465218 8.142142 8.239815 8.084017 7.834904 7.550512 7.252735 6.949906 6.645045
-1.143034 -1.312479 -1.515481 -1.755227 -2.045823 -2.395096 -2.825859 -3.354653 -4.011688 -4.774702 -5.406783 -5.315589 -4.603532 -3.847333 -3.206837 -2.691155 -2.268048 -1.922089 -1.631695 -1.389090 -1.181365 -1.004671 -0.8506735 -0.7173499 -0.5989701 -0.4943957 -0.3995119 -0.3135871 -0.2335585 -0.1588220 -8.7007381E-02 -1.7438130E-02 5.1828615E-02 0.1217198 0.1939895 0.2700280 0.3516874 0.4411587 0.5408412 0.6543605 0.7855679 0.9409377 1.127959 1.359690 1.653713 2.041749 2.574997 3.349070 4.510599 6.072459 7.467137 8.144319 8.242229 8.086602 7.837634 7.553367 7.255701 6.952962 6.648172
-1.142071 -1.311429 -1.514346 -1.754003 -2.044518 -2.393713 -2.824410 -3.353143 -4.010138 -4.773139 -5.405289 -5.314085 -4.601975 -3.845808 -3.205361 -2.689748 -2.266717 -1.920846 -1.630542 -1.388034 -1.180405 -1.003808 -0.8499049 -0.7166737 -0.5983827 -0.4938949 -0.3990936 -0.3132480 -0.2332955 -0.1586331 -8.6889967E-02 -1.7392077E-02 5.1803246E-02 0.1216224 0.1938184 0.2697808 0.3513603 0.4407472 0.5403404 0.6537639 0.7848683 0.9401275 1.127030 1.358635 1.652522 2.040416 2.573513 3.347433 4.508832 6.070652 7.465218 8.142140 8.239815 8.084017 7.834906 7.550511 7.252735 6.949905 6.645045
-1.139167 -1.308264 -1.510915 -1.750311 -2.040572 -2.389534 -2.820018 -3.348577 -4.005432 -4.768327 -5.400357 -5.309183 -4.597217 -3.841175 -3.200897 -2.685486 -2.262695 -1.917084 -1.627061 -1.384842 -1.177508 -1.001204 -0.8475885 -0.7146363 -0.5966160 -0.4923862 -0.3978336 -0.3122258 -0.2325032 -0.1580628 -8.6537108E-02 -1.7253567E-02 5.1727694E-02 0.1213312 0.1933053 0.2690384 0.3503779 0.4395113 0.5388345 0.6519690 0.7827636 0.9376897 1.124234 1.355455 1.648934 2.036395 2.569037 3.342481 4.503361 6.064564 7.458580 8.135110 8.232388 8.076163 7.826635 7.541863 7.243755 6.940648 6.635571
-1.134282 -1.302929 -1.505125 -1.744069 -2.033896 -2.382448 -2.812570 -3.340820 -3.997440 -4.760196 -5.392240 -5.301075 -4.589151 -3.833307 -3.193310 -2.678256 -2.255873 -1.910717 -1.621174 -1.379454 -1.172622 -0.9968178 -0.8436906 -0.7112136 -0.5936487 -0.4898563 -0.3957210 -0.3105145 -0.2311759 -0.1571084 -8.5946016E-02 -1.7021177E-02 5.1602606E-02 0.1208439 0.1924484 0.2677976 0.3487355 0.4374439 0.5363139 0.6489629 0.7792346 0.9335984 1.119537 1.350108 1.642893 2.029618 2.561485 3.334122 4.494201 6.054678 7.447897 8.123489 8.219871 8.062847 7.812596 7.527174 7.228500 6.924924 6.619483
-1.127342 -1.295337 -1.496866 -1.735148 -2.024330 -2.372281 -2.801858 -3.329651 -3.985910 -4.748414 -5.380270 -5.289158 -4.577484 -3.821954 -3.182387 -2.667856 -2.246082 -1.901590 -1.612755 -1.371760 -1.165661 -0.9905796 -0.8381585 -0.7063617 -0.5894499 -0.4862795 -0.3927395 -0.3080993 -0.2293055 -0.1557630 -8.5113108E-02 -1.6692119E-02 5.1428333E-02 0.1201619 0.1912454 0.2660549 0.3464261 0.4345342 0.5327630 0.6447229 0.7742518 0.9278124 1.112885 1.342523 1.634309 2.019969 2.550714 3.322175 4.481011 6.040127 7.432053 8.106519 8.201796 8.043668 7.792376 7.506016 7.206525 6.902271 6.596309
