T3-twomodels/gx/model120.grd
DSAA
         100         100
  -15.00000       15.00000    
  -15.00000       15.00000    
  -7.966006       12.30233    
[rows 52 to 77 of 100, columns 0 to 59 of 100]
-1.107111 -1.273977 -1.474243 -1.711102 -1.998665 -2.344766 -2.772219 -3.297570 -3.951028 -4.710339 -5.338612 -5.243330 -4.526884 -3.766087 -3.120634 -2.599581 -2.170568 -1.818097 -1.520442 -1.269734 -1.052895 -0.8659586 -0.7003876 -0.5540013 -0.4208184 -0.2994842 -0.1855562 -7.8000613E-02 2.6691590E-02 0.1295526 0.2335744 0.3400550 0.4518239 0.5707287 0.6998186 0.8418777 1.000708 1.180667 1.387197 1.627419 1.910153 2.247808 2.656485 3.159963 3.791816 4.604039 5.676790 7.128704 9.066948 11.15242 12.26900 11.98086 10.97587 9.844974 8.774357 7.799783 6.920924 6.129544 5.417037 4.775773
-1.100272 -1.266495 -1.466103 -1.702313 -1.989243 -2.334757 -2.761680 -3.286592 -3.939707 -4.698787 -5.326897 -5.231694 -4.515528 -3.755078 -3.110092 -2.589603 -2.161247 -1.809493 -1.512605 -1.262689 -1.046659 -0.8605303 -0.6957617 -0.5501647 -0.4177583 -0.2971863 -0.1840096 -7.7199444E-02 2.6746793E-02 0.1288556 0.2321090 0.3377974 0.4487391 0.5667735 0.6949391 0.8360098 0.9937801 1.172598 1.377899 1.616802 1.898127 2.234285 2.641387 3.143229 3.773407 4.583947 5.655046 7.105378 9.042111 11.12615 12.24166 11.95284 10.94741 9.816319 8.745825 7.771686 6.893557 6.103175 5.391897 4.752050
-1.091309 -1.256658 -1.455376 -1.690689 -1.976751 -2.321444 -2.747633 -3.271920 -3.924563 -4.683352 -5.311430 -5.216292 -4.500329 -3.740339 -3.095988 -2.576286 -2.148826 -1.798059 -1.502212 -1.253372 -1.038428 -0.8533810 -0.6896778 -0.5451266 -0.4137410 -0.2941689 -0.1819731 -7.6133385E-02 2.6845349E-02 0.1279780 0.2302371 0.3348986 0.4447694 0.5616741 0.6886379 0.8284214 0.9848049 1.162126 1.365809 1.602967 1.882417 2.216575 2.621561 3.121194 3.749099 4.557344 5.626177 7.074342 9.009121 11.09153 12.20558 11.91551 10.90931 9.777952 8.707642 7.734127 6.857028 6.068043 5.358469 4.720579
-1.080095 -1.244309 -1.441853 -1.675986 -1.960885 -2.304479 -2.729668 -3.253108 -3.905089 -4.663435 -5.291255 -5.196236 -4.480725 -3.721372 -3.077883 -2.559225 -2.132964 -1.783498 -1.489021 -1.241581 -1.028041 -0.8443823 -0.6820397 -0.5388101 -0.4087096 -0.2903866 -0.1794138 -7.4776590E-02 2.7004723E-02 0.1269338 0.2279665 0.3313632 0.4399130 0.5554224 0.6808986 0.8190830 0.9737375 1.149183 1.350830 1.585779 1.862842 2.194436 2.596694 3.093456 3.718388 4.523613 5.589450 7.034722 8.966765 11.04665 12.15872 11.86732 10.86027 9.728598 8.658576 7.685937 6.810256 6.023165 5.315886 4.680601
-1.066480 -1.229246 -1.425286 -1.657884 -1.941264 -2.283400 -2.707259 -3.229552 -3.880642 -4.638414 -5.266080 -5.171167 -4.456067 -3.697540 -3.055181 -2.537908 -2.113212 -1.765438 -1.472722 -1.227069 -1.015303 -0.8333836 -0.6727264 -0.5311263 -0.4025954 -0.2857906 -0.1762921 -7.3101446E-02 2.7247893E-02 0.1257387 0.2253092 0.3271976 0.4341711 0.5480123 0.6717042 0.8079638 0.9605286 1.133695 1.332851 1.565082 1.839184 2.167574 2.566394 3.059510 3.680635 4.481961 5.543901 6.985401 8.913977 10.99090 12.10039 11.80691 10.79862 9.666571 8.596990 7.625572 6.751823 5.967272 5.263030 4.631160
-1.050286 -1.211240 -1.405370 -1.636003 -1.917409 -2.257635 -2.679722 -3.200479 -3.850346 -4.607288 -5.234514 -5.139770 -4.425397 -3.667984 -3.027129 -2.511666 -2.089010 -1.743415 -1.452945 -1.209540 -0.9999859 -0.8202082 -0.6616098 -0.5219762 -0.3953269 -0.2803251 -0.1725690 -7.1076348E-02 2.7596276E-02 0.1244108 0.2222776 0.3224099 0.4275460 0.5394389 0.6610401 0.7950349 0.9451275 1.115581 1.311753 1.540698 1.811195 2.135646 2.530197 3.018743 3.635046 4.431387 5.488302 6.924891 8.848810 10.92148 12.02759 11.73177 10.72207 9.589638 8.520749 7.551045 6.679924 5.898768 5.198524 4.571091
-1.031324 -1.190025 -1.381757 -1.609883 -1.888743 -2.226462 -2.646200 -3.164881 -3.813093 -4.568924 -5.195748 -5.101165 -4.387561 -3.631610 -2.992742 -2.479668 -2.059664 -1.716870 -1.429245 -1.188656 -0.9818311 -0.8046658 -0.6485453 -0.5112579 -0.3868279 -0.2739374 -0.1682036 -6.8672374E-02 2.8074976E-02 0.1229678 0.2188872 0.3170117 0.4200450 0.5297030 0.6488979 0.7802727 0.9274883 1.094764 1.287412 1.512444 1.778602 2.098264 2.487567 2.970424 3.580657 4.370647 5.421093 6.851314 8.769283 10.83677 11.93847 11.63930 10.62770 9.494891 8.427090 7.459819 6.592296 5.815686 5.120700 4.499008
-1.009389 -1.165319 -1.354053 -1.579003 -1.854575 -2.189013 -2.605612 -3.121486 -3.767405 -4.521640 -5.147645 -5.053298 -4.340932 -3.586976 -2.950781 -2.440868 -2.024333 -1.685140 -1.401119 -1.164036 -0.9605613 -0.7865538 -0.6333923 -0.4988683 -0.3770272 -0.2665747 -0.1631603 -6.5860108E-02 2.8705318E-02 0.1214302 0.2151550 0.3110191 0.4116814 0.5188132 0.6352770 0.7636633 0.9075770 1.071177 1.259713 1.480135 1.741125 2.055011 2.437902 2.913713 3.516318 4.298220 5.340317 6.762223 8.672234 10.73249 11.82842 11.52528 10.51154 9.378530 8.312467 7.348692 6.486141 5.715649 5.027589 4.413320
-0.9842847 -1.136825 -1.321838 -1.542768 -1.814108 -2.144227 -2.556622 -3.068647 -3.711380 -4.463393 -5.088450 -4.994351 -4.283463 -3.532227 -2.899656 -2.393983 -1.982007 -1.647465 -1.368003 -1.135278 -0.9358894 -0.7656757 -0.6160139 -0.4847186 -0.3658641 -0.2581974 -0.1574078 -6.2618338E-02 2.9507652E-02 0.1198156 0.2111007 0.3044508 0.4024746 0.5067865 0.6201899 0.7452090 0.8853769 1.044773 1.228561 1.443602 1.698486 2.005455 2.380551 2.847658 3.440681 4.212250 5.243515 6.654494 8.554090 10.60515 11.69346 11.38486 10.36842 9.235571 8.172320 7.213655 6.358050 5.595845 4.916934 4.312255
-0.9558303 -1.104263 -1.284677 -1.500547 -1.766433 -2.090863 -2.497570 -3.004274 -3.642479 -4.391225 -5.014603 -4.920862 -4.212295 -3.464901 -2.837363 -2.337435 -1.931510 -1.602986 -1.329298 -1.101967 -0.9075431 -0.7418515 -0.5962983 -0.4687365 -0.3532960 -0.2487774 -0.1509295 -5.8931135E-02 3.0495623E-02 0.1181422 0.2067441 0.2973326 0.3924528 0.4936543 0.6036662 0.7249336 0.8608970 1.015535 1.193897 1.402715 1.650441 1.949180 2.314844 2.771220 3.352195 4.110503 5.127594 6.524026 8.409450 10.44765 11.52579 11.21056 10.19128 9.059452 8.000815 7.049739 6.203950 5.453038 4.786232 4.193930
-0.9238945 -1.067386 -1.242168 -1.451693 -1.710577 -2.027485 -2.426458 -2.925685 -3.557357 -4.301300 -4.922397 -4.829077 -4.123640 -3.381783 -2.761350 -2.269342 -1.871499 -1.550797 -1.284402 -1.063726 -0.8752864 -0.7149464 -0.5741684 -0.4508864 -0.3393054 -0.2383097 -0.1437217 -5.4795273E-02 3.1679545E-02 0.1164242 0.2021093 0.2896943 0.3816552 0.4794608 0.5857564 0.7028869 0.8341830 0.9834918 1.155712 1.357401 1.596812 1.885829 2.240138 2.683321 3.249131 3.990333 4.988687 6.365478 8.231627 10.25261 11.31698 10.99286 9.970570 8.841498 7.790534 6.850905 6.019119 5.283663 4.632873 4.056483
-0.8884137 -1.026039 -1.193985 -1.395628 -1.645554 -1.952535 -2.340908 -2.829499 -3.451486 -4.188011 -4.805192 -4.712510 -4.012115 -3.278565 -2.668452 -2.187499 -1.800541 -1.489994 -1.232784 -1.020251 -0.8389689 -0.6848928 -0.5496112 -0.4311761 -0.3239145 -0.2268153 -0.1358030 -5.0219569E-02 3.3058412E-02 0.1146742 0.1972186 0.2815737 0.3701309 0.4642699 0.5665342 0.6791539 0.8053236 0.9487285 1.114074 1.307682 1.537527 1.815163 2.155903 2.582936 3.129669 3.848692 4.821984 6.171731 8.010618 10.00677 11.05214 10.71722 9.692991 8.570227 7.532197 6.610050 5.798359 5.084059 4.454370 3.898286
-0.8494390 -0.9801890 -1.139962 -1.331926 -1.570514 -1.864441 -2.238270 -2.711511 -3.318804 -4.043554 -4.654562 -4.562775 -3.870191 -3.149568 -2.554798 -2.089502 -1.717225 -1.419822 -1.174067 -0.9713986 -0.7985615 -0.6517285 -0.5226861 -0.4096766 -0.3071861 -0.2143494 -0.1272127 -4.5230474E-02 3.4623805E-02 0.1128991 0.1920986 0.2730135 0.3579424 0.4481619 0.5461015 0.6538563 0.7744591 0.9113999 1.069141 1.253702 1.472675 1.737141 2.061829 2.469247 2.992064 3.682251 4.621634 5.933335 7.732873 9.693261 10.71179 10.36327 9.340017 8.230636 7.214600 6.319329 5.536460 4.850935 4.248759 3.718263
-0.8071566 -0.9300054 -1.080175 -1.260478 -1.484937 -1.761928 -2.115880 -2.566823 -3.151194 -3.856208 -4.455929 -4.365677 -3.686865 -2.987375 -2.416014 -1.973014 -1.620458 -1.339851 -1.108180 -0.9172503 -0.7542198 -0.6156197 -0.4935555 -0.3865258 -0.2892379 -0.2010023 -0.1180190 -3.9869782E-02 3.6355037E-02 0.1111027 0.1867738 0.2640629 0.3451627 0.4312387 0.5245886 0.6271556 0.7417871 0.8717412 1.021185 1.195759 1.402559 1.652012 1.957989 2.341887 2.835002 3.487787 4.380885 5.637759 7.377751 9.282745 10.26224 9.899239 8.885715 7.803868 6.825294 5.971154 5.229158 4.582148 4.015181 3.516291
-0.7619318 -0.8758907 -1.015054 -1.181644 -1.388955 -1.644478 -1.971774 -2.390489 -2.938534 -3.608907 -4.187345 -4.099866 -3.446452 -2.783086 -2.247904 -1.836456 -1.509888 -1.250273 -1.035492 -0.8582191 -0.7063200 -0.5768956 -0.4624886 -0.3619452 -0.2702402 -0.1869051 -0.1083140 -3.4199122E-02 3.8223214E-02 0.1092819 0.1812713 0.2547764 0.3318791 0.4136193 0.5021539 0.5992563 0.7075651 0.8300718 0.9705999 1.134332 1.327744 1.560411 1.845015 2.201281 2.658179 3.263061 4.093019 5.269308 6.915493 8.730875 9.651716 9.277909 8.295672 7.268821 6.353011 5.560390 4.874775 4.277814 3.754595 3.293658
-0.7143017 -0.8185403 -0.9454369 -1.096453 -1.283675 -1.513066 -1.805970 -2.179632 -2.670661 -3.278077 -3.811531 -3.730006 -3.128496 -2.528461 -2.048425 -1.680122 -1.386551 -1.152172 -0.9569817 -0.7950924 -0.6555036 -0.5360474 -0.4298767 -0.3362250 -0.2504218 -0.1722195 -9.8218054E-02 -2.8291043E-02 4.0185347E-02 0.1074334 0.1756165 0.2452167 0.3181867 0.3954420 0.4789824 0.5704010 0.6721058 0.7867952 0.9179047 1.070086 1.249087 1.463429 1.724269 2.049020 2.463126 3.008482 3.754134 4.811832 6.303807 7.962168 8.792865 8.431527 7.531706 6.609171 5.793346 5.088087 4.476434 3.941567 3.470475 3.053426
-0.6649387 -0.7589577 -0.8725532 -1.006702 -1.171382 -1.370872 -1.622162 -1.937615 -2.345464 -2.843632 -3.280903 -3.212850 -2.717988 -2.223124 -1.821263 -1.507600 -1.253458 -1.047692 -0.8743194 -0.7290170 -0.6026874 -0.4936959 -0.3962355 -0.3097047 -0.2300737 -0.1571239 -8.7886289E-02 -2.2222172E-02 4.2181905E-02 0.1055575 0.1698274 0.2354549 0.3041850 0.3768622 0.4552769 0.5408643 0.6357703 0.7423838 0.8637285 1.003854 1.167724 1.362610 1.597910 1.888111 2.254011 2.729375 3.369008 4.260997 5.503440 6.880461 7.577028 7.297980 6.578183 5.830633 5.157921 4.565876 4.044066 3.581419 3.169148 2.800546
-0.6145964 -0.6984164 -0.7979311 -0.9148841 -1.055449 -1.223445 -1.428693 -1.678402 -1.984016 -2.331690 -2.610958 -2.566275 -2.241239 -1.886470 -1.579145 -1.326456 -1.115682 -0.9399345 -0.7897923 -0.6614152 -0.5490225 -0.4505451 -0.3621895 -0.2827452 -0.2095458 -0.1417964 -7.7507459E-02 -1.6060134E-02 4.4131465E-02 0.1036648 0.1639110 0.2255738 0.2899713 0.3580497 0.4312511 0.5109463 0.5989510 0.6973616 0.8087821 0.9365962 1.085009 1.259868 1.468791 1.722888 2.037798 2.437381 2.957740 3.650410 4.556384 5.517511 6.045633 5.942894 5.500430 4.982813 4.481505 4.017899 3.594638 3.209506 2.859457 2.541533
-0.5643904 -0.6379698 -0.7236374 -0.8234369 -0.9403347 -1.077202 -1.237630 -1.423575 -1.632375 -1.841870 -1.982975 -1.958435 -1.783149 -1.558240 -1.340828 -1.147480 -0.9789944 -0.8329544 -0.7056509 -0.5941564 -0.4955106 -0.4075721 -0.3282118 -0.2558952 -0.1890584 -0.1265522 -6.7167081E-02 -9.9747675E-03 4.6034101E-02 0.1016931 0.1579346 0.2156080 0.2756848 0.3391488 0.4071451 0.4809448 0.5620580 0.6522814 0.7538009 0.8693537 1.002374 1.157341 1.340082 1.558464 1.823091 2.148409 2.553074 3.055904 3.651619 4.239120 4.608687 4.651622 4.456668 4.153162 3.815468 3.476226 3.149231 2.840246 2.551549 2.283744
-0.5152944 -0.5787796 -0.6515406 -0.7348726 -0.8301414 -0.9384014 -1.059930 -1.192621 -1.328896 -1.449508 -1.519463 -1.504611 -1.409666 -1.271945 -1.123454 -0.9804944 -0.8490494 -0.7304938 -0.6242069 -0.5289475 -0.4432304 -0.3656469 -0.2948437 -0.2296276 -0.1688883 -0.1116496 -5.6993693E-02 -4.0929066E-03 4.7855951E-02 9.9611022E-02 0.1519402 0.2056127 0.2614468 0.3203148 0.3831879 0.4511594 0.5254958 0.6076866 0.6995139 0.8031430 0.9212340 1.057098 1.214873 1.399739 1.618055 1.877184 2.184079 2.540241 2.928430 3.292760 3.546627 3.635901 3.576205 3.418056 3.206527 2.970772 2.727829 2.487454 2.255234 2.034313
-0.4679940 -0.5220582 -0.5830161 -0.6514761 -0.7277831 -0.8117467 -0.9020123 -0.9950610 -1.083510 -1.154549 -1.191128 -1.180682 -1.124751 -1.037683 -0.9360469 -0.8314224 -0.7301945 -0.6352503 -0.5475600 -0.4670747 -0.3932754 -0.3254167 -0.2626907 -0.2042740 -0.1493794 -9.7250544E-02 -4.7176357E-02 1.5265425E-03 4.9513891E-02 9.7433351E-02 0.1459308 0.1956709 0.2473489 0.3017137 0.3595841 0.4218784 0.4896407 0.5640776 0.6465998 0.7388703 0.8428617 0.9609113 1.095763 1.250544 1.428584 1.632812 1.864214 2.118490 2.380423 2.619632 2.797630 2.886735 2.884297 2.807704 2.679942 2.520783 2.344728 2.161730 1.978433 1.799179
-0.4231236 -0.4686631 -0.5191563 -0.5747042 -0.6350805 -0.6994358 -0.7659256 -0.8311028 -0.8893862 -0.9329839 -0.9535113 -0.9451932 -0.9087254 -0.8506773 -0.7794530 -0.7024019 -0.6245669 -0.5489525 -0.4770787 -0.4095576 -0.3464363 -0.2874624 -0.2322057 -0.1801627 -0.1307877 -8.3533138E-02 -3.7848774E-02 6.8028690E-03 5.0959401E-02 9.5153458E-02 0.1399294 0.1858448 0.2334886 0.2834876 0.3365261 0.3933583 0.4548291 0.5218932 0.5956365 0.6772959 0.7682740 0.8701379 0.9845791 1.113294 1.257702 1.418363 1.593879 1.779146 1.963411 2.129714 2.258040 2.333301 2.350962 2.316216 2.239708 2.133169 2.006950 1.869271 1.726307 1.582531
-0.3811364 -0.4191658 -0.4606124 -0.5052974 -0.5526903 -0.6017519 -0.6506720 -0.6966624 -0.7358143 -0.7634354 -0.7749925 -0.7679649 -0.7425984 -0.7018742 -0.6504307 -0.5927851 -0.5325660 -0.4722765 -0.4134797 -0.3570141 -0.3032421 -0.2521983 -0.2037279 -0.1575491 -0.1133169 -7.0642330E-02 -2.9120175E-02 1.1670148E-02 5.2153960E-02 9.2768073E-02 0.1339587 0.1761910 0.2199520 0.2657623 0.3141807 0.3658175 0.4213417 0.4814914 0.5470796 0.6189949 0.6981925 0.7856615 0.8823552 0.9890460 1.106074 1.232910 1.367499 1.505445 1.639333 1.759031 1.853835 1.914920 1.937925 1.923898 1.877703 1.805937 1.715383 1.612129 1.501227 1.386662
-0.3423176 -0.3738532 -0.4076551 -0.4433882 -0.4804375 -0.5177779 -0.5538856 -0.5866410 -0.6134182 -0.6313573 -0.6379939 -0.6317477 -0.6127895 -0.5828782 -0.5445400 -0.5005749 -0.4534567 -0.4051232 -0.3569201 -0.3097093 -0.2639621 -0.2198812 -0.1774716 -0.1366159 -9.7107492E-02 -5.8689855E-02 -2.1067344E-02 1.6075397E-02 5.3073861E-02 9.0275191E-02 0.1280437 0.1667574 0.2068163 0.2486423 0.2926867 0.3394327 0.3893997 0.4431441 0.5012572 0.5643542 0.6330528 0.7079315 0.7894528 0.8778396 0.9728786 1.073640 1.178117 1.282879 1.382954 1.472106 1.543566 1.591896 1.614177 1.610089 1.581681 1.532575 1.467039 1.389332 1.303301 1.212211
-0.3067773 -0.3327948 -0.3602309 -0.3887079 -0.4176136 -0.4460609 -0.4728252 -0.4963689 -0.5149061 -0.5266361 -0.5300306 -0.5243903 -0.5097522 -0.4869488 -0.4575540 -0.4233271 -0.3859641 -0.3468821 -0.3071758 -0.2676056 -0.2286617 -0.1906077 -0.1535482 -0.1174626 -8.2249656E-02 -4.7744520E-02 -1.3744342E-02 1.9986298E-02 5.3702630E-02 8.7679476E-02 0.1222057 0.1575866 0.1941424 0.2322119 0.2721512 0.3143362 0.3591611 0.4070347 0.4583730 0.5135834 0.5730398 0.6370397 0.7057401 0.7790575 0.8565363 0.9371755 1.019247 1.100152 1.176395 1.243868 1.298598 1.337065 1.356876 1.357386 1.339482 1.305158 1.257070 1.198112 1.131099 1.058575
-0.2745016 -0.2958809 -0.3180837 -0.3407293 -0.3632767 -0.3849831 -0.4049128 -0.4219449 -0.4348775 -0.4425547 -0.4440885 -0.4388730 -0.4269635 -0.4089909 -0.3858512 -0.3586800 -0.3286181 -0.2967024 -0.2637724 -0.2304704 -0.1972382 -0.1643572 -0.1319712 -0.1001241 -6.8778343E-02 -3.7841525E-02 -7.1757711E-03 2.3385894E-02 5.4037157E-02 8.4988005E-02 0.1164665 0.1487123 0.1819797 0.2165336 0.2526511 0.2906178 0.3307259 0.3732668 0.4185218 0.4667452 0.5181399 0.5728213 0.6307643 0.6917340 0.7551976 0.8202271 0.8854085 0.9487979 1.007993 1.060281 1.102766 1.133101 1.149809 1.152216 1.140584 1.116005 1.080128 1.034898 0.9823331 0.9243567
