T3-twomodels/gx/model150.grd
DSAA
         100         100
  -15.00000       15.00000    
  -15.00000       15.00000    
  -7.611712       8.242229    
[rows 0 to 26 of 100, columns 0 to 58 of 100]
-3.7194818E-02 -3.7513942E-02 -3.7735451E-02 -3.7851144E-02 -3.7851471E-02 -3.7728738E-02 -3.7474200E-02 -3.7082173E-02 -3.6545314E-02 -3.5858344E-02 -3.5011176E-02 -3.4022588E-02 -3.2886446E-02 -3.1586427E-02 -3.0131696E-02 -2.8524315E-02 -2.6769435E-02 -2.4870740E-02 -2.2834670E-02 -2.0666895E-02 -1.8374775E-02 -1.5964709E-02 -1.3444379E-02 -1.0821016E-02 -8.1027169E-03 -5.2968259E-03 -2.4110894E-03 5.4730772E-04 3.5709906E-03 6.6529913E-03 9.7860051E-03 1.2963059E-02 1.6177144E-02 1.9421158E-02 2.2687783E-02 2.5969740E-02 2.9259404E-02 3.2548569E-02 3.5828751E-02 3.9090805E-02 4.2325113E-02 4.5521118E-02 4.8667967E-02 5.1753681E-02 5.4766014E-02 5.7691194E-02 6.0515165E-02 6.3222565E-02 6.5794818E-02 6.8208322E-02 7.0468709E-02 7.2570309E-02 7.4475795E-02 7.6163955E-02 7.7624090E-02 7.8843489E-02 7.9809107E-02 8.0509014E-02 8.0932647E-02
-4.0598270E-02 -4.1014075E-02 -4.1323986E-02 -4.1516848E-02 -4.1583084E-02 -4.1511782E-02 -4.1294731E-02 -4.0922690E-02 -4.0390272E-02 -3.9692789E-02 -3.8833775E-02 -3.7787531E-02 -3.6558166E-02 -3.5163455E-02 -3.3595987E-02 -3.1859096E-02 -2.9955665E-02 -2.7892454E-02 -2.5675219E-02 -2.3312250E-02 -2.0810621E-02 -1.8178925E-02 -1.5425284E-02 -1.2558822E-02 -9.5878178E-03 -6.5211193E-03 -3.3667674E-03 -1.3314422E-04 3.1721690E-03 6.5413830E-03 9.9671306E-03 1.3441839E-02 1.6958341E-02 2.0509183E-02 2.4086971E-02 2.7684096E-02 3.1292658E-02 3.4904186E-02 3.8509723E-02 4.2099778E-02 4.5663875E-02 4.9190924E-02 5.2668814E-02 5.6084864E-02 5.9425112E-02 6.2674761E-02 6.5817595E-02 6.8837427E-02 7.1720473E-02 7.4458152E-02 7.7009723E-02 7.9345748E-02 8.1470758E-02 8.3372086E-02 8.5026599E-02 8.6415000E-02 8.7520882E-02 8.8329777E-02 8.8829055E-02
-4.4355400E-02 -4.4886973E-02 -4.5302194E-02 -4.5589484E-02 -4.5735776E-02 -4.5730148E-02 -4.5560602E-02 -4.5218617E-02 -4.4694323E-02 -4.3980431E-02 -4.3064665E-02 -4.1966874E-02 -4.0680051E-02 -3.9186552E-02 -3.7497055E-02 -3.5614975E-02 -3.3547252E-02 -3.1299490E-02 -2.8880671E-02 -2.6298853E-02 -2.3563722E-02 -2.0684324E-02 -1.7671226E-02 -1.4533855E-02 -1.1282371E-02 -7.9260571E-03 -4.4743940E-03 -9.3608105E-04 2.6802183E-03 6.3666129E-03 1.0115112E-02 1.3918048E-02 1.7767811E-02 2.1656977E-02 2.5577944E-02 2.9522967E-02 3.3483949E-02 3.7452199E-02 4.1418504E-02 4.5372736E-02 4.9303982E-02 5.3200141E-02 5.7048436E-02 6.0834669E-02 6.4543836E-02 6.8158954E-02 7.1662486E-02 7.5034879E-02 7.8252867E-02 8.1287198E-02 8.4140509E-02 8.6802639E-02 8.9228652E-02 9.1391288E-02 9.3274653E-02 9.4860740E-02 9.6131176E-02 9.7069032E-02 9.7659223E-02
-4.8508864E-02 -4.9177442E-02 -4.9719788E-02 -5.0120480E-02 -5.0365876E-02 -5.0440978E-02 -5.0333761E-02 -5.0031316E-02 -4.9525417E-02 -4.8809100E-02 -4.7884874E-02 -4.6723612E-02 -4.5329545E-02 -4.3722481E-02 -4.1895185E-02 -3.9852716E-02 -3.7599973E-02 -3.5146367E-02 -3.2500625E-02 -2.9674038E-02 -2.6676729E-02 -2.3520753E-02 -2.0217275E-02 -1.6778015E-02 -1.3213832E-02 -9.5359432E-03 -5.7542464E-03 -1.8787368E-03 2.0816776E-03 6.1182654E-03 1.0223011E-02 1.4387805E-02 1.8605096E-02 2.2867316E-02 2.7166901E-02 3.1496044E-02 3.5846565E-02 4.0209759E-02 4.4576049E-02 4.8935030E-02 5.3275052E-02 5.7583518E-02 6.1846308E-02 6.6048354E-02 7.0172630E-02 7.4200794E-02 7.8112580E-02 8.1887238E-02 8.5506216E-02 8.8956200E-02 9.2188247E-02 9.5165506E-02 9.7888291E-02 0.1003379 0.1024839 0.1043001 0.1057637 0.1068544 0.1075539
-5.3105429E-02 -5.3937979E-02 -5.4631993E-02 -5.5170938E-02 -5.5536579E-02 -5.5713210E-02 -5.5683911E-02 -5.5435974E-02 -5.4955639E-02 -5.4232579E-02 -5.3251471E-02 -5.2033469E-02 -5.0570522E-02 -4.8843388E-02 -4.6865053E-02 -4.4641126E-02 -4.2181503E-02 -3.9494984E-02 -3.6594361E-02 -3.3491403E-02 -3.0199857E-02 -2.6732774E-02 -2.3104265E-02 -1.9326979E-02 -1.5414251E-02 -1.1378032E-02 -7.2299126E-03 -2.9802497E-03 1.3609214E-03 5.7847849E-03 1.0282739E-02 1.4846829E-02 1.9469382E-02 2.4143044E-02 2.8860347E-02 3.3613645E-02 3.8394921E-02 4.3195423E-02 4.8005573E-02 5.2814525E-02 5.7610404E-02 6.2379606E-02 6.7107357E-02 7.1776755E-02 7.6369554E-02 8.0864809E-02 8.5240364E-02 8.9471363E-02 9.3528137E-02 9.7373910E-02 0.1010069 0.1044109 0.1075306 0.1103300 0.1127859 0.1148724 0.1165637 0.1178357 0.1186667
-5.8199860E-02 -5.9226971E-02 -6.0103960E-02 -6.0809191E-02 -6.1322987E-02 -6.1624065E-02 -6.1694730E-02 -6.1516590E-02 -6.1077021E-02 -6.0365293E-02 -5.9382096E-02 -5.8094226E-02 -5.6506086E-02 -5.4640021E-02 -5.2489553E-02 -5.0062701E-02 -4.7367822E-02 -4.4418689E-02 -4.1228611E-02 -3.7813831E-02 -3.4189403E-02 -3.0372228E-02 -2.6377762E-02 -2.2221841E-02 -1.7918915E-02 -1.3483273E-02 -8.9271320E-03 -4.2623430E-03 5.0087983E-04 5.3528990E-03 1.0285279E-02 1.5289901E-02 2.0359527E-02 2.5487000E-02 3.0665254E-02 3.5887040E-02 4.1144650E-02 4.6429645E-02 5.1732462E-02 5.7042304E-02 6.2346719E-02 6.7631736E-02 7.2881177E-02 7.8077137E-02 8.3199017E-02 8.8224128E-02 9.3126945E-02 9.7880743E-02 0.1024603 0.1068458 0.1109774 0.1148084 0.1183324 0.1215218 0.1243359 0.1267388 0.1286986 0.1301861 0.1311753
-6.3852549E-02 -6.5112621E-02 -6.6208415E-02 -6.7116089E-02 -6.7809716E-02 -6.8266101E-02 -6.8461031E-02 -6.8375275E-02 -6.7989066E-02 -6.7287177E-02 -6.6249944E-02 -6.4899676E-02 -6.3227192E-02 -6.1211757E-02 -5.8869928E-02 -5.6211010E-02 -5.3249881E-02 -5.0000586E-02 -4.6482038E-02 -4.2712118E-02 -3.8710829E-02 -3.4497000E-02 -3.0090250E-02 -2.5508106E-02 -2.0768143E-02 -1.5885713E-02 -1.0875107E-02 -5.7486501E-03 -5.1766401E-04 4.8083165E-03 1.0220552E-02 1.5711498E-02 2.1274170E-02 2.6902173E-02 3.2589037E-02 3.8328208E-02 4.4112716E-02 4.9934555E-02 5.5784658E-02 6.1652157E-02 6.7524709E-02 7.3387437E-02 7.9223566E-02 8.5013248E-02 9.0734445E-02 9.6361235E-02 0.1018657 0.1072157 0.1123732 0.1172910 0.1219607 0.1263572 0.1304111 0.1340742 0.1373121 0.1400882 0.1423656 0.1441097 0.1452892
-7.0133790E-02 -7.1671233E-02 -7.3031314E-02 -7.4183211E-02 -7.5098060E-02 -7.5745068E-02 -7.6097652E-02 -7.6128885E-02 -7.5818963E-02 -7.5151220E-02 -7.4123107E-02 -7.2695851E-02 -7.0874214E-02 -6.8684340E-02 -6.6121742E-02 -6.3199498E-02 -5.9931919E-02 -5.6339987E-02 -5.2444518E-02 -4.8269730E-02 -4.3838322E-02 -3.9174583E-02 -3.4300588E-02 -2.9238153E-02 -2.4006562E-02 -1.8624078E-02 -1.3105889E-02 -7.4659563E-03 -1.7156826E-03 4.1348455E-03 1.0077533E-02 1.6105123E-02 2.2211680E-02 2.8391607E-02 3.4639589E-02 4.0950172E-02 4.7317389E-02 5.3734254E-02 6.0192306E-02 6.6681318E-02 7.3188759E-02 7.9699747E-02 8.6196132E-02 9.2657089E-02 9.9057809E-02 0.1053703 0.1115621 0.1175986 0.1234456 0.1290736 0.1344082 0.1393885 0.1439982 0.1481965 0.1519281 0.1551433 0.1577967 0.1598465 0.1612551
-7.7121899E-02 -7.8992151E-02 -8.0669545E-02 -8.2119212E-02 -8.3303563E-02 -8.4187858E-02 -8.4736317E-02 -8.4919237E-02 -8.4707215E-02 -8.4077142E-02 -8.3002694E-02 -8.1506819E-02 -7.9579033E-02 -7.7197842E-02 -7.4385598E-02 -7.1158133E-02 -6.7538671E-02 -6.3550256E-02 -5.9221808E-02 -5.4581091E-02 -4.9658015E-02 -4.4480409E-02 -3.9076198E-02 -3.3469852E-02 -2.7684804E-02 -2.1740830E-02 -1.5655594E-02 -9.4434386E-03 -3.1167758E-03 3.3149119E-03 9.8437220E-03 1.6463686E-02 2.3169868E-02 2.9958308E-02 3.6825161E-02 4.3766651E-02 5.0778423E-02 5.7854842E-02 6.4988762E-02 7.2170660E-02 7.9388671E-02 8.6627491E-02 9.3868665E-02 0.1010894 0.1082631 0.1153579 0.1223382 0.1291625 0.1357807 0.1421319 0.1481971 0.1539377 0.1592647 0.1641124 0.1684303 0.1721657 0.1752656 0.1776801 0.1793641
-8.4907293E-02 -8.7175332E-02 -8.9236937E-02 -9.1047488E-02 -9.2563830E-02 -9.3740359E-02 -9.4536133E-02 -9.4910443E-02 -9.4831623E-02 -9.4273210E-02 -9.3226835E-02 -9.1645904E-02 -8.9535683E-02 -8.6928353E-02 -8.3823860E-02 -8.0244154E-02 -7.6213993E-02 -7.1766511E-02 -6.6935182E-02 -6.1757237E-02 -5.6267578E-02 -5.0501965E-02 -4.4492412E-02 -3.8269244E-02 -3.1858496E-02 -2.5283569E-02 -1.8563136E-02 -1.1713226E-02 -4.7458829E-03 2.3293863E-03 9.5061231E-03 1.6779482E-02 2.4146650E-02 3.1605549E-02 3.9154723E-02 4.6792626E-02 5.4517087E-02 6.2324695E-02 7.0210002E-02 7.8165099E-02 8.6178765E-02 9.4236337E-02 0.1023185 0.1104014 0.1184557 0.1264466 0.1343329 0.1420692 0.1496085 0.1569079 0.1638721 0.1704197 0.1765188 0.1821096 0.1871154 0.1914661 0.1950966 0.1979467 0.1999617
-9.3590841E-02 -9.6337534E-02 -9.8862603E-02 -0.1011145 -0.1030374 -0.1045781 -0.1056822 -0.1063025 -0.1063937 -0.1059194 -0.1048429 -0.1031862 -0.1009377 -9.8076493E-02 -9.4634868E-02 -9.0640366E-02 -8.6130716E-02 -8.1144594E-02 -7.5727798E-02 -6.9924511E-02 -6.3780338E-02 -5.7337165E-02 -5.0635282E-02 -4.3709278E-02 -3.6590483E-02 -2.9304365E-02 -2.1872280E-02 -1.4310345E-02 -6.6310749E-03 1.1574215E-03 9.0498859E-03 1.7043978E-02 2.5139164E-02 3.3336498E-02 4.1637436E-02 5.0043639E-02 5.8556043E-02 6.7174099E-02 7.5895168E-02 8.4713288E-02 9.3619145E-02 0.1025986 0.1116326 0.1206956 0.1297565 0.1387757 0.1477075 0.1564977 0.1650798 0.1733729 0.1813418 0.1889274 0.1960126 0.2025055 0.2083318 0.2134147 0.2176773 0.2210477 0.2234602
-0.1032884 -0.1066097 -0.1096979 -0.1124877 -0.1149133 -0.1169052 -0.1183988 -0.1193302 -0.1196474 -0.1193071 -0.1182904 -0.1165392 -0.1140598 -0.1108938 -0.1070506 -0.1025681 -9.7489789E-02 -9.1870084E-02 -8.5764132E-02 -7.9230674E-02 -7.2324246E-02 -6.5098450E-02 -5.7600196E-02 -4.9871970E-02 -4.1948803E-02 -3.3860467E-02 -2.5629185E-02 -1.7272396E-02 -8.8013448E-03 -2.2306922E-04 8.4600151E-03 1.7248195E-02 2.6144801E-02 3.5154529E-02 4.4283155E-02 5.3536419E-02 6.2919445E-02 7.2435781E-02 8.2086317E-02 9.1868564E-02 0.1017754 0.1117947 0.1219075 0.1320879 0.1423016 0.1525055 0.1626472 0.1726659 0.1824969 0.1920770 0.2012806 0.2099963 0.2181678 0.2257059 0.2325020 0.2384553 0.2434716 0.2474637 0.2503526
-0.1141291 -0.1181443 -0.1219156 -0.1253661 -0.1284115 -0.1309682 -0.1329505 -0.1342815 -0.1348878 -0.1347103 -0.1336942 -0.1318588 -0.1291909 -0.1256735 -0.1213561 -0.1162882 -0.1105335 -0.1041587 -9.7238332E-02 -8.9844212E-02 -8.2047239E-02 -7.3911346E-02 -6.5495037E-02 -5.6847036E-02 -4.8009150E-02 -3.9013442E-02 -2.9884662E-02 -2.0639393E-02 -1.1288291E-02 -1.8353050E-03 7.7200849E-03 1.7382734E-02 2.7160373E-02 3.7063062E-02 4.7101956E-02 5.7288289E-02 6.7632757E-02 7.8144245E-02 8.8828892E-02 9.9688433E-02 0.1107199 0.1219135 0.1332521 0.1447089 0.1562479 0.1678208 0.1793688 0.1908193 0.2020825 0.2130480 0.2236551 0.2338133 0.2433628 0.2521724 0.2601309 0.2671243 0.2730408 0.2777756 0.2812335
-0.1262606 -0.1311124 -0.1357174 -0.1399787 -0.1437948 -0.1470569 -0.1496599 -0.1514996 -0.1524875 -0.1525498 -0.1516479 -0.1497061 -0.1467321 -0.1427839 -0.1378900 -0.1321181 -0.1255464 -0.1182676 -0.1103745 -0.1019620 -9.3116529E-02 -8.3919227E-02 -7.4438885E-02 -6.4734653E-02 -5.4852989E-02 -4.4830501E-02 -3.4692023E-02 -2.4454260E-02 -1.4124613E-02 -3.7040329E-03 6.8132970E-03 1.7437395E-02 2.8182587E-02 3.9065413E-02 5.0104119E-02 6.1317142E-02 7.2722405E-02 8.4336057E-02 9.6170865E-02 0.1082352 0.1205311 0.1330535 0.1457874 0.1587071 0.1717740 0.1849358 0.1981247 0.2112586 0.2242462 0.2369931 0.2493286 0.2610951 0.2721965 0.2824971 0.2918392 0.3000752 0.3070671 0.3126877 0.3168231
-0.1398453 -0.1457108 -0.1513327 -0.1565957 -0.1613698 -0.1655213 -0.1689104 -0.1714070 -0.1728872 -0.1732495 -0.1724065 -0.1703693 -0.1671234 -0.1626625 -0.1570695 -0.1504350 -0.1428716 -0.1344968 -0.1254361 -0.1158075 -0.1057231 -9.5280223E-02 -8.4564008E-02 -7.3642023E-02 -6.2568434E-02 -5.1381599E-02 -4.0107708E-02 -2.8760370E-02 -1.7344091E-02 -5.8536883E-03 5.7225586E-03 1.7402504E-02 2.9208196E-02 4.1165095E-02 5.3300221E-02 6.5641403E-02 7.8215942E-02 9.1049232E-02 0.1041634 0.1175751 0.1312945 0.1453224 0.1596489 0.1742495 0.1890854 0.2040983 0.2192122 0.2343287 0.2493227 0.2640388 0.2783743 0.2921871 0.3052513 0.3173730 0.3283825 0.3381086 0.3463859 0.3530613 0.3579984
-0.1550661 -0.1621587 -0.1690277 -0.1755284 -0.1815027 -0.1867760 -0.1911724 -0.1945146 -0.1966460 -0.1974345 -0.1968016 -0.1946417 -0.1909655 -0.1858610 -0.1793971 -0.1716999 -0.1629144 -0.1532032 -0.1427263 -0.1316393 -0.1200802 -0.1081718 -9.6013539E-02 -8.3685987E-02 -7.1247861E-02 -5.8740947E-02 -4.6189036E-02 -3.3602972E-02 -2.0980382E-02 -8.3094295E-03 4.4309827E-03 1.7267788E-02 3.0233815E-02 4.3365180E-02 5.6700468E-02 7.0279211E-02 8.4140778E-02 9.8322786E-02 0.1128592 0.1277786 0.1431015 0.1588386 0.1749865 0.1915258 0.2084169 0.2255980 0.2429816 0.2604549 0.2778852 0.2951278 0.3119401 0.3280894 0.3434118 0.3576954 0.3707041 0.3822167 0.3920288 0.3999554 0.4058336
-0.1721214 -0.1807049 -0.1891026 -0.1971422 -0.2046218 -0.2113233 -0.2170112 -0.2214569 -0.2244399 -0.2257756 -0.2253126 -0.2230409 -0.2189456 -0.2130476 -0.2054966 -0.1964663 -0.1861642 -0.1748033 -0.1625991 -0.1497484 -0.1364284 -0.1227864 -0.1089431 -9.4988458E-02 -8.0988280E-02 -6.6983104E-02 -5.2994542E-02 -3.9025847E-02 -2.5066955E-02 -1.1094962E-02 2.9219780E-03 1.7023766E-02 3.1255964E-02 4.5668643E-02 6.0314581E-02 7.5248212E-02 9.0524249E-02 0.1061957 0.1223126 0.1389187 0.1560501 0.1737301 0.1919675 0.2107496 0.2300404 0.2497735 0.2698508 0.2901364 0.3104498 0.3305622 0.3502975 0.3694246 0.3876073 0.4045474 0.4199784 0.4336387 0.4452810 0.4546831 0.4616524
-0.1912293 -0.2016218 -0.2119016 -0.2218557 -0.2312371 -0.2397609 -0.2471242 -0.2530124 -0.2571343 -0.2592388 -0.2591626 -0.2567430 -0.2519971 -0.2450738 -0.2361304 -0.2254139 -0.2132019 -0.1997904 -0.1854591 -0.1704664 -0.1550308 -0.1393343 -0.1235154 -0.1076772 -9.1886550E-02 -7.6183110E-02 -6.0579952E-02 -4.5071542E-02 -2.9634394E-02 -1.4232704E-02 1.1809752E-03 1.6661664E-02 3.2271855E-02 4.8078369E-02 6.4151898E-02 8.0565363E-02 9.7392567E-02 0.1147067 0.1325779 0.1510714 0.1702429 0.1901360 0.2107757 0.2321633 0.2542686 0.2770251 0.3003211 0.3239989 0.3478584 0.3716676 0.3950610 0.4176741 0.4392197 0.4593536 0.4777085 0.4939460 0.5077612 0.5188872 0.5270989
-0.2126175 -0.2252098 -0.2378050 -0.2501528 -0.2619415 -0.2728116 -0.2823564 -0.2901570 -0.2957985 -0.2989204 -0.2992346 -0.2966754 -0.2912309 -0.2829917 -0.2722525 -0.2593641 -0.2447267 -0.2287366 -0.2117716 -0.1941593 -0.1761759 -0.1580357 -0.1399003 -0.1218788 -0.1040391 -8.6411506E-02 -6.8998478E-02 -5.1778071E-02 -3.4710970E-02 -1.7742092E-02 -8.0566388E-04 1.6173674E-02 3.3278231E-02 5.0596148E-02 6.8219781E-02 8.6244896E-02 0.1047693 0.1238913 0.1437078 0.1643111 0.1857859 0.2082025 0.2316126 0.2560379 0.2814635 0.3078246 0.3349991 0.3627958 0.3909425 0.4190811 0.4468951 0.4739849 0.4998161 0.5239047 0.5458183 0.5651479 0.5815259 0.5946368 0.6042227
-0.2365245 -0.2517845 -0.2672351 -0.2825764 -0.2974313 -0.3113335 -0.3237519 -0.3341038 -0.3418170 -0.3463779 -0.3474256 -0.3446745 -0.3381561 -0.3281566 -0.3150422 -0.2993264 -0.2815641 -0.2623090 -0.2420560 -0.2212301 -0.2001659 -0.1791187 -0.1582644 -0.1377168 -0.1175339 -9.7732715E-02 -7.8294873E-02 -5.9178129E-02 -4.0318757E-02 -2.1639023E-02 -3.0480095E-03 1.5553251E-02 3.4272503E-02 5.3222913E-02 7.2523735E-02 9.2298225E-02 0.1126740 0.1337809 0.1557501 0.1787103 0.2027843 0.2280826 0.2546942 0.2826767 0.3120401 0.3427331 0.3746235 0.4074875 0.4410093 0.4747909 0.5082332 0.5407147 0.5717040 0.6006095 0.6268352 0.6498536 0.6692166 0.6845571 0.6955912
-0.2631824 -0.2816760 -0.3006395 -0.3197357 -0.3385022 -0.3563555 -0.3725829 -0.3863906 -0.3969451 -0.4034820 -0.4053866 -0.4024414 -0.3946478 -0.3822831 -0.3659890 -0.3465238 -0.3246976 -0.3012652 -0.2768903 -0.2521040 -0.2273141 -0.2028057 -0.1787671 -0.1553009 -0.1324481 -0.1101979 -8.8504829E-02 -6.7294449E-02 -4.6473686E-02 -2.5933219E-02 -5.5530579E-03 1.4796440E-02 3.5252318E-02 5.5958819E-02 7.7066444E-02 9.8732471E-02 0.1211205 0.1444000 0.1687457 0.1943338 0.2213399 0.2499295 0.2802503 0.3124135 0.3464777 0.3824187 0.4201064 0.4592715 0.4994795 0.5401193 0.5805743 0.6200868 0.6577238 0.6926424 0.7241129 0.7514954 0.7742618 0.7920043 0.8044314
-0.2928106 -0.3152026 -0.3384850 -0.3622821 -0.3860591 -0.4090798 -0.4304152 -0.4489520 -0.4634960 -0.4728992 -0.4762851 -0.4730587 -0.4632879 -0.4476160 -0.4269524 -0.4024497 -0.3752666 -0.3464587 -0.3168876 -0.2872189 -0.2579205 -0.2293036 -0.2015441 -0.1747215 -0.1488373 -0.1238428 -9.9647999E-02 -7.6139189E-02 -5.3181496E-02 -3.0628627E-02 -8.3225956E-03 1.3901141E-02 3.6216039E-02 5.8801811E-02 8.1847027E-02 0.1055489 0.1301148 0.1557632 0.1827234 0.2112346 0.2415421 0.2738914 0.3085141 0.3456106 0.3853190 0.4276790 0.4725792 0.5197143 0.5685546 0.6183490 0.6679847 0.7162641 0.7621098 0.8044263 0.8422092 0.8746516 0.9011481 0.9212798 0.9347897
-0.3255846 -0.3526554 -0.3812155 -0.4108925 -0.4410813 -0.4709014 -0.4991356 -0.5242549 -0.5444813 -0.5580231 -0.5633646 -0.5598184 -0.5474352 -0.5270614 -0.5002858 -0.4688869 -0.4345799 -0.3988038 -0.3626775 -0.3269883 -0.2922562 -0.2587787 -0.2266976 -0.1960336 -0.1667314 -0.1386779 -0.1117273 -8.5708432E-02 -6.0437780E-02 -3.5719953E-02 -1.1353923E-02 1.2868637E-02 3.7161760E-02 6.1748061E-02 8.6859733E-02 0.1127414 0.1396526 0.1678713 0.1976960 0.2294456 0.2634611 0.3000968 0.3397120 0.3826435 0.4291722 0.4794569 0.5334599 0.5908423 0.6508685 0.7123575 0.7739359 0.8339477 0.8905346 0.9421003 0.9873971 1.025495 1.055774 1.077885 1.091697
-0.3616214 -0.3942509 -0.4292216 -0.4662038 -0.5045899 -0.5433621 -0.5810049 -0.6154071 -0.6439524 -0.6637903 -0.6724702 -0.6684248 -0.6518400 -0.6244896 -0.5889171 -0.5479427 -0.5040625 -0.4592380 -0.4148423 -0.3717678 -0.3305193 -0.2913379 -0.2542715 -0.2192502 -0.1861208 -0.1546867 -0.1247201 -9.5982239E-02 -6.8223618E-02 -4.1193690E-02 -1.4637097E-02 1.1702487E-02 3.8088530E-02 6.4791143E-02 9.2093416E-02 0.1202947 0.1497164 0.1807082 0.2136528 0.2489725 0.2871323 0.3286405 0.3740388 0.4238824 0.4786892 0.5388575 0.6045246 0.6753895 0.7505335 0.8283262 0.9062676 0.9815743 1.051746 1.114598 1.168489 1.212410 1.245873 1.268775 1.281276
-0.4009334 -0.4400977 -0.4827579 -0.5287414 -0.5775250 -0.6280779 -0.6785983 -0.7263078 -0.7673076 -0.7969159 -0.8106136 -0.8058950 -0.7830220 -0.7449923 -0.6964630 -0.6419741 -0.5851781 -0.5286052 -0.4738486 -0.4217811 -0.3728022 -0.3269906 -0.2842396 -0.2443218 -0.2069533 -0.1718150 -0.1385804 -0.1069190 -7.6507390E-02 -4.7025006E-02 -1.8157274E-02 1.0410504E-02 3.8994767E-02 6.7921259E-02 9.7529963E-02 0.1281831 0.1602737 0.1942355 0.2305551 0.2697819 0.3125445 0.3595569 0.4116281 0.4696434 0.5345273 0.6071233 0.6879880 0.7770224 0.8730062 0.9732338 1.073903 1.170486 1.258566 1.334971 1.397923 1.446716 1.481395 1.502459 1.510647
-0.4434089 -0.4901243 -0.5418760 -0.5987715 -0.6605925 -0.7264987 -0.7946547 -0.8616232 -0.9218344 -0.9675078 -0.9902743 -0.9843743 -0.9505216 -0.8953029 -0.8271437 -0.7534175 -0.6791943 -0.6075075 -0.5399112 -0.4770548 -0.4190281 -0.3656267 -0.3164754 -0.2711317 -0.2291200 -0.1899721 -0.1532291 -0.1184575 -8.5239530E-02 -5.3179346E-02 -2.1890610E-02 9.0029445E-03 3.9879933E-02 7.1125939E-02 0.1031452 0.1363701 0.1712749 0.2083921 0.2483293 0.2917942 0.3396192 0.3927959 0.4525009 0.5201234 0.5972469 0.6855543 0.7865205 0.9007752 1.027052 1.161118 1.295391 1.421203 1.531682 1.622777 1.693135 1.743244 1.774503 1.788628 1.787344
-0.4887624 -0.5440434 -0.6063045 -0.6761615 -0.7539675 -0.8395415 -0.9315391 -1.026452 -1.116909 -1.190113 -1.229030 -1.221111 -1.167917 -1.083815 -0.9853960 -0.8842660 -0.7868400 -0.6960374 -0.6128647 -0.5373149 -0.4689165 -0.4069769 -0.3507496 -0.2994798 -0.2524594 -0.2090224 -0.1685611 -0.1305120 -9.4357610E-02 -5.9609953E-02 -2.5808882E-02 7.4944226E-03 4.0742785E-02 7.4389443E-02 0.1089073 0.1448068 0.1826530 0.2230887 0.2668642 0.3148718 0.3681990 0.4281859 0.4965124 0.5752864 0.6671447 0.7752571 0.9030776 1.053312 1.225436 1.412026 1.598073 1.765959 1.903333 2.006438 2.077235 2.119782 2.138332 2.136636 2.117786
