T3-twomodels/gx/model60.grd
DSAA
         100         100
  -15.00000       15.00000    
  -15.00000       15.00000    
  -8.088066       12.20452    
[rows 0 to 25 of 100, columns 0 to 59 of 100]
-1.4628885E-02 -1.4091963E-02 -1.3428178E-02 -1.2628909E-02 -1.1684504E-02 -1.0587168E-02 -9.3282377E-03 -7.9022376E-03 -6.3022776E-03 -4.5237830E-03 -2.5576651E-03 -4.2396132E-04 1.8817576E-03 4.3737502E-03 7.0403707E-03 9.8765036E-03 1.2873267E-02 1.6022710E-02 1.9313268E-02 2.2733640E-02 2.6269967E-02 2.9908638E-02 3.3633608E-02 3.7428513E-02 4.1275006E-02 4.5154519E-02 4.9047008E-02 5.2932270E-02 5.6788612E-02 6.0594041E-02 6.4325422E-02 6.7959435E-02 7.1472056E-02 7.4839510E-02 7.8037560E-02 8.1042700E-02 8.3831370E-02 8.6380944E-02 8.8669553E-02 9.0677425E-02 9.2385955E-02 9.3779057E-02 9.4842590E-02 9.5565416E-02 9.5938444E-02 9.5956311E-02 9.5616020E-02 9.4918303E-02 9.3858533E-02 9.2449553E-02 9.0731367E-02 8.8699125E-02 8.6347871E-02 8.3700739E-02 8.0780238E-02 7.7606156E-02 7.4199684E-02 7.0582017E-02 6.6774502E-02 6.2798023E-02
-1.7012566E-02 -1.6510325E-02 -1.5869047E-02 -1.5077018E-02 -1.4124258E-02 -1.2999599E-02 -1.1694644E-02 -1.0200229E-02 -8.5110543E-03 -6.6230190E-03 -4.5403899E-03 -2.2386345E-03 2.7675997E-04 2.9859892E-03 5.8941194E-03 8.9947106E-03 1.2281331E-02 1.5742736E-02 1.9368060E-02 2.3142973E-02 2.7053725E-02 3.1083811E-02 3.5216287E-02 3.9431915E-02 4.3711379E-02 4.8033196E-02 5.2375846E-02 5.6716051E-02 6.1030246E-02 6.5293260E-02 6.9479734E-02 7.3562779E-02 7.7515684E-02 8.1310995E-02 8.4921502E-02 8.8319667E-02 9.1478765E-02 9.4372191E-02 9.6974976E-02 9.9263519E-02 0.1012165 0.1028143 0.1040410 0.1048827 0.1053296 0.1053743 0.1050152 0.1042544 0.1031072 0.1015767 9.9642374E-02 9.7337931E-02 9.4701245E-02 9.1744140E-02 8.8483408E-02 8.4942088E-02 8.1144236E-02 7.7114843E-02 7.2878048E-02 6.8458185E-02
-1.9710477E-02 -1.9258097E-02 -1.8652018E-02 -1.7879773E-02 -1.6927717E-02 -1.5784340E-02 -1.4437267E-02 -1.2877653E-02 -1.1095602E-02 -9.0839816E-03 -6.8311086E-03 -4.3575973E-03 -1.6577571E-03 1.2843666E-03 4.4557704E-03 7.8502754E-03 1.1457300E-02 1.5266871E-02 1.9264683E-02 2.3436660E-02 2.7765913E-02 3.2235205E-02 3.6824331E-02 4.1513167E-02 4.6279263E-02 5.1099643E-02 5.5949599E-02 6.0803954E-02 6.5635689E-02 7.0417419E-02 7.5120054E-02 7.9713933E-02 8.4168293E-02 8.8452414E-02 9.2534631E-02 9.6383728E-02 9.9968337E-02 0.1032581 0.1062234 0.1088368 0.1110728 0.1129088 0.1143252 0.1153063 0.1158395 0.1159173 0.1155360 0.1146967 0.1133959 0.1116500 0.1095063 0.1069638 0.1040218 0.1007110 9.7061567E-02 9.3100809E-02 8.8857390E-02 8.4359877E-02 7.9636656E-02 7.4715100E-02
-2.2764571E-02 -2.2379322E-02 -2.1825818E-02 -2.1087591E-02 -2.0149965E-02 -1.8997101E-02 -1.7616220E-02 -1.5993863E-02 -1.4121348E-02 -1.1991616E-02 -9.6072787E-03 -6.9398200E-03 -3.9942944E-03 -7.9211313E-04 2.6721158E-03 6.3906047E-03 1.0355121E-02 1.4551779E-02 1.8966772E-02 2.3582464E-02 2.8381515E-02 3.3343002E-02 3.8445801E-02 4.3666452E-02 4.8980977E-02 5.4362968E-02 5.9785891E-02 6.5220989E-02 7.0639037E-02 7.6008722E-02 8.1298150E-02 8.6473383E-02 9.1500171E-02 9.6343040E-02 0.1009663 0.1053333 0.1094084 0.1131556 0.1165406 0.1195307 0.1220961 0.1242094 0.1258477 0.1269918 0.1276274 0.1277446 0.1273406 0.1264183 0.1249966 0.1230819 0.1206559 0.1177608 0.1144441 0.1107251 0.1066292 0.1021884 9.7435758E-02 9.2405103E-02 8.7128863E-02 8.1639029E-02
-2.6221853E-02 -2.5926502E-02 -2.5445638E-02 -2.4761112E-02 -2.3853460E-02 -2.2705663E-02 -2.1299774E-02 -1.9622020E-02 -1.7657934E-02 -1.5396507E-02 -1.2822263E-02 -9.9563738E-03 -6.7914166E-03 -3.3091898E-03 4.7567883E-04 4.5553986E-03 8.9168055E-03 1.3547059E-02 1.8428205E-02 2.3542326E-02 2.8868061E-02 3.4383487E-02 4.0063709E-02 4.5883790E-02 5.1816043E-02 5.7832241E-02 6.3902125E-02 6.9994785E-02 7.6076962E-02 8.2114555E-02 8.8071264E-02 9.3909644E-02 9.9590436E-02 0.1050738 0.1103182 0.1152821 0.1199233 0.1242004 0.1280725 0.1315013 0.1344509 0.1368890 0.1387876 0.1401241 0.1408805 0.1410460 0.1406154 0.1395905 0.1379698 0.1357755 0.1330654 0.1298442 0.1261185 0.1219300 0.1173202 0.1123276 0.1069918 0.1013517 9.5445745E-02 8.9310199E-02
-3.0136341E-02 -2.9957263E-02 -2.9575473E-02 -2.8967500E-02 -2.8111836E-02 -2.6985681E-02 -2.5569677E-02 -2.3844056E-02 -2.1794826E-02 -1.9410253E-02 -1.6690129E-02 -1.3600998E-02 -1.0147147E-02 -6.3516465E-03 -2.2089807E-03 2.2709195E-03 7.0769950E-03 1.2191612E-02 1.7596770E-02 2.3270005E-02 2.9188901E-02 3.5327200E-02 4.1658528E-02 4.8153825E-02 5.4783549E-02 6.1515514E-02 6.8317391E-02 7.5154185E-02 8.1989981E-02 8.8786215E-02 9.5503159E-02 0.1020983 0.1085278 0.1147460 0.1207056 0.1263581 0.1316550 0.1365470 0.1409866 0.1449276 0.1483274 0.1511468 0.1533524 0.1549160 0.1558166 0.1560401 0.1555822 0.1544467 0.1526571 0.1502259 0.1471395 0.1434523 0.1392258 0.1344912 0.1292869 0.1236584 0.1176519 0.1113138 0.1046884 9.7818151E-02
-3.4568474E-02 -3.4539621E-02 -3.4287948E-02 -3.3787183E-02 -3.3009287E-02 -3.1928908E-02 -3.0519713E-02 -2.8760476E-02 -2.6629573E-02 -2.4110034E-02 -2.1180864E-02 -1.7863305E-02 -1.4147617E-02 -1.0012940E-02 -5.4763048E-03 -5.4817065E-04 4.7543203E-03 1.0413986E-02 1.6407430E-02 2.2711119E-02 2.9297609E-02 3.6138956E-02 4.3204099E-02 5.0462045E-02 5.7878900E-02 6.5420464E-02 7.3050201E-02 8.0730669E-02 8.8421509E-02 9.6080974E-02 0.1036642 0.1111245 0.1184120 0.1254750 0.1322591 0.1387086 0.1447663 0.1503749 0.1554772 0.1600188 0.1639479 0.1672173 0.1697858 0.1716197 0.1726923 0.1729875 0.1724978 0.1712259 0.1691735 0.1663716 0.1628930 0.1587527 0.1539691 0.1486007 0.1427065 0.1363418 0.1295620 0.1224215 0.1149725 0.1072638
-3.9588831E-02 -3.9750140E-02 -3.9668940E-02 -3.9311707E-02 -3.8646683E-02 -3.7640534E-02 -3.6263797E-02 -3.4486994E-02 -3.2287672E-02 -2.9646911E-02 -2.6559845E-02 -2.2986118E-02 -1.8928917E-02 -1.4413632E-02 -9.4352355E-03 -4.0073707E-03 1.8543680E-03 8.1264069E-03 1.4784403E-02 2.1798721E-02 2.9139917E-02 3.6774535E-02 4.4669311E-02 5.2788295E-02 6.1095510E-02 6.9552302E-02 7.8119919E-02 8.6756483E-02 9.5418848E-02 0.1040604 0.1126324 0.1210823 0.1293546 0.1373902 0.1451273 0.1525007 0.1594442 0.1658895 0.1717694 0.1770176 0.1815719 0.1853745 0.1883752 0.1905316 0.1918118 0.1921944 0.1916723 0.1902504 0.1879594 0.1848208 0.1808300 0.1760603 0.1705945 0.1644828 0.1577840 0.1505640 0.1428889 0.1348235 0.1264285 0.1177613
-4.5275971E-02 -4.5678195E-02 -4.5815442E-02 -4.5649432E-02 -4.5139231E-02 -4.4246711E-02 -4.2932685E-02 -4.1163974E-02 -3.8907915E-02 -3.6138125E-02 -3.2825347E-02 -2.8989749E-02 -2.4618551E-02 -1.9688280E-02 -1.4219864E-02 -8.2285618E-03 -1.7380167E-03 5.2273683E-03 1.2635864E-02 2.0455388E-02 2.8649708E-02 3.7182670E-02 4.6015117E-02 5.5108674E-02 6.4422488E-02 7.3915705E-02 8.3545186E-02 9.3266718E-02 0.1030326 0.1127928 0.1224936 0.1320770 0.1414807 0.1506384 0.1594784 0.1679261 0.1759032 0.1833296 0.1901242 0.1962077 0.2015037 0.2059417 0.2094590 0.2120036 0.2135346 0.2140264 0.2134673 0.2118610 0.2092149 0.2055732 0.2010307 0.1956206 0.1893815 0.1823986 0.1747577 0.1665398 0.1578247 0.1486890 0.1392050 0.1294388
-5.1720705E-02 -5.2424207E-02 -5.2841496E-02 -5.2924074E-02 -5.2624557E-02 -5.1893335E-02 -5.0685171E-02 -4.8955135E-02 -4.6667259E-02 -4.3790959E-02 -4.0313743E-02 -3.6185276E-02 -3.1407252E-02 -2.6008725E-02 -1.9986968E-02 -1.3362122E-02 -6.1578527E-03 1.5924278E-03 9.8539693E-03 1.8586177E-02 2.7749186E-02 3.7299577E-02 4.7194988E-02 5.7391278E-02 6.7845166E-02 7.8511290E-02 8.9344531E-02 0.1002965 0.1113169 0.1223512 0.1333417 0.1442241 0.1549296 0.1653827 0.1755025 0.1852015 0.1943888 0.2029686 0.2108442 0.2179189 0.2240995 0.2292982 0.2334377 0.2364516 0.2382893 0.2389167 0.2383209 0.2365083 0.2335200 0.2293923 0.2241366 0.2178564 0.2106685 0.2026543 0.1939045 0.1845174 0.1745888 0.1642112 0.1534691 0.1424404
-5.9024826E-02 -6.0105734E-02 -6.0877170E-02 -6.1282713E-02 -6.1261848E-02 -6.0756359E-02 -5.9706613E-02 -5.8060259E-02 -5.5766642E-02 -5.2784175E-02 -4.9070671E-02 -4.4643309E-02 -3.9485406E-02 -3.3571519E-02 -2.6929716E-02 -1.9584026E-02 -1.1569682E-02 -2.9236835E-03 6.3083605E-03 1.6080875E-02 2.6344519E-02 3.7051376E-02 4.8151810E-02 5.9598532E-02 7.1343087E-02 8.3338246E-02 9.5534950E-02 0.1078832 0.1203291 0.1328154 0.1452792 0.1576516 0.1698557 0.1818075 0.1934139 0.2045747 0.2151822 0.2251234 0.2342811 0.2425380 0.2497785 0.2558943 0.2607870 0.2643735 0.2665878 0.2673872 0.2667517 0.2646861 0.2612064 0.2563784 0.2503311 0.2431288 0.2348453 0.2256088 0.2155480 0.2047842 0.1934348 0.1816099 0.1694106 0.1569270
-6.7305110E-02 -6.8854704E-02 -7.0074551E-02 -7.0893750E-02 -7.1240835E-02 -7.1040489E-02 -7.0221767E-02 -6.8714574E-02 -6.6460319E-02 -6.3409135E-02 -5.9535373E-02 -5.4774545E-02 -4.9126130E-02 -4.2625714E-02 -3.5276372E-02 -2.7110761E-02 -1.8167561E-02 -8.4977075E-03 1.8462888E-03 1.2806186E-02 2.4326129E-02 3.6348298E-02 4.8818484E-02 6.1682738E-02 7.4890405E-02 8.8390194E-02 0.1021323 0.1160636 0.1301294 0.1442692 0.1584171 0.1724983 0.1864294 0.2001160 0.2134533 0.2263245 0.2386043 0.2501571 0.2608422 0.2705151 0.2790335 0.2862607 0.2920728 0.2963622 0.2990449 0.3000632 0.2993923 0.2970394 0.2930614 0.2875195 0.2804542 0.2720186 0.2623846 0.2516859 0.2400658 0.2276739 0.2146528 0.2011360 0.1872429 0.1730794
-7.6692261E-02 -7.8824952E-02 -8.0607876E-02 -8.1957474E-02 -8.2782820E-02 -8.2993463E-02 -8.2496263E-02 -8.1206635E-02 -7.9043604E-02 -7.5939827E-02 -7.1832150E-02 -6.6731684E-02 -6.0616758E-02 -5.3461824E-02 -4.5308534E-02 -3.6198188E-02 -2.6187651E-02 -1.5337049E-02 -3.7160935E-03 8.6072311E-03 2.1563202E-02 3.5086725E-02 4.9114246E-02 6.3588455E-02 7.8453623E-02 9.3657948E-02 0.1091493 0.1248756 0.1407803 0.1568029 0.1728743 0.1889162 0.2048378 0.2205353 0.2358896 0.2507675 0.2650207 0.2784888 0.2910004 0.3023788 0.3124460 0.3210300 0.3279717 0.3331331 0.3364024 0.3377046 0.3370019 0.3342983 0.3296245 0.3230815 0.3148542 0.3050617 0.2938389 0.2813859 0.2679022 0.2535741 0.2385781 0.2230749 0.2072074 0.1910982
-8.7334789E-02 -9.0188771E-02 -9.2680007E-02 -9.4704062E-02 -9.6151792E-02 -9.6906260E-02 -9.6853651E-02 -9.5880881E-02 -9.3890205E-02 -9.0797946E-02 -8.6555250E-02 -8.1076272E-02 -7.4357882E-02 -6.6447563E-02 -5.7362672E-02 -4.7160700E-02 -3.5909526E-02 -2.3692405E-02 -1.0593457E-02 3.2992919E-03 1.7904608E-02 3.3143472E-02 4.8946265E-02 6.5248251E-02 8.1992649E-02 9.9125460E-02 0.1165968 0.1343547 0.1523459 0.1705095 0.1887772 0.2070672 0.2252838 0.2433128 0.2610217 0.2782569 0.2948460 0.3105969 0.3253027 0.3387448 0.3507011 0.3609524 0.3692946 0.3755461 0.3795605 0.3812341 0.3805166 0.3774124 0.3720021 0.3643891 0.3546690 0.3430780 0.3298821 0.3153047 0.2995783 0.2829362 0.2655951 0.2477513 0.2295740 0.2112068
-9.9397339E-02 -0.1031450 -0.1065227 -0.1094061 -0.1116568 -0.1131314 -0.1136802 -0.1131624 -0.1114432 -0.1084094 -0.1039615 -9.8097838E-02 -9.0790816E-02 -8.2020417E-02 -7.1856022E-02 -6.0374118E-02 -4.7673859E-02 -3.3859171E-02 -1.9043015E-02 -3.3318182E-03 1.3171916E-02 3.0378060E-02 4.8205029E-02 6.6585056E-02 8.5457891E-02 0.1047724 0.1244806 0.1445365 0.1648902 0.1854863 0.2062581 0.2271247 0.2479856 0.2687193 0.2891779 0.3091877 0.3285471 0.3470285 0.3643799 0.3803326 0.3946062 0.4069222 0.4170143 0.4246442 0.4296140 0.4317834 0.4310755 0.4274869 0.4210709 0.4119872 0.4005160 0.3868757 0.3713124 0.3541506 0.3357099 0.3162853 0.2961472 0.2755330 0.2546457 0.2336503
-0.1130650 -0.1179154 -0.1224043 -0.1263774 -0.1296666 -0.1320861 -0.1334486 -0.1335645 -0.1322645 -0.1294024 -0.1248854 -0.1185925 -0.1105183 -0.1007344 -8.9292131E-02 -7.6300174E-02 -6.1885178E-02 -4.6192385E-02 -2.9363565E-02 -1.1537958E-02 7.1620685E-03 2.6626809E-02 4.6767022E-02 6.7507990E-02 8.8791832E-02 0.1105698 0.1328025 0.1554509 0.1784758 0.2018291 0.2254522 0.2492669 0.2731733 0.2970425 0.3207146 0.3439928 0.3666449 0.3884003 0.4089550 0.4279758 0.4451109 0.4600015 0.4723008 0.4816905 0.4879038 0.4907424 0.4900979 0.4859589 0.4784400 0.4677180 0.4539903 0.4376429 0.4191087 0.3987728 0.3770230 0.3542339 0.3307411 0.3068359 0.2827576 0.2586976
-0.1285385 -0.1347511 -0.1406281 -0.1459863 -0.1506124 -0.1542757 -0.1567277 -0.1577253 -0.1570334 -0.1544509 -0.1498096 -0.1430811 -0.1342313 -0.1232606 -0.1102978 -9.5494211E-02 -7.9034656E-02 -6.1108511E-02 -4.1908190E-02 -2.1606766E-02 -3.5944395E-04 2.1707570E-02 4.4491399E-02 6.7916781E-02 9.1926984E-02 0.1164837 0.1415575 0.1671253 0.1931615 0.2196338 0.2464951 0.2736778 0.3010854 0.3285878 0.3560130 0.3831442 0.4097142 0.4354056 0.4598508 0.4826396 0.5033274 0.5214536 0.5365612 0.5482246 0.5560756 0.5598361 0.5593390 0.5545496 0.5455510 0.5326047 0.5161597 0.4966222 0.4744487 0.4501903 0.4243789 0.3974943 0.3699589 0.3421263 0.3142807 0.2866382
-0.1460384 -0.1539272 -0.1615408 -0.1686543 -0.1750077 -0.1803017 -0.1842186 -0.1864275 -0.1866200 -0.1845261 -0.1799623 -0.1727451 -0.1628681 -0.1504560 -0.1356403 -0.1186410 -9.9707037E-02 -7.9104848E-02 -5.7083484E-02 -3.3870757E-02 -9.6539268E-03 1.5414646E-02 4.1224796E-02 6.7698389E-02 9.4789185E-02 0.1224711 0.1507355 0.1795791 0.2090005 0.2389886 0.2695180 0.3005372 0.3319625 0.3636666 0.3954725 0.4271436 0.4583796 0.4888094 0.5179940 0.5454279 0.5705527 0.5927739 0.6114897 0.6261230 0.6361650 0.6412137 0.6410203 0.6355153 0.6248531 0.6093375 0.5893635 0.5655994 0.5387940 0.5096369 0.4787985 0.4468975 0.4144624 0.3819253 0.3496179 0.3177818
-0.1657955 -0.1757473 -0.1855266 -0.1948694 -0.2034494 -0.2108914 -0.2167714 -0.2206522 -0.2220990 -0.2207295 -0.2162328 -0.2085179 -0.1975463 -0.1833793 -0.1662809 -0.1465690 -0.1246088 -0.1007598 -7.5361237E-02 -4.8700556E-02 -2.1013362E-02 7.5272634E-03 3.6799666E-02 6.6733681E-02 9.7295724E-02 0.1284849 0.1603181 0.1928254 0.2260361 0.2599735 0.2946415 0.3300174 0.3660379 0.4025903 0.4394985 0.4765141 0.5133038 0.5494432 0.5844107 0.6175912 0.6482838 0.6757245 0.6991164 0.7176770 0.7306905 0.7375754 0.7379409 0.7316430 0.7187864 0.6998057 0.6754648 0.6465475 0.6139322 0.5786070 0.5414972 0.5034065 0.4650026 0.4268068 0.3892029 0.3524502
-0.1880520 -0.2005313 -0.2130117 -0.2251789 -0.2366389 -0.2469080 -0.2554356 -0.2616183 -0.2648613 -0.2646263 -0.2605254 -0.2522448 -0.2397839 -0.2233955 -0.2034086 -0.1802981 -0.1545761 -0.1267516 -9.7271226E-02 -6.6510044E-02 -3.4749601E-02 -2.1914837E-03 3.1043801E-02 6.4896435E-02 9.9361680E-02 0.1344700 0.1702809 0.2068652 0.2442997 0.2826509 0.3219688 0.3622694 0.4035263 0.4456520 0.4884864 0.5317773 0.5751686 0.6181823 0.6602122 0.7005158 0.7382239 0.7723565 0.8018631 0.8256747 0.8427828 0.8523267 0.8536991 0.8466290 0.8312780 0.8081648 0.7780784 0.7422628 0.7021110 0.6589250 0.6139163 0.5681351 0.5224192 0.4773945 0.4334897 0.3909708
-0.2130436 -0.2286128 -0.2444485 -0.2601967 -0.2753769 -0.2893860 -0.3014897 -0.3108703 -0.3166695 -0.3180944 -0.3144997 -0.3056352 -0.2914659 -0.2722295 -0.2485249 -0.2210638 -0.1906062 -0.1578521 -0.1234071 -8.7739773E-02 -5.1192045E-02 -1.3979256E-02 2.3782149E-02 6.2063992E-02 0.1008990 0.1403705 0.1805901 0.2216899 0.2638046 0.3070638 0.3515755 0.3974155 0.4446077 0.4931117 0.5427979 0.5934311 0.6446441 0.6959191 0.7465640 0.7957032 0.8422703 0.8850254 0.9225869 0.9535006 0.9763314 0.9898009 0.9929319 0.9852064 0.9666484 0.9379694 0.9005582 0.8560155 0.8061379 0.7528237 0.6977701 0.6423593 0.5876415 0.5343487 0.4829410 0.4336605
-0.2409930 -0.2603142 -0.2803074 -0.3005788 -0.3205735 -0.3395335 -0.3565055 -0.3703503 -0.3798447 -0.3838094 -0.3813331 -0.3717833 -0.3551862 -0.3321397 -0.3035033 -0.2703754 -0.2338551 -0.1949335 -0.1544017 -0.1128498 -7.0663743E-02 -2.8068002E-02 1.4854362E-02 5.8120068E-02 0.1018280 0.1461274 0.1912077 0.2372748 0.2845447 0.3332240 0.3835023 0.4355307 0.4894105 0.5451675 0.6027318 0.6619073 0.7223446 0.7835042 0.8446284 0.9047081 0.9624684 1.016363 1.064602 1.105212 1.136160 1.155521 1.161721 1.153796 1.131672 1.096174 1.048922 0.9924503 0.9296097 0.8630507 0.7950805 0.7275221 0.6616684 0.5983464 0.5380028 0.4808078
-0.2720806 -0.2959314 -0.3210383 -0.3470084 -0.3732148 -0.3987527 -0.4223783 -0.4425333 -0.4574081 -0.4651753 -0.4642805 -0.4539934 -0.4343175 -0.4060475 -0.3707146 -0.3300344 -0.2856530 -0.2389330 -0.1909105 -0.1422812 -9.3466677E-02 -4.4656988E-02 4.1213003E-03 5.2970883E-02 0.1020768 0.1516880 0.2020876 0.2535835 0.3064881 0.3611113 0.4177411 0.4766338 0.5379891 0.6019333 0.6684853 0.7375283 0.8087651 0.8816781 0.9554750 1.029045 1.100910 1.169197 1.231632 1.285587 1.328188 1.356544 1.368072 1.360954 1.334552 1.289866 1.229597 1.157329 1.077122 0.9929816 0.9082129 0.8252137 0.7455364 0.6700391 0.5990728 0.5326424
-0.3064273 -0.3356860 -0.3670366 -0.4001279 -0.4343278 -0.4685925 -0.5013763 -0.5305365 -0.5534208 -0.5671399 -0.5691993 -0.5579839 -0.5336259 -0.4978409 -0.4531061 -0.4021703 -0.3474494 -0.2908163 -0.2335464 -0.1764247 -0.1198375 -6.3896939E-02 -8.5087260E-03 4.6549577E-02 0.1015965 0.1570033 0.2131823 0.2705602 0.3295759 0.3906595 0.4542288 0.5206652 0.5903043 0.6634028 0.7401145 0.8204447 0.9042077 0.9909633 1.079954 1.170026 1.259554 1.346360 1.427663 1.500047 1.559542 1.601821 1.622661 1.618650 1.588165 1.532030 1.453673 1.358984 1.254677 1.146755 1.039867 0.9371175 0.8402451 0.7499933 0.6664468 0.5893022
-0.3440509 -0.3796918 -0.4185636 -0.4604695 -0.5048609 -0.5506769 -0.5960845 -0.6382689 -0.6732929 -0.6964307 -0.7031151 -0.6907870 -0.6596483 -0.6126302 -0.5543166 -0.4891646 -0.4207357 -0.3514582 -0.2828121 -0.2155443 -0.1499154 -8.5849270E-02 -2.3069791E-02 3.8837992E-02 0.1003612 0.1620406 0.2244385 0.2881364 0.3537159 0.4217595 0.4928333 0.5674806 0.6461998 0.7294246 0.8174868 0.9105780 1.008690 1.111549 1.218526 1.328543 1.439942 1.550360 1.656572 1.754364 1.838434 1.902490 1.939659 1.943521 1.909762 1.838372 1.734819 1.608452 1.470083 1.329348 1.192999 1.064873 0.9466410 0.8385939 0.7402585 0.6507846
-0.3848441 -0.4278827 -0.4756762 -0.5283065 -0.5855266 -0.6464648 -0.7092500 -0.7704074 -0.8243231 -0.8631691 -0.8785226 -0.8645653 -0.8219436 -0.7571715 -0.6785901 -0.5934815 -0.5068111 -0.4214973 -0.3389632 -0.2597142 -0.1836770 -0.1104671 -3.9506868E-02 2.9868959E-02 9.8384269E-02 0.1667781 0.2358071 0.3062232 0.3787864 0.4542464 0.5333527 0.6168324 0.7053891 0.7996703 0.9002457 1.007554 1.121855 1.243145 1.371066 1.504776 1.642803 1.782833 1.921468 2.053898 2.173538 2.271696 2.337605 2.359413 2.327148 2.237284 2.096671 1.922158 1.733527 1.546505 1.370543 1.209822 1.065218 0.9359196 0.8203923 0.7169036
