T3-twomodels/gx/model90.grd
DSAA
         100         100
  -15.00000       15.00000    
  -15.00000       15.00000    
  -8.040898       13.27873    
[rows 52 to 77 of 100, columns 0 to 59 of 100]
-1.084628 -1.249908 -1.448361 -1.683331 -1.968738 -2.312576 -2.737451 -3.260076 -3.910435 -4.666442 -5.290965 -5.191656 -4.470641 -3.704903 -3.053845 -2.526690 -2.090750 -1.730688 -1.424408 -1.164188 -0.9365234 -0.7375757 -0.5583055 -0.3966303 -0.2459673 -0.1050107 3.1411648E-02 0.1643620 0.2982482 0.4342454 0.5764729 0.7265317 0.8886856 1.065310 1.261291 1.480233 1.728290 2.010985 2.336714 2.714068 3.155375 3.674430 4.290788 5.027878 5.919556 7.007841 8.351347 9.996224 11.86208 13.24265 13.03671 11.46826 9.629036 8.041883 6.749403 5.698522 4.834937 4.117956 3.516092 3.006903
-1.077887 -1.242534 -1.440341 -1.674672 -1.959461 -2.302725 -2.727089 -3.249293 -3.899331 -4.655131 -5.279518 -5.180316 -4.459615 -3.694262 -3.043713 -2.517170 -2.081939 -1.722656 -1.417212 -1.157862 -0.9310929 -0.7330520 -0.5546954 -0.3939346 -0.2441896 -0.1041526 3.1339634E-02 0.1633466 0.2962655 0.4312645 0.5724520 0.7214209 0.8824238 1.057828 1.252512 1.470075 1.716670 1.997818 2.321924 2.697590 3.137163 3.654465 4.269088 5.004500 5.894609 6.981483 8.323793 9.967727 11.83288 13.21301 13.00714 11.43923 9.600782 8.014659 6.723454 5.674054 4.812104 4.096855 3.496776 2.989385
-1.069050 -1.232836 -1.429765 -1.663217 -1.947154 -2.289617 -2.713268 -3.234871 -3.884463 -4.640002 -5.264390 -5.165293 -4.444837 -3.679993 -3.030132 -2.504437 -2.070172 -1.711955 -1.407639 -1.149465 -0.9238929 -0.7270613 -0.5499143 -0.3903604 -0.2418176 -0.1029860 3.1295609E-02 0.1620733 0.2937364 0.4274385 0.5672759 0.7148261 0.8743299 1.048140 1.241125 1.456874 1.701535 1.980630 2.302570 2.675972 3.113206 3.628131 4.240384 4.973493 5.861433 6.946348 8.286987 9.929615 11.79395 13.17381 12.96798 11.40048 9.563001 7.978301 6.688874 5.641525 4.781821 4.068946 3.471298 2.966341
-1.057989 -1.220654 -1.416427 -1.648717 -1.931511 -2.272899 -2.695576 -3.216362 -3.865324 -4.620456 -5.244628 -5.145696 -4.425745 -3.661596 -3.012663 -2.488087 -2.055104 -1.698283 -1.395445 -1.138790 -0.9147610 -0.7194716 -0.5438592 -0.3858255 -0.2387916 -0.1014612 3.1313952E-02 0.1605691 0.2906774 0.4227761 0.5609419 0.7067350 0.8643760 1.036200 1.227059 1.440530 1.682749 1.959237 2.278407 2.648893 3.083095 3.594913 4.204046 4.934100 5.819142 6.901423 8.239798 9.880635 11.74368 13.12281 12.91710 11.35051 9.514459 7.931701 6.644671 5.600072 4.743364 4.033625 3.439166 2.937379
-1.044552 -1.205788 -1.400076 -1.630852 -1.912153 -2.252110 -2.673488 -3.193159 -3.841269 -4.595871 -5.219937 -5.121165 -4.401684 -3.638431 -2.990706 -2.467601 -2.036282 -1.681265 -1.380312 -1.125588 -0.9034942 -0.7101271 -0.5364075 -0.3802380 -0.2350387 -9.9526837E-02 3.1435162E-02 0.1588622 0.2871081 0.4172861 0.5534503 0.6971345 0.8525348 1.021961 1.210242 1.420932 1.660155 1.933419 2.249141 2.615967 3.046328 3.554176 4.159284 4.885359 5.766593 6.845381 8.180734 9.819179 11.68066 13.05915 12.85353 11.28781 9.453566 7.873396 6.589555 5.548587 4.695799 3.990130 3.399771 2.902020
-1.028563 -1.188006 -1.380407 -1.609243 -1.888597 -2.226676 -2.646316 -3.164490 -3.811423 -4.565242 -5.188924 -5.090381 -4.371698 -3.609635 -2.963504 -2.442309 -2.013144 -1.660432 -1.361870 -1.109558 -0.8898612 -0.6988461 -0.5274239 -0.3734914 -0.2304817 -9.7120784E-02 3.1704012E-02 0.1569861 0.2830509 0.4109833 0.5448044 0.6860166 0.8387812 1.005376 1.190595 1.397966 1.633583 1.902940 2.214443 2.576749 3.002317 3.505158 4.105134 4.826077 5.702343 6.776526 8.107855 9.743072 11.60225 12.97951 12.77408 11.20988 9.378194 7.801494 6.521881 5.485678 4.637981 3.937539 3.352387 2.859705
-1.009830 -1.167043 -1.357071 -1.583428 -1.860268 -2.195874 -2.613204 -3.129347 -3.774671 -4.527436 -5.150775 -5.052464 -4.334627 -3.574115 -2.930068 -2.411375 -1.984988 -1.635221 -1.339666 -1.090355 -0.8735955 -0.6854308 -0.5167569 -0.3654774 -0.2250350 -9.4183214E-02 3.2167301E-02 0.1549760 0.2785333 0.4038849 0.5350136 0.6733783 0.8230982 0.9864051 1.168051 1.371518 1.602864 1.867548 2.173958 2.530746 2.950397 3.446975 4.040445 4.754796 5.624596 6.692706 8.018664 9.649541 11.50578 12.88175 12.67648 11.11399 9.285621 7.713565 6.439564 5.409617 4.568517 3.874757 3.296173 2.809802
-0.9881476 -1.142615 -1.329672 -1.552884 -1.826470 -2.158833 -2.573067 -3.086451 -3.729536 -4.480764 -5.103352 -5.005354 -4.288842 -3.530420 -2.889157 -2.373747 -1.950970 -1.604962 -1.313192 -1.067590 -0.8544134 -0.6696702 -0.5042560 -0.3560831 -0.2186210 -9.0651892E-02 3.2871448E-02 0.1528690 0.2735834 0.3960153 0.5240940 0.6592281 0.8054793 0.9650244 1.142554 1.341493 1.567840 1.827003 2.127327 2.477443 2.889841 3.378633 3.963892 4.669788 5.531158 6.591225 7.909965 9.534923 11.38693 12.76068 12.55573 10.99596 9.172264 7.606507 6.340011 5.318306 4.485761 3.800526 3.230191 2.751627
-0.9633194 -1.114424 -1.297790 -1.517015 -1.786407 -2.114492 -2.524569 -3.034155 -3.674114 -4.423185 -5.044899 -4.947230 -4.232289 -3.476694 -2.839173 -2.328139 -1.910072 -1.568888 -1.281873 -1.040853 -0.8320162 -0.6513571 -0.4897727 -0.3452059 -0.2111616 -8.6472422E-02 3.3861376E-02 0.1507012 0.2682362 0.3874039 0.5120740 0.6435874 0.7859387 0.9412299 1.114077 1.307822 1.528384 1.781089 2.074213 2.416327 2.819896 3.299058 3.873981 4.569033 5.419382 6.468727 7.777667 9.394470 11.24075 12.61182 12.40720 10.85084 9.033504 7.476378 6.220010 5.209227 4.387803 3.713443 3.153436 2.684479
-0.9351618 -1.082188 -1.260987 -1.475188 -1.739166 -2.061607 -2.466046 -2.970368 -3.605860 -4.351735 -4.971850 -4.874629 -4.162108 -3.410469 -2.778108 -2.272964 -1.861113 -1.526133 -1.245104 -1.009719 -0.8061225 -0.6302993 -0.4731826 -0.3327599 -0.2026014 -8.1599340E-02 3.5171889E-02 0.1485084 0.2625245 0.3780878 0.4989902 0.6264946 0.7645099 0.9150483 1.082626 1.270481 1.484419 1.729650 2.014332 2.346932 2.739835 3.207150 3.769100 4.450244 5.286127 6.321066 7.616531 9.221869 11.05977 12.42649 12.22244 10.67140 8.863232 7.318158 6.075628 5.079425 4.272504 3.612006 3.064885 2.607684
-0.9035442 -1.045660 -1.218861 -1.426756 -1.683774 -1.998741 -2.395499 -2.892403 -3.521429 -4.262576 -4.880494 -4.783789 -4.074505 -3.328523 -2.703406 -2.206335 -1.802741 -1.475783 -1.202273 -0.9738010 -0.7764838 -0.6063492 -0.4543941 -0.3186930 -0.1929018 -7.6007679E-02 3.6830734E-02 0.1463179 0.2564855 0.3681097 0.4848955 0.6080090 0.7412589 0.8865438 1.048260 1.229509 1.435946 1.672617 1.947506 2.268902 2.649027 3.101866 3.647609 4.310939 5.127781 6.143197 7.419863 9.008781 10.83462 12.19536 11.99203 10.44839 8.653426 7.125494 5.902126 4.925535 4.137568 3.494707 2.963588 2.520670
-0.8684004 -1.004682 -1.171084 -1.371137 -1.619242 -1.924333 -2.310547 -2.796877 -3.416291 -4.150099 -4.764188 -4.668222 -3.964093 -3.226545 -2.611891 -2.126038 -1.733516 -1.416923 -1.152838 -0.9327832 -0.7429358 -0.5794225 -0.4333743 -0.3029920 -0.1820639 -6.9691919E-02 3.8846813E-02 0.1441541 0.2501534 0.3575222 0.4698562 0.5882138 0.7162811 0.8558273 1.011096 1.185022 1.383064 1.610048 1.873709 2.182062 2.547042 2.982363 3.508005 4.148608 4.940361 5.929125 7.179152 8.743934 10.55125 11.90221 11.70010 10.16834 8.393376 6.890416 5.693955 4.743904 3.980713 3.360193 2.848794 2.423063
-0.8297801 -0.9592210 -1.117488 -1.307905 -1.544719 -1.836808 -2.208538 -2.679584 -3.284376 -4.006493 -4.614503 -4.519534 -3.823337 -3.098849 -2.499688 -2.029664 -1.652016 -1.348788 -1.096411 -0.8865077 -0.7054338 -0.5495411 -0.4101643 -0.2857061 -0.1701227 -6.2678471E-02 4.1215658E-02 0.1420285 0.2435654 0.3463817 0.4539558 0.5672160 0.6897130 0.8230586 0.9713221 1.137229 1.325997 1.542164 1.793128 2.086508 2.433784 2.848176 3.349174 3.961025 4.719840 5.672070 6.883796 8.412151 10.19054 11.52618 11.32591 9.812773 8.068862 6.603171 5.444967 4.530929 3.799979 3.207505 2.720125 2.314808
-0.7878693 -0.9094447 -1.058148 -1.236947 -1.459682 -1.734890 -2.086802 -2.535620 -3.117567 -3.820034 -4.416853 -4.323531 -3.641226 -2.938010 -2.362417 -1.914866 -1.557140 -1.270939 -1.032907 -0.8350425 -0.6641183 -0.5168514 -0.3849053 -0.2669483 -0.1571702 -5.5023748E-02 4.3907367E-02 0.1399454 0.2367532 0.3347553 0.4372921 0.5451517 0.6617272 0.7884560 0.9292005 1.086444 1.265111 1.469383 1.706217 1.982694 2.309635 2.699470 3.170766 3.746796 4.462828 5.365125 6.521225 7.993030 9.723298 11.03182 10.83493 9.354293 7.661206 6.252510 5.149100 4.283706 3.594224 3.036419 2.577796 2.196304
-0.7430307 -0.8557534 -0.9934917 -1.158624 -1.364261 -1.618057 -1.943379 -2.360039 -2.905738 -3.573652 -4.149290 -4.058852 -3.402073 -2.735124 -2.195871 -1.780056 -1.448528 -1.183555 -0.9626849 -0.7787861 -0.6193479 -0.4816639 -0.3578433 -0.2469125 -0.1433421 -4.6821032E-02 4.6874724E-02 0.1378945 0.2297494 0.3227129 0.4199790 0.5221792 0.6325355 0.7522887 0.8850720 1.033090 1.200926 1.392334 1.613731 1.871507 2.175596 2.537275 2.973644 3.506123 4.167823 5.002938 6.078431 7.460599 9.107410 10.36596 10.17544 8.754124 7.147495 5.827316 4.801980 4.001177 3.363833 2.847847 2.422837 2.068524
-0.6958013 -0.7988406 -0.9243553 -1.073960 -1.259561 -1.487283 -1.778278 -2.149956 -2.638724 -3.243771 -3.774527 -3.690159 -3.085414 -2.481942 -1.998003 -1.625520 -1.327204 -1.087710 -0.8867087 -0.7185091 -0.5717465 -0.4444469 -0.3293450 -0.2258599 -0.1288355 -3.8192399E-02 5.0043035E-02 0.1358617 0.2225789 0.3103347 0.4021413 0.4984840 0.6023819 0.7148814 0.8393486 0.9776953 1.134108 1.311866 1.516742 1.754308 2.033370 2.363708 2.760319 3.241733 3.837009 4.585042 5.546928 6.787546 8.283229 9.440292 9.263642 7.960172 6.505242 5.321274 4.403898 3.685718 3.111506 2.644222 2.257272 1.933090
-0.6468531 -0.7397062 -0.8519691 -0.9847475 -1.147867 -1.345741 -1.595195 -1.908733 -2.314410 -2.810294 -3.244981 -3.174194 -2.676239 -2.178078 -1.772492 -1.454832 -1.196172 -0.9855294 -0.8066379 -0.6553381 -0.5222154 -0.4057948 -0.2999047 -0.2040938 -0.1139094 -2.9266836E-02 5.3303946E-02 0.1338374 0.2152502 0.2977169 0.3839008 0.4742805 0.5715275 0.6766086 0.7924911 0.9208829 1.065442 1.229025 1.416600 1.632904 1.885350 2.182018 2.535162 2.959565 3.478125 4.120644 4.933631 5.965196 7.195816 8.145956 8.000406 6.929868 5.730357 4.742217 3.963813 3.344691 2.842829 2.429656 2.084152 1.792250
-0.5969422 -0.6796185 -0.7778627 -0.8934764 -1.032554 -1.198975 -1.402475 -1.650323 -1.953871 -2.299335 -2.576147 -2.528825 -2.200854 -1.842916 -1.532063 -1.275545 -1.060501 -0.8800975 -0.7247521 -0.5906736 -0.4718943 -0.3663833 -0.2701276 -0.1819377 -9.8884940E-02 -2.0171097E-02 5.6512840E-02 0.1318267 0.2077505 0.2849768 0.3653717 0.4498100 0.5402409 0.6378852 0.7449939 0.8633481 0.9957975 1.145004 1.314862 1.509449 1.734471 1.996390 2.304185 2.668635 3.104955 3.631735 4.273589 5.046680 5.904195 6.525948 6.433608 5.722932 4.871969 4.122154 3.501737 2.990755 2.566107 2.209723 1.907382 1.648740
-0.5471752 -0.6196376 -0.7040931 -0.8025889 -0.9180698 -1.053408 -1.212172 -1.396317 -1.603152 -1.810515 -1.949289 -1.922212 -1.744146 -1.516200 -1.295452 -1.098451 -0.9259374 -0.7754711 -0.6432744 -0.5263821 -0.4217497 -0.3271818 -0.2404438 -0.1599254 -8.3927020E-02 -1.1193752E-02 5.9658628E-02 0.1297045 0.2001816 0.2721256 0.3467667 0.4252303 0.5088781 0.5990638 0.6974370 0.8057503 0.9261444 1.061003 1.213240 1.386205 1.584001 1.811427 2.074351 2.379587 2.735109 3.148833 3.625625 4.154269 4.671521 5.003490 4.957180 4.566413 4.036066 3.512594 3.045017 2.639793 2.291101 1.990835 1.731226 1.505616
-0.4985202 -0.5609266 -0.6325234 -0.7145990 -0.8085091 -0.9152994 -1.035235 -1.166200 -1.300598 -1.419171 -1.486906 -1.469635 -1.372049 -1.231441 -1.079790 -0.9333679 -0.7981206 -0.6753857 -0.5644956 -0.4641603 -0.3728346 -0.2890455 -0.2113617 -0.1385061 -6.9267072E-02 -2.5575981E-03 6.2673427E-02 0.1273993 0.1925976 0.2592186 0.3282572 0.4007338 0.4777588 0.5605243 0.6503663 0.7487665 0.8574163 0.9782275 1.113396 1.265413 1.437110 1.631629 1.852360 2.102645 2.385143 2.700120 3.041614 3.388818 3.692041 3.867721 3.843900 3.631653 3.311172 2.959414 2.618984 2.306813 2.027193 1.779173 1.559860 1.365839
-0.4516658 -0.5046921 -0.5645315 -0.6317850 -0.7067895 -0.7893450 -0.8780874 -0.9694855 -1.056145 -1.125241 -1.159707 -1.146961 -1.088525 -0.9987223 -0.8940987 -0.7862045 -0.6813945 -0.5825199 -0.4905104 -0.4052713 -0.3262329 -0.2525907 -0.1834700 -0.1179718 -5.5223614E-02 5.6293327E-03 6.5409057E-02 0.1249257 0.1849778 0.2463752 0.3099460 0.3765591 0.4471355 0.5226715 0.6042507 0.6930675 0.7904386 0.8978184 1.016799 1.149101 1.296523 1.460845 1.643606 1.845687 2.066497 2.302456 2.544313 2.773180 2.957198 3.056413 3.042776 2.920077 2.720863 2.484238 2.239236 2.002438 1.781678 1.579764 1.396884 1.231951
-0.4072459 -0.4517886 -0.5012089 -0.5556009 -0.6147301 -0.6777395 -0.7427746 -0.8063783 -0.8629573 -0.9047073 -0.9232289 -0.9127310 -0.8738915 -0.8132595 -0.7392175 -0.6590887 -0.5778881 -0.4985886 -0.4226745 -0.3507174 -0.2827190 -0.2183755 -0.1571990 -9.8620787E-02 -4.2021077E-02 1.3230473E-02 6.7777805E-02 0.1222629 0.1773417 0.2336768 0.2919576 0.3528993 0.4172612 0.4858486 0.5595283 0.6392283 0.7259451 0.8207321 0.9246840 1.038890 1.164356 1.301859 1.451703 1.613298 1.784499 1.960567 2.132797 2.287214 2.404877 2.465801 2.456944 2.380043 2.250270 2.087836 1.910772 1.731883 1.558937 1.396037 1.244927 1.105951
-0.3657130 -0.4027866 -0.4432056 -0.4867846 -0.5329863 -0.5807634 -0.6282974 -0.6727902 -0.7103226 -0.7361904 -0.7458470 -0.7367578 -0.7091520 -0.6659927 -0.6118985 -0.5513636 -0.4879918 -0.4242578 -0.3616937 -0.3011021 -0.2428060 -0.1867956 -0.1328665 -8.0681033E-02 -2.9832346E-02 2.0138314E-02 6.9713064E-02 0.1193981 0.1697124 0.2211958 0.2744050 0.3299228 0.3883571 0.4503492 0.5165699 0.5877218 0.6645272 0.7477133 0.8379763 0.9359278 1.042001 1.156312 1.278431 1.407062 1.539585 1.671485 1.795785 1.902879 1.981330 2.020488 2.014352 1.963608 1.875496 1.761087 1.631536 1.495909 1.360625 1.229751 1.105578 0.9891734
-0.3273503 -0.3579710 -0.3907904 -0.4254673 -0.4613804 -0.4974976 -0.5322868 -0.5636198 -0.5888609 -0.6051397 -0.6099802 -0.6017885 -0.5807207 -0.5485203 -0.5076949 -0.4610247 -0.4109614 -0.3594181 -0.3077126 -0.2566769 -0.2067475 -0.1580895 -0.1106656 -6.4311840E-02 -1.8769735E-02 2.6273750E-02 7.1177043E-02 0.1163229 0.1621205 0.2089943 0.2573903 0.3077686 0.3606098 0.4164078 0.4756705 0.5389084 0.6066236 0.6792832 0.7572846 0.8408954 0.9301705 1.024828 1.124079 1.226401 1.329273 1.428901 1.520075 1.596346 1.650837 1.677558 1.672921 1.637392 1.575147 1.492452 1.396171 1.292516 1.186387 1.081285 0.9794850 0.8823226
-0.2922668 -0.3174099 -0.3439081 -0.3713782 -0.3992023 -0.4264864 -0.4519988 -0.4741941 -0.4912777 -0.5014389 -0.5031390 -0.4956668 -0.4790464 -0.4540960 -0.4223736 -0.3856208 -0.3455141 -0.3034494 -0.2604975 -0.2173925 -0.1745955 -0.1323382 -9.0689957E-02 -4.9591482E-02 -8.8995090E-03 3.1596340E-02 7.2148331E-02 0.1130441 0.1545939 0.1971290 0.2409946 0.2865497 0.3341613 0.3842021 0.4370417 0.4930372 0.5525154 0.6157488 0.6829174 0.7540594 0.8289980 0.9072487 0.9878980 1.069464 1.149758 1.225784 1.293756 1.349344 1.388161 1.406644 1.403057 1.377563 1.332323 1.271134 1.198405 1.118368 1.034640 0.9500314 0.8665603 0.7855624
-0.2604470 -0.2809921 -0.3023009 -0.3239883 -0.3455074 -0.3661099 -0.3848533 -0.4006097 -0.4121691 -0.4183669 -0.4183059 -0.4113695 -0.3976015 -0.3776201 -0.3523073 -0.3227836 -0.2901727 -0.2554932 -0.2195642 -0.1830060 -0.1462353 -0.1095077 -7.2937250E-02 -3.6537297E-02 -2.3611357E-04 3.6093943E-02 7.2629012E-02 0.1095746 0.1471641 0.1856459 0.2252842 0.2663487 0.3091143 0.3538509 0.4008184 0.4502511 0.5023441 0.5572266 0.6149324 0.6753545 0.7381933 0.8028858 0.8685311 0.9338084 0.9969187 1.055564 1.107029 1.148381 1.176866 1.190292 1.187330 1.168160 1.134290 1.088040 1.032222 0.9697304 0.9031923 0.8347901 0.7662060 0.6986529
