T3-twomodels/gx/model90.grd
DSAA
         100         100
  -15.00000       15.00000    
  -15.00000       15.00000    
  -8.040898       13.27873    
[rows 26 to 51 of 100, columns 0 to 59 of 100]
-0.4516651 -0.5046913 -0.5645311 -0.6317843 -0.7067888 -0.7893447 -0.8780873 -0.9694858 -1.056145 -1.125240 -1.159706 -1.146959 -1.088523 -0.9987212 -0.8940973 -0.7862034 -0.6813939 -0.5825192 -0.4905098 -0.4052704 -0.3262316 -0.2525890 -0.1834684 -0.1179707 -5.5222925E-02 5.6295656E-03 6.5409169E-02 0.1249256 0.1849774 0.2463746 0.3099452 0.3765583 0.4471348 0.5226711 0.6042508 0.6930678 0.7904386 0.8978178 1.016798 1.149099 1.296521 1.460843 1.643605 1.845686 2.066497 2.302456 2.544313 2.773180 2.957195 3.056408 3.042772 2.920074 2.720863 2.484237 2.239235 2.002437 1.781677 1.579763 1.396882 1.231949
-0.4985195 -0.5609260 -0.6325228 -0.7145983 -0.8085082 -0.9152988 -1.035235 -1.166200 -1.300598 -1.419169 -1.486903 -1.469632 -1.372046 -1.231439 -1.079789 -0.9333665 -0.7981195 -0.6753848 -0.5644949 -0.4641595 -0.3728330 -0.2890438 -0.2113601 -0.1385049 -6.9266208E-02 -2.5570393E-03 6.2673487E-02 0.1273993 0.1925973 0.2592178 0.3282565 0.4007331 0.4777582 0.5605241 0.6503665 0.7487667 0.8574161 0.9782267 1.113395 1.265411 1.437108 1.631627 1.852358 2.102644 2.385142 2.700119 3.041613 3.388815 3.692036 3.867714 3.843893 3.631648 3.311170 2.959413 2.618983 2.306811 2.027191 1.779172 1.559859 1.365837
-0.5471747 -0.6196372 -0.7040928 -0.8025883 -0.9180691 -1.053408 -1.212172 -1.396317 -1.603152 -1.810513 -1.949285 -1.922208 -1.744143 -1.516199 -1.295451 -1.098449 -0.9259365 -0.7754704 -0.6432740 -0.5263814 -0.4217484 -0.3271806 -0.2404428 -0.1599244 -8.3926484E-02 -1.1193729E-02 5.9658486E-02 0.1297043 0.2001812 0.2721247 0.3467658 0.4252293 0.5088773 0.5990634 0.6974372 0.8057506 0.9261442 1.061002 1.213239 1.386203 1.584000 1.811426 2.074350 2.379586 2.735108 3.148832 3.625624 4.154266 4.671515 5.003482 4.957171 4.566408 4.036064 3.512593 3.045017 2.639792 2.291100 1.990835 1.731225 1.505614
-0.5969419 -0.6796181 -0.7778624 -0.8934759 -1.032554 -1.198975 -1.402475 -1.650323 -1.953871 -2.299332 -2.576142 -2.528820 -2.200850 -1.842914 -1.532060 -1.275543 -1.060500 -0.8800965 -0.7247515 -0.5906727 -0.4718927 -0.3663817 -0.2701263 -0.1819365 -9.8884083E-02 -2.0170631E-02 5.6513030E-02 0.1318265 0.2077501 0.2849759 0.3653709 0.4498091 0.5402403 0.6378846 0.7449938 0.8633481 0.9957971 1.145003 1.314861 1.509447 1.734470 1.996388 2.304184 2.668634 3.104954 3.631733 4.273587 5.046678 5.904188 6.525938 6.433597 5.722927 4.871966 4.122152 3.501735 2.990753 2.566106 2.209722 1.907381 1.648738
-0.6468529 -0.7397059 -0.8519688 -0.9847472 -1.147866 -1.345741 -1.595194 -1.908733 -2.314409 -2.810293 -3.244977 -3.174189 -2.676235 -2.178077 -1.772490 -1.454831 -1.196171 -0.9855282 -0.8066370 -0.6553373 -0.5222140 -0.4057935 -0.2999035 -0.2040930 -0.1139089 -2.9266767E-02 5.3304225E-02 0.1338372 0.2152497 0.2977163 0.3839000 0.4742798 0.5715269 0.6766081 0.7924910 0.9208831 1.065442 1.229025 1.416599 1.632902 1.885348 2.182017 2.535161 2.959564 3.478123 4.120643 4.933630 5.965194 7.195811 8.145948 8.000398 6.929864 5.730355 4.742216 3.963812 3.344690 2.842828 2.429655 2.084151 1.792249
-0.6958010 -0.7988405 -0.9243550 -1.073960 -1.259561 -1.487283 -1.778277 -2.149956 -2.638724 -3.243770 -3.774524 -3.690155 -3.085412 -2.481940 -1.998001 -1.625518 -1.327203 -1.087709 -0.8867077 -0.7185081 -0.5717450 -0.4444453 -0.3293437 -0.2258588 -0.1288348 -3.8192071E-02 5.0043132E-02 0.1358617 0.2225786 0.3103339 0.4021405 0.4984832 0.6023812 0.7148811 0.8393486 0.9776953 1.134108 1.311866 1.516741 1.754306 2.033368 2.363708 2.760318 3.241732 3.837008 4.585040 5.546928 6.787545 8.283225 9.440287 9.263635 7.960170 6.505241 5.321273 4.403896 3.685716 3.111505 2.644221 2.257271 1.933088
-0.7430308 -0.8557532 -0.9934915 -1.158624 -1.364261 -1.618057 -1.943378 -2.360039 -2.905739 -3.573652 -4.149288 -4.058850 -3.402072 -2.735123 -2.195869 -1.780054 -1.448527 -1.183555 -0.9626842 -0.7787856 -0.6193467 -0.4816627 -0.3578422 -0.2469119 -0.1433418 -4.6821147E-02 4.6874773E-02 0.1378946 0.2297490 0.3227122 0.4199783 0.5221783 0.6325347 0.7522883 0.8850720 1.033090 1.200926 1.392334 1.613729 1.871505 2.175594 2.537274 2.973643 3.506122 4.167821 5.002936 6.078431 7.460599 9.107410 10.36595 10.17544 8.754122 7.147494 5.827315 4.801979 4.001175 3.363832 2.847846 2.422836 2.068522
-0.7878686 -0.9094443 -1.058147 -1.236946 -1.459681 -1.734889 -2.086801 -2.535620 -3.117567 -3.820033 -4.416852 -4.323529 -3.641224 -2.938008 -2.362414 -1.914864 -1.557139 -1.270938 -1.032907 -0.8350415 -0.6641171 -0.5168498 -0.3849042 -0.2669474 -0.1571693 -5.5023380E-02 4.3907415E-02 0.1399454 0.2367528 0.3347547 0.4372911 0.5451509 0.6617265 0.7884553 0.9292001 1.086444 1.265111 1.469382 1.706215 1.982692 2.309634 2.699468 3.170765 3.746794 4.462827 5.365123 6.521224 7.993029 9.723297 11.03181 10.83493 9.354291 7.661205 6.252508 5.149098 4.283705 3.594223 3.036417 2.577795 2.196302
-0.8297801 -0.9592212 -1.117488 -1.307905 -1.544719 -1.836808 -2.208537 -2.679584 -3.284377 -4.006493 -4.614502 -4.519533 -3.823335 -3.098848 -2.499686 -2.029662 -1.652014 -1.348787 -1.096410 -0.8865065 -0.7054324 -0.5495396 -0.4101633 -0.2857053 -0.1701222 -6.2678568E-02 4.1215796E-02 0.1420284 0.2435650 0.3463812 0.4539549 0.5672153 0.6897123 0.8230580 0.9713219 1.137229 1.325997 1.542164 1.793128 2.086506 2.433783 2.848176 3.349174 3.961024 4.719838 5.672068 6.883796 8.412152 10.19054 11.52618 11.32591 9.812772 8.068862 6.603170 5.444966 4.530927 3.799977 3.207505 2.720124 2.314807
-0.8684005 -1.004682 -1.171084 -1.371138 -1.619242 -1.924332 -2.310546 -2.796878 -3.416291 -4.150099 -4.764187 -4.668221 -3.964092 -3.226543 -2.611889 -2.126036 -1.733514 -1.416921 -1.152837 -0.9327822 -0.7429346 -0.5794216 -0.4333733 -0.3029913 -0.1820630 -6.9691896E-02 3.8846839E-02 0.1441540 0.2501532 0.3575215 0.4698553 0.5882133 0.7162805 0.8558270 1.011097 1.185022 1.383064 1.610048 1.873708 2.182061 2.547041 2.982362 3.508005 4.148607 4.940360 5.929123 7.179151 8.743935 10.55125 11.90221 11.70010 10.16834 8.393377 6.890415 5.693954 4.743903 3.980712 3.360193 2.848794 2.423062
-0.9035441 -1.045660 -1.218862 -1.426756 -1.683773 -1.998740 -2.395498 -2.892403 -3.521430 -4.262576 -4.880494 -4.783788 -4.074505 -3.328522 -2.703404 -2.206332 -1.802740 -1.475782 -1.202272 -0.9738003 -0.7764826 -0.6063480 -0.4543927 -0.3186923 -0.1929011 -7.6007582E-02 3.6830712E-02 0.1463179 0.2564852 0.3681095 0.4848949 0.6080083 0.7412580 0.8865435 1.048261 1.229510 1.435946 1.672617 1.947505 2.268901 2.649026 3.101866 3.647609 4.310939 5.127780 6.143195 7.419863 9.008783 10.83462 12.19536 11.99203 10.44840 8.653427 7.125494 5.902124 4.925534 4.137567 3.494707 2.963588 2.520669
-0.9351619 -1.082188 -1.260987 -1.475188 -1.739165 -2.061606 -2.466045 -2.970367 -3.605861 -4.351736 -4.971849 -4.874628 -4.162107 -3.410467 -2.778106 -2.272961 -1.861111 -1.526132 -1.245104 -1.009718 -0.8061218 -0.6302980 -0.4731819 -0.3327594 -0.2026010 -8.1598923E-02 3.5172097E-02 0.1485087 0.2625245 0.3780875 0.4989893 0.6264940 0.7645093 0.9150482 1.082626 1.270482 1.484419 1.729650 2.014331 2.346931 2.739835 3.207150 3.769100 4.450243 5.286127 6.321064 7.616530 9.221870 11.05977 12.42649 12.22244 10.67140 8.863232 7.318157 6.075626 5.079424 4.272503 3.612005 3.064885 2.607683
-0.9633191 -1.114424 -1.297790 -1.517014 -1.786406 -2.114491 -2.524567 -3.034155 -3.674114 -4.423185 -5.044898 -4.947229 -4.232289 -3.476692 -2.839171 -2.328137 -1.910071 -1.568887 -1.281873 -1.040853 -0.8320156 -0.6513563 -0.4897721 -0.3452055 -0.2111614 -8.6472556E-02 3.3861283E-02 0.1507010 0.2682361 0.3874031 0.5120733 0.6435864 0.7859380 0.9412292 1.114077 1.307822 1.528384 1.781089 2.074213 2.416327 2.819896 3.299058 3.873981 4.569032 5.419381 6.468724 7.777668 9.394472 11.24075 12.61182 12.40720 10.85084 9.033505 7.476378 6.220008 5.209226 4.387802 3.713443 3.153436 2.684479
-0.9881477 -1.142615 -1.329672 -1.552883 -1.826469 -2.158832 -2.573066 -3.086450 -3.729537 -4.480764 -5.103352 -5.005352 -4.288840 -3.530419 -2.889154 -2.373745 -1.950968 -1.604961 -1.313192 -1.067590 -0.8544129 -0.6696693 -0.5042556 -0.3560824 -0.2186208 -9.0652078E-02 3.2871101E-02 0.1528684 0.2735833 0.3960148 0.5240932 0.6592275 0.8054790 0.9650242 1.142554 1.341494 1.567841 1.827003 2.127327 2.477443 2.889840 3.378633 3.963892 4.669788 5.531156 6.591223 7.909964 9.534925 11.38693 12.76068 12.55573 10.99596 9.172265 7.606506 6.340008 5.318304 4.485760 3.800526 3.230191 2.751627
-1.009830 -1.167043 -1.357071 -1.583428 -1.860267 -2.195873 -2.613203 -3.129346 -3.774672 -4.527437 -5.150775 -5.052464 -4.334626 -3.574114 -2.930067 -2.411373 -1.984986 -1.635220 -1.339666 -1.090355 -0.8735954 -0.6854305 -0.5167565 -0.3654775 -0.2250355 -9.4183624E-02 3.2167114E-02 0.1549753 0.2785324 0.4038839 0.5350124 0.6733771 0.8230971 0.9864046 1.168051 1.371519 1.602865 1.867548 2.173958 2.530746 2.950397 3.446975 4.040445 4.754795 5.624596 6.692705 8.018665 9.649544 11.50578 12.88175 12.67648 11.11399 9.285624 7.713564 6.439562 5.409616 4.568517 3.874757 3.296173 2.809801
-1.028563 -1.188006 -1.380406 -1.609242 -1.888596 -2.226674 -2.646315 -3.164490 -3.811423 -4.565242 -5.188922 -5.090380 -4.371697 -3.609634 -2.963502 -2.442307 -2.013143 -1.660431 -1.361869 -1.109558 -0.8898609 -0.6988455 -0.5274235 -0.3734913 -0.2304810 -9.7121067E-02 3.1703431E-02 0.1569859 0.2830505 0.4109825 0.5448034 0.6860154 0.8387804 1.005376 1.190596 1.397966 1.633584 1.902940 2.214443 2.576748 3.002317 3.505158 4.105133 4.826076 5.702342 6.776524 8.107855 9.743073 11.60225 12.97951 12.77408 11.20988 9.378195 7.801493 6.521878 5.485676 4.637980 3.937539 3.352387 2.859705
-1.044553 -1.205788 -1.400075 -1.630851 -1.912152 -2.252109 -2.673486 -3.193159 -3.841270 -4.595871 -5.219936 -5.121164 -4.401685 -3.638430 -2.990705 -2.467599 -2.036281 -1.681265 -1.380313 -1.125588 -0.9034937 -0.7101266 -0.5364071 -0.3802376 -0.2350392 -9.9527121E-02 3.1434860E-02 0.1588621 0.2871075 0.4172853 0.5534495 0.6971338 0.8525338 1.021960 1.210242 1.420933 1.660156 1.933420 2.249142 2.615967 3.046328 3.554176 4.159284 4.885359 5.766593 6.845381 8.180735 9.819180 11.68066 13.05915 12.85353 11.28781 9.453567 7.873396 6.589554 5.548586 4.695799 3.990130 3.399771 2.902020
-1.057989 -1.220654 -1.416427 -1.648715 -1.931510 -2.272897 -2.695575 -3.216361 -3.865326 -4.620457 -5.244628 -5.145695 -4.425745 -3.661595 -3.012661 -2.488085 -2.055104 -1.698282 -1.395444 -1.138790 -0.9147606 -0.7194711 -0.5438584 -0.3858253 -0.2387920 -0.1014614 3.1313695E-02 0.1605692 0.2906774 0.4227757 0.5609406 0.7067341 0.8643751 1.036200 1.227060 1.440531 1.682750 1.959237 2.278408 2.648893 3.083095 3.594913 4.204045 4.934100 5.819140 6.901422 8.239799 9.880637 11.74368 13.12281 12.91710 11.35051 9.514461 7.931700 6.644670 5.600070 4.743363 4.033625 3.439166 2.937379
-1.069050 -1.232836 -1.429765 -1.663216 -1.947152 -2.289615 -2.713267 -3.234870 -3.884464 -4.640003 -5.264391 -5.165293 -4.444837 -3.679992 -3.030131 -2.504435 -2.070171 -1.711955 -1.407639 -1.149465 -0.9238929 -0.7270612 -0.5499135 -0.3903604 -0.2418177 -0.1029858 3.1295747E-02 0.1620734 0.2937365 0.4274381 0.5672752 0.7148250 0.8743289 1.048139 1.241125 1.456874 1.701536 1.980631 2.302571 2.675972 3.113206 3.628131 4.240384 4.973492 5.861431 6.946347 8.286988 9.929617 11.79395 13.17381 12.96798 11.40049 9.563002 7.978301 6.688873 5.641524 4.781821 4.068946 3.471298 2.966341
-1.077887 -1.242534 -1.440341 -1.674672 -1.959460 -2.302724 -2.727088 -3.249293 -3.899332 -4.655132 -5.279518 -5.180317 -4.459615 -3.694262 -3.043712 -2.517168 -2.081939 -1.722656 -1.417212 -1.157863 -0.9310930 -0.7330517 -0.5546952 -0.3939347 -0.2441898 -0.1041529 3.1339798E-02 0.1633461 0.2962650 0.4312639 0.5724511 0.7214198 0.8824230 1.057827 1.252512 1.470076 1.716670 1.997818 2.321924 2.697590 3.137163 3.654466 4.269088 5.004500 5.894608 6.981482 8.323793 9.967729 11.83288 13.21301 13.00714 11.43924 9.600783 8.014659 6.723454 5.674054 4.812104 4.096855 3.496776 2.989385
-1.084628 -1.249908 -1.448361 -1.683331 -1.968737 -2.312574 -2.737451 -3.260077 -3.910436 -4.666443 -5.290966 -5.191657 -4.470642 -3.704903 -3.053845 -2.526689 -2.090749 -1.730689 -1.424409 -1.164189 -0.9365233 -0.7375755 -0.5583056 -0.3966303 -0.2459674 -0.1050103 3.1412043E-02 0.1643621 0.2982487 0.4342452 0.5764725 0.7265310 0.8886852 1.065309 1.261291 1.480233 1.728291 2.010986 2.336715 2.714068 3.155375 3.674431 4.290789 5.027878 5.919556 7.007840 8.351349 9.996227 11.86208 13.24265 13.03671 11.46826 9.629038 8.041883 6.749402 5.698522 4.834938 4.117958 3.516093 3.006904
-1.089370 -1.255087 -1.453979 -1.689384 -1.975207 -2.319432 -2.744648 -3.267558 -3.918122 -4.674237 -5.298709 -5.199350 -4.478248 -3.712260 -3.060864 -2.533287 -2.096867 -1.736271 -1.429419 -1.168596 -0.9403127 -0.7407327 -0.5608261 -0.3985086 -0.2472019 -0.1055950 3.1483386E-02 0.1651025 0.2996733 0.4363776 0.5793410 0.7301720 0.8931388 1.070624 1.267517 1.487427 1.736508 2.020281 2.347137 2.725659 3.168159 3.688415 4.305958 5.044187 5.936926 7.026163 8.370474 10.01597 11.88218 13.26281 13.05686 11.48828 9.648621 8.060783 6.767443 5.715561 4.850870 4.132710 3.529625 3.019201
-1.092188 -1.258157 -1.457307 -1.692963 -1.979029 -2.323476 -2.748889 -3.271957 -3.922644 -4.678845 -5.303415 -5.204003 -4.482730 -3.716587 -3.064987 -2.537169 -2.100466 -1.739560 -1.432371 -1.171199 -0.9425492 -0.7425990 -0.5623143 -0.3996176 -0.2479276 -0.1059355 3.1535048E-02 0.1655519 0.3005317 0.4376581 0.5810610 0.7323517 0.8958033 1.073800 1.271235 1.491719 1.741405 2.025814 2.353335 2.732540 3.175740 3.696697 4.314929 5.053818 5.947174 7.036957 8.381735 10.02760 11.89411 13.27500 13.06900 11.50014 9.660146 8.071911 6.778072 5.725612 4.860281 4.141436 3.537638 3.026493
-1.093122 -1.259176 -1.458408 -1.694149 -1.980292 -2.324813 -2.750288 -3.273412 -3.924132 -4.680340 -5.304834 -5.205424 -4.484194 -3.718010 -3.066349 -2.538449 -2.101655 -1.740645 -1.433348 -1.172058 -0.9432893 -0.7432150 -0.5628070 -0.3999840 -0.2481671 -0.1060461 3.1553280E-02 0.1657026 0.3008181 0.4380856 0.5816342 0.7330779 0.8966904 1.074857 1.272472 1.493145 1.743032 2.027652 2.355391 2.734823 3.178252 3.699439 4.317898 5.057004 5.950560 7.040524 8.385450 10.03142 11.89795 13.27873 13.07276 11.50398 9.663944 8.075583 6.781585 5.728935 4.863392 4.144323 3.540292 3.028909
-1.092188 -1.258158 -1.457307 -1.692963 -1.979030 -2.323476 -2.748890 -3.271958 -3.922644 -4.678845 -5.303417 -5.204003 -4.482731 -3.716587 -3.064988 -2.537170 -2.100466 -1.739560 -1.432372 -1.171199 -0.9425496 -0.7425991 -0.5623147 -0.3996181 -0.2479278 -0.1059358 3.1534303E-02 0.1655513 0.3005311 0.4376583 0.5810609 0.7323520 0.8958038 1.073800 1.271235 1.491719 1.741406 2.025815 2.353335 2.732541 3.175740 3.696697 4.314929 5.053819 5.947174 7.036958 8.381735 10.02760 11.89411 13.27500 13.06900 11.50014 9.660146 8.071911 6.778073 5.725613 4.860281 4.141436 3.537639 3.026493
-1.089370 -1.255087 -1.453979 -1.689385 -1.975208 -2.319433 -2.744649 -3.267558 -3.918122 -4.674237 -5.298708 -5.199350 -4.478248 -3.712261 -3.060865 -2.533288 -2.096867 -1.736271 -1.429418 -1.168596 -0.9403126 -0.7407332 -0.5608266 -0.3985087 -0.2472019 -0.1055956 3.1483289E-02 0.1651016 0.2996731 0.4363783 0.5793414 0.7301723 0.8931397 1.070624 1.267517 1.487427 1.736508 2.020281 2.347137 2.725659 3.168159 3.688415 4.305958 5.044187 5.936926 7.026163 8.370474 10.01597 11.88218 13.26281 13.05686 11.48828 9.648619 8.060784 6.767443 5.715561 4.850870 4.132710 3.529625 3.019201
