T3-twomodels/gx/model30.grd
DSAA
         100         100
  -15.00000       15.00000    
  -15.00000       15.00000    
  -8.141233       8.266783    
[rows 52 to 77 of 100, columns 0 to 59 of 100]
-0.9118943 -1.061759 -1.243050 -1.459054 -1.723307 -2.043693 -2.442364 -2.935857 -3.553616 -4.273305 -4.857152 -4.712470 -3.940634 -3.118205 -2.403738 -1.805974 -1.291321 -0.8439736 -0.4409729 -7.4285552E-02 0.2702292 0.5963495 0.9132800 1.222399 1.529722 1.834983 2.141908 2.449058 2.758560 3.068300 3.379492 3.689870 4.000345 4.308911 4.616584 4.921808 5.225883 5.527691 5.828814 6.128381 6.428103 6.726881 7.025954 7.322441 7.614253 7.889236 8.123893 8.244625 8.063153 7.213059 5.710330 4.218034 3.143348 2.423517 1.919754 1.549778 1.264735 1.038614 0.8526078 0.6970876
-0.9061931 -1.055542 -1.236319 -1.451833 -1.715633 -2.035631 -2.433997 -2.927302 -3.545000 -4.264771 -4.848803 -4.704585 -3.933455 -3.111845 -2.398361 -1.801728 -1.288347 -0.8423837 -0.4408655 -7.5733662E-02 0.2671666 0.5916362 0.9068918 1.214331 1.519981 1.823594 2.128906 2.434497 2.742508 3.050841 3.360723 3.669906 3.979312 4.286951 4.593846 4.898458 5.202087 5.503626 5.804659 6.104313 6.404299 6.703511 7.003179 7.300414 7.593104 7.869084 8.104828 8.226703 8.046356 7.197444 5.696080 4.205146 3.131718 2.413084 1.910466 1.541575 1.257556 1.032393 0.8472845 0.6926016
-0.8986862 -1.047324 -1.227393 -1.442216 -1.705377 -2.024813 -2.422734 -2.915736 -3.533322 -4.253205 -4.837653 -4.693999 -3.923625 -3.103087 -2.390911 -1.795802 -1.284122 -0.8400176 -0.4404793 -7.7427924E-02 0.2633232 0.5855929 0.8986230 1.203827 1.507254 1.808672 2.111838 2.415350 2.721369 3.027816 3.335939 3.643509 3.951468 4.257844 4.563676 4.867438 5.170445 5.471595 5.772478 6.072224 6.372540 6.672315 6.972769 7.270993 7.564865 7.842190 8.079420 8.202913 8.024335 7.177209 5.677471 4.188143 3.116361 2.399336 1.898254 1.530816 1.248159 1.024269 0.8403445 0.6867639
-0.8892388 -1.036940 -1.216058 -1.429950 -1.692229 -2.010879 -2.408153 -2.900704 -3.518069 -4.238002 -4.822742 -4.679821 -3.910581 -3.091435 -2.380953 -1.787804 -1.278323 -0.8366089 -0.4396175 -7.9226963E-02 0.2587752 0.5782421 0.8884363 1.190798 1.491395 1.790019 2.090447 2.391302 2.694767 2.998790 3.304642 3.610123 3.916197 4.220916 4.525342 4.827969 5.130126 5.430726 5.731366 6.031185 6.331884 6.632349 6.933787 7.233274 7.528659 7.807718 8.046865 8.172398 7.995883 7.150912 5.653522 4.166526 3.096940 2.382004 1.882905 1.517333 1.236418 1.014144 0.8317176 0.6795219
-0.8776940 -1.024180 -1.202055 -1.414706 -1.675797 -1.993359 -2.389718 -2.881587 -3.498584 -4.218529 -4.803769 -4.661684 -3.893665 -3.076248 -2.367895 -1.777230 -1.270522 -0.8318184 -0.4380167 -8.0953449E-02 0.2536296 0.5696142 0.8762965 1.175138 1.472232 1.767392 2.064423 2.361970 2.662247 2.963231 3.266225 3.569059 3.872730 4.175320 4.477921 4.779050 5.080064 5.379890 5.680148 5.979975 6.281085 6.582357 6.884986 7.186028 7.483305 7.764556 8.006155 8.134359 7.960740 7.118714 5.624110 4.139861 3.073022 2.360739 1.864145 1.500916 1.222173 1.001903 0.8213170 0.6708154
-0.8638650 -1.008806 -1.185071 -1.396094 -1.655588 -1.971666 -2.366730 -2.857600 -3.473978 -4.193769 -4.779326 -4.638256 -3.871913 -3.056660 -2.350980 -1.763419 -1.260175 -0.8252087 -0.4353527 -8.2377531E-02 0.2480187 0.5597600 0.8621683 1.156734 1.449572 1.740522 2.033411 2.326916 2.623282 2.920519 3.219969 3.519500 3.820146 4.120031 4.420282 4.719453 5.018932 5.317677 5.617324 5.917039 6.218537 6.520703 6.824724 7.127636 7.427229 7.711199 7.955850 8.087362 7.917161 7.078694 5.587866 4.107347 3.044040 2.335093 1.841630 1.481304 1.205232 0.9874035 0.8090455 0.6605743
-0.8475521 -0.9905397 -1.164744 -1.373638 -1.631012 -1.945063 -2.338317 -2.827719 -3.443123 -4.162570 -4.748586 -4.608643 -3.844147 -3.031566 -2.329216 -1.745536 -1.246593 -0.8162445 -0.4312206 -8.3221778E-02 0.2421134 0.5487449 0.8460280 1.135472 1.423215 1.709116 1.997029 2.285658 2.577284 2.869955 3.165057 3.460502 3.757374 4.053843 4.351084 4.647697 4.945114 5.242336 5.541034 5.840402 6.142181 6.445270 6.750854 7.055958 7.358340 7.645645 7.894114 8.029851 7.864237 7.030485 5.544215 4.068177 3.009269 2.304505 1.814934 1.458186 1.185370 0.9704884 0.7947916 0.6487259
-0.8285398 -0.9690874 -1.140665 -1.346802 -1.601360 -1.912662 -2.303376 -2.790645 -3.404517 -4.123225 -4.709385 -4.570763 -3.808722 -2.999497 -2.301344 -1.722522 -1.228932 -0.8042676 -0.4251390 -8.3149694E-02 0.2361176 0.5366649 0.8278661 1.111249 1.392961 1.672880 1.954879 2.237691 2.523630 2.810790 3.100600 3.391030 3.683216 3.975388 4.268779 4.562051 4.856692 5.151762 5.448987 5.747611 6.049419 6.353341 6.660585 6.968175 7.273845 7.565191 7.818361 7.959322 7.799250 6.971306 5.491108 4.021043 2.967771 2.268267 1.783539 1.431188 1.162326 0.9509809 0.7784399 0.6351933
-0.8066179 -0.9441366 -1.112399 -1.314974 -1.565816 -1.873380 -2.260546 -2.744708 -3.356231 -4.073661 -4.659939 -4.522764 -3.763553 -2.958567 -2.265742 -1.693065 -1.206160 -0.7885056 -0.4165434 -8.1778690E-02 0.2302734 0.5236364 0.8076971 1.083979 1.358634 1.631539 1.906582 2.182520 2.461700 2.742258 3.025680 3.309986 3.596383 3.883166 4.171641 4.460542 4.751438 5.043462 5.338424 5.635646 5.936988 6.241445 6.550282 6.860553 7.169998 7.466167 7.725133 7.872733 7.720004 6.899742 5.427116 3.964467 2.918341 2.225492 1.746813 1.399877 1.135813 0.9286944 0.7598711 0.6199066
-0.7815899 -0.9153898 -1.079492 -1.277500 -1.523446 -1.825950 -2.208141 -2.687787 -3.295691 -4.010883 -4.596645 -4.461143 -3.705735 -2.906265 -2.220357 -1.655541 -1.177055 -0.7680612 -0.4048076 -7.8679577E-02 0.2248472 0.5098069 0.7855626 1.053617 1.320095 1.584864 1.851810 2.119706 2.390925 2.663647 2.939406 3.216289 3.495569 3.775621 4.057830 4.341021 4.626855 4.914575 5.206096 5.500860 5.800846 6.105174 6.415216 6.728126 7.041698 7.343490 7.609489 7.765346 7.621754 6.811269 5.348841 3.896183 2.859393 2.175065 1.704003 1.363760 1.105517 0.9034376 0.7389771 0.6028046
-0.7533096 -0.8825836 -1.041522 -1.233713 -1.473253 -1.768911 -2.144131 -2.617163 -3.219513 -3.931010 -4.515749 -4.382091 -3.631427 -2.839316 -2.162572 -1.607997 -1.140203 -0.7419559 -0.3892601 -7.3413186E-02 0.2201251 0.4953409 0.7615426 1.020164 1.277279 1.532714 1.790338 2.048921 2.310859 2.574363 2.841019 3.108973 3.379569 3.651259 3.925520 4.201274 4.480299 4.761958 5.048316 5.338976 5.636103 5.939013 6.249291 6.564290 6.881983 7.190037 7.464452 7.630740 7.499312 6.702038 5.252969 3.813359 2.788849 2.115592 1.654215 1.322292 1.071122 0.8750376 0.7156683 0.5838510
-0.7216955 -0.8455417 -0.9981389 -1.183009 -1.414223 -1.700668 -2.066100 -2.529415 -3.123125 -3.828388 -4.410553 -4.279060 -3.535171 -2.753332 -2.089136 -1.548134 -1.094069 -0.7091773 -0.3692558 -6.5558448E-02 0.2163743 0.4804206 0.7357533 0.9836941 1.230216 1.475076 1.722095 1.970027 2.221268 2.474055 2.730013 2.987339 3.247441 3.508843 3.773110 4.039263 4.309195 4.582414 4.861156 5.145234 5.437066 5.736271 6.044779 6.360328 6.681282 6.995659 7.279676 7.458800 7.342963 6.563331 5.132993 3.711689 2.703920 2.045335 1.596431 1.274905 1.032335 0.8433570 0.6898974 0.5630409
-0.6867796 -0.8042112 -0.9491550 -1.124933 -1.345474 -1.619619 -1.971360 -2.420295 -3.000410 -3.695151 -4.272567 -4.143588 -3.409354 -2.642540 -1.996066 -1.473426 -1.037105 -0.6688185 -0.3442492 -5.4787006E-02 0.2138244 0.4652182 0.7083560 0.9443629 1.179067 1.412107 1.647231 1.883145 2.122231 2.362729 2.606287 2.851136 3.098733 3.347653 3.599528 3.853457 4.111438 4.373108 4.640881 4.914801 5.197594 5.489278 5.792302 6.105037 6.426605 6.745850 7.039764 7.234305 7.139287 6.384518 4.980670 3.585239 2.600880 1.962186 1.529541 1.221071 0.9889335 0.8083364 0.6616776 0.5404224
-0.6487281 -0.7587381 -0.8946201 -1.059348 -1.266453 -1.524447 -1.857201 -2.284851 -2.843197 -3.519511 -4.087136 -3.961396 -3.242873 -2.499403 -1.878862 -1.381387 -0.9680464 -0.6202524 -0.3139463 -4.0927716E-02 0.2126036 0.4498899 0.6795440 0.9024264 1.124143 1.344179 1.566165 1.788737 2.014233 2.240876 2.470309 2.700776 2.933744 3.167812 3.404632 3.643341 3.885983 4.132279 4.384762 4.643672 4.912026 5.190279 5.481507 5.784987 6.101073 6.420231 6.721375 6.932333 6.863774 6.144345 4.780801 3.424835 2.474772 1.863722 1.452499 1.160413 0.9408545 0.7700365 0.6311166 0.5161051
-0.6078867 -0.7095023 -0.8349378 -0.9865855 -1.177259 -1.414597 -1.721619 -2.118089 -2.641302 -3.284338 -3.832231 -3.711035 -3.019935 -2.314900 -1.733174 -1.270261 -0.8863376 -0.5634334 -0.2784368 -2.4069101E-02 0.2127144 0.4345400 0.6495518 0.8582364 1.065927 1.271897 1.479631 1.687657 1.898247 2.109576 2.323259 2.537511 2.753776 2.970619 3.189656 3.409981 3.633600 3.860196 4.092300 4.330193 4.577027 4.833536 5.103330 5.386612 5.685302 5.992385 6.290651 6.513202 6.476078 5.808746 4.509672 3.217045 2.319401 1.747577 1.364620 1.092906 0.8882891 0.7286996 0.5984376 0.4902804
-0.5647703 -0.6571726 -0.7709165 -0.9076390 -1.078959 -1.290998 -1.564576 -1.917070 -2.384497 -2.965974 -3.470482 -3.357066 -2.719958 -2.080640 -1.556793 -1.140142 -0.7927778 -0.4991637 -0.2383697 -4.6053901E-03 0.2139754 0.4192251 0.6186255 0.8122541 1.005063 1.196114 1.388674 1.581172 1.775756 1.970554 2.167098 2.363563 2.561298 2.758805 2.957567 3.156560 3.357606 3.560220 3.766697 3.977110 4.194381 4.419105 4.654863 4.902203 5.164047 5.435883 5.705842 5.917730 5.904973 5.312036 4.124771 2.942684 2.128500 1.612473 1.266162 1.019133 0.8318083 0.6847870 0.5640069 0.4632212
-0.5200343 -0.6027249 -0.7037628 -0.8242679 -0.9738070 -1.156784 -1.389725 -1.685097 -2.070607 -2.544250 -2.954220 -2.856125 -2.327812 -1.796089 -1.353224 -0.9943916 -0.6901212 -0.4292691 -0.1950487 1.6768418E-02 0.2159955 0.4039671 0.5870005 0.7650489 0.9423190 1.117921 1.294612 1.470947 1.648701 1.826153 2.004520 2.182102 2.359940 2.536582 2.713159 2.888594 3.064259 3.239479 3.415956 3.593386 3.773870 3.957379 4.146387 4.340619 4.541898 4.745922 4.943500 5.091238 5.059506 4.557924 3.568783 2.584065 1.900667 1.460324 1.159096 0.9405283 0.7724524 0.6389906 0.5283475 0.4352627
-0.4744164 -0.5473985 -0.6349838 -0.7389264 -0.8651454 -1.017449 -1.205365 -1.436062 -1.720643 -2.045194 -2.298851 -2.225964 -1.869678 -1.480469 -1.135014 -0.8403341 -0.5831786 -0.3565039 -0.1503730 3.9127607E-02 0.2181919 0.3887783 0.5548801 0.7172867 0.8785361 1.038595 1.198942 1.358949 1.519358 1.679193 1.838780 1.997061 2.154239 2.309374 2.462739 2.613607 2.762398 2.908587 3.052716 3.194347 3.334029 3.471137 3.605841 3.736471 3.861253 3.973678 4.061200 4.088519 3.970509 3.553669 2.854320 2.160134 1.649400 1.298530 1.047561 0.8594068 0.7117022 0.5921867 0.4921157 0.4067805
-0.4289947 -0.4922384 -0.5665989 -0.6540341 -0.7573757 -0.8793848 -1.023489 -1.191506 -1.380573 -1.568357 -1.685536 -1.634642 -1.430299 -1.173379 -0.9206955 -0.6885465 -0.4774079 -0.2846074 -0.1061498 6.1075065E-02 0.2201998 0.3733817 0.5227057 0.6694458 0.8148031 0.9593071 1.103434 1.247124 1.390322 1.532581 1.673545 1.812608 1.949324 2.083096 2.213516 2.340061 2.462370 2.579936 2.692336 2.798891 2.898839 2.990908 3.073344 3.143206 3.195910 3.223454 3.211997 3.136233 2.954284 2.625979 2.187769 1.754924 1.404329 1.139084 0.9369819 0.7787579 0.6511348 0.5454969 0.4558885 0.3783218
-0.3847136 -0.4383878 -0.5004414 -0.5720770 -0.6545540 -0.7488120 -0.8549975 -0.9708639 -1.088671 -1.189003 -1.236675 -1.197333 -1.075471 -0.9081749 -0.7272075 -0.5486270 -0.3781717 -0.2169935 -6.4270109E-02 8.1387021E-02 0.2215499 0.3576155 0.4908184 0.6220851 0.7521117 0.8812821 1.009760 1.137446 1.264079 1.389220 1.512352 1.632866 1.750148 1.863550 1.972446 2.076184 2.174104 2.265465 2.349436 2.424979 2.490791 2.545125 2.585622 2.608981 2.610562 2.583725 2.519152 2.404557 2.227604 1.986701 1.706498 1.430528 1.190122 0.9926376 0.8324479 0.7013666 0.5923215 0.4999553 0.4202826 0.3503645
-0.3422468 -0.3870251 -0.4378681 -0.4952982 -0.5595676 -0.6303807 -0.7062696 -0.7835869 -0.8548137 -0.9069870 -0.9228945 -0.8897942 -0.8090407 -0.6947863 -0.5634006 -0.4262618 -0.2895653 -0.1560230 -2.6463671E-02 9.9258400E-02 0.2216904 0.3415234 0.4594009 0.5758582 0.6912491 0.8057483 0.9193274 1.031787 1.142763 1.251773 1.358233 1.461504 1.560903 1.655733 1.745272 1.828783 1.905480 1.974513 2.034912 2.085546 2.125046 2.151729 2.163492 2.157712 2.131132 2.079851 1.999526 1.886271 1.738861 1.562751 1.371988 1.184229 1.013069 0.8642066 0.7372476 0.6291931 0.5365936 0.4563524 0.3859214 0.3232513
-0.3022088 -0.3389828 -0.3799453 -0.4251221 -0.4742024 -0.5262460 -0.5793067 -0.6298269 -0.6721055 -0.6982206 -0.6996475 -0.6704631 -0.6112069 -0.5282881 -0.4299488 -0.3233813 -0.2134817 -0.1031295 6.2494073E-03 0.1140891 0.2203271 0.3251192 0.4287027 0.5312726 0.6329407 0.7336845 0.8333505 0.9316398 1.028139 1.122322 1.213596 1.301304 1.384761 1.463253 1.536057 1.602419 1.661561 1.712645 1.754763 1.786899 1.807904 1.816466 1.811101 1.790147 1.751841 1.694468 1.616728 1.518384 1.401283 1.270033 1.132027 0.9960011 0.8688489 0.7541136 0.6525604 0.5633091 0.4847840 0.4152909 0.3532520 0.2972981
-0.2650339 -0.2948090 -0.3272993 -0.3622585 -0.3990827 -0.4366517 -0.4730678 -0.5054469 -0.5297778 -0.5412567 -0.5352336 -0.5090646 -0.4628678 -0.3994952 -0.3234587 -0.2391551 -0.1501075 -5.8735117E-02 3.3449523E-02 0.1256143 0.2173437 0.3084766 0.3989528 0.4887387 0.5777508 0.6658347 0.7527326 0.8380918 0.9214612 1.002315 1.080062 1.154072 1.223685 1.288227 1.347014 1.399354 1.444539 1.481843 1.510509 1.529739 1.538695 1.536504 1.522276 1.495159 1.454422 1.399618 1.330799 1.248848 1.155769 1.055041 0.9511953 0.8486018 0.7508938 0.6604376 0.5781718 0.5040073 0.4372920 0.3771295 0.3225776 0.2727363
-0.2309877 -0.2547698 -0.2801762 -0.3068132 -0.3340010 -0.3606452 -0.3851454 -0.4053011 -0.4183986 -0.4214860 -0.4120017 -0.3882650 -0.3503443 -0.2998981 -0.2393561 -0.1714315 -9.8526850E-02 -2.2532279E-02 5.5223148E-02 0.1338499 0.2127960 0.2917103 0.3703621 0.4485534 0.5260805 0.6026880 0.6780613 0.7518101 0.8234811 0.8925583 0.9584858 1.020674 1.078520 1.131412 1.178746 1.219916 1.254332 1.281404 1.300554 1.311213 1.312834 1.304907 1.286990 1.258755 1.220070 1.171078 1.112347 1.044985 0.9707565 0.8918865 0.8109301 0.7306904 0.6534578 0.5807010 0.5131814 0.4510817 0.3941778 0.3420220 0.2940602 0.2497175
-0.2001636 -0.2189149 -0.2385008 -0.2584921 -0.2782213 -0.2967406 -0.3127615 -0.3246771 -0.3306292 -0.3287404 -0.3174042 -0.2958406 -0.2640075 -0.2226611 -0.1733058 -0.1176419 -5.7323441E-02 6.2515261E-03 7.1976125E-02 0.1390385 0.2068467 0.2749770 0.3430952 0.4109169 0.4781555 0.5445050 0.6096138 0.6730861 0.7344768 0.7933037 0.8490523 0.9011941 0.9491914 0.9925144 1.030643 1.063078 1.089342 1.108988 1.121598 1.126797 1.124262 1.113742 1.095078 1.068250 1.033405 0.9909287 0.9414803 0.8860433 0.8259041 0.7627345 0.6983718 0.6343651 0.5720711 0.5125630 0.4564748 0.4040580 0.3552895 0.3099597 0.2677564 0.2283133
-0.1725315 -0.1871171 -0.2019967 -0.2167459 -0.2307754 -0.2432921 -0.2533055 -0.2596379 -0.2610272 -0.2562561 -0.2443739 -0.2247125 -0.1972675 -0.1626145 -0.1216023 -7.5331032E-02 -2.4923194E-02 2.8580194E-02 8.4306672E-02 0.1415442 0.1997375 0.2584387 0.3172799 0.3759263 0.4340584 0.4913399 0.5474143 0.6018909 0.6543528 0.7043543 0.7514369 0.7951317 0.8349765 0.8705183 0.9013277 0.9270000 0.9471666 0.9614957 0.9697036 0.9715579 0.9668930 0.9556204 0.9377493 0.9134056 0.8828612 0.8465528 0.8051125 0.7593708 0.7103595 0.6591413 0.6067975 0.5545465 0.5033956 0.4540396 0.4069449 0.3623619 0.3203500 0.2808323 0.2436365 0.2085380
