T3-twomodels/gx/model60.grd
DSAA
         100         100
  -15.00000       15.00000    
  -15.00000       15.00000    
  -8.088066       12.20452    
[rows 52 to 77 of 100, columns 0 to 59 of 100]
-1.051196 -1.213885 -1.409414 -1.641255 -1.923135 -2.263175 -2.683772 -3.201760 -3.846892 -4.597202 -5.215302 -5.108952 -4.379985 -3.605488 -2.944524 -2.406400 -1.958037 -1.584153 -1.262190 -0.9844390 -0.7368542 -0.5155505 -0.3108392 -0.1205174 6.2776826E-02 0.2405609 0.4189350 0.5992713 0.7870609 0.9838626 1.194996 1.422434 1.671629 1.945097 2.248610 2.585244 2.961167 3.379932 3.848145 4.369769 4.952076 5.599662 6.321264 7.122730 8.015157 9.003133 10.08800 11.21459 12.15025 12.17144 10.74048 8.629674 6.790509 5.420316 4.401494 3.624974 3.015646 2.527524 2.127506 1.795328
-1.044623 -1.206695 -1.401598 -1.632823 -1.914109 -2.253604 -2.673719 -3.191321 -3.836172 -4.586320 -5.204331 -5.098145 -4.369556 -3.595514 -2.935140 -2.397717 -1.950166 -1.577174 -1.256175 -0.9794372 -0.7329084 -0.5126905 -0.3090929 -0.1199060 6.2226508E-02 0.2388221 0.4159743 0.5950509 0.7815344 0.9769806 1.186700 1.412666 1.660328 1.932206 2.234078 2.569033 2.943255 3.360325 3.826873 4.346902 4.927722 5.573972 6.294430 7.094989 7.986777 8.974416 10.05926 11.18614 12.12231 12.14426 10.71451 8.605183 6.767570 5.399007 4.381880 3.607079 2.999457 2.513000 2.114586 1.783935
-1.036000 -1.197234 -1.391284 -1.621657 -1.902124 -2.240852 -2.660294 -3.177340 -3.821795 -4.571739 -5.189816 -5.083805 -4.355542 -3.582100 -2.922517 -2.386058 -1.939602 -1.567822 -1.248116 -0.9727390 -0.7276154 -0.5088391 -0.3067089 -0.1190170 6.1593577E-02 0.2366340 0.4121908 0.5896212 0.7744002 0.9680713 1.175939 1.399969 1.645609 1.915382 2.215073 2.547783 2.919724 3.334502 3.798791 4.316639 4.895414 5.539813 6.258678 7.057959 7.948843 8.935987 10.02077 11.14806 12.08514 12.10845 10.68021 8.572621 6.737058 5.370727 4.355917 3.583455 2.978144 2.493930 2.097665 1.769051
-1.025198 -1.185339 -1.378263 -1.607507 -1.886871 -2.224567 -2.643084 -3.159366 -3.803253 -4.552857 -5.170795 -5.065036 -4.337376 -3.564741 -2.906210 -2.371011 -1.925998 -1.555792 -1.237765 -0.9641355 -0.7208095 -0.5038618 -0.3035867 -0.1177715 6.0933642E-02 0.2340339 0.4076025 0.5829847 0.7656388 0.9570962 1.162647 1.384249 1.627342 1.894448 2.191361 2.521199 2.890197 3.302002 3.763338 4.278315 4.854373 5.496294 6.213004 7.010543 7.900168 8.886605 9.971275 11.09904 12.03711 12.06191 10.63584 8.530873 6.698125 5.334764 4.323013 3.553619 2.951322 2.470014 2.076514 1.750502
-1.012066 -1.170808 -1.362283 -1.590055 -1.867969 -2.204285 -2.621558 -3.136791 -3.779895 -4.529051 -5.146974 -5.041478 -4.314404 -3.542794 -2.885619 -2.352057 -1.908894 -1.540705 -1.224803 -0.9533731 -0.7122855 -0.4976011 -0.2996020 -0.1160795 6.0313847E-02 0.2310654 0.4022341 0.5751438 0.7552343 0.9440135 1.146755 1.365398 1.605374 1.869200 2.162672 2.488927 2.854227 3.262265 3.719825 4.231096 4.803615 5.442272 6.156113 6.951294 7.839191 8.824619 9.909071 11.03743 11.97699 12.00405 10.58067 8.478832 6.649685 5.290189 4.282402 3.516960 2.918509 2.440881 2.050851 1.728082
-0.9964233 -1.153410 -1.343038 -1.568916 -1.844934 -2.179429 -2.595030 -3.108838 -3.750846 -4.499312 -5.116953 -5.011804 -4.285661 -3.515391 -2.859977 -2.328517 -1.887724 -1.522084 -1.208849 -0.9401431 -0.7018058 -0.4898701 -0.2946158 -0.1138326 5.9809070E-02 0.2277808 0.3961146 0.5661088 0.7431718 0.9287845 1.128191 1.343309 1.579547 1.839415 2.128707 2.450571 2.811300 3.214635 3.667433 4.173980 4.741933 5.376325 6.086363 6.878374 7.763891 8.747875 9.831914 10.96095 11.90215 11.93181 10.51210 8.414672 6.590304 5.235820 4.233130 3.472719 2.879122 2.406090 2.020355 1.701556
-0.9780781 -1.132876 -1.320177 -1.543627 -1.817188 -2.149275 -2.562637 -3.074494 -3.714987 -4.462502 -5.079917 -4.975130 -4.249981 -3.481430 -2.828291 -2.299549 -1.861777 -1.499359 -1.189444 -0.9240929 -0.6890947 -0.4804639 -0.2884701 -0.1109181 5.9504576E-02 0.2242380 0.3892813 0.5558943 0.7294458 0.9113760 1.106893 1.317874 1.549705 1.804867 2.089149 2.405704 2.760850 3.158379 3.605228 4.105796 4.667891 5.296729 6.001733 6.789459 7.671682 8.653571 9.736884 10.86666 11.81015 11.84349 10.42839 8.336400 6.518166 5.170162 4.174007 3.419983 2.832472 2.365136 1.984659 1.670669
-0.9568242 -1.108921 -1.293302 -1.513662 -1.784033 -2.112947 -2.523294 -3.032481 -3.670836 -4.416927 -5.033720 -4.929391 -4.205731 -3.439457 -2.789313 -2.264092 -1.830201 -1.471849 -1.166069 -0.9048241 -0.6738583 -0.4691597 -0.2810052 -0.1072151 5.9485484E-02 0.2204998 0.3817761 0.5445247 0.7140595 0.8917699 1.082809 1.289007 1.515702 1.765343 2.043692 2.353897 2.702291 3.092712 3.532181 4.025225 4.579829 5.201440 5.899762 6.681674 7.559288 8.538102 9.620138 10.75060 11.69668 11.73442 10.32553 8.241024 6.430924 5.091348 4.103594 3.357665 2.777768 2.317455 1.943373 1.635157
-0.9324620 -1.081245 -1.261989 -1.478424 -1.744669 -2.069382 -2.475657 -2.981146 -3.616483 -4.360542 -4.976601 -4.872761 -4.150851 -3.387605 -2.741434 -2.220850 -1.791967 -1.438778 -1.138137 -0.8819118 -0.6557842 -0.4557372 -0.2720580 -0.1026084 5.9841294E-02 0.2166298 0.3736473 0.5320321 0.6970335 0.8699661 1.055917 1.256647 1.477433 1.720665 1.992064 2.294747 2.635049 3.016839 3.447213 3.930835 4.475886 5.088096 5.777526 6.551489 7.422586 8.396811 9.476640 10.60758 11.55703 11.60082 10.19996 8.125032 6.325589 4.997046 4.020139 3.284505 2.714122 2.262443 1.896098 1.594764
-0.9048071 -1.049564 -1.225800 -1.437276 -1.698181 -2.017334 -2.418064 -2.918392 -3.549381 -4.290377 -4.904987 -4.801766 -4.082469 -3.323399 -2.682638 -2.168227 -1.745882 -1.399264 -1.105028 -0.8549152 -0.6345729 -0.4399839 -0.2614834 -9.6989937E-02 6.0648568E-02 0.2126943 0.3649483 0.5184661 0.6784050 0.8459947 1.026228 1.220781 1.434839 1.670716 1.934056 2.227924 2.558619 2.930016 3.349267 3.821154 4.354071 4.954062 5.631628 6.394654 7.256428 8.223708 9.299697 10.43048 11.38364 11.43488 10.04495 7.983312 6.198272 4.884346 3.921561 3.199063 2.640578 2.199485 1.842454 1.549269
-0.8737254 -1.013628 -1.184328 -1.389568 -1.643591 -1.955358 -2.348507 -2.841529 -3.466178 -4.202587 -4.815162 -4.712638 -3.996785 -3.243607 -2.610354 -2.104320 -1.690579 -1.352377 -1.066110 -0.8234265 -0.6099530 -0.4217288 -0.2491630 -9.0278737E-02 6.1975349E-02 0.2087493 0.3557377 0.5038834 0.6582379 0.8199158 0.9938011 1.181452 1.387943 1.615471 1.869574 2.153218 2.472630 2.831640 3.237408 3.694799 4.212393 4.796556 5.458292 6.206197 7.054502 8.011098 9.080423 10.20966 11.16714 11.22848 9.853187 7.809419 6.043942 4.749652 3.805418 3.099758 2.556154 2.128000 1.782120 1.498513
-0.8391488 -0.9732758 -1.137243 -1.334716 -1.579908 -1.881891 -2.264601 -2.747168 -3.362336 -4.091558 -4.700472 -4.598880 -3.888402 -3.143904 -2.521399 -2.026905 -1.624602 -1.297185 -1.020824 -0.7871074 -0.5817353 -0.4008579 -0.2350325 -8.2425326E-02 6.3863426E-02 0.2048446 0.3460732 0.4883600 0.6366194 0.7918348 0.9587497 1.138783 1.336860 1.555029 1.798673 2.070612 2.376934 2.721359 3.110977 3.550655 4.049081 4.612892 5.253585 5.980572 6.809281 7.749253 8.806917 9.931519 10.89282 10.96681 9.612084 7.593970 5.855986 4.588547 3.668943 2.984951 2.459941 2.047525 1.714895 1.442440
-0.8011255 -0.9284735 -1.084374 -1.272288 -1.506277 -1.795356 -2.163690 -2.631096 -3.231782 -3.949469 -4.552484 -4.452092 -3.749772 -3.018597 -2.411880 -1.933553 -1.546511 -1.232902 -0.9687560 -0.7457733 -0.5498441 -0.3773573 -0.2190920 -7.3433578E-02 6.6326208E-02 0.2010131 0.3360158 0.4719818 0.6136693 0.7618998 0.9212557 1.092982 1.281825 1.489638 1.721604 1.980331 2.271693 2.599204 2.969771 3.388127 3.862916 4.400884 5.013891 5.712102 6.512307 7.426218 8.463403 9.576939 10.54026 10.63091 9.305320 7.324247 5.625757 4.395768 3.509182 2.853124 2.351241 1.957814 1.640764 1.381151
-0.7598372 -0.8793837 -1.025793 -1.202169 -1.422169 -1.694468 -2.043099 -2.488405 -3.066392 -3.764591 -4.356600 -4.258063 -3.569875 -2.860243 -2.277403 -1.821903 -1.455187 -1.159066 -0.9097966 -0.6994618 -0.5143855 -0.3513343 -0.2014367 -6.3362025E-02 6.9337480E-02 0.1972715 0.3256223 0.4548526 0.5895342 0.7303097 0.8815676 1.044356 1.223202 1.419727 1.638852 1.882909 2.157467 2.465720 2.814242 3.207441 3.653671 4.159480 4.736729 5.395981 6.155155 7.028374 8.029583 9.118616 10.07685 10.18740 8.905262 6.981409 5.342078 4.165418 3.323389 2.703196 2.229799 1.858981 1.559989 1.314942
-0.7156458 -0.8264055 -0.9619241 -1.124717 -1.327712 -1.578703 -1.900860 -2.314141 -2.856030 -3.519847 -4.090864 -3.995429 -3.333012 -2.659927 -2.113747 -1.690348 -1.350247 -1.075833 -0.8442743 -0.6485399 -0.4756790 -0.3230548 -0.1822583 -5.2343100E-02 7.2833754E-02 0.1936129 0.3149476 0.4370843 0.5643930 0.6973078 0.8400077 0.9933103 1.161496 1.345906 1.551157 1.779223 2.035283 2.322082 2.645690 3.009953 3.422604 3.889532 4.421966 5.030019 5.731740 6.542820 7.481895 8.519173 9.453407 9.585164 8.370283 6.538898 4.991477 3.891932 3.109828 2.535063 2.096098 1.751664 1.473188 1.244356
-0.6690837 -0.7702283 -0.8936001 -1.040950 -1.224004 -1.449029 -1.736981 -2.105415 -2.590526 -3.191647 -3.717981 -3.628835 -3.018707 -2.409385 -1.918847 -1.539153 -1.232694 -0.9842494 -0.7731259 -0.5937406 -0.4343081 -0.2929364 -0.1618676 -4.0566925E-02 7.6701008E-02 0.1900164 0.3040369 0.4188082 0.5384448 0.6631888 0.7969580 0.9403480 1.097335 1.268976 1.459503 1.670503 1.906651 2.170147 2.466366 2.798369 3.172876 3.594590 4.073217 4.617123 5.242407 5.963487 6.800556 7.734700 8.595996 8.736335 7.631618 5.960952 4.561080 3.572612 2.869257 2.350294 1.951690 1.637158 1.381398 1.170196
-0.6208249 -0.7118473 -0.8220502 -0.9526551 -1.113332 -1.308612 -1.555152 -1.865578 -2.267760 -2.759889 -3.190359 -3.115014 -2.611939 -2.108214 -1.696370 -1.371872 -1.105513 -0.8864120 -0.6979825 -0.5361518 -0.3911344 -0.2615187 -0.1407003 -2.8259937E-02 8.0764063E-02 0.1864647 0.2929076 0.4001807 0.5118907 0.6282987 0.7528380 0.8860654 1.031446 1.189903 1.365081 1.558304 1.773507 2.012425 2.279434 2.576780 2.909674 3.281321 3.698848 4.167656 4.699003 5.301673 5.988819 6.742570 7.429749 7.528102 6.605567 5.218067 4.049383 3.212543 2.606797 2.152776 1.799407 1.517456 1.286088 1.093498
-0.5716243 -0.6525237 -0.7488048 -0.8623149 -0.9990673 -1.162986 -1.363716 -1.608572 -1.908804 -2.250670 -2.523489 -2.471817 -2.139008 -1.775777 -1.459028 -1.196031 -0.9737544 -0.7853711 -0.6210974 -0.4771279 -0.3472582 -0.2294158 -0.1193041 -1.5658187E-02 8.4790029E-02 0.1829552 0.2815491 0.3813897 0.4849238 0.5930308 0.7080854 0.8311338 0.9646103 1.109785 1.269226 1.444425 1.638105 1.851932 2.088769 2.350399 2.639886 2.959171 3.311761 3.699849 4.127379 4.594894 5.099605 5.611007 6.016111 5.996078 5.327787 4.351510 3.486885 2.829736 2.332985 1.948794 1.643271 1.395139 1.189082 1.015476
-0.5225783 -0.5933228 -0.6759082 -0.7723762 -0.8856450 -1.018579 -1.174713 -1.355993 -1.559686 -1.763615 -1.898615 -1.867400 -1.684775 -1.451815 -1.225528 -1.022413 -0.8431293 -0.6851686 -0.5446467 -0.4185116 -0.3035852 -0.1975577 -9.8026641E-02 -3.2336218E-03 8.8727891E-02 0.1792991 0.2701132 0.3624692 0.4578885 0.5576521 0.6632826 0.7761248 0.8977690 1.029657 1.173454 1.330666 1.502967 1.691807 1.898716 2.124877 2.371420 2.638911 2.927564 3.236373 3.562709 3.899542 4.230863 4.517882 4.674518 4.561468 4.125167 3.520209 2.937924 2.452617 2.061795 1.746176 1.487825 1.273224 1.092245 0.9375601
-0.4746493 -0.5354078 -0.6052167 -0.6853523 -0.7771530 -0.8816487 -0.9990836 -1.127321 -1.258740 -1.374056 -1.438223 -1.417040 -1.315158 -1.169829 -1.012978 -0.8608242 -0.7192479 -0.5895181 -0.4708840 -0.3619671 -0.2611177 -0.1667512 -7.7304989E-02 8.6372718E-03 9.2448086E-02 0.1753836 0.2586835 0.3435162 0.4310658 0.5224824 0.6189536 0.7216541 0.8317991 0.9505847 1.079218 1.218840 1.370525 1.535175 1.713482 1.905770 2.111897 2.330983 2.561122 2.798736 3.037583 3.266734 3.467198 3.606633 3.636723 3.509037 3.222212 2.843808 2.456465 2.106597 1.806270 1.552316 1.337491 1.154590 0.9974527 0.8611051
-0.4285278 -0.4799776 -0.5381103 -0.6035128 -0.6765087 -0.7568812 -0.8432490 -0.9320607 -1.015900 -1.081916 -1.113017 -1.096587 -1.034113 -0.9398811 -0.8303913 -0.7171444 -0.6064397 -0.5010651 -0.4018807 -0.3087129 -0.2209044 -0.1375522 -5.7674643E-02 1.9746693E-02 9.5713630E-02 0.1712206 0.2472365 0.3247235 0.4046307 0.4879103 0.5755087 0.6683754 0.7674440 0.8736273 0.9877793 1.110665 1.242899 1.384876 1.536665 1.697895 1.867567 2.043829 2.223626 2.402196 2.572300 2.723155 2.839170 2.899512 2.881122 2.769466 2.572879 2.322979 2.057699 1.804145 1.574808 1.372566 1.195859 1.041586 0.9064084 0.7872387
-0.3848450 -0.4278836 -0.4756769 -0.5283074 -0.5855275 -0.6464654 -0.7092507 -0.7704077 -0.8243234 -0.8631709 -0.8785254 -0.8645686 -0.8219463 -0.7571734 -0.6785919 -0.5934830 -0.5068122 -0.4214983 -0.3389642 -0.2597156 -0.1836788 -0.1104693 -3.9508659E-02 2.9867655E-02 9.8383769E-02 0.1667783 0.2358075 0.3062238 0.3787872 0.4542474 0.5333537 0.6168333 0.7053899 0.7996708 0.9002461 1.007555 1.121857 1.243147 1.371069 1.504779 1.642805 1.782835 1.921470 2.053900 2.173540 2.271698 2.337608 2.359417 2.327153 2.237290 2.096676 1.922160 1.733527 1.546506 1.370544 1.209824 1.065220 0.9359216 0.8203946 0.7169060
-0.3440516 -0.3796926 -0.4185641 -0.4604701 -0.5048614 -0.5506772 -0.5960844 -0.6382684 -0.6732924 -0.6964312 -0.7031169 -0.6907892 -0.6596499 -0.6126312 -0.5543177 -0.4891655 -0.4207364 -0.3514588 -0.2828130 -0.2155455 -0.1499173 -8.5851386E-02 -2.3071585E-02 3.8836759E-02 0.1003604 0.1620404 0.2244387 0.2881366 0.3537164 0.4217602 0.4928338 0.5674812 0.6461999 0.7294247 0.8174867 0.9105783 1.008691 1.111550 1.218528 1.328545 1.439944 1.550361 1.656573 1.754364 1.838434 1.902490 1.939659 1.943521 1.909764 1.838375 1.734820 1.608452 1.470082 1.329347 1.192999 1.064874 0.9466421 0.8385954 0.7402604 0.6507868
-0.3064283 -0.3356870 -0.3670374 -0.4001288 -0.4343285 -0.4685928 -0.5013763 -0.5305361 -0.5534204 -0.5671406 -0.5692010 -0.5579860 -0.5336276 -0.4978419 -0.4531071 -0.4021714 -0.3474499 -0.2908168 -0.2335471 -0.1764259 -0.1198393 -6.3898936E-02 -8.5104723E-03 4.6548363E-02 0.1015960 0.1570034 0.2131827 0.2705607 0.3295766 0.3906604 0.4542296 0.5206661 0.5903049 0.6634032 0.7401147 0.8204453 0.9042090 0.9909653 1.079957 1.170028 1.259556 1.346362 1.427664 1.500048 1.559542 1.601821 1.622661 1.618651 1.588168 1.532033 1.453676 1.358984 1.254676 1.146754 1.039868 0.9371184 0.8402465 0.7499951 0.6664488 0.5893043
-0.2720816 -0.2959326 -0.3210391 -0.3470094 -0.3732156 -0.3987530 -0.4223782 -0.4425326 -0.4574071 -0.4651756 -0.4642817 -0.4539951 -0.4343188 -0.4060482 -0.3707156 -0.3300353 -0.2856536 -0.2389337 -0.1909114 -0.1422825 -9.3468577E-02 -4.4659071E-02 4.1194493E-03 5.2969705E-02 0.1020763 0.1516881 0.2020880 0.2535840 0.3064887 0.3611120 0.4177419 0.4766344 0.5379896 0.6019335 0.6684853 0.7375287 0.8087661 0.8816798 0.9554772 1.029047 1.100912 1.169198 1.231633 1.285587 1.328188 1.356544 1.368071 1.360954 1.334554 1.289868 1.229598 1.157328 1.077120 0.9929809 0.9082131 0.8252146 0.7455378 0.6700408 0.5990748 0.5326445
-0.2409941 -0.2603152 -0.2803083 -0.3005798 -0.3205744 -0.3395339 -0.3565055 -0.3703496 -0.3798437 -0.3838094 -0.3813342 -0.3717849 -0.3551874 -0.3321403 -0.3035043 -0.2703763 -0.2338557 -0.1949341 -0.1544024 -0.1128509 -7.0665382E-02 -2.8069980E-02 1.4852698E-02 5.8119059E-02 0.1018278 0.1461278 0.1912085 0.2372755 0.2845456 0.3332251 0.3835033 0.4355316 0.4894112 0.5451676 0.6027319 0.6619077 0.7223456 0.7835060 0.8446307 0.9047106 0.9624707 1.016364 1.064603 1.105212 1.136160 1.155520 1.161720 1.153796 1.131674 1.096176 1.048923 0.9924497 0.9296083 0.8630502 0.7950810 0.7275231 0.6616700 0.5983483 0.5380050 0.4808099
