T3-twomodels/gx/model120.grd
DSAA
         100         100
  -15.00000       15.00000    
  -15.00000       15.00000    
  -7.966006       12.30233    
[rows 0 to 25 of 100, columns 0 to 59 of 100]
-2.8190104E-02 -2.8161522E-02 -2.8022157E-02 -2.7763398E-02 -2.7375279E-02 -2.6849816E-02 -2.6177872E-02 -2.5353447E-02 -2.4368906E-02 -2.3218701E-02 -2.1892512E-02 -2.0408986E-02 -1.8761892E-02 -1.6934911E-02 -1.4937237E-02 -1.2771136E-02 -1.0442061E-02 -7.9542026E-03 -5.3146882E-03 -2.5301182E-03 3.9106235E-04 3.4411731E-03 6.6109239E-03 9.8911552E-03 1.3271560E-02 1.6742105E-02 2.0291930E-02 2.3910359E-02 2.7586002E-02 3.1307269E-02 3.5061743E-02 3.8836733E-02 4.2618781E-02 4.6393819E-02 5.0146986E-02 5.3862892E-02 5.7525147E-02 6.1116379E-02 6.4618304E-02 6.8011872E-02 7.1277283E-02 7.4393943E-02 7.7341042E-02 8.0097251E-02 8.2641162E-02 8.4951036E-02 8.7005705E-02 8.8784836E-02 9.0264186E-02 9.1421559E-02 9.2273191E-02 9.2805631E-02 9.2982449E-02 9.2797682E-02 9.2252962E-02 9.1348238E-02 9.0086192E-02 8.8472940E-02 8.6517572E-02 8.4231861E-02
-3.1240255E-02 -3.1287130E-02 -3.1213589E-02 -3.1007970E-02 -3.0660212E-02 -3.0158967E-02 -2.9495567E-02 -2.8660391E-02 -2.7647596E-02 -2.6452107E-02 -2.5077136E-02 -2.3496728E-02 -2.1714723E-02 -1.9748779E-02 -1.7591421E-02 -1.5246056E-02 -1.2715747E-02 -1.0007617E-02 -7.1280114E-03 -4.0860442E-03 -8.8974193E-04 2.4510578E-03 5.9266752E-03 9.5260860E-03 1.3238808E-02 1.7053207E-02 2.0958059E-02 2.4941290E-02 2.8991072E-02 3.3094659E-02 3.7239164E-02 4.1410677E-02 4.5594983E-02 4.9776845E-02 5.3940434E-02 5.8068864E-02 6.2144261E-02 6.6147469E-02 7.0058271E-02 7.3855393E-02 7.7516459E-02 8.1018172E-02 8.4336594E-02 8.7447330E-02 9.0325460E-02 9.2945836E-02 9.5283799E-02 9.7316310E-02 9.9028014E-02 0.1004057 0.1013987 0.1019929 0.1022049 0.1020239 0.1014381 0.1004450 9.9047415E-02 9.7252451E-02 9.5070682E-02 9.2515893E-02
-3.4633432E-02 -3.4773771E-02 -3.4781791E-02 -3.4645289E-02 -3.4350630E-02 -3.3886328E-02 -3.3239841E-02 -3.2402109E-02 -3.1362683E-02 -3.0113768E-02 -2.8642606E-02 -2.6968658E-02 -2.5084522E-02 -2.2972271E-02 -2.0642402E-02 -1.8098179E-02 -1.5346585E-02 -1.2393424E-02 -9.2481496E-03 -5.9194397E-03 -2.4178096E-03 1.2465520E-03 5.0616045E-03 9.0161143E-03 1.3097693E-02 1.7294310E-02 2.1593174E-02 2.5981810E-02 3.0447040E-02 3.4975767E-02 3.9553966E-02 4.4167139E-02 4.8799872E-02 5.3436205E-02 5.8058981E-02 6.2649973E-02 6.7189679E-02 7.1657203E-02 7.6030113E-02 8.0284543E-02 8.4395379E-02 8.8336065E-02 9.2079282E-02 9.5596783E-02 9.8859787E-02 0.1018388 0.1045049 0.1068298 0.1087812 0.1103294 0.1114870 0.1122350 0.1125298 0.1123625 0.1117333 0.1106414 0.1090905 0.1070888 0.1046487 0.1017864
-3.8412068E-02 -3.8666077E-02 -3.8776316E-02 -3.8726650E-02 -3.8502745E-02 -3.8088862E-02 -3.7472375E-02 -3.6639657E-02 -3.5581801E-02 -3.4291178E-02 -3.2769609E-02 -3.0987442E-02 -2.8948270E-02 -2.6671534E-02 -2.4149552E-02 -2.1387110E-02 -1.8388880E-02 -1.5164376E-02 -1.1722505E-02 -8.0750324E-03 -4.2327070E-03 -2.0859879E-04 3.9848527E-03 8.3341850E-03 1.2826448E-02 1.7447688E-02 2.2184728E-02 2.7023606E-02 3.1950794E-02 3.6952011E-02 4.2012863E-02 4.7117800E-02 5.2250832E-02 5.7394866E-02 6.2531754E-02 6.7641780E-02 7.2703891E-02 7.7695206E-02 8.2590930E-02 8.7364450E-02 9.1987364E-02 9.6429653E-02 0.1006598 0.1046454 0.1083526 0.1117470 0.1147947 0.1174632 0.1197285 0.1215695 0.1229244 0.1237723 0.1241272 0.1239741 0.1232979 0.1220953 0.1203702 0.1181322 0.1153961 0.1121813
-4.2623371E-02 -4.3016884E-02 -4.3252662E-02 -4.3313336E-02 -4.3179844E-02 -4.2835601E-02 -4.2262893E-02 -4.1448202E-02 -4.0376890E-02 -3.9037798E-02 -3.7414748E-02 -3.5528116E-02 -3.3369102E-02 -3.0917792E-02 -2.8186565E-02 -2.5180440E-02 -2.1908926E-02 -1.8380618E-02 -1.4608296E-02 -1.0603910E-02 -6.3816668E-03 -1.9552885E-03 2.6599853E-03 7.4499608E-03 1.2399318E-02 1.7493544E-02 2.2717735E-02 2.8057639E-02 3.3498418E-02 3.9025482E-02 4.4623461E-02 5.0276484E-02 5.5967666E-02 6.1679289E-02 6.7391977E-02 7.3084861E-02 7.8735135E-02 8.4317952E-02 8.9805976E-02 9.5169462E-02 0.1003766 0.1053931 0.1101829 0.1147083 0.1189298 0.1228069 0.1262995 0.1293677 0.1319671 0.1340567 0.1356434 0.1366997 0.1371720 0.1370462 0.1363202 0.1349928 0.1330687 0.1305594 0.1274828 0.1238620
-4.7322083E-02 -4.7884617E-02 -4.8276048E-02 -4.8473764E-02 -4.8457082E-02 -4.8203714E-02 -4.7695033E-02 -4.6911608E-02 -4.5839809E-02 -4.4467840E-02 -4.2795315E-02 -4.0788058E-02 -3.8449422E-02 -3.5800885E-02 -3.2835044E-02 -2.9559122E-02 -2.5980771E-02 -2.2113288E-02 -1.7969621E-02 -1.3565942E-02 -8.9173475E-03 -4.0411865E-03 1.0462654E-03 6.3278801E-03 1.1787499E-02 1.7408431E-02 2.3175312E-02 2.9072434E-02 3.5084736E-02 4.1196667E-02 4.7392730E-02 5.3656381E-02 5.9970558E-02 6.6316664E-02 7.2674625E-02 7.9022251E-02 8.5335247E-02 9.1586635E-02 9.7746402E-02 0.1037816 0.1096564 0.1153318 0.1207662 0.1259158 0.1307343 0.1351742 0.1391876 0.1427281 0.1457584 0.1482450 0.1501107 0.1513243 0.1518943 0.1517990 0.1510190 0.1495500 0.1473974 0.1445753 0.1411051 0.1370148
-5.2568775E-02 -5.3337626E-02 -5.3919327E-02 -5.4288857E-02 -5.4419156E-02 -5.4285899E-02 -5.3863671E-02 -5.3132046E-02 -5.2070018E-02 -5.0661065E-02 -4.8884250E-02 -4.6760608E-02 -4.4279698E-02 -4.1419581E-02 -3.8195595E-02 -3.4615889E-02 -3.0694323E-02 -2.6444085E-02 -2.1883395E-02 -1.7029569E-02 -1.1902425E-02 -6.5207453E-03 -9.0462854E-04 4.9275667E-03 1.0956780E-02 1.7165624E-02 2.3536883E-02 3.0054597E-02 3.6702648E-02 4.3465562E-02 5.0327323E-02 5.7271596E-02 6.4280897E-02 7.1336508E-02 7.8417607E-02 8.5501157E-02 9.2561357E-02 9.9569201E-02 0.1064919 0.1132930 0.1199323 0.1263652 0.1325440 0.1384174 0.1439314 0.1490293 0.1536542 0.1577488 0.1612507 0.1641016 0.1662980 0.1677993 0.1685374 0.1684905 0.1676528 0.1660222 0.1636059 0.1604209 0.1564935 0.1518579
-5.8434043E-02 -5.9452537E-02 -6.0268696E-02 -6.0850453E-02 -6.1167601E-02 -6.1188046E-02 -6.0883757E-02 -6.0226455E-02 -5.9194777E-02 -5.7770588E-02 -5.5949677E-02 -5.3691812E-02 -5.1000133E-02 -4.7899254E-02 -4.4383116E-02 -4.0463269E-02 -3.6152601E-02 -3.1470813E-02 -2.6437495E-02 -2.1075984E-02 -1.5408194E-02 -9.4579477E-03 -3.2472308E-03 3.2016949E-03 9.8686554E-03 1.6733699E-02 2.3779212E-02 3.0987838E-02 3.8343687E-02 4.5830809E-02 5.3433806E-02 6.1136305E-02 6.8921410E-02 7.6770261E-02 8.4662043E-02 9.2572987E-02 0.1004762 0.1083407 0.1161309 0.1238067 0.1313228 0.1386288 0.1456693 0.1523848 0.1587113 0.1645818 0.1699279 0.1746817 0.1787854 0.1821858 0.1847823 0.1865276 0.1874204 0.1874291 0.1865280 0.1847116 0.1819885 0.1783800 0.1739184 0.1686460
-6.4996272E-02 -6.6318661E-02 -6.7421079E-02 -6.8267219E-02 -6.8817951E-02 -6.9037013E-02 -6.8886980E-02 -6.8336517E-02 -6.7354411E-02 -6.5915748E-02 -6.3992374E-02 -6.1605293E-02 -5.8742162E-02 -5.5379495E-02 -5.1537655E-02 -4.7230538E-02 -4.2479452E-02 -3.7305649E-02 -3.1736322E-02 -2.5797723E-02 -1.9518400E-02 -1.2925145E-02 -6.0451394E-03 1.0973366E-03 8.4785540E-03 1.6077721E-02 2.3875287E-02 3.1854041E-02 3.9997514E-02 4.8290681E-02 5.6718443E-02 6.5265708E-02 7.3916152E-02 8.2651913E-02 9.1452375E-02 0.1002938 0.1091485 0.1179839 0.1267617 0.1354379 0.1439618 0.1522761 0.1603172 0.1680151 0.1752945 0.1820750 0.1882744 0.1938088 0.1985876 0.2025259 0.2056014 0.2077523 0.2088892 0.2089783 0.2080081 0.2059760 0.2028935 0.1987872 0.1936979 0.1876779
-7.2346441E-02 -7.4036606E-02 -7.5490937E-02 -7.6663174E-02 -7.7508442E-02 -7.7979311E-02 -7.8033037E-02 -7.7626929E-02 -7.6727264E-02 -7.5305454E-02 -7.3350884E-02 -7.0814744E-02 -6.7699924E-02 -6.4036265E-02 -5.9821248E-02 -5.5074342E-02 -4.9817853E-02 -4.4082552E-02 -3.7899513E-02 -3.1303801E-02 -2.4328236E-02 -1.7006742E-02 -9.3698790E-03 -1.4469610E-03 6.7364951E-03 1.5156900E-02 2.3794524E-02 3.2631196E-02 4.1651603E-02 5.0841130E-02 6.0186632E-02 6.9674298E-02 7.9289831E-02 8.9016668E-02 9.8835669E-02 0.1087236 0.1186527 0.1285892 0.1384925 0.1483145 0.1579989 0.1674808 0.1766865 0.1855345 0.1939350 0.2017922 0.2090063 0.2154762 0.2211113 0.2258267 0.2294850 0.2320124 0.2333912 0.2335742 0.2325262 0.2302411 0.2267337 0.2220383 0.2162061 0.2093032
-8.0585621E-02 -8.2723334E-02 -8.4607609E-02 -8.6185023E-02 -8.7397814E-02 -8.8190824E-02 -8.8507302E-02 -8.8298023E-02 -8.7515093E-02 -8.6119860E-02 -8.4072761E-02 -8.1393383E-02 -7.8067116E-02 -7.4070394E-02 -6.9432281E-02 -6.4177401E-02 -5.8340374E-02 -5.1956829E-02 -4.5069396E-02 -3.7719253E-02 -2.9949106E-02 -2.1798128E-02 -1.3304164E-02 -4.4997726E-03 4.5852037E-03 1.3926195E-02 2.3501894E-02 3.3295162E-02 4.3291055E-02 5.3477421E-02 6.3843019E-02 7.4377105E-02 8.5067883E-02 9.5901832E-02 0.1068619 0.1179266 0.1290691 0.1402551 0.1514424 0.1625787 0.1736021 0.1844389 0.1950045 0.2052030 0.2149281 0.2240641 0.2324895 0.2400784 0.2466961 0.2522142 0.2565773 0.2596890 0.2614266 0.2617376 0.2606018 0.2580164 0.2540021 0.2486034 0.2418861 0.2339338
-8.9830548E-02 -9.2510715E-02 -9.4923437E-02 -9.7001210E-02 -9.8676145E-02 -9.9876449E-02 -0.1005350 -0.1005854 -9.9972896E-02 -9.8651230E-02 -9.6598491E-02 -9.3753517E-02 -9.0119176E-02 -8.5733831E-02 -8.0603093E-02 -7.4761264E-02 -6.8247922E-02 -6.1113678E-02 -5.3409688E-02 -4.5190737E-02 -3.6507428E-02 -2.7409580E-02 -1.7940538E-02 -8.1395144E-03 1.9613015E-03 1.2334349E-02 2.2958906E-02 3.3817858E-02 4.4899028E-02 5.6192547E-02 6.7691371E-02 7.9388343E-02 9.1276325E-02 0.1033457 0.1155834 0.1279711 0.1404839 0.1530886 0.1657417 0.1783879 0.1909589 0.2033722 0.2155301 0.2273205 0.2386163 0.2492781 0.2591572 0.2680994 0.2759604 0.2826024 0.2878297 0.2915238 0.2936376 0.2940989 0.2928591 0.2899123 0.2852868 0.2790412 0.2712609 0.2620530
-0.1002104 -0.1035512 -0.1066110 -0.1093107 -0.1115633 -0.1132829 -0.1143808 -0.1147772 -0.1143956 -0.1131736 -0.1110528 -0.1080491 -0.1041451 -9.9319942E-02 -9.3618907E-02 -8.7086767E-02 -7.9782784E-02 -7.1768738E-02 -6.3114375E-02 -5.3886261E-02 -4.4150326E-02 -3.3965323E-02 -2.3384852E-02 -1.2452877E-02 -1.2067670E-03 1.0325358E-02 2.2121962E-02 3.4168709E-02 4.6455789E-02 5.8978457E-02 7.1734264E-02 8.4722400E-02 9.7941399E-02 0.1113881 0.1250551 0.1389292 0.1529895 0.1672051 0.1815331 0.1959157 0.2102789 0.2245306 0.2385589 0.2522322 0.2653988 0.2778895 0.2895212 0.3001003 0.3094191 0.3172771 0.3235606 0.3281143 0.3307621 0.3314199 0.3300546 0.3266664 0.3212952 0.3140198 0.3049522 0.2942310
-0.1118735 -0.1160166 -0.1198732 -0.1233434 -0.1263232 -0.1287009 -0.1303682 -0.1312175 -0.1311571 -0.1301090 -0.1280308 -0.1248424 -0.1205472 -0.1151984 -0.1088192 -0.1014723 -9.3230203E-02 -8.4179819E-02 -7.4407786E-02 -6.4002663E-02 -5.3044464E-02 -4.1607708E-02 -2.9754557E-02 -1.7537683E-02 -4.9971216E-03 7.8365328E-03 2.0943908E-02 3.4312874E-02 4.7939453E-02 6.1824240E-02 7.5972840E-02 9.0391859E-02 0.1050889 0.1200689 0.1353331 0.1508757 0.1666825 0.1827275 0.1989701 0.2153519 0.2317943 0.2481952 0.2644271 0.2803358 0.2957403 0.3104346 0.3241921 0.3367721 0.3479393 0.3574646 0.3650555 0.3705167 0.3737473 0.3746338 0.3731084 0.3691711 0.3628787 0.3543379 0.3436976 0.3311387
-0.1249830 -0.1301046 -0.1349398 -0.1393703 -0.1432632 -0.1464815 -0.1488818 -0.1503302 -0.1506990 -0.1498823 -0.1477881 -0.1444227 -0.1397664 -0.1338073 -0.1266224 -0.1182960 -0.1089343 -9.8647609E-02 -8.7554067E-02 -7.5763866E-02 -6.3381039E-02 -5.0494649E-02 -3.7181232E-02 -2.3499690E-02 -9.4955554E-03 4.8014745E-03 1.9373378E-02 3.4214091E-02 4.9325664E-02 6.4718269E-02 8.0406606E-02 9.6408874E-02 0.1127434 0.1294276 0.1464736 0.1638871 0.1816637 0.1997855 0.2182176 0.2369035 0.2557617 0.2746809 0.2935170 0.3120901 0.3301840 0.3475470 0.3638973 0.3789287 0.3923099 0.4037152 0.4129238 0.4196770 0.4237085 0.4248819 0.4231458 0.4185132 0.4110669 0.4009538 0.3883740 0.3735659
-0.1397227 -0.1460353 -0.1520782 -0.1577038 -0.1627506 -0.1670403 -0.1703930 -0.1726272 -0.1735819 -0.1731201 -0.1711582 -0.1675849 -0.1624050 -0.1557003 -0.1475326 -0.1380208 -0.1273020 -0.1155308 -0.1028578 -8.9429744E-02 -7.5374469E-02 -6.0804401E-02 -4.5808304E-02 -3.0455571E-02 -1.4793373E-02 1.1480588E-03 1.7356599E-02 3.3832464E-02 5.0588652E-02 6.7646146E-02 8.5033655E-02 0.1027830 0.1209284 0.1395020 0.1585325 0.1780404 0.1980360 0.2185141 0.2394498 0.2607929 0.2824618 0.3043382 0.3262610 0.3480222 0.3693635 0.3899771 0.4095107 0.4275771 0.4437822 0.4577334 0.4689671 0.4771490 0.4820802 0.4835783 0.4815503 0.4760194 0.4671063 0.4550166 0.4400216 0.4224388
-0.1562916 -0.1640580 -0.1715894 -0.1787102 -0.1852146 -0.1908805 -0.1954681 -0.1987440 -0.2004827 -0.2004942 -0.1986215 -0.1948479 -0.1891519 -0.1815471 -0.1721753 -0.1612017 -0.1488247 -0.1352475 -0.1206752 -0.1052933 -8.9267023E-02 -7.2731063E-02 -5.5792753E-02 -3.8527995E-02 -2.0987809E-02 -3.1975331E-03 1.4836819E-02 3.3127666E-02 5.1700439E-02 7.0592716E-02 8.9849569E-02 0.1095223 0.1296639 0.1503277 0.1715627 0.1934107 0.2159021 0.2390508 0.2628483 0.2872561 0.3121987 0.3375544 0.3631471 0.3887377 0.4140198 0.4386161 0.4620838 0.4839239 0.5035864 0.5205169 0.5342912 0.5444593 0.5505961 0.5524778 0.5500330 0.5433171 0.5325114 0.5179061 0.4998741 0.4788404
-0.1749084 -0.1844461 -0.1938184 -0.2028088 -0.2111662 -0.2186009 -0.2248057 -0.2294605 -0.2322686 -0.2329727 -0.2314030 -0.2273898 -0.2209425 -0.2122014 -0.2013152 -0.1885209 -0.1740856 -0.1582940 -0.1414134 -0.1236890 -0.1053249 -8.6487874E-02 -6.7300133E-02 -4.7847316E-02 -2.8177904E-02 -8.3120018E-03 1.1757750E-02 3.2057781E-02 5.2633036E-02 7.3540486E-02 9.4848379E-02 0.1166308 0.1389668 0.1619352 0.1856126 0.2100685 0.2353613 0.2615321 0.2885973 0.3165396 0.3452977 0.3747538 0.4047209 0.4349300 0.4650189 0.4945262 0.5228938 0.5494791 0.5735978 0.5945482 0.6115474 0.6239958 0.6315091 0.6337903 0.6307261 0.6224130 0.6091250 0.5912780 0.5693881 0.5440294
-0.1958019 -0.2075008 -0.2191466 -0.2304849 -0.2411995 -0.2509261 -0.2592525 -0.2657545 -0.2700105 -0.2716534 -0.2703878 -0.2661401 -0.2588897 -0.2487179 -0.2359089 -0.2208026 -0.2037871 -0.1852455 -0.1655412 -0.1449863 -0.1238400 -0.1022986 -8.0504037E-02 -5.8543991E-02 -3.6463711E-02 -1.4269061E-02 8.0634663E-03 3.0583099E-02 5.3357854E-02 7.6472051E-02 0.1000212 0.1241102 0.1488487 0.1743493 0.2007232 0.2280766 0.2565053 0.2860884 0.3168792 0.3488942 0.3820996 0.4163936 0.4515882 0.4873878 0.5233712 0.5589754 0.5934941 0.6260867 0.6557958 0.6816243 0.7027366 0.7183067 0.7276181 0.7303047 0.7262977 0.7157850 0.6991883 0.6771103 0.6502727 0.6194530
-0.2192120 -0.2335394 -0.2479978 -0.2622829 -0.2760128 -0.2887156 -0.2998546 -0.3088408 -0.3150950 -0.3180962 -0.3174753 -0.3129380 -0.3045058 -0.2924548 -0.2771391 -0.2590601 -0.2387585 -0.2167731 -0.1935822 -0.1695928 -0.1451197 -0.1203967 -9.5576286E-02 -7.0746981E-02 -4.5938715E-02 -2.1138694E-02 3.7039747E-03 2.8666172E-02 5.3848904E-02 7.9368778E-02 0.1053577 0.1319564 0.1593146 0.1875856 0.2169250 0.2474854 0.2794124 0.3128370 0.3478654 0.3845661 0.4229517 0.4629566 0.5044092 0.5470003 0.5902496 0.6334776 0.6757895 0.7160841 0.7531164 0.7855604 0.8119848 0.8312501 0.8426091 0.8455871 0.8401066 0.8264989 0.8054189 0.7777508 0.7445092 0.7067500
-0.2453714 -0.2628925 -0.2808205 -0.2988130 -0.3164025 -0.3329996 -0.3478853 -0.3602587 -0.3692791 -0.3741736 -0.3743185 -0.3694864 -0.3596683 -0.3451294 -0.3264985 -0.3045195 -0.2799872 -0.2536389 -0.2261194 -0.1979390 -0.1694829 -0.1410106 -0.1126835 -8.4573343E-02 -5.6688137E-02 -2.8980501E-02 -1.3651908E-03 2.6275519E-02 5.4081671E-02 8.2213275E-02 0.1108443 0.1401618 0.1703620 0.2016498 0.2342347 0.2683290 0.3041422 0.3418749 0.3817073 0.4237844 0.4681940 0.5149374 0.5638909 0.6147565 0.6670099 0.7198431 0.7721255 0.8223952 0.8688846 0.9096683 0.9430097 0.9672849 0.9812145 0.9842297 0.9764044 0.9583483 0.9310960 0.8959557 0.8543590 0.8077362
-0.2745005 -0.2958798 -0.3180826 -0.3407280 -0.3632753 -0.3849820 -0.4049123 -0.4219452 -0.4348784 -0.4425548 -0.4440879 -0.4388719 -0.4269628 -0.4089908 -0.3858508 -0.3586792 -0.3286175 -0.2967017 -0.2637717 -0.2304695 -0.1972367 -0.1643555 -0.1319695 -0.1001227 -6.8777338E-02 -3.7840836E-02 -7.1751419E-03 2.3386547E-02 5.4037660E-02 8.4988132E-02 0.1164661 0.1487116 0.1819788 0.2165330 0.2526511 0.2906183 0.3307264 0.3732668 0.4185210 0.4667436 0.5181380 0.5728192 0.6307624 0.6917325 0.7551970 0.8202271 0.8854094 0.9487995 1.007994 1.060280 1.102764 1.133100 1.149809 1.152216 1.140585 1.116005 1.080127 1.034897 0.9823315 0.9243544
-0.3067762 -0.3327938 -0.3602298 -0.3887067 -0.4176124 -0.4460601 -0.4728249 -0.4963694 -0.5149070 -0.5266362 -0.5300300 -0.5243892 -0.5097514 -0.4869487 -0.4575535 -0.4233265 -0.3859635 -0.3468816 -0.3071751 -0.2676046 -0.2286601 -0.1906059 -0.1535465 -0.1174611 -8.2248390E-02 -4.7743611E-02 -1.3743527E-02 1.9987114E-02 5.3703330E-02 8.7679729E-02 0.1222054 0.1575860 0.1941417 0.2322114 0.2721512 0.3143367 0.3591616 0.4070348 0.4583724 0.5135819 0.5730379 0.6370379 0.7057385 0.7790563 0.8565357 0.9371756 1.019248 1.100153 1.176396 1.243867 1.298595 1.337064 1.356876 1.357387 1.339482 1.305158 1.257070 1.198111 1.131097 1.058573
-0.3423168 -0.3738523 -0.4076542 -0.4433872 -0.4804364 -0.5177772 -0.5538854 -0.5866415 -0.6134189 -0.6313570 -0.6379927 -0.6317462 -0.6127884 -0.5828778 -0.5445393 -0.5005741 -0.4534562 -0.4051226 -0.3569194 -0.3097084 -0.2639606 -0.2198793 -0.1774698 -0.1366145 -9.7106375E-02 -5.8688968E-02 -2.1066552E-02 1.6076049E-02 5.3074315E-02 9.0275325E-02 0.1280434 0.1667568 0.2068154 0.2486417 0.2926866 0.3394329 0.3893999 0.4431441 0.5012564 0.5643526 0.6330508 0.7079296 0.7894511 0.8778384 0.9728780 1.073640 1.178118 1.282881 1.382954 1.472104 1.543562 1.591893 1.614177 1.610089 1.581681 1.532574 1.467038 1.389331 1.303299 1.212209
-0.3811357 -0.4191652 -0.4606118 -0.5052967 -0.5526895 -0.6017513 -0.6506719 -0.6966630 -0.7358153 -0.7634354 -0.7749914 -0.7679635 -0.7425976 -0.7018740 -0.6504301 -0.5927844 -0.5325654 -0.4722760 -0.4134791 -0.3570133 -0.3032407 -0.2521965 -0.2037262 -0.1575476 -0.1133158 -7.0641451E-02 -2.9119244E-02 1.1670951E-02 5.2154507E-02 9.2768297E-02 0.1339585 0.1761905 0.2199515 0.2657617 0.3141806 0.3658178 0.4213420 0.4814914 0.5470788 0.6189933 0.6981907 0.7856600 0.8823537 0.9890450 1.106074 1.232910 1.367500 1.505447 1.639333 1.759029 1.853832 1.914918 1.937924 1.923898 1.877703 1.805937 1.715383 1.612128 1.501226 1.386660
-0.4231226 -0.4686621 -0.5191553 -0.5747030 -0.6350789 -0.6994346 -0.7659248 -0.8311024 -0.8893860 -0.9329826 -0.9535090 -0.9451905 -0.9087235 -0.8506761 -0.7794517 -0.7024005 -0.6245660 -0.5489516 -0.4770778 -0.4095565 -0.3464347 -0.2874606 -0.2322040 -0.1801614 -0.1307866 -8.3532438E-02 -3.7848134E-02 6.8034627E-03 5.0959747E-02 9.5153421E-02 0.1399291 0.1858442 0.2334878 0.2834870 0.3365259 0.3933583 0.4548292 0.5218928 0.5956354 0.6772941 0.7682718 0.8701359 0.9845771 1.113292 1.257701 1.418362 1.593879 1.779146 1.963409 2.129709 2.258034 2.333296 2.350959 2.316214 2.239706 2.133168 2.006948 1.869269 1.726305 1.582528
