T3-twomodels/gx/model30.grd
DSAA
         100         100
  -15.00000       15.00000    
  -15.00000       15.00000    
  -8.141233       8.266783    
[rows 26 to 51 of 100, columns 0 to 59 of 100]
-0.3422461 -0.3870245 -0.4378676 -0.4952976 -0.5595669 -0.6303803 -0.7062690 -0.7835865 -0.8548133 -0.9069853 -0.9228922 -0.8897913 -0.8090388 -0.6947852 -0.5633994 -0.4262608 -0.2895650 -0.1560226 -2.6463112E-02 9.9259175E-02 0.2216916 0.3415245 0.4594017 0.5758584 0.6912487 0.8057472 0.9193263 1.031786 1.142763 1.251772 1.358232 1.461503 1.560902 1.655732 1.745271 1.828781 1.905478 1.974511 2.034910 2.085544 2.125044 2.151728 2.163491 2.157711 2.131130 2.079850 1.999525 1.886269 1.738859 1.562749 1.371987 1.184230 1.013069 0.8642066 0.7372472 0.6291924 0.5365928 0.4563516 0.3859207 0.3232505
-0.3847128 -0.4383872 -0.5004407 -0.5720764 -0.6545532 -0.7488113 -0.8549965 -0.9708632 -1.088670 -1.189001 -1.236671 -1.197330 -1.075469 -0.9081731 -0.7272060 -0.5486258 -0.3781709 -0.2169929 -6.4269543E-02 8.1387863E-02 0.2215512 0.3576167 0.4908190 0.6220850 0.7521111 0.8812810 1.009759 1.137444 1.264078 1.389219 1.512351 1.632865 1.750147 1.863549 1.972445 2.076182 2.174101 2.265463 2.349433 2.424977 2.490789 2.545123 2.585620 2.608979 2.610560 2.583722 2.519150 2.404554 2.227601 1.986698 1.706496 1.430527 1.190123 0.9926373 0.8324474 0.7013658 0.5923207 0.4999546 0.4202819 0.3503638
-0.4289942 -0.4922380 -0.5665983 -0.6540335 -0.7573752 -0.8793840 -1.023489 -1.191505 -1.380572 -1.568355 -1.685532 -1.634637 -1.430295 -1.173377 -0.9206938 -0.6885452 -0.4774073 -0.2846071 -0.1061494 6.1075721E-02 0.2202009 0.3733827 0.5227062 0.6694458 0.8148024 0.9593058 1.103433 1.247123 1.390320 1.532579 1.673544 1.812607 1.949323 2.083095 2.213515 2.340059 2.462368 2.579933 2.692333 2.798890 2.898837 2.990906 3.073342 3.143204 3.195907 3.223451 3.211994 3.136229 2.954280 2.625975 2.187766 1.754923 1.404329 1.139084 0.9369811 0.7787572 0.6511341 0.5454961 0.4558878 0.3783210
-0.4744157 -0.5473979 -0.6349833 -0.7389259 -0.8651448 -1.017448 -1.205364 -1.436061 -1.720642 -2.045190 -2.298846 -2.225959 -1.869674 -1.480468 -1.135012 -0.8403326 -0.5831779 -0.3565033 -0.1503725 3.9128263E-02 0.2181932 0.3887793 0.5548806 0.7172867 0.8785355 1.038594 1.198940 1.358948 1.519356 1.679191 1.838779 1.997061 2.154238 2.309373 2.462737 2.613605 2.762396 2.908585 3.052713 3.194345 3.334028 3.471135 3.605839 3.736469 3.861250 3.973675 4.061196 4.088513 3.970501 3.553663 2.854317 2.160133 1.649400 1.298529 1.047560 0.8594066 0.7117015 0.5921865 0.4921153 0.4067800
-0.5200340 -0.6027246 -0.7037627 -0.8242677 -0.9738064 -1.156783 -1.389724 -1.685096 -2.070606 -2.544249 -2.954216 -2.856121 -2.327809 -1.796088 -1.353223 -0.9943902 -0.6901209 -0.4292687 -0.1950484 1.6768929E-02 0.2159963 0.4039682 0.5870011 0.7650491 0.9423184 1.117920 1.294610 1.470946 1.648700 1.826152 2.004519 2.182102 2.359939 2.536581 2.713158 2.888592 3.064257 3.239478 3.415954 3.593385 3.773869 3.957378 4.146386 4.340617 4.541896 4.745919 4.943498 5.091234 5.059501 4.557920 3.568780 2.584064 1.900667 1.460324 1.159096 0.9405279 0.7724519 0.6389902 0.5283468 0.4352621
-0.5647700 -0.6571723 -0.7709160 -0.9076385 -1.078959 -1.290997 -1.564575 -1.917069 -2.384497 -2.965972 -3.470479 -3.357063 -2.719955 -2.080638 -1.556791 -1.140140 -0.7927766 -0.4991633 -0.2383692 -4.6045058E-03 0.2139764 0.4192262 0.6186265 0.8122544 1.005063 1.196114 1.388673 1.581171 1.775755 1.970553 2.167096 2.363561 2.561298 2.758804 2.957566 3.156559 3.357605 3.560218 3.766694 3.977109 4.194380 4.419103 4.654861 4.902200 5.164045 5.435880 5.705841 5.917728 5.904970 5.312033 4.124770 2.942683 2.128500 1.612472 1.266161 1.019132 0.8318078 0.6847866 0.5640063 0.4632204
-0.6078865 -0.7095018 -0.8349372 -0.9865851 -1.177258 -1.414596 -1.721618 -2.118088 -2.641301 -3.284336 -3.832229 -3.711032 -3.019933 -2.314899 -1.733173 -1.270259 -0.8863369 -0.5634332 -0.2784363 -2.4068449E-02 0.2127154 0.4345412 0.6495526 0.8582370 1.065926 1.271896 1.479630 1.687656 1.898246 2.109575 2.323258 2.537510 2.753775 2.970618 3.189655 3.409980 3.633598 3.860194 4.092299 4.330192 4.577025 4.833534 5.103329 5.386611 5.685300 5.992384 6.290650 6.513201 6.476076 5.808744 4.509671 3.217045 2.319401 1.747576 1.364619 1.092905 0.8882883 0.7286988 0.5984369 0.4902800
-0.6487280 -0.7587377 -0.8946198 -1.059348 -1.266453 -1.524447 -1.857200 -2.284850 -2.843197 -3.519511 -4.087134 -3.961393 -3.242872 -2.499402 -1.878861 -1.381386 -0.9680459 -0.6202523 -0.3139461 -4.0927298E-02 0.2126045 0.4498907 0.6795447 0.9024262 1.124142 1.344178 1.566164 1.788736 2.014232 2.240874 2.470308 2.700775 2.933743 3.167811 3.404631 3.643339 3.885981 4.132278 4.384761 4.643671 4.912024 5.190277 5.481506 5.784986 6.101072 6.420229 6.721375 6.932333 6.863773 6.144344 4.780800 3.424835 2.474772 1.863721 1.452498 1.160412 0.9408539 0.7700362 0.6311160 0.5161045
-0.6867789 -0.8042110 -0.9491550 -1.124933 -1.345473 -1.619618 -1.971359 -2.420294 -3.000409 -3.695150 -4.272567 -4.143587 -3.409353 -2.642539 -1.996065 -1.473424 -1.037104 -0.6688179 -0.3442491 -5.4786865E-02 0.2138253 0.4652190 0.7083564 0.9443634 1.179067 1.412106 1.647231 1.883144 2.122231 2.362728 2.606286 2.851136 3.098732 3.347653 3.599528 3.853457 4.111437 4.373107 4.640881 4.914799 5.197594 5.489278 5.792302 6.105036 6.426604 6.745850 7.039764 7.234305 7.139285 6.384516 4.980670 3.585239 2.600880 1.962185 1.529540 1.221070 0.9889324 0.8083358 0.6616772 0.5404219
-0.7216951 -0.8455414 -0.9981389 -1.183009 -1.414222 -1.700668 -2.066099 -2.529414 -3.123124 -3.828387 -4.410552 -4.279059 -3.535170 -2.753331 -2.089134 -1.548132 -1.094068 -0.7091770 -0.3692554 -6.5557800E-02 0.2163755 0.4804215 0.7357538 0.9836944 1.230216 1.475075 1.722095 1.970026 2.221268 2.474055 2.730012 2.987338 3.247440 3.508843 3.773110 4.039263 4.309194 4.582413 4.861155 5.145233 5.437066 5.736270 6.044778 6.360327 6.681281 6.995659 7.279677 7.458802 7.342963 6.563331 5.132993 3.711689 2.703919 2.045334 1.596429 1.274904 1.032334 0.8433563 0.6898969 0.5630407
-0.7533094 -0.8825836 -1.041522 -1.233713 -1.473253 -1.768909 -2.144129 -2.617162 -3.219514 -3.931010 -4.515748 -4.382090 -3.631427 -2.839315 -2.162571 -1.607995 -1.140203 -0.7419558 -0.3892601 -7.3412761E-02 0.2201257 0.4953417 0.7615436 1.020164 1.277278 1.532714 1.790338 2.048920 2.310858 2.574362 2.841019 3.108973 3.379569 3.651258 3.925520 4.201275 4.480299 4.761958 5.048316 5.338976 5.636103 5.939014 6.249291 6.564290 6.881983 7.190037 7.464454 7.630742 7.499313 6.702039 5.252970 3.813359 2.788848 2.115591 1.654214 1.322291 1.071122 0.8750370 0.7156678 0.5838504
-0.7815897 -0.9153896 -1.079492 -1.277500 -1.523445 -1.825949 -2.208140 -2.687787 -3.295692 -4.010882 -4.596644 -4.461142 -3.705735 -2.906265 -2.220356 -1.655540 -1.177054 -0.7680606 -0.4048080 -7.8679487E-02 0.2248479 0.5098078 0.7855631 1.053618 1.320095 1.584864 1.851810 2.119705 2.390925 2.663646 2.939405 3.216288 3.495569 3.775621 4.057829 4.341020 4.626855 4.914574 5.206096 5.500860 5.800846 6.105173 6.415216 6.728126 7.041698 7.343490 7.609490 7.765346 7.621752 6.811267 5.348841 3.896183 2.859392 2.175063 1.704001 1.363759 1.105517 0.9034373 0.7389770 0.6028044
-0.8066174 -0.9441366 -1.112399 -1.314974 -1.565815 -1.873379 -2.260545 -2.744707 -3.356231 -4.073661 -4.659938 -4.522762 -3.763552 -2.958567 -2.265741 -1.693064 -1.206160 -0.7885057 -0.4165439 -8.1778601E-02 0.2302737 0.5236371 0.8076977 1.083980 1.358634 1.631538 1.906582 2.182519 2.461700 2.742258 3.025679 3.309986 3.596383 3.883166 4.171641 4.460542 4.751437 5.043462 5.338424 5.635646 5.936988 6.241446 6.550282 6.860552 7.169997 7.466167 7.725134 7.872733 7.720004 6.899742 5.427116 3.964467 2.918340 2.225490 1.746812 1.399876 1.135812 0.9286941 0.7598711 0.6199065
-0.8285395 -0.9690877 -1.140665 -1.346802 -1.601360 -1.912661 -2.303375 -2.790645 -3.404517 -4.123225 -4.709384 -4.570761 -3.808722 -2.999497 -2.301343 -1.722520 -1.228932 -0.8042680 -0.4251391 -8.3149970E-02 0.2361179 0.5366655 0.8278664 1.111249 1.392961 1.672880 1.954879 2.237690 2.523630 2.810789 3.100600 3.391029 3.683215 3.975388 4.268779 4.562051 4.856692 5.151762 5.448987 5.747612 6.049419 6.353342 6.660585 6.968174 7.273845 7.565191 7.818362 7.959323 7.799250 6.971305 5.491107 4.021043 2.967770 2.268265 1.783537 1.431186 1.162326 0.9509808 0.7784398 0.6351933
-0.8475519 -0.9905396 -1.164744 -1.373638 -1.631011 -1.945062 -2.338316 -2.827718 -3.443123 -4.162571 -4.748587 -4.608642 -3.844147 -3.031565 -2.329215 -1.745535 -1.246593 -0.8162445 -0.4312206 -8.3221778E-02 0.2421140 0.5487459 0.8460283 1.135472 1.423215 1.709116 1.997028 2.285657 2.577284 2.869954 3.165057 3.460501 3.757374 4.053843 4.351085 4.647698 4.945115 5.242336 5.541034 5.840402 6.142182 6.445270 6.750854 7.055958 7.358340 7.645645 7.894115 8.029851 7.864236 7.030485 5.544215 4.068177 3.009268 2.304503 1.814933 1.458185 1.185369 0.9704883 0.7947913 0.6487257
-0.8638647 -1.008806 -1.185071 -1.396093 -1.655586 -1.971665 -2.366729 -2.857599 -3.473979 -4.193769 -4.779325 -4.638254 -3.871912 -3.056660 -2.350979 -1.763418 -1.260175 -0.8252092 -0.4353535 -8.2377627E-02 0.2480190 0.5597600 0.8621681 1.156734 1.449571 1.740521 2.033411 2.326916 2.623282 2.920518 3.219968 3.519499 3.820146 4.120031 4.420282 4.719454 5.018932 5.317677 5.617324 5.917039 6.218537 6.520703 6.824724 7.127635 7.427229 7.711198 7.955851 8.087362 7.917160 7.078693 5.587866 4.107347 3.044039 2.335092 1.841629 1.481304 1.205232 0.9874031 0.8090455 0.6605742
-0.8776935 -1.024180 -1.202056 -1.414706 -1.675796 -1.993358 -2.389717 -2.881586 -3.498584 -4.218529 -4.803769 -4.661683 -3.893667 -3.076248 -2.367895 -1.777230 -1.270522 -0.8318186 -0.4380172 -8.0953538E-02 0.2536301 0.5696147 0.8762968 1.175137 1.472231 1.767392 2.064422 2.361969 2.662247 2.963230 3.266225 3.569059 3.872730 4.175321 4.477922 4.779051 5.080064 5.379891 5.680149 5.979975 6.281087 6.582358 6.884986 7.186028 7.483305 7.764557 8.006155 8.134360 7.960742 7.118714 5.624111 4.139861 3.073022 2.360737 1.864144 1.500915 1.222172 1.001903 0.8213170 0.6708152
-0.8892385 -1.036940 -1.216058 -1.429950 -1.692228 -2.010878 -2.408151 -2.900703 -3.518070 -4.238003 -4.822742 -4.679821 -3.910581 -3.091435 -2.380952 -1.787803 -1.278323 -0.8366092 -0.4396179 -7.9227149E-02 0.2587757 0.5782425 0.8884367 1.190798 1.491395 1.790018 2.090447 2.391302 2.694767 2.998789 3.304642 3.610123 3.916197 4.220917 4.525343 4.827970 5.130126 5.430726 5.731368 6.031185 6.331885 6.632350 6.933787 7.233274 7.528658 7.807719 8.046865 8.172398 7.995884 7.150912 5.653522 4.166526 3.096940 2.382003 1.882904 1.517333 1.236418 1.014145 0.8317174 0.6795220
-0.8986862 -1.047324 -1.227393 -1.442216 -1.705377 -2.024812 -2.422732 -2.915736 -3.533323 -4.253207 -4.837654 -4.693999 -3.923626 -3.103088 -2.390911 -1.795801 -1.284121 -0.8400182 -0.4404800 -7.7428117E-02 0.2633235 0.5855933 0.8986233 1.203827 1.507254 1.808672 2.111838 2.415349 2.721369 3.027815 3.335938 3.643509 3.951468 4.257845 4.563678 4.867439 5.170446 5.471596 5.772479 6.072225 6.372541 6.672315 6.972769 7.270993 7.564865 7.842190 8.079423 8.202917 8.024337 7.177210 5.677472 4.188144 3.116361 2.399336 1.898253 1.530816 1.248159 1.024269 0.8403445 0.6867641
-0.9061927 -1.055541 -1.236319 -1.451833 -1.715632 -2.035630 -2.433996 -2.927302 -3.545001 -4.264772 -4.848803 -4.704585 -3.933455 -3.111845 -2.398361 -1.801727 -1.288347 -0.8423842 -0.4408663 -7.5733848E-02 0.2671670 0.5916365 0.9068921 1.214331 1.519980 1.823593 2.128905 2.434496 2.742508 3.050841 3.360722 3.669906 3.979312 4.286951 4.593847 4.898458 5.202088 5.503627 5.804659 6.104314 6.404299 6.703512 7.003179 7.300413 7.593104 7.869086 8.104830 8.226707 8.046358 7.197446 5.696081 4.205146 3.131718 2.413084 1.910465 1.541575 1.257556 1.032393 0.8472847 0.6926014
-0.9118941 -1.061758 -1.243050 -1.459054 -1.723307 -2.043692 -2.442363 -2.935857 -3.553617 -4.273307 -4.857153 -4.712470 -3.940634 -3.118206 -2.403738 -1.805973 -1.291321 -0.8439740 -0.4409732 -7.4285366E-02 0.2702295 0.5963502 0.9132805 1.222399 1.529722 1.834984 2.141908 2.449058 2.758560 3.068300 3.379492 3.689871 4.000345 4.308912 4.616585 4.921810 5.225884 5.527691 5.828815 6.128383 6.428105 6.726882 7.025954 7.322441 7.614254 7.889237 8.123895 8.244626 8.063154 7.213060 5.710331 4.218034 3.143348 2.423517 1.919754 1.549778 1.264735 1.038614 0.8526080 0.6970879
-0.9158908 -1.066107 -1.247743 -1.464077 -1.728627 -2.049268 -2.448129 -2.941741 -3.559521 -4.279114 -4.862679 -4.717696 -3.945492 -3.122508 -2.407366 -1.808814 -1.293285 -0.8449770 -0.4409507 -7.3181465E-02 0.2724532 0.5997236 0.9178182 1.228108 1.536595 1.843004 2.151049 2.459281 2.769818 3.080532 3.392628 3.703830 4.015039 4.324241 4.632442 4.938082 5.242454 5.544438 5.845613 6.145111 6.444642 6.743112 7.041768 7.337738 7.628939 7.903234 8.137128 8.257026 8.074611 7.223575 5.720068 4.227002 3.151487 2.430833 1.926278 1.555549 1.269795 1.043004 0.8563708 0.7002616
-0.9182605 -1.068679 -1.250515 -1.467037 -1.731759 -2.052541 -2.451511 -2.945183 -3.562975 -4.282530 -4.866058 -4.720867 -3.948327 -3.125003 -2.409457 -1.810447 -1.294400 -0.8455293 -0.4408973 -7.2493687E-02 0.2738024 0.6017492 0.9205317 1.231511 1.540684 1.847770 2.156475 2.465344 2.776489 3.087775 3.400402 3.712087 4.023725 4.333297 4.641805 4.947686 5.252229 5.554311 5.855514 6.154966 6.454383 6.752671 7.051081 7.346744 7.637590 7.911480 8.144942 8.264397 8.081590 7.230125 5.726014 4.232345 3.156309 2.435170 1.930150 1.558978 1.272804 1.045617 0.8586118 0.7021545
-0.9190444 -1.069531 -1.251431 -1.468015 -1.732791 -2.053621 -2.452624 -2.946316 -3.564106 -4.283627 -4.867033 -4.721795 -3.949242 -3.125816 -2.410143 -1.810978 -1.294762 -0.8457037 -0.4408740 -7.2259083E-02 0.2742538 0.6024250 0.9214340 1.232641 1.542041 1.849351 2.158273 2.467354 2.778698 3.090174 3.402975 3.714819 4.026598 4.336292 4.644900 4.950860 5.255459 5.557574 5.858786 6.158222 6.457599 6.755827 7.054155 7.349720 7.640444 7.914203 8.147510 8.266783 8.083713 7.232006 5.727819 4.234081 3.157904 2.436607 1.931433 1.560115 1.273803 1.046485 0.8593569 0.7027832
-0.9182603 -1.068679 -1.250515 -1.467037 -1.731759 -2.052541 -2.451512 -2.945183 -3.562974 -4.282529 -4.866058 -4.720867 -3.948327 -3.125003 -2.409457 -1.810448 -1.294399 -0.8455291 -0.4408969 -7.2493218E-02 0.2738027 0.6017492 0.9205315 1.231511 1.540684 1.847770 2.156475 2.465344 2.776489 3.087776 3.400402 3.712087 4.023725 4.333297 4.641805 4.947686 5.252229 5.554312 5.855515 6.154966 6.454383 6.752671 7.051081 7.346744 7.637588 7.911481 8.144941 8.264398 8.081590 7.230124 5.726013 4.232344 3.156309 2.435170 1.930150 1.558978 1.272804 1.045617 0.8586117 0.7021548
-0.9158911 -1.066107 -1.247743 -1.464077 -1.728628 -2.049269 -2.448130 -2.941742 -3.559521 -4.279114 -4.862679 -4.717695 -3.945492 -3.122508 -2.407366 -1.808815 -1.293285 -0.8449767 -0.4409505 -7.3181562E-02 0.2724530 0.5997233 0.9178182 1.228108 1.536595 1.843004 2.151048 2.459281 2.769817 3.080532 3.392628 3.703830 4.015038 4.324241 4.632441 4.938082 5.242454 5.544438 5.845613 6.145110 6.444641 6.743112 7.041768 7.337738 7.628939 7.903234 8.137127 8.257025 8.074610 7.223575 5.720067 4.227002 3.151488 2.430833 1.926279 1.555550 1.269795 1.043004 0.8563709 0.7002618
