T3-twomodels/gx/model60.grd
DSAA
         100         100
  -15.00000       15.00000    
  -15.00000       15.00000    
  -8.088066       12.20452    
[rows 26 to 51 of 100, columns 0 to 59 of 100]
-0.4285270 -0.4799770 -0.5381097 -0.6035121 -0.6765081 -0.7568809 -0.8432490 -0.9320607 -1.015900 -1.081915 -1.113015 -1.096584 -1.034111 -0.9398797 -0.8303899 -0.7171430 -0.6064388 -0.5010644 -0.4018800 -0.3087118 -0.2209028 -0.1375505 -5.7673361E-02 1.9747624E-02 9.5713787E-02 0.1712204 0.2472358 0.3247228 0.4046299 0.4879094 0.5755079 0.6683745 0.7674436 0.8736271 0.9877793 1.110665 1.242898 1.384874 1.536663 1.697893 1.867565 2.043828 2.223625 2.402195 2.572299 2.723154 2.839169 2.899510 2.881118 2.769462 2.572876 2.322978 2.057699 1.804145 1.574807 1.372565 1.195858 1.041584 0.9064067 0.7872368
-0.4746485 -0.5354072 -0.6052163 -0.6853515 -0.7771523 -0.8816482 -0.9990833 -1.127321 -1.258740 -1.374054 -1.438220 -1.417037 -1.315156 -1.169827 -1.012976 -0.8608226 -0.7192470 -0.5895174 -0.4708831 -0.3619660 -0.2611161 -0.1667494 -7.7303752E-02 8.6382031E-03 9.2448249E-02 0.1753832 0.2586830 0.3435155 0.4310651 0.5224813 0.6189528 0.7216532 0.8317984 0.9505841 1.079218 1.218839 1.370523 1.535173 1.713480 1.905768 2.111895 2.330981 2.561120 2.798734 3.037581 3.266732 3.467196 3.606629 3.636717 3.509030 3.222207 2.843806 2.456464 2.106596 1.806270 1.552314 1.337489 1.154588 0.9974511 0.8611031
-0.5225780 -0.5933228 -0.6759080 -0.7723760 -0.8856446 -1.018579 -1.174713 -1.355992 -1.559686 -1.763613 -1.898612 -1.867396 -1.684772 -1.451813 -1.225526 -1.022412 -0.8431285 -0.6851679 -0.5446460 -0.4185107 -0.3035837 -0.1975563 -9.8025449E-02 -3.2327371E-03 8.8728175E-02 0.1792988 0.2701129 0.3624686 0.4578877 0.5576511 0.6632818 0.7761242 0.8977684 1.029656 1.173454 1.330666 1.502966 1.691806 1.898714 2.124875 2.371418 2.638910 2.927563 3.236372 3.562707 3.899540 4.230860 4.517878 4.674510 4.561460 4.125161 3.520207 2.937923 2.452616 2.061794 1.746175 1.487824 1.273222 1.092244 0.9375584
-0.5716240 -0.6525235 -0.7488045 -0.8623148 -0.9990669 -1.162986 -1.363716 -1.608572 -1.908803 -2.250668 -2.523484 -2.471811 -2.139004 -1.775775 -1.459026 -1.196029 -0.9737531 -0.7853701 -0.6210966 -0.4771268 -0.3472565 -0.2294143 -0.1193029 -1.5657488E-02 8.4790304E-02 0.1829549 0.2815486 0.3813888 0.4849227 0.5930297 0.7080843 0.8311329 0.9646096 1.109785 1.269225 1.444425 1.638104 1.851930 2.088766 2.350396 2.639884 2.959170 3.311759 3.699848 4.127377 4.594892 5.099602 5.611002 6.016103 5.996067 5.327779 4.351507 3.486884 2.829735 2.332984 1.948793 1.643270 1.395138 1.189080 1.015474
-0.6208246 -0.7118471 -0.8220502 -0.9526550 -1.113332 -1.308612 -1.555152 -1.865578 -2.267759 -2.759887 -3.190355 -3.115010 -2.611936 -2.108212 -1.696368 -1.371870 -1.105512 -0.8864112 -0.6979820 -0.5361508 -0.3911329 -0.2615170 -0.1406993 -2.8258981E-02 8.0764435E-02 0.1864643 0.2929075 0.4001800 0.5118898 0.6282976 0.7528374 0.8860649 1.031445 1.189903 1.365081 1.558304 1.773506 2.012424 2.279433 2.576778 2.909673 3.281321 3.698848 4.167655 4.699002 5.301672 5.988817 6.742567 7.429743 7.528094 6.605560 5.218065 4.049383 3.212541 2.606796 2.152775 1.799407 1.517455 1.286087 1.093497
-0.6690835 -0.7702283 -0.8935997 -1.040949 -1.224004 -1.449028 -1.736980 -2.105415 -2.590525 -3.191645 -3.717978 -3.628832 -3.018704 -2.409384 -1.918845 -1.539152 -1.232693 -0.9842486 -0.7731254 -0.5937400 -0.4343067 -0.2929350 -0.1618665 -4.0565968E-02 7.6701470E-02 0.1900162 0.3040363 0.4188074 0.5384440 0.6631877 0.7969571 0.9403471 1.097335 1.268975 1.459502 1.670503 1.906650 2.170145 2.466365 2.798367 3.172875 3.594589 4.073215 4.617121 5.242405 5.963485 6.800553 7.734697 8.595991 8.736329 7.631613 5.960950 4.561079 3.572610 2.869256 2.350292 1.951689 1.637157 1.381397 1.170194
-0.7156454 -0.8264053 -0.9619241 -1.124716 -1.327711 -1.578703 -1.900860 -2.314141 -2.856030 -3.519845 -4.090862 -3.995427 -3.333010 -2.659926 -2.113745 -1.690346 -1.350245 -1.075832 -0.8442740 -0.6485392 -0.4756778 -0.3230532 -0.1822570 -5.2342333E-02 7.2834134E-02 0.1936128 0.3149473 0.4370838 0.5643923 0.6973069 0.8400068 0.9933098 1.161495 1.345906 1.551157 1.779223 2.035282 2.322080 2.645688 3.009951 3.422603 3.889531 4.421965 5.030019 5.731740 6.542818 7.481895 8.519172 9.453405 9.585162 8.370282 6.538898 4.991477 3.891931 3.109828 2.535062 2.096098 1.751663 1.473187 1.244355
-0.7598371 -0.8793836 -1.025793 -1.202169 -1.422168 -1.694467 -2.043098 -2.488404 -3.066391 -3.764590 -4.356599 -4.258061 -3.569874 -2.860241 -2.277401 -1.821901 -1.455186 -1.159065 -0.9097958 -0.6994614 -0.5143842 -0.3513331 -0.2014353 -6.3361578E-02 6.9337480E-02 0.1972714 0.3256218 0.4548519 0.5895332 0.7303085 0.8815666 1.044355 1.223201 1.419726 1.638852 1.882908 2.157466 2.465718 2.814240 3.207439 3.653670 4.159478 4.736728 5.395980 6.155153 7.028372 8.029582 9.118616 10.07685 10.18740 8.905261 6.981409 5.342078 4.165416 3.323387 2.703195 2.229798 1.858979 1.559988 1.314940
-0.8011252 -0.9284731 -1.084374 -1.272288 -1.506276 -1.795355 -2.163689 -2.631095 -3.231782 -3.949468 -4.552483 -4.452090 -3.749770 -3.018595 -2.411878 -1.933551 -1.546510 -1.232901 -0.9687552 -0.7457725 -0.5498432 -0.3773561 -0.2190909 -7.3433086E-02 6.6326328E-02 0.2010130 0.3360157 0.4719810 0.6136684 0.7618991 0.9212547 1.092981 1.281824 1.489637 1.721604 1.980330 2.271692 2.599202 2.969769 3.388125 3.862915 4.400883 5.013890 5.712101 6.512305 7.426217 8.463403 9.576939 10.54026 10.63091 9.305319 7.324248 5.625757 4.395766 3.509181 2.853122 2.351239 1.957813 1.640763 1.381150
-0.8391486 -0.9732757 -1.137243 -1.334716 -1.579908 -1.881891 -2.264600 -2.747168 -3.362336 -4.091557 -4.700472 -4.598879 -3.888400 -3.143903 -2.521397 -2.026903 -1.624600 -1.297183 -1.020823 -0.7871066 -0.5817341 -0.4008563 -0.2350315 -8.2424685E-02 6.3863911E-02 0.2048447 0.3460726 0.4883594 0.6366190 0.7918339 0.9587491 1.138783 1.336859 1.555028 1.798672 2.070611 2.376934 2.721359 3.110976 3.550654 4.049080 4.612891 5.253585 5.980571 6.809280 7.749252 8.806918 9.931520 10.89282 10.96681 9.612084 7.593972 5.855987 4.588546 3.668941 2.984950 2.459940 2.047524 1.714894 1.442439
-0.8737251 -1.013627 -1.184328 -1.389568 -1.643591 -1.955357 -2.348506 -2.841529 -3.466179 -4.202588 -4.815161 -4.712637 -3.996785 -3.243606 -2.610352 -2.104319 -1.690578 -1.352376 -1.066110 -0.8234262 -0.6099521 -0.4217276 -0.2491619 -9.0278223E-02 6.1976098E-02 0.2087491 0.3557376 0.5038831 0.6582375 0.8199152 0.9938003 1.181451 1.387943 1.615471 1.869574 2.153218 2.472630 2.831640 3.237408 3.694798 4.212393 4.796556 5.458292 6.206197 7.054502 8.011098 9.080425 10.20966 11.16714 11.22848 9.853189 7.809420 6.043942 4.749650 3.805416 3.099757 2.556153 2.128000 1.782120 1.498512
-0.9048071 -1.049564 -1.225799 -1.437276 -1.698180 -2.017333 -2.418062 -2.918391 -3.549382 -4.290377 -4.904987 -4.801764 -4.082468 -3.323397 -2.682635 -2.168225 -1.745881 -1.399263 -1.105027 -0.8549150 -0.6345717 -0.4399831 -0.2614827 -9.6989289E-02 6.0648706E-02 0.2126940 0.3649476 0.5184653 0.6784043 0.8459936 1.026227 1.220780 1.434839 1.670716 1.934056 2.227923 2.558618 2.930015 3.349266 3.821153 4.354071 4.954062 5.631627 6.394654 7.256426 8.223708 9.299696 10.43048 11.38364 11.43488 10.04495 7.983313 6.198272 4.884345 3.921560 3.199061 2.640577 2.199484 1.842454 1.549268
-0.9324620 -1.081245 -1.261989 -1.478424 -1.744668 -2.069382 -2.475656 -2.981146 -3.616484 -4.360542 -4.976600 -4.872759 -4.150850 -3.387604 -2.741432 -2.220848 -1.791966 -1.438777 -1.138137 -0.8819117 -0.6557840 -0.4557365 -0.2720574 -0.1026083 5.9841063E-02 0.2166300 0.3736469 0.5320318 0.6970327 0.8699656 1.055916 1.256647 1.477432 1.720665 1.992064 2.294747 2.635049 3.016838 3.447213 3.930834 4.475887 5.088096 5.777525 6.551489 7.422585 8.396811 9.476641 10.60758 11.55703 11.60082 10.19996 8.125032 6.325589 4.997045 4.020137 3.284504 2.714122 2.262444 1.896098 1.594764
-0.9568242 -1.108921 -1.293301 -1.513662 -1.784032 -2.112946 -2.523292 -3.032481 -3.670836 -4.416927 -5.033720 -4.929391 -4.205730 -3.439456 -2.789311 -2.264090 -1.830201 -1.471849 -1.166069 -0.9048244 -0.6738583 -0.4691592 -0.2810051 -0.1072153 5.9485111E-02 0.2204992 0.3817750 0.5445235 0.7140585 0.8917691 1.082808 1.289006 1.515701 1.765344 2.043693 2.353897 2.702291 3.092711 3.532180 4.025225 4.579829 5.201441 5.899762 6.681674 7.559288 8.538102 9.620140 10.75060 11.69668 11.73442 10.32553 8.241026 6.430924 5.091347 4.103592 3.357664 2.777767 2.317455 1.943373 1.635156
-0.9780780 -1.132876 -1.320177 -1.543626 -1.817187 -2.149273 -2.562636 -3.074494 -3.714988 -4.462501 -5.079917 -4.975130 -4.249980 -3.481429 -2.828290 -2.299547 -1.861776 -1.499358 -1.189444 -0.9240930 -0.6890940 -0.4804632 -0.2884693 -0.1109183 5.9504014E-02 0.2242371 0.3892809 0.5558937 0.7294451 0.9113750 1.106892 1.317874 1.549704 1.804867 2.089150 2.405704 2.760850 3.158379 3.605228 4.105796 4.667892 5.296730 6.001733 6.789458 7.671681 8.653571 9.736885 10.86666 11.81015 11.84349 10.42839 8.336402 6.518166 5.170160 4.174006 3.419981 2.832471 2.365136 1.984659 1.670669
-0.9964228 -1.153410 -1.343038 -1.568915 -1.844933 -2.179428 -2.595028 -3.108837 -3.750846 -4.499312 -5.116951 -5.011803 -4.285660 -3.515389 -2.859975 -2.328516 -1.887723 -1.522083 -1.208849 -0.9401429 -0.7018052 -0.4898695 -0.2946148 -0.1138325 5.9808515E-02 0.2277805 0.3961142 0.5661086 0.7431711 0.9287836 1.128190 1.343308 1.579547 1.839415 2.128707 2.450571 2.811300 3.214635 3.667433 4.173980 4.741933 5.376326 6.086362 6.878373 7.763890 8.747875 9.831914 10.96095 11.90215 11.93181 10.51209 8.414673 6.590304 5.235817 4.233127 3.472718 2.879122 2.406090 2.020355 1.701556
-1.012065 -1.170808 -1.362283 -1.590055 -1.867968 -2.204283 -2.621557 -3.136790 -3.779896 -4.529052 -5.146974 -5.041478 -4.314404 -3.542794 -2.885617 -2.352056 -1.908894 -1.540705 -1.224803 -0.9533735 -0.7122855 -0.4976005 -0.2996017 -0.1160798 6.0313523E-02 0.2310649 0.4022336 0.5751433 0.7552336 0.9440125 1.146755 1.365397 1.605374 1.869200 2.162673 2.488928 2.854228 3.262265 3.719825 4.231097 4.803616 5.442272 6.156113 6.951293 7.839191 8.824619 9.909071 11.03743 11.97699 12.00405 10.58067 8.478834 6.649685 5.290188 4.282401 3.516959 2.918509 2.440881 2.050852 1.728082
-1.025198 -1.185339 -1.378262 -1.607507 -1.886870 -2.224565 -2.643082 -3.159366 -3.803253 -4.552858 -5.170794 -5.065036 -4.337377 -3.564741 -2.906210 -2.371010 -1.925997 -1.555792 -1.237766 -0.9641359 -0.7208099 -0.5038617 -0.3035868 -0.1177717 6.0933411E-02 0.2340335 0.4076020 0.5829839 0.7656382 0.9570954 1.162646 1.384248 1.627341 1.894448 2.191362 2.521200 2.890198 3.302003 3.763338 4.278316 4.854374 5.496294 6.213005 7.010542 7.900167 8.886605 9.971276 11.09904 12.03711 12.06191 10.63584 8.530875 6.698125 5.334764 4.323011 3.553618 2.951322 2.470014 2.076514 1.750502
-1.036000 -1.197234 -1.391284 -1.621657 -1.902123 -2.240851 -2.660293 -3.177340 -3.821796 -4.571740 -5.189816 -5.083805 -4.355542 -3.582100 -2.922516 -2.386057 -1.939602 -1.567822 -1.248116 -0.9727394 -0.7276151 -0.5088387 -0.3067086 -0.1190173 6.1593674E-02 0.2366335 0.4121903 0.5896208 0.7743996 0.9680703 1.175938 1.399968 1.645609 1.915382 2.215073 2.547784 2.919724 3.334502 3.798791 4.316640 4.895415 5.539814 6.258677 7.057959 7.948843 8.935987 10.02078 11.14806 12.08515 12.10845 10.68021 8.572623 6.737058 5.370726 4.355916 3.583454 2.978144 2.493931 2.097665 1.769051
-1.044623 -1.206695 -1.401597 -1.632823 -1.914108 -2.253603 -2.673718 -3.191321 -3.836172 -4.586321 -5.204331 -5.098146 -4.369557 -3.595514 -2.935138 -2.397716 -1.950166 -1.577174 -1.256175 -0.9794374 -0.7329084 -0.5126899 -0.3090922 -0.1199062 6.2226225E-02 0.2388218 0.4159742 0.5950508 0.7815341 0.9769797 1.186700 1.412666 1.660327 1.932206 2.234079 2.569034 2.943255 3.360325 3.826873 4.346903 4.927722 5.573973 6.294429 7.094988 7.986775 8.974415 10.05926 11.18614 12.12231 12.14426 10.71451 8.605184 6.767570 5.399006 4.381879 3.607078 2.999457 2.513000 2.114586 1.783935
-1.051196 -1.213884 -1.409413 -1.641255 -1.923135 -2.263174 -2.683771 -3.201760 -3.846892 -4.597203 -5.215301 -5.108952 -4.379985 -3.605488 -2.944524 -2.406399 -1.958037 -1.584153 -1.262190 -0.9844394 -0.7368540 -0.5155501 -0.3108390 -0.1205168 6.2777288E-02 0.2405612 0.4189350 0.5992712 0.7870607 0.9838622 1.194995 1.422433 1.671629 1.945098 2.248611 2.585244 2.961167 3.379932 3.848145 4.369770 4.952077 5.599663 6.321263 7.122730 8.015158 9.003133 10.08800 11.21460 12.15025 12.17144 10.74048 8.629675 6.790510 5.420316 4.401493 3.624974 3.015646 2.527524 2.127506 1.795328
-1.055819 -1.218931 -1.414884 -1.647146 -1.929424 -2.269832 -2.690746 -3.208993 -3.854302 -4.604691 -5.222702 -5.116263 -4.387164 -3.612365 -2.951007 -2.412397 -1.963481 -1.588981 -1.266355 -0.9878994 -0.7395817 -0.5175188 -0.3120294 -0.1209090 6.3201368E-02 0.2418235 0.4210589 0.6022849 0.7909946 0.9887527 1.200879 1.429352 1.679620 1.954200 2.258855 2.596654 2.973750 3.393683 3.863035 4.385748 4.969065 5.617555 6.339923 7.141996 8.034843 9.023040 10.10791 11.23429 12.16945 12.18990 10.75823 8.646632 6.806475 5.435176 4.415199 3.637504 3.027005 2.537734 2.136607 1.803367
-1.058564 -1.221922 -1.418124 -1.650627 -1.933138 -2.273755 -2.694852 -3.213244 -3.858659 -4.609114 -5.227202 -5.120685 -4.391389 -3.616404 -2.954808 -2.415918 -1.966676 -1.591817 -1.268800 -0.9899328 -0.7411814 -0.5186715 -0.3127201 -0.1211274 6.3468985E-02 0.2425886 0.4223372 0.6040917 0.7933496 0.9916757 1.204393 1.433478 1.684383 1.959619 2.264947 2.603430 2.981216 3.401831 3.871849 4.395195 4.979098 5.628109 6.350921 7.153340 8.046429 9.034748 10.11962 11.24589 12.18089 12.20112 10.76894 8.656687 6.815897 5.443953 4.423303 3.644922 3.033739 2.543795 2.142016 1.808151
-1.059474 -1.222914 -1.419196 -1.651780 -1.934364 -2.275052 -2.696207 -3.214648 -3.860091 -4.610547 -5.228552 -5.122029 -4.392767 -3.617731 -2.956062 -2.417077 -1.967732 -1.592751 -1.269607 -0.9906024 -0.7417092 -0.5190503 -0.3129479 -0.1211968 6.3559271E-02 0.2428454 0.4227632 0.6046942 0.7941334 0.9926487 1.205562 1.434850 1.685965 1.961417 2.266968 2.605678 2.983690 3.404531 3.874767 4.398320 4.982415 5.631597 6.354553 7.157087 8.050252 9.038612 10.12348 11.24970 12.18454 12.20452 10.77226 8.659956 6.819007 5.446855 4.425985 3.647379 3.035970 2.545804 2.143810 1.809739
-1.058565 -1.221922 -1.418124 -1.650627 -1.933138 -2.273755 -2.694853 -3.213244 -3.858659 -4.609113 -5.227202 -5.120685 -4.391388 -3.616404 -2.954808 -2.415918 -1.966677 -1.591817 -1.268800 -0.9899328 -0.7411815 -0.5186714 -0.3127207 -0.1211274 6.3468471E-02 0.2425884 0.4223369 0.6040916 0.7933496 0.9916759 1.204393 1.433479 1.684383 1.959618 2.264946 2.603430 2.981216 3.401831 3.871849 4.395195 4.979098 5.628109 6.350920 7.153341 8.046429 9.034747 10.11962 11.24589 12.18089 12.20112 10.76894 8.656687 6.815899 5.443953 4.423303 3.644923 3.033739 2.543795 2.142015 1.808151
-1.055819 -1.218931 -1.414884 -1.647146 -1.929425 -2.269833 -2.690746 -3.208993 -3.854301 -4.604690 -5.222702 -5.116262 -4.387163 -3.612365 -2.951008 -2.412397 -1.963482 -1.588981 -1.266354 -0.9878994 -0.7395817 -0.5175189 -0.3120297 -0.1209090 6.3201085E-02 0.2418236 0.4210590 0.6022850 0.7909946 0.9887531 1.200880 1.429353 1.679621 1.954200 2.258855 2.596653 2.973750 3.393683 3.863034 4.385748 4.969065 5.617555 6.339922 7.141997 8.034843 9.023041 10.10791 11.23429 12.16945 12.18990 10.75823 8.646631 6.806475 5.435177 4.415199 3.637505 3.027005 2.537734 2.136607 1.803367
