T6-multimodels/GL2.grd
DSAA
         100         100
  -15.00000       15.00000    
  -15.00000       15.00000    
 -4.9908263E-05  1.7845465E-02
[rows 0 to 21 of 100, columns 50 to 99 of 100]
2.4334622E-04 2.4641783E-04 2.4936628E-04 2.5217983E-04 2.5484757E-04 2.5735967E-04 2.5970675E-04 2.6188054E-04 2.6387323E-04 2.6567798E-04 2.6728862E-04 2.6869963E-04 2.6990636E-04 2.7090494E-04 2.7169203E-04 2.7226523E-04 2.7262256E-04 2.7276296E-04 2.7268589E-04 2.7239151E-04 2.7188068E-04 2.7115489E-04 2.7021641E-04 2.6906832E-04 2.6771415E-04 2.6615837E-04 2.6440615E-04 2.6246329E-04 2.6033650E-04 2.5803337E-04 2.5556202E-04 2.5293150E-04 2.5015141E-04 2.4723209E-04 2.4418466E-04 2.4102094E-04 2.3775321E-04 2.3439449E-04 2.3096094E-04 2.2746771E-04 2.2391642E-04 2.2031921E-04 2.1669324E-04 2.1305105E-04 2.0940490E-04 2.0576584E-04 2.0214455E-04 1.9855055E-04 1.9499277E-04 1.9147932E-04
2.5424271E-04 2.5763869E-04 2.6089788E-04 2.6400801E-04 2.6695727E-04 2.6973427E-04 2.7232885E-04 2.7473152E-04 2.7693398E-04 2.7892840E-04 2.8070807E-04 2.8226705E-04 2.8360018E-04 2.8470324E-04 2.8557275E-04 2.8620593E-04 2.8660090E-04 2.8675632E-04 2.8667165E-04 2.8634712E-04 2.8578358E-04 2.8498264E-04 2.8394678E-04 2.8267922E-04 2.8118389E-04 2.7946557E-04 2.7752982E-04 2.7538309E-04 2.7303278E-04 2.7048707E-04 2.6775524E-04 2.6484724E-04 2.6177388E-04 2.5854688E-04 2.5517869E-04 2.5168271E-04 2.4807279E-04 2.4436289E-04 2.4056379E-04 2.3668740E-04 2.3276010E-04 2.2879682E-04 2.2480675E-04 2.2080338E-04 2.1679989E-04 2.1280923E-04 2.0884303E-04 2.0491224E-04 2.0102655E-04 1.9719506E-04
2.6608177E-04 2.6984117E-04 2.7345083E-04 2.7689591E-04 2.8016261E-04 2.8323845E-04 2.8611184E-04 2.8877243E-04 2.9121074E-04 2.9341844E-04 2.9538808E-04 2.9711318E-04 2.9858819E-04 2.9980848E-04 3.0077036E-04 3.0147089E-04 3.0190803E-04 3.0208036E-04 3.0198728E-04 3.0162907E-04 3.0100657E-04 3.0012155E-04 2.9897661E-04 2.9757523E-04 2.9592152E-04 2.9402069E-04 2.9187879E-04 2.8950284E-04 2.8690087E-04 2.8408211E-04 2.8105662E-04 2.7783561E-04 2.7443128E-04 2.7085672E-04 2.6712619E-04 2.6325477E-04 2.5925832E-04 2.5515366E-04 2.5096108E-04 2.4670004E-04 2.4237504E-04 2.3800215E-04 2.3360271E-04 2.2919291E-04 2.2478845E-04 2.2040353E-04 2.1605162E-04 2.1174469E-04 2.0749378E-04 2.0330871E-04
2.7917969E-04 2.8335390E-04 2.8736095E-04 2.9118493E-04 2.9481074E-04 2.9822419E-04 3.0141245E-04 3.0436381E-04 3.0706814E-04 3.0951598E-04 3.1169929E-04 3.1361109E-04 3.1524542E-04 3.1659738E-04 3.1766295E-04 3.1843910E-04 3.1892356E-04 3.1911494E-04 3.1901250E-04 3.1861663E-04 3.1792815E-04 3.1694892E-04 3.1568171E-04 3.1413013E-04 3.1229859E-04 3.1019264E-04 3.0781879E-04 3.0518472E-04 3.0229913E-04 2.9917213E-04 2.9581500E-04 2.9224012E-04 2.8846128E-04 2.8449326E-04 2.8035216E-04 2.7605522E-04 2.7162046E-04 2.6706621E-04 2.6240741E-04 2.5766043E-04 2.5285754E-04 2.4801833E-04 2.4315581E-04 2.3828793E-04 2.3343170E-04 2.2860381E-04 2.2381905E-04 2.1909123E-04 2.1443241E-04 2.0985366E-04
2.9349673E-04 2.9813906E-04 3.0259686E-04 3.0685106E-04 3.1088400E-04 3.1467999E-04 3.1822445E-04 3.2150472E-04 3.2450922E-04 3.2722802E-04 3.2965216E-04 3.3177424E-04 3.3358781E-04 3.3508783E-04 3.3626996E-04 3.3713106E-04 3.3766875E-04 3.3788153E-04 3.3776884E-04 3.3733077E-04 3.3656840E-04 3.3548361E-04 3.3407917E-04 3.3235888E-04 3.3032740E-04 3.2799056E-04 3.2535533E-04 3.2242993E-04 3.1922388E-04 3.1574830E-04 3.1201559E-04 3.0803963E-04 3.0383575E-04 2.9942088E-04 2.9481322E-04 2.9003242E-04 2.8509926E-04 2.8003575E-04 2.7486825E-04 2.6962187E-04 2.6430536E-04 2.5894021E-04 2.5355359E-04 2.4816697E-04 2.4280058E-04 2.3747304E-04 2.3220156E-04 2.2700128E-04 2.2188593E-04 2.1686748E-04
3.0941702E-04 3.1459652E-04 3.1956850E-04 3.2431216E-04 3.2880818E-04 3.3303851E-04 3.3698717E-04 3.4063988E-04 3.4398408E-04 3.4700893E-04 3.4970496E-04 3.5206397E-04 3.5407947E-04 3.5574593E-04 3.5705921E-04 3.5801571E-04 3.5861324E-04 3.5885023E-04 3.5872601E-04 3.5824074E-04 3.5739553E-04 3.5619215E-04 3.5463358E-04 3.5272355E-04 3.5046690E-04 3.4786982E-04 3.4493962E-04 3.4168496E-04 3.3811634E-04 3.3424562E-04 3.3008665E-04 3.2565487E-04 3.2096746E-04 3.1604353E-04 3.1090397E-04 3.0557116E-04 3.0006890E-04 2.9442180E-04 2.8865092E-04 2.8277896E-04 2.7684600E-04 2.7087831E-04 2.6489486E-04 2.5891938E-04 2.5297454E-04 2.4708209E-04 2.4126124E-04 2.3552940E-04 2.2990159E-04 2.2439130E-04
3.2693718E-04 3.3272748E-04 3.3828645E-04 3.4358914E-04 3.4861302E-04 3.5333796E-04 3.5774597E-04 3.6182153E-04 3.6555075E-04 3.6892208E-04 3.7192513E-04 3.7455172E-04 3.7679489E-04 3.7864901E-04 3.8010970E-04 3.8117374E-04 3.8183859E-04 3.8210291E-04 3.8196586E-04 3.8142779E-04 3.8048960E-04 3.7915309E-04 3.7742109E-04 3.7529759E-04 3.7278724E-04 3.6989653E-04 3.6663274E-04 3.6300538E-04 3.5902549E-04 3.5470605E-04 3.5006204E-04 3.4511081E-04 3.3987162E-04 3.3436608E-04 3.2861793E-04 3.2265310E-04 3.1649918E-04 3.1018563E-04 3.0374719E-04 2.9721737E-04 2.9061129E-04 2.8395833E-04 2.7729402E-04 2.7064711E-04 2.6404462E-04 2.5751098E-04 2.5106847E-04 2.4473653E-04 2.3853226E-04 2.3247022E-04
3.4653637E-04 3.5303223E-04 3.5926525E-04 3.6520814E-04 3.7083577E-04 3.7612530E-04 3.8105701E-04 3.8561350E-04 3.8978003E-04 3.9354395E-04 3.9689467E-04 3.9982350E-04 4.0232355E-04 4.0438911E-04 4.0601601E-04 4.0720095E-04 4.0794167E-04 4.0823675E-04 4.0808556E-04 4.0748826E-04 4.0644570E-04 4.0495966E-04 4.0303273E-04 4.0066862E-04 3.9787203E-04 3.9464928E-04 3.9100807E-04 3.8695798E-04 3.8251074E-04 3.7768035E-04 3.7248319E-04 3.6693824E-04 3.6106730E-04 3.5489479E-04 3.4844788E-04 3.4175656E-04 3.3485255E-04 3.2776938E-04 3.2053716E-04 3.1318789E-04 3.0577317E-04 2.9832911E-04 2.9088321E-04 2.8346811E-04 2.7611433E-04 2.6885050E-04 2.6170185E-04 2.5469059E-04 2.4783565E-04 2.4115313E-04
3.6827428E-04 3.7557949E-04 3.8258781E-04 3.8926673E-04 3.9558695E-04 4.0152317E-04 4.0705319E-04 4.1215814E-04 4.1682218E-04 4.2103202E-04 4.2477675E-04 4.2804764E-04 4.3083788E-04 4.3314206E-04 4.3495622E-04 4.3627754E-04 4.3710374E-04 4.3743369E-04 4.3726678E-04 4.3660318E-04 4.3544354E-04 4.3378939E-04 4.3164301E-04 4.2900772E-04 4.2588796E-04 4.2228971E-04 4.1822056E-04 4.1369034E-04 4.0871106E-04 4.0329766E-04 3.9746772E-04 3.9124233E-04 3.8464574E-04 3.7770573E-04 3.7045343E-04 3.6292340E-04 3.5515308E-04 3.4718274E-04 3.3905933E-04 3.3082877E-04 3.2251648E-04 3.1416377E-04 3.0581839E-04 2.9751990E-04 2.8930488E-04 2.8120598E-04 2.7325260E-04 2.6546960E-04 2.5787839E-04 2.5049623E-04
3.9276693E-04 4.0101382E-04 4.0891941E-04 4.1644723E-04 4.2356492E-04 4.3024358E-04 4.3645903E-04 4.4219059E-04 4.4742171E-04 4.5213851E-04 4.5633034E-04 4.5998843E-04 4.6310667E-04 4.6568018E-04 4.6770557E-04 4.6918032E-04 4.7010288E-04 4.7047227E-04 4.7028795E-04 4.6954997E-04 4.6825892E-04 4.6641575E-04 4.6402228E-04 4.6108119E-04 4.5759618E-04 4.5357272E-04 4.4901785E-04 4.4394119E-04 4.3835500E-04 4.3227457E-04 4.2571904E-04 4.1871122E-04 4.1127813E-04 4.0345133E-04 3.9526666E-04 3.8676418E-04 3.7798754E-04 3.6898343E-04 3.5979549E-04 3.5047019E-04 3.4107652E-04 3.3166539E-04 3.2227786E-04 3.1295940E-04 3.0375208E-04 2.9469456E-04 2.8582025E-04 2.7715770E-04 2.6873039E-04 2.6055743E-04
4.2018128E-04 4.2951907E-04 4.3846542E-04 4.4697695E-04 4.5501560E-04 4.6254977E-04 4.6955238E-04 4.7600185E-04 4.8188047E-04 4.8717478E-04 4.9187423E-04 4.9597136E-04 4.9946056E-04 5.0233817E-04 5.0460163E-04 5.0624943E-04 5.0728058E-04 5.0769449E-04 5.0749083E-04 5.0666969E-04 5.0523109E-04 5.0317548E-04 5.0050369E-04 4.9721752E-04 4.9331959E-04 4.8881408E-04 4.8370718E-04 4.7800780E-04 4.7172775E-04 4.6488270E-04 4.5749248E-04 4.4958189E-04 4.4118112E-04 4.3232550E-04 4.2305642E-04 4.1342064E-04 4.0346992E-04 3.9326097E-04 3.8285914E-04 3.7232964E-04 3.6171463E-04 3.5107395E-04 3.4047422E-04 3.2997117E-04 3.1961573E-04 3.0945244E-04 2.9952021E-04 2.8985128E-04 2.8047198E-04 2.7140227E-04
4.5133883E-04 4.6195762E-04 4.7211899E-04 4.8177427E-04 4.9088121E-04 4.9940380E-04 5.0731329E-04 5.1458651E-04 5.2120618E-04 5.2715896E-04 5.3243595E-04 5.3703075E-04 5.4093974E-04 5.4416066E-04 5.4669270E-04 5.4853538E-04 5.4968894E-04 5.5015314E-04 5.4992823E-04 5.4901396E-04 5.4740987E-04 5.4511550E-04 5.4213055E-04 5.3845503E-04 5.3408998E-04 5.2903785E-04 5.2330311E-04 5.1689305E-04 5.0981843E-04 5.0209463E-04 4.9374171E-04 4.8478635E-04 4.7526145E-04 4.6520706E-04 4.5467066E-04 4.4370725E-04 4.3237794E-04 4.2074962E-04 4.0888746E-04 3.9686114E-04 3.8476629E-04 3.7267778E-04 3.6065781E-04 3.4877224E-04 3.3708054E-04 3.2563592E-04 3.1448301E-04 3.0365857E-04 2.9319111E-04 2.8310213E-04
4.8659233E-04 4.9871195E-04 5.1029713E-04 5.2128942E-04 5.3163961E-04 5.4130872E-04 5.5026554E-04 5.5848667E-04 5.6595536E-04 5.7266024E-04 5.7859434E-04 5.8375398E-04 5.8813783E-04 5.9174653E-04 5.9458113E-04 5.9664337E-04 5.9793447E-04 5.9845572E-04 5.9820735E-04 5.9718895E-04 5.9539941E-04 5.9283705E-04 5.8949954E-04 5.8538496E-04 5.8049156E-04 5.7481922E-04 5.6836969E-04 5.6114758E-04 5.5316155E-04 5.4442533E-04 5.3495890E-04 5.2478979E-04 5.1395356E-04 5.0249550E-04 4.9047021E-04 4.7794211E-04 4.6498477E-04 4.5168053E-04 4.3812412E-04 4.2441173E-04 4.1061363E-04 3.9682008E-04 3.8312745E-04 3.6961734E-04 3.5636246E-04 3.4342500E-04 3.3085723E-04 3.1870021E-04 3.0698520E-04 2.9573380E-04
5.2709604E-04 5.4099748E-04 5.5426231E-04 5.6682387E-04 5.7862804E-04 5.8963121E-04 5.9980119E-04 6.0911517E-04 6.1755866E-04 6.2512310E-04 6.3180539E-04 6.3760567E-04 6.4252695E-04 6.4657291E-04 6.4974843E-04 6.5205735E-04 6.5350346E-04 6.5408880E-04 6.5381452E-04 6.5267977E-04 6.5068266E-04 6.4781948E-04 6.4408558E-04 6.3947588E-04 6.3398510E-04 6.2760903E-04 6.2034518E-04 6.1219401E-04 6.0316053E-04 5.9325551E-04 5.8249716E-04 5.7091273E-04 5.5854063E-04 5.4543058E-04 5.3164561E-04 5.1726180E-04 5.0236756E-04 4.8706177E-04 4.7144556E-04 4.5562716E-04 4.3974613E-04 4.2391691E-04 4.0823765E-04 3.9280666E-04 3.7771097E-04 3.6302514E-04 3.4880909E-04 3.3510922E-04 3.2195845E-04 3.0937803E-04
5.7353254E-04 5.8955001E-04 6.0480565E-04 6.1922020E-04 6.3273124E-04 6.4529263E-04 6.5687188E-04 6.6744880E-04 6.7701266E-04 6.8556058E-04 6.9309515E-04 6.9962238E-04 7.0515112E-04 7.0969021E-04 7.1324903E-04 7.1583519E-04 7.1745511E-04 7.1811286E-04 7.1780995E-04 7.1654568E-04 7.1431644E-04 7.1111624E-04 7.0693728E-04 7.0177001E-04 6.9560402E-04 6.8842957E-04 6.8023789E-04 6.7102321E-04 6.6078437E-04 6.4952689E-04 6.3726504E-04 6.2402448E-04 6.0984440E-04 5.9477967E-04 5.7890220E-04 5.6230201E-04 5.4508646E-04 5.2737957E-04 5.0932507E-04 4.9107242E-04 4.7274161E-04 4.5447535E-04 4.3642029E-04 4.1870039E-04 4.0142320E-04 3.8467682E-04 3.6853124E-04 3.5303700E-04 3.3822824E-04 3.2412357E-04
6.2761037E-04 6.4617390E-04 6.6380756E-04 6.8042101E-04 6.9594593E-04 7.1033387E-04 7.2355504E-04 7.3559390E-04 7.4644742E-04 7.5612095E-04 7.6462614E-04 7.7197771E-04 7.7819231E-04 7.8328664E-04 7.8727590E-04 7.9017284E-04 7.9198764E-04 7.9272664E-04 7.9239247E-04 7.9098402E-04 7.8849582E-04 7.8491907E-04 7.8024104E-04 7.7444658E-04 7.6751853E-04 7.5943890E-04 7.5019017E-04 7.3975720E-04 7.2812958E-04 7.1530405E-04 7.0128794E-04 6.8610173E-04 6.6978385E-04 6.5239269E-04 6.3401001E-04 6.1474217E-04 5.9472001E-04 5.7409646E-04 5.5303465E-04 5.3171208E-04 5.1034498E-04 4.8911886E-04 4.6819466E-04 4.4772614E-04 4.2784394E-04 4.0865454E-04 3.9023726E-04 3.7264728E-04 3.5591703E-04 3.4005998E-04
6.9062074E-04 7.1225635E-04 7.3274737E-04 7.5198681E-04 7.6989894E-04 7.8643637E-04 8.0157508E-04 8.1530982E-04 8.2764914E-04 8.3861139E-04 8.4822148E-04 8.5650675E-04 8.6349528E-04 8.6921343E-04 8.7368500E-04 8.7692973E-04 8.7896228E-04 8.7979250E-04 8.7942422E-04 8.7785581E-04 8.7507977E-04 8.7108300E-04 8.6584687E-04 8.5934869E-04 8.5156161E-04 8.4245694E-04 8.3200459E-04 8.2017627E-04 8.0694730E-04 7.9230097E-04 7.7623193E-04 7.5875194E-04 7.3989353E-04 7.1971683E-04 6.9831294E-04 6.7580736E-04 6.5236125E-04 6.2816957E-04 6.0346338E-04 5.7848904E-04 5.5346114E-04 5.2861910E-04 5.0419947E-04 4.8039979E-04 4.5738384E-04 4.3527765E-04 4.1417181E-04 3.9412276E-04 3.7515821E-04 3.5728121E-04
7.6526962E-04 7.9066341E-04 8.1461755E-04 8.3701202E-04 8.5776852E-04 8.7684480E-04 8.9422945E-04 9.0993376E-04 9.2398556E-04 9.3642308E-04 9.4728975E-04 9.5663080E-04 9.6449011E-04 9.7090757E-04 9.7591843E-04 9.7955076E-04 9.8182610E-04 9.8275836E-04 9.8235288E-04 9.8060770E-04 9.7751245E-04 9.7304856E-04 9.6719014E-04 9.5990399E-04 9.5115101E-04 9.4088761E-04 9.2906656E-04 9.1564044E-04 9.0056442E-04 8.8380073E-04 8.6532446E-04 8.4512972E-04 8.2323747E-04 7.9970405E-04 7.7462825E-04 7.4815674E-04 7.2048808E-04 6.9186889E-04 6.6257810E-04 6.3292577E-04 6.0327392E-04 5.7394413E-04 5.4521579E-04 5.1734096E-04 4.9052178E-04 4.6490942E-04 4.4060292E-04 4.1765632E-04 3.9608520E-04 3.7587533E-04
8.5404865E-04 8.8406465E-04 9.1224787E-04 9.3845982E-04 9.6262217E-04 9.8470831E-04 1.0047290E-03 1.0227236E-03 1.0387494E-03 1.0528736E-03 1.0651670E-03 1.0756993E-03 1.0845362E-03 1.0917353E-03 1.0973467E-03 1.1014098E-03 1.1039547E-03 1.1050005E-03 1.1045549E-03 1.1026151E-03 1.0991670E-03 1.0941860E-03 1.0876355E-03 1.0794700E-03 1.0696341E-03 1.0580638E-03 1.0446892E-03 1.0294361E-03 1.0122303E-03 9.9300302E-04 9.7169797E-04 9.4828021E-04 9.2274748E-04 8.9514285E-04 8.6556672E-04 8.3418837E-04 8.0125325E-04 7.6708267E-04 7.3207385E-04 6.9666596E-04 6.6126848E-04 6.2631519E-04 5.9221545E-04 5.5930053E-04 5.2782573E-04 4.9796718E-04 4.6982945E-04 4.4345425E-04 4.1883453E-04 3.9592583E-04
9.6157286E-04 9.9735905E-04 1.0307567E-03 1.0616188E-03 1.0898819E-03 1.1155476E-03 1.1386682E-03 1.1593268E-03 1.1776263E-03 1.1936759E-03 1.2075854E-03 1.2194581E-03 1.2293883E-03 1.2374576E-03 1.2437350E-03 1.2482750E-03 1.2511180E-03 1.2522896E-03 1.2518008E-03 1.2496477E-03 1.2458119E-03 1.2402600E-03 1.2329438E-03 1.2238011E-03 1.2127551E-03 1.1997160E-03 1.1845826E-03 1.1672444E-03 1.1475859E-03 1.1254925E-03 1.1008596E-03 1.0736051E-03 1.0436840E-03 1.0111086E-03 9.7596931E-04 9.3845412E-04 8.9886435E-04 8.5761707E-04 8.1522181E-04 7.7226682E-04 7.2942150E-04 6.8729371E-04 6.4640300E-04 6.0718454E-04 5.6995521E-04 5.3491734E-04 5.0216820E-04 4.7172204E-04 4.4352867E-04 4.1749579E-04
1.0928381E-03 1.1358891E-03 1.1757752E-03 1.2123451E-03 1.2455683E-03 1.2755049E-03 1.3022742E-03 1.3260309E-03 1.3469446E-03 1.3651869E-03 1.3809209E-03 1.3942958E-03 1.4054434E-03 1.4144771E-03 1.4214898E-03 1.4265549E-03 1.4297258E-03 1.4310360E-03 1.4305010E-03 1.4281152E-03 1.4238551E-03 1.4176770E-03 1.4095177E-03 1.3992941E-03 1.3869019E-03 1.3722192E-03 1.3551024E-03 1.3353921E-03 1.3129152E-03 1.2874912E-03 1.2589431E-03 1.2271121E-03 1.1918804E-03 1.1531985E-03 1.1111209E-03 1.0658412E-03 1.0177245E-03 9.6732395E-04 9.1537909E-04 8.6275348E-04 8.1030180E-04 7.5889076E-04 7.0929195E-04 6.6208962E-04 6.1767927E-04 5.7627750E-04 5.3795218E-04 5.0265784E-04 4.7027168E-04 4.4062259E-04
1.2564681E-03 1.3088180E-03 1.3568667E-03 1.4004927E-03 1.4397453E-03 1.4747870E-03 1.5058523E-03 1.5332057E-03 1.5571176E-03 1.5778471E-03 1.5956312E-03 1.6106807E-03 1.6231774E-03 1.6332737E-03 1.6410934E-03 1.6467329E-03 1.6502620E-03 1.6517246E-03 1.6511397E-03 1.6485021E-03 1.6437804E-03 1.6369193E-03 1.6278368E-03 1.6164243E-03 1.6025438E-03 1.5860305E-03 1.5666879E-03 1.5442909E-03 1.5185873E-03 1.4893031E-03 1.4561537E-03 1.4188617E-03 1.3771855E-03 1.3309601E-03 1.2801534E-03 1.2249304E-03 1.1657162E-03 1.1032384E-03 1.0385063E-03 9.7276067E-04 9.0740464E-04 8.4372266E-04 7.8276795E-04 7.2532339E-04 6.7186385E-04 6.2259258E-04 5.7749788E-04 5.3642219E-04 4.9911736E-04 4.6529018E-04
