T6-multimodels/GL2.grd
DSAA
         100         100
  -15.00000       15.00000    
  -15.00000       15.00000    
 -4.9908263E-05  1.7845465E-02
[rows 22 to 43 of 100, columns 50 to 99 of 100]
1.4630938E-03 1.5274903E-03 1.5859163E-03 1.6383311E-03 1.6849382E-03 1.7260897E-03 1.7622052E-03 1.7937216E-03 1.8210564E-03 1.8445926E-03 1.8646675E-03 1.8815731E-03 1.8955544E-03 1.9068141E-03 1.9155138E-03 1.9217780E-03 1.9256959E-03 1.9273242E-03 1.9266867E-03 1.9237773E-03 1.9185572E-03 1.9109561E-03 1.9008694E-03 1.8881580E-03 1.8726424E-03 1.8541046E-03 1.8322796E-03 1.8068578E-03 1.7774790E-03 1.7437406E-03 1.7052010E-03 1.6614005E-03 1.6118947E-03 1.5563122E-03 1.4944379E-03 1.4263266E-03 1.3524320E-03 1.2737117E-03 1.1916708E-03 1.1082324E-03 1.0254229E-03 9.4520632E-04 8.6918817E-04 7.9842744E-04 7.3346350E-04 6.7440938E-04 6.2108110E-04 5.7311327E-04 5.3005159E-04 4.9141346E-04
1.7304815E-03 1.8107838E-03 1.8825599E-03 1.9459904E-03 2.0015924E-03 2.0500468E-03 2.0920802E-03 2.1283899E-03 2.1596090E-03 2.1862905E-03 2.2089067E-03 2.2278535E-03 2.2434567E-03 2.2559799E-03 2.2656317E-03 2.2725696E-03 2.2769067E-03 2.2787137E-03 2.2780213E-03 2.2748213E-03 2.2690666E-03 2.2606698E-03 2.2494998E-03 2.2353798E-03 2.2180821E-03 2.1973217E-03 2.1727504E-03 2.1439474E-03 2.1104147E-03 2.0715704E-03 2.0267512E-03 1.9752246E-03 1.9162231E-03 1.8490142E-03 1.7730222E-03 1.6880183E-03 1.5943681E-03 1.4932817E-03 1.3869230E-03 1.2782986E-03 1.1708803E-03 1.0678131E-03 9.7143761E-04 8.8314858E-04 8.0345070E-04 7.3220261E-04 6.6886452E-04 6.1270612E-04 5.6293787E-04 5.1879295E-04
2.0829290E-03 2.1845719E-03 2.2737114E-03 2.3510202E-03 2.4176189E-03 2.4747709E-03 2.5236947E-03 2.5654822E-03 2.6010715E-03 2.6312470E-03 2.6566563E-03 2.6778281E-03 2.6951877E-03 2.7090716E-03 2.7197443E-03 2.7274031E-03 2.7321880E-03 2.7341864E-03 2.7334364E-03 2.7299284E-03 2.7236054E-03 2.7143597E-03 2.7020297E-03 2.6863972E-03 2.6671740E-03 2.6439973E-03 2.6164150E-03 2.5838707E-03 2.5456855E-03 2.5010430E-03 2.4489718E-03 2.3883427E-03 2.3178870E-03 2.2362648E-03 2.1422226E-03 2.0348851E-03 1.9142223E-03 1.7816260E-03 1.6403768E-03 1.4954980E-03 1.3527245E-03 1.2173166E-03 1.0929444E-03 9.8134065E-04 8.8270381E-04 7.9627114E-04 7.2082074E-04 6.5499294E-04 5.9747492E-04 5.4707925E-04
2.5605478E-03 2.6914536E-03 2.8034141E-03 2.8982346E-03 2.9782231E-03 3.0456500E-03 3.1025175E-03 3.1504955E-03 3.1909458E-03 3.2249589E-03 3.2534059E-03 3.2769772E-03 3.2962183E-03 3.3115542E-03 3.3233115E-03 3.3317343E-03 3.3369921E-03 3.3391935E-03 3.3383837E-03 3.3345523E-03 3.3276298E-03 3.3174872E-03 3.3039288E-03 3.2866858E-03 3.2654037E-03 3.2396275E-03 3.2087823E-03 3.1721445E-03 3.1288129E-03 3.0776674E-03 3.0173261E-03 2.9461011E-03 2.8619764E-03 2.7626315E-03 2.6455952E-03 2.5086363E-03 2.3505671E-03 2.1725004E-03 1.9791564E-03 1.7791775E-03 1.5833334E-03 1.4009190E-03 1.2374589E-03 1.0946915E-03 9.7176200E-04 8.6655840E-04 7.7659456E-04 6.9948263E-04 6.3311419E-04 5.7570910E-04
3.2214141E-03 3.3932063E-03 3.5353322E-03 3.6521528E-03 3.7482656E-03 3.8276648E-03 3.8935523E-03 3.9484245E-03 3.9942046E-03 4.0323758E-03 4.0640826E-03 4.0902109E-03 4.1114446E-03 4.1283113E-03 4.1412087E-03 4.1504325E-03 4.1561867E-03 4.1586007E-03 4.1577294E-03 4.1535604E-03 4.1460120E-03 4.1349311E-03 4.1200831E-03 4.1011460E-03 4.0776865E-03 4.0491479E-03 4.0148105E-03 3.9737574E-03 3.9248164E-03 3.8664932E-03 3.7968771E-03 3.7135326E-03 3.6133805E-03 3.4926005E-03 3.3466581E-03 3.1706803E-03 2.9606177E-03 2.7157629E-03 2.4425292E-03 2.1566402E-03 1.8789608E-03 1.6268070E-03 1.4084250E-03 1.2242008E-03 1.0704903E-03 9.4244129E-04 8.3538622E-04 7.4532855E-04 6.6901947E-04 6.0387305E-04
4.1557858E-03 4.3856944E-03 4.5675286E-03 4.7115348E-03 4.8266659E-03 4.9197092E-03 4.9956292E-03 5.0580273E-03 5.1095500E-03 5.1521524E-03 5.1873080E-03 5.2161221E-03 5.2394420E-03 5.2579027E-03 5.2719852E-03 5.2820388E-03 5.2883080E-03 5.2909418E-03 5.2900086E-03 5.2854903E-03 5.2772961E-03 5.2652438E-03 5.2490584E-03 5.2283574E-03 5.2026259E-03 5.1711900E-03 5.1331711E-03 5.0874292E-03 5.0324807E-03 4.9663861E-03 4.8865909E-03 4.7897086E-03 4.6712430E-03 4.5252354E-03 4.3439306E-03 4.1177599E-03 3.8364441E-03 3.4931176E-03 3.0936452E-03 2.6671060E-03 2.2586838E-03 1.9021882E-03 1.6074846E-03 1.3693323E-03 1.1776389E-03 1.0225365E-03 8.9586322E-04 7.9130492E-04 7.0406613E-04 6.3053542E-04
5.4704593E-03 5.7822540E-03 6.0148290E-03 6.1912276E-03 6.3280147E-03 6.4361221E-03 6.5229000E-03 6.5933173E-03 6.6508995E-03 6.6981367E-03 6.7368806E-03 6.7684744E-03 6.7939474E-03 6.8140458E-03 6.8293479E-03 6.8402509E-03 6.8470491E-03 6.8499059E-03 6.8489104E-03 6.8440358E-03 6.8351822E-03 6.8221330E-03 6.8045780E-03 6.7820642E-03 6.7539932E-03 6.7195604E-03 6.6777230E-03 6.6270898E-03 6.5658367E-03 6.4915163E-03 6.4008343E-03 6.2892758E-03 6.1505926E-03 5.9760488E-03 5.7533816E-03 5.4657138E-03 5.0912281E-03 4.6075815E-03 4.0105279E-03 3.3524735E-03 2.7361978E-03 2.2281583E-03 1.8320978E-03 1.5271422E-03 1.2906655E-03 1.1048057E-03 9.5638772E-04 8.3607744E-04 7.3712715E-04 6.5472367E-04
7.1951980E-03 7.6133208E-03 7.9059592E-03 8.1184600E-03 8.2787229E-03 8.4027424E-03 8.5009178E-03 8.5796108E-03 8.6434679E-03 8.6954255E-03 8.7378630E-03 8.7722624E-03 8.7999478E-03 8.8216867E-03 8.8382456E-03 8.8499887E-03 8.8573415E-03 8.8604065E-03 8.8593671E-03 8.8541135E-03 8.8446103E-03 8.8305362E-03 8.8116098E-03 8.7872408E-03 8.7568108E-03 8.7193120E-03 8.6735943E-03 8.6179413E-03 8.5502286E-03 8.4674060E-03 8.3654318E-03 8.2384991E-03 8.0784289E-03 7.8732250E-03 7.6051555E-03 7.2478442E-03 6.7625679E-03 6.0993689E-03 5.2223587E-03 4.2137969E-03 3.2970766E-03 2.5915822E-03 2.0734044E-03 1.6922785E-03 1.4063168E-03 1.1873618E-03 1.0158319E-03 8.7904820E-04 7.6789438E-04 6.7636103E-04
9.0178447E-03 9.5479190E-03 9.9025499E-03 1.0151832E-02 1.0335910E-02 1.0475973E-02 1.0585649E-02 1.0672644E-02 1.0742815E-02 1.0799496E-02 1.0845648E-02 1.0882845E-02 1.0912758E-02 1.0936129E-02 1.0953953E-02 1.0966528E-02 1.0974445E-02 1.0977712E-02 1.0976634E-02 1.0970995E-02 1.0960850E-02 1.0945744E-02 1.0925456E-02 1.0899222E-02 1.0866433E-02 1.0825862E-02 1.0776261E-02 1.0715567E-02 1.0641376E-02 1.0550007E-02 1.0436683E-02 1.0294258E-02 1.0112604E-02 9.8763676E-03 9.5621645E-03 9.1336798E-03 8.5340990E-03 7.6828394E-03 6.5057143E-03 5.1154392E-03 3.8751091E-03 2.9620004E-03 2.3174824E-03 1.8584308E-03 1.5221126E-03 1.2696637E-03 1.0747790E-03 9.2141423E-04 7.9797336E-04 6.9728080E-04
1.0505579E-02 1.1128071E-02 1.1537650E-02 1.1821069E-02 1.2027644E-02 1.2183171E-02 1.2303940E-02 1.2399069E-02 1.2475384E-02 1.2536735E-02 1.2586507E-02 1.2626491E-02 1.2658570E-02 1.2683577E-02 1.2702627E-02 1.2716047E-02 1.2724497E-02 1.2727981E-02 1.2726850E-02 1.2720848E-02 1.2710051E-02 1.2693943E-02 1.2672286E-02 1.2644232E-02 1.2609103E-02 1.2565518E-02 1.2512079E-02 1.2446450E-02 1.2365892E-02 1.2266183E-02 1.2141791E-02 1.1984371E-02 1.1781950E-02 1.1516173E-02 1.1158690E-02 1.0664879E-02 9.9640237E-03 8.9550428E-03 7.5458805E-03 5.8761369E-03 4.3896725E-03 3.3048498E-03 2.5495018E-03 2.0192405E-03 1.6359307E-03 1.3516089E-03 1.1343494E-03 9.6489867E-04 8.2953728E-04 7.1986503E-04
1.1577750E-02 1.2267085E-02 1.2720666E-02 1.3033374E-02 1.3260040E-02 1.3429789E-02 1.3560912E-02 1.3663754E-02 1.3745918E-02 1.3811764E-02 1.3865022E-02 1.3907715E-02 1.3941890E-02 1.3968496E-02 1.3988734E-02 1.4002984E-02 1.4011948E-02 1.4015654E-02 1.4014460E-02 1.4008112E-02 1.3996666E-02 1.3979590E-02 1.3956595E-02 1.3926773E-02 1.3889361E-02 1.3842858E-02 1.3785702E-02 1.3715327E-02 1.3628659E-02 1.3521015E-02 1.3386169E-02 1.3214753E-02 1.2993232E-02 1.2700852E-02 1.2305524E-02 1.1756908E-02 1.0976139E-02 9.8529318E-03 8.2922177E-03 6.4506656E-03 4.8063858E-03 3.5996533E-03 2.7581796E-03 2.1687686E-03 1.7446723E-03 1.4317619E-03 1.1940148E-03 1.0095643E-03 8.6297811E-04 7.4475183E-04
1.2333129E-02 1.3069395E-02 1.3556631E-02 1.3893289E-02 1.4137176E-02 1.4319524E-02 1.4460033E-02 1.4569988E-02 1.4657608E-02 1.4727688E-02 1.4784251E-02 1.4829523E-02 1.4865702E-02 1.4893845E-02 1.4915225E-02 1.4930276E-02 1.4939736E-02 1.4943656E-02 1.4942402E-02 1.4935716E-02 1.4923648E-02 1.4905635E-02 1.4881350E-02 1.4849832E-02 1.4810231E-02 1.4760943E-02 1.4700254E-02 1.4625390E-02 1.4532993E-02 1.4417971E-02 1.4273525E-02 1.4089460E-02 1.3851036E-02 1.3535753E-02 1.3109027E-02 1.2517152E-02 1.1677292E-02 1.0476068E-02 8.8197077E-03 6.8740472E-03 5.1314230E-03 3.8427971E-03 2.9385758E-03 2.3030022E-03 1.8453615E-03 1.5079838E-03 1.2521861E-03 1.0542168E-03 8.9734828E-04 7.7117822E-04
1.2872525E-02 1.3642076E-02 1.4154733E-02 1.4510511E-02 1.4768769E-02 1.4961987E-02 1.5110803E-02 1.5227166E-02 1.5319785E-02 1.5393777E-02 1.5453422E-02 1.5501116E-02 1.5539189E-02 1.5568784E-02 1.5591250E-02 1.5607061E-02 1.5616996E-02 1.5621117E-02 1.5619803E-02 1.5612798E-02 1.5600137E-02 1.5581230E-02 1.5555720E-02 1.5522589E-02 1.5480923E-02 1.5429013E-02 1.5365018E-02 1.5285982E-02 1.5188314E-02 1.5066581E-02 1.4913531E-02 1.4718335E-02 1.4465392E-02 1.4131022E-02 1.3679129E-02 1.3054221E-02 1.2171771E-02 1.0917704E-02 9.1998419E-03 7.1887234E-03 5.3833188E-03 4.0398687E-03 3.0909674E-03 2.4205158E-03 1.9362133E-03 1.5785801E-03 1.3073460E-03 1.0975226E-03 9.3145575E-04 7.9806894E-04
1.3265304E-02 1.4058894E-02 1.4590788E-02 1.4961694E-02 1.5231757E-02 1.5434192E-02 1.5590223E-02 1.5712267E-02 1.5809374E-02 1.5886934E-02 1.5949408E-02 1.5999347E-02 1.6039180E-02 1.6070139E-02 1.6093619E-02 1.6110150E-02 1.6120529E-02 1.6124839E-02 1.6123470E-02 1.6116163E-02 1.6102938E-02 1.6083190E-02 1.6056526E-02 1.6021887E-02 1.5978290E-02 1.5923949E-02 1.5856905E-02 1.5774060E-02 1.5671618E-02 1.5543891E-02 1.5383278E-02 1.5178491E-02 1.4913337E-02 1.4563399E-02 1.4091717E-02 1.3441923E-02 1.2528860E-02 1.1238524E-02 9.4800191E-03 7.4264379E-03 5.5797817E-03 4.1990145E-03 3.2182955E-03 2.5217934E-03 2.0166798E-03 1.6426223E-03 1.3584697E-03 1.1384661E-03 9.6433045E-04 8.2450348E-04
1.3558539E-02 1.4369841E-02 1.4916413E-02 1.5299268E-02 1.5578958E-02 1.5789112E-02 1.5951330E-02 1.6078336E-02 1.6179431E-02 1.6260192E-02 1.6325232E-02 1.6377220E-02 1.6418677E-02 1.6450889E-02 1.6475316E-02 1.6492512E-02 1.6503304E-02 1.6507793E-02 1.6506372E-02 1.6498780E-02 1.6485032E-02 1.6464496E-02 1.6436763E-02 1.6400723E-02 1.6355349E-02 1.6298778E-02 1.6228965E-02 1.6142681E-02 1.6035985E-02 1.5902985E-02 1.5735827E-02 1.5522902E-02 1.5247629E-02 1.4885147E-02 1.4398028E-02 1.3729505E-02 1.2794240E-02 1.1478475E-02 9.6921036E-03 7.6095839E-03 5.7347068E-03 4.3279184E-03 3.3242779E-03 2.6083060E-03 2.0870601E-03 1.6998370E-03 1.4050244E-03 1.1764043E-03 9.9529827E-04 8.4981218E-04
1.3781284E-02 1.4605850E-02 1.5163721E-02 1.5556035E-02 1.5843548E-02 1.6060127E-02 1.6227599E-02 1.6358895E-02 1.6463483E-02 1.6547082E-02 1.6614428E-02 1.6668266E-02 1.6711196E-02 1.6744558E-02 1.6769851E-02 1.6787659E-02 1.6798832E-02 1.6803484E-02 1.6802013E-02 1.6794158E-02 1.6779922E-02 1.6758665E-02 1.6729949E-02 1.6692631E-02 1.6645635E-02 1.6587045E-02 1.6514739E-02 1.6425399E-02 1.6314955E-02 1.6177373E-02 1.6004616E-02 1.5784860E-02 1.5501278E-02 1.5128753E-02 1.4629608E-02 1.3946910E-02 1.2995325E-02 1.1661334E-02 9.8554147E-03 7.7528567E-03 5.8582537E-03 4.4328948E-03 3.4124881E-03 2.6818602E-03 2.1481086E-03 1.7503863E-03 1.4468469E-03 1.2110135E-03 1.0239555E-03 8.7355287E-04
1.3954170E-02 1.4788838E-02 1.5355494E-02 1.5755320E-02 1.6049188E-02 1.6271090E-02 1.6442997E-02 1.6577963E-02 1.6685581E-02 1.6771680E-02 1.6841065E-02 1.6896559E-02 1.6940814E-02 1.6975213E-02 1.7001290E-02 1.7019656E-02 1.7031176E-02 1.7035976E-02 1.7034458E-02 1.7026363E-02 1.7011683E-02 1.6989769E-02 1.6960155E-02 1.6921677E-02 1.6873222E-02 1.6812827E-02 1.6738309E-02 1.6646273E-02 1.6532568E-02 1.6391044E-02 1.6213542E-02 1.5988098E-02 1.5697729E-02 1.5317172E-02 1.4808634E-02 1.4115125E-02 1.3151361E-02 1.1804019E-02 9.9838981E-03 7.8667402E-03 5.9578009E-03 4.5188721E-03 3.4859995E-03 2.7442349E-03 2.2007488E-03 1.7946612E-03 1.4840132E-03 1.2421830E-03 1.0500844E-03 8.9545501E-04
1.4089599E-02 1.4932036E-02 1.5505569E-02 1.5911393E-02 1.6210420E-02 1.6436717E-02 1.6612340E-02 1.6750431E-02 1.6860664E-02 1.6948931E-02 1.7020104E-02 1.7077062E-02 1.7122496E-02 1.7157823E-02 1.7184600E-02 1.7203469E-02 1.7215304E-02 1.7220238E-02 1.7218675E-02 1.7210361E-02 1.7195283E-02 1.7172772E-02 1.7142354E-02 1.7102841E-02 1.7053086E-02 1.6991088E-02 1.6914621E-02 1.6820243E-02 1.6703717E-02 1.6558837E-02 1.6377345E-02 1.6147189E-02 1.5851295E-02 1.5464315E-02 1.4948408E-02 1.4246579E-02 1.3273605E-02 1.1916313E-02 1.0085771E-02 7.9580517E-03 6.0386313E-03 4.5896121E-03 3.5473360E-03 2.7970220E-03 2.2459235E-03 1.8331627E-03 1.5167366E-03 1.2699447E-03 1.0736102E-03 9.1537414E-04
1.4197443E-02 1.5045932E-02 1.5624892E-02 1.6035510E-02 1.6338725E-02 1.6568640E-02 1.6747365E-02 1.6888097E-02 1.7000558E-02 1.7090695E-02 1.7163428E-02 1.7221665E-02 1.7268132E-02 1.7304279E-02 1.7331684E-02 1.7350998E-02 1.7363109E-02 1.7368160E-02 1.7366564E-02 1.7358052E-02 1.7342614E-02 1.7319573E-02 1.7288443E-02 1.7248008E-02 1.7197110E-02 1.7133713E-02 1.7055552E-02 1.6959146E-02 1.6840216E-02 1.6692491E-02 1.6507667E-02 1.6273623E-02 1.5973240E-02 1.5581124E-02 1.5059414E-02 1.4351128E-02 1.3371102E-02 1.2006273E-02 1.0167830E-02 8.0320202E-03 6.1046332E-03 4.6479758E-03 3.5985131E-03 2.8415795E-03 2.2844956E-03 1.8664055E-03 1.5452907E-03 1.2944114E-03 1.0945352E-03 9.3324733E-04
1.4283263E-02 1.5136482E-02 1.5719732E-02 1.6134195E-02 1.6440803E-02 1.6673688E-02 1.6854985E-02 1.6997930E-02 1.7112277E-02 1.7204011E-02 1.7278081E-02 1.7337425E-02 1.7384794E-02 1.7421657E-02 1.7449608E-02 1.7469313E-02 1.7481668E-02 1.7486826E-02 1.7485194E-02 1.7476508E-02 1.7460756E-02 1.7437249E-02 1.7405488E-02 1.7364252E-02 1.7312355E-02 1.7247744E-02 1.7168129E-02 1.7069990E-02 1.6949022E-02 1.6798915E-02 1.6611321E-02 1.6374093E-02 1.6070072E-02 1.5673846E-02 1.5147553E-02 1.4434228E-02 1.3448757E-02 1.2078162E-02 1.0233769E-02 8.0919815E-03 6.1586234E-03 4.6961317E-03 3.6411281E-03 2.8790364E-03 2.3172309E-03 1.8948807E-03 1.5699684E-03 1.3157366E-03 1.1129221E-03 9.4906893E-04
1.4352305E-02 1.5209245E-02 1.5795900E-02 1.6213432E-02 1.6522784E-02 1.6758088E-02 1.6941506E-02 1.7086290E-02 1.7202217E-02 1.7295299E-02 1.7370502E-02 1.7430792E-02 1.7478934E-02 1.7516414E-02 1.7544838E-02 1.7564882E-02 1.7577449E-02 1.7582694E-02 1.7581033E-02 1.7572198E-02 1.7556168E-02 1.7532257E-02 1.7499954E-02 1.7458027E-02 1.7405273E-02 1.7339626E-02 1.7258773E-02 1.7159173E-02 1.7036498E-02 1.6884409E-02 1.6694536E-02 1.6454710E-02 1.6147753E-02 1.5748248E-02 1.5218332E-02 1.4501065E-02 1.3511369E-02 1.2136322E-02 1.0287298E-02 8.1407642E-03 6.2027331E-03 4.7357380E-03 3.6764364E-03 2.9103097E-03 2.3447752E-03 1.9190287E-03 1.5910533E-03 1.3340880E-03 1.1288502E-03 9.6286519E-04
1.4407088E-02 1.5266934E-02 1.5856272E-02 1.6276250E-02 1.6587798E-02 1.6825065E-02 1.7010208E-02 1.7156499E-02 1.7273735E-02 1.7367937E-02 1.7444089E-02 1.7505175E-02 1.7553968E-02 1.7591968E-02 1.7620796E-02 1.7641125E-02 1.7653875E-02 1.7659197E-02 1.7657507E-02 1.7648544E-02 1.7632281E-02 1.7608024E-02 1.7575262E-02 1.7532745E-02 1.7479271E-02 1.7412750E-02 1.7330861E-02 1.7230047E-02 1.7105959E-02 1.6952246E-02 1.6760517E-02 1.6518593E-02 1.6209288E-02 1.5807178E-02 1.5274411E-02 1.4554063E-02 1.3561089E-02 1.2182610E-02 1.0330084E-02 8.1800576E-03 6.2385174E-03 4.7680545E-03 3.7054205E-03 2.9361444E-03 2.3676772E-03 1.9392318E-03 1.6088048E-03 1.3496295E-03 1.1424186E-03 9.7468018E-04
