T6-multimodels/GL2.grd
DSAA
         100         100
  -15.00000       15.00000    
  -15.00000       15.00000    
 -4.9908263E-05  1.7845465E-02
[rows 66 to 87 of 100, columns 50 to 99 of 100]
1.1577751E-02 1.2267085E-02 1.2720666E-02 1.3033374E-02 1.3260040E-02 1.3429790E-02 1.3560914E-02 1.3663756E-02 1.3745922E-02 1.3811766E-02 1.3865024E-02 1.3907715E-02 1.3941890E-02 1.3968497E-02 1.3988735E-02 1.4002986E-02 1.4011950E-02 1.4015658E-02 1.4014463E-02 1.4008115E-02 1.3996671E-02 1.3979592E-02 1.3956597E-02 1.3926777E-02 1.3889364E-02 1.3842860E-02 1.3785705E-02 1.3715329E-02 1.3628660E-02 1.3521017E-02 1.3386169E-02 1.3214753E-02 1.2993234E-02 1.2700853E-02 1.2305524E-02 1.1756911E-02 1.0976139E-02 9.8529318E-03 8.2922196E-03 6.4506661E-03 4.8063863E-03 3.5996537E-03 2.7581798E-03 2.1687688E-03 1.7446721E-03 1.4317613E-03 1.1940153E-03 1.0095644E-03 8.6297822E-04 7.4475195E-04
1.0505584E-02 1.1128076E-02 1.1537655E-02 1.1821074E-02 1.2027648E-02 1.2183175E-02 1.2303945E-02 1.2399076E-02 1.2475390E-02 1.2536741E-02 1.2586513E-02 1.2626497E-02 1.2658575E-02 1.2683583E-02 1.2702634E-02 1.2716053E-02 1.2724504E-02 1.2727989E-02 1.2726857E-02 1.2720855E-02 1.2710057E-02 1.2693949E-02 1.2672293E-02 1.2644239E-02 1.2609110E-02 1.2565523E-02 1.2512084E-02 1.2446458E-02 1.2365896E-02 1.2266188E-02 1.2141795E-02 1.1984376E-02 1.1781954E-02 1.1516178E-02 1.1158696E-02 1.0664883E-02 9.9640274E-03 8.9550484E-03 7.5458838E-03 5.8761397E-03 4.3896739E-03 3.3048508E-03 2.5495030E-03 2.0192417E-03 1.6359320E-03 1.3516102E-03 1.1343508E-03 9.6489972E-04 8.2953862E-04 7.1986625E-04
9.0178512E-03 9.5479256E-03 9.9025555E-03 1.0151838E-02 1.0335917E-02 1.0475979E-02 1.0585655E-02 1.0672651E-02 1.0742823E-02 1.0799503E-02 1.0845657E-02 1.0882855E-02 1.0912765E-02 1.0936136E-02 1.0953962E-02 1.0966538E-02 1.0974453E-02 1.0977720E-02 1.0976644E-02 1.0971003E-02 1.0960857E-02 1.0945753E-02 1.0925461E-02 1.0899229E-02 1.0866442E-02 1.0825870E-02 1.0776268E-02 1.0715574E-02 1.0641383E-02 1.0550014E-02 1.0436689E-02 1.0294263E-02 1.0112611E-02 9.8763732E-03 9.5621701E-03 9.1336854E-03 8.5341046E-03 7.6828450E-03 6.5057175E-03 5.1154410E-03 3.8751096E-03 2.9620004E-03 2.3174826E-03 1.8584308E-03 1.5221126E-03 1.2696643E-03 1.0747792E-03 9.2141447E-04 7.9797319E-04 6.9728069E-04
7.1952073E-03 7.6133306E-03 7.9059675E-03 8.1184693E-03 8.2787313E-03 8.4027518E-03 8.5009290E-03 8.5796211E-03 8.6434782E-03 8.6954366E-03 8.7378742E-03 8.7722726E-03 8.7999590E-03 8.8216979E-03 8.8382559E-03 8.8499999E-03 8.8573527E-03 8.8604195E-03 8.8593783E-03 8.8541247E-03 8.8446215E-03 8.8305473E-03 8.8116210E-03 8.7872511E-03 8.7568201E-03 8.7193241E-03 8.6736055E-03 8.6179525E-03 8.5502379E-03 8.4674153E-03 8.3654420E-03 8.2385084E-03 8.0784382E-03 7.8732353E-03 7.6051643E-03 7.2478526E-03 6.7625763E-03 6.0993778E-03 5.2223648E-03 4.2138002E-03 3.2970784E-03 2.5915834E-03 2.0734048E-03 1.6922795E-03 1.4063182E-03 1.1873624E-03 1.0158325E-03 8.7904878E-04 7.6789502E-04 6.7636155E-04
5.4704677E-03 5.7822615E-03 6.0148365E-03 6.1912350E-03 6.3280230E-03 6.4361310E-03 6.5229074E-03 6.5933261E-03 6.6509084E-03 6.6981451E-03 6.7368895E-03 6.7684832E-03 6.7939567E-03 6.8140547E-03 6.8293568E-03 6.8402602E-03 6.8470589E-03 6.8499162E-03 6.8489201E-03 6.8440451E-03 6.8351915E-03 6.8221414E-03 6.8045869E-03 6.7820731E-03 6.7540016E-03 6.7195697E-03 6.6777319E-03 6.6270982E-03 6.5658451E-03 6.4915237E-03 6.4008418E-03 6.2892833E-03 6.1505991E-03 5.9760562E-03 5.7533882E-03 5.4657212E-03 5.0912350E-03 4.6075881E-03 4.0105330E-03 3.3524763E-03 2.7361989E-03 2.2281590E-03 1.8320985E-03 1.5271432E-03 1.2906662E-03 1.1048068E-03 9.5638866E-04 8.3607802E-04 7.3712744E-04 6.5472390E-04
4.1557923E-03 4.3857000E-03 4.5675342E-03 4.7115404E-03 4.8266724E-03 4.9197162E-03 4.9956362E-03 5.0580339E-03 5.1095565E-03 5.1521598E-03 5.1873154E-03 5.2161296E-03 5.2394494E-03 5.2579101E-03 5.2719940E-03 5.2820463E-03 5.2883169E-03 5.2909506E-03 5.2900170E-03 5.2854987E-03 5.2773049E-03 5.2652513E-03 5.2490658E-03 5.2283648E-03 5.2026338E-03 5.1711975E-03 5.1331790E-03 5.0874366E-03 5.0324886E-03 4.9663931E-03 4.8865969E-03 4.7897147E-03 4.6712495E-03 4.5252414E-03 4.3439367E-03 4.1177659E-03 3.8364504E-03 3.4931239E-03 3.0936501E-03 2.6671090E-03 2.2586857E-03 1.9021900E-03 1.6074867E-03 1.3693343E-03 1.1776409E-03 1.0225384E-03 8.9586497E-04 7.9130649E-04 7.0406718E-04 6.3053652E-04
3.2214168E-03 3.3932093E-03 3.5353347E-03 3.6521549E-03 3.7482684E-03 3.8276676E-03 3.8935554E-03 3.9484273E-03 3.9942074E-03 4.0323795E-03 4.0640859E-03 4.0902146E-03 4.1114488E-03 4.1283150E-03 4.1412129E-03 4.1504363E-03 4.1561909E-03 4.1586049E-03 4.1577332E-03 4.1535646E-03 4.1460157E-03 4.1349349E-03 4.1200868E-03 4.1011493E-03 4.0776902E-03 4.0491521E-03 4.0148143E-03 3.9737616E-03 3.9248196E-03 3.8664960E-03 3.7968792E-03 3.7135351E-03 3.6133828E-03 3.4926031E-03 3.3466604E-03 3.1706828E-03 2.9606204E-03 2.7157657E-03 2.4425313E-03 2.1566413E-03 1.8789613E-03 1.6268074E-03 1.4084259E-03 1.2242015E-03 1.0704913E-03 9.4244228E-04 8.3538686E-04 7.4532902E-04 6.6901994E-04 6.0387305E-04
2.5605524E-03 2.6914587E-03 2.8034186E-03 2.8982395E-03 2.9782280E-03 3.0456546E-03 3.1025228E-03 3.1505013E-03 3.1909514E-03 3.2249652E-03 3.2534122E-03 3.2769837E-03 3.2962244E-03 3.3115603E-03 3.3233180E-03 3.3317406E-03 3.3369991E-03 3.3392005E-03 3.3383907E-03 3.3345590E-03 3.3276365E-03 3.3174928E-03 3.3039346E-03 3.2866918E-03 3.2654093E-03 3.2396335E-03 3.2087881E-03 3.1721506E-03 3.1288185E-03 3.0776726E-03 3.0173305E-03 2.9461056E-03 2.8619806E-03 2.7626359E-03 2.6455992E-03 2.5086405E-03 2.3505713E-03 2.1725041E-03 1.9791597E-03 1.7791796E-03 1.5833343E-03 1.4009197E-03 1.2374598E-03 1.0946924E-03 9.7176305E-04 8.6655933E-04 7.7659532E-04 6.9948332E-04 6.3311442E-04 5.7570881E-04
2.0829295E-03 2.1845719E-03 2.2737114E-03 2.3510200E-03 2.4176189E-03 2.4747713E-03 2.5236954E-03 2.5654833E-03 2.6010722E-03 2.6312482E-03 2.6566582E-03 2.6778297E-03 2.6951889E-03 2.7090737E-03 2.7197464E-03 2.7274054E-03 2.7321903E-03 2.7341887E-03 2.7334392E-03 2.7299309E-03 2.7236072E-03 2.7143615E-03 2.7020320E-03 2.6863990E-03 2.6671751E-03 2.6439992E-03 2.6164174E-03 2.5838723E-03 2.5456869E-03 2.5010437E-03 2.4489723E-03 2.3883432E-03 2.3178868E-03 2.2362648E-03 2.1422226E-03 2.0348856E-03 1.9142228E-03 1.7816270E-03 1.6403774E-03 1.4954977E-03 1.3527233E-03 1.2173158E-03 1.0929443E-03 9.8134088E-04 8.8270393E-04 7.9627160E-04 7.2082103E-04 6.5499305E-04 5.9747463E-04 5.4707867E-04
1.7304822E-03 1.8107840E-03 1.8825599E-03 1.9459901E-03 2.0015924E-03 2.0500470E-03 2.0920807E-03 2.1283906E-03 2.1596104E-03 2.1862919E-03 2.2089086E-03 2.2278551E-03 2.2434588E-03 2.2559823E-03 2.2656340E-03 2.2725719E-03 2.2769095E-03 2.2787165E-03 2.2780243E-03 2.2748241E-03 2.2690694E-03 2.2606722E-03 2.2495016E-03 2.2353819E-03 2.2180842E-03 2.1973241E-03 2.1727527E-03 2.1439495E-03 2.1104161E-03 2.0715713E-03 2.0267516E-03 1.9752248E-03 1.9162232E-03 1.8490143E-03 1.7730227E-03 1.6880188E-03 1.5943693E-03 1.4932828E-03 1.3869236E-03 1.2782983E-03 1.1708796E-03 1.0678127E-03 9.7143778E-04 8.8314881E-04 8.0345117E-04 7.3220313E-04 6.6886487E-04 6.1270630E-04 5.6293781E-04 5.1879243E-04
1.4630936E-03 1.5274899E-03 1.5859153E-03 1.6383302E-03 1.6849374E-03 1.7260892E-03 1.7622048E-03 1.7937213E-03 1.8210566E-03 1.8445929E-03 1.8646681E-03 1.8815738E-03 1.8955553E-03 1.9068148E-03 1.9155147E-03 1.9217792E-03 1.9256972E-03 1.9273257E-03 1.9266885E-03 1.9237788E-03 1.9185584E-03 1.9109570E-03 1.9008700E-03 1.8881585E-03 1.8726431E-03 1.8541052E-03 1.8322802E-03 1.8068578E-03 1.7774790E-03 1.7437401E-03 1.7051999E-03 1.6613993E-03 1.6118932E-03 1.5563107E-03 1.4944364E-03 1.4263253E-03 1.3524314E-03 1.2737114E-03 1.1916702E-03 1.1082311E-03 1.0254213E-03 9.4520475E-04 8.6918735E-04 7.9842686E-04 7.3346321E-04 6.7440909E-04 6.2108069E-04 5.7311245E-04 5.3005049E-04 4.9141201E-04
1.2564677E-03 1.3088172E-03 1.3568654E-03 1.4004917E-03 1.4397440E-03 1.4747862E-03 1.5058517E-03 1.5332054E-03 1.5571174E-03 1.5778471E-03 1.5956312E-03 1.6106807E-03 1.6231777E-03 1.6332737E-03 1.6410938E-03 1.6467335E-03 1.6502627E-03 1.6517255E-03 1.6511410E-03 1.6485027E-03 1.6437809E-03 1.6369196E-03 1.6278366E-03 1.6164239E-03 1.6025438E-03 1.5860306E-03 1.5666879E-03 1.5442908E-03 1.5185867E-03 1.4893021E-03 1.4561523E-03 1.4188598E-03 1.3771832E-03 1.3309579E-03 1.2801515E-03 1.2249287E-03 1.1657153E-03 1.1032380E-03 1.0385055E-03 9.7275944E-04 9.0740289E-04 8.4372127E-04 7.8276702E-04 7.2532287E-04 6.7186356E-04 6.2259234E-04 5.7749753E-04 5.3642149E-04 4.9911632E-04 4.6528879E-04
1.0928365E-03 1.1358871E-03 1.1757727E-03 1.2123426E-03 1.2455658E-03 1.2755026E-03 1.3022724E-03 1.3260293E-03 1.3469434E-03 1.3651858E-03 1.3809197E-03 1.3942946E-03 1.4054424E-03 1.4144760E-03 1.4214887E-03 1.4265543E-03 1.4297251E-03 1.4310357E-03 1.4305005E-03 1.4281147E-03 1.4238541E-03 1.4176758E-03 1.4095162E-03 1.3992926E-03 1.3869007E-03 1.3722180E-03 1.3551012E-03 1.3353910E-03 1.3129136E-03 1.2874892E-03 1.2589404E-03 1.2271093E-03 1.1918774E-03 1.1531956E-03 1.1111181E-03 1.0658388E-03 1.0177229E-03 9.6732285E-04 9.1537798E-04 8.6275191E-04 8.1030017E-04 7.5888948E-04 7.0929131E-04 6.6208927E-04 6.1767927E-04 5.7627750E-04 5.3795206E-04 5.0265749E-04 4.7027093E-04 4.4062134E-04
9.6157036E-04 9.9735602E-04 1.0307533E-03 1.0616152E-03 1.0898784E-03 1.1155443E-03 1.1386652E-03 1.1593242E-03 1.1776239E-03 1.1936738E-03 1.2075834E-03 1.2194561E-03 1.2293862E-03 1.2374554E-03 1.2437331E-03 1.2482733E-03 1.2511166E-03 1.2522885E-03 1.2517996E-03 1.2496463E-03 1.2458103E-03 1.2402582E-03 1.2329419E-03 1.2237991E-03 1.2127531E-03 1.1997145E-03 1.1845811E-03 1.1672428E-03 1.1475839E-03 1.1254901E-03 1.1008568E-03 1.0736019E-03 1.0436806E-03 1.0111054E-03 9.7596622E-04 9.3845156E-04 8.9886249E-04 8.5761584E-04 8.1522047E-04 7.7226525E-04 7.2941987E-04 6.8729260E-04 6.4640271E-04 6.0718472E-04 5.6995556E-04 5.3491787E-04 5.0216867E-04 4.7172213E-04 4.4352858E-04 4.1749535E-04
8.5404702E-04 8.8406261E-04 9.1224542E-04 9.3845732E-04 9.6261984E-04 9.8470622E-04 1.0047272E-03 1.0227222E-03 1.0387481E-03 1.0528724E-03 1.0651659E-03 1.0756984E-03 1.0845351E-03 1.0917342E-03 1.0973456E-03 1.1014091E-03 1.1039542E-03 1.1050001E-03 1.1045546E-03 1.1026147E-03 1.0991663E-03 1.0941847E-03 1.0876341E-03 1.0794688E-03 1.0696328E-03 1.0580629E-03 1.0446884E-03 1.0294351E-03 1.0122290E-03 9.9300127E-04 9.7169576E-04 9.4827765E-04 9.2274474E-04 8.9513999E-04 8.6556404E-04 8.3418621E-04 8.0125179E-04 7.6708174E-04 7.3207275E-04 6.9666439E-04 6.6126662E-04 6.2631379E-04 5.9221481E-04 5.5930036E-04 5.2782579E-04 4.9796741E-04 4.6982951E-04 4.4345413E-04 4.1883413E-04 3.9592505E-04
7.6526980E-04 7.9066306E-04 8.1461697E-04 8.3701132E-04 8.5776794E-04 8.7684463E-04 8.9422963E-04 9.0993423E-04 9.2398637E-04 9.3642384E-04 9.4729074E-04 9.5663173E-04 9.6449087E-04 9.7090838E-04 9.7591919E-04 9.7955170E-04 9.8182727E-04 9.8275964E-04 9.8235428E-04 9.8060898E-04 9.7751338E-04 9.7304914E-04 9.6719025E-04 9.5990422E-04 9.5115136E-04 9.4088819E-04 9.2906732E-04 9.1564097E-04 9.0056472E-04 8.8380056E-04 8.6532376E-04 8.4512861E-04 8.2323619E-04 7.9970277E-04 7.7462697E-04 7.4815599E-04 7.2048797E-04 6.9186930E-04 6.6257804E-04 6.3292478E-04 6.0327235E-04 5.7394290E-04 5.4521533E-04 5.1734084E-04 4.9052190E-04 4.6490965E-04 4.4060298E-04 4.1765618E-04 3.9608474E-04 3.7587457E-04
6.9061975E-04 7.1225502E-04 7.3274568E-04 7.5198512E-04 7.6989719E-04 7.8643503E-04 8.0157415E-04 8.1530923E-04 8.2764862E-04 8.3861127E-04 8.4822136E-04 8.5650652E-04 8.6349488E-04 8.6921302E-04 8.7368471E-04 8.7692944E-04 8.7896234E-04 8.7979261E-04 8.7942457E-04 8.7785593E-04 8.7507954E-04 8.7108248E-04 8.6584612E-04 8.5934805E-04 8.5156102E-04 8.4245653E-04 8.3200441E-04 8.2017592E-04 8.0694671E-04 7.9229986E-04 7.7623053E-04 7.5874990E-04 7.3989126E-04 7.1971450E-04 6.9831091E-04 6.7580573E-04 6.5236032E-04 6.2816910E-04 6.0346263E-04 5.7848752E-04 5.5345910E-04 5.2861747E-04 5.0419866E-04 4.8039938E-04 4.5738369E-04 4.3527753E-04 4.1417158E-04 3.9412227E-04 3.7515740E-04 3.5728002E-04
6.2760821E-04 6.4617133E-04 6.6380459E-04 6.8041787E-04 6.9594296E-04 7.1033125E-04 7.2355266E-04 7.3559192E-04 7.4644579E-04 7.5611944E-04 7.6462468E-04 7.7197619E-04 7.7819079E-04 7.8328501E-04 7.8727427E-04 7.9017144E-04 7.9198636E-04 7.9272554E-04 7.9239142E-04 7.9098274E-04 7.8849442E-04 7.8491727E-04 7.8023918E-04 7.7444472E-04 7.6751690E-04 7.5943733E-04 7.5018866E-04 7.3975563E-04 7.2812784E-04 7.1530190E-04 7.0128514E-04 6.8609871E-04 6.6978042E-04 6.5238919E-04 6.3400675E-04 6.1473937E-04 5.9471797E-04 5.7409500E-04 5.5303308E-04 5.3171010E-04 5.1034283E-04 4.8911711E-04 4.6819376E-04 4.4772579E-04 4.2784389E-04 4.0865463E-04 3.9023717E-04 3.7264696E-04 3.5591636E-04 3.4005902E-04
5.7353091E-04 5.8954785E-04 6.0480315E-04 6.1921764E-04 6.3272874E-04 6.4529054E-04 6.5687019E-04 6.6744752E-04 6.7701156E-04 6.8555976E-04 6.9309428E-04 6.9962168E-04 7.0515025E-04 7.0968928E-04 7.1324810E-04 7.1583450E-04 7.1745453E-04 7.1811228E-04 7.1780954E-04 7.1654515E-04 7.1431551E-04 7.1111519E-04 7.0693606E-04 7.0176873E-04 6.9560285E-04 6.8842841E-04 6.8023673E-04 6.7102193E-04 6.6078280E-04 6.4952479E-04 6.3726242E-04 6.2402146E-04 6.0984102E-04 5.9477618E-04 5.7889899E-04 5.6229928E-04 5.4508436E-04 5.2737800E-04 5.0932338E-04 4.9107044E-04 4.7273943E-04 4.5447354E-04 4.3641927E-04 4.1869993E-04 4.0142299E-04 3.8467671E-04 3.6853086E-04 3.5303636E-04 3.3822726E-04 3.2412217E-04
5.2709493E-04 5.4099597E-04 5.5426027E-04 5.6682189E-04 5.7862612E-04 5.8962946E-04 5.9980003E-04 6.0911436E-04 6.1755808E-04 6.2512275E-04 6.3180510E-04 6.3760544E-04 6.4252672E-04 6.4657279E-04 6.4974820E-04 6.5205729E-04 6.5350346E-04 6.5408897E-04 6.5381464E-04 6.5267982E-04 6.5068243E-04 6.4781908E-04 6.4408500E-04 6.3947518E-04 6.3398445E-04 6.2760845E-04 6.2034442E-04 6.1219308E-04 6.0315931E-04 5.9325382E-04 5.8249489E-04 5.7091011E-04 5.5853749E-04 5.4542738E-04 5.3164276E-04 5.1725947E-04 5.0236582E-04 4.8706055E-04 4.7144407E-04 4.5562538E-04 4.3974398E-04 4.2391519E-04 4.0823666E-04 3.9280625E-04 3.7771091E-04 3.6302526E-04 3.4880894E-04 3.3510881E-04 3.2195760E-04 3.0937672E-04
4.8659090E-04 4.9871008E-04 5.1029486E-04 5.2128697E-04 5.3163728E-04 5.4130674E-04 5.5026397E-04 5.5848557E-04 5.6595454E-04 5.7265960E-04 5.7859375E-04 5.8375346E-04 5.8813742E-04 5.9174618E-04 5.9458084E-04 5.9664319E-04 5.9793441E-04 5.9845572E-04 5.9820735E-04 5.9718895E-04 5.9539924E-04 5.9283659E-04 5.8949896E-04 5.8538432E-04 5.8049086E-04 5.7481852E-04 5.6836876E-04 5.6114647E-04 5.5316003E-04 5.4442335E-04 5.3495646E-04 5.2478688E-04 5.1395030E-04 5.0249218E-04 4.9046724E-04 4.7793961E-04 4.6498305E-04 4.5167923E-04 4.3812257E-04 4.2440995E-04 4.1061148E-04 3.9681827E-04 3.8312640E-04 3.6961687E-04 3.5636238E-04 3.4342511E-04 3.3085718E-04 3.1869978E-04 3.0698426E-04 2.9573243E-04
4.5133763E-04 4.6195608E-04 4.7211716E-04 4.8177229E-04 4.9087929E-04 4.9940211E-04 5.0731207E-04 5.1458582E-04 5.2120577E-04 5.2715890E-04 5.3243601E-04 5.3703098E-04 5.4094021E-04 5.4416119E-04 5.4669322E-04 5.4853602E-04 5.4968963E-04 5.5015396E-04 5.4992910E-04 5.4901466E-04 5.4741063E-04 5.4511620E-04 5.4213114E-04 5.3845561E-04 5.3409045E-04 5.2903820E-04 5.2330329E-04 5.1689299E-04 5.0981808E-04 5.0209370E-04 4.9374037E-04 4.8478448E-04 4.7525921E-04 4.6520479E-04 4.5466883E-04 4.4370591E-04 4.3237727E-04 4.2074925E-04 4.0888679E-04 3.9686009E-04 3.8476492E-04 3.7267664E-04 3.6065734E-04 3.4877239E-04 3.3708120E-04 3.2563682E-04 3.1448371E-04 3.0365883E-04 2.9319094E-04 2.8310149E-04
