T6-multimodels/GL2.grd
DSAA
         100         100
  -15.00000       15.00000    
  -15.00000       15.00000    
 -4.9908263E-05  1.7845465E-02
[rows 66 to 87 of 100, columns 0 to 49 of 100]
-8.4495632E-06 -5.3433064E-06 -2.0402999E-06 1.4963391E-06 5.2651658E-06 9.3109584E-06 1.3633024E-05 1.8282120E-05 2.3263070E-05 2.8635606E-05 3.4409430E-05 4.0651954E-05 4.7381145E-05 5.4680895E-05 6.2581959E-05 7.1180977E-05 8.0525031E-05 9.0736554E-05 1.0188364E-04 1.1411947E-04 1.2754685E-04 1.4236510E-04 1.5872518E-04 1.7688959E-04 1.9708576E-04 2.1967490E-04 2.4500224E-04 2.7357953E-04 3.0593688E-04 3.4284213E-04 3.8514141E-04 4.3402452E-04 4.9089809E-04 5.5773009E-04 6.3696777E-04 7.3204940E-04 8.4748550E-04 9.8967517E-04 1.1673438E-03 1.3928985E-03 1.6833453E-03 2.0617454E-03 2.5568646E-03 3.2008479E-03 4.0227473E-03 5.0410922E-03 6.2573273E-03 7.6471339E-03 9.1336891E-03 1.0525213E-02
4.7637759E-06 7.8093080E-06 1.1045076E-05 1.4509376E-05 1.8199096E-05 2.2156386E-05 2.6381480E-05 3.0922874E-05 3.5786295E-05 4.1027106E-05 4.6653749E-05 5.2734340E-05 5.9282702E-05 6.6380089E-05 7.4052761E-05 8.2397470E-05 9.1455826E-05 1.0134279E-04 1.1212270E-04 1.2394226E-04 1.3689660E-04 1.5117346E-04 1.6691076E-04 1.8435890E-04 2.0372627E-04 2.2535115E-04 2.4954946E-04 2.7680150E-04 3.0758980E-04 3.4262522E-04 3.8267713E-04 4.2884069E-04 4.8238802E-04 5.4510834E-04 6.1920576E-04 7.0777966E-04 8.1486214E-04 9.4616471E-04 1.1094335E-03 1.3156666E-03 1.5798863E-03 1.9224711E-03 2.3688541E-03 2.9475882E-03 3.6847268E-03 4.5975130E-03 5.6889071E-03 6.9401506E-03 8.2856687E-03 9.5505854E-03
2.1475220E-05 2.4458292E-05 2.7626878E-05 3.1015417E-05 3.4623237E-05 3.8488837E-05 4.2615240E-05 4.7046389E-05 5.1788182E-05 5.6892528E-05 6.2371058E-05 6.8282970E-05 7.4646690E-05 8.1535138E-05 8.8977249E-05 9.7060023E-05 1.0582553E-04 1.1538046E-04 1.2578716E-04 1.3717999E-04 1.4965015E-04 1.6337178E-04 1.7847617E-04 1.9519178E-04 2.1371318E-04 2.3435149E-04 2.5739864E-04 2.8329249E-04 3.1247575E-04 3.4559323E-04 3.8334064E-04 4.2670345E-04 4.7682106E-04 5.3528527E-04 6.0404290E-04 6.8581337E-04 7.8410178E-04 9.0383756E-04 1.0516280E-03 1.2367707E-03 1.4718062E-03 1.7735674E-03 2.1627767E-03 2.6623872E-03 3.2928698E-03 4.0671197E-03 4.9861465E-03 6.0336790E-03 7.1568815E-03 8.2145203E-03
4.0511401E-05 4.3427161E-05 4.6527530E-05 4.9836483E-05 5.3362885E-05 5.7133533E-05 6.1159946E-05 6.5475855E-05 7.0096321E-05 7.5059594E-05 8.0387996E-05 8.6126456E-05 9.2304268E-05 9.8978242E-05 1.0618656E-04 1.1400022E-04 1.2247048E-04 1.3168401E-04 1.4171439E-04 1.5267103E-04 1.6465457E-04 1.7780971E-04 1.9227497E-04 2.0824319E-04 2.2591159E-04 2.4554628E-04 2.6743123E-04 2.9194541E-04 3.1950764E-04 3.5067549E-04 3.8609264E-04 4.2660846E-04 4.7325037E-04 5.2738027E-04 5.9070589E-04 6.6552212E-04 7.5481238E-04 8.6264190E-04 9.9443400E-04 1.1575957E-03 1.3619520E-03 1.6202524E-03 1.9477202E-03 2.3603609E-03 2.8712451E-03 3.4862864E-03 4.2007491E-03 4.9952371E-03 5.8246884E-03 6.5949378E-03
5.8879286E-05 6.1727616E-05 6.4758642E-05 6.7986912E-05 7.1428964E-05 7.5102558E-05 7.9027508E-05 8.3225787E-05 8.7721928E-05 9.2542366E-05 9.7717435E-05 1.0328036E-04 1.0926861E-04 1.1572484E-04 1.2269673E-04 1.3023782E-04 1.3840862E-04 1.4727892E-04 1.5692762E-04 1.6744508E-04 1.7893607E-04 1.9152096E-04 2.0534114E-04 2.2055894E-04 2.3736825E-04 2.5599528E-04 2.7671253E-04 2.9984338E-04 3.2577859E-04 3.5499551E-04 3.8807825E-04 4.2574934E-04 4.6891446E-04 5.1871885E-04 5.7662290E-04 6.4451149E-04 7.2484207E-04 8.2083937E-04 9.3675166E-04 1.0781481E-03 1.2521957E-03 1.4677083E-03 1.7346169E-03 2.0623540E-03 2.4570962E-03 2.9185463E-03 3.4373882E-03 3.9929724E-03 4.5500011E-03 5.0575645E-03
7.4165320E-05 7.6946511E-05 7.9904552E-05 8.3052917E-05 8.6407439E-05 8.9985093E-05 9.3804301E-05 9.7885910E-05 1.0225341E-04 1.0693151E-04 1.1194920E-04 1.1733687E-04 1.2313075E-04 1.2937025E-04 1.3610003E-04 1.4336992E-04 1.5123651E-04 1.5976409E-04 1.6902640E-04 1.7910602E-04 1.9009918E-04 2.0211724E-04 2.1528811E-04 2.2975972E-04 2.4570696E-04 2.6333387E-04 2.8288414E-04 3.0464446E-04 3.2896071E-04 3.5624971E-04 3.8701892E-04 4.2188866E-04 4.6162814E-04 5.0719531E-04 5.5979396E-04 6.2094803E-04 6.9259974E-04 7.7723031E-04 8.7800145E-04 9.9889119E-04 1.1447622E-03 1.3212091E-03 1.5339734E-03 1.7876829E-03 2.0839835E-03 2.4195781E-03 2.7848943E-03 3.1636718E-03 3.5337179E-03 3.8705021E-03
8.5936554E-05 8.8649795E-05 9.1533984E-05 9.4600822E-05 9.7866883E-05 1.0134668E-04 1.0505908E-04 1.0902263E-04 1.1326015E-04 1.1779480E-04 1.2265336E-04 1.2786513E-04 1.3346347E-04 1.3948482E-04 1.4597129E-04 1.5296921E-04 1.6053081E-04 1.6871581E-04 1.7759136E-04 1.8723393E-04 1.9773167E-04 2.0918474E-04 2.2170992E-04 2.3544065E-04 2.5053404E-04 2.6717180E-04 2.8556958E-04 3.0598004E-04 3.2870501E-04 3.5410488E-04 3.8261400E-04 4.1475720E-04 4.5117628E-04 4.9265719E-04 5.4017035E-04 5.9491582E-04 6.5838516E-04 7.3241972E-04 8.1927807E-04 9.2166226E-04 1.0426758E-03 1.1855987E-03 1.3533911E-03 1.5478347E-03 1.7684416E-03 2.0114610E-03 2.2694408E-03 2.5315969E-03 2.7851458E-03 3.0178546E-03
9.4733819E-05 9.7378696E-05 1.0018776E-04 1.0317324E-04 1.0634922E-04 1.0973104E-04 1.1333518E-04 1.1718044E-04 1.2128684E-04 1.2567721E-04 1.3037631E-04 1.3541149E-04 1.4081334E-04 1.4661691E-04 1.5286022E-04 1.5958671E-04 1.6684421E-04 1.7468762E-04 1.8317872E-04 1.9238719E-04 2.0239290E-04 2.1328715E-04 2.2517421E-04 2.3817443E-04 2.5242724E-04 2.6809354E-04 2.8536274E-04 3.0445511E-04 3.2563086E-04 3.4919882E-04 3.7552489E-04 4.0504721E-04 4.3829207E-04 4.7589376E-04 5.1861728E-04 5.6738697E-04 6.2331586E-04 6.8773114E-04 7.6218607E-04 8.4844104E-04 9.4837166E-04 1.0637664E-03 1.1959642E-03 1.3453353E-03 1.5107054E-03 1.6889343E-03 1.8748648E-03 2.0617929E-03 2.2424397E-03 2.4102419E-03
1.0126922E-04 1.0384491E-04 1.0657829E-04 1.0948133E-04 1.1256727E-04 1.1585021E-04 1.1934598E-04 1.2307202E-04 1.2704755E-04 1.3129316E-04 1.3583248E-04 1.4069097E-04 1.4589733E-04 1.5148333E-04 1.5748451E-04 1.6394099E-04 1.7089648E-04 1.7840131E-04 1.8651193E-04 1.9529133E-04 2.0481205E-04 2.1515577E-04 2.2641626E-04 2.3870032E-04 2.5213123E-04 2.6685034E-04 2.8302256E-04 3.0083788E-04 3.2051906E-04 3.4232644E-04 3.6656600E-04 3.9359770E-04 4.2384712E-04 4.5781635E-04 4.9609900E-04 5.3939084E-04 5.8850425E-04 6.4436847E-04 7.0802128E-04 7.8056485E-04 8.6307968E-04 9.5646456E-04 1.0612045E-03 1.1770740E-03 1.3028624E-03 1.4362116E-03 1.5736897E-03 1.7111263E-03 1.8441725E-03 1.9689978E-03
1.0613249E-04 1.0863853E-04 1.1129618E-04 1.1411655E-04 1.1711205E-04 1.2029605E-04 1.2368320E-04 1.2729013E-04 1.3113447E-04 1.3523587E-04 1.3961608E-04 1.4429887E-04 1.4931052E-04 1.5468062E-04 1.6044176E-04 1.6663078E-04 1.7328768E-04 1.8045855E-04 1.8819414E-04 1.9655185E-04 2.0559640E-04 2.1540128E-04 2.2604948E-04 2.3763572E-04 2.5026809E-04 2.6406973E-04 2.7918306E-04 2.9577088E-04 3.1402113E-04 3.3415222E-04 3.5641607E-04 3.8110491E-04 4.0855820E-04 4.3916825E-04 4.7338652E-04 5.1172834E-04 5.5477349E-04 6.0315849E-04 6.5755658E-04 7.1863411E-04 7.8698026E-04 8.6299586E-04 9.4675092E-04 1.0378272E-03 1.1351890E-03 1.2371402E-03 1.3414045E-03 1.4453519E-03 1.5463274E-03 1.6419797E-03
1.0976884E-04 1.1220527E-04 1.1478690E-04 1.1752445E-04 1.2042946E-04 1.2351443E-04 1.2679335E-04 1.3028130E-04 1.3399530E-04 1.3795338E-04 1.4217562E-04 1.4668384E-04 1.5150261E-04 1.5665908E-04 1.6218319E-04 1.6810832E-04 1.7447151E-04 1.8131381E-04 1.8868170E-04 1.9662632E-04 2.0520586E-04 2.1448532E-04 2.2453876E-04 2.3544849E-04 2.4730954E-04 2.6022803E-04 2.7432610E-04 2.8974147E-04 3.0663257E-04 3.2517940E-04 3.4558814E-04 3.6809302E-04 3.9296175E-04 4.2049584E-04 4.5103463E-04 4.8495264E-04 5.2265683E-04 5.6457298E-04 6.1112660E-04 6.6270470E-04 7.1960490E-04 7.8196154E-04 8.4966398E-04 9.2227239E-04 9.9896418E-04 1.0785279E-03 1.1594315E-03 1.2399545E-03 1.3183650E-03 1.3931262E-03
1.1249217E-04 1.1485881E-04 1.1736470E-04 1.2001947E-04 1.2283422E-04 1.2582072E-04 1.2899189E-04 1.3236188E-04 1.3594629E-04 1.3976205E-04 1.4382768E-04 1.4816354E-04 1.5279175E-04 1.5773761E-04 1.6302829E-04 1.6869433E-04 1.7476898E-04 1.8128991E-04 1.8829831E-04 1.9584034E-04 2.0396759E-04 2.1273777E-04 2.2221566E-04 2.3247348E-04 2.4359308E-04 2.5566615E-04 2.6879617E-04 2.8309948E-04 2.9870725E-04 3.1576786E-04 3.3444737E-04 3.5493227E-04 3.7743032E-04 4.0217166E-04 4.2940694E-04 4.5940490E-04 4.9244554E-04 5.2880833E-04 5.6875317E-04 6.1249337E-04 6.6015817E-04 7.1174826E-04 7.6708652E-04 8.2577788E-04 8.8718545E-04 9.5044158E-04 1.0144956E-03 1.0782001E-03 1.1404227E-03 1.2001377E-03
1.1453072E-04 1.1682780E-04 1.1925794E-04 1.2183038E-04 1.2455547E-04 1.2744390E-04 1.3050810E-04 1.3376109E-04 1.3721739E-04 1.4089241E-04 1.4480350E-04 1.4896911E-04 1.5341007E-04 1.5814874E-04 1.6321042E-04 1.6862257E-04 1.7441543E-04 1.8062262E-04 1.8728140E-04 1.9443236E-04 2.0212161E-04 2.1039977E-04 2.1932348E-04 2.2895551E-04 2.3936645E-04 2.5063413E-04 2.6284641E-04 2.7610009E-04 2.9050393E-04 3.0617812E-04 3.2325604E-04 3.4188409E-04 3.6222272E-04 3.8444455E-04 4.0873309E-04 4.3527776E-04 4.6426855E-04 4.9588323E-04 5.3027511E-04 5.6755036E-04 6.0774566E-04 6.5079791E-04 6.9651939E-04 7.4457534E-04 7.9447782E-04 8.4559654E-04 8.9719257E-04 9.4846747E-04 9.9862227E-04 1.0469327E-03
1.1604388E-04 1.1827159E-04 1.2062657E-04 1.2311722E-04 1.2575318E-04 1.2854469E-04 1.3150297E-04 1.3464027E-04 1.3796994E-04 1.4150629E-04 1.4526519E-04 1.4926362E-04 1.5352032E-04 1.5805625E-04 1.6289388E-04 1.6805826E-04 1.7357650E-04 1.7947883E-04 1.8579832E-04 1.9257115E-04 1.9983776E-04 2.0764262E-04 2.1603494E-04 2.2506904E-04 2.3480516E-04 2.4530946E-04 2.5665556E-04 2.6892405E-04 2.8220352E-04 2.9659146E-04 3.1219365E-04 3.2912419E-04 3.4750544E-04 3.6746584E-04 3.8913783E-04 4.1265314E-04 4.3813718E-04 4.6570032E-04 4.9542630E-04 5.2735844E-04 5.6148286E-04 5.9771223E-04 6.3587038E-04 6.7568186E-04 7.1677187E-04 7.5867662E-04 8.0086663E-04 8.4278081E-04 8.8387053E-04 9.2362490E-04
1.1715131E-04 1.1931030E-04 1.2159062E-04 1.2400017E-04 1.2654805E-04 1.2924364E-04 1.3209738E-04 1.3512060E-04 1.3832557E-04 1.4172551E-04 1.4533501E-04 1.4916946E-04 1.5324615E-04 1.5758380E-04 1.6220298E-04 1.6712626E-04 1.7237786E-04 1.7798481E-04 1.8397637E-04 1.9038461E-04 1.9724501E-04 2.0459623E-04 2.1248100E-04 2.2094585E-04 2.3004226E-04 2.3982581E-04 2.5035805E-04 2.6170522E-04 2.7393975E-04 2.8713941E-04 3.0138771E-04 3.1677278E-04 3.3338703E-04 3.5132500E-04 3.7068085E-04 3.9154440E-04 4.1399672E-04 4.3810223E-04 4.6390155E-04 4.9140071E-04 5.2056182E-04 5.5129133E-04 5.8343331E-04 6.1676366E-04 6.5099302E-04 6.8577362E-04 7.2071626E-04 7.5540831E-04 7.8943558E-04 8.2241563E-04
1.1793873E-04 1.2002960E-04 1.2223600E-04 1.2456549E-04 1.2702636E-04 1.2962733E-04 1.3237809E-04 1.3528911E-04 1.3837157E-04 1.4163781E-04 1.4510086E-04 1.4877504E-04 1.5267593E-04 1.5682049E-04 1.6122728E-04 1.6591647E-04 1.7090986E-04 1.7623142E-04 1.8190696E-04 1.8796488E-04 1.9443591E-04 2.0135386E-04 2.0875540E-04 2.1668043E-04 2.2517226E-04 2.3427788E-04 2.4404800E-04 2.5453718E-04 2.6580368E-04 2.7790960E-04 2.9092008E-04 3.0490267E-04 3.1992645E-04 3.3606010E-04 3.5336960E-04 3.7191482E-04 3.9174571E-04 4.1289692E-04 4.3538201E-04 4.5918682E-04 4.8426224E-04 5.1051902E-04 5.3782237E-04 5.6599081E-04 5.9479853E-04 6.2398170E-04 6.5324985E-04 6.8230100E-04 7.1084138E-04 7.3859061E-04
1.1847277E-04 1.2049623E-04 1.2262970E-04 1.2488014E-04 1.2725517E-04 1.2976310E-04 1.3241258E-04 1.3521347E-04 1.3817598E-04 1.4131120E-04 1.4463135E-04 1.4814915E-04 1.5187891E-04 1.5583579E-04 1.6003661E-04 1.6449932E-04 1.6924346E-04 1.7429008E-04 1.7966206E-04 1.8538415E-04 1.9148330E-04 1.9798857E-04 2.0493142E-04 2.1234584E-04 2.2026844E-04 2.2873811E-04 2.3779704E-04 2.4748940E-04 2.5786209E-04 2.6896401E-04 2.8084591E-04 2.9355881E-04 3.0715403E-04 3.2168051E-04 3.3718365E-04 3.5370185E-04 3.7126412E-04 3.8988554E-04 4.0956348E-04 4.3027286E-04 4.5196226E-04 4.7454954E-04 4.9792044E-04 5.2192737E-04 5.4639258E-04 5.7111203E-04 5.9586391E-04 6.2041532E-04 6.4453064E-04 6.6798960E-04
1.1880159E-04 1.2075860E-04 1.2282016E-04 1.2499279E-04 1.2728354E-04 1.2969995E-04 1.3225022E-04 1.3494317E-04 1.3778826E-04 1.4079566E-04 1.4397640E-04 1.4734206E-04 1.5090550E-04 1.5468056E-04 1.5868201E-04 1.6292611E-04 1.6743001E-04 1.7221256E-04 1.7729364E-04 1.8269493E-04 1.8843972E-04 1.9455313E-04 2.0106191E-04 2.0799496E-04 2.1538278E-04 2.2325793E-04 2.3165481E-04 2.4060922E-04 2.5015848E-04 2.6034121E-04 2.7119607E-04 2.8276170E-04 2.9507524E-04 3.0817141E-04 3.2208016E-04 3.3682509E-04 3.5242070E-04 3.6886989E-04 3.8616054E-04 4.0426277E-04 4.2312630E-04 4.4267817E-04 4.6282157E-04 4.8343639E-04 5.0438091E-04 5.2549609E-04 5.4661039E-04 5.6754821E-04 5.8813929E-04 6.0821814E-04
1.1896520E-04 1.2085669E-04 1.2284750E-04 1.2494366E-04 1.2715167E-04 1.2947845E-04 1.3193156E-04 1.3451902E-04 1.3724960E-04 1.4013244E-04 1.4317755E-04 1.4639551E-04 1.4979782E-04 1.5339690E-04 1.5720603E-04 1.6123959E-04 1.6551276E-04 1.7004208E-04 1.7484512E-04 1.7994051E-04 1.8534856E-04 1.9109061E-04 1.9718958E-04 2.0366974E-04 2.1055664E-04 2.1787696E-04 2.2565901E-04 2.3393139E-04 2.4272385E-04 2.5206618E-04 2.6198811E-04 2.7251794E-04 2.8368269E-04 2.9550586E-04 3.0800680E-04 3.2119825E-04 3.3508564E-04 3.4966369E-04 3.6491547E-04 3.8080956E-04 3.9729918E-04 4.1432001E-04 4.3179060E-04 4.4961207E-04 4.6767094E-04 4.8584037E-04 5.0398533E-04 5.2196439E-04 5.3963356E-04 5.5685680E-04
1.1899274E-04 1.2081992E-04 1.2274130E-04 1.2476245E-04 1.2688941E-04 1.2912853E-04 1.3148675E-04 1.3397142E-04 1.3659048E-04 1.3935225E-04 1.4226582E-04 1.4534061E-04 1.4858712E-04 1.5201634E-04 1.5564020E-04 1.5947140E-04 1.6352335E-04 1.6781058E-04 1.7234833E-04 1.7715279E-04 1.8224142E-04 1.8763248E-04 1.9334535E-04 1.9940038E-04 2.0581880E-04 2.1262265E-04 2.1983462E-04 2.2747787E-04 2.3557551E-04 2.4415069E-04 2.5322573E-04 2.6282136E-04 2.7295636E-04 2.8364646E-04 2.9490289E-04 3.0673147E-04 3.1913101E-04 3.3209199E-04 3.4559483E-04 3.5960900E-04 3.7409138E-04 3.8898631E-04 4.0422464E-04 4.1972511E-04 4.3539514E-04 4.5113359E-04 4.6683321E-04 4.8238499E-04 4.9768429E-04 5.1262695E-04
1.1890957E-04 1.2067354E-04 1.2252685E-04 1.2447457E-04 1.2652234E-04 1.2867585E-04 1.3094157E-04 1.3332612E-04 1.3583677E-04 1.3848103E-04 1.4126705E-04 1.4420344E-04 1.4729955E-04 1.5056517E-04 1.5401095E-04 1.5764803E-04 1.6148831E-04 1.6554435E-04 1.6982957E-04 1.7435782E-04 1.7914409E-04 1.8420393E-04 1.8955377E-04 1.9521042E-04 2.0119161E-04 2.0751522E-04 2.1419961E-04 2.2126305E-04 2.2872371E-04 2.3659917E-04 2.4490600E-04 2.5365900E-04 2.6287104E-04 2.7255167E-04 2.8270675E-04 2.9333701E-04 3.0443756E-04 3.1599600E-04 3.2799237E-04 3.4039735E-04 3.5317260E-04 3.6626938E-04 3.7962929E-04 3.9318463E-04 4.0685991E-04 4.2057247E-04 4.3423550E-04 4.4775804E-04 4.6104644E-04 4.7401211E-04
1.1873399E-04 1.2043608E-04 1.2222280E-04 1.2409879E-04 1.2606916E-04 1.2813928E-04 1.3031495E-04 1.3260223E-04 1.3500762E-04 1.3753807E-04 1.4020078E-04 1.4300361E-04 1.4595472E-04 1.4906308E-04 1.5233795E-04 1.5578924E-04 1.5942731E-04 1.6326312E-04 1.6730827E-04 1.7157482E-04 1.7607538E-04 1.8082331E-04 1.8583224E-04 1.9111628E-04 1.9668987E-04 2.0256769E-04 2.0876435E-04 2.1529432E-04 2.2217138E-04 2.2940901E-04 2.3701914E-04 2.4501217E-04 2.5339623E-04 2.6217676E-04 2.7135565E-04 2.8093034E-04 2.9089328E-04 3.0123122E-04 3.1192426E-04 3.2294539E-04 3.3426008E-04 3.4582635E-04 3.5759431E-04 3.6950764E-04 3.8150360E-04 3.9351490E-04 4.0547102E-04 4.1730082E-04 4.2893659E-04 4.4030984E-04
