T6-multimodels/GL4.grd
DSAA
         100         100
  -15.00000       15.00000    
  -15.00000       15.00000    
  1.3631192E-03  7.9150252E-02
[rows 44 to 65 of 100, columns 0 to 49 of 100]
1.3858294E-03 1.5426936E-03 1.7125643E-03 1.8967558E-03 2.0967729E-03 2.3142782E-03 2.5511456E-03 2.8094798E-03 3.0916443E-03 3.4002690E-03 3.7383307E-03 4.1091312E-03 4.5163855E-03 4.9642222E-03 5.4572406E-03 6.0005281E-03 6.5996633E-03 7.2607556E-03 7.9904310E-03 8.7957568E-03 9.6842321E-03 1.0663651E-02 1.1741969E-02 1.2927126E-02 1.4226856E-02 1.5648399E-02 1.7198348E-02 1.8882295E-02 2.0704729E-02 2.2668801E-02 2.4776200E-02 2.7026972E-02 2.9419452E-02 3.1950038E-02 3.4612924E-02 3.7399612E-02 4.0298283E-02 4.3292630E-02 4.6360381E-02 4.9471062E-02 5.2583694E-02 5.5644769E-02 5.8589227E-02 6.1347123E-02 6.3857488E-02 6.6082999E-02 6.8016209E-02 6.9673754E-02 7.1085207E-02 7.2283700E-02
1.3772998E-03 1.5352642E-03 1.7063478E-03 1.8918930E-03 2.0934136E-03 2.3125876E-03 2.5513149E-03 2.8117225E-03 3.0961866E-03 3.4073815E-03 3.7483040E-03 4.1222870E-03 4.5330855E-03 4.9848640E-03 5.4822667E-03 6.0304166E-03 6.6349371E-03 7.3019927E-03 8.0382489E-03 8.8508222E-03 9.7472537E-03 1.0735375E-02 1.1823185E-02 1.3018652E-02 1.4329519E-02 1.5763046E-02 1.7325820E-02 1.9023426E-02 2.0860314E-02 2.2839598E-02 2.4962896E-02 2.7230186E-02 2.9639712E-02 3.2187752E-02 3.4868404E-02 3.7673023E-02 4.0589660E-02 4.3601874E-02 4.6687230E-02 4.9815152E-02 5.2944485E-02 5.6021631E-02 5.8981407E-02 6.1753795E-02 6.4277731E-02 6.6515855E-02 6.8460718E-02 7.0128918E-02 7.1550049E-02 7.2757259E-02
1.3709418E-03 1.5297646E-03 1.7018007E-03 1.8884003E-03 2.0910958E-03 2.3115731E-03 2.5517556E-03 2.8137767E-03 3.1000422E-03 3.4132369E-03 3.7563874E-03 4.1328520E-03 4.5464109E-03 5.0012562E-03 5.5020596E-03 6.0539879E-03 6.6626891E-03 7.3343595E-03 8.0757067E-03 8.8938754E-03 9.7964453E-03 1.0791270E-02 1.1886384E-02 1.3089757E-02 1.4409163E-02 1.5851859E-02 1.7424440E-02 1.9132454E-02 2.0980356E-02 2.2971202E-02 2.5106570E-02 2.7386386E-02 2.9808808E-02 3.2370057E-02 3.5064109E-02 3.7882257E-02 4.0812436E-02 4.3838102E-02 4.6936713E-02 5.0077587E-02 5.3219493E-02 5.6308728E-02 5.9280038E-02 6.2063344E-02 6.4597525E-02 6.6845194E-02 6.8798870E-02 7.0475146E-02 7.1903639E-02 7.3117480E-02
1.3665468E-03 1.5259823E-03 1.6987018E-03 1.8860602E-03 2.0895945E-03 2.3110104E-03 2.5522297E-03 2.8154068E-03 3.1029638E-03 3.4175906E-03 3.7623371E-03 4.1405773E-03 4.5561031E-03 5.0131418E-03 5.5163740E-03 6.0709924E-03 6.6826688E-03 7.3576299E-03 8.1025986E-03 8.9247478E-03 9.8316688E-03 1.0831244E-02 1.1931520E-02 1.3140493E-02 1.4465928E-02 1.5915100E-02 1.7494578E-02 1.9209931E-02 2.1065563E-02 2.3064528E-02 2.5208363E-02 2.7496954E-02 2.9928397E-02 3.2498870E-02 3.5202291E-02 3.8029876E-02 4.0969498E-02 4.4004533E-02 4.7112379E-02 5.0262287E-02 5.3412955E-02 5.6510612E-02 5.9489962E-02 6.2280882E-02 6.4822219E-02 6.7076564E-02 6.9036409E-02 7.0718348E-02 7.2151996E-02 7.3370516E-02
1.3639703E-03 1.5237730E-03 1.6969042E-03 1.8847154E-03 2.0887596E-03 2.3107387E-03 2.5525826E-03 2.8164580E-03 3.1047841E-03 3.4202735E-03 3.7659784E-03 4.1452842E-03 4.5619924E-03 5.0203414E-03 5.5250344E-03 6.0812659E-03 6.6947262E-03 7.3716543E-03 8.1187868E-03 8.9433119E-03 9.8528350E-03 1.0855251E-02 1.1958607E-02 1.3170909E-02 1.4499937E-02 1.5952954E-02 1.7536543E-02 1.9256249E-02 2.1116477E-02 2.3120251E-02 2.5269104E-02 2.7562883E-02 2.9999670E-02 3.2575604E-02 3.5284560E-02 3.8117718E-02 4.1062906E-02 4.4103481E-02 4.7216777E-02 5.0372016E-02 5.3527843E-02 5.6630477E-02 5.9614580E-02 6.2409993E-02 6.4955555E-02 6.7213841E-02 6.9177344E-02 7.0862643E-02 7.2299354E-02 7.3520638E-02
1.3631192E-03 1.5230506E-03 1.6963129E-03 1.8842793E-03 2.0884874E-03 2.3106565E-03 2.5527112E-03 2.8168166E-03 3.1054011E-03 3.4211779E-03 3.7671991E-03 4.1468590E-03 4.5639682E-03 5.0227558E-03 5.5279313E-03 6.0846983E-03 6.6987546E-03 7.3763374E-03 8.1241922E-03 8.9495070E-03 9.8598925E-03 1.0863256E-02 1.1967631E-02 1.3181045E-02 1.4511260E-02 1.5965559E-02 1.7550508E-02 1.9271653E-02 2.1133400E-02 2.3138776E-02 2.5289290E-02 2.7584791E-02 3.0023348E-02 3.2601081E-02 3.5311870E-02 3.8146876E-02 4.1093912E-02 4.4136308E-02 4.7251407E-02 5.0408408E-02 5.3565942E-02 5.6670222E-02 5.9655886E-02 6.2452801E-02 6.4999759E-02 6.7259356E-02 6.9224060E-02 7.0910476E-02 7.2348185E-02 7.3570408E-02
1.3639699E-03 1.5237745E-03 1.6969027E-03 1.8847153E-03 2.0887542E-03 2.3107375E-03 2.5525801E-03 2.8164580E-03 3.1047841E-03 3.4202728E-03 3.7659756E-03 4.1452819E-03 4.5619896E-03 5.0203414E-03 5.5250321E-03 6.0812649E-03 6.6947280E-03 7.3716496E-03 8.1187850E-03 8.9433091E-03 9.8528294E-03 1.0855247E-02 1.1958603E-02 1.3170910E-02 1.4499937E-02 1.5952950E-02 1.7536540E-02 1.9256245E-02 2.1116471E-02 2.3120249E-02 2.5269102E-02 2.7562879E-02 2.9999670E-02 3.2575600E-02 3.5284556E-02 3.8117718E-02 4.1062906E-02 4.4103481E-02 4.7216777E-02 5.0372016E-02 5.3527843E-02 5.6630470E-02 5.9614573E-02 6.2409993E-02 6.4955555E-02 6.7213841E-02 6.9177344E-02 7.0862643E-02 7.2299354E-02 7.3520638E-02
1.3665477E-03 1.5259839E-03 1.6987018E-03 1.8860621E-03 2.0895959E-03 2.3110113E-03 2.5522308E-03 2.8154117E-03 3.1029650E-03 3.4175909E-03 3.7623392E-03 4.1405791E-03 4.5561064E-03 5.0131395E-03 5.5163745E-03 6.0709952E-03 6.6826707E-03 7.3576323E-03 8.1026005E-03 8.9247487E-03 9.8316660E-03 1.0831247E-02 1.1931520E-02 1.3140491E-02 1.4465931E-02 1.5915100E-02 1.7494578E-02 1.9209929E-02 2.1065559E-02 2.3064530E-02 2.5208367E-02 2.7496949E-02 2.9928397E-02 3.2498870E-02 3.5202287E-02 3.8029876E-02 4.0969491E-02 4.4004526E-02 4.7112379E-02 5.0262284E-02 5.3412944E-02 5.6510609E-02 5.9489958E-02 6.2280882E-02 6.4822204E-02 6.7076549E-02 6.9036402E-02 7.0718341E-02 7.2151989E-02 7.3370516E-02
1.3709422E-03 1.5297607E-03 1.7017997E-03 1.8884004E-03 2.0910939E-03 2.3115713E-03 2.5517547E-03 2.8137763E-03 3.1000422E-03 3.4132341E-03 3.7563851E-03 4.1328538E-03 4.5464099E-03 5.0012530E-03 5.5020601E-03 6.0539856E-03 6.6626859E-03 7.3343567E-03 8.0757076E-03 8.8938773E-03 9.7964406E-03 1.0791270E-02 1.1886379E-02 1.3089755E-02 1.4409160E-02 1.5851855E-02 1.7424436E-02 1.9132456E-02 2.0980349E-02 2.2971198E-02 2.5106570E-02 2.7386386E-02 2.9808804E-02 3.2370053E-02 3.5064109E-02 3.7882254E-02 4.0812433E-02 4.3838091E-02 4.6936706E-02 5.0077584E-02 5.3219490E-02 5.6308728E-02 5.9280030E-02 6.2063333E-02 6.4597517E-02 6.6845186E-02 6.8798862E-02 7.0475146E-02 7.1903631E-02 7.3117472E-02
1.3773014E-03 1.5352666E-03 1.7063497E-03 1.8918912E-03 2.0934129E-03 2.3125894E-03 2.5513149E-03 2.8117211E-03 3.0961845E-03 3.4073805E-03 3.7483014E-03 4.1222852E-03 4.5330846E-03 4.9848631E-03 5.4822667E-03 6.0304147E-03 6.6349357E-03 7.3019937E-03 8.0382451E-03 8.8508222E-03 9.7472547E-03 1.0735377E-02 1.1823183E-02 1.3018649E-02 1.4329516E-02 1.5763046E-02 1.7325819E-02 1.9023424E-02 2.0860313E-02 2.2839596E-02 2.4962896E-02 2.7230186E-02 2.9639708E-02 3.2187752E-02 3.4868404E-02 3.7673023E-02 4.0589660E-02 4.3601874E-02 4.6687230E-02 4.9815148E-02 5.2944481E-02 5.6021627E-02 5.8981400E-02 6.1753783E-02 6.4277723E-02 6.6515855E-02 6.8460710E-02 7.0128918E-02 7.1550041E-02 7.2757259E-02
1.3858337E-03 1.5427014E-03 1.7125672E-03 1.8967583E-03 2.0967717E-03 2.3142803E-03 2.5511479E-03 2.8094805E-03 3.0916452E-03 3.4002708E-03 3.7383323E-03 4.1091340E-03 4.5163869E-03 4.9642222E-03 5.4572406E-03 6.0005286E-03 6.5996628E-03 7.2607575E-03 7.9904310E-03 8.7957596E-03 9.6842321E-03 1.0663649E-02 1.1741970E-02 1.2927129E-02 1.4226857E-02 1.5648400E-02 1.7198348E-02 1.8882295E-02 2.0704728E-02 2.2668801E-02 2.4776198E-02 2.7026976E-02 2.9419450E-02 3.1950038E-02 3.4612924E-02 3.7399609E-02 4.0298283E-02 4.3292630E-02 4.6360381E-02 4.9471062E-02 5.2583694E-02 5.5644762E-02 5.8589224E-02 6.1347123E-02 6.3857473E-02 6.6082984E-02 6.8016209E-02 6.9673754E-02 7.1085200E-02 7.2283693E-02
1.3967988E-03 1.5523343E-03 1.7207201E-03 1.9032698E-03 2.1014628E-03 2.3169348E-03 2.5515454E-03 2.8073627E-03 3.0867185E-03 3.3922158E-03 3.7267921E-03 4.0937099E-03 4.4966382E-03 4.9396562E-03 5.4273172E-03 5.9646452E-03 6.5571689E-03 7.2109411E-03 7.9325167E-03 8.7289158E-03 9.6075749E-03 1.0576227E-02 1.1642788E-02 1.2815158E-02 1.4101029E-02 1.5507635E-02 1.7041560E-02 1.8708413E-02 2.0512719E-02 2.2457678E-02 2.4545057E-02 2.6774995E-02 2.9145936E-02 3.1654414E-02 3.4294784E-02 3.7058700E-02 3.9934531E-02 4.2906143E-02 4.5951460E-02 4.9040195E-02 5.2131530E-02 5.5172145E-02 5.8097094E-02 6.0836576E-02 6.3329697E-02 6.5539204E-02 6.7457698E-02 6.9101810E-02 7.0501089E-02 7.1688652E-02
1.4105227E-03 1.5645020E-03 1.7311565E-03 1.9117779E-03 2.1078305E-03 2.3209210E-03 2.5528765E-03 2.8057324E-03 3.0817923E-03 3.3836151E-03 3.7140849E-03 4.0764310E-03 4.4742511E-03 4.9115852E-03 5.3929090E-03 5.9231869E-03 6.5078689E-03 7.1529383E-03 7.8648841E-03 8.6506363E-03 9.5175598E-03 1.0473321E-02 1.1525775E-02 1.2682755E-02 1.3951918E-02 1.5340464E-02 1.6854972E-02 1.8501071E-02 2.0283299E-02 2.2204936E-02 2.4267813E-02 2.6472202E-02 2.8816668E-02 3.1297933E-02 3.3910505E-02 3.6646266E-02 3.9493803E-02 4.2437237E-02 4.5454696E-02 4.8516165E-02 5.1581040E-02 5.4596223E-02 5.7496965E-02 6.0213618E-02 6.2685408E-02 6.4875171E-02 6.6775545E-02 6.8403170E-02 6.9787569E-02 7.0961781E-02
1.4274017E-03 1.5795879E-03 1.7442623E-03 1.9226816E-03 2.1162878E-03 2.3266494E-03 2.5555657E-03 2.8050402E-03 3.0773133E-03 3.3749172E-03 3.7006806E-03 4.0577627E-03 4.4497168E-03 4.8804930E-03 5.3545125E-03 5.8766357E-03 6.4522480E-03 7.0872316E-03 7.7879792E-03 8.5613318E-03 9.4145602E-03 1.0355240E-02 1.1391138E-02 1.2530015E-02 1.3779464E-02 1.5146661E-02 1.6638137E-02 1.8259535E-02 2.0015433E-02 2.1909159E-02 2.3942655E-02 2.6116302E-02 2.8428845E-02 3.0877177E-02 3.3456057E-02 3.6157619E-02 3.8970705E-02 4.1879743E-02 4.4863183E-02 4.7891304E-02 5.0923817E-02 5.3907890E-02 5.6779038E-02 5.9467833E-02 6.1913650E-02 6.4079434E-02 6.5957889E-02 6.7565642E-02 6.8932176E-02 7.0090465E-02
1.4478526E-03 1.5980413E-03 1.7604998E-03 1.9364542E-03 2.1273047E-03 2.3346050E-03 2.5601110E-03 2.8057767E-03 3.0738069E-03 3.3666650E-03 3.6871256E-03 4.0382827E-03 4.4236057E-03 4.8469771E-03 5.3127180E-03 5.8256043E-03 6.3909106E-03 7.0144059E-03 7.7023818E-03 8.4615545E-03 9.2990743E-03 1.0222409E-02 1.1239214E-02 1.2357156E-02 1.3583747E-02 1.4926084E-02 1.6390678E-02 1.7983152E-02 1.9708106E-02 2.1568943E-02 2.3567684E-02 2.5704870E-02 2.7979417E-02 3.0388441E-02 3.2926980E-02 3.5587456E-02 3.8359068E-02 4.1226607E-02 4.4168908E-02 4.7156654E-02 5.0149940E-02 5.3096328E-02 5.5931643E-02 5.8586761E-02 6.1001264E-02 6.3138247E-02 6.4990461E-02 6.6574544E-02 6.7919910E-02 6.9059394E-02
1.4723757E-03 1.6203587E-03 1.7803586E-03 1.9535881E-03 2.1414049E-03 2.3453261E-03 2.5670601E-03 2.8085173E-03 3.0718467E-03 3.3594482E-03 3.6740308E-03 4.0186066E-03 4.3965662E-03 4.8116953E-03 5.2682096E-03 5.7707774E-03 6.3245450E-03 6.9351676E-03 7.6087764E-03 8.3519621E-03 9.1717346E-03 1.0075407E-02 1.1070506E-02 1.2164566E-02 1.3364992E-02 1.4678788E-02 1.6112398E-02 1.7671421E-02 1.9360470E-02 2.1182984E-02 2.3141097E-02 2.5235493E-02 2.7465289E-02 2.9827863E-02 3.2318540E-02 3.4930117E-02 3.7652198E-02 4.0470023E-02 4.3362912E-02 4.6302069E-02 4.9248103E-02 5.2149046E-02 5.4941226E-02 5.7555854E-02 5.9932813E-02 6.2035408E-02 6.3856460E-02 6.5412559E-02 6.6733062E-02 6.7850612E-02
1.5014550E-03 1.6470322E-03 1.8043618E-03 1.9746183E-03 2.1591317E-03 2.3593663E-03 2.5769873E-03 2.8138498E-03 3.0720443E-03 3.3538949E-03 3.6620460E-03 3.9994135E-03 4.3692938E-03 4.7753630E-03 5.2217264E-03 5.7129222E-03 6.2539452E-03 6.8503027E-03 7.5079673E-03 8.2333637E-03 9.0333233E-03 9.9149831E-03 1.0885694E-02 1.1952837E-02 1.3123663E-02 1.4405054E-02 1.5803361E-02 1.7324122E-02 1.8971924E-02 2.0750258E-02 2.2661343E-02 2.4705991E-02 2.6883550E-02 2.9191667E-02 3.1626001E-02 3.4179773E-02 3.6843065E-02 3.9601661E-02 4.2435490E-02 4.5316398E-02 4.8205674E-02 5.1052015E-02 5.3792346E-02 5.6358427E-02 5.8690537E-02 6.0752217E-02 6.2536404E-02 6.4059660E-02 6.5351136E-02 6.6443272E-02
1.5356159E-03 1.6786041E-03 1.8330548E-03 2.0001107E-03 2.1810557E-03 2.3773147E-03 2.5904942E-03 2.8224005E-03 3.0750451E-03 3.3506858E-03 3.6518669E-03 3.9814268E-03 4.3425444E-03 4.7387793E-03 5.1740957E-03 5.6528845E-03 6.1799884E-03 6.7607295E-03 7.4008964E-03 8.1067123E-03 8.8847922E-03 9.7420746E-03 1.0685693E-02 1.1722824E-02 1.2860528E-02 1.4105515E-02 1.5464005E-02 1.6941432E-02 1.8542347E-02 2.0270227E-02 2.2127362E-02 2.4114702E-02 2.6231792E-02 2.8476557E-02 3.0845048E-02 3.3330921E-02 3.5924818E-02 3.8613167E-02 4.1376647E-02 4.4187922E-02 4.7009155E-02 4.9789935E-02 5.2468028E-02 5.4975931E-02 5.7254490E-02 5.9267607E-02 6.1008330E-02 6.2493131E-02 6.3750938E-02 6.4813845E-02
1.5753370E-03 1.7155578E-03 1.8669339E-03 2.0305724E-03 2.2077118E-03 2.3997235E-03 2.6081624E-03 2.8347655E-03 3.0814721E-03 3.3504639E-03 3.6441847E-03 3.9653690E-03 4.3170755E-03 4.7027324E-03 5.1261508E-03 5.5915625E-03 6.1036111E-03 6.6674314E-03 7.2885887E-03 7.9730740E-03 8.7272627E-03 9.5578330E-03 1.0471661E-02 1.1475677E-02 1.2576695E-02 1.3781215E-02 1.5095261E-02 1.6524123E-02 1.8072244E-02 1.9743072E-02 2.1538917E-02 2.3460824E-02 2.5508527E-02 2.7680222E-02 2.9972315E-02 3.2378975E-02 3.4891445E-02 3.7496902E-02 4.0176898E-02 4.2905144E-02 4.5644920E-02 4.8347011E-02 5.0950371E-02 5.3388547E-02 5.5603188E-02 5.7558693E-02 5.9248269E-02 6.0688257E-02 6.1907209E-02 6.2936671E-02
1.6210058E-03 1.7583015E-03 1.9064276E-03 2.0664446E-03 2.2395493E-03 2.4270653E-03 2.6304838E-03 2.8514662E-03 3.0918780E-03 3.3538120E-03 3.6396133E-03 3.9518964E-03 4.2935954E-03 4.6679825E-03 5.0787134E-03 5.5298177E-03 6.0257576E-03 6.5714256E-03 7.1721426E-03 7.8336326E-03 8.5619837E-03 9.3635833E-03 1.0245004E-02 1.1212865E-02 1.2273688E-02 1.3433692E-02 1.4698658E-02 1.6073661E-02 1.7562987E-02 1.9169981E-02 2.0896910E-02 2.2744875E-02 2.4713742E-02 2.6801934E-02 2.9006213E-02 3.1321216E-02 3.3738829E-02 3.6247056E-02 3.8828481E-02 4.1458048E-02 4.4100512E-02 4.6708271E-02 4.9221899E-02 5.1576462E-02 5.3714804E-02 5.5602044E-02 5.7231605E-02 5.8619563E-02 5.9793886E-02 6.0785394E-02
1.6728612E-03 1.8070809E-03 1.9517894E-03 2.1080070E-03 2.2768762E-03 2.4596648E-03 2.6578035E-03 2.8728798E-03 3.1066774E-03 3.3611879E-03 3.6386517E-03 3.9415541E-03 4.2726947E-03 4.6351873E-03 5.0324998E-03 5.4684663E-03 5.9473175E-03 6.4736912E-03 7.0526451E-03 7.6895864E-03 8.3902888E-03 9.1607962E-03 1.0007331E-02 1.0936148E-02 1.1953417E-02 1.3065008E-02 1.4276390E-02 1.5592353E-02 1.7016953E-02 1.8553354E-02 2.0203719E-02 2.1969113E-02 2.3849439E-02 2.5843300E-02 2.7947724E-02 3.0157778E-02 3.2465968E-02 3.4861151E-02 3.7327047E-02 3.9840080E-02 4.2366818E-02 4.4861782E-02 4.7267854E-02 4.9522273E-02 5.1569667E-02 5.3376209E-02 5.4935586E-02 5.6263480E-02 5.7386961E-02 5.8335721E-02
1.7308618E-03 1.8618691E-03 2.0030129E-03 2.1552658E-03 2.3197171E-03 2.4975841E-03 2.6902109E-03 2.8991208E-03 3.1260131E-03 3.3727749E-03 3.6415264E-03 3.9346288E-03 4.2547300E-03 4.6047685E-03 4.9880161E-03 5.4080975E-03 5.8689928E-03 6.3750674E-03 6.9310633E-03 7.5420663E-03 8.2134930E-03 8.9509962E-03 9.7603826E-03 1.0647507E-02 1.1618126E-02 1.2677705E-02 1.3831306E-02 1.5083377E-02 1.6437659E-02 1.7897040E-02 1.9463483E-02 2.1137916E-02 2.2920208E-02 2.4808982E-02 2.6801433E-02 2.8892968E-02 3.1076603E-02 3.3342019E-02 3.5674088E-02 3.8050883E-02 4.0441182E-02 4.2802252E-02 4.5080110E-02 4.7215164E-02 4.9154665E-02 5.0866362E-02 5.2344285E-02 5.3603437E-02 5.4669552E-02 5.5570718E-02
