T6-multimodels/GL4.grd
DSAA
         100         100
  -15.00000       15.00000    
  -15.00000       15.00000    
  1.3631192E-03  7.9150252E-02
[rows 22 to 43 of 100, columns 0 to 49 of 100]
2.4012730E-03 2.4927002E-03 2.5900493E-03 2.6937756E-03 2.8043718E-03 2.9223773E-03 3.0483713E-03 3.1829849E-03 3.3269024E-03 3.4808565E-03 3.6456427E-03 3.8221090E-03 4.0111686E-03 4.2137876E-03 4.4309925E-03 4.6638590E-03 4.9135000E-03 5.1810653E-03 5.4677166E-03 5.7746037E-03 6.1028409E-03 6.4534782E-03 6.8274494E-03 7.2255442E-03 7.6483516E-03 8.0962069E-03 8.5691661E-03 9.0669272E-03 9.5888255E-03 1.0133786E-02 1.0700299E-02 1.1286408E-02 1.1889707E-02 1.2507334E-02 1.3135992E-02 1.3771944E-02 1.4411060E-02 1.5048859E-02 1.5680566E-02 1.6301207E-02 1.6905772E-02 1.7489374E-02 1.8047495E-02 1.8576210E-02 1.9072432E-02 1.9534029E-02 1.9959874E-02 2.0349775E-02 2.0704294E-02 2.1024579E-02
2.3648508E-03 2.4599135E-03 2.5612649E-03 2.6693994E-03 2.7848631E-03 2.9082445E-03 3.0401868E-03 3.1813921E-03 3.3326205E-03 3.4946969E-03 3.6685150E-03 3.8550380E-03 4.0553040E-03 4.2704269E-03 4.5015933E-03 4.7500539E-03 5.0171246E-03 5.3041684E-03 5.6125829E-03 5.9437701E-03 6.2991129E-03 6.6799377E-03 7.0874621E-03 7.5227544E-03 7.9866732E-03 8.4798019E-03 9.0024183E-03 9.5543973E-03 1.0135203E-02 1.0743826E-02 1.1378761E-02 1.2037973E-02 1.2718892E-02 1.3418400E-02 1.4132819E-02 1.4857924E-02 1.5588942E-02 1.6320584E-02 1.7047094E-02 1.7762333E-02 1.8459957E-02 1.9133640E-02 1.9777426E-02 2.0386079E-02 2.0955484E-02 2.1482877E-02 2.1966951E-02 2.2407696E-02 2.2806168E-02 2.3164153E-02
2.3213509E-03 2.4200857E-03 2.5254856E-03 2.6380846E-03 2.7584850E-03 2.8873289E-03 3.0253255E-03 3.1732493E-03 3.3319476E-03 3.5023368E-03 3.6854199E-03 3.8822817E-03 4.0940992E-03 4.3221419E-03 4.5677694E-03 4.8324354E-03 5.1176683E-03 5.4250760E-03 5.7563251E-03 6.1130957E-03 6.4970846E-03 6.9099348E-03 7.3532010E-03 7.8282813E-03 8.3363652E-03 8.8783503E-03 9.4547970E-03 1.0065830E-02 1.0711107E-02 1.1389766E-02 1.2100367E-02 1.2840870E-02 1.3608609E-02 1.4400270E-02 1.5211863E-02 1.6038684E-02 1.6875330E-02 1.7715652E-02 1.8552786E-02 1.9379202E-02 2.0186875E-02 2.0967573E-02 2.1713315E-02 2.2416979E-02 2.3072936E-02 2.3677507E-02 2.4229128E-02 2.4728134E-02 2.5176328E-02 2.5576446E-02
2.2706625E-03 2.3730921E-03 2.4825665E-03 2.5996733E-03 2.7250610E-03 2.8594334E-03 3.0035654E-03 3.1583114E-03 3.3246060E-03 3.5034630E-03 3.6960053E-03 3.9034423E-03 4.1270996E-03 4.3684165E-03 4.6289428E-03 4.9103396E-03 5.2143824E-03 5.5429433E-03 5.8979737E-03 6.2814835E-03 6.6955094E-03 7.1420660E-03 7.6230834E-03 8.1403526E-03 8.6954543E-03 9.2896651E-03 9.9238995E-03 1.0598606E-02 1.1313725E-02 1.2068612E-02 1.2861990E-02 1.3691906E-02 1.4555701E-02 1.5449957E-02 1.6370459E-02 1.7312136E-02 1.8268999E-02 1.9234061E-02 2.0199275E-02 2.1155527E-02 2.2092741E-02 2.3000177E-02 2.3867080E-02 2.4683582E-02 2.5441810E-02 2.6136737E-02 2.6766464E-02 2.7331909E-02 2.7835993E-02 2.8282849E-02
2.2130110E-03 2.3191427E-03 2.4327124E-03 2.5543468E-03 2.6847520E-03 2.8246939E-03 2.9750189E-03 3.1366583E-03 3.3106380E-03 3.4980818E-03 3.7002270E-03 3.9184229E-03 4.1541499E-03 4.4090250E-03 4.6847980E-03 4.9833646E-03 5.3067491E-03 5.6571122E-03 6.0367319E-03 6.4479606E-03 6.8932185E-03 7.3749246E-03 7.8954445E-03 8.4570050E-03 9.0616439E-03 9.7110756E-03 1.0406643E-02 1.1149197E-02 1.1939035E-02 1.2775835E-02 1.3658579E-02 1.4585509E-02 1.5554090E-02 1.6560934E-02 1.7601753E-02 1.8671235E-02 1.9762950E-02 2.0869171E-02 2.1980705E-02 2.3086717E-02 2.4174746E-02 2.5230898E-02 2.6240658E-02 2.7190264E-02 2.8068541E-02 2.8868459E-02 2.9587740E-02 3.0228198E-02 3.0794458E-02 3.1292580E-02
2.1490930E-03 2.2589264E-03 2.3765836E-03 2.5027483E-03 2.6381821E-03 2.7837090E-03 2.9402531E-03 3.1088241E-03 3.2905450E-03 3.4866470E-03 3.6984920E-03 3.9275670E-03 4.1755228E-03 4.4441586E-03 4.7354326E-03 5.0514862E-03 5.3946106E-03 5.7672807E-03 6.1721024E-03 6.6118119E-03 7.0892405E-03 7.6072472E-03 8.1686648E-03 8.7762158E-03 9.4324332E-03 1.0139536E-02 1.0899362E-02 1.1713226E-02 1.2581877E-02 1.3505385E-02 1.4483102E-02 1.5513573E-02 1.6594514E-02 1.7722728E-02 1.8894002E-02 2.0102978E-02 2.1342987E-02 2.2605728E-02 2.3881003E-02 2.5156273E-02 2.6416427E-02 2.7643813E-02 2.8819067E-02 2.9923093E-02 3.0940024E-02 3.1860005E-02 3.2680266E-02 3.3404037E-02 3.4038331E-02 3.4591835E-02
2.0801653E-03 2.1936742E-03 2.3154030E-03 2.4460806E-03 2.5865266E-03 2.7376334E-03 2.9003904E-03 3.0758982E-03 3.2653718E-03 3.4701552E-03 3.6917371E-03 3.9317515E-03 4.1920166E-03 4.4745211E-03 4.7814483E-03 5.1151807E-03 5.4782978E-03 5.8735851E-03 6.3040182E-03 6.7727161E-03 7.2829472E-03 7.8380387E-03 8.4413262E-03 9.0960572E-03 9.8053031E-03 1.0571829E-02 1.1398016E-02 1.2285710E-02 1.3236159E-02 1.4249912E-02 1.5326764E-02 1.6465668E-02 1.7664704E-02 1.8920986E-02 2.0230552E-02 2.1588176E-02 2.2987150E-02 2.4418835E-02 2.5872203E-02 2.7333135E-02 2.8783785E-02 3.0202251E-02 3.1563316E-02 3.2841071E-02 3.4013461E-02 3.5066873E-02 3.5997983E-02 3.6812007E-02 3.7519105E-02 3.8131211E-02
2.0080411E-03 2.1251880E-03 2.2509512E-03 2.3861036E-03 2.5315294E-03 2.6881744E-03 2.8571058E-03 3.0395170E-03 3.2367113E-03 3.4501532E-03 3.6814522E-03 3.9323969E-03 4.2049717E-03 4.5013586E-03 4.8239692E-03 5.1754364E-03 5.5586295E-03 5.9766578E-03 6.4328639E-03 6.9307759E-03 7.4741058E-03 8.0666626E-03 8.7122992E-03 9.4148107E-03 1.0177838E-02 1.1004710E-02 1.1898384E-02 1.2861270E-02 1.3895156E-02 1.5001115E-02 1.6179435E-02 1.7429532E-02 1.8749932E-02 2.0138143E-02 2.1590557E-02 2.3102215E-02 2.4666509E-02 2.6274635E-02 2.7914897E-02 2.9571727E-02 3.1224538E-02 3.2846924E-02 3.4407146E-02 3.5871431E-02 3.7210371E-02 3.8405921E-02 3.9454184E-02 4.0362764E-02 4.1145518E-02 4.1818131E-02
1.9349246E-03 2.0556573E-03 2.1853978E-03 2.3249681E-03 2.4753057E-03 2.6374250E-03 2.8124696E-03 3.0017074E-03 3.2065525E-03 3.4285688E-03 3.6695078E-03 3.9312970E-03 4.2160936E-03 4.5262780E-03 4.8644803E-03 5.2335947E-03 5.6367740E-03 6.0774614E-03 6.5593612E-03 7.0864083E-03 7.6627620E-03 8.2927262E-03 8.9806700E-03 9.7309370E-03 1.0547728E-02 1.1434970E-02 1.2396189E-02 1.3434354E-02 1.4551814E-02 1.5750168E-02 1.7030202E-02 1.8391820E-02 1.9833986E-02 2.1354644E-02 2.2950549E-02 2.4617022E-02 2.6347598E-02 2.8133325E-02 2.9961899E-02 3.1816293E-02 3.3673208E-02 3.5501692E-02 3.7263379E-02 3.8916387E-02 4.0423788E-02 4.1762941E-02 4.2929374E-02 4.3933157E-02 4.4791974E-02 4.5525331E-02
1.8631044E-03 1.9873520E-03 2.1209936E-03 2.2649015E-03 2.4200636E-03 2.5875624E-03 2.7686150E-03 2.9645727E-03 3.1769469E-03 3.4074073E-03 3.6578421E-03 3.9303200E-03 4.2271684E-03 4.5509590E-03 4.9045472E-03 5.2910750E-03 5.7139788E-03 6.1770235E-03 6.6842767E-03 7.2400798E-03 7.8490274E-03 8.5158916E-03 9.2455614E-03 1.0042913E-02 1.0912705E-02 1.1859410E-02 1.2887126E-02 1.3999364E-02 1.5199000E-02 1.6488126E-02 1.7868008E-02 1.9338969E-02 2.0900395E-02 2.2550575E-02 2.4286563E-02 2.6103888E-02 2.7996100E-02 2.9954001E-02 3.1964544E-02 3.4009159E-02 3.6061816E-02 3.8087185E-02 4.0040724E-02 4.1873239E-02 4.3541081E-02 4.5017514E-02 4.6297520E-02 4.7393344E-02 4.8326064E-02 4.9118683E-02
1.7945805E-03 1.9222646E-03 2.0597151E-03 2.2078543E-03 2.3677298E-03 2.5404869E-03 2.7274122E-03 2.9299401E-03 3.1496722E-03 3.3884041E-03 3.6481295E-03 3.9310670E-03 4.2397119E-03 4.5768209E-03 4.9454626E-03 5.3490200E-03 5.7912138E-03 6.2761242E-03 6.8081557E-03 7.3920316E-03 8.0327718E-03 8.7356148E-03 9.5059248E-03 1.0349075E-02 1.1270354E-02 1.2274766E-02 1.3366909E-02 1.4550796E-02 1.5829775E-02 1.7206382E-02 1.8682271E-02 2.0258125E-02 2.1933625E-02 2.3707317E-02 2.5576402E-02 2.7536428E-02 2.9580802E-02 3.1699859E-02 3.3879589E-02 3.6099788E-02 3.8331710E-02 4.0536061E-02 4.2663019E-02 4.4657450E-02 4.6470419E-02 4.8071973E-02 4.9456608E-02 5.0638169E-02 5.1640451E-02 5.2489370E-02
1.7308601E-03 1.8618673E-03 2.0030104E-03 2.1552632E-03 2.3197161E-03 2.4975818E-03 2.6902100E-03 2.8991210E-03 3.1260143E-03 3.3727738E-03 3.6415285E-03 3.9346288E-03 4.2547318E-03 4.6047703E-03 4.9880194E-03 5.4081017E-03 5.8689965E-03 6.3750716E-03 6.9310665E-03 7.5420719E-03 8.2134958E-03 8.9509981E-03 9.7603891E-03 1.0647512E-02 1.1618130E-02 1.2677709E-02 1.3831309E-02 1.5083379E-02 1.6437663E-02 1.7897043E-02 1.9463483E-02 2.1137916E-02 2.2920208E-02 2.4808982E-02 2.6801433E-02 2.8892964E-02 3.1076603E-02 3.3342011E-02 3.5674088E-02 3.8050879E-02 4.0441178E-02 4.2802252E-02 4.5080099E-02 4.7215164E-02 4.9154654E-02 5.0866354E-02 5.2344285E-02 5.3603437E-02 5.4669544E-02 5.5570710E-02
1.6728599E-03 1.8070792E-03 1.9517899E-03 2.1080046E-03 2.2768739E-03 2.4596651E-03 2.6578051E-03 2.8728810E-03 3.1066788E-03 3.3611872E-03 3.6386538E-03 3.9415592E-03 4.2726961E-03 4.6351892E-03 5.0325035E-03 5.4684686E-03 5.9473189E-03 6.4736968E-03 7.0526479E-03 7.6895906E-03 8.3902944E-03 9.1608008E-03 1.0007335E-02 1.0936153E-02 1.1953419E-02 1.3065012E-02 1.4276393E-02 1.5592356E-02 1.7016957E-02 1.8553358E-02 2.0203723E-02 2.1969115E-02 2.3849444E-02 2.5843304E-02 2.7947720E-02 3.0157778E-02 3.2465968E-02 3.4861151E-02 3.7327051E-02 3.9840080E-02 4.2366814E-02 4.4861790E-02 4.7267862E-02 4.9522273E-02 5.1569663E-02 5.3376202E-02 5.4935586E-02 5.6263480E-02 5.7386961E-02 5.8335721E-02
1.6210069E-03 1.7583013E-03 1.9064269E-03 2.0664469E-03 2.2395519E-03 2.4270674E-03 2.6304855E-03 2.8514659E-03 3.0918818E-03 3.3538162E-03 3.6396182E-03 3.9519016E-03 4.2936020E-03 4.6679904E-03 5.0787181E-03 5.5298246E-03 6.0257632E-03 6.5714316E-03 7.1721482E-03 7.8336392E-03 8.5619902E-03 9.3635926E-03 1.0245014E-02 1.1212872E-02 1.2273694E-02 1.3433697E-02 1.4698665E-02 1.6073667E-02 1.7562995E-02 1.9169984E-02 2.0896917E-02 2.2744879E-02 2.4713745E-02 2.6801938E-02 2.9006213E-02 3.1321224E-02 3.3738833E-02 3.6247060E-02 3.8828488E-02 4.1458052E-02 4.4100516E-02 4.6708275E-02 4.9221911E-02 5.1576473E-02 5.3714808E-02 5.5602051E-02 5.7231605E-02 5.8619563E-02 5.9793890E-02 6.0785394E-02
1.5753338E-03 1.7155547E-03 1.8669313E-03 2.0305701E-03 2.2077081E-03 2.3997223E-03 2.6081624E-03 2.8347652E-03 3.0814707E-03 3.3504630E-03 3.6441872E-03 3.9653704E-03 4.3170783E-03 4.7027352E-03 5.1261545E-03 5.5915625E-03 6.1036167E-03 6.6674361E-03 7.2885929E-03 7.9730805E-03 8.7272711E-03 9.5578367E-03 1.0471668E-02 1.1475684E-02 1.2576702E-02 1.3781219E-02 1.5095266E-02 1.6524130E-02 1.8072251E-02 1.9743079E-02 2.1538923E-02 2.3460831E-02 2.5508530E-02 2.7680229E-02 2.9972324E-02 3.2378986E-02 3.4891453E-02 3.7496909E-02 4.0176909E-02 4.2905144E-02 4.5644924E-02 4.8347022E-02 5.0950382E-02 5.3388558E-02 5.5603191E-02 5.7558700E-02 5.9248280E-02 6.0688276E-02 6.1907213E-02 6.2936679E-02
1.5356131E-03 1.6786020E-03 1.8330562E-03 2.0001112E-03 2.1810569E-03 2.3773166E-03 2.5904961E-03 2.8224019E-03 3.0750444E-03 3.3506891E-03 3.6518693E-03 3.9814273E-03 4.3425467E-03 4.7387816E-03 5.1740981E-03 5.6528882E-03 6.1799921E-03 6.7607341E-03 7.4009011E-03 8.1067160E-03 8.8847978E-03 9.7420774E-03 1.0685697E-02 1.1722828E-02 1.2860532E-02 1.4105518E-02 1.5464009E-02 1.6941436E-02 1.8542351E-02 2.0270228E-02 2.2127364E-02 2.4114702E-02 2.6231792E-02 2.8476560E-02 3.0845042E-02 3.3330917E-02 3.5924811E-02 3.8613167E-02 4.1376647E-02 4.4187922E-02 4.7009155E-02 4.9789935E-02 5.2468024E-02 5.4975927E-02 5.7254490E-02 5.9267603E-02 6.1008330E-02 6.2493131E-02 6.3750938E-02 6.4813845E-02
1.5014550E-03 1.6470328E-03 1.8043615E-03 1.9746192E-03 2.1591336E-03 2.3593663E-03 2.5769868E-03 2.8138512E-03 3.0720467E-03 3.3538991E-03 3.6620479E-03 3.9994135E-03 4.3692947E-03 4.7753677E-03 5.2217273E-03 5.7129259E-03 6.2539466E-03 6.8503022E-03 7.5079701E-03 8.2333637E-03 9.0333242E-03 9.9149840E-03 1.0885696E-02 1.1952840E-02 1.3123667E-02 1.4405055E-02 1.5803365E-02 1.7324122E-02 1.8971927E-02 2.0750260E-02 2.2661343E-02 2.4705997E-02 2.6883556E-02 2.9191667E-02 3.1626001E-02 3.4179773E-02 3.6843069E-02 3.9601661E-02 4.2435490E-02 4.5316398E-02 4.8205674E-02 5.1052023E-02 5.3792346E-02 5.6358431E-02 5.8690537E-02 6.0752220E-02 6.2536411E-02 6.4059660E-02 6.5351136E-02 6.6443272E-02
1.4723733E-03 1.6203538E-03 1.7803549E-03 1.9535813E-03 2.1414016E-03 2.3453231E-03 2.5670589E-03 2.8085147E-03 3.0718462E-03 3.3594458E-03 3.6740287E-03 4.0186052E-03 4.3965643E-03 4.8116948E-03 5.2682105E-03 5.7707792E-03 6.3245492E-03 6.9351643E-03 7.6087802E-03 8.3519649E-03 9.1717346E-03 1.0075408E-02 1.1070507E-02 1.2164570E-02 1.3364992E-02 1.4678788E-02 1.6112402E-02 1.7671427E-02 1.9360472E-02 2.1182986E-02 2.3141105E-02 2.5235496E-02 2.7465295E-02 2.9827869E-02 3.2318544E-02 3.4930121E-02 3.7652202E-02 4.0470023E-02 4.3362919E-02 4.6302073E-02 4.9248107E-02 5.2149054E-02 5.4941226E-02 5.7555858E-02 5.9932824E-02 6.2035412E-02 6.3856460E-02 6.5412574E-02 6.6733062E-02 6.7850620E-02
1.4478581E-03 1.5980464E-03 1.7605004E-03 1.9364540E-03 2.1273063E-03 2.3346094E-03 2.5601119E-03 2.8057811E-03 3.0738113E-03 3.3666713E-03 3.6871301E-03 4.0382883E-03 4.4236104E-03 4.8469845E-03 5.3127231E-03 5.8256104E-03 6.3909171E-03 7.0144134E-03 7.7023874E-03 8.4615583E-03 9.2990790E-03 1.0222415E-02 1.1239221E-02 1.2357163E-02 1.3583752E-02 1.4926091E-02 1.6390687E-02 1.7983159E-02 1.9708117E-02 2.1568947E-02 2.3567691E-02 2.5704876E-02 2.7979424E-02 3.0388452E-02 3.2926988E-02 3.5587467E-02 3.8359076E-02 4.1226618E-02 4.4168916E-02 4.7156662E-02 5.0149951E-02 5.3096339E-02 5.5931658E-02 5.8586769E-02 6.1001271E-02 6.3138261E-02 6.4990468E-02 6.6574551E-02 6.7919917E-02 6.9059409E-02
1.4274023E-03 1.5795928E-03 1.7442679E-03 1.9226879E-03 2.1162888E-03 2.3266501E-03 2.5555699E-03 2.8050402E-03 3.0773201E-03 3.3749240E-03 3.7006855E-03 4.0577711E-03 4.4497200E-03 4.8804986E-03 5.3545199E-03 5.8766454E-03 6.4522554E-03 7.0872358E-03 7.7879848E-03 8.5613392E-03 9.4145648E-03 1.0355247E-02 1.1391142E-02 1.2530019E-02 1.3779475E-02 1.5146664E-02 1.6638141E-02 1.8259540E-02 2.0015435E-02 2.1909162E-02 2.3942661E-02 2.6116302E-02 2.8428849E-02 3.0877184E-02 3.3456061E-02 3.6157619E-02 3.8970709E-02 4.1879743E-02 4.4863187E-02 4.7891308E-02 5.0923821E-02 5.3907890E-02 5.6779038E-02 5.9467845E-02 6.1913650E-02 6.4079441E-02 6.5957896E-02 6.7565642E-02 6.8932183E-02 7.0090465E-02
1.4105241E-03 1.5645016E-03 1.7311574E-03 1.9117785E-03 2.1078310E-03 2.3209234E-03 2.5528783E-03 2.8057352E-03 3.0817960E-03 3.3836162E-03 3.7140863E-03 4.0764315E-03 4.4742562E-03 4.9115857E-03 5.3929104E-03 5.9231888E-03 6.5078707E-03 7.1529457E-03 7.8648878E-03 8.6506382E-03 9.5175616E-03 1.0473326E-02 1.1525781E-02 1.2682760E-02 1.3951922E-02 1.5340469E-02 1.6854979E-02 1.8501071E-02 2.0283302E-02 2.2204939E-02 2.4267817E-02 2.6472203E-02 2.8816676E-02 3.1297933E-02 3.3910509E-02 3.6646269E-02 3.9493810E-02 4.2437237E-02 4.5454703E-02 4.8516177E-02 5.1581051E-02 5.4596234E-02 5.7496969E-02 6.0213629E-02 6.2685415E-02 6.4875178E-02 6.6775545E-02 6.8403177E-02 6.9787584E-02 7.0961796E-02
1.3967975E-03 1.5523331E-03 1.7207207E-03 1.9032685E-03 2.1014640E-03 2.3169392E-03 2.5515459E-03 2.8073646E-03 3.0867194E-03 3.3922200E-03 3.7267951E-03 4.0937113E-03 4.4966415E-03 4.9396614E-03 5.4273200E-03 5.9646508E-03 6.5571698E-03 7.2109429E-03 7.9325205E-03 8.7289196E-03 9.6075768E-03 1.0576229E-02 1.1642791E-02 1.2815161E-02 1.4101032E-02 1.5507637E-02 1.7041560E-02 1.8708415E-02 2.0512722E-02 2.2457683E-02 2.4545059E-02 2.6774997E-02 2.9145939E-02 3.1654421E-02 3.4294784E-02 3.7058700E-02 3.9934535E-02 4.2906150E-02 4.5951460E-02 4.9040198E-02 5.2131537E-02 5.5172145E-02 5.8097094E-02 6.0836576E-02 6.3329697E-02 6.5539204E-02 6.7457706E-02 6.9101818E-02 7.0501097E-02 7.1688652E-02
