T6-multimodels/GL4.grd
DSAA
         100         100
  -15.00000       15.00000    
  -15.00000       15.00000    
  1.3631192E-03  7.9150252E-02
[rows 66 to 87 of 100, columns 50 to 99 of 100]
5.3208750E-02 5.3818844E-02 5.4336276E-02 5.4774430E-02 5.5143978E-02 5.5453416E-02 5.5709496E-02 5.5917580E-02 5.6081861E-02 5.6205582E-02 5.6291196E-02 5.6340467E-02 5.6354545E-02 5.6334015E-02 5.6278974E-02 5.6189001E-02 5.6063149E-02 5.5900000E-02 5.5697583E-02 5.5453341E-02 5.5164065E-02 5.4825839E-02 5.4433908E-02 5.3982634E-02 5.3465258E-02 5.2873813E-02 5.2198898E-02 5.1429458E-02 5.0552588E-02 4.9553305E-02 4.8414409E-02 4.7116488E-02 4.5638263E-02 4.3957677E-02 4.2054147E-02 3.9913125E-02 3.7533637E-02 3.4938958E-02 3.2186333E-02 2.9367179E-02 2.6589632E-02 2.3950387E-02 2.1514006E-02 1.9309836E-02 1.7340783E-02 1.5594185E-02 1.4050107E-02 1.2686393E-02 1.1481316E-02 1.0414863E-02
4.9792454E-02 5.0365500E-02 5.0852716E-02 5.1266193E-02 5.1615570E-02 5.1908582E-02 5.2151371E-02 5.2348830E-02 5.2504804E-02 5.2622281E-02 5.2703511E-02 5.2750107E-02 5.2763119E-02 5.2743115E-02 5.2690152E-02 5.2603833E-02 5.2483283E-02 5.2327204E-02 5.2133746E-02 5.1900517E-02 5.1624589E-02 5.1302325E-02 5.0929368E-02 5.0500508E-02 5.0009552E-02 4.9449231E-02 4.8810974E-02 4.8084732E-02 4.7258846E-02 4.6319809E-02 4.5252211E-02 4.4038743E-02 4.2660553E-02 4.1098222E-02 3.9333865E-02 3.7355069E-02 3.5161663E-02 3.2775041E-02 3.0246802E-02 2.7658859E-02 2.5107993E-02 2.2680813E-02 2.0435391E-02 1.8398536E-02 1.6573509E-02 1.4949641E-02 1.3509607E-02 1.2233934E-02 1.1103396E-02 1.0100155E-02
4.6151437E-02 4.6685953E-02 4.7141921E-02 4.7529936E-02 4.7858570E-02 4.8134703E-02 4.8363864E-02 4.8550453E-02 4.8697937E-02 4.8809025E-02 4.8885763E-02 4.8929628E-02 4.8941571E-02 4.8922084E-02 4.8871242E-02 4.8788648E-02 4.8673525E-02 4.8524641E-02 4.8340306E-02 4.8118342E-02 4.7856037E-02 4.7550086E-02 4.7196504E-02 4.6790566E-02 4.6326667E-02 4.5798246E-02 4.5197599E-02 4.4515781E-02 4.3742433E-02 4.2865645E-02 4.1871969E-02 4.0746413E-02 3.9472878E-02 3.8035061E-02 3.6418300E-02 3.4613054E-02 3.2620609E-02 3.0460771E-02 2.8178860E-02 2.5845520E-02 2.3543743E-02 2.1348082E-02 1.9309273E-02 1.7451733E-02 1.5779700E-02 1.4285199E-02 1.2954134E-02 1.1770198E-02 1.0716991E-02 9.7790929E-03
4.2395540E-02 4.2890798E-02 4.3314967E-02 4.3677125E-02 4.3984711E-02 4.4243749E-02 4.4459101E-02 4.4634670E-02 4.4773560E-02 4.4878185E-02 4.4950388E-02 4.4991482E-02 4.5002338E-02 4.4983394E-02 4.4934690E-02 4.4855885E-02 4.4746242E-02 4.4604640E-02 4.4429548E-02 4.4218976E-02 4.3970466E-02 4.3681026E-02 4.3347053E-02 4.2964324E-02 4.2527821E-02 4.2031713E-02 4.1469194E-02 4.0832423E-02 4.0112395E-02 3.9298858E-02 3.8380392E-02 3.7344456E-02 3.6177840E-02 3.4867577E-02 3.3402555E-02 3.1776488E-02 2.9992474E-02 2.8068952E-02 2.6044680E-02 2.3978062E-02 2.1936947E-02 1.9982744E-02 1.8158440E-02 1.6486177E-02 1.4971562E-02 1.3609685E-02 1.2390005E-02 1.1299620E-02 1.0325121E-02 9.4536450E-03
3.8660053E-02 3.9116133E-02 3.9508525E-02 3.9844837E-02 4.0131360E-02 4.0373277E-02 4.0574800E-02 4.0739335E-02 4.0869612E-02 4.0967766E-02 4.1035421E-02 4.1073747E-02 4.1083522E-02 4.1065115E-02 4.1018579E-02 4.0943578E-02 4.0839449E-02 4.0705170E-02 4.0539358E-02 4.0340226E-02 4.0105555E-02 3.9832674E-02 3.9518375E-02 3.9158907E-02 3.8749844E-02 3.8286086E-02 3.7761729E-02 3.7170008E-02 3.6503267E-02 3.5752915E-02 3.4909524E-02 3.3962965E-02 3.2902908E-02 3.1719636E-02 3.0405516E-02 2.8957404E-02 2.7380131E-02 2.5690703E-02 2.3921372E-02 2.2118563E-02 2.0335354E-02 1.8620281E-02 1.7008690E-02 1.5520409E-02 1.4162310E-02 1.2932453E-02 1.1823772E-02 1.0826689E-02 9.9307708E-03 9.1256537E-03
3.5073373E-02 3.5491113E-02 3.5852309E-02 3.6163166E-02 3.6428913E-02 3.6653906E-02 3.6841735E-02 3.6995336E-02 3.7117068E-02 3.7208796E-02 3.7271939E-02 3.7307523E-02 3.7316233E-02 3.7298389E-02 3.7254013E-02 3.7182819E-02 3.7084192E-02 3.6957223E-02 3.6800664E-02 3.6612920E-02 3.6392029E-02 3.6135614E-02 3.5840858E-02 3.5504468E-02 3.5122607E-02 3.4690872E-02 3.4204222E-02 3.3656951E-02 3.3042677E-02 3.2354388E-02 3.1584527E-02 3.0725233E-02 2.9768799E-02 2.8708452E-02 2.7539596E-02 2.6261689E-02 2.4880771E-02 2.3412134E-02 2.1881966E-02 2.0326078E-02 1.8784629E-02 1.7294830E-02 1.5884990E-02 1.4572463E-02 1.3364873E-02 1.2262705E-02 1.1261899E-02 1.0355880E-02 9.5369099E-03 8.7969713E-03
3.1729013E-02 3.2109935E-02 3.2441005E-02 3.2727160E-02 3.2972664E-02 3.3181123E-02 3.3355545E-02 3.3498425E-02 3.3611767E-02 3.3697180E-02 3.3755887E-02 3.3788785E-02 3.3796459E-02 3.3779185E-02 3.3736974E-02 3.3669554E-02 3.3576388E-02 3.3456657E-02 3.3309255E-02 3.3132769E-02 3.2925479E-02 3.2685302E-02 3.2409783E-02 3.2096088E-02 3.1740908E-02 3.1340521E-02 3.0890694E-02 3.0386696E-02 2.9823340E-02 2.9195037E-02 2.8495926E-02 2.7720133E-02 2.6862217E-02 2.5917839E-02 2.4884790E-02 2.3764390E-02 2.2563169E-02 2.1294475E-02 1.9979136E-02 1.8644277E-02 1.7319763E-02 1.6033595E-02 1.4808010E-02 1.3657795E-02 1.2590679E-02 1.1608810E-02 1.0710455E-02 9.8915091E-03 9.1465460E-03 8.4696002E-03
2.8677074E-02 2.9023215E-02 2.9325601E-02 2.9588107E-02 2.9814132E-02 3.0006621E-02 3.0168055E-02 3.0300515E-02 3.0405698E-02 3.0484959E-02 3.0539356E-02 3.0569645E-02 3.0576322E-02 3.0559625E-02 3.0519556E-02 3.0455869E-02 3.0368082E-02 3.0255472E-02 3.0117067E-02 2.9951636E-02 2.9757665E-02 2.9533369E-02 2.9276628E-02 2.8985033E-02 2.8655782E-02 2.8285760E-02 2.7871478E-02 2.7409099E-02 2.6894495E-02 2.6323318E-02 2.5691178E-02 2.4993863E-02 2.4227755E-02 2.3390407E-02 2.2481296E-02 2.1502852E-02 2.0461509E-02 1.9368593E-02 1.8240456E-02 1.7097481E-02 1.5961777E-02 1.4854279E-02 1.3792249E-02 1.2787990E-02 1.1848803E-02 1.0977761E-02 1.0174765E-02 9.4375769E-03 8.7626297E-03 8.1456648E-03
2.5931707E-02 2.6245436E-02 2.6520858E-02 2.6760977E-02 2.6968466E-02 2.7145680E-02 2.7294649E-02 2.7417080E-02 2.7514389E-02 2.7587721E-02 2.7637951E-02 2.7665727E-02 2.7671464E-02 2.7655361E-02 2.7617406E-02 2.7557380E-02 2.7474860E-02 2.7369209E-02 2.7239587E-02 2.7084917E-02 2.6903911E-02 2.6695022E-02 2.6456470E-02 2.6186205E-02 2.5881911E-02 2.5541015E-02 2.5160691E-02 2.4737887E-02 2.4269383E-02 2.3751903E-02 2.3182256E-02 2.2557566E-02 2.1875614E-02 2.1135291E-02 2.0337192E-02 1.9484252E-02 1.8582430E-02 1.7641122E-02 1.6673084E-02 1.5693668E-02 1.4719278E-02 1.3765598E-02 1.2845973E-02 1.1970456E-02 1.1145608E-02 1.0374872E-02 9.6591590E-03 8.9975549E-03 8.3879046E-03 7.8273080E-03
2.3483878E-02 2.3767715E-02 2.4018066E-02 2.4237202E-02 2.4427215E-02 2.4589956E-02 2.4727065E-02 2.4839927E-02 2.4929710E-02 2.4997355E-02 2.5043599E-02 2.5068974E-02 2.5073836E-02 2.5058337E-02 2.5022458E-02 2.4966007E-02 2.4888612E-02 2.4789724E-02 2.4668610E-02 2.4524359E-02 2.4355868E-02 2.4161831E-02 2.3940742E-02 2.3690915E-02 2.3410436E-02 2.3097232E-02 2.2749037E-02 2.2363482E-02 2.1938112E-02 2.1470523E-02 2.0958485E-02 2.0400146E-02 1.9794304E-02 1.9140774E-02 1.8440764E-02 1.7697342E-02 1.6915793E-02 1.6103815E-02 1.5271350E-02 1.4430014E-02 1.3592095E-02 1.2769425E-02 1.1972319E-02 1.1208907E-02 1.0484903E-02 9.8037310E-03 9.1668600E-03 8.5742502E-03 8.0247624E-03 7.5165350E-03
2.1312134E-02 2.1568650E-02 2.1795873E-02 2.1995516E-02 2.2169175E-02 2.2318315E-02 2.2444226E-02 2.2548025E-02 2.2630662E-02 2.2692906E-02 2.2735359E-02 2.2758473E-02 2.2762515E-02 2.2747628E-02 2.2713780E-02 2.2660801E-02 2.2588369E-02 2.2496011E-02 2.2383101E-02 2.2248872E-02 2.2092381E-02 2.1912551E-02 2.1708131E-02 2.1477729E-02 2.1219809E-02 2.0932706E-02 2.0614656E-02 2.0263845E-02 1.9878453E-02 1.9456768E-02 1.8997310E-02 1.8498976E-02 1.7961282E-02 1.7384613E-02 1.6770488E-02 1.6121855E-02 1.5443281E-02 1.4741031E-02 1.4022875E-02 1.3297683E-02 1.2574752E-02 1.1863091E-02 1.1170715E-02 1.0504166E-02 9.8683061E-03 9.2663402E-03 8.6999787E-03 8.1697181E-03 7.6751234E-03 7.2150924E-03
1.9389894E-02 1.9621577E-02 1.9827608E-02 2.0009253E-02 2.0167731E-02 2.0304171E-02 2.0419581E-02 2.0514857E-02 2.0590754E-02 2.0647898E-02 2.0686783E-02 2.0707762E-02 2.0711066E-02 2.0696796E-02 2.0664923E-02 2.0615298E-02 2.0547640E-02 2.0461550E-02 2.0356506E-02 2.0231849E-02 2.0086806E-02 1.9920481E-02 1.9731855E-02 1.9519802E-02 1.9283094E-02 1.9020427E-02 1.8730449E-02 1.8411798E-02 1.8063167E-02 1.7683389E-02 1.7271532E-02 1.6827043E-02 1.6349912E-02 1.5840851E-02 1.5301482E-02 1.4734512E-02 1.4143830E-02 1.3534515E-02 1.2912674E-02 1.2285146E-02 1.1659053E-02 1.1041321E-02 1.0438218E-02 9.8550031E-03 9.2957672E-03 8.7633934E-03 8.2596401E-03 7.7853026E-03 7.3404019E-03 6.9243782E-03
1.7689575E-02 1.7898796E-02 1.8085506E-02 1.8250629E-02 1.8395089E-02 1.8519735E-02 1.8625358E-02 1.8712664E-02 1.8782247E-02 1.8834608E-02 1.8870143E-02 1.8889135E-02 1.8891770E-02 1.8878121E-02 1.8848164E-02 1.8801762E-02 1.8738680E-02 1.8658584E-02 1.8561030E-02 1.8445477E-02 1.8311292E-02 1.8157734E-02 1.7983988E-02 1.7789155E-02 1.7572269E-02 1.7332334E-02 1.7068323E-02 1.6779251E-02 1.6464207E-02 1.6122431E-02 1.5753405E-02 1.5356953E-02 1.4933360E-02 1.4483511E-02 1.4009000E-02 1.3512246E-02 1.2996528E-02 1.2465969E-02 1.1925399E-02 1.1380151E-02 1.0835739E-02 1.0297549E-02 9.7705144E-03 9.2588793E-03 8.7660560E-03 8.2945833E-03 7.8461487E-03 7.4216910E-03 7.0215175E-03 6.6454355E-03
1.6184838E-02 1.6373802E-02 1.6542960E-02 1.6692987E-02 1.6824553E-02 1.6938310E-02 1.7034864E-02 1.7114749E-02 1.7178446E-02 1.7226348E-02 1.7258760E-02 1.7275911E-02 1.7277947E-02 1.7264921E-02 1.7236810E-02 1.7193494E-02 1.7134774E-02 1.7060373E-02 1.6969925E-02 1.6862987E-02 1.6739037E-02 1.6597489E-02 1.6437689E-02 1.6258933E-02 1.6060475E-02 1.5841562E-02 1.5601445E-02 1.5339427E-02 1.5054904E-02 1.4747423E-02 1.4416762E-02 1.4062984E-02 1.3686563E-02 1.3288439E-02 1.2870118E-02 1.2433719E-02 1.1981999E-02 1.1518311E-02 1.1046508E-02 1.0570789E-02 1.0095469E-02 9.6247839E-03 9.1626495E-03 8.7125003E-03 8.2771769E-03 7.8588836E-03 7.4591800E-03 7.0790462E-03 6.7189499E-03 6.3789492E-03
1.4851553E-02 1.5022287E-02 1.5175550E-02 1.5311817E-02 1.5431578E-02 1.5535315E-02 1.5623490E-02 1.5696513E-02 1.5754748E-02 1.5798504E-02 1.5828023E-02 1.5843479E-02 1.5844988E-02 1.5832584E-02 1.5806247E-02 1.5765870E-02 1.5711291E-02 1.5642283E-02 1.5558544E-02 1.5459714E-02 1.5345379E-02 1.5215071E-02 1.5068277E-02 1.4904458E-02 1.4723048E-02 1.4523491E-02 1.4305259E-02 1.4067879E-02 1.3810977E-02 1.3534329E-02 1.3237906E-02 1.2921944E-02 1.2586997E-02 1.2234014E-02 1.1864367E-02 1.1479898E-02 1.1082919E-02 1.0676174E-02 1.0262758E-02 9.8460084E-03 9.4293430E-03 9.0161208E-03 8.6094802E-03 8.2122143E-03 7.8266878E-03 7.4547958E-03 7.0979479E-03 6.7571038E-03 6.4328173E-03 6.1252969E-03
1.3668154E-02 1.3822503E-02 1.3961395E-02 1.4085158E-02 1.4194141E-02 1.4288696E-02 1.4369162E-02 1.4435852E-02 1.4489042E-02 1.4528966E-02 1.4555813E-02 1.4569720E-02 1.4570764E-02 1.4558980E-02 1.4534338E-02 1.4496753E-02 1.4446091E-02 1.4382164E-02 1.4304732E-02 1.4213509E-02 1.4108163E-02 1.3988333E-02 1.3853623E-02 1.3703624E-02 1.3537921E-02 1.3356118E-02 1.3157855E-02 1.2942833E-02 1.2710850E-02 1.2461842E-02 1.2195914E-02 1.1913400E-02 1.1614892E-02 1.1301295E-02 1.0973847E-02 1.0634139E-02 1.0284112E-02 9.9260183E-03 9.5623666E-03 9.1958344E-03 8.8291559E-03 8.4650228E-03 8.1059709E-03 7.7542816E-03 7.4119298E-03 7.0805368E-03 6.7613591E-03 6.4553013E-03 6.1629466E-03 5.8845957E-03
1.2615665E-02 1.2755297E-02 1.2881218E-02 1.2993637E-02 1.3092799E-02 1.3178956E-02 1.3252352E-02 1.3313219E-02 1.3361763E-02 1.3398160E-02 1.3422552E-02 1.3435043E-02 1.3435690E-02 1.3424514E-02 1.3401487E-02 1.3366545E-02 1.3319571E-02 1.3260419E-02 1.3188896E-02 1.3104776E-02 1.3007807E-02 1.2897707E-02 1.2774178E-02 1.2636924E-02 1.2485645E-02 1.2320072E-02 1.2139976E-02 1.1945186E-02 1.1735631E-02 1.1511352E-02 1.1272549E-02 1.1019599E-02 1.0753103E-02 1.0473900E-02 1.0183093E-02 9.8820552E-03 9.5724175E-03 9.2560425E-03 8.9349765E-03 8.6113894E-03 8.2874857E-03 7.9654483E-03 7.6473365E-03 7.3350300E-03 7.0301793E-03 6.7341710E-03 6.4481124E-03 6.1728396E-03 5.9089311E-03 5.6567364E-03
1.1677533E-02 1.1803954E-02 1.1918170E-02 1.2020315E-02 1.2110548E-02 1.2189043E-02 1.2255970E-02 1.2311500E-02 1.2355777E-02 1.2388939E-02 1.2411083E-02 1.2422287E-02 1.2422594E-02 1.2412015E-02 1.2390526E-02 1.2358071E-02 1.2314562E-02 1.2259878E-02 1.2193870E-02 1.2116368E-02 1.2027174E-02 1.1926080E-02 1.1812871E-02 1.1687332E-02 1.1549262E-02 1.1398489E-02 1.1234879E-02 1.1058365E-02 1.0868960E-02 1.0666782E-02 1.0452083E-02 1.0225264E-02 9.9869007E-03 9.7377682E-03 9.4788419E-03 9.2113018E-03 8.9365235E-03 8.6560566E-03 8.3715813E-03 8.0848727E-03 7.7977278E-03 7.5119263E-03 7.2291582E-03 6.9509787E-03 6.6787726E-03 6.4137275E-03 6.1568143E-03 5.9087938E-03 5.6702183E-03 5.4414584E-03
1.0839385E-02 1.0953941E-02 1.1057608E-02 1.1150454E-02 1.1232578E-02 1.1304093E-02 1.1365116E-02 1.1415763E-02 1.1456136E-02 1.1486331E-02 1.1506423E-02 1.1516464E-02 1.1516484E-02 1.1506488E-02 1.1486455E-02 1.1456339E-02 1.1416071E-02 1.1365558E-02 1.1304686E-02 1.1233324E-02 1.1151331E-02 1.1058552E-02 1.0954838E-02 1.0840042E-02 1.0714039E-02 1.0576730E-02 1.0428057E-02 1.0268024E-02 1.0096705E-02 9.9142669E-03 9.7209895E-03 9.5172729E-03 9.3036667E-03 9.0808691E-03 8.8497410E-03 8.6112982E-03 8.3667077E-03 8.1172632E-03 7.8643579E-03 7.6094521E-03 7.3540234E-03 7.0995367E-03 6.8473872E-03 6.5988726E-03 6.3551585E-03 6.1172615E-03 5.8860318E-03 5.6621507E-03 5.4461416E-03 5.2383728E-03
1.0088774E-02 1.0192675E-02 1.0286829E-02 1.0371266E-02 1.0446035E-02 1.0511203E-02 1.0566841E-02 1.0613029E-02 1.0649836E-02 1.0677326E-02 1.0695549E-02 1.0704540E-02 1.0704320E-02 1.0694891E-02 1.0676232E-02 1.0648309E-02 1.0611067E-02 1.0564435E-02 1.0508331E-02 1.0442657E-02 1.0367314E-02 1.0282194E-02 1.0187198E-02 1.0082236E-02 9.9672349E-03 9.8421583E-03 9.7070010E-03 9.5618153E-03 9.4067194E-03 9.2419079E-03 9.0676714E-03 8.8844011E-03 8.6926045E-03 8.4929159E-03 8.2860868E-03 8.0729974E-03 7.8546377E-03 7.6320968E-03 7.4065356E-03 7.1791681E-03 6.9512175E-03 6.7238966E-03 6.4983689E-03 6.2757214E-03 6.0569402E-03 5.8428976E-03 5.6343363E-03 5.4318672E-03 5.2359714E-03 5.0470089E-03
9.4149550E-03 9.5092794E-03 9.5948614E-03 9.6716946E-03 9.7397957E-03 9.7991964E-03 9.8499339E-03 9.8920586E-03 9.9256113E-03 9.9506350E-03 9.9671576E-03 9.9752070E-03 9.9747917E-03 9.9659096E-03 9.9485442E-03 9.9226711E-03 9.8882467E-03 9.8452214E-03 9.7935330E-03 9.7331153E-03 9.6638994E-03 9.5858192E-03 9.4988132E-03 9.4028329E-03 9.2978515E-03 9.1838716E-03 9.0609323E-03 8.9291157E-03 8.7885689E-03 8.6395014E-03 8.4822020E-03 8.3170449E-03 8.1444960E-03 7.9651242E-03 7.7795931E-03 7.5886585E-03 7.3931688E-03 7.1940450E-03 6.9922605E-03 6.7888312E-03 6.5847775E-03 6.3811131E-03 6.1788126E-03 5.9787910E-03 5.7818904E-03 5.5888584E-03 5.4003438E-03 5.2168919E-03 5.0389427E-03 4.8668371E-03
8.8086333E-03 8.8943467E-03 8.9721987E-03 9.0421597E-03 9.1042183E-03 9.1583813E-03 9.2046643E-03 9.2430878E-03 9.2736781E-03 9.2964554E-03 9.3114385E-03 9.3186414E-03 9.3180668E-03 9.3097119E-03 9.2935646E-03 9.2696017E-03 9.2377951E-03 9.1981106E-03 9.1505041E-03 9.0949330E-03 9.0313563E-03 8.9597348E-03 8.8800397E-03 8.7922541E-03 8.6963866E-03 8.5924678E-03 8.4805647E-03 8.3607854E-03 8.2332883E-03 8.0982884E-03 7.9560690E-03 7.8069787E-03 7.6514473E-03 7.4899797E-03 7.3231603E-03 7.1516461E-03 6.9761621E-03 6.7974911E-03 6.6164583E-03 6.4339172E-03 6.2507251E-03 6.0677351E-03 5.8857705E-03 5.7056067E-03 5.5279592E-03 5.3534782E-03 5.1827277E-03 5.0161937E-03 4.8542768E-03 4.6972958E-03
