T6-multimodels/GL4.grd
DSAA
         100         100
  -15.00000       15.00000    
  -15.00000       15.00000    
  1.3631192E-03  7.9150252E-02
[rows 44 to 65 of 100, columns 50 to 99 of 100]
7.3300503E-02 7.4162863E-02 7.4893631E-02 7.5511530E-02 7.6031774E-02 7.6466642E-02 7.6825991E-02 7.7117704E-02 7.7348001E-02 7.7521756E-02 7.7642620E-02 7.7713236E-02 7.7735342E-02 7.7709854E-02 7.7636875E-02 7.7515766E-02 7.7345110E-02 7.7122740E-02 7.6845646E-02 7.6509938E-02 7.6110765E-02 7.5642176E-02 7.5096995E-02 7.4466720E-02 7.3741220E-02 7.2908625E-02 7.1955033E-02 7.0864253E-02 6.9617622E-02 6.8193763E-02 6.6568613E-02 6.4715594E-02 6.2606461E-02 6.0213026E-02 5.7510566E-02 5.4483932E-02 5.1137149E-02 4.7506042E-02 4.3669030E-02 3.9746087E-02 3.5877217E-02 3.2188740E-02 2.8768031E-02 2.5658678E-02 2.2869915E-02 2.0389404E-02 1.8193590E-02 1.6254429E-02 1.4543260E-02 1.3032844E-02
7.3781863E-02 7.4651159E-02 7.5388029E-02 7.6011255E-02 7.6536112E-02 7.6974913E-02 7.7337585E-02 7.7632025E-02 7.7864520E-02 7.8039937E-02 7.8161970E-02 7.8233294E-02 7.8255646E-02 7.8229941E-02 7.8156285E-02 7.8034021E-02 7.7861749E-02 7.7637248E-02 7.7357501E-02 7.7018559E-02 7.6615550E-02 7.6142482E-02 7.5592123E-02 7.4955903E-02 7.4223630E-02 7.3383376E-02 7.2421171E-02 7.1320757E-02 7.0063427E-02 6.8627737E-02 6.6989616E-02 6.5122470E-02 6.2998042E-02 6.0588207E-02 5.7868320E-02 5.4823335E-02 5.1457446E-02 4.7806635E-02 4.3949556E-02 4.0006377E-02 3.6117360E-02 3.2409042E-02 2.8969012E-02 2.5841054E-02 2.3034539E-02 2.0537270E-02 1.8325757E-02 1.6372010E-02 1.4647385E-02 1.3124632E-02
7.4148044E-02 7.5022638E-02 7.5764194E-02 7.6391511E-02 7.6919913E-02 7.7361755E-02 7.7726975E-02 7.8023531E-02 7.8257717E-02 7.8434423E-02 7.8557372E-02 7.8629233E-02 7.8651771E-02 7.8625895E-02 7.8551702E-02 7.8428552E-02 7.8255005E-02 7.8028858E-02 7.7747039E-02 7.7405602E-02 7.6999627E-02 7.6523080E-02 7.5968705E-02 7.5327881E-02 7.4590378E-02 7.3744223E-02 7.2775394E-02 7.1667597E-02 7.0402056E-02 6.8957351E-02 6.7309335E-02 6.5431446E-02 6.3295424E-02 6.0873188E-02 5.8140147E-02 5.5081341E-02 5.1701080E-02 4.8035473E-02 4.4163316E-02 4.0204961E-02 3.6300819E-02 3.2577593E-02 2.9123044E-02 2.5981061E-02 2.3161154E-02 2.0651205E-02 1.8427789E-02 1.6462959E-02 1.4728080E-02 1.3195902E-02
7.4405268E-02 7.5283602E-02 7.6028459E-02 7.6658681E-02 7.7189587E-02 7.7633597E-02 7.8000627E-02 7.8298680E-02 7.8534059E-02 7.8711689E-02 7.8835286E-02 7.8907534E-02 7.8930199E-02 7.8904197E-02 7.8829631E-02 7.8705832E-02 7.8531384E-02 7.8304052E-02 7.8020759E-02 7.7677533E-02 7.7269435E-02 7.6790422E-02 7.6233193E-02 7.5589091E-02 7.4847884E-02 7.3997542E-02 7.3024027E-02 7.1910992E-02 7.0639677E-02 6.9188602E-02 6.7533642E-02 6.5648198E-02 6.3504055E-02 6.1073147E-02 5.8330916E-02 5.5262480E-02 5.1872194E-02 4.8196301E-02 4.4313658E-02 4.0344752E-02 3.6430091E-02 3.2696500E-02 2.9231831E-02 2.6080081E-02 2.3250820E-02 2.0732004E-02 1.8500248E-02 1.6527640E-02 1.4785549E-02 1.3246729E-02
7.4557893E-02 7.5438447E-02 7.6185271E-02 7.6817222E-02 7.7349633E-02 7.7794909E-02 7.8163043E-02 7.8461990E-02 7.8698091E-02 7.8876264E-02 7.9000242E-02 7.9072714E-02 7.9095460E-02 7.9069383E-02 7.8994595E-02 7.8870416E-02 7.8695424E-02 7.8467377E-02 7.8183204E-02 7.7838905E-02 7.7429533E-02 7.6949038E-02 7.6390095E-02 7.5744055E-02 7.5000621E-02 7.4147776E-02 7.3171459E-02 7.2055317E-02 7.0780560E-02 6.9325708E-02 6.7666620E-02 6.5776698E-02 6.3627742E-02 6.1191704E-02 5.8444049E-02 5.5369914E-02 5.1973727E-02 4.8291761E-02 4.4402942E-02 4.0427819E-02 3.6506958E-02 3.2767259E-02 2.9296618E-02 2.6139095E-02 2.3304310E-02 2.0780250E-02 1.8543556E-02 1.6566329E-02 1.4819958E-02 1.3277193E-02
7.4608482E-02 7.5489774E-02 7.6237261E-02 7.6869771E-02 7.7402689E-02 7.7848397E-02 7.8216873E-02 7.8516118E-02 7.8752466E-02 7.8930818E-02 7.9054929E-02 7.9127483E-02 7.9150252E-02 7.9124153E-02 7.9049282E-02 7.8924976E-02 7.8749806E-02 7.8521527E-02 7.8237049E-02 7.7892393E-02 7.7482603E-02 7.7001616E-02 7.6442100E-02 7.5795405E-02 7.5051241E-02 7.4197568E-02 7.3220320E-02 7.2103143E-02 7.0827246E-02 6.9371134E-02 6.7710675E-02 6.5819271E-02 6.3668735E-02 6.1230984E-02 5.8481533E-02 5.5405524E-02 5.2007392E-02 4.8323411E-02 4.4432554E-02 4.0455367E-02 3.6532465E-02 3.2790743E-02 2.9318130E-02 2.6158705E-02 2.3322089E-02 2.0796290E-02 1.8557964E-02 1.6579207E-02 1.4831417E-02 1.3287342E-02
7.4557893E-02 7.5438447E-02 7.6185271E-02 7.6817214E-02 7.7349633E-02 7.7794909E-02 7.8163035E-02 7.8461990E-02 7.8698091E-02 7.8876257E-02 7.9000242E-02 7.9072714E-02 7.9095460E-02 7.9069383E-02 7.8994587E-02 7.8870416E-02 7.8695424E-02 7.8467377E-02 7.8183196E-02 7.7838898E-02 7.7429533E-02 7.6949038E-02 7.6390088E-02 7.5744055E-02 7.5000614E-02 7.4147776E-02 7.3171459E-02 7.2055317E-02 7.0780560E-02 6.9325708E-02 6.7666620E-02 6.5776691E-02 6.3627750E-02 6.1191700E-02 5.8444045E-02 5.5369917E-02 5.1973727E-02 4.8291761E-02 4.4402942E-02 4.0427815E-02 3.6506958E-02 3.2767259E-02 2.9296618E-02 2.6139095E-02 2.3304310E-02 2.0780250E-02 1.8543556E-02 1.6566329E-02 1.4819958E-02 1.3277194E-02
7.4405268E-02 7.5283602E-02 7.6028451E-02 7.6658674E-02 7.7189587E-02 7.7633590E-02 7.8000620E-02 7.8298680E-02 7.8534059E-02 7.8711689E-02 7.8835279E-02 7.8907527E-02 7.8930199E-02 7.8904189E-02 7.8829624E-02 7.8705832E-02 7.8531384E-02 7.8304037E-02 7.8020759E-02 7.7677533E-02 7.7269435E-02 7.6790415E-02 7.6233178E-02 7.5589091E-02 7.4847877E-02 7.3997542E-02 7.3024020E-02 7.1910992E-02 7.0639670E-02 6.9188602E-02 6.7533635E-02 6.5648191E-02 6.3504055E-02 6.1073147E-02 5.8330912E-02 5.5262480E-02 5.1872190E-02 4.8196290E-02 4.4313651E-02 4.0344752E-02 3.6430087E-02 3.2696500E-02 2.9231828E-02 2.6080078E-02 2.3250820E-02 2.0732004E-02 1.8500246E-02 1.6527634E-02 1.4785547E-02 1.3246730E-02
7.4148037E-02 7.5022630E-02 7.5764179E-02 7.6391511E-02 7.6919906E-02 7.7361755E-02 7.7726975E-02 7.8023523E-02 7.8257710E-02 7.8434415E-02 7.8557372E-02 7.8629233E-02 7.8651763E-02 7.8625880E-02 7.8551695E-02 7.8428552E-02 7.8254998E-02 7.8028850E-02 7.7747025E-02 7.7405594E-02 7.6999612E-02 7.6523073E-02 7.5968698E-02 7.5327873E-02 7.4590370E-02 7.3744215E-02 7.2775386E-02 7.1667589E-02 7.0402041E-02 6.8957344E-02 6.7309327E-02 6.5431431E-02 6.3295417E-02 6.0873177E-02 5.8140133E-02 5.5081338E-02 5.1701065E-02 4.8035465E-02 4.4163305E-02 4.0204950E-02 3.6300808E-02 3.2577589E-02 2.9123032E-02 2.5981057E-02 2.3161149E-02 2.0651201E-02 1.8427784E-02 1.6462954E-02 1.4728077E-02 1.3195898E-02
7.3781855E-02 7.4651152E-02 7.5388022E-02 7.6011255E-02 7.6536112E-02 7.6974913E-02 7.7337578E-02 7.7632025E-02 7.7864520E-02 7.8039937E-02 7.8161970E-02 7.8233294E-02 7.8255638E-02 7.8229941E-02 7.8156278E-02 7.8034021E-02 7.7861741E-02 7.7637248E-02 7.7357501E-02 7.7018559E-02 7.6615550E-02 7.6142482E-02 7.5592123E-02 7.4955896E-02 7.4223630E-02 7.3383376E-02 7.2421171E-02 7.1320757E-02 7.0063420E-02 6.8627737E-02 6.6989608E-02 6.5122463E-02 6.2998042E-02 6.0588207E-02 5.7868320E-02 5.4823335E-02 5.1457446E-02 4.7806635E-02 4.3949544E-02 4.0006377E-02 3.6117360E-02 3.2409038E-02 2.8969012E-02 2.5841052E-02 2.3034537E-02 2.0537268E-02 1.8325755E-02 1.6372008E-02 1.4647382E-02 1.3124632E-02
7.3300496E-02 7.4162863E-02 7.4893631E-02 7.5511530E-02 7.6031767E-02 7.6466642E-02 7.6825984E-02 7.7117704E-02 7.7348001E-02 7.7521756E-02 7.7642620E-02 7.7713221E-02 7.7735342E-02 7.7709854E-02 7.7636868E-02 7.7515766E-02 7.7345103E-02 7.7122740E-02 7.6845653E-02 7.6509930E-02 7.6110750E-02 7.5642169E-02 7.5096987E-02 7.4466713E-02 7.3741212E-02 7.2908625E-02 7.1955033E-02 7.0864245E-02 6.9617607E-02 6.8193763E-02 6.6568598E-02 6.4715594E-02 6.2606461E-02 6.0213018E-02 5.7510566E-02 5.4483920E-02 5.1137142E-02 4.7506038E-02 4.3669026E-02 3.9746087E-02 3.5877217E-02 3.2188732E-02 2.8768027E-02 2.5658676E-02 2.2869909E-02 2.0389402E-02 1.8193590E-02 1.6254427E-02 1.4543256E-02 1.3032841E-02
7.2695687E-02 7.3549420E-02 7.4272580E-02 7.4883871E-02 7.5398400E-02 7.5828396E-02 7.6183654E-02 7.6472007E-02 7.6699622E-02 7.6871313E-02 7.6990731E-02 7.7060483E-02 7.7082299E-02 7.7057064E-02 7.6984912E-02 7.6865181E-02 7.6696523E-02 7.6476745E-02 7.6202907E-02 7.5871140E-02 7.5476646E-02 7.5013548E-02 7.4474752E-02 7.3851794E-02 7.3134638E-02 7.2311513E-02 7.1368597E-02 7.0289776E-02 6.9056466E-02 6.7647375E-02 6.6038482E-02 6.4203247E-02 6.2113378E-02 5.9740685E-02 5.7060327E-02 5.4057028E-02 5.0734598E-02 4.7128644E-02 4.3317281E-02 3.9420202E-02 3.5577077E-02 3.1913925E-02 2.8517840E-02 2.5432156E-02 2.2665910E-02 2.0206610E-02 1.8030589E-02 1.6109763E-02 1.4415452E-02 1.2920446E-02
7.1956985E-02 7.2800241E-02 7.3514253E-02 7.4117586E-02 7.4625261E-02 7.5049430E-02 7.5399809E-02 7.5684130E-02 7.5908549E-02 7.6077797E-02 7.6195493E-02 7.6264210E-02 7.6285660E-02 7.6260738E-02 7.6189540E-02 7.6071464E-02 7.5905129E-02 7.5688422E-02 7.5418420E-02 7.5091317E-02 7.4702375E-02 7.4245811E-02 7.3714569E-02 7.3100328E-02 7.2393149E-02 7.1581341E-02 7.0651233E-02 6.9586806E-02 6.8369597E-02 6.6978402E-02 6.5389283E-02 6.3575745E-02 6.1509520E-02 5.9162341E-02 5.6509290E-02 5.3534877E-02 5.0242718E-02 4.6668049E-02 4.2888667E-02 3.9023828E-02 3.5212796E-02 3.1581178E-02 2.8215688E-02 2.5159342E-02 2.2420902E-02 1.9987708E-02 1.7835964E-02 1.5937537E-02 1.4263741E-02 1.2787404E-02
7.1071550E-02 7.1902409E-02 7.2605602E-02 7.3199555E-02 7.3699206E-02 7.4116550E-02 7.4461229E-02 7.4740879E-02 7.4961565E-02 7.5127989E-02 7.5243674E-02 7.5311184E-02 7.5332217E-02 7.5307615E-02 7.5237527E-02 7.5121328E-02 7.4957684E-02 7.4744508E-02 7.4478924E-02 7.4157208E-02 7.3774688E-02 7.3325649E-02 7.2803199E-02 7.2199091E-02 7.1503527E-02 7.0704974E-02 6.9789872E-02 6.8742394E-02 6.7544200E-02 6.6174246E-02 6.4608693E-02 6.2821142E-02 6.0783345E-02 5.8467008E-02 5.5847075E-02 5.2907877E-02 4.9652692E-02 4.6116386E-02 4.2376243E-02 3.8550995E-02 3.4779359E-02 3.1186385E-02 2.7858302E-02 2.4837708E-02 2.2133034E-02 1.9731397E-02 1.7608864E-02 1.5737256E-02 1.4087913E-02 1.2633740E-02
7.0023932E-02 7.0840307E-02 7.1530923E-02 7.2114035E-02 7.2604418E-02 7.3013932E-02 7.3352061E-02 7.3626369E-02 7.3842794E-02 7.4005969E-02 7.4119374E-02 7.4185506E-02 7.4206039E-02 7.4181825E-02 7.4112974E-02 7.3998891E-02 7.3838271E-02 7.3629074E-02 7.3368490E-02 7.3052861E-02 7.2677627E-02 7.2237179E-02 7.1724720E-02 7.1132176E-02 7.0449911E-02 6.9666572E-02 6.8768770E-02 6.7740902E-02 6.6564813E-02 6.5219671E-02 6.3681789E-02 6.1924893E-02 5.9920833E-02 5.7641268E-02 5.5061061E-02 5.2164279E-02 4.8953827E-02 4.5464054E-02 4.1771621E-02 3.7994549E-02 3.4270808E-02 3.0724745E-02 2.7441926E-02 2.4464427E-02 2.1800263E-02 1.9436290E-02 1.7348444E-02 1.5508500E-02 1.3887867E-02 1.2459575E-02
6.8795927E-02 6.9595598E-02 7.0271768E-02 7.0842497E-02 7.1322329E-02 7.1722955E-02 7.2053701E-02 7.2321974E-02 7.2533622E-02 7.2693154E-02 7.2803989E-02 7.2868578E-02 7.2888546E-02 7.2864719E-02 7.2797239E-02 7.2685495E-02 7.2528236E-02 7.2323471E-02 7.2068453E-02 7.1759619E-02 7.1392514E-02 7.0961647E-02 7.0460409E-02 6.9880873E-02 6.9213606E-02 6.8447486E-02 6.7569360E-02 6.6563874E-02 6.5413155E-02 6.4096615E-02 6.2590823E-02 6.0869705E-02 5.8905240E-02 5.6669142E-02 5.4136150E-02 5.1290073E-02 4.8133355E-02 4.4699676E-02 4.1064911E-02 3.7346113E-02 3.3680283E-02 3.0190801E-02 2.6962394E-02 2.4036443E-02 2.1420473E-02 1.9101033E-02 1.7053926E-02 1.5250947E-02 1.3663625E-02 1.2265196E-02
6.7366488E-02 6.8147056E-02 6.8806827E-02 6.9363542E-02 6.9831520E-02 7.0222192E-02 7.0544697E-02 7.0806265E-02 7.1012586E-02 7.1168080E-02 7.1276054E-02 7.1338922E-02 7.1358256E-02 7.1334854E-02 7.1268849E-02 7.1159676E-02 7.1006089E-02 7.0806183E-02 7.0557281E-02 7.0255928E-02 6.9897771E-02 6.9477513E-02 6.8988688E-02 6.8423606E-02 6.7773052E-02 6.7026176E-02 6.6170134E-02 6.5189905E-02 6.4067945E-02 6.2784031E-02 6.1315071E-02 5.9635296E-02 5.7716928E-02 5.5531777E-02 5.3054530E-02 5.0268713E-02 4.7176216E-02 4.3809917E-02 4.0244609E-02 3.6596086E-02 3.3000026E-02 2.9578529E-02 2.6415208E-02 2.3550577E-02 2.0991560E-02 1.8724371E-02 1.6724726E-02 1.4964496E-02 1.3415439E-02 1.2051074E-02
6.5711826E-02 6.6470757E-02 6.7112058E-02 6.7653120E-02 6.8107888E-02 6.8487540E-02 6.8800919E-02 6.9055103E-02 6.9255576E-02 6.9406636E-02 6.9511496E-02 6.9572464E-02 6.9591083E-02 6.9568127E-02 6.9503717E-02 6.9397315E-02 6.9247723E-02 6.9053091E-02 6.8810828E-02 6.8517596E-02 6.8169214E-02 6.7760527E-02 6.7285292E-02 6.6736065E-02 6.6103913E-02 6.5378323E-02 6.4546816E-02 6.3594759E-02 6.2505081E-02 6.1258003E-02 5.9830919E-02 5.8198504E-02 5.6333344E-02 5.4207489E-02 5.1795661E-02 4.9081102E-02 4.6065103E-02 4.2779490E-02 3.9297655E-02 3.5733718E-02 3.2221552E-02 2.8881533E-02 2.5795810E-02 2.3003781E-02 2.0511679E-02 1.8305380E-02 1.6360581E-02 1.4649359E-02 1.3143832E-02 1.1817950E-02
6.3806064E-02 6.4540684E-02 6.5161392E-02 6.5685093E-02 6.6125318E-02 6.6492863E-02 6.6796310E-02 6.7042418E-02 6.7236543E-02 6.7382790E-02 6.7484252E-02 6.7543171E-02 6.7561008E-02 6.7538515E-02 6.7475803E-02 6.7372367E-02 6.7227043E-02 6.7038059E-02 6.6802941E-02 6.6518471E-02 6.6180617E-02 6.5784432E-02 6.5323927E-02 6.4791925E-02 6.4179853E-02 6.3477531E-02 6.2672965E-02 6.1752032E-02 6.0698200E-02 5.9492312E-02 5.8112375E-02 5.6533713E-02 5.4729465E-02 5.2672125E-02 5.0336584E-02 4.7705900E-02 4.4780657E-02 4.1591432E-02 3.8209755E-02 3.4747489E-02 3.1336032E-02 2.8093435E-02 2.5099903E-02 2.2393441E-02 1.9979490E-02 1.7843639E-02 1.5961709E-02 1.4306174E-02 1.2849691E-02 1.1566854E-02
6.1622664E-02 6.2330201E-02 6.2928155E-02 6.3432805E-02 6.3857153E-02 6.4211555E-02 6.4504221E-02 6.4741649E-02 6.4928941E-02 6.5070011E-02 6.5167837E-02 6.5224543E-02 6.5241523E-02 6.5219499E-02 6.5158591E-02 6.5058298E-02 6.4917520E-02 6.4734556E-02 6.4507030E-02 6.4231880E-02 6.3905276E-02 6.3522480E-02 6.3077763E-02 6.2564284E-02 6.1973844E-02 6.1296739E-02 6.0521483E-02 5.9634559E-02 5.8620121E-02 5.7459783E-02 5.6132399E-02 5.4614149E-02 5.2879002E-02 5.0900158E-02 4.8652925E-02 4.6120342E-02 4.3302309E-02 4.0227834E-02 3.6966071E-02 3.3625774E-02 3.0334966E-02 2.7208500E-02 2.4324017E-02 2.1717830E-02 1.9394508E-02 1.7339500E-02 1.5528988E-02 1.3936113E-02 1.2534350E-02 1.1299169E-02
5.9137221E-02 5.9814889E-02 6.0387958E-02 6.0871918E-02 6.1279118E-02 6.1619394E-02 6.1900526E-02 6.2128678E-02 6.2308673E-02 6.2444247E-02 6.2538184E-02 6.2592536E-02 6.2608600E-02 6.2587075E-02 6.2528044E-02 6.2431052E-02 6.2295053E-02 6.2118426E-02 6.1898917E-02 6.1633635E-02 6.1318923E-02 6.0950313E-02 6.0522370E-02 6.0028616E-02 5.9461277E-02 5.8811184E-02 5.8067448E-02 5.7217278E-02 5.6245659E-02 5.5135161E-02 5.3865690E-02 5.2414570E-02 5.0756954E-02 4.8867103E-02 4.6721153E-02 4.4302408E-02 4.1610129E-02 3.8671568E-02 3.5552755E-02 3.2358252E-02 2.9211387E-02 2.6222659E-02 2.3466362E-02 2.0976746E-02 1.8757569E-02 1.6794400E-02 1.5064145E-02 1.3540996E-02 1.2199597E-02 1.1016580E-02
5.6332827E-02 5.6977935E-02 5.7524104E-02 5.7985831E-02 5.8374714E-02 5.8699951E-02 5.8968864E-02 5.9187215E-02 5.9359509E-02 5.9489284E-02 5.9579156E-02 5.9631020E-02 5.9646107E-02 5.9625074E-02 5.9568014E-02 5.9474472E-02 5.9343453E-02 5.9173442E-02 5.8962330E-02 5.8707371E-02 5.8405135E-02 5.8051407E-02 5.7641108E-02 5.7168148E-02 5.6625225E-02 5.6003761E-02 5.5293567E-02 5.4482672E-02 5.3557038E-02 5.2500375E-02 5.1293921E-02 4.9916446E-02 4.8344668E-02 4.6554428E-02 4.4523180E-02 4.2234961E-02 3.9688680E-02 3.6909625E-02 3.3959880E-02 3.0938350E-02 2.7961899E-02 2.5135104E-02 2.2527946E-02 2.0172311E-02 1.8071335E-02 1.6211154E-02 1.4569912E-02 1.3123351E-02 1.1847699E-02 1.0721089E-02
