T6-multimodels/GR1.grd
DSAA
         100         100
  -15.00000       15.00000    
  -15.00000       15.00000    
 -3.8303930E-02  1.2358774E-04
[rows 0 to 21 of 100, columns 48 to 95 of 100]
-2.4632594E-04 -2.3428338E-04 -2.2223606E-04 -2.1021404E-04 -1.9825182E-04 -1.8638650E-04 -1.7464819E-04 -1.6306411E-04 -1.5165756E-04 -1.4044950E-04 -1.2945753E-04 -1.1869702E-04 -1.0818043E-04 -9.7918142E-05 -8.7917964E-05 -7.8186051E-05 -6.8726331E-05 -5.9541497E-05 -5.0632181E-05 -4.1998261E-05 -3.3637967E-05 -2.5548910E-05 -1.7727436E-05 -1.0169510E-05 -2.8701613E-06 4.1758353E-06 1.0974391E-05 1.7531356E-05 2.3853274E-05 2.9946463E-05 3.5817677E-05 4.1473599E-05 4.6921043E-05 5.2166637E-05 5.7217076E-05 6.2078827E-05 6.6758563E-05 7.1262526E-05 7.5596981E-05 7.9768040E-05 8.3781699E-05 8.7643617E-05 9.1359478E-05 9.4934512E-05 9.8374076E-05 1.0168314E-04 1.0486668E-04 1.0792946E-04
-2.7689399E-04 -2.6363003E-04 -2.5037024E-04 -2.3716672E-04 -2.2405978E-04 -2.1108094E-04 -1.9826242E-04 -1.8563303E-04 -1.7321826E-04 -1.6103999E-04 -1.4911695E-04 -1.3746471E-04 -1.2609611E-04 -1.1502112E-04 -1.0424723E-04 -9.3779738E-05 -8.3621831E-05 -7.3775016E-05 -6.4238891E-05 -5.5011948E-05 -4.6091227E-05 -3.7472848E-05 -2.9151905E-05 -2.1122813E-05 -1.3379395E-05 -5.9148524E-06 1.2778515E-06 8.2060569E-06 1.4877431E-05 2.1299651E-05 2.7480539E-05 3.3427859E-05 3.9149476E-05 4.4653178E-05 4.9946488E-05 5.5036900E-05 5.9931725E-05 6.4638240E-05 6.9163347E-05 7.3513962E-05 7.7696670E-05 8.1717866E-05 8.5583757E-05 8.9300214E-05 9.2873015E-05 9.6307682E-05 9.9609642E-05 1.0278411E-04
-3.0983935E-04 -2.9522675E-04 -2.8065170E-04 -2.6615275E-04 -2.5177270E-04 -2.3755587E-04 -2.2353833E-04 -2.0975187E-04 -1.9622344E-04 -1.8297648E-04 -1.7003022E-04 -1.5740075E-04 -1.4510057E-04 -1.3313937E-04 -1.2152379E-04 -1.1025829E-04 -9.9344652E-05 -8.8783185E-05 -7.8571917E-05 -6.8707850E-05 -5.9186321E-05 -5.0001861E-05 -4.1147829E-05 -3.2617085E-05 -2.4401725E-05 -1.6493450E-05 -8.8834986E-06 -1.5632475E-06 5.4766292E-06 1.2244980E-05 1.8751165E-05 2.5004092E-05 3.1012813E-05 3.6786194E-05 4.2333020E-05 4.7661601E-05 5.2780368E-05 5.7697394E-05 6.2420440E-05 6.6957145E-05 7.1314913E-05 7.5500786E-05 7.9521669E-05 8.3383937E-05 8.7094064E-05 9.0658024E-05 9.4081748E-05 9.7370918E-05
-3.4559649E-04 -3.2944483E-04 -3.1334962E-04 -2.9737450E-04 -2.8156902E-04 -2.6597196E-04 -2.5062176E-04 -2.3555213E-04 -2.2079224E-04 -2.0636634E-04 -1.9229451E-04 -1.7859272E-04 -1.6527330E-04 -1.5234492E-04 -1.3981332E-04 -1.2768144E-04 -1.1594974E-04 -1.0461640E-04 -9.3677874E-05 -8.3129074E-05 -7.2963536E-05 -6.3173560E-05 -5.3750704E-05 -4.4685792E-05 -3.5969049E-05 -2.7590160E-05 -1.9538795E-05 -1.1804404E-05 -4.3762261E-06 2.7564938E-06 9.6042622E-06 1.6177639E-05 2.2486875E-05 2.8542236E-05 3.4353554E-05 3.9930437E-05 4.5282093E-05 5.0417821E-05 5.5346205E-05 6.0075774E-05 6.4614695E-05 6.8970847E-05 7.3151714E-05 7.7164463E-05 8.1015969E-05 8.4713050E-05 8.8261928E-05 9.1668939E-05
-3.8426710E-04 -3.6640451E-04 -3.4864625E-04 -3.3104187E-04 -3.1364424E-04 -2.9650668E-04 -2.7967218E-04 -2.6317762E-04 -2.4705351E-04 -2.3132558E-04 -2.1601403E-04 -2.0113467E-04 -1.8669889E-04 -1.7271441E-04 -1.5918523E-04 -1.4611256E-04 -1.3349463E-04 -1.2132769E-04 -1.0960566E-04 -9.8321158E-05 -8.7465218E-05 -7.7027893E-05 -6.6998247E-05 -5.7364821E-05 -4.8115577E-05 -3.9238130E-05 -3.0719948E-05 -2.2548586E-05 -1.4711276E-05 -7.1957297E-06 1.0536597E-08 6.9195235E-06 1.3543129E-05 1.9892803E-05 2.5979813E-05 3.1814983E-05 3.7408830E-05 4.2771469E-05 4.7912625E-05 5.2841810E-05 5.7567999E-05 6.2099891E-05 6.6445740E-05 7.0613394E-05 7.4610514E-05 7.8444260E-05 8.2121674E-05 8.5649510E-05
-4.2637394E-04 -4.0655280E-04 -3.8687044E-04 -3.6740492E-04 -3.4821764E-04 -3.2935600E-04 -3.1086575E-04 -2.9278576E-04 -2.7514875E-04 -2.5798084E-04 -2.4130238E-04 -2.2512843E-04 -2.0946930E-04 -1.9433073E-04 -1.7971477E-04 -1.6562008E-04 -1.5204240E-04 -1.3897500E-04 -1.2640902E-04 -1.1433414E-04 -1.0273852E-04 -9.1609254E-05 -8.0932645E-05 -7.0694492E-05 -6.0880222E-05 -5.1474868E-05 -4.2463438E-05 -3.3831318E-05 -2.5563482E-05 -1.7645711E-05 -1.0063626E-05 -2.8033303E-06 4.1486132E-06 1.0805336E-05 1.7179564E-05 2.3283368E-05 2.9128576E-05 3.4726589E-05 4.0088140E-05 4.5223740E-05 5.0143339E-05 5.4856511E-05 5.9372447E-05 6.3699626E-05 6.7846420E-05 7.1820694E-05 7.5630051E-05 7.9281788E-05
-4.7208258E-04 -4.5006862E-04 -4.2826313E-04 -4.0672987E-04 -3.8553422E-04 -3.6474050E-04 -3.4439928E-04 -3.2455291E-04 -3.0523512E-04 -2.8647264E-04 -2.6828534E-04 -2.5068707E-04 -2.3368605E-04 -2.1728579E-04 -2.0148519E-04 -1.8628003E-04 -1.7166241E-04 -1.5762236E-04 -1.4414734E-04 -1.3122350E-04 -1.1883547E-04 -1.0696697E-04 -9.5600808E-05 -8.4719788E-05 -7.4306197E-05 -6.4342086E-05 -5.4809767E-05 -4.5692141E-05 -3.6971662E-05 -2.8631717E-05 -2.0655825E-05 -1.3028231E-05 -5.7335292E-06 1.2431623E-06 7.9161464E-06 1.4299017E-05 2.0404937E-05 2.6246682E-05 3.1836218E-05 3.7184989E-05 4.2304091E-05 4.7204052E-05 5.1894927E-05 5.6385990E-05 6.0686412E-05 6.4804728E-05 6.8749243E-05 7.2527873E-05
-5.2203395E-04 -4.9750018E-04 -4.7323346E-04 -4.4933084E-04 -4.2586788E-04 -4.0290260E-04 -3.8048878E-04 -3.5867025E-04 -3.3748252E-04 -3.1695186E-04 -2.9709726E-04 -2.7793014E-04 -2.5945628E-04 -2.4167566E-04 -2.2458356E-04 -2.0817130E-04 -1.9242715E-04 -1.7733662E-04 -1.6288283E-04 -1.4904740E-04 -1.3581097E-04 -1.2315309E-04 -1.1105273E-04 -9.9488709E-05 -8.8439883E-05 -7.7885052E-05 -6.7803434E-05 -5.8174606E-05 -4.8978502E-05 -4.0195966E-05 -3.1808089E-05 -2.3796771E-05 -1.6144633E-05 -8.8349097E-06 -1.8514397E-06 4.8209372E-06 1.1197172E-05 1.7291111E-05 2.3116094E-05 2.8684914E-05 3.4009681E-05 3.9101928E-05 4.3972592E-05 4.8632046E-05 5.3090193E-05 5.7356177E-05 6.1439066E-05 6.5347420E-05
-5.7648472E-04 -5.4910855E-04 -5.2210229E-04 -4.9554836E-04 -4.6952802E-04 -4.4411822E-04 -4.1937781E-04 -3.9535409E-04 -3.7208223E-04 -3.4958843E-04 -3.2788882E-04 -3.0699253E-04 -2.8690067E-04 -2.6760926E-04 -2.4910818E-04 -2.3138408E-04 -2.1441925E-04 -1.9819428E-04 -1.8268655E-04 -1.6787287E-04 -1.5372840E-04 -1.4022815E-04 -1.2734620E-04 -1.1505728E-04 -1.0333580E-04 -9.2156974E-05 -8.1496139E-05 -7.1329923E-05 -6.1634644E-05 -5.2388652E-05 -4.3569984E-05 -3.5158428E-05 -2.7133929E-05 -1.9477937E-05 -1.2172117E-05 -5.1995789E-06 1.4562246E-06 7.8107269E-06 1.3878778E-05 1.9674266E-05 2.5210729E-05 3.0500509E-05 3.5555888E-05 4.0387924E-05 4.5007502E-05 4.9424565E-05 5.3649004E-05 5.7689747E-05
-6.3623843E-04 -6.0557999E-04 -5.7538837E-04 -5.4578477E-04 -5.1686290E-04 -4.8869272E-04 -4.6133596E-04 -4.3484068E-04 -4.0924278E-04 -3.8456568E-04 -3.6082283E-04 -3.3801817E-04 -3.1614816E-04 -2.9520201E-04 -2.7516400E-04 -2.5601347E-04 -2.3772665E-04 -2.2027666E-04 -2.0363495E-04 -1.8777169E-04 -1.7265626E-04 -1.5825752E-04 -1.4454454E-04 -1.3148654E-04 -1.1905374E-04 -1.0721624E-04 -9.5945747E-05 -8.5214684E-05 -7.4996395E-05 -6.5265296E-05 -5.5997003E-05 -4.7168065E-05 -3.8756436E-05 -3.0740626E-05 -2.3100583E-05 -1.5817346E-05 -8.8725519E-06 -2.2489241E-06 4.0695863E-06 1.0098562E-05 1.5852449E-05 2.1345320E-05 2.6590133E-05 3.1598975E-05 3.6383710E-05 4.0955340E-05 4.5324152E-05 4.9500082E-05
-7.0168002E-04 -6.6728902E-04 -6.3351938E-04 -6.0047751E-04 -5.6826422E-04 -5.3697085E-04 -5.0666422E-04 -4.7739461E-04 -4.4919539E-04 -4.2208747E-04 -3.9607857E-04 -3.7116683E-04 -3.4734074E-04 -3.2458245E-04 -3.0286712E-04 -2.8216638E-04 -2.6244734E-04 -2.4367569E-04 -2.2581426E-04 -2.0882610E-04 -1.9267290E-04 -1.7731710E-04 -1.6272116E-04 -1.4884870E-04 -1.3566393E-04 -1.2313238E-04 -1.1122063E-04 -9.9897246E-05 -8.9131005E-05 -7.8893376E-05 -6.9156122E-05 -5.9893006E-05 -5.1078991E-05 -4.2690193E-05 -3.4704190E-05 -2.7099737E-05 -1.9856596E-05 -1.2955768E-05 -6.3794241E-06 -1.1066599E-07 5.8666446E-06 1.1567461E-05 1.7006132E-05 2.2195891E-05 2.7149455E-05 3.1878666E-05 3.6394842E-05 4.0708430E-05
-7.7383517E-04 -7.3510921E-04 -6.9716171E-04 -6.6014571E-04 -6.2417705E-04 -5.8933854E-04 -5.5569911E-04 -5.2330742E-04 -4.9219496E-04 -4.6237611E-04 -4.3385188E-04 -4.0661110E-04 -3.8063288E-04 -3.5588859E-04 -3.3234333E-04 -3.0995745E-04 -2.8868820E-04 -2.6849081E-04 -2.4931869E-04 -2.3112533E-04 -2.1386429E-04 -1.9748979E-04 -1.8195699E-04 -1.6722230E-04 -1.5324409E-04 -1.3998180E-04 -1.2739676E-04 -1.1545255E-04 -1.0411374E-04 -9.3347437E-05 -8.3122002E-05 -7.3407522E-05 -6.4176107E-05 -5.5401018E-05 -4.7057350E-05 -3.9121282E-05 -3.1570682E-05 -2.4384492E-05 -1.7543140E-05 -1.1028079E-05 -4.8218158E-06 1.0919763E-06 6.7289857E-06 1.2103498E-05 1.7229459E-05 2.2119313E-05 2.6785316E-05 3.1239106E-05
-8.5328351E-04 -8.0958218E-04 -7.6689560E-04 -7.2536204E-04 -6.8510568E-04 -6.4623350E-04 -6.0881773E-04 -5.7290657E-04 -5.3852459E-04 -5.0567882E-04 -4.7435905E-04 -4.4454238E-04 -4.1619487E-04 -3.8927441E-04 -3.6373219E-04 -3.3951589E-04 -3.1656900E-04 -2.9483484E-04 -2.7425503E-04 -2.5477231E-04 -2.3632980E-04 -2.1887250E-04 -2.0234655E-04 -1.8670103E-04 -1.7188644E-04 -1.5785595E-04 -1.4456491E-04 -1.3197133E-04 -1.2003475E-04 -1.0871790E-04 -9.7984783E-05 -8.7802160E-05 -7.8138379E-05 -6.8963913E-05 -6.0250859E-05 -5.1973126E-05 -4.4106098E-05 -3.6626683E-05 -2.9513345E-05 -2.2745919E-05 -1.6305374E-05 -1.0173733E-05 -4.3341752E-06 1.2288081E-06 6.5301842E-06 1.1583569E-05 1.6402195E-05 2.0998139E-05
-9.4137358E-04 -8.9185114E-04 -8.4359851E-04 -7.9681090E-04 -7.5163011E-04 -7.0815143E-04 -6.6644658E-04 -6.2655727E-04 -5.8850029E-04 -5.5226928E-04 -5.1783974E-04 -4.8517209E-04 -4.5421554E-04 -4.2491005E-04 -3.9718996E-04 -3.7098539E-04 -3.4622484E-04 -3.2283587E-04 -3.0074603E-04 -2.7988505E-04 -2.6018420E-04 -2.4157704E-04 -2.2400034E-04 -2.0739328E-04 -1.9169874E-04 -1.7686198E-04 -1.6283173E-04 -1.4955964E-04 -1.3700011E-04 -1.2511047E-04 -1.1385064E-04 -1.0318265E-04 -9.3071845E-05 -8.3485043E-05 -7.4391297E-05 -6.5761800E-05 -5.7569599E-05 -4.9789163E-05 -4.2397187E-05 -3.5371369E-05 -2.8691222E-05 -2.2337297E-05 -1.6291244E-05 -1.0536204E-05 -5.0562467E-06 1.6339656E-07 5.1367961E-06 9.8771443E-06
-1.0389794E-03 -9.8270574E-04 -9.2807028E-04 -8.7525381E-04 -8.2440820E-04 -7.7565422E-04 -7.2906248E-04 -6.8466750E-04 -6.4247078E-04 -6.0244912E-04 -5.6455663E-04 -5.2873237E-04 -4.9490196E-04 -4.6298356E-04 -4.3288874E-04 -4.0452732E-04 -3.7780718E-04 -3.5263819E-04 -3.2893065E-04 -3.0659884E-04 -2.8555965E-04 -2.6573418E-04 -2.4704693E-04 -2.2942733E-04 -2.1280818E-04 -1.9712676E-04 -1.8232389E-04 -1.6834454E-04 -1.5513676E-04 -1.4265272E-04 -1.3084678E-04 -1.1967721E-04 -1.0910490E-04 -9.9093086E-05 -8.9607762E-05 -8.0616919E-05 -7.2091236E-05 -6.4002714E-05 -5.6325625E-05 -4.9035989E-05 -4.2111478E-05 -3.5530771E-05 -2.9274601E-05 -2.3324370E-05 -1.7663089E-05 -1.2274719E-05 -7.1441546E-06 -2.2576307E-06
-1.1479228E-03 -1.0836761E-03 -1.0214860E-03 -9.6160348E-04 -9.0420048E-04 -8.4937975E-04 -7.9720438E-04 -7.4769213E-04 -7.0082472E-04 -6.5655209E-04 -6.1480072E-04 -5.7547929E-04 -5.3848419E-04 -5.0370354E-04 -4.7102178E-04 -4.4032180E-04 -4.1148782E-04 -3.8440668E-04 -3.5896862E-04 -3.3506934E-04 -3.1260942E-04 -2.9149451E-04 -2.7163624E-04 -2.5295164E-04 -2.3536345E-04 -2.1879865E-04 -2.0318973E-04 -1.8847449E-04 -1.7459365E-04 -1.6149343E-04 -1.4912302E-04 -1.3743565E-04 -1.2638787E-04 -1.1593907E-04 -1.0605132E-04 -9.6690179E-05 -8.7822926E-05 -7.9419093E-05 -7.1450908E-05 -6.3892236E-05 -5.6718804E-05 -4.9907703E-05 -4.3437605E-05 -3.7289406E-05 -3.1444040E-05 -2.5884699E-05 -2.0595353E-05 -1.5561009E-05
-1.2695427E-03 -1.1959341E-03 -1.1249710E-03 -1.0568915E-03 -9.9187775E-04 -9.3005650E-04 -8.7147875E-04 -8.1614126E-04 -7.6399249E-04 -7.1494718E-04 -6.6889182E-04 -6.2569609E-04 -5.8521627E-04 -5.4730341E-04 -5.1180588E-04 -4.7857448E-04 -4.4746284E-04 -4.1833136E-04 -3.9104538E-04 -3.6547938E-04 -3.4151395E-04 -3.1903799E-04 -2.9794718E-04 -2.7814542E-04 -2.5954304E-04 -2.4205641E-04 -2.2560862E-04 -2.1012904E-04 -1.9555108E-04 -1.8181380E-04 -1.6886093E-04 -1.5664019E-04 -1.4510343E-04 -1.3420593E-04 -1.2390595E-04 -1.1416582E-04 -1.0494967E-04 -9.6224321E-05 -8.7959503E-05 -8.0126854E-05 -7.2700423E-05 -6.5655127E-05 -5.8968413E-05 -5.2619347E-05 -4.6587957E-05 -4.0855823E-05 -3.5406032E-05 -3.0222509E-05
-1.4064027E-03 -1.3216047E-03 -1.2401504E-03 -1.1623668E-03 -1.0884580E-03 -1.0185190E-03 -9.5257623E-04 -8.9058740E-04 -8.3245663E-04 -7.7804585E-04 -7.2718901E-04 -6.7970081E-04 -6.3538679E-04 -5.9404882E-04 -5.5549102E-04 -5.1952305E-04 -4.8596249E-04 -4.5463635E-04 -4.2538176E-04 -3.9804680E-04 -3.7249006E-04 -3.4857992E-04 -3.2619515E-04 -3.0522386E-04 -2.8556283E-04 -2.6711650E-04 -2.4979777E-04 -2.3352609E-04 -2.1822717E-04 -2.0383278E-04 -1.9027996E-04 -1.7751082E-04 -1.6547237E-04 -1.5411509E-04 -1.4339363E-04 -1.3326618E-04 -1.2369396E-04 -1.1464100E-04 -1.0607445E-04 -9.7963588E-05 -9.0280206E-05 -8.2997707E-05 -7.6091514E-05 -6.9539266E-05 -6.3319749E-05 -5.7413112E-05 -5.1801337E-05 -4.6467354E-05
-1.5606208E-03 -1.4624805E-03 -1.3686545E-03 -1.2794620E-03 -1.1951149E-03 -1.1157215E-03 -1.0412715E-03 -9.7166898E-04 -9.0674858E-04 -8.4630109E-04 -7.9008506E-04 -7.3784392E-04 -6.8931456E-04 -6.4423721E-04 -6.0235872E-04 -5.6343933E-04 -5.2725064E-04 -4.9358158E-04 -4.6223425E-04 -4.3302722E-04 -4.0579215E-04 -3.8037548E-04 -3.5663543E-04 -3.3444306E-04 -3.1367975E-04 -2.9423702E-04 -2.7601575E-04 -2.5892581E-04 -2.4288325E-04 -2.2781253E-04 -2.1364341E-04 -2.0031229E-04 -1.8776026E-04 -1.7593318E-04 -1.6478148E-04 -1.5425986E-04 -1.4432546E-04 -1.3493958E-04 -1.2606676E-04 -1.1767404E-04 -1.0973051E-04 -1.0220796E-04 -9.5080140E-05 -8.8322937E-05 -8.1913429E-05 -7.5831078E-05 -7.0056478E-05 -6.4571388E-05
-1.7359798E-03 -1.6216366E-03 -1.5128047E-03 -1.4099246E-03 -1.3132270E-03 -1.2227588E-03 -1.1384437E-03 -1.0600982E-03 -9.8746037E-04 -9.2021492E-04 -8.5801916E-04 -8.0051902E-04 -7.4736308E-04 -6.9821015E-04 -6.5273739E-04 -6.1064132E-04 -5.7164091E-04 -5.3547713E-04 -5.0191197E-04 -4.7072873E-04 -4.4172970E-04 -4.1473450E-04 -3.8957910E-04 -3.6611536E-04 -3.4420780E-04 -3.2373314E-04 -3.0457947E-04 -2.8664575E-04 -2.6983852E-04 -2.5407327E-04 -2.3927262E-04 -2.2536646E-04 -2.1228993E-04 -1.9998393E-04 -1.8839394E-04 -1.7747100E-04 -1.6716913E-04 -1.5744573E-04 -1.4826244E-04 -1.3958437E-04 -1.3137805E-04 -1.2361318E-04 -1.1626171E-04 -1.0929802E-04 -1.0269765E-04 -9.6438423E-05 -9.0500136E-05 -8.4863248E-05
-1.9359931E-03 -1.8019339E-03 -1.6750529E-03 -1.5557983E-03 -1.4443991E-03 -1.3408827E-03 -1.2450750E-03 -1.1566632E-03 -1.0752371E-03 -1.0003351E-03 -9.3147112E-04 -8.6816173E-04 -8.0993678E-04 -7.5635419E-04 -7.0700067E-04 -6.6149730E-04 -6.1949721E-04 -5.8068603E-04 -5.4477784E-04 -5.1151600E-04 -4.8066801E-04 -4.5202448E-04 -4.2539567E-04 -4.0061248E-04 -3.7752051E-04 -3.5598045E-04 -3.3586627E-04 -3.1706534E-04 -2.9947364E-04 -2.8299767E-04 -2.6755157E-04 -2.5305885E-04 -2.3944805E-04 -2.2665483E-04 -2.1461995E-04 -2.0329036E-04 -1.9261571E-04 -1.8255076E-04 -1.7305448E-04 -1.6408821E-04 -1.5561713E-04 -1.4760821E-04 -1.4003155E-04 -1.3286030E-04 -1.2606809E-04 -1.1963196E-04 -1.1352933E-04 -1.0774035E-04
-2.1666593E-03 -2.0081131E-03 -1.8588854E-03 -1.7196117E-03 -1.5905288E-03 -1.4715284E-03 -1.3622687E-03 -1.2622307E-03 -1.1707880E-03 -1.0872639E-03 -1.0109751E-03 -9.4126101E-04 -8.7750005E-04 -8.1911701E-04 -7.6558930E-04 -7.1644376E-04 -6.7125581E-04 -6.2964542E-04 -5.9127138E-04 -5.5583112E-04 -5.2305282E-04 -4.9269386E-04 -4.6453692E-04 -4.3838858E-04 -4.1407463E-04 -3.9143793E-04 -3.7033763E-04 -3.5064839E-04 -3.3225425E-04 -3.1505237E-04 -2.9894873E-04 -2.8385883E-04 -2.6970523E-04 -2.5641796E-04 -2.4393230E-04 -2.3219106E-04 -2.2114020E-04 -2.1073075E-04 -2.0091824E-04 -1.9166191E-04 -1.8292427E-04 -1.7467009E-04 -1.6686773E-04 -1.5948799E-04 -1.5250382E-04 -1.4589001E-04 -1.3962350E-04 -1.3368255E-04
