T6-multimodels/GR1.grd
DSAA
         100         100
  -15.00000       15.00000    
  -15.00000       15.00000    
 -3.8303930E-02  1.2358774E-04
[rows 44 to 65 of 100, columns 0 to 47 of 100]
-4.8375730E-03 -5.3788498E-03 -6.0219504E-03 -6.7907809E-03 -7.7174813E-03 -8.8424124E-03 -1.0220419E-02 -1.1921315E-02 -1.4038007E-02 -1.6670220E-02 -1.9846449E-02 -2.3251019E-02 -2.6318278E-02 -2.8821494E-02 -3.0818358E-02 -3.2410115E-02 -3.3683851E-02 -3.4705900E-02 -3.5526395E-02 -3.6183190E-02 -3.6704730E-02 -3.7112691E-02 -3.7423074E-02 -3.7647918E-02 -3.7795562E-02 -3.7871849E-02 -3.7879899E-02 -3.7821081E-02 -3.7694540E-02 -3.7498012E-02 -3.7227321E-02 -3.6877178E-02 -3.6440730E-02 -3.5910588E-02 -3.5278536E-02 -3.4536783E-02 -3.3677831E-02 -3.2695707E-02 -3.1585604E-02 -3.0344767E-02 -2.8971670E-02 -2.7466541E-02 -2.5830301E-02 -2.4065118E-02 -2.2173587E-02 -2.0159911E-02 -1.8030653E-02 -1.5799237E-02
-4.8763156E-03 -5.4215603E-03 -6.0690404E-03 -6.8426682E-03 -7.7745831E-03 -8.9051323E-03 -1.0289131E-02 -1.1996347E-02 -1.4119620E-02 -1.6758600E-02 -1.9941652E-02 -2.3353005E-02 -2.6426993E-02 -2.8936772E-02 -3.0939898E-02 -3.2537553E-02 -3.3816755E-02 -3.4843773E-02 -3.5668720E-02 -3.6329415E-02 -3.6854316E-02 -3.7265074E-02 -3.7577700E-02 -3.7804235E-02 -3.7953038E-02 -3.8029946E-02 -3.8038105E-02 -3.7978869E-02 -3.7851401E-02 -3.7653442E-02 -3.7380811E-02 -3.7028234E-02 -3.6588855E-02 -3.6055297E-02 -3.5419364E-02 -3.4673281E-02 -3.3809580E-02 -3.2822315E-02 -3.1706735E-02 -3.0460129E-02 -2.9081030E-02 -2.7569722E-02 -2.5927210E-02 -2.4155719E-02 -2.2257911E-02 -2.0238064E-02 -1.8102793E-02 -1.5865589E-02
-4.9061147E-03 -5.4543624E-03 -6.1051450E-03 -6.8823765E-03 -7.8181960E-03 -8.9529380E-03 -1.0341391E-02 -1.2053290E-02 -1.4181436E-02 -1.6825415E-02 -2.0013573E-02 -2.3430068E-02 -2.6509069E-02 -2.9023685E-02 -3.1031441E-02 -3.2633461E-02 -3.3916704E-02 -3.4947414E-02 -3.5775680E-02 -3.6439296E-02 -3.6966708E-02 -3.7379567E-02 -3.7693873E-02 -3.7921693E-02 -3.8071368E-02 -3.8148750E-02 -3.8156986E-02 -3.8097441E-02 -3.7969284E-02 -3.7770245E-02 -3.7496161E-02 -3.7141748E-02 -3.6700174E-02 -3.6164057E-02 -3.5525214E-02 -3.4775898E-02 -3.3908654E-02 -3.2917570E-02 -3.1797916E-02 -3.0547028E-02 -2.9163474E-02 -2.7647598E-02 -2.6000436E-02 -2.4224279E-02 -2.2321826E-02 -2.0297406E-02 -1.8157683E-02 -1.5916178E-02
-4.9272152E-03 -5.4775677E-03 -6.1306534E-03 -6.9103958E-03 -7.8489250E-03 -8.9865690E-03 -1.0378096E-02 -1.2093225E-02 -1.4224717E-02 -1.6872123E-02 -2.0063706E-02 -2.3483586E-02 -2.6565975E-02 -2.9083900E-02 -3.1094836E-02 -3.2699849E-02 -3.3985883E-02 -3.5019144E-02 -3.5849705E-02 -3.6515344E-02 -3.7044495E-02 -3.7458811E-02 -3.7774295E-02 -3.8003005E-02 -3.8153291E-02 -3.8231004E-02 -3.8239300E-02 -3.8179539E-02 -3.8050897E-02 -3.7851110E-02 -3.7576012E-02 -3.7220325E-02 -3.6777224E-02 -3.6239333E-02 -3.5598475E-02 -3.4846921E-02 -3.3977222E-02 -3.2983501E-02 -3.1861033E-02 -3.0607194E-02 -2.9220574E-02 -2.7701547E-02 -2.6051192E-02 -2.4271816E-02 -2.2366168E-02 -2.0338601E-02 -1.8195804E-02 -1.5951337E-02
-4.9398039E-03 -5.4914001E-03 -6.1458480E-03 -6.9270707E-03 -7.8671938E-03 -9.0065422E-03 -1.0399876E-02 -1.2116894E-02 -1.4250345E-02 -1.6899761E-02 -2.0093419E-02 -2.3515405E-02 -2.6599815E-02 -2.9119687E-02 -3.1132478E-02 -3.2739248E-02 -3.4026913E-02 -3.5061669E-02 -3.5893574E-02 -3.6560401E-02 -3.7090577E-02 -3.7505753E-02 -3.7821934E-02 -3.8051169E-02 -3.8201813E-02 -3.8279723E-02 -3.8288057E-02 -3.8228169E-02 -3.8099241E-02 -3.7899014E-02 -3.7623316E-02 -3.7266877E-02 -3.6822874E-02 -3.6283940E-02 -3.5641901E-02 -3.4889024E-02 -3.4017891E-02 -3.3022616E-02 -3.1898502E-02 -3.0642934E-02 -2.9254515E-02 -2.7733650E-02 -2.6081415E-02 -2.4300162E-02 -2.2392642E-02 -2.0363230E-02 -1.8218638E-02 -1.5972432E-02
-4.9439874E-03 -5.4959953E-03 -6.1508943E-03 -6.9326051E-03 -7.8732558E-03 -9.0131657E-03 -1.0407093E-02 -1.2124734E-02 -1.4258830E-02 -1.6908903E-02 -2.0103181E-02 -2.3525752E-02 -2.6610790E-02 -2.9131291E-02 -3.1144695E-02 -3.2752041E-02 -3.4040246E-02 -3.5075489E-02 -3.5907835E-02 -3.6575057E-02 -3.7105575E-02 -3.7521034E-02 -3.7837442E-02 -3.8066853E-02 -3.8217619E-02 -3.8295593E-02 -3.8303930E-02 -3.8244009E-02 -3.8114984E-02 -3.7914608E-02 -3.7638716E-02 -3.7282031E-02 -3.6837734E-02 -3.6298450E-02 -3.5656024E-02 -3.4902714E-02 -3.4031104E-02 -3.3035316E-02 -3.1910662E-02 -3.0654518E-02 -2.9265510E-02 -2.7744040E-02 -2.6091190E-02 -2.4309319E-02 -2.2401176E-02 -2.0371160E-02 -1.8225977E-02 -1.5979201E-02
-4.9398039E-03 -5.4913997E-03 -6.1458470E-03 -6.9270693E-03 -7.8671938E-03 -9.0065422E-03 -1.0399875E-02 -1.2116893E-02 -1.4250345E-02 -1.6899765E-02 -2.0093417E-02 -2.3515405E-02 -2.6599817E-02 -2.9119687E-02 -3.1132478E-02 -3.2739248E-02 -3.4026913E-02 -3.5061669E-02 -3.5893567E-02 -3.6560401E-02 -3.7090577E-02 -3.7505750E-02 -3.7821930E-02 -3.8051166E-02 -3.8201809E-02 -3.8279723E-02 -3.8288053E-02 -3.8228169E-02 -3.8099237E-02 -3.7899014E-02 -3.7623320E-02 -3.7266877E-02 -3.6822874E-02 -3.6283940E-02 -3.5641901E-02 -3.4889024E-02 -3.4017891E-02 -3.3022616E-02 -3.1898502E-02 -3.0642934E-02 -2.9254515E-02 -2.7733650E-02 -2.6081419E-02 -2.4300162E-02 -2.2392640E-02 -2.0363228E-02 -1.8218637E-02 -1.5972432E-02
-4.9272128E-03 -5.4775667E-03 -6.1306520E-03 -6.9103939E-03 -7.8489240E-03 -8.9865662E-03 -1.0378096E-02 -1.2093224E-02 -1.4224716E-02 -1.6872121E-02 -2.0063706E-02 -2.3483586E-02 -2.6565973E-02 -2.9083900E-02 -3.1094834E-02 -3.2699849E-02 -3.3985883E-02 -3.5019144E-02 -3.5849702E-02 -3.6515336E-02 -3.7044488E-02 -3.7458811E-02 -3.7774295E-02 -3.8003005E-02 -3.8153291E-02 -3.8231000E-02 -3.8239297E-02 -3.8179539E-02 -3.8050894E-02 -3.7851110E-02 -3.7576009E-02 -3.7220322E-02 -3.6777224E-02 -3.6239330E-02 -3.5598475E-02 -3.4846917E-02 -3.3977222E-02 -3.2983497E-02 -3.1861030E-02 -3.0607194E-02 -2.9220574E-02 -2.7701546E-02 -2.6051186E-02 -2.4271816E-02 -2.2366162E-02 -2.0338597E-02 -1.8195802E-02 -1.5951335E-02
-4.9061137E-03 -5.4543624E-03 -6.1051440E-03 -6.8823760E-03 -7.8181960E-03 -8.9529362E-03 -1.0341390E-02 -1.2053290E-02 -1.4181433E-02 -1.6825413E-02 -2.0013569E-02 -2.3430062E-02 -2.6509067E-02 -2.9023679E-02 -3.1031441E-02 -3.2633457E-02 -3.3916701E-02 -3.4947414E-02 -3.5775676E-02 -3.6439292E-02 -3.6966700E-02 -3.7379559E-02 -3.7693873E-02 -3.7921689E-02 -3.8071360E-02 -3.8148742E-02 -3.8156983E-02 -3.8097437E-02 -3.7969280E-02 -3.7770241E-02 -3.7496157E-02 -3.7141740E-02 -3.6700170E-02 -3.6164053E-02 -3.5525214E-02 -3.4775894E-02 -3.3908647E-02 -3.2917567E-02 -3.1797912E-02 -3.0547025E-02 -2.9163472E-02 -2.7647594E-02 -2.6000436E-02 -2.4224276E-02 -2.2321822E-02 -2.0297403E-02 -1.8157680E-02 -1.5916174E-02
-4.8763151E-03 -5.4215617E-03 -6.0690385E-03 -6.8426677E-03 -7.7745817E-03 -8.9051314E-03 -1.0289129E-02 -1.1996347E-02 -1.4119620E-02 -1.6758600E-02 -1.9941648E-02 -2.3353003E-02 -2.6426993E-02 -2.8936764E-02 -3.0939898E-02 -3.2537553E-02 -3.3816751E-02 -3.4843769E-02 -3.5668716E-02 -3.6329415E-02 -3.6854308E-02 -3.7265070E-02 -3.7577692E-02 -3.7804231E-02 -3.7953034E-02 -3.8029939E-02 -3.8038097E-02 -3.7978865E-02 -3.7851393E-02 -3.7653439E-02 -3.7380811E-02 -3.7028231E-02 -3.6588851E-02 -3.6055297E-02 -3.5419360E-02 -3.4673277E-02 -3.3809572E-02 -3.2822311E-02 -3.1706732E-02 -3.0460127E-02 -2.9081024E-02 -2.7569719E-02 -2.5927207E-02 -2.4155719E-02 -2.2257907E-02 -2.0238061E-02 -1.8102791E-02 -1.5865587E-02
-4.8375721E-03 -5.3788498E-03 -6.0219490E-03 -6.7907805E-03 -7.7174795E-03 -8.8424115E-03 -1.0220419E-02 -1.1921314E-02 -1.4038005E-02 -1.6670216E-02 -1.9846445E-02 -2.3251014E-02 -2.6318276E-02 -2.8821491E-02 -3.0818354E-02 -3.2410115E-02 -3.3683851E-02 -3.4705896E-02 -3.5526387E-02 -3.6183182E-02 -3.6704727E-02 -3.7112687E-02 -3.7423071E-02 -3.7647914E-02 -3.7795559E-02 -3.7871841E-02 -3.7879895E-02 -3.7821069E-02 -3.7694532E-02 -3.7498005E-02 -3.7227314E-02 -3.6877174E-02 -3.6440726E-02 -3.5910584E-02 -3.5278533E-02 -3.4536783E-02 -3.3677828E-02 -3.2695703E-02 -3.1585600E-02 -3.0344762E-02 -2.8971665E-02 -2.7466536E-02 -2.5830299E-02 -2.4065118E-02 -2.2173582E-02 -2.0159908E-02 -1.8030647E-02 -1.5799236E-02
-4.7895559E-03 -5.3258203E-03 -5.9633646E-03 -6.7260787E-03 -7.6460983E-03 -8.7637985E-03 -1.0134058E-02 -1.1826752E-02 -1.3934867E-02 -1.6558234E-02 -1.9725431E-02 -2.3120929E-02 -2.6179304E-02 -2.8673936E-02 -3.0662615E-02 -3.2246698E-02 -3.3513349E-02 -3.4528963E-02 -3.5343722E-02 -3.5995495E-02 -3.6512747E-02 -3.6917139E-02 -3.7224669E-02 -3.7447367E-02 -3.7593547E-02 -3.7669037E-02 -3.7676968E-02 -3.7618674E-02 -3.7493311E-02 -3.7298612E-02 -3.7030388E-02 -3.6683351E-02 -3.6250647E-02 -3.5724875E-02 -3.5097800E-02 -3.4361616E-02 -3.3508781E-02 -3.2533288E-02 -3.1430271E-02 -3.0196909E-02 -2.8831592E-02 -2.7334480E-02 -2.5706399E-02 -2.3949422E-02 -2.2066049E-02 -2.0060398E-02 -1.7938947E-02 -1.5715048E-02
-4.7318791E-03 -5.2619856E-03 -5.8926698E-03 -6.6477824E-03 -7.5594517E-03 -8.6680613E-03 -1.0028529E-02 -1.1710804E-02 -1.3807979E-02 -1.6420035E-02 -1.9575756E-02 -2.2959799E-02 -2.6006844E-02 -2.8490484E-02 -3.0468704E-02 -3.2043003E-02 -3.3300661E-02 -3.4308143E-02 -3.5115685E-02 -3.5761170E-02 -3.6273073E-02 -3.6673035E-02 -3.6977038E-02 -3.7197080E-02 -3.7341461E-02 -3.7415989E-02 -3.7423771E-02 -3.7366137E-02 -3.7242234E-02 -3.7049789E-02 -3.6784627E-02 -3.6441445E-02 -3.6013398E-02 -3.5493072E-02 -3.4872219E-02 -3.4143008E-02 -3.3297870E-02 -3.2330733E-02 -3.1236663E-02 -3.0012768E-02 -2.8657332E-02 -2.7170409E-02 -2.5552703E-02 -2.3806175E-02 -2.1933194E-02 -1.9937763E-02 -1.7826241E-02 -1.5611886E-02
-4.6640844E-03 -5.1867724E-03 -5.8091292E-03 -6.5549593E-03 -7.4563520E-03 -8.5536968E-03 -9.9019473E-03 -1.1571141E-02 -1.3654513E-02 -1.6252223E-02 -1.9393254E-02 -2.2762531E-02 -2.5795093E-02 -2.8264774E-02 -3.0229760E-02 -3.1791739E-02 -3.3038124E-02 -3.4035478E-02 -3.4834079E-02 -3.5471816E-02 -3.5977159E-02 -3.6371715E-02 -3.6671426E-02 -3.6888260E-02 -3.7030481E-02 -3.7103850E-02 -3.7111461E-02 -3.7054636E-02 -3.6932509E-02 -3.6742806E-02 -3.6481362E-02 -3.6142878E-02 -3.5720520E-02 -3.5206866E-02 -3.4593672E-02 -3.3873070E-02 -3.3037450E-02 -3.2080688E-02 -3.0997768E-02 -2.9785695E-02 -2.8442638E-02 -2.6968503E-02 -2.5363848E-02 -2.3630476E-02 -2.1770583E-02 -1.9788023E-02 -1.7688999E-02 -1.5486639E-02
-4.5856587E-03 -5.0995299E-03 -5.7119126E-03 -6.4465287E-03 -7.3354067E-03 -8.4189121E-03 -9.7520314E-03 -1.1404903E-02 -1.3470934E-02 -1.6050547E-02 -1.9173082E-02 -2.2523835E-02 -2.5538120E-02 -2.7990162E-02 -2.9938495E-02 -3.1485047E-02 -3.2717414E-02 -3.3702247E-02 -3.4489878E-02 -3.5118178E-02 -3.5615575E-02 -3.6003623E-02 -3.6298208E-02 -3.6511213E-02 -3.6650855E-02 -3.6722858E-02 -3.6730286E-02 -3.6674432E-02 -3.6554430E-02 -3.6368020E-02 -3.6111031E-02 -3.5778202E-02 -3.5362702E-02 -3.4857128E-02 -3.4253232E-02 -3.3543136E-02 -3.2719180E-02 -3.1775191E-02 -3.0706044E-02 -2.9508630E-02 -2.8180966E-02 -2.6722779E-02 -2.5134442E-02 -2.3417540E-02 -2.1574061E-02 -1.9607641E-02 -1.7524282E-02 -1.5336927E-02
-4.4960477E-03 -4.9995510E-03 -5.6001050E-03 -6.3212910E-03 -7.1950308E-03 -8.2616284E-03 -9.5760757E-03 -1.1208616E-02 -1.3252879E-02 -1.5809614E-02 -1.8908577E-02 -2.2235574E-02 -2.5226580E-02 -2.7656306E-02 -2.9583687E-02 -3.1110970E-02 -3.2325968E-02 -3.3295427E-02 -3.4069687E-02 -3.4686588E-02 -3.5174459E-02 -3.5554759E-02 -3.5843257E-02 -3.6051754E-02 -3.6188379E-02 -3.6258798E-02 -3.6266018E-02 -3.6211323E-02 -3.6093839E-02 -3.5911318E-02 -3.5659626E-02 -3.5333518E-02 -3.4926206E-02 -3.4430314E-02 -3.3837624E-02 -3.3140235E-02 -3.2330479E-02 -3.1402096E-02 -3.0349869E-02 -2.9170541E-02 -2.7861949E-02 -2.6423598E-02 -2.4855614E-02 -2.3159308E-02 -2.1336392E-02 -1.9390212E-02 -1.7326500E-02 -1.5157944E-02
-4.3946602E-03 -4.8860908E-03 -5.4727271E-03 -6.1779418E-03 -7.0334692E-03 -8.0794776E-03 -9.3709202E-03 -1.0978128E-02 -1.2994996E-02 -1.5522730E-02 -1.8591762E-02 -2.1888647E-02 -2.4850054E-02 -2.7251454E-02 -2.9152423E-02 -3.0655645E-02 -3.1849161E-02 -3.2799806E-02 -3.3557884E-02 -3.4161102E-02 -3.4637649E-02 -3.5008807E-02 -3.5290174E-02 -3.5493415E-02 -3.5626546E-02 -3.5695132E-02 -3.5702135E-02 -3.5648808E-02 -3.5534274E-02 -3.5356313E-02 -3.5110824E-02 -3.4792632E-02 -3.4395009E-02 -3.3910643E-02 -3.3331335E-02 -3.2649234E-02 -3.1856641E-02 -3.0947242E-02 -2.9915715E-02 -2.8758634E-02 -2.7473617E-02 -2.6059911E-02 -2.4517322E-02 -2.2846812E-02 -2.1049717E-02 -1.9129010E-02 -1.7090032E-02 -1.4945122E-02
-4.2809020E-03 -4.7583934E-03 -5.3287833E-03 -6.0151261E-03 -6.8488480E-03 -7.8698592E-03 -9.1329711E-03 -1.0708552E-02 -1.2690789E-02 -1.5181483E-02 -1.8211918E-02 -2.1469785E-02 -2.4393056E-02 -2.6758268E-02 -2.8625822E-02 -3.0098949E-02 -3.1265937E-02 -3.2193642E-02 -3.2932218E-02 -3.3519149E-02 -3.3982340E-02 -3.4342807E-02 -3.4615904E-02 -3.4813091E-02 -3.4942206E-02 -3.5008710E-02 -3.5015486E-02 -3.4963749E-02 -3.4852628E-02 -3.4679953E-02 -3.4441680E-02 -3.4132726E-02 -3.3746462E-02 -3.3275668E-02 -3.2712247E-02 -3.2048397E-02 -3.1276442E-02 -3.0390024E-02 -2.9383725E-02 -2.8253935E-02 -2.6998034E-02 -2.5614940E-02 -2.4104074E-02 -2.2465957E-02 -2.0701438E-02 -1.8812964E-02 -1.6805362E-02 -1.4690458E-02
-4.1542035E-03 -4.6157497E-03 -5.1673367E-03 -5.8315364E-03 -6.6392878E-03 -7.6300493E-03 -8.8582905E-03 -1.0394279E-02 -1.2332479E-02 -1.4775485E-02 -1.7755931E-02 -2.0963226E-02 -2.3837075E-02 -2.6155710E-02 -2.7980773E-02 -2.9416189E-02 -3.0550461E-02 -3.1450309E-02 -3.2165550E-02 -3.2733236E-02 -3.3180822E-02 -3.3528913E-02 -3.3792518E-02 -3.3982791E-02 -3.4107361E-02 -3.4171522E-02 -3.4178060E-02 -3.4128159E-02 -3.4020957E-02 -3.3854336E-02 -3.3624355E-02 -3.3326067E-02 -3.2952983E-02 -3.2498050E-02 -3.1953320E-02 -3.1311098E-02 -3.0563788E-02 -2.9705031E-02 -2.8729329E-02 -2.7632911E-02 -2.6412880E-02 -2.5067797E-02 -2.3596622E-02 -2.1999320E-02 -2.0276116E-02 -1.8428760E-02 -1.6461339E-02 -1.4384947E-02
-4.0140613E-03 -4.4575580E-03 -4.9875844E-03 -5.6260307E-03 -6.4030765E-03 -7.3574008E-03 -8.5427910E-03 -1.0029112E-02 -1.1910964E-02 -1.4291884E-02 -1.7206386E-02 -2.0346597E-02 -2.3155339E-02 -2.5413407E-02 -2.7184155E-02 -2.8572282E-02 -2.9666325E-02 -3.0532541E-02 -3.1220071E-02 -3.1765230E-02 -3.2194786E-02 -3.2528725E-02 -3.2781556E-02 -3.2964043E-02 -3.3083513E-02 -3.3145070E-02 -3.3151370E-02 -3.3103555E-02 -3.3000782E-02 -3.2841019E-02 -3.2620467E-02 -3.2334346E-02 -3.1976398E-02 -3.1539802E-02 -3.1016828E-02 -3.0399995E-02 -2.9681854E-02 -2.8856130E-02 -2.7917296E-02 -2.6861446E-02 -2.5685443E-02 -2.4387453E-02 -2.2965929E-02 -2.1420185E-02 -1.9749666E-02 -1.7955208E-02 -1.6039876E-02 -1.4013662E-02
-3.8601053E-03 -4.2834086E-03 -4.7890078E-03 -5.3978311E-03 -6.1389231E-03 -7.0496988E-03 -8.1826700E-03 -9.6066725E-03 -1.1415987E-02 -1.3715157E-02 -1.6541561E-02 -1.9591810E-02 -2.2313671E-02 -2.4492189E-02 -2.6193192E-02 -2.7522098E-02 -2.8566947E-02 -2.9392930E-02 -3.0047925E-02 -3.0567048E-02 -3.0976022E-02 -3.1293981E-02 -3.1534754E-02 -3.1708580E-02 -3.1822417E-02 -3.1881113E-02 -3.1887177E-02 -3.1841695E-02 -3.1743869E-02 -3.1591766E-02 -3.1381771E-02 -3.1109363E-02 -3.0768566E-02 -3.0352883E-02 -2.9854929E-02 -2.9267536E-02 -2.8583521E-02 -2.7796797E-02 -2.6901931E-02 -2.5894968E-02 -2.4772586E-02 -2.3532616E-02 -2.2173006E-02 -2.0692388E-02 -1.9089304E-02 -1.7363450E-02 -1.5516510E-02 -1.3556851E-02
-3.6921876E-03 -4.0932158E-03 -4.5715300E-03 -5.1467642E-03 -5.8463388E-03 -6.7057102E-03 -7.7751493E-03 -9.1212867E-03 -1.0836909E-02 -1.3027062E-02 -1.5733048E-02 -1.8659230E-02 -2.1262728E-02 -2.3335651E-02 -2.4946991E-02 -2.6202159E-02 -2.7187506E-02 -2.7965998E-02 -2.8583352E-02 -2.9072843E-02 -2.9458705E-02 -2.9758902E-02 -2.9986370E-02 -3.0150713E-02 -3.0258413E-02 -3.0314008E-02 -3.0319840E-02 -3.0276937E-02 -3.0184537E-02 -3.0040866E-02 -2.9842529E-02 -2.9585324E-02 -2.9263657E-02 -2.8871462E-02 -2.8401818E-02 -2.7848024E-02 -2.7203307E-02 -2.6461935E-02 -2.5618711E-02 -2.4669811E-02 -2.3611885E-02 -2.2442589E-02 -2.1159505E-02 -1.9760681E-02 -1.8243795E-02 -1.6607312E-02 -1.4851203E-02 -1.2981541E-02
