T6-multimodels/GR1.grd
DSAA
         100         100
  -15.00000       15.00000    
  -15.00000       15.00000    
 -3.8303930E-02  1.2358774E-04
[rows 22 to 43 of 100, columns 0 to 47 of 100]
-1.6321946E-03 -1.7667691E-03 -1.9146213E-03 -2.0767290E-03 -2.2538654E-03 -2.4464452E-03 -2.6543157E-03 -2.8765283E-03 -3.1111180E-03 -3.3549818E-03 -3.6039124E-03 -3.8529581E-03 -4.0969779E-03 -4.3310868E-03 -4.5512179E-03 -4.7543994E-03 -4.9387501E-03 -5.1033320E-03 -5.2479166E-03 -5.3727590E-03 -5.4783961E-03 -5.5655004E-03 -5.6347642E-03 -5.6868349E-03 -5.7222638E-03 -5.7414877E-03 -5.7448139E-03 -5.7324246E-03 -5.7043890E-03 -5.6606755E-03 -5.6011840E-03 -5.5257846E-03 -5.4343524E-03 -5.3268326E-03 -5.2032899E-03 -5.0639729E-03 -4.9093692E-03 -4.7402540E-03 -4.5577218E-03 -4.3631992E-03 -4.1584368E-03 -3.9454852E-03 -3.7266505E-03 -3.5044369E-03 -3.2814743E-03 -3.0604410E-03 -2.8439625E-03 -2.6345067E-03
-1.7788826E-03 -1.9312052E-03 -2.1000574E-03 -2.2870076E-03 -2.4934688E-03 -2.7204819E-03 -2.9684156E-03 -3.2365699E-03 -3.5227640E-03 -3.8230056E-03 -4.1314955E-03 -4.4410205E-03 -4.7438396E-03 -5.0329329E-03 -5.3027673E-03 -5.5496111E-03 -5.7714581E-03 -5.9676631E-03 -6.1385175E-03 -6.2848707E-03 -6.4078444E-03 -6.5086284E-03 -6.5883570E-03 -6.6480208E-03 -6.6884402E-03 -6.7102304E-03 -6.7138127E-03 -6.6994098E-03 -6.6670738E-03 -6.6167009E-03 -6.5480717E-03 -6.4608948E-03 -6.3548638E-03 -6.2297210E-03 -6.0853404E-03 -5.9218067E-03 -5.7394947E-03 -5.5391402E-03 -5.3218883E-03 -5.0893202E-03 -4.8434548E-03 -4.5867269E-03 -4.3219412E-03 -4.0522176E-03 -3.7809121E-03 -3.5115269E-03 -3.2475891E-03 -2.9925036E-03
-1.9373458E-03 -2.1094619E-03 -2.3020522E-03 -2.5175302E-03 -2.7582734E-03 -3.0263695E-03 -3.3231853E-03 -3.6487493E-03 -4.0009525E-03 -4.3747830E-03 -4.7619496E-03 -5.1515899E-03 -5.5320449E-03 -5.8927997E-03 -6.2261205E-03 -6.5274970E-03 -6.7951381E-03 -7.0291781E-03 -7.2308960E-03 -7.4021351E-03 -7.5449017E-03 -7.6611410E-03 -7.7525852E-03 -7.8206947E-03 -7.8666266E-03 -7.8912321E-03 -7.8950664E-03 -7.8784032E-03 -7.8412639E-03 -7.7834479E-03 -7.7045700E-03 -7.6041240E-03 -7.4815406E-03 -7.3362775E-03 -7.1679186E-03 -6.9762855E-03 -6.7615341E-03 -6.5242667E-03 -6.2655942E-03 -5.9871860E-03 -5.6912838E-03 -5.3806901E-03 -5.0587305E-03 -4.7292127E-03 -4.3963576E-03 -4.0647201E-03 -3.7390655E-03 -3.4241972E-03
-2.1078982E-03 -2.3018382E-03 -2.5209580E-03 -2.7688229E-03 -3.0492262E-03 -3.3659060E-03 -3.7220325E-03 -4.1192775E-03 -4.5564394E-03 -5.0276876E-03 -5.5213231E-03 -6.0202847E-03 -6.5055126E-03 -6.9607995E-03 -7.3755533E-03 -7.7448599E-03 -8.0680251E-03 -8.3468677E-03 -8.5844118E-03 -8.7840632E-03 -8.9491336E-03 -9.0825977E-03 -9.1869924E-03 -9.2643704E-03 -9.3163196E-03 -9.3439752E-03 -9.3480563E-03 -9.3288915E-03 -9.2864623E-03 -9.2204353E-03 -9.1302171E-03 -9.0150153E-03 -8.8739153E-03 -8.7059857E-03 -8.5104033E-03 -8.2865860E-03 -8.0343438E-03 -7.7539985E-03 -7.4464884E-03 -7.1134400E-03 -6.7571970E-03 -6.3808211E-03 -5.9880801E-03 -5.5834348E-03 -5.1720175E-03 -4.7596060E-03 -4.3525696E-03 -3.9577247E-03
-2.2905280E-03 -2.5081998E-03 -2.7565267E-03 -3.0405961E-03 -3.3661588E-03 -3.7394452E-03 -4.1666352E-03 -4.6527265E-03 -5.1993248E-03 -5.8010672E-03 -6.4415028E-03 -7.0925523E-03 -7.7217212E-03 -8.3028739E-03 -8.8219168E-03 -9.2750583E-03 -9.6646035E-03 -9.9956365E-03 -1.0274063E-02 -1.0505609E-02 -1.0695391E-02 -1.0847752E-02 -1.0966236E-02 -1.1053638E-02 -1.1112060E-02 -1.1142977E-02 -1.1147299E-02 -1.1125411E-02 -1.1077242E-02 -1.1002301E-02 -1.0899729E-02 -1.0768381E-02 -1.0606902E-02 -1.0413860E-02 -1.0187889E-02 -9.9278549E-03 -9.6330410E-03 -9.3033100E-03 -8.9392327E-03 -8.5421801E-03 -8.1143668E-03 -7.6588723E-03 -7.1796449E-03 -6.6815424E-03 -6.1703874E-03 -5.6530894E-03 -5.1377807E-03 -4.6339231E-03
-2.4846937E-03 -2.7277365E-03 -3.0076306E-03 -3.3313539E-03 -3.7072327E-03 -4.1449694E-03 -4.6554161E-03 -5.2495347E-03 -5.9356820E-03 -6.7132236E-03 -7.5615607E-03 -8.4321117E-03 -9.2635304E-03 -1.0012550E-02 -1.0663431E-02 -1.1217901E-02 -1.1684950E-02 -1.2075347E-02 -1.2399361E-02 -1.2665944E-02 -1.2882563E-02 -1.3055261E-02 -1.3188809E-02 -1.3286872E-02 -1.3352149E-02 -1.3386503E-02 -1.3391053E-02 -1.3366256E-02 -1.3311971E-02 -1.3227517E-02 -1.3111726E-02 -1.2963032E-02 -1.2779556E-02 -1.2559253E-02 -1.2300072E-02 -1.2000171E-02 -1.1658126E-02 -1.1273125E-02 -1.0845133E-02 -1.0374990E-02 -9.8644514E-03 -9.3162060E-03 -8.7338919E-03 -8.1221685E-03 -7.4868551E-03 -6.8352534E-03 -6.1766286E-03 -5.5229696E-03
-2.6888526E-03 -2.9584952E-03 -3.2717709E-03 -3.6378517E-03 -4.0682233E-03 -4.5770160E-03 -5.1816008E-03 -5.9022615E-03 -6.7605269E-03 -7.7705686E-03 -8.9149429E-03 -1.0107387E-02 -1.1223178E-02 -1.2191031E-02 -1.3002793E-02 -1.3675187E-02 -1.4229544E-02 -1.4685300E-02 -1.5058694E-02 -1.5362778E-02 -1.5607861E-02 -1.5801987E-02 -1.5951324E-02 -1.6060518E-02 -1.6132927E-02 -1.6170844E-02 -1.6175618E-02 -1.6147774E-02 -1.6087092E-02 -1.5992682E-02 -1.5863026E-02 -1.5696086E-02 -1.5489384E-02 -1.5240169E-02 -1.4945593E-02 -1.4602966E-02 -1.4209981E-02 -1.3764973E-02 -1.3267050E-02 -1.2716244E-02 -1.2113470E-02 -1.1460552E-02 -1.0760155E-02 -1.0015854E-02 -9.2322612E-03 -8.4154429E-03 -7.5737201E-03 -6.7192768E-03
-2.8996184E-03 -3.1965328E-03 -3.5442715E-03 -3.9542690E-03 -4.4417093E-03 -5.0256350E-03 -5.7315533E-03 -6.5916423E-03 -7.6475930E-03 -8.9422334E-03 -1.0482525E-02 -1.2123514E-02 -1.3613170E-02 -1.4845006E-02 -1.5839804E-02 -1.6641555E-02 -1.7289575E-02 -1.7814428E-02 -1.8239491E-02 -1.8582536E-02 -1.8857023E-02 -1.9073214E-02 -1.9238744E-02 -1.9359346E-02 -1.9439034E-02 -1.9480599E-02 -1.9485576E-02 -1.9454617E-02 -1.9387368E-02 -1.9282762E-02 -1.9138858E-02 -1.8953172E-02 -1.8722521E-02 -1.8443447E-02 -1.8112179E-02 -1.7725144E-02 -1.7278995E-02 -1.6771128E-02 -1.6199587E-02 -1.5563437E-02 -1.4862423E-02 -1.4097176E-02 -1.3268788E-02 -1.2379021E-02 -1.1430016E-02 -1.0424849E-02 -9.3680173E-03 -8.2676215E-03
-3.1109483E-03 -3.4352094E-03 -3.8175746E-03 -4.2717182E-03 -4.8166551E-03 -5.4763909E-03 -6.2849279E-03 -7.2868001E-03 -8.5454956E-03 -1.0135988E-02 -1.2096668E-02 -1.4218776E-02 -1.6103724E-02 -1.7609101E-02 -1.8791240E-02 -1.9724438E-02 -2.0467246E-02 -2.1061830E-02 -2.1538936E-02 -2.1921186E-02 -2.2225220E-02 -2.2463579E-02 -2.2645351E-02 -2.2777405E-02 -2.2864383E-02 -2.2909608E-02 -2.2914777E-02 -2.2880705E-02 -2.2806857E-02 -2.2692028E-02 -2.2533817E-02 -2.2329312E-02 -2.2074595E-02 -2.1765525E-02 -2.1397354E-02 -2.0965645E-02 -2.0465959E-02 -1.9894768E-02 -1.9248983E-02 -1.8526696E-02 -1.7726393E-02 -1.6847484E-02 -1.5889337E-02 -1.4851766E-02 -1.3734157E-02 -1.2536221E-02 -1.1257908E-02 -9.9020880E-03
-3.3160730E-03 -3.6671795E-03 -4.0833559E-03 -4.5805345E-03 -5.1811179E-03 -5.9138080E-03 -6.8198391E-03 -7.9543060E-03 -9.3968529E-03 -1.1242938E-02 -1.3541381E-02 -1.6036956E-02 -1.8244103E-02 -1.9988518E-02 -2.1341788E-02 -2.2398297E-02 -2.3231408E-02 -2.3893107E-02 -2.4420653E-02 -2.4841065E-02 -2.5173981E-02 -2.5434038E-02 -2.5631765E-02 -2.5775062E-02 -2.5869230E-02 -2.5918044E-02 -2.5923429E-02 -2.5886275E-02 -2.5805961E-02 -2.5681075E-02 -2.5508843E-02 -2.5285881E-02 -2.5007620E-02 -2.4669219E-02 -2.4265070E-02 -2.3789870E-02 -2.3238221E-02 -2.2605695E-02 -2.1888258E-02 -2.1083100E-02 -2.0187730E-02 -1.9200524E-02 -1.8119613E-02 -1.6943382E-02 -1.5669459E-02 -1.4295545E-02 -1.2819461E-02 -1.1242596E-02
-3.5105448E-03 -3.8873958E-03 -4.3357657E-03 -4.8736120E-03 -5.5261562E-03 -6.3259741E-03 -7.3197158E-03 -8.5697453E-03 -1.0164758E-02 -1.2208138E-02 -1.4746111E-02 -1.7497119E-02 -1.9936295E-02 -2.1868123E-02 -2.3364857E-02 -2.4529500E-02 -2.5444174E-02 -2.6167709E-02 -2.6742395E-02 -2.7198829E-02 -2.7559211E-02 -2.7840015E-02 -2.8053068E-02 -2.8207187E-02 -2.8308300E-02 -2.8360588E-02 -2.8366191E-02 -2.8326076E-02 -2.8239544E-02 -2.8104989E-02 -2.7919300E-02 -2.7678652E-02 -2.7377931E-02 -2.7011624E-02 -2.6573403E-02 -2.6057187E-02 -2.5456805E-02 -2.4767064E-02 -2.3983235E-02 -2.3101848E-02 -2.2119807E-02 -2.1034900E-02 -1.9844696E-02 -1.8547049E-02 -1.7139146E-02 -1.5618525E-02 -1.3983505E-02 -1.2237402E-02
-3.6921885E-03 -4.0932149E-03 -4.5715291E-03 -5.1467638E-03 -5.8463397E-03 -6.7057088E-03 -7.7751488E-03 -9.1212858E-03 -1.0836909E-02 -1.3027060E-02 -1.5733046E-02 -1.8659228E-02 -2.1262726E-02 -2.3335647E-02 -2.4946984E-02 -2.6202153E-02 -2.7187498E-02 -2.7965991E-02 -2.8583346E-02 -2.9072842E-02 -2.9458698E-02 -2.9758897E-02 -2.9986367E-02 -3.0150706E-02 -3.0258406E-02 -3.0314000E-02 -3.0319836E-02 -3.0276926E-02 -3.0184530E-02 -3.0040860E-02 -2.9842522E-02 -2.9585317E-02 -2.9263649E-02 -2.8871452E-02 -2.8401813E-02 -2.7848016E-02 -2.7203301E-02 -2.6461931E-02 -2.5618708E-02 -2.4669807E-02 -2.3611879E-02 -2.2442587E-02 -2.1159500E-02 -1.9760679E-02 -1.8243792E-02 -1.6607312E-02 -1.4851204E-02 -1.2981541E-02
-3.8601058E-03 -4.2834086E-03 -4.7890064E-03 -5.3978311E-03 -6.1389231E-03 -7.0496988E-03 -8.1826691E-03 -9.6066725E-03 -1.1415987E-02 -1.3715157E-02 -1.6541559E-02 -1.9591810E-02 -2.2313669E-02 -2.4492184E-02 -2.6193190E-02 -2.7522098E-02 -2.8566945E-02 -2.9392930E-02 -3.0047920E-02 -3.0567044E-02 -3.0976020E-02 -3.1293977E-02 -3.1534746E-02 -3.1708576E-02 -3.1822413E-02 -3.1881109E-02 -3.1887174E-02 -3.1841692E-02 -3.1743865E-02 -3.1591762E-02 -3.1381767E-02 -3.1109361E-02 -3.0768560E-02 -3.0352877E-02 -2.9854925E-02 -2.9267535E-02 -2.8583519E-02 -2.7796797E-02 -2.6901931E-02 -2.5894966E-02 -2.4772583E-02 -2.3532618E-02 -2.2173006E-02 -2.0692391E-02 -1.9089304E-02 -1.7363451E-02 -1.5516512E-02 -1.3556853E-02
-4.0140627E-03 -4.4575594E-03 -4.9875844E-03 -5.6260312E-03 -6.4030779E-03 -7.3574022E-03 -8.5427919E-03 -1.0029113E-02 -1.1910964E-02 -1.4291884E-02 -1.7206384E-02 -2.0346597E-02 -2.3155339E-02 -2.5413407E-02 -2.7184155E-02 -2.8572286E-02 -2.9666321E-02 -3.0532541E-02 -3.1220075E-02 -3.1765230E-02 -3.2194786E-02 -3.2528725E-02 -3.2781556E-02 -3.2964040E-02 -3.3083510E-02 -3.3145070E-02 -3.3151370E-02 -3.3103552E-02 -3.3000782E-02 -3.2841019E-02 -3.2620464E-02 -3.2334343E-02 -3.1976398E-02 -3.1539802E-02 -3.1016828E-02 -3.0399997E-02 -2.9681858E-02 -2.8856130E-02 -2.7917296E-02 -2.6861448E-02 -2.5685443E-02 -2.4387455E-02 -2.2965930E-02 -2.1420186E-02 -1.9749667E-02 -1.7955212E-02 -1.6039880E-02 -1.4013666E-02
-4.1542053E-03 -4.6157516E-03 -5.1673385E-03 -5.8315382E-03 -6.6392897E-03 -7.6300511E-03 -8.8582914E-03 -1.0394280E-02 -1.2332483E-02 -1.4775487E-02 -1.7755935E-02 -2.0963231E-02 -2.3837080E-02 -2.6155712E-02 -2.7980778E-02 -2.9416190E-02 -3.0550465E-02 -3.1450313E-02 -3.2165553E-02 -3.2733236E-02 -3.3180822E-02 -3.3528917E-02 -3.3792522E-02 -3.3982795E-02 -3.4107361E-02 -3.4171522E-02 -3.4178063E-02 -3.4128159E-02 -3.4020960E-02 -3.3854339E-02 -3.3624362E-02 -3.3326071E-02 -3.2952987E-02 -3.2498054E-02 -3.1953324E-02 -3.1311102E-02 -3.0563790E-02 -2.9705035E-02 -2.8729334E-02 -2.7632916E-02 -2.6412886E-02 -2.5067799E-02 -2.3596626E-02 -2.1999326E-02 -2.0276118E-02 -1.8428763E-02 -1.6461344E-02 -1.4384951E-02
-4.2809029E-03 -4.7583934E-03 -5.3287828E-03 -6.0151261E-03 -6.8488461E-03 -7.8698583E-03 -9.1329701E-03 -1.0708551E-02 -1.2690787E-02 -1.5181482E-02 -1.8211916E-02 -2.1469785E-02 -2.4393050E-02 -2.6758267E-02 -2.8625822E-02 -3.0098945E-02 -3.1265937E-02 -3.2193642E-02 -3.2932218E-02 -3.3519149E-02 -3.3982340E-02 -3.4342803E-02 -3.4615900E-02 -3.4813084E-02 -3.4942202E-02 -3.5008710E-02 -3.5015482E-02 -3.4963746E-02 -3.4852628E-02 -3.4679953E-02 -3.4441680E-02 -3.4132723E-02 -3.3746459E-02 -3.3275664E-02 -3.2712243E-02 -3.2048397E-02 -3.1276438E-02 -3.0390024E-02 -2.9383725E-02 -2.8253933E-02 -2.6998032E-02 -2.5614936E-02 -2.4104076E-02 -2.2465957E-02 -2.0701438E-02 -1.8812964E-02 -1.6805366E-02 -1.4690459E-02
-4.3946612E-03 -4.8860908E-03 -5.4727276E-03 -6.1779418E-03 -7.0334687E-03 -8.0794767E-03 -9.3709202E-03 -1.0978128E-02 -1.2994996E-02 -1.5522731E-02 -1.8591760E-02 -2.1888647E-02 -2.4850050E-02 -2.7251454E-02 -2.9152425E-02 -3.0655643E-02 -3.1849161E-02 -3.2799806E-02 -3.3557881E-02 -3.4161102E-02 -3.4637649E-02 -3.5008803E-02 -3.5290174E-02 -3.5493415E-02 -3.5626542E-02 -3.5695132E-02 -3.5702135E-02 -3.5648808E-02 -3.5534274E-02 -3.5356313E-02 -3.5110824E-02 -3.4792632E-02 -3.4395009E-02 -3.3910640E-02 -3.3331335E-02 -3.2649234E-02 -3.1856641E-02 -3.0947244E-02 -2.9915716E-02 -2.8758634E-02 -2.7473617E-02 -2.6059911E-02 -2.4517322E-02 -2.2846812E-02 -2.1049719E-02 -1.9129010E-02 -1.7090034E-02 -1.4945122E-02
-4.4960477E-03 -4.9995515E-03 -5.6001050E-03 -6.3212910E-03 -7.1950308E-03 -8.2616284E-03 -9.5760757E-03 -1.1208616E-02 -1.3252877E-02 -1.5809614E-02 -1.8908579E-02 -2.2235574E-02 -2.5226580E-02 -2.7656306E-02 -2.9583687E-02 -3.1110970E-02 -3.2325968E-02 -3.3295427E-02 -3.4069687E-02 -3.4686588E-02 -3.5174459E-02 -3.5554759E-02 -3.5843257E-02 -3.6051754E-02 -3.6188379E-02 -3.6258798E-02 -3.6266021E-02 -3.6211327E-02 -3.6093839E-02 -3.5911322E-02 -3.5659622E-02 -3.5333514E-02 -3.4926206E-02 -3.4430318E-02 -3.3837624E-02 -3.3140235E-02 -3.2330479E-02 -3.1402096E-02 -3.0349873E-02 -2.9170543E-02 -2.7861949E-02 -2.6423600E-02 -2.4855614E-02 -2.3159306E-02 -2.1336395E-02 -1.9390214E-02 -1.7326504E-02 -1.5157946E-02
-4.5856601E-03 -5.0995303E-03 -5.7119145E-03 -6.4465292E-03 -7.3354077E-03 -8.4189121E-03 -9.7520342E-03 -1.1404904E-02 -1.3470935E-02 -1.6050549E-02 -1.9173088E-02 -2.2523837E-02 -2.5538124E-02 -2.7990168E-02 -2.9938500E-02 -3.1485055E-02 -3.2717418E-02 -3.3702254E-02 -3.4489881E-02 -3.5118185E-02 -3.5615582E-02 -3.6003631E-02 -3.6298212E-02 -3.6511216E-02 -3.6650855E-02 -3.6722865E-02 -3.6730289E-02 -3.6674436E-02 -3.6554437E-02 -3.6368027E-02 -3.6111038E-02 -3.5778206E-02 -3.5362709E-02 -3.4857132E-02 -3.4253236E-02 -3.3543136E-02 -3.2719191E-02 -3.1775191E-02 -3.0706052E-02 -2.9508634E-02 -2.8180970E-02 -2.6722781E-02 -2.5134446E-02 -2.3417542E-02 -2.1574065E-02 -1.9607645E-02 -1.7524289E-02 -1.5336932E-02
-4.6640825E-03 -5.1867706E-03 -5.8091274E-03 -6.5549575E-03 -7.4563520E-03 -8.5536949E-03 -9.9019445E-03 -1.1571140E-02 -1.3654510E-02 -1.6252222E-02 -1.9393254E-02 -2.2762530E-02 -2.5795093E-02 -2.8264772E-02 -3.0229757E-02 -3.1791735E-02 -3.3038124E-02 -3.4035478E-02 -3.4834072E-02 -3.5471812E-02 -3.5977155E-02 -3.6371712E-02 -3.6671426E-02 -3.6888260E-02 -3.7030473E-02 -3.7103847E-02 -3.7111461E-02 -3.7054636E-02 -3.6932506E-02 -3.6742806E-02 -3.6481362E-02 -3.6142878E-02 -3.5720520E-02 -3.5206869E-02 -3.4593668E-02 -3.3873066E-02 -3.3037450E-02 -3.2080688E-02 -3.0997768E-02 -2.9785695E-02 -2.8442636E-02 -2.6968502E-02 -2.5363848E-02 -2.3630474E-02 -2.1770583E-02 -1.9788021E-02 -1.7688999E-02 -1.5486640E-02
-4.7318805E-03 -5.2619870E-03 -5.8926707E-03 -6.6477829E-03 -7.5594513E-03 -8.6680604E-03 -1.0028529E-02 -1.1710804E-02 -1.3807981E-02 -1.6420037E-02 -1.9575760E-02 -2.2959804E-02 -2.6006846E-02 -2.8490489E-02 -3.0468710E-02 -3.2043006E-02 -3.3300664E-02 -3.4308147E-02 -3.5115689E-02 -3.5761174E-02 -3.6273073E-02 -3.6673039E-02 -3.6977042E-02 -3.7197083E-02 -3.7341464E-02 -3.7415996E-02 -3.7423778E-02 -3.7366141E-02 -3.7242234E-02 -3.7049793E-02 -3.6784630E-02 -3.6441449E-02 -3.6013402E-02 -3.5493076E-02 -3.4872223E-02 -3.4143016E-02 -3.3297874E-02 -3.2330737E-02 -3.1236669E-02 -3.0012768E-02 -2.8657336E-02 -2.7170409E-02 -2.5552707E-02 -2.3806177E-02 -2.1933194E-02 -1.9937765E-02 -1.7826242E-02 -1.5611886E-02
-4.7895578E-03 -5.3258217E-03 -5.9633660E-03 -6.7260810E-03 -7.6460987E-03 -8.7638004E-03 -1.0134058E-02 -1.1826752E-02 -1.3934867E-02 -1.6558234E-02 -1.9725431E-02 -2.3120929E-02 -2.6179302E-02 -2.8673936E-02 -3.0662615E-02 -3.2246698E-02 -3.3513352E-02 -3.4528960E-02 -3.5343722E-02 -3.5995495E-02 -3.6512747E-02 -3.6917143E-02 -3.7224669E-02 -3.7447367E-02 -3.7593547E-02 -3.7669040E-02 -3.7676971E-02 -3.7618678E-02 -3.7493318E-02 -3.7298616E-02 -3.7030388E-02 -3.6683358E-02 -3.6250651E-02 -3.5724878E-02 -3.5097804E-02 -3.4361616E-02 -3.3508785E-02 -3.2533288E-02 -3.1430271E-02 -3.0196909E-02 -2.8831596E-02 -2.7334481E-02 -2.5706399E-02 -2.3949428E-02 -2.2066051E-02 -2.0060401E-02 -1.7938947E-02 -1.5715050E-02
