T6-multimodels/GR1.grd
DSAA
         100         100
  -15.00000       15.00000    
  -15.00000       15.00000    
 -3.8303930E-02  1.2358774E-04
[rows 0 to 21 of 100, columns 0 to 47 of 100]
-1.9771809E-04 -2.0978898E-04 -2.2193324E-04 -2.3411386E-04 -2.4629079E-04 -2.5842100E-04 -2.7045864E-04 -2.8235512E-04 -2.9405957E-04 -3.0551964E-04 -3.1667759E-04 -3.2748014E-04 -3.3788508E-04 -3.4783690E-04 -3.5728019E-04 -3.6616420E-04 -3.7444054E-04 -3.8206397E-04 -3.8899243E-04 -3.9518764E-04 -4.0061557E-04 -4.0524616E-04 -4.0905399E-04 -4.1201845E-04 -4.1412361E-04 -4.1535890E-04 -4.1571847E-04 -4.1520171E-04 -4.1381305E-04 -4.1156169E-04 -4.0846172E-04 -4.0453224E-04 -3.9979658E-04 -3.9428257E-04 -3.8802222E-04 -3.8105089E-04 -3.7340770E-04 -3.6513479E-04 -3.5627672E-04 -3.4688052E-04 -3.3699474E-04 -3.2666945E-04 -3.1595526E-04 -3.0490311E-04 -2.9356391E-04 -2.8198800E-04 -2.7022461E-04 -2.5832173E-04
-2.2336717E-04 -2.3659581E-04 -2.4992722E-04 -2.6332022E-04 -2.7673037E-04 -2.9010911E-04 -3.0340502E-04 -3.1656268E-04 -3.2952506E-04 -3.4223305E-04 -3.5463099E-04 -3.6665698E-04 -3.7823780E-04 -3.8931510E-04 -3.9983299E-04 -4.0973380E-04 -4.1896236E-04 -4.2746644E-04 -4.3519790E-04 -4.4211300E-04 -4.4817239E-04 -4.5334213E-04 -4.5759301E-04 -4.6090159E-04 -4.6324992E-04 -4.6462592E-04 -4.6502321E-04 -4.6444111E-04 -4.6288487E-04 -4.6036506E-04 -4.5689801E-04 -4.5250548E-04 -4.4721432E-04 -4.4105650E-04 -4.3406835E-04 -4.2629079E-04 -4.1776840E-04 -4.0854941E-04 -3.9868493E-04 -3.8822880E-04 -3.7723663E-04 -3.6576565E-04 -3.5387368E-04 -3.4161902E-04 -3.2905952E-04 -3.1625250E-04 -3.0325376E-04 -2.9011731E-04
-2.5088078E-04 -2.6540019E-04 -2.8005833E-04 -2.9480967E-04 -3.0960437E-04 -3.2438815E-04 -3.3910247E-04 -3.5368500E-04 -3.6806997E-04 -3.8218894E-04 -3.9596739E-04 -4.0933501E-04 -4.2223348E-04 -4.3458957E-04 -4.4633099E-04 -4.5739042E-04 -4.6770420E-04 -4.7721225E-04 -4.8585935E-04 -4.9359503E-04 -5.0037453E-04 -5.0615869E-04 -5.1091443E-04 -5.1461486E-04 -5.1723985E-04 -5.1877560E-04 -5.1921507E-04 -5.1855762E-04 -5.1680946E-04 -5.1398278E-04 -5.1009655E-04 -5.0517550E-04 -4.9925066E-04 -4.9235846E-04 -4.8454091E-04 -4.7584454E-04 -4.6632081E-04 -4.5602486E-04 -4.4501547E-04 -4.3335429E-04 -4.2110530E-04 -4.0833396E-04 -3.9510665E-04 -3.8149001E-04 -3.6755024E-04 -3.5335269E-04 -3.3896105E-04 -3.2443681E-04
-2.8042571E-04 -2.9638663E-04 -3.1253038E-04 -3.2880649E-04 -3.4515929E-04 -3.6152746E-04 -3.7784514E-04 -3.9404089E-04 -4.1004020E-04 -4.2576558E-04 -4.4114239E-04 -4.5608872E-04 -4.7050981E-04 -4.8432747E-04 -4.9746624E-04 -5.0984934E-04 -5.2140345E-04 -5.3205912E-04 -5.4175279E-04 -5.5042666E-04 -5.5802893E-04 -5.6451501E-04 -5.6984718E-04 -5.7399494E-04 -5.7693518E-04 -5.7865260E-04 -5.7913922E-04 -5.7839480E-04 -5.7642628E-04 -5.7324814E-04 -5.6888192E-04 -5.6335639E-04 -5.5670692E-04 -5.4897548E-04 -5.4020999E-04 -5.3046440E-04 -5.1979738E-04 -5.0827250E-04 -4.9595733E-04 -4.8292289E-04 -4.6924246E-04 -4.5499156E-04 -4.4024634E-04 -4.2508339E-04 -4.0957850E-04 -3.9380637E-04 -3.7783958E-04 -3.6174781E-04
-3.1218436E-04 -3.2975810E-04 -3.4756868E-04 -3.6556023E-04 -3.8367035E-04 -4.0183027E-04 -4.1996466E-04 -4.3799268E-04 -4.5582809E-04 -4.7338073E-04 -4.9055251E-04 -5.0724956E-04 -5.2339101E-04 -5.3887960E-04 -5.5361877E-04 -5.6751876E-04 -5.8049435E-04 -5.9246563E-04 -6.0335884E-04 -6.1310758E-04 -6.2165264E-04 -6.2894257E-04 -6.3493446E-04 -6.3959369E-04 -6.4289407E-04 -6.4481841E-04 -6.4535806E-04 -6.4451259E-04 -6.4229069E-04 -6.3870888E-04 -6.3379202E-04 -6.2757329E-04 -6.2009325E-04 -6.1140006E-04 -6.0154899E-04 -5.9060170E-04 -5.7862606E-04 -5.6569517E-04 -5.5188674E-04 -5.3728267E-04 -5.2196754E-04 -5.0602830E-04 -4.8955274E-04 -4.7262895E-04 -4.5534415E-04 -4.3778415E-04 -4.2003195E-04 -4.0216747E-04
-3.4635872E-04 -3.6574024E-04 -3.8542485E-04 -4.0535050E-04 -4.2544765E-04 -4.4563835E-04 -4.6583737E-04 -4.8595172E-04 -5.0588290E-04 -5.2552792E-04 -5.4478541E-04 -5.6354533E-04 -5.8168330E-04 -5.9909286E-04 -6.1567116E-04 -6.3131441E-04 -6.4592407E-04 -6.5940735E-04 -6.7167945E-04 -6.8266317E-04 -6.9229084E-04 -7.0050359E-04 -7.0725230E-04 -7.1249768E-04 -7.1621040E-04 -7.1837089E-04 -7.1896985E-04 -7.1800710E-04 -7.1549293E-04 -7.1144651E-04 -7.0589659E-04 -6.9888105E-04 -6.9044676E-04 -6.8064907E-04 -6.6955131E-04 -6.5722456E-04 -6.4374699E-04 -6.2920299E-04 -6.1368209E-04 -5.9727917E-04 -5.8009179E-04 -5.6222035E-04 -5.4376660E-04 -5.2483211E-04 -5.0551753E-04 -4.8592140E-04 -4.6613914E-04 -4.4626161E-04
-3.8317122E-04 -4.0458314E-04 -4.2637903E-04 -4.4849081E-04 -4.7084017E-04 -4.9333955E-04 -5.1589136E-04 -5.3838931E-04 -5.6071894E-04 -5.8275979E-04 -6.0438045E-04 -6.2545383E-04 -6.4586638E-04 -6.6548685E-04 -6.8418449E-04 -7.0183782E-04 -7.1833155E-04 -7.3355809E-04 -7.4741902E-04 -7.5982558E-04 -7.7069958E-04 -7.7997404E-04 -7.8759284E-04 -7.9351151E-04 -7.9769688E-04 -8.0012740E-04 -8.0079283E-04 -7.9969352E-04 -7.9684152E-04 -7.9225918E-04 -7.8597950E-04 -7.7804620E-04 -7.6851295E-04 -7.5744343E-04 -7.4491050E-04 -7.3099608E-04 -7.1579014E-04 -6.9939025E-04 -6.8190007E-04 -6.6342927E-04 -6.4409117E-04 -6.2400207E-04 -6.0327980E-04 -5.8204203E-04 -5.6040549E-04 -5.3848390E-04 -5.1638717E-04 -4.9422029E-04
-4.2286870E-04 -4.4656501E-04 -4.7074506E-04 -4.9533322E-04 -5.2024267E-04 -5.4537365E-04 -5.7061517E-04 -5.9584441E-04 -6.2092993E-04 -6.4573204E-04 -6.7011156E-04 -6.9391774E-04 -7.1698404E-04 -7.3916308E-04 -7.6031272E-04 -7.8029098E-04 -7.9896394E-04 -8.1620621E-04 -8.3190354E-04 -8.4595324E-04 -8.5826602E-04 -8.6876482E-04 -8.7738608E-04 -8.8407949E-04 -8.8880816E-04 -8.9154788E-04 -8.9228782E-04 -8.9102885E-04 -8.8778540E-04 -8.8258326E-04 -8.7546074E-04 -8.6646760E-04 -8.5566577E-04 -8.4312831E-04 -8.2893885E-04 -8.1319181E-04 -7.9599139E-04 -7.7745004E-04 -7.5768842E-04 -7.3683320E-04 -7.1501639E-04 -6.9237343E-04 -6.6904118E-04 -6.4515672E-04 -6.2085513E-04 -5.9626874E-04 -5.7152426E-04 -5.4674206E-04
-4.6572310E-04 -4.9199513E-04 -5.1887316E-04 -5.4627442E-04 -5.7410129E-04 -6.0224161E-04 -6.3056772E-04 -6.5893849E-04 -6.8719982E-04 -7.1518746E-04 -7.4272254E-04 -7.6962920E-04 -7.9574616E-04 -8.2089176E-04 -8.4488717E-04 -8.6756470E-04 -8.8876649E-04 -9.0834679E-04 -9.2617265E-04 -9.4212580E-04 -9.5610315E-04 -9.6801721E-04 -9.7779604E-04 -9.8538282E-04 -9.9073665E-04 -9.9383097E-04 -9.9465414E-04 -9.9320849E-04 -9.8951033E-04 -9.8359026E-04 -9.7549183E-04 -9.6527248E-04 -9.5300266E-04 -9.3876652E-04 -9.2266023E-04 -9.0479251E-04 -8.8528375E-04 -8.6426421E-04 -8.4187411E-04 -8.1826089E-04 -7.9357834E-04 -7.6798443E-04 -7.4163900E-04 -7.1470230E-04 -6.8733172E-04 -6.5968110E-04 -6.3189818E-04 -6.0412241E-04
-5.1203492E-04 -5.4121646E-04 -5.7115476E-04 -6.0175889E-04 -6.3292083E-04 -6.6451280E-04 -6.9638889E-04 -7.2838500E-04 -7.6032238E-04 -7.9200871E-04 -8.2324893E-04 -8.5383299E-04 -8.8353088E-04 -9.1213576E-04 -9.3944767E-04 -9.6526957E-04 -9.8941638E-04 -1.0117172E-03 -1.0320179E-03 -1.0501815E-03 -1.0660901E-03 -1.0796438E-03 -1.0907619E-03 -1.0993808E-03 -1.1054553E-03 -1.1089569E-03 -1.1098735E-03 -1.1082084E-03 -1.1039817E-03 -1.0972280E-03 -1.0879975E-03 -1.0763559E-03 -1.0623839E-03 -1.0461773E-03 -1.0278472E-03 -1.0075185E-03 -9.8533044E-04 -9.6143450E-04 -9.3599310E-04 -9.0917887E-04 -8.8117138E-04 -8.5215562E-04 -8.2231924E-04 -7.9184963E-04 -7.6093170E-04 -7.2974508E-04 -6.9846160E-04 -6.6724297E-04
-5.6213693E-04 -5.9461180E-04 -6.2802917E-04 -6.6229090E-04 -6.9727603E-04 -7.3284056E-04 -7.6881651E-04 -8.0501375E-04 -8.4122107E-04 -8.7721029E-04 -9.1273204E-04 -9.4753731E-04 -9.8139257E-04 -1.0140416E-03 -1.0452331E-03 -1.0747324E-03 -1.1023208E-03 -1.1277981E-03 -1.1509845E-03 -1.1717222E-03 -1.1898762E-03 -1.2053340E-03 -1.2180043E-03 -1.2278177E-03 -1.2347245E-03 -1.2386944E-03 -1.2397151E-03 -1.2377923E-03 -1.2329490E-03 -1.2252256E-03 -1.2146793E-03 -1.2013848E-03 -1.1854342E-03 -1.1669371E-03 -1.1460200E-03 -1.1228278E-03 -1.0975207E-03 -1.0702747E-03 -1.0412798E-03 -1.0107370E-03 -9.7885786E-04 -9.4585941E-04 -9.1196242E-04 -8.7738794E-04 -8.4235339E-04 -8.0707006E-04 -7.7173946E-04 -7.3655084E-04
-6.1639445E-04 -6.5260410E-04 -6.8998610E-04 -7.2843465E-04 -7.6781685E-04 -8.0796896E-04 -8.4869866E-04 -8.8978297E-04 -9.3097438E-04 -9.7200240E-04 -1.0125873E-03 -1.0524280E-03 -1.0911998E-03 -1.1286046E-03 -1.1643548E-03 -1.1981722E-03 -1.2297975E-03 -1.2589956E-03 -1.2855572E-03 -1.3093004E-03 -1.3300717E-03 -1.3477443E-03 -1.3622178E-03 -1.3734152E-03 -1.3812843E-03 -1.3857926E-03 -1.3869295E-03 -1.3847029E-03 -1.3791397E-03 -1.3702867E-03 -1.3582086E-03 -1.3429895E-03 -1.3247343E-03 -1.3035677E-03 -1.2796345E-03 -1.2531007E-03 -1.2241519E-03 -1.1929926E-03 -1.1598443E-03 -1.1249434E-03 -1.0885384E-03 -1.0508858E-03 -1.0122467E-03 -9.7288279E-04 -9.3305128E-04 -8.9300168E-04 -8.5297151E-04 -8.1318192E-04
-6.7521096E-04 -7.1566424E-04 -7.5757445E-04 -8.0083025E-04 -8.4528513E-04 -8.9075544E-04 -9.3701849E-04 -9.8381448E-04 -1.0308484E-03 -1.0777951E-03 -1.1242969E-03 -1.1699921E-03 -1.2145339E-03 -1.2575508E-03 -1.2986814E-03 -1.3375904E-03 -1.3739695E-03 -1.4075415E-03 -1.4380628E-03 -1.4653249E-03 -1.4891536E-03 -1.5094081E-03 -1.5259780E-03 -1.5387818E-03 -1.5477637E-03 -1.5528927E-03 -1.5541586E-03 -1.5515732E-03 -1.5451685E-03 -1.5349971E-03 -1.5211324E-03 -1.5036691E-03 -1.4827246E-03 -1.4584401E-03 -1.4309810E-03 -1.4005372E-03 -1.3673233E-03 -1.3315767E-03 -1.2935568E-03 -1.2535420E-03 -1.2118249E-03 -1.1687108E-03 -1.1245093E-03 -1.0795320E-03 -1.0340849E-03 -9.8846515E-04 -9.4295375E-04 -8.9781318E-04
-7.3902990E-04 -7.8431302E-04 -8.3140726E-04 -8.8019721E-04 -9.3052461E-04 -9.8218233E-04 -1.0349151E-03 -1.0884166E-03 -1.1423365E-03 -1.1962841E-03 -1.2498468E-03 -1.3025799E-03 -1.3540089E-03 -1.4036909E-03 -1.4512038E-03 -1.4961438E-03 -1.5381430E-03 -1.5768748E-03 -1.6120562E-03 -1.6434481E-03 -1.6708561E-03 -1.6941250E-03 -1.7131369E-03 -1.7278063E-03 -1.7380774E-03 -1.7439205E-03 -1.7453295E-03 -1.7423204E-03 -1.7349307E-03 -1.7232192E-03 -1.7072686E-03 -1.6871836E-03 -1.6630953E-03 -1.6351626E-03 -1.6035720E-03 -1.5685410E-03 -1.5303168E-03 -1.4891753E-03 -1.4454207E-03 -1.3993806E-03 -1.3514032E-03 -1.3018509E-03 -1.2510945E-03 -1.1995065E-03 -1.1474540E-03 -1.0952918E-03 -1.0433556E-03 -9.9195598E-04
-8.0833619E-04 -8.5912622E-04 -9.1216760E-04 -9.6734700E-04 -1.0244948E-03 -1.0833811E-03 -1.1437114E-03 -1.2051264E-03 -1.2672037E-03 -1.3294674E-03 -1.3913874E-03 -1.4524184E-03 -1.5120296E-03 -1.5696636E-03 -1.6247848E-03 -1.6769022E-03 -1.7255739E-03 -1.7704149E-03 -1.8110960E-03 -1.8473475E-03 -1.8789530E-03 -1.9057462E-03 -1.9276040E-03 -1.9444413E-03 -1.9562053E-03 -1.9628713E-03 -1.9644378E-03 -1.9609274E-03 -1.9523839E-03 -1.9388730E-03 -1.9204845E-03 -1.8973338E-03 -1.8695656E-03 -1.8373553E-03 -1.8009131E-03 -1.7604864E-03 -1.7163585E-03 -1.6688510E-03 -1.6183195E-03 -1.5651523E-03 -1.5097632E-03 -1.4525863E-03 -1.3940665E-03 -1.3346536E-03 -1.2747896E-03 -1.2149023E-03 -1.1553955E-03 -1.0966422E-03
-8.8366051E-04 -9.4073691E-04 -1.0006159E-03 -1.0631906E-03 -1.1282872E-03 -1.1956517E-03 -1.2649479E-03 -1.3357498E-03 -1.4075505E-03 -1.4797680E-03 -1.5517714E-03 -1.6228786E-03 -1.6923656E-03 -1.7595525E-03 -1.8237960E-03 -1.8844972E-03 -1.9411255E-03 -1.9932245E-03 -2.0404160E-03 -2.0823968E-03 -2.1189328E-03 -2.1498504E-03 -2.1750275E-03 -2.1943843E-03 -2.2078766E-03 -2.2154888E-03 -2.2172285E-03 -2.2131253E-03 -2.2032303E-03 -2.1876153E-03 -2.1663767E-03 -2.1396386E-03 -2.1075571E-03 -2.0703243E-03 -2.0281742E-03 -1.9813848E-03 -1.9302813E-03 -1.8752357E-03 -1.8166663E-03 -1.7550323E-03 -1.6908282E-03 -1.6245763E-03 -1.5568145E-03 -1.4880880E-03 -1.4189336E-03 -1.3498713E-03 -1.2813908E-03 -1.2139413E-03
-9.6557511E-04 -1.0298365E-03 -1.0975889E-03 -1.1687467E-03 -1.2431369E-03 -1.3204879E-03 -1.4004151E-03 -1.4824170E-03 -1.5658770E-03 -1.6500731E-03 -1.7341879E-03 -1.8173624E-03 -1.8987490E-03 -1.9774765E-03 -2.0527199E-03 -2.1237414E-03 -2.1898972E-03 -2.2506507E-03 -2.3055689E-03 -2.3543185E-03 -2.3966522E-03 -2.4323985E-03 -2.4614460E-03 -2.4837295E-03 -2.4992214E-03 -2.5079206E-03 -2.5098487E-03 -2.5050447E-03 -2.4935675E-03 -2.4754934E-03 -2.4509232E-03 -2.4199858E-03 -2.3828461E-03 -2.3397098E-03 -2.2908326E-03 -2.2365248E-03 -2.1771560E-03 -2.1131567E-03 -2.0450167E-03 -1.9732818E-03 -1.8985445E-03 -1.8214352E-03 -1.7426095E-03 -1.6627319E-03 -1.5824607E-03 -1.5024326E-03 -1.4232475E-03 -1.3454548E-03
-1.0546971E-03 -1.1271747E-03 -1.2040075E-03 -1.2851476E-03 -1.3704401E-03 -1.4596011E-03 -1.5521999E-03 -1.6476442E-03 -1.7451840E-03 -1.8439203E-03 -1.9428482E-03 -2.0408654E-03 -2.1368118E-03 -2.2295916E-03 -2.3181865E-03 -2.4016816E-03 -2.4792987E-03 -2.5504064E-03 -2.6145177E-03 -2.6712741E-03 -2.7204303E-03 -2.7618296E-03 -2.7953868E-03 -2.8210655E-03 -2.8388659E-03 -2.8488119E-03 -2.8509432E-03 -2.8453132E-03 -2.8319862E-03 -2.8110412E-03 -2.7825800E-03 -2.7467294E-03 -2.7036571E-03 -2.6535769E-03 -2.5967625E-03 -2.5335543E-03 -2.4643692E-03 -2.3897015E-03 -2.3101252E-03 -2.2262880E-03 -2.1389022E-03 -2.0487343E-03 -1.9565853E-03 -1.8632725E-03 -1.7696092E-03 -1.6763835E-03 -1.5843367E-03 -1.4941449E-03
-1.1516830E-03 -1.2335572E-03 -1.3208708E-03 -1.4136425E-03 -1.5117599E-03 -1.6149452E-03 -1.7227248E-03 -1.8344057E-03 -1.9490678E-03 -2.0655761E-03 -2.1826045E-03 -2.2987253E-03 -2.4125092E-03 -2.5225177E-03 -2.6274244E-03 -2.7260822E-03 -2.8175467E-03 -2.9010819E-03 -2.9761514E-03 -3.0423887E-03 -3.0995710E-03 -3.1475828E-03 -3.1863863E-03 -3.2159959E-03 -3.2364554E-03 -3.2478271E-03 -3.2501763E-03 -3.2435732E-03 -3.2280886E-03 -3.2038002E-03 -3.1708009E-03 -3.1292096E-03 -3.0791839E-03 -3.0209369E-03 -2.9547510E-03 -2.8809935E-03 -2.8001263E-03 -2.7127136E-03 -2.6194239E-03 -2.5210271E-03 -2.4183816E-03 -2.3124206E-03 -2.2041290E-03 -2.0945207E-03 -1.9846079E-03 -1.8753763E-03 -1.7677539E-03 -1.6625877E-03
-1.2572202E-03 -1.3498327E-03 -1.4492454E-03 -1.5555865E-03 -1.6688273E-03 -1.7887276E-03 -1.9147891E-03 -2.0462079E-03 -2.1818595E-03 -2.3203017E-03 -2.4598446E-03 -2.5985974E-03 -2.7345724E-03 -2.8658945E-03 -2.9908754E-03 -3.1080698E-03 -3.2163353E-03 -3.3148273E-03 -3.4029763E-03 -3.4804405E-03 -3.5470563E-03 -3.6027865E-03 -3.6476783E-03 -3.6818236E-03 -3.7053365E-03 -3.7183315E-03 -3.7209122E-03 -3.7131675E-03 -3.6951751E-03 -3.6670032E-03 -3.6287270E-03 -3.5804410E-03 -3.5222792E-03 -3.4544365E-03 -3.3771906E-03 -3.2909219E-03 -3.1961340E-03 -3.0934629E-03 -2.9836823E-03 -2.8677040E-03 -2.7465625E-03 -2.6213978E-03 -2.4934271E-03 -2.3639144E-03 -2.2341323E-03 -2.1053266E-03 -1.9786737E-03 -1.8552467E-03
-1.3720156E-03 -1.4768791E-03 -1.5902473E-03 -1.7124241E-03 -1.8435277E-03 -1.9834151E-03 -2.1315999E-03 -2.2871757E-03 -2.4487637E-03 -2.6145121E-03 -2.7821360E-03 -2.9490944E-03 -3.1127986E-03 -3.2707122E-03 -3.4205797E-03 -3.5605682E-03 -3.6892972E-03 -3.8058262E-03 -3.9095944E-03 -4.0003392E-03 -4.0780189E-03 -4.1427324E-03 -4.1946615E-03 -4.2340197E-03 -4.2610206E-03 -4.2758551E-03 -4.2786784E-03 -4.2696027E-03 -4.2487085E-03 -4.2160465E-03 -4.1716569E-03 -4.1155913E-03 -4.0479354E-03 -3.9688414E-03 -3.8785578E-03 -3.7774600E-03 -3.6660782E-03 -3.5451159E-03 -3.4154612E-03 -3.2781851E-03 -3.1345326E-03 -2.9858961E-03 -2.8337846E-03 -2.6797834E-03 -2.5255047E-03 -2.3725396E-03 -2.2224032E-03 -2.0764833E-03
-1.4967800E-03 -1.6155771E-03 -1.7450093E-03 -1.8856479E-03 -2.0378625E-03 -2.2017043E-03 -2.3767808E-03 -2.5621122E-03 -2.7560357E-03 -2.9561601E-03 -3.1594594E-03 -3.3624258E-03 -3.5613517E-03 -3.7527822E-03 -3.9337487E-03 -4.1019176E-03 -4.2556515E-03 -4.3939562E-03 -4.5163608E-03 -4.6227803E-03 -4.7133896E-03 -4.7885105E-03 -4.8485324E-03 -4.8938468E-03 -4.9248100E-03 -4.9417163E-03 -4.9447892E-03 -4.9341717E-03 -4.9099415E-03 -4.8721172E-03 -4.8206849E-03 -4.7556218E-03 -4.6769334E-03 -4.5846924E-03 -4.4790828E-03 -4.3604420E-03 -4.2293002E-03 -4.0864144E-03 -3.9327829E-03 -3.7696548E-03 -3.5985149E-03 -3.4210607E-03 -3.2391627E-03 -3.0548139E-03 -2.8700707E-03 -2.6869879E-03 -2.5075441E-03 -2.3335686E-03
