T6-multimodels/GR3.grd
DSAA
         100         100
  -15.00000       15.00000    
  -15.00000       15.00000    
 -2.1505111E-03  9.2918217E-02
[rows 22 to 43 of 100, columns 50 to 99 of 100]
4.9377037E-03 4.5219767E-03 4.1361167E-03 3.7778816E-03 3.4451578E-03 3.1359736E-03 2.8484920E-03 2.5810129E-03 2.3319693E-03 2.0999219E-03 1.8835451E-03 1.6816247E-03 1.4930457E-03 1.3167876E-03 1.1519154E-03 9.9757430E-04 8.5297466E-04 7.1740273E-04 5.9019547E-04 4.7074864E-04 3.5850579E-04 2.5295693E-04 1.5363476E-04 6.0102062E-05 -2.8033575E-05 -1.1113935E-04 -1.8955265E-04 -2.6358551E-04 -3.3352626E-04 -3.9964018E-04 -4.6217229E-04 -5.2134955E-04 -5.7738472E-04 -6.3047244E-04 -6.8079127E-04 -7.2851492E-04 -7.7379274E-04 -8.1677415E-04 -8.5759192E-04 -8.9637574E-04 -9.3324046E-04 -9.6829468E-04 -1.0016381E-03 -1.0333692E-03 -1.0635759E-03 -1.0923389E-03 -1.1197398E-03 -1.1458462E-03 -1.1707307E-03 -1.1944534E-03
5.3231209E-03 4.8767054E-03 4.4635623E-03 4.0810416E-03 3.7266728E-03 3.3981688E-03 3.0934145E-03 2.8104726E-03 2.5475619E-03 2.3030615E-03 2.0754817E-03 1.8634709E-03 1.6657856E-03 1.4813008E-03 1.3089835E-03 1.1478958E-03 9.9717581E-04 8.5604109E-04 7.2377460E-04 5.9971859E-04 4.8327137E-04 3.7388410E-04 2.7104991E-04 1.7430654E-04 8.3226609E-05 -2.5773804E-06 -8.3470899E-05 -1.5978119E-04 -2.3182064E-04 -2.9986337E-04 -3.6417594E-04 -4.2499707E-04 -4.8254873E-04 -5.3703738E-04 -5.8865332E-04 -6.3757715E-04 -6.8396830E-04 -7.2798168E-04 -7.6975906E-04 -8.0943096E-04 -8.4712374E-04 -8.8294473E-04 -9.1700553E-04 -9.4940222E-04 -9.8022900E-04 -1.0095724E-03 -1.0375152E-03 -1.0641267E-03 -1.0894830E-03 -1.1136464E-03
5.7197609E-03 5.2413912E-03 4.7999299E-03 4.3922742E-03 4.0155635E-03 3.6671651E-03 3.3446704E-03 3.0458770E-03 2.7687838E-03 2.5115679E-03 2.2725726E-03 2.0502927E-03 1.8433597E-03 1.6505303E-03 1.4706736E-03 1.3027642E-03 1.1458615E-03 9.9911657E-04 8.6175202E-04 7.3305750E-04 6.1238481E-04 4.9914140E-04 3.9278826E-04 2.9282641E-04 1.9879887E-04 1.1029525E-04 2.6923250E-05 -5.1662588E-05 -1.2579151E-04 -1.9576086E-04 -2.6184585E-04 -3.2429912E-04 -3.8335996E-04 -4.3924162E-04 -4.9214798E-04 -5.4226135E-04 -5.8975781E-04 -6.3479302E-04 -6.7751907E-04 -7.1807136E-04 -7.5658114E-04 -7.9316291E-04 -8.2793192E-04 -8.6098758E-04 -8.9242728E-04 -9.2234241E-04 -9.5081743E-04 -9.7792689E-04 -1.0037489E-03 -1.0283459E-03
6.1260178E-03 5.6145885E-03 5.1439097E-03 4.7103916E-03 4.3107439E-03 3.9419727E-03 3.6013422E-03 3.2863817E-03 2.9948447E-03 2.7247057E-03 2.4741245E-03 2.2414427E-03 2.0251523E-03 1.8238936E-03 1.6364293E-03 1.4616465E-03 1.2985218E-03 1.1461374E-03 1.0036542E-03 8.7030791E-04 7.4540102E-04 6.2830019E-04 5.1842775E-04 4.1524839E-04 3.1828071E-04 2.2708399E-04 1.4124431E-04 6.0393901E-05 -1.5816093E-05 -8.7699867E-05 -1.5554443E-04 -2.1962143E-04 -2.8017708E-04 -3.3744113E-04 -3.9162301E-04 -4.4291545E-04 -4.9150450E-04 -5.3755112E-04 -5.8121199E-04 -6.2263617E-04 -6.6195254E-04 -6.9928425E-04 -7.3475164E-04 -7.6845504E-04 -8.0050022E-04 -8.3097839E-04 -8.5997937E-04 -8.8757684E-04 -9.1385545E-04 -9.3888096E-04
6.5398891E-03 5.9944913E-03 5.4938640E-03 5.0338944E-03 4.6108398E-03 4.2213150E-03 3.8622515E-03 3.5308816E-03 3.2247109E-03 2.9414969E-03 2.6792132E-03 2.4360383E-03 2.2103221E-03 2.0005819E-03 1.8054754E-03 1.6237916E-03 1.4544294E-03 1.2963968E-03 1.1487921E-03 1.0107957E-03 8.8166021E-04 7.6071202E-04 6.4732961E-04 5.4094911E-04 4.4105481E-04 3.4718038E-04 2.5889021E-04 1.7579026E-04 9.7516539E-05 2.3739660E-05 -4.5849221E-05 -1.1153137E-04 -1.7356724E-04 -2.3219717E-04 -2.8763612E-04 -3.4009654E-04 -3.8976013E-04 -4.3680251E-04 -4.8138970E-04 -5.2366743E-04 -5.6378014E-04 -6.0184987E-04 -6.3800236E-04 -6.7234400E-04 -7.0498267E-04 -7.3601224E-04 -7.6552655E-04 -7.9360645E-04 -8.2033075E-04 -8.4577623E-04
6.9589983E-03 6.3789473E-03 5.8478313E-03 5.3609842E-03 4.9141911E-03 4.5036539E-03 4.1259513E-03 3.7780185E-03 3.4570985E-03 3.1607228E-03 2.8866737E-03 2.6329611E-03 2.3977915E-03 2.1795565E-03 1.9767985E-03 1.7882200E-03 1.6126269E-03 1.4489596E-03 1.2962508E-03 1.1536245E-03 1.0202839E-03 8.9550944E-04 7.7864109E-04 6.6908536E-04 5.6628895E-04 4.6976382E-04 3.7904480E-04 2.9372171E-04 2.1340844E-04 1.3775812E-04 6.6447203E-05 -8.1856183E-07 -6.4313906E-05 -1.2428823E-04 -1.8096766E-04 -2.3457310E-04 -2.8529635E-04 -3.3332137E-04 -3.7881479E-04 -4.2193395E-04 -4.6282640E-04 -5.0161930E-04 -5.3844485E-04 -5.7341182E-04 -6.0663011E-04 -6.3820108E-04 -6.6822162E-04 -6.9676974E-04 -7.2393444E-04 -7.4978668E-04
7.3806201E-03 6.7654890E-03 6.2035620E-03 5.6895935E-03 5.2188775E-03 4.7871927E-03 4.3907585E-03 4.0261988E-03 3.6904868E-03 3.3809331E-03 3.0951134E-03 2.8308721E-03 2.5862651E-03 2.3595570E-03 2.1491766E-03 1.9537313E-03 1.7719440E-03 1.6026788E-03 1.4449041E-03 1.2976837E-03 1.1601758E-03 1.0316108E-03 9.1129768E-04 7.9859747E-04 6.9293496E-04 5.9379160E-04 5.0067826E-04 4.1316153E-04 3.3083869E-04 2.5334218E-04 1.8033753E-04 1.1151540E-04 4.6587629E-05 -1.4707934E-05 -7.2606512E-05 -1.2733765E-04 -1.7909989E-04 -2.2808410E-04 -2.7446690E-04 -3.1840894E-04 -3.6006418E-04 -3.9956436E-04 -4.3704838E-04 -4.7262438E-04 -5.0641247E-04 -5.3851289E-04 -5.6902407E-04 -5.9803057E-04 -6.2562275E-04 -6.5187371E-04
7.8017609E-03 7.1514007E-03 6.5585650E-03 6.0174223E-03 5.5227578E-03 5.0699301E-03 4.6547852E-03 4.2736335E-03 3.9231768E-03 3.6004933E-03 3.3029609E-03 3.0282498E-03 2.7742654E-03 2.5391455E-03 2.3212084E-03 2.1189575E-03 1.9310379E-03 1.7562333E-03 1.5934483E-03 1.4416942E-03 1.3000673E-03 1.1677673E-03 1.0440547E-03 9.2826091E-04 8.1977644E-04 7.1805873E-04 6.2258862E-04 5.3291966E-04 4.4862364E-04 3.6931952E-04 2.9465099E-04 2.2429969E-04 1.5796660E-04 9.5381154E-05 3.6289832E-05 -1.9537974E-05 -7.2315612E-05 -1.2224026E-04 -1.6948997E-04 -2.1423651E-04 -2.5663569E-04 -2.9682758E-04 -3.3494999E-04 -3.7112361E-04 -4.0546240E-04 -4.3807668E-04 -4.6906699E-04 -4.9852085E-04 -5.2652758E-04 -5.5316609E-04
8.2192570E-03 7.5338152E-03 6.9102151E-03 6.3420394E-03 5.8235754E-03 5.3497441E-03 4.9160272E-03 4.5184158E-03 4.1533434E-03 3.8176537E-03 3.5085282E-03 3.2234592E-03 2.9602095E-03 2.7167799E-03 2.4913820E-03 2.2824230E-03 2.0884559E-03 1.9081965E-03 1.7404803E-03 1.5842615E-03 1.4385927E-03 1.3026200E-03 1.1755737E-03 1.0567430E-03 9.4549224E-04 8.4124919E-04 7.4347464E-04 6.5169838E-04 5.6546868E-04 4.8439644E-04 4.0810936E-04 3.3626569E-04 2.6856383E-04 2.0471381E-04 1.4446456E-04 8.7560933E-05 3.3794695E-05 -1.7043330E-05 -6.5134642E-05 -1.1066424E-04 -1.5378495E-04 -1.9465054E-04 -2.3339588E-04 -2.7014673E-04 -3.0501996E-04 -3.3813677E-04 -3.6958850E-04 -3.9947534E-04 -4.2788434E-04 -4.5489971E-04
8.6299069E-03 7.9098139E-03 7.2558415E-03 6.6609830E-03 6.1190315E-03 5.6244791E-03 5.1724445E-03 4.7586081E-03 4.3791365E-03 4.0306388E-03 3.7101011E-03 3.4148465E-03 3.1424838E-03 2.8908921E-03 2.6581686E-03 2.4426216E-03 2.2427244E-03 2.0571139E-03 1.8845692E-03 1.7239823E-03 1.5743545E-03 1.4347932E-03 1.3044843E-03 1.1826856E-03 1.0687334E-03 9.6202700E-04 8.6200651E-04 7.6817517E-04 6.8006630E-04 5.9727154E-04 5.1940425E-04 4.4611373E-04 3.7707653E-04 3.1200302E-04 2.5062403E-04 1.9267930E-04 1.3795726E-04 8.6235814E-05 3.7319405E-05 -8.9647865E-06 -5.2790521E-05 -9.4303272E-05 -1.3364831E-04 -1.7095746E-04 -2.0635473E-04 -2.3994695E-04 -2.7185061E-04 -3.0215434E-04 -3.3095409E-04 -3.5833221E-04
9.0305880E-03 8.2765771E-03 7.5928532E-03 6.9718561E-03 6.4068954E-03 5.8920467E-03 5.4220730E-03 4.9923505E-03 4.5987787E-03 4.2377459E-03 3.9060418E-03 3.6008218E-03 3.3195515E-03 3.0599805E-03 2.8200999E-03 2.5981248E-03 2.3924375E-03 2.2016123E-03 2.0243574E-03 1.8595107E-03 1.7060293E-03 1.5629717E-03 1.4294906E-03 1.3048109E-03 1.1882320E-03 1.0791355E-03 9.7693072E-04 8.8110537E-04 7.9117704E-04 7.0670963E-04 6.2731263E-04 5.5261870E-04 4.8228755E-04 4.1603448E-04 3.5355982E-04 2.9461068E-04 2.3896099E-04 1.8637961E-04 1.3667824E-04 8.9665176E-05 4.5161141E-05 3.0239469E-06 -3.6904545E-05 -7.4754535E-05 -1.1064765E-04 -1.4470814E-04 -1.7704502E-04 -2.0774643E-04 -2.3692082E-04 -2.6464456E-04
9.4183953E-03 8.6314594E-03 7.9188468E-03 7.2724503E-03 6.6851177E-03 6.1505302E-03 5.6631081E-03 5.2179284E-03 4.8106434E-03 4.4374187E-03 4.0948549E-03 3.7799457E-03 3.4900173E-03 3.2226946E-03 2.9758639E-03 2.7476414E-03 2.5363371E-03 2.3404516E-03 2.1586278E-03 1.9896552E-03 1.8324382E-03 1.6859969E-03 1.5494453E-03 1.4219735E-03 1.3028597E-03 1.1914449E-03 1.0871327E-03 9.8938344E-04 8.9769403E-04 8.1161875E-04 7.3074561E-04 6.5469410E-04 5.8312499E-04 5.1572325E-04 4.5220068E-04 3.9228480E-04 3.3574129E-04 2.8234153E-04 2.3187789E-04 1.8415974E-04 1.3900959E-04 9.6265030E-05 5.5781675E-05 1.7417962E-05 -1.8956465E-05 -5.3463886E-05 -8.6211665E-05 -1.1730195E-04 -1.4683240E-04 -1.7489128E-04
9.7907037E-03 8.9720972E-03 8.2316566E-03 7.5607738E-03 6.9518620E-03 6.3982233E-03 5.8939513E-03 5.4338411E-03 5.0133076E-03 4.6283039E-03 4.2752493E-03 3.9509828E-03 3.6526879E-03 3.3778781E-03 3.1243346E-03 2.8900830E-03 2.6733587E-03 2.4725909E-03 2.2863639E-03 2.1134114E-03 1.9525952E-03 1.8028943E-03 1.6633851E-03 1.5332273E-03 1.4116687E-03 1.2980344E-03 1.1916929E-03 1.0920963E-03 9.9871249E-04 9.1109046E-04 8.2880061E-04 7.5145223E-04 6.7869230E-04 6.1019382E-04 5.4566533E-04 4.8482500E-04 4.2742660E-04 3.7324033E-04 3.2204791E-04 2.7365971E-04 2.2788502E-04 1.8457136E-04 1.4355406E-04 1.0469752E-04 6.7865316E-05 3.2931439E-05 -2.1278079E-07 -3.1668416E-05 -6.1541512E-05 -8.9917805E-05
1.0145234E-02 9.2964191E-03 8.5294098E-03 7.8351190E-03 7.2055552E-03 6.6336724E-03 6.1132531E-03 5.6388290E-03 5.2055879E-03 4.8092823E-03 4.4461628E-03 4.1129114E-03 3.8065924E-03 3.5246031E-03 3.2646141E-03 3.0245855E-03 2.8026600E-03 2.5972077E-03 2.4067608E-03 2.2299967E-03 2.0657333E-03 1.9129105E-03 1.7705715E-03 1.6378426E-03 1.5139474E-03 1.3981888E-03 1.2899108E-03 1.1885426E-03 1.0935443E-03 1.0044483E-03 9.2080428E-04 8.4222021E-04 7.6832221E-04 6.9878082E-04 6.3329103E-04 5.7156920E-04 5.1335455E-04 4.5841688E-04 4.0653686E-04 3.5750831E-04 3.1114533E-04 2.6728201E-04 2.2575818E-04 1.8643278E-04 1.4916378E-04 1.1383054E-04 8.0311045E-05 4.8507773E-05 1.8307972E-05 -1.0369491E-05
1.0480053E-02 9.6027032E-03 8.8105379E-03 8.0940593E-03 7.4448967E-03 6.8556797E-03 6.3199075E-03 5.8318670E-03 5.3865276E-03 4.9794638E-03 4.6067536E-03 4.2649508E-03 3.9509828E-03 3.6621483E-03 3.3960266E-03 3.1504873E-03 2.9236120E-03 2.7137029E-03 2.5192336E-03 2.3388432E-03 2.1712985E-03 2.0155078E-03 1.8704729E-03 1.7353038E-03 1.6091866E-03 1.4914101E-03 1.3812891E-03 1.2782406E-03 1.1817147E-03 1.0912161E-03 1.0062902E-03 9.2653016E-04 8.5155398E-04 7.8102766E-04 7.1462936E-04 6.5207120E-04 5.9308991E-04 5.3744006E-04 4.8490710E-04 4.3527287E-04 3.8834917E-04 3.4397471E-04 3.0196857E-04 2.6219935E-04 2.2451933E-04 1.8880621E-04 1.5493268E-04 1.2279738E-04 9.2294540E-05 6.3333559E-05
1.0793581E-02 9.8895142E-03 9.0737557E-03 8.3364332E-03 7.6688332E-03 7.0632864E-03 6.5130405E-03 6.0121552E-03 5.5553946E-03 5.1381662E-03 4.7563962E-03 4.4065048E-03 4.0853112E-03 3.7900016E-03 3.5180815E-03 3.2673345E-03 3.0357779E-03 2.8216552E-03 2.6233876E-03 2.4395676E-03 2.2689262E-03 2.1103243E-03 1.9627544E-03 1.8252734E-03 1.6970657E-03 1.5773810E-03 1.4655241E-03 1.3608942E-03 1.2629202E-03 1.1711018E-03 1.0849709E-03 1.0041026E-03 9.2811463E-04 8.5665839E-04 7.8940159E-04 7.2605646E-04 6.6635147E-04 6.1003730E-04 5.5688556E-04 5.0668715E-04 4.5923752E-04 4.1437618E-04 3.7192565E-04 3.3173923E-04 2.9367625E-04 2.5760336E-04 2.2339632E-04 1.9095471E-04 1.6016334E-04 1.3093147E-04
1.1084568E-02 1.0155730E-02 9.3180565E-03 8.5613308E-03 7.8765461E-03 7.2557633E-03 6.6919969E-03 6.1790976E-03 5.7116528E-03 5.2849064E-03 4.8946510E-03 4.5371829E-03 4.2092106E-03 3.9078379E-03 3.6304758E-03 3.3748487E-03 3.1389047E-03 2.9208297E-03 2.7190016E-03 2.5319690E-03 2.3584198E-03 2.1971944E-03 2.0472379E-03 1.9075988E-03 1.7774287E-03 1.6559567E-03 1.5424821E-03 1.4363688E-03 1.3370470E-03 1.2439896E-03 1.1567294E-03 1.0748301E-03 9.9789468E-04 9.2556688E-04 8.5751625E-04 7.9343293E-04 7.3305174E-04 6.7611912E-04 6.2239409E-04 5.7166035E-04 5.2372966E-04 4.7841272E-04 4.3554371E-04 3.9496744E-04 3.5654590E-04 3.2013981E-04 2.8562793E-04 2.5289759E-04 2.2184102E-04 1.9236414E-04
1.1352026E-02 1.0400456E-02 9.5426301E-03 8.7680342E-03 8.0673918E-03 7.4325334E-03 6.8562580E-03 6.3322373E-03 5.8548925E-03 5.4193237E-03 5.0211954E-03 4.6566944E-03 4.3224352E-03 4.0154299E-03 3.7330210E-03 3.4728579E-03 3.2328358E-03 3.0110944E-03 2.8059590E-03 2.6159396E-03 2.4396975E-03 2.2760297E-03 2.1238653E-03 1.9822251E-03 1.8502300E-03 1.7271072E-03 1.6121216E-03 1.5046395E-03 1.4040651E-03 1.3098635E-03 1.2215544E-03 1.1387005E-03 1.0608870E-03 9.8775350E-04 9.1896142E-04 8.5420324E-04 7.9320022E-04 7.3568494E-04 6.8143191E-04 6.3021277E-04 5.8182521E-04 5.3609262E-04 4.9283658E-04 4.5190594E-04 4.1315376E-04 3.7643858E-04 3.4164177E-04 3.0864449E-04 2.7734097E-04 2.4763474E-04
1.1595208E-02 1.0623021E-02 9.7468738E-03 8.9559993E-03 8.2408926E-03 7.5931777E-03 7.0054638E-03 6.4712618E-03 5.9848479E-03 5.5411858E-03 5.1358426E-03 4.7648842E-03 4.4248514E-03 4.1126735E-03 3.8256245E-03 3.5612991E-03 3.3175331E-03 3.0924217E-03 2.8842485E-03 2.6914908E-03 2.5127698E-03 2.3468633E-03 2.1926682E-03 2.0491870E-03 1.9155227E-03 1.7908775E-03 1.6745134E-03 1.5657723E-03 1.4640444E-03 1.3687980E-03 1.2795302E-03 1.1957961E-03 1.1171823E-03 1.0433098E-03 9.7384083E-04 9.0846262E-04 8.4688549E-04 7.8884815E-04 7.3410111E-04 6.8244297E-04 6.3363783E-04 5.8752426E-04 5.4391538E-04 5.0265581E-04 4.6360120E-04 4.2660549E-04 3.9154422E-04 3.5830989E-04 3.2678209E-04 2.9686588E-04
1.1813580E-02 1.0822923E-02 9.9303341E-03 9.1248285E-03 8.3966954E-03 7.7373888E-03 7.1393545E-03 6.5959506E-03 6.1013340E-03 5.6503527E-03 5.2384674E-03 4.8616640E-03 4.5163985E-03 4.1995333E-03 3.9082821E-03 3.6401777E-03 3.3930165E-03 3.1648462E-03 2.9539187E-03 2.7586753E-03 2.5777051E-03 2.4097716E-03 2.2537359E-03 2.1085853E-03 1.9734085E-03 1.8473874E-03 1.7297704E-03 1.6198858E-03 1.5171202E-03 1.4209240E-03 1.3307908E-03 1.2462599E-03 1.1669153E-03 1.0923777E-03 1.0222985E-03 9.5635327E-04 8.9426344E-04 8.3574839E-04 7.8056706E-04 7.2849583E-04 6.7931978E-04 6.3285837E-04 5.8893388E-04 5.4737914E-04 5.0805009E-04 4.7080251E-04 4.3550713E-04 4.0205114E-04 3.7032305E-04 3.4021446E-04
1.2006748E-02 1.0999802E-02 1.0092685E-02 9.2742238E-03 8.5345479E-03 7.8649474E-03 7.2577340E-03 6.7061493E-03 6.2042298E-03 5.7467283E-03 5.3290129E-03 4.9470011E-03 4.5970674E-03 4.2760172E-03 3.9810091E-03 3.7095370E-03 3.4593404E-03 3.2284434E-03 3.0150567E-03 2.8175914E-03 2.6346212E-03 2.4648651E-03 2.3071922E-03 2.1605524E-03 2.0240231E-03 1.8967746E-03 1.7780387E-03 1.6671383E-03 1.5634454E-03 1.4664013E-03 1.3754923E-03 1.2902550E-03 1.2102535E-03 1.1351306E-03 1.0645015E-03 9.9805882E-04 9.3550375E-04 8.7656314E-04 8.2099519E-04 7.6856383E-04 7.1905693E-04 6.7228812E-04 6.2807620E-04 5.8625970E-04 5.4668769E-04 5.0921354E-04 4.7370835E-04 4.4006377E-04 4.0814633E-04 3.7787438E-04
1.2174445E-02 1.1153403E-02 1.0233683E-02 9.4039720E-03 8.6542526E-03 7.9756919E-03 7.3604840E-03 6.8017603E-03 6.2934612E-03 5.8302642E-03 5.4074563E-03 5.0208815E-03 4.6668649E-03 4.3421579E-03 4.0438632E-03 3.7694389E-03 3.5165891E-03 3.2833016E-03 3.0677600E-03 2.8683532E-03 2.6836244E-03 2.5122850E-03 2.3531707E-03 2.2052273E-03 2.0675140E-03 1.9391944E-03 1.8194773E-03 1.7076853E-03 1.6031814E-03 1.5053945E-03 1.4138124E-03 1.3279559E-03 1.2473916E-03 1.1717459E-03 1.1006362E-03 1.0337536E-03 9.7079470E-04 9.1148727E-04 8.5557648E-04 8.0282841E-04 7.5303239E-04 7.0599728E-04 6.6153688E-04 6.1949232E-04 5.7971163E-04 5.4203655E-04 5.0634879E-04 4.7253224E-04 4.4046069E-04 4.1004052E-04
