T6-multimodels/GR3.grd
DSAA
         100         100
  -15.00000       15.00000    
  -15.00000       15.00000    
 -2.1505111E-03  9.2918217E-02
[rows 66 to 87 of 100, columns 50 to 99 of 100]
9.0305852E-03 8.2765734E-03 7.5928504E-03 6.9718529E-03 6.4068916E-03 5.8920421E-03 5.4220697E-03 4.9923467E-03 4.5987740E-03 4.2377445E-03 3.9060400E-03 3.6008188E-03 3.3195489E-03 3.0599781E-03 2.8200981E-03 2.5981220E-03 2.3924359E-03 2.2016107E-03 2.0243544E-03 1.8595067E-03 1.7060270E-03 1.5629688E-03 1.4294888E-03 1.3048080E-03 1.1882311E-03 1.0791353E-03 9.7692886E-04 8.8110048E-04 7.9117477E-04 7.0670567E-04 6.2730961E-04 5.5261730E-04 4.8228670E-04 4.1603023E-04 3.5355717E-04 2.9461097E-04 2.3895895E-04 1.8637961E-04 1.3667801E-04 8.9663205E-05 4.5160945E-05 3.0230879E-06 -3.6904152E-05 -7.4752817E-05 -1.1064429E-04 -1.4470592E-04 -1.7704073E-04 -2.0774479E-04 -2.3691793E-04 -2.6464151E-04
8.6299041E-03 7.9098102E-03 7.2558369E-03 6.6609783E-03 6.1190263E-03 5.6244778E-03 5.1724422E-03 4.7586053E-03 4.3791337E-03 4.0306360E-03 3.7101002E-03 3.4148446E-03 3.1424828E-03 2.8908921E-03 2.6581679E-03 2.4426207E-03 2.2427230E-03 2.0571135E-03 1.8845696E-03 1.7239816E-03 1.5743541E-03 1.4347928E-03 1.3044823E-03 1.1826844E-03 1.0687332E-03 9.6202776E-04 8.6200627E-04 7.6817424E-04 6.8006525E-04 5.9727271E-04 5.1940326E-04 4.4611158E-04 3.7707569E-04 3.1200302E-04 2.5062024E-04 1.9267833E-04 1.3795601E-04 8.6232831E-05 3.7319096E-05 -8.9637515E-06 -5.2790150E-05 -9.4300303E-05 -1.3364854E-04 -1.7095577E-04 -2.0635083E-04 -2.3994556E-04 -2.7184794E-04 -3.0215160E-04 -3.3095048E-04 -3.5832910E-04
8.2192542E-03 7.5338120E-03 6.9102123E-03 6.3420362E-03 5.8235717E-03 5.3497413E-03 4.9160249E-03 4.5184135E-03 4.1533411E-03 3.8176524E-03 3.5085264E-03 3.2234585E-03 2.9602095E-03 2.7167788E-03 2.4913826E-03 2.2824234E-03 2.0884550E-03 1.9081968E-03 1.7404800E-03 1.5842605E-03 1.4385933E-03 1.3026200E-03 1.1755739E-03 1.0567426E-03 9.4549067E-04 8.4124767E-04 7.4347283E-04 6.5169740E-04 5.6547066E-04 4.8439761E-04 4.0810928E-04 3.3626691E-04 2.6856421E-04 2.0471515E-04 1.4446341E-04 8.7561901E-05 3.3796161E-05 -1.7042570E-05 -6.5134147E-05 -1.1065914E-04 -1.5378335E-04 -1.9464648E-04 -2.3339303E-04 -2.7014205E-04 -3.0501618E-04 -3.3813241E-04 -3.6958445E-04 -3.9947088E-04 -4.2788076E-04 -4.5489488E-04
7.8017577E-03 7.1513988E-03 6.5585631E-03 6.0174186E-03 5.5227554E-03 5.0699273E-03 4.6547833E-03 4.2736293E-03 3.9231749E-03 3.6004914E-03 3.3029593E-03 3.0282468E-03 2.7742633E-03 2.5391434E-03 2.3212079E-03 2.1189563E-03 1.9310375E-03 1.7562321E-03 1.5934473E-03 1.4416924E-03 1.3000681E-03 1.1677661E-03 1.0440538E-03 9.2825829E-04 8.1977469E-04 7.1805419E-04 6.2258774E-04 5.3291739E-04 4.4862085E-04 3.6931862E-04 2.9465047E-04 2.2429836E-04 1.5796618E-04 9.5379808E-05 3.6291462E-05 -1.9538122E-05 -7.2317082E-05 -1.2223976E-04 -1.6949071E-04 -2.1423509E-04 -2.5663394E-04 -2.9682615E-04 -3.3494830E-04 -3.7111982E-04 -4.0545955E-04 -4.3807371E-04 -4.6906329E-04 -4.9851742E-04 -5.2652368E-04 -5.5316335E-04
7.3806173E-03 6.7654839E-03 6.2035583E-03 5.6895893E-03 5.2188737E-03 4.7871890E-03 4.3907571E-03 4.0261964E-03 3.6904856E-03 3.3809294E-03 3.0951130E-03 2.8308704E-03 2.5862639E-03 2.3595549E-03 2.1491761E-03 1.9537306E-03 1.7719433E-03 1.6026779E-03 1.4449037E-03 1.2976844E-03 1.1601744E-03 1.0316101E-03 9.1129699E-04 7.9859525E-04 6.9293362E-04 5.9378910E-04 5.0067808E-04 4.1316074E-04 3.3083913E-04 2.5334384E-04 1.8033710E-04 1.1151497E-04 4.6586752E-05 -1.4706627E-05 -7.2604918E-05 -1.2733726E-04 -1.7910075E-04 -2.2808321E-04 -2.7446449E-04 -3.1840630E-04 -3.6005984E-04 -3.9956233E-04 -4.3704282E-04 -4.7262359E-04 -5.0640845E-04 -5.3850858E-04 -5.6901795E-04 -5.9802621E-04 -6.2561908E-04 -6.5186975E-04
6.9589945E-03 6.3789422E-03 5.8478271E-03 5.3609814E-03 4.9141869E-03 4.5036506E-03 4.1259476E-03 3.7780148E-03 3.4570950E-03 3.1607195E-03 2.8866704E-03 2.6329583E-03 2.3977899E-03 2.1795547E-03 1.9767981E-03 1.7882180E-03 1.6126247E-03 1.4489581E-03 1.2962496E-03 1.1536229E-03 1.0202831E-03 8.9550833E-04 7.7863946E-04 6.6908385E-04 5.6628726E-04 4.6976018E-04 3.7904354E-04 2.9371987E-04 2.1340793E-04 1.3775755E-04 6.6446322E-05 -8.2141190E-07 -6.4315696E-05 -1.2428868E-04 -1.8096932E-04 -2.3457476E-04 -2.8529711E-04 -3.3332137E-04 -3.7881578E-04 -4.2193328E-04 -4.6282500E-04 -5.0161971E-04 -5.3844240E-04 -5.7340920E-04 -6.0662761E-04 -6.3819939E-04 -6.6821842E-04 -6.9676549E-04 -7.2392973E-04 -7.4978324E-04
6.5398873E-03 5.9944876E-03 5.4938607E-03 5.0338903E-03 4.6108365E-03 4.2213127E-03 3.8622478E-03 3.5308786E-03 3.2247081E-03 2.9414941E-03 2.6792113E-03 2.4360365E-03 2.2103202E-03 2.0005808E-03 1.8054736E-03 1.6237905E-03 1.4544278E-03 1.2963959E-03 1.1487914E-03 1.0107949E-03 8.8166003E-04 7.6071138E-04 6.4732868E-04 5.4094905E-04 4.4105528E-04 3.4718038E-04 2.5888850E-04 1.7578926E-04 9.7515011E-05 2.3739582E-05 -4.5851448E-05 -1.1153182E-04 -1.7356977E-04 -2.3219865E-04 -2.8763825E-04 -3.4009755E-04 -3.8975975E-04 -4.3680216E-04 -4.8138719E-04 -5.2366673E-04 -5.6377938E-04 -6.0184847E-04 -6.3800003E-04 -6.7234185E-04 -7.0497883E-04 -7.3600840E-04 -7.6552364E-04 -7.9360267E-04 -8.2032825E-04 -8.4577285E-04
6.1260150E-03 5.6145866E-03 5.1439079E-03 4.7103879E-03 4.3107416E-03 3.9419695E-03 3.6013401E-03 3.2863785E-03 2.9948421E-03 2.7247032E-03 2.4741229E-03 2.2414420E-03 2.0251512E-03 1.8238927E-03 1.6364293E-03 1.4616458E-03 1.2985213E-03 1.1461371E-03 1.0036534E-03 8.7030738E-04 7.4539974E-04 6.2829879E-04 5.1842676E-04 4.1524743E-04 3.1828051E-04 2.2708200E-04 1.4124291E-04 6.0392184E-05 -1.5817694E-05 -8.7698711E-05 -1.5554510E-04 -2.1962236E-04 -2.8017850E-04 -3.3744230E-04 -3.9162100E-04 -4.4291592E-04 -4.9150211E-04 -5.3755048E-04 -5.8121211E-04 -6.2263239E-04 -6.6195108E-04 -6.9928123E-04 -7.3474797E-04 -7.6845207E-04 -8.0049457E-04 -8.3097414E-04 -8.5997232E-04 -8.8757213E-04 -9.1384968E-04 -9.3887426E-04
5.7197586E-03 5.2413880E-03 4.7999271E-03 4.3922714E-03 4.0155603E-03 3.6671625E-03 3.3446671E-03 3.0458746E-03 2.7687801E-03 2.5115653E-03 2.2725689E-03 2.0502897E-03 1.8433569E-03 1.6505282E-03 1.4706714E-03 1.3027625E-03 1.1458595E-03 9.9911459E-04 8.6174934E-04 7.3305564E-04 6.1238342E-04 4.9913954E-04 3.9278771E-04 2.9282548E-04 1.9879738E-04 1.1029486E-04 2.6923250E-05 -5.1664112E-05 -1.2579291E-04 -1.9576211E-04 -2.6184681E-04 -3.2430133E-04 -3.8336217E-04 -4.3924333E-04 -4.9214676E-04 -5.4226251E-04 -5.8975711E-04 -6.3479313E-04 -6.7751785E-04 -7.1807054E-04 -7.5657945E-04 -7.9316180E-04 -8.2792871E-04 -8.6098479E-04 -8.9242402E-04 -9.2233933E-04 -9.5081399E-04 -9.7792316E-04 -1.0037448E-03 -1.0283424E-03
5.3231171E-03 4.8767007E-03 4.4635590E-03 4.0810369E-03 3.7266694E-03 3.3981651E-03 3.0934112E-03 2.8104689E-03 2.5475591E-03 2.3030585E-03 2.0754801E-03 1.8634686E-03 1.6657842E-03 1.4812995E-03 1.3089821E-03 1.1478949E-03 9.9717395E-04 8.5604022E-04 7.2377379E-04 5.9971784E-04 4.8327068E-04 3.7388326E-04 2.7105040E-04 1.7430635E-04 8.3226063E-05 -2.5775757E-06 -8.3470273E-05 -1.5978092E-04 -2.3182049E-04 -2.9986352E-04 -3.6417623E-04 -4.2499628E-04 -4.8254855E-04 -5.3703698E-04 -5.8865204E-04 -6.3757540E-04 -6.8396726E-04 -7.2797888E-04 -7.6975563E-04 -8.0942793E-04 -8.4711902E-04 -8.8294077E-04 -9.1700134E-04 -9.4939728E-04 -9.8022493E-04 -1.0095682E-03 -1.0375099E-03 -1.0641215E-03 -1.0894772E-03 -1.1136401E-03
4.9377005E-03 4.5219739E-03 4.1361134E-03 3.7778777E-03 3.4451541E-03 3.1359708E-03 2.8484883E-03 2.5810094E-03 2.3319665E-03 2.0999191E-03 1.8835425E-03 1.6816228E-03 1.4930430E-03 1.3167859E-03 1.1519135E-03 9.9757290E-04 8.5297367E-04 7.1740092E-04 5.9019378E-04 4.7074730E-04 3.5850337E-04 2.5295504E-04 1.5363195E-04 6.0100891E-05 -2.8035138E-05 -1.1114083E-04 -1.8955473E-04 -2.6358836E-04 -3.3352931E-04 -3.9964175E-04 -4.6217389E-04 -5.2135193E-04 -5.7738670E-04 -6.3047267E-04 -6.8079168E-04 -7.2851550E-04 -7.7379384E-04 -8.1677438E-04 -8.5759227E-04 -8.9637557E-04 -9.3323895E-04 -9.6829259E-04 -1.0016364E-03 -1.0333675E-03 -1.0635720E-03 -1.0923365E-03 -1.1197361E-03 -1.1458430E-03 -1.1707270E-03 -1.1944505E-03
4.5647519E-03 4.1783252E-03 3.8186025E-03 3.4837057E-03 3.1718432E-03 2.8813325E-03 2.6105831E-03 2.3581223E-03 2.1225756E-03 1.9026737E-03 1.6972448E-03 1.5052052E-03 1.3255544E-03 1.1573794E-03 9.9983078E-04 8.5213635E-04 7.1357744E-04 5.8349967E-04 4.6129842E-04 3.4641806E-04 2.3834337E-04 1.3660714E-04 4.0771920E-05 -4.9564569E-05 -1.3476852E-04 -2.1518143E-04 -2.9112297E-04 -3.6287855E-04 -4.3072397E-04 -4.9490458E-04 -5.5565510E-04 -6.1318721E-04 -6.6770113E-04 -7.1938074E-04 -7.6839881E-04 -8.1491336E-04 -8.5907325E-04 -9.0101478E-04 -9.4086956E-04 -9.7875542E-04 -1.0147858E-03 -1.0490634E-03 -1.0816846E-03 -1.1127417E-03 -1.1423203E-03 -1.1704975E-03 -1.1973517E-03 -1.2229467E-03 -1.2473534E-03 -1.2706292E-03
4.2051785E-03 3.8465783E-03 3.5117671E-03 3.1991878E-03 2.9073374E-03 2.6347877E-03 2.3801802E-03 2.1422403E-03 1.9197753E-03 1.7116725E-03 1.5168998E-03 1.3344961E-03 1.1635717E-03 1.0033075E-03 8.5294002E-04 7.1177242E-04 5.7915418E-04 4.5448868E-04 3.3722489E-04 2.2685312E-04 1.2290171E-04 2.4937595E-05 -6.7439643E-05 -1.5460436E-04 -2.3689763E-04 -3.1463508E-04 -3.8811273E-04 -4.5760287E-04 -5.2335835E-04 -5.8561080E-04 -6.4458116E-04 -7.0046762E-04 -7.5346028E-04 -8.0373074E-04 -8.5144251E-04 -8.9674693E-04 -9.3978411E-04 -9.8068349E-04 -1.0195689E-03 -1.0565530E-03 -1.0917461E-03 -1.1252417E-03 -1.1571355E-03 -1.1875145E-03 -1.2164594E-03 -1.2440466E-03 -1.2703481E-03 -1.2954278E-03 -1.3193511E-03 -1.3421759E-03
3.8595926E-03 3.5272921E-03 3.2161116E-03 2.9247757E-03 2.6520353E-03 2.3966916E-03 2.1575885E-03 1.9336354E-03 1.7238002E-03 1.5271165E-03 1.3426788E-03 1.1696398E-03 1.0072127E-03 8.5466570E-04 7.1131653E-04 5.7653862E-04 4.4974417E-04 3.3039358E-04 2.1798482E-04 1.1205247E-04 1.2165205E-05 -8.2074504E-05 -1.7103409E-04 -2.5506085E-04 -3.3446981E-04 -4.0955268E-04 -4.8058745E-04 -5.4782460E-04 -6.1150058E-04 -6.7183480E-04 -7.2903017E-04 -7.8327564E-04 -8.3474943E-04 -8.8361307E-04 -9.3001954E-04 -9.7411295E-04 -1.0160251E-03 -1.0558809E-03 -1.0937944E-03 -1.1298748E-03 -1.1642252E-03 -1.1969366E-03 -1.2280995E-03 -1.2577956E-03 -1.2861033E-03 -1.3130945E-03 -1.3388398E-03 -1.3633997E-03 -1.3868366E-03 -1.4092063E-03
3.5283614E-03 3.2208068E-03 2.9319471E-03 2.6607490E-03 2.4061860E-03 2.1672575E-03 1.9429909E-03 1.7324580E-03 1.5347741E-03 1.3491024E-03 1.1746536E-03 1.0106876E-03 8.5650763E-04 7.1146595E-04 5.7495420E-04 4.4641315E-04 3.2531214E-04 2.1116427E-04 1.0351524E-04 1.9428253E-06 -9.3947987E-05 -1.8451936E-04 -2.7011181E-04 -3.5104013E-04 -4.2759918E-04 -5.0005736E-04 -5.6867185E-04 -6.3367398E-04 -6.9528952E-04 -7.5371703E-04 -8.0914865E-04 -8.6176157E-04 -9.1172231E-04 -9.5918379E-04 -1.0042881E-03 -1.0471744E-03 -1.0879632E-03 -1.1267733E-03 -1.1637157E-03 -1.1988910E-03 -1.2323982E-03 -1.2643231E-03 -1.2947518E-03 -1.3237630E-03 -1.3514310E-03 -1.3778250E-03 -1.4030110E-03 -1.4270474E-03 -1.4499943E-03 -1.4719047E-03
3.2116314E-03 2.9272723E-03 2.6594172E-03 2.4072370E-03 2.1698994E-03 1.9465768E-03 1.7364572E-03 1.5387586E-03 1.3527242E-03 1.1776373E-03 1.0128138E-03 8.5760723E-04 7.1140798E-04 5.7364319E-04 4.4377515E-04 3.2130195E-04 2.0575043E-04 9.6683842E-05 -6.3097118E-06 -1.0361308E-04 -1.9558310E-04 -2.8255361E-04 -3.6483299E-04 -4.4271248E-04 -5.1646121E-04 -5.8632914E-04 -6.5255188E-04 -7.1534683E-04 -7.7491871E-04 -8.3145761E-04 -8.8513951E-04 -9.3613181E-04 -9.8459027E-04 -1.0306549E-03 -1.0744657E-03 -1.1161461E-03 -1.1558153E-03 -1.1935835E-03 -1.2295552E-03 -1.2638266E-03 -1.2964896E-03 -1.3276283E-03 -1.3573233E-03 -1.3856490E-03 -1.4126746E-03 -1.4384693E-03 -1.4630934E-03 -1.4866053E-03 -1.5090609E-03 -1.5305094E-03
2.9093779E-03 2.6466872E-03 2.3985282E-03 2.1642491E-03 1.9431795E-03 1.7346439E-03 1.5379719E-03 1.3525053E-03 1.1776072E-03 1.0126637E-03 8.5708592E-04 7.1031373E-04 5.7181471E-04 4.4108636E-04 3.1765320E-04 2.0107074E-04 9.0915331E-05 -1.3203263E-05 -1.1165580E-04 -2.0478741E-04 -2.9292254E-04 -3.7636407E-04 -4.5539363E-04 -5.3027784E-04 -6.0126366E-04 -6.6857954E-04 -7.3244527E-04 -7.9306011E-04 -8.5061480E-04 -9.0528547E-04 -9.5723639E-04 -1.0066224E-03 -1.0535890E-03 -1.0982702E-03 -1.1407932E-03 -1.1812770E-03 -1.2198319E-03 -1.2565623E-03 -1.2915668E-03 -1.3249362E-03 -1.3567582E-03 -1.3871108E-03 -1.4160718E-03 -1.4437109E-03 -1.4700958E-03 -1.4952890E-03 -1.5193520E-03 -1.5423363E-03 -1.5642983E-03 -1.5852853E-03
2.6214446E-03 2.3789341E-03 2.1491894E-03 1.9317074E-03 1.7259562E-03 1.5313921E-03 1.3474625E-03 1.1736242E-03 1.0093385E-03 8.5408753E-04 7.0736650E-04 5.6869339E-04 4.3760450E-04 3.1366214E-04 1.9644680E-04 8.5566608E-05 -1.9354540E-05 -1.1866593E-04 -2.1269919E-04 -3.0176516E-04 -3.8615736E-04 -4.6614863E-04 -5.4199720E-04 -6.1394466E-04 -6.8221893E-04 -7.4702868E-04 -8.0857478E-04 -8.6704321E-04 -9.2260953E-04 -9.7543589E-04 -1.0256763E-03 -1.0734742E-03 -1.1189647E-03 -1.1622740E-03 -1.2035213E-03 -1.2428168E-03 -1.2802659E-03 -1.3159644E-03 -1.3500071E-03 -1.3824785E-03 -1.4134619E-03 -1.4430314E-03 -1.4712601E-03 -1.4982146E-03 -1.5239588E-03 -1.5485527E-03 -1.5720533E-03 -1.5945112E-03 -1.6159789E-03 -1.6365018E-03
2.3475571E-03 2.1237906E-03 1.9112176E-03 1.7094556E-03 1.5180908E-03 1.3366895E-03 1.1648039E-03 1.0019867E-03 8.4778963E-04 7.0177688E-04 5.6351849E-04 4.3260175E-04 3.0862671E-04 1.9121145E-04 7.9990503E-05 -2.5382522E-05 -1.2523957E-04 -2.1989086E-04 -3.0963353E-04 -3.9474544E-04 -4.7549189E-04 -5.5211841E-04 -6.2485982E-04 -6.9393602E-04 -7.5955398E-04 -8.2190527E-04 -8.8117510E-04 -9.3753374E-04 -9.9114294E-04 -1.0421529E-03 -1.0907064E-03 -1.1369367E-03 -1.1809701E-03 -1.2229224E-03 -1.2629066E-03 -1.3010256E-03 -1.3373763E-03 -1.3720528E-03 -1.4051399E-03 -1.4367191E-03 -1.4668691E-03 -1.4956590E-03 -1.5231584E-03 -1.5494303E-03 -1.5745363E-03 -1.5985317E-03 -1.6214704E-03 -1.6434026E-03 -1.6643768E-03 -1.6844361E-03
2.0873563E-03 1.8809624E-03 1.6843633E-03 1.4972785E-03 1.3193911E-03 1.1503623E-03 9.8983268E-04 8.3743752E-04 6.9280830E-04 5.5557850E-04 4.2538784E-04 3.0188268E-04 1.8471996E-04 7.3570147E-05 -3.1886429E-05 -1.3195188E-04 -2.2691950E-04 -3.1706423E-04 -4.0264972E-04 -4.8392487E-04 -5.6112738E-04 -6.3447881E-04 -7.0419104E-04 -7.7046460E-04 -8.3348609E-04 -8.9343177E-04 -9.5047097E-04 -1.0047599E-03 -1.0564470E-03 -1.1056715E-03 -1.1525648E-03 -1.1972511E-03 -1.2398463E-03 -1.2804602E-03 -1.3191962E-03 -1.3561511E-03 -1.3914168E-03 -1.4250788E-03 -1.4572190E-03 -1.4879138E-03 -1.5172360E-03 -1.5452511E-03 -1.5720258E-03 -1.5976191E-03 -1.6220880E-03 -1.6454872E-03 -1.6678664E-03 -1.6892739E-03 -1.7097549E-03 -1.7293519E-03
1.8404244E-03 1.6500996E-03 1.4683317E-03 1.2949215E-03 1.1296347E-03 9.7220967E-04 8.2236418E-04 6.7980360E-04 5.4422702E-04 4.1533131E-04 2.9281346E-04 1.7637528E-04 6.5723027E-05 -3.9426290E-05 -1.3934971E-04 -2.3431178E-04 -3.2456862E-04 -4.1036270E-04 -4.9192872E-04 -5.6948757E-04 -6.4325210E-04 -7.1342237E-04 -7.8018755E-04 -8.4372913E-04 -9.0421824E-04 -9.6181396E-04 -1.0166713E-03 -1.0689329E-03 -1.1187362E-03 -1.1662082E-03 -1.2114709E-03 -1.2546376E-03 -1.2958178E-03 -1.3351125E-03 -1.3726173E-03 -1.4084235E-03 -1.4426161E-03 -1.4752763E-03 -1.5064789E-03 -1.5362973E-03 -1.5647985E-03 -1.5920462E-03 -1.6181013E-03 -1.6430204E-03 -1.6668572E-03 -1.6896628E-03 -1.7114857E-03 -1.7323706E-03 -1.7523607E-03 -1.7714965E-03
1.6062907E-03 1.4308061E-03 1.2627835E-03 1.1020919E-03 9.4856299E-04 8.0200122E-04 6.6218775E-04 5.2888884E-04 4.0186138E-04 2.8085636E-04 1.6562255E-04 5.5908717E-05 -4.8533540E-05 -1.4794723E-04 -2.4257142E-04 -3.3263414E-04 -4.1836099E-04 -4.9996452E-04 -5.7765126E-04 -6.5161771E-04 -7.2205346E-04 -7.8913785E-04 -8.5304072E-04 -9.1392681E-04 -9.7194902E-04 -1.0272535E-03 -1.0799809E-03 -1.1302610E-03 -1.1782199E-03 -1.2239747E-03 -1.2676370E-03 -1.3093128E-03 -1.3491025E-03 -1.3870985E-03 -1.4233913E-03 -1.4580650E-03 -1.4911996E-03 -1.5228697E-03 -1.5531461E-03 -1.5820977E-03 -1.6097871E-03 -1.6362740E-03 -1.6616163E-03 -1.6858662E-03 -1.7090753E-03 -1.7312921E-03 -1.7525617E-03 -1.7729267E-03 -1.7924288E-03 -1.8111047E-03
