T6-multimodels/GR3.grd
DSAA
         100         100
  -15.00000       15.00000    
  -15.00000       15.00000    
 -2.1505111E-03  9.2918217E-02
[rows 22 to 43 of 100, columns 0 to 49 of 100]
9.4934143E-03 1.0264049E-02 1.1082086E-02 1.1946416E-02 1.2854516E-02 1.3802147E-02 1.4783126E-02 1.5789147E-02 1.6809778E-02 1.7832611E-02 1.8843627E-02 1.9827709E-02 2.0769343E-02 2.1653296E-02 2.2465305E-02 2.3192573E-02 2.3824157E-02 2.4351124E-02 2.4766577E-02 2.5065579E-02 2.5244989E-02 2.5303343E-02 2.5240690E-02 2.5058530E-02 2.4759755E-02 2.4348646E-02 2.3830919E-02 2.3213699E-02 2.2505587E-02 2.1716585E-02 2.0857982E-02 1.9942189E-02 1.8982418E-02 1.7992325E-02 1.6985545E-02 1.5975216E-02 1.4973497E-02 1.3991165E-02 1.3037300E-02 1.2119146E-02 1.1242066E-02 1.0409649E-02 9.6239243E-03 8.8855866E-03 8.1942677E-03 7.5487983E-03 6.9474350E-03 6.3880449E-03 5.8682738E-03 5.3856573E-03
1.0279806E-02 1.1132784E-02 1.2042272E-02 1.3007605E-02 1.4026460E-02 1.5094470E-02 1.6204884E-02 1.7348306E-02 1.8512644E-02 1.9683266E-02 2.0843431E-02 2.1974986E-02 2.3059240E-02 2.4077881E-02 2.5013868E-02 2.5852045E-02 2.6579631E-02 2.7186349E-02 2.7664399E-02 2.8008329E-02 2.8214760E-02 2.8282210E-02 2.8210873E-02 2.8002519E-02 2.7660452E-02 2.7189512E-02 2.6596146E-02 2.5888439E-02 2.5076210E-02 2.4170967E-02 2.3185827E-02 2.2135306E-02 2.1034999E-02 1.9901104E-02 1.8749863E-02 1.7596954E-02 1.6456842E-02 1.5342277E-02 1.4263874E-02 1.3229927E-02 1.2246383E-02 1.1317013E-02 1.0443665E-02 9.6266298E-03 8.8649504E-03 8.1567960E-03 7.4997027E-03 6.8908418E-03 6.3271821E-03 5.8056288E-03
1.1099760E-02 1.2041246E-02 1.3049554E-02 1.4124621E-02 1.5264480E-02 1.6464733E-02 1.7718095E-02 1.9014021E-02 2.0338565E-02 2.1674538E-02 2.3002045E-02 2.4299335E-02 2.5543982E-02 2.6714060E-02 2.7789289E-02 2.8751837E-02 2.9586872E-02 3.0282658E-02 3.0830501E-02 3.1224446E-02 3.1460948E-02 3.1538565E-02 3.1457677E-02 3.1220384E-02 3.0830415E-02 3.0293187E-02 2.9615894E-02 2.8807634E-02 2.7879514E-02 2.6844673E-02 2.5718227E-02 2.4517074E-02 2.3259507E-02 2.1964656E-02 2.0651802E-02 1.9339588E-02 1.8045198E-02 1.6783681E-02 1.5567414E-02 1.4405874E-02 1.3305617E-02 1.2270523E-02 1.1302161E-02 1.0400251E-02 9.5631015E-03 8.7880446E-03 8.0717709E-03 7.4106087E-03 6.8007470E-03 6.2383683E-03
1.1949456E-02 1.2985176E-02 1.4099206E-02 1.5292265E-02 1.6562900E-02 1.7906813E-02 1.9316254E-02 2.0779466E-02 2.2280479E-02 2.3799215E-02 2.5312141E-02 2.6793359E-02 2.8216105E-02 2.9554266E-02 3.0783862E-02 3.1884056E-02 3.2837745E-02 3.3631705E-02 3.4256320E-02 3.4705207E-02 3.4974724E-02 3.5063542E-02 3.4972295E-02 3.4703441E-02 3.4261145E-02 3.3651423E-02 3.2882225E-02 3.1963676E-02 3.0908221E-02 2.9730735E-02 2.8448515E-02 2.7081065E-02 2.5649710E-02 2.4176899E-02 2.2685409E-02 2.1197295E-02 1.9732894E-02 1.8309895E-02 1.6942689E-02 1.5642053E-02 1.4415169E-02 1.3265952E-02 1.2195555E-02 1.1202970E-02 1.0285591E-02 9.4397506E-03 8.6611351E-03 7.9451147E-03 7.2869733E-03 6.6820881E-03
1.2823940E-02 1.3958922E-02 1.5184792E-02 1.6503226E-02 1.7913451E-02 1.9411415E-02 2.0988965E-02 2.2633122E-02 2.4325723E-02 2.6043493E-02 2.7758811E-02 2.9441060E-02 3.1058522E-02 3.2580368E-02 3.3978447E-02 3.5228614E-02 3.6311354E-02 3.7211854E-02 3.7919641E-02 3.8427971E-02 3.8733184E-02 3.8834155E-02 3.8731821E-02 3.8429026E-02 3.7930418E-02 3.7242569E-02 3.6374208E-02 3.5336472E-02 3.4143191E-02 3.2811049E-02 3.1359661E-02 2.9811371E-02 2.8190812E-02 2.6524160E-02 2.4838090E-02 2.3158541E-02 2.1509411E-02 1.9911390E-02 1.8381117E-02 1.6930791E-02 1.5568221E-02 1.4297273E-02 1.3118539E-02 1.2030119E-02 1.1028315E-02 1.0108304E-02 9.2646210E-03 8.4915459E-03 7.7833659E-03 7.1345596E-03
1.3717126E-02 1.4955455E-02 1.6298164E-02 1.7748052E-02 1.9305198E-02 2.0965911E-02 2.2721734E-02 2.4558447E-02 2.6455568E-02 2.8386362E-02 3.0318694E-02 3.2216720E-02 3.4043249E-02 3.5762206E-02 3.7340898E-02 3.8751584E-02 3.9972197E-02 4.0986333E-02 4.1782688E-02 4.2354237E-02 4.2697404E-02 4.2811316E-02 4.2697299E-02 4.2358603E-02 4.1800339E-02 4.1029666E-02 4.0056054E-02 3.8891654E-02 3.7551682E-02 3.6054719E-02 3.4422774E-02 3.2681219E-02 3.0858258E-02 2.8984107E-02 2.7089735E-02 2.5205374E-02 2.3358865E-02 2.1574223E-02 1.9870540E-02 1.8261543E-02 1.6755661E-02 1.5356627E-02 1.4064347E-02 1.2875860E-02 1.1786224E-02 1.0789317E-02 9.8783923E-03 9.0465350E-03 8.2869446E-03 7.5931288E-03
1.4621954E-02 1.5966520E-02 1.7429652E-02 1.9015396E-02 2.0724794E-02 2.2554649E-02 2.4496250E-02 2.6534161E-02 2.8645478E-02 3.0799791E-02 3.2960147E-02 3.5085086E-02 3.7131496E-02 3.9057672E-02 4.0826075E-02 4.2405169E-02 4.3770246E-02 4.4903282E-02 4.5792196E-02 4.6429753E-02 4.6812523E-02 4.6939980E-02 4.6813838E-02 4.6437800E-02 4.5817442E-02 4.4960491E-02 4.3877151E-02 4.2580560E-02 4.1087363E-02 3.9418012E-02 3.7597030E-02 3.5652924E-02 3.3617672E-02 3.1525765E-02 2.9412776E-02 2.7313536E-02 2.5260150E-02 2.3280187E-02 2.1395387E-02 1.9621059E-02 1.7966254E-02 1.6434498E-02 1.5024891E-02 1.3733306E-02 1.2553425E-02 1.1477712E-02 1.0498046E-02 9.6062263E-03 8.7943049E-03 8.0547649E-03
1.5530597E-02 1.6982926E-02 1.8568402E-02 2.0292390E-02 2.2156978E-02 2.4159523E-02 2.6291123E-02 2.8535105E-02 3.0866114E-02 3.3249941E-02 3.5644636E-02 3.8002864E-02 4.0275358E-02 4.2414553E-02 4.4377871E-02 4.6129867E-02 4.7643147E-02 4.8898067E-02 4.9881801E-02 5.0586946E-02 5.1010258E-02 5.1151585E-02 5.1013075E-02 5.0598878E-02 4.9915072E-02 4.8969906E-02 4.7774307E-02 4.6342436E-02 4.4692300E-02 4.2846281E-02 4.0831450E-02 3.8679514E-02 3.6426321E-02 3.4110803E-02 3.1773306E-02 2.9453451E-02 2.7187770E-02 2.5007566E-02 2.2937285E-02 2.0993892E-02 1.9187046E-02 1.7520016E-02 1.5991045E-02 1.4594743E-02 1.3323357E-02 1.2167866E-02 1.1118709E-02 1.0166371E-02 9.3017062E-03 8.5161328E-03
1.6434766E-02 1.7994910E-02 1.9702842E-02 2.1565268E-02 2.3585334E-02 2.5760971E-02 2.8083075E-02 3.0533763E-02 3.3085212E-02 3.5699390E-02 3.8329318E-02 4.0921766E-02 4.3421254E-02 4.5774311E-02 4.7933303E-02 4.9858857E-02 5.1520873E-02 5.2898124E-02 5.3976990E-02 5.4749932E-02 5.5213928E-02 5.5369169E-02 5.5218261E-02 5.4765813E-02 5.4018356E-02 5.2984718E-02 5.1676523E-02 5.0108928E-02 4.8301347E-02 4.6278071E-02 4.4068713E-02 4.1708190E-02 3.9236266E-02 3.6696319E-02 3.4133486E-02 3.1592220E-02 2.9113526E-02 2.6732430E-02 2.4476141E-02 2.2363259E-02 2.0404046E-02 1.8601526E-02 1.6953047E-02 1.5451963E-02 1.4089065E-02 1.2853825E-02 1.1735257E-02 1.0722495E-02 9.8051960E-03 8.9737251E-03
1.7326055E-02 1.8992564E-02 2.0821230E-02 2.2820055E-02 2.4993192E-02 2.7339097E-02 2.9848445E-02 3.2502141E-02 3.5269909E-02 3.8110007E-02 4.0970542E-02 4.3792542E-02 4.6514500E-02 4.9077209E-02 5.1428087E-02 5.3523932E-02 5.5331960E-02 5.6829333E-02 5.8001690E-02 5.8841284E-02 5.9345264E-02 5.9514184E-02 5.9351061E-02 5.8860961E-02 5.8050890E-02 5.6930203E-02 5.5511285E-02 5.3810276E-02 5.1847976E-02 4.9650598E-02 4.7250252E-02 4.4685055E-02 4.1998550E-02 3.9238494E-02 3.6454700E-02 3.3696309E-02 3.1008670E-02 2.8430441E-02 2.5991503E-02 2.3712084E-02 2.1603040E-02 1.9667171E-02 1.7900992E-02 1.6296634E-02 1.4843482E-02 1.3529563E-02 1.2342471E-02 1.1270050E-02 1.0300775E-02 9.4239702E-03
1.8196339E-02 1.9966321E-02 2.1912262E-02 2.4043333E-02 2.6364610E-02 2.8874960E-02 3.1564791E-02 3.4413774E-02 3.7389290E-02 4.0446039E-02 4.3527491E-02 4.6569280E-02 4.9504235E-02 5.2267760E-02 5.4802567E-02 5.7061799E-02 5.9010100E-02 6.0622994E-02 6.1885342E-02 6.2789150E-02 6.3331664E-02 6.3513741E-02 6.3338816E-02 6.2812328E-02 6.1941776E-02 6.0737096E-02 5.9211385E-02 5.7381809E-02 5.5270549E-02 5.2905701E-02 5.0321832E-02 4.7560103E-02 4.4667743E-02 4.1696616E-02 3.8700975E-02 3.5734382E-02 3.2846257E-02 3.0078674E-02 2.7464047E-02 2.5024157E-02 2.2770466E-02 2.0705614E-02 1.8825358E-02 1.7120723E-02 1.5579787E-02 1.4189223E-02 1.2935298E-02 1.1804620E-02 1.0784545E-02 9.8634036E-03
1.9038050E-02 2.0907350E-02 2.2965560E-02 2.5222894E-02 2.7685180E-02 3.0351600E-02 3.3212192E-02 3.6245428E-02 3.9416440E-02 4.2676631E-02 4.5965213E-02 4.9212907E-02 5.2347381E-02 5.5299092E-02 5.8006477E-02 6.0419232E-02 6.2499508E-02 6.4221308E-02 6.5568604E-02 6.6533081E-02 6.7112036E-02 6.7306541E-02 6.7120351E-02 6.6559315E-02 6.5631419E-02 6.4347155E-02 6.2720366E-02 6.0769230E-02 5.8517333E-02 5.5994574E-02 5.3237878E-02 5.0291318E-02 4.7205526E-02 4.4036224E-02 4.0841717E-02 3.7679605E-02 3.4603011E-02 3.1657156E-02 2.8876763E-02 2.6285071E-02 2.3894157E-02 2.1706564E-02 1.9717444E-02 1.7916834E-02 1.6291663E-02 1.4827373E-02 1.3509029E-02 1.2322089E-02 1.1252877E-02 1.0288789E-02
1.9844474E-02 2.1807855E-02 2.3972068E-02 2.6348194E-02 2.8942650E-02 3.1754784E-02 3.4774218E-02 3.7978213E-02 4.1329820E-02 4.4777445E-02 4.8256498E-02 5.1693324E-02 5.5011034E-02 5.8135681E-02 6.1001830E-02 6.3556060E-02 6.5758213E-02 6.7580767E-02 6.9006771E-02 7.0027560E-02 7.0640348E-02 7.0846356E-02 7.0649616E-02 7.0056364E-02 6.9075011E-02 6.7716621E-02 6.5995842E-02 6.3931823E-02 6.1549507E-02 5.8880564E-02 5.5964142E-02 5.2846994E-02 4.9582895E-02 4.6231035E-02 4.2853359E-02 3.9511055E-02 3.6260560E-02 3.3149857E-02 3.0215766E-02 2.7482864E-02 2.4963843E-02 2.2661237E-02 2.0569701E-02 1.8678488E-02 1.6973518E-02 1.5439170E-02 1.4059427E-02 1.2818741E-02 1.1702482E-02 1.0697201E-02
2.0609897E-02 2.2661304E-02 2.4924304E-02 2.7410671E-02 3.0127250E-02 3.3073436E-02 3.6238350E-02 3.9598092E-02 4.3113813E-02 4.6731252E-02 5.0382480E-02 5.3990074E-02 5.7473153E-02 6.0753956E-02 6.3763671E-02 6.6446051E-02 6.8758823E-02 7.0672996E-02 7.2170742E-02 7.3242918E-02 7.3886588E-02 7.4103065E-02 7.3896617E-02 7.3273748E-02 7.2243355E-02 7.0817076E-02 6.9010273E-02 6.6843137E-02 6.4341888E-02 6.1539873E-02 5.8478281E-02 5.5206340E-02 5.1780626E-02 4.8263397E-02 4.4719804E-02 4.1214164E-02 3.7805784E-02 3.4545049E-02 3.1470641E-02 2.8608335E-02 2.5971433E-02 2.3562532E-02 2.1375943E-02 1.9400271E-02 1.7620621E-02 1.6020458E-02 1.4582857E-02 1.3291363E-02 1.2130511E-02 1.1086093E-02
2.1329684E-02 2.3462476E-02 2.5816424E-02 2.8403813E-02 3.1231778E-02 3.4299634E-02 3.7595965E-02 4.1095790E-02 4.4758528E-02 4.8527591E-02 5.2332200E-02 5.6091674E-02 5.9721779E-02 6.3141502E-02 6.6279054E-02 6.9075756E-02 7.1487427E-02 7.3483668E-02 7.5045802E-02 7.6164164E-02 7.6835617E-02 7.7061482E-02 7.6846167E-02 7.6196514E-02 7.5121798E-02 7.3634215E-02 7.1749881E-02 6.9489926E-02 6.6881828E-02 6.3960463E-02 6.0768891E-02 5.7358552E-02 5.3788483E-02 5.0123636E-02 4.6431910E-02 4.2780302E-02 3.9230555E-02 3.5835143E-02 3.2634337E-02 2.9655002E-02 2.6911018E-02 2.4405112E-02 2.2131361E-02 2.0077890E-02 1.8229144E-02 1.6567849E-02 1.5076287E-02 1.3737258E-02 1.2534560E-02 1.1453318E-02
2.2000244E-02 2.4207449E-02 2.6644163E-02 2.9323056E-02 3.2251403E-02 3.5428360E-02 3.8841970E-02 4.2466223E-02 4.6259042E-02 5.0161812E-02 5.4101318E-02 5.7994187E-02 6.1753359E-02 6.5295026E-02 6.8544954E-02 7.1442284E-02 7.3941171E-02 7.6009959E-02 7.7629097E-02 7.8788400E-02 7.9484493E-02 7.9718634E-02 7.9495378E-02 7.8821793E-02 7.7707551E-02 7.6165378E-02 7.4212089E-02 7.1869716E-02 6.9166891E-02 6.6139884E-02 6.2833466E-02 5.9300967E-02 5.5603616E-02 5.1808640E-02 4.7986288E-02 4.4205796E-02 4.0530998E-02 3.7016105E-02 3.3702783E-02 3.0618837E-02 2.7778694E-02 2.5185253E-02 2.2832479E-02 2.0708131E-02 1.8796148E-02 1.7078657E-02 1.5537307E-02 1.4154243E-02 1.2912673E-02 1.1797120E-02
2.2618998E-02 2.4893500E-02 2.7404724E-02 3.0165585E-02 3.3183407E-02 3.6457121E-02 3.9974239E-02 4.3707829E-02 4.7614474E-02 5.1633876E-02 5.5690758E-02 5.9699491E-02 6.3570671E-02 6.7218229E-02 7.0565782E-02 7.3550679E-02 7.6125577E-02 7.8257695E-02 7.9926677E-02 8.1121847E-02 8.1839517E-02 8.2080886E-02 8.1850581E-02 8.1155889E-02 8.0006838E-02 7.8416646E-02 7.6402761E-02 7.3988095E-02 7.1202286E-02 6.8082891E-02 6.4676136E-02 6.1037052E-02 5.7228703E-02 5.3320266E-02 4.9383938E-02 4.5490872E-02 4.1706596E-02 3.8086824E-02 3.4674361E-02 3.1497877E-02 2.8572284E-02 2.5900695E-02 2.3477010E-02 2.1288766E-02 1.9319506E-02 1.7550897E-02 1.5964072E-02 1.4540652E-02 1.3263316E-02 1.2116112E-02
2.3184177E-02 2.5518889E-02 2.8096478E-02 3.0929990E-02 3.4026723E-02 3.7385374E-02 4.0992923E-02 4.4821613E-02 4.8826896E-02 5.2947007E-02 5.7105031E-02 6.1213430E-02 6.5180883E-02 6.8919435E-02 7.2350942E-02 7.5411230E-02 7.8051664E-02 8.0238469E-02 8.1950568E-02 8.3176754E-02 8.3913110E-02 8.4160723E-02 8.3924234E-02 8.3211154E-02 8.2031786E-02 8.0399826E-02 7.8333333E-02 7.5855941E-02 7.2998241E-02 6.9798894E-02 6.6305421E-02 6.2574290E-02 5.8670118E-02 5.4663710E-02 5.0628915E-02 4.6638433E-02 4.2759236E-02 3.9048262E-02 3.5549298E-02 3.2291740E-02 2.9290959E-02 2.6550284E-02 2.4063634E-02 2.1818370E-02 1.9797776E-02 1.7983150E-02 1.6355222E-02 1.4895190E-02 1.3585306E-02 1.2409203E-02
2.3694761E-02 2.6082765E-02 2.8718812E-02 3.1616028E-02 3.4781646E-02 3.8214087E-02 4.1899852E-02 4.5810457E-02 4.9900390E-02 5.4106690E-02 5.8351029E-02 6.2544361E-02 6.6593796E-02 7.0409805E-02 7.3912822E-02 7.7037364E-02 7.9733729E-02 8.1967264E-02 8.3716221E-02 8.4968999E-02 8.5721359E-02 8.5974276E-02 8.5732445E-02 8.5003503E-02 8.3798043E-02 8.2130164E-02 8.0018468E-02 7.7487238E-02 7.4567907E-02 7.1300097E-02 6.7732409E-02 6.3922554E-02 5.9936449E-02 5.5846263E-02 5.1727168E-02 4.7653172E-02 4.3692421E-02 3.9902862E-02 3.6329132E-02 3.3001225E-02 2.9934937E-02 2.7133808E-02 2.4591811E-02 2.2296205E-02 2.0230094E-02 1.8374495E-02 1.6709834E-02 1.5216959E-02 1.3877781E-02 1.2675589E-02
2.4150293E-02 2.6584886E-02 2.9271834E-02 3.2224279E-02 3.5449352E-02 3.8945206E-02 4.2697914E-02 4.6678375E-02 5.0840236E-02 5.5119567E-02 5.9436888E-02 6.3701920E-02 6.7820482E-02 7.1701795E-02 7.5265110E-02 7.8443877E-02 8.1187464E-02 8.3460510E-02 8.5240677E-02 8.6515956E-02 8.7281860E-02 8.7539263E-02 8.7292835E-02 8.6550392E-02 8.5322738E-02 8.3624311E-02 8.1474200E-02 7.8897282E-02 7.5925678E-02 7.2599843E-02 6.8969317E-02 6.5092809E-02 6.1037332E-02 5.6876171E-02 5.2685596E-02 4.8540682E-02 4.4510532E-02 4.0653944E-02 3.7016228E-02 3.3627916E-02 3.0505152E-02 2.7651701E-02 2.5061589E-02 2.2722058E-02 2.0616055E-02 1.8724417E-02 1.7027318E-02 1.5505348E-02 1.4140136E-02 1.2914696E-02
2.4550732E-02 2.7025504E-02 2.9756172E-02 3.2755874E-02 3.6031608E-02 3.9581299E-02 4.3390620E-02 4.7429945E-02 5.1652256E-02 5.5992786E-02 6.0371131E-02 6.4696036E-02 6.8872273E-02 7.2808042E-02 7.6421641E-02 7.9645634E-02 8.2428671E-02 8.4734716E-02 8.6540990E-02 8.7835081E-02 8.8612325E-02 8.8873453E-02 8.8623159E-02 8.7869339E-02 8.6623020E-02 8.4898964E-02 8.2716614E-02 8.0101371E-02 7.7085964E-02 7.3711529E-02 7.0028380E-02 6.6096075E-02 6.1982524E-02 5.7761904E-02 5.3511396E-02 4.9306933E-02 4.5218397E-02 4.1305263E-02 3.7613418E-02 3.4173828E-02 3.1002985E-02 2.8104806E-02 2.5473423E-02 2.3096060E-02 2.0955585E-02 1.9032679E-02 1.7307356E-02 1.5759977E-02 1.4371966E-02 1.3126112E-02
2.4896327E-02 2.7405165E-02 3.0172780E-02 3.3212259E-02 3.6530498E-02 4.0125195E-02 4.3981690E-02 4.8069917E-02 5.2342296E-02 5.6733392E-02 6.1162088E-02 6.5536313E-02 6.9760010E-02 7.3740587E-02 7.7395536E-02 8.0656767E-02 8.3472252E-02 8.5805483E-02 8.7633252E-02 8.8942863E-02 8.9729458E-02 8.9993641E-02 8.9740135E-02 8.8976912E-02 8.7715141E-02 8.5969858E-02 8.3760850E-02 8.1113949E-02 7.8062363E-02 7.4647799E-02 7.0921212E-02 6.6942856E-02 6.2781349E-02 5.8511604E-02 5.4211535E-02 4.9957752E-02 4.5820765E-02 4.1860614E-02 3.8123649E-02 3.4641214E-02 3.1430032E-02 2.8494228E-02 2.5828002E-02 2.3418594E-02 2.1248821E-02 1.9299267E-02 1.7549796E-02 1.5980635E-02 1.4573017E-02 1.3309571E-02
