T6-multimodels/GR3.grd
DSAA
         100         100
  -15.00000       15.00000    
  -15.00000       15.00000    
 -2.1505111E-03  9.2918217E-02
[rows 66 to 87 of 100, columns 0 to 49 of 100]
1.8196339E-02 1.9966321E-02 2.1912258E-02 2.4043338E-02 2.6364615E-02 2.8874964E-02 3.1564794E-02 3.4413781E-02 3.7389297E-02 4.0446047E-02 4.3527499E-02 4.6569280E-02 4.9504247E-02 5.2267767E-02 5.4802574E-02 5.7061814E-02 5.9010103E-02 6.0623005E-02 6.1885353E-02 6.2789164E-02 6.3331679E-02 6.3513756E-02 6.3338824E-02 6.2812336E-02 6.1941784E-02 6.0737107E-02 5.9211396E-02 5.7381820E-02 5.5270560E-02 5.2905709E-02 5.0321843E-02 4.7560114E-02 4.4667747E-02 4.1696619E-02 3.8700983E-02 3.5734393E-02 3.2846261E-02 3.0078677E-02 2.7464053E-02 2.5024157E-02 2.2770470E-02 2.0705616E-02 1.8825358E-02 1.7120723E-02 1.5579786E-02 1.4189222E-02 1.2935298E-02 1.1804619E-02 1.0784543E-02 9.8634008E-03
1.7326061E-02 1.8992566E-02 2.0821234E-02 2.2820055E-02 2.4993198E-02 2.7339103E-02 2.9848453E-02 3.2502141E-02 3.5269920E-02 3.8110014E-02 4.0970549E-02 4.3792553E-02 4.6514507E-02 4.9077220E-02 5.1428098E-02 5.3523939E-02 5.5331971E-02 5.6829344E-02 5.8001697E-02 5.8841307E-02 5.9345275E-02 5.9514195E-02 5.9351083E-02 5.8860980E-02 5.8050897E-02 5.6930218E-02 5.5511300E-02 5.3810291E-02 5.1847987E-02 4.9650609E-02 4.7250260E-02 4.4685062E-02 4.1998561E-02 3.9238501E-02 3.6454707E-02 3.3696316E-02 3.1008678E-02 2.8430443E-02 2.5991505E-02 2.3712087E-02 2.1603042E-02 1.9667175E-02 1.7900992E-02 1.6296634E-02 1.4843483E-02 1.3529562E-02 1.2342469E-02 1.1270047E-02 1.0300771E-02 9.4239675E-03
1.6434764E-02 1.7994910E-02 1.9702842E-02 2.1565268E-02 2.3585338E-02 2.5760971E-02 2.8083073E-02 3.0533768E-02 3.3085216E-02 3.5699397E-02 3.8329326E-02 4.0921774E-02 4.3421261E-02 4.5774315E-02 4.7933310E-02 4.9858868E-02 5.1520884E-02 5.2898128E-02 5.3976998E-02 5.4749947E-02 5.5213928E-02 5.5369172E-02 5.5218272E-02 5.4765821E-02 5.4018363E-02 5.2984729E-02 5.1676534E-02 5.0108939E-02 4.8301358E-02 4.6278074E-02 4.4068716E-02 4.1708201E-02 3.9236270E-02 3.6696322E-02 3.4133490E-02 3.1592228E-02 2.9113531E-02 2.6732434E-02 2.4476141E-02 2.2363260E-02 2.0404046E-02 1.8601526E-02 1.6953047E-02 1.5451963E-02 1.4089062E-02 1.2853822E-02 1.1735255E-02 1.0722493E-02 9.8051922E-03 8.9737223E-03
1.5530597E-02 1.6982930E-02 1.8568404E-02 2.0292392E-02 2.2156982E-02 2.4159528E-02 2.6291128E-02 2.8535115E-02 3.0866126E-02 3.3249952E-02 3.5644643E-02 3.8002875E-02 4.0275373E-02 4.2414565E-02 4.4377882E-02 4.6129882E-02 4.7643162E-02 4.8898090E-02 4.9881820E-02 5.0586961E-02 5.1010277E-02 5.1151596E-02 5.1013097E-02 5.0598901E-02 4.9915086E-02 4.8969921E-02 4.7774322E-02 4.6342447E-02 4.4692315E-02 4.2846296E-02 4.0831465E-02 3.8679525E-02 3.6426336E-02 3.4110811E-02 3.1773314E-02 2.9453456E-02 2.7187780E-02 2.5007570E-02 2.2937289E-02 2.0993898E-02 1.9187050E-02 1.7520022E-02 1.5991047E-02 1.4594743E-02 1.3323357E-02 1.2167864E-02 1.1118708E-02 1.0166370E-02 9.3017034E-03 8.5161300E-03
1.4621954E-02 1.5966520E-02 1.7429652E-02 1.9015400E-02 2.0724798E-02 2.2554653E-02 2.4496257E-02 2.6534168E-02 2.8645488E-02 3.0799799E-02 3.2960154E-02 3.5085097E-02 3.7131507E-02 3.9057683E-02 4.0826090E-02 4.2405181E-02 4.3770254E-02 4.4903297E-02 4.5792211E-02 4.6429768E-02 4.6812538E-02 4.6939995E-02 4.6813853E-02 4.6437807E-02 4.5817457E-02 4.4960506E-02 4.3877155E-02 4.2580575E-02 4.1087374E-02 3.9418019E-02 3.7597042E-02 3.5652936E-02 3.3617679E-02 3.1525772E-02 2.9412782E-02 2.7313543E-02 2.5260156E-02 2.3280192E-02 2.1395391E-02 1.9621063E-02 1.7966256E-02 1.6434498E-02 1.5024891E-02 1.3733304E-02 1.2553424E-02 1.1477710E-02 1.0498043E-02 9.6062245E-03 8.7943012E-03 8.0547603E-03
1.3717129E-02 1.4955457E-02 1.6298166E-02 1.7748056E-02 1.9305201E-02 2.0965923E-02 2.2721741E-02 2.4558458E-02 2.6455577E-02 2.8386371E-02 3.0318704E-02 3.2216731E-02 3.4043267E-02 3.5762217E-02 3.7340913E-02 3.8751602E-02 3.9972212E-02 4.0986355E-02 4.1782707E-02 4.2354256E-02 4.2697418E-02 4.2811330E-02 4.2697314E-02 4.2358618E-02 4.1800357E-02 4.1029684E-02 4.0056068E-02 3.8891666E-02 3.7551701E-02 3.6054734E-02 3.4422789E-02 3.2681234E-02 3.0858271E-02 2.8984118E-02 2.7089747E-02 2.5205379E-02 2.3358872E-02 2.1574227E-02 1.9870546E-02 1.8261546E-02 1.6755663E-02 1.5356633E-02 1.4064348E-02 1.2875859E-02 1.1786223E-02 1.0789315E-02 9.8783905E-03 9.0465322E-03 8.2869409E-03 7.5931251E-03
1.2823937E-02 1.3958922E-02 1.5184792E-02 1.6503226E-02 1.7913453E-02 1.9411419E-02 2.0988967E-02 2.2633126E-02 2.4325728E-02 2.6043499E-02 2.7758818E-02 2.9441068E-02 3.1058531E-02 3.2580376E-02 3.3978458E-02 3.5228629E-02 3.6311366E-02 3.7211865E-02 3.7919652E-02 3.8427979E-02 3.8733196E-02 3.8834162E-02 3.8731836E-02 3.8429040E-02 3.7930429E-02 3.7242580E-02 3.6374219E-02 3.5336483E-02 3.4143198E-02 3.2811064E-02 3.1359673E-02 2.9811384E-02 2.8190823E-02 2.6524168E-02 2.4838097E-02 2.3158545E-02 2.1509416E-02 1.9911394E-02 1.8381121E-02 1.6930794E-02 1.5568224E-02 1.4297275E-02 1.3118541E-02 1.2030117E-02 1.1028313E-02 1.0108302E-02 9.2646182E-03 8.4915431E-03 7.7833622E-03 7.1345554E-03
1.1949459E-02 1.2985179E-02 1.4099211E-02 1.5292271E-02 1.6562907E-02 1.7906824E-02 1.9316263E-02 2.0779479E-02 2.2280488E-02 2.3799224E-02 2.5312155E-02 2.6793379E-02 2.8216124E-02 2.9554287E-02 3.0783879E-02 3.1884074E-02 3.2837767E-02 3.3631727E-02 3.4256343E-02 3.4705233E-02 3.4974750E-02 3.5063569E-02 3.4972325E-02 3.4703467E-02 3.4261167E-02 3.3651445E-02 3.2882251E-02 3.1963699E-02 3.0908246E-02 2.9730756E-02 2.8448531E-02 2.7081087E-02 2.5649721E-02 2.4176920E-02 2.2685425E-02 2.1197310E-02 1.9732906E-02 1.8309906E-02 1.6942695E-02 1.5642060E-02 1.4415175E-02 1.3265955E-02 1.2195557E-02 1.1202971E-02 1.0285591E-02 9.4397506E-03 8.6611351E-03 7.9451147E-03 7.2869728E-03 6.6820863E-03
1.1099758E-02 1.2041244E-02 1.3049552E-02 1.4124621E-02 1.5264480E-02 1.6464733E-02 1.7718095E-02 1.9014023E-02 2.0338569E-02 2.1674542E-02 2.3002049E-02 2.4299338E-02 2.5543986E-02 2.6714064E-02 2.7789295E-02 2.8751848E-02 2.9586878E-02 3.0282663E-02 3.0830504E-02 3.1224454E-02 3.1460959E-02 3.1538572E-02 3.1457685E-02 3.1220393E-02 3.0830421E-02 3.0293193E-02 2.9615901E-02 2.8807644E-02 2.7879523E-02 2.6844677E-02 2.5718234E-02 2.4517084E-02 2.3259513E-02 2.1964662E-02 2.0651808E-02 1.9339591E-02 1.8045202E-02 1.6783683E-02 1.5567417E-02 1.4405875E-02 1.3305619E-02 1.2270524E-02 1.1302161E-02 1.0400251E-02 9.5631005E-03 8.7880436E-03 8.0717690E-03 7.4106068E-03 6.8007442E-03 6.2383660E-03
1.0279806E-02 1.1132784E-02 1.2042274E-02 1.3007607E-02 1.4026463E-02 1.5094476E-02 1.6204890E-02 1.7348312E-02 1.8512651E-02 1.9683272E-02 2.0843439E-02 2.1974994E-02 2.3059247E-02 2.4077890E-02 2.5013877E-02 2.5852058E-02 2.6579645E-02 2.7186360E-02 2.7664414E-02 2.8008342E-02 2.8214775E-02 2.8282225E-02 2.8210888E-02 2.8002530E-02 2.7660463E-02 2.7189525E-02 2.6596155E-02 2.5888450E-02 2.5076220E-02 2.4170978E-02 2.3185834E-02 2.2135314E-02 2.1035006E-02 1.9901114E-02 1.8749870E-02 1.7596958E-02 1.6456848E-02 1.5342282E-02 1.4263877E-02 1.3229931E-02 1.2246386E-02 1.1317013E-02 1.0443665E-02 9.6266279E-03 8.8649495E-03 8.1567932E-03 7.4997004E-03 6.8908380E-03 6.3271783E-03 5.8056242E-03
9.4934124E-03 1.0264049E-02 1.1082086E-02 1.1946419E-02 1.2854517E-02 1.3802150E-02 1.4783129E-02 1.5789151E-02 1.6809782E-02 1.7832616E-02 1.8843632E-02 1.9827714E-02 2.0769350E-02 2.1653308E-02 2.2465313E-02 2.3192583E-02 2.3824167E-02 2.4351129E-02 2.4766587E-02 2.5065586E-02 2.5244998E-02 2.5303353E-02 2.5240701E-02 2.5058540E-02 2.4759762E-02 2.4348656E-02 2.3830926E-02 2.3213707E-02 2.2505598E-02 2.1716595E-02 2.0857990E-02 1.9942194E-02 1.8982423E-02 1.7992329E-02 1.6985549E-02 1.5975220E-02 1.4973501E-02 1.3991169E-02 1.3037303E-02 1.2119149E-02 1.1242066E-02 1.0409651E-02 9.6239243E-03 8.8855866E-03 8.1942659E-03 7.5487969E-03 6.9474322E-03 6.3880417E-03 5.8682705E-03 5.3856536E-03
8.7432833E-03 9.4379522E-03 1.0172084E-02 1.0944274E-02 1.1751914E-02 1.2590982E-02 1.3455867E-02 1.4339276E-02 1.5232242E-02 1.6124282E-02 1.7003667E-02 1.7857842E-02 1.8673955E-02 1.9439362E-02 2.0142157E-02 2.0771582E-02 2.1318329E-02 2.1774689E-02 2.2134626E-02 2.2393730E-02 2.2549137E-02 2.2599446E-02 2.2544611E-02 2.2385893E-02 2.2125803E-02 2.1768099E-02 2.1317780E-02 2.0781094E-02 2.0165507E-02 1.9479638E-02 1.8733162E-02 1.7936623E-02 1.7101174E-02 1.6238298E-02 1.5359406E-02 1.4475505E-02 1.3596796E-02 1.2732388E-02 1.1890040E-02 1.1076065E-02 1.0295265E-02 9.5510297E-03 8.8454466E-03 8.1795026E-03 7.5532659E-03 6.9661001E-03 6.4168312E-03 5.9039136E-03 5.4255561E-03 4.9798335E-03
8.0311047E-03 8.6561888E-03 9.3139019E-03 1.0002660E-02 1.0719866E-02 1.1461764E-02 1.2223309E-02 1.2998130E-02 1.3778545E-02 1.4555708E-02 1.5319818E-02 1.6060453E-02 1.6766967E-02 1.7428879E-02 1.8036280E-02 1.8580144E-02 1.9052586E-02 1.9447010E-02 1.9758172E-02 1.9982185E-02 2.0116478E-02 2.0159747E-02 2.0111887E-02 1.9973947E-02 1.9748092E-02 1.9437592E-02 1.9046800E-02 1.8581128E-02 1.8047014E-02 1.7451856E-02 1.6803890E-02 1.6112041E-02 1.5385704E-02 1.4634504E-02 1.3867998E-02 1.3095393E-02 1.2325253E-02 1.1565280E-02 1.0822106E-02 1.0101219E-02 9.4069112E-03 8.7423250E-03 8.1095500E-03 7.5097573E-03 6.9433325E-03 6.4100404E-03 5.9091644E-03 5.4396326E-03 5.0001238E-03 4.5891618E-03
7.3576877E-03 7.9194224E-03 8.5079595E-03 9.1216313E-03 9.7579267E-03 1.0413374E-02 1.1083484E-02 1.1762703E-02 1.2444467E-02 1.3121314E-02 1.3785057E-02 1.4427035E-02 1.5038434E-02 1.5610561E-02 1.6135173E-02 1.6604722E-02 1.7012553E-02 1.7353047E-02 1.7621687E-02 1.7815076E-02 1.7930945E-02 1.7968103E-02 1.7926410E-02 1.7806735E-02 1.7610943E-02 1.7341847E-02 1.7003208E-02 1.6599683E-02 1.6136799E-02 1.5620865E-02 1.5058867E-02 1.4458336E-02 1.3827176E-02 1.3173447E-02 1.2505148E-02 1.1829988E-02 1.1155168E-02 1.0487202E-02 9.8317610E-03 9.1936188E-03 8.5765850E-03 7.9835597E-03 7.4165729E-03 6.8768952E-03 6.3651307E-03 5.8813491E-03 5.4251845E-03 4.9959412E-03 4.5926804E-03 4.2143022E-03
6.7230952E-03 7.2274464E-03 7.7536814E-03 8.3001163E-03 8.8643655E-03 9.4432663E-03 1.0032836E-02 1.0628257E-02 1.1223923E-02 1.1813536E-02 1.2390257E-02 1.2946878E-02 1.3476091E-02 1.3970685E-02 1.4423805E-02 1.4829141E-02 1.5181093E-02 1.5474899E-02 1.5706686E-02 1.5873525E-02 1.5973419E-02 1.6005307E-02 1.5969029E-02 1.5865313E-02 1.5695740E-02 1.5462728E-02 1.5169502E-02 1.4820050E-02 1.4419085E-02 1.3971968E-02 1.3484609E-02 1.2963356E-02 1.2414841E-02 1.1845822E-02 1.1262992E-02 1.0672821E-02 1.0081366E-02 9.4941491E-03 8.9160278E-03 8.3511425E-03 7.8028757E-03 7.2738715E-03 6.7660664E-03 6.2807743E-03 5.8187386E-03 5.3802500E-03 4.9652038E-03 4.5732013E-03 4.2036101E-03 3.8556359E-03
6.1267912E-03 6.5793823E-03 7.0497310E-03 7.5361882E-03 8.0365269E-03 8.5478853E-03 9.0667494E-03 9.5889503E-03 1.0109698E-02 1.0623679E-02 1.1125162E-02 1.1608150E-02 1.2066566E-02 1.2494422E-02 1.2886018E-02 1.3236076E-02 1.3539902E-02 1.3793462E-02 1.3993463E-02 1.4137384E-02 1.4223497E-02 1.4250861E-02 1.4219318E-02 1.4129465E-02 1.3982648E-02 1.3780928E-02 1.3527057E-02 1.3224435E-02 1.2877065E-02 1.2489487E-02 1.2066696E-02 1.1614026E-02 1.1137049E-02 1.0641428E-02 1.0132779E-02 9.6165333E-03 9.0978025E-03 8.5812695E-03 8.0710994E-03 7.5708907E-03 7.0836307E-03 6.6117193E-03 6.1569796E-03 5.7207155E-03 5.3037591E-03 4.9065435E-03 4.5291665E-03 4.1714520E-03 3.8330127E-03 3.5132952E-03
5.5677798E-03 5.9738350E-03 6.3942112E-03 6.8273270E-03 7.2711254E-03 7.7230409E-03 8.1799813E-03 8.6383354E-03 9.0940231E-03 9.5425481E-03 9.9791046E-03 1.0398684E-02 1.0796230E-02 1.1166764E-02 1.1505533E-02 1.1808132E-02 1.2070621E-02 1.2289601E-02 1.2462274E-02 1.2586490E-02 1.2660754E-02 1.2684252E-02 1.2656824E-02 1.2578972E-02 1.2451828E-02 1.2277144E-02 1.2057257E-02 1.1795056E-02 1.1493932E-02 1.1157723E-02 1.0790637E-02 1.0397164E-02 9.9819815E-03 9.5498422E-03 9.1054626E-03 8.6534144E-03 8.1980145E-03 7.7432501E-03 7.2926939E-03 6.8494705E-03 6.4162202E-03 5.9951046E-03 5.5878218E-03 5.1956368E-03 4.8194197E-03 4.4597033E-03 4.1167242E-03 3.7904759E-03 3.4807585E-03 3.1872168E-03
5.0447248E-03 5.4090540E-03 5.7848534E-03 6.1706332E-03 6.5645138E-03 6.9642025E-03 7.3669869E-03 7.7697481E-03 8.1689982E-03 8.5609322E-03 8.9415098E-03 9.3065407E-03 9.6518099E-03 9.9731628E-03 1.0266638E-02 1.0528555E-02 1.0755608E-02 1.0944933E-02 1.1094167E-02 1.1201477E-02 1.1265586E-02 1.1285786E-02 1.1261929E-02 1.1194428E-02 1.1084243E-02 1.0932855E-02 1.0742240E-02 1.0514848E-02 1.0253547E-02 9.9615734E-03 9.6424725E-03 9.3000233E-03 8.9381551E-03 8.5608624E-03 8.1721125E-03 7.7757617E-03 7.3754694E-03 6.9746301E-03 6.5763150E-03 6.1832401E-03 5.7977336E-03 5.4217381E-03 5.0568157E-03 4.7041764E-03 4.3646959E-03 4.0389625E-03 3.7273108E-03 3.4298603E-03 3.1465520E-03 2.8771854E-03
4.5560533E-03 4.8830411E-03 5.2191485E-03 5.5629862E-03 5.9128515E-03 6.2667024E-03 6.6221664E-03 6.9765463E-03 7.3268604E-03 7.6698824E-03 8.0022095E-03 8.3203278E-03 8.6207082E-03 8.8998843E-03 9.1545451E-03 9.3816146E-03 9.5783165E-03 9.7422441E-03 9.8714009E-03 9.9642305E-03 1.0019647E-02 1.0037038E-02 1.0016270E-02 9.9576870E-03 9.8620923E-03 9.7307377E-03 9.5652984E-03 9.3678422E-03 9.1407876E-03 8.8868691E-03 8.6090686E-03 8.3105704E-03 7.9946769E-03 7.6647531E-03 7.3241442E-03 6.9761076E-03 6.6237506E-03 6.2699732E-03 5.9174192E-03 5.5684466E-03 5.2251099E-03 4.8891483E-03 4.5619905E-03 4.2447755E-03 3.9383625E-03 3.6433686E-03 3.3601897E-03 3.0890335E-03 2.8299489E-03 2.5828532E-03
4.1000312E-03 4.3936521E-03 4.6944567E-03 5.0011701E-03 5.3122523E-03 5.6258934E-03 5.9400187E-03 6.2522977E-03 6.5601752E-03 6.8609132E-03 7.1516377E-03 7.4293925E-03 7.6912208E-03 7.9342211E-03 8.1556216E-03 8.3528413E-03 8.5235564E-03 8.6657414E-03 8.7777115E-03 8.8581489E-03 8.9061297E-03 8.9211296E-03 8.9030312E-03 8.8521168E-03 8.7690623E-03 8.6549260E-03 8.5111186E-03 8.3393855E-03 8.1417719E-03 7.9205772E-03 7.6783202E-03 7.4176784E-03 7.1414374E-03 6.8524340E-03 6.5534925E-03 6.2473752E-03 5.9367265E-03 5.6240256E-03 5.3115510E-03 5.0013606E-03 4.6952562E-03 4.3947943E-03 4.1012745E-03 3.8157587E-03 3.5390749E-03 3.2718442E-03 3.0144991E-03 2.7673086E-03 2.5303995E-03 2.3037796E-03
3.6748478E-03 3.9386787E-03 4.2081126E-03 4.4819820E-03 4.7589028E-03 5.0372733E-03 5.3152805E-03 5.5909087E-03 5.8619678E-03 6.1261291E-03 6.3809548E-03 6.6239582E-03 6.8526524E-03 7.0645995E-03 7.2574788E-03 7.4291239E-03 7.5775827E-03 7.7011515E-03 7.7984082E-03 7.8682406E-03 7.9098633E-03 7.9228291E-03 7.9070339E-03 7.8627113E-03 7.7904323E-03 7.6910835E-03 7.5658606E-03 7.4162320E-03 7.2439257E-03 7.0508807E-03 6.8392195E-03 6.6112024E-03 6.3691782E-03 6.1155451E-03 5.8526951E-03 5.5829724E-03 5.3086327E-03 5.0318032E-03 4.7544492E-03 4.4783633E-03 4.2051319E-03 3.9361422E-03 3.6725732E-03 3.4154044E-03 3.1654229E-03 2.9232397E-03 2.6893055E-03 2.4639263E-03 2.2472849E-03 2.0394570E-03
3.2786613E-03 3.5159143E-03 3.7574803E-03 4.0022954E-03 4.2491215E-03 4.4965432E-03 4.7429758E-03 4.9866759E-03 5.2257632E-03 5.4582497E-03 5.6820693E-03 5.8951168E-03 6.0952990E-03 6.2805661E-03 6.4489646E-03 6.5986766E-03 6.7280582E-03 6.8356758E-03 6.9203307E-03 6.9810827E-03 7.0172651E-03 7.0284992E-03 7.0146909E-03 6.9760368E-03 6.9130147E-03 6.8263742E-03 6.7171208E-03 6.5864958E-03 6.4359563E-03 6.2671397E-03 6.0818382E-03 5.8819586E-03 5.6694895E-03 5.4464615E-03 5.2149021E-03 4.9768076E-03 4.7341068E-03 4.4886260E-03 4.2420672E-03 3.9959885E-03 3.7517908E-03 3.5107059E-03 3.2737993E-03 3.0419722E-03 2.8159616E-03 2.5963602E-03 2.3836202E-03 2.1780704E-03 1.9799303E-03 1.7893239E-03
