T6-multimodels/model90.grd
DSAA
         100         100
  -15.00000       15.00000    
  -15.00000       15.00000    
  0.3688678       12.05070    
[rows 28 to 55 of 100, columns 0 to 62 of 100]
1.874817 2.007757 2.150104 2.301520 2.461153 2.627484 2.798143 2.969814 3.138344 3.299591 3.451954 3.600295 3.753197 3.914074 4.080486 4.248139 4.412996 4.571907 4.722657 4.863833 4.994661 5.114839 5.224393 5.323571 5.412751 5.492391 5.562978 5.624999 5.678928 5.725214 5.764277 5.796510 5.822280 5.841944 5.855853 5.864380 5.867943 5.867030 5.862254 5.854403 5.844520 5.833990 5.824660 5.818966 5.820067 5.831934 5.859272 5.907006 5.978435 6.070511 6.168411 6.250591 6.303073 6.324147 6.318545 6.292454 6.251565 6.200534 6.142945 6.081436 6.017863 5.953481 5.889075
1.951883 2.093766 2.245894 2.407848 2.578524 2.755985 2.937042 3.117094 3.289748 3.447646 3.586277 3.715825 3.857028 4.016284 4.187809 4.364255 4.539585 4.709457 4.870946 5.022246 5.162382 5.290968 5.408024 5.513825 5.608810 5.693491 5.768429 5.834167 5.891241 5.940154 5.981375 6.015336 6.042452 6.063113 6.077719 6.086687 6.090493 6.089702 6.085036 6.077432 6.068157 6.058921 6.052063 6.050748 6.059230 6.083147 6.129768 6.207974 6.326572 6.485768 6.660482 6.808329 6.905358 6.953505 6.963372 6.945354 6.907865 6.857319 6.798435 6.734580 6.668081 6.600484 6.532756
2.028360 2.179173 2.341066 2.513541 2.695232 2.883779 3.075144 3.263390 3.439720 3.593211 3.715737 3.823309 3.950743 4.107490 4.283756 4.468835 4.654565 4.835359 5.007569 5.168978 5.318412 5.455394 5.579943 5.692355 5.793132 5.882843 5.962118 6.031559 6.091771 6.143297 6.186666 6.222348 6.250800 6.272455 6.287752 6.297158 6.301209 6.300542 6.295991 6.288645 6.279996 6.272088 6.267755 6.270905 6.286919 6.323153 6.389570 6.499308 6.667410 6.898352 7.155919 7.374043 7.517921 7.594168 7.619985 7.610285 7.576333 7.526350 7.466220 7.400053 7.330656 7.259864 7.188835
2.103678 2.263309 2.434859 2.617743 2.810374 3.009990 3.211825 3.408788 3.590245 3.742881 3.857068 3.952927 4.073411 4.230631 4.412832 4.606975 4.803217 4.994911 5.177754 5.349170 5.507795 5.653078 5.785026 5.903972 6.010468 6.105151 6.188710 6.261812 6.325118 6.379228 6.424716 6.462094 6.491868 6.514500 6.530478 6.540310 6.544592 6.544038 6.539579 6.532459 6.524380 6.517703 6.515724 6.523040 6.546048 6.593622 6.677950 6.815375 7.024796 7.311898 7.632320 7.905218 8.087893 8.188552 8.228580 8.226349 8.195506 8.145885 8.084417 8.015911 7.943621 7.869663 7.795362
2.177272 2.345525 2.526524 2.719616 2.923035 3.133691 3.346267 3.552843 3.741669 3.898308 4.012962 4.107882 4.229421 4.391325 4.581350 4.785293 4.992241 5.194773 5.388092 5.569318 5.736934 5.890328 6.029510 6.154843 6.266937 6.366481 6.454234 6.530921 6.597260 6.653898 6.701460 6.740503 6.771564 6.795149 6.811787 6.822027 6.826518 6.826046 6.821640 6.814671 6.807040 6.801385 6.801403 6.812272 6.841207 6.898231 6.997056 7.155839 7.394944 7.719408 8.080122 8.389152 8.599255 8.718285 8.769393 8.772993 8.744414 8.694724 8.631721 8.560802 8.485612 8.408516 8.330997
2.248607 2.425196 2.615342 2.818342 3.032297 3.253876 3.477383 3.694368 3.892473 4.056791 4.177620 4.278162 4.406099 4.575960 4.775449 4.989838 5.207604 5.420831 5.624360 5.815099 5.991415 6.152656 6.298833 6.430347 6.547857 6.652114 6.743933 6.824096 6.893377 6.952472 7.002049 7.042703 7.075014 7.099520 7.116789 7.127409 7.132082 7.131652 7.127234 7.120319 7.112968 7.108051 7.109593 7.123216 7.156740 7.220956 7.330482 7.504320 7.763164 8.111115 8.496469 8.827935 9.055826 9.187290 9.246049 9.253561 9.226202 9.175899 9.111103 9.037676 8.959578 8.879388 8.798711
2.317183 2.501747 2.700649 2.913153 3.137274 3.369512 3.603923 3.831739 4.040263 4.214366 4.344386 4.453895 4.591090 4.770813 4.980744 5.205892 5.434399 5.658028 5.871396 6.071254 6.255895 6.424634 6.577503 6.714937 6.837639 6.946416 7.042141 7.125647 7.197757 7.259217 7.310733 7.352938 7.386447 7.411837 7.429703 7.440672 7.445489 7.445057 7.440559 7.433582 7.426322 7.421833 7.424379 7.439912 7.476660 7.545890 7.662700 7.846432 8.117725 8.479971 8.880040 9.224928 9.463623 9.602737 9.666122 9.675738 9.648569 9.597107 9.530260 9.454237 9.373239 9.290012 9.206267
2.382555 2.574663 2.781849 3.003361 3.237152 3.479620 3.724657 3.963292 4.182632 4.367401 4.507922 4.627866 4.775562 4.965933 5.186615 5.422452 5.661383 5.894975 6.117692 6.326185 6.518693 6.694529 6.853732 6.996772 7.124400 7.237473 7.336912 7.423603 7.498412 7.562127 7.615490 7.659176 7.693827 7.720050 7.738475 7.749760 7.754687 7.754202 7.749555 7.742401 7.735045 7.730676 7.733736 7.750398 7.789148 7.861531 7.982885 8.172662 8.451358 8.821869 9.230285 9.582717 9.827446 9.970710 10.03636 10.04659 10.01874 9.965652 9.896543 9.817863 9.733997 9.647816 9.561110
2.444338 2.643506 2.858438 3.088377 3.331240 3.583353 3.838502 4.087585 4.317567 4.513062 4.664312 4.794971 4.953373 5.154406 5.385626 5.631753 5.880583 6.123554 6.355031 6.571598 6.771462 6.953930 7.119064 7.267361 7.399618 7.516732 7.619672 7.709364 7.786722 7.852566 7.907681 7.952765 7.988493 8.015499 8.034442 8.046007 8.051008 8.050429 8.045565 8.038134 8.030516 8.025996 8.029144 8.046272 8.086028 8.160112 8.283972 8.477074 8.759790 9.134720 9.547508 9.903769 10.15138 10.29639 10.36261 10.37235 10.34317 10.28810 10.21659 10.13524 10.04857 9.959546 9.870010
2.502206 2.707906 2.929998 3.167723 3.418977 3.680036 3.944611 4.203505 4.443578 4.649342 4.810958 4.952000 5.120727 5.331954 5.573144 5.828917 6.086960 6.338624 6.578193 6.802216 7.008874 7.197478 7.368102 7.521279 7.657838 7.778715 7.884922 7.977421 8.057163 8.125003 8.181756 8.228150 8.264886 8.292622 8.312039 8.323849 8.328891 8.328179 8.323046 8.315254 8.307240 8.302356 8.305253 8.322335 8.362347 8.437065 8.561989 8.756576 9.041095 9.417957 9.832559 10.19027 10.43875 10.58392 10.64957 10.65809 10.62713 10.56988 10.49591 10.41193 10.32256 10.23082 10.13860
2.555900 2.767579 2.996212 3.241044 3.499954 3.769182 4.042386 4.310292 4.559675 4.774955 4.946194 5.096882 5.275197 5.495860 5.746241 6.010863 6.277333 6.536926 6.783878 7.014699 7.227562 7.421776 7.597433 7.755092 7.895610 8.019958 8.129179 8.224277 8.306226 8.375918 8.434191 8.481799 8.519468 8.547877 8.567725 8.579745 8.584802 8.583928 8.578486 8.570275 8.561767 8.556361 8.558763 8.575431 8.615163 8.689787 8.814815 9.009688 9.294613 9.671903 10.08681 10.44455 10.69267 10.83703 10.90142 10.90826 10.87527 10.81575 10.73933 10.65281 10.56088 10.46659 10.37186
2.605217 2.822306 3.056849 3.308088 3.573893 3.850477 4.131451 4.407485 4.665279 4.889172 5.069144 5.228595 5.415603 5.644804 5.903480 6.176081 6.450135 6.716865 6.970461 7.207409 7.425872 7.625159 7.805377 7.967108 8.111226 8.238741 8.350720 8.448194 8.532168 8.603557 8.663227 8.711952 8.750475 8.779496 8.799734 8.811934 8.816983 8.815932 8.810158 8.801490 8.792426 8.786398 8.788145 8.804155 8.843271 8.917327 9.041853 9.236273 9.520753 9.897539 10.31181 10.66872 10.91577 11.05876 11.12150 11.12644 11.09134 11.02955 10.95077 10.86186 10.76752 10.67086 10.57381
2.650010 2.871940 3.111754 3.368701 3.640637 3.923753 4.211624 4.494870 4.760131 4.991671 5.179392 5.346611 5.541333 5.778113 6.044154 6.323829 6.604613 6.877677 7.137179 7.379581 7.603038 7.806861 7.991165 8.156549 8.303910 8.434278 8.548747 8.648373 8.734180 8.807112 8.868049 8.917786 8.957085 8.986659 9.007242 9.019599 9.024620 9.023382 9.017271 9.008132 8.998488 8.991788 8.992791 9.008014 9.046307 9.119531 9.243204 9.436749 9.720317 10.09612 10.50929 10.86495 11.11057 11.25194 11.31287 11.31584 11.27865 11.21469 11.13370 11.04256 10.94601 10.84717 10.74801
2.690175 2.916379 3.160838 3.422801 3.700116 3.988955 4.282861 4.572411 4.844196 5.082417 5.276917 5.450939 5.652407 5.895807 6.168278 6.454137 6.740807 7.019419 7.284100 7.531294 7.759146 7.966972 8.154890 8.323510 8.473753 8.606661 8.723351 8.824897 8.912346 8.986657 9.048730 9.099374 9.139366 9.169436 9.190326 9.202812 9.207797 9.206368 9.199926 9.190328 9.180104 9.172722 9.172956 9.187338 9.224723 9.296981 9.419640 9.612110 9.894532 10.26910 10.68093 11.03513 11.27917 11.41884 11.47797 11.47903 11.43987 11.37388 11.29085 11.19768 11.09913 10.99834 10.89726
2.725647 2.955570 3.204062 3.470372 3.752337 4.046113 4.345218 4.640195 4.917590 5.161554 5.361867 5.541715 5.748972 5.998059 6.276061 6.567241 6.858982 7.142380 7.411535 7.662878 7.894545 8.105848 8.296914 8.468365 8.621126 8.756262 8.874903 8.978138 9.067035 9.142561 9.205636 9.257081 9.297686 9.328189 9.349344 9.361937 9.366882 9.365271 9.358517 9.348480 9.337706 9.329671 9.329155 9.342700 9.379172 9.450441 9.572042 9.763385 10.04460 10.41789 10.82836 11.18110 11.42359 11.56162 11.61903 11.61832 11.57735 11.50953 11.42467 11.32969 11.22936 11.12683 11.02407
2.756391 2.989492 3.241424 3.511431 3.797346 4.095308 4.398816 4.698382 4.980514 5.229327 5.434553 5.619331 5.831478 6.085368 6.368038 6.663717 6.959751 7.247203 7.520158 7.775029 8.009948 8.224222 8.417983 8.591858 8.746785 8.883837 9.004158 9.108855 9.199000 9.275579 9.339521 9.391663 9.432797 9.463675 9.485059 9.497740 9.502642 9.500861 9.493819 9.483384 9.472107 9.463467 9.462255 9.475019 9.510624 9.580954 9.701538 9.891792 10.17184 10.54389 10.95304 11.30439 11.54543 11.68196 11.73781 11.73552 11.69294 11.62351 11.53704 11.44049 11.33861 11.23457 11.13034
2.782389 3.018145 3.272943 3.546027 3.835221 4.136654 4.443805 4.747163 5.033209 5.286023 5.495294 5.684124 5.900298 6.158149 6.444678 6.744076 7.043657 7.334471 7.610579 7.868386 8.106010 8.322763 8.518779 8.694683 8.851428 8.990089 9.111828 9.217751 9.308952 9.386422 9.451097 9.503823 9.545405 9.576599 9.598171 9.610928 9.615787 9.613858 9.606563 9.595777 9.584053 9.574883 9.573052 9.585117 9.619950 9.689430 9.809098 9.998366 10.27737 10.64831 11.05630 11.40644 11.64620 11.78141 11.83591 11.83225 11.78828 11.71748 11.62965 11.53175 11.42856 11.32325 11.21777
2.803642 3.041544 3.298656 3.574218 3.866052 4.170273 4.480347 4.786744 5.075923 5.331938 5.544454 5.736539 5.955941 6.216962 6.506578 6.808955 7.111385 7.404898 7.683543 7.943711 8.183520 8.402278 8.600116 8.777667 8.935884 9.075858 9.198747 9.305673 9.397732 9.475926 9.541202 9.594406 9.636355 9.667806 9.689534 9.702344 9.707170 9.705112 9.697605 9.686524 9.674426 9.664804 9.662453 9.673925 9.708099 9.776859 9.895742 10.08417 10.36228 10.73226 11.13924 11.48833 11.72702 11.86113 11.91451 11.90971 11.86460 11.79267 11.70372 11.60473 11.50046 11.39410 11.28760
2.820156 3.059711 3.318602 3.596067 3.889924 4.196280 4.508592 4.817312 5.108885 5.367342 5.582324 5.776880 5.998738 6.262178 6.554154 6.858805 7.163415 7.458996 7.739586 8.001568 8.243055 8.463353 8.662596 8.841416 9.000774 9.141759 9.265541 9.373243 9.465969 9.544729 9.610467 9.664042 9.706277 9.737926 9.759773 9.772629 9.777422 9.775265 9.767589 9.756272 9.743878 9.733897 9.731131 9.742130 9.775779 9.843963 9.962222 10.14998 10.42737 10.79661 11.20281 11.55109 11.78893 11.92217 11.97467 11.96898 11.92298 11.85017 11.76035 11.66050 11.55540 11.44822 11.34094
2.831941 3.072668 3.332819 3.611629 3.906915 4.214778 4.528667 4.839025 5.132284 5.392460 5.609188 5.805495 6.029088 6.294233 6.587868 6.894124 7.200270 7.497308 7.779269 8.042535 8.285212 8.506600 8.706840 8.886561 9.046728 9.188435 9.312848 9.421103 9.514306 9.593467 9.659539 9.713379 9.755814 9.787606 9.809540 9.822424 9.827196 9.824964 9.817165 9.805681 9.793070 9.782831 9.779764 9.790421 9.823688 9.891452 10.00926 10.19652 10.47340 10.84208 11.24769 11.59537 11.83260 11.96521 12.01707 12.01075 11.96412 11.89067 11.80023 11.69977 11.59408 11.48632 11.37847
2.839008 3.080433 3.341334 3.620948 3.917084 4.225845 4.540671 4.852003 5.146263 5.407461 5.625218 5.822552 6.047170 6.313325 6.607947 6.915157 7.222218 7.520124 7.802904 8.066932 8.310315 8.532357 8.733191 8.913450 9.074103 9.216237 9.341034 9.449618 9.543106 9.622506 9.688777 9.742779 9.785332 9.817212 9.839192 9.852097 9.856854 9.854579 9.846706 9.835119 9.822379 9.811983 9.808731 9.819181 9.852220 9.919729 10.03726 10.22423 10.50079 10.86915 11.27443 11.62176 11.85862 11.99085 12.04234 12.03563 11.98862 11.91479 11.82398 11.72315 11.61710 11.50899 11.40081
2.841362 3.083020 3.344171 3.624051 3.920470 4.229529 4.544666 4.856320 5.150912 5.412449 5.630554 5.828240 6.053201 6.319694 6.614642 6.922170 7.229533 7.527727 7.810779 8.075061 8.318679 8.540936 8.741968 8.922408 9.083220 9.225498 9.350421 9.459116 9.552697 9.632177 9.698515 9.752571 9.795164 9.827070 9.849072 9.861980 9.866733 9.864442 9.856544 9.844924 9.832139 9.821692 9.818378 9.828760 9.861720 9.929143 10.04658 10.23346 10.50991 10.87815 11.28330 11.63050 11.86723 11.99935 12.05070 12.04386 11.99673 11.92277 11.83183 11.73088 11.62471 11.51649 11.40820
2.839009 3.080434 3.341334 3.620949 3.917085 4.225845 4.540672 4.852004 5.146263 5.407461 5.625218 5.822552 6.047170 6.313325 6.607947 6.915158 7.222217 7.520124 7.802904 8.066934 8.310315 8.532357 8.733190 8.913452 9.074104 9.216238 9.341034 9.449619 9.543106 9.622506 9.688777 9.742779 9.785332 9.817210 9.839195 9.852098 9.856854 9.854579 9.846707 9.835119 9.822379 9.811982 9.808732 9.819182 9.852220 9.919730 10.03726 10.22423 10.50079 10.86915 11.27443 11.62176 11.85862 11.99085 12.04234 12.03563 11.98862 11.91479 11.82398 11.72315 11.61710 11.50900 11.40081
2.831941 3.072667 3.332817 3.611629 3.906914 4.214777 4.528666 4.839024 5.132283 5.392458 5.609188 5.805494 6.029087 6.294232 6.587864 6.894124 7.200267 7.497308 7.779269 8.042534 8.285209 8.506598 8.706839 8.886559 9.046728 9.188433 9.312848 9.421102 9.514305 9.593467 9.659536 9.713379 9.755813 9.787606 9.809539 9.822422 9.827194 9.824964 9.817163 9.805680 9.793070 9.782830 9.779761 9.790420 9.823687 9.891451 10.00926 10.19652 10.47340 10.84208 11.24769 11.59537 11.83260 11.96521 12.01707 12.01075 11.96412 11.89067 11.80023 11.69977 11.59408 11.48632 11.37847
2.820157 3.059711 3.318602 3.596067 3.889924 4.196280 4.508591 4.817312 5.108885 5.367342 5.582324 5.776880 5.998739 6.262179 6.554153 6.858806 7.163415 7.458997 7.739586 8.001568 8.243054 8.463353 8.662595 8.841415 9.000774 9.141759 9.265541 9.373243 9.465969 9.544728 9.610467 9.664043 9.706276 9.737926 9.759773 9.772628 9.777421 9.775265 9.767588 9.756271 9.743878 9.733897 9.731131 9.742130 9.775779 9.843962 9.962221 10.14998 10.42737 10.79661 11.20281 11.55109 11.78893 11.92217 11.97466 11.96898 11.92298 11.85017 11.76035 11.66050 11.55540 11.44822 11.34094
2.803641 3.041544 3.298656 3.574218 3.866051 4.170272 4.480346 4.786744 5.075923 5.331936 5.544454 5.736540 5.955940 6.216962 6.506578 6.808954 7.111385 7.404898 7.683543 7.943711 8.183520 8.402276 8.600115 8.777666 8.935884 9.075857 9.198747 9.305673 9.397732 9.475926 9.541203 9.594406 9.636356 9.667807 9.689535 9.702346 9.707170 9.705113 9.697604 9.686524 9.674426 9.664804 9.662452 9.673923 9.708098 9.776856 9.895742 10.08417 10.36228 10.73226 11.13924 11.48833 11.72702 11.86113 11.91451 11.90971 11.86460 11.79267 11.70372 11.60472 11.50046 11.39410 11.28760
2.782390 3.018146 3.272944 3.546027 3.835222 4.136655 4.443805 4.747164 5.033210 5.286023 5.495294 5.684125 5.900299 6.158149 6.444678 6.744076 7.043657 7.334471 7.610580 7.868387 8.106011 8.322763 8.518778 8.694683 8.851429 8.990090 9.111828 9.217752 9.308951 9.386420 9.451096 9.503821 9.545404 9.576599 9.598172 9.610927 9.615786 9.613857 9.606562 9.595777 9.584053 9.574882 9.573052 9.585115 9.619949 9.689430 9.809099 9.998367 10.27737 10.64831 11.05630 11.40644 11.64620 11.78141 11.83591 11.83224 11.78828 11.71748 11.62965 11.53175 11.42856 11.32324 11.21777
2.756391 2.989492 3.241424 3.511431 3.797346 4.095308 4.398815 4.698380 4.980514 5.229325 5.434553 5.619332 5.831478 6.085367 6.368038 6.663719 6.959749 7.247203 7.520157 7.775030 8.009947 8.224221 8.417983 8.591856 8.746784 8.883837 9.004159 9.108855 9.199000 9.275579 9.339521 9.391661 9.432797 9.463675 9.485058 9.497740 9.502641 9.500861 9.493819 9.483385 9.472105 9.463467 9.462255 9.475019 9.510624 9.580953 9.701538 9.891792 10.17184 10.54389 10.95303 11.30439 11.54543 11.68196 11.73781 11.73552 11.69294 11.62351 11.53704 11.44049 11.33861 11.23457 11.13033
