T6-multimodels/model90.grd
DSAA
         100         100
  -15.00000       15.00000    
  -15.00000       15.00000    
  0.3688678       12.05070    
[rows 56 to 83 of 100, columns 0 to 62 of 100]
2.725647 2.955570 3.204062 3.470372 3.752337 4.046112 4.345218 4.640194 4.917590 5.161553 5.361866 5.541714 5.748972 5.998060 6.276060 6.567240 6.858980 7.142377 7.411533 7.662876 7.894543 8.105846 8.296913 8.468362 8.621126 8.756260 8.874902 8.978135 9.067032 9.142560 9.205634 9.257080 9.297685 9.328188 9.349343 9.361938 9.366883 9.365271 9.358515 9.348478 9.337705 9.329670 9.329154 9.342699 9.379170 9.450441 9.572041 9.763382 10.04460 10.41788 10.82836 11.18110 11.42359 11.56162 11.61903 11.61832 11.57735 11.50953 11.42467 11.32969 11.22936 11.12683 11.02407
2.690175 2.916379 3.160839 3.422802 3.700117 3.988955 4.282861 4.572411 4.844195 5.082418 5.276918 5.450938 5.652407 5.895807 6.168278 6.454138 6.740808 7.019419 7.284101 7.531295 7.759146 7.966971 8.154890 8.323510 8.473754 8.606662 8.723351 8.824896 8.912346 8.986658 9.048730 9.099376 9.139369 9.169437 9.190326 9.202811 9.207797 9.206368 9.199926 9.190329 9.180103 9.172723 9.172958 9.187338 9.224723 9.296980 9.419640 9.612110 9.894532 10.26910 10.68093 11.03513 11.27917 11.41884 11.47797 11.47903 11.43987 11.37389 11.29085 11.19768 11.09913 10.99834 10.89726
2.650010 2.871940 3.111754 3.368701 3.640637 3.923752 4.211623 4.494870 4.760130 4.991671 5.179392 5.346611 5.541334 5.778114 6.044152 6.323829 6.604613 6.877677 7.137179 7.379581 7.603038 7.806859 7.991165 8.156549 8.303909 8.434277 8.548747 8.648372 8.734181 8.807112 8.868049 8.917786 8.957086 8.986659 9.007244 9.019599 9.024621 9.023381 9.017271 9.008133 8.998488 8.991788 8.992790 9.008015 9.046308 9.119528 9.243203 9.436749 9.720316 10.09612 10.50929 10.86495 11.11057 11.25194 11.31287 11.31584 11.27865 11.21469 11.13369 11.04256 10.94601 10.84717 10.74801
2.605216 2.822306 3.056849 3.308088 3.573893 3.850476 4.131450 4.407484 4.665278 4.889170 5.069144 5.228593 5.415603 5.644804 5.903480 6.176081 6.450134 6.716862 6.970461 7.207408 7.425872 7.625158 7.805377 7.967106 8.111226 8.238741 8.350719 8.448192 8.532166 8.603557 8.663227 8.711952 8.750475 8.779495 8.799732 8.811934 8.816982 8.815932 8.810159 8.801489 8.792425 8.786398 8.788142 8.804155 8.843268 8.917327 9.041852 9.236272 9.520753 9.897539 10.31181 10.66872 10.91577 11.05876 11.12150 11.12644 11.09134 11.02955 10.95077 10.86186 10.76752 10.67086 10.57381
2.555900 2.767578 2.996212 3.241044 3.499954 3.769182 4.042385 4.310291 4.559675 4.774955 4.946195 5.096881 5.275196 5.495860 5.746240 6.010863 6.277332 6.536926 6.783877 7.014699 7.227562 7.421775 7.597433 7.755092 7.895608 8.019957 8.129179 8.224276 8.306226 8.375917 8.434191 8.481799 8.519468 8.547877 8.567724 8.579745 8.584802 8.583929 8.578487 8.570275 8.561767 8.556360 8.558763 8.575430 8.615163 8.689787 8.814815 9.009688 9.294613 9.671904 10.08681 10.44455 10.69267 10.83703 10.90142 10.90826 10.87527 10.81575 10.73933 10.65281 10.56088 10.46659 10.37186
2.502206 2.707907 2.929998 3.167723 3.418977 3.680036 3.944613 4.203506 4.443579 4.649342 4.810958 4.952000 5.120728 5.331954 5.573144 5.828917 6.086961 6.338624 6.578194 6.802216 7.008873 7.197477 7.368103 7.521281 7.657838 7.778717 7.884922 7.977422 8.057163 8.125005 8.181757 8.228149 8.264886 8.292623 8.312039 8.323849 8.328892 8.328180 8.323046 8.315254 8.307240 8.302356 8.305253 8.322338 8.362348 8.437065 8.561990 8.756576 9.041094 9.417958 9.832559 10.19027 10.43876 10.58392 10.64957 10.65810 10.62713 10.56988 10.49591 10.41193 10.32256 10.23082 10.13860
2.444338 2.643505 2.858438 3.088376 3.331239 3.583353 3.838502 4.087585 4.317567 4.513062 4.664312 4.794970 4.953372 5.154407 5.385626 5.631753 5.880582 6.123554 6.355030 6.571597 6.771461 6.953929 7.119062 7.267361 7.399617 7.516729 7.619670 7.709363 7.786721 7.852564 7.907680 7.952764 7.988492 8.015498 8.034441 8.046005 8.051006 8.050428 8.045564 8.038133 8.030515 8.025995 8.029144 8.046272 8.086028 8.160112 8.283971 8.477073 8.759789 9.134720 9.547506 9.903768 10.15138 10.29639 10.36261 10.37235 10.34317 10.28810 10.21659 10.13524 10.04857 9.959545 9.870009
2.382555 2.574664 2.781850 3.003361 3.237153 3.479620 3.724658 3.963293 4.182632 4.367403 4.507923 4.627866 4.775562 4.965933 5.186616 5.422453 5.661384 5.894975 6.117692 6.326187 6.518695 6.694529 6.853731 6.996773 7.124402 7.237474 7.336913 7.423605 7.498413 7.562127 7.615492 7.659176 7.693830 7.720050 7.738474 7.749760 7.754688 7.754204 7.749554 7.742402 7.735045 7.730675 7.733737 7.750398 7.789148 7.861530 7.982886 8.172662 8.451360 8.821870 9.230285 9.582718 9.827445 9.970710 10.03636 10.04659 10.01874 9.965653 9.896544 9.817863 9.733997 9.647817 9.561111
2.317183 2.501747 2.700649 2.913153 3.137273 3.369513 3.603925 3.831739 4.040265 4.214366 4.344387 4.453895 4.591091 4.770813 4.980744 5.205892 5.434399 5.658028 5.871395 6.071255 6.255895 6.424635 6.577503 6.714937 6.837639 6.946418 7.042142 7.125647 7.197759 7.259217 7.310733 7.352938 7.386449 7.411838 7.429703 7.440671 7.445489 7.445057 7.440559 7.433583 7.426322 7.421832 7.424379 7.439912 7.476660 7.545890 7.662700 7.846432 8.117727 8.479972 8.880040 9.224928 9.463624 9.602738 9.666121 9.675738 9.648569 9.597107 9.530260 9.454237 9.373240 9.290012 9.206267
2.248607 2.425196 2.615343 2.818342 3.032298 3.253876 3.477383 3.694368 3.892473 4.056791 4.177621 4.278163 4.406099 4.575961 4.775451 4.989838 5.207606 5.420832 5.624361 5.815100 5.991416 6.152657 6.298832 6.430347 6.547858 6.652114 6.743935 6.824097 6.893378 6.952473 7.002050 7.042703 7.075015 7.099521 7.116790 7.127410 7.132083 7.131652 7.127236 7.120320 7.112968 7.108052 7.109593 7.123217 7.156741 7.220957 7.330482 7.504321 7.763165 8.111115 8.496469 8.827936 9.055826 9.187291 9.246051 9.253561 9.226203 9.175899 9.111104 9.037677 8.959579 8.879389 8.798713
2.177272 2.345525 2.526523 2.719616 2.923036 3.133691 3.346267 3.552843 3.741670 3.898309 4.012963 4.107882 4.229422 4.391325 4.581350 4.785293 4.992242 5.194775 5.388092 5.569318 5.736934 5.890329 6.029509 6.154844 6.266937 6.366481 6.454235 6.530921 6.597260 6.653899 6.701462 6.740503 6.771564 6.795149 6.811788 6.822027 6.826519 6.826046 6.821640 6.814671 6.807040 6.801385 6.801403 6.812272 6.841208 6.898232 6.997056 7.155839 7.394943 7.719409 8.080122 8.389152 8.599255 8.718284 8.769394 8.772993 8.744414 8.694724 8.631721 8.560802 8.485611 8.408518 8.330997
2.103677 2.263310 2.434858 2.617743 2.810374 3.009990 3.211825 3.408788 3.590245 3.742881 3.857069 3.952928 4.073411 4.230632 4.412831 4.606975 4.803218 4.994911 5.177754 5.349171 5.507795 5.653078 5.785025 5.903971 6.010468 6.105151 6.188709 6.261813 6.325118 6.379229 6.424716 6.462096 6.491868 6.514500 6.530478 6.540310 6.544591 6.544037 6.539580 6.532460 6.524381 6.517703 6.515724 6.523040 6.546048 6.593622 6.677951 6.815378 7.024795 7.311899 7.632320 7.905219 8.087894 8.188553 8.228580 8.226349 8.195507 8.145885 8.084418 8.015913 7.943622 7.869664 7.795363
2.028360 2.179173 2.341066 2.513541 2.695231 2.883779 3.075144 3.263390 3.439720 3.593211 3.715737 3.823309 3.950743 4.107490 4.283755 4.468833 4.654564 4.835360 5.007568 5.168978 5.318412 5.455394 5.579942 5.692355 5.793131 5.882842 5.962118 6.031559 6.091769 6.143297 6.186665 6.222346 6.250799 6.272453 6.287752 6.297158 6.301207 6.300542 6.295990 6.288644 6.279996 6.272088 6.267754 6.270905 6.286918 6.323154 6.389569 6.499306 6.667410 6.898351 7.155919 7.374044 7.517922 7.594169 7.619985 7.610287 7.576334 7.526351 7.466221 7.400054 7.330656 7.259867 7.188836
1.951882 2.093766 2.245894 2.407848 2.578524 2.755985 2.937042 3.117095 3.289749 3.447647 3.586277 3.715826 3.857028 4.016284 4.187809 4.364254 4.539585 4.709457 4.870946 5.022246 5.162382 5.290968 5.408025 5.513825 5.608809 5.693492 5.768428 5.834166 5.891242 5.940154 5.981375 6.015337 6.042451 6.063113 6.077719 6.086687 6.090493 6.089702 6.085036 6.077431 6.068156 6.058921 6.052063 6.050748 6.059230 6.083147 6.129768 6.207974 6.326574 6.485768 6.660484 6.808331 6.905360 6.953507 6.963374 6.945356 6.907867 6.857322 6.798437 6.734581 6.668083 6.600487 6.532759
1.874818 2.007758 2.150104 2.301520 2.461153 2.627485 2.798143 2.969815 3.138345 3.299591 3.451954 3.600295 3.753197 3.914074 4.080486 4.248139 4.412995 4.571907 4.722657 4.863833 4.994662 5.114839 5.224393 5.323570 5.412751 5.492392 5.562977 5.624998 5.678927 5.725214 5.764278 5.796511 5.822281 5.841944 5.855852 5.864381 5.867942 5.867029 5.862254 5.854403 5.844521 5.833990 5.824659 5.818966 5.820068 5.831934 5.859272 5.907006 5.978435 6.070512 6.168412 6.250593 6.303075 6.324148 6.318547 6.292456 6.251567 6.200537 6.142948 6.081437 6.017865 5.953482 5.889077
1.797732 1.921805 2.054447 2.195401 2.344020 2.499164 2.659117 2.821602 2.983997 3.143980 3.300716 3.455826 3.612102 3.770675 3.930293 4.088479 4.242629 4.390545 4.530602 4.661733 4.783336 4.895183 4.997303 5.089910 5.173333 5.247963 5.314227 5.372551 5.423349 5.467020 5.503935 5.534444 5.558874 5.577540 5.590756 5.598850 5.602179 5.601163 5.596310 5.588268 5.577870 5.566201 5.554664 5.545047 5.539564 5.540805 5.551525 5.574018 5.608840 5.652776 5.697667 5.733043 5.751355 5.750381 5.731783 5.698882 5.655250 5.604081 5.547969 5.488896 5.428293 5.367142 5.306065
1.721170 1.836541 1.959651 2.090310 2.228031 2.371965 2.520880 2.673194 2.827169 2.981280 3.134691 3.287462 3.440010 3.592227 3.743099 3.891006 4.034198 4.171137 4.300635 4.421891 4.534446 4.638122 4.732947 4.819103 4.896866 4.966569 5.028575 5.083251 5.130960 5.172046 5.206837 5.235640 5.258743 5.276424 5.288961 5.296634 5.299750 5.298662 5.293786 5.285644 5.274882 5.262328 5.249011 5.236193 5.225353 5.218092 5.215909 5.219735 5.229236 5.242059 5.253783 5.259216 5.254363 5.237594 5.209408 5.171542 5.126164 5.075387 5.021026 4.964519 4.906939 4.849029 4.791271
1.645641 1.752554 1.866399 1.987030 2.114074 2.246892 2.384573 2.525973 2.669831 2.814958 2.960427 3.105630 3.250098 3.393159 3.533818 3.670839 3.802956 3.929045 4.048222 4.159874 4.263644 4.359387 4.447128 4.527009 4.599260 4.664156 4.722003 4.773111 4.817794 4.856345 4.889053 4.916179 4.937980 4.954698 4.966571 4.973843 4.976774 4.975655 4.970825 4.962693 4.951758 4.938630 4.924049 4.908880 4.894080 4.880609 4.869254 4.860351 4.853447 4.847072 4.838835 4.826059 4.806655 4.779665 4.745254 4.704377 4.658357 4.608572 4.556268 4.502468 4.447957 4.393290 4.338821
1.571602 1.670372 1.775302 1.886270 2.002979 2.124930 2.251424 2.381582 2.514412 2.648911 2.784142 2.919264 3.053462 3.185874 3.315542 3.441440 3.562580 3.678095 3.787300 3.889712 3.985040 4.073161 4.154085 4.227920 4.294847 4.355095 4.408912 4.456559 4.498298 4.534383 4.565057 4.590550 4.611081 4.626861 4.638096 4.644991 4.647768 4.646664 4.641953 4.633953 4.623044 4.609670 4.594355 4.577683 4.560267 4.542681 4.525343 4.508366 4.491405 4.473594 4.453668 4.430284 4.402385 4.369470 4.331648 4.289499 4.243856 4.195630 4.145673 4.094707 4.043297 3.991848 3.940623
1.499448 1.590455 1.686890 1.788647 1.895476 2.006973 2.122574 2.241569 2.363141 2.486412 2.610491 2.734495 2.857561 2.978800 3.097313 3.212220 3.322706 3.428072 3.527763 3.621381 3.708679 3.789543 3.863966 3.932025 3.993858 4.049643 4.099585 4.143896 4.182795 4.216495 4.245201 4.269112 4.288413 4.303287 4.313909 4.320454 4.323108 4.322067 4.317546 4.309797 4.299102 4.285790 4.270228 4.252811 4.233939 4.213964 4.193124 4.171473 4.148808 4.124676 4.098435 4.069417 4.037124 4.001362 3.962260 3.920214 3.875784 3.829585 3.782209 3.734164 3.685859 3.637586 3.589537
1.429510 1.513175 1.601593 1.694661 1.792159 1.893748 1.998956 2.107189 2.217756 2.329890 2.442786 2.555614 2.667536 2.777722 2.885366 2.989704 3.090049 3.185815 3.276535 3.361871 3.441603 3.515618 3.583894 3.646478 3.703470 3.755007 3.801249 3.842368 3.878543 3.909951 3.936765 3.959152 3.977269 3.991272 4.001310 4.007534 4.010096 4.009156 4.004891 3.997494 3.987181 3.974195 3.958795 3.941259 3.921852 3.900807 3.878282 3.854326 3.828851 3.801646 3.772418 3.740894 3.706888 3.670369 3.631487 3.590545 3.547942 3.504112 3.459474 3.414392 3.369162 3.323996 3.279035
1.362045 1.438825 1.519739 1.604686 1.693469 1.785791 1.881249 1.979336 2.079459 2.180952 2.283099 2.385156 2.486378 2.586019 2.683367 2.777760 2.868607 2.955407 3.037762 3.115371 3.188035 3.255640 3.318148 3.375581 3.428006 3.475523 3.518255 3.556340 3.589919 3.619140 3.644143 3.665069 3.682052 3.695224 3.704710 3.710636 3.713132 3.712329 3.708371 3.701409 3.691611 3.679157 3.664242 3.647062 3.627807 3.606645 3.583699 3.559032 3.532642 3.504468 3.474416 3.442400 3.408398 3.372479 3.334810 3.295641 3.255273 3.214025 3.172202 3.130073 3.087856 3.045706 3.003725
1.297248 1.367612 1.441556 1.518977 1.599694 1.683444 1.769876 1.858556 1.948970 2.040546 2.132665 2.224674 2.315915 2.405738 2.493526 2.578708 2.660775 2.739295 2.813920 2.884380 2.950492 3.012141 3.069273 3.121892 3.170034 3.213771 3.253197 3.288412 3.319532 3.346674 3.369955 3.389491 3.405393 3.417771 3.426734 3.432387 3.434839 3.434200 3.430584 3.424117 3.414929 3.403162 3.388960 3.372476 3.353853 3.333225 3.310699 3.286354 3.260236 3.232365 3.202756 3.171442 3.138488 3.104005 3.068161 3.031169 2.993267 2.954701 2.915702 2.876472 2.837173 2.797925 2.758803
1.235246 1.299668 1.367178 1.437672 1.510982 1.586874 1.665039 1.745100 1.826618 1.909099 1.992006 2.074779 2.156857 2.237681 2.316716 2.393470 2.467505 2.538445 2.605982 2.669876 2.729954 2.786101 2.838255 2.886399 2.930550 2.970754 3.007076 3.039594 3.068396 3.093575 3.115224 3.133440 3.148315 3.159943 3.168411 3.173813 3.176236 3.175775 3.172527 3.166591 3.158075 3.147091 3.133756 3.118192 3.100513 3.080835 3.059259 3.035875 3.010757 2.983980 2.955610 2.925726 2.894430 2.861861 2.828179 2.793571 2.758233 2.722360 2.686132 2.649706 2.613209 2.576734 2.540335
1.176110 1.235058 1.296660 1.360814 1.427365 1.496101 1.566751 1.638989 1.712436 1.786669 1.861232 1.935646 2.009426 2.082092 2.153192 2.222302 2.289045 2.353093 2.414175 2.472073 2.526624 2.577717 2.625283 2.669290 2.709741 2.746656 2.780083 2.810076 2.836702 2.860034 2.880146 2.897115 2.911019 2.921934 2.929937 2.935104 2.937511 2.937237 2.934364 2.928976 2.921162 2.911016 2.898634 2.884118 2.867568 2.849086 2.828768 2.806710 2.783000 2.757729 2.730992 2.702901 2.673576 2.643153 2.611782 2.579627 2.546851 2.513613 2.480061 2.446318 2.412486 2.378639 2.344822
1.119863 1.173787 1.229988 1.288366 1.348777 1.411031 1.474890 1.540070 1.606245 1.673052 1.740101 1.806983 1.873292 1.938619 2.002575 2.064797 2.124959 2.182775 2.238003 2.290451 2.339965 2.386436 2.429792 2.469992 2.507023 2.540893 2.571629 2.599269 2.623862 2.645463 2.664130 2.679927 2.692914 2.703158 2.710721 2.715667 2.718064 2.717977 2.715477 2.710635 2.703529 2.694237 2.682844 2.669436 2.654104 2.636941 2.618037 2.597490 2.575394 2.551852 2.526970 2.500856 2.473632 2.445432 2.416395 2.386665 2.356381 2.325677 2.294673 2.263472 2.232157 2.200788 2.169404
1.066486 1.115816 1.167096 1.220229 1.275083 1.331488 1.389233 1.448073 1.507726 1.567883 1.628212 1.688367 1.747996 1.806753 1.864308 1.920349 1.974595 2.026797 2.076741 2.124253 2.169191 2.211450 2.250957 2.287665 2.321550 2.352609 2.380853 2.406308 2.429008 2.448993 2.466309 2.481004 2.493130 2.502741 2.509888 2.514627 2.517015 2.517109 2.514970 2.510660 2.504247 2.495800 2.485392 2.473102 2.459010 2.443202 2.425766 2.406793 2.386380 2.364623 2.341630 2.317515 2.292397 2.266395 2.239636 2.212244 2.184339 2.156035 2.127434 2.098621 2.069667 2.040622 2.011521
1.015929 1.061067 1.107874 1.156257 1.206095 1.257235 1.309492 1.362653 1.416475 1.470691 1.525019 1.579163 1.632829 1.685722 1.737558 1.788069 1.837013 1.884172 1.929358 1.972412 2.013205 2.051638 2.087637 2.121151 2.152150 2.180621 2.206568 2.230000 2.250942 2.269423 2.285476 2.299142 2.310459 2.319473 2.326227 2.330769 2.333147 2.333411 2.331614 2.327813 2.322064 2.314431 2.304979 2.293779 2.280905 2.266435 2.250453 2.233044 2.214301 2.194323 2.173208 2.151059 2.127984 2.104097 2.079509 2.054331 2.028667 2.002615 1.976260 1.949678 1.922927 1.896053 1.869086
