T6-multimodels/model120.grd
DSAA
         100         100
  -15.00000       15.00000    
  -15.00000       15.00000    
  0.4518927       13.55892    
[rows 56 to 83 of 100, columns 0 to 62 of 100]
2.872249 3.104247 3.354957 3.623634 3.908134 4.204625 4.506640 4.804740 5.085488 5.333058 5.537251 5.721278 5.933041 6.186995 6.470253 6.767125 7.065028 7.355106 7.631517 7.890741 8.130981 8.351624 8.552870 8.735427 8.900321 9.048713 9.181852 9.300954 9.407214 9.501751 9.585621 9.659807 9.725245 9.782805 9.833360 9.877767 9.916928 9.951830 9.983615 10.01364 10.04362 10.07578 10.11310 10.15967 10.22124 10.30606 10.42624 10.59981 10.85223 11.20731 11.64741 12.09547 12.47671 12.76193 12.94947 13.04740 13.06774 13.02414 12.93048 12.79981 12.64363 12.47149 12.29088
2.836087 3.064348 3.311005 3.575315 3.855141 4.146668 4.443454 4.736095 5.011199 5.252988 5.451325 5.629477 5.835401 6.083607 6.361275 6.652753 6.945507 7.230715 7.502553 7.757522 7.993831 8.210859 8.408810 8.588375 8.750566 8.896527 9.027490 9.144648 9.249181 9.342186 9.424707 9.497706 9.562102 9.618758 9.668526 9.712248 9.750826 9.785226 9.816579 9.846238 9.875906 9.907802 9.944897 9.991283 10.05270 10.13741 10.25753 10.43111 10.68361 11.03890 11.47935 11.92796 12.30999 12.59625 12.78512 12.88469 12.90694 12.86551 12.77425 12.64617 12.49272 12.32339 12.14564
2.795101 3.019067 3.261056 3.520325 3.794745 4.080520 4.371239 4.657540 4.926079 5.161143 5.352654 5.523952 5.723072 5.964596 6.235758 6.520975 6.807755 7.087318 7.353870 7.603927 7.835706 8.048587 8.242758 8.418898 8.578003 8.721198 8.849684 8.964638 9.067214 9.158485 9.239480 9.311137 9.374357 9.429987 9.478860 9.521805 9.559709 9.593523 9.624369 9.653580 9.682849 9.714386 9.751149 9.797220 9.858335 9.942759 10.06262 10.23597 10.48832 10.84356 11.28415 11.73310 12.11573 12.40292 12.59309 12.69432 12.71862 12.67958 12.59103 12.46589 12.31557 12.14949 11.97504
2.749334 2.968438 3.205130 3.458665 3.726924 4.006134 4.289920 4.568969 4.829999 5.057367 5.241076 5.404548 5.595889 5.829762 6.093484 6.371536 6.651492 6.924614 7.185140 7.429613 7.656250 7.864430 8.054337 8.226621 8.382257 8.522342 8.648059 8.760547 8.860938 8.950281 9.029575 9.099736 9.161649 9.216130 9.264006 9.306076 9.343217 9.376361 9.406610 9.435280 9.464052 9.495107 9.531398 9.576982 9.637584 9.721464 9.840749 10.01352 10.26531 10.62006 11.06030 11.50913 11.89198 12.17980 12.37106 12.47388 12.50027 12.46379 12.37819 12.25634 12.10955 11.94715 11.77648
2.698865 2.912534 3.143290 3.390388 3.651720 3.923539 4.199514 4.470393 4.722965 4.941668 5.116588 5.271233 5.453810 5.679070 5.934409 6.204391 6.476656 6.742525 6.996277 7.234478 7.455357 7.658287 7.843430 8.011425 8.163210 8.299857 8.422508 8.532280 8.630263 8.717484 8.794909 8.863429 8.923901 8.977122 9.023891 9.064998 9.101283 9.133665 9.163222 9.191249 9.219399 9.249831 9.285467 9.330335 9.390138 9.473116 9.591386 9.763040 10.01365 10.36724 10.80643 11.25445 11.63685 11.92472 12.11663 12.22077 12.24914 12.21527 12.13283 12.01458 11.87172 11.71345 11.54701
2.643815 2.851476 3.075662 3.315621 3.569261 3.832873 4.100179 4.362000 4.605211 4.814342 4.979574 5.124506 5.297421 5.513162 5.759220 6.020249 6.283974 6.541786 6.788022 7.019268 7.233769 7.430896 7.610795 7.774070 7.921631 8.054513 8.173816 8.280622 8.375987 8.460897 8.536291 8.603026 8.661932 8.713783 8.759349 8.799391 8.834729 8.866257 8.895021 8.922293 8.949682 8.979319 9.014074 9.057940 9.116567 9.198153 9.314786 9.484556 9.733068 10.08443 10.52139 10.96741 11.34825 11.63519 11.82697 11.93187 11.96192 11.93057 11.85140 11.73701 11.59844 11.44475 11.28302
2.584344 2.785445 3.002439 3.234578 3.479791 3.734415 3.992252 4.244211 4.477276 4.676077 4.830881 4.965355 5.127865 5.333324 5.569312 5.820587 6.074980 6.323968 6.561959 6.785585 6.993112 7.183899 7.358076 7.516219 7.659195 7.787996 7.903683 8.007287 8.099830 8.182255 8.255462 8.320281 8.377503 8.427876 8.472140 8.511026 8.545330 8.575906 8.603775 8.630163 8.656642 8.685281 8.718892 8.761397 8.818368 8.897920 9.012074 9.178880 9.423966 9.771545 10.20459 10.64682 11.02434 11.30879 11.49915 11.60387 11.63499 11.60589 11.52996 11.41963 11.28568 11.13698 10.98044
2.520674 2.714685 2.923900 3.147575 3.383677 3.628612 3.876288 4.117748 4.340113 4.528128 4.672129 4.795814 4.947533 5.142235 5.367582 5.608454 5.852818 6.092286 6.321359 6.536740 6.736718 6.920655 7.088664 7.241280 7.379332 7.503757 7.615570 7.715754 7.805285 7.885056 7.955940 8.018714 8.074147 8.122941 8.165812 8.203456 8.236634 8.266168 8.293035 8.318409 8.343804 8.371223 8.403390 8.444111 8.498835 8.575537 8.686094 8.848454 9.088208 9.429683 9.856142 10.29179 10.66330 10.94283 11.12980 11.23284 11.26404 11.23663 11.16378 11.05758 10.92854 10.78523 10.63432
2.453079 2.639514 2.840410 3.055041 3.281429 3.516090 3.753091 3.983675 4.195164 4.372445 4.505872 4.619042 4.760173 4.944127 5.158615 5.388677 5.622484 5.851842 6.071403 6.277965 6.469870 6.646489 6.807911 6.954639 7.087450 7.207228 7.314937 7.411502 7.497847 7.574821 7.643246 7.703866 7.757405 7.804532 7.845925 7.882247 7.914218 7.942619 7.968373 7.992603 8.016746 8.042706 8.073088 8.111547 8.163328 8.236176 8.341703 8.497609 8.729354 9.061361 9.477329 9.902216 10.26363 10.53464 10.71526 10.81446 10.84428 10.81773 10.74757 10.64549 10.52156 10.38399 10.23914
2.381895 2.560322 2.752426 2.957511 3.173690 3.397644 3.623688 3.843384 4.044391 4.211818 4.335980 4.440098 4.571875 4.745865 4.949800 5.168976 5.391908 5.610704 5.820257 6.017510 6.200880 6.369763 6.524230 6.664747 6.792039 6.906934 7.010332 7.103099 7.186105 7.260151 7.326005 7.384370 7.435927 7.481307 7.521147 7.556073 7.586762 7.613945 7.638490 7.661448 7.684165 7.708428 7.736678 7.772356 7.820419 7.888236 7.986956 8.133777 8.353765 8.671310 9.070772 9.478460 9.823668 10.08089 10.25107 10.34344 10.36992 10.34307 10.27506 10.17696 10.05828 9.926737 9.788317
2.307520 2.477576 2.660493 2.855631 3.061229 3.274208 3.489267 3.698495 3.890157 4.049834 4.167740 4.266148 4.391432 4.557360 4.751712 4.960312 5.172280 5.380227 5.579389 5.766933 5.941383 6.102178 6.249379 6.383413 6.504952 6.614759 6.713667 6.802488 6.882029 6.953032 7.016220 7.072244 7.121747 7.165311 7.203536 7.237005 7.266344 7.292238 7.315486 7.337055 7.358192 7.380530 7.406312 7.438691 7.482232 7.543732 7.633572 7.767982 7.971062 8.266827 8.640627 9.021349 9.341374 9.577536 9.731865 9.813708 9.834472 9.805925 9.739369 9.645024 9.531654 9.406378 9.274709
2.230426 2.391826 2.565254 2.750141 2.944904 3.146792 3.351053 3.550606 3.734832 3.890429 4.007788 4.107047 4.231174 4.392309 4.578716 4.777383 4.978496 5.175440 5.363946 5.541479 5.706713 5.859144 5.998835 6.126170 6.241768 6.346326 6.440609 6.525365 6.601335 6.669209 6.729652 6.783269 6.830652 6.872349 6.908907 6.940866 6.968807 6.993351 7.015229 7.035320 7.054743 7.074965 7.097987 7.126612 7.164881 7.218805 7.297576 7.415693 7.595076 7.858220 8.192040 8.530862 8.813092 9.018918 9.151088 9.218325 9.230870 9.199204 9.133389 9.042536 8.934492 8.815649 8.690978
2.151186 2.303729 2.467460 2.641892 2.825667 3.016435 3.210167 3.400940 3.579969 3.736345 3.861958 3.972836 4.103813 4.264362 4.444708 4.634176 4.824626 5.010504 5.188189 5.355507 5.511322 5.655199 5.787204 5.907690 6.017213 6.116406 6.205966 6.286569 6.358896 6.423575 6.481216 6.532377 6.577600 6.617386 6.652241 6.682655 6.709158 6.732311 6.752770 6.771316 6.788933 6.806903 6.826957 6.851488 6.883913 6.929246 6.995049 7.093081 7.240977 7.456872 7.729904 8.006176 8.235343 8.401086 8.505142 8.554187 8.556414 8.520464 8.454806 8.367228 8.264503 8.152209 8.034710
2.070527 2.214103 2.368028 2.531893 2.704603 2.884230 3.067595 3.250109 3.425390 3.586096 3.727729 3.860488 4.005130 4.168073 4.343554 4.524247 4.704144 4.878927 5.045703 5.202701 5.348984 5.484206 5.608430 5.721984 5.825356 5.919121 6.003898 6.080299 6.148936 6.210381 6.265185 6.313859 6.356891 6.394742 6.427871 6.456720 6.481762 6.503503 6.522518 6.539486 6.555255 6.570910 6.587896 6.608171 6.634474 6.670700 6.722510 6.798190 6.909145 7.065575 7.259148 7.455446 7.620489 7.740043 7.812585 7.841509 7.832329 7.791509 7.725725 7.641318 7.543919 7.438232 7.327996
1.989330 2.123921 2.268023 2.421304 2.582920 2.751362 2.924268 3.098335 3.269420 3.433394 3.588671 3.740128 3.896363 4.060812 4.231050 4.402808 4.572075 4.735724 4.891569 5.038233 5.174972 5.301523 5.417955 5.524559 5.621768 5.710087 5.790064 5.862248 5.927180 5.985377 6.037331 6.083504 6.124337 6.160244 6.191638 6.218915 6.242494 6.262821 6.280391 6.295787 6.309719 6.323076 6.337020 6.353086 6.373343 6.400607 6.438703 6.492654 6.568228 6.668828 6.788596 6.910113 7.014204 7.089257 7.131215 7.140551 7.120274 7.074759 7.008952 6.927773 6.835727 6.736669 6.633702
1.908420 2.034107 2.168460 2.311230 2.461782 2.618980 2.781119 2.945932 3.110808 3.273437 3.432999 3.591126 3.750630 3.912656 4.075971 4.238121 4.396521 4.549000 4.693961 4.830363 4.957642 5.075597 5.184302 5.284011 5.375098 5.458005 5.533212 5.601197 5.662440 5.717399 5.766512 5.810191 5.848829 5.882800 5.912464 5.938179 5.960308 5.979238 5.995393 6.009257 6.021412 6.032567 6.043622 6.055724 6.070355 6.089413 6.115257 6.150590 6.197824 6.257431 6.325521 6.393352 6.450621 6.489404 6.505524 6.498036 6.468264 6.418954 6.353587 6.275839 6.189199 6.096735 6.000967
1.828451 1.945393 2.070171 2.202600 2.342199 2.488131 2.639168 2.793742 2.950126 3.106800 3.262948 3.418639 3.574306 3.729856 3.884297 4.036022 4.183307 4.324633 4.458841 4.585155 4.703146 4.812667 4.913785 5.006719 5.091784 5.169362 5.239861 5.303702 5.361299 5.413055 5.459357 5.500567 5.537034 5.569087 5.597044 5.621217 5.641926 5.659497 5.674285 5.686690 5.697176 5.706291 5.714707 5.723248 5.732923 5.744928 5.760620 5.781307 5.807812 5.839664 5.874289 5.906968 5.932018 5.944461 5.941106 5.920749 5.883859 5.832108 5.767883 5.693861 5.612679 5.526723 5.438004
1.749931 1.858374 1.973842 2.096194 2.225064 2.359821 2.499563 2.643154 2.789344 2.936954 3.085069 3.233094 3.380572 3.526850 3.670944 3.811641 3.947690 4.077992 4.201685 4.318181 4.427149 4.528477 4.622219 4.708556 4.787750 4.860121 4.926018 4.985798 5.039820 5.088432 5.131970 5.170753 5.205085 5.235253 5.261537 5.284208 5.303537 5.319802 5.333296 5.344340 5.353295 5.360579 5.366674 5.372152 5.377663 5.383927 5.391659 5.401423 5.413358 5.426820 5.440078 5.450347 5.454337 5.449026 5.432271 5.403091 5.361629 5.308926 5.246614 5.176620 5.100914 5.021326 4.939431
1.673280 1.773540 1.880048 1.992688 2.111169 2.235003 2.363494 2.495774 2.630861 2.767759 2.905547 3.043391 3.180491 3.316001 3.448974 3.578404 3.703319 3.822872 3.936400 4.043444 4.143735 4.237181 4.323817 4.403787 4.477306 4.544635 4.606065 4.661897 4.712436 4.757983 4.798823 4.835236 4.867483 4.895813 4.920471 4.941685 4.959688 4.974713 4.986995 4.996794 5.004383 5.010070 5.014197 5.017140 5.019304 5.021092 5.022851 5.024759 5.026690 5.028034 5.027603 5.023706 5.014382 4.997786 4.972562 4.938041 4.894287 4.841989 4.782284 4.716567 4.646299 4.572874 4.497517
1.598846 1.691300 1.789268 1.892648 2.001197 2.114517 2.232052 2.353100 2.476853 2.602443 2.728987 2.855615 2.981476 3.105693 3.227381 3.345677 3.459781 3.569012 3.672836 3.770875 3.862905 3.948835 4.028688 4.102567 4.170642 4.233124 4.290250 4.342271 4.389444 4.432019 4.470245 4.504356 4.534579 4.561131 4.584214 4.604030 4.620770 4.634627 4.645794 4.654470 4.660865 4.665199 4.667707 4.668632 4.668209 4.666650 4.664091 4.660537 4.655777 4.649317 4.640344 4.627768 4.610386 4.587090 4.557057 4.519887 4.475650 4.424841 4.368279 4.306984 4.242045 4.174520 4.105362
1.526906 1.611977 1.701883 1.796523 1.895689 1.999042 2.106121 2.216339 2.329011 2.443381 2.558653 2.674008 2.788617 2.901663 3.012354 3.119940 3.223747 3.323207 3.417872 3.507421 3.591656 3.670487 3.743913 3.812010 3.874902 3.932758 3.985766 4.034133 4.078070 4.117786 4.153490 4.185383 4.213655 4.238492 4.260065 4.278544 4.294089 4.306859 4.317006 4.324687 4.330058 4.333275 4.334496 4.333869 4.331527 4.327565 4.322015 4.314802 4.305713 4.294359 4.280178 4.262484 4.240542 4.213675 4.181403 4.143515 4.100106 4.051559 3.998486 3.941643 3.881853 3.819921 3.756584
1.457674 1.535817 1.618174 1.704645 1.795040 1.889069 1.986335 2.086337 2.188492 2.292140 2.396574 2.501059 2.604862 2.707248 2.807516 2.905016 2.999172 3.089499 3.175613 3.257232 3.334175 3.406348 3.473734 3.536379 3.594373 3.647841 3.696935 3.741818 3.782663 3.819643 3.852931 3.882695 3.909096 3.932289 3.952421 3.969631 3.984054 3.995816 4.005043 4.011851 4.016359 4.018675 4.018904 4.017133 4.013431 4.007830 4.000308 3.990772 3.979037 3.964817 3.947732 3.927326 3.903144 3.874792 3.842007 3.804704 3.762998 3.717203 3.667787 3.615323 3.560439 3.503754 3.445842
1.391301 1.462987 1.538327 1.617223 1.699501 1.784899 1.873077 1.963603 2.055975 2.149625 2.243942 2.338285 2.432002 2.524455 2.615037 2.703189 2.788415 2.870297 2.948500 3.022771 3.092942 3.158918 3.220665 3.278201 3.331591 3.380925 3.426319 3.467900 3.505807 3.540183 3.571167 3.598901 3.623517 3.645144 3.663906 3.679917 3.693290 3.704126 3.712525 3.718577 3.722369 3.723976 3.723467 3.720892 3.716280 3.709635 3.700912 3.690023 3.676818 3.661086 3.642569 3.620987 3.596067 3.567582 3.535397 3.499505 3.460035 3.417246 3.371509 3.323267 3.273005 3.221200 3.168307
1.327882 1.393584 1.462446 1.534366 1.609183 1.686666 1.766515 1.848356 1.931758 2.016232 2.101252 2.186264 2.270714 2.354055 2.435760 2.515350 2.592396 2.666537 2.737476 2.804987 2.868911 2.929151 2.985661 3.038442 3.087528 3.132986 3.174900 3.213367 3.248499 3.280407 3.309206 3.335010 3.357931 3.378073 3.395539 3.410424 3.422819 3.432806 3.440465 3.445866 3.449070 3.450135 3.449099 3.445995 3.440830 3.433592 3.424237 3.412689 3.398835 3.382530 3.363607 3.341882 3.317193 3.289421 3.258521 3.224527 3.187569 3.147870 3.105727 3.061489 3.015534 2.968240 2.919961
1.267459 1.327646 1.390555 1.456088 1.524093 1.594364 1.666636 1.740587 1.815846 1.891994 1.968584 2.045143 2.121194 2.196267 2.269917 2.341732 2.411342 2.478433 2.542744 2.604070 2.662262 2.717222 2.768895 2.817266 2.862351 2.904191 2.942848 2.978394 3.010913 3.040494 3.067230 3.091210 3.112526 3.131266 3.147511 3.161342 3.172829 3.182042 3.189042 3.193883 3.196612 3.197268 3.195880 3.192462 3.187016 3.179522 3.169945 3.158223 3.144275 3.128000 3.109289 3.088041 3.064170 3.037621 3.008392 2.976544 2.942202 2.905556 2.866849 2.826360 2.784388 2.741234 2.697180
1.210033 1.265156 1.322620 1.382328 1.444142 1.507875 1.573295 1.640123 1.708037 1.776683 1.845674 1.914611 1.983092 2.050718 2.117106 2.181904 2.244793 2.305499 2.363791 2.419483 2.472438 2.522557 2.569781 2.614082 2.655461 2.693941 2.729561 2.762375 2.792446 2.819842 2.844635 2.866899 2.886704 2.904123 2.919223 2.932068 2.942716 2.951222 2.957635 2.961998 2.964346 2.964708 2.963101 2.959536 2.954010 2.946505 2.936993 2.925430 2.911762 2.895925 2.877856 2.857492 2.834792 2.809745 2.782379 2.752766 2.721024 2.687316 2.651843 2.614830 2.576518 2.537147 2.496945
1.155566 1.206054 1.258553 1.312969 1.369175 1.427004 1.486251 1.546675 1.607998 1.669917 1.732106 1.794227 1.855931 1.916881 1.976753 2.035245 2.092083 2.147027 2.199872 2.250453 2.298639 2.344337 2.387482 2.428040 2.465998 2.501365 2.534166 2.564436 2.592220 2.617571 2.640544 2.661195 2.679583 2.695764 2.709791 2.721718 2.731591 2.739453 2.745345 2.749299 2.751343 2.751498 2.749779 2.746191 2.740730 2.733386 2.724136 2.712952 2.699799 2.684637 2.667430 2.648155 2.626804 2.603388 2.577947 2.550557 2.521326 2.490395 2.457930 2.424117 2.389151 2.353226 2.316528
1.103994 1.150250 1.198232 1.247852 1.298992 1.351502 1.405203 1.459883 1.515307 1.571212 1.627319 1.683342 1.738989 1.793972 1.848014 1.900856 1.952260 2.002018 2.049948 2.095902 2.139759 2.181428 2.220845 2.257969 2.292780 2.325274 2.355464 2.383372 2.409029 2.432472 2.453743 2.472887 2.489947 2.504969 2.517996 2.529069 2.538225 2.545502 2.550929 2.554533 2.556337 2.556356 2.554602 2.551080 2.545788 2.538719 2.529861 2.519195 2.506703 2.492366 2.476172 2.458110 2.438188 2.416435 2.392899 2.367656 2.340803 2.312463 2.282774 2.251890 2.219972 2.187178 2.153661
