T6-multimodels/model60.grd
DSAA
         100         100
  -15.00000       15.00000    
  -15.00000       15.00000    
  0.2908214       10.89256    
[rows 28 to 55 of 100, columns 0 to 62 of 100]
1.745999 1.876354 2.015940 2.164404 2.320881 2.483831 2.650864 2.818648 2.983002 3.139762 3.287296 3.430438 3.577734 3.732562 3.892439 4.053028 4.210239 4.360867 4.502635 4.634062 4.754303 4.862970 4.960004 5.045553 5.119900 5.183386 5.236388 5.279274 5.312407 5.336124 5.350753 5.356619 5.354069 5.343503 5.325412 5.300440 5.269452 5.233608 5.194467 5.154075 5.115043 5.080588 5.054502 5.040982 5.044336 5.068470 5.116192 5.188161 5.281052 5.384523 5.480948 5.554365 5.600005 5.621965 5.626350 5.618290 5.601541 5.578746 5.551733 5.521740 5.489592 5.455817 5.420727
1.818557 1.957783 2.107068 2.265981 2.433401 2.607373 2.784686 2.960718 3.129050 3.282299 3.415922 3.540072 3.675448 3.828409 3.993125 4.162201 4.329543 4.490749 4.642828 4.783898 4.912904 5.029372 5.133222 5.224624 5.303903 5.371450 5.427693 5.473046 5.507915 5.532670 5.547675 5.553281 5.549865 5.537862 5.517817 5.490447 5.456733 5.418014 5.376112 5.333457 5.293209 5.259328 5.236597 5.230488 5.246887 5.291629 5.369870 5.485092 5.636567 5.811603 5.978174 6.103677 6.181110 6.221454 6.236477 6.234541 6.221191 6.200106 6.173724 6.143663 6.110985 6.076365 6.040213
1.890487 2.038569 2.197539 2.366886 2.545224 2.730176 2.917678 3.101774 3.273639 3.422321 3.539662 3.641639 3.763027 3.913236 4.082422 4.259827 4.437231 4.608981 4.771352 4.922054 5.059821 5.184081 5.294740 5.391986 5.476189 5.547785 5.607261 5.655070 5.691666 5.717451 5.732825 5.738161 5.733873 5.720426 5.698421 5.668646 5.632205 5.590608 5.545954 5.501054 5.459624 5.426382 5.407121 5.408614 5.438382 5.504275 5.613969 5.774127 5.987333 6.239089 6.481421 6.662617 6.773372 6.832709 6.858637 6.862965 6.853095 6.833769 6.808054 6.777954 6.744772 6.709328 6.672132
1.961526 2.118355 2.286904 2.466574 2.655757 2.851672 3.049531 3.242215 3.419066 3.566736 3.675564 3.765636 3.879859 4.030302 4.205155 4.391325 4.578906 4.761179 4.933766 5.094002 5.240430 5.372391 5.489778 5.592797 5.681863 5.757462 5.820128 5.870364 5.908664 5.935464 5.951200 5.956266 5.951113 5.936235 5.912289 5.880130 5.840983 5.796526 5.749115 5.701933 5.659221 5.626406 5.610221 5.618622 5.660569 5.745601 5.883302 6.082300 6.346260 6.657453 6.957030 7.181845 7.320591 7.396748 7.432633 7.442770 7.436151 7.418466 7.393360 7.363194 7.329496 7.293233 7.255002
2.031276 2.196656 2.374578 2.564373 2.764251 2.971105 3.179591 3.381763 3.565846 3.717367 3.826492 3.915434 4.030503 4.185393 4.367810 4.563488 4.761447 4.954192 5.136841 5.306426 5.461324 5.600811 5.724771 5.833434 5.927255 6.006767 6.072554 6.125166 6.165133 6.192932 6.209019 6.213826 6.207826 6.191552 6.165704 6.131214 6.089404 6.042120 5.991948 5.942408 5.898205 5.865391 5.851491 5.865426 5.917264 6.017706 6.177383 6.405519 6.705141 7.055394 7.391716 7.645807 7.804991 7.894366 7.938457 7.953505 7.949658 7.933355 7.908714 7.878408 7.844162 7.807071 7.767807
2.099234 2.272884 2.459881 2.659501 2.869826 3.087503 3.306811 3.519272 3.712498 3.871550 3.986686 4.081067 4.202327 4.364947 4.556575 4.762413 4.970872 5.173952 5.366413 5.545059 5.708151 5.854913 5.985226 6.099345 6.197765 6.281065 6.349880 6.404793 6.446381 6.475148 6.491587 6.496148 6.489336 6.471716 6.444034 6.407283 6.362884 6.312824 6.259895 6.207907 6.161956 6.128600 6.115993 6.133780 6.192788 6.304402 6.479691 6.727774 7.050675 7.425396 7.784522 8.057415 8.230556 8.329520 8.379829 8.398688 8.396998 8.381724 8.357353 8.326797 8.291950 8.254009 8.213718
2.164881 2.346441 2.542122 2.751168 2.971573 3.199815 3.429922 3.653097 3.856613 4.025305 4.149470 4.252642 4.382964 4.555225 4.757046 4.973368 5.192258 5.405398 5.607308 5.794640 5.965564 6.119276 6.255660 6.374996 6.477822 6.564753 6.636470 6.693599 6.736745 6.766453 6.783235 6.787572 6.779993 6.761094 6.731660 6.692748 6.645858 6.593101 6.537443 6.482932 6.434979 6.400540 6.388230 6.408208 6.471792 6.590734 6.776222 7.037088 7.374551 7.764323 8.137494 8.422243 8.604536 8.710048 8.764735 8.786313 8.786130 8.771505 8.747180 8.716251 8.680737 8.641924 8.600603
2.227723 2.416766 2.620663 2.838641 3.068633 3.307013 3.547644 3.781527 3.995735 4.174955 4.309469 4.422904 4.563537 4.746235 4.958570 5.185318 5.414337 5.637106 5.847991 6.043540 6.221865 6.382142 6.524265 6.648538 6.755536 6.845914 6.920388 6.979624 7.024264 7.054873 7.071993 7.076131 7.067840 7.047743 7.016664 6.975704 6.926445 6.871097 6.812768 6.755700 6.705546 6.669559 6.656695 6.677453 6.743459 6.866663 7.058248 7.326789 7.672951 8.071673 8.453249 8.745234 8.933261 9.042978 9.100514 9.123841 9.124562 9.110215 9.085717 9.054295 9.018052 8.978339 8.935992
2.287325 2.483369 2.694947 2.921281 3.160267 3.408204 3.658851 3.903075 4.127807 4.317621 4.462720 4.586706 4.737864 4.931024 5.153670 5.390455 5.629089 5.860923 6.080215 6.283438 6.468670 6.635078 6.782567 6.911463 7.022370 7.115986 7.193057 7.254282 7.300333 7.331800 7.349257 7.353223 7.344279 7.323073 7.290461 7.247594 7.196108 7.138303 7.077401 7.017793 6.965320 6.927450 6.913379 6.933846 7.000660 7.125883 7.320672 7.593413 7.944434 8.348232 8.734639 9.030833 9.222234 9.334435 9.393628 9.417909 9.419020 9.404630 9.379765 9.347733 9.310708 9.270082 9.226719
2.343316 2.545836 2.764513 2.998566 3.245867 3.502668 3.762650 4.016585 4.251296 4.451255 4.606578 4.740796 4.902109 5.105269 5.337673 5.583865 5.831448 6.071673 6.298724 6.509026 6.700631 6.872700 7.025145 7.158325 7.272863 7.369489 7.448980 7.512064 7.559439 7.591722 7.609501 7.613328 7.603794 7.581577 7.547558 7.502929 7.449382 7.389279 7.325937 7.263863 7.209036 7.169085 7.153378 7.172809 7.239320 7.365033 7.561086 7.835749 8.189136 8.595481 8.984356 9.282729 9.475883 9.589343 9.649311 9.673935 9.675029 9.660334 9.634941 9.602215 9.564369 9.522821 9.478463
2.395392 2.603840 2.829001 3.070098 3.324986 3.589879 3.858403 4.121254 4.365172 4.574530 4.739349 4.883066 5.053805 5.266222 5.507617 5.762435 6.018193 6.266068 6.500188 6.716937 6.914352 7.091589 7.248574 7.385676 7.503548 7.602943 7.684667 7.749469 7.798078 7.831123 7.849221 7.852930 7.842874 7.819746 7.784454 7.738222 7.682784 7.620563 7.554945 7.490527 7.433392 7.391292 7.373709 7.391655 7.457157 7.582383 7.778464 8.053600 8.407793 8.815131 9.205023 9.504291 9.698122 9.811999 9.872117 9.896640 9.897412 9.882218 9.856182 9.822703 9.784013 9.741555 9.696225
2.443319 2.657129 2.888145 3.135591 3.397309 3.669486 3.945701 4.216592 4.468822 4.686684 4.860116 5.012463 5.191746 5.412534 5.662039 5.924625 6.187737 6.442490 6.682961 6.905512 7.108162 7.290064 7.451153 7.591810 7.712712 7.814629 7.898389 7.964768 8.014507 8.048262 8.066659 8.070286 8.059769 8.035830 7.999400 7.951727 7.894583 7.830434 7.762730 7.696129 7.636801 7.592580 7.573040 7.589271 7.653370 7.777536 7.972906 8.247643 8.601678 9.009010 9.398961 9.698281 9.892091 10.00583 10.06568 10.08980 10.09004 10.07422 10.04746 10.01320 9.973666 9.930320 9.884059
2.486918 2.705523 2.941763 3.194862 3.462652 3.741295 4.024335 4.302357 4.561962 4.787375 4.968444 5.128437 5.315296 5.543510 5.800206 6.069681 6.339308 6.600156 6.846267 7.073974 7.281282 7.467346 7.632102 7.775945 7.899567 8.003752 8.089352 8.157154 8.207924 8.242331 8.261013 8.264577 8.253667 8.229016 8.191579 8.142627 8.083961 8.018089 7.948500 7.879909 7.818546 7.772312 7.750846 7.765301 7.827818 7.950635 8.144893 8.418740 8.772079 9.178864 9.568357 9.867248 10.06062 10.17387 10.23319 10.25671 10.25630 10.23977 10.21227 10.17721 10.13686 10.09266 10.04552
2.526062 2.748901 2.989743 3.247809 3.520924 3.805229 4.094237 4.378491 4.644539 4.876543 5.064290 5.230971 5.424452 5.659148 5.922122 6.197606 6.472927 6.739106 6.990156 7.222384 7.433787 7.623515 7.791506 7.938168 8.064198 8.170403 8.257638 8.326715 8.378409 8.413404 8.432355 8.435878 8.424631 8.399366 8.361052 8.310978 8.250977 8.183583 8.112322 8.041950 7.978747 7.930659 7.907382 7.920109 7.981027 8.102391 8.295363 8.568088 8.920446 9.326364 9.715073 10.01324 10.20593 10.31852 10.37715 10.39998 10.39886 10.38159 10.35334 10.31752 10.27639 10.23139 10.18344
2.560669 2.787191 3.032025 3.294394 3.572110 3.861300 4.155449 4.445065 4.716649 4.954314 5.147784 5.320194 5.519351 5.759612 6.027977 6.308627 6.588846 6.859619 7.114928 7.351067 7.566015 7.758922 7.929728 8.078845 8.206981 8.314947 8.403622 8.473819 8.526328 8.561851 8.581048 8.584545 8.573018 8.547228 8.508160 8.457124 8.395969 8.327252 8.254530 8.182598 8.117764 8.068018 8.043092 8.054218 8.113609 8.233554 8.425216 8.696750 9.048037 9.452986 9.840816 10.13816 10.33007 10.44190 10.49980 10.52190 10.52006 10.50208 10.47311 10.43657 10.39470 10.34898 10.30028
2.590685 2.820356 3.068594 3.334621 3.616246 3.909576 4.208076 4.502222 4.778481 5.020922 5.219227 5.396481 5.600431 5.845385 6.118299 6.403313 6.687672 6.962334 7.221255 7.460713 7.678679 7.874296 8.047505 8.198722 8.328661 8.438147 8.528056 8.599224 8.652444 8.688423 8.707839 8.711326 8.699569 8.673340 8.633636 8.581784 8.519647 8.449807 8.375841 8.302565 8.236321 8.185133 8.158754 8.168452 8.226460 8.345089 8.535515 8.805901 9.156121 9.560079 9.946987 10.24348 10.43459 10.54567 10.60284 10.62424 10.62171 10.60306 10.57342 10.53622 10.49370 10.44732 10.39796
2.616087 2.848384 3.099459 3.368531 3.653398 3.950158 4.252256 4.550148 4.830265 5.076646 5.278931 5.460159 5.668055 5.916877 6.193546 6.482162 6.769946 7.047824 7.309738 7.551952 7.772428 7.970303 8.145517 8.298491 8.429941 8.540699 8.631649 8.703633 8.757452 8.793823 8.813432 8.816916 8.804975 8.778385 8.738157 8.685631 8.622681 8.551906 8.476899 8.402501 8.335077 8.282664 8.255050 8.263518 8.320324 8.437793 8.627118 8.896464 9.245713 9.648773 10.03485 10.33056 10.52092 10.63129 10.68779 10.70855 10.70540 10.68614 10.65592 10.61814 10.57505 10.52809 10.47816
2.636860 2.871281 3.124645 3.396169 3.683645 3.983161 4.288146 4.589035 4.872242 5.121775 5.327248 5.511672 5.722725 5.974642 6.254313 6.545814 6.836341 7.116802 7.381122 7.625549 7.848046 8.047742 8.224579 8.378972 8.511647 8.623439 8.715237 8.787885 8.842196 8.878886 8.898654 8.902143 8.890058 8.863184 8.822538 8.769470 8.705869 8.634338 8.558495 8.483190 8.414804 8.361397 8.332769 8.340222 8.396031 8.512528 8.700921 8.969379 9.317788 9.720052 10.10537 10.40038 10.59009 10.69985 10.75577 10.77597 10.77229 10.75252 10.72179 10.68352 10.63995 10.59251 10.54210
2.653008 2.889064 3.144188 3.417594 3.707072 4.008696 4.315889 4.619069 4.904635 5.156572 5.364468 5.551313 5.764771 6.019046 6.301010 6.594715 6.887336 7.169772 7.435933 7.682060 7.906109 8.107205 8.285290 8.440778 8.574399 8.686986 8.779439 8.852604 8.907295 8.944239 8.964131 8.967629 8.955437 8.928346 8.887383 8.833900 8.769797 8.697691 8.621205 8.545201 8.476074 8.421897 8.392482 8.399143 8.454168 8.569901 8.757553 9.025303 9.373042 9.774680 10.15942 10.45387 10.64305 10.75231 10.80776 10.82751 10.82340 10.80321 10.77208 10.73342 10.68947 10.64166 10.59087
2.664534 2.901749 3.158119 3.432856 3.723746 4.026859 4.335609 4.640404 4.927630 5.181260 5.390869 5.579432 5.794585 6.050521 6.334097 6.629354 6.923452 7.207280 7.474741 7.722072 7.947217 8.149302 8.328269 8.484535 8.618826 8.731982 8.824899 8.898433 8.953393 8.990518 9.010504 9.014007 9.001739 8.974497 8.933310 8.879538 8.815083 8.742568 8.665627 8.589128 8.519477 8.464751 8.434774 8.440871 8.495335 8.610516 8.797634 9.064870 9.412116 9.813282 10.19757 10.49160 10.68039 10.78928 10.84438 10.86380 10.85938 10.83889 10.80747 10.76853 10.72430 10.67621 10.62516
2.671447 2.909355 3.166466 3.441997 3.733727 4.037725 4.347402 4.653157 4.941370 5.196002 5.406622 5.596191 5.812346 6.069269 6.353804 6.649980 6.944958 7.229615 7.497849 7.745893 7.971691 8.174368 8.353862 8.510592 8.645284 8.758778 8.851975 8.925728 8.980852 9.018085 9.038127 9.041635 9.029323 9.001991 8.960671 8.906727 8.842060 8.769304 8.692092 8.615299 8.545333 8.490278 8.459968 8.465725 8.519851 8.634701 8.821494 9.088418 9.435372 9.836263 10.22030 10.51409 10.70264 10.81131 10.86619 10.88541 10.88080 10.86012 10.82853 10.78941 10.74502 10.69677 10.64555
2.673750 2.911887 3.169246 3.445040 3.737049 4.041343 4.351326 4.657398 4.945939 5.200905 5.411867 5.601781 5.818272 6.075522 6.360374 6.656857 6.952126 7.237058 7.505548 7.753830 7.979845 8.182717 8.362388 8.519272 8.654098 8.767703 8.860993 8.934819 8.989999 9.027265 9.047328 9.050838 9.038509 9.011147 8.969786 8.915783 8.851047 8.778211 8.700908 8.624018 8.553947 8.498785 8.468362 8.474007 8.528018 8.642757 8.829444 9.096265 9.443113 9.843903 10.22783 10.52153 10.71000 10.81859 10.87341 10.89256 10.88788 10.86715 10.83549 10.79632 10.75187 10.70356 10.65229
2.671446 2.909354 3.166466 3.441996 3.733726 4.037725 4.347401 4.653157 4.941368 5.196002 5.406622 5.596191 5.812346 6.069269 6.353803 6.649981 6.944958 7.229615 7.497847 7.745892 7.971692 8.174367 8.353862 8.510592 8.645284 8.758778 8.851974 8.925727 8.980851 9.018085 9.038127 9.041635 9.029324 9.001990 8.960670 8.906725 8.842061 8.769304 8.692092 8.615299 8.545332 8.490278 8.459968 8.465726 8.519850 8.634701 8.821494 9.088419 9.435370 9.836263 10.22030 10.51408 10.70264 10.81131 10.86619 10.88541 10.88080 10.86012 10.82853 10.78941 10.74502 10.69677 10.64555
2.664535 2.901749 3.158119 3.432857 3.723746 4.026859 4.335610 4.640404 4.927630 5.181260 5.390869 5.579432 5.794585 6.050521 6.334096 6.629354 6.923452 7.207280 7.474740 7.722072 7.947214 8.149301 8.328269 8.484535 8.618826 8.731980 8.824899 8.898432 8.953394 8.990518 9.010504 9.014008 9.001740 8.974497 8.933311 8.879538 8.815083 8.742569 8.665627 8.589128 8.519477 8.464750 8.434774 8.440871 8.495335 8.610516 8.797633 9.064869 9.412116 9.813282 10.19757 10.49160 10.68039 10.78928 10.84438 10.86380 10.85938 10.83889 10.80747 10.76853 10.72430 10.67621 10.62516
2.653008 2.889064 3.144187 3.417594 3.707070 4.008695 4.315888 4.619069 4.904635 5.156571 5.364468 5.551313 5.764770 6.019046 6.301008 6.594715 6.887335 7.169772 7.435930 7.682060 7.906109 8.107205 8.285289 8.440778 8.574398 8.686987 8.779439 8.852604 8.907293 8.944239 8.964131 8.967628 8.955436 8.928345 8.887381 8.833899 8.769798 8.697691 8.621203 8.545200 8.476073 8.421895 8.392481 8.399143 8.454168 8.569899 8.757553 9.025303 9.373042 9.774680 10.15942 10.45387 10.64305 10.75231 10.80776 10.82751 10.82340 10.80321 10.77208 10.73342 10.68947 10.64166 10.59087
2.636860 2.871281 3.124645 3.396170 3.683645 3.983161 4.288146 4.589035 4.872242 5.121775 5.327247 5.511672 5.722725 5.974641 6.254313 6.545815 6.836340 7.116801 7.381119 7.625549 7.848046 8.047740 8.224579 8.378972 8.511648 8.623439 8.715237 8.787886 8.842195 8.878886 8.898655 8.902143 8.890058 8.863184 8.822539 8.769471 8.705867 8.634339 8.558496 8.483190 8.414804 8.361397 8.332768 8.340223 8.396030 8.512528 8.700921 8.969379 9.317788 9.720052 10.10537 10.40038 10.59009 10.69985 10.75577 10.77597 10.77229 10.75252 10.72179 10.68352 10.63995 10.59251 10.54210
2.616086 2.848383 3.099458 3.368531 3.653398 3.950158 4.252256 4.550146 4.830265 5.076646 5.278931 5.460160 5.668055 5.916877 6.193546 6.482162 6.769946 7.047824 7.309739 7.551952 7.772427 7.970303 8.145517 8.298491 8.429941 8.540696 8.631649 8.703633 8.757452 8.793822 8.813432 8.816916 8.804975 8.778385 8.738157 8.685631 8.622680 8.551905 8.476897 8.402500 8.335076 8.282664 8.255050 8.263517 8.320325 8.437793 8.627118 8.896462 9.245711 9.648773 10.03485 10.33056 10.52092 10.63129 10.68779 10.70855 10.70540 10.68614 10.65592 10.61813 10.57504 10.52809 10.47816
2.590685 2.820355 3.068594 3.334622 3.616246 3.909576 4.208075 4.502220 4.778481 5.020922 5.219228 5.396481 5.600431 5.845384 6.118299 6.403313 6.687672 6.962333 7.221254 7.460712 7.678678 7.874295 8.047505 8.198722 8.328660 8.438147 8.528057 8.599224 8.652443 8.688422 8.707839 8.711326 8.699570 8.673339 8.633636 8.581782 8.519648 8.449807 8.375840 8.302565 8.236322 8.185133 8.158754 8.168451 8.226460 8.345089 8.535515 8.805901 9.156119 9.560079 9.946987 10.24348 10.43459 10.54567 10.60284 10.62424 10.62171 10.60306 10.57342 10.53622 10.49370 10.44732 10.39795
