T6-multimodels/model150.grd
DSAA
         100         100
  -15.00000       15.00000    
  -15.00000       15.00000    
  0.6382051       16.02345    
[rows 56 to 83 of 100, columns 0 to 62 of 100]
3.134352 3.368513 3.621514 3.892619 4.179694 4.478914 4.783827 5.085004 5.369022 5.620071 5.827967 6.015938 6.231906 6.490344 6.778389 7.080372 7.383741 7.679665 7.962333 8.228259 8.475683 8.704029 8.913546 9.104978 9.279407 9.438044 9.582196 9.713130 9.832110 9.940310 10.03885 10.12877 10.21105 10.28661 10.35634 10.42107 10.48168 10.53901 10.59400 10.64765 10.70113 10.75584 10.81351 10.87645 10.94777 11.03197 11.13585 11.27033 11.45338 11.71040 12.05446 12.46040 12.88523 13.30170 13.69798 14.06752 14.40469 14.70347 14.95782 15.16229 15.31246 15.40527 15.43920
3.097060 3.327470 3.576401 3.843122 4.125503 4.419739 4.719400 5.015095 5.293442 5.538682 5.740691 5.922754 6.132846 6.385496 6.667906 6.964449 7.262616 7.553612 7.831643 8.093247 8.336663 8.561315 8.767444 8.955783 9.127398 9.283484 9.425324 9.554172 9.671264 9.777756 9.874753 9.963268 10.04428 10.11867 10.18733 10.25107 10.31075 10.36720 10.42135 10.47418 10.52685 10.58074 10.63758 10.69965 10.77006 10.85330 10.95615 11.08953 11.27141 11.52719 11.86992 12.27450 12.69796 13.11308 13.50805 13.87641 14.21253 14.51049 14.76430 14.96855 15.11891 15.21233 15.24734
3.054705 3.280803 3.525050 3.786710 4.063663 4.352125 4.645695 4.935021 5.206776 5.445258 5.640408 5.815577 6.018825 6.264746 6.540604 6.830829 7.122964 7.408250 7.680925 7.937541 8.176344 8.396752 8.599000 8.783805 8.952212 9.105393 9.244613 9.371089 9.486048 9.590610 9.685863 9.772799 9.852372 9.925454 9.992902 10.05553 10.11416 10.16961 10.22281 10.27470 10.32643 10.37938 10.43525 10.49629 10.56562 10.64769 10.74928 10.88129 11.06168 11.31586 11.65691 12.05971 12.48133 12.89458 13.28773 13.65436 13.98894 14.28560 14.53845 14.74215 14.89243 14.98631 15.02237
3.007294 3.228511 3.467439 3.723344 3.994113 4.275985 4.562593 4.844638 5.108851 5.339604 5.526912 5.694215 5.889637 6.127860 6.396221 6.679224 6.964469 7.243242 7.509817 7.760760 7.994327 8.209936 8.407804 8.588632 8.753434 8.903361 9.039643 9.163479 9.276056 9.378472 9.471790 9.556972 9.634952 9.706578 9.772687 9.834068 9.891530 9.945882 9.997998 10.04884 10.09952 10.15138 10.20613 10.26598 10.33402 10.41468 10.51473 10.64503 10.82355 11.07567 11.41448 11.81489 12.23401 12.64471 13.03532 13.39950 13.73182 14.02651 14.27779 14.48041 14.63021 14.72428 14.76124
2.954855 3.170617 3.403588 3.653031 3.916847 4.191300 4.470069 4.743911 4.999631 5.221680 5.400156 5.558587 5.745195 5.974750 6.234671 6.509537 6.787022 7.058465 7.318180 7.562760 7.790468 8.000713 8.193701 8.370102 8.530910 8.677236 8.810277 8.931202 9.041160 9.141220 9.232412 9.315672 9.391909 9.461939 9.526584 9.586602 9.642784 9.695914 9.746849 9.796518 9.846018 9.896660 9.950115 10.00858 10.07511 10.15409 10.25225 10.38045 10.55660 10.80609 11.14201 11.53928 11.95506 12.36228 12.74937 13.11010 13.43917 13.73094 13.97977 14.18056 14.32925 14.42305 14.46065
2.897445 3.107180 3.333556 3.575835 3.831933 4.098147 4.368216 4.632964 4.879285 5.091720 5.260463 5.409132 5.586025 5.806002 6.056577 6.322423 6.591291 6.854596 7.106699 7.344225 7.565448 7.769773 7.957381 8.128922 8.285346 8.427734 8.557240 8.674992 8.782101 8.879603 8.968493 9.049674 9.124018 9.192327 9.255383 9.313925 9.368717 9.420517 9.470159 9.518537 9.566726 9.616001 9.668000 9.724874 9.789626 9.866610 9.962491 10.08807 10.26123 10.50733 10.83943 11.23250 11.64376 12.04623 12.42844 12.78434 13.10879 13.39632 13.64149 13.83938 13.98608 14.07892 14.11672
2.835155 3.038305 3.257465 3.491897 3.739537 3.996733 4.257294 4.512144 4.748279 4.950340 5.108607 5.246765 5.413194 5.622828 5.863264 6.119284 6.378736 6.633129 6.876892 7.106693 7.320821 7.518680 7.700428 7.866683 8.018354 8.156480 8.282166 8.396498 8.500542 8.595295 8.681711 8.760660 8.832981 8.899442 8.960797 9.017757 9.071054 9.121425 9.169661 9.216638 9.263386 9.311146 9.361505 9.416559 9.479253 9.553864 9.646982 9.769324 9.938706 10.18043 10.50754 10.89503 11.30017 11.69613 12.07163 12.42079 12.73873 13.02023 13.26008 13.45359 13.59706 13.68799 13.72530
2.768116 2.964152 3.175507 3.401445 3.639942 3.887415 4.137779 4.382091 4.607481 4.798707 4.946122 5.073434 5.229012 5.427822 5.657545 5.903080 6.152422 6.397198 6.631943 6.853384 7.059842 7.250716 7.426147 7.586714 7.733284 7.866839 7.988441 8.099119 8.199898 8.291724 8.375510 8.452089 8.522262 8.586759 8.646309 8.701585 8.753295 8.802132 8.848866 8.894329 8.939513 8.985603 9.034135 9.087132 9.147449 9.219262 9.309041 9.427378 9.591951 9.827953 10.14840 10.52830 10.92508 11.31208 11.67828 12.01810 12.32696 12.59999 12.83229 13.01945 13.15804 13.24576 13.28164
2.696508 2.884941 3.087948 3.304811 3.533561 3.770724 4.010375 4.243768 4.458236 4.638680 4.775466 4.892204 5.037128 5.225121 5.443911 5.678552 5.917243 6.151812 6.376936 6.589441 6.787696 6.971109 7.139801 7.294310 7.435453 7.564162 7.681436 7.788250 7.885578 7.974317 8.055332 8.129415 8.197323 8.259756 8.317404 8.370907 8.420937 8.468155 8.513291 8.557138 8.600634 8.644908 8.691422 8.742109 8.799706 8.868242 8.954005 9.067362 9.225779 9.454266 9.765740 10.13528 10.52048 10.89505 11.24834 11.57523 11.87157 12.13291 12.35474 12.53303 12.66463 12.74746 12.78070
2.620560 2.800957 2.995142 3.202427 3.420935 3.647352 3.876004 4.098465 4.302403 4.472939 4.600403 4.708028 4.843534 5.021488 5.229643 5.453312 5.681032 5.904939 6.119940 6.323013 6.512599 6.688127 6.849703 6.997825 7.133256 7.256869 7.369600 7.472365 7.566080 7.651588 7.729708 7.801180 7.866727 7.927007 7.982665 8.034317 8.082588 8.128108 8.171563 8.213696 8.255391 8.297710 8.342023 8.390149 8.444669 8.509398 8.590343 8.697518 8.847978 9.066357 9.365393 9.720309 10.08917 10.44627 10.78163 11.09074 11.37001 11.61554 11.82327 11.98959 12.11164 12.18758 12.21672
2.540576 2.712572 2.897541 3.094843 3.302732 3.518137 3.735761 3.947706 4.142251 4.304982 4.426131 4.527980 4.656923 4.826739 5.025228 5.238233 5.454892 5.667838 5.872335 6.065568 6.246095 6.413380 6.567523 6.708979 6.838456 6.956761 7.064767 7.163325 7.253289 7.335445 7.410562 7.479330 7.542431 7.600476 7.654079 7.703809 7.750256 7.794009 7.835707 7.876044 7.915843 7.956079 7.998024 8.043350 8.094437 8.154805 8.230041 8.329555 8.469625 8.674119 8.955406 9.289107 9.634345 9.966678 10.27718 10.56217 10.81872 11.04348 11.23289 11.38369 11.49336 11.56022 11.58365
2.456974 2.620283 2.795729 2.982746 3.179763 3.384035 3.590817 3.793041 3.980095 4.138691 4.259231 4.361865 4.489578 4.654522 4.844980 5.047958 5.253661 5.455492 5.649211 5.832301 6.003467 6.162232 6.308690 6.443258 6.566588 6.679417 6.782553 6.876775 6.962879 7.041586 7.113613 7.179605 7.240189 7.295939 7.347424 7.395175 7.439744 7.481672 7.521557 7.560033 7.597851 7.635906 7.675341 7.717662 7.764996 7.820480 7.889083 7.979224 8.105677 8.290524 8.545280 8.846895 9.157316 9.454598 9.731324 9.984607 10.21205 10.41070 10.57738 10.70913 10.80361 10.85925 10.87545
2.370393 2.524816 2.690531 2.867058 3.053046 3.246154 3.442362 3.635756 3.817559 3.976876 4.105606 4.219791 4.354279 4.518555 4.702865 4.896545 5.091479 5.282132 5.464904 5.637644 5.799241 5.949290 6.087884 6.215409 6.332454 6.439687 6.537845 6.627642 6.709802 6.784990 6.853865 6.917018 6.975034 7.028440 7.077764 7.123497 7.166147 7.206212 7.244238 7.280803 7.316585 7.352382 7.389205 7.428373 7.471714 7.521897 7.583071 7.662158 7.771200 7.928221 8.142644 8.395493 8.655725 8.905624 9.139023 9.353181 9.545654 9.713551 9.853810 9.963597 10.04065 10.08340 10.09117
2.281894 2.427316 2.583191 2.749114 2.923997 3.105920 3.291713 3.476797 3.654797 3.818382 3.963067 4.099062 4.247139 4.413725 4.593078 4.777886 4.962159 5.141599 5.313334 5.475613 5.627527 5.768754 5.899388 6.019782 6.130460 6.232029 6.325145 6.410460 6.488625 6.560250 6.625926 6.686208 6.741620 6.792651 6.839785 6.883472 6.924173 6.962350 6.998490 7.033117 7.066831 7.100334 7.134494 7.170434 7.209664 7.254333 7.307644 7.374669 7.463572 7.585574 7.746364 7.935064 8.132669 8.326491 8.510509 8.681172 8.835408 8.970044 9.081947 9.168288 9.226782 9.255815 9.254564
2.192963 2.329369 2.475384 2.630684 2.794432 2.965126 3.140410 3.316994 3.490741 3.657534 3.815796 3.970417 4.130007 4.298014 4.472032 4.647804 4.821335 4.989522 5.150196 5.301997 5.444212 5.576600 5.699255 5.812498 5.916792 6.012677 6.100732 6.181546 6.255695 6.323736 6.386200 6.443590 6.496380 6.545023 6.589949 6.631577 6.670321 6.706598 6.740844 6.773525 6.805167 6.836373 6.867877 6.900599 6.935744 6.974948 7.020511 7.075745 7.145286 7.234434 7.345676 7.474895 7.613527 7.753734 7.890041 8.018396 8.135277 8.237328 8.321400 8.384699 8.424953 8.440508 8.430419
2.104955 2.232421 2.368651 2.513402 2.666041 2.825445 2.989914 3.157190 3.324669 3.490054 3.652533 3.813750 3.976529 4.142026 4.309025 4.475085 4.637640 4.794534 4.944190 5.085588 5.218182 5.341803 5.456543 5.562686 5.660637 5.750866 5.833886 5.910212 5.980359 6.044821 6.104078 6.158577 6.208749 6.255001 6.297722 6.337290 6.374078 6.408461 6.440823 6.471574 6.501165 6.530111 6.559017 6.588618 6.619841 6.653880 6.692298 6.737114 6.790777 6.855644 6.932741 7.020574 7.115525 7.213336 7.310045 7.402103 7.486216 7.559250 7.618280 7.660713 7.684396 7.687719 7.669695
2.018723 2.137411 2.264028 2.398396 2.540041 2.688131 2.841448 2.998430 3.157358 3.316724 3.475719 3.634425 3.793284 3.952218 4.110247 4.265778 4.417102 4.562720 4.701489 4.832652 4.955801 5.070813 5.177777 5.276938 5.368641 5.453296 5.531342 5.603232 5.669418 5.730337 5.786409 5.838040 5.885610 5.929486 5.970016 6.007541 6.042390 6.074895 6.105399 6.134253 6.161843 6.188600 6.215010 6.241652 6.269220 6.298562 6.330703 6.366850 6.408288 6.456101 6.510697 6.571437 6.636628 6.703913 6.770668 6.834215 6.891872 6.941010 6.979135 7.003993 7.013677 7.006721 6.982170
1.934787 2.044940 2.162209 2.286459 2.417330 2.554198 2.696168 2.842111 2.990786 3.141021 3.291913 3.442876 3.593465 3.743036 3.890621 4.035017 4.174995 4.309462 4.437579 4.558775 4.672742 4.779385 4.878783 4.971138 5.056744 5.135946 5.209121 5.276660 5.338952 5.396381 5.449318 5.498118 5.543122 5.584651 5.623020 5.658525 5.691466 5.722128 5.750812 5.777821 5.803479 5.828139 5.852194 5.876087 5.900330 5.925511 5.952297 5.981406 6.013527 6.049183 6.088521 6.131139 6.176071 6.221901 6.266897 6.309124 6.346545 6.377090 6.398751 6.409679 6.408276 6.393283 6.363845
1.853485 1.955420 2.063689 2.178185 2.298623 2.424519 2.555186 2.689762 2.827273 2.966731 3.107225 3.247930 3.388057 3.526769 3.663135 3.796158 3.924883 4.048478 4.166295 4.277890 4.383018 4.481603 4.573703 4.659484 4.739187 4.813099 4.881538 4.944836 5.003328 5.057345 5.107213 5.153238 5.195723 5.234950 5.271195 5.304722 5.335791 5.364656 5.391572 5.416800 5.440611 5.463292 5.485151 5.506528 5.527796 5.549358 5.571643 5.595081 5.620039 5.646754 5.675228 5.705173 5.735961 5.766644 5.796017 5.822681 5.845119 5.861749 5.871008 5.871435 5.861742 5.840899 5.808185
1.775067 1.869158 1.968849 2.074043 2.184503 2.299836 2.419494 2.542782 2.668897 2.796980 2.926158 3.055569 3.184373 3.311702 3.436684 3.558467 3.676265 3.789411 3.897386 3.999829 4.096533 4.187426 4.272551 4.352033 4.426065 4.494883 4.558750 4.617944 4.672751 4.723455 4.770332 4.813654 4.853680 4.890658 4.924832 4.956431 4.985680 5.012801 5.038013 5.061536 5.083593 5.104419 5.124256 5.143357 5.161994 5.180441 5.198975 5.217844 5.237245 5.257271 5.277864 5.298763 5.319496 5.339384 5.357558 5.372997 5.384562 5.391063 5.391301 5.384148 5.368594 5.343824 5.309254
1.699704 1.786376 1.877965 1.974378 2.075408 2.180725 2.289873 2.402272 2.517245 2.634043 2.751877 2.869936 2.987403 3.103471 3.217357 3.328322 3.435707 3.538956 3.637635 3.731439 3.820187 3.903804 3.982312 4.055804 4.124428 4.188373 4.247855 4.303104 4.354358 4.401860 4.445845 4.486544 4.524184 4.558980 4.591142 4.620870 4.648358 4.673798 4.697375 4.719275 4.739683 4.758785 4.776771 4.793831 4.810161 4.825943 4.841357 4.856542 4.871590 4.886511 4.901209 4.915467 4.928916 4.941040 4.951184 4.958581 4.962377 4.961669 4.955550 4.943154 4.923709 4.896580 4.861312
1.627518 1.707225 1.791225 1.879424 1.971640 2.067583 2.166864 2.268991 2.373383 2.479392 2.586315 2.693428 2.800004 2.905319 3.008683 3.109456 3.207073 3.301063 3.391055 3.476781 3.558075 3.634860 3.707138 3.774971 3.838471 3.897785 3.953088 4.004564 4.052414 4.096838 4.138037 4.176210 4.211545 4.244233 4.274450 4.302372 4.328165 4.351993 4.374012 4.394376 4.413237 4.430747 4.447051 4.462290 4.476606 4.490122 4.502944 4.515151 4.526773 4.537785 4.548080 4.557454 4.565603 4.572123 4.576517 4.578199 4.576522 4.570802 4.560350 4.544510 4.522695 4.494419 4.459334
1.558578 1.631789 1.708734 1.789315 1.873365 1.960628 2.050769 2.143362 2.237909 2.333852 2.430586 2.527479 2.623885 2.719175 2.812754 2.904072 2.992644 3.078064 3.160008 3.238239 3.312602 3.383016 3.449466 3.511987 3.570661 3.625598 3.676937 3.724827 3.769430 3.810913 3.849444 3.885189 3.918311 3.948970 3.977319 4.003505 4.027673 4.049960 4.070498 4.089416 4.106838 4.122883 4.137663 4.151287 4.163851 4.175437 4.186111 4.195906 4.204819 4.212799 4.219735 4.225453 4.229712 4.232183 4.232476 4.230140 4.224679 4.215571 4.202295 4.184353 4.161301 4.132774 4.098512
1.492907 1.560098 1.630523 1.704086 1.780629 1.859927 1.941684 2.025534 2.111050 2.197750 2.285114 2.372597 2.459653 2.545741 2.630345 2.712995 2.793272 2.870826 2.945371 3.016696 3.084654 3.149161 3.210188 3.267751 3.321902 3.372725 3.420324 3.464820 3.506341 3.545025 3.581010 3.614437 3.645441 3.674157 3.700716 3.725243 3.747859 3.768681 3.787819 3.805380 3.821464 3.836166 3.849574 3.861764 3.872808 3.882758 3.891648 3.899488 3.906257 3.911897 3.916306 3.919326 3.920747 3.920311 3.917710 3.912596 3.904585 3.893279 3.878282 3.859217 3.835751 3.807610 3.774602
1.430493 1.492131 1.556563 1.623695 1.693379 1.765415 1.839543 1.915446 1.992755 2.071062 2.149925 2.228878 2.307450 2.385181 2.461632 2.536401 2.609129 2.679511 2.747295 2.812290 2.874359 2.933416 2.989422 3.042376 3.092310 3.139282 3.183370 3.224666 3.263275 3.299307 3.332875 3.364094 3.393079 3.419943 3.444794 3.467740 3.488880 3.508314 3.526133 3.542425 3.557271 3.570744 3.582915 3.593839 3.603564 3.612124 3.619535 3.625789 3.630858 3.634676 3.637149 3.638145 3.637496 3.634990 3.630382 3.623395 3.613735 3.601095 3.585175 3.565689 3.542387 3.515067 3.483588
1.371288 1.427824 1.486770 1.548035 1.611482 1.676930 1.744152 1.812874 1.882779 1.953517 2.024710 2.095963 2.166882 2.237076 2.306169 2.373817 2.439711 2.503585 2.565220 2.624439 2.681116 2.735167 2.786543 2.835231 2.881246 2.924627 2.965429 3.003723 3.039591 3.073119 3.104399 3.133527 3.160594 3.185697 3.208926 3.230369 3.250112 3.268234 3.284814 3.299922 3.313622 3.325975 3.337033 3.346837 3.355419 3.362799 3.368981 3.373951 3.377673 3.380091 3.381119 3.380641 3.378512 3.374562 3.368596 3.360402 3.349746 3.336396 3.320120 3.300706 3.277964 3.251746 3.221951
1.315216 1.367079 1.421021 1.476950 1.534743 1.594238 1.655235 1.717494 1.780746 1.844692 1.909013 1.973373 2.037434 2.100863 2.163345 2.224585 2.284316 2.342308 2.398367 2.452334 2.504092 2.553557 2.600677 2.645430 2.687817 2.727860 2.765599 2.801085 2.834380 2.865552 2.894674 2.921825 2.947079 2.970514 2.992205 3.012227 3.030648 3.047536 3.062953 3.076958 3.089604 3.100935 3.110992 3.119806 3.127397 3.133775 3.138937 3.142865 3.145523 3.146855 3.146784 3.145216 3.142036 3.137104 3.130263 3.121343 3.110165 3.096549 3.080318 3.061312 3.039390 3.014444 2.986401
1.262182 1.309777 1.359162 1.410252 1.462933 1.517060 1.572457 1.628918 1.686209 1.744076 1.802244 1.860431 1.918353 1.975729 2.032287 2.087775 2.141963 2.194652 2.245668 2.294871 2.342151 2.387428 2.430646 2.471778 2.510815 2.547766 2.582656 2.615523 2.646410 2.675373 2.702467 2.727755 2.751298 2.773157 2.793397 2.812076 2.829252 2.844980 2.859312 2.872293 2.883965 2.894366 2.903524 2.911461 2.918191 2.923718 2.928034 2.931118 2.932938 2.933444 2.932573 2.930239 2.926344 2.920778 2.913415 2.904124 2.892763 2.879194 2.863283 2.844910 2.823969 2.800381 2.774100
