T6-multimodels/model120.grd
DSAA
         100         100
  -15.00000       15.00000    
  -15.00000       15.00000    
  0.4518927       13.55892    
[rows 28 to 55 of 100, columns 0 to 62 of 100]
1.989330 2.123922 2.268023 2.421304 2.582921 2.751362 2.924268 3.098335 3.269419 3.433394 3.588671 3.740128 3.896363 4.060812 4.231050 4.402808 4.572075 4.735724 4.891570 5.038232 5.174971 5.301523 5.417954 5.524559 5.621768 5.710086 5.790064 5.862248 5.927180 5.985377 6.037331 6.083504 6.124336 6.160244 6.191637 6.218914 6.242494 6.262820 6.280391 6.295787 6.309718 6.323076 6.337020 6.353086 6.373343 6.400606 6.438702 6.492655 6.568228 6.668828 6.788594 6.910112 7.014201 7.089255 7.131213 7.140549 7.120271 7.074758 7.008950 6.927770 6.835725 6.736666 6.633700
2.070527 2.214103 2.368029 2.531893 2.704603 2.884230 3.067595 3.250109 3.425390 3.586095 3.727728 3.860488 4.005130 4.168072 4.343554 4.524247 4.704144 4.878927 5.045703 5.202701 5.348984 5.484206 5.608432 5.721984 5.825356 5.919121 6.003897 6.080299 6.148936 6.210382 6.265185 6.313858 6.356891 6.394742 6.427870 6.456719 6.481762 6.503503 6.522517 6.539486 6.555255 6.570910 6.587894 6.608170 6.634472 6.670700 6.722509 6.798189 6.909145 7.065574 7.259145 7.455443 7.620487 7.740039 7.812582 7.841507 7.832327 7.791506 7.725722 7.641315 7.543915 7.438231 7.327993
2.151186 2.303730 2.467461 2.641893 2.825667 3.016435 3.210167 3.400940 3.579969 3.736346 3.861958 3.972837 4.103815 4.264363 4.444710 4.634176 4.824627 5.010504 5.188191 5.355508 5.511322 5.655200 5.787205 5.907691 6.017214 6.116407 6.205967 6.286570 6.358898 6.423575 6.481217 6.532378 6.577600 6.617386 6.652241 6.682654 6.709158 6.732310 6.752771 6.771315 6.788934 6.806903 6.826956 6.851488 6.883913 6.929246 6.995051 7.093081 7.240976 7.456872 7.729904 8.006175 8.235342 8.401085 8.505140 8.554185 8.556413 8.520463 8.454805 8.367226 8.264503 8.152208 8.034709
2.230427 2.391827 2.565255 2.750141 2.944903 3.146792 3.351053 3.550606 3.734832 3.890430 4.007788 4.107046 4.231175 4.392311 4.578716 4.777383 4.978498 5.175439 5.363946 5.541479 5.706714 5.859145 5.998835 6.126169 6.241767 6.346326 6.440609 6.525365 6.601335 6.669208 6.729652 6.783269 6.830652 6.872348 6.908908 6.940867 6.968807 6.993351 7.015230 7.035320 7.054742 7.074964 7.097987 7.126612 7.164881 7.218804 7.297575 7.415693 7.595076 7.858219 8.192039 8.530861 8.813090 9.018915 9.151085 9.218322 9.230868 9.199203 9.133387 9.042534 8.934490 8.815648 8.690978
2.307520 2.477576 2.660494 2.855631 3.061229 3.274209 3.489267 3.698495 3.890157 4.049834 4.167739 4.266148 4.391433 4.557360 4.751712 4.960312 5.172281 5.380227 5.579389 5.766933 5.941384 6.102178 6.249380 6.383414 6.504953 6.614759 6.713669 6.802489 6.882028 6.953033 7.016220 7.072245 7.121747 7.165310 7.203536 7.237006 7.266345 7.292237 7.315485 7.337056 7.358193 7.380529 7.406310 7.438691 7.482232 7.543732 7.633572 7.767983 7.971062 8.266826 8.640627 9.021348 9.341373 9.577536 9.731863 9.813708 9.834471 9.805924 9.739368 9.645022 9.531653 9.406376 9.274708
2.381895 2.560322 2.752425 2.957510 3.173691 3.397644 3.623687 3.843384 4.044390 4.211818 4.335979 4.440098 4.571875 4.745865 4.949800 5.168974 5.391906 5.610704 5.820256 6.017509 6.200878 6.369761 6.524230 6.664747 6.792039 6.906934 7.010330 7.103097 7.186105 7.260149 7.326003 7.384368 7.435925 7.481307 7.521146 7.556072 7.586761 7.613944 7.638489 7.661445 7.684165 7.708426 7.736677 7.772354 7.820418 7.888235 7.986955 8.133776 8.353762 8.671310 9.070770 9.478459 9.823668 10.08089 10.25107 10.34344 10.36992 10.34306 10.27506 10.17696 10.05828 9.926736 9.788315
2.453079 2.639514 2.840410 3.055040 3.281428 3.516089 3.753090 3.983674 4.195164 4.372445 4.505872 4.619041 4.760172 4.944126 5.158615 5.388677 5.622485 5.851840 6.071402 6.277965 6.469870 6.646487 6.807911 6.954638 7.087450 7.207230 7.314937 7.411501 7.497847 7.574822 7.643247 7.703866 7.757404 7.804533 7.845925 7.882247 7.914216 7.942617 7.968372 7.992602 8.016746 8.042706 8.073089 8.111546 8.163328 8.236176 8.341702 8.497609 8.729354 9.061361 9.477329 9.902216 10.26363 10.53464 10.71526 10.81446 10.84428 10.81772 10.74757 10.64549 10.52156 10.38399 10.23914
2.520675 2.714686 2.923900 3.147576 3.383677 3.628612 3.876288 4.117749 4.340113 4.528127 4.672128 4.795814 4.947533 5.142235 5.367582 5.608453 5.852819 6.092287 6.321361 6.536741 6.736718 6.920655 7.088665 7.241280 7.379332 7.503756 7.615569 7.715755 7.805284 7.885057 7.955940 8.018716 8.074147 8.122940 8.165812 8.203454 8.236634 8.266169 8.293033 8.318406 8.343805 8.371223 8.403389 8.444111 8.498835 8.575537 8.686093 8.848451 9.088207 9.429681 9.856141 10.29179 10.66330 10.94283 11.12980 11.23284 11.26404 11.23663 11.16378 11.05758 10.92854 10.78523 10.63432
2.584344 2.785446 3.002439 3.234578 3.479791 3.734416 3.992252 4.244210 4.477276 4.676078 4.830881 4.965356 5.127866 5.333324 5.569314 5.820587 6.074981 6.323968 6.561958 6.785586 6.993112 7.183900 7.358078 7.516219 7.659197 7.787996 7.903684 8.007288 8.099832 8.182255 8.255464 8.320281 8.377505 8.427876 8.472141 8.511026 8.545331 8.575908 8.603777 8.630163 8.656642 8.685281 8.718895 8.761398 8.818368 8.897920 9.012075 9.178880 9.423967 9.771545 10.20459 10.64682 11.02434 11.30879 11.49916 11.60387 11.63499 11.60589 11.52996 11.41963 11.28568 11.13698 10.98044
2.643814 2.851476 3.075662 3.315621 3.569261 3.832872 4.100179 4.361999 4.605211 4.814342 4.979574 5.124506 5.297422 5.513162 5.759219 6.020247 6.283976 6.541786 6.788022 7.019268 7.233768 7.430896 7.610794 7.774070 7.921632 8.054513 8.173817 8.280620 8.375987 8.460897 8.536289 8.603026 8.661933 8.713783 8.759349 8.799389 8.834727 8.866257 8.895021 8.922293 8.949683 8.979320 9.014074 9.057940 9.116566 9.198153 9.314785 9.484556 9.733068 10.08443 10.52139 10.96741 11.34824 11.63519 11.82697 11.93187 11.96192 11.93057 11.85140 11.73701 11.59844 11.44475 11.28302
2.698866 2.912534 3.143290 3.390388 3.651719 3.923539 4.199514 4.470393 4.722966 4.941668 5.116588 5.271232 5.453810 5.679070 5.934411 6.204391 6.476656 6.742526 6.996277 7.234478 7.455358 7.658288 7.843432 8.011426 8.163212 8.299857 8.422509 8.532280 8.630266 8.717484 8.794909 8.863428 8.923901 8.977122 9.023891 9.064998 9.101284 9.133663 9.163221 9.191248 9.219399 9.249831 9.285468 9.330336 9.390138 9.473116 9.591385 9.763040 10.01365 10.36724 10.80643 11.25445 11.63685 11.92472 12.11663 12.22077 12.24914 12.21527 12.13283 12.01458 11.87172 11.71345 11.54701
2.749334 2.968438 3.205130 3.458664 3.726924 4.006134 4.289921 4.568969 4.830000 5.057366 5.241076 5.404548 5.595889 5.829762 6.093484 6.371535 6.651492 6.924614 7.185141 7.429613 7.656251 7.864432 8.054338 8.226621 8.382257 8.522342 8.648059 8.760548 8.860940 8.950281 9.029576 9.099737 9.161647 9.216129 9.264005 9.306078 9.343218 9.376361 9.406610 9.435280 9.464052 9.495109 9.531397 9.576981 9.637584 9.721465 9.840751 10.01352 10.26531 10.62006 11.06029 11.50913 11.89198 12.17980 12.37106 12.47388 12.50027 12.46379 12.37819 12.25634 12.10955 11.94715 11.77648
2.795101 3.019067 3.261056 3.520325 3.794746 4.080521 4.371240 4.657541 4.926080 5.161143 5.352654 5.523952 5.723072 5.964596 6.235757 6.520975 6.807755 7.087318 7.353870 7.603927 7.835706 8.048586 8.242758 8.418900 8.578004 8.721198 8.849685 8.964638 9.067214 9.158486 9.239480 9.311138 9.374358 9.429986 9.478860 9.521806 9.559709 9.593523 9.624369 9.653579 9.682851 9.714386 9.751150 9.797220 9.858335 9.942760 10.06262 10.23597 10.48832 10.84356 11.28415 11.73310 12.11573 12.40292 12.59309 12.69432 12.71862 12.67958 12.59103 12.46589 12.31557 12.14949 11.97504
2.836087 3.064348 3.311005 3.575316 3.855142 4.146668 4.443455 4.736096 5.011199 5.252988 5.451324 5.629478 5.835401 6.083609 6.361274 6.652753 6.945507 7.230715 7.502553 7.757522 7.993831 8.210860 8.408810 8.588376 8.750565 8.896527 9.027490 9.144649 9.249183 9.342186 9.424707 9.497707 9.562103 9.618758 9.668527 9.712248 9.750825 9.785227 9.816579 9.846235 9.875904 9.907800 9.944898 9.991283 10.05270 10.13741 10.25753 10.43111 10.68361 11.03889 11.47935 11.92796 12.30999 12.59625 12.78512 12.88469 12.90694 12.86551 12.77425 12.64617 12.49272 12.32339 12.14564
2.872249 3.104247 3.354957 3.623635 3.908135 4.204626 4.506641 4.804741 5.085489 5.333058 5.537251 5.721278 5.933042 6.186995 6.470255 6.767125 7.065028 7.355107 7.631516 7.890743 8.130982 8.351624 8.552871 8.735429 8.900321 9.048716 9.181855 9.300955 9.407217 9.501751 9.585622 9.659809 9.725245 9.782807 9.833361 9.877766 9.916928 9.951830 9.983615 10.01364 10.04362 10.07578 10.11310 10.15967 10.22124 10.30606 10.42624 10.59981 10.85223 11.20731 11.64741 12.09548 12.47672 12.76193 12.94947 13.04740 13.06774 13.02414 12.93048 12.79981 12.64363 12.47149 12.29088
2.903562 3.138755 3.392922 3.665317 3.953788 4.254489 4.560931 4.863647 5.149165 5.401615 5.610760 5.799759 6.016458 6.275264 6.563250 6.864679 7.166944 7.461154 7.741447 8.004295 8.247890 8.471619 8.675690 8.860814 9.028033 9.178520 9.313540 9.434322 9.542080 9.637939 9.722982 9.798198 9.864538 9.922885 9.974121 10.01911 10.05878 10.09411 10.12625 10.15657 10.18679 10.21914 10.25660 10.30327 10.36489 10.44970 10.56983 10.74326 10.99544 11.35017 11.78977 12.23717 12.61757 12.90173 13.08799 13.18443 13.20306 13.15754 13.06179 12.92890 12.77039 12.59585 12.41281
2.930027 3.167888 3.424936 3.700424 3.992193 4.296383 4.606493 4.913024 5.202481 5.458961 5.672182 5.865269 6.086034 6.348843 6.640734 6.945935 7.251808 7.549444 7.832962 8.098825 8.345217 8.571523 8.777956 8.965236 9.134407 9.286657 9.423263 9.545461 9.654481 9.751463 9.837498 9.913585 9.980686 10.03970 10.09151 10.13699 10.17708 10.21276 10.24519 10.27575 10.30615 10.33863 10.37618 10.42289 10.48449 10.56925 10.68924 10.86247 11.11436 11.46870 11.90781 12.35456 12.73415 13.01734 13.20246 13.29758 13.31473 13.26758 13.17007 13.03531 12.87486 12.69832 12.51325
2.951649 3.191668 3.451041 3.729022 4.023445 4.330440 4.643489 4.953081 5.245693 5.505397 5.721889 5.918260 6.142284 6.408300 6.703317 7.011540 7.320311 7.620699 7.906814 8.175105 8.423755 8.652146 8.860493 9.049519 9.220277 9.373963 9.511858 9.635213 9.745265 9.843163 9.930009 10.00681 10.07454 10.13409 10.18637 10.23226 10.27268 10.30864 10.34130 10.37204 10.40258 10.43516 10.47275 10.51946 10.58102 10.66568 10.78551 10.95853 11.21012 11.56407 12.00268 12.44884 12.82771 13.11005 13.29420 13.38822 13.40414 13.35565 13.25671 13.12043 12.95841 12.78026 12.59356
2.968443 3.210124 3.471286 3.751181 4.047639 4.356781 4.672081 4.984013 5.279034 5.541199 5.760179 5.959042 6.185548 6.454010 6.751418 7.061952 7.372940 7.675436 7.963541 8.233698 8.484085 8.714079 8.923903 9.114280 9.286264 9.441058 9.579956 9.704207 9.815059 9.913671 10.00115 10.07850 10.14671 10.20669 10.25933 10.30553 10.34622 10.38239 10.41523 10.44610 10.47674 10.50937 10.54699 10.59369 10.65519 10.73975 10.85944 11.03225 11.28359 11.63722 12.07543 12.52110 12.89939 13.18105 13.36442 13.45757 13.47253 13.42300 13.32295 13.18551 13.02227 12.84289 12.65494
2.980426 3.223284 3.485712 3.766960 4.064855 4.375514 4.692401 5.005981 5.302699 5.566600 5.787338 5.987969 6.216228 6.486414 6.785502 7.097668 7.410215 7.714202 8.003715 8.275188 8.526805 8.757938 8.968809 9.160141 9.332998 9.488585 9.628194 9.753085 9.864510 9.963627 10.05155 10.12930 10.19786 10.25814 10.31104 10.35746 10.39833 10.43466 10.46762 10.49858 10.52928 10.56196 10.59959 10.64626 10.70772 10.79220 10.91177 11.08442 11.33555 11.68892 12.12681 12.57210 12.94996 13.23113 13.41393 13.50645 13.52072 13.47045 13.36961 13.23134 13.06725 12.88699 12.69815
2.987609 3.231170 3.494353 3.776408 4.075160 4.386721 4.704552 5.019111 5.316840 5.581769 5.803545 6.005214 6.234508 6.505718 6.805807 7.118938 7.432417 7.737290 8.027638 8.299901 8.552250 8.784062 8.995558 9.187463 9.360843 9.516901 9.656935 9.782212 9.893975 9.993400 10.08159 10.15958 10.22835 10.28881 10.34187 10.38841 10.42940 10.46582 10.49885 10.52987 10.56060 10.59330 10.63093 10.67759 10.73901 10.82344 10.94293 11.11549 11.36649 11.71970 12.15742 12.60249 12.98008 13.26095 13.44341 13.53556 13.54942 13.49870 13.39739 13.25862 13.09402 12.91324 12.72388
2.990002 3.233796 3.497231 3.779554 4.078589 4.390450 4.708596 5.023479 5.321541 5.586813 5.808940 6.010963 6.240606 6.512157 6.812576 7.126029 7.439817 7.744984 8.035609 8.308134 8.560724 8.792765 9.004468 9.196564 9.370115 9.526334 9.666507 9.791910 9.903792 10.00332 10.09160 10.16967 10.23851 10.29902 10.35213 10.39873 10.43974 10.47620 10.50925 10.54029 10.57103 10.60373 10.64137 10.68802 10.74943 10.83384 10.95331 11.12583 11.37679 11.72994 12.16757 12.61256 12.99006 13.27083 13.45318 13.54520 13.55892 13.50805 13.40658 13.26766 13.10288 12.92193 12.73239
2.987609 3.231170 3.494353 3.776408 4.075160 4.386721 4.704552 5.019111 5.316839 5.581769 5.803545 6.005214 6.234509 6.505718 6.805807 7.118939 7.432417 7.737290 8.027638 8.299901 8.552249 8.784062 8.995558 9.187463 9.360842 9.516901 9.656936 9.782210 9.893976 9.993400 10.08159 10.15958 10.22835 10.28881 10.34186 10.38841 10.42939 10.46582 10.49885 10.52987 10.56060 10.59330 10.63093 10.67759 10.73901 10.82344 10.94293 11.11549 11.36649 11.71970 12.15742 12.60249 12.98008 13.26095 13.44342 13.53556 13.54942 13.49870 13.39739 13.25862 13.09402 12.91324 12.72388
2.980426 3.223285 3.485713 3.766961 4.064856 4.375515 4.692402 5.005980 5.302700 5.566600 5.787339 5.987970 6.216228 6.486414 6.785503 7.097666 7.410217 7.714203 8.003714 8.275190 8.526805 8.757939 8.968810 9.160141 9.332998 9.488585 9.628195 9.753086 9.864510 9.963627 10.05155 10.12931 10.19786 10.25814 10.31104 10.35746 10.39833 10.43466 10.46762 10.49858 10.52928 10.56195 10.59959 10.64626 10.70772 10.79220 10.91177 11.08442 11.33555 11.68892 12.12681 12.57210 12.94996 13.23112 13.41393 13.50645 13.52072 13.47045 13.36961 13.23134 13.06725 12.88699 12.69815
2.968442 3.210124 3.471286 3.751180 4.047637 4.356780 4.672080 4.984011 5.279033 5.541199 5.760178 5.959041 6.185547 6.454010 6.751417 7.061951 7.372937 7.675436 7.963540 8.233695 8.484082 8.714079 8.923903 9.114276 9.286263 9.441057 9.579952 9.704206 9.815059 9.913670 10.00115 10.07850 10.14671 10.20669 10.25933 10.30553 10.34621 10.38239 10.41523 10.44610 10.47673 10.50937 10.54699 10.59369 10.65519 10.73975 10.85944 11.03225 11.28359 11.63721 12.07543 12.52109 12.89939 13.18105 13.36442 13.45757 13.47253 13.42300 13.32295 13.18551 13.02227 12.84289 12.65493
2.951648 3.191668 3.451041 3.729022 4.023444 4.330440 4.643489 4.953080 5.245691 5.505397 5.721889 5.918259 6.142283 6.408299 6.703317 7.011541 7.320310 7.620699 7.906812 8.175104 8.423754 8.652145 8.860493 9.049519 9.220275 9.373962 9.511857 9.635213 9.745265 9.843163 9.930009 10.00681 10.07454 10.13409 10.18637 10.23225 10.27268 10.30864 10.34130 10.37204 10.40258 10.43515 10.47275 10.51946 10.58102 10.66568 10.78552 10.95853 11.21013 11.56407 12.00268 12.44884 12.82771 13.11005 13.29420 13.38822 13.40414 13.35565 13.25671 13.12043 12.95841 12.78026 12.59356
2.930026 3.167888 3.424935 3.700424 3.992193 4.296383 4.606492 4.913024 5.202481 5.458961 5.672182 5.865268 6.086033 6.348844 6.640733 6.945936 7.251808 7.549444 7.832962 8.098825 8.345216 8.571523 8.777956 8.965235 9.134407 9.286657 9.423263 9.545460 9.654480 9.751463 9.837498 9.913586 9.980688 10.03970 10.09151 10.13699 10.17708 10.21276 10.24519 10.27574 10.30615 10.33863 10.37618 10.42289 10.48449 10.56925 10.68924 10.86247 11.11436 11.46870 11.90780 12.35456 12.73415 13.01734 13.20246 13.29758 13.31473 13.26758 13.17007 13.03531 12.87486 12.69832 12.51325
2.903563 3.138756 3.392922 3.665318 3.953790 4.254490 4.560933 4.863648 5.149165 5.401617 5.610760 5.799760 6.016459 6.275265 6.563250 6.864679 7.166944 7.461154 7.741447 8.004294 8.247890 8.471619 8.675690 8.860814 9.028035 9.178521 9.313541 9.434322 9.542080 9.637939 9.722984 9.798198 9.864538 9.922885 9.974121 10.01911 10.05878 10.09411 10.12625 10.15657 10.18679 10.21914 10.25660 10.30327 10.36489 10.44970 10.56983 10.74326 10.99544 11.35017 11.78977 12.23717 12.61757 12.90173 13.08800 13.18443 13.20306 13.15754 13.06179 12.92890 12.77039 12.59585 12.41281
