T6-multimodels/model60.grd
DSAA
         100         100
  -15.00000       15.00000    
  -15.00000       15.00000    
  0.2908214       10.89256    
[rows 0 to 27 of 100, columns 0 to 62 of 100]
0.4423522 0.4547743 0.4673279 0.4799870 0.4927236 0.5055074 0.5183064 0.5310869 0.5438138 0.5564510 0.5689623 0.5813096 0.5934547 0.6053604 0.6169903 0.6283088 0.6392815 0.6498755 0.6600597 0.6698053 0.6790855 0.6878762 0.6961559 0.7039058 0.7111099 0.7177549 0.7238304 0.7293289 0.7342455 0.7385781 0.7423272 0.7454958 0.7480894 0.7501158 0.7515847 0.7525080 0.7528998 0.7527752 0.7521510 0.7510452 0.7494775 0.7474673 0.7450354 0.7422023 0.7389897 0.7354180 0.7315077 0.7272788 0.7227507 0.7179411 0.7128679 0.7075491 0.7019997 0.6962332 0.6902621 0.6840978 0.6777505 0.6712290 0.6645413 0.6576938 0.6506924 0.6435415 0.6362448
0.4626195 0.4760242 0.4895855 0.5032749 0.5170611 0.5309106 0.5447878 0.5586552 0.5724732 0.5862011 0.5997972 0.6132188 0.6264250 0.6393735 0.6520226 0.6643319 0.6762624 0.6877775 0.6988423 0.7094244 0.7194939 0.7290244 0.7379916 0.7463749 0.7541570 0.7613232 0.7678629 0.7737676 0.7790327 0.7836564 0.7876400 0.7909873 0.7937050 0.7958027 0.7972918 0.7981861 0.7985020 0.7982570 0.7974707 0.7961639 0.7943587 0.7920777 0.7893445 0.7861831 0.7826170 0.7786703 0.7743658 0.7697264 0.7647738 0.7595298 0.7540132 0.7482407 0.7422292 0.7359946 0.7295507 0.7229097 0.7160825 0.7090781 0.7019045 0.6945683 0.6870750 0.6794288 0.6716330
0.4841033 0.4985841 0.5132509 0.5280720 0.5430132 0.5580370 0.5731038 0.5881714 0.6031955 0.6181306 0.6329302 0.6475462 0.6619301 0.6760342 0.6898122 0.7032187 0.7162098 0.7287441 0.7407825 0.7522885 0.7632289 0.7735741 0.7832975 0.7923764 0.8007916 0.8085276 0.8155724 0.8219179 0.8275592 0.8324950 0.8367274 0.8402615 0.8431056 0.8452705 0.8467703 0.8476213 0.8478418 0.8474527 0.8464764 0.8449368 0.8428594 0.8402702 0.8371959 0.8336641 0.8297016 0.8253354 0.8205922 0.8154966 0.8100733 0.8043447 0.7983327 0.7920589 0.7855417 0.7787970 0.7718391 0.7646816 0.7573351 0.7498094 0.7421126 0.7342510 0.7262297 0.7180526 0.7097224
0.5068869 0.5225474 0.5384280 0.5544943 0.5707079 0.5870275 0.6034087 0.6198039 0.6361635 0.6524359 0.6685673 0.6845036 0.7001922 0.7155786 0.7306094 0.7452332 0.7594004 0.7730640 0.7861803 0.7987081 0.8106107 0.8218548 0.8324109 0.8422543 0.8513636 0.8597224 0.8673182 0.8741418 0.8801892 0.8854596 0.8899559 0.8936847 0.8966560 0.8988829 0.9003818 0.9011716 0.9012740 0.9007130 0.8995144 0.8977056 0.8953159 0.8923756 0.8889152 0.8849658 0.8805580 0.8757230 0.8704901 0.8648885 0.8589455 0.8526880 0.8461393 0.8393204 0.8322513 0.8249505 0.8174345 0.8097166 0.8018088 0.7937209 0.7854607 0.7770343 0.7684467 0.7597008 0.7507985
0.5310591 0.5480141 0.5652295 0.5826669 0.6002845 0.6180359 0.6358715 0.6537378 0.6715787 0.6893359 0.7069497 0.7243586 0.7414998 0.7583118 0.7747354 0.7907119 0.8061852 0.8211024 0.8354139 0.8490737 0.8620405 0.8742773 0.8857517 0.8964359 0.9063072 0.9153477 0.9235440 0.9308871 0.9373731 0.9430017 0.9477775 0.9517086 0.9548069 0.9570885 0.9585721 0.9592800 0.9592374 0.9584717 0.9570134 0.9548938 0.9521465 0.9488062 0.9449080 0.9404874 0.9355797 0.9302199 0.9244416 0.9182772 0.9117573 0.9049103 0.8977631 0.8903421 0.8826690 0.8747628 0.8666400 0.8583155 0.8498011 0.8411068 0.8322405 0.8232080 0.8140132 0.8046584 0.7951443
0.5567138 0.5750906 0.5937749 0.6127246 0.6318933 0.6512291 0.6706765 0.6901752 0.7096617 0.7290697 0.7483301 0.7673728 0.7861292 0.8045291 0.8225033 0.8399856 0.8569119 0.8732224 0.8888611 0.9037763 0.9179218 0.9312562 0.9437438 0.9553542 0.9660627 0.9758497 0.9847012 0.9926086 0.9995679 1.005580 1.010652 1.014792 1.018016 1.020342 1.021793 1.022394 1.022175 1.021167 1.019406 1.016927 1.013770 1.009974 1.005580 1.000628 0.9951581 0.9892107 0.9828241 0.9760349 0.9688781 0.9613872 0.9535908 0.9455147 0.9371827 0.9286170 0.9198358 0.9108542 0.9016849 0.8923378 0.8828202 0.8731372 0.8632922 0.8532861 0.8431185
0.5839496 0.6038896 0.6241925 0.6448120 0.6656964 0.6867883 0.7080247 0.7293378 0.7506555 0.7719024 0.7930013 0.8138719 0.8344328 0.8546041 0.8743079 0.8934689 0.9120141 0.9298757 0.9469902 0.9632997 0.9787521 0.9933019 1.006909 1.019540 1.031169 1.041774 1.051341 1.059861 1.067332 1.073755 1.079138 1.083494 1.086840 1.089199 1.090595 1.091061 1.090628 1.089334 1.087220 1.084328 1.080701 1.076386 1.071429 1.065877 1.059777 1.053172 1.046107 1.038623 1.030760 1.022552 1.014033 1.005234 0.9961827 0.9868995 0.9774038 0.9677122 0.9578364 0.9477867 0.9375697 0.9271899 0.9166492 0.9059474 0.8950824
0.6128706 0.6345308 0.6566191 0.6790843 0.7018693 0.7249096 0.7481346 0.7714674 0.7948262 0.8181248 0.8412732 0.8641798 0.8867545 0.9089051 0.9305414 0.9515767 0.9719285 0.9915192 1.010277 1.028137 1.045040 1.060937 1.075782 1.089539 1.102180 1.113682 1.124031 1.133217 1.141239 1.148102 1.153813 1.158391 1.161853 1.164228 1.165545 1.165840 1.165150 1.163521 1.160997 1.157627 1.153463 1.148557 1.142963 1.136735 1.129924 1.122584 1.114763 1.106509 1.097866 1.088875 1.079572 1.069989 1.060153 1.050091 1.039822 1.029363 1.018726 1.007922 0.9969553 0.9858299 0.9745462 0.9631022 0.9514938
0.6435863 0.6671411 0.6912002 0.7157078 0.7406004 0.7658059 0.7912446 0.8168293 0.8424668 0.8680586 0.8935030 0.9186945 0.9435261 0.9678923 0.9916911 1.014823 1.037193 1.058715 1.079304 1.098890 1.117406 1.134796 1.151011 1.166012 1.179767 1.192253 1.203455 1.213366 1.221983 1.229315 1.235372 1.240174 1.243746 1.246117 1.247324 1.247407 1.246412 1.244388 1.241388 1.237469 1.232691 1.227113 1.220797 1.213805 1.206198 1.198035 1.189372 1.180263 1.170757 1.160897 1.150725 1.140279 1.129589 1.118681 1.107576 1.096290 1.084836 1.073222 1.061453 1.049532 1.037456 1.025222 1.012822
0.6762097 0.7018524 0.7280891 0.7548590 0.7820913 0.8097055 0.8376117 0.8657107 0.8938957 0.9220541 0.9500667 0.9778123 1.005171 1.032021 1.058243 1.083723 1.108353 1.132031 1.154666 1.176175 1.196485 1.215532 1.233264 1.249638 1.264619 1.278186 1.290321 1.301018 1.310278 1.318110 1.324530 1.329559 1.333229 1.335573 1.336634 1.336458 1.335099 1.332613 1.329063 1.324513 1.319032 1.312690 1.305558 1.297707 1.289206 1.280124 1.270525 1.260469 1.250012 1.239206 1.228094 1.216714 1.205099 1.193276 1.181269 1.169094 1.156763 1.144283 1.131658 1.118888 1.105969 1.092895 1.079656
0.7108576 0.7388021 0.7674465 0.7967241 0.8265566 0.8568537 0.8875136 0.9184234 0.9494612 0.9804968 1.011395 1.042015 1.072215 1.101854 1.130796 1.158909 1.186069 1.212161 1.237081 1.260735 1.283041 1.303929 1.323342 1.341233 1.357566 1.372317 1.385471 1.397023 1.406976 1.415341 1.422140 1.427398 1.431150 1.433438 1.434311 1.433822 1.432032 1.429008 1.424822 1.419548 1.413265 1.406056 1.398001 1.389183 1.379682 1.369576 1.358937 1.347835 1.336331 1.324480 1.312331 1.299930 1.287312 1.274503 1.261527 1.248399 1.235130 1.221727 1.208191 1.194519 1.180706 1.166740 1.152611
0.7476475 0.7781309 0.8094385 0.8414976 0.8742218 0.9075097 0.9412460 0.9753021 1.009538 1.043802 1.077938 1.111782 1.145173 1.177946 1.209944 1.241013 1.271012 1.299808 1.327282 1.353330 1.377859 1.400793 1.422068 1.441635 1.459456 1.475507 1.489774 1.502254 1.512953 1.521887 1.529080 1.534564 1.538381 1.540579 1.541213 1.540347 1.538051 1.534402 1.529482 1.523379 1.516184 1.507991 1.498896 1.488993 1.478374 1.467129 1.455341 1.443087 1.430437 1.417455 1.404194 1.390695 1.376997 1.363130 1.349117 1.334972 1.320706 1.306322 1.291819 1.277192 1.262431 1.247524 1.232455
0.7866985 0.8199824 0.8542367 0.8893825 0.9253247 0.9619489 0.9991253 1.036706 1.074530 1.112425 1.150207 1.187687 1.224673 1.260974 1.296409 1.330800 1.363984 1.395810 1.426142 1.454861 1.481867 1.507073 1.530412 1.551831 1.571291 1.588768 1.604250 1.617737 1.629239 1.638776 1.646379 1.652085 1.655944 1.658010 1.658349 1.657034 1.654145 1.649771 1.644008 1.636958 1.628726 1.619422 1.609156 1.598039 1.586175 1.573669 1.560614 1.547098 1.533197 1.518980 1.504503 1.489818 1.474964 1.459967 1.444850 1.429627 1.414304 1.398882 1.383359 1.367724 1.351966 1.336066 1.320005
0.8281263 0.8644986 0.9020129 0.9405848 0.9801083 1.020457 1.061482 1.103014 1.144869 1.186844 1.228725 1.270292 1.311324 1.351599 1.390902 1.429029 1.465789 1.501011 1.534540 1.566243 1.596006 1.623737 1.649362 1.672825 1.694088 1.713128 1.729936 1.744514 1.756879 1.767057 1.775083 1.781005 1.784876 1.786764 1.786742 1.784894 1.781314 1.776104 1.769376 1.761247 1.751841 1.741285 1.729707 1.717236 1.703993 1.690097 1.675656 1.660766 1.645516 1.629979 1.614217 1.598276 1.582195 1.566004 1.549722 1.533362 1.516927 1.500415 1.483820 1.467127 1.450321 1.433379 1.416277
0.8720417 0.9118178 0.9529381 0.9953112 1.038821 1.083326 1.128657 1.174622 1.221005 1.267572 1.314075 1.360256 1.405851 1.450603 1.494261 1.536589 1.577366 1.616395 1.653500 1.688533 1.721367 1.751900 1.780055 1.805773 1.829019 1.849769 1.868021 1.883782 1.897073 1.907929 1.916391 1.922516 1.926368 1.928021 1.927562 1.925088 1.920707 1.914538 1.906708 1.897355 1.886624 1.874663 1.861623 1.847651 1.832890 1.817475 1.801529 1.785159 1.768461 1.751510 1.734373 1.717101 1.699733 1.682291 1.664793 1.647247 1.629653 1.612004 1.594290 1.576493 1.558593 1.540562 1.522370
0.9185449 0.9620696 1.007175 1.053763 1.101707 1.150850 1.200998 1.251932 1.303400 1.355132 1.406834 1.458203 1.508937 1.558730 1.607290 1.654340 1.699625 1.742919 1.784023 1.822768 1.859016 1.892657 1.923609 1.951813 1.977234 1.999856 2.019678 2.036716 2.051001 2.062572 2.071482 2.077795 2.081587 2.082943 2.081963 2.078758 2.073453 2.066186 2.057104 2.046370 2.034151 2.020623 2.005961 1.990339 1.973923 1.956865 1.939306 1.921365 1.903144 1.884727 1.866177 1.847537 1.828841 1.810113 1.791363 1.772595 1.753805 1.734982 1.716110 1.697170 1.678132 1.658968 1.639642
0.9677216 1.015368 1.064871 1.116128 1.169001 1.223311 1.278843 1.335342 1.392519 1.450056 1.507613 1.564834 1.621357 1.676824 1.730896 1.783248 1.833588 1.881654 1.927222 1.970101 2.010140 2.047222 2.081260 2.112198 2.140004 2.164666 2.186194 2.204611 2.219956 2.232280 2.241647 2.248129 2.251815 2.252804 2.251209 2.247157 2.240793 2.232276 2.221781 2.209494 2.195616 2.180352 2.163910 2.146492 2.128292 2.109485 2.090229 2.070651 2.050860 2.030934 2.010934 1.990906 1.970873 1.950848 1.930836 1.910832 1.890827 1.870806 1.850750 1.830633 1.810425 1.790090 1.769587
1.019637 1.071808 1.126155 1.182573 1.240911 1.300972 1.362510 1.425232 1.488804 1.552852 1.616977 1.680759 1.743780 1.805620 1.865876 1.924173 1.980168 2.033564 2.084104 2.131577 2.175818 2.216700 2.254138 2.288074 2.318486 2.345370 2.368746 2.388647 2.405124 2.418239 2.428067 2.434695 2.438223 2.438765 2.436450 2.431425 2.423856 2.413927 2.401843 2.387826 2.372111 2.354942 2.336566 2.317223 2.297137 2.276509 2.255513 2.234289 2.212941 2.191550 2.170160 2.148795 2.127468 2.106183 2.084933 2.063708 2.042494 2.021272 2.000019 1.978706 1.957300 1.935763 1.914049
1.074329 1.131450 1.191120 1.253229 1.317614 1.384055 1.452274 1.521935 1.592647 1.663977 1.735460 1.806603 1.876906 1.945880 2.013054 2.077992 2.140297 2.199627 2.255691 2.308254 2.357136 2.402204 2.443372 2.480591 2.513843 2.543138 2.568509 2.590003 2.607683 2.621626 2.631921 2.638667 2.641979 2.641987 2.638839 2.632703 2.623771 2.612258 2.598403 2.582472 2.564743 2.545510 2.525068 2.503701 2.481674 2.459215 2.436514 2.413713 2.390910 2.368158 2.345487 2.322903 2.300396 2.277948 2.255540 2.233154 2.210771 2.188370 2.165926 2.143413 2.120795 2.098033 2.075078
1.131796 1.194318 1.259816 1.328177 1.399227 1.472721 1.548342 1.625702 1.704350 1.783781 1.863446 1.942771 2.021180 2.098097 2.172972 2.245296 2.314610 2.380520 2.442696 2.500877 2.554867 2.604529 2.649778 2.690572 2.726908 2.758813 2.786331 2.809528 2.828484 2.843291 2.854052 2.860883 2.863915 2.863297 2.859195 2.851803 2.841342 2.828065 2.812254 2.794225 2.774317 2.752883 2.730280 2.706851 2.682905 2.658705 2.634453 2.610286 2.586278 2.562453 2.538793 2.515256 2.491798 2.468380 2.444968 2.421538 2.398069 2.374545 2.350944 2.327245 2.303416 2.279416 2.255198
1.191995 1.260384 1.332235 1.407435 1.485795 1.567042 1.650815 1.736666 1.824074 1.912449 2.001159 2.089539 2.176910 2.262607 2.345993 2.426477 2.503529 2.576694 2.645599 2.709950 2.769536 2.824214 2.873905 2.918581 2.958254 2.992965 3.022786 3.047798 3.068101 3.083805 3.095031 3.101912 3.104597 3.103252 3.098069 3.089269 3.077109 3.061885 3.043935 3.023638 3.001406 2.977674 2.952879 2.927439 2.901724 2.876031 2.850571 2.825457 2.800710 2.776285 2.752091 2.728032 2.704008 2.679943 2.655784 2.631506 2.607095 2.582545 2.557852 2.533003 2.507977 2.482740 2.457248
1.254828 1.329557 1.408296 1.490932 1.577260 1.666972 1.759652 1.854783 1.951758 2.049896 2.148465 2.246705 2.343852 2.439141 2.531837 2.621257 2.706784 2.787893 2.864154 2.935241 3.000921 3.061048 3.115551 3.164416 3.207677 3.245399 3.277675 3.304612 3.326332 3.342965 3.354652 3.361544 3.363808 3.361635 3.355240 3.344878 3.330847 3.313497 3.293232 3.270515 3.245855 3.219791 3.192871 3.165611 3.138461 3.111763 3.085724 3.060406 3.035743 3.011570 2.987672 2.963829 2.939862 2.915656 2.891147 2.866318 2.841180 2.815756 2.790070 2.764132 2.737944 2.711483 2.684712
1.320133 1.401672 1.487831 1.578497 1.673442 1.772311 1.874623 1.979770 2.087045 2.195667 2.304812 2.413633 2.521268 2.626870 2.729606 2.828688 2.923398 3.013124 3.097366 3.175750 3.248022 3.314030 3.373711 3.427072 3.474170 3.515100 3.549983 3.578953 3.602156 3.619746 3.631886 3.638747 3.640518 3.637412 3.629674 3.617597 3.601526 3.581878 3.559145 3.533890 3.506751 3.478411 3.449567 3.420875 3.392895 3.366025 3.340460 3.316167 3.292911 3.270315 3.247952 3.225438 3.202475 3.178886 3.154605 3.129652 3.104090 3.078001 3.051461 3.024525 2.997226 2.969568 2.941528
1.387678 1.476481 1.570574 1.669838 1.774012 1.882681 1.995265 2.111042 2.229177 2.348776 2.468927 2.588730 2.707296 2.823713 2.937055 3.046415 3.150944 3.249912 3.342726 3.428950 3.508295 3.580602 3.645817 3.703969 3.755145 3.799473 3.837105 3.868208 3.892956 3.911530 3.924114 3.930902 3.932106 3.927964 3.918756 3.904814 3.886547 3.864447 3.839112 3.811246 3.781650 3.751204 3.720813 3.691335 3.663495 3.637776 3.614350 3.593028 3.573296 3.554429 3.535629 3.516198 3.495660 3.473785 3.450545 3.426049 3.400468 3.373989 3.346776 3.318957 3.290618 3.261801 3.232508
1.457159 1.553650 1.656153 1.764536 1.878489 1.997502 2.120858 2.247663 2.376911 2.507575 2.638701 2.769423 2.898903 3.026253 3.150482 3.270536 3.385390 3.494140 3.596061 3.690624 3.777491 3.856487 3.927569 3.990788 4.046267 4.094167 4.134682 4.168009 4.194358 4.213937 4.226953 4.233628 4.234194 4.228920 4.218121 4.202177 4.181568 4.156883 4.128851 4.098349 4.066401 4.034152 4.002800 3.973501 3.947234 3.924636 3.905861 3.890488 3.877545 3.865680 3.853462 3.839708 3.823664 3.805047 3.783948 3.760665 3.735574 3.709041 3.681375 3.652813 3.623522 3.593597 3.563077
1.528197 1.632752 1.744087 1.862041 1.986228 2.115996 2.250417 2.388332 2.528458 2.669587 2.810771 2.951375 3.090905 3.228659 3.363609 3.494484 3.619981 3.738930 3.850405 3.953742 4.048531 4.134568 4.211815 4.280350 4.340331 4.391961 4.435474 4.471109 4.499107 4.519706 4.533144 4.539663 4.539526 4.533031 4.520530 4.502464 4.479388 4.452010 4.421218 4.388113 4.354002 4.320384 4.288871 4.261059 4.238331 4.221611 4.211112 4.206120 4.204969 4.205266 4.204417 4.200305 4.191749 4.178507 4.160976 4.139847 4.115853 4.089656 4.061785 4.032638 4.002489 3.971514 3.939800
1.600347 1.713284 1.833800 1.961690 2.096453 2.237227 2.382759 2.531452 2.681549 2.831497 2.980443 3.128415 3.275803 3.422465 3.567355 3.708810 3.845043 3.974463 4.095837 4.208305 4.311349 4.404724 4.488389 4.562449 4.627100 4.682592 4.729203 4.767210 4.796896 4.818529 4.832376 4.838705 4.837809 4.830013 4.815717 4.795422 4.769777 4.739625 4.706048 4.670412 4.634392 4.599945 4.569245 4.544521 4.527799 4.520545 4.523242 4.534965 4.553089 4.573441 4.591256 4.602682 4.605848 4.600774 4.588573 4.570685 4.548463 4.523019 4.495201 4.465630 4.434727 4.402762 4.369889
1.673115 1.794679 1.924642 2.062736 2.208297 2.360169 2.516619 2.675349 2.833715 2.989374 3.141463 3.291573 3.442466 3.595237 3.748596 3.900026 4.046873 4.186889 4.318394 4.440258 4.551813 4.652756 4.743038 4.822788 4.892242 4.951698 5.001479 5.041910 5.073311 5.095985 5.110229 5.116339 5.114633 5.105475 5.089310 5.066705 5.038414 5.005432 4.969068 4.931004 4.893352 4.858649 4.829798 4.809893 4.801926 4.808319 4.830319 4.867233 4.915542 4.968340 5.016526 5.052487 5.073218 5.079776 5.074898 5.061404 5.041628 5.017341 4.989825 4.959980 4.928415 4.895520 4.861522
