T6-multimodels/model60.grd
DSAA
         100         100
  -15.00000       15.00000    
  -15.00000       15.00000    
  0.2908214       10.89256    
[rows 56 to 83 of 100, columns 0 to 62 of 100]
2.560669 2.787190 3.032025 3.294393 3.572110 3.861299 4.155448 4.445063 4.716649 4.954313 5.147785 5.320193 5.519351 5.759611 6.027976 6.308626 6.588845 6.859619 7.114928 7.351065 7.566017 7.758922 7.929728 8.078842 8.206978 8.314945 8.403620 8.473818 8.526328 8.561849 8.581045 8.584543 8.573018 8.547227 8.508160 8.457124 8.395968 8.327250 8.254530 8.182596 8.117764 8.068018 8.043091 8.054218 8.113608 8.233552 8.425216 8.696749 9.048035 9.452984 9.840816 10.13816 10.33006 10.44190 10.49980 10.52190 10.52006 10.50208 10.47311 10.43656 10.39470 10.34898 10.30028
2.526062 2.748901 2.989743 3.247809 3.520923 3.805229 4.094237 4.378491 4.644539 4.876543 5.064290 5.230972 5.424452 5.659149 5.922121 6.197605 6.472927 6.739106 6.990154 7.222384 7.433787 7.623515 7.791506 7.938168 8.064197 8.170401 8.257639 8.326715 8.378408 8.413404 8.432357 8.435876 8.424631 8.399366 8.361052 8.310980 8.250978 8.183582 8.112322 8.041950 7.978747 7.930659 7.907381 7.920109 7.981027 8.102391 8.295363 8.568088 8.920446 9.326364 9.715073 10.01324 10.20593 10.31852 10.37715 10.39998 10.39886 10.38159 10.35334 10.31752 10.27639 10.23139 10.18344
2.486917 2.705523 2.941763 3.194862 3.462651 3.741295 4.024335 4.302357 4.561962 4.787374 4.968443 5.128435 5.315296 5.543510 5.800206 6.069679 6.339305 6.600155 6.846267 7.073973 7.281282 7.467346 7.632101 7.775945 7.899563 8.003752 8.089351 8.157154 8.207922 8.242329 8.261013 8.264577 8.253666 8.229016 8.191577 8.142626 8.083961 8.018087 7.948498 7.879908 7.818544 7.772312 7.750845 7.765300 7.827818 7.950635 8.144893 8.418740 8.772079 9.178864 9.568356 9.867247 10.06061 10.17387 10.23319 10.25671 10.25630 10.23977 10.21226 10.17721 10.13686 10.09266 10.04552
2.443319 2.657129 2.888146 3.135591 3.397310 3.669486 3.945702 4.216593 4.468822 4.686685 4.860117 5.012463 5.191747 5.412534 5.662039 5.924625 6.187737 6.442489 6.682962 6.905512 7.108162 7.290065 7.451152 7.591810 7.712712 7.814628 7.898390 7.964768 8.014506 8.048261 8.066659 8.070283 8.059771 8.035830 7.999401 7.951725 7.894582 7.830433 7.762730 7.696129 7.636800 7.592578 7.573040 7.589271 7.653368 7.777536 7.972904 8.247643 8.601678 9.009010 9.398961 9.698281 9.892091 10.00583 10.06568 10.08980 10.09004 10.07421 10.04746 10.01320 9.973666 9.930319 9.884060
2.395392 2.603840 2.829001 3.070098 3.324986 3.589878 3.858403 4.121254 4.365171 4.574530 4.739349 4.883066 5.053804 5.266222 5.507616 5.762435 6.018193 6.266069 6.500187 6.716937 6.914351 7.091588 7.248573 7.385676 7.503547 7.602945 7.684666 7.749469 7.798077 7.831122 7.849218 7.852931 7.842871 7.819744 7.784453 7.738222 7.682783 7.620563 7.554944 7.490526 7.433392 7.391290 7.373709 7.391654 7.457157 7.582382 7.778464 8.053600 8.407793 8.815129 9.205021 9.504290 9.698120 9.811999 9.872117 9.896639 9.897412 9.882217 9.856182 9.822702 9.784013 9.741555 9.696225
2.343316 2.545836 2.764513 2.998566 3.245868 3.502669 3.762650 4.016584 4.251297 4.451256 4.606578 4.740797 4.902109 5.105269 5.337674 5.583865 5.831448 6.071672 6.298723 6.509025 6.700631 6.872699 7.025146 7.158324 7.272863 7.369490 7.448980 7.512065 7.559440 7.591722 7.609503 7.613328 7.603794 7.581577 7.547559 7.502930 7.449382 7.389279 7.325937 7.263863 7.209035 7.169086 7.153379 7.172809 7.239321 7.365033 7.561088 7.835749 8.189136 8.595481 8.984356 9.282729 9.475883 9.589343 9.649313 9.673935 9.675029 9.660335 9.634941 9.602216 9.564370 9.522824 9.478462
2.287325 2.483368 2.694946 2.921281 3.160267 3.408204 3.658850 3.903075 4.127808 4.317621 4.462718 4.586706 4.737864 4.931023 5.153670 5.390455 5.629089 5.860923 6.080215 6.283437 6.468670 6.635077 6.782566 6.911462 7.022371 7.115985 7.193058 7.254282 7.300333 7.331802 7.349257 7.353225 7.344278 7.323073 7.290462 7.247593 7.196109 7.138304 7.077404 7.017794 6.965320 6.927450 6.913379 6.933844 7.000660 7.125883 7.320672 7.593413 7.944432 8.348231 8.734640 9.030833 9.222233 9.334434 9.393628 9.417909 9.419020 9.404630 9.379763 9.347733 9.310707 9.270081 9.226720
2.227723 2.416766 2.620662 2.838641 3.068634 3.307013 3.547644 3.781527 3.995735 4.174956 4.309469 4.422904 4.563538 4.746235 4.958570 5.185318 5.414337 5.637106 5.847993 6.043540 6.221866 6.382142 6.524266 6.648539 6.755536 6.845915 6.920388 6.979624 7.024264 7.054874 7.071994 7.076133 7.067842 7.047743 7.016663 6.975704 6.926444 6.871097 6.812768 6.755700 6.705546 6.669559 6.656695 6.677453 6.743460 6.866663 7.058248 7.326789 7.672951 8.071673 8.453249 8.745234 8.933262 9.042979 9.100514 9.123841 9.124562 9.110217 9.085717 9.054295 9.018052 8.978340 8.935992
2.164881 2.346441 2.542122 2.751168 2.971572 3.199814 3.429921 3.653097 3.856613 4.025305 4.149470 4.252642 4.382964 4.555225 4.757047 4.973370 5.192259 5.405398 5.607308 5.794639 5.965564 6.119276 6.255660 6.374997 6.477822 6.564754 6.636469 6.693597 6.736747 6.766452 6.783234 6.787571 6.779993 6.761094 6.731660 6.692748 6.645858 6.593101 6.537442 6.482932 6.434978 6.400539 6.388230 6.408208 6.471792 6.590734 6.776222 7.037088 7.374551 7.764322 8.137493 8.422242 8.604536 8.710048 8.764735 8.786313 8.786131 8.771505 8.747179 8.716252 8.680737 8.641923 8.600604
2.099234 2.272885 2.459881 2.659501 2.869826 3.087504 3.306812 3.519273 3.712500 3.871551 3.986686 4.081068 4.202329 4.364948 4.556575 4.762413 4.970872 5.173952 5.366415 5.545060 5.708151 5.854914 5.985226 6.099344 6.197765 6.281066 6.349880 6.404793 6.446381 6.475149 6.491588 6.496150 6.489336 6.471718 6.444034 6.407283 6.362885 6.312825 6.259896 6.207908 6.161958 6.128602 6.115994 6.133780 6.192788 6.304403 6.479692 6.727774 7.050675 7.425398 7.784522 8.057415 8.230556 8.329521 8.379829 8.398689 8.396999 8.381727 8.357355 8.326800 8.291951 8.254010 8.213720
2.031276 2.196656 2.374578 2.564373 2.764251 2.971104 3.179591 3.381763 3.565845 3.717367 3.826492 3.915433 4.030502 4.185393 4.367810 4.563488 4.761447 4.954193 5.136841 5.306426 5.461323 5.600811 5.724771 5.833433 5.927255 6.006767 6.072555 6.125165 6.165133 6.192932 6.209018 6.213826 6.207827 6.191553 6.165704 6.131214 6.089404 6.042120 5.991948 5.942408 5.898206 5.865391 5.851491 5.865426 5.917265 6.017707 6.177383 6.405520 6.705140 7.055394 7.391717 7.645808 7.804992 7.894368 7.938458 7.953505 7.949659 7.933355 7.908715 7.878408 7.844163 7.807072 7.767810
1.961526 2.118356 2.286904 2.466574 2.655758 2.851673 3.049531 3.242216 3.419066 3.566736 3.675565 3.765636 3.879859 4.030302 4.205156 4.391325 4.578907 4.761179 4.933766 5.094003 5.240430 5.372391 5.489778 5.592798 5.681863 5.757461 5.820128 5.870364 5.908664 5.935465 5.951200 5.956265 5.951112 5.936236 5.912289 5.880130 5.840983 5.796525 5.749115 5.701933 5.659221 5.626406 5.610222 5.618622 5.660569 5.745602 5.883302 6.082300 6.346260 6.657454 6.957032 7.181846 7.320592 7.396749 7.432635 7.442772 7.436152 7.418468 7.393361 7.363195 7.329497 7.293236 7.255004
1.890487 2.038570 2.197540 2.366886 2.545225 2.730176 2.917679 3.101774 3.273640 3.422321 3.539663 3.641639 3.763028 3.913236 4.082422 4.259827 4.437230 4.608980 4.771352 4.922053 5.059821 5.184079 5.294740 5.391985 5.476188 5.547784 5.607259 5.655070 5.691665 5.717450 5.732824 5.738160 5.733872 5.720425 5.698421 5.668645 5.632205 5.590608 5.545954 5.501053 5.459624 5.426381 5.407121 5.408614 5.438381 5.504275 5.613969 5.774127 5.987333 6.239090 6.481421 6.662618 6.773373 6.832709 6.858638 6.862966 6.853097 6.833771 6.808057 6.777956 6.744773 6.709331 6.672133
1.818557 1.957782 2.107068 2.265981 2.433401 2.607372 2.784686 2.960718 3.129051 3.282299 3.415923 3.540071 3.675447 3.828409 3.993125 4.162200 4.329543 4.490749 4.642827 4.783896 4.912904 5.029371 5.133222 5.224624 5.303904 5.371450 5.427691 5.473045 5.507914 5.532670 5.547675 5.553280 5.549866 5.537862 5.517817 5.490447 5.456733 5.418013 5.376113 5.333457 5.293209 5.259328 5.236597 5.230487 5.246887 5.291629 5.369870 5.485093 5.636567 5.811604 5.978176 6.103679 6.181112 6.221456 6.236478 6.234542 6.221193 6.200109 6.173726 6.143664 6.110988 6.076369 6.040215
1.745999 1.876354 2.015940 2.164405 2.320880 2.483831 2.650864 2.818649 2.983003 3.139761 3.287296 3.430437 3.577734 3.732562 3.892439 4.053028 4.210239 4.360867 4.502635 4.634062 4.754303 4.862969 4.960003 5.045553 5.119899 5.183385 5.236388 5.279274 5.312407 5.336124 5.350753 5.356619 5.354069 5.343502 5.325412 5.300441 5.269452 5.233608 5.194467 5.154075 5.115043 5.080588 5.054502 5.040982 5.044336 5.068470 5.116192 5.188162 5.281052 5.384524 5.480950 5.554367 5.600006 5.621967 5.626352 5.618291 5.601542 5.578749 5.551735 5.521742 5.489593 5.455819 5.420730
1.673114 1.794679 1.924642 2.062736 2.208297 2.360170 2.516620 2.675349 2.833716 2.989375 3.141463 3.291573 3.442466 3.595237 3.748596 3.900026 4.046873 4.186889 4.318395 4.440257 4.551814 4.652756 4.743038 4.822788 4.892242 4.951698 5.001479 5.041912 5.073311 5.095986 5.110229 5.116339 5.114634 5.105475 5.089309 5.066705 5.038415 5.005432 4.969067 4.931004 4.893353 4.858649 4.829797 4.809895 4.801927 4.808319 4.830319 4.867234 4.915543 4.968341 5.016528 5.052488 5.073219 5.079777 5.074900 5.061406 5.041630 5.017343 4.989826 4.959981 4.928417 4.895522 4.861524
1.600346 1.713284 1.833800 1.961690 2.096453 2.237226 2.382759 2.531452 2.681549 2.831498 2.980443 3.128415 3.275802 3.422465 3.567355 3.708811 3.845042 3.974463 4.095837 4.208304 4.311349 4.404723 4.488389 4.562449 4.627100 4.682592 4.729202 4.767210 4.796896 4.818529 4.832376 4.838705 4.837809 4.830013 4.815717 4.795423 4.769778 4.739625 4.706047 4.670412 4.634391 4.599945 4.569246 4.544522 4.527799 4.520545 4.523242 4.534965 4.553089 4.573442 4.591256 4.602683 4.605848 4.600774 4.588574 4.570686 4.548464 4.523019 4.495203 4.465630 4.434727 4.402764 4.369890
1.528197 1.632753 1.744087 1.862041 1.986228 2.115996 2.250418 2.388332 2.528458 2.669588 2.810771 2.951376 3.090906 3.228661 3.363609 3.494485 3.619981 3.738931 3.850405 3.953744 4.048532 4.134569 4.211816 4.280351 4.340331 4.391962 4.435475 4.471110 4.499107 4.519707 4.533145 4.539665 4.539528 4.533033 4.520532 4.502465 4.479389 4.452010 4.421219 4.388113 4.354003 4.320385 4.288872 4.261060 4.238332 4.221613 4.211113 4.206122 4.204971 4.205267 4.204420 4.200307 4.191750 4.178509 4.160979 4.139850 4.115856 4.089659 4.061787 4.032640 4.002492 3.971517 3.939802
1.457159 1.553650 1.656153 1.764536 1.878489 1.997501 2.120858 2.247664 2.376911 2.507575 2.638701 2.769423 2.898904 3.026253 3.150482 3.270536 3.385390 3.494140 3.596061 3.690624 3.777491 3.856487 3.927568 3.990788 4.046267 4.094168 4.134682 4.168010 4.194359 4.213937 4.226954 4.233627 4.234194 4.228920 4.218121 4.202177 4.181568 4.156883 4.128851 4.098349 4.066402 4.034152 4.002800 3.973502 3.947234 3.924637 3.905861 3.890489 3.877545 3.865680 3.853462 3.839708 3.823664 3.805048 3.783948 3.760665 3.735574 3.709041 3.681375 3.652814 3.623523 3.593598 3.563078
1.387678 1.476481 1.570574 1.669838 1.774012 1.882681 1.995266 2.111042 2.229178 2.348777 2.468928 2.588730 2.707296 2.823713 2.937055 3.046415 3.150944 3.249912 3.342727 3.428950 3.508296 3.580602 3.645818 3.703969 3.755146 3.799473 3.837106 3.868208 3.892957 3.911530 3.924114 3.930902 3.932106 3.927965 3.918757 3.904815 3.886547 3.864448 3.839113 3.811246 3.781651 3.751205 3.720814 3.691335 3.663495 3.637776 3.614350 3.593028 3.573297 3.554430 3.535630 3.516199 3.495661 3.473785 3.450546 3.426049 3.400468 3.373989 3.346776 3.318958 3.290619 3.261801 3.232509
1.320133 1.401672 1.487831 1.578497 1.673441 1.772311 1.874623 1.979770 2.087045 2.195667 2.304812 2.413633 2.521269 2.626870 2.729606 2.828687 2.923398 3.013124 3.097366 3.175750 3.248022 3.314030 3.373711 3.427072 3.474170 3.515100 3.549983 3.578952 3.602156 3.619746 3.631886 3.638747 3.640518 3.637412 3.629674 3.617596 3.601526 3.581878 3.559144 3.533890 3.506752 3.478412 3.449567 3.420875 3.392895 3.366025 3.340460 3.316167 3.292911 3.270315 3.247952 3.225438 3.202475 3.178886 3.154605 3.129652 3.104090 3.078002 3.051461 3.024526 2.997227 2.969568 2.941528
1.254828 1.329557 1.408296 1.490932 1.577260 1.666972 1.759652 1.854784 1.951758 2.049897 2.148466 2.246706 2.343852 2.439142 2.531837 2.621258 2.706784 2.787893 2.864155 2.935241 3.000921 3.061049 3.115551 3.164416 3.207677 3.245399 3.277675 3.304613 3.326333 3.342966 3.354652 3.361544 3.363809 3.361635 3.355240 3.344878 3.330847 3.313497 3.293233 3.270515 3.245855 3.219792 3.192872 3.165612 3.138462 3.111764 3.085724 3.060407 3.035743 3.011571 2.987673 2.963829 2.939862 2.915656 2.891147 2.866318 2.841180 2.815757 2.790070 2.764133 2.737944 2.711483 2.684713
1.191995 1.260384 1.332235 1.407435 1.485795 1.567042 1.650815 1.736666 1.824074 1.912449 2.001160 2.089539 2.176910 2.262607 2.345993 2.426477 2.503529 2.576694 2.645599 2.709950 2.769536 2.824214 2.873906 2.918581 2.958254 2.992966 3.022786 3.047798 3.068101 3.083805 3.095032 3.101913 3.104597 3.103252 3.098069 3.089269 3.077110 3.061886 3.043935 3.023638 3.001407 2.977674 2.952880 2.927440 2.901724 2.876031 2.850571 2.825457 2.800711 2.776285 2.752092 2.728032 2.704008 2.679943 2.655784 2.631506 2.607095 2.582546 2.557852 2.533004 2.507977 2.482741 2.457248
1.131796 1.194318 1.259816 1.328177 1.399227 1.472721 1.548341 1.625702 1.704351 1.783782 1.863446 1.942771 2.021180 2.098097 2.172972 2.245296 2.314610 2.380520 2.442697 2.500877 2.554868 2.604529 2.649777 2.690572 2.726908 2.758812 2.786331 2.809528 2.828484 2.843290 2.854052 2.860883 2.863916 2.863297 2.859195 2.851803 2.841342 2.828065 2.812254 2.794225 2.774317 2.752883 2.730280 2.706851 2.682904 2.658705 2.634453 2.610286 2.586277 2.562452 2.538793 2.515255 2.491797 2.468379 2.444968 2.421537 2.398069 2.374544 2.350944 2.327245 2.303415 2.279416 2.255198
1.074329 1.131450 1.191120 1.253229 1.317614 1.384055 1.452274 1.521934 1.592647 1.663977 1.735460 1.806603 1.876906 1.945880 2.013054 2.077992 2.140297 2.199627 2.255692 2.308254 2.357136 2.402204 2.443372 2.480590 2.513843 2.543138 2.568509 2.590003 2.607683 2.621626 2.631921 2.638667 2.641979 2.641987 2.638839 2.632703 2.623771 2.612258 2.598404 2.582472 2.564743 2.545510 2.525068 2.503701 2.481674 2.459215 2.436514 2.413713 2.390909 2.368158 2.345487 2.322902 2.300395 2.277947 2.255539 2.233153 2.210770 2.188369 2.165925 2.143412 2.120795 2.098033 2.075078
1.019637 1.071808 1.126155 1.182573 1.240911 1.300972 1.362510 1.425232 1.488804 1.552852 1.616977 1.680760 1.743781 1.805621 1.865876 1.924173 1.980169 2.033565 2.084105 2.131578 2.175818 2.216701 2.254137 2.288074 2.318487 2.345371 2.368746 2.388647 2.405124 2.418239 2.428068 2.434696 2.438224 2.438766 2.436450 2.431426 2.423857 2.413928 2.401844 2.387827 2.372111 2.354943 2.336567 2.317224 2.297137 2.276510 2.255514 2.234289 2.212942 2.191550 2.170160 2.148796 2.127469 2.106183 2.084933 2.063708 2.042495 2.021273 2.000019 1.978707 1.957301 1.935764 1.914050
0.9677219 1.015368 1.064871 1.116128 1.169000 1.223311 1.278843 1.335342 1.392519 1.450056 1.507613 1.564834 1.621357 1.676824 1.730896 1.783248 1.833588 1.881655 1.927222 1.970101 2.010140 2.047222 2.081260 2.112198 2.140003 2.164666 2.186194 2.204611 2.219957 2.232280 2.241647 2.248129 2.251815 2.252804 2.251208 2.247157 2.240793 2.232276 2.221781 2.209494 2.195616 2.180352 2.163910 2.146492 2.128292 2.109485 2.090228 2.070651 2.050860 2.030934 2.010934 1.990905 1.970873 1.950848 1.930835 1.910831 1.890826 1.870806 1.850750 1.830632 1.810424 1.790089 1.769587
0.9185450 0.9620697 1.007175 1.053763 1.101708 1.150849 1.200998 1.251932 1.303401 1.355132 1.406834 1.458203 1.508937 1.558731 1.607290 1.654340 1.699625 1.742919 1.784024 1.822768 1.859016 1.892657 1.923609 1.951813 1.977234 1.999856 2.019678 2.036716 2.051001 2.062572 2.071482 2.077795 2.081587 2.082943 2.081963 2.078758 2.073453 2.066186 2.057104 2.046370 2.034151 2.020623 2.005961 1.990339 1.973923 1.956865 1.939305 1.921364 1.903144 1.884726 1.866176 1.847537 1.828841 1.810112 1.791362 1.772595 1.753804 1.734982 1.716110 1.697169 1.678132 1.658969 1.639642
