T6-multimodels/model30.grd
DSAA
         100         100
  -15.00000       15.00000    
  -15.00000       15.00000    
  0.1455814       9.955608    
[rows 56 to 83 of 100, columns 0 to 62 of 100]
2.118197 2.328418 2.555461 2.798392 3.054841 3.320730 3.589317 3.850853 4.091562 4.295228 4.451228 4.582297 4.735810 4.925642 5.138277 5.357331 5.569490 5.765123 5.937587 6.082568 6.197499 6.281086 6.333012 6.353683 6.344172 6.306146 6.241949 6.154627 6.048067 5.927048 5.797330 5.665593 5.539375 5.426782 5.336154 5.275528 5.252121 5.271749 5.338435 5.454127 5.618663 5.829848 6.083828 6.375668 6.700281 7.053115 7.430130 7.826011 8.229491 8.613380 8.934439 9.167136 9.324106 9.430317 9.503323 9.553632 9.587628 9.609382 9.621583 9.626048 9.624030 9.616367 9.603630
2.086717 2.293479 2.516783 2.755691 3.007853 3.269207 3.533046 3.789661 4.025320 4.223873 4.374760 4.500784 4.649383 4.834499 5.042686 5.257619 5.466041 5.658361 5.827972 5.970580 6.083641 6.165861 6.216914 6.237197 6.227757 6.190230 6.126918 6.040816 5.935756 5.816452 5.688594 5.558787 5.434494 5.323748 5.234820 5.175687 5.153515 5.174085 5.241403 5.357409 5.521954 5.732863 5.986319 6.277427 6.601147 6.952976 7.328918 7.723700 8.126089 8.508925 8.828997 9.060800 9.216975 9.322494 9.394911 9.444735 9.478345 9.499804 9.511800 9.516145 9.514084 9.506455 9.493827
2.051174 2.253955 2.472941 2.707197 2.954385 3.210471 3.468781 3.719656 3.949425 4.142003 4.286901 4.407007 4.549846 4.729444 4.932424 5.142540 5.346593 5.535047 5.701334 5.841196 5.952098 6.032755 6.082834 6.102718 6.093423 6.056550 5.994348 5.909756 5.806536 5.689324 5.563725 5.436249 5.314266 5.205716 5.118783 5.061367 5.040573 5.062134 5.130037 5.246216 5.410538 5.620864 5.873423 6.163380 6.485756 6.836113 7.210519 7.603756 8.004645 8.386065 8.704831 8.935449 9.090575 9.195187 9.266840 9.316036 9.349146 9.370227 9.381952 9.386132 9.384004 9.376397 9.363879
2.011684 2.209949 2.424021 2.652973 2.894478 3.144532 3.396504 3.640793 3.863796 4.049510 4.187537 4.300856 4.437077 4.610322 4.807311 5.011879 5.210904 5.394914 5.557389 5.694109 5.802558 5.881458 5.930473 5.949959 5.940908 5.904870 5.844045 5.761297 5.660309 5.545620 5.422726 5.298032 5.178788 5.072814 4.988185 4.932704 4.913397 4.935942 5.004296 5.120393 5.284123 5.493397 5.744514 6.032714 6.353104 6.701339 7.073564 7.464636 7.863441 8.242905 8.559878 8.788905 8.942649 9.046079 9.116746 9.165137 9.197612 9.218209 9.229594 9.233556 9.231324 9.223724 9.211316
1.968411 2.161617 2.370174 2.593155 2.828254 3.071499 3.316312 3.553156 3.768513 3.946470 4.076724 4.182354 4.311088 4.477146 4.667349 4.865630 5.058954 5.237928 5.396091 5.529268 5.634966 5.711919 5.759782 5.778892 5.770205 5.735222 5.676075 5.595551 5.497231 5.385548 5.265868 5.144455 5.028415 4.925422 4.843415 4.790068 4.772309 4.795745 4.864296 4.979898 5.142481 5.350019 5.598900 5.884482 6.201987 6.547184 6.916335 7.304400 7.700349 8.077177 8.391777 8.618707 8.770638 8.872539 8.941945 8.989318 9.020992 9.040984 9.051936 9.055617 9.053244 9.045630 9.033321
1.921582 2.109189 2.311626 2.527973 2.755942 2.991606 3.228449 3.457020 3.663893 3.833260 3.954929 4.052082 4.172537 4.330627 4.513287 4.704561 4.891524 5.064872 5.218224 5.347452 5.450106 5.524925 5.571564 5.590337 5.582159 5.548475 5.491346 5.413465 5.318304 5.210157 5.094244 4.976659 4.864326 4.764744 4.685669 4.634620 4.618396 4.642512 4.710843 4.825331 4.985950 5.190772 5.436309 5.718063 6.031418 6.372306 6.737142 7.121017 7.513021 7.886233 8.197605 8.421740 8.571298 8.671228 8.739029 8.785123 8.815801 8.835045 8.845459 8.848789 8.846229 8.838571 8.826355
1.871495 2.052974 2.248702 2.457765 2.677906 2.905253 3.133374 3.352921 3.550588 3.710678 3.823097 3.911116 4.022653 4.172131 4.346595 4.530218 4.710202 4.877364 5.025417 5.150310 5.249632 5.322147 5.367500 5.385987 5.378483 5.346370 5.291629 5.216847 5.125368 5.021332 4.909783 4.796608 4.688517 4.592777 4.516928 4.468286 4.453484 4.477918 4.545403 4.657883 4.815397 5.016137 5.256781 5.533031 5.840485 6.175292 6.534078 6.912131 7.298702 7.667000 7.974054 8.194483 8.340942 8.438340 8.504114 8.548615 8.578071 8.596399 8.606161 8.609059 8.606256 8.598528 8.586391
1.818526 1.993374 2.181832 2.383000 2.594663 2.813030 3.031784 3.241718 3.429679 3.580098 3.682969 3.761605 3.863932 4.004432 4.170255 4.345722 4.518205 4.678679 4.820991 4.941182 5.036903 5.106953 5.150975 5.169245 5.162592 5.132338 5.080371 5.009164 4.921919 4.822599 4.716032 4.607873 4.504566 4.413098 4.340733 4.294535 4.280917 4.305122 4.370877 4.480125 4.632982 4.827791 5.061443 5.329897 5.629034 5.955297 6.305603 6.675510 7.054509 7.416000 7.717140 7.932599 8.074998 8.169148 8.232374 8.274910 8.302878 8.320110 8.329092 8.331472 8.328374 8.320539 8.308469
1.763128 1.930880 2.111555 2.304274 2.506890 2.715726 2.924637 3.124629 3.302759 3.443618 3.537234 3.606838 3.700244 3.831875 3.988955 4.155993 4.320597 4.473974 4.610156 4.725318 4.817204 4.884645 4.927301 4.945429 4.939814 4.911708 4.862908 4.795760 4.713304 4.619303 4.518348 4.415810 4.317816 4.231023 4.162352 4.118543 4.105735 4.128959 4.191823 4.296247 4.442430 4.628887 4.852773 5.110363 5.397901 5.712213 6.050608 6.409048 6.777404 7.129408 7.422427 7.631189 7.768245 7.858239 7.918288 7.958431 7.984620 8.000553 8.008619 8.010394 8.006941 7.998969 7.986944
1.705827 1.866071 2.038512 2.222308 2.415409 2.614314 2.813134 3.003210 3.171948 3.304178 3.389904 3.452005 3.537804 3.661437 3.810178 3.968829 4.125375 4.271365 4.401110 4.510973 4.598813 4.663529 4.704799 4.722859 4.718462 4.692785 4.647526 4.584896 4.507761 4.419662 4.324916 4.228573 4.136395 4.054635 3.989803 3.948241 3.935735 3.957042 4.015595 4.113254 4.250283 4.425384 4.635994 4.878762 5.150355 5.448065 5.769713 6.111831 6.464915 6.803301 7.084821 7.284373 7.414345 7.499029 7.555154 7.592420 7.616516 7.630948 7.637964 7.639043 7.635183 7.627038 7.615047
1.647193 1.799585 1.963417 2.137908 2.321145 2.509879 2.698612 2.879226 3.039747 3.165495 3.246392 3.304388 3.385504 3.503114 3.644576 3.795251 3.943766 4.082214 4.205298 4.309648 4.393277 4.455171 4.495039 4.513111 4.510092 4.487095 4.445711 4.388011 4.316672 4.234993 4.146996 4.057360 3.971433 3.895004 3.834094 3.794568 3.781774 3.800114 3.852776 3.941500 4.066572 4.226852 4.420055 4.643198 4.893381 5.168376 5.466573 5.785253 6.115945 6.434236 6.699039 6.885671 7.006185 7.084129 7.135480 7.169357 7.191044 7.203776 7.209618 7.209922 7.205603 7.197258 7.185289
1.587786 1.732055 1.886992 2.051893 2.225034 2.403502 2.582361 2.754333 2.908580 3.031551 3.113366 3.173865 3.255685 3.370603 3.506490 3.649911 3.790598 3.921460 4.037743 4.136425 4.215721 4.274721 4.313178 4.331318 4.329809 4.309692 4.272453 4.220017 4.154861 4.080028 3.999209 3.916698 3.837371 3.766496 3.709540 3.671810 3.658142 3.672491 3.717722 3.795381 3.905702 4.047631 4.219096 4.417408 4.639983 4.884905 5.150944 5.436096 5.733344 6.020776 6.260158 6.428173 6.536049 6.605582 6.651269 6.681264 6.700257 6.711118 6.715679 6.715144 6.710328 6.701762 6.689804
1.528022 1.663982 1.809830 1.964954 2.127861 2.296049 2.465323 2.629572 2.779806 2.904887 2.996454 3.070257 3.160827 3.277302 3.409552 3.546507 3.679623 3.802913 3.912320 4.005233 4.080111 4.136168 4.173206 4.191453 4.191541 4.174443 4.141533 4.094587 4.035878 3.968179 3.894842 3.819740 3.747247 3.682072 3.629072 3.592941 3.577926 3.587482 3.624068 3.688962 3.782267 3.902930 4.048987 4.217896 4.407156 4.614766 4.839286 5.078724 5.327271 5.567249 5.767471 5.908731 6.000208 6.059680 6.098935 6.124655 6.140741 6.149607 6.152815 6.151397 6.146059 6.137261 6.125311
1.467954 1.595501 1.732162 1.877406 2.030016 2.187920 2.347784 2.504846 2.652534 2.783293 2.892395 2.989787 3.095947 3.216988 3.346822 3.477775 3.603467 3.719199 3.821689 3.908786 3.979200 4.032284 4.067891 4.086259 4.087978 4.073956 4.045455 4.004103 3.951959 3.891531 3.825811 3.758248 3.692698 3.633287 3.584239 3.549603 3.533010 3.537371 3.564703 3.615978 3.691111 3.789002 3.907713 4.044751 4.197496 4.363523 4.540564 4.725676 4.913142 5.090322 5.238108 5.345446 5.417819 5.466233 5.498641 5.519892 5.532969 5.539784 5.541607 5.539291 5.533424 5.524392 5.512453
1.407215 1.526343 1.653804 1.789162 1.931453 2.079037 2.229407 2.379103 2.523805 2.659192 2.783466 2.901273 3.020960 3.145689 3.272743 3.397540 3.515741 3.623885 3.719445 3.800713 3.866655 3.916755 3.950918 3.969389 3.972718 3.961747 3.937625 3.901834 3.856220 3.803024 3.744885 3.684825 3.626190 3.572530 3.527435 3.494326 3.476215 3.475489 3.493729 3.531610 3.588876 3.664390 3.756267 3.862088 3.979172 4.104768 4.235970 4.369193 4.499213 4.618257 4.717690 4.793266 4.847312 4.884948 4.910625 4.927464 4.937566 4.942355 4.942811 4.939611 4.933226 4.923971 4.912053
1.345570 1.456360 1.574702 1.700250 1.832256 1.969465 2.110038 2.251563 2.391269 2.526672 2.656758 2.782952 2.907838 3.032318 3.154900 3.272855 3.383309 3.483804 3.572446 3.647921 3.709418 3.756542 3.789244 3.807770 3.812633 3.804604 3.784725 3.754327 3.715055 3.668884 3.618117 3.565365 3.513484 3.465478 3.424346 3.392912 3.373633 3.368406 3.378441 3.404172 3.445240 3.500545 3.568350 3.646447 3.732338 3.823366 3.916692 4.009128 4.096912 4.175851 4.242295 4.294660 4.333844 4.362065 4.381611 4.394339 4.401629 4.404490 4.403641 4.399600 4.392728 4.383273 4.371394
1.283236 1.385851 1.495251 1.611158 1.732991 1.859801 1.990241 2.122608 2.255030 2.385830 2.514019 2.639480 2.762442 2.882600 2.998730 3.108989 3.211403 3.304204 3.385990 3.455755 3.512874 3.557051 3.588274 3.606784 3.613053 3.607784 3.591912 3.566624 3.533369 3.493870 3.450112 3.404326 3.358918 3.316389 3.279212 3.249683 3.229771 3.220967 3.224187 3.239699 3.267127 3.305490 3.353294 3.408667 3.469491 3.533514 3.598403 3.661742 3.721076 3.774110 3.819144 3.855476 3.883426 3.903957 3.918226 3.927297 3.932040 3.933133 3.931082 3.926267 3.918955 3.909333 3.897516
1.220696 1.315381 1.416101 1.522629 1.634509 1.751008 1.871113 1.993569 2.116994 2.240067 2.361721 2.481194 2.597852 2.710851 2.819011 2.920913 3.015095 3.100247 3.175307 3.239502 3.292351 3.333631 3.363358 3.381761 3.389271 3.386522 3.374344 3.353786 3.326113 3.292812 3.255582 3.216301 3.176979 3.139678 3.106410 3.079024 3.059087 3.047770 3.045767 3.053259 3.069909 3.094908 3.127053 3.164846 3.206610 3.250583 3.294991 3.338110 3.378340 3.414328 3.445112 3.470254 3.489832 3.504276 3.514168 3.520105 3.522615 3.522136 3.519015 3.513513 3.505821 3.496073 3.484347
1.158503 1.245571 1.337956 1.435466 1.537726 1.644154 1.753958 1.866160 1.979661 2.093339 2.206135 2.317072 2.425193 2.529488 2.628842 2.722072 2.808030 2.885695 2.954244 3.013070 3.061795 3.100251 3.128471 3.146667 3.155228 3.154715 3.145865 3.129590 3.106988 3.079331 3.048059 3.014742 2.981042 2.948647 2.919184 2.894138 2.874750 2.861943 2.856263 2.857846 2.866429 2.881387 2.901795 2.926509 2.954254 2.983704 3.013552 3.042567 3.069656 3.093927 3.114769 3.131867 3.145179 3.154865 3.161207 3.164527 3.165136 3.163304 3.159256 3.153167 3.145164 3.135336 3.123734
1.097191 1.177013 1.261478 1.350412 1.443497 1.540253 1.640034 1.742042 1.845364 1.949020 2.052007 2.153331 2.252002 2.347006 2.437314 2.521912 2.599859 2.670332 2.732667 2.786378 2.831163 2.866892 2.893603 2.911489 2.920896 2.922316 2.916393 2.903920 2.885836 2.863225 2.837293 2.809349 2.780759 2.752895 2.727073 2.704480 2.686106 2.672688 2.664664 2.662158 2.664987 2.672693 2.684590 2.699832 2.717471 2.736529 2.756047 2.775139 2.793031 2.809100 2.822891 2.834132 2.842729 2.848720 2.852225 2.853405 2.852432 2.849465 2.844641 2.838069 2.829828 2.819971 2.808526
1.037226 1.110219 1.187230 1.268099 1.352545 1.440160 1.530398 1.622589 1.715956 1.809644 1.902754 1.994355 2.083504 2.169266 2.250727 2.327015 2.397339 2.461017 2.517507 2.566405 2.607464 2.640581 2.665792 2.683269 2.693316 2.696360 2.692960 2.683794 2.669667 2.651488 2.630269 2.607091 2.583074 2.559333 2.536928 2.516814 2.499785 2.486435 2.477127 2.471987 2.470901 2.473551 2.479444 2.487964 2.498420 2.510092 2.522278 2.534327 2.545667 2.555831 2.564474 2.571374 2.576408 2.579541 2.580804 2.580265 2.578006 2.574112 2.568658 2.561707 2.553301 2.543467 2.532211
0.9789953 1.045603 1.115664 1.189023 1.265429 1.344524 1.425839 1.508801 1.592743 1.676922 1.760539 1.842766 1.922772 1.999722 2.072814 2.141300 2.204511 2.261873 2.312931 2.357349 2.394918 2.425551 2.449284 2.466264 2.476754 2.481124 2.479850 2.473513 2.462791 2.448451 2.431330 2.412323 2.392345 2.372301 2.353048 2.335356 2.319867 2.307068 2.297267 2.290589 2.286982 2.286232 2.287998 2.291836 2.297248 2.303708 2.310697 2.317734 2.324392 2.330316 2.335223 2.338911 2.341255 2.342192 2.341705 2.339806 2.336523 2.331892 2.325947 2.318716 2.310216 2.300453 2.289421
0.9227997 0.9834826 1.047113 1.113542 1.182539 1.253787 1.326879 1.401320 1.476535 1.551885 1.626680 1.700199 1.771707 1.840485 1.905845 1.967146 2.023821 2.075385 2.121452 2.161737 2.196064 2.224356 2.246644 2.263053 2.273807 2.279222 2.279704 2.275744 2.267912 2.256848 2.243249 2.227848 2.211393 2.194623 2.178231 2.162840 2.148974 2.137037 2.127293 2.119870 2.114757 2.111823 2.110833 2.111478 2.113397 2.116208 2.119529 2.122996 2.126283 2.129110 2.131254 2.132547 2.132865 2.132128 2.130292 2.127336 2.123258 2.118060 2.111750 2.104331 2.095803 2.086158 2.075379
0.8688594 0.9240794 0.9818015 1.041881 1.104108 1.168198 1.233797 1.300475 1.367736 1.435033 1.501769 1.567325 1.631081 1.692419 1.750748 1.805524 1.856266 1.902562 1.944085 1.980590 2.011925 2.038025 2.058911 2.074689 2.085550 2.091759 2.093659 2.091664 2.086250 2.077951 2.067341 2.055025 2.041614 2.027710 2.013877 2.000623 1.988377 1.977477 1.968153 1.960532 1.954631 1.950379 1.947622 1.946144 1.945689 1.945979 1.946733 1.947677 1.948563 1.949173 1.949320 1.948853 1.947660 1.945662 1.942803 1.939045 1.934366 1.928750 1.922185 1.914662 1.906166 1.896680 1.886181
0.8173212 0.8675313 0.9198556 0.9741552 1.030237 1.087848 1.146676 1.206349 1.266443 1.326485 1.385973 1.444380 1.501169 1.555818 1.607829 1.656742 1.702147 1.743696 1.781109 1.814179 1.842770 1.866827 1.886364 1.901469 1.912300 1.919082 1.922101 1.921704 1.918287 1.912294 1.904199 1.894498 1.883692 1.872273 1.860701 1.849392 1.838702 1.828914 1.820231 1.812773 1.806579 1.801617 1.797790 1.794953 1.792927 1.791509 1.790491 1.789668 1.788845 1.787849 1.786531 1.784770 1.782463 1.779530 1.775911 1.771561 1.766446 1.760540 1.753819 1.746264 1.737853 1.728563 1.718367
0.7682666 0.8139034 0.8613194 0.9103828 0.9609168 1.012696 1.065445 1.118843 1.172524 1.226086 1.279099 1.331115 1.381688 1.430375 1.476754 1.520435 1.561072 1.598368 1.632086 1.662047 1.688134 1.710297 1.728544 1.742948 1.753639 1.760803 1.764682 1.765563 1.763775 1.759686 1.753686 1.746183 1.737589 1.728306 1.718711 1.709147 1.699911 1.691240 1.683313 1.676244 1.670084 1.664829 1.660421 1.656767 1.653742 1.651200 1.648989 1.646954 1.644947 1.642835 1.640491 1.637807 1.634697 1.631089 1.626923 1.622153 1.616739 1.610650 1.603857 1.596333 1.588053 1.578991 1.569117
0.7217261 0.7632030 0.8061725 0.8505106 0.8960558 0.9426073 0.9899246 1.037728 1.085704 1.133511 1.180785 1.227149 1.272219 1.315624 1.357008 1.396045 1.432440 1.465944 1.496352 1.523511 1.547320 1.567733 1.584755 1.598443 1.608904 1.616295 1.620812 1.622696 1.622220 1.619686 1.615417 1.609749 1.603020 1.595559 1.587678 1.579660 1.571752 1.564157 1.557032 1.550482 1.544565 1.539294 1.534641 1.530548 1.526929 1.523682 1.520696 1.517852 1.515037 1.512141 1.509069 1.505735 1.502062 1.497982 1.493440 1.488390 1.482791 1.476609 1.469813 1.462374 1.454265 1.445456 1.435920
0.6776866 0.7153910 0.7543441 0.7944302 0.8355027 0.8773833 0.9198605 0.9626932 1.005612 1.048324 1.090520 1.131881 1.172088 1.210828 1.247800 1.282728 1.315363 1.345492 1.372944 1.397584 1.419326 1.438128 1.453991 1.466960 1.477124 1.484610 1.489581 1.492237 1.492802 1.491527 1.488677 1.484530 1.479362 1.473446 1.467038 1.460375 1.453663 1.447076 1.440749 1.434781 1.429231 1.424124 1.419452 1.415181 1.411255 1.407602 1.404142 1.400788 1.397453 1.394054 1.390510 1.386746 1.382697 1.378306 1.373524 1.368308 1.362616 1.356417 1.349676 1.342367 1.334459 1.325926 1.316737
