T6-multimodels/model150.grd
DSAA
         100         100
  -15.00000       15.00000    
  -15.00000       15.00000    
  0.6382051       16.02345    
[rows 28 to 55 of 100, columns 0 to 62 of 100]
2.192963 2.329369 2.475384 2.630683 2.794431 2.965126 3.140410 3.316993 3.490741 3.657533 3.815796 3.970416 4.130006 4.298014 4.472031 4.647803 4.821335 4.989522 5.150195 5.301997 5.444212 5.576600 5.699255 5.812497 5.916791 6.012676 6.100731 6.181545 6.255694 6.323735 6.386199 6.443590 6.496380 6.545022 6.589949 6.631576 6.670320 6.706597 6.740843 6.773525 6.805165 6.836371 6.867877 6.900599 6.935743 6.974947 7.020511 7.075745 7.145286 7.234433 7.345675 7.474895 7.613526 7.753732 7.890039 8.018394 8.135274 8.237326 8.321397 8.384696 8.424950 8.440504 8.430416
2.281894 2.427317 2.583192 2.749113 2.923997 3.105920 3.291713 3.476797 3.654797 3.818382 3.963067 4.099062 4.247138 4.413726 4.593078 4.777885 4.962159 5.141599 5.313334 5.475614 5.627527 5.768754 5.899388 6.019781 6.130459 6.232029 6.325145 6.410462 6.488625 6.560248 6.625928 6.686208 6.741620 6.792651 6.839784 6.883472 6.924173 6.962349 6.998490 7.033116 7.066831 7.100333 7.134494 7.170432 7.209663 7.254331 7.307644 7.374668 7.463572 7.585573 7.746363 7.935062 8.132666 8.326488 8.510507 8.681170 8.835405 8.970041 9.081944 9.168285 9.226779 9.255811 9.254560
2.370393 2.524817 2.690531 2.867059 3.053047 3.246155 3.442363 3.635756 3.817560 3.976877 4.105607 4.219792 4.354280 4.518557 4.702867 4.896546 5.091480 5.282133 5.464905 5.637645 5.799242 5.949291 6.087886 6.215410 6.332455 6.439689 6.537847 6.627643 6.709802 6.784991 6.853866 6.917019 6.975034 7.028441 7.077765 7.123498 7.166149 7.206213 7.244240 7.280804 7.316586 7.352383 7.389206 7.428374 7.471715 7.521897 7.583072 7.662159 7.771201 7.928222 8.142645 8.395493 8.655725 8.905624 9.139023 9.353179 9.545653 9.713551 9.853809 9.963595 10.04064 10.08340 10.09116
2.456974 2.620284 2.795730 2.982747 3.179763 3.384035 3.590818 3.793041 3.980095 4.138691 4.259230 4.361864 4.489579 4.654523 4.844981 5.047959 5.253661 5.455492 5.649211 5.832300 6.003467 6.162233 6.308688 6.443258 6.566588 6.679417 6.782551 6.876776 6.962878 7.041585 7.113615 7.179605 7.240187 7.295938 7.347423 7.395174 7.439744 7.481673 7.521557 7.560032 7.597851 7.635905 7.675340 7.717662 7.764995 7.820479 7.889082 7.979224 8.105677 8.290523 8.545280 8.846895 9.157314 9.454597 9.731321 9.984605 10.21205 10.41070 10.57738 10.70913 10.80361 10.85925 10.87545
2.540575 2.712571 2.897540 3.094843 3.302733 3.518137 3.735760 3.947706 4.142251 4.304980 4.426131 4.527980 4.656923 4.826738 5.025228 5.238232 5.454892 5.667838 5.872334 6.065567 6.246094 6.413381 6.567523 6.708978 6.838457 6.956760 7.064767 7.163324 7.253288 7.335445 7.410561 7.479330 7.542430 7.600476 7.654078 7.703808 7.750257 7.794008 7.835706 7.876043 7.915841 7.956079 7.998025 8.043348 8.094436 8.154806 8.230040 8.329555 8.469625 8.674118 8.955405 9.289105 9.634344 9.966675 10.27718 10.56217 10.81872 11.04348 11.23288 11.38369 11.49335 11.56021 11.58365
2.620559 2.800956 2.995142 3.202427 3.420934 3.647352 3.876003 4.098464 4.302402 4.472939 4.600402 4.708027 4.843533 5.021487 5.229642 5.453311 5.681032 5.904939 6.119938 6.323011 6.512599 6.688127 6.849702 6.997824 7.133256 7.256867 7.369599 7.472364 7.566081 7.651587 7.729706 7.801178 7.866725 7.927005 7.982664 8.034314 8.082586 8.128107 8.171561 8.213695 8.255389 8.297709 8.342023 8.390147 8.444668 8.509397 8.590341 8.697516 8.847977 9.066355 9.365391 9.720307 10.08916 10.44627 10.78163 11.09074 11.37001 11.61553 11.82327 11.98958 12.11164 12.18758 12.21672
2.696508 2.884941 3.087948 3.304811 3.533561 3.770724 4.010374 4.243767 4.458236 4.638678 4.775465 4.892203 5.037127 5.225120 5.443910 5.678551 5.917243 6.151812 6.376935 6.589441 6.787696 6.971109 7.139801 7.294309 7.435453 7.564161 7.681436 7.788250 7.885578 7.974317 8.055331 8.129413 8.197322 8.259756 8.317403 8.370905 8.420936 8.468154 8.513289 8.557137 8.600633 8.644908 8.691422 8.742108 8.799705 8.868241 8.954002 9.067359 9.225779 9.454265 9.765740 10.13527 10.52048 10.89504 11.24834 11.57523 11.87157 12.13290 12.35474 12.53303 12.66463 12.74746 12.78070
2.768117 2.964152 3.175507 3.401446 3.639942 3.887415 4.137779 4.382090 4.607481 4.798707 4.946122 5.073433 5.229012 5.427821 5.657545 5.903080 6.152421 6.397198 6.631944 6.853384 7.059842 7.250716 7.426146 7.586713 7.733283 7.866840 7.988442 8.099120 8.199900 8.291723 8.375509 8.452088 8.522261 8.586759 8.646309 8.701586 8.753294 8.802131 8.848866 8.894327 8.939511 8.985602 9.034134 9.087132 9.147446 9.219262 9.309041 9.427375 9.591949 9.827952 10.14840 10.52830 10.92508 11.31208 11.67828 12.01810 12.32696 12.59999 12.83229 13.01945 13.15804 13.24576 13.28164
2.835155 3.038305 3.257465 3.491896 3.739536 3.996732 4.257294 4.512145 4.748279 4.950340 5.108606 5.246765 5.413193 5.622828 5.863265 6.119283 6.378735 6.633129 6.876892 7.106692 7.320821 7.518679 7.700427 7.866683 8.018356 8.156480 8.282168 8.396496 8.500542 8.595294 8.681710 8.760660 8.832981 8.899442 8.960797 9.017757 9.071054 9.121424 9.169661 9.216639 9.263387 9.311146 9.361505 9.416559 9.479253 9.553864 9.646983 9.769325 9.938706 10.18043 10.50754 10.89503 11.30017 11.69613 12.07163 12.42079 12.73873 13.02023 13.26008 13.45359 13.59706 13.68799 13.72530
2.897445 3.107180 3.333556 3.575835 3.831933 4.098147 4.368216 4.632964 4.879285 5.091720 5.260463 5.409132 5.586025 5.806001 6.056576 6.322422 6.591291 6.854596 7.106699 7.344225 7.565448 7.769773 7.957381 8.128922 8.285346 8.427735 8.557240 8.674993 8.782102 8.879602 8.968493 9.049673 9.124018 9.192327 9.255383 9.313925 9.368717 9.420519 9.470158 9.518536 9.566728 9.616001 9.668001 9.724875 9.789626 9.866610 9.962490 10.08807 10.26123 10.50733 10.83943 11.23250 11.64376 12.04623 12.42844 12.78434 13.10879 13.39632 13.64149 13.83938 13.98608 14.07892 14.11672
2.954855 3.170617 3.403589 3.653032 3.916847 4.191299 4.470068 4.743913 4.999631 5.221680 5.400156 5.558587 5.745196 5.974751 6.234670 6.509536 6.787022 7.058465 7.318182 7.562761 7.790469 8.000713 8.193701 8.370102 8.530910 8.677237 8.810281 8.931202 9.041160 9.141220 9.232412 9.315674 9.391909 9.461941 9.526585 9.586604 9.642786 9.695914 9.746849 9.796518 9.846018 9.896660 9.950115 10.00858 10.07511 10.15409 10.25225 10.38045 10.55660 10.80609 11.14201 11.53928 11.95506 12.36228 12.74937 13.11010 13.43917 13.73094 13.97977 14.18056 14.32925 14.42305 14.46066
3.007294 3.228512 3.467441 3.723344 3.994114 4.275985 4.562594 4.844639 5.108852 5.339604 5.526913 5.694216 5.889637 6.127860 6.396221 6.679226 6.964468 7.243242 7.509818 7.760760 7.994327 8.209937 8.407805 8.588632 8.753436 8.903363 9.039645 9.163480 9.276054 9.378473 9.471790 9.556974 9.634953 9.706578 9.772687 9.834068 9.891531 9.945883 9.998000 10.04884 10.09952 10.15139 10.20613 10.26598 10.33402 10.41468 10.51473 10.64503 10.82355 11.07567 11.41448 11.81489 12.23401 12.64472 13.03532 13.39951 13.73182 14.02652 14.27779 14.48041 14.63021 14.72428 14.76124
3.054705 3.280803 3.525049 3.786709 4.063663 4.352124 4.645695 4.935022 5.206776 5.445259 5.640408 5.815577 6.018824 6.264746 6.540602 6.830830 7.122965 7.408250 7.680925 7.937541 8.176344 8.396752 8.599000 8.783805 8.952211 9.105394 9.244613 9.371090 9.486049 9.590610 9.685863 9.772799 9.852372 9.925453 9.992904 10.05553 10.11416 10.16961 10.22281 10.27470 10.32643 10.37938 10.43525 10.49629 10.56562 10.64769 10.74928 10.88128 11.06168 11.31586 11.65691 12.05971 12.48133 12.89458 13.28773 13.65436 13.98894 14.28560 14.53845 14.74215 14.89243 14.98631 15.02237
3.097060 3.327469 3.576401 3.843121 4.125503 4.419739 4.719400 5.015095 5.293442 5.538682 5.740691 5.922754 6.132846 6.385496 6.667906 6.964449 7.262616 7.553612 7.831643 8.093247 8.336663 8.561315 8.767443 8.955782 9.127398 9.283484 9.425326 9.554172 9.671265 9.777756 9.874753 9.963269 10.04428 10.11867 10.18733 10.25107 10.31075 10.36720 10.42135 10.47418 10.52685 10.58074 10.63758 10.69965 10.77006 10.85330 10.95615 11.08953 11.27141 11.52719 11.86992 12.27450 12.69796 13.11308 13.50805 13.87641 14.21253 14.51049 14.76430 14.96855 15.11891 15.21233 15.24734
3.134352 3.368514 3.621515 3.892621 4.179694 4.478915 4.783828 5.085005 5.369023 5.620073 5.827968 6.015939 6.231908 6.490345 6.778390 7.080373 7.383742 7.679665 7.962333 8.228260 8.475685 8.704031 8.913547 9.104980 9.279408 9.438045 9.582196 9.713132 9.832113 9.940310 10.03885 10.12877 10.21105 10.28661 10.35634 10.42108 10.48168 10.53901 10.59401 10.64766 10.70114 10.75584 10.81352 10.87645 10.94777 11.03197 11.13585 11.27033 11.45338 11.71040 12.05446 12.46040 12.88523 13.30170 13.69798 14.06752 14.40469 14.70347 14.95782 15.16229 15.31246 15.40527 15.43920
3.166594 3.403963 3.660435 3.935272 4.226334 4.529782 4.839143 5.144956 5.433767 5.689722 5.902597 6.095570 6.316505 6.579831 6.872642 7.179224 7.487000 7.787104 8.073711 8.343321 8.594169 8.825673 9.038093 9.232182 9.409030 9.569868 9.716018 9.848762 9.969378 10.07906 10.17894 10.27008 10.35347 10.43004 10.50071 10.56631 10.62772 10.68582 10.74153 10.79589 10.85007 10.90546 10.96385 11.02750 11.09957 11.18456 11.28926 11.42461 11.60858 11.86655 12.21159 12.61852 13.04436 13.46181 13.85900 14.22937 14.56722 14.86649 15.12111 15.32556 15.47542 15.56756 15.60046
3.193805 3.433854 3.693219 3.971162 4.265535 4.572488 4.885531 5.195180 5.487950 5.747955 5.964929 6.162014 6.387045 6.654403 6.951150 7.261542 7.572965 7.876541 8.166416 8.439093 8.692793 8.926938 9.141788 9.338106 9.516992 9.679685 9.827516 9.961787 10.08379 10.19472 10.29575 10.38792 10.47225 10.54969 10.62114 10.68747 10.74957 10.80831 10.86465 10.91959 10.97435 11.03033 11.08929 11.15353 11.22621 11.31183 11.41719 11.55322 11.73790 11.99661 12.34240 12.75010 13.17667 13.59482 13.99265 14.36357 14.70185 15.00140 15.25611 15.46044 15.60992 15.70141 15.73337
3.216017 3.458232 3.719933 4.000379 4.297416 4.607188 4.923183 5.235906 5.531847 5.795094 6.015360 6.215750 6.444060 6.714651 7.014552 7.327996 7.642347 7.948711 8.241223 8.516371 8.772374 9.008657 9.225477 9.423601 9.604143 9.768344 9.917550 10.05307 10.17620 10.28816 10.39012 10.48314 10.56824 10.64639 10.71849 10.78542 10.84808 10.90735 10.96418 11.01962 11.07485 11.13129 11.19071 11.25543 11.32858 11.41469 11.52056 11.65711 11.84233 12.10158 12.44791 12.85614 13.28324 13.70188 14.10015 14.47143 14.80997 15.10966 15.36436 15.56851 15.71762 15.80853 15.83968
3.233255 3.477139 3.740636 4.023005 4.322087 4.634015 4.952272 5.267346 5.565710 5.831432 6.054199 6.257098 6.487909 6.760965 7.063277 7.379055 7.695646 8.004148 8.298680 8.575726 8.833503 9.071429 9.289769 9.489293 9.671113 9.836483 9.986753 10.12324 10.24725 10.36002 10.46270 10.55637 10.64208 10.72078 10.79339 10.86079 10.92388 10.98356 11.04079 11.09659 11.15218 11.20898 11.26876 11.33383 11.40736 11.49383 11.60008 11.73702 11.92262 12.18228 12.52901 12.93764 13.36510 13.78408 14.18264 14.55415 14.89285 15.19259 15.44724 15.65121 15.79999 15.89042 15.92092
3.245547 3.490613 3.755382 4.039111 4.339637 4.653088 4.972940 5.289670 5.589740 5.857207 6.081744 6.286421 6.518997 6.793791 7.097800 7.415224 7.733398 8.043406 8.339368 8.617758 8.876790 9.115882 9.335300 9.535815 9.718549 9.884751 10.03578 10.17296 10.29760 10.41093 10.51413 10.60828 10.69442 10.77351 10.84648 10.91422 10.97762 11.03759 11.09510 11.15117 11.20702 11.26407 11.32410 11.38942 11.46319 11.54993 11.65643 11.79363 11.97951 12.23943 12.58641 12.99528 13.42298 13.84217 14.24091 14.61256 14.95134 15.25110 15.50569 15.70950 15.85804 15.94811 15.97813
3.252913 3.498685 3.764213 4.048752 4.350137 4.664496 4.985297 5.303012 5.604096 5.872597 6.098177 6.303900 6.537520 6.813347 7.118364 7.436765 7.755882 8.066789 8.363600 8.642790 8.902569 9.142360 9.362424 9.563531 9.746808 9.913507 10.06499 10.20258 10.32760 10.44127 10.54478 10.63922 10.72561 10.80494 10.87813 10.94607 11.00966 11.06981 11.12748 11.18371 11.23971 11.29691 11.35709 11.42256 11.49649 11.58337 11.69003 11.82739 12.01341 12.27349 12.62064 13.02966 13.45750 13.87681 14.27565 14.64738 14.98619 15.28596 15.54050 15.74422 15.89259 15.98244 16.01218
3.255367 3.501374 3.767154 4.051962 4.353633 4.668292 4.989408 5.307449 5.608871 5.877717 6.103649 6.309729 6.543699 6.819868 7.125220 7.443946 7.763374 8.074577 8.371674 8.651130 8.911158 9.151179 9.371457 9.572763 9.756222 9.923088 10.07472 10.21245 10.33760 10.45138 10.55500 10.64952 10.73601 10.81541 10.88867 10.95668 11.02033 11.08054 11.13826 11.19455 11.25060 11.30785 11.36808 11.43360 11.50758 11.59451 11.70122 11.83862 12.02470 12.28482 12.63201 13.04107 13.46895 13.88830 14.28717 14.65891 14.99774 15.29751 15.55203 15.75571 15.90403 15.99381 16.02345
3.252913 3.498686 3.764213 4.048753 4.350138 4.664496 4.985297 5.303012 5.604096 5.872598 6.098178 6.303901 6.537521 6.813347 7.118365 7.436766 7.755882 8.066789 8.363600 8.642790 8.902570 9.142361 9.362423 9.563535 9.746808 9.913508 10.06499 10.20259 10.32760 10.44127 10.54478 10.63922 10.72562 10.80494 10.87813 10.94607 11.00966 11.06981 11.12748 11.18371 11.23971 11.29691 11.35709 11.42256 11.49649 11.58337 11.69003 11.82738 12.01341 12.27349 12.62064 13.02966 13.45750 13.87681 14.27565 14.64738 14.98619 15.28596 15.54050 15.74422 15.89259 15.98244 16.01218
3.245547 3.490613 3.755383 4.039111 4.339636 4.653088 4.972940 5.289670 5.589739 5.857206 6.081743 6.286421 6.518998 6.793791 7.097800 7.415224 7.733398 8.043406 8.339368 8.617757 8.876788 9.115882 9.335300 9.535818 9.718547 9.884751 10.03578 10.17296 10.29760 10.41093 10.51413 10.60828 10.69442 10.77351 10.84648 10.91422 10.97762 11.03759 11.09509 11.15117 11.20702 11.26407 11.32410 11.38942 11.46319 11.54993 11.65643 11.79363 11.97951 12.23943 12.58641 12.99528 13.42298 13.84217 14.24091 14.61256 14.95134 15.25110 15.50569 15.70950 15.85803 15.94811 15.97813
3.233255 3.477139 3.740636 4.023005 4.322085 4.634015 4.952272 5.267346 5.565709 5.831431 6.054199 6.257098 6.487909 6.760965 7.063276 7.379054 7.695646 8.004146 8.298679 8.575726 8.833501 9.071428 9.289767 9.489292 9.671112 9.836483 9.986753 10.12324 10.24725 10.36001 10.46269 10.55637 10.64208 10.72078 10.79338 10.86079 10.92388 10.98356 11.04079 11.09659 11.15218 11.20898 11.26876 11.33383 11.40735 11.49383 11.60008 11.73701 11.92262 12.18227 12.52901 12.93763 13.36510 13.78408 14.18264 14.55415 14.89284 15.19259 15.44724 15.65121 15.79999 15.89042 15.92092
3.216016 3.458232 3.719933 4.000380 4.297417 4.607188 4.923184 5.235906 5.531847 5.795095 6.015359 6.215750 6.444061 6.714651 7.014553 7.327996 7.642348 7.948711 8.241223 8.516371 8.772375 9.008657 9.225477 9.423601 9.604143 9.768345 9.917549 10.05307 10.17620 10.28816 10.39012 10.48314 10.56824 10.64639 10.71849 10.78542 10.84808 10.90735 10.96419 11.01962 11.07485 11.13129 11.19071 11.25543 11.32859 11.41469 11.52056 11.65711 11.84233 12.10158 12.44791 12.85614 13.28324 13.70188 14.10015 14.47143 14.80997 15.10966 15.36436 15.56851 15.71762 15.80853 15.83968
3.193805 3.433854 3.693219 3.971163 4.265535 4.572489 4.885530 5.195179 5.487948 5.747955 5.964929 6.162014 6.387045 6.654403 6.951152 7.261542 7.572965 7.876540 8.166416 8.439093 8.692793 8.926938 9.141788 9.338106 9.516992 9.679683 9.827516 9.961785 10.08379 10.19472 10.29575 10.38792 10.47225 10.54969 10.62114 10.68747 10.74957 10.80831 10.86465 10.91960 10.97435 11.03033 11.08929 11.15353 11.22621 11.31183 11.41719 11.55322 11.73790 11.99661 12.34240 12.75009 13.17667 13.59482 13.99265 14.36357 14.70185 15.00140 15.25611 15.46044 15.60992 15.70141 15.73337
3.166594 3.403962 3.660434 3.935272 4.226334 4.529781 4.839142 5.144956 5.433765 5.689721 5.902596 6.095568 6.316505 6.579830 6.872639 7.179224 7.486997 7.787105 8.073709 8.343321 8.594166 8.825672 9.038093 9.232181 9.409030 9.569867 9.716018 9.848759 9.969378 10.07905 10.17894 10.27008 10.35347 10.43004 10.50070 10.56630 10.62772 10.68581 10.74153 10.79589 10.85006 10.90546 10.96384 11.02750 11.09957 11.18456 11.28926 11.42461 11.60858 11.86655 12.21159 12.61852 13.04436 13.46181 13.85900 14.22937 14.56722 14.86649 15.12111 15.32556 15.47542 15.56756 15.60046
