T6-multimodels/model150.grd
DSAA
         100         100
  -15.00000       15.00000    
  -15.00000       15.00000    
  0.6382051       16.02345    
[rows 0 to 27 of 100, columns 0 to 62 of 100]
0.7458948 0.7605605 0.7754412 0.7905139 0.8057528 0.8211305 0.8366182 0.8521845 0.8677975 0.8834236 0.8990291 0.9145786 0.9300365 0.9453673 0.9605373 0.9755126 0.9902598 1.004748 1.018946 1.032826 1.046362 1.059527 1.072300 1.084661 1.096589 1.108068 1.119082 1.129620 1.139670 1.149220 1.158264 1.166793 1.174801 1.182284 1.189236 1.195654 1.201535 1.206876 1.211674 1.215927 1.219634 1.222790 1.225395 1.227446 1.228940 1.229875 1.230247 1.230054 1.229293 1.227960 1.226052 1.223567 1.220503 1.216859 1.212632 1.207822 1.202430 1.196458 1.189908 1.182784 1.175095 1.166846 1.158048
0.7682211 0.7839667 0.7999584 0.8161702 0.8325742 0.8491405 0.8658358 0.8826265 0.8994760 0.9163469 0.9332003 0.9499967 0.9666981 0.9832651 0.9996583 1.015840 1.031773 1.047422 1.062755 1.077739 1.092345 1.106547 1.120318 1.133638 1.146486 1.158844 1.170696 1.182029 1.192832 1.203094 1.212808 1.221965 1.230561 1.238590 1.246050 1.252936 1.259245 1.264977 1.270129 1.274698 1.278683 1.282082 1.284893 1.287112 1.288739 1.289768 1.290199 1.290025 1.289245 1.287855 1.285850 1.283227 1.279982 1.276111 1.271612 1.266485 1.260728 1.254343 1.247332 1.239699 1.231449 1.222591 1.213135
0.7918272 0.8087498 0.8259538 0.8434108 0.8610899 0.8789580 0.8969784 0.9151129 0.9333208 0.9515602 0.9697883 0.9879606 1.006032 1.023958 1.041696 1.059203 1.076438 1.093362 1.109939 1.126131 1.141909 1.157242 1.172104 1.186470 1.200319 1.213632 1.226394 1.238590 1.250210 1.261242 1.271679 1.281515 1.290745 1.299365 1.307371 1.314761 1.321534 1.327687 1.333220 1.338131 1.342419 1.346081 1.349116 1.351522 1.353296 1.354434 1.354932 1.354786 1.353993 1.352546 1.350439 1.347670 1.344234 1.340126 1.335342 1.329879 1.323736 1.316911 1.309407 1.301226 1.292374 1.282859 1.272690
0.8167990 0.8350056 0.8535343 0.8723540 0.8914309 0.9107273 0.9302031 0.9498149 0.9695176 0.9892633 1.009003 1.028686 1.048264 1.067687 1.086905 1.105871 1.124538 1.142863 1.160804 1.178323 1.195384 1.211955 1.228007 1.243514 1.258454 1.272807 1.286557 1.299690 1.312193 1.324059 1.335279 1.345848 1.355762 1.365018 1.373613 1.381548 1.388819 1.395427 1.401373 1.406653 1.411269 1.415219 1.418501 1.421112 1.423049 1.424310 1.424889 1.424782 1.423984 1.422488 1.420288 1.417378 1.413750 1.409397 1.404316 1.398500 1.391948 1.384656 1.376626 1.367858 1.358358 1.348132 1.337192
0.8432291 0.8628380 0.8828160 0.9031292 0.9237397 0.9446063 0.9656834 0.9869225 1.008272 1.029680 1.051090 1.072445 1.093688 1.114763 1.135615 1.156189 1.176433 1.196299 1.215740 1.234715 1.253182 1.271109 1.288462 1.305216 1.321345 1.336829 1.351653 1.365801 1.379263 1.392030 1.404097 1.415457 1.426109 1.436051 1.445282 1.453802 1.461612 1.468711 1.475102 1.480783 1.485755 1.490017 1.493568 1.496406 1.498528 1.499929 1.500605 1.500549 1.499756 1.498216 1.495921 1.492865 1.489039 1.484436 1.479045 1.472861 1.465878 1.458092 1.449500 1.440104 1.429908 1.418917 1.407142
0.8712142 0.8923567 0.9139225 0.9358744 0.9581708 0.9807651 1.003607 1.026641 1.049810 1.073053 1.096306 1.119505 1.142587 1.165488 1.188143 1.210492 1.232476 1.254040 1.275133 1.295707 1.315719 1.335131 1.353909 1.372023 1.389449 1.406165 1.422156 1.437406 1.451907 1.465650 1.478630 1.490845 1.502293 1.512975 1.522890 1.532042 1.540431 1.548060 1.554932 1.561046 1.566405 1.571009 1.574857 1.577945 1.580273 1.581835 1.582626 1.582637 1.581863 1.580294 1.577920 1.574729 1.570710 1.565852 1.560144 1.553577 1.546143 1.537835 1.528648 1.518581 1.507637 1.495821 1.483142
0.9008585 0.9236796 0.9469869 0.9707394 0.9948912 1.019390 1.044180 1.069198 1.094379 1.119653 1.144951 1.170197 1.195318 1.220240 1.244891 1.269203 1.293109 1.316547 1.339460 1.361794 1.383503 1.404544 1.424882 1.444484 1.463324 1.481383 1.498642 1.515089 1.530714 1.545513 1.559481 1.572618 1.584924 1.596403 1.607055 1.616886 1.625900 1.634100 1.641491 1.648075 1.653855 1.658831 1.663004 1.666372 1.668932 1.670678 1.671605 1.671705 1.670967 1.669381 1.666932 1.663608 1.659397 1.654284 1.648254 1.641293 1.633389 1.624533 1.614717 1.603936 1.592192 1.579487 1.565831
0.9322726 0.9569325 0.9821518 1.007885 1.034082 1.060684 1.087627 1.114841 1.142251 1.169778 1.197340 1.224852 1.252232 1.279395 1.306260 1.332746 1.358778 1.384287 1.409208 1.433482 1.457057 1.479887 1.501933 1.523162 1.543546 1.563066 1.581704 1.599449 1.616294 1.632234 1.647269 1.661400 1.674631 1.686967 1.698413 1.708976 1.718662 1.727477 1.735430 1.742522 1.748758 1.754142 1.758673 1.762350 1.765171 1.767131 1.768221 1.768434 1.767757 1.766176 1.763679 1.760245 1.755856 1.750493 1.744140 1.736778 1.728391 1.718963 1.708484 1.696947 1.684347 1.670688 1.655977
0.9655710 0.9922481 1.019569 1.047485 1.075939 1.104865 1.134193 1.163842 1.193726 1.223756 1.253837 1.283875 1.313768 1.343422 1.372743 1.401641 1.430030 1.457830 1.484970 1.511382 1.537011 1.561806 1.585726 1.608734 1.630805 1.651916 1.672054 1.691207 1.709371 1.726546 1.742732 1.757935 1.772161 1.785419 1.797718 1.809068 1.819478 1.828957 1.837514 1.845156 1.851890 1.857719 1.862645 1.866667 1.869784 1.871990 1.873276 1.873632 1.873043 1.871493 1.868963 1.865431 1.860878 1.855279 1.848609 1.840846 1.831964 1.821947 1.810776 1.798439 1.784929 1.770246 1.754397
1.000877 1.029768 1.059401 1.089723 1.120671 1.152172 1.184143 1.216496 1.249131 1.281945 1.314829 1.347670 1.380360 1.412786 1.444839 1.476416 1.507419 1.537758 1.567351 1.596126 1.624017 1.650972 1.676946 1.701902 1.725813 1.748658 1.770425 1.791106 1.810699 1.829206 1.846634 1.862991 1.878288 1.892537 1.905753 1.917948 1.929135 1.939329 1.948539 1.956777 1.964051 1.970367 1.975729 1.980137 1.983589 1.986080 1.987600 1.988137 1.987675 1.986195 1.983674 1.980085 1.975399 1.969586 1.962616 1.954457 1.945081 1.934461 1.922572 1.909397 1.894924 1.879147 1.862072
1.038317 1.069639 1.101818 1.134796 1.168503 1.202857 1.237766 1.273125 1.308824 1.344741 1.380753 1.416730 1.452541 1.488057 1.523154 1.557712 1.591620 1.624775 1.657085 1.688468 1.718853 1.748184 1.776411 1.803499 1.829418 1.854152 1.877689 1.900025 1.921163 1.941110 1.959875 1.977474 1.993921 2.009235 2.023434 2.036537 2.048559 2.059521 2.069436 2.078319 2.086180 2.093030 2.098873 2.103712 2.107546 2.110368 2.112169 2.112934 2.112644 2.111277 2.108801 2.105188 2.100404 2.094411 2.087167 2.078634 2.068773 2.057547 2.044923 2.030877 2.015388 1.998448 1.980055
1.078022 1.112015 1.146999 1.182912 1.219674 1.257195 1.295368 1.334077 1.373191 1.412573 1.452074 1.491546 1.530840 1.569805 1.608297 1.646176 1.683315 1.719596 1.754916 1.789183 1.822320 1.854264 1.884964 1.914383 1.942496 1.969285 1.994744 2.018873 2.041681 2.063178 2.083383 2.102316 2.119998 2.136454 2.151707 2.165781 2.178701 2.190488 2.201162 2.210743 2.219244 2.226679 2.233055 2.238377 2.242644 2.245852 2.247990 2.249041 2.248984 2.247792 2.245431 2.241863 2.237041 2.230919 2.223447 2.214576 2.204254 2.192432 2.179069 2.164127 2.147578 2.129405 2.109604
1.120125 1.157055 1.195132 1.234288 1.274436 1.315474 1.357282 1.399725 1.442653 1.485906 1.529316 1.572706 1.615899 1.658720 1.701002 1.742585 1.783321 1.823077 1.861734 1.899191 1.935362 1.970181 2.003595 2.035565 2.066069 2.095094 2.122638 2.148707 2.173317 2.196486 2.218239 2.238603 2.257608 2.275286 2.291667 2.306782 2.320662 2.333336 2.344828 2.355163 2.364360 2.372436 2.379402 2.385267 2.390030 2.393688 2.396231 2.397639 2.397887 2.396942 2.394764 2.391307 2.386519 2.380341 2.372708 2.363557 2.352819 2.340434 2.326342 2.310494 2.292849 2.273381 2.252080
1.164764 1.204921 1.246407 1.289149 1.333052 1.377999 1.423856 1.470467 1.517658 1.565243 1.613023 1.660791 1.708346 1.755482 1.802001 1.847718 1.892461 1.936080 1.978438 2.019424 2.058943 2.096925 2.133314 2.168074 2.201185 2.232639 2.262443 2.290609 2.317161 2.342127 2.365540 2.387438 2.407859 2.426843 2.444429 2.460657 2.475565 2.489188 2.501560 2.512710 2.522665 2.531444 2.539066 2.545541 2.550872 2.555057 2.558084 2.559936 2.560584 2.559989 2.558106 2.554876 2.550231 2.544100 2.536404 2.527059 2.515982 2.503090 2.488306 2.471561 2.452801 2.431987 2.409097
1.212073 1.255775 1.301020 1.347727 1.395793 1.445087 1.495456 1.546720 1.598679 1.651115 1.703796 1.756482 1.808928 1.860895 1.912152 1.962485 2.011697 2.059610 2.106074 2.150962 2.194173 2.235632 2.275281 2.313088 2.349038 2.383130 2.415379 2.445808 2.474451 2.501346 2.526538 2.550076 2.572009 2.592386 2.611258 2.628673 2.644678 2.659319 2.672636 2.684667 2.695444 2.704996 2.713346 2.720508 2.726490 2.731292 2.734905 2.737307 2.738468 2.738342 2.736873 2.733994 2.729629 2.723684 2.716059 2.706650 2.695347 2.682043 2.666637 2.649037 2.629167 2.606970 2.582415
1.262182 1.309777 1.359162 1.410252 1.462933 1.517060 1.572457 1.628918 1.686209 1.744076 1.802244 1.860431 1.918354 1.975729 2.032287 2.087775 2.141963 2.194651 2.245668 2.294871 2.342151 2.387428 2.430646 2.471778 2.510814 2.547766 2.582656 2.615522 2.646410 2.675373 2.702467 2.727755 2.751297 2.773158 2.793397 2.812076 2.829252 2.844980 2.859311 2.872293 2.883965 2.894366 2.903523 2.911460 2.918191 2.923718 2.928033 2.931118 2.932938 2.933444 2.932572 2.930239 2.926344 2.920778 2.913415 2.904124 2.892763 2.879194 2.863283 2.844910 2.823968 2.800381 2.774100
1.315216 1.367079 1.421021 1.476950 1.534743 1.594239 1.655235 1.717494 1.780746 1.844692 1.909012 1.973373 2.037434 2.100863 2.163345 2.224585 2.284316 2.342308 2.398366 2.452334 2.504092 2.553557 2.600677 2.645430 2.687817 2.727860 2.765599 2.801085 2.834380 2.865552 2.894675 2.921825 2.947079 2.970514 2.992206 3.012226 3.030648 3.047536 3.062953 3.076959 3.089604 3.100935 3.110992 3.119806 3.127397 3.133775 3.138937 3.142865 3.145523 3.146855 3.146783 3.145215 3.142036 3.137104 3.130262 3.121343 3.110165 3.096549 3.080318 3.061312 3.039390 3.014444 2.986401
1.371287 1.427823 1.486770 1.548034 1.611481 1.676930 1.744152 1.812873 1.882778 1.953516 2.024709 2.095962 2.166881 2.237075 2.306168 2.373816 2.439710 2.503584 2.565218 2.624438 2.681115 2.735166 2.786542 2.835230 2.881245 2.924626 2.965428 3.003722 3.039590 3.073117 3.104398 3.133525 3.160594 3.185696 3.208925 3.230368 3.250111 3.268233 3.284813 3.299920 3.313621 3.325974 3.337032 3.346836 3.355418 3.362798 3.368980 3.373950 3.377672 3.380090 3.381118 3.380640 3.378510 3.374561 3.368595 3.360400 3.349745 3.336395 3.320120 3.300704 3.277962 3.251745 3.221949
1.430493 1.492131 1.556563 1.623694 1.693379 1.765415 1.839543 1.915445 1.992755 2.071062 2.149925 2.228878 2.307450 2.385180 2.461632 2.536401 2.609129 2.679510 2.747294 2.812289 2.874358 2.933416 2.989422 3.042376 3.092310 3.139281 3.183369 3.224666 3.263275 3.299307 3.332875 3.364094 3.393080 3.419942 3.444794 3.467739 3.488880 3.508314 3.526133 3.542425 3.557270 3.570744 3.582914 3.593838 3.603564 3.612124 3.619534 3.625788 3.630857 3.634676 3.637149 3.638144 3.637496 3.634990 3.630382 3.623395 3.613735 3.601095 3.585175 3.565689 3.542387 3.515067 3.483587
1.492907 1.560098 1.630523 1.704086 1.780629 1.859927 1.941684 2.025534 2.111050 2.197750 2.285114 2.372597 2.459653 2.545741 2.630345 2.712994 2.793272 2.870825 2.945371 3.016695 3.084653 3.149161 3.210187 3.267750 3.321901 3.372724 3.420324 3.464819 3.506341 3.545025 3.581010 3.614437 3.645440 3.674156 3.700715 3.725242 3.747859 3.768680 3.787818 3.805380 3.821463 3.836165 3.849573 3.861764 3.872808 3.882758 3.891647 3.899487 3.906256 3.911897 3.916306 3.919325 3.920746 3.920310 3.917710 3.912596 3.904585 3.893279 3.878282 3.859217 3.835750 3.807610 3.774601
1.558577 1.631789 1.708734 1.789315 1.873365 1.960628 2.050769 2.143361 2.237909 2.333852 2.430586 2.527478 2.623884 2.719174 2.812753 2.904071 2.992644 3.078063 3.160007 3.238238 3.312601 3.383016 3.449465 3.511986 3.570660 3.625598 3.676936 3.724826 3.769429 3.810912 3.849443 3.885188 3.918311 3.948969 3.977319 4.003504 4.027673 4.049959 4.070498 4.089415 4.106837 4.122881 4.137663 4.151286 4.163850 4.175437 4.186110 4.195905 4.204819 4.212798 4.219734 4.225453 4.229711 4.232182 4.232476 4.230139 4.224678 4.215571 4.202294 4.184352 4.161301 4.132773 4.098510
1.627518 1.707224 1.791224 1.879424 1.971640 2.067582 2.166864 2.268991 2.373383 2.479391 2.586315 2.693427 2.800003 2.905319 3.008682 3.109455 3.207073 3.301062 3.391054 3.476780 3.558073 3.634860 3.707137 3.774971 3.838471 3.897785 3.953087 4.004563 4.052413 4.096838 4.138037 4.176208 4.211545 4.244232 4.274450 4.302372 4.328165 4.351992 4.374010 4.394374 4.413237 4.430745 4.447049 4.462290 4.476604 4.490120 4.502942 4.515149 4.526772 4.537784 4.548079 4.557453 4.565601 4.572123 4.576516 4.578198 4.576520 4.570801 4.560349 4.544509 4.522694 4.494417 4.459333
1.699704 1.786376 1.877965 1.974378 2.075407 2.180725 2.289873 2.402272 2.517245 2.634043 2.751876 2.869936 2.987403 3.103470 3.217356 3.328321 3.435706 3.538955 3.637635 3.731439 3.820186 3.903804 3.982311 4.055803 4.124427 4.188372 4.247854 4.303103 4.354358 4.401858 4.445844 4.486544 4.524184 4.558980 4.591142 4.620869 4.648358 4.673797 4.697374 4.719275 4.739682 4.758784 4.776770 4.793830 4.810159 4.825943 4.841357 4.856541 4.871589 4.886510 4.901209 4.915466 4.928915 4.941039 4.951183 4.958580 4.962376 4.961669 4.955549 4.943153 4.923708 4.896579 4.861310
1.775066 1.869158 1.968849 2.074043 2.184502 2.299836 2.419494 2.542781 2.668896 2.796980 2.926157 3.055569 3.184372 3.311702 3.436683 3.558466 3.676264 3.789410 3.897385 3.999828 4.096531 4.187426 4.272551 4.352033 4.426064 4.494882 4.558749 4.617943 4.672750 4.723454 4.770332 4.813653 4.853678 4.890658 4.924831 4.956429 4.985679 5.012800 5.038013 5.061536 5.083592 5.104418 5.124255 5.143356 5.161993 5.180440 5.198973 5.217843 5.237243 5.257269 5.277862 5.298762 5.319495 5.339382 5.357557 5.372995 5.384562 5.391061 5.391300 5.384145 5.368593 5.343822 5.309253
1.853485 1.955419 2.063689 2.178185 2.298623 2.424519 2.555186 2.689761 2.827272 2.966731 3.107225 3.247930 3.388057 3.526769 3.663135 3.796158 3.924883 4.048477 4.166294 4.277890 4.383018 4.481602 4.573703 4.659484 4.739187 4.813099 4.881538 4.944836 5.003328 5.057345 5.107213 5.153238 5.195722 5.234949 5.271194 5.304723 5.335791 5.364656 5.391572 5.416800 5.440611 5.463291 5.485150 5.506528 5.527795 5.549357 5.571643 5.595080 5.620039 5.646753 5.675227 5.705173 5.735962 5.766644 5.796016 5.822681 5.845119 5.861748 5.871008 5.871434 5.861742 5.840899 5.808184
1.934786 2.044939 2.162208 2.286458 2.417329 2.554198 2.696167 2.842111 2.990784 3.141020 3.291912 3.442875 3.593463 3.743035 3.890619 4.035017 4.174993 4.309461 4.437577 4.558775 4.672740 4.779384 4.878781 4.971137 5.056744 5.135944 5.209119 5.276658 5.338950 5.396379 5.449317 5.498117 5.543120 5.584650 5.623018 5.658525 5.691463 5.722126 5.750809 5.777818 5.803478 5.828138 5.852193 5.876085 5.900329 5.925508 5.952295 5.981403 6.013525 6.049181 6.088519 6.131136 6.176069 6.221899 6.266893 6.309121 6.346542 6.377086 6.398747 6.409676 6.408272 6.393280 6.363840
2.018723 2.137411 2.264028 2.398396 2.540041 2.688131 2.841448 2.998430 3.157357 3.316724 3.475719 3.634425 3.793284 3.952219 4.110246 4.265778 4.417103 4.562720 4.701488 4.832651 4.955800 5.070813 5.177778 5.276938 5.368642 5.453296 5.531341 5.603232 5.669418 5.730337 5.786409 5.838040 5.885611 5.929486 5.970016 6.007541 6.042390 6.074895 6.105398 6.134253 6.161844 6.188600 6.215009 6.241652 6.269221 6.298562 6.330702 6.366849 6.408288 6.456100 6.510696 6.571434 6.636628 6.703912 6.770668 6.834214 6.891872 6.941010 6.979133 7.003991 7.013676 7.006721 6.982169
2.104955 2.232421 2.368651 2.513402 2.666041 2.825444 2.989914 3.157189 3.324669 3.490054 3.652532 3.813750 3.976528 4.142025 4.309024 4.475084 4.637640 4.794534 4.944189 5.085587 5.218181 5.341801 5.456542 5.562687 5.660635 5.750865 5.833884 5.910210 5.980358 6.044821 6.104076 6.158577 6.208748 6.255000 6.297721 6.337290 6.374077 6.408461 6.440822 6.471573 6.501164 6.530111 6.559016 6.588615 6.619840 6.653878 6.692296 6.737114 6.790775 6.855643 6.932739 7.020572 7.115524 7.213334 7.310042 7.402101 7.486214 7.559247 7.618278 7.660709 7.684393 7.687717 7.669692
