T6-multimodels/model30.grd
DSAA
         100         100
  -15.00000       15.00000    
  -15.00000       15.00000    
  0.1455814       9.955608    
[rows 28 to 55 of 100, columns 0 to 62 of 100]
1.407215 1.526343 1.653804 1.789161 1.931453 2.079037 2.229407 2.379102 2.523805 2.659192 2.783466 2.901273 3.020960 3.145689 3.272743 3.397540 3.515741 3.623885 3.719445 3.800714 3.866655 3.916755 3.950918 3.969390 3.972719 3.961747 3.937626 3.901834 3.856221 3.803024 3.744885 3.684825 3.626191 3.572530 3.527436 3.494326 3.476216 3.475489 3.493729 3.531610 3.588876 3.664390 3.756267 3.862087 3.979172 4.104768 4.235970 4.369193 4.499213 4.618256 4.717689 4.793265 4.847310 4.884947 4.910624 4.927464 4.937564 4.942354 4.942809 4.939609 4.933224 4.923969 4.912050
1.467953 1.595501 1.732161 1.877406 2.030016 2.187920 2.347783 2.504846 2.652533 2.783292 2.892395 2.989787 3.095946 3.216988 3.346823 3.477775 3.603467 3.719198 3.821689 3.908786 3.979200 4.032284 4.067890 4.086259 4.087978 4.073956 4.045455 4.004104 3.951959 3.891531 3.825812 3.758248 3.692698 3.633288 3.584239 3.549604 3.533010 3.537372 3.564703 3.615978 3.691111 3.789002 3.907712 4.044751 4.197495 4.363523 4.540562 4.725675 4.913141 5.090321 5.238107 5.345444 5.417816 5.466232 5.498639 5.519889 5.532967 5.539783 5.541605 5.539289 5.533421 5.524389 5.512449
1.528022 1.663982 1.809829 1.964953 2.127861 2.296049 2.465323 2.629572 2.779806 2.904886 2.996453 3.070257 3.160827 3.277303 3.409552 3.546508 3.679623 3.802913 3.912320 4.005234 4.080112 4.136169 4.173206 4.191454 4.191542 4.174443 4.141533 4.094587 4.035878 3.968181 3.894844 3.819740 3.747248 3.682072 3.629072 3.592941 3.577927 3.587482 3.624068 3.688963 3.782267 3.902930 4.048986 4.217897 4.407156 4.614766 4.839287 5.078724 5.327271 5.567249 5.767470 5.908729 6.000207 6.059678 6.098933 6.124654 6.140739 6.149606 6.152813 6.151395 6.146057 6.137259 6.125309
1.587785 1.732054 1.886991 2.051893 2.225034 2.403501 2.582360 2.754333 2.908579 3.031550 3.113365 3.173864 3.255685 3.370603 3.506490 3.649911 3.790599 3.921459 4.037744 4.136424 4.215721 4.274721 4.313177 4.331318 4.329810 4.309692 4.272453 4.220017 4.154860 4.080028 3.999209 3.916698 3.837371 3.766496 3.709540 3.671811 3.658141 3.672491 3.717722 3.795381 3.905701 4.047630 4.219096 4.417408 4.639983 4.884905 5.150944 5.436094 5.733343 6.020775 6.260157 6.428172 6.536049 6.605581 6.651268 6.681261 6.700256 6.711116 6.715677 6.715142 6.710326 6.701760 6.689803
1.647192 1.799585 1.963417 2.137907 2.321145 2.509878 2.698612 2.879225 3.039747 3.165494 3.246392 3.304388 3.385503 3.503114 3.644575 3.795250 3.943767 4.082214 4.205299 4.309647 4.393277 4.455171 4.495040 4.513111 4.510092 4.487095 4.445711 4.388011 4.316672 4.234993 4.146995 4.057360 3.971434 3.895004 3.834094 3.794567 3.781774 3.800114 3.852775 3.941500 4.066572 4.226852 4.420054 4.643197 4.893381 5.168376 5.466573 5.785253 6.115944 6.434236 6.699038 6.885670 7.006185 7.084130 7.135480 7.169356 7.191043 7.203775 7.209617 7.209921 7.205603 7.197258 7.185289
1.705827 1.866071 2.038512 2.222308 2.415409 2.614313 2.813133 3.003209 3.171947 3.304177 3.389904 3.452005 3.537803 3.661436 3.810178 3.968829 4.125374 4.271365 4.401109 4.510972 4.598813 4.663528 4.704797 4.722859 4.718461 4.692785 4.647525 4.584896 4.507761 4.419662 4.324915 4.228573 4.136394 4.054636 3.989802 3.948241 3.935735 3.957042 4.015594 4.113253 4.250282 4.425383 4.635993 4.878762 5.150353 5.448065 5.769712 6.111831 6.464914 6.803300 7.084820 7.284372 7.414344 7.499028 7.555153 7.592419 7.616514 7.630948 7.637964 7.639041 7.635181 7.627037 7.615046
1.763128 1.930879 2.111555 2.304274 2.506889 2.715726 2.924636 3.124629 3.302758 3.443617 3.537234 3.606837 3.700243 3.831875 3.988954 4.155991 4.320596 4.473974 4.610155 4.725319 4.817204 4.884645 4.927302 4.945428 4.939814 4.911707 4.862908 4.795760 4.713304 4.619303 4.518348 4.415810 4.317816 4.231024 4.162352 4.118543 4.105734 4.128958 4.191823 4.296247 4.442429 4.628888 4.852774 5.110363 5.397901 5.712213 6.050608 6.409048 6.777404 7.129408 7.422427 7.631189 7.768245 7.858239 7.918288 7.958430 7.984620 8.000553 8.008619 8.010393 8.006941 7.998968 7.986944
1.818525 1.993373 2.181832 2.383000 2.594663 2.813030 3.031783 3.241718 3.429678 3.580098 3.682969 3.761605 3.863933 4.004431 4.170255 4.345722 4.518205 4.678679 4.820990 4.941181 5.036904 5.106952 5.150977 5.169245 5.162592 5.132337 5.080371 5.009165 4.921920 4.822599 4.716033 4.607874 4.504566 4.413098 4.340734 4.294536 4.280917 4.305122 4.370879 4.480126 4.632983 4.827791 5.061445 5.329898 5.629034 5.955298 6.305603 6.675510 7.054511 7.416000 7.717140 7.932599 8.074998 8.169150 8.232374 8.274911 8.302879 8.320111 8.329091 8.331473 8.328375 8.320540 8.308469
1.871495 2.052974 2.248702 2.457765 2.677906 2.905253 3.133374 3.352922 3.550587 3.710678 3.823097 3.911117 4.022652 4.172132 4.346595 4.530219 4.710203 4.877364 5.025418 5.150311 5.249633 5.322147 5.367502 5.385989 5.378484 5.346372 5.291630 5.216847 5.125368 5.021334 4.909782 4.796609 4.688518 4.592778 4.516928 4.468288 4.453485 4.477920 4.545404 4.657883 4.815398 5.016138 5.256783 5.533033 5.840486 6.175294 6.534080 6.912133 7.298703 7.667001 7.974057 8.194484 8.340944 8.438343 8.504115 8.548616 8.578073 8.596400 8.606161 8.609060 8.606257 8.598529 8.586393
1.921581 2.109189 2.311626 2.527972 2.755942 2.991606 3.228449 3.457020 3.663893 3.833260 3.954928 4.052081 4.172537 4.330626 4.513287 4.704561 4.891523 5.064872 5.218223 5.347452 5.450105 5.524925 5.571565 5.590336 5.582159 5.548475 5.491347 5.413465 5.318304 5.210155 5.094244 4.976659 4.864327 4.764744 4.685669 4.634620 4.618396 4.642511 4.710843 4.825331 4.985950 5.190772 5.436308 5.718062 6.031418 6.372306 6.737142 7.121018 7.513021 7.886233 8.197606 8.421739 8.571298 8.671228 8.739028 8.785122 8.815802 8.835044 8.845459 8.848789 8.846229 8.838571 8.826355
1.968411 2.161618 2.370174 2.593155 2.828254 3.071499 3.316310 3.553156 3.768513 3.946470 4.076725 4.182354 4.311088 4.477147 4.667349 4.865631 5.058955 5.237928 5.396093 5.529268 5.634967 5.711919 5.759783 5.778892 5.770206 5.735223 5.676076 5.595551 5.497232 5.385548 5.265868 5.144456 5.028416 4.925423 4.843415 4.790068 4.772309 4.795745 4.864295 4.979898 5.142481 5.350019 5.598901 5.884483 6.201987 6.547184 6.916336 7.304400 7.700349 8.077176 8.391777 8.618707 8.770638 8.872538 8.941944 8.989318 9.020992 9.040984 9.051936 9.055617 9.053245 9.045629 9.033322
2.011684 2.209949 2.424021 2.652973 2.894478 3.144532 3.396505 3.640793 3.863797 4.049510 4.187537 4.300855 4.437077 4.610322 4.807311 5.011880 5.210905 5.394915 5.557392 5.694109 5.802558 5.881459 5.930473 5.949960 5.940908 5.904871 5.844046 5.761298 5.660309 5.545619 5.422728 5.298034 5.178788 5.072814 4.988185 4.932704 4.913397 4.935943 5.004296 5.120393 5.284124 5.493399 5.744514 6.032714 6.353105 6.701339 7.073564 7.464637 7.863442 8.242905 8.559880 8.788908 8.942651 9.046081 9.116747 9.165139 9.197613 9.218211 9.229595 9.233556 9.231324 9.223725 9.211316
2.051174 2.253956 2.472941 2.707197 2.954385 3.210471 3.468781 3.719656 3.949426 4.142003 4.286902 4.407007 4.549846 4.729443 4.932425 5.142540 5.346594 5.535048 5.701334 5.841196 5.952097 6.032755 6.082837 6.102719 6.093424 6.056549 5.994349 5.909756 5.806537 5.689325 5.563725 5.436250 5.314267 5.205717 5.118784 5.061368 5.040573 5.062135 5.130037 5.246217 5.410539 5.620865 5.873425 6.163381 6.485756 6.836115 7.210520 7.603757 8.004645 8.386067 8.704833 8.935451 9.090576 9.195187 9.266841 9.316037 9.349146 9.370228 9.381955 9.386132 9.384005 9.376398 9.363881
2.086717 2.293480 2.516783 2.755692 3.007854 3.269207 3.533046 3.789661 4.025321 4.223874 4.374761 4.500785 4.649383 4.834499 5.042686 5.257621 5.466042 5.658362 5.827971 5.970582 6.083641 6.165862 6.216915 6.237197 6.227759 6.190230 6.126919 6.040816 5.935756 5.816452 5.688594 5.558787 5.434494 5.323748 5.234820 5.175686 5.153515 5.174084 5.241403 5.357410 5.521954 5.732863 5.986319 6.277429 6.601147 6.952976 7.328918 7.723700 8.126090 8.508925 8.828997 9.060800 9.216974 9.322494 9.394911 9.444735 9.478345 9.499804 9.511800 9.516144 9.514081 9.506454 9.493826
2.118197 2.328418 2.555462 2.798392 3.054841 3.320730 3.589317 3.850854 4.091562 4.295229 4.451228 4.582297 4.735812 4.925642 5.138278 5.357331 5.569492 5.765125 5.937589 6.082567 6.197500 6.281088 6.333012 6.353683 6.344172 6.306147 6.241951 6.154627 6.048068 5.927049 5.797330 5.665594 5.539376 5.426782 5.336155 5.275528 5.252123 5.271749 5.338436 5.454128 5.618665 5.829849 6.083828 6.375670 6.700282 7.053116 7.430132 7.826013 8.229493 8.613382 8.934440 9.167137 9.324109 9.430317 9.503324 9.553633 9.587629 9.609383 9.621585 9.626050 9.624031 9.616368 9.603632
2.145541 2.358711 2.588940 2.835283 3.095366 3.365088 3.637683 3.903370 4.148326 4.356293 4.516595 4.651917 4.809562 5.003353 5.219721 5.442236 5.657539 5.855964 6.030835 6.177820 6.294346 6.379110 6.431799 6.452833 6.443304 6.404906 6.340017 6.251721 6.143957 6.021553 5.890324 5.757012 5.629214 5.515091 5.423041 5.361148 5.336666 5.355436 5.421503 5.536820 5.701218 5.912484 6.166741 6.459026 6.784217 7.137730 7.515486 7.912138 8.316389 8.701024 9.022782 9.256136 9.413699 9.520431 9.593882 9.644564 9.678856 9.700834 9.713190 9.717742 9.715745 9.708042 9.695202
2.168703 2.384332 2.617209 2.866388 3.129479 3.402372 3.678275 3.947381 4.195833 4.407335 4.571166 4.709960 4.870992 5.068032 5.287466 5.512825 5.730714 5.931436 6.108296 6.256944 6.374796 6.460547 6.513887 6.535246 6.525733 6.487062 6.421643 6.332586 6.223871 6.100368 5.967936 5.833362 5.704291 5.588930 5.495716 5.432771 5.407379 5.425404 5.490908 5.605842 5.770038 5.981274 6.235655 6.528196 6.853751 7.207710 7.585970 7.983160 8.387966 8.773151 9.095443 9.329283 9.487286 9.594404 9.668193 9.719152 9.753669 9.775813 9.788281 9.792894 9.790907 9.783160 9.770225
2.187660 2.405275 2.640286 2.891744 3.157252 3.432685 3.711236 3.983073 4.234317 4.448639 4.615288 4.756867 4.920601 5.120228 5.342107 5.569730 5.789682 5.992240 6.170692 6.320675 6.439593 6.526147 6.580022 6.601661 6.592183 6.553319 6.487499 6.397864 6.288418 6.164065 6.030700 5.895143 5.765073 5.648736 5.554598 5.490808 5.464676 5.482084 5.547100 5.661686 5.825668 6.036819 6.291233 6.583909 6.909684 7.263929 7.642526 8.040081 8.445263 8.830820 9.153467 9.387650 9.545971 9.653373 9.727407 9.778571 9.813251 9.835518 9.848068 9.852721 9.850731 9.842944 9.829930
2.202404 2.421545 2.658196 2.911402 3.178759 3.456133 3.736706 4.010628 4.263996 4.480464 4.649251 4.792930 4.958713 5.160307 5.384042 5.613389 5.834912 6.038871 6.218537 6.369541 6.489282 6.576452 6.630747 6.652612 6.643173 6.604177 6.538069 6.448009 6.338025 6.213040 6.078979 5.942688 5.811871 5.694798 5.599959 5.535526 5.508823 5.525746 5.590371 5.704664 5.868453 6.079504 6.333903 6.626643 6.952545 7.306970 7.685784 8.083584 8.489027 8.874854 9.197769 9.432198 9.590742 9.698344 9.772552 9.823861 9.858659 9.881011 9.893618 9.898294 9.896300 9.888478 9.875398
2.212932 2.433154 2.670964 2.925404 3.194066 3.472810 3.754805 4.030191 4.285055 4.503031 4.673324 4.818493 4.985719 5.188694 5.413732 5.644292 5.866917 6.071861 6.252383 6.404107 6.524427 6.612039 6.666633 6.688659 6.679256 6.640178 6.573877 6.483528 6.373173 6.247756 6.113214 5.976415 5.845078 5.727491 5.632164 5.567276 5.540167 5.556741 5.621083 5.735157 5.898795 6.109757 6.364128 6.656892 6.982862 7.337393 7.716340 8.114289 8.519892 8.905876 9.228944 9.463527 9.622218 9.729954 9.804274 9.855683 9.890555 9.912966 9.925607 9.930300 9.928300 9.920450 9.907320
2.219247 2.440114 2.678614 2.933788 3.203228 3.482785 3.765625 4.041882 4.297631 4.516502 4.687682 4.833722 5.001796 5.205590 5.431401 5.662677 5.885959 6.091486 6.272517 6.424670 6.545337 6.633211 6.687984 6.710111 6.700733 6.661605 6.595194 6.504677 6.394108 6.268435 6.133612 5.996515 5.864872 5.746984 5.651365 5.586208 5.558857 5.575223 5.639390 5.753331 5.916872 6.127775 6.382123 6.674892 7.000895 7.355479 7.734499 8.132533 8.538230 8.924317 9.247492 9.482168 9.640943 9.748754 9.823141 9.874603 9.909521 9.931962 9.944624 9.949325 9.947319 9.939452 9.926292
2.221352 2.442433 2.681162 2.936581 3.206277 3.486105 3.769226 4.045771 4.301815 4.520981 4.692461 4.838799 5.007159 5.211225 5.437293 5.668808 5.892306 6.098028 6.279227 6.431521 6.552303 6.640265 6.695099 6.717259 6.707888 6.668746 6.602298 6.511726 6.401084 6.275332 6.140416 6.003218 5.871474 5.753487 5.657771 5.592526 5.565095 5.581390 5.645500 5.759395 5.922903 6.133785 6.388123 6.680894 7.006907 7.361509 7.740548 8.138609 8.544329 8.930439 9.253630 9.488330 9.647133 9.754966 9.829375 9.880856 9.915787 9.938238 9.950906 9.955608 9.953602 9.945730 9.932560
2.219248 2.440114 2.678615 2.933789 3.203228 3.482785 3.765625 4.041882 4.297633 4.516501 4.687683 4.833721 5.001796 5.205590 5.431400 5.662677 5.885960 6.091486 6.272519 6.424670 6.545336 6.633211 6.687984 6.710112 6.700733 6.661606 6.595194 6.504677 6.394107 6.268435 6.133613 5.996515 5.864872 5.746983 5.651365 5.586208 5.558857 5.575223 5.639390 5.753330 5.916873 6.127774 6.382121 6.674892 7.000895 7.355480 7.734499 8.132533 8.538230 8.924317 9.247492 9.482167 9.640943 9.748753 9.823141 9.874602 9.909520 9.931962 9.944623 9.949323 9.947320 9.939452 9.926292
2.212932 2.433154 2.670964 2.925403 3.194066 3.472810 3.754805 4.030192 4.285055 4.503030 4.673324 4.818493 4.985718 5.188694 5.413731 5.644290 5.866917 6.071859 6.252382 6.404108 6.524427 6.612038 6.666633 6.688659 6.679256 6.640177 6.573876 6.483526 6.373172 6.247755 6.113215 5.976414 5.845077 5.727491 5.632162 5.567276 5.540167 5.556740 5.621083 5.735157 5.898793 6.109756 6.364128 6.656891 6.982862 7.337391 7.716339 8.114288 8.519891 8.905875 9.228944 9.463527 9.622218 9.729952 9.804274 9.855683 9.890555 9.912966 9.925607 9.930300 9.928299 9.920449 9.907320
2.202404 2.421545 2.658195 2.911401 3.178759 3.456134 3.736705 4.010627 4.263996 4.480464 4.649250 4.792930 4.958713 5.160307 5.384040 5.613389 5.834912 6.038870 6.218537 6.369542 6.489282 6.576452 6.630747 6.652611 6.643171 6.604177 6.538069 6.448009 6.338024 6.213040 6.078979 5.942688 5.811871 5.694798 5.599959 5.535526 5.508823 5.525744 5.590370 5.704664 5.868452 6.079504 6.333902 6.626642 6.952545 7.306969 7.685783 8.083583 8.489026 8.874853 9.197767 9.432197 9.590740 9.698344 9.772552 9.823861 9.858657 9.881011 9.893617 9.898293 9.896299 9.888478 9.875397
2.187661 2.405275 2.640287 2.891744 3.157253 3.432686 3.711236 3.983074 4.234317 4.448639 4.615289 4.756867 4.920600 5.120228 5.342107 5.569729 5.789682 5.992241 6.170692 6.320675 6.439594 6.526147 6.580023 6.601661 6.592182 6.553320 6.487499 6.397864 6.288418 6.164066 6.030700 5.895143 5.765073 5.648736 5.554599 5.490809 5.464678 5.482085 5.547100 5.661686 5.825668 6.036819 6.291233 6.583908 6.909684 7.263930 7.642526 8.040082 8.445263 8.830820 9.153466 9.387649 9.545970 9.653374 9.727407 9.778571 9.813251 9.835518 9.848068 9.852721 9.850732 9.842944 9.829930
2.168704 2.384332 2.617210 2.866388 3.129479 3.402373 3.678275 3.947381 4.195833 4.407335 4.571166 4.709961 4.870993 5.068033 5.287467 5.512824 5.730714 5.931436 6.108296 6.256945 6.374796 6.460547 6.513886 6.535245 6.525733 6.487062 6.421643 6.332587 6.223871 6.100367 5.967937 5.833363 5.704291 5.588930 5.495717 5.432769 5.407379 5.425404 5.490908 5.605842 5.770038 5.981274 6.235655 6.528196 6.853750 7.207710 7.585970 7.983160 8.387965 8.773150 9.095441 9.329282 9.487286 9.594404 9.668191 9.719151 9.753667 9.775813 9.788281 9.792894 9.790906 9.783159 9.770225
2.145541 2.358711 2.588940 2.835284 3.095366 3.365088 3.637684 3.903370 4.148325 4.356292 4.516596 4.651916 4.809562 5.003353 5.219722 5.442234 5.657540 5.855963 6.030835 6.177820 6.294346 6.379110 6.431799 6.452831 6.443304 6.404906 6.340017 6.251721 6.143957 6.021552 5.890324 5.757013 5.629214 5.515090 5.423042 5.361148 5.336665 5.355435 5.421503 5.536820 5.701217 5.912484 6.166741 6.459027 6.784218 7.137729 7.515486 7.912138 8.316389 8.701024 9.022782 9.256136 9.413699 9.520430 9.593882 9.644564 9.678856 9.700834 9.713190 9.717741 9.715745 9.708042 9.695201
