T6-multimodels/model90.grd
DSAA
         100         100
  -15.00000       15.00000    
  -15.00000       15.00000    
  0.3688678       12.05070    
[rows 0 to 27 of 100, columns 0 to 62 of 100]
0.5245237 0.5377419 0.5511207 0.5646346 0.5782560 0.5919558 0.6057026 0.6194631 0.6332031 0.6468866 0.6604781 0.6739399 0.6872336 0.7003222 0.7131692 0.7257387 0.7379957 0.7499063 0.7614387 0.7725624 0.7832491 0.7934726 0.8032087 0.8124361 0.8211349 0.8292884 0.8368818 0.8439021 0.8503396 0.8561860 0.8614351 0.8660833 0.8701283 0.8735698 0.8764096 0.8786505 0.8802980 0.8813584 0.8818396 0.8817512 0.8811041 0.8799103 0.8781832 0.8759375 0.8731885 0.8699529 0.8662480 0.8620918 0.8575028 0.8524995 0.8471013 0.8413295 0.8352034 0.8287420 0.8219641 0.8148881 0.8075320 0.7999126 0.7920467 0.7839496 0.7756357 0.7671186 0.7584105
0.5455819 0.5598238 0.5742536 0.5888435 0.6035633 0.6183804 0.6332599 0.6481650 0.6630571 0.6778963 0.6926408 0.7072492 0.7216804 0.7358925 0.7498437 0.7634934 0.7768023 0.7897331 0.8022500 0.8143191 0.8259091 0.8369910 0.8475387 0.8575280 0.8669382 0.8757507 0.8839499 0.8915222 0.8984571 0.9047462 0.9103831 0.9153645 0.9196882 0.9233547 0.9263662 0.9287266 0.9304420 0.9315199 0.9319694 0.9318014 0.9310282 0.9296635 0.9277223 0.9252207 0.9221767 0.9186082 0.9145352 0.9099773 0.9049560 0.8994934 0.8936110 0.8873289 0.8806693 0.8736541 0.8663048 0.8586416 0.8506846 0.8424527 0.8339638 0.8252347 0.8162810 0.8071173 0.7977566
0.5678828 0.5832435 0.5988241 0.6145939 0.6305197 0.6465653 0.6626920 0.6788583 0.6950213 0.7111362 0.7271570 0.7430367 0.7587270 0.7741807 0.7893518 0.8041949 0.8186657 0.8327225 0.8463251 0.8594361 0.8720206 0.8840469 0.8954858 0.9063116 0.9165013 0.9260352 0.9348965 0.9430709 0.9505471 0.9573169 0.9633741 0.9687152 0.9733388 0.9772456 0.9804392 0.9829242 0.9847074 0.9857978 0.9862062 0.9859444 0.9850266 0.9834679 0.9812855 0.9784977 0.9751237 0.9711846 0.9667022 0.9616991 0.9561982 0.9502230 0.9437981 0.9369491 0.9297011 0.9220772 0.9141005 0.9057944 0.8971803 0.8882792 0.8791109 0.8696936 0.8600445 0.8501790 0.8401109
0.5915104 0.6080953 0.6249373 0.6420025 0.6592544 0.6766528 0.6941543 0.7117127 0.7292795 0.7468042 0.7642341 0.7815158 0.7985976 0.8154255 0.8319467 0.8481100 0.8638659 0.8791670 0.8939688 0.9082294 0.9219102 0.9349763 0.9473955 0.9591399 0.9701845 0.9805084 0.9900935 0.9989247 1.006991 1.014283 1.020796 1.026525 1.031471 1.035635 1.039022 1.041636 1.043487 1.044584 1.044940 1.044568 1.043485 1.041706 1.039253 1.036144 1.032402 1.028050 1.023113 1.017615 1.011584 1.005047 0.9980313 0.9905621 0.9826672 0.9743737 0.9657085 0.9566971 0.9473637 0.9377313 0.9278216 0.9176549 0.9072493 0.8966215 0.8857863
0.6165541 0.6344802 0.6527062 0.6711956 0.6899077 0.7087976 0.7278172 0.7469146 0.7660349 0.7851212 0.8041152 0.8229562 0.8415830 0.8599347 0.8779528 0.8955792 0.9127582 0.9294366 0.9455644 0.9610952 0.9759860 0.9901980 1.003697 1.016451 1.028434 1.039623 1.050000 1.059548 1.068257 1.076117 1.083123 1.089273 1.094566 1.099005 1.102595 1.105344 1.107261 1.108358 1.108649 1.108149 1.106876 1.104849 1.102090 1.098622 1.094470 1.089658 1.084215 1.078169 1.071549 1.064385 1.056707 1.048548 1.039939 1.030909 1.021487 1.011702 1.001581 0.9911487 0.9804297 0.9694459 0.9582173 0.9467615 0.9350944
0.6431089 0.6625053 0.6822520 0.7023089 0.7226309 0.7431681 0.7638665 0.7846676 0.8055097 0.8263277 0.8470547 0.8676218 0.8879619 0.9080057 0.9276857 0.9469359 0.9656934 0.9838984 1.001495 1.018430 1.034658 1.050134 1.064822 1.078687 1.091701 1.103839 1.115082 1.125414 1.134823 1.143301 1.150842 1.157446 1.163112 1.167845 1.171651 1.174539 1.176521 1.177609 1.177820 1.177171 1.175682 1.173375 1.170273 1.166403 1.161792 1.156468 1.150464 1.143809 1.136538 1.128685 1.120285 1.111370 1.101975 1.092133 1.081880 1.071245 1.060260 1.048953 1.037350 1.025476 1.013351 1.000996 0.9884265
0.6712742 0.6922844 0.7137038 0.7354879 0.7575874 0.7799463 0.8025040 0.8251946 0.8479480 0.8706909 0.8933479 0.9158404 0.9380892 0.9600157 0.9815439 1.002599 1.023110 1.043009 1.062234 1.080725 1.098431 1.115304 1.131303 1.146390 1.160537 1.173716 1.185908 1.197096 1.207269 1.216418 1.224539 1.231633 1.237700 1.242747 1.246782 1.249814 1.251858 1.252928 1.253042 1.252221 1.250487 1.247864 1.244378 1.240058 1.234936 1.229043 1.222413 1.215083 1.207089 1.198469 1.189260 1.179505 1.169241 1.158506 1.147337 1.135770 1.123838 1.111574 1.099005 1.086159 1.073060 1.059726 1.046178
0.7011563 0.7239394 0.7472001 0.7708902 0.7949544 0.8193306 0.8439506 0.8687398 0.8936186 0.9185033 0.9433064 0.9679384 0.9923114 1.016335 1.039922 1.062987 1.085449 1.107231 1.128263 1.148479 1.167821 1.186238 1.203683 1.220118 1.235509 1.249831 1.263062 1.275185 1.286190 1.296070 1.304820 1.312443 1.318942 1.324325 1.328600 1.331782 1.333884 1.334925 1.334925 1.333906 1.331893 1.328914 1.324998 1.320177 1.314485 1.307959 1.300636 1.292557 1.283764 1.274300 1.264208 1.253531 1.242311 1.230592 1.218417 1.205825 1.192855 1.179542 1.165918 1.152012 1.137850 1.123455 1.108844
0.7328656 0.7575977 0.7828879 0.8086830 0.8349218 0.8615353 0.8884460 0.9155697 0.9428158 0.9700888 0.9972897 1.024316 1.051063 1.077428 1.103312 1.128618 1.153252 1.177129 1.200169 1.222300 1.243455 1.263579 1.282621 1.300540 1.317301 1.332877 1.347245 1.360391 1.372303 1.382976 1.392409 1.400604 1.407567 1.413308 1.417838 1.421173 1.423330 1.424329 1.424194 1.422948 1.420621 1.417243 1.412846 1.407467 1.401142 1.393913 1.385822 1.376914 1.367234 1.356831 1.345752 1.334051 1.321775 1.308972 1.295690 1.281974 1.267865 1.253404 1.238626 1.223564 1.208247 1.192697 1.176934
0.7665173 0.7933937 0.8209222 0.8490446 0.8776932 0.9067904 0.9362492 0.9659737 0.9958605 1.025800 1.055676 1.085372 1.114770 1.143752 1.172202 1.200009 1.227067 1.253279 1.278553 1.302809 1.325975 1.347988 1.368794 1.388349 1.406617 1.423568 1.439182 1.453445 1.466346 1.477882 1.488054 1.496867 1.504329 1.510452 1.515251 1.518744 1.520950 1.521894 1.521600 1.520098 1.517418 1.513593 1.508661 1.502660 1.495634 1.487626 1.478684 1.468859 1.458202 1.446769 1.434613 1.421789 1.408352 1.394357 1.379857 1.364905 1.349548 1.333831 1.317793 1.301470 1.284894 1.268090 1.251077
0.8022302 0.8314673 0.8614663 0.8921640 0.9234855 0.9553437 0.9876403 1.020266 1.053103 1.086024 1.118899 1.151591 1.183961 1.215873 1.247195 1.277798 1.307562 1.336377 1.364139 1.390757 1.416154 1.440258 1.463013 1.484372 1.504296 1.522758 1.539736 1.555218 1.569196 1.581670 1.592643 1.602122 1.610120 1.616651 1.621734 1.625389 1.627640 1.628513 1.628037 1.626243 1.623167 1.618845 1.613319 1.606631 1.598828 1.589960 1.580080 1.569243 1.557507 1.544932 1.531577 1.517510 1.502793 1.487487 1.471651 1.455344 1.438619 1.421526 1.404112 1.386415 1.368470 1.350303 1.331937
0.8401256 0.8719620 0.9046893 0.9382387 0.9725274 1.007458 1.042918 1.078785 1.114921 1.151182 1.187413 1.223456 1.259155 1.294351 1.328888 1.362621 1.395411 1.427130 1.457664 1.486910 1.514781 1.541202 1.566110 1.589457 1.611203 1.631321 1.649792 1.666605 1.681756 1.695247 1.707086 1.717285 1.725858 1.732824 1.738207 1.742028 1.744317 1.745103 1.744419 1.742299 1.738782 1.733909 1.727726 1.720280 1.711622 1.701808 1.690896 1.678947 1.666027 1.652204 1.637547 1.622123 1.606003 1.589257 1.571956 1.554163 1.535941 1.517347 1.498430 1.479236 1.459802 1.440157 1.420325
0.8803247 0.9150240 0.9507654 0.9874741 1.025059 1.063410 1.102402 1.141892 1.181723 1.221728 1.261729 1.301543 1.340982 1.379863 1.418007 1.455246 1.491419 1.526383 1.560007 1.592176 1.622794 1.651779 1.679066 1.704603 1.728351 1.750285 1.770388 1.788652 1.805079 1.819674 1.832450 1.843423 1.852613 1.860044 1.865742 1.869736 1.872056 1.872738 1.871817 1.869333 1.865328 1.859849 1.852944 1.844666 1.835072 1.824223 1.812182 1.799018 1.784801 1.769606 1.753509 1.736592 1.718935 1.700615 1.681709 1.662293 1.642436 1.622202 1.601648 1.580825 1.559774 1.538527 1.517110
0.9229495 0.9608014 0.9998724 1.040082 1.081329 1.123492 1.166427 1.209971 1.253943 1.298149 1.342379 1.386420 1.430058 1.473077 1.515269 1.556437 1.596398 1.634986 1.672055 1.707476 1.741142 1.772966 1.802878 1.830827 1.856774 1.880696 1.902581 1.922427 1.940239 1.956030 1.969817 1.981624 1.991476 1.999402 2.005433 2.009604 2.011949 2.012509 2.011323 2.008437 2.003897 1.997754 1.990062 1.980879 1.970267 1.958292 1.945026 1.930542 1.914919 1.898242 1.880594 1.862061 1.842732 1.822696 1.802044 1.780857 1.759218 1.737198 1.714864 1.692272 1.669467 1.646486 1.623355
0.9681149 1.009437 1.052185 1.096273 1.141591 1.188000 1.235339 1.283421 1.332037 1.380959 1.429947 1.478749 1.527110 1.574780 1.621516 1.667089 1.711290 1.753927 1.794836 1.833872 1.870920 1.905884 1.938692 1.969293 1.997651 2.023748 2.047577 2.069142 2.088458 2.105542 2.120421 2.133125 2.143685 2.152137 2.158520 2.162873 2.165237 2.165658 2.164180 2.160853 2.155731 2.148869 2.140326 2.130166 2.118458 2.105273 2.090688 2.074785 2.057647 2.039364 2.020029 1.999742 1.978603 1.956709 1.934161 1.911055 1.887481 1.863523 1.839257 1.814746 1.790044 1.765190 1.740211
1.015929 1.061068 1.107874 1.156257 1.206095 1.257235 1.309492 1.362653 1.416474 1.470691 1.525019 1.579163 1.632829 1.685722 1.737558 1.788069 1.837013 1.884172 1.929358 1.972412 2.013205 2.051638 2.087637 2.121151 2.152150 2.180621 2.206568 2.230000 2.250942 2.269423 2.285476 2.299142 2.310459 2.319473 2.326227 2.330770 2.333147 2.333411 2.331615 2.327813 2.322064 2.314431 2.304979 2.293779 2.280905 2.266436 2.250453 2.233044 2.214302 2.194323 2.173208 2.151059 2.127985 2.104097 2.079510 2.054332 2.028668 2.002615 1.976261 1.949678 1.922928 1.896054 1.869087
1.066487 1.115816 1.167096 1.220229 1.275083 1.331488 1.389234 1.448073 1.507726 1.567883 1.628212 1.688367 1.747996 1.806754 1.864308 1.920349 1.974595 2.026797 2.076741 2.124253 2.169191 2.211450 2.250957 2.287665 2.321550 2.352609 2.380853 2.406308 2.429008 2.448993 2.466309 2.481004 2.493131 2.502740 2.509888 2.514627 2.517015 2.517109 2.514970 2.510660 2.504247 2.495800 2.485391 2.473101 2.459010 2.443202 2.425766 2.406794 2.386380 2.364624 2.341630 2.317515 2.292397 2.266395 2.239636 2.212244 2.184339 2.156036 2.127434 2.098621 2.069667 2.040622 2.011521
1.119863 1.173788 1.229989 1.288366 1.348777 1.411031 1.474890 1.540070 1.606245 1.673052 1.740100 1.806983 1.873291 1.938619 2.002574 2.064797 2.124958 2.182774 2.238003 2.290451 2.339964 2.386436 2.429791 2.469991 2.507022 2.540892 2.571628 2.599268 2.623861 2.645462 2.664130 2.679926 2.692914 2.703157 2.710720 2.715667 2.718063 2.717976 2.715476 2.710635 2.703528 2.694236 2.682843 2.669436 2.654104 2.636940 2.618037 2.597489 2.575393 2.551852 2.526970 2.500855 2.473631 2.445431 2.416395 2.386665 2.356381 2.325677 2.294673 2.263471 2.232156 2.200787 2.169403
1.176111 1.235058 1.296661 1.360814 1.427365 1.496101 1.566751 1.638990 1.712436 1.786669 1.861232 1.935647 2.009426 2.082092 2.153192 2.222302 2.289045 2.353093 2.414175 2.472072 2.526624 2.577717 2.625283 2.669291 2.709741 2.746657 2.780083 2.810076 2.836702 2.860034 2.880146 2.897115 2.911019 2.921934 2.929937 2.935104 2.937511 2.937237 2.934364 2.928976 2.921161 2.911015 2.898634 2.884118 2.867568 2.849086 2.828769 2.806710 2.783000 2.757729 2.730992 2.702901 2.673576 2.643153 2.611783 2.579627 2.546851 2.513614 2.480061 2.446319 2.412487 2.378639 2.344822
1.235246 1.299669 1.367178 1.437672 1.510983 1.586874 1.665039 1.745100 1.826618 1.909099 1.992006 2.074779 2.156857 2.237681 2.316715 2.393469 2.467504 2.538444 2.605981 2.669876 2.729953 2.786100 2.838254 2.886399 2.930550 2.970754 3.007076 3.039593 3.068395 3.093574 3.115224 3.133440 3.148315 3.159942 3.168410 3.173812 3.176235 3.175775 3.172527 3.166591 3.158075 3.147090 3.133756 3.118191 3.100513 3.080835 3.059259 3.035874 3.010757 2.983980 2.955611 2.925726 2.894431 2.861861 2.828179 2.793572 2.758234 2.722360 2.686132 2.649707 2.613210 2.576734 2.540335
1.297248 1.367612 1.441556 1.518977 1.599694 1.683444 1.769876 1.858556 1.948970 2.040546 2.132664 2.224674 2.315915 2.405738 2.493526 2.578707 2.660774 2.739295 2.813919 2.884380 2.950492 3.012140 3.069273 3.121891 3.170034 3.213771 3.253196 3.288411 3.319532 3.346673 3.369955 3.389490 3.405391 3.417770 3.426733 3.432386 3.434839 3.434199 3.430584 3.424116 3.414929 3.403161 3.388960 3.372475 3.353853 3.333224 3.310698 3.286354 3.260236 3.232365 3.202756 3.171442 3.138488 3.104005 3.068161 3.031169 2.993267 2.954701 2.915702 2.876471 2.837173 2.797925 2.758803
1.362046 1.438825 1.519740 1.604686 1.693470 1.785791 1.881249 1.979336 2.079459 2.180952 2.283099 2.385155 2.486377 2.586019 2.683367 2.777760 2.868607 2.955407 3.037761 3.115371 3.188034 3.255640 3.318148 3.375581 3.428005 3.475522 3.518255 3.556340 3.589919 3.619139 3.644142 3.665068 3.682052 3.695223 3.704709 3.710635 3.713131 3.712329 3.708371 3.701408 3.691610 3.679157 3.664241 3.647061 3.627807 3.606644 3.583699 3.559032 3.532641 3.504467 3.474416 3.442400 3.408397 3.372478 3.334811 3.295641 3.255273 3.214025 3.172202 3.130073 3.087855 3.045706 3.003724
1.429510 1.513175 1.601593 1.694661 1.792159 1.893748 1.998956 2.107189 2.217756 2.329890 2.442786 2.555614 2.667536 2.777721 2.885366 2.989704 3.090049 3.185814 3.276535 3.361870 3.441602 3.515618 3.583894 3.646478 3.703470 3.755006 3.801249 3.842368 3.878543 3.909951 3.936765 3.959151 3.977268 3.991272 4.001310 4.007534 4.010096 4.009157 4.004891 3.997494 3.987181 3.974194 3.958795 3.941258 3.921852 3.900806 3.878282 3.854326 3.828851 3.801646 3.772417 3.740894 3.706888 3.670368 3.631487 3.590546 3.547942 3.504112 3.459474 3.414392 3.369161 3.323996 3.279034
1.499448 1.590455 1.686890 1.788647 1.895476 2.006974 2.122574 2.241569 2.363141 2.486412 2.610490 2.734495 2.857561 2.978800 3.097313 3.212219 3.322706 3.428071 3.527762 3.621381 3.708678 3.789543 3.863966 3.932024 3.993857 4.049643 4.099585 4.143896 4.182795 4.216494 4.245201 4.269111 4.288413 4.303287 4.313908 4.320455 4.323108 4.322066 4.317546 4.309797 4.299102 4.285789 4.270227 4.252811 4.233939 4.213963 4.193125 4.171472 4.148808 4.124676 4.098435 4.069417 4.037123 4.001362 3.962260 3.920214 3.875784 3.829585 3.782208 3.734164 3.685858 3.637586 3.589536
1.571602 1.670373 1.775303 1.886271 2.002979 2.124930 2.251425 2.381582 2.514413 2.648911 2.784142 2.919264 3.053462 3.185875 3.315542 3.441440 3.562580 3.678095 3.787300 3.889712 3.985041 4.073161 4.154085 4.227921 4.294849 4.355095 4.408912 4.456559 4.498298 4.534383 4.565057 4.590550 4.611082 4.626861 4.638096 4.644991 4.647768 4.646665 4.641953 4.633954 4.623044 4.609670 4.594356 4.577682 4.560267 4.542681 4.525343 4.508366 4.491405 4.473594 4.453668 4.430284 4.402385 4.369470 4.331649 4.289499 4.243857 4.195631 4.145673 4.094707 4.043297 3.991848 3.940623
1.645641 1.752553 1.866399 1.987030 2.114074 2.246891 2.384573 2.525972 2.669830 2.814957 2.960426 3.105629 3.250097 3.393159 3.533817 3.670838 3.802956 3.929044 4.048220 4.159873 4.263643 4.359386 4.447127 4.527009 4.599260 4.664155 4.722003 4.773111 4.817793 4.856344 4.889050 4.916178 4.937979 4.954696 4.966569 4.973841 4.976773 4.975654 4.970823 4.962691 4.951756 4.938628 4.924047 4.908878 4.894079 4.880607 4.869253 4.860349 4.853446 4.847071 4.838833 4.826058 4.806653 4.779663 4.745252 4.704374 4.658355 4.608569 4.556266 4.502465 4.447955 4.393287 4.338818
1.721171 1.836541 1.959652 2.090311 2.228031 2.371966 2.520880 2.673194 2.827170 2.981280 3.134692 3.287462 3.440010 3.592227 3.743099 3.891006 4.034198 4.171136 4.300635 4.421891 4.534447 4.638122 4.732947 4.819104 4.896866 4.966569 5.028576 5.083251 5.130960 5.172046 5.206838 5.235640 5.258743 5.276425 5.288962 5.296634 5.299750 5.298662 5.293787 5.285643 5.274882 5.262327 5.249010 5.236193 5.225353 5.218092 5.215909 5.219735 5.229237 5.242059 5.253783 5.259215 5.254363 5.237594 5.209407 5.171541 5.126164 5.075387 5.021025 4.964518 4.906937 4.849029 4.791270
1.797732 1.921805 2.054447 2.195400 2.344020 2.499164 2.659117 2.821602 2.983995 3.143979 3.300716 3.455824 3.612101 3.770674 3.930292 4.088478 4.242629 4.390545 4.530602 4.661731 4.783336 4.895182 4.997302 5.089909 5.173331 5.247962 5.314226 5.372550 5.423348 5.467020 5.503936 5.534442 5.558873 5.577538 5.590756 5.598848 5.602179 5.601161 5.596310 5.588267 5.577869 5.566199 5.554662 5.545046 5.539562 5.540804 5.551524 5.574018 5.608840 5.652775 5.697665 5.733042 5.751352 5.750380 5.731781 5.698881 5.655249 5.604079 5.547968 5.488894 5.428291 5.367140 5.306063
