T6-multimodels/model30.grd
DSAA
         100         100
  -15.00000       15.00000    
  -15.00000       15.00000    
  0.1455814       9.955608    
[rows 0 to 27 of 100, columns 0 to 62 of 100]
0.2577963 0.2679481 0.2781639 0.2884181 0.2986831 0.3089298 0.3191278 0.3292456 0.3392509 0.3491109 0.3587932 0.3682651 0.3774935 0.3864481 0.3950999 0.4034218 0.4113889 0.4189785 0.4261715 0.4329510 0.4393040 0.4452208 0.4506949 0.4557234 0.4603066 0.4644481 0.4681543 0.4714343 0.4743001 0.4767652 0.4788452 0.4805571 0.4819188 0.4829488 0.4836662 0.4840894 0.4842370 0.4841265 0.4837750 0.4831977 0.4824091 0.4814219 0.4802475 0.4788958 0.4773751 0.4756921 0.4738519 0.4718588 0.4697149 0.4674217 0.4649802 0.4623913 0.4596535 0.4567646 0.4537222 0.4505233 0.4471648 0.4436436 0.4399558 0.4360979 0.4320664 0.4278572 0.4234672
0.2752902 0.2862738 0.2973382 0.3084546 0.3195925 0.3307191 0.3418002 0.3528000 0.3636817 0.3744082 0.3849413 0.3952437 0.4052804 0.4150157 0.4244160 0.4334501 0.4420893 0.4503082 0.4580847 0.4654002 0.4722401 0.4785936 0.4844540 0.4898186 0.4946886 0.4990687 0.5029675 0.5063962 0.5093694 0.5119037 0.5140181 0.5157326 0.5170687 0.5180485 0.5186943 0.5190279 0.5190710 0.5188440 0.5183662 0.5176555 0.5167280 0.5155983 0.5142788 0.5127804 0.5111121 0.5092807 0.5072919 0.5051497 0.5028564 0.5004141 0.4978215 0.4950768 0.4921784 0.4891241 0.4859107 0.4825344 0.4789913 0.4752768 0.4713866 0.4673159 0.4630604 0.4586153 0.4539761
0.2938825 0.3057811 0.3177807 0.3298492 0.3419522 0.3540531 0.3661130 0.3780916 0.3899470 0.4016368 0.4131185 0.4243493 0.4352864 0.4458895 0.4561209 0.4659446 0.4753279 0.4842419 0.4926614 0.5005654 0.5079373 0.5147656 0.5210432 0.5267676 0.5319414 0.5365707 0.5406664 0.5442427 0.5473171 0.5499102 0.5520443 0.5537439 0.5550347 0.5559425 0.5564940 0.5567147 0.5566300 0.5562634 0.5556374 0.5547723 0.5536866 0.5523962 0.5509154 0.5492557 0.5474266 0.5454355 0.5432878 0.5409868 0.5385342 0.5359299 0.5331737 0.5302650 0.5272002 0.5239751 0.5205854 0.5170261 0.5132918 0.5093775 0.5052771 0.5009853 0.4964961 0.4918041 0.4869037
0.3136512 0.3265579 0.3395895 0.3527104 0.3658824 0.3790637 0.3922109 0.4052777 0.4182167 0.4309789 0.4435148 0.4557753 0.4677135 0.4792828 0.4904387 0.5011398 0.5113487 0.5210320 0.5301609 0.5387117 0.5466660 0.5540110 0.5607393 0.5668489 0.5723437 0.5772319 0.5815275 0.5852475 0.5884138 0.5910511 0.5931866 0.5948493 0.5960701 0.5968798 0.5973095 0.5973896 0.5971496 0.5966170 0.5958176 0.5947744 0.5935086 0.5920380 0.5903782 0.5885417 0.5865386 0.5843762 0.5820600 0.5795929 0.5769764 0.5742106 0.5712925 0.5682178 0.5649827 0.5615827 0.5580121 0.5542649 0.5503345 0.5462139 0.5418966 0.5373754 0.5326433 0.5276939 0.5225203
0.3346811 0.3486995 0.3628717 0.3771580 0.3915155 0.4058975 0.4202543 0.4345335 0.4486808 0.4626404 0.4763563 0.4897718 0.5028302 0.5154781 0.5276650 0.5393435 0.5504699 0.5610063 0.5709198 0.5801830 0.5887756 0.5966833 0.6038984 0.6104200 0.6162533 0.6214093 0.6259049 0.6297621 0.6330069 0.6356694 0.6377825 0.6393811 0.6405017 0.6411812 0.6414565 0.6413634 0.6409359 0.6402065 0.6392046 0.6379569 0.6364869 0.6348146 0.6329570 0.6309279 0.6287371 0.6263924 0.6238985 0.6212573 0.6184685 0.6155301 0.6124392 0.6091928 0.6057842 0.6022066 0.5984523 0.5945137 0.5903828 0.5860511 0.5815105 0.5767524 0.5717688 0.5665513 0.5610922
0.3570608 0.3723065 0.3877406 0.4033192 0.4189939 0.4347119 0.4504170 0.4660495 0.4815468 0.4968451 0.5118782 0.5265809 0.5408908 0.5547449 0.5680841 0.5808531 0.5930020 0.6044864 0.6152686 0.6253179 0.6346108 0.6431319 0.6508731 0.6578346 0.6640236 0.6694542 0.6741479 0.6781312 0.6814362 0.6840992 0.6861600 0.6876605 0.6886441 0.6891552 0.6892370 0.6889316 0.6882796 0.6873178 0.6860806 0.6845984 0.6828975 0.6810005 0.6789256 0.6766872 0.6742959 0.6717585 0.6690792 0.6662593 0.6632974 0.6601908 0.6569332 0.6535171 0.6499350 0.6461790 0.6422399 0.6381083 0.6337742 0.6292276 0.6244587 0.6194574 0.6142139 0.6087186 0.6029619
0.3808852 0.3974876 0.4143198 0.4313331 0.4484731 0.4656805 0.4828911 0.5000366 0.5170458 0.5338444 0.5503578 0.5665103 0.5822260 0.5974328 0.6120627 0.6260518 0.6393418 0.6518820 0.6636284 0.6745461 0.6846084 0.6937986 0.7021083 0.7095388 0.7161000 0.7218103 0.7266957 0.7307892 0.7341300 0.7367618 0.7387328 0.7400934 0.7408955 0.7411916 0.7410335 0.7404703 0.7395499 0.7383151 0.7368053 0.7350553 0.7330949 0.7309483 0.7286360 0.7261724 0.7235683 0.7208297 0.7179594 0.7149566 0.7118174 0.7085359 0.7051055 0.7015184 0.6977645 0.6938321 0.6897095 0.6853853 0.6808475 0.6760840 0.6710832 0.6658332 0.6603227 0.6545401 0.6484746
0.4062532 0.4243563 0.4427392 0.4613474 0.4801202 0.4989904 0.5178848 0.5367256 0.5554302 0.5739133 0.5920869 0.6098628 0.6271563 0.6438828 0.6599616 0.6753184 0.6898854 0.7036032 0.7164218 0.7283005 0.7392095 0.7491298 0.7580535 0.7659832 0.7729322 0.7789237 0.7839901 0.7881719 0.7915162 0.7940768 0.7959115 0.7970806 0.7976468 0.7976726 0.7972190 0.7963449 0.7951054 0.7935509 0.7917268 0.7896723 0.7874209 0.7849997 0.7824297 0.7797263 0.7768992 0.7739534 0.7708901 0.7677059 0.7643955 0.7609513 0.7573615 0.7536131 0.7496936 0.7455900 0.7412885 0.7367751 0.7320355 0.7270554 0.7218210 0.7163187 0.7105349 0.7044567 0.6980712
0.4332691 0.4530341 0.4731385 0.4935220 0.5141164 0.5348456 0.5556266 0.5763696 0.5969800 0.6173586 0.6374049 0.6570163 0.6760900 0.6945277 0.7122367 0.7291300 0.7451285 0.7601632 0.7741761 0.7871200 0.7989613 0.8096794 0.8192658 0.8277256 0.8350762 0.8413466 0.8465769 0.8508164 0.8541234 0.8565621 0.8582025 0.8591176 0.8593824 0.8590713 0.8582571 0.8570091 0.8553920 0.8534649 0.8512794 0.8488806 0.8463055 0.8435839 0.8407375 0.8377816 0.8347248 0.8315700 0.8283155 0.8249548 0.8214782 0.8178727 0.8141258 0.8102233 0.8061485 0.8018838 0.7974120 0.7927166 0.7877801 0.7825863 0.7771190 0.7713625 0.7653013 0.7589200 0.7522043
0.4620410 0.4836473 0.5056648 0.5280263 0.5506554 0.5734661 0.5963637 0.6192451 0.6420007 0.6645156 0.6866709 0.7083470 0.7294272 0.7497957 0.7693427 0.7879655 0.8055721 0.8220818 0.8374270 0.8515535 0.8644233 0.8760126 0.8863142 0.8953351 0.9030985 0.9096401 0.9150097 0.9192675 0.9224840 0.9247379 0.9261132 0.9266978 0.9265820 0.9258548 0.9246027 0.9229077 0.9208462 0.9184863 0.9158880 0.9131020 0.9101695 0.9071226 0.9039834 0.9007665 0.8974785 0.8941192 0.8906831 0.8871598 0.8835357 0.8797950 0.8759177 0.8718829 0.8676702 0.8632600 0.8586317 0.8537656 0.8486416 0.8432406 0.8375439 0.8315338 0.8251923 0.8185023 0.8114471
0.4926791 0.5163270 0.5404716 0.5650387 0.5899432 0.6150873 0.6403629 0.6656514 0.6908262 0.7157537 0.7402968 0.7643151 0.7876679 0.8102197 0.8318424 0.8524163 0.8718327 0.8899976 0.9068317 0.9222732 0.9362776 0.9488195 0.9598917 0.9695051 0.9776885 0.9844870 0.9899616 0.9941858 0.9972457 0.9992359 1.000259 1.000421 0.9998296 0.9985919 0.9968110 0.9945844 0.9920013 0.9891415 0.9860740 0.9828560 0.9795328 0.9761383 0.9726947 0.9692151 0.9657022 0.9621514 0.9585519 0.9548876 0.9511375 0.9472790 0.9432889 0.9391438 0.9348175 0.9302846 0.9255199 0.9205006 0.9152029 0.9096054 0.9036867 0.8974263 0.8908046 0.8838018 0.8763993
0.5252954 0.5512071 0.5777182 0.6047469 0.6321973 0.6599597 0.6879099 0.7159118 0.7438183 0.7714736 0.7987155 0.8253790 0.8513032 0.8763273 0.9002990 0.9230770 0.9445338 0.9645586 0.9830594 0.9999642 1.015222 1.028805 1.040707 1.050943 1.059549 1.066581 1.072115 1.076239 1.079059 1.080689 1.081254 1.080881 1.079701 1.077841 1.075425 1.072568 1.069376 1.065942 1.062346 1.058650 1.054905 1.051146 1.047395 1.043660 1.039940 1.036223 1.032492 1.028724 1.024891 1.020964 1.016910 1.012697 1.008293 1.003669 0.9987963 0.9936481 0.9881969 0.9824188 0.9762893 0.9697859 0.9628865 0.9555692 0.9478129
0.5600010 0.5884234 0.6175677 0.6473441 0.6776459 0.7083480 0.7393097 0.7703732 0.8013681 0.8321125 0.8624182 0.8920909 0.9209357 0.9487644 0.9753982 1.000670 1.024430 1.046548 1.066917 1.085452 1.102096 1.116817 1.129610 1.140496 1.149521 1.156754 1.162285 1.166226 1.168703 1.169855 1.169832 1.168790 1.166885 1.164271 1.161095 1.157496 1.153597 1.149508 1.145319 1.141101 1.136909 1.132779 1.128727 1.124760 1.120866 1.117027 1.113215 1.109396 1.105531 1.101582 1.097508 1.093273 1.088839 1.084167 1.079225 1.073981 1.068404 1.062467 1.056144 1.049408 1.042237 1.034606 1.026492
0.5969032 0.6281094 0.6601837 0.6930278 0.7265227 0.7605276 0.7948810 0.8294016 0.8638906 0.8981355 0.9319123 0.9649928 0.9971513 1.028164 1.057817 1.085914 1.112277 1.136754 1.159217 1.179569 1.197745 1.213710 1.227459 1.239021 1.248452 1.255838 1.261290 1.264942 1.266949 1.267478 1.266713 1.264840 1.262048 1.258525 1.254446 1.249976 1.245262 1.240430 1.235585 1.230807 1.226153 1.221656 1.217332 1.213175 1.209166 1.205272 1.201453 1.197663 1.193852 1.189969 1.185963 1.181782 1.177383 1.172722 1.167761 1.162464 1.156797 1.150731 1.144236 1.137285 1.129853 1.121912 1.113437
0.6361024 0.6703930 0.7057258 0.7419937 0.7790646 0.8167797 0.8549543 0.8933789 0.9318228 0.9700367 1.007760 1.044722 1.080650 1.115280 1.148362 1.179660 1.208967 1.236101 1.260915 1.283295 1.303165 1.320487 1.335259 1.347517 1.357332 1.364809 1.370082 1.373316 1.374696 1.374428 1.372733 1.369836 1.365969 1.361354 1.356206 1.350720 1.345071 1.339407 1.333846 1.328478 1.323363 1.318530 1.313986 1.309714 1.305678 1.301831 1.298114 1.294464 1.290811 1.287091 1.283241 1.279203 1.274922 1.270348 1.265434 1.260141 1.254432 1.248275 1.241638 1.234494 1.226813 1.218571 1.209737
0.6776863 0.7153909 0.7543439 0.7944299 0.8355027 0.8773832 0.9198604 0.9626931 1.005612 1.048324 1.090520 1.131880 1.172088 1.210828 1.247800 1.282728 1.315363 1.345492 1.372943 1.397584 1.419326 1.438128 1.453991 1.466961 1.477124 1.484610 1.489581 1.492237 1.492802 1.491527 1.488677 1.484530 1.479362 1.473446 1.467038 1.460375 1.453663 1.447076 1.440749 1.434781 1.429232 1.424124 1.419453 1.415182 1.411255 1.407603 1.404143 1.400788 1.397453 1.394055 1.390511 1.386747 1.382697 1.378307 1.373525 1.368308 1.362617 1.356417 1.349677 1.342367 1.334460 1.325926 1.316737
0.7217258 0.7632029 0.8061724 0.8505104 0.8960557 0.9426072 0.9899242 1.037728 1.085704 1.133511 1.180785 1.227149 1.272219 1.315623 1.357008 1.396045 1.432440 1.465944 1.496352 1.523511 1.547320 1.567733 1.584755 1.598443 1.608904 1.616295 1.620812 1.622696 1.622220 1.619686 1.615417 1.609749 1.603020 1.595559 1.587678 1.579660 1.571752 1.564157 1.557032 1.550482 1.544565 1.539294 1.534641 1.530548 1.526929 1.523683 1.520696 1.517852 1.515037 1.512142 1.509070 1.505736 1.502062 1.497982 1.493440 1.488390 1.482791 1.476609 1.469813 1.462374 1.454265 1.445456 1.435920
0.7682662 0.8139030 0.8613191 0.9103824 0.9609164 1.012695 1.065445 1.118842 1.172524 1.226086 1.279098 1.331115 1.381688 1.430375 1.476753 1.520434 1.561071 1.598368 1.632086 1.662046 1.688134 1.710296 1.728544 1.742947 1.753638 1.760803 1.764682 1.765562 1.763774 1.759685 1.753685 1.746183 1.737589 1.728305 1.718710 1.709147 1.699910 1.691239 1.683313 1.676244 1.670084 1.664828 1.660421 1.656767 1.653741 1.651200 1.648989 1.646953 1.644947 1.642834 1.640490 1.637807 1.634697 1.631088 1.626923 1.622153 1.616739 1.610649 1.603856 1.596332 1.588053 1.578990 1.569117
0.8173212 0.8675313 0.9198556 0.9741552 1.030237 1.087848 1.146676 1.206349 1.266443 1.326485 1.385973 1.444380 1.501169 1.555818 1.607829 1.656742 1.702147 1.743696 1.781109 1.814178 1.842770 1.866827 1.886364 1.901469 1.912300 1.919082 1.922101 1.921703 1.918287 1.912294 1.904199 1.894498 1.883692 1.872272 1.860700 1.849392 1.838702 1.828914 1.820231 1.812772 1.806579 1.801616 1.797790 1.794953 1.792927 1.791509 1.790492 1.789668 1.788846 1.787849 1.786531 1.784770 1.782464 1.779531 1.775912 1.771562 1.766447 1.760540 1.753819 1.746264 1.737853 1.728563 1.718368
0.8688595 0.9240794 0.9818015 1.041881 1.104108 1.168199 1.233797 1.300475 1.367737 1.435032 1.501768 1.567325 1.631081 1.692419 1.750748 1.805524 1.856266 1.902563 1.944085 1.980590 2.011925 2.038025 2.058911 2.074690 2.085550 2.091759 2.093659 2.091664 2.086250 2.077951 2.067341 2.055025 2.041614 2.027710 2.013877 2.000622 1.988377 1.977476 1.968153 1.960532 1.954631 1.950379 1.947621 1.946144 1.945689 1.945980 1.946733 1.947677 1.948563 1.949173 1.949321 1.948853 1.947661 1.945663 1.942803 1.939046 1.934366 1.928750 1.922186 1.914663 1.906166 1.896680 1.886181
0.9227996 0.9834825 1.047113 1.113542 1.182539 1.253787 1.326878 1.401320 1.476535 1.551884 1.626679 1.700198 1.771707 1.840485 1.905844 1.967146 2.023820 2.075384 2.121451 2.161737 2.196063 2.224356 2.246643 2.263053 2.273807 2.279222 2.279704 2.275744 2.267912 2.256848 2.243248 2.227847 2.211393 2.194622 2.178230 2.162840 2.148974 2.137037 2.127293 2.119870 2.114757 2.111822 2.110832 2.111477 2.113397 2.116208 2.119529 2.122996 2.126284 2.129111 2.131254 2.132547 2.132865 2.132128 2.130292 2.127337 2.123258 2.118060 2.111750 2.104331 2.095803 2.086157 2.075379
0.9789949 1.045603 1.115664 1.189023 1.265429 1.344523 1.425838 1.508801 1.592743 1.676921 1.760538 1.842766 1.922771 1.999721 2.072814 2.141300 2.204510 2.261873 2.312930 2.357348 2.394917 2.425551 2.449284 2.466264 2.476754 2.481123 2.479850 2.473513 2.462791 2.448450 2.431330 2.412323 2.392344 2.372300 2.353048 2.335356 2.319867 2.307067 2.297266 2.290588 2.286981 2.286232 2.287997 2.291836 2.297247 2.303707 2.310696 2.317733 2.324391 2.330315 2.335223 2.338911 2.341254 2.342192 2.341705 2.339805 2.336523 2.331892 2.325947 2.318716 2.310215 2.300453 2.289420
1.037226 1.110219 1.187230 1.268098 1.352545 1.440159 1.530398 1.622589 1.715956 1.809644 1.902753 1.994354 2.083503 2.169266 2.250726 2.327014 2.397338 2.461017 2.517506 2.566405 2.607464 2.640581 2.665792 2.683269 2.693316 2.696360 2.692960 2.683794 2.669666 2.651488 2.630269 2.607091 2.583073 2.559332 2.536928 2.516814 2.499784 2.486434 2.477127 2.471986 2.470901 2.473550 2.479443 2.487963 2.498419 2.510092 2.522278 2.534327 2.545666 2.555830 2.564474 2.571373 2.576407 2.579541 2.580804 2.580264 2.578006 2.574111 2.568658 2.561706 2.553300 2.543466 2.532211
1.097191 1.177013 1.261478 1.350411 1.443497 1.540253 1.640034 1.742042 1.845363 1.949019 2.052007 2.153330 2.252002 2.347006 2.437314 2.521912 2.599859 2.670331 2.732666 2.786378 2.831163 2.866892 2.893603 2.911489 2.920896 2.922316 2.916394 2.903920 2.885836 2.863225 2.837294 2.809349 2.780759 2.752895 2.727073 2.704480 2.686106 2.672688 2.664664 2.662157 2.664987 2.672693 2.684590 2.699832 2.717471 2.736529 2.756047 2.775139 2.793031 2.809099 2.822891 2.834132 2.842729 2.848720 2.852224 2.853405 2.852432 2.849465 2.844640 2.838068 2.829827 2.819971 2.808525
1.158503 1.245571 1.337957 1.435466 1.537726 1.644154 1.753958 1.866159 1.979661 2.093338 2.206135 2.317072 2.425194 2.529489 2.628842 2.722072 2.808030 2.885696 2.954244 3.013070 3.061795 3.100251 3.128471 3.146667 3.155228 3.154716 3.145865 3.129590 3.106988 3.079332 3.048059 3.014742 2.981042 2.948647 2.919185 2.894138 2.874750 2.861943 2.856263 2.857846 2.866429 2.881387 2.901795 2.926509 2.954254 2.983705 3.013552 3.042567 3.069656 3.093927 3.114769 3.131867 3.145179 3.154864 3.161207 3.164527 3.165136 3.163303 3.159256 3.153166 3.145164 3.135335 3.123733
1.220695 1.315381 1.416100 1.522629 1.634508 1.751007 1.871112 1.993568 2.116993 2.240067 2.361720 2.481193 2.597851 2.710850 2.819011 2.920912 3.015095 3.100247 3.175306 3.239501 3.292349 3.333630 3.363356 3.381760 3.389271 3.386521 3.374343 3.353785 3.326112 3.292811 3.255581 3.216300 3.176979 3.139677 3.106408 3.079023 3.059087 3.047769 3.045766 3.053258 3.069908 3.094908 3.127052 3.164845 3.206609 3.250582 3.294989 3.338109 3.378338 3.414326 3.445110 3.470252 3.489829 3.504274 3.514166 3.520103 3.522613 3.522134 3.519012 3.513510 3.505819 3.496071 3.484344
1.283236 1.385851 1.495251 1.611158 1.732991 1.859801 1.990241 2.122608 2.255030 2.385830 2.514019 2.639480 2.762441 2.882601 2.998730 3.108989 3.211403 3.304205 3.385990 3.455756 3.512874 3.557051 3.588274 3.606784 3.613054 3.607784 3.591912 3.566624 3.533369 3.493869 3.450112 3.404325 3.358918 3.316389 3.279213 3.249684 3.229771 3.220967 3.224187 3.239699 3.267127 3.305490 3.353294 3.408667 3.469491 3.533514 3.598402 3.661742 3.721075 3.774109 3.819143 3.855475 3.883425 3.903956 3.918226 3.927297 3.932040 3.933132 3.931082 3.926266 3.918955 3.909332 3.897515
1.345569 1.456359 1.574702 1.700250 1.832255 1.969464 2.110038 2.251562 2.391268 2.526672 2.656758 2.782951 2.907837 3.032319 3.154900 3.272854 3.383309 3.483803 3.572446 3.647921 3.709419 3.756542 3.789245 3.807771 3.812633 3.804603 3.784725 3.754327 3.715055 3.668884 3.618117 3.565365 3.513484 3.465478 3.424346 3.392913 3.373633 3.368406 3.378441 3.404172 3.445240 3.500544 3.568350 3.646446 3.732338 3.823365 3.916692 4.009127 4.096910 4.175850 4.242293 4.294658 4.333842 4.362063 4.381609 4.394337 4.401628 4.404489 4.403640 4.399598 4.392726 4.383271 4.371391
