T6-multimodels/model120.grd
DSAA
         100         100
  -15.00000       15.00000    
  -15.00000       15.00000    
  0.4518927       13.55892    
[rows 0 to 27 of 100, columns 0 to 62 of 100]
0.6018187 0.6156525 0.6296698 0.6438462 0.6581548 0.6725671 0.6870526 0.7015792 0.7161127 0.7306189 0.7450622 0.7594060 0.7736126 0.7876460 0.8014700 0.8150492 0.8283492 0.8413365 0.8539799 0.8662487 0.8781148 0.8895519 0.9005355 0.9110438 0.9210563 0.9305548 0.9395233 0.9479478 0.9558159 0.9631170 0.9698425 0.9759848 0.9815384 0.9864984 0.9908619 0.9946268 0.9977919 1.000358 1.002325 1.003695 1.004472 1.004659 1.004261 1.003284 1.001734 0.9996195 0.9969478 0.9937292 0.9899739 0.9856931 0.9808995 0.9756082 0.9698346 0.9635940 0.9569027 0.9497788 0.9422398 0.9343053 0.9259942 0.9173265 0.9083219 0.8990001 0.8893809
0.6234377 0.6383222 0.6534192 0.6687019 0.6841409 0.6997045 0.7153590 0.7310683 0.7467947 0.7624992 0.7781414 0.7936799 0.8090753 0.8242862 0.8392715 0.8539916 0.8684078 0.8824832 0.8961827 0.9094726 0.9223220 0.9347018 0.9465857 0.9579495 0.9687713 0.9790322 0.9887146 0.9978037 1.006287 1.014154 1.021395 1.028003 1.033973 1.039299 1.043979 1.048012 1.051396 1.054133 1.056223 1.057669 1.058475 1.058644 1.058182 1.057095 1.055389 1.053074 1.050159 1.046653 1.042568 1.037918 1.032717 1.026977 1.020716 1.013950 1.006700 0.9989834 0.9908218 0.9822354 0.9732460 0.9638757 0.9541461 0.9440793 0.9336967
0.6463159 0.6623470 0.6786245 0.6951185 0.7117969 0.7286245 0.7455636 0.7625741 0.7796138 0.7966389 0.8136050 0.8304656 0.8471738 0.8636832 0.8799491 0.8959265 0.9115726 0.9268460 0.9417074 0.9561199 0.9700490 0.9834633 0.9963337 1.008634 1.020341 1.031435 1.041896 1.051710 1.060863 1.069345 1.077146 1.084259 1.090679 1.096402 1.101425 1.105747 1.109367 1.112288 1.114510 1.116036 1.116871 1.117019 1.116485 1.115277 1.113401 1.110868 1.107685 1.103865 1.099419 1.094361 1.088705 1.082469 1.075672 1.068332 1.060468 1.052103 1.043259 1.033958 1.024226 1.014086 1.003563 0.9926817 0.9814650
0.6705385 0.6878228 0.7053922 0.7232143 0.7412534 0.7594707 0.7778238 0.7962679 0.8147559 0.8332378 0.8516628 0.8699786 0.8881345 0.9060783 0.9237579 0.9411234 0.9581262 0.9747204 0.9908619 1.006510 1.021626 1.036177 1.050129 1.063456 1.076132 1.088135 1.099447 1.110051 1.119933 1.129083 1.137493 1.145154 1.152062 1.158214 1.163607 1.168242 1.172117 1.175235 1.177599 1.179211 1.180076 1.180199 1.179587 1.178245 1.176183 1.173410 1.169936 1.165772 1.160933 1.155432 1.149287 1.142514 1.135131 1.127161 1.118626 1.109549 1.099956 1.089873 1.079326 1.068343 1.056951 1.045177 1.033048
0.6961948 0.7148500 0.7338354 0.7531155 0.7726508 0.7923978 0.8123099 0.8323362 0.8524235 0.8725164 0.8925577 0.9124886 0.9322488 0.9517794 0.9710230 0.9899229 1.008425 1.026477 1.044031 1.061040 1.077463 1.093263 1.108404 1.122856 1.136593 1.149591 1.161831 1.173296 1.183973 1.193851 1.202920 1.211176 1.218614 1.225230 1.231024 1.235996 1.240146 1.243477 1.245993 1.247697 1.248594 1.248689 1.247990 1.246503 1.244238 1.241204 1.237411 1.232873 1.227602 1.221614 1.214926 1.207559 1.199533 1.190872 1.181600 1.171742 1.161328 1.150386 1.138945 1.127037 1.114692 1.101940 1.088811
0.7233806 0.7435371 0.7640761 0.7849587 0.8061410 0.8275751 0.8492082 0.8709834 0.8928406 0.9147166 0.9365456 0.9582605 0.9797964 1.001085 1.022061 1.042661 1.062821 1.082485 1.101599 1.120110 1.137973 1.155147 1.171593 1.187280 1.202179 1.216266 1.229520 1.241925 1.253467 1.264136 1.273923 1.282824 1.290835 1.297955 1.304182 1.309518 1.313965 1.317527 1.320206 1.322008 1.322939 1.323004 1.322210 1.320565 1.318079 1.314761 1.310623 1.305676 1.299937 1.293421 1.286148 1.278137 1.269409 1.259991 1.249911 1.239197 1.227881 1.215994 1.203572 1.190647 1.177256 1.163431 1.149206
0.7521975 0.7739997 0.7962452 0.8188913 0.8418897 0.8651867 0.8887228 0.9124344 0.9362531 0.9601071 0.9839231 1.007625 1.031134 1.054375 1.077274 1.099757 1.121756 1.143205 1.164042 1.184212 1.203664 1.222351 1.240233 1.257276 1.273449 1.288726 1.303089 1.316518 1.329002 1.340531 1.351099 1.360700 1.369332 1.376996 1.383692 1.389422 1.394190 1.397999 1.400856 1.402765 1.403732 1.403764 1.402868 1.401053 1.398328 1.394702 1.390188 1.384798 1.378548 1.371453 1.363533 1.354811 1.345314 1.335067 1.324099 1.312445 1.300137 1.287214 1.273712 1.259670 1.245128 1.230125 1.214698
0.7827525 0.8063602 0.8304821 0.8550714 0.8800745 0.9054313 0.9310753 0.9569342 0.9829302 1.008982 1.035003 1.060908 1.086610 1.112021 1.137056 1.161632 1.185671 1.209098 1.231845 1.253849 1.275053 1.295408 1.314870 1.333401 1.350971 1.367552 1.383125 1.397672 1.411183 1.423648 1.435061 1.445421 1.454727 1.462980 1.470183 1.476339 1.481453 1.485532 1.488580 1.490605 1.491612 1.491610 1.490605 1.488608 1.485625 1.481668 1.476748 1.470879 1.464075 1.456356 1.447741 1.438252 1.427914 1.416759 1.404820 1.392133 1.378736 1.364671 1.349982 1.334711 1.318904 1.302605 1.285856
0.8151582 0.8407487 0.8669359 0.8936686 0.9208876 0.9485254 0.9765074 1.004751 1.033169 1.061666 1.090147 1.118512 1.146659 1.174488 1.201901 1.228806 1.255111 1.280733 1.305596 1.329629 1.352771 1.374965 1.396166 1.416333 1.435435 1.453443 1.470338 1.486105 1.500733 1.514215 1.526547 1.537730 1.547765 1.556655 1.564406 1.571023 1.576512 1.580882 1.584138 1.586290 1.587343 1.587306 1.586188 1.583996 1.580738 1.576427 1.571072 1.564686 1.557284 1.548882 1.539502 1.529170 1.517914 1.505766 1.492761 1.478940 1.464346 1.449026 1.433029 1.416404 1.399204 1.381479 1.363277
0.8495312 0.8773006 0.9057632 0.9348629 0.9645340 0.9947013 1.025280 1.056177 1.087291 1.118514 1.149735 1.180839 1.211711 1.242236 1.272302 1.301799 1.330626 1.358688 1.385899 1.412180 1.437463 1.461687 1.484803 1.506768 1.527549 1.547119 1.565459 1.582555 1.598398 1.612985 1.626314 1.638389 1.649213 1.658793 1.667136 1.674251 1.680147 1.684832 1.688315 1.690606 1.691713 1.691644 1.690407 1.688011 1.684464 1.679775 1.673955 1.667016 1.658973 1.649842 1.639646 1.628406 1.616153 1.602921 1.588750 1.573685 1.557775 1.541073 1.523635 1.505519 1.486784 1.467487 1.447685
0.8859934 0.9161589 0.9471301 0.9788460 1.011234 1.044209 1.077675 1.111527 1.145649 1.179917 1.214203 1.248375 1.282296 1.315834 1.348860 1.381249 1.412886 1.443662 1.473480 1.502252 1.529904 1.556368 1.581593 1.605534 1.628156 1.649435 1.669353 1.687897 1.705063 1.720849 1.735259 1.748299 1.759977 1.770301 1.779286 1.786939 1.793275 1.798303 1.802035 1.804481 1.805652 1.805555 1.804199 1.801593 1.797743 1.792658 1.786347 1.778820 1.770091 1.760173 1.749086 1.736858 1.723520 1.709107 1.693663 1.677235 1.659880 1.641658 1.622633 1.602872 1.582443 1.561414 1.539849
0.9246687 0.9574699 0.9912084 1.025818 1.061217 1.097313 1.133995 1.171144 1.208625 1.246296 1.284008 1.321605 1.358935 1.395843 1.432178 1.467797 1.502567 1.536365 1.569080 1.600616 1.630888 1.659826 1.687374 1.713485 1.738127 1.761275 1.782913 1.803034 1.821637 1.838725 1.854305 1.868388 1.880988 1.892118 1.901793 1.910030 1.916842 1.922243 1.926249 1.928870 1.930117 1.930001 1.928530 1.925710 1.921550 1.916054 1.909231 1.901087 1.891634 1.880885 1.868860 1.855579 1.841073 1.825380 1.808547 1.790630 1.771689 1.751795 1.731021 1.709446 1.687148 1.664208 1.640699
0.9656829 1.001384 1.038177 1.075988 1.114730 1.154296 1.194563 1.235391 1.276629 1.318111 1.359664 1.401109 1.442263 1.482945 1.522984 1.562213 1.600480 1.637644 1.673581 1.708182 1.741355 1.773024 1.803130 1.831625 1.858479 1.883669 1.907183 1.929020 1.949182 1.967679 1.984525 1.999736 2.013331 2.025329 2.035752 2.044617 2.051946 2.057755 2.062062 2.064881 2.066223 2.066102 2.064524 2.061496 2.057023 2.051110 2.043761 2.034978 2.024769 2.013141 2.000109 1.985697 1.969934 1.952860 1.934521 1.914979 1.894303 1.872572 1.849873 1.826297 1.801937 1.776886 1.751232
1.009161 1.048053 1.088216 1.129572 1.172024 1.215451 1.259716 1.304658 1.350100 1.395852 1.441708 1.487460 1.532898 1.577811 1.621998 1.665266 1.707438 1.748354 1.787874 1.825875 1.862258 1.896941 1.929862 1.960975 1.990249 2.017668 2.043226 2.066926 2.088778 2.108800 2.127013 2.143440 2.158108 2.171042 2.182269 2.191815 2.199704 2.205959 2.210600 2.213644 2.215106 2.214999 2.213331 2.210108 2.205333 2.199006 2.191129 2.181698 2.170716 2.158187 2.144119 2.128525 2.111432 2.092879 2.072916 2.051610 2.029039 2.005295 1.980478 1.954695 1.928058 1.900677 1.872657
1.055227 1.097628 1.141509 1.186789 1.233359 1.281085 1.329810 1.379351 1.429501 1.480039 1.530729 1.581325 1.631575 1.681236 1.730070 1.777857 1.824390 1.869488 1.912992 1.954765 1.994698 2.032705 2.068722 2.102705 2.134626 2.164475 2.192255 2.217975 2.241656 2.263325 2.283011 2.300748 2.316569 2.330510 2.342604 2.352885 2.361382 2.368125 2.373137 2.376440 2.378053 2.377990 2.376258 2.372865 2.367810 2.361091 2.352702 2.342634 2.330880 2.317432 2.302289 2.285461 2.266971 2.246850 2.225150 2.201941 2.177313 2.151367 2.124225 2.096012 2.066863 2.036908 2.006275
1.103994 1.150250 1.198233 1.247852 1.298992 1.351502 1.405203 1.459884 1.515307 1.571212 1.627319 1.683342 1.738989 1.793972 1.848014 1.900856 1.952260 2.002017 2.049948 2.095902 2.139758 2.181428 2.220845 2.257969 2.292779 2.325274 2.355464 2.383372 2.409029 2.432472 2.453743 2.472886 2.489947 2.504969 2.517995 2.529068 2.538225 2.545502 2.550929 2.554533 2.556337 2.556356 2.554602 2.551080 2.545788 2.538719 2.529860 2.519195 2.506703 2.492367 2.476172 2.458110 2.438188 2.416435 2.392899 2.367656 2.340804 2.312463 2.282774 2.251891 2.219972 2.187178 2.153661
1.155567 1.206054 1.258553 1.312969 1.369175 1.427004 1.486251 1.546675 1.607998 1.669917 1.732106 1.794227 1.855931 1.916881 1.976753 2.035246 2.092083 2.147027 2.199872 2.250453 2.298639 2.344337 2.387482 2.428040 2.465998 2.501365 2.534166 2.564435 2.592221 2.617571 2.640543 2.661195 2.679583 2.695763 2.709791 2.721717 2.731590 2.739453 2.745345 2.749299 2.751343 2.751499 2.749779 2.746191 2.740730 2.733386 2.724136 2.712952 2.699799 2.684637 2.667430 2.648155 2.626804 2.603388 2.577947 2.550557 2.521326 2.490395 2.457930 2.424117 2.389151 2.353226 2.316528
1.210033 1.265156 1.322619 1.382328 1.444141 1.507874 1.573295 1.640123 1.708037 1.776682 1.845674 1.914610 1.983091 2.050717 2.117105 2.181903 2.244792 2.305498 2.363790 2.419482 2.472437 2.522556 2.569780 2.614082 2.655461 2.693940 2.729560 2.762374 2.792445 2.819841 2.844634 2.866897 2.886703 2.904122 2.919222 2.932067 2.942715 2.951221 2.957635 2.961997 2.964345 2.964707 2.963101 2.959535 2.954009 2.946504 2.936992 2.925429 2.911761 2.895925 2.877855 2.857491 2.834791 2.809744 2.782378 2.752765 2.721023 2.687316 2.651842 2.614830 2.576517 2.537146 2.496944
1.267459 1.327646 1.390556 1.456088 1.524093 1.594364 1.666636 1.740588 1.815846 1.891994 1.968583 2.045143 2.121194 2.196267 2.269917 2.341731 2.411342 2.478433 2.542743 2.604069 2.662261 2.717221 2.768894 2.817266 2.862351 2.904191 2.942848 2.978394 3.010913 3.040494 3.067229 3.091209 3.112526 3.131265 3.147511 3.161341 3.172829 3.182042 3.189042 3.193882 3.196612 3.197268 3.195880 3.192462 3.187015 3.179522 3.169944 3.158223 3.144274 3.128000 3.109289 3.088041 3.064170 3.037621 3.008393 2.976544 2.942202 2.905556 2.866849 2.826360 2.784388 2.741233 2.697180
1.327882 1.393585 1.462446 1.534366 1.609184 1.686667 1.766515 1.848357 1.931758 2.016233 2.101252 2.186264 2.270715 2.354055 2.435760 2.515350 2.592396 2.666537 2.737475 2.804986 2.868911 2.929150 2.985661 3.038441 3.087528 3.132986 3.174900 3.213367 3.248499 3.280407 3.309206 3.335010 3.357930 3.378073 3.395539 3.410424 3.422819 3.432806 3.440465 3.445866 3.449070 3.450134 3.449099 3.445994 3.440830 3.433591 3.424237 3.412689 3.398834 3.382531 3.363607 3.341882 3.317193 3.289422 3.258521 3.224527 3.187570 3.147871 3.105728 3.061489 3.015534 2.968240 2.919961
1.391301 1.462987 1.538328 1.617224 1.699501 1.784900 1.873077 1.963604 2.055975 2.149625 2.243942 2.338285 2.432002 2.524454 2.615036 2.703188 2.788414 2.870297 2.948499 3.022771 3.092942 3.158917 3.220664 3.278201 3.331590 3.380925 3.426318 3.467899 3.505807 3.540182 3.571167 3.598900 3.623516 3.645143 3.663905 3.679917 3.693289 3.704125 3.712524 3.718576 3.722368 3.723975 3.723466 3.720891 3.716280 3.709634 3.700911 3.690022 3.676817 3.661086 3.642568 3.620986 3.596066 3.567581 3.535396 3.499505 3.460035 3.417246 3.371508 3.323266 3.273003 3.221200 3.168307
1.457674 1.535817 1.618173 1.704644 1.795040 1.889069 1.986334 2.086337 2.188491 2.292139 2.396573 2.501059 2.604861 2.707248 2.807515 2.905015 2.999171 3.089498 3.175612 3.257231 3.334173 3.406348 3.473734 3.536378 3.594372 3.647840 3.696934 3.741817 3.782662 3.819642 3.852930 3.882695 3.909096 3.932289 3.952420 3.969631 3.984053 3.995815 4.005041 4.011850 4.016358 4.018674 4.018902 4.017132 4.013430 4.007828 4.000307 3.990771 3.979036 3.964816 3.947731 3.927325 3.903143 3.874792 3.842006 3.804703 3.762998 3.717202 3.667785 3.615322 3.560438 3.503753 3.445841
1.526906 1.611978 1.701883 1.796523 1.895689 1.999042 2.106121 2.216338 2.329011 2.443381 2.558653 2.674008 2.788616 2.901663 3.012354 3.119940 3.223746 3.323206 3.417872 3.507421 3.591656 3.670486 3.743913 3.812009 3.874902 3.932757 3.985766 4.034133 4.078069 4.117785 4.153490 4.185382 4.213655 4.238491 4.260065 4.278543 4.294088 4.306858 4.317005 4.324686 4.330057 4.333274 4.334494 4.333868 4.331526 4.327565 4.322014 4.314801 4.305712 4.294358 4.280177 4.262483 4.240541 4.213675 4.181402 4.143513 4.100105 4.051558 3.998485 3.941643 3.881852 3.819920 3.756583
1.598846 1.691300 1.789268 1.892647 2.001197 2.114516 2.232052 2.353101 2.476853 2.602443 2.728986 2.855615 2.981475 3.105693 3.227381 3.345676 3.459780 3.569012 3.672835 3.770874 3.862904 3.948835 4.028687 4.102567 4.170641 4.233123 4.290249 4.342270 4.389442 4.432019 4.470244 4.504355 4.534579 4.561130 4.584215 4.604028 4.620770 4.634626 4.645792 4.654469 4.660864 4.665199 4.667707 4.668630 4.668208 4.666649 4.664091 4.660537 4.655776 4.649316 4.640343 4.627767 4.610385 4.587089 4.557056 4.519887 4.475649 4.424840 4.368279 4.306983 4.242044 4.174520 4.105361
1.673280 1.773541 1.880048 1.992687 2.111169 2.235002 2.363494 2.495774 2.630861 2.767759 2.905546 3.043391 3.180491 3.316001 3.448974 3.578404 3.703318 3.822871 3.936400 4.043443 4.143735 4.237180 4.323817 4.403787 4.477306 4.544634 4.606064 4.661896 4.712436 4.757983 4.798823 4.835236 4.867482 4.895813 4.920470 4.941685 4.959688 4.974712 4.986995 4.996793 5.004383 5.010070 5.014196 5.017139 5.019303 5.021092 5.022850 5.024759 5.026690 5.028033 5.027602 5.023705 5.014380 4.997786 4.972561 4.938041 4.894287 4.841988 4.782283 4.716566 4.646298 4.572872 4.497515
1.749930 1.858374 1.973842 2.096194 2.225064 2.359821 2.499563 2.643154 2.789343 2.936953 3.085068 3.233093 3.380571 3.526849 3.670943 3.811640 3.947689 4.077991 4.201684 4.318179 4.427148 4.528476 4.622218 4.708554 4.787749 4.860119 4.926016 4.985797 5.039818 5.088431 5.131968 5.170752 5.205082 5.235251 5.261536 5.284206 5.303535 5.319800 5.333294 5.344338 5.353294 5.360577 5.366673 5.372151 5.377661 5.383925 5.391657 5.401421 5.413356 5.426819 5.440076 5.450345 5.454334 5.449023 5.432268 5.403088 5.361627 5.308923 5.246611 5.176617 5.100911 5.021323 4.939428
1.828451 1.945394 2.070171 2.202600 2.342199 2.488131 2.639169 2.793742 2.950125 3.106800 3.262948 3.418639 3.574306 3.729857 3.884297 4.036022 4.183307 4.324633 4.458840 4.585155 4.703146 4.812667 4.913785 5.006719 5.091784 5.169362 5.239861 5.303701 5.361299 5.413055 5.459357 5.500567 5.537033 5.569086 5.597043 5.621218 5.641925 5.659496 5.674285 5.686690 5.697175 5.706290 5.714706 5.723248 5.732922 5.744928 5.760620 5.781307 5.807811 5.839664 5.874289 5.906967 5.932017 5.944459 5.941105 5.920747 5.883857 5.832107 5.767882 5.693860 5.612677 5.526721 5.438002
1.908420 2.034107 2.168460 2.311230 2.461782 2.618979 2.781119 2.945932 3.110807 3.273437 3.432999 3.591126 3.750630 3.912656 4.075971 4.238120 4.396521 4.549000 4.693961 4.830363 4.957641 5.075596 5.184302 5.284010 5.375097 5.458006 5.533211 5.601196 5.662439 5.717398 5.766511 5.810191 5.848829 5.882799 5.912464 5.938178 5.960308 5.979238 5.995392 6.009257 6.021410 6.032566 6.043621 6.055723 6.070354 6.089412 6.115256 6.150588 6.197823 6.257431 6.325520 6.393351 6.450619 6.489401 6.505522 6.498034 6.468260 6.418951 6.353585 6.275836 6.189197 6.096733 6.000965
