T6-multimodels/gz/model150.grd
DSAA
         100         100
  -15.00000       15.00000    
  -15.00000       15.00000    
 -0.4521654       3.177278    
[rows 27 to 53 of 100, columns 0 to 59 of 100]
-0.1507684 -0.1337087 -0.1115691 -8.3684452E-02 -4.9575210E-02 -9.1105001E-03 3.7224662E-02 8.8061452E-02 0.1408943 0.1924247 0.2402950 0.2862878 0.3348430 0.3867496 0.4392205 0.4890287 0.5339007 0.5726588 0.6049622 0.6310183 0.6513517 0.6666324 0.6775702 0.6848436 0.6890689 0.6907807 0.6904320 0.6883948 0.6849708 0.6803958 0.6748517 0.6684700 0.6613419 0.6535191 0.6450216 0.6358358 0.6259196 0.6151986 0.6035674 0.5908843 0.5769701 0.5616006 0.5445046 0.5253627 0.5038208 0.4795381 0.4523284 0.4225048 0.3915432 0.3627322 0.3401318 0.3258984 0.3198533 0.3210280 0.3283091 0.3403446 0.3553835 0.3713244 0.3859675 0.3972624
-0.1381912 -0.1178502 -9.1571882E-02 -5.8545429E-02 -1.8250827E-02 2.9386289E-02 8.3432712E-02 0.1414681 0.1984294 0.2461989 0.2770644 0.2992766 0.3335539 0.3837771 0.4412854 0.4985141 0.5510310 0.5967521 0.6350046 0.6659521 0.6902007 0.7085497 0.7218508 0.7309107 0.7364624 0.7391314 0.7394512 0.7378502 0.7346812 0.7302117 0.7246538 0.7181539 0.7108195 0.7027058 0.6938382 0.6841969 0.6737358 0.6623647 0.6499622 0.6363569 0.6213360 0.6046224 0.5858806 0.5646986 0.5406131 0.5131702 0.4821882 0.4485772 0.4165219 0.3962373 0.3985043 0.4219410 0.4560737 0.4940589 0.5339757 0.5750192 0.6158440 0.6543588 0.6882139 0.7152278
-0.1232297 -9.9471010E-02 -6.8961404E-02 -3.0582352E-02 1.6029704E-02 7.1077369E-02 0.1327583 0.1975111 0.2556450 0.2892994 0.2703234 0.2200786 0.2129059 0.2533654 0.3137618 0.3780196 0.4382420 0.4911019 0.5354960 0.5714836 0.5997840 0.6212866 0.6370359 0.6479253 0.6548557 0.6585012 0.6595237 0.6583653 0.6554752 0.6511106 0.6455568 0.6389347 0.6314080 0.6229964 0.6137690 0.6036632 0.5926638 0.5806299 0.5674564 0.5529103 0.5367712 0.5186809 0.4982561 0.4749685 0.4482432 0.4175100 0.3826340 0.3457374 0.3173154 0.3293484 0.4121917 0.5390155 0.6613478 0.7655640 0.8565007 0.9387056 1.013851 1.081112 1.138721 1.184762
-0.1076372 -8.0425367E-02 -4.5675434E-02 -1.8925872E-03 5.1048059E-02 0.1135664 0.1828417 0.2542312 0.3128251 0.3297263 0.2508989 0.1125213 5.5854861E-02 8.4536850E-02 0.1473278 0.2185306 0.2864667 0.3464960 0.3970706 0.4381240 0.4705068 0.4951781 0.5133969 0.5261235 0.5344483 0.5390743 0.5408118 0.5400981 0.5374971 0.5332384 0.5276980 0.5209536 0.5132429 0.5045336 0.4949539 0.4843831 0.4728520 0.4601545 0.4462152 0.4307262 0.4134719 0.3940011 0.3718909 0.3464889 0.3171098 0.2830682 0.2442812 0.2042549 0.1808723 0.2331134 0.4154076 0.6668137 0.8912287 1.069191 1.215412 1.341399 1.452617 1.549844 1.632085 1.697777
-9.3732081E-02 -6.3168831E-02 -2.4214666E-02 2.4814485E-02 8.4029973E-02 0.1538361 0.2308252 0.3091968 0.3706900 0.3796252 0.2717952 9.2526019E-02 1.1460717E-02 3.5140615E-02 0.1020586 0.1805252 0.2561545 0.3232489 0.3798774 0.4259100 0.4622844 0.4900806 0.5107133 0.5252617 0.5349473 0.5405540 0.5429851 0.5427244 0.5403989 0.5362586 0.5307215 0.5238702 0.5159682 0.5069771 0.4970405 0.4860219 0.4739571 0.4606152 0.4459130 0.4295040 0.4111453 0.3903252 0.3665589 0.3390938 0.3071332 0.2698745 0.2272613 0.1836351 0.1609174 0.2298622 0.4558493 0.7679932 1.050763 1.277527 1.464276 1.624682 1.765577 1.888243 1.991827 2.074807
-8.2164571E-02 -4.8401300E-02 -5.4121953E-03 4.8616227E-02 0.1138582 0.1906727 0.2753300 0.3612461 0.4285055 0.4388126 0.3258937 0.1384811 5.3591188E-02 7.9747945E-02 0.1529605 0.2390766 0.3222674 0.3961608 0.4585804 0.5093734 0.5495638 0.5803574 0.6033048 0.6196098 0.6306039 0.6371606 0.6402594 0.6404406 0.6383780 0.6343558 0.6288178 0.6218641 0.6137725 0.6045091 0.5942212 0.5827683 0.5701804 0.5562130 0.5407658 0.5234657 0.5040361 0.4819171 0.4565618 0.4271345 0.3927369 0.3524617 0.3062266 0.2587031 0.2332159 0.3038117 0.5393286 0.8685429 1.172393 1.421316 1.629951 1.811383 1.972002 2.112591 2.231829 2.327845
-7.2655439E-02 -3.5898447E-02 1.0858966E-02 6.9543891E-02 0.1404100 0.2238071 0.3158419 0.4095110 0.4841732 0.5006326 0.3922896 0.2088401 0.1287997 0.1614128 0.2421576 0.3359849 0.4263974 0.5066643 0.5744813 0.6297108 0.6734627 0.7070621 0.7321814 0.7501397 0.7623675 0.7698230 0.7735529 0.7741523 0.7723379 0.7684254 0.7628835 0.7558298 0.7475520 0.7380244 0.7273954 0.7155225 0.7024288 0.6878587 0.6716945 0.6535416 0.6330910 0.6097419 0.5828931 0.5516405 0.5150024 0.4719861 0.4224616 0.3711990 0.3419680 0.4097107 0.6444209 0.9758034 1.284876 1.541485 1.759583 1.951591 2.123214 2.274555 2.403666 2.508167
-6.4841837E-02 -2.5345070E-02 2.4846790E-02 8.7765768E-02 0.1637413 0.2531470 0.3520145 0.4531414 0.5355495 0.5596781 0.4586624 0.2823351 0.2096959 0.2500114 0.3384648 0.4396321 0.5367047 0.6227785 0.6954978 0.7547588 0.8017579 0.8379235 0.8650376 0.8845187 0.8978867 0.9061737 0.9104887 0.9114754 0.9098885 0.9060745 0.9005242 0.8933696 0.8849115 0.8751283 0.8641709 0.8518947 0.8383168 0.8231715 0.8063272 0.7873673 0.7659568 0.7414604 0.7132322 0.6803129 0.6416575 0.5962095 0.5437944 0.4892080 0.4563919 0.5207243 0.7527891 1.082672 1.391652 1.649769 1.870915 2.067230 2.243996 2.400820 2.535255 2.644465
-5.8447979E-02 -1.6498240E-02 3.6755648E-02 0.1034329 0.1839356 0.2786680 0.3836387 0.4915412 0.5812293 0.6129355 0.5196916 0.3512357 0.2863264 0.3341678 0.4298048 0.5376107 0.6406181 0.7318358 0.8088957 0.8717372 0.9216300 0.9600936 0.9890006 1.009856 1.024256 1.033298 1.038144 1.039481 1.038098 1.034369 1.028803 1.021549 1.012915 1.002887 0.9916154 0.9789554 0.9649186 0.9492303 0.9317460 0.9120318 0.8897306 0.8641784 0.8346933 0.8002756 0.7598325 0.7122617 0.6573579 0.5999218 0.5639650 0.6249722 0.8537382 1.180809 1.487853 1.745036 1.966265 2.163588 2.342083 2.501067 2.637766 2.749013
-5.3257357E-02 -9.1539230E-03 4.6772406E-02 0.1167152 0.2011335 0.3004670 0.4107150 0.5245164 0.6206138 0.6590957 0.5727730 0.4112263 0.3532265 0.4077767 0.5097220 0.6232951 0.7314298 0.8270882 0.9079040 0.9738550 1.026274 1.066753 1.097241 1.119313 1.134629 1.144343 1.149660 1.151307 1.150103 1.146443 1.140856 1.133502 1.124698 1.114435 1.102867 1.089844 1.075376 1.059180 1.041101 1.020689 0.9975711 0.9710579 0.9404421 0.9046915 0.8626814 0.8132774 0.7562533 0.6964137 0.6578155 0.7160984 0.9422552 1.266879 1.571726 1.827168 2.047234 2.243977 2.422392 2.581646 2.718765 2.830367
-4.9102213E-02 -3.1436095E-03 5.5072062E-02 0.1277945 0.2155306 0.3187456 0.4334387 0.5522085 0.6537244 0.6979651 0.6176675 0.4622694 0.4102414 0.4704852 0.5777563 0.6961849 0.8086365 0.9080423 0.9920399 1.060639 1.115220 1.157434 1.189289 1.212419 1.228534 1.238834 1.244563 1.246478 1.245425 1.241819 1.236203 1.228750 1.219784 1.209298 1.197450 1.184088 1.169219 1.152552 1.133925 1.112876 1.089014 1.061636 1.030013 0.9930881 0.9497147 0.8987376 0.8399178 0.7780601 0.7372424 0.7931010 1.016665 1.338760 1.641346 1.894838 2.113292 2.308770 2.486238 2.644782 2.781315 2.892324
-4.5831293E-02 1.6990816E-03 6.1841238E-02 0.1368890 0.2273831 0.3338096 0.4521642 0.5750186 0.6809804 0.7299428 0.6544781 0.5039004 0.4566971 0.5216095 0.6332518 0.7556714 0.8716803 0.9741864 1.060830 1.131643 1.188043 1.231725 1.264743 1.288776 1.305575 1.316377 1.322458 1.324601 1.323672 1.320105 1.314454 1.306903 1.297781 1.287086 1.274977 1.261302 1.246062 1.228964 1.209836 1.188209 1.163680 1.135530 1.103015 1.065064 1.020512 0.9681910 0.9078531 0.8443064 0.8016493 0.8556061 1.077302 1.397509 1.698172 1.949823 2.166599 2.360593 2.536762 2.694156 2.829625 2.939575
-4.3315627E-02 5.5250712E-03 6.7263648E-02 0.1442249 0.2369757 0.3460137 0.4673324 0.5934784 0.7030171 0.7557754 0.6842948 0.5377968 0.4945372 0.5632016 0.6783590 0.8039966 0.9228851 1.027913 1.116721 1.189356 1.247262 1.292166 1.326156 1.350947 1.368323 1.379548 1.385923 1.388255 1.387426 1.383883 1.378193 1.370545 1.361276 1.350387 1.338037 1.324073 1.308496 1.291006 1.271426 1.249280 1.224155 1.195322 1.162026 1.123183 1.077618 1.024153 0.9625353 0.8975745 0.8533746 0.9056312 1.125457 1.443777 1.742659 1.992627 2.207817 2.400332 2.575128 2.731236 2.865470 2.974190
-4.1429281E-02 8.4884232E-03 7.1530104E-02 0.1500444 0.2446140 0.3557458 0.4794272 0.6081874 0.7205532 0.7763004 0.7078565 0.5643688 0.5241456 0.5957670 0.7137051 0.8418976 0.9630828 1.070133 1.160685 1.234798 1.293931 1.339837 1.374629 1.400046 1.417899 1.429473 1.436092 1.438577 1.437825 1.434294 1.428560 1.420820 1.411414 1.400345 1.387774 1.373549 1.357667 1.339825 1.319841 1.297233 1.271582 1.242151 1.208175 1.168564 1.122132 1.067696 1.005002 0.9388601 0.8933870 0.9443390 1.162892 1.479890 1.777352 2.025876 2.239650 2.430801 2.604289 2.759135 2.892138 2.999628
-4.0062495E-02 1.0727230E-02 7.4818976E-02 0.1545760 0.2505936 0.3633810 0.4889231 0.6197304 0.7343058 0.7923866 0.7264012 0.5854456 0.5476511 0.6215794 0.7416896 0.8718845 0.9948774 1.103526 1.195467 1.270761 1.330882 1.377596 1.413039 1.438966 1.457208 1.469067 1.475882 1.478487 1.477792 1.474263 1.468484 1.460655 1.451122 1.439891 1.427121 1.412662 1.396506 1.378351 1.358011 1.334997 1.308887 1.278937 1.244376 1.204106 1.156938 1.101685 1.038089 0.9709625 0.9244230 0.9741895 1.191413 1.507053 1.803222 2.050489 2.263032 2.452976 2.625284 2.778976 2.910840 3.017191
-3.9108727E-02 1.2378278E-02 7.7303730E-02 0.1580433 0.2551976 0.3692798 0.4962676 0.6286612 0.7449391 0.8048099 0.7406203 0.6014248 0.5654319 0.6411315 0.7629175 0.8946624 1.019061 1.128959 1.221989 1.298215 1.359119 1.406479 1.442440 1.468776 1.487329 1.499416 1.506387 1.509085 1.508430 1.504895 1.499070 1.491160 1.481512 1.470134 1.457188 1.442521 1.426126 1.407698 1.387047 1.363682 1.337175 1.306779 1.271719 1.230892 1.183105 1.127167 1.062821 0.9948803 0.9474698 0.9963595 1.212746 1.527506 1.822692 2.068927 2.280428 2.469337 2.640622 2.793303 2.924162 3.029507
-3.8477503E-02 1.3557961E-02 7.9136774E-02 0.1606409 0.2586772 0.3737569 0.5018558 0.6354614 0.7530395 0.8142775 0.7515414 0.6138594 0.5792975 0.6563481 0.7794117 0.9123427 1.037820 1.148682 1.242555 1.319506 1.381022 1.428886 1.465257 1.491914 1.510712 1.522977 1.530068 1.532837 1.532209 1.528663 1.522794 1.514809 1.505059 1.493553 1.480453 1.465606 1.449004 1.430341 1.409423 1.385759 1.358915 1.328144 1.292664 1.251371 1.203069 1.146566 1.081603 1.012994 0.9648621 1.012940 1.228394 1.542201 1.836488 2.081851 2.292482 2.480524 2.650946 2.802768 2.932773 3.037262
-3.8083874E-02 1.4375686E-02 8.0456786E-02 0.1625470 0.2612547 0.3770928 0.5060310 0.6405509 0.7591040 0.8213615 0.7596271 0.6229069 0.5893558 0.6674159 0.7914392 0.9252633 1.051556 1.163148 1.257664 1.335169 1.397154 1.445408 1.482094 1.509000 1.527987 1.540389 1.547571 1.550391 1.549779 1.546219 1.540309 1.532259 1.522420 1.510805 1.497575 1.482575 1.465799 1.446937 1.425797 1.401883 1.374760 1.343678 1.307853 1.266178 1.217456 1.160493 1.095030 1.025883 0.9771797 1.024698 1.239644 1.552909 1.846561 2.091238 2.301167 2.488502 2.658216 2.809332 2.938631 3.042415
-3.7859637E-02 1.4919275E-02 8.1377864E-02 0.1639060 0.2631149 0.3795153 0.5090750 0.6442688 0.7635413 0.8265531 0.7656378 0.6297889 0.5970379 0.6758434 0.8005734 0.9350562 1.061952 1.174086 1.269080 1.346999 1.409335 1.457881 1.494804 1.521897 1.541026 1.553531 1.560779 1.563636 1.563033 1.559459 1.553513 1.545406 1.535495 1.523790 1.510451 1.495327 1.478409 1.459387 1.438065 1.413950 1.386603 1.355270 1.319169 1.277191 1.228135 1.170808 1.104952 1.035380 0.9862202 1.033211 1.247526 1.560149 1.853218 2.097336 2.306707 2.493482 2.662635 2.813190 2.941928 3.045150
-3.7744477E-02 1.5266171E-02 8.1997320E-02 0.1648416 0.2644098 0.3812136 0.5112166 0.6468910 0.7666733 0.8302155 0.7698002 0.6344085 0.6021692 0.6814998 0.8067316 0.9416837 1.069010 1.181532 1.276869 1.355086 1.417675 1.466432 1.503526 1.530754 1.549987 1.562564 1.569860 1.572741 1.572143 1.568555 1.562579 1.554429 1.544460 1.532683 1.519260 1.504040 1.487011 1.467864 1.446405 1.422133 1.394614 1.363090 1.326778 1.284568 1.235260 1.177658 1.111504 1.041614 0.9921186 1.038798 1.252864 1.565215 1.857926 2.101642 2.310597 2.496950 2.665678 2.815808 2.944121 3.046918
-3.7695862E-02 1.5471178E-02 8.2386360E-02 0.1654428 0.2652526 0.3823256 0.5126255 0.6486197 0.7687432 0.8326431 0.7726380 0.6377041 0.6058583 0.6855418 0.8111081 0.9463729 1.073987 1.186768 1.282335 1.360751 1.423511 1.472410 1.509619 1.536939 1.556240 1.568866 1.576194 1.579090 1.578493 1.574895 1.568897 1.560715 1.550704 1.538876 1.525393 1.510103 1.492996 1.473762 1.452202 1.427820 1.400179 1.368521 1.332061 1.289688 1.240202 1.182408 1.116047 1.045933 0.9961965 1.042578 1.256257 1.568217 1.860603 2.104022 2.312683 2.498740 2.667172 2.817004 2.945020 3.047521
-3.7678517E-02 1.5579164E-02 8.2600065E-02 0.1657790 0.2657270 0.3829553 0.5134243 0.6496023 0.7699188 0.8340185 0.7741743 0.6393581 0.6076866 0.6875684 0.8133253 0.9487692 1.076547 1.189477 1.285176 1.363708 1.426565 1.475546 1.512822 1.540194 1.559535 1.572189 1.579534 1.582439 1.581843 1.578237 1.572225 1.564024 1.553987 1.542129 1.528610 1.513279 1.496125 1.476837 1.455219 1.430772 1.403058 1.371319 1.334770 1.292301 1.242710 1.184802 1.118318 1.048074 0.9982015 1.044484 1.258132 1.570049 1.862314 2.105574 2.314065 2.499948 2.668205 2.817862 2.945702 3.048028
-3.7675608E-02 1.5611318E-02 8.2667083E-02 0.1658855 0.2658792 0.3831572 0.5136821 0.6499190 0.7702999 0.8344684 0.7747379 0.6400799 0.6085073 0.6884565 0.8142757 0.9497776 1.077610 1.190588 1.286329 1.364898 1.427788 1.476796 1.514093 1.541483 1.560836 1.573499 1.580850 1.583758 1.583162 1.579553 1.573537 1.565329 1.555284 1.543416 1.529885 1.514539 1.497370 1.478065 1.456427 1.431958 1.404219 1.372454 1.335876 1.293375 1.243750 1.185804 1.119279 1.048990 0.9990681 1.045254 1.258727 1.570475 1.862641 2.105835 2.314267 2.500092 2.668291 2.817890 2.945672 3.047939
-3.7678309E-02 1.5579328E-02 8.2600214E-02 0.1657792 0.2657272 0.3829553 0.5134243 0.6496021 0.7699188 0.8340185 0.7741744 0.6393582 0.6076865 0.6875684 0.8133254 0.9487687 1.076547 1.189477 1.285176 1.363707 1.426565 1.475546 1.512822 1.540194 1.559534 1.572188 1.579534 1.582438 1.581842 1.578237 1.572225 1.564023 1.553987 1.542128 1.528610 1.513278 1.496124 1.476836 1.455218 1.430771 1.403057 1.371319 1.334770 1.292301 1.242710 1.184802 1.118318 1.048074 0.9982012 1.044483 1.258132 1.570049 1.862314 2.105574 2.314065 2.499948 2.668205 2.817862 2.945702 3.048028
-3.7695676E-02 1.5471387E-02 8.2386486E-02 0.1654430 0.2652529 0.3823257 0.5126254 0.6486194 0.7687429 0.8326431 0.7726379 0.6377040 0.6058580 0.6855417 0.8111079 0.9463727 1.073987 1.186768 1.282334 1.360751 1.423511 1.472410 1.509619 1.536939 1.556239 1.568866 1.576193 1.579090 1.578493 1.574894 1.568896 1.560714 1.550703 1.538875 1.525393 1.510103 1.492996 1.473761 1.452202 1.427820 1.400179 1.368520 1.332061 1.289688 1.240202 1.182408 1.116047 1.045933 0.9961964 1.042578 1.256256 1.568217 1.860603 2.104022 2.312683 2.498740 2.667172 2.817005 2.945020 3.047521
-3.7744317E-02 1.5266404E-02 8.1997536E-02 0.1648418 0.2644100 0.3812137 0.5112165 0.6468909 0.7666731 0.8302155 0.7698002 0.6344086 0.6021689 0.6815000 0.8067316 0.9416837 1.069010 1.181532 1.276869 1.355086 1.417675 1.466432 1.503526 1.530754 1.549986 1.562564 1.569860 1.572741 1.572142 1.568555 1.562578 1.554429 1.544459 1.532683 1.519260 1.504040 1.487011 1.467865 1.446404 1.422133 1.394613 1.363090 1.326778 1.284568 1.235259 1.177658 1.111504 1.041614 0.9921186 1.038798 1.252864 1.565214 1.857926 2.101642 2.310597 2.496949 2.665678 2.815807 2.944120 3.046917
-3.7859544E-02 1.4919322E-02 8.1377968E-02 0.1639062 0.2631150 0.3795154 0.5090748 0.6442683 0.7635411 0.8265531 0.7656380 0.6297888 0.5970380 0.6758437 0.8005738 0.9350563 1.061952 1.174086 1.269080 1.346999 1.409335 1.457881 1.494804 1.521897 1.541027 1.553531 1.560779 1.563636 1.563033 1.559459 1.553512 1.545407 1.535495 1.523789 1.510451 1.495327 1.478409 1.459387 1.438066 1.413949 1.386603 1.355270 1.319169 1.277190 1.228135 1.170808 1.104952 1.035380 0.9862207 1.033211 1.247526 1.560149 1.853217 2.097336 2.306707 2.493481 2.662634 2.813189 2.941927 3.045149
