T6-multimodels/gz/model90.grd
DSAA
         100         100
  -15.00000       15.00000    
  -15.00000       15.00000    
 -0.4562731       2.449305    
[rows 0 to 26 of 100, columns 0 to 59 of 100]
-0.1101997 -0.1123667 -0.1145483 -0.1167417 -0.1189444 -0.1211538 -0.1233671 -0.1255817 -0.1277947 -0.1300032 -0.1321994 -0.1343805 -0.1365573 -0.1387237 -0.1408734 -0.1430036 -0.1451118 -0.1471952 -0.1492516 -0.1512784 -0.1532734 -0.1552342 -0.1571587 -0.1590445 -0.1608896 -0.1626920 -0.1644500 -0.1661618 -0.1678258 -0.1694405 -0.1710045 -0.1725165 -0.1739755 -0.1753802 -0.1767299 -0.1780234 -0.1792596 -0.1804377 -0.1815565 -0.1826149 -0.1836117 -0.1845456 -0.1854149 -0.1862181 -0.1869534 -0.1876189 -0.1882125 -0.1887325 -0.1891783 -0.1895552 -0.1898596 -0.1900729 -0.1901914 -0.1902208 -0.1901605 -0.1900091 -0.1897649 -0.1894266 -0.1889930 -0.1884630
-0.1132397 -0.1155073 -0.1177898 -0.1200844 -0.1223885 -0.1246993 -0.1270141 -0.1293299 -0.1316445 -0.1339552 -0.1362651 -0.1385717 -0.1408586 -0.1431271 -0.1453786 -0.1476108 -0.1498211 -0.1520070 -0.1541659 -0.1562956 -0.1583937 -0.1604576 -0.1624852 -0.1644741 -0.1664222 -0.1683275 -0.1701881 -0.1720022 -0.1737682 -0.1754846 -0.1771498 -0.1787628 -0.1803224 -0.1818274 -0.1832770 -0.1846701 -0.1860057 -0.1872828 -0.1885003 -0.1896571 -0.1907517 -0.1917826 -0.1927482 -0.1936467 -0.1944757 -0.1952331 -0.1959166 -0.1965235 -0.1970495 -0.1974837 -0.1978243 -0.1980858 -0.1982664 -0.1983554 -0.1983487 -0.1982439 -0.1980389 -0.1977320 -0.1973217 -0.1968066
-0.1163533 -0.1187221 -0.1211058 -0.1235016 -0.1259066 -0.1283181 -0.1307331 -0.1331492 -0.1355633 -0.1379727 -0.1403691 -0.1427501 -0.1451277 -0.1474957 -0.1498476 -0.1521808 -0.1544928 -0.1567810 -0.1590430 -0.1612764 -0.1634789 -0.1656479 -0.1677810 -0.1698761 -0.1719308 -0.1739430 -0.1759108 -0.1778323 -0.1797059 -0.1815301 -0.1833033 -0.1850245 -0.1866924 -0.1883060 -0.1898645 -0.1913668 -0.1928121 -0.1941991 -0.1955269 -0.1967942 -0.1979996 -0.1991413 -0.2002175 -0.2012259 -0.2021641 -0.2030294 -0.2038189 -0.2045297 -0.2051603 -0.2057155 -0.2061903 -0.2065634 -0.2068297 -0.2069942 -0.2070556 -0.2070111 -0.2068582 -0.2065945 -0.2062182 -0.2057275
-0.1195332 -0.1220025 -0.1244864 -0.1269817 -0.1294855 -0.1319949 -0.1345073 -0.1370198 -0.1395303 -0.1420363 -0.1445418 -0.1470448 -0.1495278 -0.1519928 -0.1544420 -0.1568733 -0.1592844 -0.1616731 -0.1640369 -0.1663735 -0.1686804 -0.1709553 -0.1731956 -0.1753991 -0.1775633 -0.1796860 -0.1817654 -0.1837994 -0.1857863 -0.1877246 -0.1896129 -0.1914499 -0.1932346 -0.1949660 -0.1966434 -0.1982656 -0.1998320 -0.2013414 -0.2027928 -0.2041848 -0.2055160 -0.2067844 -0.2079879 -0.2091240 -0.2101898 -0.2111819 -0.2120969 -0.2129310 -0.2136782 -0.2143253 -0.2148692 -0.2153243 -0.2156875 -0.2159456 -0.2160929 -0.2161257 -0.2160406 -0.2158348 -0.2155058 -0.2150515
-0.1227695 -0.1253373 -0.1279182 -0.1305092 -0.1331072 -0.1357096 -0.1383134 -0.1409163 -0.1435157 -0.1461093 -0.1486887 -0.1512521 -0.1538137 -0.1563676 -0.1589074 -0.1614310 -0.1639362 -0.1664211 -0.1688832 -0.1713204 -0.1737303 -0.1761104 -0.1784582 -0.1807712 -0.1830471 -0.1852835 -0.1874783 -0.1896295 -0.1917354 -0.1937943 -0.1958050 -0.1977661 -0.1996768 -0.2015361 -0.2033433 -0.2050976 -0.2067982 -0.2084442 -0.2100345 -0.2115677 -0.2130423 -0.2144562 -0.2158070 -0.2170918 -0.2183069 -0.2194487 -0.2205129 -0.2214949 -0.2223918 -0.2232074 -0.2239347 -0.2245481 -0.2250405 -0.2254159 -0.2256712 -0.2258021 -0.2258044 -0.2256746 -0.2254094 -0.2250064
-0.1260503 -0.1287118 -0.1313844 -0.1340646 -0.1367495 -0.1394361 -0.1421222 -0.1448051 -0.1474834 -0.1501555 -0.1528269 -0.1554965 -0.1581462 -0.1607795 -0.1634000 -0.1660064 -0.1685973 -0.1711708 -0.1737250 -0.1762577 -0.1787667 -0.1812494 -0.1837033 -0.1861258 -0.1885144 -0.1908666 -0.1931802 -0.1954531 -0.1976835 -0.1998697 -0.2020104 -0.2041045 -0.2061510 -0.2081493 -0.2100986 -0.2119985 -0.2138482 -0.2156470 -0.2173938 -0.2190874 -0.2207261 -0.2223076 -0.2238293 -0.2252877 -0.2266786 -0.2279975 -0.2292393 -0.2303980 -0.2314655 -0.2324251 -0.2332715 -0.2340184 -0.2346603 -0.2351805 -0.2355709 -0.2358257 -0.2359395 -0.2359078 -0.2357268 -0.2353934
-0.1293596 -0.1321078 -0.1348633 -0.1376228 -0.1403829 -0.1431413 -0.1458954 -0.1486437 -0.1513843 -0.1541163 -0.1568317 -0.1595304 -0.1622298 -0.1649250 -0.1676106 -0.1702857 -0.1729492 -0.1755997 -0.1782359 -0.1808556 -0.1834568 -0.1860370 -0.1885935 -0.1911236 -0.1936245 -0.1960936 -0.1985286 -0.2009272 -0.2032874 -0.2056075 -0.2078863 -0.2101227 -0.2123158 -0.2144651 -0.2165703 -0.2186309 -0.2206467 -0.2226168 -0.2245407 -0.2264170 -0.2282440 -0.2300193 -0.2317399 -0.2334018 -0.2350002 -0.2365296 -0.2379835 -0.2393552 -0.2406391 -0.2418372 -0.2429390 -0.2439136 -0.2447502 -0.2454509 -0.2460099 -0.2464202 -0.2466751 -0.2467692 -0.2466975 -0.2464564
-0.1326785 -0.1355024 -0.1383284 -0.1411524 -0.1439715 -0.1467831 -0.1495855 -0.1523772 -0.1551584 -0.1579290 -0.1606974 -0.1634646 -0.1662129 -0.1689485 -0.1716775 -0.1744005 -0.1771176 -0.1798283 -0.1825315 -0.1852255 -0.1879083 -0.1905775 -0.1932303 -0.1958638 -0.1984748 -0.2010606 -0.2036185 -0.2061459 -0.2086408 -0.2111015 -0.2135266 -0.2159151 -0.2182664 -0.2205802 -0.2228564 -0.2250950 -0.2272959 -0.2294589 -0.2315834 -0.2336684 -0.2357122 -0.2377123 -0.2396653 -0.2415666 -0.2434105 -0.2451905 -0.2468987 -0.2485262 -0.2500611 -0.2514821 -0.2527798 -0.2539662 -0.2550319 -0.2559553 -0.2567241 -0.2573289 -0.2577617 -0.2580153 -0.2580840 -0.2579630
-0.1359833 -0.1388679 -0.1417462 -0.1446145 -0.1474694 -0.1503089 -0.1531315 -0.1559374 -0.1587266 -0.1615008 -0.1642540 -0.1669889 -0.1697287 -0.1724709 -0.1752123 -0.1779545 -0.1806988 -0.1834455 -0.1861944 -0.1889443 -0.1916934 -0.1944390 -0.1971783 -0.1999079 -0.2026245 -0.2053248 -0.2080056 -0.2106642 -0.2132982 -0.2159059 -0.2184857 -0.2210367 -0.2235588 -0.2260518 -0.2285160 -0.2309519 -0.2333599 -0.2357403 -0.2380929 -0.2404171 -0.2427111 -0.2449727 -0.2471979 -0.2493816 -0.2515171 -0.2535965 -0.2556101 -0.2575474 -0.2593987 -0.2611626 -0.2628232 -0.2643416 -0.2657017 -0.2669015 -0.2679310 -0.2687788 -0.2694344 -0.2698893 -0.2701362 -0.2701696
-0.1392455 -0.1421697 -0.1450764 -0.1479609 -0.1508205 -0.1536530 -0.1564583 -0.1592371 -0.1619924 -0.1647281 -0.1674574 -0.1701858 -0.1728976 -0.1756040 -0.1783160 -0.1810379 -0.1837729 -0.1865228 -0.1892882 -0.1920686 -0.1948622 -0.1976665 -0.2004779 -0.2032930 -0.2061076 -0.2089178 -0.2117200 -0.2145109 -0.2172877 -0.2200484 -0.2227914 -0.2255162 -0.2282226 -0.2309109 -0.2335819 -0.2362369 -0.2388770 -0.2415030 -0.2441156 -0.2467144 -0.2492983 -0.2518648 -0.2544099 -0.2569277 -0.2594104 -0.2618482 -0.2642298 -0.2665412 -0.2687649 -0.2708719 -0.2728466 -0.2746974 -0.2764083 -0.2779495 -0.2793026 -0.2804526 -0.2813868 -0.2820942 -0.2825660 -0.2827957
-0.1424308 -0.1453668 -0.1482692 -0.1511331 -0.1539552 -0.1567344 -0.1594712 -0.1621688 -0.1648314 -0.1674657 -0.1700704 -0.1726543 -0.1752494 -0.1778589 -0.1804846 -0.1831331 -0.1858098 -0.1885184 -0.1912608 -0.1940372 -0.1968460 -0.1996843 -0.2025483 -0.2054333 -0.2083347 -0.2112476 -0.2141674 -0.2170900 -0.2200123 -0.2229318 -0.2258468 -0.2287568 -0.2316621 -0.2345633 -0.2374624 -0.2403610 -0.2432615 -0.2461656 -0.2490750 -0.2519901 -0.2549103 -0.2578334 -0.2607552 -0.2636692 -0.2665662 -0.2694347 -0.2722604 -0.2750267 -0.2777174 -0.2803249 -0.2828247 -0.2851658 -0.2873230 -0.2892878 -0.2910423 -0.2925682 -0.2938493 -0.2948722 -0.2956262 -0.2961035
-0.1454986 -0.1484098 -0.1512655 -0.1540598 -0.1567894 -0.1594535 -0.1620548 -0.1645980 -0.1670921 -0.1695478 -0.1719875 -0.1744255 -0.1768517 -0.1792870 -0.1817509 -0.1842550 -0.1868081 -0.1894165 -0.1920835 -0.1948102 -0.1975950 -0.2004348 -0.2033246 -0.2062589 -0.2092314 -0.2122360 -0.2152669 -0.2183190 -0.2213882 -0.2244715 -0.2275671 -0.2306744 -0.2337942 -0.2369280 -0.2400783 -0.2432483 -0.2464414 -0.2496610 -0.2529098 -0.2561896 -0.2595007 -0.2628416 -0.2662080 -0.2695926 -0.2729852 -0.2763717 -0.2797348 -0.2830531 -0.2863000 -0.2894348 -0.2924313 -0.2952904 -0.2979851 -0.3004730 -0.3027250 -0.3047174 -0.3064299 -0.3078456 -0.3089518 -0.3097391
-0.1484010 -0.1512404 -0.1539941 -0.1566553 -0.1592202 -0.1616890 -0.1640658 -0.1663596 -0.1685823 -0.1707500 -0.1728712 -0.1749666 -0.1770843 -0.1792381 -0.1814401 -0.1837063 -0.1860500 -0.1884804 -0.1910033 -0.1936204 -0.1963302 -0.1991287 -0.2020095 -0.2049653 -0.2079878 -0.2110691 -0.2142015 -0.2173783 -0.2205943 -0.2238457 -0.2271304 -0.2304477 -0.2337989 -0.2371864 -0.2406140 -0.2440864 -0.2476087 -0.2511864 -0.2548239 -0.2585249 -0.2622913 -0.2661224 -0.2700142 -0.2739592 -0.2779453 -0.2819560 -0.2859701 -0.2899617 -0.2939039 -0.2977782 -0.3015459 -0.3051369 -0.3085112 -0.3116476 -0.3145161 -0.3170869 -0.3193343 -0.3212377 -0.3227814 -0.3239548
-0.1510829 -0.1537902 -0.1563717 -0.1588180 -0.1611252 -0.1632940 -0.1653315 -0.1672501 -0.1690693 -0.1708130 -0.1725206 -0.1742230 -0.1759233 -0.1776601 -0.1794692 -0.1813751 -0.1833971 -0.1855489 -0.1878385 -0.1902688 -0.1928378 -0.1955399 -0.1983667 -0.2013082 -0.2043532 -0.2074910 -0.2107114 -0.2140057 -0.2173666 -0.2207894 -0.2242712 -0.2278116 -0.2314122 -0.2350766 -0.2388102 -0.2426197 -0.2465127 -0.2504971 -0.2545801 -0.2587681 -0.2630648 -0.2674714 -0.2719849 -0.2765974 -0.2812953 -0.2860592 -0.2908629 -0.2956739 -0.3004508 -0.3051342 -0.3096802 -0.3140752 -0.3182733 -0.3222114 -0.3258431 -0.3291299 -0.3320396 -0.3345465 -0.3366318 -0.3382833
-0.1534808 -0.1559808 -0.1583004 -0.1604282 -0.1623584 -0.1640930 -0.1656417 -0.1670233 -0.1682640 -0.1693979 -0.1704527 -0.1714722 -0.1725326 -0.1736694 -0.1749143 -0.1763009 -0.1778562 -0.1795994 -0.1815415 -0.1836861 -0.1860305 -0.1885664 -0.1912823 -0.1941640 -0.1971966 -0.2003651 -0.2036557 -0.2070567 -0.2105586 -0.2141547 -0.2178415 -0.2216184 -0.2254875 -0.2294540 -0.2335252 -0.2377106 -0.2420208 -0.2464674 -0.2510611 -0.2558116 -0.2607265 -0.2658091 -0.2710580 -0.2764658 -0.2820175 -0.2876902 -0.2934521 -0.2992634 -0.3050799 -0.3108647 -0.3165548 -0.3220499 -0.3272840 -0.3322149 -0.3367906 -0.3409628 -0.3446904 -0.3479421 -0.3506952 -0.3529359
-0.1555238 -0.1577221 -0.1596684 -0.1613464 -0.1627488 -0.1638775 -0.1647465 -0.1653812 -0.1658202 -0.1661118 -0.1663267 -0.1665276 -0.1667452 -0.1670510 -0.1675107 -0.1681730 -0.1690754 -0.1702439 -0.1716933 -0.1734276 -0.1754419 -0.1777244 -0.1802583 -0.1830238 -0.1860000 -0.1891667 -0.1925048 -0.1959984 -0.1996347 -0.2034048 -0.2073037 -0.2113307 -0.2154886 -0.2197844 -0.2242279 -0.2288321 -0.2336117 -0.2385829 -0.2437613 -0.2491619 -0.2547963 -0.2606722 -0.2667908 -0.2731455 -0.2797205 -0.2864890 -0.2934128 -0.3004418 -0.3075115 -0.3145325 -0.3214308 -0.3281664 -0.3346611 -0.3408171 -0.3465588 -0.3518232 -0.3565589 -0.3607267 -0.3642997 -0.3672628
-0.1571326 -0.1589141 -0.1603485 -0.1614139 -0.1620983 -0.1624046 -0.1623502 -0.1619709 -0.1613179 -0.1604585 -0.1594579 -0.1584036 -0.1574228 -0.1565932 -0.1559833 -0.1556590 -0.1556715 -0.1560555 -0.1568297 -0.1579978 -0.1595514 -0.1614725 -0.1637372 -0.1663173 -0.1691838 -0.1723086 -0.1756659 -0.1792340 -0.1829955 -0.1869383 -0.1910559 -0.1953468 -0.1998149 -0.2044690 -0.2093225 -0.2143927 -0.2196997 -0.2252656 -0.2311127 -0.2372626 -0.2437336 -0.2505386 -0.2576834 -0.2651637 -0.2729627 -0.2810502 -0.2893801 -0.2978915 -0.3065124 -0.3151751 -0.3237766 -0.3321666 -0.3402357 -0.3479037 -0.3550819 -0.3616905 -0.3676644 -0.3729548 -0.3775304 -0.3813747
-0.1582224 -0.1594467 -0.1602005 -0.1604514 -0.1601826 -0.1593946 -0.1581107 -0.1563772 -0.1542665 -0.1518718 -0.1493206 -0.1467360 -0.1442039 -0.1418572 -0.1398164 -0.1381733 -0.1369974 -0.1363341 -0.1362060 -0.1366156 -0.1375483 -0.1389771 -0.1408670 -0.1431784 -0.1458708 -0.1489057 -0.1522479 -0.1558680 -0.1597425 -0.1638553 -0.1681971 -0.1727657 -0.1775661 -0.1826097 -0.1879139 -0.1935016 -0.1993997 -0.2056381 -0.2122478 -0.2192593 -0.2266997 -0.2345900 -0.2429421 -0.2517554 -0.2610139 -0.2706831 -0.2807086 -0.2910143 -0.3015000 -0.3120285 -0.3224762 -0.3327570 -0.3427370 -0.3522606 -0.3612026 -0.3694591 -0.3769475 -0.3836079 -0.3894029 -0.3943158
-0.1587033 -0.1592033 -0.1590720 -0.1582641 -0.1567521 -0.1545344 -0.1516383 -0.1481263 -0.1440931 -0.1396659 -0.1349806 -0.1302066 -0.1255645 -0.1212107 -0.1172832 -0.1139053 -0.1111691 -0.1091335 -0.1078249 -0.1072417 -0.1073600 -0.1081392 -0.1095288 -0.1114728 -0.1139156 -0.1168039 -0.1200906 -0.1237357 -0.1277081 -0.1319858 -0.1365564 -0.1414165 -0.1465722 -0.1520379 -0.1578363 -0.1639969 -0.1705554 -0.1775516 -0.1850280 -0.1930264 -0.2015857 -0.2107378 -0.2205034 -0.2308880 -0.2418770 -0.2534325 -0.2654899 -0.2779576 -0.2907217 -0.3036654 -0.3166213 -0.3293594 -0.3416973 -0.3534896 -0.3645852 -0.3748513 -0.3841825 -0.3925050 -0.3997747 -0.4059753
-0.1584850 -0.1580634 -0.1568054 -0.1546444 -0.1515398 -0.1474825 -0.1425059 -0.1366887 -0.1301602 -0.1230940 -0.1157206 -0.1082749 -0.1009479 -9.3985252E-02 -8.7606467E-02 -8.1979804E-02 -7.7227324E-02 -7.3423512E-02 -7.0597798E-02 -6.8741433E-02 -6.7815430E-02 -6.7759961E-02 -6.8502225E-02 -6.9964677E-02 -7.2070099E-02 -7.4746825E-02 -7.7931114E-02 -8.1570052E-02 -8.5621916E-02 -9.0057701E-02 -9.4860464E-02 -0.1000255 -0.1055598 -0.1114817 -0.1178199 -0.1246125 -0.1319057 -0.1397524 -0.1482085 -0.1573314 -0.1671749 -0.1777851 -0.1891951 -0.2014182 -0.2144432 -0.2282284 -0.2426983 -0.2577406 -0.2732027 -0.2888765 -0.3045614 -0.3200971 -0.3352596 -0.3497975 -0.3635022 -0.3762007 -0.3877586 -0.3980834 -0.4071235 -0.4148642
-0.1574801 -0.1559099 -0.1532422 -0.1493834 -0.1442700 -0.1378838 -0.1302601 -0.1215017 -0.1117758 -0.1013156 -9.0383612E-02 -7.9299167E-02 -6.8449065E-02 -5.8133651E-02 -4.8615318E-02 -4.0117301E-02 -3.2799039E-02 -2.6753418E-02 -2.2011414E-02 -1.8551784E-02 -1.6313745E-02 -1.5209407E-02 -1.5136343E-02 -1.5986864E-02 -1.7656222E-02 -2.0047765E-02 -2.3077207E-02 -2.6674218E-02 -3.0784449E-02 -3.5369363E-02 -4.0406682E-02 -4.5889433E-02 -5.1825900E-02 -5.8238771E-02 -6.5164186E-02 -7.2650515E-02 -8.0757305E-02 -8.9552410E-02 -9.9109851E-02 -0.1095054 -0.1208124 -0.1330947 -0.1464006 -0.1607544 -0.1761483 -0.1925366 -0.2098304 -0.2278960 -0.2465618 -0.2656424 -0.2848797 -0.3039256 -0.3224856 -0.3403083 -0.3571378 -0.3727507 -0.3869735 -0.3996892 -0.4108362 -0.4204027
-0.1556110 -0.1526352 -0.1482365 -0.1422816 -0.1346779 -0.1253885 -0.1144535 -0.1019994 -8.8249758E-02 -7.3515743E-02 -5.8207124E-02 -4.2754702E-02 -2.7537253E-02 -1.2997166E-02 4.7443903E-04 1.2579223E-02 2.3109466E-02 3.1950220E-02 3.9071660E-02 4.4513896E-02 4.8369497E-02 5.0764125E-02 5.1841021E-02 5.1746938E-02 5.0622948E-02 4.8597064E-02 4.5780413E-02 4.2264301E-02 3.8119674E-02 3.3396140E-02 2.8123394E-02 2.2310695E-02 1.5948830E-02 9.0098251E-03 1.4489517E-03 -6.7947437E-03 -1.5796175E-02 -2.5642293E-02 -3.6428176E-02 -4.8252825E-02 -6.1212581E-02 -7.5393453E-02 -9.0861507E-02 -0.1076523 -0.1257612 -0.1451346 -0.1656653 -0.1871911 -0.2094921 -0.2322721 -0.2552382 -0.2781380 -0.3006222 -0.3222930 -0.3428034 -0.3618591 -0.3792321 -0.3947708 -0.4083990 -0.4201078
-0.1528162 -0.1481530 -0.1416654 -0.1331699 -0.1225307 -0.1096885 -9.4682850E-02 -7.7676527E-02 -5.8957458E-02 -3.8936101E-02 -1.8088626E-02 3.0183350E-03 2.3723701E-02 4.3488331E-02 6.1840836E-02 7.8390680E-02 9.2868693E-02 0.1051324 0.1151553 0.1230051 0.1288167 0.1327675 0.1350533 0.1358722 0.1354107 0.1338369 0.1312945 0.1279013 0.1237478 0.1188980 0.1133897 0.1072361 0.1004262 9.2926592E-02 8.4682040E-02 7.5617388E-02 6.5638937E-02 5.4637704E-02 4.2493109E-02 2.9079279E-02 1.4272213E-02 -2.0385140E-03 -1.9938029E-02 -3.9470974E-02 -6.0628586E-02 -8.3339028E-02 -0.1074641 -0.1328063 -0.1591271 -0.1861842 -0.2136459 -0.2410501 -0.2679766 -0.2940266 -0.3187697 -0.3418144 -0.3628520 -0.3816776 -0.3981905 -0.4123822
-0.1490595 -0.1424076 -0.1334478 -0.1219289 -0.1076622 -9.0555713E-02 -7.0655055E-02 -4.8167564E-02 -2.3478549E-02 2.8726412E-03 3.0193962E-02 5.7762980E-02 8.4930353E-02 0.1109575 0.1351805 0.1570832 0.1763115 0.1926838 0.2061767 0.2168931 0.2250247 0.2308144 0.2345263 0.2364217 0.2367450 0.2357124 0.2335081 0.2302810 0.2261458 0.2211829 0.2154405 0.2089357 0.2016568 0.1935632 0.1845884 0.1746404 0.1636041 0.1513447 0.1377126 0.1225504 0.1057040 8.7036945E-02 6.6448234E-02 4.3893639E-02 1.9403670E-02 -6.9038626E-03 -3.4828387E-02 -6.4107329E-02 -9.4444647E-02 -0.1255058 -0.1570155 -0.1887546 -0.2203075 -0.2510963 -0.2805359 -0.3080816 -0.3332955 -0.3558831 -0.3756996 -0.3927295
-0.1443362 -0.1353882 -0.1235589 -0.1085165 -9.0004116E-02 -6.7897603E-02 -4.2255629E-02 -1.3368170E-02 1.8245244E-02 5.1870447E-02 8.6728387E-02 0.1219650 0.1566135 0.1898496 0.2208921 0.2490562 0.2738589 0.2950521 0.3126068 0.3266674 0.3374942 0.3454130 0.3507711 0.3539090 0.3551393 0.3547373 0.3529342 0.3499166 0.3458267 0.3407646 0.3347901 0.3279259 0.3201582 0.3114399 0.3016910 0.2908007 0.2786296 0.2650140 0.2497709 0.2327089 0.2136414 0.1924083 0.1689022 0.1431002 0.1150946 8.5109361E-02 5.3486709E-02 2.0623649E-02 -1.3143261E-02 -4.7672965E-02 -8.2888134E-02 -0.1185729 -0.1544250 -0.1899230 -0.2242954 -0.2567405 -0.2865919 -0.3133989 -0.3369332 -0.3571562
-0.1386831 -0.1271367 -0.1120490 -9.2988171E-02 -6.9624260E-02 -4.1802019E-02 -9.6330307E-03 2.6445504E-02 6.5656923E-02 0.1070063 0.1494359 0.1920964 0.2343611 0.2753088 0.3138794 0.3491006 0.3802546 0.4069620 0.4291618 0.4470368 0.4609281 0.4712590 0.4784778 0.4830173 0.4852725 0.4855861 0.4842450 0.4814779 0.4774596 0.4723117 0.4661083 0.4588773 0.4506043 0.4412338 0.4306714 0.4187853 0.4054095 0.3903476 0.3733810 0.3542812 0.3328300 0.3088497 0.2822442 0.2530520 0.2215001 0.1880435 0.1533451 0.1181471 8.3004236E-02 4.8005875E-02 1.2547613E-02 -2.4289344E-02 -6.2742986E-02 -0.1021265 -0.1412355 -0.1787574 -0.2136009 -0.2450310 -0.2726687 -0.2964216
-0.1321787 -0.1177579 -9.9050716E-02 -7.5516924E-02 -4.6745058E-02 -1.2576917E-02 2.6758604E-02 7.0505522E-02 0.1173683 0.1657452 0.2144435 0.2631350 0.3117843 0.3599140 0.4061749 0.4489831 0.4871329 0.5199744 0.5473538 0.5694783 0.5867743 0.5997782 0.6090532 0.6151401 0.6185262 0.6196330 0.6188081 0.6163294 0.6124061 0.6071857 0.6007565 0.5931538 0.5843613 0.5743155 0.5629058 0.5499783 0.5353372 0.5187516 0.4999642 0.4787086 0.4547372 0.4278657 0.3980372 0.3654111 0.3304717 0.2941290 0.2577504 0.2229668 0.1910166 0.1615669 0.1322514 9.9995829E-02 6.3036680E-02 2.1979492E-02 -2.0980177E-02 -6.3431039E-02 -0.1034609 -0.1398322 -0.1719055 -0.1994876
