T6-multimodels/gz/model150.grd
DSAA
         100         100
  -15.00000       15.00000    
  -15.00000       15.00000    
 -0.4521654       3.177278    
[rows 54 to 80 of 100, columns 0 to 59 of 100]
-3.8083620E-02 1.4376058E-02 8.0457076E-02 0.1625474 0.2612551 0.3770931 0.5060308 0.6405506 0.7591037 0.8213615 0.7596272 0.6229070 0.5893559 0.6674163 0.7914394 0.9252634 1.051556 1.163148 1.257664 1.335170 1.397154 1.445408 1.482093 1.509000 1.527987 1.540389 1.547571 1.550391 1.549779 1.546220 1.540309 1.532259 1.522421 1.510806 1.497574 1.482575 1.465799 1.446938 1.425797 1.401883 1.374761 1.343678 1.307853 1.266178 1.217456 1.160493 1.095031 1.025883 0.9771798 1.024698 1.239644 1.552909 1.846560 2.091237 2.301166 2.488501 2.658215 2.809331 2.938630 3.042413
-3.8477592E-02 1.3557915E-02 7.9136886E-02 0.1606410 0.2586771 0.3737569 0.5018554 0.6354606 0.7530389 0.8142772 0.7515413 0.6138593 0.5792971 0.6563479 0.7794116 0.9123422 1.037820 1.148681 1.242555 1.319506 1.381021 1.428886 1.465256 1.491914 1.510712 1.522977 1.530068 1.532837 1.532208 1.528663 1.522793 1.514808 1.505059 1.493553 1.480453 1.465606 1.449004 1.430340 1.409423 1.385758 1.358915 1.328143 1.292664 1.251371 1.203069 1.146566 1.081603 1.012993 0.9648618 1.012940 1.228394 1.542200 1.836488 2.081851 2.292482 2.480524 2.650946 2.802768 2.932773 3.037261
-3.9108865E-02 1.2378232E-02 7.7303849E-02 0.1580434 0.2551977 0.3692797 0.4962673 0.6286606 0.7449386 0.8048098 0.7406200 0.6014247 0.5654317 0.6411314 0.7629174 0.8946620 1.019060 1.128959 1.221989 1.298215 1.359118 1.406478 1.442439 1.468776 1.487329 1.499415 1.506386 1.509085 1.508430 1.504895 1.499069 1.491159 1.481511 1.470134 1.457188 1.442521 1.426126 1.407697 1.387046 1.363681 1.337174 1.306779 1.271718 1.230891 1.183104 1.127167 1.062821 0.9948801 0.9474693 0.9963591 1.212746 1.527506 1.822691 2.068927 2.280428 2.469336 2.640621 2.793303 2.924162 3.029507
-4.0062729E-02 1.0727160E-02 7.4818999E-02 0.1545762 0.2505937 0.3633810 0.4889226 0.6197298 0.7343054 0.7923865 0.7264012 0.5854454 0.5476511 0.6215791 0.7416897 0.8718839 0.9948769 1.103526 1.195466 1.270760 1.330881 1.377596 1.413038 1.438965 1.457207 1.469066 1.475882 1.478487 1.477791 1.474263 1.468483 1.460655 1.451122 1.439891 1.427121 1.412662 1.396506 1.378351 1.358011 1.334997 1.308887 1.278937 1.244375 1.204106 1.156938 1.101685 1.038089 0.9709626 0.9244230 0.9741893 1.191412 1.507052 1.803221 2.050489 2.263031 2.452975 2.625283 2.778976 2.910840 3.017191
-4.1429348E-02 8.4880972E-03 7.1529977E-02 0.1500444 0.2446139 0.3557456 0.4794267 0.6081867 0.7205527 0.7763002 0.7078563 0.5643685 0.5241455 0.5957670 0.7137055 0.8418972 0.9630825 1.070132 1.160685 1.234797 1.293931 1.339836 1.374628 1.400046 1.417899 1.429473 1.436092 1.438577 1.437825 1.434294 1.428560 1.420819 1.411413 1.400345 1.387774 1.373549 1.357667 1.339825 1.319841 1.297232 1.271581 1.242151 1.208175 1.168563 1.122132 1.067696 1.005002 0.9388604 0.8933871 0.9443387 1.162892 1.479890 1.777352 2.025875 2.239650 2.430801 2.604289 2.759135 2.892137 2.999627
-4.3315724E-02 5.5248151E-03 6.7263566E-02 0.1442250 0.2369757 0.3460135 0.4673321 0.5934778 0.7030168 0.7557752 0.6842948 0.5377966 0.4945369 0.5632015 0.6783591 0.8039961 0.9228845 1.027912 1.116720 1.189355 1.247262 1.292165 1.326156 1.350947 1.368322 1.379547 1.385923 1.388255 1.387425 1.383883 1.378193 1.370545 1.361276 1.350387 1.338037 1.324073 1.308496 1.291006 1.271426 1.249279 1.224154 1.195322 1.162026 1.123183 1.077618 1.024153 0.9625350 0.8975742 0.8533741 0.9056305 1.125457 1.443777 1.742658 1.992626 2.207816 2.400332 2.575128 2.731235 2.865469 2.974189
-4.5831546E-02 1.6988255E-03 6.1841123E-02 0.1368890 0.2273832 0.3338096 0.4521638 0.5750181 0.6809802 0.7299427 0.6544780 0.5039001 0.4566968 0.5216095 0.6332518 0.7556710 0.8716800 0.9741856 1.060829 1.131642 1.188043 1.231725 1.264743 1.288775 1.305575 1.316376 1.322457 1.324601 1.323672 1.320104 1.314454 1.306903 1.297781 1.287086 1.274976 1.261302 1.246062 1.228964 1.209836 1.188208 1.163679 1.135529 1.103015 1.065064 1.020512 0.9681907 0.9078527 0.8443064 0.8016492 0.8556055 1.077301 1.397509 1.698173 1.949823 2.166599 2.360593 2.536762 2.694156 2.829625 2.939574
-4.9102213E-02 -3.1436095E-03 5.5072237E-02 0.1277945 0.2155309 0.3187456 0.4334385 0.5522082 0.6537244 0.6979654 0.6176677 0.4622693 0.4102416 0.4704854 0.5777568 0.6961852 0.8086366 0.9080421 0.9920400 1.060639 1.115220 1.157434 1.189289 1.212419 1.228534 1.238834 1.244563 1.246478 1.245425 1.241819 1.236203 1.228750 1.219783 1.209298 1.197450 1.184088 1.169219 1.152553 1.133925 1.112875 1.089014 1.061636 1.030013 0.9930879 0.9497147 0.8987375 0.8399178 0.7780604 0.7372425 0.7931009 1.016665 1.338761 1.641346 1.894839 2.113292 2.308770 2.486238 2.644782 2.781315 2.892324
-5.3257264E-02 -9.1539696E-03 4.6772417E-02 0.1167153 0.2011335 0.3004670 0.4107149 0.5245163 0.6206138 0.6590960 0.5727733 0.4112267 0.3532272 0.4077775 0.5097226 0.6232955 0.7314304 0.8270885 0.9079043 0.9738556 1.026274 1.066753 1.097241 1.119313 1.134630 1.144343 1.149661 1.151307 1.150103 1.146443 1.140856 1.133502 1.124699 1.114435 1.102867 1.089844 1.075376 1.059180 1.041101 1.020689 0.9975709 0.9710579 0.9404422 0.9046916 0.8626815 0.8132774 0.7562537 0.6964141 0.6578155 0.7160983 0.9422549 1.266879 1.571725 1.827168 2.047233 2.243976 2.422392 2.581645 2.718764 2.830366
-5.8447883E-02 -1.6498122E-02 3.6755789E-02 0.1034332 0.1839359 0.2786683 0.3836389 0.4915413 0.5812296 0.6129361 0.5196922 0.3512367 0.2863274 0.3341687 0.4298058 0.5376115 0.6406189 0.7318365 0.8088964 0.8717378 0.9216307 0.9600945 0.9890012 1.009857 1.024257 1.033299 1.038144 1.039481 1.038098 1.034369 1.028803 1.021550 1.012916 1.002887 0.9916158 0.9789559 0.9649190 0.9492306 0.9317463 0.9120321 0.8897312 0.8641790 0.8346941 0.8002761 0.7598329 0.7122623 0.6573586 0.5999226 0.5639653 0.6249727 0.8537384 1.180809 1.487853 1.745036 1.966265 2.163587 2.342082 2.501067 2.637765 2.749012
-6.4841814E-02 -2.5345070E-02 2.4846919E-02 8.7765850E-02 0.1637415 0.2531472 0.3520145 0.4531414 0.5355498 0.5596786 0.4586630 0.2823356 0.2096963 0.2500121 0.3384656 0.4396324 0.5367056 0.6227791 0.6954983 0.7547594 0.8017585 0.8379241 0.8650380 0.8845190 0.8978871 0.9061742 0.9104894 0.9114757 0.9098889 0.9060749 0.9005245 0.8933702 0.8849121 0.8751289 0.8641717 0.8518952 0.8383173 0.8231720 0.8063276 0.7873675 0.7659572 0.7414608 0.7132328 0.6803133 0.6416582 0.5962100 0.5437949 0.4892088 0.4563921 0.5207245 0.7527893 1.082672 1.391652 1.649769 1.870915 2.067230 2.243996 2.400820 2.535255 2.644465
-7.2655454E-02 -3.5898343E-02 1.0858988E-02 6.9543906E-02 0.1404102 0.2238072 0.3158419 0.4095111 0.4841736 0.5006332 0.3922902 0.2088406 0.1288000 0.1614134 0.2421585 0.3359858 0.4263980 0.5066651 0.5744823 0.6297114 0.6734636 0.7070629 0.7321820 0.7501405 0.7623682 0.7698239 0.7735537 0.7741532 0.7723385 0.7684261 0.7628841 0.7558302 0.7475526 0.7380251 0.7273963 0.7155230 0.7024297 0.6878594 0.6716955 0.6535423 0.6330919 0.6097426 0.5828940 0.5516412 0.5150032 0.4719867 0.4224626 0.3711998 0.3419684 0.4097112 0.6444214 0.9758039 1.284877 1.541485 1.759583 1.951591 2.123215 2.274555 2.403666 2.508168
-8.2164608E-02 -4.8401229E-02 -5.4120552E-03 4.8616365E-02 0.1138583 0.1906728 0.2753301 0.3612461 0.4285056 0.4388131 0.3258941 0.1384814 5.3591512E-02 7.9748504E-02 0.1529611 0.2390771 0.3222680 0.3961612 0.4585807 0.5093741 0.5495645 0.5803580 0.6033055 0.6196101 0.6306044 0.6371611 0.6402599 0.6404411 0.6383785 0.6343561 0.6288181 0.6218646 0.6137729 0.6045097 0.5942219 0.5827690 0.5701810 0.5562136 0.5407664 0.5234662 0.5040364 0.4819175 0.4565625 0.4271353 0.3927374 0.3524621 0.3062271 0.2587035 0.2332161 0.3038121 0.5393288 0.8685431 1.172393 1.421316 1.629951 1.811384 1.972002 2.112591 2.231830 2.327845
-9.3732238E-02 -6.3169010E-02 -2.4214841E-02 2.4814438E-02 8.4029920E-02 0.1538361 0.2308250 0.3091967 0.3706901 0.3796254 0.2717954 9.2525922E-02 1.1460530E-02 3.5140712E-02 0.1020589 0.1805252 0.2561548 0.3232492 0.3798775 0.4259105 0.4622846 0.4900807 0.5107132 0.5252617 0.5349475 0.5405542 0.5429854 0.5427248 0.5403990 0.5362590 0.5307215 0.5238701 0.5159683 0.5069772 0.4970409 0.4860221 0.4739577 0.4606156 0.4459134 0.4295041 0.4111454 0.3903255 0.3665592 0.3390940 0.3071336 0.2698747 0.2272615 0.1836351 0.1609173 0.2298620 0.4558492 0.7679933 1.050764 1.277528 1.464276 1.624683 1.765578 1.888244 1.991828 2.074808
-0.1076374 -8.0425598E-02 -4.5675576E-02 -1.8927036E-03 5.1047865E-02 0.1135663 0.1828415 0.2542310 0.3128252 0.3297265 0.2508988 0.1125206 5.5853836E-02 8.4536009E-02 0.1473270 0.2185298 0.2864658 0.3464951 0.3970699 0.4381233 0.4705060 0.4951771 0.5133960 0.5261225 0.5344476 0.5390733 0.5408109 0.5400972 0.5374963 0.5332375 0.5276971 0.5209529 0.5132422 0.5045327 0.4949531 0.4843823 0.4728512 0.4601538 0.4462144 0.4307256 0.4134712 0.3940007 0.3718901 0.3464882 0.3171091 0.2830675 0.2442805 0.2042542 0.1808712 0.2331123 0.4154070 0.6668140 0.8912296 1.069191 1.215414 1.341401 1.452619 1.549846 1.632087 1.697779
-0.1232299 -9.9471301E-02 -6.8961561E-02 -3.0582447E-02 1.6029587E-02 7.1077213E-02 0.1327582 0.1975110 0.2556452 0.2892996 0.2703231 0.2200777 0.2129045 0.2533641 0.3137606 0.3780184 0.4382407 0.4911008 0.5354948 0.5714825 0.5997829 0.6212854 0.6370347 0.6479240 0.6548544 0.6585000 0.6595225 0.6583642 0.6554741 0.6511096 0.6455557 0.6389335 0.6314068 0.6229954 0.6137680 0.6036622 0.5926627 0.5806289 0.5674554 0.5529091 0.5367700 0.5186800 0.4982550 0.4749675 0.4482422 0.4175090 0.3826329 0.3457362 0.3173140 0.3293473 0.4121912 0.5390160 0.6613491 0.7655658 0.8565027 0.9387079 1.013853 1.081115 1.138724 1.184765
-0.1381915 -0.1178506 -9.1572255E-02 -5.8545757E-02 -1.8251128E-02 2.9385976E-02 8.3432414E-02 0.1414679 0.1984293 0.2461991 0.2770642 0.2992760 0.3335530 0.3837763 0.4412848 0.4985135 0.5510305 0.5967516 0.6350042 0.6659517 0.6902003 0.7085492 0.7218503 0.7309102 0.7364619 0.7391310 0.7394508 0.7378499 0.7346809 0.7302113 0.7246532 0.7181535 0.7108192 0.7027054 0.6938379 0.6841965 0.6737357 0.6623644 0.6499618 0.6363565 0.6213357 0.6046221 0.5858803 0.5646985 0.5406129 0.5131699 0.4821879 0.4485768 0.4165213 0.3962366 0.3985040 0.4219413 0.4560745 0.4940598 0.5339769 0.5750206 0.6158453 0.6543603 0.6882156 0.7152295
-0.1507686 -0.1337090 -0.1115694 -8.3684668E-02 -4.9575500E-02 -9.1107450E-03 3.7224427E-02 8.8061251E-02 0.1408943 0.1924250 0.2402952 0.2862877 0.3348428 0.3867495 0.4392207 0.4890288 0.5339009 0.5726591 0.6049626 0.6310188 0.6513520 0.6666328 0.6775704 0.6848438 0.6890693 0.6907811 0.6904325 0.6883953 0.6849713 0.6803963 0.6748522 0.6684704 0.6613423 0.6535197 0.6450221 0.6358364 0.6259201 0.6151991 0.6035678 0.5908847 0.5769704 0.5616010 0.5445051 0.5253632 0.5038213 0.4795386 0.4523289 0.4225051 0.3915434 0.3627321 0.3401320 0.3258987 0.3198538 0.3210286 0.3283098 0.3403454 0.3553844 0.3713253 0.3859685 0.3972634
-0.1608594 -0.1469027 -0.1286777 -0.1056447 -7.7392615E-02 -4.3763455E-02 -4.9861846E-03 3.8183130E-02 8.4449381E-02 0.1322108 0.1802752 0.2283155 0.2762976 0.3237462 0.3693143 0.4114209 0.4488644 0.4809998 0.5076797 0.5291188 0.5457534 0.5581314 0.5668306 0.5724096 0.5753777 0.5761819 0.5752027 0.5727559 0.5690975 0.5644310 0.5589115 0.5526542 0.5457370 0.5382062 0.5300784 0.5213438 0.5119661 0.5018838 0.4910083 0.4792233 0.4663822 0.4523067 0.4367844 0.4195734 0.4004138 0.3790627 0.3553733 0.3294468 0.3018627 0.2738079 0.2470123 0.2234156 0.2044141 0.1905611 0.1817951 0.1775173 0.1766370 0.1777052 0.1791036 0.1792293
-0.1688149 -0.1577246 -0.1431107 -0.1245418 -0.1016885 -7.4395612E-02 -4.2774927E-02 -7.2637107E-03 3.1361643E-02 7.2106339E-02 0.1139128 0.1559328 0.1975409 0.2378180 0.2757056 0.3102342 0.3406897 0.3666971 0.3882012 0.4053915 0.4186181 0.4283147 0.4349426 0.4389509 0.4407537 0.4407174 0.4391571 0.4363359 0.4324695 0.4277291 0.4222473 0.4161217 0.4094196 0.4021806 0.3944199 0.3861294 0.3772794 0.3678191 0.3576759 0.3467555 0.3349409 0.3220919 0.3080471 0.2926271 0.2756470 0.2569415 0.2364108 0.2140999 0.1903038 0.1656926 0.1412427 0.1179361 9.6713826E-02 7.8373916E-02 6.3303649E-02 5.1424012E-02 4.2239320E-02 3.4927066E-02 2.8462289E-02 2.1744100E-02
-0.1749737 -0.1664734 -0.1551093 -0.1405498 -0.1225386 -0.1009517 -7.5847939E-02 -4.7517370E-02 -1.6479252E-02 1.6552188E-02 5.0798088E-02 8.5405387E-02 0.1194085 0.1519846 0.1823544 0.2098354 0.2339479 0.2544479 0.2713114 0.2846891 0.2948490 0.3021265 0.3068804 0.3094656 0.3102120 0.3094158 0.3073329 0.3041802 0.3001359 0.2953431 0.2899127 0.2839274 0.2774439 0.2704962 0.2630973 0.2552415 0.2469045 0.2380450 0.2286045 0.2185078 0.2076628 0.1959619 0.1832838 0.1694988 0.1544783 0.1381131 0.1203429 0.1011973 8.0844469E-02 5.9595104E-02 3.7947871E-02 1.6651059E-02 -3.5530538E-03 -2.2133544E-02 -3.8755920E-02 -5.3328238E-02 -6.6027991E-02 -7.7272318E-02 -8.7656103E-02 -9.7873516E-02
-0.1795796 -0.1733671 -0.1648636 -0.1538185 -0.1400435 -0.1234465 -0.1040737 -8.2132399E-02 -5.8007650E-02 -3.2239001E-02 -5.5182497E-03 2.1432899E-02 4.7966268E-02 7.3344730E-02 9.6905753E-02 0.1181355 0.1366826 0.1523691 0.1651763 0.1752125 0.1826765 0.1878193 0.1909157 0.1922396 0.1920504 0.1905827 0.1880426 0.1846054 0.1804170 0.1755949 0.1702314 0.1643949 0.1581332 0.1514748 0.1444314 0.1369984 0.1291567 0.1208731 0.1121013 0.1027820 9.2844166E-02 8.2206048E-02 7.0778295E-02 5.8468398E-02 4.5188565E-02 3.0868873E-02 1.5475363E-02 -9.6470321E-04 -1.8334582E-02 -3.6380388E-02 -5.4747023E-02 -7.3102646E-02 -9.1070816E-02 -0.1082286 -0.1242646 -0.1390350 -0.1525692 -0.1650595 -0.1768304 -0.1882955
-0.1828326 -0.1786002 -0.1725600 -0.1645290 -0.1543716 -0.1420289 -0.1275406 -0.1110695 -9.2903554E-02 -7.3453173E-02 -5.3194564E-02 -3.2693535E-02 -1.2610387E-02 6.5171858E-03 2.4219019E-02 4.0106397E-02 5.3912856E-02 6.5499164E-02 7.4842595E-02 8.2015991E-02 8.7160446E-02 9.0460628E-02 9.2121609E-02 9.2352442E-02 9.1353044E-02 8.9307517E-02 8.6378559E-02 8.2706705E-02 7.8409411E-02 7.3582575E-02 6.8301290E-02 6.2622353E-02 5.6585006E-02 5.0213419E-02 4.3517280E-02 3.6493678E-02 2.9127359E-02 2.1392422E-02 1.3252337E-02 4.6613975E-03 -4.4348305E-03 -1.4097127E-02 -2.4390785E-02 -3.5380621E-02 -4.7125690E-02 -5.9669640E-02 -7.3028974E-02 -8.7179527E-02 -0.1020442 -0.1175071 -0.1333841 -0.1493539 -0.1650894 -0.1803520 -0.1949499 -0.2087600 -0.2217566 -0.2340158 -0.2457050 -0.2570581
-0.1848905 -0.1823369 -0.1783765 -0.1728766 -0.1657448 -0.1569446 -0.1465162 -0.1345863 -0.1213783 -0.1072035 -9.2471793E-02 -7.7613212E-02 -6.3005835E-02 -4.9090780E-02 -3.6258202E-02 -2.4804719E-02 -1.4935737E-02 -6.7634624E-03 -3.1412346E-04 4.4567860E-03 7.6471251E-03 9.3890941E-03 9.8339515E-03 9.1380905E-03 7.4542710E-03 4.9243332E-03 1.6757986E-03 -2.1807034E-03 -6.5509463E-03 -1.1358340E-02 -1.6541651E-02 -2.2055011E-02 -2.7865812E-02 -3.3954449E-02 -4.0312335E-02 -4.6941616E-02 -5.3853810E-02 -6.1069105E-02 -6.8615727E-02 -7.6528691E-02 -8.4848776E-02 -9.3620971E-02 -0.1028920 -0.1127068 -0.1231044 -0.1341108 -0.1457323 -0.1579459 -0.1706905 -0.1838411 -0.1972369 -0.2107600 -0.2242638 -0.2375444 -0.2504309 -0.2628126 -0.2746421 -0.2859375 -0.2967764 -0.3072836
-0.1859003 -0.1847436 -0.1825050 -0.1790916 -0.1744402 -0.1685326 -0.1614047 -0.1531592 -0.1439634 -0.1340504 -0.1236831 -0.1131801 -0.1029276 -9.3224905E-02 -8.4333450E-02 -7.6475143E-02 -6.9807306E-02 -6.4420335E-02 -6.0342193E-02 -5.7547748E-02 -5.5971660E-02 -5.5520251E-02 -5.6084175E-02 -5.7547305E-02 -5.9794936E-02 -6.2718444E-02 -6.6219635E-02 -7.0211440E-02 -7.4620031E-02 -7.9384111E-02 -8.4454872E-02 -8.9794956E-02 -9.5378235E-02 -0.1011883 -0.1072181 -0.1134687 -0.1199491 -0.1266745 -0.1336664 -0.1409511 -0.1485592 -0.1565230 -0.1648758 -0.1736480 -0.1828648 -0.1925407 -0.2026755 -0.2132490 -0.2242184 -0.2355336 -0.2471159 -0.2588004 -0.2704235 -0.2818769 -0.2930628 -0.3038988 -0.3143359 -0.3243640 -0.3340114 -0.3433380
-0.1859901 -0.1859731 -0.1851349 -0.1834097 -0.1807568 -0.1771677 -0.1726758 -0.1673601 -0.1613499 -0.1548188 -0.1479977 -0.1411207 -0.1343787 -0.1280160 -0.1222516 -0.1172525 -0.1131390 -0.1099832 -0.1078122 -0.1066138 -0.1063450 -0.1069409 -0.1083229 -0.1104060 -0.1131046 -0.1163368 -0.1200268 -0.1241078 -0.1285217 -0.1332203 -0.1381647 -0.1433252 -0.1486805 -0.1542174 -0.1599298 -0.1658184 -0.1718894 -0.1781546 -0.1846299 -0.1913350 -0.1982919 -0.2055241 -0.2130545 -0.2209032 -0.2290858 -0.2376094 -0.2464699 -0.2556486 -0.2651083 -0.2747761 -0.2845654 -0.2944331 -0.3043183 -0.3141112 -0.3237137 -0.3330534 -0.3420815 -0.3507751 -0.3591352 -0.3671841
-0.1852855 -0.1861811 -0.1864604 -0.1860783 -0.1850078 -0.1832476 -0.1808252 -0.1778032 -0.1742762 -0.1703720 -0.1662263 -0.1620085 -0.1579383 -0.1541716 -0.1508454 -0.1480825 -0.1459732 -0.1445744 -0.1439105 -0.1439769 -0.1447461 -0.1461735 -0.1482032 -0.1507733 -0.1538205 -0.1572832 -0.1611042 -0.1652315 -0.1696205 -0.1742333 -0.1790393 -0.1840147 -0.1891428 -0.1944125 -0.1998189 -0.2053619 -0.2110463 -0.2168805 -0.2228762 -0.2290477 -0.2354110 -0.2419823 -0.2487772 -0.2558086 -0.2630852 -0.2706091 -0.2783743 -0.2863640 -0.2945513 -0.3029118 -0.3114074 -0.3199389 -0.3284105 -0.3367684 -0.3449589 -0.3529284 -0.3606344 -0.3680485 -0.3751583 -0.3819643
