T6-multimodels/gz/model150.grd
DSAA
         100         100
  -15.00000       15.00000    
  -15.00000       15.00000    
 -0.4521654       3.177278    
[rows 0 to 26 of 100, columns 0 to 59 of 100]
-0.1261730 -0.1285796 -0.1310081 -0.1334562 -0.1359213 -0.1384011 -0.1408928 -0.1433941 -0.1459020 -0.1484139 -0.1509220 -0.1534236 -0.1559296 -0.1584338 -0.1609301 -0.1634156 -0.1658877 -0.1683438 -0.1707812 -0.1731975 -0.1755902 -0.1779567 -0.1802946 -0.1826012 -0.1848744 -0.1871116 -0.1893106 -0.1914693 -0.1935855 -0.1956571 -0.1976823 -0.1996590 -0.2015855 -0.2034599 -0.2052805 -0.2070456 -0.2087534 -0.2104021 -0.2119898 -0.2135147 -0.2149747 -0.2163677 -0.2176915 -0.2189437 -0.2201217 -0.2212228 -0.2222442 -0.2231830 -0.2240365 -0.2248067 -0.2254945 -0.2260855 -0.2265681 -0.2269433 -0.2272112 -0.2273693 -0.2274146 -0.2273442 -0.2271553 -0.2268452
-0.1295703 -0.1320852 -0.1346229 -0.1371807 -0.1397561 -0.1423466 -0.1449496 -0.1475622 -0.1501823 -0.1528074 -0.1554407 -0.1580797 -0.1607082 -0.1633273 -0.1659387 -0.1685399 -0.1711284 -0.1737016 -0.1762568 -0.1787915 -0.1813032 -0.1837892 -0.1862469 -0.1886738 -0.1910673 -0.1934249 -0.1957444 -0.1980233 -0.2002595 -0.2024509 -0.2045954 -0.2066910 -0.2087358 -0.2107281 -0.2126659 -0.2145477 -0.2163714 -0.2181353 -0.2198376 -0.2214761 -0.2230490 -0.2245539 -0.2259884 -0.2273501 -0.2286361 -0.2298435 -0.2309692 -0.2320098 -0.2329613 -0.2338150 -0.2345623 -0.2352108 -0.2357651 -0.2362163 -0.2365569 -0.2367820 -0.2368878 -0.2368706 -0.2367272 -0.2364543
-0.1330581 -0.1356822 -0.1383294 -0.1409971 -0.1436825 -0.1463832 -0.1490964 -0.1518196 -0.1545501 -0.1572851 -0.1600166 -0.1627422 -0.1654740 -0.1682058 -0.1709311 -0.1736474 -0.1763521 -0.1790425 -0.1817162 -0.1843705 -0.1870028 -0.1896104 -0.1921907 -0.1947408 -0.1972582 -0.1997404 -0.2021848 -0.2045889 -0.2069505 -0.2092673 -0.2115373 -0.2137582 -0.2159283 -0.2180456 -0.2201083 -0.2221146 -0.2240627 -0.2259506 -0.2277767 -0.2295386 -0.2312344 -0.2328617 -0.2344180 -0.2359006 -0.2373065 -0.2386325 -0.2398752 -0.2410309 -0.2420964 -0.2430731 -0.2439614 -0.2447449 -0.2454102 -0.2459574 -0.2463860 -0.2466922 -0.2468720 -0.2469212 -0.2468358 -0.2466122
-0.1366296 -0.1393624 -0.1421182 -0.1448942 -0.1476878 -0.1504961 -0.1533168 -0.1561470 -0.1589848 -0.1618280 -0.1646805 -0.1675406 -0.1703906 -0.1732328 -0.1760692 -0.1788979 -0.1817165 -0.1845226 -0.1873136 -0.1900871 -0.1928403 -0.1955705 -0.1982748 -0.2009506 -0.2035949 -0.2062051 -0.2087785 -0.2113125 -0.2138046 -0.2162526 -0.2186541 -0.2210070 -0.2233094 -0.2255592 -0.2277548 -0.2298943 -0.2319757 -0.2339973 -0.2359571 -0.2378530 -0.2396829 -0.2414443 -0.2431346 -0.2447511 -0.2462903 -0.2477489 -0.2491230 -0.2504086 -0.2516008 -0.2526892 -0.2536638 -0.2545322 -0.2552985 -0.2559522 -0.2564838 -0.2568871 -0.2571569 -0.2572882 -0.2572762 -0.2571166
-0.1402778 -0.1431172 -0.1459787 -0.1488596 -0.1517568 -0.1546679 -0.1575902 -0.1605217 -0.1634596 -0.1664019 -0.1693406 -0.1722736 -0.1752154 -0.1781600 -0.1811012 -0.1840366 -0.1869643 -0.1898819 -0.1927871 -0.1956774 -0.1985500 -0.2014021 -0.2042309 -0.2070334 -0.2098066 -0.2125475 -0.2152534 -0.2179214 -0.2205490 -0.2231335 -0.2256728 -0.2281644 -0.2306064 -0.2329967 -0.2353337 -0.2376152 -0.2398396 -0.2420051 -0.2441096 -0.2461511 -0.2481272 -0.2500358 -0.2518739 -0.2536385 -0.2553262 -0.2569332 -0.2584554 -0.2598883 -0.2612278 -0.2624747 -0.2636288 -0.2646711 -0.2655856 -0.2663716 -0.2670273 -0.2675475 -0.2679266 -0.2681587 -0.2682386 -0.2681608
-0.1439912 -0.1469328 -0.1498948 -0.1528739 -0.1558676 -0.1588730 -0.1618881 -0.1649104 -0.1679387 -0.1709715 -0.1740144 -0.1770664 -0.1801096 -0.1831474 -0.1861835 -0.1892166 -0.1922450 -0.1952668 -0.1982800 -0.2012820 -0.2042701 -0.2072416 -0.2101934 -0.2131222 -0.2160250 -0.2188984 -0.2217395 -0.2245452 -0.2273126 -0.2300390 -0.2327219 -0.2353590 -0.2379480 -0.2404870 -0.2429741 -0.2454074 -0.2477851 -0.2501054 -0.2523665 -0.2545662 -0.2567023 -0.2587724 -0.2607735 -0.2627026 -0.2645559 -0.2663294 -0.2680185 -0.2696183 -0.2711226 -0.2725193 -0.2737965 -0.2749615 -0.2760177 -0.2769522 -0.2777534 -0.2784132 -0.2789243 -0.2792800 -0.2794738 -0.2794995
-0.1477570 -0.1507937 -0.1538475 -0.1569152 -0.1599939 -0.1630812 -0.1661749 -0.1692738 -0.1723759 -0.1754806 -0.1785802 -0.1816742 -0.1847806 -0.1878944 -0.1910100 -0.1941265 -0.1972428 -0.2003573 -0.2034684 -0.2065736 -0.2096705 -0.2127561 -0.2158270 -0.2188800 -0.2219114 -0.2249178 -0.2278958 -0.2308419 -0.2337530 -0.2366262 -0.2394586 -0.2422478 -0.2449915 -0.2476874 -0.2503340 -0.2529292 -0.2554713 -0.2579585 -0.2603890 -0.2627609 -0.2650719 -0.2673196 -0.2695009 -0.2716127 -0.2736511 -0.2756116 -0.2774893 -0.2792788 -0.2809748 -0.2825775 -0.2840856 -0.2854768 -0.2867321 -0.2878493 -0.2888250 -0.2896520 -0.2903225 -0.2908287 -0.2911631 -0.2913184
-0.1515573 -0.1546784 -0.1578116 -0.1609533 -0.1641009 -0.1672517 -0.1704046 -0.1735581 -0.1767125 -0.1798680 -0.1830331 -0.1862090 -0.1893779 -0.1925462 -0.1957197 -0.1988991 -0.2020844 -0.2052747 -0.2084688 -0.2116644 -0.2148593 -0.2180502 -0.2212337 -0.2244061 -0.2275633 -0.2307014 -0.2338165 -0.2369049 -0.2399628 -0.2429869 -0.2459743 -0.2489222 -0.2518281 -0.2546899 -0.2575055 -0.2602733 -0.2629915 -0.2656585 -0.2682726 -0.2708319 -0.2733343 -0.2757773 -0.2781581 -0.2804732 -0.2827187 -0.2848897 -0.2869808 -0.2889862 -0.2908980 -0.2927019 -0.2943835 -0.2959497 -0.2974028 -0.2987271 -0.2999077 -0.3009341 -0.3017963 -0.3024854 -0.3029923 -0.3033087
-0.1553722 -0.1585625 -0.1617573 -0.1649529 -0.1681462 -0.1713354 -0.1745193 -0.1776983 -0.1808727 -0.1840441 -0.1872069 -0.1903638 -0.1935380 -0.1967269 -0.1999275 -0.2031412 -0.2063690 -0.2096111 -0.2128667 -0.2161343 -0.2194114 -0.2226948 -0.2259806 -0.2292645 -0.2325420 -0.2358085 -0.2390595 -0.2422904 -0.2454972 -0.2486760 -0.2518234 -0.2549362 -0.2580120 -0.2610483 -0.2640432 -0.2669949 -0.2699018 -0.2727626 -0.2755755 -0.2783390 -0.2810510 -0.2837093 -0.2863112 -0.2888529 -0.2913304 -0.2937387 -0.2960719 -0.2983234 -0.3004865 -0.3025604 -0.3045423 -0.3064058 -0.3081281 -0.3097050 -0.3111306 -0.3123950 -0.3134878 -0.3143981 -0.3151159 -0.3156313
-0.1591744 -0.1624132 -0.1656455 -0.1688670 -0.1720751 -0.1752678 -0.1784455 -0.1816089 -0.1847613 -0.1879067 -0.1910585 -0.1942223 -0.1973823 -0.2005499 -0.2037358 -0.2069442 -0.2101781 -0.2134389 -0.2167268 -0.2200407 -0.2233780 -0.2267355 -0.2301085 -0.2334923 -0.2368815 -0.2402705 -0.2436538 -0.2470262 -0.2503827 -0.2537189 -0.2570307 -0.2603146 -0.2635677 -0.2667876 -0.2699721 -0.2731196 -0.2762287 -0.2792981 -0.2823266 -0.2853126 -0.2882546 -0.2911504 -0.2939973 -0.2967921 -0.2995301 -0.3022063 -0.3048145 -0.3073470 -0.3097947 -0.3121398 -0.3143649 -0.3164761 -0.3184743 -0.3203395 -0.3220531 -0.3236010 -0.3249699 -0.3261475 -0.3271219 -0.3278819
-0.1629338 -0.1661933 -0.1694307 -0.1726412 -0.1758220 -0.1789722 -0.1820924 -0.1851863 -0.1882581 -0.1913146 -0.1943548 -0.1973875 -0.2004449 -0.2035299 -0.2066441 -0.2097941 -0.2129850 -0.2162200 -0.2195004 -0.2228257 -0.2261935 -0.2295999 -0.2330398 -0.2365070 -0.2399952 -0.2434975 -0.2470073 -0.2505179 -0.2540236 -0.2575187 -0.2609986 -0.2644591 -0.2678970 -0.2713095 -0.2746944 -0.2780502 -0.2813758 -0.2846701 -0.2879321 -0.2911609 -0.2943552 -0.2975132 -0.3006326 -0.3037100 -0.3067412 -0.3097205 -0.3126414 -0.3154958 -0.3182749 -0.3209769 -0.3235968 -0.3261030 -0.3284671 -0.3306822 -0.3327392 -0.3346248 -0.3363243 -0.3378236 -0.3391091 -0.3401679
-0.1666115 -0.1698551 -0.1730552 -0.1762059 -0.1793044 -0.1823503 -0.1853462 -0.1882973 -0.1912127 -0.1941033 -0.1969916 -0.1998920 -0.2027944 -0.2057194 -0.2086867 -0.2117072 -0.2147897 -0.2179397 -0.2211599 -0.2244506 -0.2278091 -0.2312311 -0.2347101 -0.2382386 -0.2418086 -0.2454114 -0.2490386 -0.2526820 -0.2563342 -0.2599885 -0.2636392 -0.2672813 -0.2709109 -0.2745252 -0.2781217 -0.2816991 -0.2852563 -0.2887928 -0.2923081 -0.2958018 -0.2992731 -0.3027210 -0.3061434 -0.3095373 -0.3128986 -0.3162215 -0.3194990 -0.3227219 -0.3258787 -0.3289478 -0.3319075 -0.3347623 -0.3375109 -0.3401278 -0.3425889 -0.3448754 -0.3469695 -0.3488550 -0.3505161 -0.3519385
-0.1701642 -0.1733450 -0.1764524 -0.1794800 -0.1824241 -0.1852854 -0.1880682 -0.1907815 -0.1934378 -0.1960530 -0.1986359 -0.2012073 -0.2038150 -0.2064730 -0.2091928 -0.2119904 -0.2148783 -0.2178654 -0.2209564 -0.2241520 -0.2274496 -0.2308434 -0.2343255 -0.2378862 -0.2415150 -0.2452007 -0.2489327 -0.2527004 -0.2564947 -0.2603068 -0.2641299 -0.2679578 -0.2717861 -0.2756112 -0.2794308 -0.2832433 -0.2870484 -0.2908457 -0.2946357 -0.2984186 -0.3021945 -0.3059631 -0.3097229 -0.3134716 -0.3172054 -0.3209183 -0.3246029 -0.3282495 -0.3318471 -0.3353917 -0.3388757 -0.3422597 -0.3455083 -0.3486101 -0.3515516 -0.3543142 -0.3568786 -0.3592259 -0.3613389 -0.3632012
-0.1735379 -0.1765957 -0.1795403 -0.1823629 -0.1850597 -0.1876318 -0.1900866 -0.1924366 -0.1947015 -0.1969054 -0.1990879 -0.2012797 -0.2034840 -0.2057392 -0.2080807 -0.2105325 -0.2131135 -0.2158366 -0.2187088 -0.2217314 -0.2249013 -0.2282110 -0.2316498 -0.2352052 -0.2388630 -0.2426090 -0.2464289 -0.2503094 -0.2542385 -0.2582054 -0.2622011 -0.2662183 -0.2702514 -0.2742963 -0.2783506 -0.2824127 -0.2864826 -0.2905610 -0.2946488 -0.2987476 -0.3028584 -0.3069821 -0.3111182 -0.3152653 -0.3194199 -0.3235764 -0.3277270 -0.3318607 -0.3359631 -0.3400072 -0.3439649 -0.3478384 -0.3516224 -0.3552832 -0.3587894 -0.3621154 -0.3652379 -0.3681356 -0.3707891 -0.3731808
-0.1766734 -0.1795328 -0.1822251 -0.1847391 -0.1870693 -0.1892181 -0.1911953 -0.1930201 -0.1947188 -0.1963256 -0.1978684 -0.1993909 -0.2009691 -0.2026384 -0.2044300 -0.2063770 -0.2085058 -0.2108344 -0.2133728 -0.2161230 -0.2190806 -0.2222350 -0.2255722 -0.2290749 -0.2327243 -0.2365015 -0.2403878 -0.2443659 -0.2484198 -0.2525361 -0.2567033 -0.2609122 -0.2651559 -0.2694295 -0.2737301 -0.2780567 -0.2824097 -0.2867903 -0.2912013 -0.2956450 -0.3001244 -0.3046416 -0.3091979 -0.3137928 -0.3184237 -0.3230858 -0.3277705 -0.3324664 -0.3371593 -0.3418423 -0.3465029 -0.3510909 -0.3555599 -0.3598922 -0.3640669 -0.3680587 -0.3718414 -0.3753915 -0.3786880 -0.3817123
-0.1794990 -0.1820659 -0.1843943 -0.1864685 -0.1882813 -0.1898350 -0.1911440 -0.1922336 -0.1931427 -0.1939201 -0.1946360 -0.1953532 -0.1961024 -0.1969546 -0.1979752 -0.1992120 -0.2007018 -0.2024696 -0.2045285 -0.2068808 -0.2095195 -0.2124302 -0.2155930 -0.2189844 -0.2225790 -0.2263516 -0.2302773 -0.2343333 -0.2384992 -0.2427574 -0.2470931 -0.2514950 -0.2559542 -0.2604651 -0.2650242 -0.2696307 -0.2742855 -0.2789916 -0.2837527 -0.2885734 -0.2934584 -0.2984121 -0.3034377 -0.3085366 -0.3137078 -0.3189467 -0.3242454 -0.3295905 -0.3349636 -0.3403296 -0.3456510 -0.3509246 -0.3561382 -0.3612455 -0.3662035 -0.3709775 -0.3755369 -0.3798553 -0.3839106 -0.3876844
-0.1819375 -0.1840965 -0.1859227 -0.1873941 -0.1884994 -0.1892415 -0.1896382 -0.1897256 -0.1895551 -0.1891939 -0.1887073 -0.1881827 -0.1877471 -0.1874777 -0.1874425 -0.1877066 -0.1883202 -0.1893166 -0.1907127 -0.1925104 -0.1946985 -0.1972561 -0.2001554 -0.2033639 -0.2068474 -0.2105716 -0.2145038 -0.2186139 -0.2228753 -0.2272652 -0.2317650 -0.2363598 -0.2410388 -0.2457950 -0.2506247 -0.2555270 -0.2605039 -0.2655597 -0.2707002 -0.2759325 -0.2812640 -0.2867019 -0.2922524 -0.2979195 -0.3037039 -0.3096029 -0.3156082 -0.3217060 -0.3278774 -0.3341098 -0.3403825 -0.3466277 -0.3527817 -0.3588142 -0.3646936 -0.3703832 -0.3758496 -0.3810646 -0.3860061 -0.3906579
-0.1838982 -0.1855091 -0.1866640 -0.1873309 -0.1874933 -0.1871519 -0.1863304 -0.1850753 -0.1834591 -0.1815752 -0.1795509 -0.1775092 -0.1755357 -0.1737627 -0.1723103 -0.1712691 -0.1707074 -0.1706691 -0.1711747 -0.1722244 -0.1738003 -0.1758723 -0.1784006 -0.1813405 -0.1846454 -0.1882693 -0.1921687 -0.1963042 -0.2006411 -0.2051501 -0.2098072 -0.2145937 -0.2194960 -0.2245054 -0.2296175 -0.2348319 -0.2401517 -0.2455831 -0.2511345 -0.2568160 -0.2626388 -0.2686141 -0.2747519 -0.2810597 -0.2875419 -0.2941972 -0.3010184 -0.3079898 -0.3150861 -0.3222591 -0.3294551 -0.3366592 -0.3438440 -0.3509422 -0.3578915 -0.3646430 -0.3711571 -0.3774046 -0.3833658 -0.3890303
-0.1852852 -0.1861808 -0.1864601 -0.1860780 -0.1850074 -0.1832472 -0.1808247 -0.1778027 -0.1742759 -0.1703720 -0.1662263 -0.1620082 -0.1579379 -0.1541713 -0.1508454 -0.1480823 -0.1459731 -0.1445744 -0.1439104 -0.1439769 -0.1447461 -0.1461734 -0.1482030 -0.1507730 -0.1538204 -0.1572831 -0.1611040 -0.1652314 -0.1696203 -0.1742330 -0.1790390 -0.1840144 -0.1891426 -0.1944124 -0.1998189 -0.2053620 -0.2110463 -0.2168803 -0.2228760 -0.2290475 -0.2354108 -0.2419821 -0.2487771 -0.2558086 -0.2630852 -0.2706093 -0.2783745 -0.2863640 -0.2945510 -0.3029114 -0.3114070 -0.3199387 -0.3284104 -0.3367682 -0.3449585 -0.3529280 -0.3606339 -0.3680481 -0.3751577 -0.3819637
-0.1859900 -0.1859729 -0.1851348 -0.1834095 -0.1807565 -0.1771673 -0.1726755 -0.1673597 -0.1613497 -0.1548189 -0.1479978 -0.1411207 -0.1343786 -0.1280161 -0.1222518 -0.1172527 -0.1131392 -0.1099836 -0.1078126 -0.1066142 -0.1063453 -0.1069411 -0.1083231 -0.1104062 -0.1131048 -0.1163370 -0.1200272 -0.1241082 -0.1285220 -0.1332206 -0.1381648 -0.1433253 -0.1486807 -0.1542177 -0.1599302 -0.1658188 -0.1718898 -0.1781549 -0.1846301 -0.1913351 -0.1982921 -0.2055243 -0.2130546 -0.2209036 -0.2290863 -0.2376099 -0.2464704 -0.2556489 -0.2651083 -0.2747759 -0.2845652 -0.2944329 -0.3043182 -0.3141109 -0.3237133 -0.3330528 -0.3420809 -0.3507743 -0.3591345 -0.3671833
-0.1859003 -0.1847434 -0.1825049 -0.1790914 -0.1744399 -0.1685322 -0.1614044 -0.1531588 -0.1439632 -0.1340505 -0.1236832 -0.1131801 -0.1029275 -9.3224943E-02 -8.4333658E-02 -7.6475374E-02 -6.9807611E-02 -6.4420648E-02 -6.0342554E-02 -5.7548121E-02 -5.5971950E-02 -5.5520542E-02 -5.6084387E-02 -5.7547506E-02 -5.9795160E-02 -6.2718809E-02 -6.6220000E-02 -7.0211761E-02 -7.4620351E-02 -7.9384327E-02 -8.4454998E-02 -8.9795053E-02 -9.5378436E-02 -0.1011885 -0.1072184 -0.1134691 -0.1199494 -0.1266747 -0.1336666 -0.1409513 -0.1485593 -0.1565232 -0.1648760 -0.1736484 -0.1828652 -0.1925412 -0.2026759 -0.2132493 -0.2242184 -0.2355335 -0.2471157 -0.2588004 -0.2704235 -0.2818767 -0.2930624 -0.3038983 -0.3143353 -0.3243634 -0.3340108 -0.3433373
-0.1848905 -0.1823369 -0.1783764 -0.1728765 -0.1657447 -0.1569444 -0.1465160 -0.1345860 -0.1213783 -0.1072037 -9.2471905E-02 -7.7613212E-02 -6.3005731E-02 -4.9090840E-02 -3.6258403E-02 -2.4804952E-02 -1.4936051E-02 -6.7638466E-03 -3.1448438E-04 4.4564018E-03 7.6467288E-03 9.3887793E-03 9.8337419E-03 9.1379276E-03 7.4540963E-03 4.9240659E-03 1.6754611E-03 -2.1809482E-03 -6.5511675E-03 -1.1358468E-02 -1.6541721E-02 -2.2055022E-02 -2.7865894E-02 -3.3954591E-02 -4.0312555E-02 -4.6941839E-02 -5.3854018E-02 -6.1069287E-02 -6.8615831E-02 -7.6528721E-02 -8.4848866E-02 -9.3621135E-02 -0.1028922 -0.1127071 -0.1231048 -0.1341112 -0.1457327 -0.1579462 -0.1706904 -0.1838410 -0.1972369 -0.2107600 -0.2242639 -0.2375444 -0.2504308 -0.2628124 -0.2746419 -0.2859372 -0.2967760 -0.3072833
-0.1828326 -0.1786002 -0.1725600 -0.1645290 -0.1543715 -0.1420287 -0.1275404 -0.1110694 -9.2903651E-02 -7.3453434E-02 -5.3194728E-02 -3.2693554E-02 -1.2610318E-02 6.5171160E-03 2.4218800E-02 4.0106136E-02 5.3912543E-02 6.5498814E-02 7.4842244E-02 8.2015596E-02 8.7160029E-02 9.0460360E-02 9.2121445E-02 9.2352301E-02 9.1352910E-02 8.9307360E-02 8.6378329E-02 8.2706533E-02 7.8409322E-02 7.3582537E-02 6.8301387E-02 6.2622458E-02 5.6585066E-02 5.0213456E-02 4.3517210E-02 3.6493596E-02 2.9127242E-02 2.1392386E-02 1.3252383E-02 4.6614208E-03 -4.4348305E-03 -1.4097255E-02 -2.4390949E-02 -3.5380885E-02 -4.7125995E-02 -5.9670001E-02 -7.3029324E-02 -8.7179787E-02 -0.1020442 -0.1175069 -0.1333840 -0.1493540 -0.1650896 -0.1803521 -0.1949499 -0.2087600 -0.2217565 -0.2340157 -0.2457048 -0.2570581
-0.1795796 -0.1733671 -0.1648637 -0.1538184 -0.1400434 -0.1234465 -0.1040736 -8.2132325E-02 -5.8007814E-02 -3.2239385E-02 -5.5185286E-03 2.1432865E-02 4.7966398E-02 7.3344685E-02 9.6905589E-02 0.1181353 0.1366824 0.1523688 0.1651759 0.1752122 0.1826761 0.1878191 0.1909156 0.1922394 0.1920502 0.1905825 0.1880424 0.1846052 0.1804170 0.1755950 0.1702315 0.1643949 0.1581333 0.1514748 0.1444314 0.1369983 0.1291567 0.1208731 0.1121014 0.1027820 9.2844144E-02 8.2205936E-02 7.0778146E-02 5.8468141E-02 4.5188297E-02 3.0868592E-02 1.5475051E-02 -9.6487784E-04 -1.8334506E-02 -3.6380209E-02 -5.4746989E-02 -7.3102899E-02 -9.1071188E-02 -0.1082290 -0.1242649 -0.1390353 -0.1525695 -0.1650597 -0.1768306 -0.1882958
-0.1749737 -0.1664734 -0.1551092 -0.1405499 -0.1225385 -0.1009516 -7.5847842E-02 -4.7517311E-02 -1.6479427E-02 1.6551862E-02 5.0797872E-02 8.5405350E-02 0.1194086 0.1519846 0.1823543 0.2098353 0.2339477 0.2544477 0.2713111 0.2846887 0.2948487 0.3021262 0.3068803 0.3094655 0.3102120 0.3094156 0.3073327 0.3041801 0.3001359 0.2953431 0.2899128 0.2839275 0.2774439 0.2704962 0.2630973 0.2552414 0.2469044 0.2380450 0.2286045 0.2185078 0.2076627 0.1959618 0.1832836 0.1694985 0.1544780 0.1381128 0.1203425 0.1011971 8.0844507E-02 5.9595246E-02 3.7947834E-02 1.6650766E-02 -3.5534613E-03 -2.2133894E-02 -3.8756244E-02 -5.3328522E-02 -6.6028230E-02 -7.7272587E-02 -8.7656349E-02 -9.7873680E-02
-0.1688149 -0.1577245 -0.1431106 -0.1245418 -0.1016884 -7.4395560E-02 -4.2774901E-02 -7.2637228E-03 3.1361386E-02 7.2105877E-02 0.1139124 0.1559326 0.1975409 0.2378178 0.2757052 0.3102338 0.3406892 0.3666965 0.3882005 0.4053907 0.4186173 0.4283139 0.4349420 0.4389503 0.4407530 0.4407167 0.4391564 0.4363352 0.4324689 0.4277285 0.4222468 0.4161212 0.4094191 0.4021800 0.3944193 0.3861286 0.3772788 0.3678185 0.3576754 0.3467550 0.3349403 0.3220914 0.3080464 0.2926264 0.2756464 0.2569408 0.2364101 0.2140994 0.1903036 0.1656924 0.1412424 0.1179355 9.6713051E-02 7.8373179E-02 6.3302830E-02 5.1423199E-02 4.2238474E-02 3.4926157E-02 2.8461333E-02 2.1743169E-02
-0.1608592 -0.1469025 -0.1286774 -0.1056445 -7.7392362E-02 -4.3763209E-02 -4.9859406E-03 3.8183391E-02 8.4449396E-02 0.1322106 0.1802751 0.2283155 0.2762978 0.3237462 0.3693141 0.4114206 0.4488641 0.4809994 0.5076792 0.5291184 0.5457529 0.5581310 0.5668301 0.5724093 0.5753773 0.5761815 0.5752022 0.5727553 0.5690970 0.5644304 0.5589111 0.5526538 0.5457365 0.5382057 0.5300778 0.5213433 0.5119656 0.5018834 0.4910079 0.4792230 0.4663819 0.4523063 0.4367840 0.4195729 0.4004133 0.3790622 0.3553727 0.3294465 0.3018625 0.2738079 0.2470123 0.2234154 0.2044138 0.1905609 0.1817949 0.1775171 0.1766367 0.1777049 0.1791032 0.1792290
