T6-multimodels/gz/model60.grd
DSAA
         100         100
  -15.00000       15.00000    
  -15.00000       15.00000    
 -0.4406570       2.156717    
[rows 0 to 26 of 100, columns 0 to 59 of 100]
-0.1032571 -0.1052935 -0.1073409 -0.1093968 -0.1114585 -0.1135236 -0.1155891 -0.1176528 -0.1197117 -0.1217631 -0.1237992 -0.1258176 -0.1278291 -0.1298279 -0.1318081 -0.1337669 -0.1357023 -0.1376120 -0.1394939 -0.1413460 -0.1431666 -0.1449538 -0.1467059 -0.1484213 -0.1500984 -0.1517360 -0.1533328 -0.1548877 -0.1563997 -0.1578679 -0.1592915 -0.1606699 -0.1620024 -0.1632883 -0.1645271 -0.1657180 -0.1668603 -0.1679532 -0.1689956 -0.1699866 -0.1709249 -0.1718089 -0.1726372 -0.1734078 -0.1741189 -0.1747685 -0.1753545 -0.1758749 -0.1763301 -0.1767250 -0.1770528 -0.1772957 -0.1774532 -0.1775303 -0.1775259 -0.1774386 -0.1772668 -0.1770090 -0.1766640 -0.1762308
-0.1061144 -0.1082456 -0.1103880 -0.1125388 -0.1146954 -0.1168550 -0.1190151 -0.1211727 -0.1233257 -0.1254715 -0.1276133 -0.1297490 -0.1318622 -0.1339545 -0.1360276 -0.1380795 -0.1401079 -0.1421108 -0.1440862 -0.1460321 -0.1479466 -0.1498279 -0.1516744 -0.1534843 -0.1552562 -0.1569888 -0.1586808 -0.1603311 -0.1619389 -0.1635032 -0.1650232 -0.1664984 -0.1679281 -0.1693118 -0.1706488 -0.1719384 -0.1731799 -0.1743723 -0.1755145 -0.1766053 -0.1776432 -0.1786265 -0.1795532 -0.1804211 -0.1812280 -0.1819713 -0.1826484 -0.1832564 -0.1837900 -0.1842382 -0.1846030 -0.1848977 -0.1851179 -0.1852536 -0.1853017 -0.1852599 -0.1851265 -0.1848996 -0.1845777 -0.1841597
-0.1090376 -0.1112641 -0.1135015 -0.1157470 -0.1179977 -0.1202511 -0.1225041 -0.1247544 -0.1269991 -0.1292355 -0.1314556 -0.1336571 -0.1358522 -0.1380350 -0.1401994 -0.1423430 -0.1444638 -0.1465596 -0.1486285 -0.1506687 -0.1526783 -0.1546556 -0.1565988 -0.1585063 -0.1603766 -0.1622084 -0.1640005 -0.1657519 -0.1674616 -0.1691289 -0.1707529 -0.1723332 -0.1738692 -0.1753605 -0.1768063 -0.1782059 -0.1795586 -0.1808633 -0.1821189 -0.1833238 -0.1844762 -0.1855743 -0.1866155 -0.1875972 -0.1885165 -0.1893705 -0.1901557 -0.1908694 -0.1915106 -0.1920838 -0.1925807 -0.1929810 -0.1932831 -0.1934916 -0.1936049 -0.1936205 -0.1935363 -0.1933502 -0.1930603 -0.1926652
-0.1120194 -0.1143403 -0.1166715 -0.1190097 -0.1213523 -0.1236963 -0.1260392 -0.1283782 -0.1307111 -0.1330357 -0.1353563 -0.1376710 -0.1399623 -0.1422329 -0.1444850 -0.1467171 -0.1489274 -0.1511140 -0.1532750 -0.1554087 -0.1575135 -0.1595874 -0.1616288 -0.1636363 -0.1656081 -0.1675432 -0.1694402 -0.1712983 -0.1731165 -0.1748941 -0.1766305 -0.1783252 -0.1799777 -0.1815875 -0.1831542 -0.1846769 -0.1861550 -0.1875872 -0.1889721 -0.1903080 -0.1915929 -0.1928242 -0.1939991 -0.1951143 -0.1961662 -0.1971512 -0.1980650 -0.1989034 -0.1996591 -0.2003190 -0.2008841 -0.2013679 -0.2017645 -0.2020620 -0.2022561 -0.2023435 -0.2023217 -0.2021882 -0.2019409 -0.2015782
-0.1150492 -0.1174621 -0.1198837 -0.1223108 -0.1247404 -0.1271699 -0.1295963 -0.1320176 -0.1344310 -0.1368346 -0.1392201 -0.1415859 -0.1439466 -0.1462964 -0.1486295 -0.1509440 -0.1532385 -0.1555112 -0.1577607 -0.1599853 -0.1621834 -0.1643534 -0.1664935 -0.1686023 -0.1706783 -0.1727201 -0.1747269 -0.1766973 -0.1786309 -0.1805268 -0.1823846 -0.1842039 -0.1859844 -0.1877256 -0.1894271 -0.1910882 -0.1927082 -0.1942855 -0.1958188 -0.1973060 -0.1987446 -0.2001314 -0.2014632 -0.2027358 -0.2039447 -0.2050854 -0.2061527 -0.2071419 -0.2080505 -0.2088823 -0.2096261 -0.2102582 -0.2107759 -0.2111829 -0.2114764 -0.2116531 -0.2117096 -0.2116432 -0.2114514 -0.2111324
-0.1181145 -0.1206146 -0.1231210 -0.1256302 -0.1281392 -0.1306452 -0.1331459 -0.1356387 -0.1381225 -0.1405956 -0.1430639 -0.1455264 -0.1479654 -0.1503849 -0.1527885 -0.1551758 -0.1575456 -0.1598970 -0.1622284 -0.1645387 -0.1668264 -0.1690898 -0.1713275 -0.1735380 -0.1757197 -0.1778714 -0.1799921 -0.1820808 -0.1841369 -0.1861597 -0.1881489 -0.1901044 -0.1920258 -0.1939129 -0.1957654 -0.1975827 -0.1993638 -0.2011075 -0.2028117 -0.2044743 -0.2060920 -0.2076614 -0.2091780 -0.2106368 -0.2120323 -0.2133587 -0.2146097 -0.2157784 -0.2168551 -0.2178234 -0.2186825 -0.2194455 -0.2201044 -0.2206448 -0.2210607 -0.2213475 -0.2215016 -0.2215195 -0.2213988 -0.2211373
-0.1211987 -0.1237788 -0.1263610 -0.1289421 -0.1315187 -0.1340885 -0.1366488 -0.1391984 -0.1417356 -0.1442593 -0.1467621 -0.1492440 -0.1517227 -0.1541939 -0.1566524 -0.1590979 -0.1615300 -0.1639480 -0.1663514 -0.1687389 -0.1711094 -0.1734615 -0.1757936 -0.1781044 -0.1803923 -0.1826560 -0.1848947 -0.1871073 -0.1892933 -0.1914522 -0.1935839 -0.1956883 -0.1977655 -0.1998153 -0.2018376 -0.2038317 -0.2057970 -0.2077318 -0.2096341 -0.2115009 -0.2133287 -0.2151129 -0.2168483 -0.2185285 -0.2201467 -0.2216954 -0.2231670 -0.2245536 -0.2258500 -0.2270581 -0.2281635 -0.2291373 -0.2299747 -0.2306785 -0.2312441 -0.2316665 -0.2319413 -0.2320647 -0.2320338 -0.2318462
-0.1242824 -0.1269313 -0.1295768 -0.1322148 -0.1348425 -0.1374572 -0.1400573 -0.1426415 -0.1452099 -0.1477628 -0.1503088 -0.1528491 -0.1553665 -0.1578676 -0.1603590 -0.1628419 -0.1653171 -0.1677849 -0.1702451 -0.1726972 -0.1751401 -0.1775728 -0.1799937 -0.1824013 -0.1847943 -0.1871713 -0.1895312 -0.1918732 -0.1941968 -0.1965019 -0.1987881 -0.2010560 -0.2033057 -0.2055375 -0.2077514 -0.2099470 -0.2121234 -0.2142791 -0.2164117 -0.2185177 -0.2205927 -0.2226311 -0.2246265 -0.2265709 -0.2284558 -0.2302717 -0.2320089 -0.2336566 -0.2352010 -0.2366206 -0.2379120 -0.2390873 -0.2401350 -0.2410375 -0.2417862 -0.2423748 -0.2427982 -0.2430523 -0.2431335 -0.2430396
-0.1273408 -0.1300432 -0.1327336 -0.1354082 -0.1380635 -0.1406977 -0.1433092 -0.1458983 -0.1484654 -0.1510120 -0.1535328 -0.1560306 -0.1585290 -0.1610260 -0.1635190 -0.1660104 -0.1685021 -0.1709956 -0.1734915 -0.1759899 -0.1784903 -0.1809915 -0.1834921 -0.1859907 -0.1884856 -0.1909754 -0.1934591 -0.1959357 -0.1984048 -0.2008665 -0.2033209 -0.2057685 -0.2082101 -0.2106462 -0.2130772 -0.2155030 -0.2179227 -0.2203348 -0.2227365 -0.2251237 -0.2274910 -0.2298317 -0.2321374 -0.2343983 -0.2366038 -0.2387418 -0.2408001 -0.2427658 -0.2446296 -0.2463897 -0.2480265 -0.2495048 -0.2508159 -0.2519610 -0.2529330 -0.2537248 -0.2543305 -0.2547453 -0.2549656 -0.2549890
-0.1303450 -0.1330798 -0.1357909 -0.1384737 -0.1411254 -0.1437438 -0.1463290 -0.1488817 -0.1514052 -0.1539034 -0.1563899 -0.1588706 -0.1613302 -0.1637806 -0.1662334 -0.1686936 -0.1711655 -0.1736518 -0.1761543 -0.1786740 -0.1812106 -0.1837632 -0.1863304 -0.1889105 -0.1915016 -0.1941022 -0.1967108 -0.1993268 -0.2019495 -0.2045792 -0.2072166 -0.2098625 -0.2125180 -0.2151844 -0.2178623 -0.2205523 -0.2232535 -0.2259645 -0.2286820 -0.2314012 -0.2341156 -0.2368167 -0.2394943 -0.2421360 -0.2447282 -0.2472558 -0.2497030 -0.2520526 -0.2542844 -0.2563696 -0.2582998 -0.2600850 -0.2617090 -0.2631489 -0.2643929 -0.2654325 -0.2662608 -0.2668726 -0.2672640 -0.2674328
-0.1332593 -0.1359985 -0.1386975 -0.1413516 -0.1439573 -0.1465135 -0.1490209 -0.1514828 -0.1539036 -0.1562901 -0.1586415 -0.1609670 -0.1632991 -0.1656416 -0.1679970 -0.1703729 -0.1727757 -0.1752105 -0.1776806 -0.1801875 -0.1827317 -0.1853122 -0.1879275 -0.1905755 -0.1932540 -0.1959607 -0.1986944 -0.2014536 -0.2042381 -0.2070483 -0.2098851 -0.2127501 -0.2156450 -0.2185717 -0.2215317 -0.2245260 -0.2275543 -0.2306150 -0.2337045 -0.2368174 -0.2399455 -0.2430784 -0.2462032 -0.2493044 -0.2523646 -0.2553649 -0.2582847 -0.2611037 -0.2638050 -0.2663808 -0.2688034 -0.2710280 -0.2730411 -0.2748404 -0.2764153 -0.2777563 -0.2788557 -0.2797076 -0.2803083 -0.2806557
-0.1360427 -0.1387495 -0.1413939 -0.1439699 -0.1464743 -0.1489065 -0.1512689 -0.1535666 -0.1558087 -0.1580061 -0.1601819 -0.1623505 -0.1645026 -0.1666597 -0.1688423 -0.1710629 -0.1733317 -0.1756562 -0.1780416 -0.1804908 -0.1830043 -0.1855814 -0.1882199 -0.1909170 -0.1936699 -0.1964757 -0.1993321 -0.2022378 -0.2051923 -0.2081962 -0.2112509 -0.2143585 -0.2175220 -0.2207440 -0.2240272 -0.2273734 -0.2307829 -0.2342543 -0.2377839 -0.2413649 -0.2449879 -0.2486397 -0.2523041 -0.2559616 -0.2595900 -0.2631650 -0.2666606 -0.2700495 -0.2733005 -0.2763736 -0.2792523 -0.2819423 -0.2844201 -0.2866557 -0.2886328 -0.2903398 -0.2917680 -0.2929116 -0.2937669 -0.2943325
-0.1386461 -0.1412733 -0.1438075 -0.1462420 -0.1485728 -0.1508003 -0.1529286 -0.1549668 -0.1569272 -0.1588260 -0.1606722 -0.1624872 -0.1643195 -0.1661840 -0.1680935 -0.1700654 -0.1721144 -0.1742515 -0.1764842 -0.1788164 -0.1812493 -0.1837816 -0.1864104 -0.1891316 -0.1919411 -0.1948350 -0.1978101 -0.2008642 -0.2039967 -0.2072084 -0.2105013 -0.2138786 -0.2173442 -0.2209023 -0.2245570 -0.2283112 -0.2321665 -0.2361218 -0.2401733 -0.2443132 -0.2485298 -0.2528069 -0.2571242 -0.2614570 -0.2657768 -0.2700526 -0.2742511 -0.2783386 -0.2822859 -0.2860746 -0.2896644 -0.2929968 -0.2960497 -0.2988162 -0.3012811 -0.3034316 -0.3052579 -0.3067544 -0.3079178 -0.3087479
-0.1410138 -0.1435010 -0.1458547 -0.1480656 -0.1501297 -0.1520476 -0.1538268 -0.1554797 -0.1570260 -0.1584900 -0.1599116 -0.1613223 -0.1627259 -0.1641620 -0.1656676 -0.1672685 -0.1689858 -0.1708350 -0.1728265 -0.1749655 -0.1772532 -0.1796875 -0.1822639 -0.1849766 -0.1878193 -0.1907861 -0.1938727 -0.1970758 -0.2003942 -0.2038289 -0.2073828 -0.2110601 -0.2148664 -0.2188079 -0.2228905 -0.2271193 -0.2314971 -0.2360241 -0.2406961 -0.2455045 -0.2504349 -0.2554676 -0.2605767 -0.2657307 -0.2708937 -0.2760252 -0.2810830 -0.2860222 -0.2907943 -0.2953410 -0.2996328 -0.3036670 -0.3074094 -0.3108197 -0.3138758 -0.3165624 -0.3188694 -0.3207911 -0.3223257 -0.3234746
-0.1430812 -0.1453530 -0.1474364 -0.1493199 -0.1509978 -0.1524720 -0.1537523 -0.1548579 -0.1558150 -0.1566581 -0.1574157 -0.1581322 -0.1588846 -0.1597096 -0.1606399 -0.1617111 -0.1629519 -0.1643838 -0.1660205 -0.1678687 -0.1699290 -0.1721977 -0.1746675 -0.1773297 -0.1801751 -0.1831950 -0.1863827 -0.1897335 -0.1932454 -0.1969196 -0.2007595 -0.2047711 -0.2089624 -0.2133419 -0.2179187 -0.2227002 -0.2276918 -0.2328951 -0.2383063 -0.2439156 -0.2497060 -0.2556527 -0.2617234 -0.2678778 -0.2740698 -0.2802478 -0.2863569 -0.2923413 -0.2981510 -0.3037496 -0.3090771 -0.3140537 -0.3186451 -0.3228371 -0.3266080 -0.3299415 -0.3328268 -0.3352593 -0.3372391 -0.3387701
-0.1447775 -0.1467395 -0.1484411 -0.1498659 -0.1510066 -0.1518651 -0.1524556 -0.1528036 -0.1529482 -0.1529381 -0.1528445 -0.1527309 -0.1526292 -0.1526118 -0.1527463 -0.1530829 -0.1536615 -0.1545108 -0.1556485 -0.1570824 -0.1588118 -0.1608298 -0.1631252 -0.1656846 -0.1684942 -0.1715415 -0.1748161 -0.1783113 -0.1820238 -0.1859547 -0.1901085 -0.1944934 -0.1991201 -0.2040008 -0.2091485 -0.2145745 -0.2202876 -0.2262917 -0.2325841 -0.2391538 -0.2459807 -0.2530341 -0.2602729 -0.2676463 -0.2750946 -0.2825516 -0.2899466 -0.2972064 -0.3042535 -0.3110006 -0.3173968 -0.3234255 -0.3290358 -0.3341729 -0.3388069 -0.3429185 -0.3464977 -0.3495413 -0.3520524 -0.3540389
-0.1460233 -0.1475603 -0.1487413 -0.1495444 -0.1499576 -0.1499839 -0.1496407 -0.1489641 -0.1480058 -0.1468335 -0.1455129 -0.1441328 -0.1428213 -0.1416575 -0.1407116 -0.1400519 -0.1397318 -0.1397893 -0.1402467 -0.1411119 -0.1423816 -0.1440438 -0.1460811 -0.1484731 -0.1511995 -0.1542417 -0.1575851 -0.1612189 -0.1651385 -0.1693445 -0.1738429 -0.1786445 -0.1837639 -0.1892182 -0.1950257 -0.2012032 -0.2077643 -0.2147164 -0.2220589 -0.2297800 -0.2378556 -0.2462479 -0.2549050 -0.2637619 -0.2727422 -0.2817605 -0.2907259 -0.2995462 -0.3081369 -0.3164321 -0.3243400 -0.3317489 -0.3386059 -0.3448855 -0.3505580 -0.3556032 -0.3600118 -0.3637834 -0.3669257 -0.3694520
-0.1467357 -0.1477071 -0.1481987 -0.1481783 -0.1476286 -0.1465506 -0.1449676 -0.1429261 -0.1404990 -0.1377801 -0.1348977 -0.1319758 -0.1291017 -0.1264098 -0.1240227 -0.1220347 -0.1205180 -0.1195218 -0.1190730 -0.1191790 -0.1198310 -0.1210094 -0.1226869 -0.1248333 -0.1274190 -0.1304169 -0.1338054 -0.1375697 -0.1417021 -0.1462028 -0.1510793 -0.1563460 -0.1620226 -0.1681329 -0.1747021 -0.1817548 -0.1893111 -0.1973842 -0.2059762 -0.2150750 -0.2246523 -0.2346610 -0.2450358 -0.2556935 -0.2665358 -0.2774532 -0.2883290 -0.2990436 -0.3094733 -0.3194856 -0.3289947 -0.3379611 -0.3463087 -0.3539622 -0.3608805 -0.3670415 -0.3724374 -0.3770725 -0.3809606 -0.3841229
-0.1468267 -0.1470655 -0.1466633 -0.1455747 -0.1437722 -0.1412544 -0.1380488 -0.1342180 -0.1298572 -0.1250947 -0.1200666 -0.1149440 -0.1099487 -0.1052390 -0.1009551 -9.7223222E-02 -9.4138928E-02 -9.1765054E-02 -9.0133041E-02 -8.9247279E-02 -8.9090779E-02 -8.9631215E-02 -9.0827733E-02 -9.2635691E-02 -9.5012091E-02 -9.7918510E-02 -0.1013243 -0.1052077 -0.1095577 -0.1143734 -0.1196647 -0.1254499 -0.1317559 -0.1386147 -0.1460614 -0.1541306 -0.1628522 -0.1722466 -0.1823209 -0.1930630 -0.2044395 -0.2163921 -0.2288376 -0.2416699 -0.2547628 -0.2679759 -0.2811607 -0.2941674 -0.3068576 -0.3191191 -0.3308117 -0.3417758 -0.3519291 -0.3612293 -0.3696351 -0.3771234 -0.3836892 -0.3893430 -0.3941076 -0.3980146
-0.1462127 -0.1455215 -0.1439835 -0.1415327 -0.1381279 -0.1337603 -0.1284637 -0.1223168 -0.1154497 -0.1080367 -0.1003093 -9.2503585E-02 -8.4812388E-02 -7.7483267E-02 -7.0738465E-02 -6.4749338E-02 -5.9641957E-02 -5.5495515E-02 -5.2345224E-02 -5.0189260E-02 -4.8996802E-02 -4.8717763E-02 -4.9290907E-02 -5.0652053E-02 -5.2739669E-02 -5.5499829E-02 -5.8889285E-02 -6.2877819E-02 -6.7449130E-02 -7.2601333E-02 -7.8346230E-02 -8.4708385E-02 -9.1722876E-02 -9.9433199E-02 -0.1078870 -0.1171326 -0.1272123 -0.1381577 -0.1499819 -0.1626742 -0.1761943 -0.1904694 -0.2053936 -0.2208303 -0.2366178 -0.2525776 -0.2685221 -0.2842621 -0.2996063 -0.3143561 -0.3283743 -0.3415857 -0.3538750 -0.3651340 -0.3753059 -0.3843642 -0.3923081 -0.3991567 -0.4049447 -0.4097177
-0.1448146 -0.1429662 -0.1400098 -0.1358517 -0.1304284 -0.1237217 -0.1157675 -0.1066686 -9.6593007E-02 -8.5774682E-02 -7.4477419E-02 -6.3021719E-02 -5.1796552E-02 -4.1104425E-02 -3.1210741E-02 -2.2342347E-02 -1.4663290E-02 -8.2717976E-03 -3.2055657E-03 5.4873526E-04 3.0421652E-03 4.3512033E-03 4.5646336E-03 3.7742138E-03 2.0658073E-03 -4.8549846E-04 -3.8204016E-03 -7.8968592E-03 -1.2692221E-02 -1.8202579E-02 -2.4442799E-02 -3.1444281E-02 -3.9253440E-02 -4.7927730E-02 -5.7531733E-02 -6.8130858E-02 -7.9784855E-02 -9.2538998E-02 -0.1064157 -0.1214052 -0.1374587 -0.1544833 -0.1723424 -0.1908593 -0.2098272 -0.2290202 -0.2482058 -0.2671561 -0.2856625 -0.3035527 -0.3206197 -0.3366325 -0.3514614 -0.3650332 -0.3772854 -0.3881883 -0.3977447 -0.4059849 -0.4129596 -0.4187319
-0.1425709 -0.1393084 -0.1346121 -0.1283485 -0.1204251 -0.1108052 -9.9529028E-02 -8.6723536E-02 -7.2613180E-02 -5.7509821E-02 -4.1824602E-02 -2.5989948E-02 -1.0386715E-02 4.5400579E-03 1.8395904E-02 3.0878356E-02 4.1774523E-02 5.0963242E-02 5.8407061E-02 6.4136893E-02 6.8233952E-02 7.0810750E-02 7.1994297E-02 7.1912475E-02 7.0683949E-02 6.8410687E-02 6.5173328E-02 6.1028451E-02 5.6007698E-02 5.0116990E-02 4.3338437E-02 3.5631549E-02 2.6936308E-02 1.7177138E-02 6.2687006E-03 -5.8771693E-03 -1.9341771E-02 -3.4188766E-02 -5.0451588E-02 -6.8121143E-02 -8.7135516E-02 -0.1073736 -0.1286552 -0.1507492 -0.1733891 -0.1962919 -0.2191767 -0.2417753 -0.2638269 -0.2850614 -0.3052825 -0.3243646 -0.3421245 -0.3583913 -0.3730705 -0.3861212 -0.3975496 -0.4073982 -0.4157374 -0.4226533
-0.1394424 -0.1344841 -0.1276899 -0.1188765 -0.1079078 -9.4724901E-02 -7.9367563E-02 -6.1999150E-02 -4.2908274E-02 -2.2506412E-02 -1.2712262E-03 2.0228937E-02 4.1330494E-02 6.1491489E-02 8.0236658E-02 9.7170822E-02 0.1120190 0.1246317 0.1349736 0.1431016 0.1491381 0.1532447 0.1555985 0.1563752 0.1557350 0.1538145 0.1507210 0.1465297 0.1412831 0.1349904 0.1276294 0.1191491 0.1094726 9.8502219E-02 8.6126335E-02 7.2228819E-02 5.6701090E-02 3.9457310E-02 2.0450888E-02 -3.0705563E-04 -2.2733487E-02 -4.6663735E-02 -7.1853399E-02 -9.7992592E-02 -0.1247333 -0.1517229 -0.1786344 -0.2051822 -0.2311292 -0.2562844 -0.2803861 -0.3031050 -0.3242204 -0.3435792 -0.3610532 -0.3765792 -0.3901593 -0.4018497 -0.4117436 -0.4199564
-0.1354303 -0.1284749 -0.1191997 -0.1073534 -9.2747554E-02 -7.5290188E-02 -5.5027425E-02 -3.2167032E-02 -7.0951879E-03 1.9647472E-02 4.7367528E-02 7.5340427E-02 0.1029142 0.1293470 0.1539706 0.1762637 0.1958656 0.2125866 0.2263935 0.2373770 0.2457141 0.2516296 0.2553658 0.2571583 0.2572200 0.2557301 0.2528291 0.2486148 0.2431431 0.2364271 0.2284402 0.2191184 0.2083645 0.1960540 0.1820438 0.1661835 0.1483316 0.1283758 0.1062566 8.1992596E-02 5.5703171E-02 2.7621927E-02 -1.9061511E-03 -3.2450002E-02 -6.3541181E-02 -9.4735220E-02 -0.1256671 -0.1560737 -0.1857584 -0.2145100 -0.2421560 -0.2685269 -0.2932942 -0.3161118 -0.3367504 -0.3550905 -0.3711164 -0.3848929 -0.3965401 -0.4062077
-0.1305813 -0.1213212 -0.1091677 -9.3788683E-02 -7.4927397E-02 -5.2460004E-02 -2.6445510E-02 2.8254930E-03 3.4832507E-02 6.8860225E-02 0.1041277 0.1397787 0.1748435 0.2084941 0.2399448 0.2685047 0.2936836 0.3152243 0.3330866 0.3474010 0.3584112 0.3664223 0.3717566 0.3747244 0.3756020 0.3746213 0.3719615 0.3677484 0.3620532 0.3548943 0.3462396 0.3360103 0.3240851 0.3103081 0.2944984 0.2764655 0.2560292 0.2330480 0.2074508 0.1792757 0.1487027 0.1160774 8.1906855E-02 4.6819784E-02 1.1481722E-02 -2.3519406E-02 -5.7785839E-02 -9.1167755E-02 -0.1237352 -0.1556546 -0.1868633 -0.2169698 -0.2455254 -0.2720756 -0.2962143 -0.3177021 -0.3364697 -0.3525804 -0.3661808 -0.3774614
-0.1250107 -0.1131440 -9.7723231E-02 -7.8316674E-02 -5.4594304E-02 -2.6401214E-02 6.1505595E-03 4.2623188E-02 8.2238972E-02 0.1240016 0.1668514 0.2099365 0.2526272 0.2939980 0.3329838 0.3686056 0.4001375 0.4271900 0.4496897 0.4678034 0.4818537 0.4922403 0.4993828 0.5036796 0.5054834 0.5050867 0.5027156 0.4985269 0.4926110 0.4849914 0.4756307 0.4644323 0.4512481 0.4358855 0.4181205 0.3977158 0.3744481 0.3481442 0.3187277 0.2862731 0.2510597 0.2136103 0.1746949 0.1352736 9.6361198E-02 5.8821905E-02 2.3139466E-02 -1.0740987E-02 -4.3373778E-02 -7.5499751E-02 -0.1077413 -0.1401861 -0.1720987 -0.2024235 -0.2303104 -0.2552463 -0.2770391 -0.2957240 -0.3114713 -0.3245167
-0.1189053 -0.1041560 -8.5107036E-02 -6.1218444E-02 -3.2078650E-02 2.4701238E-03 4.2198639E-02 8.6350046E-02 0.1336278 0.1824284 0.2315573 0.2806836 0.3297682 0.3783293 0.4250118 0.4682249 0.5067537 0.5399371 0.5676072 0.5899538 0.6073825 0.6204025 0.6295449 0.6353115 0.6381413 0.6383972 0.6363572 0.6322153 0.6260812 0.6179866 0.6078861 0.5956653 0.5811444 0.5640906 0.5442309 0.5212764 0.4949559 0.4650652 0.4315300 0.3944871 0.3543652 0.3119576 0.2684450 0.2253349 0.1842734 0.1467186 0.1135138 8.4464692E-02 5.8067475E-02 3.1695388E-02 2.9187417E-03 -2.8954085E-02 -6.2770933E-02 -9.6465416E-02 -0.1281784 -0.1567986 -0.1818679 -0.2033461 -0.2214170 -0.2363650
