T6-multimodels/gz/model60.grd
DSAA
         100         100
  -15.00000       15.00000    
  -15.00000       15.00000    
 -0.4406570       2.156717    
[rows 54 to 80 of 100, columns 0 to 59 of 100]
-3.4210309E-02 1.9245723E-02 8.6363345E-02 0.1695330 0.2693605 0.3863602 0.5164979 0.6522558 0.7720796 0.8356379 0.7752249 0.6398409 0.6076256 0.6870105 0.8123237 0.9473823 1.074819 1.187428 1.282781 1.360886 1.423150 1.471270 1.507282 1.532831 1.549586 1.558656 1.561118 1.557494 1.548286 1.533482 1.513073 1.486575 1.453530 1.413067 1.364401 1.306479 1.238531 1.159875 1.070595 0.9716097 0.8655248 0.7569349 0.6532824 0.5650481 0.5061177 0.4937158 0.5497378 0.7053830 1.007282 1.465450 1.910178 2.131984 2.153330 2.094414 2.015351 1.937661 1.868033 1.808272 1.758128 1.716732
-3.5220329E-02 1.7806398E-02 8.4416561E-02 0.1669946 0.2661446 0.3823799 0.5116723 0.6465094 0.7653519 0.8278840 0.7664628 0.6301108 0.5968788 0.6752489 0.7995978 0.9337596 1.060379 1.172258 1.266972 1.344529 1.406334 1.454081 1.489801 1.515134 1.531742 1.540730 1.543173 1.539586 1.530473 1.515822 1.495622 1.469395 1.436683 1.396620 1.348426 1.291052 1.223731 1.145785 1.057300 0.9591921 0.8540657 0.7465092 0.6439561 0.5568759 0.4991409 0.4879601 0.5452128 0.7020794 1.005156 1.464378 1.910063 2.132841 2.155156 2.097141 2.018897 1.941945 1.872974 1.813791 1.764152 1.723191
-3.6576521E-02 1.5896060E-02 8.1846654E-02 0.1636534 0.2619149 0.3771454 0.5053195 0.6389371 0.7564716 0.8176290 0.7547466 0.6168737 0.5822042 0.6592163 0.7822827 0.9152548 1.040793 1.151710 1.245584 1.322423 1.383630 1.430892 1.466232 1.491281 1.507696 1.516573 1.518981 1.515434 1.506432 1.491961 1.472015 1.446116 1.413811 1.374240 1.326627 1.269932 1.203392 1.126333 1.038845 0.9418424 0.8379263 0.7316774 0.6305187 0.5449044 0.4886883 0.4790601 0.5378769 0.6963000 1.000924 1.461730 1.908980 2.133161 2.156717 2.099834 2.022618 1.946587 1.878434 1.819969 1.770954 1.730527
-3.8350128E-02 1.3418216E-02 7.8527763E-02 0.1593447 0.2564617 0.3703896 0.4971093 0.6291320 0.7449555 0.8043140 0.7396275 0.5999860 0.5635071 0.6387408 0.7601253 0.8915427 1.015674 1.125342 1.218130 1.294047 1.354488 1.401128 1.435982 1.460668 1.476832 1.485562 1.487919 1.484409 1.475532 1.461272 1.441624 1.416114 1.384296 1.345316 1.298408 1.242537 1.176951 1.100980 1.014719 0.9190831 0.8166679 0.7120450 0.6126227 0.5288355 0.4745146 0.4668222 0.5275893 0.6879470 0.9944428 1.456967 1.905800 2.131545 2.156616 2.101130 2.025179 1.950280 1.883125 1.825534 1.777273 1.737492
-4.0620226E-02 1.0268320E-02 7.4319966E-02 0.1538859 0.2495458 0.3618088 0.4866588 0.6166249 0.7302288 0.7872441 0.7200893 0.5779061 0.5389899 0.6119090 0.7311149 0.8605254 0.9828464 1.090916 1.182323 1.257069 1.316540 1.362399 1.396641 1.420872 1.436718 1.445257 1.447539 1.444062 1.435322 1.421303 1.402000 1.376946 1.345701 1.307422 1.261351 1.206467 1.142028 1.067373 0.9826018 0.8886304 0.7880497 0.6854181 0.5881255 0.5065808 0.4545847 0.4492672 0.5124241 0.6751555 0.9839981 1.448882 1.900020 2.127853 2.154795 2.101010 2.026593 1.953061 1.887110 1.830566 1.783205 1.744191
-4.3459993E-02 6.3431449E-03 6.9082819E-02 0.1470863 0.2409179 0.3510770 0.4735539 0.6008950 0.7116612 0.7656768 0.6954746 0.5502710 0.5083081 0.5782619 0.6946800 0.8215300 0.9415520 1.047602 1.137270 1.210553 1.268816 1.313705 1.347191 1.370855 1.386307 1.394604 1.396782 1.393331 1.384740 1.370991 1.352084 1.327555 1.296975 1.259514 1.214427 1.160710 1.097632 1.024547 0.9415612 0.8495922 0.7512231 0.6509969 0.5562774 0.4774412 0.4282497 0.4257908 0.4918200 0.6573962 0.9689980 1.436450 1.889976 2.120135 2.149302 2.097559 2.024981 1.953081 1.888562 1.833257 1.786958 1.748842
-4.6937581E-02 1.5459838E-03 6.2679544E-02 0.1387593 0.2303236 0.3378605 0.4573618 0.5813998 0.6885772 0.7387851 0.6645872 0.5152925 0.4693754 0.5355682 0.6484630 0.7720899 0.8892300 0.9927593 1.080271 1.151746 1.208528 1.252230 1.284794 1.307770 1.322739 1.330734 1.332776 1.329340 1.320907 1.307460 1.288998 1.265068 1.235252 1.198734 1.154791 1.102433 1.040954 0.9697179 0.8888451 0.7992526 0.7035142 0.6061499 0.5144891 0.4388623 0.3929819 0.3938854 0.4632814 0.6321908 0.9470793 1.417815 1.874545 2.107641 2.139464 2.090141 2.019739 1.949767 1.886931 1.833078 1.788015 1.750942
-5.1100757E-02 -4.1987863E-03 5.4997779E-02 0.1287411 0.2175363 0.3218496 0.4376771 0.5576179 0.6603368 0.7058104 0.6267669 0.4726396 0.4218867 0.4834005 0.5919160 0.7115464 0.8251271 0.9255583 1.010432 1.079709 1.134699 1.176973 1.208430 1.230581 1.244969 1.252599 1.254466 1.251032 1.242768 1.229651 1.211688 1.188432 1.159481 1.124040 1.081406 1.030617 0.9709882 0.9019064 0.8235007 0.7366903 0.6440325 0.5500146 0.4619150 0.3900023 0.3479221 0.3526497 0.4258466 0.5984976 0.9170230 1.391190 1.851162 2.087439 2.122318 2.075812 2.007951 1.940227 1.879349 1.827176 1.783538 1.747659
-5.5971526E-02 -1.0935520E-02 4.5960419E-02 0.1169123 0.2023772 0.3027965 0.4141658 0.5291250 0.6264114 0.6661127 0.5810304 0.4207419 0.3640054 0.4198146 0.5229957 0.6377641 0.7470259 0.8437124 0.9254137 0.9920607 1.044917 1.085499 1.115652 1.136830 1.150533 1.157729 1.159382 1.155934 1.147845 1.135089 1.117675 1.095169 1.067188 1.032959 0.9918092 0.9428064 0.8852942 0.8186847 0.7431198 0.6595153 0.5704021 0.4802157 0.3961584 0.3284059 0.2905096 0.2993689 0.3766010 0.5531883 0.8755961 1.353698 1.817607 2.057609 2.095956 2.052668 1.987725 1.922590 1.863961 1.813712 1.771696 1.737169
-6.1527621E-02 -1.8656971E-02 3.5554618E-02 0.1032286 0.1847647 0.2805692 0.3866475 0.4956934 0.5865563 0.6194671 0.5274495 0.3602380 0.2965787 0.3456678 0.4425313 0.5515261 0.6556578 0.7479069 0.8258627 0.8894193 0.9397816 0.9783956 1.007034 1.027088 1.040000 1.046689 1.048087 1.044609 1.036701 1.024333 1.007519 0.9858388 0.9589307 0.9260508 0.8865599 0.8395625 0.7844370 0.7206241 0.6482786 0.5683038 0.4831865 0.3972788 0.3176614 0.2543637 0.2207918 0.2337392 0.3147890 0.4949751 0.8208582 1.302350 1.769688 2.013323 2.055377 2.015651 1.953993 1.891790 1.835712 1.787636 1.747446 1.714432
-6.7696519E-02 -2.7290791E-02 2.3845898E-02 8.7748371E-02 0.1647437 0.2552071 0.3551673 0.4574226 0.5409903 0.5663078 0.4665033 0.2914059 0.2200029 0.2615539 0.3512238 0.4535732 0.5517681 0.6388764 0.7125019 0.7724996 0.8200018 0.8563685 0.8832857 0.9020638 0.9140778 0.9201905 0.9212909 0.9177664 0.9100446 0.8980908 0.8819252 0.8611424 0.8354069 0.8040071 0.7663445 0.7215665 0.6690925 0.6083930 0.5396319 0.4636876 0.3829734 0.3017051 0.2267671 0.1679458 0.1384020 0.1547462 0.2385205 0.4209138 0.7488456 1.232728 1.703041 1.950086 1.995831 1.959874 1.901815 1.842872 1.789640 1.743988 1.705823 1.674480
-7.4331909E-02 -3.6678627E-02 1.1010346E-02 7.0664793E-02 0.1425362 0.2269758 0.3200878 0.4148694 0.4906749 0.5083073 0.4011595 0.2189242 0.1401056 0.1739418 0.2558927 0.3508951 0.4424267 0.5237320 0.5924669 0.6484544 0.6927450 0.7265987 0.7515973 0.7689579 0.7799738 0.7854441 0.7862086 0.7826209 0.7750898 0.7635741 0.7480997 0.7282806 0.7038081 0.6740105 0.6383336 0.5959742 0.5463970 0.4891037 0.4242611 0.3527017 0.2767207 0.2003226 0.1300762 7.5360484E-02 4.8893414E-02 6.6911705E-02 0.1508042 0.3319793 0.6580117 1.140235 1.610140 1.858622 1.907302 1.875015 1.820748 1.765347 1.715238 1.672245 1.636296 1.606773
-8.1210606E-02 -4.6564296E-02 -2.6574300E-03 5.2325714E-02 0.1185575 0.1963992 0.2821173 0.3691292 0.4375148 0.4489781 0.3372377 0.1510231 6.7340307E-02 9.4706193E-02 0.1691137 0.2563972 0.3407044 0.4156395 0.4789888 0.5305625 0.5713289 0.6024318 0.6253377 0.6411548 0.6510854 0.6558560 0.6562508 0.6525867 0.6452496 0.6341920 0.6194471 0.6006476 0.5775176 0.5494272 0.5158735 0.4761063 0.4296395 0.3760059 0.3153657 0.2484784 0.1774657 0.1060190 4.0224101E-02 -1.1199061E-02 -3.6324561E-02 -1.9719265E-02 5.9402827E-02 0.2323816 0.5477512 1.019272 1.481426 1.726667 1.776061 1.746765 1.696280 1.644625 1.597873 1.557747 1.524183 1.496611
-8.8019930E-02 -5.6587622E-02 -1.6730268E-02 3.3238493E-02 9.3428224E-02 0.1642448 0.2422778 0.3217280 0.3843299 0.3944033 0.2877343 0.1096461 2.9771961E-02 5.4646935E-02 0.1227484 0.2023742 0.2791165 0.3472552 0.4048254 0.4516616 0.4886496 0.5168120 0.5374846 0.5516586 0.5604346 0.5644606 0.5644594 0.5607082 0.5535685 0.5429859 0.5290000 0.5112658 0.4895410 0.4632420 0.4319200 0.3948837 0.3516967 0.3019232 0.2457041 0.1836984 0.1177927 5.1252920E-02 -1.0517986E-02 -5.9784621E-02 -8.5927971E-02 -7.5101249E-02 -8.2957791E-03 0.1441170 0.4301139 0.8672206 1.299770 1.528403 1.573008 1.545058 1.498069 1.450259 1.407044 1.369952 1.338908 1.313391
-9.4419532E-02 -6.6353060E-02 -3.0714869E-02 1.3991940E-02 6.7890383E-02 0.1314021 0.2017039 0.2741538 0.3338381 0.3518593 0.2741745 0.1369598 8.1468001E-02 0.1113299 0.1752920 0.2476453 0.3166904 0.3777668 0.4292942 0.4711742 0.5042084 0.5293034 0.5476451 0.5601121 0.5676846 0.5709392 0.5705223 0.5666811 0.5597386 0.5496464 0.5364373 0.5198031 0.4995237 0.4750768 0.4460584 0.4118499 0.3720565 0.3262800 0.2746247 0.2176338 0.1568982 9.5167153E-02 3.6971785E-02 -1.1252752E-02 -4.0761009E-02 -4.0301073E-02 5.3666532E-03 0.1199751 0.3430663 0.6918050 1.039189 1.218983 1.247975 1.218709 1.174724 1.130767 1.091203 1.057258 1.028827 1.005439
-0.1003325 -7.5734161E-02 -4.4351637E-02 -5.0652595E-03 4.2487904E-02 9.8511122E-02 0.1612008 0.2269950 0.2862009 0.3209556 0.3031036 0.2540030 0.2479879 0.2896115 0.3511662 0.4165646 0.4778915 0.5318003 0.5771586 0.6139947 0.6429846 0.6649678 0.6809232 0.6916679 0.6980039 0.7004891 0.6996377 0.6957181 0.6889639 0.6793807 0.6669489 0.6514413 0.6326181 0.6100617 0.5833737 0.5520467 0.5156926 0.4739846 0.4269520 0.3750400 0.3194910 0.2625071 0.2076281 0.1598209 0.1256025 0.1129434 0.1317094 0.1953558 0.3226907 0.5149815 0.6989194 0.7871298 0.7893058 0.7565093 0.7151800 0.6750408 0.6391851 0.6084349 0.5826614 0.5614367
-0.1062720 -8.5106812E-02 -5.7971485E-02 -2.4054496E-02 1.7163910E-02 6.5758280E-02 0.1207948 0.1798525 0.2378663 0.2867163 0.3186867 0.3420242 0.3774416 0.4288123 0.4874655 0.5458241 0.5994406 0.6462111 0.6854381 0.7172552 0.7422302 0.7611154 0.7747049 0.7837338 0.7888479 0.7905657 0.7892901 0.7852920 0.7787341 0.7696580 0.7580085 0.7436237 0.7262596 0.7055865 0.6812267 0.6527712 0.6198494 0.5821947 0.5397747 0.4929287 0.4425670 0.3903499 0.3388598 0.2916381 0.2530701 0.2280347 0.2214867 0.2379477 0.2795795 0.3374679 0.3838524 0.3944559 0.3732835 0.3376066 0.2990303 0.2627231 0.2305616 0.2029952 0.1798687 0.1607982
-0.1125460 -9.4677843E-02 -7.1697570E-02 -4.2939629E-02 -7.9245195E-03 3.3478942E-02 8.0784991E-02 0.1326241 0.1864896 0.2390804 0.2880357 0.3351343 0.3848111 0.4378482 0.4914494 0.5423763 0.5883414 0.6281489 0.6614355 0.6883813 0.7094758 0.7253471 0.7366523 0.7440063 0.7479465 0.7489122 0.7472403 0.7431631 0.7368152 0.7282337 0.7173676 0.7040803 0.6881600 0.6693280 0.6472594 0.6216078 0.5920523 0.5583578 0.5204647 0.4785984 0.4333989 0.3860396 0.3383028 0.2925456 0.2514979 0.2178484 0.1936370 0.1794731 0.1734357 0.1697641 0.1597458 0.1378301 0.1060768 7.0234992E-02 3.4870464E-02 2.4264681E-03 -2.6120188E-02 -5.0575148E-02 -7.1118608E-02 -8.8084951E-02
-0.1189052 -0.1041560 -8.5107125E-02 -6.1218549E-02 -3.2078747E-02 2.4700421E-03 4.2198576E-02 8.6350068E-02 0.1336281 0.1824289 0.2315577 0.2806838 0.3297683 0.3783295 0.4250122 0.4682252 0.5067541 0.5399375 0.5676077 0.5899545 0.6073830 0.6204029 0.6295453 0.6353118 0.6381415 0.6383976 0.6363577 0.6322157 0.6260818 0.6179872 0.6078869 0.5956659 0.5811450 0.5640913 0.5442314 0.5212768 0.4949562 0.4650655 0.4315305 0.3944876 0.3543659 0.3119583 0.2684456 0.2253354 0.1842738 0.1467189 0.1135141 8.4464751E-02 5.8067579E-02 3.1695865E-02 2.9195100E-03 -2.8953340E-02 -6.2770516E-02 -9.6465245E-02 -0.1281783 -0.1567985 -0.1818678 -0.2033459 -0.2214167 -0.2363646
-0.1250106 -0.1131440 -9.7723268E-02 -7.8316681E-02 -5.4594360E-02 -2.6401261E-02 6.1506289E-03 4.2623371E-02 8.2239427E-02 0.1240023 0.1668519 0.2099368 0.2526273 0.2939982 0.3329841 0.3686060 0.4001380 0.4271906 0.4496903 0.4678041 0.4818544 0.4922407 0.4993832 0.5036799 0.5054837 0.5050871 0.5027160 0.4985274 0.4926114 0.4849920 0.4756312 0.4644329 0.4512488 0.4358861 0.4181209 0.3977161 0.3744484 0.3481445 0.3187281 0.2862737 0.2510603 0.2136109 0.1746955 0.1352741 9.6361548E-02 5.8822166E-02 2.3139592E-02 -1.0741062E-02 -4.3373708E-02 -7.5499199E-02 -0.1077403 -0.1401851 -0.1720979 -0.2024231 -0.2303100 -0.2552459 -0.2770388 -0.2957236 -0.3114707 -0.3245160
-0.1305811 -0.1213211 -0.1091676 -9.3788683E-02 -7.4927486E-02 -5.2460045E-02 -2.6445515E-02 2.8255628E-03 3.4832843E-02 6.8860687E-02 0.1041280 0.1397788 0.1748435 0.2084942 0.2399449 0.2685048 0.2936837 0.3152245 0.3330868 0.3474012 0.3584114 0.3664223 0.3717564 0.3747241 0.3756018 0.3746210 0.3719613 0.3677483 0.3620531 0.3548943 0.3462395 0.3360102 0.3240851 0.3103081 0.2944983 0.2764653 0.2560290 0.2330478 0.2074508 0.1792758 0.1487030 0.1160777 8.1907041E-02 4.6819948E-02 1.1481773E-02 -2.3519440E-02 -5.7786029E-02 -9.1168158E-02 -0.1237355 -0.1556545 -0.1868628 -0.2169693 -0.2455252 -0.2720757 -0.2962145 -0.3177023 -0.3364699 -0.3525805 -0.3661808 -0.3774612
-0.1354302 -0.1284749 -0.1191997 -0.1073534 -9.2747658E-02 -7.5290293E-02 -5.5027436E-02 -3.2166999E-02 -7.0948796E-03 1.9647986E-02 4.7367893E-02 7.5340562E-02 0.1029141 0.1293470 0.1539707 0.1762638 0.1958658 0.2125869 0.2263938 0.2373773 0.2457144 0.2516296 0.2553657 0.2571581 0.2572197 0.2557299 0.2528289 0.2486147 0.2431430 0.2364270 0.2284402 0.2191184 0.2083646 0.1960541 0.1820437 0.1661833 0.1483313 0.1283756 0.1062566 8.1992701E-02 5.5703405E-02 2.7622202E-02 -1.9059116E-03 -3.2449838E-02 -6.3541107E-02 -9.4735235E-02 -0.1256673 -0.1560742 -0.1857588 -0.2145100 -0.2421556 -0.2685264 -0.2932940 -0.3161120 -0.3367506 -0.3550907 -0.3711165 -0.3848929 -0.3965400 -0.4062074
-0.1394423 -0.1344841 -0.1276899 -0.1188765 -0.1079079 -9.4725043E-02 -7.9367630E-02 -6.1999127E-02 -4.2907987E-02 -2.2505958E-02 -1.2708246E-03 2.0229159E-02 4.1330580E-02 6.1491620E-02 8.0236919E-02 9.7171046E-02 0.1120193 0.1246321 0.1349739 0.1431020 0.1491384 0.1532448 0.1555985 0.1563751 0.1557348 0.1538144 0.1507209 0.1465297 0.1412831 0.1349903 0.1276294 0.1191492 0.1094727 9.8502316E-02 8.6126268E-02 7.2228655E-02 5.6700878E-02 3.9457150E-02 2.0450899E-02 -3.0692900E-04 -2.2733267E-02 -4.6663407E-02 -7.1853064E-02 -9.7992323E-02 -0.1247332 -0.1517229 -0.1786346 -0.2051825 -0.2311296 -0.2562846 -0.2803860 -0.3031048 -0.3242206 -0.3435797 -0.3610538 -0.3765797 -0.3901598 -0.4018501 -0.4117438 -0.4199564
-0.1425708 -0.1393084 -0.1346121 -0.1283486 -0.1204253 -0.1108054 -9.9529199E-02 -8.6723626E-02 -7.2612971E-02 -5.7509430E-02 -4.1824259E-02 -2.5989773E-02 -1.0386691E-02 4.5402264E-03 1.8396158E-02 3.0878589E-02 4.1774783E-02 5.0963584E-02 5.8407441E-02 6.4137265E-02 6.8234339E-02 7.0810951E-02 7.1994342E-02 7.1912430E-02 7.0683911E-02 6.8410680E-02 6.5173402E-02 6.1028566E-02 5.6007855E-02 5.0117183E-02 4.3338679E-02 3.5631817E-02 2.6936600E-02 1.7177435E-02 6.2688664E-03 -5.8771754E-03 -1.9341871E-02 -3.4188841E-02 -5.0451498E-02 -6.8120927E-02 -8.7135211E-02 -0.1073732 -0.1286548 -0.1507489 -0.1733889 -0.1962917 -0.2191769 -0.2417757 -0.2638273 -0.2850615 -0.3052825 -0.3243646 -0.3421249 -0.3583920 -0.3730712 -0.3861220 -0.3975502 -0.4073988 -0.4157378 -0.4226536
-0.1448145 -0.1429664 -0.1400100 -0.1358519 -0.1304288 -0.1237221 -0.1157678 -0.1066688 -9.6592985E-02 -8.5774414E-02 -7.4477196E-02 -6.3021600E-02 -5.1796570E-02 -4.1104298E-02 -3.1210493E-02 -2.2342172E-02 -1.4663040E-02 -8.2714483E-03 -3.2051702E-03 5.4914271E-04 3.0425088E-03 4.3514129E-03 4.5647030E-03 3.7742082E-03 2.0658073E-03 -4.8539368E-04 -3.8201688E-03 -7.8965742E-03 -1.2691907E-02 -1.8202217E-02 -2.4442380E-02 -3.1443805E-02 -3.9252978E-02 -4.7927324E-02 -5.7531405E-02 -6.8130694E-02 -7.9784811E-02 -9.2538945E-02 -0.1064156 -0.1214049 -0.1374582 -0.1544828 -0.1723419 -0.1908589 -0.2098269 -0.2290200 -0.2482058 -0.2671565 -0.2856630 -0.3035530 -0.3206198 -0.3366327 -0.3514620 -0.3650342 -0.3772864 -0.3881892 -0.3977456 -0.4059858 -0.4129602 -0.4187324
-0.1462129 -0.1455216 -0.1439838 -0.1415330 -0.1381283 -0.1337608 -0.1284641 -0.1223172 -0.1154498 -0.1080366 -0.1003092 -9.2503585E-02 -8.4812485E-02 -7.7483259E-02 -7.0738368E-02 -6.4749263E-02 -5.9641868E-02 -5.5495366E-02 -5.2345023E-02 -5.0189015E-02 -4.8996631E-02 -4.8717722E-02 -4.9291015E-02 -5.0652243E-02 -5.2739844E-02 -5.5499900E-02 -5.8889195E-02 -6.2877685E-02 -6.7448884E-02 -7.2601080E-02 -7.8345895E-02 -8.4707946E-02 -9.1722466E-02 -9.9432819E-02 -0.1078868 -0.1171325 -0.1272124 -0.1381577 -0.1499818 -0.1626739 -0.1761939 -0.1904690 -0.2053932 -0.2208299 -0.2366176 -0.2525775 -0.2685221 -0.2842624 -0.2996069 -0.3143564 -0.3283745 -0.3415861 -0.3538758 -0.3651351 -0.3753071 -0.3843654 -0.3923092 -0.3991576 -0.4049456 -0.4097183
-0.1468269 -0.1470657 -0.1466636 -0.1455750 -0.1437726 -0.1412548 -0.1380492 -0.1342183 -0.1298573 -0.1250945 -0.1200666 -0.1149441 -0.1099490 -0.1052392 -0.1009552 -9.7223349E-02 -9.4139084E-02 -9.1765068E-02 -9.0133056E-02 -8.9247294E-02 -8.9090846E-02 -8.9631416E-02 -9.0828069E-02 -9.2636079E-02 -9.5012523E-02 -9.7918794E-02 -0.1013244 -0.1052078 -0.1095577 -0.1143734 -0.1196645 -0.1254497 -0.1317557 -0.1386145 -0.1460614 -0.1541307 -0.1628524 -0.1722469 -0.1823210 -0.1930631 -0.2044394 -0.2163919 -0.2288375 -0.2416698 -0.2547627 -0.2679760 -0.2811610 -0.2941680 -0.3068583 -0.3191195 -0.3308119 -0.3417759 -0.3519296 -0.3612301 -0.3696360 -0.3771244 -0.3836900 -0.3893436 -0.3941081 -0.3980150
