T6-multimodels/gz/model30.grd
DSAA
         100         100
  -15.00000       15.00000    
  -15.00000       15.00000    
 -0.4102533       2.034806    
[rows 27 to 53 of 100, columns 0 to 58 of 100]
-7.7183321E-02 -5.8268476E-02 -3.4235477E-02 -4.4294926E-03 3.1615481E-02 7.4013010E-02 0.1222553 0.1749450 0.2295404 0.2826976 0.3320022 0.3791665 0.4285443 0.4808183 0.5330729 0.5819252 0.6249160 0.6606476 0.6885223 0.7084530 0.7206327 0.7253695 0.7229889 0.7137834 0.6980055 0.6758838 0.6476679 0.6136810 0.5743880 0.5304568 0.4828194 0.4327049 0.3816446 0.3314186 0.2839473 0.2411166 0.2045729 0.1755172 0.1545557 0.1416213 0.1359748 0.1362571 0.1406072 0.1468714 0.1529240 0.1569646 0.1576055 0.1537024 0.1441279 0.1277563 0.1042093 7.5461127E-02 4.5428611E-02 1.7294463E-02 -7.5404765E-03 -2.8814469E-02 -4.6749879E-02 -6.1711136E-02 -7.4069172E-02
-7.3658414E-02 -5.1420771E-02 -2.3208447E-02 1.1778439E-02 5.4044917E-02 0.1036461 0.1596240 0.2195268 0.2782509 0.3276286 0.3598845 0.3831910 0.4181694 0.4685811 0.5256200 0.5815444 0.6317099 0.6737797 0.7067845 0.7305457 0.7452817 0.7513642 0.7491890 0.7390985 0.7213842 0.6962929 0.6640979 0.6251498 0.5799794 0.5293629 0.4744204 0.4166520 0.3579724 0.3006407 0.2471496 0.1999937 0.1614237 0.1331662 0.1162431 0.1108524 0.1163721 0.1313837 0.1538054 0.1811641 0.2111660 0.2422573 0.2737873 0.3053572 0.3350457 0.3557663 0.3567454 0.3363400 0.3051342 0.2732035 0.2446368 0.2202796 0.1999065 0.1830351 0.1691815
-7.1835317E-02 -4.6139728E-02 -1.3656391E-02 2.6720926E-02 7.5339705E-02 0.1323813 0.1960165 0.2626490 0.3225443 0.3577858 0.3401535 0.2909220 0.2843245 0.3247880 0.3844546 0.4470502 0.5044382 0.5530059 0.5913121 0.6190242 0.6364157 0.6438807 0.6419317 0.6309172 0.6112140 0.5830404 0.5467374 0.5026373 0.4513812 0.3938143 0.3312961 0.2655731 0.1990121 0.1343524 7.4753515E-02 2.3349397E-02 -1.6884994E-02 -4.3642346E-02 -5.5342223E-02 -5.1432505E-02 -3.2229345E-02 9.4155548E-04 4.6048280E-02 0.1006126 0.1628721 0.2328475 0.3133543 0.4096091 0.5264589 0.6499218 0.7311013 0.7428118 0.7151506 0.6799198 0.6474962 0.6199232 0.5970142 0.5781649 0.5627764
-7.0376828E-02 -4.1188814E-02 -4.4265701E-03 4.1391205E-02 9.6372150E-02 0.1609131 0.2321641 0.3054443 0.3657963 0.3842623 0.3067302 0.1692826 0.1130637 0.1415628 0.2033612 0.2725408 0.3371567 0.3922485 0.4358900 0.4675725 0.4876427 0.4964950 0.4947823 0.4828361 0.4611409 0.4298648 0.3894376 0.3401523 0.2827806 0.2182172 0.1480823 7.4353069E-02 -1.2852252E-04 -7.2153889E-02 -0.1378690 -0.1935051 -0.2353316 -0.2604590 -0.2667124 -0.2531757 -0.2198130 -0.1678309 -9.9142306E-02 -1.6160473E-02 8.0067456E-02 0.1914863 0.3251786 0.4935936 0.7114643 0.9588529 1.139101 1.190815 1.168101 1.129724 1.093425 1.062616 1.037156 1.016317 0.9993886
-6.7355193E-02 -3.4777764E-02 6.2259585E-03 5.7325523E-02 0.1186138 0.1904700 0.2694549 0.3497274 0.4129746 0.4234510 0.3168676 0.1384457 5.7700183E-02 8.1011929E-02 0.1466768 0.2227630 0.2945920 0.3561117 0.4049740 0.4405569 0.4632373 0.4734639 0.4719718 0.4591322 0.4354793 0.4011886 0.3567236 0.3023931 0.2390468 0.1676778 9.0109646E-02 8.5888430E-03 -7.3635854E-02 -0.1528667 -0.2246408 -0.2845570 -0.3282309 -0.3522140 -0.3538559 -0.3319272 -0.2861961 -0.2178559 -0.1289296 -2.2015151E-02 0.1019506 0.2456853 0.4180212 0.6338045 0.9090580 1.216574 1.440157 1.508380 1.486246 1.444255 1.404164 1.370210 1.342267 1.319488 1.301047
-6.2561572E-02 -2.6747132E-02 1.8327611E-02 7.4460790E-02 0.1418066 0.2206976 0.3073701 0.3951963 0.4642054 0.4760306 0.3643099 0.1776636 9.2969000E-02 0.1185767 0.1902824 0.2736712 0.3525957 0.4202980 0.4741455 0.5134479 0.5386137 0.5501553 0.5488737 0.5351914 0.5096779 0.4725305 0.4242349 0.3651310 0.2961310 0.2183352 0.1337445 4.4862833E-02 -4.4705626E-02 -0.1308180 -0.2084914 -0.2727734 -0.3187473 -0.3425132 -0.3410905 -0.3130740 -0.2582211 -0.1778969 -7.4476004E-02 4.8958559E-02 0.1910030 0.3540619 0.5467732 0.7835473 1.079070 1.403135 1.635934 1.705639 1.680660 1.634761 1.591084 1.554185 1.523903 1.499282 1.479390
-5.6647558E-02 -1.7803976E-02 3.1073837E-02 9.1896512E-02 0.1648968 0.2503956 0.3444643 0.4400525 0.5164601 0.5344154 0.4272243 0.2444632 0.1644986 0.1963897 0.2753852 0.3661543 0.4518565 0.5253465 0.5838271 0.6265810 0.6540528 0.6668178 0.6657354 0.6512761 0.6240439 0.5842599 0.5324323 0.4689353 0.3947401 0.3110485 0.2200180 0.1243803 2.8041380E-02 -6.4481705E-02 -0.1477818 -0.2164675 -0.2652179 -0.2898104 -0.2870682 -0.2555396 -0.1950987 -0.1073947 4.7528069E-03 0.1376972 0.2894253 0.4617644 0.6628047 0.9063762 1.206487 1.532302 1.764038 1.830748 1.801965 1.752324 1.705397 1.665826 1.633399 1.607069 1.585820
-5.0264642E-02 -8.6471178E-03 4.3698478E-02 0.1087871 0.1869256 0.2784577 0.3793769 0.4824320 0.5665818 0.5921854 0.4922782 0.3165660 0.2438903 0.2833207 0.3697973 0.4675955 0.5595432 0.6382926 0.7009642 0.7468361 0.7763944 0.7902669 0.7893680 0.7742103 0.7454309 0.7032738 0.6482731 0.5808375 0.5019947 0.4130370 0.3162593 0.2145833 0.1121639 1.3814867E-02 -7.4726716E-02 -0.1477408 -0.1996161 -0.2259194 -0.2233732 -0.1905553 -0.1275028 -3.6157589E-02 8.0261797E-02 0.2176379 0.3734729 0.5491531 0.7524116 0.9968366 1.296377 1.620369 1.849258 1.912446 1.880033 1.827072 1.777296 1.735363 1.701012 1.673128 1.650630
-4.3886673E-02 2.1642483E-04 5.5656012E-02 0.1245335 0.2072269 0.3041093 0.4111497 0.5209891 0.6124160 0.6455786 0.5534033 0.3854949 0.3204453 0.3672510 0.4607008 0.5648516 0.6623515 0.7457433 0.8121055 0.8607253 0.8921237 0.9069764 0.9062417 0.8904704 0.8603280 0.8160849 0.7582993 0.6874152 0.6045123 0.5109631 0.4091771 0.3022322 0.1944780 9.0958089E-02 -2.3464207E-03 -7.9477720E-02 -0.1346259 -0.1632245 -0.1619529 -0.1294435 -6.5887615E-02 2.6535494E-02 0.1443055 0.2829764 0.4397334 0.6157002 0.8184325 1.061442 1.358691 1.679626 1.905062 1.964841 1.929256 1.873457 1.821235 1.777248 1.741200 1.711927 1.688298
-3.7841819E-02 8.4461235E-03 6.6588700E-02 0.1387605 0.2253962 0.3269027 0.4392372 0.5549850 0.6528194 0.6927415 0.6074517 0.4463909 0.3881568 0.4415345 0.5411018 0.6507602 0.7530417 0.8404215 0.9099549 0.9609391 0.9939243 1.009624 1.009032 0.9927309 0.9614131 0.9153731 0.8551943 0.7813529 0.6949767 0.5975061 0.4914460 0.3799962 0.2676580 0.1596446 6.2115543E-02 -1.8806104E-02 -7.7174701E-02 -0.1083429 -0.1089717 -7.7747934E-02 -1.4981179E-02 7.6977171E-02 0.1944046 0.3326439 0.4886934 0.6635343 0.8646498 1.105561 1.400347 1.718650 1.941360 1.998353 1.960110 1.901924 1.847626 1.801875 1.764346 1.733845 1.709205
-3.2324750E-02 1.5847581E-02 7.6308586E-02 0.1512876 0.2412665 0.3466762 0.4634728 0.5841981 0.6874509 0.7331181 0.6538219 0.4988554 0.4465089 0.5054581 0.6101801 0.7244625 0.8307532 0.9214786 0.9936770 1.046652 1.080977 1.097392 1.096920 1.080169 1.047855 1.000295 0.9380957 0.8617639 0.7724692 0.6717091 0.5620639 0.4468296 0.3306203 0.2187748 0.1175785 3.3270519E-02 -2.8113928E-02 -6.1874699E-02 -6.4666525E-02 -3.5215963E-02 2.6084453E-02 0.1167703 0.2329894 0.3699587 0.5245679 0.6977261 0.8968852 1.135577 1.427900 1.743536 1.963567 2.018092 1.977622 1.917439 1.861391 1.814132 1.775324 1.743749 1.718214
-2.7445454E-02 2.2326360E-02 8.4740773E-02 0.1620713 0.2548322 0.3634745 0.4839486 0.6087686 0.7164681 0.7668459 0.6923559 0.5421626 0.4945664 0.5580769 0.6670200 0.7850899 0.8946680 0.9881424 1.062537 1.117157 1.152591 1.169597 1.169222 1.152094 1.118949 1.070122 1.006243 0.9278459 0.8361351 0.7326555 0.6200466 0.5016785 0.3822486 0.2671859 0.1628656 7.5606771E-02 1.1505653E-02 -2.4702726E-02 -2.9668842E-02 -2.1461747E-03 5.7420705E-02 0.1464961 0.2611495 0.3965234 0.5494485 0.7207972 0.9180144 1.154658 1.444906 1.758548 1.976646 2.029240 1.986929 1.925082 1.867562 1.819022 1.779115 1.746607 1.720289
-2.3236196E-02 2.7871400E-02 9.1907643E-02 0.1711760 0.2662162 0.3774894 0.5009439 0.6290652 0.7403439 0.7945089 0.7239805 0.5778264 0.5341105 0.6012797 0.7136079 0.8347194 0.9469441 1.042638 1.118810 1.174766 1.211101 1.228588 1.228289 1.210848 1.177017 1.127148 1.061891 0.9818023 0.8881165 0.7824163 0.6673873 0.5464543 0.4243771 0.3066497 0.1997099 0.1099328 4.3456305E-02 5.0407369E-03 -1.9609695E-03 2.3683138E-02 8.1496105E-02 0.1689003 0.2819196 0.4156539 0.5669022 0.7365178 0.9319433 1.166744 1.455093 1.766768 1.982949 2.033824 1.989976 1.926741 1.867985 1.818360 1.777515 1.744203 1.717203
-1.9689795E-02 3.2518480E-02 9.7880974E-02 0.1787252 0.2756052 0.3889909 0.5148230 0.6455687 0.7596776 0.8168254 0.7493155 0.6061375 0.5654044 0.6354512 0.7504491 0.8739654 0.9882886 1.085748 1.163337 1.220361 1.257417 1.275287 1.275043 1.257344 1.222954 1.172238 1.105862 1.024403 0.9291199 0.8216246 0.7046387 0.5816279 0.4573973 0.3374871 0.2283802 0.1364904 6.7985475E-02 2.7643191E-02 1.8822122E-02 4.2745739E-02 9.8920569E-02 0.1847443 0.2962151 0.4284098 0.5781098 0.7461619 0.9400115 1.173243 1.460082 1.770373 1.985246 2.034806 1.989693 1.925304 1.865514 1.814976 1.773332 1.739332 1.711746
-1.6759621E-02 3.6342345E-02 0.1027763 0.1848837 0.2832310 0.3982899 0.5259967 0.6587994 0.7751216 0.8345991 0.7695334 0.6288597 0.5905105 0.6627972 0.7798743 0.9052663 1.021231 1.120075 1.198779 1.256644 1.294267 1.312437 1.312233 1.294322 1.259479 1.208080 1.140806 1.058248 0.9616852 0.8527522 0.7341981 0.6095191 0.4835527 0.3618731 0.2509942 0.1573574 8.7152794E-02 4.5170821E-02 3.4775332E-02 5.7187676E-02 0.1119046 0.1963120 0.3063935 0.4372139 0.5855466 0.7522346 0.9447256 1.176605 1.462079 1.770967 1.984485 2.032853 1.986686 1.921338 1.860686 1.809382 1.767066 1.732482 1.704393
-1.4389365E-02 3.9429139E-02 0.1067161 0.1898245 0.2893261 0.4056955 0.5348610 0.6692595 0.7872887 0.8485539 0.7852727 0.6463369 0.6097524 0.6837561 0.8024314 0.9292699 1.046503 1.146418 1.225989 1.284506 1.322570 1.340971 1.340793 1.322709 1.287502 1.235559 1.167569 1.084139 0.9865597 0.8764858 0.7566862 0.6306793 0.5033273 0.3802270 0.2679162 0.1728552 0.1012495 5.7900675E-02 4.6177093E-02 6.7300610E-02 0.1207645 0.2039476 0.3128279 0.4424635 0.5896247 0.7551548 0.9465054 1.177276 1.461713 1.769685 1.982350 2.029840 1.982813 1.916676 1.855310 1.803369 1.760491 1.725415 1.696902
-1.2507791E-02 4.1876163E-02 0.1098333 0.1937228 0.2941216 0.4115029 0.5417915 0.6774108 0.7967448 0.8593761 0.7975405 0.6601003 0.6249171 0.7002279 0.8201186 0.9480579 1.066258 1.166993 1.247226 1.306244 1.344644 1.363219 1.363056 1.344832 1.309337 1.256964 1.188411 1.104294 1.005917 0.8949478 0.7741693 0.6471171 0.5186703 0.3944432 0.2809891 0.1847835 0.1120426 6.7576163E-02 5.4757576E-02 7.4810110E-02 0.1272259 0.2093820 0.3172526 0.4458949 0.5920771 0.7566437 0.9470479 1.176887 1.460385 1.767377 1.979097 2.025775 1.978040 1.911258 1.849307 1.796842 1.753499 1.718016 1.689149
-1.1050207E-02 4.3772455E-02 0.1122462 0.1967360 0.2978200 0.4159716 0.5471099 0.6836516 0.8039650 0.8676159 0.8067757 0.6702843 0.6360885 0.7123739 0.8331745 0.9619399 1.080867 1.182219 1.262950 1.322344 1.360998 1.379701 1.379545 1.361210 1.325489 1.272781 1.203792 1.119143 1.020149 0.9084854 0.7869484 0.6590848 0.5297859 0.4046783 0.2903271 0.1932176 0.1195745 7.4214026E-02 6.0513709E-02 7.9698466E-02 0.1312615 0.2125795 0.3196258 0.4474567 0.5928419 0.7566270 0.9462696 1.175378 1.458207 1.764638 1.975842 2.021963 1.973668 1.906367 1.843946 1.791057 1.747337 1.711522 1.682366
-9.9498890E-03 4.5203969E-02 0.1140672 0.1990068 0.3006030 0.4193271 0.5510961 0.6883181 0.8093552 0.8737612 0.8137363 0.6781057 0.6446930 0.7216964 0.8431659 0.9725375 1.091999 1.193805 1.274904 1.334575 1.373414 1.392211 1.392056 1.373634 1.337740 1.284778 1.215457 1.130405 1.030943 0.9187547 0.7966427 0.6681629 0.5382156 0.4124357 0.2973969 0.1995916 0.1252505 7.9194784E-02 6.4805031E-02 8.3308838E-02 0.1342001 0.2148561 0.3212509 0.4484409 0.5931970 0.7563656 0.9454057 1.173921 1.456143 1.761919 1.972486 2.018081 1.969341 1.901633 1.838841 1.785619 1.741601 1.705523 1.676137
-9.1555770E-03 4.6239618E-02 0.1153847 0.2006496 0.3026140 0.4217496 0.5539688 0.6916775 0.8132276 0.8781648 0.8186370 0.6834571 0.6505426 0.7280521 0.8499948 0.9797973 1.099639 1.201767 1.283127 1.342996 1.381965 1.400826 1.400671 1.382183 1.346163 1.293014 1.223451 1.138105 1.038302 0.9257292 0.8031974 0.6742671 0.5438447 0.4175715 0.3020260 0.2037063 0.1288473 8.2273461E-02 6.7368433E-02 8.5361071E-02 0.1357471 0.2159044 0.3218075 0.4485146 0.5927962 0.7555016 0.9440923 1.172181 1.454029 1.759521 1.969836 2.015124 1.966056 1.898043 1.834973 1.781499 1.737256 1.700978 1.671419
-8.6192973E-03 4.6938900E-02 0.1162748 0.2017585 0.3039709 0.4233817 0.5559030 0.6939354 0.8158295 0.8811250 0.8220059 0.6872786 0.6547493 0.7325981 0.8548560 0.9849448 1.105039 1.207382 1.288916 1.348915 1.387971 1.406874 1.406716 1.388184 1.352076 1.298800 1.229072 1.143526 1.043491 0.9306576 0.8078398 0.6786026 0.5478561 0.4212455 0.3053530 0.2066801 0.1314643 8.4532887E-02 6.9270842E-02 8.6908989E-02 0.1369434 0.2167536 0.3223143 0.4486845 0.5926354 0.7550176 0.9432920 1.171067 1.452577 1.757673 1.967598 2.012590 1.963287 1.895062 1.831797 1.778148 1.733747 1.697331 1.667649
-8.3121415E-03 4.7340628E-02 0.1167865 0.2023966 0.3047512 0.4243206 0.5570142 0.6952329 0.8173219 0.8828177 0.8238587 0.6892466 0.6568865 0.7349256 0.8573627 0.9876151 1.107853 1.210319 1.291952 1.352026 1.391131 1.410058 1.409898 1.391339 1.355180 1.301831 1.232006 1.146344 1.046174 0.9331897 0.8102062 0.6807906 0.5498556 0.4230487 0.3069539 0.2080745 0.1326501 8.5508823E-02 7.0037372E-02 8.7466590E-02 0.1372944 0.2168998 0.3222585 0.4484300 0.5921864 0.7543783 0.9424699 1.170075 1.451459 1.756507 1.966401 2.011295 1.961861 1.893510 1.830131 1.776378 1.731885 1.695385 1.665631
-8.2107726E-03 4.7472797E-02 0.1169547 0.2026058 0.3050071 0.4246277 0.5573782 0.6956567 0.8178105 0.8833754 0.8245295 0.6900748 0.6578124 0.7359160 0.8584117 0.9887171 1.109002 1.211508 1.293173 1.353271 1.392392 1.411327 1.411167 1.392598 1.356422 1.303049 1.233193 1.147493 1.047279 0.9342445 0.8112066 0.6817327 0.5507359 0.4238645 0.3077032 0.2087559 0.1332629 8.6052626E-02 7.0511788E-02 8.7872490E-02 0.1376318 0.2171696 0.3224618 0.4485674 0.5922593 0.7543880 0.9424164 1.169953 1.451234 1.756113 1.965832 2.010630 1.961146 1.892754 1.829337 1.775549 1.731025 1.694498 1.664721
-8.3120773E-03 4.7340881E-02 0.1167866 0.2023968 0.3047513 0.4243207 0.5570143 0.6952329 0.8173218 0.8828179 0.8238588 0.6892465 0.6568865 0.7349256 0.8573625 0.9876152 1.107853 1.210319 1.291952 1.352026 1.391131 1.410058 1.409898 1.391339 1.355180 1.301831 1.232006 1.146344 1.046174 0.9331895 0.8102056 0.6807905 0.5498555 0.4230483 0.3069536 0.2080743 0.1326499 8.5508637E-02 7.0037112E-02 8.7466553E-02 0.1372942 0.2168995 0.3222584 0.4484296 0.5921860 0.7543782 0.9424695 1.170075 1.451458 1.756507 1.966401 2.011295 1.961861 1.893510 1.830131 1.776378 1.731884 1.695385 1.665631
-8.6191930E-03 4.6939053E-02 0.1162750 0.2017586 0.3039710 0.4233817 0.5559029 0.6939352 0.8158293 0.8811250 0.8220057 0.6872783 0.6547491 0.7325977 0.8548558 0.9849446 1.105039 1.207381 1.288915 1.348915 1.387970 1.406874 1.406716 1.388183 1.352075 1.298800 1.229071 1.143526 1.043490 0.9306571 0.8078392 0.6786023 0.5478556 0.4212450 0.3053527 0.2066796 0.1314639 8.4532566E-02 6.9270357E-02 8.6908557E-02 0.1369430 0.2167532 0.3223137 0.4486840 0.5926350 0.7550172 0.9432916 1.171066 1.452577 1.757673 1.967598 2.012590 1.963287 1.895061 1.831797 1.778147 1.733747 1.697330 1.667649
-9.1553442E-03 4.6239708E-02 0.1153848 0.2006496 0.3026142 0.4217496 0.5539688 0.6916772 0.8132275 0.8781647 0.8186370 0.6834568 0.6505423 0.7280518 0.8499945 0.9797970 1.099638 1.201767 1.283127 1.342996 1.381965 1.400826 1.400670 1.382183 1.346162 1.293014 1.223451 1.138105 1.038301 0.9257290 0.8031970 0.6742668 0.5438445 0.4175711 0.3020257 0.2037062 0.1288473 8.2273223E-02 6.7368291E-02 8.5360929E-02 0.1357468 0.2159040 0.3218073 0.4485143 0.5927958 0.7555013 0.9440920 1.172181 1.454028 1.759521 1.969835 2.015123 1.966055 1.898043 1.834972 1.781498 1.737255 1.700978 1.671418
-9.9496972E-03 4.5204066E-02 0.1140674 0.1990069 0.3006032 0.4193272 0.5510958 0.6883179 0.8093551 0.8737612 0.8137363 0.6781058 0.6446930 0.7216966 0.8431659 0.9725378 1.091999 1.193805 1.274904 1.334576 1.373414 1.392211 1.392056 1.373634 1.337740 1.284778 1.215457 1.130406 1.030944 0.9187548 0.7966428 0.6681631 0.5382158 0.4124362 0.2973972 0.1995918 0.1252507 7.9195112E-02 6.4805314E-02 8.3309017E-02 0.1342003 0.2148560 0.3212509 0.4484411 0.5931967 0.7563658 0.9454054 1.173921 1.456143 1.761918 1.972485 2.018081 1.969340 1.901632 1.838840 1.785618 1.741600 1.705522 1.676137
