T6-multimodels/gz/model30.grd
DSAA
         100         100
  -15.00000       15.00000    
  -15.00000       15.00000    
 -0.4102533       2.034806    
[rows 54 to 80 of 100, columns 0 to 58 of 100]
-1.1050142E-02 4.3772407E-02 0.1122461 0.1967360 0.2978199 0.4159715 0.5471096 0.6836510 0.8039645 0.8676156 0.8067755 0.6702840 0.6360886 0.7123737 0.8331745 0.9619395 1.080867 1.182218 1.262950 1.322344 1.360998 1.379701 1.379545 1.361210 1.325489 1.272781 1.203792 1.119143 1.020149 0.9084856 0.7869487 0.6590850 0.5297861 0.4046786 0.2903272 0.1932177 0.1195747 7.4214026E-02 6.0513828E-02 7.9698503E-02 0.1312616 0.2125793 0.3196255 0.4474566 0.5928420 0.7566269 0.9462695 1.175377 1.458206 1.764637 1.975841 2.021962 1.973667 1.906366 1.843945 1.791056 1.747336 1.711521 1.682365
-1.2507732E-02 4.1876182E-02 0.1098333 0.1937228 0.2941218 0.4115028 0.5417913 0.6774104 0.7967444 0.8593760 0.7975402 0.6601002 0.6249167 0.7002276 0.8201186 0.9480577 1.066257 1.166993 1.247225 1.306243 1.344644 1.363219 1.363055 1.344832 1.309337 1.256964 1.188411 1.104294 1.005917 0.8949476 0.7741691 0.6471171 0.5186704 0.3944432 0.2809893 0.1847835 0.1120424 6.7576163E-02 5.4757461E-02 7.4809939E-02 0.1272257 0.2093817 0.3172524 0.4458947 0.5920770 0.7566435 0.9470477 1.176887 1.460384 1.767376 1.979096 2.025774 1.978040 1.911257 1.849307 1.796842 1.753499 1.718015 1.689149
-1.4389469E-02 3.9429195E-02 0.1067161 0.1898245 0.2893261 0.4056954 0.5348609 0.6692591 0.7872885 0.8485536 0.7852724 0.6463367 0.6097519 0.6837559 0.8024309 0.9292693 1.046502 1.146418 1.225988 1.284506 1.322570 1.340970 1.340792 1.322708 1.287502 1.235558 1.167569 1.084138 0.9865590 0.8764853 0.7566858 0.6306792 0.5033271 0.3802269 0.2679158 0.1728549 0.1012492 5.7900302E-02 4.6176814E-02 6.7300417E-02 0.1207641 0.2039473 0.3128273 0.4424631 0.5896245 0.7551544 0.9465052 1.177276 1.461712 1.769685 1.982349 2.029839 1.982813 1.916675 1.855310 1.803369 1.760491 1.725415 1.696902
-1.6759586E-02 3.6342431E-02 0.1027763 0.1848838 0.2832313 0.3982901 0.5259965 0.6587991 0.7751215 0.8345991 0.7695332 0.6288593 0.5905101 0.6627972 0.7798741 0.9052660 1.021230 1.120074 1.198779 1.256643 1.294267 1.312437 1.312233 1.294322 1.259478 1.208080 1.140806 1.058248 0.9616850 0.8527522 0.7341979 0.6095189 0.4835528 0.3618729 0.2509941 0.1573576 8.7152660E-02 4.5170613E-02 3.4775212E-02 5.7187550E-02 0.1119044 0.1963115 0.3063931 0.4372137 0.5855466 0.7522348 0.9447254 1.176605 1.462079 1.770967 1.984485 2.032853 1.986686 1.921338 1.860686 1.809382 1.767066 1.732482 1.704393
-1.9689940E-02 3.2518435E-02 9.7881049E-02 0.1787253 0.2756052 0.3889909 0.5148228 0.6455683 0.7596772 0.8168253 0.7493153 0.6061375 0.5654041 0.6354509 0.7504490 0.8739647 0.9882881 1.085747 1.163337 1.220360 1.257416 1.275286 1.275043 1.257344 1.222953 1.172237 1.105862 1.024403 0.9291200 0.8216244 0.7046386 0.5816279 0.4573976 0.3374872 0.2283802 0.1364904 6.7985341E-02 2.7643144E-02 1.8822145E-02 4.2745784E-02 9.8920390E-02 0.1847440 0.2962147 0.4284097 0.5781097 0.7461617 0.9400113 1.173243 1.460081 1.770373 1.985246 2.034805 1.989693 1.925303 1.865513 1.814975 1.773332 1.739332 1.711745
-2.3236202E-02 2.7871326E-02 9.1907486E-02 0.1711760 0.2662162 0.3774895 0.5009437 0.6290649 0.7403437 0.7945089 0.7239805 0.5778263 0.5341101 0.6012794 0.7136077 0.8347188 0.9469436 1.042638 1.118810 1.174766 1.211101 1.228588 1.228288 1.210847 1.177017 1.127148 1.061891 0.9818022 0.8881164 0.7824162 0.6673871 0.5464544 0.4243772 0.3066497 0.1997097 0.1099327 4.3456353E-02 5.0407834E-03 -1.9608997E-03 2.3682985E-02 8.1495851E-02 0.1689000 0.2819192 0.4156536 0.5669018 0.7365176 0.9319430 1.166744 1.455093 1.766767 1.982949 2.033823 1.989975 1.926740 1.867984 1.818360 1.777514 1.744202 1.717203
-2.7445396E-02 2.2326304E-02 8.4740885E-02 0.1620715 0.2548324 0.3634745 0.4839485 0.6087683 0.7164680 0.7668458 0.6923558 0.5421621 0.4945658 0.5580767 0.6670197 0.7850890 0.8946672 0.9881418 1.062536 1.117157 1.152590 1.169597 1.169221 1.152093 1.118949 1.070122 1.006243 0.9278454 0.8361346 0.7326549 0.6200466 0.5016780 0.3822484 0.2671856 0.1628654 7.5606532E-02 1.1505326E-02 -2.4702936E-02 -2.9668957E-02 -2.1463609E-03 5.7420354E-02 0.1464957 0.2611489 0.3965227 0.5494480 0.7207968 0.9180138 1.154657 1.444905 1.758548 1.976645 2.029239 1.986929 1.925082 1.867562 1.819022 1.779115 1.746607 1.720289
-3.2324441E-02 1.5847746E-02 7.6308846E-02 0.1512879 0.2412668 0.3466765 0.4634730 0.5841981 0.6874511 0.7331184 0.6538220 0.4988554 0.4465087 0.5054579 0.6101802 0.7244623 0.8307532 0.9214783 0.9936771 1.046653 1.080977 1.097391 1.096919 1.080169 1.047855 1.000295 0.9380956 0.8617637 0.7724690 0.6717089 0.5620634 0.4468294 0.3306203 0.2187748 0.1175784 3.3270568E-02 -2.8114114E-02 -6.1874744E-02 -6.4666711E-02 -3.5216067E-02 2.6084255E-02 0.1167700 0.2329890 0.3699585 0.5245675 0.6977260 0.8968850 1.135576 1.427900 1.743535 1.963566 2.018091 1.977621 1.917439 1.861391 1.814131 1.775324 1.743749 1.718214
-3.7841558E-02 8.4463656E-03 6.6589080E-02 0.1387610 0.2253966 0.3269031 0.4392375 0.5549851 0.6528195 0.6927419 0.6074522 0.4463914 0.3881572 0.4415352 0.5411023 0.6507604 0.7530418 0.8404217 0.9099554 0.9609394 0.9939248 1.009624 1.009031 0.9927305 0.9614133 0.9153729 0.8551942 0.7813528 0.6949766 0.5975065 0.4914463 0.3799964 0.2676583 0.1596449 6.2115721E-02 -1.8805686E-02 -7.7174470E-02 -0.1083425 -0.1089714 -7.7747621E-02 -1.4980993E-02 7.6977514E-02 0.1944047 0.3326442 0.4886934 0.6635344 0.8646496 1.105561 1.400346 1.718650 1.941359 1.998353 1.960109 1.901923 1.847625 1.801874 1.764346 1.733845 1.709205
-4.3886330E-02 2.1688465E-04 5.5656515E-02 0.1245340 0.2072274 0.3041100 0.4111501 0.5209894 0.6124165 0.6455792 0.5534039 0.3854955 0.3204460 0.3672518 0.4607016 0.5648525 0.6623521 0.7457439 0.8121060 0.8607258 0.8921241 0.9069767 0.9062420 0.8904706 0.8603283 0.8160853 0.7582996 0.6874157 0.6045126 0.5109633 0.4091776 0.3022326 0.1944785 9.0958454E-02 -2.3459087E-03 -7.9477392E-02 -0.1346254 -0.1632241 -0.1619524 -0.1294430 -6.5887153E-02 2.6535766E-02 0.1443059 0.2829765 0.4397337 0.6157004 0.8184325 1.061442 1.358691 1.679625 1.905061 1.964840 1.929255 1.873456 1.821234 1.777248 1.741199 1.711927 1.688298
-5.0264314E-02 -8.6467359E-03 4.3698866E-02 0.1087876 0.1869261 0.2784582 0.3793774 0.4824324 0.5665823 0.5921862 0.4922789 0.3165666 0.2438908 0.2833212 0.3697981 0.4675961 0.5595434 0.6382931 0.7009646 0.7468368 0.7763948 0.7902674 0.7893685 0.7742109 0.7454310 0.7032744 0.6482736 0.5808379 0.5019950 0.4130374 0.3162598 0.2145837 0.1121645 1.3815518E-02 -7.4726157E-02 -0.1477406 -0.1996157 -0.2259190 -0.2233727 -0.1905548 -0.1275024 -3.6157254E-02 8.0262057E-02 0.2176381 0.3734731 0.5491533 0.7524117 0.9968364 1.296377 1.620369 1.849257 1.912446 1.880032 1.827072 1.777295 1.735362 1.701011 1.673128 1.650630
-5.6647316E-02 -1.7803734E-02 3.1074082E-02 9.1896966E-02 0.1648972 0.2503960 0.3444647 0.4400528 0.5164606 0.5344161 0.4272249 0.2444637 0.1644991 0.1963903 0.2753859 0.3661546 0.4518569 0.5253471 0.5838277 0.6265815 0.6540536 0.6668183 0.6657357 0.6512766 0.6240445 0.5842606 0.5324329 0.4689360 0.3947406 0.3110492 0.2200189 0.1243806 2.8041936E-02 -6.4481102E-02 -0.1477811 -0.2164672 -0.2652175 -0.2898098 -0.2870676 -0.2555391 -0.1950981 -0.1073942 4.7533019E-03 0.1376978 0.2894258 0.4617647 0.6628050 0.9063761 1.206487 1.532302 1.764038 1.830748 1.801965 1.752324 1.705397 1.665826 1.633399 1.607069 1.585820
-6.2561385E-02 -2.6747014E-02 1.8327847E-02 7.4461021E-02 0.1418068 0.2206979 0.3073705 0.3951965 0.4642057 0.4760313 0.3643106 0.1776640 9.2969276E-02 0.1185771 0.1902831 0.2736715 0.3525961 0.4202986 0.4741458 0.5134485 0.5386144 0.5501559 0.5488743 0.5351918 0.5096785 0.4725309 0.4242354 0.3651316 0.2961314 0.2183358 0.1337453 4.4863485E-02 -4.4704974E-02 -0.1308176 -0.2084909 -0.2727728 -0.3187470 -0.3425128 -0.3410899 -0.3130736 -0.2582207 -0.1778964 -7.4475579E-02 4.8959024E-02 0.1910032 0.3540623 0.5467734 0.7835474 1.079069 1.403135 1.635935 1.705639 1.680660 1.634761 1.591085 1.554185 1.523903 1.499282 1.479390
-6.7355052E-02 -3.4777634E-02 6.2260926E-03 5.7325777E-02 0.1186141 0.1904702 0.2694551 0.3497277 0.4129751 0.4234517 0.3168680 0.1384458 5.7700276E-02 8.1011929E-02 0.1466770 0.2227628 0.2945920 0.3561120 0.4049742 0.4405573 0.4632375 0.4734641 0.4719718 0.4591319 0.4354795 0.4011889 0.3567238 0.3023934 0.2390469 0.1676778 9.0109937E-02 8.5890293E-03 -7.3635720E-02 -0.1528667 -0.2246409 -0.2845569 -0.3282310 -0.3522139 -0.3538557 -0.3319271 -0.2861960 -0.2178559 -0.1289294 -2.2014976E-02 0.1019509 0.2456855 0.4180215 0.6338047 0.9090586 1.216575 1.440158 1.508381 1.486246 1.444255 1.404164 1.370210 1.342267 1.319489 1.301047
-7.0376836E-02 -4.1188825E-02 -4.4265590E-03 4.1391291E-02 9.6372224E-02 0.1609133 0.2321642 0.3054444 0.3657967 0.3842628 0.3067302 0.1692823 0.1130627 0.1415620 0.2033603 0.2725399 0.3371558 0.3922476 0.4358893 0.4675717 0.4876420 0.4964941 0.4947811 0.4828351 0.4611400 0.4298639 0.3894368 0.3401515 0.2827797 0.2182164 0.1480816 7.4352421E-02 -1.2931414E-04 -7.2154686E-02 -0.1378701 -0.1935059 -0.2353324 -0.2604598 -0.2667131 -0.2531763 -0.2198135 -0.1678315 -9.9142820E-02 -1.6160915E-02 8.0067083E-02 0.1914861 0.3251785 0.4935936 0.7114649 0.9588540 1.139103 1.190816 1.168103 1.129726 1.093427 1.062618 1.037157 1.016318 0.9993905
-7.1835414E-02 -4.6139870E-02 -1.3656436E-02 2.6720945E-02 7.5339727E-02 0.1323815 0.1960167 0.2626492 0.3225446 0.3577863 0.3401534 0.2909211 0.2843231 0.3247867 0.3844533 0.4470486 0.5044369 0.5530046 0.5913109 0.6190228 0.6364145 0.6438791 0.6419301 0.6309156 0.6112124 0.5830389 0.5467359 0.5026358 0.4513799 0.3938129 0.3312947 0.2655718 0.1990108 0.1343511 7.4752048E-02 2.3347884E-02 -1.6886450E-02 -4.3643698E-02 -5.5343520E-02 -5.1433638E-02 -3.2230418E-02 9.4039715E-04 4.6047293E-02 0.1006116 0.1628713 0.2328469 0.3133539 0.4096090 0.5264595 0.6499234 0.7311035 0.7428144 0.7151530 0.6799220 0.6474985 0.6199256 0.5970167 0.5781673 0.5627789
-7.3658526E-02 -5.1420968E-02 -2.3208559E-02 1.1778402E-02 5.4044880E-02 0.1036461 0.1596241 0.2195269 0.2782512 0.3276291 0.3598846 0.3831906 0.4181686 0.4685805 0.5256195 0.5815439 0.6317093 0.6737792 0.7067841 0.7305455 0.7452813 0.7513635 0.7491882 0.7390979 0.7213836 0.6962922 0.6640972 0.6251493 0.5799789 0.5293625 0.4744199 0.4166515 0.3579718 0.3006402 0.2471490 0.1999930 0.1614231 0.1331657 0.1162427 0.1108520 0.1163718 0.1313834 0.1538052 0.1811640 0.2111660 0.2422575 0.2737875 0.3053575 0.3350465 0.3557676 0.3567470 0.3363416 0.3051357 0.2732048 0.2446382 0.2202810 0.1999080 0.1830366 0.1691831
-7.7183329E-02 -5.8268525E-02 -3.4235474E-02 -4.4294754E-03 3.1615529E-02 7.4013099E-02 0.1222555 0.1749452 0.2295409 0.2826983 0.3320026 0.3791667 0.4285443 0.4808183 0.5330729 0.5819254 0.6249162 0.6606479 0.6885227 0.7084534 0.7206331 0.7253696 0.7229890 0.7137835 0.6980057 0.6758840 0.6476682 0.6136814 0.5743884 0.5304571 0.4828196 0.4327052 0.3816449 0.3314188 0.2839474 0.2411167 0.2045729 0.1755173 0.1545558 0.1416216 0.1359752 0.1362574 0.1406076 0.1468719 0.1529244 0.1569651 0.1576061 0.1537029 0.1441286 0.1277572 0.1042104 7.5462133E-02 4.5429360E-02 1.7295044E-02 -7.5398362E-03 -2.8813839E-02 -4.6749160E-02 -6.1710387E-02 -7.4068367E-02
-8.2086176E-02 -6.6316552E-02 -4.6239931E-02 -2.1325851E-02 8.8246837E-03 4.4353779E-02 8.5012153E-02 0.1300180 0.1780438 0.2274471 0.2769854 0.3262694 0.3751885 0.4231746 0.4687673 0.5102509 0.5462628 0.5759689 0.5990023 0.6153283 0.6251043 0.6285761 0.6260051 0.6176347 0.6036816 0.5843523 0.5598735 0.5305367 0.4967446 0.4590609 0.4182475 0.3752877 0.3313770 0.2878786 0.2462292 0.2078084 0.1737801 0.1449474 0.1216421 0.1036788 9.0366945E-02 8.0578662E-02 7.2861321E-02 6.5607131E-02 5.7262987E-02 4.6530820E-02 3.2484613E-02 1.4610321E-02 -7.1791699E-03 -3.2433204E-02 -5.9886087E-02 -8.7721631E-02 -0.1143119 -0.1385480 -0.1599076 -0.1783303 -0.1939912 -0.2071531 -0.2180897
-8.7681316E-02 -7.4821196E-02 -5.8398347E-02 -3.7989736E-02 -1.3276684E-02 1.5881641E-02 4.9355391E-02 8.6684264E-02 0.1270630 0.1694609 0.2127758 0.2561047 0.2987556 0.3397280 0.3778660 0.4120837 0.4415291 0.4656671 0.4842575 0.4972812 0.5048576 0.5071726 0.5044310 0.4968297 0.4845527 0.4677816 0.4467203 0.4216250 0.3928407 0.3608337 0.3262169 0.2897604 0.2523797 0.2150941 0.1789557 0.1449497 0.1138842 8.6287536E-02 6.2339131E-02 4.1843608E-02 2.4255494E-02 8.7442920E-03 -5.7037338E-03 -2.0156765E-02 -3.5592403E-02 -5.2764062E-02 -7.2105177E-02 -9.3673497E-02 -0.1171135 -0.1416982 -0.1665731 -0.1908401 -0.2135946 -0.2342233 -0.2524747 -0.2683350 -0.2819264 -0.2934303 -0.3030428
-9.3377188E-02 -8.3151080E-02 -7.0021652E-02 -5.3664900E-02 -3.3834029E-02 -1.0417798E-02 1.6508870E-02 4.6635553E-02 7.9417445E-02 0.1141087 0.1498916 0.1858653 0.2210061 0.2544214 0.2852482 0.3127050 0.3361956 0.3553413 0.3699645 0.3800435 0.3856584 0.3869441 0.3840553 0.3771480 0.3663748 0.3518933 0.3338815 0.3125615 0.2882227 0.2612454 0.2321139 0.2014225 0.1698596 0.1381761 0.1071299 7.7416748E-02 4.9593788E-02 2.4014166E-02 7.8303856E-04 -2.0249922E-02 -3.9466422E-02 -5.7421993E-02 -7.4768111E-02 -9.2158698E-02 -0.1101567 -0.1291509 -0.1493026 -0.1705262 -0.1925201 -0.2148047 -0.2366973 -0.2575079 -0.2767885 -0.2942700 -0.3098167 -0.3234228 -0.3351665 -0.3451695 -0.3535694
-9.8770626E-02 -9.0876982E-02 -8.0652699E-02 -6.7853644E-02 -5.2300282E-02 -3.3911850E-02 -1.2748491E-02 1.0964514E-02 3.6819663E-02 6.4249828E-02 9.2529386E-02 0.1208953 0.1486495 0.1749952 0.1991988 0.2206626 0.2389381 0.2537355 0.2649095 0.2724282 0.2763386 0.2767322 0.2737227 0.2674307 0.2579806 0.2455053 0.2301576 0.2121252 0.1916475 0.1690289 0.1446479 0.1189558 9.2464976E-02 6.5721966E-02 3.9268866E-02 1.3594911E-02 -1.0912784E-02 -3.4011122E-02 -5.5624917E-02 -7.5848304E-02 -9.4921805E-02 -0.1131898 -0.1310440 -0.1488615 -0.1669458 -0.1854791 -0.2044929 -0.2238595 -0.2432969 -0.2624210 -0.2808977 -0.2984368 -0.3147194 -0.3295224 -0.3427531 -0.3544027 -0.3645189 -0.3731816 -0.3804854
-0.1035874 -9.7719021E-02 -9.0003178E-02 -8.0262676E-02 -6.8369575E-02 -5.4274809E-02 -3.8030442E-02 -1.9815082E-02 6.3987682E-05 2.1172294E-02 4.3004442E-02 6.4959161E-02 8.6333640E-02 0.1065394 0.1250464 0.1413961 0.1552412 0.1663506 0.1745985 0.1799444 0.1824086 0.1820498 0.1789480 0.1731948 0.1648891 0.1541411 0.1410783 0.1258568 0.1086704 8.9760214E-02 6.9417417E-02 4.7982201E-02 2.5831986E-02 3.3626857E-03 -1.9039301E-02 -4.1028425E-02 -6.2332138E-02 -8.2775809E-02 -0.1022961 -0.1209383 -0.1388395 -0.1561974 -0.1732336 -0.1901528 -0.2071081 -0.2241731 -0.2413304 -0.2584737 -0.2754363 -0.2920091 -0.3078962 -0.3228063 -0.3365820 -0.3491301 -0.3603918 -0.3703568 -0.3790523 -0.3865297 -0.3928534
-0.1076774 -0.1035333 -9.7943120E-02 -9.0778992E-02 -8.1955299E-02 -7.1444035E-02 -5.9296299E-02 -4.5652363E-02 -3.0752618E-02 -1.4928956E-02 1.3837825E-03 1.7725216E-02 3.3681192E-02 4.8767917E-02 6.2545180E-02 7.4658260E-02 8.4835358E-02 9.2889264E-02 9.8710433E-02 0.1022530 0.1035188 0.1025420 9.9377319E-02 9.4092049E-02 8.6763903E-02 7.7481538E-02 6.6349857E-02 5.3495210E-02 3.9072737E-02 2.3270065E-02 6.3097919E-03 -1.1554360E-02 -3.0045340E-02 -4.8877422E-02 -6.7774326E-02 -8.6490296E-02 -0.1048299 -0.1226629 -0.1399312 -0.1566458 -0.1728740 -0.1887197 -0.2042981 -0.2197117 -0.2350284 -0.2502667 -0.2653879 -0.2802968 -0.2948423 -0.3088430 -0.3221759 -0.3347452 -0.3464099 -0.3570622 -0.3666545 -0.3751746 -0.3826371 -0.3890740 -0.3945284
-0.1109643 -0.1082632 -0.1044411 -9.9409483E-02 -9.3110956E-02 -8.5534841E-02 -7.6726504E-02 -6.6800125E-02 -5.5937786E-02 -4.4390351E-02 -3.2441884E-02 -2.0436641E-02 -8.7913536E-03 2.1590968E-03 1.2111501E-02 2.0796152E-02 2.8001407E-02 3.3576097E-02 3.7425309E-02 3.9502364E-02 3.9797302E-02 3.8327485E-02 3.5128351E-02 3.0248802E-02 2.3747891E-02 1.5696283E-02 6.1775148E-03 -4.7070496E-03 -1.6835989E-02 -3.0064240E-02 -4.4223871E-02 -5.9126038E-02 -7.4568495E-02 -9.0344518E-02 -0.1062560 -0.1221261 -0.1378123 -0.1532145 -0.1682789 -0.1829950 -0.1973872 -0.2115014 -0.2253898 -0.2390957 -0.2526406 -0.2660158 -0.2791801 -0.2920637 -0.3045843 -0.3166514 -0.3281184 -0.3388374 -0.3487446 -0.3578028 -0.3659794 -0.3732629 -0.3796589 -0.3851869 -0.3898750
-0.1134419 -0.1119268 -0.1095518 -0.1062550 -0.1020008 -9.6787050E-02 -9.0655454E-02 -8.3694898E-02 -7.6047212E-02 -6.7901261E-02 -5.9505768E-02 -5.1116727E-02 -4.2950325E-02 -3.5280816E-02 -2.8361550E-02 -2.2398768E-02 -1.7556956E-02 -1.3957418E-02 -1.1680433E-02 -1.0770828E-02 -1.1244486E-02 -1.3095566E-02 -1.6301900E-02 -2.0829333E-02 -2.6633289E-02 -3.3659291E-02 -4.1841302E-02 -5.1100370E-02 -6.1341889E-02 -7.2455548E-02 -8.4315054E-02 -9.6781000E-02 -0.1097054 -0.1229386 -0.1363375 -0.1497739 -0.1631416 -0.1763625 -0.1893874 -0.2021942 -0.2147824 -0.2271643 -0.2393559 -0.2513672 -0.2631949 -0.2748174 -0.2861925 -0.2972579 -0.3079276 -0.3181050 -0.3277425 -0.3368098 -0.3452315 -0.3529446 -0.3599198 -0.3661450 -0.3716206 -0.3763574 -0.3803732
-0.1151384 -0.1145823 -0.1133719 -0.1114654 -0.1088401 -0.1055004 -0.1014807 -9.6852273E-02 -9.1720484E-02 -8.6225852E-02 -8.0519348E-02 -7.4788541E-02 -6.9274597E-02 -6.4157806E-02 -5.9603970E-02 -5.5767555E-02 -5.2775003E-02 -5.0722472E-02 -4.9676977E-02 -4.9678840E-02 -5.0746650E-02 -5.2881341E-02 -5.6070305E-02 -6.0289919E-02 -6.5507732E-02 -7.1681879E-02 -7.8761943E-02 -8.6686507E-02 -9.5383637E-02 -0.1047697 -0.1147505 -0.1252233 -0.1360800 -0.1472118 -0.1585147 -0.1698944 -0.1812713 -0.1925832 -0.2037865 -0.2148538 -0.2257716 -0.2365337 -0.2471362 -0.2575713 -0.2678234 -0.2778660 -0.2876616 -0.2971646 -0.3063307 -0.3151162 -0.3234355 -0.3311993 -0.3383777 -0.3449543 -0.3509081 -0.3562275 -0.3609097 -0.3649598 -0.3683881
