T6-multimodels/gz/model120.grd
DSAA
         100         100
  -15.00000       15.00000    
  -15.00000       15.00000    
 -0.4655169       2.819575    
[rows 0 to 26 of 100, columns 0 to 59 of 100]
-0.1162144 -0.1184841 -0.1207713 -0.1230735 -0.1253882 -0.1277128 -0.1300444 -0.1323806 -0.1347184 -0.1370549 -0.1393824 -0.1416981 -0.1440126 -0.1463198 -0.1486135 -0.1508906 -0.1531486 -0.1553846 -0.1575962 -0.1597806 -0.1619354 -0.1640581 -0.1661462 -0.1681971 -0.1702085 -0.1721781 -0.1741037 -0.1759832 -0.1778146 -0.1795960 -0.1813256 -0.1830015 -0.1846223 -0.1861863 -0.1876920 -0.1891380 -0.1905228 -0.1918450 -0.1931031 -0.1942956 -0.1954209 -0.1964775 -0.1974634 -0.1983770 -0.1992162 -0.1999788 -0.2006628 -0.2012661 -0.2017875 -0.2022314 -0.2025971 -0.2028667 -0.2030332 -0.2031016 -0.2030721 -0.2029428 -0.2027120 -0.2023779 -0.2019391 -0.2013942
-0.1193983 -0.1217723 -0.1241646 -0.1265721 -0.1289926 -0.1314231 -0.1338610 -0.1363034 -0.1387481 -0.1411922 -0.1436390 -0.1460861 -0.1485167 -0.1509323 -0.1533343 -0.1557200 -0.1580870 -0.1604325 -0.1627539 -0.1650486 -0.1673139 -0.1695474 -0.1717463 -0.1739082 -0.1760304 -0.1781107 -0.1801468 -0.1821363 -0.1840773 -0.1859678 -0.1878058 -0.1895896 -0.1913175 -0.1929879 -0.1945994 -0.1961504 -0.1976394 -0.1990650 -0.2004257 -0.2017199 -0.2029460 -0.2041022 -0.2051866 -0.2061972 -0.2071317 -0.2079878 -0.2087631 -0.2094548 -0.2100594 -0.2105668 -0.2109720 -0.2112884 -0.2115176 -0.2116487 -0.2116764 -0.2115979 -0.2114107 -0.2111125 -0.2107015 -0.2101759
-0.1226618 -0.1251411 -0.1276386 -0.1301517 -0.1326776 -0.1352135 -0.1377566 -0.1403044 -0.1428539 -0.1454023 -0.1479415 -0.1504689 -0.1529965 -0.1555181 -0.1580271 -0.1605207 -0.1629965 -0.1654516 -0.1678834 -0.1702895 -0.1726670 -0.1750133 -0.1773257 -0.1796016 -0.1818384 -0.1840335 -0.1861845 -0.1882892 -0.1903453 -0.1923508 -0.1943037 -0.1962021 -0.1980445 -0.1998292 -0.2015546 -0.2032193 -0.2048218 -0.2063606 -0.2078343 -0.2092410 -0.2105792 -0.2118469 -0.2130423 -0.2141630 -0.2152066 -0.2161703 -0.2170514 -0.2178470 -0.2185550 -0.2191799 -0.2197196 -0.2201540 -0.2204742 -0.2206848 -0.2207850 -0.2207718 -0.2206422 -0.2203933 -0.2200226 -0.2195278
-0.1259981 -0.1285819 -0.1311839 -0.1338008 -0.1364302 -0.1390689 -0.1417145 -0.1443641 -0.1470155 -0.1496663 -0.1523205 -0.1549761 -0.1576155 -0.1602407 -0.1628538 -0.1654526 -0.1680347 -0.1705978 -0.1731390 -0.1756560 -0.1781459 -0.1806061 -0.1830336 -0.1854260 -0.1877802 -0.1900938 -0.1923641 -0.1945887 -0.1967654 -0.1988919 -0.2009663 -0.2029866 -0.2049512 -0.2068584 -0.2087067 -0.2104946 -0.2122207 -0.2138836 -0.2154815 -0.2170131 -0.2184764 -0.2198695 -0.2211903 -0.2224362 -0.2236047 -0.2246927 -0.2256968 -0.2266136 -0.2274384 -0.2281591 -0.2287693 -0.2292826 -0.2296997 -0.2300074 -0.2301985 -0.2302688 -0.2302141 -0.2300311 -0.2297163 -0.2292668
-0.1293981 -0.1320844 -0.1347877 -0.1375051 -0.1402334 -0.1429701 -0.1457122 -0.1484576 -0.1512035 -0.1539478 -0.1566820 -0.1594044 -0.1621290 -0.1648500 -0.1675607 -0.1702591 -0.1729428 -0.1756096 -0.1782569 -0.1808824 -0.1834833 -0.1860567 -0.1885999 -0.1911099 -0.1935838 -0.1960187 -0.1984121 -0.2007612 -0.2030638 -0.2053173 -0.2075199 -0.2096695 -0.2117645 -0.2138031 -0.2157839 -0.2177055 -0.2195664 -0.2213653 -0.2231006 -0.2247708 -0.2263739 -0.2279081 -0.2293710 -0.2307600 -0.2320719 -0.2333035 -0.2344512 -0.2355109 -0.2364796 -0.2373609 -0.2381518 -0.2388283 -0.2393794 -0.2398087 -0.2401137 -0.2402896 -0.2403316 -0.2402350 -0.2399955 -0.2396096
-0.1328500 -0.1356343 -0.1384338 -0.1412449 -0.1440650 -0.1468910 -0.1497208 -0.1525517 -0.1553824 -0.1582113 -0.1610437 -0.1638787 -0.1666982 -0.1695056 -0.1723042 -0.1750929 -0.1778698 -0.1806330 -0.1833803 -0.1861093 -0.1888174 -0.1915016 -0.1941590 -0.1967864 -0.1993809 -0.2019393 -0.2044588 -0.2069366 -0.2093699 -0.2117566 -0.2140941 -0.2163808 -0.2186147 -0.2207942 -0.2229179 -0.2249845 -0.2269926 -0.2289409 -0.2308280 -0.2326524 -0.2344122 -0.2361055 -0.2377297 -0.2392821 -0.2407595 -0.2421578 -0.2434731 -0.2447004 -0.2458336 -0.2468580 -0.2477654 -0.2485689 -0.2492678 -0.2498455 -0.2502922 -0.2506014 -0.2507665 -0.2507820 -0.2506424 -0.2503428
-0.1363390 -0.1392144 -0.1421013 -0.1449966 -0.1478968 -0.1507998 -0.1537030 -0.1566050 -0.1595039 -0.1623988 -0.1652818 -0.1681525 -0.1710286 -0.1739050 -0.1767762 -0.1796410 -0.1824982 -0.1853465 -0.1881838 -0.1910079 -0.1938164 -0.1966062 -0.1993743 -0.2021172 -0.2048317 -0.2075144 -0.2101623 -0.2127720 -0.2153408 -0.2178661 -0.2203456 -0.2227771 -0.2251589 -0.2274894 -0.2297673 -0.2319913 -0.2341602 -0.2362729 -0.2383281 -0.2403244 -0.2422600 -0.2441330 -0.2459410 -0.2476808 -0.2493489 -0.2509411 -0.2524526 -0.2538781 -0.2552130 -0.2564601 -0.2576141 -0.2586465 -0.2595430 -0.2603053 -0.2609285 -0.2614047 -0.2617261 -0.2618856 -0.2618760 -0.2616913
-0.1398465 -0.1428020 -0.1457641 -0.1487286 -0.1516930 -0.1546544 -0.1576115 -0.1605628 -0.1635083 -0.1664481 -0.1693906 -0.1723367 -0.1752688 -0.1781929 -0.1811149 -0.1840354 -0.1869541 -0.1898705 -0.1927829 -0.1956895 -0.1985878 -0.2014748 -0.2043471 -0.2072011 -0.2100331 -0.2128395 -0.2156164 -0.2183607 -0.2210689 -0.2237383 -0.2263664 -0.2289509 -0.2314900 -0.2339824 -0.2364265 -0.2388214 -0.2411661 -0.2434598 -0.2457013 -0.2478895 -0.2500229 -0.2520995 -0.2541169 -0.2560720 -0.2579609 -0.2597790 -0.2615208 -0.2631800 -0.2647481 -0.2662072 -0.2675462 -0.2687775 -0.2698976 -0.2708854 -0.2717272 -0.2724125 -0.2729312 -0.2732741 -0.2734324 -0.2733983
-0.1433499 -0.1463705 -0.1493897 -0.1524035 -0.1554088 -0.1584036 -0.1613866 -0.1643579 -0.1673177 -0.1702674 -0.1732015 -0.1761223 -0.1790531 -0.1819911 -0.1849331 -0.1878806 -0.1908344 -0.1937949 -0.1967613 -0.1997320 -0.2027046 -0.2056761 -0.2086427 -0.2116004 -0.2145450 -0.2174721 -0.2203777 -0.2232577 -0.2261086 -0.2289270 -0.2317103 -0.2344560 -0.2371623 -0.2398276 -0.2424511 -0.2450317 -0.2475688 -0.2500620 -0.2525103 -0.2549132 -0.2572693 -0.2595769 -0.2618337 -0.2640366 -0.2661814 -0.2682632 -0.2702757 -0.2722119 -0.2740650 -0.2758363 -0.2775176 -0.2790742 -0.2804868 -0.2817541 -0.2828669 -0.2838130 -0.2845798 -0.2851554 -0.2855287 -0.2856897
-0.1468212 -0.1498860 -0.1529383 -0.1559734 -0.1589887 -0.1619820 -0.1649534 -0.1679036 -0.1708359 -0.1737538 -0.1766707 -0.1795921 -0.1825020 -0.1854119 -0.1883323 -0.1912673 -0.1942200 -0.1971918 -0.2001829 -0.2031922 -0.2062174 -0.2092553 -0.2123016 -0.2153519 -0.2184010 -0.2214438 -0.2244754 -0.2274912 -0.2304868 -0.2334585 -0.2364032 -0.2393183 -0.2422018 -0.2450524 -0.2478691 -0.2506515 -0.2533993 -0.2561124 -0.2587907 -0.2614339 -0.2640412 -0.2666113 -0.2691422 -0.2716308 -0.2740729 -0.2764630 -0.2787943 -0.2810585 -0.2832441 -0.2853290 -0.2872975 -0.2891606 -0.2909107 -0.2925199 -0.2939682 -0.2952392 -0.2963169 -0.2971863 -0.2978333 -0.2982450
-0.1502273 -0.1533086 -0.1563614 -0.1593811 -0.1623642 -0.1653099 -0.1682187 -0.1710939 -0.1739398 -0.1767630 -0.1795622 -0.1823461 -0.1851469 -0.1879674 -0.1908093 -0.1936789 -0.1965814 -0.1995201 -0.2024964 -0.2055097 -0.2085581 -0.2116377 -0.2147437 -0.2178707 -0.2210124 -0.2241626 -0.2273155 -0.2304650 -0.2336062 -0.2367346 -0.2398466 -0.2429391 -0.2460104 -0.2490588 -0.2520839 -0.2550856 -0.2580641 -0.2610201 -0.2639542 -0.2668667 -0.2697577 -0.2726266 -0.2754717 -0.2782903 -0.2810781 -0.2838295 -0.2865368 -0.2891907 -0.2917818 -0.2943088 -0.2967593 -0.2990899 -0.3012746 -0.3033064 -0.3051699 -0.3068451 -0.3083118 -0.3095511 -0.3105448 -0.3112764
-0.1535282 -0.1565894 -0.1596006 -0.1625557 -0.1654518 -0.1682881 -0.1710674 -0.1737944 -0.1764783 -0.1791295 -0.1817709 -0.1844162 -0.1870556 -0.1897095 -0.1923976 -0.1951309 -0.1979179 -0.2007645 -0.2036735 -0.2066451 -0.2096772 -0.2127656 -0.2159042 -0.2190863 -0.2223042 -0.2255500 -0.2288161 -0.2320954 -0.2353815 -0.2386690 -0.2419534 -0.2452315 -0.2485010 -0.2517608 -0.2550103 -0.2582502 -0.2614815 -0.2647058 -0.2679245 -0.2711393 -0.2743511 -0.2775603 -0.2807661 -0.2839662 -0.2871566 -0.2903315 -0.2934827 -0.2965993 -0.2996665 -0.3026558 -0.3055458 -0.3083446 -0.3110377 -0.3135873 -0.3159639 -0.3181413 -0.3200940 -0.3217975 -0.3232288 -0.3243666
-0.1566776 -0.1596718 -0.1625859 -0.1654132 -0.1681501 -0.1707969 -0.1733577 -0.1758417 -0.1782607 -0.1806308 -0.1829607 -0.1852708 -0.1876092 -0.1899895 -0.1924236 -0.1949270 -0.1975127 -0.2001895 -0.2029623 -0.2058322 -0.2087968 -0.2118507 -0.2149867 -0.2181955 -0.2214675 -0.2247924 -0.2281607 -0.2315630 -0.2349913 -0.2384389 -0.2419004 -0.2453717 -0.2488504 -0.2523353 -0.2558265 -0.2593252 -0.2628335 -0.2663541 -0.2698900 -0.2734440 -0.2770187 -0.2806158 -0.2842359 -0.2878775 -0.2915372 -0.2952092 -0.2988847 -0.3025521 -0.3061983 -0.3098187 -0.3133949 -0.3168715 -0.3202116 -0.3234003 -0.3264109 -0.3292118 -0.3317704 -0.3340554 -0.3360371 -0.3376886
-0.1596207 -0.1624876 -0.1652345 -0.1678523 -0.1703371 -0.1726896 -0.1749173 -0.1770324 -0.1790546 -0.1810077 -0.1829311 -0.1848556 -0.1867842 -0.1887553 -0.1908044 -0.1929556 -0.1952277 -0.1976339 -0.2001813 -0.2028719 -0.2057027 -0.2086668 -0.2117543 -0.2149533 -0.2182507 -0.2216334 -0.2250884 -0.2286040 -0.2321697 -0.2357769 -0.2394189 -0.2430907 -0.2467895 -0.2505141 -0.2542653 -0.2580450 -0.2618568 -0.2657047 -0.2695937 -0.2735287 -0.2775141 -0.2815537 -0.2856497 -0.2898024 -0.2940092 -0.2982647 -0.3025600 -0.3068817 -0.3112107 -0.3155105 -0.3197515 -0.3239364 -0.3280410 -0.3320122 -0.3358054 -0.3393790 -0.3426919 -0.3457038 -0.3483762 -0.3506747
-0.1622954 -0.1649597 -0.1674499 -0.1697545 -0.1718679 -0.1737923 -0.1755372 -0.1771218 -0.1785722 -0.1799224 -0.1812003 -0.1824494 -0.1837457 -0.1851248 -0.1866175 -0.1882575 -0.1900709 -0.1920763 -0.1942839 -0.1966961 -0.1993090 -0.2021129 -0.2050943 -0.2082370 -0.2115236 -0.2149363 -0.2184583 -0.2220738 -0.2257695 -0.2295341 -0.2333589 -0.2372380 -0.2411679 -0.2451474 -0.2491779 -0.2532625 -0.2574064 -0.2616158 -0.2658980 -0.2702605 -0.2747107 -0.2792547 -0.2838977 -0.2886418 -0.2934864 -0.2984268 -0.3034542 -0.3085546 -0.3137108 -0.3189140 -0.3241372 -0.3293083 -0.3343752 -0.3393092 -0.3440669 -0.3485972 -0.3528474 -0.3567656 -0.3603028 -0.3634136
-0.1646302 -0.1669979 -0.1691199 -0.1709801 -0.1725714 -0.1738957 -0.1749673 -0.1758114 -0.1764668 -0.1769819 -0.1774271 -0.1778650 -0.1783262 -0.1788821 -0.1795977 -0.1805212 -0.1816896 -0.1831282 -0.1848504 -0.1868593 -0.1891483 -0.1917040 -0.1945074 -0.1975363 -0.2007669 -0.2041753 -0.2077390 -0.2114373 -0.2152525 -0.2191702 -0.2231792 -0.2272716 -0.2314433 -0.2356933 -0.2400234 -0.2444385 -0.2489457 -0.2535540 -0.2582737 -0.2631157 -0.2680912 -0.2732102 -0.2784810 -0.2839092 -0.2894967 -0.2952403 -0.3011318 -0.3071558 -0.3132882 -0.3194823 -0.3256975 -0.3319289 -0.3381372 -0.3442470 -0.3501905 -0.3559020 -0.3613141 -0.3663599 -0.3709759 -0.3751034
-0.1665469 -0.1685026 -0.1701179 -0.1713709 -0.1722500 -0.1727579 -0.1729122 -0.1727489 -0.1723191 -0.1716902 -0.1709271 -0.1701174 -0.1693880 -0.1688162 -0.1684700 -0.1684149 -0.1687012 -0.1693627 -0.1704169 -0.1718661 -0.1737002 -0.1758992 -0.1784365 -0.1812811 -0.1844005 -0.1877626 -0.1913371 -0.1950966 -0.1990180 -0.2030822 -0.2072748 -0.2115859 -0.2160102 -0.2205465 -0.2251978 -0.2299705 -0.2348746 -0.2399222 -0.2451280 -0.2505072 -0.2560758 -0.2618490 -0.2678397 -0.2740580 -0.2805093 -0.2871934 -0.2941025 -0.3012217 -0.3085293 -0.3160116 -0.3236302 -0.3312903 -0.3389181 -0.3464651 -0.3538617 -0.3610266 -0.3678741 -0.3743183 -0.3802761 -0.3856709
-0.1679583 -0.1693618 -0.1703017 -0.1707458 -0.1706773 -0.1700968 -0.1690279 -0.1675170 -0.1656363 -0.1634791 -0.1611728 -0.1588403 -0.1565672 -0.1544861 -0.1527169 -0.1513508 -0.1504562 -0.1500777 -0.1502365 -0.1509333 -0.1521516 -0.1538620 -0.1560266 -0.1586023 -0.1615446 -0.1648101 -0.1683581 -0.1721529 -0.1761635 -0.1803655 -0.1847398 -0.1892739 -0.1939610 -0.1987999 -0.2037944 -0.2089536 -0.2142903 -0.2198213 -0.2255660 -0.2315458 -0.2377829 -0.2442988 -0.2511132 -0.2582421 -0.2656958 -0.2734777 -0.2815822 -0.2899931 -0.2986809 -0.3075862 -0.3166540 -0.3258694 -0.3351735 -0.3444594 -0.3536262 -0.3625702 -0.3711827 -0.3793528 -0.3869721 -0.3939403
-0.1687727 -0.1694568 -0.1695169 -0.1689075 -0.1676015 -0.1655975 -0.1629227 -0.1596397 -0.1558433 -0.1516608 -0.1472276 -0.1427132 -0.1383378 -0.1342572 -0.1306090 -0.1275157 -0.1250685 -0.1233246 -0.1223094 -0.1220191 -0.1224275 -0.1234912 -0.1251564 -0.1273632 -0.1300509 -0.1331607 -0.1366389 -0.1404379 -0.1445176 -0.1488457 -0.1533982 -0.1581587 -0.1631185 -0.1682762 -0.1736371 -0.1792125 -0.1850199 -0.1910810 -0.1974219 -0.2040713 -0.2110595 -0.2184166 -0.2261708 -0.2343458 -0.2429588 -0.2520177 -0.2615197 -0.2714489 -0.2817788 -0.2924897 -0.3035294 -0.3147741 -0.3261231 -0.3375027 -0.3488079 -0.3599129 -0.3706806 -0.3809679 -0.3906334 -0.3995438
-0.1688935 -0.1686610 -0.1675994 -0.1656426 -0.1627497 -0.1589120 -0.1541630 -0.1485814 -0.1422966 -0.1354820 -0.1283681 -0.1211893 -0.1141366 -0.1074549 -0.1013630 -9.6028402E-02 -9.1572024E-02 -8.8066794E-02 -8.5540459E-02 -8.3982147E-02 -8.3350107E-02 -8.3581254E-02 -8.4598973E-02 -8.6320966E-02 -8.8664487E-02 -9.1551058E-02 -9.4909318E-02 -9.8677114E-02 -0.1028020 -0.1072428 -0.1119681 -0.1169573 -0.1221991 -0.1276919 -0.1334423 -0.1394652 -0.1457828 -0.1524236 -0.1594217 -0.1668151 -0.1746444 -0.1829507 -0.1917728 -0.2011449 -0.2110923 -0.2216293 -0.2327554 -0.2444532 -0.2566849 -0.2693735 -0.2824460 -0.2958796 -0.3095953 -0.3234514 -0.3373064 -0.3510061 -0.3643791 -0.3772416 -0.3894072 -0.4006992
-0.1682250 -0.1668488 -0.1643828 -0.1607335 -0.1558376 -0.1496769 -0.1422872 -0.1337709 -0.1242955 -0.1140938 -0.1034286 -9.2618488E-02 -8.2050182E-02 -7.2023191E-02 -6.2799305E-02 -5.4600675E-02 -4.7585439E-02 -4.1844904E-02 -3.7407994E-02 -3.4250971E-02 -3.2310002E-02 -3.1493515E-02 -3.1694517E-02 -3.2799855E-02 -3.4698401E-02 -3.7285652E-02 -4.0468097E-02 -4.4164654E-02 -4.8308238E-02 -5.2845493E-02 -5.7736818E-02 -6.2955730E-02 -6.8488203E-02 -7.4331857E-02 -8.0495305E-02 -8.6997338E-02 -9.3866199E-02 -0.1011384 -0.1088580 -0.1170746 -0.1258416 -0.1352138 -0.1452439 -0.1559785 -0.1674535 -0.1796895 -0.1926874 -0.2064272 -0.2208706 -0.2359866 -0.2517057 -0.2678729 -0.2843665 -0.3010987 -0.3179343 -0.3346961 -0.3511733 -0.3671302 -0.3823204 -0.3965061
-0.1666737 -0.1638967 -0.1597048 -0.1539649 -0.1465843 -0.1375266 -0.1268316 -0.1146261 -0.1011337 -8.6665265E-02 -7.1630463E-02 -5.6459755E-02 -4.1531458E-02 -2.7287262E-02 -1.4117419E-02 -2.3190749E-03 7.9013985E-03 1.6430916E-02 2.3242051E-02 2.8377632E-02 3.1933736E-02 3.4040317E-02 3.4845751E-02 3.4503009E-02 3.3160787E-02 3.0956082E-02 2.8010748E-02 2.4428800E-02 2.0296244E-02 1.5680401E-02 1.0631490E-02 5.1826825E-03 -6.4820051E-04 -6.8582483E-03 -1.3457973E-02 -2.0470994E-02 -2.7932692E-02 -3.5889436E-02 -4.4397045E-02 -5.3519510E-02 -6.3326173E-02 -7.3888764E-02 -8.5276976E-02 -9.7552657E-02 -0.1107635 -0.1249355 -0.1400675 -0.1561274 -0.1730509 -0.1907237 -0.2090480 -0.2280081 -0.2475332 -0.2674783 -0.2876894 -0.3079710 -0.3280700 -0.3476838 -0.3664836 -0.3841456
-0.1641555 -0.1596960 -0.1534204 -0.1451452 -0.1347349 -0.1221303 -0.1073708 -9.0619646E-02 -7.2164454E-02 -5.2415557E-02 -3.1849030E-02 -1.1030946E-02 9.3779527E-03 2.8839435E-02 4.6883009E-02 6.3119441E-02 7.7281289E-02 8.9228049E-02 9.8935790E-02 0.1064754 0.1119858 0.1156493 0.1176675 0.1182455 0.1175787 0.1158455 0.1132022 0.1097812 0.1056909 0.1010162 9.5819101E-02 9.0141490E-02 8.4005229E-02 7.7414356E-02 7.0355706E-02 6.2800497E-02 5.4704439E-02 4.6009954E-02 3.6646511E-02 2.6533287E-02 1.5581414E-02 3.6985555E-03 -9.2055677E-03 -2.3210682E-02 -3.8376279E-02 -5.4730158E-02 -7.2258666E-02 -9.0903446E-02 -0.1105719 -0.1311866 -0.1526471 -0.1747844 -0.1975212 -0.2208505 -0.2446901 -0.2688553 -0.2930515 -0.3168883 -0.3399201 -0.3616976
-0.1605975 -0.1541542 -0.1454115 -0.1341182 -0.1200860 -0.1032229 -8.3574668E-02 -6.1348662E-02 -3.6930062E-02 -1.0858243E-02 1.6175199E-02 4.3448128E-02 7.0311911E-02 9.6028775E-02 0.1199358 0.1415185 0.1604245 0.1764743 0.1896476 0.2000510 0.2078806 0.2133845 0.2168337 0.2184977 0.2186305 0.2174606 0.2151863 0.2119738 0.2079585 0.2032449 0.1979103 0.1920057 0.1855584 0.1785732 0.1710344 0.1629067 0.1541362 0.1446516 0.1343655 0.1231766 0.1109730 9.7637475E-02 8.3055623E-02 6.7127839E-02 4.9784631E-02 3.1006416E-02 1.0840173E-02 -1.0590558E-02 -3.3096001E-02 -5.6429617E-02 -8.0432624E-02 -0.1051697 -0.1307413 -0.1572060 -0.1845873 -0.2127563 -0.2413791 -0.2699414 -0.2978222 -0.3243850
-0.1559439 -0.1472092 -0.1356020 -0.1207905 -0.1025181 -8.0660820E-02 -5.5277314E-02 -2.6657676E-02 4.6787667E-03 3.8017876E-02 7.2581053E-02 0.1075146 0.1418525 0.1747712 0.2054911 0.2333287 0.2578031 0.2786688 0.2959001 0.3096452 0.3201696 0.3278052 0.3329068 0.3358238 0.3368806 0.3363657 0.3345267 0.3315701 0.3276617 0.3229300 0.3174688 0.3113400 0.3045768 0.2971854 0.2891468 0.2804188 0.2709360 0.2606115 0.2493383 0.2369914 0.2234318 0.2085131 0.1920930 0.1740510 0.1543138 0.1328890 0.1099018 8.5613899E-02 6.0392614E-02 3.4563988E-02 8.3368160E-03 -1.8243050E-02 -4.5519590E-02 -7.4052848E-02 -0.1042173 -0.1360300 -0.1691069 -0.2027349 -0.2360154 -0.2680228
-0.1501522 -0.1388239 -0.1239633 -0.1051386 -8.2020141E-02 -5.4452870E-02 -2.2548333E-02 1.3256178E-02 5.2184135E-02 9.3240857E-02 0.1353688 0.1777194 0.2196666 0.2602903 0.2985316 0.3334201 0.3642401 0.3906152 0.4124882 0.4300457 0.4436351 0.4536861 0.4606555 0.4649864 0.4670864 0.4673136 0.4659736 0.4633175 0.4595473 0.4548172 0.4492402 0.4428905 0.4358079 0.4280000 0.4194447 0.4100913 0.3998620 0.3886523 0.3763328 0.3627514 0.3477377 0.3311120 0.3127010 0.2923638 0.2700345 0.2457854 0.2199031 0.1929556 0.1657665 0.1392304 0.1137431 8.8700868E-02 6.2869303E-02 3.4936644E-02 3.9445353E-03 -3.0342605E-02 -6.7404717E-02 -0.1061616 -0.1452530 -0.1833034
-0.1431937 -0.1289956 -0.1105203 -8.7227806E-02 -5.8706779E-02 -2.4799213E-02 1.4265965E-02 5.7732686E-02 0.1043058 0.1523834 0.2007735 0.2491484 0.2974735 0.3452725 0.3911977 0.4336671 0.4714778 0.5039826 0.5310320 0.5528377 0.5698328 0.5825609 0.5915945 0.5974860 0.6007370 0.6017858 0.6010014 0.5986868 0.5950822 0.5903722 0.5846897 0.5781230 0.5707188 0.5624865 0.5534002 0.5434006 0.5323954 0.5202614 0.5068437 0.4919603 0.4754053 0.4569619 0.4364225 0.4136290 0.3885427 0.3613605 0.3326924 0.3037601 0.2764286 0.2525737 0.2328686 0.2158442 0.1981398 0.1763080 0.1483438 0.1139103 7.3996909E-02 3.0413974E-02 -1.4701446E-02 -5.9282944E-02
