T6-multimodels/gz/model120.grd
DSAA
         100         100
  -15.00000       15.00000    
  -15.00000       15.00000    
 -0.4655169       2.819575    
[rows 54 to 80 of 100, columns 0 to 59 of 100]
-4.0367350E-02 1.2374087E-02 7.8746073E-02 0.1611390 0.2601589 0.3763207 0.5055911 0.6404551 0.7593607 0.8219811 0.7606160 0.6242737 0.5911041 0.6695516 0.7939607 0.9281705 1.054841 1.166803 1.261670 1.339506 1.401787 1.450297 1.487180 1.514216 1.533239 1.545567 1.552529 1.554957 1.553733 1.549299 1.542183 1.532534 1.520608 1.506326 1.489713 1.470495 1.448483 1.423212 1.394274 1.361022 1.322845 1.278998 1.228856 1.172068 1.109046 1.042400 0.9797671 0.9436443 0.9948362 1.253244 1.738969 2.237485 2.572759 2.750379 2.816164 2.802890 2.734624 2.630710 2.507155 2.376583
-4.1046321E-02 1.1270004E-02 7.7138737E-02 0.1589448 0.2572917 0.3726943 0.5011246 0.6350731 0.7530028 0.8146027 0.7522348 0.6149300 0.5807483 0.6581855 0.7816344 0.9149508 1.040806 1.152038 1.246263 1.323546 1.385360 1.433483 1.470054 1.496847 1.515687 1.527886 1.534767 1.537158 1.535933 1.531533 1.524481 1.514928 1.503125 1.488995 1.472564 1.453558 1.431791 1.406802 1.378186 1.345298 1.307533 1.264150 1.214526 1.158318 1.095937 1.029999 0.9681388 0.9328545 0.9849416 1.244240 1.730832 2.230310 2.566673 2.745433 2.812378 2.800268 2.733158 2.630373 2.507907 2.378369
-4.2013336E-02 9.7535662E-03 7.4968085E-02 0.1560080 0.2534721 0.3678756 0.4951937 0.6279290 0.7445572 0.8047888 0.7409660 0.6021467 0.5665337 0.6426186 0.7647892 0.8969194 1.021696 1.131965 1.225348 1.301907 1.363111 1.410732 1.446899 1.473376 1.491979 1.504009 1.510782 1.513118 1.511885 1.507519 1.500541 1.491097 1.479438 1.465487 1.449271 1.430519 1.409045 1.384394 1.356164 1.323717 1.286451 1.243633 1.194645 1.139147 1.077556 1.012491 0.9515894 0.9173496 0.9705732 1.231155 1.719186 2.220121 2.557908 2.738114 2.806530 2.795904 2.730266 2.628925 2.507852 2.379637
-4.3346476E-02 7.7219103E-03 7.2101094E-02 0.1521577 0.2484836 0.3615911 0.4874618 0.6186096 0.7335339 0.7919740 0.7263543 0.5857732 0.5483575 0.6226700 0.7431645 0.8737440 0.9971146 1.106135 1.198429 1.274057 1.334481 1.381462 1.417114 1.443189 1.461489 1.473304 1.479936 1.482196 1.480945 1.476613 1.469714 1.460392 1.448898 1.435153 1.419186 1.400728 1.379597 1.355342 1.327567 1.295640 1.258967 1.216821 1.168592 1.113949 1.053311 0.9893048 0.9295685 0.8966004 0.9511911 1.213171 1.702609 2.205086 2.544577 2.726569 2.796814 2.788037 2.724244 2.624716 2.505398 2.378852
-4.5130521E-02 5.0642644E-03 6.8392076E-02 0.1472042 0.2420808 0.3535308 0.4775394 0.6066385 0.7193516 0.7754566 0.7073770 0.5642625 0.5244166 0.5964213 0.7147428 0.8433193 0.9648823 1.072304 1.163211 1.237660 1.297100 1.343275 1.378284 1.403856 1.421777 1.433319 1.439772 1.441931 1.440649 1.436345 1.429531 1.420344 1.409034 1.395522 1.379837 1.361714 1.340976 1.317177 1.289928 1.258606 1.222625 1.181267 1.133934 1.080301 1.020797 0.9580526 0.8997098 0.8682674 0.9245220 1.188361 1.679861 2.184454 2.526063 2.710229 2.782707 2.776197 2.714679 2.617396 2.500257 2.375788
-4.7455367E-02 1.6606529E-03 6.3683972E-02 0.1409413 0.2339972 0.3433516 0.4649960 0.5914789 0.7013634 0.7544775 0.6833597 0.5372334 0.4943494 0.5633962 0.6789359 0.8049567 0.9242231 1.029623 1.118787 1.191761 1.249976 1.295154 1.329367 1.354321 1.371777 1.382983 1.389211 1.391241 1.389909 1.385629 1.378901 1.369861 1.358753 1.345500 1.330131 1.312384 1.292090 1.268808 1.242159 1.211530 1.176345 1.135901 1.089609 1.037157 0.9789820 0.9177229 0.8610232 0.8313803 0.8895762 1.155425 1.648978 2.155805 2.499861 2.686605 2.761752 2.757974 2.699212 2.604670 2.490202 2.368289
-5.0410666E-02 -2.6063994E-03 5.7818472E-02 0.1331606 0.2239580 0.3306991 0.4493774 0.5725665 0.6788720 0.7281887 0.6530846 0.5028769 0.4560476 0.5213410 0.6333646 0.7561669 0.8725533 0.9754316 1.062433 1.133587 1.190300 1.234261 1.267509 1.291714 1.308605 1.319405 1.325357 1.327224 1.325824 1.321558 1.314919 1.306035 1.295146 1.282176 1.267156 1.249828 1.230029 1.207327 1.181353 1.151508 1.117230 1.077830 1.032734 0.9816453 0.9250118 0.8654774 0.8106880 0.7831351 0.8435996 1.111952 1.608252 2.117907 2.464829 2.654551 2.732802 2.732236 2.676754 2.585499 2.474261 2.355450
-5.4082610E-02 -7.8521669E-03 5.0644379E-02 0.1236589 0.2116962 0.3152239 0.4302384 0.5493411 0.6511986 0.6957915 0.6158526 0.4608223 0.4091673 0.4697903 0.5774412 0.6962523 0.8090813 0.9088597 0.9932158 1.062158 1.117056 1.159555 1.191647 1.214960 1.231180 1.241494 1.247116 1.248782 1.247293 1.243032 1.236480 1.227760 1.217107 1.204444 1.189805 1.172937 1.153683 1.131624 1.106403 1.077435 1.044177 1.005959 0.9622239 0.9126912 0.8578222 0.8002653 0.7476606 0.7224836 0.7854816 1.056428 1.555347 2.067815 2.417807 2.610801 2.692521 2.695608 2.643922 2.556532 2.449134 2.334038
-5.8547407E-02 -1.4174101E-02 4.2031005E-02 0.1122637 0.1969810 0.2966251 0.4071921 0.5213243 0.6177606 0.6565926 0.5706264 0.4094456 0.3518168 0.4067449 0.5090687 0.6230230 0.7315351 0.8275663 0.9087423 0.9750392 1.027778 1.068548 1.099281 1.121547 1.136983 1.146729 1.151963 1.153391 1.151788 1.147519 1.141053 1.132503 1.122102 1.109768 1.095541 1.079172 1.060514 1.039160 1.014768 0.9867718 0.9546496 0.9177526 0.8755473 0.8277716 0.7748984 0.7195742 0.6694204 0.6468754 0.7126438 0.9865263 1.488542 2.004112 2.357229 2.553547 2.638890 2.645925 2.598474 2.515504 2.412578 2.301857
-6.3869536E-02 -2.1652203E-02 3.1878009E-02 9.8843202E-02 0.1796425 0.2746828 0.3799703 0.4882009 0.5782257 0.6102793 0.5173895 0.3492976 0.2847570 0.3329742 0.4289886 0.5371748 0.6405590 0.7321500 0.8095718 0.8727616 0.9229787 0.9617392 0.9909003 1.011961 1.026495 1.035589 1.040376 1.041525 1.039784 1.035496 1.029114 1.020741 1.010604 0.9986218 0.9848350 0.9690031 0.9509888 0.9303986 0.9069102 0.8799790 0.8491067 0.8136716 0.7731668 0.7273496 0.6767015 0.6238548 0.5763844 0.5566381 0.6251944 0.9016562 1.405974 1.923817 2.279411 2.478544 2.567210 2.578161 2.535179 2.457085 2.359232 2.253560
-7.0096686E-02 -3.0334631E-02 2.0131119E-02 8.3335467E-02 0.1596050 0.2493161 0.3484975 0.4499501 0.5326923 0.5571656 0.4565014 0.2805356 0.2082628 0.2489521 0.3377815 0.4393277 0.5367771 0.6232246 0.6963064 0.7559193 0.8032467 0.8397158 0.8670923 0.8867902 0.9003081 0.9086685 0.9129511 0.9137831 0.9118798 0.9075598 0.9012585 0.8930671 0.8832073 0.8715961 0.8582761 0.8430159 0.8256899 0.8059204 0.7834064 0.7576274 0.7281151 0.6942790 0.6556401 0.6119775 0.5637730 0.5136189 0.4689854 0.4520302 0.5230768 0.8015596 1.307350 1.826106 2.182450 2.382816 2.473646 2.487877 2.449220 2.376249 2.283976 2.183995
-7.7264436E-02 -4.0244590E-02 6.7842775E-03 6.5751851E-02 0.1369094 0.2206089 0.3129550 0.4069468 0.4819402 0.4987416 0.3907475 0.2076569 0.1279802 0.1609653 0.2420845 0.3362896 0.4270778 0.5077190 0.5759002 0.6314834 0.6755685 0.7094774 0.7348684 0.7530559 0.7654500 0.7730000 0.7767252 0.7772050 0.7751175 0.7707548 0.7645317 0.7565265 0.7469544 0.7357307 0.7229024 0.7082447 0.6916466 0.6727487 0.6512726 0.6267274 0.5986770 0.5665658 0.5299479 0.4886214 0.4430538 0.3957524 0.3539724 0.3394578 0.4119001 0.6900038 1.193409 1.708568 2.061359 2.259341 2.349715 2.365635 2.330587 2.262665 2.176309 2.082581
-8.5398965E-02 -5.1375400E-02 -8.1175705E-03 4.6190642E-02 0.1117210 0.1888352 0.2738008 0.3600365 0.4276241 0.4382703 0.3256972 0.1386407 5.4112356E-02 8.0638565E-02 0.1542233 0.2407158 0.3242818 0.3985496 0.4613343 0.5124843 0.5530119 0.5841218 0.6073499 0.6238965 0.6350735 0.6417469 0.6448689 0.6449664 0.6426770 0.6382616 0.6321144 0.6242996 0.6150246 0.6042034 0.5918863 0.5778583 0.5620226 0.5440394 0.5236568 0.5004153 0.4739152 0.4436400 0.4091788 0.3703447 0.3275694 0.2832010 0.2440780 0.2310507 0.3022791 0.5748174 1.067906 1.569865 1.909945 2.098414 2.183521 2.198277 2.165426 2.102099 2.021790 1.934749
-9.4525680E-02 -6.3705020E-02 -2.4485029E-02 2.4821050E-02 8.4322110E-02 0.1544248 0.2317190 0.3104072 0.3722254 0.3814962 0.2740093 9.5092833E-02 1.4385907E-02 3.8433168E-02 0.1057213 0.1845627 0.2605663 0.3280347 0.3850301 0.4314216 0.4681376 0.4962565 0.5171793 0.5319822 0.5418679 0.5476128 0.5500964 0.5497888 0.5472830 0.5428085 0.5367362 0.5291155 0.5201455 0.5097389 0.4979495 0.4845727 0.4695263 0.4524929 0.4332474 0.4113653 0.3864864 0.3581363 0.3259404 0.2897223 0.2498473 0.2084015 0.1714752 0.1580204 0.2221322 0.4751840 0.9354437 1.399869 1.708130 1.874642 1.947126 1.956688 1.924056 1.864572 1.790247 1.710182
-0.1046140 -7.7147678E-02 -4.2134732E-02 1.9218307E-03 5.5144843E-02 0.1179565 0.1875338 0.2592363 0.3181520 0.3353855 0.2568975 0.1188690 6.2558241E-02 9.1604382E-02 0.1547634 0.2263392 0.2946484 0.3550517 0.4059939 0.4474086 0.4801373 0.5051372 0.5236555 0.5366490 0.5451913 0.5499778 0.5517964 0.5510728 0.5483395 0.5438061 0.5378055 0.5303856 0.5217243 0.5117442 0.5004920 0.4877838 0.4735439 0.4574864 0.4394069 0.4189245 0.3957146 0.3693517 0.3394960 0.3059753 0.2690651 0.2304669 0.1951115 0.1783515 0.2241826 0.4250295 0.7962937 1.168662 1.411243 1.538566 1.589858 1.589986 1.555581 1.499152 1.430654 1.357725
-0.1153008 -9.1290854E-02 -6.0520995E-02 -2.1871727E-02 2.5019679E-02 8.0356941E-02 0.1423368 0.2073987 0.2658513 0.2998340 0.2811943 0.2312947 0.2244749 0.2652951 0.3260574 0.3906859 0.4512806 0.5045137 0.5492765 0.5856268 0.6142778 0.6361146 0.6521730 0.6633409 0.6705063 0.6743338 0.6754675 0.6743353 0.6713610 0.6667804 0.6608431 0.6536384 0.6452803 0.6357426 0.6250259 0.6130043 0.5995736 0.5845116 0.5676079 0.5485496 0.5270290 0.5026850 0.4752066 0.4444180 0.4105067 0.3746816 0.3404831 0.3180919 0.3342614 0.4398924 0.6435437 0.8554553 0.9993358 1.074341 1.098842 1.086992 1.049663 0.9958347 0.9330512 0.8673222
-0.1256834 -0.1050945 -7.8559086E-02 -4.5265887E-02 -4.6952278E-03 4.3227755E-02 9.7569697E-02 0.1559105 0.2131869 0.2612808 0.2924794 0.3150334 0.3496606 0.4002411 0.4581131 0.5157099 0.5685980 0.6146909 0.6533129 0.6846249 0.7092278 0.7279165 0.7415360 0.7508858 0.7566896 0.7595617 0.7600220 0.7584831 0.7552776 0.7506505 0.7447850 0.7377949 0.7297475 0.7206513 0.7104764 0.6991403 0.6865231 0.6724556 0.6567301 0.6390930 0.6192614 0.5969320 0.5718251 0.5437641 0.5128461 0.4798201 0.4468946 0.4195526 0.4095755 0.4340375 0.4960579 0.5696430 0.6249191 0.6513726 0.6506245 0.6274811 0.5875348 0.5364285 0.4793911 0.4208461
-0.1350396 -0.1177353 -9.5341891E-02 -6.7194045E-02 -3.2812323E-02 7.9345889E-03 5.4561563E-02 0.1056998 0.1588440 0.2106951 0.2588949 0.3052258 0.3541276 0.4063883 0.4592199 0.5093938 0.5546351 0.5937641 0.6264373 0.6528591 0.6735502 0.6891760 0.7004403 0.7080153 0.7125086 0.7144446 0.7142642 0.7123247 0.7089103 0.7042356 0.6984573 0.6916774 0.6839509 0.6752885 0.6656609 0.6549984 0.6431949 0.6301049 0.6155476 0.5993072 0.5811396 0.5607866 0.5380049 0.5126241 0.4846590 0.4545251 0.4234302 0.3940136 0.3709124 0.3596685 0.3616796 0.3702247 0.3751735 0.3696039 0.3510343 0.3200727 0.2791017 0.2313481 0.1802037 0.1287441
-0.1431938 -0.1289957 -0.1105204 -8.7227926E-02 -5.8706965E-02 -2.4799446E-02 1.4265766E-02 5.7732560E-02 0.1043059 0.1523837 0.2007737 0.2491485 0.2974735 0.3452727 0.3911980 0.4336674 0.4714781 0.5039829 0.5310323 0.5528382 0.5698333 0.5825613 0.5915948 0.5974864 0.6007373 0.6017863 0.6010018 0.5986872 0.5950827 0.5903727 0.5846902 0.5781236 0.5707193 0.5624872 0.5534008 0.5434012 0.5323959 0.5202618 0.5068441 0.4919606 0.4754058 0.4569625 0.4364231 0.4136296 0.3885433 0.3613611 0.3326928 0.3037604 0.2764286 0.2525735 0.2328688 0.2158449 0.1981405 0.1763085 0.1483442 0.1139108 7.3997229E-02 3.0414317E-02 -1.4701145E-02 -5.9282664E-02
-0.1501523 -0.1388240 -0.1239633 -0.1051386 -8.2020245E-02 -5.4452930E-02 -2.2548366E-02 1.3256201E-02 5.2184425E-02 9.3241364E-02 0.1353693 0.1777197 0.2196667 0.2602905 0.2985319 0.3334205 0.3642406 0.3906158 0.4124887 0.4300464 0.4436357 0.4536866 0.4606559 0.4649867 0.4670868 0.4673141 0.4659740 0.4633180 0.4595477 0.4548176 0.4492407 0.4428910 0.4358085 0.4280007 0.4194454 0.4100920 0.3998626 0.3886527 0.3763332 0.3627517 0.3477382 0.3311127 0.3127016 0.2923646 0.2700352 0.2457861 0.2199038 0.1929559 0.1657665 0.1392305 0.1137436 8.8701874E-02 6.2870443E-02 3.4937613E-02 3.9454550E-03 -3.0341774E-02 -6.7404002E-02 -0.1061609 -0.1452523 -0.1833027
-0.1559439 -0.1472093 -0.1356020 -0.1207906 -0.1025182 -8.0660999E-02 -5.5277467E-02 -2.6657818E-02 4.6788598E-03 3.8018201E-02 7.2581232E-02 0.1075146 0.1418523 0.1747712 0.2054911 0.2333288 0.2578032 0.2786689 0.2959002 0.3096453 0.3201698 0.3278053 0.3329066 0.3358237 0.3368804 0.3363655 0.3345266 0.3315699 0.3276615 0.3229298 0.3174686 0.3113399 0.3045767 0.2971854 0.2891469 0.2804189 0.2709359 0.2606113 0.2493381 0.2369913 0.2234318 0.2085133 0.1920933 0.1740513 0.1543141 0.1328893 0.1099020 8.5613810E-02 6.0392242E-02 3.4563631E-02 8.3368625E-03 -1.8242585E-02 -4.5519039E-02 -7.4052505E-02 -0.1042171 -0.1360298 -0.1691069 -0.2027349 -0.2360154 -0.2680228
-0.1605975 -0.1541542 -0.1454115 -0.1341182 -0.1200861 -0.1032230 -8.3574727E-02 -6.1348699E-02 -3.6929850E-02 -1.0857824E-02 1.6175501E-02 4.3448254E-02 7.0311882E-02 9.6028827E-02 0.1199360 0.1415187 0.1604247 0.1764746 0.1896479 0.2000513 0.2078808 0.2133847 0.2168337 0.2184976 0.2186305 0.2174606 0.2151862 0.2119737 0.2079583 0.2032447 0.1979101 0.1920056 0.1855584 0.1785732 0.1710346 0.1629068 0.1541362 0.1446515 0.1343653 0.1231764 0.1109730 9.7637668E-02 8.3055899E-02 6.7128196E-02 4.9784981E-02 3.1006690E-02 1.0840371E-02 -1.0590666E-02 -3.3096451E-02 -5.6429997E-02 -8.0432571E-02 -0.1051692 -0.1307407 -0.1572057 -0.1845871 -0.2127561 -0.2413790 -0.2699414 -0.2978222 -0.3243850
-0.1641555 -0.1596960 -0.1534204 -0.1451452 -0.1347350 -0.1221304 -0.1073710 -9.0619773E-02 -7.2164334E-02 -5.2415229E-02 -3.1848740E-02 -1.1030795E-02 9.3779759E-03 2.8839603E-02 4.6883274E-02 6.3119717E-02 7.7281497E-02 8.9228369E-02 9.8936081E-02 0.1064757 0.1119861 0.1156495 0.1176675 0.1182455 0.1175786 0.1158455 0.1132021 0.1097812 0.1056908 0.1010160 9.5818952E-02 9.0141416E-02 8.4005289E-02 7.7414557E-02 7.0355967E-02 6.2800653E-02 5.4704469E-02 4.6009868E-02 3.6646422E-02 2.6533220E-02 1.5581458E-02 3.6987681E-03 -9.2052864E-03 -2.3210322E-02 -3.8375877E-02 -5.4729812E-02 -7.2258405E-02 -9.0903439E-02 -0.1105723 -0.1311870 -0.1526472 -0.1747843 -0.1975210 -0.2208506 -0.2446903 -0.2688557 -0.2930519 -0.3168888 -0.3399205 -0.3616980
-0.1666736 -0.1638968 -0.1597048 -0.1539650 -0.1465845 -0.1375269 -0.1268320 -0.1146264 -0.1011337 -8.6665057E-02 -7.1630284E-02 -5.6459684E-02 -4.1531503E-02 -2.7287124E-02 -1.4117151E-02 -2.3188069E-03 7.9016779E-03 1.6431231E-02 2.3242354E-02 2.8377971E-02 3.1934071E-02 3.4040529E-02 3.4845851E-02 3.4503058E-02 3.3160824E-02 3.0956140E-02 2.8010830E-02 2.4428871E-02 2.0296220E-02 1.5680410E-02 1.0631501E-02 5.1827636E-03 -6.4800266E-04 -6.8578636E-03 -1.3457553E-02 -2.0470658E-02 -2.7932506E-02 -3.5889398E-02 -4.4397116E-02 -5.3519547E-02 -6.3326105E-02 -7.3888563E-02 -8.5276686E-02 -9.7552247E-02 -0.1107631 -0.1249350 -0.1400671 -0.1561274 -0.1730513 -0.1907241 -0.2090482 -0.2280080 -0.2475331 -0.2674784 -0.2876897 -0.3079715 -0.3280706 -0.3476843 -0.3664841 -0.3841460
-0.1682251 -0.1668490 -0.1643829 -0.1607336 -0.1558379 -0.1496773 -0.1422876 -0.1337713 -0.1242956 -0.1140937 -0.1034285 -9.2618451E-02 -8.2050174E-02 -7.2023056E-02 -6.2799014E-02 -5.4600425E-02 -4.7585182E-02 -4.1844591E-02 -3.7407678E-02 -3.4250587E-02 -3.2309685E-02 -3.1493232E-02 -3.1694341E-02 -3.2799784E-02 -3.4698322E-02 -3.7285548E-02 -4.0467933E-02 -4.4164479E-02 -4.8308119E-02 -5.2845307E-02 -5.7736669E-02 -6.2955461E-02 -6.8487853E-02 -7.4331351E-02 -8.0494843E-02 -8.6996913E-02 -9.3865924E-02 -0.1011384 -0.1088580 -0.1170745 -0.1258414 -0.1352136 -0.1452435 -0.1559780 -0.1674530 -0.1796890 -0.1926870 -0.2064272 -0.2208710 -0.2359871 -0.2517061 -0.2678730 -0.2843667 -0.3010992 -0.3179349 -0.3346968 -0.3511742 -0.3671311 -0.3823213 -0.3965069
-0.1688937 -0.1686612 -0.1675996 -0.1656428 -0.1627501 -0.1589125 -0.1541636 -0.1485819 -0.1422968 -0.1354819 -0.1283680 -0.1211893 -0.1141366 -0.1074547 -0.1013628 -9.6028209E-02 -9.1571793E-02 -8.8066563E-02 -8.5540198E-02 -8.3981887E-02 -8.3349854E-02 -8.3581127E-02 -8.4598921E-02 -8.6320937E-02 -8.8664450E-02 -9.1550991E-02 -9.4909221E-02 -9.8676980E-02 -0.1028020 -0.1072427 -0.1119681 -0.1169571 -0.1221988 -0.1276914 -0.1334417 -0.1394647 -0.1457825 -0.1524235 -0.1594216 -0.1668151 -0.1746443 -0.1829505 -0.1917725 -0.2011444 -0.2110919 -0.2216288 -0.2327550 -0.2444531 -0.2566853 -0.2693740 -0.2824464 -0.2958798 -0.3095957 -0.3234521 -0.3373072 -0.3510071 -0.3643802 -0.3772427 -0.3894082 -0.4007002
-0.1687729 -0.1694570 -0.1695171 -0.1689078 -0.1676019 -0.1655979 -0.1629232 -0.1596402 -0.1558434 -0.1516608 -0.1472275 -0.1427133 -0.1383380 -0.1342574 -0.1306091 -0.1275158 -0.1250685 -0.1233247 -0.1223094 -0.1220191 -0.1224276 -0.1234915 -0.1251567 -0.1273635 -0.1300512 -0.1331609 -0.1366391 -0.1404381 -0.1445178 -0.1488459 -0.1533984 -0.1581588 -0.1631185 -0.1682760 -0.1736368 -0.1792123 -0.1850199 -0.1910811 -0.1974222 -0.2040716 -0.2110597 -0.2184167 -0.2261708 -0.2343456 -0.2429585 -0.2520176 -0.2615195 -0.2714490 -0.2817794 -0.2924903 -0.3035297 -0.3147741 -0.3261232 -0.3375031 -0.3488084 -0.3599136 -0.3706813 -0.3809687 -0.3906340 -0.3995444
