T6-multimodels/gz/model90.grd
DSAA
         100         100
  -15.00000       15.00000    
  -15.00000       15.00000    
 -0.4562731       2.449305    
[rows 54 to 80 of 100, columns 0 to 59 of 100]
-3.8772460E-02 1.4249597E-02 8.0914170E-02 0.1636128 0.2629502 0.3794430 0.5090568 0.6442773 0.7635507 0.8265510 0.7655757 0.6296325 0.5968683 0.6757255 0.8005447 0.9351616 1.062229 1.174571 1.269791 1.347943 1.410485 1.459187 1.496166 1.523176 1.542015 1.553958 1.560278 1.561743 1.559149 1.552842 1.543222 1.530298 1.514139 1.494462 1.471041 1.443326 1.410817 1.372744 1.328410 1.276994 1.217923 1.150924 1.076577 0.9969785 0.9169304 0.8463487 0.8043464 0.8294640 0.9973021 1.396668 1.927817 2.310146 2.448813 2.439105 2.361839 2.258798 2.150792 2.048423 1.956572 1.877058
-3.9608091E-02 1.2987468E-02 7.9147279E-02 0.1612572 0.2599203 0.3756523 0.5044239 0.6387269 0.7570227 0.8190004 0.7570202 0.6201123 0.5863341 0.6641791 0.7880365 0.9217580 1.048009 1.159620 1.254197 1.331795 1.393871 1.442189 1.478859 1.505632 1.524294 1.536118 1.542370 1.543814 1.541241 1.534996 1.525476 1.512690 1.496709 1.477249 1.454088 1.426682 1.394533 1.356876 1.313020 1.262150 1.203697 1.137395 1.063826 0.9850878 0.9059840 0.8364253 0.7955202 0.8217976 0.9908335 1.391356 1.923612 2.307114 2.447011 2.438505 2.362386 2.260423 2.153412 2.051948 1.960910 1.882115
-4.0758915E-02 1.1285500E-02 7.6789007E-02 0.1581312 0.2559094 0.3706401 0.4982976 0.6313852 0.7483770 0.8089840 0.7455466 0.6071219 0.5719095 0.6484004 0.7709770 0.9035105 1.028680 1.139327 1.233061 1.309936 1.371404 1.419221 1.455491 1.481954 1.500387 1.512055 1.518214 1.519624 1.517070 1.510892 1.501489 1.488865 1.473093 1.453894 1.431046 1.404011 1.372297 1.335145 1.291874 1.241673 1.183982 1.118541 1.045938 0.9682737 0.8903520 0.8220807 0.7825601 0.8103087 0.9808990 1.383104 1.917138 2.302349 2.443848 2.436881 2.362225 2.261632 2.155885 2.055568 1.965555 1.887665
-4.2300381E-02 9.0434328E-03 7.3709942E-02 0.1540663 0.2507041 0.3641365 0.4903441 0.6218415 0.7371270 0.7959399 0.7307028 0.5905139 0.5534963 0.6282117 0.7491097 0.8800902 1.003852 1.113249 1.205894 1.281838 1.342527 1.389706 1.425467 1.451534 1.469675 1.481139 1.487176 1.488536 1.485994 1.479890 1.470617 1.458179 1.442651 1.423754 1.401274 1.374676 1.343477 1.306927 1.264351 1.214953 1.158181 1.093784 1.022357 0.9460065 0.8695368 0.8028531 0.7650470 0.7946211 0.9671150 1.371208 1.907094 2.294232 2.437709 2.432669 2.359847 2.260968 2.156797 2.057908 1.969167 1.892393
-4.4313736E-02 6.1542029E-03 6.9766939E-02 0.1488767 0.2440625 0.3558347 0.4801776 0.6096236 0.7226949 0.7791696 0.7114694 0.5687438 0.5292931 0.6016978 0.7204201 0.8493949 0.9713477 1.079143 1.170401 1.245166 1.304872 1.351249 1.386371 1.411943 1.429718 1.440926 1.446805 1.448091 1.445555 1.439526 1.430397 1.418168 1.402916 1.384366 1.362309 1.336216 1.305616 1.269769 1.228011 1.179561 1.123878 1.060725 0.9907071 0.9159371 0.8412222 0.7764645 0.7407454 0.7725520 0.9474118 1.354044 1.892594 2.282328 2.428283 2.425627 2.355071 2.258307 2.156077 2.058937 1.971749 1.896334
-4.6881102E-02 2.5059679E-03 6.4811468E-02 0.1423638 0.2357263 0.3454000 0.4673755 0.5942022 0.7044414 0.7579220 0.6871802 0.5414391 0.4989469 0.5683905 0.6843280 0.8107445 0.9303977 1.036171 1.125684 1.198974 1.257457 1.302841 1.337174 1.362138 1.379459 1.390350 1.396028 1.397216 1.394674 1.388722 1.379747 1.367750 1.352808 1.334649 1.313071 1.287555 1.257641 1.222602 1.181792 1.134445 1.080035 1.018343 0.9499878 0.8770906 0.8044631 0.7420033 0.7087821 0.7432638 0.9209346 1.330402 1.871778 2.264435 2.413364 2.413608 2.345810 2.251622 2.151748 2.056728 1.971414 1.897630
-5.0081231E-02 -2.0087347E-03 5.8695756E-02 0.1343298 0.2254307 0.3324879 0.4514938 0.5750237 0.6816803 0.7313597 0.6566280 0.5068018 0.4603609 0.5260476 0.6384656 0.7616602 0.8784313 0.9816810 1.069030 1.140501 1.197484 1.241655 1.275029 1.299255 1.316027 1.326531 1.331961 1.333022 1.330458 1.324582 1.315772 1.304028 1.289427 1.271704 1.250663 1.225797 1.196659 1.162539 1.122812 1.076729 1.023789 0.9637904 0.8973672 0.8266551 0.7564674 0.6966988 0.6664046 0.7040271 0.8850347 1.298072 1.843191 2.239546 2.392052 2.395762 2.331269 2.240166 2.143116 2.050631 1.967550 1.895701
-5.3981110E-02 -7.4850866E-03 5.1287904E-02 0.1245914 0.2129290 0.3167693 0.4321080 0.5515471 0.6537520 0.6987036 0.6191332 0.4644806 0.4132094 0.4742220 0.5822638 0.7014644 0.8146749 0.9148225 0.9995260 1.068786 1.123955 1.166669 1.198895 1.222239 1.238357 1.248398 1.253529 1.254430 1.251828 1.246024 1.237388 1.225917 1.211690 1.194445 1.173998 1.149855 1.121584 1.088498 1.049991 1.005342 0.9540740 0.8960075 0.8317974 0.7635884 0.6961973 0.6395060 0.6125495 0.6537390 0.8384926 1.255336 1.804294 2.204642 2.361241 2.368985 2.308366 2.220897 2.127178 2.037679 1.957225 1.887643
-5.8630027E-02 -1.3994216E-02 4.2484269E-02 0.1130024 0.1980164 0.2979693 0.4088566 0.5233213 0.6201008 0.6592873 0.5736853 0.4128779 0.3556291 0.4109422 0.5136529 0.6279935 0.7368842 0.8332831 0.9148051 0.9814198 1.034434 1.075423 1.106298 1.128608 1.143959 1.153457 1.158233 1.158939 1.156281 1.150543 1.142089 1.130910 1.117086 1.100364 1.080567 1.057218 1.029906 0.9979649 0.9608181 0.9177719 0.8683789 0.8124856 0.7507641 0.6853663 0.6210992 0.5678193 0.5445207 0.5895720 0.7783719 1.199515 1.753008 2.157924 2.319070 2.331340 2.275131 2.191842 2.101977 2.015942 1.938529 1.871565
-6.4049035E-02 -2.1572364E-02 3.2227755E-02 9.9474639E-02 0.1805668 0.2759122 0.3815159 0.4900748 0.5804384 0.6128420 0.5203119 0.3525888 0.2884234 0.3370216 0.4334186 0.5419873 0.6457469 0.7377036 0.8154700 0.8789782 0.9294729 0.9684581 0.9977700 1.018888 1.033357 1.042230 1.046595 1.047070 1.044336 1.038660 1.030393 1.019523 1.006131 0.9899706 0.9708780 0.9483927 0.9221264 0.8914407 0.8557895 0.8145117 0.7671914 0.7137001 0.6547238 0.5924070 0.5315224 0.4818624 0.4623342 0.5112219 0.7038642 1.128790 1.686111 2.095198 2.260898 2.277937 2.226537 2.147911 2.062402 1.980306 1.906357 1.842371
-7.0225984E-02 -3.0208122E-02 2.0523986E-02 8.4006339E-02 0.1605648 0.2505768 0.3500701 0.4518463 0.5349228 0.5597413 0.4594319 0.2838300 0.2119275 0.2529935 0.3422007 0.4441257 0.5419476 0.6287580 0.7021840 0.7621152 0.8097233 0.8464227 0.8739601 0.8937300 0.9072029 0.9153701 0.9192688 0.9194783 0.9166492 0.9110280 0.9029536 0.8924084 0.8794749 0.8639131 0.8455744 0.8240174 0.7988792 0.7695518 0.7355235 0.6961686 0.6511033 0.6002214 0.5442090 0.4851765 0.4278104 0.3817562 0.3657251 0.4178072 0.6132653 1.040850 1.601005 2.013304 2.182827 2.204352 2.157857 2.084222 2.003499 1.925784 1.855707 1.795051
-7.7105224E-02 -3.9833158E-02 7.4581709E-03 6.6699840E-02 0.1381419 0.2221379 0.3147914 0.4091021 0.4844249 0.5015666 0.3939221 0.2111902 0.1318790 0.1652356 0.2467282 0.3413080 0.4324650 0.5134667 0.5819910 0.6378937 0.6822619 0.7164071 0.7419690 0.7602437 0.7726140 0.7800010 0.7833827 0.7832941 0.7803521 0.7747797 0.7669023 0.7566953 0.7442431 0.7293140 0.7117738 0.6912029 0.6672662 0.6393897 0.6070984 0.5698037 0.5271536 0.4790558 0.4261736 0.3705364 0.3166524 0.2738607 0.2604309 0.3139492 0.5093400 0.9354874 1.493839 1.905491 2.076351 2.101074 2.059047 1.990464 1.914825 1.841867 1.776031 1.719028
-8.4588647E-02 -5.0316576E-02 -6.8002497E-03 4.7777738E-02 0.1135885 0.1909945 0.2762626 0.3628123 0.4307239 0.4417053 0.3294767 0.1427734 5.8605056E-02 8.5497737E-02 0.1594516 0.2463141 0.3302453 0.4048707 0.4679974 0.5194674 0.5602813 0.5916334 0.6150426 0.6316920 0.6428677 0.6494095 0.6522303 0.6518154 0.6487454 0.6432167 0.6355398 0.6256834 0.6137321 0.5994635 0.5827594 0.5632243 0.5405519 0.5142049 0.4837470 0.4486283 0.4085243 0.3633438 0.3136990 0.2614670 0.2108370 0.1705671 0.1579816 0.2093684 0.3984444 0.8143022 1.361025 1.763494 1.929964 1.954892 1.916110 1.852285 1.781854 1.713931 1.652642 1.599574
-9.2532642E-02 -6.1467383E-02 -2.1993056E-02 2.7578557E-02 8.7355286E-02 0.1577450 0.2353368 0.3143339 0.3764707 0.3860714 0.2789229 0.1003545 2.0002155E-02 4.4410493E-02 0.1120624 0.1912692 0.2676342 0.3354578 0.3927934 0.4395054 0.4765106 0.5048780 0.5259922 0.5409140 0.5508214 0.5564666 0.5586922 0.5579306 0.5547203 0.5492330 0.5417598 0.5322633 0.5208286 0.5072433 0.4914054 0.4729443 0.4515857 0.4268297 0.3982804 0.3654262 0.3279658 0.2857958 0.2394402 0.1905431 0.1427934 0.1039665 8.9565754E-02 0.1327262 0.3027717 0.6865812 1.195245 1.567162 1.717135 1.736810 1.699166 1.639458 1.574192 1.511478 1.454965 1.406049
-0.1007519 -7.3045075E-02 -3.7781987E-02 6.5355329E-03 6.0029514E-02 0.1231234 0.1929930 0.2649990 0.3242279 0.3417855 0.2636303 0.1259438 6.9982275E-02 9.9383757E-02 0.1629012 0.2348377 0.3035045 0.3642596 0.4155404 0.4572757 0.4902966 0.5155514 0.5342718 0.5474001 0.5559872 0.5607064 0.5623118 0.5611926 0.5578331 0.5523883 0.5451192 0.5359932 0.5250838 0.5122004 0.4972474 0.4798895 0.4598764 0.4367549 0.4101633 0.3796342 0.3448798 0.3057760 0.2627259 0.2170647 0.1718082 0.1333045 0.1140918 0.1408837 0.2700624 0.5745894 0.9824682 1.276981 1.389195 1.396044 1.357009 1.300649 1.240415 1.182993 1.131400 1.086782
-0.1090260 -8.4779955E-02 -5.3764321E-02 -1.4858949E-02 3.2298729E-02 8.7912835E-02 0.1501799 0.2155397 0.2742999 0.3086007 0.2902879 0.2407243 0.2342476 0.2754174 0.3365329 0.4015169 0.4624648 0.5160461 0.5611461 0.5978170 0.6267628 0.6488603 0.6651314 0.6764498 0.6836838 0.6874760 0.6884407 0.6869725 0.6834508 0.6780611 0.6709887 0.6622483 0.6518621 0.6396985 0.6256330 0.6094007 0.5907424 0.5692828 0.5446682 0.5164967 0.4844748 0.4484628 0.4087217 0.3662331 0.3232544 0.2844032 0.2584937 0.2628659 0.3303095 0.4971467 0.7194909 0.8784150 0.9323287 0.9206122 0.8785447 0.8250400 0.7697491 0.7176428 0.6710331 0.6307805
-0.1171610 -9.6340336E-02 -6.9563568E-02 -3.6019143E-02 4.8128539E-03 5.3007357E-02 0.1076311 0.1662639 0.2238422 0.2722479 0.3037676 0.3266512 0.3616154 0.4125393 0.4707590 0.5287058 0.5819429 0.6283804 0.6673378 0.6989698 0.7238703 0.7428248 0.7566673 0.7661831 0.7720786 0.7749472 0.7752829 0.7734663 0.7697918 0.7644572 0.7575892 0.7492339 0.7393768 0.7279318 0.7147580 0.6996487 0.6823480 0.6625467 0.6399086 0.6140897 0.5847981 0.5518751 0.5154458 0.4761505 0.4355092 0.3964945 0.3644034 0.3480844 0.3601488 0.4081553 0.4728047 0.5149394 0.5168211 0.4881839 0.4435348 0.3930215 0.3426980 0.2959029 0.2542615 0.2183569
-0.1249491 -0.1074177 -8.4787548E-02 -5.6393374E-02 -2.1755544E-02 1.9257504E-02 6.6160657E-02 0.1175850 0.1710252 0.2231818 0.2716963 0.3183504 0.3675829 0.4201807 0.4733542 0.5238724 0.5694579 0.6089278 0.6419338 0.6686754 0.6896657 0.7055627 0.7170596 0.7248155 0.7294229 0.7313865 0.7311245 0.7289650 0.7251580 0.7198760 0.7132253 0.7052470 0.6959252 0.6851860 0.6729029 0.6588973 0.6429427 0.6247712 0.6040856 0.5805809 0.5539849 0.5241195 0.4910015 0.4549907 0.4169957 0.3787372 0.3430045 0.3136745 0.2946948 0.2866698 0.2824430 0.2702793 0.2440099 0.2056935 0.1606511 0.1137891 6.8555869E-02 2.7030021E-02 -9.7386539E-03 -4.1394230E-02
-0.1321788 -0.1177580 -9.9050827E-02 -7.5517051E-02 -4.6745211E-02 -1.2577103E-02 2.6758440E-02 7.0505448E-02 0.1173685 0.1657456 0.2144438 0.2631352 0.3117844 0.3599142 0.4061751 0.4489834 0.4871332 0.5199748 0.5473542 0.5694788 0.5867748 0.5997787 0.6090535 0.6151404 0.6185266 0.6196333 0.6188085 0.6163298 0.6124066 0.6071862 0.6007571 0.5931544 0.5843620 0.5743161 0.5629064 0.5499787 0.5353376 0.5187519 0.4999644 0.4787090 0.4547378 0.4278663 0.3980377 0.3654117 0.3304721 0.2941294 0.2577507 0.2229668 0.1910165 0.1615670 0.1322520 9.9996589E-02 6.3037343E-02 2.1979818E-02 -2.0979945E-02 -6.3430861E-02 -0.1034607 -0.1398320 -0.1719053 -0.1994873
-0.1386830 -0.1271367 -0.1120490 -9.2988215E-02 -6.9624349E-02 -4.1802075E-02 -9.6330307E-03 2.6445627E-02 6.5657318E-02 0.1070069 0.1494364 0.1920967 0.2343612 0.2753091 0.3138798 0.3491011 0.3802550 0.4069625 0.4291625 0.4470374 0.4609288 0.4712596 0.4784782 0.4830177 0.4852729 0.4855865 0.4842454 0.4814784 0.4774600 0.4723122 0.4661088 0.4588778 0.4506049 0.4412344 0.4306719 0.4187857 0.4054098 0.3903478 0.3733813 0.3542816 0.3328305 0.3088503 0.2822448 0.2530526 0.2215006 0.1880439 0.1533453 0.1181470 8.3003998E-02 4.8006050E-02 1.2548344E-02 -2.4288276E-02 -6.2742002E-02 -0.1021259 -0.1412349 -0.1787570 -0.2136005 -0.2450306 -0.2726683 -0.2964210
-0.1443362 -0.1353881 -0.1235589 -0.1085165 -9.0004139E-02 -6.7897655E-02 -4.2255655E-02 -1.3368111E-02 1.8245576E-02 5.1870991E-02 8.6728796E-02 0.1219652 0.1566135 0.1898497 0.2208922 0.2490564 0.2738591 0.2950523 0.3126071 0.3266677 0.3374945 0.3454132 0.3507712 0.3539089 0.3551392 0.3547372 0.3529341 0.3499165 0.3458266 0.3407645 0.3347900 0.3279258 0.3201583 0.3114401 0.3016911 0.2908006 0.2786295 0.2650138 0.2497707 0.2327088 0.2136415 0.1924085 0.1689024 0.1431004 0.1150948 8.5109398E-02 5.3486563E-02 2.0623172E-02 -1.3143852E-02 -4.7673263E-02 -8.2887955E-02 -0.1185725 -0.1544246 -0.1899230 -0.2242955 -0.2567407 -0.2865922 -0.3133990 -0.3369333 -0.3571562
-0.1490592 -0.1424075 -0.1334477 -0.1219288 -0.1076622 -9.0555683E-02 -7.0654988E-02 -4.8167411E-02 -2.3478072E-02 2.8732582E-03 3.0194497E-02 5.7763282E-02 8.4930457E-02 0.1109577 0.1351807 0.1570835 0.1763118 0.1926841 0.2061771 0.2168935 0.2250251 0.2308147 0.2345264 0.2364217 0.2367450 0.2357124 0.2335080 0.2302809 0.2261458 0.2211827 0.2154404 0.2089358 0.2016568 0.1935633 0.1845885 0.1746403 0.1636039 0.1513445 0.1377124 0.1225504 0.1057042 8.7037221E-02 6.6448547E-02 4.3893948E-02 1.9403916E-02 -6.9037313E-03 -3.4828398E-02 -6.4107709E-02 -9.4445191E-02 -0.1255061 -0.1570152 -0.1887540 -0.2203071 -0.2510963 -0.2805360 -0.3080818 -0.3332957 -0.3558833 -0.3756997 -0.3927294
-0.1528160 -0.1481529 -0.1416654 -0.1331699 -0.1225308 -0.1096886 -9.4683006E-02 -7.7676572E-02 -5.8957249E-02 -3.8935658E-02 -1.8088276E-02 3.0186027E-03 2.3723783E-02 4.3488521E-02 6.1841100E-02 7.8390934E-02 9.2868946E-02 0.1051328 0.1151557 0.1230054 0.1288171 0.1327677 0.1350534 0.1358722 0.1354106 0.1338368 0.1312944 0.1279013 0.1237478 0.1188980 0.1133897 0.1072362 0.1004264 9.2926838E-02 8.4682211E-02 7.5617433E-02 6.5638848E-02 5.4637592E-02 4.2493060E-02 2.9079344E-02 1.4272477E-02 -2.0381792E-03 -1.9937584E-02 -3.9470505E-02 -6.0628206E-02 -8.3338745E-02 -0.1074640 -0.1328066 -0.1591277 -0.1861845 -0.2136457 -0.2410498 -0.2679765 -0.2940269 -0.3187701 -0.3418148 -0.3628525 -0.3816780 -0.3981909 -0.4123824
-0.1556109 -0.1526352 -0.1482365 -0.1422817 -0.1346781 -0.1253887 -0.1144537 -0.1019995 -8.8249587E-02 -7.3515341E-02 -5.8206778E-02 -4.2754494E-02 -2.7537160E-02 -1.2996968E-02 4.7475332E-04 1.2579514E-02 2.3109781E-02 3.1950545E-02 3.9072037E-02 4.4514306E-02 4.8369922E-02 5.0764441E-02 5.1841199E-02 5.1747005E-02 5.0622951E-02 4.8597112E-02 4.5780540E-02 4.2264428E-02 3.8119778E-02 3.3396274E-02 2.8123531E-02 2.2310939E-02 1.5949126E-02 9.0101678E-03 1.4492661E-03 -6.7945803E-03 -1.5796198E-02 -2.5642384E-02 -3.6428235E-02 -4.8252743E-02 -6.1212327E-02 -7.5393103E-02 -9.0861075E-02 -0.1076519 -0.1257609 -0.1451343 -0.1656652 -0.1871914 -0.2094927 -0.2322725 -0.2552383 -0.2781379 -0.3006223 -0.3222935 -0.3428041 -0.3618598 -0.3792328 -0.3947715 -0.4083997 -0.4201082
-0.1574801 -0.1559100 -0.1532424 -0.1493836 -0.1442704 -0.1378841 -0.1302606 -0.1215020 -0.1117758 -0.1013153 -9.0383425E-02 -7.9299033E-02 -6.8449087E-02 -5.8133516E-02 -4.8615109E-02 -4.0117126E-02 -3.2798842E-02 -2.6753148E-02 -2.2011099E-02 -1.8551422E-02 -1.6313408E-02 -1.5209138E-02 -1.5136204E-02 -1.5986815E-02 -1.7656142E-02 -2.0047663E-02 -2.3076998E-02 -2.6673999E-02 -3.0784195E-02 -3.5369135E-02 -4.0406402E-02 -4.5888998E-02 -5.1825400E-02 -5.8238186E-02 -6.5163732E-02 -7.2650217E-02 -8.0757186E-02 -8.9552350E-02 -9.9109799E-02 -0.1095053 -0.1208120 -0.1330943 -0.1464002 -0.1607538 -0.1761478 -0.1925362 -0.2098302 -0.2278962 -0.2465623 -0.2656429 -0.2848798 -0.3039257 -0.3224860 -0.3403091 -0.3571387 -0.3727517 -0.3869745 -0.3996901 -0.4108371 -0.4204035
-0.1584851 -0.1580635 -0.1568055 -0.1546447 -0.1515402 -0.1474829 -0.1425064 -0.1366890 -0.1301603 -0.1230938 -0.1157204 -0.1082747 -0.1009479 -9.3985118E-02 -8.7606244E-02 -8.1979573E-02 -7.7227145E-02 -7.3423259E-02 -7.0597507E-02 -6.8741143E-02 -6.7815177E-02 -6.7759767E-02 -6.8502150E-02 -6.9964655E-02 -7.2070129E-02 -7.4746750E-02 -7.7931002E-02 -8.1569836E-02 -8.5621685E-02 -9.0057537E-02 -9.4860204E-02 -0.1000251 -0.1055593 -0.1114812 -0.1178194 -0.1246122 -0.1319057 -0.1397524 -0.1482085 -0.1573313 -0.1671746 -0.1777848 -0.1891947 -0.2014177 -0.2144428 -0.2282281 -0.2426982 -0.2577409 -0.2732034 -0.2888770 -0.3045618 -0.3200974 -0.3352602 -0.3497984 -0.3635033 -0.3762018 -0.3877598 -0.3980845 -0.4071245 -0.4148651
-0.1587034 -0.1592035 -0.1590722 -0.1582644 -0.1567525 -0.1545348 -0.1516388 -0.1481267 -0.1440931 -0.1396658 -0.1349805 -0.1302067 -0.1255648 -0.1212109 -0.1172832 -0.1139054 -0.1111692 -0.1091335 -0.1078249 -0.1072417 -0.1073601 -0.1081394 -0.1095290 -0.1114732 -0.1139159 -0.1168042 -0.1200908 -0.1237358 -0.1277082 -0.1319859 -0.1365564 -0.1414164 -0.1465720 -0.1520377 -0.1578362 -0.1639969 -0.1705556 -0.1775520 -0.1850283 -0.1930266 -0.2015857 -0.2107377 -0.2205033 -0.2308878 -0.2418768 -0.2534324 -0.2654900 -0.2779582 -0.2907225 -0.3036659 -0.3166214 -0.3293594 -0.3416975 -0.3534902 -0.3645860 -0.3748521 -0.3841834 -0.3925058 -0.3997752 -0.4059758
