T6-multimodels/gz/model90.grd
DSAA
         100         100
  -15.00000       15.00000    
  -15.00000       15.00000    
 -0.4562731       2.449305    
[rows 27 to 53 of 100, columns 0 to 59 of 100]
-0.1249491 -0.1074176 -8.4787510E-02 -5.6393366E-02 -2.1755438E-02 1.9257534E-02 6.6160634E-02 0.1175849 0.1710248 0.2231812 0.2716959 0.3183502 0.3675829 0.4201806 0.4733539 0.5238722 0.5694578 0.6089274 0.6419333 0.6686747 0.6896653 0.7055622 0.7170593 0.7248152 0.7294225 0.7313862 0.7311240 0.7289646 0.7251576 0.7198756 0.7132247 0.7052465 0.6959247 0.6851854 0.6729024 0.6588967 0.6429425 0.6247710 0.6040853 0.5805807 0.5539845 0.5241190 0.4910011 0.4549903 0.4169953 0.3787369 0.3430043 0.3136747 0.2946950 0.2866696 0.2824422 0.2702782 0.2440088 0.2056926 0.1606504 0.1137884 6.8555214E-02 2.7029391E-02 -9.7392714E-03 -4.1394927E-02
-0.1171607 -9.6340150E-02 -6.9563404E-02 -3.6018983E-02 4.8129703E-03 5.3007457E-02 0.1076311 0.1662639 0.2238419 0.2722475 0.3037674 0.3266515 0.3616161 0.4125399 0.4707596 0.5287064 0.5819435 0.6283810 0.6673382 0.6989701 0.7238706 0.7428253 0.7566677 0.7661837 0.7720792 0.7749479 0.7752834 0.7734670 0.7697924 0.7644577 0.7575896 0.7492341 0.7393770 0.7279320 0.7147583 0.6996490 0.6823484 0.6625472 0.6399091 0.6140901 0.5847983 0.5518752 0.5154461 0.4761508 0.4355095 0.3964949 0.3644038 0.3480853 0.3601496 0.4081554 0.4728037 0.5149377 0.5168195 0.4881825 0.4435334 0.3930201 0.3426967 0.2959015 0.2542600 0.2183554
-0.1090259 -8.4779888E-02 -5.3764272E-02 -1.4858938E-02 3.2298770E-02 8.7912828E-02 0.1501798 0.2155395 0.2742995 0.3086002 0.2902879 0.2407251 0.2342489 0.2754187 0.3365341 0.4015181 0.4624661 0.5160474 0.5611474 0.5978181 0.6267639 0.6488615 0.6651328 0.6764511 0.6836851 0.6874774 0.6884421 0.6869738 0.6834522 0.6780623 0.6709898 0.6622492 0.6518631 0.6396996 0.6256340 0.6094018 0.5907437 0.5692841 0.5446694 0.5164979 0.4844760 0.4484639 0.4087229 0.3662343 0.3232556 0.2844046 0.2584949 0.2628675 0.3303108 0.4971470 0.7194896 0.8784125 0.9323262 0.9206099 0.8785425 0.8250377 0.7697468 0.7176405 0.6710309 0.6307781
-0.1007517 -7.3044889E-02 -3.7781835E-02 6.5356726E-03 6.0029615E-02 0.1231234 0.1929930 0.2649990 0.3242277 0.3417851 0.2636304 0.1259445 6.9983028E-02 9.9384554E-02 0.1629021 0.2348387 0.3035055 0.3642605 0.4155412 0.4572765 0.4902970 0.5155520 0.5342724 0.5474010 0.5559883 0.5607073 0.5623127 0.5611937 0.5578340 0.5523894 0.5451199 0.5359938 0.5250844 0.5122011 0.4972481 0.4798903 0.4598770 0.4367558 0.4101644 0.3796351 0.3448805 0.3057767 0.2627266 0.2170655 0.1718090 0.1333051 0.1140928 0.1408848 0.2700636 0.5745897 0.9824673 1.276979 1.389193 1.396043 1.357007 1.300647 1.240414 1.182992 1.131398 1.086781
-9.2532679E-02 -6.1467428E-02 -2.1993158E-02 2.7578395E-02 8.7355182E-02 0.1577449 0.2353366 0.3143337 0.3764704 0.3860707 0.2789224 0.1003542 2.0002108E-02 4.4410303E-02 0.1120621 0.1912692 0.2676342 0.3354575 0.3927929 0.4395051 0.4765103 0.5048779 0.5259922 0.5409140 0.5508214 0.5564666 0.5586922 0.5579305 0.5547202 0.5492329 0.5417596 0.5322631 0.5208281 0.5072429 0.4914050 0.4729441 0.4515856 0.4268296 0.3982801 0.3654260 0.3279655 0.2857954 0.2394400 0.1905427 0.1427932 0.1039665 8.9565575E-02 0.1327264 0.3027721 0.6865811 1.195245 1.567161 1.717134 1.736810 1.699166 1.639457 1.574191 1.511478 1.454964 1.406048
-8.4588736E-02 -5.0316680E-02 -6.8003428E-03 4.7777623E-02 0.1135882 0.1909945 0.2762625 0.3628122 0.4307237 0.4417048 0.3294761 0.1427729 5.8604684E-02 8.5497461E-02 0.1594511 0.2463137 0.3302449 0.4048702 0.4679969 0.5194668 0.5602804 0.5916328 0.6150423 0.6316918 0.6428676 0.6494089 0.6522298 0.6518150 0.6487447 0.6432163 0.6355391 0.6256827 0.6137313 0.5994628 0.5827587 0.5632237 0.5405514 0.5142043 0.4837466 0.4486277 0.4085235 0.3633431 0.3136984 0.2614663 0.2108365 0.1705666 0.1579813 0.2093684 0.3984445 0.8143021 1.361024 1.763494 1.929964 1.954892 1.916110 1.852285 1.781854 1.713932 1.652643 1.599574
-7.7105455E-02 -3.9833345E-02 7.4578216E-03 6.6699393E-02 0.1381416 0.2221377 0.3147911 0.4091019 0.4844243 0.5015658 0.3939211 0.2111894 0.1318783 0.1652348 0.2467276 0.3413071 0.4324644 0.5134660 0.5819900 0.6378926 0.6822609 0.7164064 0.7419683 0.7602430 0.7726135 0.7800005 0.7833820 0.7832936 0.7803513 0.7747789 0.7669013 0.7566949 0.7442425 0.7293131 0.7117727 0.6912021 0.6672654 0.6393888 0.6070976 0.5698030 0.5271528 0.4790549 0.4261731 0.3705359 0.3166518 0.2738603 0.2604303 0.3139490 0.5093400 0.9354874 1.493838 1.905491 2.076351 2.101074 2.059047 1.990464 1.914825 1.841867 1.776031 1.719028
-7.0226081E-02 -3.0208264E-02 2.0523638E-02 8.4006011E-02 0.1605644 0.2505764 0.3500698 0.4518460 0.5349222 0.5597405 0.4594311 0.2838292 0.2119268 0.2529925 0.3422002 0.4441252 0.5419472 0.6287574 0.7021832 0.7621148 0.8097225 0.8464221 0.8739595 0.8937297 0.9072024 0.9153697 0.9192685 0.9194780 0.9166486 0.9110274 0.9029531 0.8924079 0.8794742 0.8639129 0.8455740 0.8240170 0.7988786 0.7695513 0.7355230 0.6961682 0.6511025 0.6002211 0.5442085 0.4851762 0.4278100 0.3817559 0.3657244 0.4178070 0.6132656 1.040850 1.601005 2.013305 2.182827 2.204353 2.157858 2.084223 2.003500 1.925784 1.855708 1.795051
-6.4049169E-02 -2.1572715E-02 3.2227427E-02 9.9474423E-02 0.1805664 0.2759117 0.3815156 0.4900745 0.5804378 0.6128412 0.5203110 0.3525879 0.2884227 0.3370208 0.4334176 0.5419866 0.6457464 0.7377030 0.8154694 0.8789775 0.9294722 0.9684576 0.9977695 1.018888 1.033357 1.042230 1.046595 1.047070 1.044336 1.038660 1.030392 1.019523 1.006130 0.9899701 0.9708775 0.9483923 0.9221258 0.8914403 0.8557891 0.8145112 0.7671906 0.7136998 0.6547232 0.5924068 0.5315222 0.4818619 0.4623336 0.5112215 0.7038642 1.128791 1.686111 2.095198 2.260899 2.277938 2.226538 2.147912 2.062403 1.980306 1.906357 1.842371
-5.8630131E-02 -1.3994472E-02 4.2483956E-02 0.1130021 0.1980162 0.2979692 0.4088564 0.5233213 0.6201006 0.6592869 0.5736848 0.4128774 0.3556285 0.4109419 0.5136524 0.6279930 0.7368839 0.8332829 0.9148051 0.9814194 1.034434 1.075422 1.106298 1.128608 1.143959 1.153457 1.158233 1.158939 1.156281 1.150543 1.142089 1.130910 1.117086 1.100363 1.080567 1.057218 1.029905 0.9979646 0.9608178 0.9177716 0.8683787 0.8124855 0.7507638 0.6853660 0.6210991 0.5678192 0.5445202 0.5895719 0.7783723 1.199516 1.753008 2.157924 2.319072 2.331341 2.275132 2.191843 2.101978 2.015943 1.938529 1.871566
-5.3981215E-02 -7.4851559E-03 5.1287819E-02 0.1245913 0.2129288 0.3167692 0.4321079 0.5515473 0.6537519 0.6987033 0.6191328 0.4644805 0.4132094 0.4742218 0.5822634 0.7014642 0.8146750 0.9148228 0.9995264 1.068786 1.123955 1.166669 1.198895 1.222240 1.238358 1.248399 1.253529 1.254430 1.251829 1.246024 1.237388 1.225917 1.211690 1.194445 1.173998 1.149855 1.121584 1.088498 1.049991 1.005342 0.9540740 0.8960078 0.8317977 0.7635889 0.6961976 0.6395062 0.6125494 0.6537392 0.8384928 1.255336 1.804294 2.204642 2.361242 2.368986 2.308367 2.220897 2.127178 2.037680 1.957225 1.887643
-5.0081171E-02 -2.0086998E-03 5.8695771E-02 0.1343299 0.2254307 0.3324882 0.4514941 0.5750238 0.6816804 0.7313595 0.6566280 0.5068021 0.4603610 0.5260479 0.6384657 0.7616611 0.8784320 0.9816816 1.069031 1.140502 1.197484 1.241656 1.275030 1.299255 1.316027 1.326531 1.331962 1.333023 1.330458 1.324582 1.315772 1.304028 1.289427 1.271704 1.250663 1.225797 1.196659 1.162540 1.122812 1.076729 1.023790 0.9637910 0.8973677 0.8266558 0.7564681 0.6966990 0.6664047 0.7040277 0.8850355 1.298072 1.843192 2.239546 2.392052 2.395763 2.331269 2.240166 2.143116 2.050630 1.967550 1.895702
-4.6880953E-02 2.5061774E-03 6.4811483E-02 0.1423638 0.2357263 0.3454001 0.4673758 0.5942026 0.7044416 0.7579221 0.6871800 0.5414394 0.4989472 0.5683908 0.6843284 0.8107451 0.9303983 1.036172 1.125685 1.198975 1.257457 1.302841 1.337174 1.362138 1.379459 1.390350 1.396028 1.397217 1.394674 1.388722 1.379747 1.367750 1.352807 1.334649 1.313071 1.287556 1.257641 1.222602 1.181793 1.134445 1.080035 1.018344 0.9499882 0.8770912 0.8044635 0.7420036 0.7087823 0.7432640 0.9209353 1.330402 1.871779 2.264436 2.413365 2.413609 2.345811 2.251622 2.151748 2.056728 1.971415 1.897630
-4.4313528E-02 6.1543891E-03 6.9767073E-02 0.1488767 0.2440626 0.3558349 0.4801781 0.6096240 0.7226951 0.7791697 0.7114695 0.5687440 0.5292932 0.6016978 0.7204203 0.8493957 0.9713482 1.079144 1.170401 1.245167 1.304872 1.351249 1.386371 1.411944 1.429718 1.440927 1.446806 1.448092 1.445555 1.439527 1.430397 1.418169 1.402916 1.384366 1.362309 1.336217 1.305616 1.269769 1.228011 1.179561 1.123879 1.060726 0.9907073 0.9159375 0.8412226 0.7764647 0.7407454 0.7725521 0.9474124 1.354044 1.892594 2.282329 2.428284 2.425628 2.355072 2.258308 2.156077 2.058938 1.971750 1.896334
-4.2300310E-02 9.0436079E-03 7.3709927E-02 0.1540662 0.2507041 0.3641365 0.4903443 0.6218419 0.7371272 0.7959399 0.7307028 0.5905139 0.5534964 0.6282119 0.7491099 0.8800904 1.003853 1.113249 1.205894 1.281839 1.342527 1.389707 1.425467 1.451535 1.469676 1.481140 1.487177 1.488536 1.485995 1.479891 1.470617 1.458180 1.442651 1.423754 1.401274 1.374676 1.343477 1.306927 1.264351 1.214954 1.158181 1.093785 1.022357 0.9460069 0.8695377 0.8028533 0.7650470 0.7946213 0.9671156 1.371208 1.907095 2.294232 2.437709 2.432669 2.359847 2.260969 2.156797 2.057908 1.969167 1.892393
-4.0758904E-02 1.1285453E-02 7.6789036E-02 0.1581312 0.2559095 0.3706404 0.4982979 0.6313857 0.7483774 0.8089842 0.7455468 0.6071222 0.5719100 0.6484007 0.7709774 0.9035111 1.028681 1.139328 1.233062 1.309937 1.371404 1.419222 1.455492 1.481954 1.500388 1.512055 1.518215 1.519624 1.517070 1.510893 1.501490 1.488866 1.473094 1.453894 1.431047 1.404011 1.372297 1.335146 1.291874 1.241674 1.183983 1.118542 1.045939 0.9682745 0.8903529 0.8220812 0.7825604 0.8103090 0.9808997 1.383105 1.917139 2.302349 2.443849 2.436882 2.362226 2.261632 2.155885 2.055568 1.965555 1.887665
-3.9608102E-02 1.2987375E-02 7.9147182E-02 0.1612570 0.2599203 0.3756522 0.5044242 0.6387275 0.7570229 0.8190004 0.7570201 0.6201126 0.5863343 0.6641792 0.7880367 0.9217584 1.048009 1.159620 1.254197 1.331796 1.393872 1.442189 1.478860 1.505632 1.524295 1.536119 1.542370 1.543815 1.541241 1.534996 1.525477 1.512691 1.496709 1.477249 1.454088 1.426682 1.394533 1.356876 1.313020 1.262151 1.203698 1.137396 1.063826 0.9850882 0.9059842 0.8364252 0.7955199 0.8217976 0.9908340 1.391356 1.923613 2.307115 2.447011 2.438506 2.362387 2.260423 2.153412 2.051948 1.960910 1.882116
-3.8772471E-02 1.4249480E-02 8.0914058E-02 0.1636127 0.2629502 0.3794431 0.5090571 0.6442778 0.7635511 0.8265508 0.7655757 0.6296324 0.5968682 0.6757254 0.8005445 0.9351616 1.062229 1.174572 1.269791 1.347942 1.410485 1.459186 1.496166 1.523176 1.542015 1.553958 1.560278 1.561743 1.559149 1.552842 1.543223 1.530298 1.514139 1.494462 1.471041 1.443325 1.410817 1.372744 1.328410 1.276994 1.217923 1.150924 1.076577 0.9969783 0.9169307 0.8463485 0.8043461 0.8294638 0.9973021 1.396668 1.927818 2.310147 2.448814 2.439106 2.361839 2.258799 2.150793 2.048423 1.956572 1.877059
-3.8184412E-02 1.5158718E-02 8.2202695E-02 0.1653416 0.2651823 0.3822396 0.5124781 0.6483746 0.7683699 0.8321269 0.7719731 0.6369035 0.6049417 0.6845462 0.8100743 0.9453520 1.073024 1.185909 1.281606 1.360171 1.423062 1.472052 1.509263 1.536453 1.555422 1.567453 1.573820 1.575298 1.572683 1.566323 1.556621 1.543583 1.527279 1.507426 1.483793 1.455830 1.423034 1.384628 1.339915 1.288067 1.228507 1.160962 1.086005 1.005735 0.9249546 0.8535804 0.8107319 0.8349551 1.001849 1.400170 1.930195 2.311469 2.449172 2.438543 2.360398 2.256533 2.147762 2.044696 1.952217 1.872146
-3.7787948E-02 1.5788607E-02 8.3106652E-02 0.1665632 0.2667652 0.3842277 0.5149110 0.6512904 0.7717973 0.8360866 0.7764344 0.6418244 0.6103757 0.6905074 0.8165388 0.9522870 1.080391 1.193664 1.289704 1.368566 1.431709 1.480906 1.518284 1.545603 1.564667 1.576759 1.583160 1.584645 1.582010 1.575607 1.565839 1.552713 1.536297 1.516307 1.492513 1.464361 1.431344 1.392686 1.347683 1.295508 1.235580 1.167623 1.092211 1.011440 0.9301129 0.8581506 0.8146755 0.8382403 1.004462 1.402167 1.931634 2.312286 2.449305 2.438001 2.359210 2.254738 2.145404 2.041821 1.948877 1.868392
-3.7536982E-02 1.6196877E-02 8.3700091E-02 0.1673699 0.2678147 0.3855478 0.5165293 0.6532297 0.7740792 0.8387277 0.7794870 0.6453359 0.6142826 0.6947681 0.8211349 0.9571968 1.085589 1.199121 1.295392 1.374452 1.437765 1.487102 1.524593 1.551998 1.571125 1.583259 1.589681 1.591167 1.588518 1.582084 1.572268 1.559078 1.542583 1.522497 1.498588 1.470301 1.437129 1.398293 1.353088 1.300685 1.240500 1.172257 1.096528 1.015409 0.9337065 0.8613391 0.8174334 0.8405445 1.006283 1.403419 1.932249 2.312328 2.448857 2.437090 2.357858 2.252970 2.143249 2.039312 1.946048 1.865278
-3.7399855E-02 1.6425246E-02 8.4034868E-02 0.1678279 0.2684118 0.3863007 0.5174521 0.6543373 0.7753808 0.8402296 0.7811511 0.6471183 0.6162400 0.6969249 0.8234827 0.9597240 1.088281 1.201963 1.298365 1.377540 1.440949 1.490368 1.527923 1.555378 1.574541 1.586698 1.593132 1.594619 1.591960 1.585507 1.575663 1.562435 1.545892 1.525748 1.501771 1.473404 1.440140 1.401199 1.355874 1.303335 1.242999 1.174586 1.098672 1.017350 0.9354253 0.8628210 0.8186634 0.8415114 1.006990 1.403932 1.932628 2.312511 2.448776 2.436740 2.357252 2.252120 2.142175 2.038031 1.944579 1.863642
-3.7356328E-02 1.6498486E-02 8.4143065E-02 0.1679759 0.2686056 0.3865448 0.5177522 0.6546966 0.7758047 0.8407227 0.7817580 0.6478840 0.6171049 0.6978570 0.8244777 0.9607772 1.089388 1.203118 1.299563 1.378775 1.442217 1.491662 1.529238 1.556709 1.575884 1.588049 1.594486 1.595973 1.593311 1.586852 1.576998 1.563757 1.547199 1.527035 1.503035 1.474642 1.441347 1.402371 1.357007 1.304423 1.244036 1.175569 1.099592 1.018204 0.9362062 0.8635238 0.8192837 0.8420435 1.007418 1.404183 1.932636 2.312341 2.448502 2.436377 2.356803 2.251593 2.141573 2.037361 1.943848 1.862856
-3.7399821E-02 1.6425364E-02 8.4034957E-02 0.1678278 0.2684119 0.3863007 0.5174522 0.6543373 0.7753808 0.8402296 0.7811509 0.6471183 0.6162398 0.6969248 0.8234828 0.9597238 1.088281 1.201963 1.298365 1.377540 1.440949 1.490368 1.527923 1.555378 1.574541 1.586698 1.593131 1.594618 1.591960 1.585507 1.575663 1.562434 1.545892 1.525748 1.501770 1.473404 1.440140 1.401198 1.355873 1.303335 1.242998 1.174586 1.098671 1.017349 0.9354250 0.8628209 0.8186634 0.8415112 1.006989 1.403932 1.932628 2.312511 2.448776 2.436741 2.357251 2.252121 2.142175 2.038031 1.944579 1.863642
-3.7536923E-02 1.6197039E-02 8.3700299E-02 0.1673700 0.2678148 0.3855478 0.5165291 0.6532294 0.7740790 0.8387275 0.7794869 0.6453357 0.6142821 0.6947681 0.8211347 0.9571966 1.085588 1.199121 1.295391 1.374452 1.437764 1.487102 1.524592 1.551998 1.571125 1.583259 1.589680 1.591166 1.588517 1.582083 1.572268 1.559078 1.542583 1.522496 1.498587 1.470301 1.437129 1.398293 1.353088 1.300684 1.240499 1.172256 1.096528 1.015409 0.9337058 0.8613388 0.8174330 0.8405442 1.006283 1.403419 1.932249 2.312328 2.448857 2.437089 2.357858 2.252970 2.143249 2.039312 1.946048 1.865278
-3.7787724E-02 1.5788736E-02 8.3106868E-02 0.1665633 0.2667652 0.3842276 0.5149109 0.6512901 0.7717971 0.8360864 0.7764343 0.6418242 0.6103756 0.6905074 0.8165389 0.9522868 1.080390 1.193663 1.289704 1.368565 1.431708 1.480906 1.518284 1.545603 1.564667 1.576759 1.583160 1.584644 1.582009 1.575607 1.565839 1.552712 1.536297 1.516308 1.492513 1.464360 1.431344 1.392686 1.347682 1.295508 1.235580 1.167622 1.092210 1.011439 0.9301125 0.8581505 0.8146755 0.8382401 1.004462 1.402167 1.931634 2.312285 2.449304 2.437999 2.359210 2.254737 2.145403 2.041821 1.948876 1.868391
-3.8184449E-02 1.5158847E-02 8.2202822E-02 0.1653415 0.2651823 0.3822396 0.5124776 0.6483741 0.7683696 0.8321268 0.7719731 0.6369035 0.6049418 0.6845467 0.8100744 0.9453520 1.073024 1.185909 1.281606 1.360171 1.423062 1.472052 1.509263 1.536453 1.555422 1.567453 1.573820 1.575299 1.572682 1.566323 1.556621 1.543583 1.527279 1.507426 1.483794 1.455831 1.423034 1.384629 1.339915 1.288067 1.228508 1.160961 1.086005 1.005735 0.9249547 0.8535807 0.8107323 0.8349555 1.001849 1.400169 1.930195 2.311468 2.449171 2.438541 2.360397 2.256532 2.147762 2.044695 1.952216 1.872145
