T6-multimodels/gz/model120.grd
DSAA
         100         100
  -15.00000       15.00000    
  -15.00000       15.00000    
 -0.4655169       2.819575    
[rows 27 to 53 of 100, columns 0 to 59 of 100]
-0.1350393 -0.1177350 -9.5341638E-02 -6.7193836E-02 -3.2812092E-02 7.9348339E-03 5.4561775E-02 0.1057000 0.1588439 0.2106948 0.2588947 0.3052258 0.3541277 0.4063883 0.4592198 0.5093936 0.5546349 0.5937639 0.6264370 0.6528588 0.6735498 0.6891756 0.7004402 0.7080151 0.7125084 0.7144443 0.7142639 0.7123244 0.7089100 0.7042353 0.6984569 0.6916770 0.6839505 0.6752879 0.6656602 0.6549978 0.6431943 0.6301044 0.6155474 0.5993069 0.5811391 0.5607861 0.5380045 0.5126236 0.4846586 0.4545247 0.4234298 0.3940136 0.3709126 0.3596684 0.3616792 0.3702237 0.3751723 0.3696029 0.3510333 0.3200717 0.2791007 0.2313472 0.1802029 0.1287432
-0.1256832 -0.1050942 -7.8558862E-02 -4.5265738E-02 -4.6949950E-03 4.3227926E-02 9.7569883E-02 0.1559107 0.2131867 0.2612805 0.2924794 0.3150338 0.3496613 0.4002418 0.4581137 0.5157105 0.5685984 0.6146915 0.6533135 0.6846253 0.7092283 0.7279170 0.7415367 0.7508864 0.7566902 0.7595624 0.7600225 0.7584836 0.7552782 0.7506510 0.7447855 0.7377954 0.7297479 0.7206516 0.7104766 0.6991405 0.6865234 0.6724560 0.6567305 0.6390935 0.6192619 0.5969323 0.5718254 0.5437644 0.5128463 0.4798203 0.4468950 0.4195531 0.4095764 0.4340380 0.4960577 0.5696419 0.6249176 0.6513709 0.6506228 0.6274794 0.5875332 0.5364268 0.4793896 0.4208446
-0.1153004 -9.1290526E-02 -6.0520694E-02 -2.1871552E-02 2.5019830E-02 8.0357097E-02 0.1423369 0.2073989 0.2658511 0.2998338 0.2811944 0.2312957 0.2244763 0.2652965 0.3260587 0.3906873 0.4512820 0.5045148 0.5492778 0.5856280 0.6142789 0.6361160 0.6521745 0.6633424 0.6705077 0.6743352 0.6754688 0.6743366 0.6713625 0.6667817 0.6608446 0.6536397 0.6452814 0.6357436 0.6250269 0.6130053 0.5995746 0.5845129 0.5676092 0.5485508 0.5270302 0.5026861 0.4752077 0.4444189 0.4105079 0.3746827 0.3404842 0.3180932 0.3342628 0.4398933 0.6435432 0.8554535 0.9993333 1.074338 1.098840 1.086989 1.049660 0.9958321 0.9330487 0.8673197
-0.1046139 -7.7147439E-02 -4.2134557E-02 1.9219239E-03 5.5144936E-02 0.1179566 0.1875339 0.2592364 0.3181517 0.3353853 0.2568976 0.1188696 6.2559314E-02 9.1605261E-02 0.1547642 0.2263401 0.2946494 0.3550527 0.4059949 0.4474094 0.4801380 0.5051382 0.5236566 0.5366498 0.5451922 0.5499786 0.5517975 0.5510737 0.5483404 0.5438070 0.5378063 0.5303866 0.5217248 0.5117445 0.5004925 0.4877846 0.4735448 0.4574872 0.4394080 0.4189253 0.3957151 0.3693524 0.3394969 0.3059761 0.2690659 0.2304677 0.1951123 0.1783524 0.2241839 0.4250303 0.7962935 1.168661 1.411242 1.538564 1.589856 1.589985 1.555579 1.499150 1.430652 1.357723
-9.4525553E-02 -6.3704811E-02 -2.4484891E-02 2.4821050E-02 8.4322102E-02 0.1544247 0.2317191 0.3104073 0.3722252 0.3814958 0.2740089 9.5092550E-02 1.4386047E-02 3.8432982E-02 0.1057210 0.1845626 0.2605660 0.3280346 0.3850298 0.4314216 0.4681374 0.4962563 0.5171793 0.5319823 0.5418677 0.5476130 0.5500963 0.5497887 0.5472829 0.5428084 0.5367358 0.5291151 0.5201451 0.5097383 0.4979490 0.4845723 0.4695260 0.4524925 0.4332473 0.4113650 0.3864860 0.3581356 0.3259400 0.2897218 0.2498468 0.2084014 0.1714748 0.1580204 0.2221324 0.4751840 0.9354433 1.399868 1.708129 1.874641 1.947125 1.956687 1.924055 1.864571 1.790246 1.710182
-8.5398920E-02 -5.1375315E-02 -8.1176059E-03 4.6190575E-02 0.1117209 0.1888352 0.2738008 0.3600366 0.4276239 0.4382699 0.3256969 0.1386404 5.4112170E-02 8.0638289E-02 0.1542228 0.2407154 0.3242812 0.3985493 0.4613341 0.5124840 0.5530117 0.5841216 0.6073496 0.6238962 0.6350732 0.6417464 0.6448687 0.6449658 0.6426765 0.6382611 0.6321136 0.6242989 0.6150241 0.6042024 0.5918857 0.5778577 0.5620220 0.5440387 0.5236564 0.5004145 0.4739147 0.4436394 0.4091780 0.3703443 0.3275689 0.2832005 0.2440774 0.2310502 0.3022790 0.5748174 1.067906 1.569865 1.909944 2.098414 2.183521 2.198277 2.165426 2.102099 2.021790 1.934749
-7.7264547E-02 -4.0244661E-02 6.7840097E-03 6.5751605E-02 0.1369092 0.2206087 0.3129549 0.4069467 0.4819399 0.4987410 0.3907468 0.2076562 0.1279797 0.1609646 0.2420836 0.3362890 0.4270771 0.5077184 0.5758994 0.6314831 0.6755680 0.7094768 0.7348677 0.7530552 0.7654495 0.7729995 0.7767244 0.7772045 0.7751169 0.7707541 0.7645311 0.7565259 0.7469535 0.7357299 0.7229013 0.7082440 0.6916461 0.6727479 0.6512720 0.6267267 0.5986761 0.5665651 0.5299473 0.4886207 0.4430531 0.3957517 0.3539720 0.3394574 0.4119001 0.6900037 1.193409 1.708567 2.061358 2.259341 2.349715 2.365634 2.330587 2.262664 2.176309 2.082581
-7.0096858E-02 -3.0334830E-02 2.0130852E-02 8.3335035E-02 0.1596046 0.2493158 0.3484973 0.4499499 0.5326918 0.5571647 0.4565007 0.2805349 0.2082621 0.2489512 0.3377807 0.4393271 0.5367764 0.6232240 0.6963059 0.7559186 0.8032461 0.8397153 0.8670921 0.8867897 0.9003078 0.9086678 0.9129505 0.9137825 0.9118794 0.9075593 0.9012581 0.8930665 0.8832067 0.8715951 0.8582759 0.8430154 0.8256894 0.8059199 0.7834057 0.7576267 0.7281146 0.6942784 0.6556395 0.6119770 0.5637724 0.5136184 0.4689845 0.4520297 0.5230764 0.8015593 1.307350 1.826106 2.182450 2.382816 2.473646 2.487877 2.449220 2.376250 2.283976 2.183995
-6.3869640E-02 -2.1652354E-02 3.1877823E-02 9.8842919E-02 0.1796422 0.2746825 0.3799702 0.4882007 0.5782253 0.6102785 0.5173889 0.3492969 0.2847565 0.3329733 0.4289880 0.5371741 0.6405585 0.7321498 0.8095713 0.8727611 0.9229784 0.9617389 0.9908996 1.011960 1.026494 1.035589 1.040376 1.041525 1.039784 1.035496 1.029113 1.020740 1.010603 0.9986212 0.9848344 0.9690023 0.9509884 0.9303979 0.9069099 0.8799783 0.8491060 0.8136709 0.7731661 0.7273489 0.6767009 0.6238540 0.5763834 0.5566373 0.6251940 0.9016559 1.405974 1.923818 2.279411 2.478545 2.567210 2.578162 2.535179 2.457086 2.359233 2.253560
-5.8547385E-02 -1.4174229E-02 4.2030741E-02 0.1122636 0.1969807 0.2966249 0.4071922 0.5213244 0.6177604 0.6565921 0.5706260 0.4094452 0.3518161 0.4067442 0.5090681 0.6230226 0.7315344 0.8275663 0.9087423 0.9750391 1.027778 1.068548 1.099281 1.121547 1.136983 1.146729 1.151963 1.153390 1.151788 1.147519 1.141053 1.132503 1.122102 1.109768 1.095541 1.079172 1.060514 1.039160 1.014768 0.9867716 0.9546494 0.9177521 0.8755473 0.8277715 0.7748981 0.7195736 0.6694201 0.6468750 0.7126438 0.9865265 1.488542 2.004112 2.357230 2.553548 2.638891 2.645926 2.598474 2.515505 2.412579 2.301857
-5.4082509E-02 -7.8522600E-03 5.0644252E-02 0.1236587 0.2116961 0.3152238 0.4302386 0.5493413 0.6511986 0.6957911 0.6158523 0.4608220 0.4091672 0.4697899 0.5774412 0.6962523 0.8090811 0.9088598 0.9932163 1.062158 1.117056 1.159555 1.191648 1.214960 1.231181 1.241495 1.247117 1.248783 1.247293 1.243032 1.236480 1.227760 1.217107 1.204444 1.189805 1.172937 1.153683 1.131624 1.106403 1.077435 1.044177 1.005959 0.9622238 0.9126912 0.8578226 0.8002653 0.7476608 0.7224832 0.7854816 1.056428 1.555347 2.067815 2.417807 2.610801 2.692521 2.695609 2.643922 2.556532 2.449134 2.334038
-5.0410513E-02 -2.6063297E-03 5.7818543E-02 0.1331604 0.2239578 0.3306992 0.4493775 0.5725670 0.6788723 0.7281886 0.6530848 0.5028771 0.4560482 0.5213414 0.6333652 0.7561675 0.8725544 0.9754323 1.062434 1.133588 1.190300 1.234262 1.267510 1.291715 1.308606 1.319405 1.325358 1.327224 1.325825 1.321559 1.314920 1.306035 1.295147 1.282176 1.267156 1.249828 1.230029 1.207327 1.181354 1.151508 1.117230 1.077830 1.032735 0.9816459 0.9250121 0.8654782 0.8106885 0.7831354 0.8436001 1.111953 1.608252 2.117907 2.464829 2.654551 2.732803 2.732236 2.676753 2.585499 2.474261 2.355451
-4.7455288E-02 1.6609556E-03 6.3683957E-02 0.1409413 0.2339973 0.3433519 0.4649964 0.5914795 0.7013636 0.7544776 0.6833597 0.5372335 0.4943496 0.5633963 0.6789362 0.8049571 0.9242237 1.029624 1.118788 1.191762 1.249976 1.295155 1.329368 1.354322 1.371777 1.382984 1.389211 1.391241 1.389910 1.385629 1.378902 1.369861 1.358753 1.345500 1.330131 1.312384 1.292090 1.268809 1.242159 1.211530 1.176345 1.135901 1.089609 1.037157 0.9789829 0.9177231 0.8610237 0.8313803 0.8895765 1.155425 1.648978 2.155805 2.499862 2.686606 2.761752 2.757974 2.699213 2.604670 2.490202 2.368289
-4.5130286E-02 5.0644157E-03 6.8392098E-02 0.1472042 0.2420807 0.3535310 0.4775399 0.6066391 0.7193521 0.7754568 0.7073771 0.5642626 0.5244172 0.5964214 0.7147431 0.8433200 0.9648833 1.072304 1.163212 1.237661 1.297100 1.343276 1.378284 1.403856 1.421777 1.433319 1.439772 1.441932 1.440649 1.436346 1.429531 1.420345 1.409034 1.395522 1.379837 1.361714 1.340976 1.317177 1.289928 1.258606 1.222625 1.181268 1.133934 1.080302 1.020798 0.9580531 0.8997099 0.8682672 0.9245223 1.188361 1.679861 2.184454 2.526064 2.710229 2.782707 2.776198 2.714679 2.617396 2.500257 2.375789
-4.3346234E-02 7.7220495E-03 7.2101206E-02 0.1521576 0.2484836 0.3615912 0.4874623 0.6186100 0.7335342 0.7919740 0.7263546 0.5857736 0.5483580 0.6226704 0.7431645 0.8737443 0.9971150 1.106135 1.198429 1.274058 1.334482 1.381463 1.417115 1.443190 1.461489 1.473304 1.479936 1.482196 1.480945 1.476613 1.469714 1.460393 1.448898 1.435153 1.419186 1.400728 1.379597 1.355342 1.327567 1.295640 1.258967 1.216822 1.168593 1.113949 1.053312 0.9893050 0.9295684 0.8966002 0.9511912 1.213171 1.702609 2.205086 2.544578 2.726570 2.796815 2.788037 2.724244 2.624716 2.505397 2.378853
-4.2013336E-02 9.7536249E-03 7.4967928E-02 0.1560080 0.2534722 0.3678759 0.4951942 0.6279297 0.7445577 0.8047891 0.7409664 0.6021470 0.5665340 0.6426188 0.7647895 0.8969198 1.021697 1.131966 1.225348 1.301907 1.363111 1.410733 1.446900 1.473376 1.491980 1.504010 1.510783 1.513119 1.511886 1.507520 1.500542 1.491097 1.479439 1.465488 1.449272 1.430519 1.409046 1.384395 1.356165 1.323718 1.286452 1.243634 1.194645 1.139147 1.077556 1.012491 0.9515895 0.9173498 0.9705735 1.231155 1.719186 2.220121 2.557909 2.738115 2.806531 2.795904 2.730266 2.628925 2.507852 2.379638
-4.1046321E-02 1.1270063E-02 7.7138789E-02 0.1589448 0.2572919 0.3726945 0.5011250 0.6350737 0.7530032 0.8146029 0.7522349 0.6149300 0.5807486 0.6581856 0.7816348 0.9149513 1.040807 1.152038 1.246264 1.323547 1.385360 1.433484 1.470055 1.496847 1.515688 1.527887 1.534768 1.537158 1.535933 1.531533 1.524482 1.514928 1.503125 1.488995 1.472563 1.453558 1.431791 1.406803 1.378186 1.345298 1.307533 1.264150 1.214527 1.158319 1.095937 1.029999 0.9681389 0.9328543 0.9849417 1.244241 1.730832 2.230311 2.566673 2.745433 2.812378 2.800269 2.733158 2.630373 2.507907 2.378369
-4.0367156E-02 1.2374111E-02 7.8746155E-02 0.1611392 0.2601590 0.3763209 0.5055917 0.6404557 0.7593613 0.8219814 0.7606162 0.6242738 0.5911043 0.6695514 0.7939603 0.9281705 1.054842 1.166804 1.261671 1.339507 1.401787 1.450297 1.487180 1.514216 1.533239 1.545567 1.552529 1.554958 1.553733 1.549299 1.542183 1.532535 1.520608 1.506326 1.489713 1.470495 1.448483 1.423212 1.394274 1.361022 1.322844 1.278998 1.228855 1.172069 1.109045 1.042400 0.9797667 0.9436436 0.9948363 1.253245 1.738970 2.237485 2.572760 2.750380 2.816165 2.802890 2.734625 2.630711 2.507156 2.376585
-3.9908361E-02 1.3153221E-02 7.9903401E-02 0.1627354 0.2622570 0.3789820 0.5088754 0.6444139 0.7640398 0.8274152 0.7668701 0.6313996 0.5990309 0.6782237 0.8033400 0.9382092 1.065483 1.177987 1.273332 1.351580 1.414211 1.463010 1.500127 1.527346 1.546506 1.558929 1.565950 1.568405 1.567176 1.562712 1.555540 1.545813 1.533785 1.519378 1.502617 1.483226 1.461015 1.435516 1.406320 1.372775 1.334268 1.290053 1.239497 1.182252 1.118722 1.051521 0.9882814 0.9515012 1.001981 1.259564 1.744345 2.241927 2.576320 2.753059 2.817952 2.803785 2.734636 2.629859 2.505475 2.374116
-3.9611455E-02 1.3682445E-02 8.0705926E-02 0.1638544 0.2637362 0.3808652 0.5112025 0.6472228 0.7673588 0.8312652 0.7712204 0.6362081 0.6043512 0.6840701 0.8096883 0.9450269 1.072732 1.185623 1.281310 1.359856 1.422738 1.471747 1.509033 1.536384 1.555642 1.568133 1.575195 1.577666 1.576432 1.571942 1.564726 1.554937 1.542829 1.528324 1.511449 1.491924 1.469560 1.443886 1.414491 1.380723 1.341964 1.297467 1.246599 1.189007 1.125095 1.057475 0.9937802 0.9565092 1.006470 1.263567 1.747907 2.244977 2.578757 2.754848 2.819084 2.804260 2.734462 2.629053 2.504060 2.372123
-3.9432339E-02 1.4018430E-02 8.1226207E-02 0.1645873 0.2647112 0.3821100 0.5127445 0.6490849 0.7695625 0.8338274 0.7741933 0.6396388 0.6081761 0.6882483 0.8142012 0.9498526 1.077845 1.190996 1.286912 1.365657 1.428708 1.477858 1.515258 1.542698 1.562022 1.574559 1.581647 1.584128 1.582888 1.578379 1.571130 1.561296 1.549130 1.534557 1.517599 1.497980 1.475506 1.449709 1.420173 1.386247 1.347312 1.302617 1.251529 1.193695 1.129516 1.061605 0.9975939 0.9599816 1.009569 1.266208 1.749995 2.246539 2.579860 2.755502 2.819287 2.804014 2.733772 2.627931 2.502523 2.370193
-3.9337426E-02 1.4204195E-02 8.1517890E-02 0.1650019 0.2652641 0.3828183 0.5136225 0.6501469 0.7708180 0.8352827 0.7758099 0.6413736 0.6100852 0.6903554 0.8164997 0.9523298 1.080487 1.193786 1.289834 1.368693 1.431842 1.481074 1.518539 1.546030 1.565392 1.577954 1.585057 1.587543 1.586300 1.581779 1.574510 1.564648 1.552449 1.537834 1.520827 1.501150 1.478611 1.452740 1.423121 1.389101 1.350060 1.305249 1.254031 1.196053 1.131717 1.063634 0.9994367 0.9616250 1.011007 1.267489 1.751183 2.247581 2.580668 2.756053 2.819575 2.804040 2.733540 2.627448 2.501798 2.369239
-3.9308228E-02 1.4262763E-02 8.1611529E-02 0.1651350 0.2654430 0.3830473 0.5139073 0.6504905 0.7712263 0.8357599 0.7764006 0.6421229 0.6109335 0.6912711 0.8174777 0.9533660 1.081576 1.194924 1.291015 1.369912 1.433092 1.482350 1.519836 1.547344 1.566719 1.579290 1.586397 1.588885 1.587640 1.583115 1.575839 1.565968 1.553758 1.539129 1.522106 1.502410 1.479850 1.453954 1.424307 1.390256 1.351180 1.306330 1.255069 1.197043 1.132656 1.064516 1.000257 0.9623781 1.011681 1.268018 1.751489 2.247705 2.580686 2.755983 2.819419 2.803797 2.733213 2.627038 2.501308 2.368674
-3.9337505E-02 1.4204066E-02 8.1517898E-02 0.1650018 0.2652641 0.3828180 0.5136223 0.6501465 0.7708179 0.8352824 0.7758098 0.6413735 0.6100851 0.6903554 0.8164995 0.9523296 1.080486 1.193786 1.289834 1.368693 1.431842 1.481073 1.518539 1.546029 1.565392 1.577954 1.585057 1.587543 1.586300 1.581778 1.574509 1.564648 1.552448 1.537834 1.520827 1.501150 1.478611 1.452740 1.423121 1.389101 1.350060 1.305248 1.254031 1.196053 1.131717 1.063634 0.9994370 0.9616244 1.011006 1.267488 1.751183 2.247581 2.580668 2.756053 2.819575 2.804039 2.733540 2.627448 2.501798 2.369239
-3.9432060E-02 1.4018711E-02 8.1226632E-02 0.1645877 0.2647115 0.3821102 0.5127447 0.6490847 0.7695627 0.8338275 0.7741933 0.6396388 0.6081764 0.6882480 0.8142012 0.9498526 1.077845 1.190995 1.286912 1.365656 1.428708 1.477858 1.515258 1.542698 1.562022 1.574558 1.581646 1.584128 1.582888 1.578378 1.571129 1.561295 1.549130 1.534557 1.517599 1.497980 1.475506 1.449708 1.420173 1.386247 1.347311 1.302617 1.251529 1.193695 1.129516 1.061605 0.9975940 0.9599815 1.009569 1.266208 1.749995 2.246539 2.579859 2.755502 2.819287 2.804014 2.733772 2.627931 2.502523 2.370193
-3.9611351E-02 1.3682771E-02 8.0706201E-02 0.1638547 0.2637363 0.3808652 0.5112023 0.6472223 0.7673585 0.8312651 0.7712205 0.6362081 0.6043512 0.6840701 0.8096885 0.9450267 1.072732 1.185623 1.281310 1.359855 1.422738 1.471747 1.509033 1.536384 1.555642 1.568133 1.575195 1.577666 1.576432 1.571942 1.564726 1.554936 1.542828 1.528325 1.511449 1.491924 1.469559 1.443886 1.414491 1.380722 1.341964 1.297467 1.246599 1.189006 1.125094 1.057475 0.9937802 0.9565095 1.006470 1.263566 1.747907 2.244977 2.578757 2.754847 2.819083 2.804259 2.734461 2.629052 2.504059 2.372123
-3.9908290E-02 1.3153337E-02 7.9903647E-02 0.1627355 0.2622572 0.3789819 0.5088751 0.6444135 0.7640394 0.8274151 0.7668700 0.6313998 0.5990309 0.6782240 0.8033404 0.9382092 1.065483 1.177987 1.273332 1.351581 1.414210 1.463010 1.500127 1.527346 1.546506 1.558930 1.565950 1.568405 1.567176 1.562712 1.555540 1.545813 1.533785 1.519378 1.502617 1.483226 1.461015 1.435517 1.406320 1.372775 1.334268 1.290052 1.239498 1.182252 1.118722 1.051522 0.9882817 0.9515020 1.001980 1.259564 1.744345 2.241927 2.576319 2.753058 2.817951 2.803784 2.734635 2.629859 2.505475 2.374116
