T6-multimodels/gz/model60.grd
DSAA
         100         100
  -15.00000       15.00000    
  -15.00000       15.00000    
 -0.4406570       2.156717    
[rows 27 to 53 of 100, columns 0 to 59 of 100]
-0.1125458 -9.4677597E-02 -7.1697339E-02 -4.2939439E-02 -7.9242866E-03 3.3479098E-02 8.0785125E-02 0.1326241 0.1864893 0.2390800 0.2880355 0.3351343 0.3848113 0.4378482 0.4914494 0.5423763 0.5883413 0.6281487 0.6614353 0.6883808 0.7094755 0.7253469 0.7366521 0.7440062 0.7479464 0.7489119 0.7472399 0.7431629 0.7368148 0.7282332 0.7173671 0.7040797 0.6881595 0.6693275 0.6472589 0.6216074 0.5920521 0.5583577 0.5204643 0.4785979 0.4333984 0.3860392 0.3383024 0.2925452 0.2514976 0.2178481 0.1936368 0.1794731 0.1734355 0.1697633 0.1597447 0.1378289 0.1060758 7.0234217E-02 3.4869790E-02 2.4257810E-03 -2.6120862E-02 -5.0575905E-02 -7.1119413E-02 -8.8085845E-02
-0.1062718 -8.5106634E-02 -5.7971306E-02 -2.4054393E-02 1.7164012E-02 6.5758340E-02 0.1207948 0.1798524 0.2378660 0.2867160 0.3186867 0.3420246 0.3774423 0.4288129 0.4874661 0.5458248 0.5994411 0.6462115 0.6854385 0.7172556 0.7422305 0.7611158 0.7747055 0.7837346 0.7888485 0.7905663 0.7892905 0.7852924 0.7787346 0.7696582 0.7580087 0.7436239 0.7262598 0.7055869 0.6812271 0.6527715 0.6198497 0.5821952 0.5397751 0.4929290 0.4425671 0.3903501 0.3388602 0.2916386 0.2530705 0.2280353 0.2214871 0.2379482 0.2795796 0.3374672 0.3838509 0.3944541 0.3732820 0.3376053 0.2990289 0.2627217 0.2305602 0.2029939 0.1798673 0.1607968
-0.1003324 -7.5734012E-02 -4.4351526E-02 -5.0651664E-03 4.2487953E-02 9.8511167E-02 0.1612007 0.2269949 0.2862005 0.3209552 0.3031037 0.2540039 0.2479893 0.2896129 0.3511676 0.4165661 0.4778930 0.5318016 0.5771599 0.6139959 0.6429858 0.6649691 0.6809246 0.6916695 0.6980054 0.7004905 0.6996388 0.6957194 0.6889651 0.6793818 0.6669499 0.6514422 0.6326191 0.6100629 0.5833746 0.5520480 0.5156938 0.4739858 0.4269531 0.3750412 0.3194921 0.2625081 0.2076292 0.1598221 0.1256038 0.1129447 0.1317106 0.1953570 0.3226914 0.5149808 0.6989173 0.7871273 0.7893034 0.7565072 0.7151776 0.6750386 0.6391829 0.6084325 0.5826591 0.5614341
-9.4419509E-02 -6.6352963E-02 -3.0714793E-02 1.3991935E-02 6.7890309E-02 0.1314021 0.2017038 0.2741536 0.3338378 0.3518589 0.2741744 0.1369604 8.1468932E-02 0.1113308 0.1752929 0.2476463 0.3166913 0.3777675 0.4292950 0.4711749 0.5042092 0.5293043 0.5476462 0.5601134 0.5676858 0.5709405 0.5705233 0.5666823 0.5597395 0.5496472 0.5364380 0.5198039 0.4995242 0.4750776 0.4460593 0.4118509 0.3720574 0.3262810 0.2746254 0.2176344 0.1568987 9.5167950E-02 3.6972668E-02 -1.1251913E-02 -4.0760215E-02 -4.0300332E-02 5.3674919E-03 0.1199760 0.3430667 0.6918044 1.039187 1.218981 1.247973 1.218708 1.174722 1.130766 1.091202 1.057256 1.028825 1.005437
-8.8019982E-02 -5.6587584E-02 -1.6730325E-02 3.3238448E-02 9.3428165E-02 0.1642448 0.2422778 0.3217279 0.3843296 0.3944029 0.2877340 0.1096461 2.9772054E-02 5.4647125E-02 0.1227484 0.2023742 0.2791165 0.3472550 0.4048253 0.4516615 0.4886492 0.5168118 0.5374847 0.5516587 0.5604348 0.5644606 0.5644594 0.5607080 0.5535684 0.5429859 0.5289996 0.5112656 0.4895406 0.4632420 0.4319199 0.3948833 0.3516969 0.3019231 0.2457038 0.1836981 0.1177922 5.1252730E-02 -1.0518078E-02 -5.9784904E-02 -8.5928105E-02 -7.5101346E-02 -8.2959887E-03 0.1441171 0.4301137 0.8672199 1.299770 1.528401 1.573007 1.545058 1.498068 1.450258 1.407043 1.369951 1.338907 1.313390
-8.1210591E-02 -4.6564337E-02 -2.6574999E-03 5.2325699E-02 0.1185576 0.1963990 0.2821172 0.3691291 0.4375146 0.4489776 0.3372372 0.1510228 6.7340031E-02 9.4705820E-02 0.1691136 0.2563971 0.3407042 0.4156388 0.4789881 0.5305619 0.5713279 0.6024313 0.6253373 0.6411542 0.6510851 0.6558552 0.6562507 0.6525859 0.6452491 0.6341912 0.6194461 0.6006470 0.5775170 0.5494264 0.5158726 0.4761057 0.4296390 0.3760053 0.3153650 0.2484777 0.1774648 0.1060184 4.0223636E-02 -1.1199526E-02 -3.6324982E-02 -1.9719638E-02 5.9402410E-02 0.2323814 0.5477513 1.019272 1.481426 1.726667 1.776060 1.746765 1.696280 1.644625 1.597873 1.557747 1.524183 1.496610
-7.4332088E-02 -3.6678836E-02 1.1010108E-02 7.0664585E-02 0.1425359 0.2269755 0.3200876 0.4148692 0.4906744 0.5083067 0.4011587 0.2189237 0.1401053 0.1739411 0.2558920 0.3508943 0.4424261 0.5237311 0.5924665 0.6484535 0.6927444 0.7265978 0.7515966 0.7689572 0.7799730 0.7854435 0.7862080 0.7826203 0.7750891 0.7635735 0.7480990 0.7282798 0.7038074 0.6740095 0.6383328 0.5959737 0.5463964 0.4891028 0.4242603 0.3527012 0.2767199 0.2003220 0.1300756 7.5359926E-02 4.8893038E-02 6.6911243E-02 0.1508037 0.3319793 0.6580118 1.140235 1.610140 1.858622 1.907302 1.875015 1.820749 1.765347 1.715238 1.672245 1.636296 1.606773
-6.7696810E-02 -2.7291132E-02 2.3845548E-02 8.7747976E-02 0.1647433 0.2552066 0.3551669 0.4574223 0.5409897 0.5663070 0.4665026 0.2914053 0.2200024 0.2615530 0.3512233 0.4535725 0.5517676 0.6388761 0.7125016 0.7724991 0.8200012 0.8563678 0.8832853 0.9020637 0.9140773 0.9201902 0.9212908 0.9177663 0.9100443 0.8980904 0.8819249 0.8611420 0.8354066 0.8040069 0.7663442 0.7215661 0.6690925 0.6083927 0.5396316 0.4636873 0.3829730 0.3017046 0.2267666 0.1679455 0.1384016 0.1547458 0.2385201 0.4209138 0.7488459 1.232728 1.703040 1.950086 1.995831 1.959875 1.901815 1.842872 1.789641 1.743988 1.705823 1.674481
-6.1527912E-02 -1.8657180E-02 3.5554226E-02 0.1032283 0.1847643 0.2805688 0.3866473 0.4956931 0.5865557 0.6194663 0.5274488 0.3602373 0.2965782 0.3456669 0.4425306 0.5515257 0.6556573 0.7479065 0.8258621 0.8894187 0.9397811 0.9783953 1.007034 1.027087 1.039999 1.046689 1.048086 1.044609 1.036700 1.024332 1.007519 0.9858385 0.9589304 0.9260503 0.8865595 0.8395619 0.7844368 0.7206236 0.6482780 0.5683031 0.4831859 0.3972783 0.3176608 0.2543632 0.2207915 0.2337387 0.3147885 0.4949751 0.8208584 1.302350 1.769689 2.013323 2.055378 2.015652 1.953994 1.891791 1.835712 1.787637 1.747447 1.714433
-5.5971727E-02 -1.0935753E-02 4.5960218E-02 0.1169122 0.2023770 0.3027962 0.4141657 0.5291250 0.6264113 0.6661122 0.5810301 0.4207415 0.3640050 0.4198142 0.5229951 0.6377640 0.7470256 0.8437124 0.9254137 0.9920605 1.044917 1.085499 1.115651 1.136829 1.150533 1.157729 1.159382 1.155935 1.147845 1.135088 1.117675 1.095169 1.067189 1.032959 0.9918094 0.9428064 0.8852942 0.8186844 0.7431198 0.6595150 0.5704020 0.4802156 0.3961583 0.3284057 0.2905093 0.2993685 0.3766009 0.5531883 0.8755967 1.353699 1.817608 2.057610 2.095957 2.052669 1.987726 1.922590 1.863962 1.813713 1.771697 1.737170
-5.1100817E-02 -4.1989260E-03 5.4997671E-02 0.1287409 0.2175359 0.3218493 0.4376771 0.5576179 0.6603365 0.7058100 0.6267666 0.4726394 0.4218869 0.4834003 0.5919161 0.7115466 0.8251271 0.9255584 1.010433 1.079709 1.134699 1.176973 1.208430 1.230580 1.244969 1.252599 1.254467 1.251033 1.242768 1.229651 1.211688 1.188432 1.159481 1.124040 1.081406 1.030618 0.9709882 0.9019064 0.8235011 0.7366904 0.6440325 0.5500146 0.4619153 0.3900024 0.3479221 0.3526498 0.4258466 0.5984977 0.9170238 1.391190 1.851162 2.087439 2.122318 2.075813 2.007951 1.940228 1.879350 1.827177 1.783539 1.747659
-4.6937753E-02 1.5460304E-03 6.2679522E-02 0.1387593 0.2303235 0.3378605 0.4573619 0.5814000 0.6885774 0.7387850 0.6645873 0.5152927 0.4693758 0.5355684 0.6484636 0.7720906 0.8892309 0.9927603 1.080272 1.151747 1.208529 1.252231 1.284795 1.307771 1.322739 1.330735 1.332776 1.329340 1.320908 1.307460 1.288999 1.265068 1.235253 1.198735 1.154791 1.102434 1.040954 0.9697187 0.8888457 0.7992527 0.7035147 0.6061502 0.5144894 0.4388629 0.3929826 0.3938856 0.4632820 0.6321912 0.9470802 1.417816 1.874545 2.107642 2.139465 2.090141 2.019739 1.949767 1.886931 1.833078 1.788016 1.750942
-4.3459903E-02 6.3432031E-03 6.9082856E-02 0.1470863 0.2409179 0.3510770 0.4735542 0.6008954 0.7116615 0.7656767 0.6954746 0.5502713 0.5083086 0.5782621 0.6946802 0.8215306 0.9415529 1.047602 1.137271 1.210553 1.268817 1.313705 1.347192 1.370856 1.386308 1.394604 1.396782 1.393331 1.384740 1.370991 1.352084 1.327555 1.296976 1.259514 1.214428 1.160710 1.097633 1.024547 0.9415615 0.8495921 0.7512231 0.6509969 0.5562780 0.4774417 0.4282498 0.4257907 0.4918203 0.6573966 0.9689987 1.436450 1.889976 2.120136 2.149302 2.097560 2.024981 1.953081 1.888562 1.833257 1.786958 1.748843
-4.0620077E-02 1.0268379E-02 7.4320018E-02 0.1538859 0.2495459 0.3618089 0.4866590 0.6166251 0.7302292 0.7872441 0.7200893 0.5779063 0.5389902 0.6119092 0.7311153 0.8605259 0.9828467 1.090917 1.182323 1.257070 1.316541 1.362399 1.396642 1.420872 1.436719 1.445258 1.447539 1.444062 1.435322 1.421303 1.402001 1.376946 1.345701 1.307422 1.261351 1.206468 1.142028 1.067373 0.9826020 0.8886307 0.7880502 0.6854183 0.5881259 0.5065812 0.4545850 0.4492674 0.5124241 0.6751557 0.9839987 1.448883 1.900021 2.127854 2.154796 2.101011 2.026594 1.953061 1.887110 1.830566 1.783206 1.744191
-3.8350224E-02 1.3418146E-02 7.8527704E-02 0.1593447 0.2564615 0.3703894 0.4971094 0.6291323 0.7449556 0.8043139 0.7396275 0.5999857 0.5635073 0.6387409 0.7601256 0.8915431 1.015674 1.125342 1.218131 1.294047 1.354488 1.401128 1.435982 1.460669 1.476833 1.485563 1.487919 1.484410 1.475532 1.461272 1.441624 1.416114 1.384296 1.345316 1.298408 1.242537 1.176951 1.100980 1.014719 0.9190833 0.8166684 0.7120456 0.6126233 0.5288358 0.4745148 0.4668224 0.5275895 0.6879472 0.9944433 1.456968 1.905800 2.131545 2.156617 2.101130 2.025179 1.950279 1.883125 1.825534 1.777273 1.737492
-3.6576521E-02 1.5896082E-02 8.1846610E-02 0.1636533 0.2619149 0.3771456 0.5053197 0.6389375 0.7564718 0.8176292 0.7547467 0.6168740 0.5822046 0.6592168 0.7822829 0.9152551 1.040794 1.151711 1.245584 1.322423 1.383631 1.430892 1.466232 1.491282 1.507696 1.516573 1.518982 1.515435 1.506432 1.491962 1.472016 1.446116 1.413811 1.374240 1.326627 1.269933 1.203393 1.126333 1.038845 0.9418425 0.8379264 0.7316779 0.6305193 0.5449046 0.4886888 0.4790602 0.5378770 0.6963005 1.000925 1.461731 1.908980 2.133161 2.156717 2.099835 2.022618 1.946588 1.878434 1.819970 1.770954 1.730527
-3.5220303E-02 1.7806515E-02 8.4416628E-02 0.1669947 0.2661447 0.3823802 0.5116726 0.6465098 0.7653522 0.8278840 0.7664630 0.6301110 0.5968792 0.6752487 0.7995980 0.9337599 1.060379 1.172258 1.266972 1.344529 1.406334 1.454082 1.489802 1.515134 1.531742 1.540731 1.543173 1.539586 1.530473 1.515822 1.495623 1.469395 1.436683 1.396620 1.348426 1.291052 1.223731 1.145785 1.057300 0.9591921 0.8540661 0.7465093 0.6439564 0.5568761 0.4991411 0.4879599 0.5452128 0.7020795 1.005156 1.464378 1.910063 2.132842 2.155157 2.097141 2.018898 1.941945 1.872974 1.813791 1.764152 1.723191
-3.4210298E-02 1.9245723E-02 8.6363360E-02 0.1695330 0.2693606 0.3863604 0.5164981 0.6522564 0.7720799 0.8356380 0.7752249 0.6398409 0.6076257 0.6870104 0.8123237 0.9473822 1.074819 1.187428 1.282781 1.360886 1.423150 1.471270 1.507282 1.532831 1.549586 1.558656 1.561118 1.557493 1.548285 1.533482 1.513072 1.486575 1.453529 1.413067 1.364401 1.306479 1.238531 1.159874 1.070596 0.9716097 0.8655248 0.7569349 0.6532826 0.5650480 0.5061176 0.4937153 0.5497375 0.7053828 1.007283 1.465450 1.910179 2.131984 2.153331 2.094416 2.015352 1.937661 1.868033 1.808272 1.758129 1.716733
-3.3478778E-02 2.0300692E-02 8.7800220E-02 0.1714126 0.2717460 0.3893130 0.5200779 0.6565147 0.7770631 0.8413810 0.7817926 0.6472848 0.6158751 0.6960090 0.8220327 0.9577528 1.085794 1.198946 1.294774 1.373288 1.435894 1.484293 1.520524 1.546235 1.563098 1.572226 1.574699 1.571040 1.561752 1.546825 1.526247 1.499534 1.466223 1.425444 1.376406 1.318055 1.249617 1.170407 1.080511 0.9808461 0.8740218 0.7646359 0.6601385 0.5710180 0.5111706 0.4978317 0.5529100 0.7076142 1.008569 1.465738 1.909460 2.130383 2.150965 2.091352 2.011652 1.933386 1.863244 1.803029 1.752490 1.710751
-3.2970753E-02 2.1043746E-02 8.8819146E-02 0.1727512 0.2734476 0.3914218 0.5226339 0.6595560 0.7806182 0.8454707 0.7863861 0.6523399 0.6214452 0.7021083 0.8286370 0.9648284 1.093302 1.206841 1.303011 1.381819 1.444672 1.493272 1.529660 1.555486 1.572426 1.581594 1.584072 1.580383 1.571033 1.556010 1.535303 1.508425 1.474914 1.433895 1.384578 1.325904 1.257099 1.177476 1.087121 0.9869515 0.8795789 0.7696047 0.6644832 0.5747095 0.5141864 0.5001578 0.5545408 0.7085553 1.008853 1.465466 1.908704 2.129102 2.149132 2.089000 2.008826 1.930131 1.859604 1.799049 1.748210 1.706212
-3.2640029E-02 2.1533180E-02 8.9495040E-02 0.1736416 0.2745825 0.3928289 0.5243407 0.6615852 0.7829917 0.8482049 0.7895334 0.6559476 0.6254495 0.7064680 0.8333331 0.9698391 1.098601 1.212399 1.308799 1.387803 1.450822 1.499557 1.536050 1.561954 1.578945 1.588139 1.590618 1.586907 1.577512 1.562421 1.541622 1.514629 1.480977 1.439791 1.390278 1.331380 1.262320 1.182412 1.091740 0.9912230 0.8834735 0.7730954 0.6675459 0.5773240 0.5163384 0.5018375 0.5557443 0.7092831 1.009093 1.465151 1.907808 2.127723 2.147358 2.086869 2.006367 1.927374 1.856581 1.795789 1.744742 1.702564
-3.2455243E-02 2.1809725E-02 8.9879006E-02 0.1741497 0.2752302 0.3936334 0.5253162 0.6627463 0.7843477 0.8497623 0.7912539 0.6577876 0.6274654 0.7086835 0.8357407 0.9724262 1.101353 1.215301 1.311831 1.390949 1.454063 1.502876 1.539430 1.565378 1.582398 1.591605 1.594085 1.590360 1.580938 1.565806 1.544953 1.517891 1.484156 1.442871 1.393243 1.334213 1.265003 1.184927 1.094070 0.9933490 0.8853787 0.7747650 0.6689658 0.5784827 0.5172272 0.5024510 0.5560804 0.7093449 1.008905 1.464800 1.907350 2.127094 2.146513 2.085815 2.005120 1.925953 1.855003 1.794071 1.742902 1.700617
-3.2395486E-02 2.1899365E-02 9.0003952E-02 0.1743147 0.2754415 0.3938949 0.5256342 0.6631238 0.7847903 0.8502744 0.7918800 0.6585727 0.6283498 0.7096360 0.8367556 0.9735000 1.102480 1.216477 1.313049 1.392204 1.455350 1.504187 1.540761 1.566724 1.583753 1.592966 1.595444 1.591715 1.582284 1.567139 1.546267 1.519183 1.485420 1.444103 1.394437 1.335363 1.266104 1.185972 1.095054 0.9942663 0.8862236 0.7755316 0.6696504 0.5790816 0.5177373 0.5028707 0.5564089 0.7095807 1.009029 1.464737 1.907058 2.126653 2.145989 2.085221 2.004463 1.925239 1.854237 1.793259 1.742049 1.699729
-3.2455090E-02 2.1809841E-02 8.9879081E-02 0.1741497 0.2752303 0.3936333 0.5253162 0.6627463 0.7843476 0.8497624 0.7912539 0.6577875 0.6274652 0.7086835 0.8357406 0.9724260 1.101353 1.215301 1.311830 1.390948 1.454063 1.502875 1.539430 1.565378 1.582397 1.591605 1.594085 1.590360 1.580938 1.565806 1.544953 1.517891 1.484156 1.442871 1.393243 1.334213 1.265003 1.184927 1.094069 0.9933489 0.8853787 0.7747647 0.6689654 0.5784825 0.5172271 0.5024509 0.5560804 0.7093447 1.008905 1.464800 1.907350 2.127094 2.146513 2.085814 2.005120 1.925954 1.855003 1.794071 1.742902 1.700617
-3.2639723E-02 2.1533284E-02 8.9495264E-02 0.1736418 0.2745827 0.3928289 0.5243406 0.6615850 0.7829916 0.8482049 0.7895335 0.6559477 0.6254494 0.7064677 0.8333333 0.9698387 1.098600 1.212399 1.308798 1.387803 1.450822 1.499557 1.536050 1.561954 1.578945 1.588138 1.590617 1.586907 1.577512 1.562420 1.541621 1.514628 1.480977 1.439791 1.390278 1.331380 1.262320 1.182411 1.091740 0.9912229 0.8834730 0.7730949 0.6675458 0.5773239 0.5163381 0.5018372 0.5557442 0.7092826 1.009092 1.465150 1.907808 2.127722 2.147358 2.086869 2.006366 1.927374 1.856581 1.795789 1.744742 1.702564
-3.2970633E-02 2.1043874E-02 8.8819295E-02 0.1727512 0.2734478 0.3914218 0.5226339 0.6595556 0.7806180 0.8454705 0.7863860 0.6523397 0.6214450 0.7021083 0.8286368 0.9648283 1.093302 1.206841 1.303011 1.381819 1.444672 1.493271 1.529660 1.555486 1.572426 1.581594 1.584072 1.580383 1.571033 1.556010 1.535302 1.508425 1.474914 1.433895 1.384578 1.325904 1.257098 1.177476 1.087121 0.9869513 0.8795787 0.7696044 0.6644831 0.5747091 0.5141861 0.5001577 0.5545408 0.7085552 1.008853 1.465466 1.908704 2.129101 2.149131 2.089000 2.008825 1.930130 1.859604 1.799048 1.748210 1.706212
-3.3478532E-02 2.0300865E-02 8.7800391E-02 0.1714127 0.2717461 0.3893130 0.5200776 0.6565143 0.7770629 0.8413811 0.7817926 0.6472847 0.6158749 0.6960095 0.8220332 0.9577529 1.085794 1.198946 1.294775 1.373289 1.435895 1.484293 1.520524 1.546235 1.563098 1.572226 1.574700 1.571040 1.561752 1.546825 1.526247 1.499534 1.466223 1.425444 1.376407 1.318056 1.249617 1.170407 1.080511 0.9808465 0.8740216 0.7646360 0.6601385 0.5710180 0.5111706 0.4978321 0.5529105 0.7076146 1.008569 1.465738 1.909459 2.130383 2.150964 2.091351 2.011651 1.933386 1.863244 1.803029 1.752489 1.710750
