T6-multimodels/gz/model30.grd
DSAA
         100         100
  -15.00000       15.00000    
  -15.00000       15.00000    
 -0.4102533       2.034806    
[rows 0 to 26 of 100, columns 0 to 58 of 100]
-8.5765719E-02 -8.7455839E-02 -8.9151785E-02 -9.0851635E-02 -9.2553250E-02 -9.4254911E-02 -9.5954537E-02 -9.7650565E-02 -9.9340916E-02 -0.1010240 -0.1026931 -0.1043469 -0.1059975 -0.1076404 -0.1092710 -0.1108881 -0.1124909 -0.1140787 -0.1156510 -0.1172072 -0.1187470 -0.1202700 -0.1217757 -0.1232636 -0.1247336 -0.1261851 -0.1276180 -0.1290316 -0.1304256 -0.1317994 -0.1331524 -0.1344839 -0.1357930 -0.1370789 -0.1383404 -0.1395763 -0.1407849 -0.1419648 -0.1431140 -0.1442306 -0.1453124 -0.1463569 -0.1473616 -0.1483237 -0.1492404 -0.1501089 -0.1509263 -0.1516906 -0.1524019 -0.1530618 -0.1536589 -0.1541794 -0.1546247 -0.1549969 -0.1552942 -0.1555140 -0.1556541 -0.1557124 -0.1556869
-8.8077158E-02 -8.9843288E-02 -9.1614991E-02 -9.3389995E-02 -9.5166385E-02 -9.6942089E-02 -9.8715395E-02 -0.1004843 -0.1022476 -0.1040038 -0.1057574 -0.1075075 -0.1092390 -0.1109552 -0.1126592 -0.1143504 -0.1160285 -0.1176928 -0.1193430 -0.1209789 -0.1226001 -0.1242063 -0.1257973 -0.1273727 -0.1289323 -0.1304757 -0.1320026 -0.1335126 -0.1350051 -0.1364796 -0.1379353 -0.1393714 -0.1407871 -0.1421811 -0.1435521 -0.1448987 -0.1462191 -0.1475114 -0.1487735 -0.1500031 -0.1511974 -0.1523539 -0.1534694 -0.1545409 -0.1555649 -0.1565381 -0.1574569 -0.1583168 -0.1591106 -0.1598298 -0.1604796 -0.1610679 -0.1615868 -0.1620279 -0.1623878 -0.1626636 -0.1628527 -0.1629529 -0.1629618
-9.0431854E-02 -9.2273727E-02 -9.4120309E-02 -9.5969453E-02 -9.7818904E-02 -9.9666893E-02 -0.1015114 -0.1033510 -0.1051839 -0.1070087 -0.1088186 -0.1106128 -0.1124051 -0.1141911 -0.1159664 -0.1177305 -0.1194830 -0.1212237 -0.1229525 -0.1246694 -0.1263743 -0.1280670 -0.1297474 -0.1314154 -0.1330706 -0.1347128 -0.1363416 -0.1379566 -0.1395573 -0.1411429 -0.1427125 -0.1442653 -0.1458001 -0.1473155 -0.1488100 -0.1502818 -0.1517289 -0.1531488 -0.1545394 -0.1558976 -0.1572206 -0.1585051 -0.1597475 -0.1609443 -0.1620916 -0.1631855 -0.1642223 -0.1651988 -0.1661148 -0.1669710 -0.1677544 -0.1684492 -0.1690563 -0.1695778 -0.1700107 -0.1703522 -0.1705992 -0.1707491 -0.1707996
-9.2821926E-02 -9.4737791E-02 -9.6657157E-02 -9.8577544E-02 -0.1004969 -0.1024132 -0.1043250 -0.1062304 -0.1081287 -0.1100189 -0.1119066 -0.1137917 -0.1156585 -0.1175113 -0.1193543 -0.1211881 -0.1230126 -0.1248283 -0.1266352 -0.1284337 -0.1302239 -0.1320060 -0.1337799 -0.1355457 -0.1373030 -0.1390517 -0.1407914 -0.1425215 -0.1442414 -0.1459503 -0.1476470 -0.1493305 -0.1509994 -0.1526519 -0.1542863 -0.1559002 -0.1574914 -0.1590572 -0.1605945 -0.1621001 -0.1635704 -0.1650018 -0.1663901 -0.1677310 -0.1690202 -0.1702529 -0.1714244 -0.1725289 -0.1735576 -0.1745006 -0.1753626 -0.1761516 -0.1768584 -0.1774731 -0.1779914 -0.1784097 -0.1787249 -0.1789339 -0.1790340
-9.5235273E-02 -9.7221889E-02 -9.9209853E-02 -0.1011967 -0.1031803 -0.1051588 -0.1071306 -0.1090947 -0.1110498 -0.1129954 -0.1149249 -0.1168384 -0.1187526 -0.1206636 -0.1225678 -0.1244655 -0.1263576 -0.1282448 -0.1301278 -0.1320072 -0.1338836 -0.1357574 -0.1376288 -0.1394978 -0.1413644 -0.1432281 -0.1450888 -0.1469457 -0.1487979 -0.1506443 -0.1524838 -0.1543147 -0.1561354 -0.1579437 -0.1597373 -0.1615137 -0.1632699 -0.1650026 -0.1667084 -0.1683834 -0.1700234 -0.1716239 -0.1731804 -0.1746877 -0.1761406 -0.1775340 -0.1788627 -0.1801223 -0.1813115 -0.1824304 -0.1834636 -0.1843928 -0.1852184 -0.1859420 -0.1865598 -0.1870681 -0.1874632 -0.1877419 -0.1879013
-9.7658932E-02 -9.9710725E-02 -0.1017608 -0.1038065 -0.1058458 -0.1078768 -0.1098985 -0.1119099 -0.1139109 -0.1159020 -0.1178905 -0.1198778 -0.1218483 -0.1238081 -0.1257636 -0.1277166 -0.1296688 -0.1316216 -0.1335765 -0.1355346 -0.1374968 -0.1394640 -0.1414365 -0.1434146 -0.1453981 -0.1473868 -0.1493801 -0.1513773 -0.1533770 -0.1553781 -0.1573787 -0.1593769 -0.1613705 -0.1633569 -0.1653331 -0.1672960 -0.1692419 -0.1711671 -0.1730671 -0.1749376 -0.1767736 -0.1785698 -0.1803207 -0.1820204 -0.1836630 -0.1852421 -0.1867515 -0.1881834 -0.1895273 -0.1907709 -0.1919186 -0.1929783 -0.1939389 -0.1947889 -0.1955229 -0.1961363 -0.1966253 -0.1969861 -0.1972157
-0.1000745 -0.1021833 -0.1042858 -0.1063793 -0.1084617 -0.1105316 -0.1125880 -0.1146310 -0.1166605 -0.1186776 -0.1206769 -0.1226605 -0.1246489 -0.1266402 -0.1286322 -0.1306274 -0.1326284 -0.1346378 -0.1366576 -0.1386898 -0.1407361 -0.1427972 -0.1448743 -0.1469674 -0.1490765 -0.1512013 -0.1533410 -0.1554944 -0.1576600 -0.1598358 -0.1620198 -0.1642092 -0.1664011 -0.1685922 -0.1707790 -0.1729572 -0.1751226 -0.1772704 -0.1793956 -0.1814927 -0.1835559 -0.1855789 -0.1875555 -0.1894786 -0.1913414 -0.1931366 -0.1948573 -0.1964974 -0.1980540 -0.1995262 -0.2008958 -0.2021413 -0.2032624 -0.2042599 -0.2051291 -0.2058654 -0.2064642 -0.2069216 -0.2072342
-0.1024618 -0.1046158 -0.1067571 -0.1088827 -0.1109909 -0.1130802 -0.1151507 -0.1172025 -0.1192380 -0.1212596 -0.1232780 -0.1252974 -0.1273033 -0.1293054 -0.1313135 -0.1333322 -0.1353658 -0.1374181 -0.1394924 -0.1415914 -0.1437175 -0.1458722 -0.1480565 -0.1502710 -0.1525154 -0.1547893 -0.1570914 -0.1594202 -0.1617734 -0.1641486 -0.1665426 -0.1689521 -0.1713731 -0.1738013 -0.1762322 -0.1786606 -0.1810811 -0.1834879 -0.1858750 -0.1882358 -0.1905633 -0.1928505 -0.1950896 -0.1972727 -0.1993916 -0.2014379 -0.2034028 -0.2052767 -0.2070459 -0.2086957 -0.2102296 -0.2116553 -0.2129596 -0.2141287 -0.2151557 -0.2160353 -0.2167625 -0.2173332 -0.2177437
-0.1047941 -0.1069771 -0.1091383 -0.1112748 -0.1133846 -0.1154672 -0.1175227 -0.1195535 -0.1215621 -0.1235525 -0.1255221 -0.1274768 -0.1294436 -0.1314239 -0.1334191 -0.1354352 -0.1374786 -0.1395546 -0.1416680 -0.1438228 -0.1460220 -0.1482679 -0.1505618 -0.1529043 -0.1552951 -0.1577331 -0.1602169 -0.1627440 -0.1653114 -0.1679155 -0.1705523 -0.1732170 -0.1759045 -0.1786091 -0.1813249 -0.1840454 -0.1867641 -0.1894736 -0.1921667 -0.1948355 -0.1974719 -0.2000673 -0.2026130 -0.2050994 -0.2075172 -0.2098567 -0.2121084 -0.2142636 -0.2163178 -0.2182682 -0.2200930 -0.2217670 -0.2232885 -0.2246577 -0.2258687 -0.2269155 -0.2277928 -0.2284961 -0.2290215
-0.1070417 -0.1092318 -0.1113879 -0.1135064 -0.1155859 -0.1176259 -0.1196285 -0.1215965 -0.1235358 -0.1254531 -0.1273653 -0.1292819 -0.1311913 -0.1331097 -0.1350530 -0.1370309 -0.1390526 -0.1411257 -0.1432567 -0.1454512 -0.1477134 -0.1500461 -0.1524509 -0.1549284 -0.1574781 -0.1600985 -0.1627870 -0.1655404 -0.1683543 -0.1712238 -0.1741433 -0.1771063 -0.1801059 -0.1831349 -0.1861853 -0.1892491 -0.1923178 -0.1953827 -0.1984348 -0.2014647 -0.2044628 -0.2074192 -0.2103233 -0.2131645 -0.2159318 -0.2186135 -0.2211981 -0.2236726 -0.2260201 -0.2282219 -0.2302806 -0.2322035 -0.2339744 -0.2355768 -0.2370021 -0.2382439 -0.2392963 -0.2401546 -0.2408147
-0.1091666 -0.1113352 -0.1134527 -0.1155155 -0.1175218 -0.1194724 -0.1213701 -0.1232210 -0.1250321 -0.1268137 -0.1285686 -0.1303102 -0.1320757 -0.1338737 -0.1357120 -0.1376036 -0.1395610 -0.1415948 -0.1437141 -0.1459262 -0.1482365 -0.1506486 -0.1531646 -0.1557849 -0.1585084 -0.1613327 -0.1642543 -0.1672682 -0.1703684 -0.1735481 -0.1767995 -0.1801138 -0.1834819 -0.1868939 -0.1903396 -0.1938087 -0.1972905 -0.2007742 -0.2042490 -0.2077036 -0.2111266 -0.2145065 -0.2178312 -0.2210881 -0.2242646 -0.2273475 -0.2303240 -0.2331821 -0.2359145 -0.2385162 -0.2409607 -0.2432176 -0.2452837 -0.2471582 -0.2488335 -0.2503026 -0.2515592 -0.2525982 -0.2534160
-0.1111271 -0.1132368 -0.1152725 -0.1172298 -0.1191072 -0.1209062 -0.1226318 -0.1242921 -0.1258994 -0.1274686 -0.1290271 -0.1305943 -0.1321662 -0.1337702 -0.1354331 -0.1371741 -0.1390102 -0.1409561 -0.1430240 -0.1452233 -0.1475612 -0.1500420 -0.1526681 -0.1554395 -0.1583544 -0.1614091 -0.1645982 -0.1679149 -0.1713508 -0.1748963 -0.1785406 -0.1822719 -0.1860777 -0.1899450 -0.1938604 -0.1978105 -0.2017819 -0.2057612 -0.2097351 -0.2136903 -0.2176136 -0.2214915 -0.2253100 -0.2290548 -0.2327112 -0.2362640 -0.2396974 -0.2429942 -0.2461327 -0.2490894 -0.2518650 -0.2544661 -0.2568726 -0.2590645 -0.2610314 -0.2627652 -0.2642596 -0.2655095 -0.2665109
-0.1128717 -0.1148746 -0.1167726 -0.1185604 -0.1202361 -0.1218028 -0.1232672 -0.1246419 -0.1259432 -0.1271918 -0.1284018 -0.1296005 -0.1308427 -0.1321503 -0.1335438 -0.1350487 -0.1366880 -0.1384814 -0.1404450 -0.1425912 -0.1449288 -0.1474631 -0.1501966 -0.1531285 -0.1562560 -0.1595733 -0.1630730 -0.1667451 -0.1705781 -0.1745586 -0.1786717 -0.1829015 -0.1872310 -0.1916427 -0.1961191 -0.2006427 -0.2051966 -0.2097639 -0.2143288 -0.2188755 -0.2233885 -0.2278524 -0.2322515 -0.2365694 -0.2407894 -0.2448940 -0.2488661 -0.2526890 -0.2563518 -0.2598460 -0.2631384 -0.2661920 -0.2690013 -0.2715642 -0.2738711 -0.2759136 -0.2776849 -0.2791800 -0.2803954
-0.1143445 -0.1161799 -0.1178691 -0.1194051 -0.1207860 -0.1220152 -0.1231036 -0.1240676 -0.1249315 -0.1257249 -0.1264938 -0.1272765 -0.1280846 -0.1289661 -0.1299672 -0.1311236 -0.1324666 -0.1340227 -0.1358126 -0.1378523 -0.1401526 -0.1427198 -0.1455558 -0.1486593 -0.1520250 -0.1556451 -0.1595086 -0.1636018 -0.1679086 -0.1724106 -0.1770875 -0.1819172 -0.1868770 -0.1919433 -0.1970929 -0.2023030 -0.2075518 -0.2128188 -0.2180844 -0.2233305 -0.2285391 -0.2336929 -0.2387744 -0.2437653 -0.2486468 -0.2533988 -0.2580005 -0.2624289 -0.2666556 -0.2706500 -0.2744100 -0.2779406 -0.2812162 -0.2842123 -0.2869161 -0.2893182 -0.2914118 -0.2931920 -0.2946559
-0.1154789 -0.1170707 -0.1184613 -0.1196413 -0.1206076 -0.1213655 -0.1219286 -0.1223207 -0.1225735 -0.1227277 -0.1228190 -0.1229001 -0.1230570 -0.1233368 -0.1237836 -0.1244447 -0.1253619 -0.1265699 -0.1280959 -0.1299597 -0.1321744 -0.1347469 -0.1376787 -0.1409663 -0.1446023 -0.1485749 -0.1528689 -0.1574653 -0.1623420 -0.1674738 -0.1728329 -0.1783893 -0.1841119 -0.1899690 -0.1959296 -0.2019638 -0.2080438 -0.2141441 -0.2202412 -0.2263138 -0.2323421 -0.2383071 -0.2441899 -0.2499704 -0.2556279 -0.2611401 -0.2664840 -0.2716368 -0.2765819 -0.2813050 -0.2857639 -0.2899118 -0.2937396 -0.2972430 -0.3004102 -0.3032314 -0.3056997 -0.3078110 -0.3095632
-0.1162050 -0.1174586 -0.1184387 -0.1191312 -0.1195322 -0.1196470 -0.1194946 -0.1191057 -0.1185257 -0.1178110 -0.1170411 -0.1162894 -0.1155989 -0.1150545 -0.1147373 -0.1147126 -0.1150362 -0.1157535 -0.1168992 -0.1184979 -0.1205648 -0.1231071 -0.1261249 -0.1296123 -0.1335578 -0.1379450 -0.1427528 -0.1479553 -0.1535224 -0.1594197 -0.1656092 -0.1720502 -0.1787000 -0.1855161 -0.1924567 -0.1994826 -0.2065578 -0.2136505 -0.2207328 -0.2277806 -0.2347723 -0.2416882 -0.2485087 -0.2552130 -0.2617787 -0.2681809 -0.2743923 -0.2803818 -0.2861109 -0.2915387 -0.2966574 -0.3014683 -0.3059380 -0.3100353 -0.3137441 -0.3170539 -0.3199578 -0.3224531 -0.3245392
-0.1164433 -0.1172431 -0.1176737 -0.1177158 -0.1173613 -0.1166170 -0.1155060 -0.1140705 -0.1123697 -0.1104799 -0.1084773 -0.1064622 -0.1045761 -0.1029133 -0.1015609 -0.1006052 -0.1001200 -0.1001640 -0.1007813 -0.1020013 -0.1038415 -0.1063085 -0.1093999 -0.1131059 -0.1174100 -0.1222892 -0.1277149 -0.1336522 -0.1400603 -0.1468926 -0.1540976 -0.1616197 -0.1694009 -0.1773831 -0.1855103 -0.1937301 -0.2019962 -0.2102688 -0.2185150 -0.2267082 -0.2348267 -0.2428511 -0.2507632 -0.2585428 -0.2661672 -0.2736098 -0.2808404 -0.2878276 -0.2945451 -0.3009692 -0.3070421 -0.3127017 -0.3179328 -0.3227270 -0.3270692 -0.3309486 -0.3343591 -0.3372992 -0.3397710
-0.1161153 -0.1163208 -0.1160331 -0.1152231 -0.1138779 -0.1120032 -0.1096285 -0.1068079 -0.1036227 -0.1001772 -9.6611694E-02 -9.3064420E-02 -8.9638717E-02 -8.6487398E-02 -8.3753653E-02 -8.1554517E-02 -7.9987101E-02 -7.9127118E-02 -7.9028986E-02 -7.9728015E-02 -8.1242763E-02 -8.3578072E-02 -8.6727545E-02 -9.0675794E-02 -9.5399119E-02 -0.1008666 -0.1070396 -0.1138718 -0.1213083 -0.1292869 -0.1377376 -0.1465847 -0.1557491 -0.1651516 -0.1747158 -0.1843722 -0.1940599 -0.2037296 -0.2133428 -0.2228717 -0.2322961 -0.2416010 -0.2507721 -0.2597932 -0.2686428 -0.2772933 -0.2857095 -0.2938486 -0.3016556 -0.3090710 -0.3160754 -0.3226615 -0.3287819 -0.3343945 -0.3394786 -0.3440224 -0.3480213 -0.3514763 -0.3543929
-0.1151384 -0.1145821 -0.1133717 -0.1114652 -0.1088399 -0.1055002 -0.1014805 -9.6852124E-02 -9.1720574E-02 -8.6226121E-02 -8.0519497E-02 -7.4788481E-02 -6.9274321E-02 -6.4157642E-02 -5.9603900E-02 -5.5767421E-02 -5.2774884E-02 -5.0722416E-02 -4.9676958E-02 -4.9678765E-02 -5.0746553E-02 -5.2881073E-02 -5.6069937E-02 -6.0289547E-02 -6.5507405E-02 -7.1681723E-02 -7.8761891E-02 -8.6686589E-02 -9.5383726E-02 -0.1047698 -0.1147507 -0.1252235 -0.1360801 -0.1472119 -0.1585147 -0.1698943 -0.1812712 -0.1925832 -0.2037865 -0.2148539 -0.2257717 -0.2365337 -0.2471362 -0.2575712 -0.2678232 -0.2778657 -0.2876612 -0.2971640 -0.3063301 -0.3151158 -0.3234352 -0.3311987 -0.3383770 -0.3449535 -0.3509074 -0.3562267 -0.3609091 -0.3649592 -0.3683876
-0.1134419 -0.1119267 -0.1095516 -0.1062549 -0.1020007 -9.6786834E-02 -9.0655252E-02 -8.3694719E-02 -7.6047309E-02 -6.7901559E-02 -5.9505984E-02 -5.1116869E-02 -4.2950317E-02 -3.5280932E-02 -2.8361730E-02 -2.2398908E-02 -1.7557113E-02 -1.3957656E-02 -1.1680694E-02 -1.0771043E-02 -1.1244614E-02 -1.3095577E-02 -1.6301813E-02 -2.0829218E-02 -2.6633259E-02 -3.3659395E-02 -4.1841559E-02 -5.1100653E-02 -6.1342180E-02 -7.2455943E-02 -8.4315419E-02 -9.6781373E-02 -0.1097057 -0.1229389 -0.1363377 -0.1497740 -0.1631418 -0.1763627 -0.1893877 -0.2021945 -0.2147827 -0.2271646 -0.2393561 -0.2513674 -0.2631949 -0.2748172 -0.2861922 -0.2972574 -0.3079270 -0.3181044 -0.3277419 -0.3368091 -0.3452304 -0.3529434 -0.3599187 -0.3661439 -0.3716196 -0.3763566 -0.3803725
-0.1109643 -0.1082631 -0.1044410 -9.9409327E-02 -9.3110815E-02 -8.5534669E-02 -7.6726303E-02 -6.6800036E-02 -5.5937964E-02 -4.4390712E-02 -3.2442182E-02 -2.0436803E-02 -8.7914001E-03 2.1589512E-03 1.2111256E-02 2.0795923E-02 2.8001154E-02 3.3575777E-02 3.7424941E-02 3.9501984E-02 3.9797004E-02 3.8327336E-02 3.5128325E-02 3.0248823E-02 2.3747876E-02 1.5696138E-02 6.1772880E-03 -4.7073816E-03 -1.6836334E-02 -3.0064605E-02 -4.4224221E-02 -5.9126370E-02 -7.4568838E-02 -9.0344772E-02 -0.1062562 -0.1221262 -0.1378125 -0.1532147 -0.1682792 -0.1829953 -0.1973875 -0.2115016 -0.2253900 -0.2390958 -0.2526407 -0.2660157 -0.2791798 -0.2920632 -0.3045839 -0.3166510 -0.3281180 -0.3388369 -0.3487438 -0.3578018 -0.3659785 -0.3732620 -0.3796581 -0.3851862 -0.3898743
-0.1076774 -0.1035333 -9.7943120E-02 -9.0778999E-02 -8.1955247E-02 -7.1444012E-02 -5.9296314E-02 -4.5652404E-02 -3.0752936E-02 -1.4929432E-02 1.3833807E-03 1.7724931E-02 3.3681117E-02 4.8767716E-02 6.2544927E-02 7.4658044E-02 8.4835082E-02 9.2888944E-02 9.8710105E-02 0.1022526 0.1035185 0.1025419 9.9377371E-02 9.4092198E-02 8.6764008E-02 7.7481590E-02 6.6349767E-02 5.3495064E-02 3.9072566E-02 2.3269933E-02 6.3096350E-03 -1.1554482E-02 -3.0045491E-02 -4.8877545E-02 -6.7774348E-02 -8.6490311E-02 -0.1048299 -0.1226630 -0.1399314 -0.1566461 -0.1728743 -0.1887199 -0.2042983 -0.2197118 -0.2350285 -0.2502666 -0.2653877 -0.2802964 -0.2948419 -0.3088429 -0.3221758 -0.3347450 -0.3464094 -0.3570615 -0.3666538 -0.3751741 -0.3826367 -0.3890737 -0.3945281
-0.1035876 -9.7719096E-02 -9.0003259E-02 -8.0262750E-02 -6.8369664E-02 -5.4274872E-02 -3.8030539E-02 -1.9815233E-02 6.3586049E-05 2.1171708E-02 4.3003961E-02 6.4958893E-02 8.6333513E-02 0.1065392 0.1250462 0.1413959 0.1552410 0.1663503 0.1745982 0.1799442 0.1824084 0.1820498 0.1789482 0.1731950 0.1648893 0.1541412 0.1410784 0.1258568 0.1086704 8.9760169E-02 6.9417402E-02 4.7982235E-02 2.5832050E-02 3.3627497E-03 -1.9039249E-02 -4.1028321E-02 -6.2332101E-02 -8.2775831E-02 -0.1022963 -0.1209386 -0.1388397 -0.1561977 -0.1732338 -0.1901529 -0.2071081 -0.2241731 -0.2413302 -0.2584734 -0.2754361 -0.2920091 -0.3078962 -0.3228062 -0.3365816 -0.3491296 -0.3603913 -0.3703564 -0.3790520 -0.3865295 -0.3928533
-9.8770857E-02 -9.0877086E-02 -8.0652818E-02 -6.7853816E-02 -5.2300446E-02 -3.3912040E-02 -1.2748724E-02 1.0964216E-02 3.6819149E-02 6.4249143E-02 9.2528895E-02 0.1208950 0.1486495 0.1749951 0.1991985 0.2206624 0.2389379 0.2537352 0.2649092 0.2724279 0.2763384 0.2767323 0.2737229 0.2674309 0.2579809 0.2455055 0.2301577 0.2121252 0.1916476 0.1690290 0.1446480 0.1189559 9.2465132E-02 6.5722130E-02 3.9269079E-02 1.3595151E-02 -1.0912609E-02 -3.4011010E-02 -5.5624928E-02 -7.5848415E-02 -9.4921947E-02 -0.1131900 -0.1310441 -0.1488615 -0.1669457 -0.1854790 -0.2044927 -0.2238593 -0.2432968 -0.2624211 -0.2808980 -0.2984370 -0.3147193 -0.3295223 -0.3427530 -0.3544026 -0.3645190 -0.3731816 -0.3804855
-9.3377359E-02 -8.3151162E-02 -7.0021763E-02 -5.3665027E-02 -3.3834152E-02 -1.0417926E-02 1.6508717E-02 4.6635304E-02 7.9416983E-02 0.1141081 0.1498912 0.1858650 0.2210060 0.2544214 0.2852481 0.3127049 0.3361954 0.3553411 0.3699642 0.3800433 0.3856583 0.3869442 0.3840554 0.3771482 0.3663751 0.3518935 0.3338817 0.3125616 0.2882229 0.2612455 0.2321141 0.2014226 0.1698598 0.1381763 0.1071301 7.7416964E-02 4.9593974E-02 2.4014229E-02 7.8304444E-04 -2.0250073E-02 -3.9466586E-02 -5.7422098E-02 -7.4768230E-02 -9.2158809E-02 -0.1101568 -0.1291509 -0.1493024 -0.1705260 -0.1925200 -0.2148048 -0.2366976 -0.2575081 -0.2767885 -0.2942699 -0.3098166 -0.3234228 -0.3351665 -0.3451697 -0.3535696
-8.7681368E-02 -7.4821196E-02 -5.8398396E-02 -3.7989847E-02 -1.3276801E-02 1.5881494E-02 4.9355127E-02 8.6683944E-02 0.1270624 0.1694601 0.2127752 0.2561044 0.2987554 0.3397277 0.3778656 0.4120832 0.4415287 0.4656665 0.4842569 0.4972806 0.5048571 0.5071722 0.5044308 0.4968295 0.4845525 0.4677814 0.4467200 0.4216246 0.3928404 0.3608333 0.3262166 0.2897602 0.2523795 0.2150939 0.1789556 0.1449496 0.1138841 8.6287446E-02 6.2338941E-02 4.1843314E-02 2.4255132E-02 8.7439669E-03 -5.7040597E-03 -2.0157162E-02 -3.5592731E-02 -5.2764390E-02 -7.2105482E-02 -9.3673758E-02 -0.1171139 -0.1416989 -0.1665739 -0.1908408 -0.2135951 -0.2342237 -0.2524751 -0.2683354 -0.2819269 -0.2934309 -0.3030434
-8.2086176E-02 -6.6316485E-02 -4.6239872E-02 -2.1325855E-02 8.8246949E-03 4.4353772E-02 8.5012063E-02 0.1300179 0.1780435 0.2274466 0.2769850 0.3262691 0.3751884 0.4231743 0.4687671 0.5102507 0.5462626 0.5759684 0.5990019 0.6153277 0.6251038 0.6285757 0.6260048 0.6176345 0.6036814 0.5843520 0.5598732 0.5305362 0.4967442 0.4590605 0.4182470 0.3752872 0.3313766 0.2878782 0.2462289 0.2078081 0.1737798 0.1449471 0.1216417 0.1036783 9.0366416E-02 8.0578148E-02 7.2860777E-02 6.5606587E-02 5.7262450E-02 4.6530310E-02 3.2484170E-02 1.4609948E-02 -7.1796007E-03 -3.2433800E-02 -5.9886687E-02 -8.7722123E-02 -0.1143123 -0.1385481 -0.1599078 -0.1783304 -0.1939914 -0.2071534 -0.2180900
