T5-twomodels-2/gx/model90.grd
DSAA
         100         100
  -15.00000       15.00000    
  -15.00000       15.00000    
  -6.117597       4.093565    
[rows 0 to 25 of 100, columns 0 to 58 of 100]
1.7754659E-02 1.8273689E-02 1.8794037E-02 1.9314753E-02 1.9834697E-02 2.0353239E-02 2.0869117E-02 2.1381689E-02 2.1889839E-02 2.2392711E-02 2.2888031E-02 2.3380702E-02 2.3869099E-02 2.4348903E-02 2.4821933E-02 2.5287829E-02 2.5746576E-02 2.6197685E-02 2.6641067E-02 2.7075997E-02 2.7501786E-02 2.7917499E-02 2.8321985E-02 2.8713517E-02 2.9090190E-02 2.9449603E-02 2.9789092E-02 3.0105587E-02 3.0395515E-02 3.0654963E-02 3.0879749E-02 3.1065349E-02 3.1206883E-02 3.1299643E-02 3.1338535E-02 3.1318739E-02 3.1235224E-02 3.1083396E-02 3.0858587E-02 3.0557213E-02 3.0175554E-02 2.9710995E-02 2.9160865E-02 2.8524024E-02 2.7798906E-02 2.6986260E-02 2.6085572E-02 2.5098538E-02 2.4020219E-02 2.2867337E-02 2.1653866E-02 2.0355260E-02 1.8984603E-02 1.7548859E-02 1.6052943E-02 1.4501062E-02 1.2899081E-02 1.1251323E-02 9.5632561E-03
1.8780032E-02 1.9344304E-02 1.9910473E-02 2.0477060E-02 2.1043187E-02 2.1607606E-02 2.2169456E-02 2.2727398E-02 2.3281068E-02 2.3829900E-02 2.4375256E-02 2.4911001E-02 2.5438257E-02 2.5961310E-02 2.6477946E-02 2.6988117E-02 2.7491327E-02 2.7987791E-02 2.8477184E-02 2.8959248E-02 2.9433368E-02 2.9898951E-02 3.0354572E-02 3.0798605E-02 3.1229079E-02 3.1643491E-02 3.2038860E-02 3.2411780E-02 3.2758217E-02 3.3073682E-02 3.3353481E-02 3.3592191E-02 3.3784304E-02 3.3924069E-02 3.4005739E-02 3.4023207E-02 3.3970833E-02 3.3842713E-02 3.3633754E-02 3.3339038E-02 3.2954704E-02 3.2476742E-02 3.1902898E-02 3.1230604E-02 3.0459443E-02 2.9588480E-02 2.8620085E-02 2.7556013E-02 2.6406607E-02 2.5159959E-02 2.3808558E-02 2.2387199E-02 2.0890519E-02 1.9321023E-02 1.7684028E-02 1.5986027E-02 1.4232161E-02 1.2428810E-02 1.0580714E-02
1.9880531E-02 2.0495066E-02 2.1111725E-02 2.1729242E-02 2.2346122E-02 2.2961399E-02 2.3573468E-02 2.4181552E-02 2.4784351E-02 2.5380924E-02 2.5968829E-02 2.6553543E-02 2.7133597E-02 2.7704582E-02 2.8268827E-02 2.8826440E-02 2.9377935E-02 2.9923277E-02 3.0462800E-02 3.0996259E-02 3.1523619E-02 3.2044124E-02 3.2556556E-02 3.3059329E-02 3.3550516E-02 3.4027401E-02 3.4486741E-02 3.4924738E-02 3.5336848E-02 3.5718024E-02 3.6062684E-02 3.6364704E-02 3.6617495E-02 3.6814481E-02 3.6948562E-02 3.7012715E-02 3.6999866E-02 3.6903381E-02 3.6716580E-02 3.6434077E-02 3.6050409E-02 3.5561595E-02 3.4963854E-02 3.4255348E-02 3.3433981E-02 3.2500554E-02 3.1454775E-02 3.0298846E-02 2.9028056E-02 2.7661603E-02 2.6215900E-02 2.4665331E-02 2.3025414E-02 2.1305008E-02 1.9510729E-02 1.7648399E-02 1.5725488E-02 1.3747718E-02 1.1721892E-02
2.1064086E-02 2.1734182E-02 2.2407042E-02 2.3080764E-02 2.3754062E-02 2.4425199E-02 2.5092972E-02 2.5755787E-02 2.6413083E-02 2.7064210E-02 2.7710738E-02 2.8346125E-02 2.8971944E-02 2.9593244E-02 3.0208083E-02 3.0817036E-02 3.1420209E-02 3.2018453E-02 3.2612104E-02 3.3201683E-02 3.3787150E-02 3.4368180E-02 3.4943618E-02 3.5512172E-02 3.6071789E-02 3.6619633E-02 3.7152171E-02 3.7665207E-02 3.8153678E-02 3.8611762E-02 3.9033096E-02 3.9410438E-02 3.9736252E-02 4.0002529E-02 4.0201031E-02 4.0323105E-02 4.0360615E-02 4.0305059E-02 4.0148918E-02 3.9884932E-02 3.9507240E-02 3.9010070E-02 3.8389891E-02 3.7643153E-02 3.6768913E-02 3.5766143E-02 3.4637768E-02 3.3386238E-02 3.2023873E-02 3.0538766E-02 2.8923970E-02 2.7219174E-02 2.5420014E-02 2.3530820E-02 2.1558963E-02 1.9512983E-02 1.7399795E-02 1.5227593E-02 1.3002481E-02
2.2338742E-02 2.3070924E-02 2.3806147E-02 2.4542667E-02 2.5278406E-02 2.6011815E-02 2.6740853E-02 2.7464388E-02 2.8180754E-02 2.8888840E-02 2.9586069E-02 3.0278819E-02 3.0965755E-02 3.1642437E-02 3.2312091E-02 3.2975599E-02 3.3634353E-02 3.4289144E-02 3.4941290E-02 3.5591476E-02 3.6240347E-02 3.6887765E-02 3.7533097E-02 3.8175076E-02 3.8811773E-02 3.9440181E-02 4.0056538E-02 4.0656228E-02 4.1233532E-02 4.1781876E-02 4.2293802E-02 4.2761024E-02 4.3174505E-02 4.3524973E-02 4.3802310E-02 4.3996483E-02 4.4097260E-02 4.4094823E-02 4.3979429E-02 4.3742895E-02 4.3377232E-02 4.2876333E-02 4.2234700E-02 4.1449379E-02 4.0517479E-02 3.9439909E-02 3.8216718E-02 3.6851093E-02 3.5339039E-02 3.3703417E-02 3.1964004E-02 3.0094078E-02 2.8112778E-02 2.6031869E-02 2.3860501E-02 2.1606775E-02 1.9280503E-02 1.6889349E-02 1.4441883E-02
2.3714399E-02 2.4515789E-02 2.5321011E-02 2.6127463E-02 2.6933160E-02 2.7735587E-02 2.8532976E-02 2.9323187E-02 3.0105297E-02 3.0878484E-02 3.1644590E-02 3.2396708E-02 3.3136941E-02 3.3871416E-02 3.4598786E-02 3.5320640E-02 3.6038175E-02 3.6753453E-02 3.7468050E-02 3.8183648E-02 3.8901217E-02 3.9621398E-02 4.0343847E-02 4.1067690E-02 4.1791011E-02 4.2510830E-02 4.3223139E-02 4.3922838E-02 4.4603586E-02 4.5257788E-02 4.5876946E-02 4.6451267E-02 4.6970319E-02 4.7422782E-02 4.7796894E-02 4.8080202E-02 4.8260696E-02 4.8325978E-02 4.8264727E-02 4.8066199E-02 4.7721390E-02 4.7221776E-02 4.6561759E-02 4.5736250E-02 4.4743553E-02 4.3582559E-02 4.2256989E-02 4.0770564E-02 3.9138470E-02 3.7349667E-02 3.5398576E-02 3.3331189E-02 3.1145202E-02 2.8847890E-02 2.6449695E-02 2.3962129E-02 2.1394733E-02 1.8758142E-02 1.6060367E-02
2.5201729E-02 2.6081076E-02 2.6964674E-02 2.7849907E-02 2.8733712E-02 2.9613636E-02 3.0486781E-02 3.1351354E-02 3.2205146E-02 3.3046734E-02 3.3873316E-02 3.4692302E-02 3.5502676E-02 3.6300167E-02 3.7089366E-02 3.7872463E-02 3.8652346E-02 3.9431375E-02 4.0212527E-02 4.0997982E-02 4.1789837E-02 4.2589244E-02 4.3396667E-02 4.4211496E-02 4.5032162E-02 4.5855667E-02 4.6677858E-02 4.7493156E-02 4.8294384E-02 4.9072996E-02 4.9819075E-02 5.0521366E-02 5.1167347E-02 5.1743783E-02 5.2236222E-02 5.2630048E-02 5.2910190E-02 5.3062052E-02 5.3071156E-02 5.2924946E-02 5.2611414E-02 5.2121058E-02 5.1445648E-02 5.0580408E-02 4.9521402E-02 4.8269667E-02 4.6825938E-02 4.5195058E-02 4.3374557E-02 4.1392528E-02 3.9273687E-02 3.6991086E-02 3.4569163E-02 3.2024074E-02 2.9368848E-02 2.6615035E-02 2.3775775E-02 2.0861423E-02 1.7882949E-02
2.6813531E-02 2.7780605E-02 2.8752944E-02 2.9726764E-02 3.0698884E-02 3.1665541E-02 3.2623921E-02 3.3570897E-02 3.4504902E-02 3.5424728E-02 3.6332425E-02 3.7220534E-02 3.8091995E-02 3.8954571E-02 3.9807968E-02 4.0655468E-02 4.1500144E-02 4.2346161E-02 4.3197166E-02 4.4056915E-02 4.4928294E-02 4.5813702E-02 4.6714250E-02 4.7630068E-02 4.8559885E-02 4.9500968E-02 5.0448947E-02 5.1397759E-02 5.2339457E-02 5.3264271E-02 5.4160886E-02 5.5015996E-02 5.5815030E-02 5.6541882E-02 5.7179552E-02 5.7709929E-02 5.8115087E-02 5.8376636E-02 5.8477394E-02 5.8400989E-02 5.8133367E-02 5.7661604E-02 5.6976739E-02 5.6071248E-02 5.4942299E-02 5.3588726E-02 5.2015588E-02 5.0228726E-02 4.8247699E-02 4.6063453E-02 4.3673307E-02 4.1132398E-02 3.8442124E-02 3.5614476E-02 3.2664631E-02 2.9608591E-02 2.6459698E-02 2.3231985E-02 1.9936040E-02
2.8563662E-02 2.9630527E-02 3.0703338E-02 3.1778019E-02 3.2849919E-02 3.3915039E-02 3.4968976E-02 3.6008734E-02 3.7030999E-02 3.8033701E-02 3.9013557E-02 3.9979137E-02 4.0930018E-02 4.1862555E-02 4.2783424E-02 4.3696981E-02 4.4608701E-02 4.5523584E-02 4.6447396E-02 4.7384989E-02 4.8341025E-02 4.9318962E-02 5.0321221E-02 5.1348682E-02 5.2400786E-02 5.3474989E-02 5.4566946E-02 5.5670105E-02 5.6775637E-02 5.7872571E-02 5.8947731E-02 5.9985794E-02 6.0969263E-02 6.1879218E-02 6.2694810E-02 6.3394502E-02 6.3955866E-02 6.4356841E-02 6.4575516E-02 6.4592220E-02 6.4388402E-02 6.3949034E-02 6.3261420E-02 6.2317856E-02 6.1112761E-02 5.9647299E-02 5.7923529E-02 5.5949114E-02 5.3724650E-02 5.1285885E-02 4.8665244E-02 4.5837354E-02 4.2834762E-02 3.9680470E-02 3.6393497E-02 3.2990698E-02 2.9490015E-02 2.5905633E-02 2.2251718E-02
3.0468892E-02 3.1649303E-02 3.2837123E-02 3.4026675E-02 3.5212781E-02 3.6389574E-02 3.7552290E-02 3.8696036E-02 3.9817847E-02 4.0915601E-02 4.1991323E-02 4.3036804E-02 4.4056214E-02 4.5059737E-02 4.6048921E-02 4.7029946E-02 4.8009045E-02 4.8993982E-02 4.9991950E-02 5.1010244E-02 5.2055079E-02 5.3131923E-02 5.4244459E-02 5.5394951E-02 5.6583580E-02 5.7808384E-02 5.9065025E-02 6.0346585E-02 6.1643369E-02 6.2942944E-02 6.4230293E-02 6.5487370E-02 6.6693731E-02 6.7826442E-02 6.8860747E-02 6.9769993E-02 7.0527196E-02 7.1104474E-02 7.1475305E-02 7.1614124E-02 7.1498603E-02 7.1108505E-02 7.0429310E-02 6.9449387E-02 6.8164043E-02 6.6571958E-02 6.4680435E-02 6.2499102E-02 6.0054444E-02 5.7341646E-02 5.4363694E-02 5.1189426E-02 4.7826879E-02 4.4295739E-02 4.0618703E-02 3.6818605E-02 3.2914385E-02 2.8924866E-02 2.4864113E-02
3.2547474E-02 3.3858392E-02 3.5178091E-02 3.6500145E-02 3.7817199E-02 3.9122544E-02 4.0409040E-02 4.1671328E-02 4.2904001E-02 4.4103555E-02 4.5265701E-02 4.6400309E-02 4.7507897E-02 4.8586048E-02 4.9644761E-02 5.0692081E-02 5.1737830E-02 5.2791532E-02 5.3863671E-02 5.4963648E-02 5.6100532E-02 5.7281770E-02 5.8513202E-02 5.9798524E-02 6.1139267E-02 6.2534124E-02 6.3979059E-02 6.5466866E-02 6.6986956E-02 6.8525456E-02 7.0065014E-02 7.1584821E-02 7.3060513E-02 7.4464992E-02 7.5767972E-02 7.6937489E-02 7.7939704E-02 7.8740731E-02 7.9306602E-02 7.9606049E-02 7.9609610E-02 7.9292893E-02 7.8635678E-02 7.7625103E-02 7.6252729E-02 7.4519925E-02 7.2431087E-02 6.9998957E-02 6.7230038E-02 6.4172000E-02 6.0869642E-02 5.7302658E-02 5.3516366E-02 4.9544740E-02 4.5416411E-02 4.1156385E-02 3.6789753E-02 3.2336123E-02 2.7813949E-02
3.4821060E-02 3.6282316E-02 3.7754975E-02 3.9230205E-02 4.0699441E-02 4.2153023E-02 4.3582667E-02 4.4980016E-02 4.6339359E-02 4.7656480E-02 4.8932824E-02 5.0158985E-02 5.1340841E-02 5.2492183E-02 5.3617887E-02 5.4728966E-02 5.5837180E-02 5.6956314E-02 5.8099624E-02 5.9280396E-02 6.0510542E-02 6.1800681E-02 6.3158937E-02 6.4591303E-02 6.6100821E-02 6.7687377E-02 6.9347389E-02 7.1073532E-02 7.2854444E-02 7.4674591E-02 7.6514348E-02 7.8349344E-02 8.0151215E-02 8.1887230E-02 8.3521321E-02 8.5013852E-02 8.6323746E-02 8.7408088E-02 8.8225052E-02 8.8733934E-02 8.8898309E-02 8.8685520E-02 8.8071123E-02 8.7036334E-02 8.5572913E-02 8.3679333E-02 8.1366681E-02 7.8651287E-02 7.5571217E-02 7.2130322E-02 6.8342544E-02 6.4297698E-02 6.0015708E-02 5.5529237E-02 5.0873049E-02 4.6080597E-02 4.1179184E-02 3.6194462E-02 3.1145014E-02
3.7313771E-02 3.8950011E-02 4.0600613E-02 4.2255238E-02 4.3901972E-02 4.5529235E-02 4.7124915E-02 4.8679035E-02 5.0181925E-02 5.1626991E-02 5.3007796E-02 5.4335538E-02 5.5611994E-02 5.6837082E-02 5.8026295E-02 5.9194077E-02 6.0357645E-02 6.1534353E-02 6.2742643E-02 6.3999675E-02 6.5321870E-02 6.6723213E-02 6.8215355E-02 6.9806874E-02 7.1503043E-02 7.3305175E-02 7.5210594E-02 7.7212080E-02 7.9297580E-02 8.1450060E-02 8.3647132E-02 8.5860953E-02 8.8057905E-02 9.0199456E-02 9.2241585E-02 9.4136432E-02 9.5832534E-02 9.7277083E-02 9.8416306E-02 9.9199392E-02 9.9578246E-02 9.9512145E-02 9.8967217E-02 9.7921200E-02 9.6360363E-02 9.4286039E-02 9.1706872E-02 8.8644616E-02 8.5117146E-02 8.1191927E-02 7.6934554E-02 7.2336055E-02 6.7462713E-02 6.2366687E-02 5.7092208E-02 5.1677167E-02 4.6157278E-02 4.0559851E-02 3.4908716E-02
4.0053807E-02 4.1894246E-02 4.3754216E-02 4.5619786E-02 4.7476564E-02 4.9308304E-02 5.1100019E-02 5.2836694E-02 5.4506809E-02 5.6101646E-02 5.7620440E-02 5.9051786E-02 6.0403831E-02 6.1696023E-02 6.2939212E-02 6.4152911E-02 6.5358512E-02 6.6580236E-02 6.7841649E-02 6.9166206E-02 7.0575103E-02 7.2087437E-02 7.3718682E-02 7.5481057E-02 7.7382460E-02 7.9426356E-02 8.1611305E-02 8.3930545E-02 8.6371675E-02 8.8916056E-02 9.1538787E-02 9.4207756E-02 9.6884102E-02 9.9521711E-02 0.1020680 0.1044639 0.1066466 0.1085488 0.1101036 0.1112445 0.1119106 0.1120470 0.1116111 0.1105707 0.1089105 0.1066281 0.1037408 0.1002771 9.6294969E-02 9.1815852E-02 8.6874776E-02 8.1594914E-02 7.6018080E-02 7.0199013E-02 6.4192437E-02 5.8048423E-02 5.1806837E-02 4.5502707E-02 3.9160106E-02
4.3072354E-02 4.5153428E-02 4.7260717E-02 4.9377561E-02 5.1484317E-02 5.3560816E-02 5.5585489E-02 5.7539158E-02 5.9403576E-02 6.1165266E-02 6.2812954E-02 6.4358525E-02 6.5805636E-02 6.7158647E-02 6.8442613E-02 6.9683306E-02 7.0911132E-02 7.2157040E-02 7.3453188E-02 7.4829698E-02 7.6315038E-02 7.7933781E-02 7.9706907E-02 8.1650615E-02 8.3776452E-02 8.6090490E-02 8.8593185E-02 9.1278732E-02 9.4134644E-02 9.7141206E-02 0.1002707 0.1034871 0.1067450 0.1099904 0.1131598 0.1161818 0.1189776 0.1214640 0.1235544 0.1251645 0.1262133 0.1266304 0.1263564 0.1253505 0.1235883 0.1210699 0.1178111 0.1138499 0.1092258 0.1040407 9.8396495E-02 9.2308670E-02 8.5879408E-02 7.9191782E-02 7.2315775E-02 6.5309733E-02 5.8225103E-02 5.1099464E-02 4.3962859E-02
4.6405662E-02 4.8771139E-02 5.1173721E-02 5.3591471E-02 5.6000136E-02 5.8371749E-02 6.0678538E-02 6.2892213E-02 6.4989068E-02 6.6950329E-02 6.8769224E-02 7.0430025E-02 7.1944259E-02 7.3340639E-02 7.4641451E-02 7.5881772E-02 7.7100478E-02 7.8340098E-02 7.9642110E-02 8.1046917E-02 8.2590818E-02 8.4306166E-02 8.6219825E-02 8.8353559E-02 9.0723008E-02 9.3337730E-02 9.6200682E-02 9.9307701E-02 0.1026469 0.1061978 0.1099305 0.1138045 0.1177684 0.1217584 0.1256992 0.1295035 0.1330745 0.1363067 0.1390909 0.1413162 0.1428780 0.1436803 0.1436454 0.1427144 0.1408566 0.1380658 0.1343693 0.1298178 0.1245046 0.1184862 0.1118386 0.1047424 9.7280011E-02 8.9544967E-02 8.1625350E-02 7.3597416E-02 6.5519452E-02 5.7438552E-02 4.9384292E-02
5.0092921E-02 5.2797481E-02 5.5554185E-02 5.8336705E-02 6.1112572E-02 6.3846126E-02 6.6497907E-02 6.9030106E-02 7.1406297E-02 7.3597625E-02 7.5581580E-02 7.7368475E-02 7.8964822E-02 8.0383696E-02 8.1668049E-02 8.2865231E-02 8.4029876E-02 8.5217431E-02 8.6483888E-02 8.7881014E-02 8.9456290E-02 9.1250502E-02 9.3298443E-02 9.5627785E-02 9.8259516E-02 0.1012072 0.1044774 0.1080682 0.1119693 0.1161603 0.1206098 0.1252735 0.1300933 0.1349959 0.1398914 0.1446752 0.1492269 0.1534151 0.1570986 0.1601349 0.1623838 0.1637183 0.1640297 0.1632389 0.1612971 0.1581979 0.1539681 0.1486751 0.1424000 0.1353072 0.1275668 0.1192448 0.1105080 0.1014939 9.2315964E-02 8.3064854E-02 7.3814437E-02 6.4614661E-02 5.5500470E-02
5.4178841E-02 5.7288587E-02 6.0473919E-02 6.3701145E-02 6.6929966E-02 7.0111528E-02 7.3193625E-02 7.6120943E-02 7.8843437E-02 8.1319101E-02 8.3525643E-02 8.5437603E-02 8.7071277E-02 8.8472493E-02 8.9686722E-02 9.0779580E-02 9.1823265E-02 9.2894003E-02 9.4064511E-02 9.5402904E-02 9.6968964E-02 9.8814741E-02 0.1009834 0.1035099 0.1064211 0.1097356 0.1134641 0.1176086 0.1221613 0.1271033 0.1324029 0.1380130 0.1438696 0.1498889 0.1559666 0.1619762 0.1677713 0.1731855 0.1780400 0.1821471 0.1853223 0.1873914 0.1882066 0.1876519 0.1856597 0.1822098 0.1773433 0.1711495 0.1637875 0.1553856 0.1461025 0.1362234 0.1259092 0.1153241 0.1046127 9.3892522E-02 8.3246849E-02 7.2735764E-02 6.2390484E-02
5.8710471E-02 6.2307518E-02 6.6013485E-02 6.9788776E-02 7.3580578E-02 7.7326000E-02 8.0951467E-02 8.4380776E-02 8.7537572E-02 9.0357147E-02 9.2789613E-02 9.4836771E-02 9.6509315E-02 9.7839646E-02 9.8907530E-02 9.9804409E-02 0.1006325 0.1014930 0.1024835 0.1036908 0.1051909 0.1070479 0.1093149 0.1120344 0.1152399 0.1189558 0.1231981 0.1279738 0.1332794 0.1390995 0.1454039 0.1521451 0.1592540 0.1666382 0.1741768 0.1817209 0.1890912 0.1960818 0.2024626 0.2079907 0.2124178 0.2155086 0.2170530 0.2168878 0.2149046 0.2110713 0.2054256 0.1980864 0.1892155 0.1790988 0.1680397 0.1562145 0.1439135 0.1313735 0.1187827 0.1062814 9.3971901E-02 8.1914291E-02 7.0140362E-02
6.3738778E-02 6.7922227E-02 7.2265044E-02 7.6718770E-02 8.1218965E-02 8.5681073E-02 9.0006404E-02 9.4083637E-02 9.7803317E-02 0.1010677 0.1038134 0.1059904 0.1076226 0.1087917 0.1095953 0.1101646 0.1106395 0.1111598 0.1118527 0.1128302 0.1141861 0.1159984 0.1183299 0.1212312 0.1247423 0.1288943 0.1337094 0.1392013 0.1453730 0.1522151 0.1597025 0.1677894 0.1764061 0.1854520 0.1947923 0.2042528 0.2136189 0.2226350 0.2310107 0.2384277 0.2445567 0.2490726 0.2516820 0.2521409 0.2502867 0.2460486 0.2394733 0.2307147 0.2200565 0.2077786 0.1942167 0.1798644 0.1650435 0.1500522 0.1351327 0.1204633 0.1061554 9.2273481E-02 7.8834668E-02
6.9314048E-02 7.4205421E-02 7.9327941E-02 8.4628083E-02 9.0025291E-02 9.5411964E-02 0.1006509 0.1055854 0.1100480 0.1138851 0.1169750 0.1192891 0.1208456 0.1217248 0.1220921 0.1221384 0.1220654 0.1220623 0.1222976 0.1229116 0.1240192 0.1257112 0.1280601 0.1311231 0.1349468 0.1395687 0.1450187 0.1513185 0.1584807 0.1665057 0.1753773 0.1850574 0.1954791 0.2065397 0.2180918 0.2299387 0.2418261 0.2534437 0.2644251 0.2743605 0.2828093 0.2893283 0.2934965 0.2949570 0.2934447 0.2888323 0.2811405 0.2705634 0.2574218 0.2422520 0.2256451 0.2080311 0.1899550 0.1718468 0.1540224 0.1366912 0.1199791 0.1039352 8.8560492E-02
7.5485826E-02 8.1229210E-02 8.7309010E-02 9.3666755E-02 0.1002098 0.1067996 0.1132533 0.1193432 0.1248206 0.1294440 0.1330334 0.1354700 0.1367912 0.1371689 0.1368340 0.1360727 0.1351717 0.1343926 0.1339532 0.1340281 0.1347512 0.1362252 0.1385286 0.1417236 0.1458613 0.1509852 0.1571335 0.1643386 0.1726259 0.1820100 0.1924903 0.2040422 0.2166103 0.2300961 0.2443482 0.2591491 0.2742088 0.2891547 0.3035362 0.3168273 0.3284492 0.3377926 0.3442633 0.3473215 0.3465477 0.3416876 0.3327202 0.3198729 0.3036630 0.2847088 0.2637631 0.2417843 0.2194554 0.1973439 0.1758568 0.1552455 0.1356254 0.1170232 9.9393561E-02
8.2295239E-02 8.9062110E-02 9.6312776E-02 0.1039950 0.1120052 0.1201775 0.1282665 0.1359515 0.1428486 0.1485655 0.1527702 0.1553266 0.1562701 0.1558231 0.1543835 0.1523901 0.1502643 0.1483607 0.1469594 0.1462671 0.1464341 0.1475673 0.1497463 0.1530327 0.1574795 0.1631348 0.1700455 0.1782569 0.1878113 0.1987438 0.2110762 0.2248081 0.2399048 0.2562853 0.2738031 0.2922334 0.3112536 0.3304342 0.3492289 0.3669823 0.3829395 0.3962821 0.4061647 0.4117865 0.4124574 0.4077064 0.3973585 0.3816364 0.3611427 0.3369706 0.3104156 0.2825663 0.2545624 0.2272312 0.2010933 0.1764131 0.1532779 0.1316440 0.1114009
8.9772865E-02 9.7758256E-02 0.1064356 0.1157687 0.1256613 0.1359226 0.1462443 0.1561731 0.1651281 0.1724644 0.1776262 0.1802638 0.1804491 0.1786352 0.1754544 0.1716004 0.1676842 0.1641860 0.1614480 0.1597032 0.1591033 0.1597485 0.1617074 0.1650347 0.1697790 0.1759913 0.1837270 0.1930466 0.2040142 0.2166921 0.2311347 0.2473763 0.2654191 0.2852135 0.3066384 0.3294761 0.3533907 0.3779033 0.4023805 0.4260240 0.4478842 0.4668759 0.4818327 0.4915615 0.4949569 0.4911213 0.4795660 0.4603773 0.4344138 0.4030895 0.3682947 0.3322365 0.2965297 0.2623103 0.2302127 0.2004807 0.1730914 0.1478849 0.1246198
9.7927034E-02 0.1073501 0.1177456 0.1291230 0.1414154 0.1544397 0.1678294 0.1809791 0.1930027 0.2028120 0.2093455 0.2120266 0.2109485 0.2068685 0.2009418 0.1942845 0.1877887 0.1820712 0.1775256 0.1743812 0.1727676 0.1727544 0.1743848 0.1776930 0.1827177 0.1895083 0.1981283 0.2086560 0.2211818 0.2358038 0.2526191 0.2717125 0.2931388 0.3169036 0.3429328 0.3710457 0.4009174 0.4320505 0.4637414 0.4950686 0.5248774 0.5517976 0.5742590 0.5905570 0.5989314 0.5977584 0.5858034 0.5626535 0.5290743 0.4874313 0.4411149 0.3933402 0.3469041 0.3034588 0.2636959 0.2276853 0.1951809 0.1657827 0.1390596
0.1067401 0.1178306 0.1302676 0.1441367 0.1594564 0.1761035 0.1937180 0.2115469 0.2283046 0.2421442 0.2510560 0.2536581 0.2501597 0.2422123 0.2319057 0.2210547 0.2108966 0.2021656 0.1952422 0.1902997 0.1873960 0.1865400 0.1877239 0.1909484 0.1962316 0.2036169 0.2131752 0.2250042 0.2392266 0.2559837 0.2754284 0.2977104 0.3229603 0.3512611 0.3826201 0.4169260 0.4539108 0.4930980 0.5337691 0.5749191 0.6152414 0.6530952 0.6865091 0.7131588 0.7304160 0.7354397 0.7255436 0.6988755 0.6556585 0.5989428 0.5345377 0.4691958 0.4074734 0.3515601 0.3019264 0.2581758 0.2195686 0.1853185 0.1546730
