T5-twomodels-2/gx/model120.grd
DSAA
         100         100
  -15.00000       15.00000    
  -15.00000       15.00000    
  -6.130817       3.724921    
[rows 26 to 51 of 100, columns 0 to 58 of 100]
0.2877142 0.3228519 0.3631455 0.4092236 0.4615680 0.5203075 0.5847402 0.6525663 0.7185894 0.7735073 0.8047744 0.8031111 0.7697068 0.7152469 0.6519939 0.5884124 0.5290511 0.4758464 0.4293355 0.3893461 0.3554153 0.3269746 0.3034697 0.2843933 0.2693176 0.2578879 0.2498301 0.2449363 0.2430628 0.2441155 0.2480418 0.2548138 0.2644119 0.2768035 0.2919133 0.3095972 0.3296044 0.3515513 0.3748856 0.3988739 0.4225670 0.4447917 0.4640855 0.4786494 0.4862142 0.4840043 0.4687987 0.4377575 0.3904016 0.3320976 0.2733744 0.2226260 0.1820907 0.1495422 0.1224167 9.8987535E-02 7.8211769E-02 5.9392583E-02 4.2049166E-02
0.3159047 0.3572069 0.4053869 0.4616069 0.5271428 0.6030970 0.6900433 0.7868024 0.8880925 0.9798462 1.036106 1.031430 0.9693882 0.8778700 0.7806740 0.6897537 0.6093009 0.5400694 0.4813665 0.4321002 0.3910727 0.3572187 0.3295886 0.3074192 0.2900732 0.2770700 0.2680316 0.2626982 0.2608883 0.2625045 0.2675034 0.2758892 0.2876890 0.3029280 0.3216040 0.3436427 0.3688776 0.3969883 0.4275021 0.4597300 0.4927925 0.5255251 0.5564764 0.5836623 0.6043754 0.6145502 0.6082295 0.5770652 0.5134536 0.4211235 0.3259146 0.2531835 0.2027473 0.1653373 0.1350139 0.1090983 8.6219355E-02 6.5627508E-02 4.6725221E-02
0.3452449 0.3931750 0.4500214 0.5175252 0.5981936 0.6945325 0.8096569 0.9454973 1.100530 1.258565 1.368129 1.356479 1.234827 1.078888 0.9312532 0.8040142 0.6974181 0.6093188 0.5366716 0.4770888 0.4282617 0.3885692 0.3565029 0.3310575 0.3113012 0.2966532 0.2865836 0.2808033 0.2790695 0.2812949 0.2874438 0.2975567 0.3117265 0.3300326 0.3525895 0.3793841 0.4104105 0.4454037 0.4841004 0.5258700 0.5701386 0.6158543 0.6620529 0.7069351 0.7483609 0.7818073 0.7996374 0.7851447 0.7100168 0.5540351 0.3822436 0.2761250 0.2188657 0.1794567 0.1470868 0.1191759 9.4272830E-02 7.1994960E-02 5.1473197E-02
0.3753117 0.4299522 0.4961455 0.5754130 0.6727102 0.7912844 0.9389935 1.121758 1.348723 1.609985 1.823106 1.796636 1.563333 1.310985 1.097203 0.9269559 0.7903245 0.6817158 0.5938011 0.5234352 0.4662354 0.4205779 0.3837859 0.3550484 0.3327260 0.3164538 0.3052761 0.2990813 0.2974068 0.3002816 0.3076246 0.3195202 0.3361818 0.3576486 0.3843234 0.4160485 0.4532899 0.4955055 0.5431343 0.5951272 0.6519858 0.7121522 0.7764283 0.8425624 0.9114500 0.9781115 1.038827 1.068668 1.011371 0.7536105 0.4269505 0.2809115 0.2280945 0.1917163 0.1583623 0.1293295 0.1021314 7.8600764E-02 5.6085177E-02
0.4054702 0.4667842 0.5424954 0.6335500 0.7478067 0.8888814 1.070085 1.301250 1.604207 1.977924 2.309481 2.265766 1.905756 1.549319 1.265926 1.051446 0.8839752 0.7546224 0.6511511 0.5699657 0.5042552 0.4526445 0.4110499 0.3790418 0.3541077 0.3362317 0.3239210 0.3173277 0.3157038 0.3192396 0.3277847 0.3414712 0.3606517 0.3852875 0.4161347 0.4528056 0.4963576 0.5458309 0.6025563 0.6648583 0.7346023 0.8094368 0.8923866 0.9803817 1.078188 1.180081 1.288241 1.369846 1.341128 0.9721685 0.4664790 0.2801570 0.2355301 0.2035698 0.1694078 0.1395260 0.1098978 8.5286774E-02 6.0627632E-02
0.4349787 0.5029998 0.5876578 0.6902774 0.8203309 0.9827373 1.194133 1.468071 1.832743 2.287997 2.691621 2.638084 2.198731 1.764386 1.423619 1.169634 0.9742370 0.8251709 0.7071605 0.6153919 0.5416362 0.4840972 0.4379505 0.4026397 0.3752380 0.3557152 0.3423494 0.3353192 0.3337719 0.3379363 0.3476567 0.3631031 0.3847118 0.4124722 0.4473094 0.4888402 0.5383772 0.5949262 0.6601768 0.7323893 0.8139736 0.9025472 1.002038 1.109469 1.231013 1.360714 1.500870 1.610051 1.578977 1.130586 0.5198970 0.2964232 0.2487997 0.2168043 0.1811184 0.1495703 0.1178746 9.1716789E-02 6.5342851E-02
0.4633665 0.5377550 0.6306216 0.7438796 0.8879380 1.068900 1.305121 1.612014 2.018812 2.520912 2.958214 2.900489 2.422824 1.941912 1.560987 1.276063 1.057496 0.8911898 0.7602444 0.6587412 0.5775905 0.5144486 0.4640471 0.4255618 0.3958353 0.3747090 0.3603467 0.3528768 0.3514048 0.3561580 0.3669905 0.3841074 0.4079970 0.4387101 0.4772564 0.5233284 0.5783433 0.6413817 0.7142488 0.7952763 0.8870125 0.9871522 1.099779 1.221897 1.359520 1.505647 1.659843 1.773750 1.726326 1.234109 0.5749384 0.3251480 0.2680095 0.2319545 0.1934720 0.1596120 0.1258713 9.7975791E-02 7.0050456E-02
0.4902153 0.5703970 0.6705834 0.7931481 0.9490746 1.145169 1.400482 1.730779 2.164243 2.691989 3.145209 3.085671 2.589540 2.082411 1.675483 1.368229 1.131659 0.9512065 0.8092635 0.6992366 0.6114950 0.5432682 0.4889734 0.4475459 0.4156575 0.3930237 0.3777237 0.3698298 0.3684184 0.3737079 0.3855627 0.4042140 0.4301896 0.4635907 0.5054826 0.5556184 0.6154679 0.6841586 0.7635210 0.8518980 0.9518082 1.060880 1.183025 1.314916 1.461874 1.615601 1.773332 1.883307 1.821287 1.305526 0.6225169 0.3559318 0.2893828 0.2480054 0.2060346 0.1695585 0.1337158 0.1040603 7.4632369E-02
0.5151958 0.6004911 0.7070153 0.8374272 1.003043 1.210958 1.480371 1.826702 2.276845 2.819106 3.280763 3.220331 2.714414 2.192244 1.768800 1.446058 1.196078 1.004516 0.8535720 0.7363560 0.6429181 0.5702195 0.5124476 0.4683658 0.4345070 0.4104894 0.3943196 0.3860251 0.3846542 0.3904179 0.4031856 0.4232066 0.4510361 0.4868090 0.5316275 0.5852736 0.6492398 0.7226533 0.8073239 0.9015281 1.007681 1.123224 1.251796 1.389622 1.541366 1.697744 1.854764 1.959438 1.887311 1.358042 0.6613333 0.3840528 0.3100942 0.2637370 0.2182678 0.1791778 0.1412597 0.1099004 7.9019807E-02
0.5380930 0.6278021 0.7396713 0.8765319 1.049837 1.266761 1.546367 1.903611 2.364334 2.915185 3.381464 3.320606 2.809328 2.278199 1.844196 1.510834 1.251105 1.051049 0.8929536 0.7698374 0.6716113 0.5950739 0.5342727 0.4878452 0.4522292 0.4269646 0.4100031 0.4013337 0.3999833 0.4061524 0.4197129 0.4409245 0.4703587 0.5081690 0.5554730 0.6120631 0.6794239 0.7566565 0.8455096 0.9441664 1.054893 1.174929 1.307625 1.448835 1.602734 1.759488 1.914543 2.014619 1.935415 1.397779 0.6929256 0.4084412 0.3288827 0.2783530 0.2297544 0.1882364 0.1483791 0.1154105 8.3166175E-02
0.5588114 0.6522529 0.7685479 0.9106007 1.089910 1.313596 1.600536 1.965246 2.432862 2.989082 3.458312 3.397206 2.882598 2.345901 1.905008 1.564363 1.297607 1.091171 0.9274988 0.7996468 0.6974759 0.6177148 0.5543247 0.5058677 0.4687105 0.4423421 0.4246707 0.4156558 0.4143052 0.4208109 0.4350429 0.4572643 0.4880539 0.5275711 0.5769357 0.6359316 0.7060205 0.7862571 0.8783196 0.9802824 1.094270 1.217332 1.352593 1.495627 1.650320 1.806542 1.959559 2.056075 1.972154 1.429012 0.7184655 0.4290546 0.3453654 0.2914982 0.2402361 0.1965815 0.1549681 0.1205322 8.7022990E-02
0.5773415 0.6738968 0.7937992 0.9399834 1.123927 1.352669 1.644888 2.014776 2.486989 3.046664 3.517632 3.456427 2.939878 2.399617 1.954149 1.608461 1.336656 1.125461 0.9575014 0.8259009 0.7205379 0.6381127 0.5725498 0.5223625 0.4838791 0.4565468 0.4382482 0.4289180 0.4275497 0.4343259 0.4491127 0.4721720 0.5040814 0.5449988 0.5960348 0.6569557 0.7291896 0.8117419 0.9062149 1.010587 1.126854 1.251921 1.388736 1.532702 1.687525 1.842952 1.994180 2.087986 2.000561 1.453625 0.7394269 0.4464235 0.3595905 0.3030770 0.2496148 0.2041237 0.1609710 0.1252162 9.0564743E-02
0.5937474 0.6928663 0.8156834 0.9651232 1.152630 1.385146 1.681195 2.054723 2.530090 3.092105 3.564372 3.503099 2.985174 2.442552 1.993972 1.644763 1.369314 1.154588 0.9833512 0.8488197 0.7409019 0.6563080 0.5889441 0.5373065 0.4976945 0.4695355 0.4506882 0.4410742 0.4396731 0.4466602 0.4618945 0.4856342 0.5184516 0.5604959 0.6128635 0.6752970 0.7491905 0.8334977 0.9297560 1.035858 1.153703 1.280079 1.417823 1.562218 1.716882 1.871499 2.021278 2.113061 2.023260 1.473614 0.7565076 0.4609229 0.3717386 0.3131435 0.2578782 0.2108433 0.1663561 0.1294451 9.3769006E-02
0.6081328 0.7093472 0.8344969 0.9864941 1.176732 1.412077 1.710921 2.087050 2.564616 3.128222 3.601250 3.539976 3.021265 2.477058 2.026339 1.674638 1.396553 1.179201 1.005476 0.8686655 0.7587262 0.6723825 0.6035475 0.5507059 0.5101480 0.4812856 0.4619662 0.4520982 0.4506539 0.4577991 0.4733876 0.4976697 0.5312104 0.5741461 0.6275580 0.6911634 0.7663225 0.8519447 0.9495100 1.056845 1.175772 1.303000 1.441283 1.585840 1.740231 1.894127 2.042739 2.132976 2.041268 1.489640 0.7706620 0.4730845 0.3820549 0.3218065 0.2650785 0.2167509 0.1711293 0.1332094 9.6634492E-02
0.6206302 0.7235407 0.8505519 1.004547 1.196882 1.434351 1.735259 2.113268 2.592408 3.157160 3.630858 3.569576 3.050221 2.504913 2.052689 1.699213 1.419205 1.199904 1.024290 0.8857200 0.7741895 0.6864501 0.6164224 0.5625943 0.5212508 0.4917984 0.4720756 0.4619850 0.4604894 0.4677494 0.4836113 0.5083184 0.5424259 0.5860577 0.6402773 0.7047791 0.7808934 0.8674906 0.9660064 1.074214 1.193879 1.321655 1.460244 1.604818 1.758917 1.912196 2.059900 2.148973 2.055983 1.502871 0.7822251 0.4831840 0.3907575 0.3292038 0.2712846 0.2218892 0.1753051 0.1365228 9.9160478E-02
0.6313755 0.7356544 0.8641390 1.019696 1.213638 1.452713 1.755150 2.134538 2.614811 3.180366 3.654424 3.593174 3.073490 2.527427 2.074143 1.719386 1.437973 1.217218 1.040175 0.9002498 0.7874779 0.6986316 0.6276476 0.5730181 0.5310307 0.5010884 0.4810259 0.4707403 0.4691905 0.4765301 0.4925995 0.5176339 0.5521790 0.5963467 0.6511837 0.7163644 0.7931920 0.8805076 0.9797089 1.088531 1.208698 1.336824 1.475575 1.620099 1.773916 1.926691 2.073670 2.161836 2.067731 1.513499 0.7918348 0.4916156 0.3980627 0.3354644 0.2765845 0.2263047 0.1789181 0.1393983 0.1013621
0.6405085 0.7458790 0.8755283 1.032298 1.227476 1.467763 1.771345 2.151748 2.632857 3.199020 3.673466 3.612225 3.092209 2.545602 2.091555 1.735874 1.453427 1.231592 1.053468 0.9125050 0.7987676 0.7090529 0.6373077 0.5820357 0.5395249 0.5091805 0.4888349 0.4783823 0.4767775 0.4841696 0.5003927 0.5256752 0.5605535 0.6051284 0.6604324 0.7261213 0.8034782 0.8913178 0.9910115 1.100264 1.220770 1.349116 1.487946 1.632387 1.785959 1.938319 2.084741 2.172222 2.077402 1.522310 0.7996211 0.4985381 0.4041361 0.3407135 0.2810552 0.2300551 0.1819983 0.1418619 0.1032494
0.6481543 0.7543917 0.8849511 1.042661 1.238782 1.479988 1.784424 2.165583 2.647302 3.213892 3.688509 3.627305 3.107163 2.560182 2.105593 1.749237 1.466033 1.243392 1.064456 0.9227016 0.8082225 0.7178302 0.6454878 0.5897047 0.5467753 0.5161047 0.4955269 0.4849333 0.4832762 0.4907003 0.5070353 0.5325027 0.5676315 0.6125116 0.6681637 0.7342300 0.8119743 0.9001945 1.000239 1.109792 1.230525 1.359008 1.497865 1.642219 1.795578 1.947610 2.093586 2.180525 2.085024 1.529277 0.8060355 0.5042356 0.4091361 0.3450555 0.2847765 0.2331889 0.1845860 0.1439347 0.1048430
0.6544293 0.7613416 0.8926072 1.051036 1.247875 1.489769 1.794845 2.176561 2.658736 3.225661 3.700521 3.639329 3.118999 2.571742 2.116758 1.759917 1.476155 1.252921 1.073377 0.9310278 0.8159826 0.7250714 0.6522654 0.5960838 0.5528239 0.5218948 0.5011294 0.4904197 0.4887145 0.4961567 0.5125708 0.5381736 0.5734869 0.6185928 0.6745016 0.7408431 0.8188697 0.9073618 1.007655 1.117414 1.238299 1.366863 1.505723 1.649991 1.803177 1.954946 2.100587 2.187125 2.091233 1.534983 0.8110898 0.5087841 0.4131751 0.3485848 0.2878116 0.2357584 0.1867113 0.1456446 0.1061558
0.6594290 0.7668589 0.8986580 1.057630 1.255001 1.497409 1.802952 2.185079 2.667581 3.234730 3.709658 3.648499 3.128139 2.580699 2.125440 1.768248 1.484086 1.260417 1.080428 0.9376369 0.8221704 0.7308677 0.6577113 0.6012245 0.5577118 0.5265816 0.5056697 0.4948662 0.4931201 0.5005707 0.5170397 0.5427393 0.5781857 0.6234547 0.6795486 0.7460883 0.8243155 0.9130005 1.013465 1.123366 1.244350 1.372961 1.511809 1.656005 1.809050 1.960619 2.105998 2.192220 2.095910 1.539285 0.8151213 0.5123869 0.4163597 0.3513725 0.2902205 0.2378006 0.1884077 0.1470091 0.1072073
0.6632355 0.7710444 0.9032354 1.062599 1.260358 1.503131 1.809012 2.191428 2.674168 3.241498 3.716583 3.655429 3.134953 2.587377 2.131922 1.774487 1.490042 1.266067 1.085760 0.9426535 0.8268822 0.7352964 0.6618836 0.6051743 0.5614736 0.5301945 0.5091721 0.4982977 0.4965178 0.5039714 0.5204769 0.5462433 0.5817828 0.6271656 0.6833889 0.7500663 0.8284325 0.9172492 1.017831 1.127825 1.248873 1.377510 1.516343 1.660477 1.813419 1.964837 2.110031 2.196037 2.099543 1.542641 0.8180678 0.5150637 0.4187579 0.3534825 0.2920456 0.2393546 0.1896984 0.1480514 0.1080082
0.6659093 0.7739797 0.9064356 1.066067 1.264085 1.507106 1.813210 2.195823 2.678716 3.246147 3.721234 3.660105 3.139648 2.591993 2.136415 1.778818 1.494187 1.270008 1.089490 0.9461706 0.8301951 0.7384166 0.6648304 0.6079679 0.5641386 0.5327567 0.5116580 0.5007330 0.4989293 0.5063829 0.5229110 0.5487208 0.5843210 0.6297790 0.6860867 0.7528544 0.8313110 0.9202133 1.020869 1.130922 1.252008 1.380660 1.519478 1.663569 1.816435 1.967753 2.112812 2.198656 2.101923 1.544838 0.8201888 0.5169595 0.4204350 0.3549567 0.2933255 0.2404437 0.1906073 0.1487833 0.1085733
0.6674967 0.7757176 0.9083293 1.068115 1.266284 1.509446 1.815681 2.198403 2.681391 3.248898 3.724083 3.662950 3.142416 2.594708 2.139056 1.781370 1.496631 1.272337 1.091696 0.9482556 0.8321609 0.7402720 0.6665844 0.6096336 0.5657290 0.5342867 0.5131426 0.5021884 0.5003695 0.5078225 0.5243632 0.5501971 0.5858316 0.6313314 0.6876876 0.7545060 0.8330135 0.9219631 1.022661 1.132746 1.253852 1.382509 1.521320 1.665383 1.818207 1.969462 2.114450 2.200215 2.103449 1.546253 0.8213705 0.5180482 0.4214220 0.3558297 0.2940821 0.2410905 0.1911446 0.1492187 0.1089075
0.6680225 0.7762940 0.9089553 1.068792 1.267010 1.510220 1.816495 2.199256 2.682268 3.249785 3.724921 3.663804 3.143318 2.595600 2.139928 1.782210 1.497439 1.273106 1.092426 0.9489456 0.8328128 0.7408872 0.6671669 0.6101866 0.5662577 0.5347953 0.5136371 0.5026721 0.5008484 0.5083009 0.5248457 0.5506873 0.5863327 0.6318468 0.6882181 0.7550531 0.8335765 0.9225419 1.023253 1.133349 1.254461 1.383120 1.521926 1.665981 1.818789 1.970028 2.114986 2.200713 2.103847 1.546618 0.8218175 0.5184326 0.4217517 0.3561175 0.2943343 0.2413039 0.1913243 0.1493623 0.1090193
0.6674969 0.7757176 0.9083293 1.068115 1.266284 1.509446 1.815681 2.198403 2.681390 3.248897 3.724083 3.662950 3.142416 2.594708 2.139056 1.781369 1.496631 1.272337 1.091696 0.9482554 0.8321608 0.7402720 0.6665844 0.6096333 0.5657288 0.5342866 0.5131428 0.5021884 0.5003695 0.5078225 0.5243632 0.5501971 0.5858314 0.6313314 0.6876874 0.7545059 0.8330132 0.9219629 1.022661 1.132746 1.253852 1.382510 1.521320 1.665382 1.818207 1.969462 2.114450 2.200215 2.103448 1.546253 0.8213703 0.5180482 0.4214222 0.3558299 0.2940823 0.2410905 0.1911444 0.1492187 0.1089073
0.6659094 0.7739796 0.9064354 1.066067 1.264085 1.507106 1.813210 2.195822 2.678716 3.246147 3.721234 3.660105 3.139647 2.591992 2.136415 1.778818 1.494187 1.270008 1.089490 0.9461704 0.8301947 0.7384166 0.6648303 0.6079676 0.5641389 0.5327565 0.5116581 0.5007334 0.4989296 0.5063832 0.5229114 0.5487206 0.5843208 0.6297788 0.6860865 0.7528544 0.8313107 0.9202128 1.020869 1.130922 1.252008 1.380660 1.519478 1.663569 1.816435 1.967753 2.112811 2.198656 2.101923 1.544837 0.8201888 0.5169590 0.4204352 0.3549567 0.2933258 0.2404434 0.1906068 0.1487830 0.1085729
