T5-twomodels-2/gx/model90.grd
DSAA
         100         100
  -15.00000       15.00000    
  -15.00000       15.00000    
  -6.117597       4.093565    
[rows 26 to 51 of 100, columns 0 to 58 of 100]
0.1161561 0.1291457 0.1439533 0.1607984 0.1798520 0.2011691 0.2245287 0.2491796 0.2734061 0.2941267 0.3071803 0.3094980 0.3015032 0.2867884 0.2694759 0.2524271 0.2372030 0.2245012 0.2145592 0.2073875 0.2029085 0.2010213 0.2016416 0.2047165 0.2102343 0.2182265 0.2287696 0.2419830 0.2580256 0.2770918 0.2994010 0.3251862 0.3546723 0.3880520 0.4254445 0.4668564 0.5121231 0.5608608 0.6124036 0.6657664 0.7195864 0.7720916 0.8210155 0.8635150 0.8959949 0.9139956 0.9121925 0.8852117 0.8299332 0.7499625 0.6569324 0.5641255 0.4800850 0.4072771 0.3450779 0.2919146 0.2461622 0.2063750 0.1713629
0.1260819 0.1411756 0.1586673 0.1789539 0.2024730 0.2296041 0.2605536 0.2949438 0.3310332 0.3641523 0.3856727 0.3871391 0.3697725 0.3429017 0.3144995 0.2885934 0.2666322 0.2489240 0.2353058 0.2254887 0.2191628 0.2160735 0.2160224 0.2188889 0.2246177 0.2332246 0.2447897 0.2594549 0.2774214 0.2989414 0.3243152 0.3538700 0.3879516 0.4268822 0.4709366 0.5202747 0.5749058 0.6345990 0.6988561 0.7668214 0.8372778 0.9085354 0.9783911 1.043853 1.100839 1.143394 1.162823 1.146768 1.081897 0.9654762 0.8209757 0.6826808 0.5659240 0.4706883 0.3928929 0.3286162 0.2746865 0.2287453 0.1889491
0.1363841 0.1537352 0.1741717 0.1982791 0.2269117 0.2609121 0.3013408 0.3488519 0.4029640 0.4582958 0.4977222 0.4970160 0.4599555 0.4118076 0.3668205 0.3290644 0.2986871 0.2750275 0.2571560 0.2443513 0.2359553 0.2315305 0.2307213 0.2333340 0.2392539 0.2484799 0.2610941 0.2772580 0.2972265 0.3213033 0.3498943 0.3834132 0.4223676 0.4672022 0.5184119 0.5763091 0.6411755 0.7129506 0.7914628 0.8760548 0.9659420 1.059734 1.155888 1.251887 1.344475 1.427615 1.490984 1.513219 1.456555 1.283791 1.041711 0.8268774 0.6641318 0.5407521 0.4445088 0.3676695 0.3046719 0.2521153 0.2071782
0.1469232 0.1665512 0.1901664 0.2182465 0.2524985 0.2939766 0.3453611 0.4085984 0.4868049 0.5766549 0.6507474 0.6452430 0.5711520 0.4910533 0.4242571 0.3724100 0.3323327 0.3021627 0.2796127 0.2636530 0.2530156 0.2472019 0.2455626 0.2479065 0.2539984 0.2638450 0.2775281 0.2952054 0.3172366 0.3439056 0.3758301 0.4133884 0.4574188 0.5083123 0.5670267 0.6337885 0.7094933 0.7939404 0.8877683 0.9901319 1.101405 1.220077 1.346490 1.478376 1.615826 1.753691 1.886236 1.985812 1.984604 1.739845 1.320135 0.9898567 0.7703474 0.6151395 0.4982870 0.4082569 0.3353584 0.2761855 0.2256315
0.1574833 0.1793725 0.2062255 0.2382822 0.2782662 0.3273063 0.3899524 0.4694034 0.5730603 0.7005000 0.8142207 0.8031047 0.6869676 0.5723528 0.4825961 0.4162437 0.3662022 0.3294369 0.3021166 0.2829827 0.2700631 0.2628569 0.2603689 0.2624433 0.2687006 0.2791669 0.2939220 0.3131112 0.3372177 0.3664782 0.4017618 0.4433624 0.4925131 0.5494782 0.6157717 0.6914324 0.7781004 0.8752979 0.9846556 1.104962 1.238009 1.381944 1.539403 1.708132 1.892356 2.087812 2.295413 2.482372 2.551908 2.232755 1.611698 1.156213 0.8779014 0.6902806 0.5523628 0.4491087 0.3660940 0.3003793 0.2440619
0.1678102 0.1919789 0.2218701 0.2578368 0.3031555 0.3593757 0.4321719 0.5259690 0.6503053 0.8050373 0.9429176 0.9286737 0.7862646 0.6458700 0.5372162 0.4579448 0.3988930 0.3558870 0.3241155 0.3018977 0.2868278 0.2782491 0.2749678 0.2767735 0.2832097 0.2942910 0.3100998 0.3307931 0.3569239 0.3887594 0.4273073 0.4729139 0.5270246 0.5899787 0.6635835 0.7479671 0.8451470 0.9547360 1.078842 1.216361 1.369755 1.537394 1.722997 1.924844 2.148895 2.391397 2.653752 2.894820 2.989033 2.605801 1.857260 1.309209 0.9798686 0.7622762 0.6049388 0.4887629 0.3963496 0.3239692 0.2623503
0.1777474 0.2040844 0.2367635 0.2763331 0.3263845 0.3888614 0.4700134 0.5748854 0.7133663 0.8838282 1.033065 1.017572 0.8625607 0.7068343 0.5850132 0.4956775 0.4291898 0.3807667 0.3450656 0.3200440 0.3030233 0.2931749 0.2891763 0.2907450 0.2973757 0.3090656 0.3259001 0.3480588 0.3761397 0.4104690 0.4521408 0.5015987 0.5604196 0.6290784 0.7095555 0.8021439 0.9090638 1.030104 1.167588 1.320590 1.491811 1.679812 1.888576 2.116485 2.369416 2.642546 2.934119 3.194715 3.283429 2.856417 2.041966 1.437825 1.070653 0.8282835 0.6541762 0.5262717 0.4253296 0.3466027 0.2800791
0.1871553 0.2154680 0.2506370 0.2933645 0.3474343 0.4150247 0.5026196 0.6153806 0.7628495 0.9419721 1.096642 1.080688 0.9196844 0.7554049 0.6251285 0.5285931 0.4563833 0.4035660 0.3645696 0.3371359 0.3184166 0.3074534 0.3028350 0.3042173 0.3110609 0.3233494 0.3411726 0.3647330 0.3946669 0.4313562 0.4759666 0.5290313 0.5922310 0.6661602 0.7529269 0.8529596 0.9686067 1.099777 1.248886 1.415076 1.601057 1.805339 2.031718 2.278171 2.549705 2.839818 3.143679 3.407089 3.483757 3.028966 2.178791 1.541260 1.148076 0.8867357 0.6989007 0.5609244 0.4524496 0.3679594 0.2969320
0.1959224 0.2259829 0.2633126 0.3087096 0.3660693 0.4376677 0.5300380 0.6482291 0.8013534 0.9854224 1.143027 1.126914 0.9628068 0.7936936 0.6581174 0.5566539 0.4802438 0.4240331 0.3823938 0.3529767 0.3328376 0.3209407 0.3158125 0.3170690 0.3241456 0.3370182 0.3557836 0.3806642 0.4123308 0.4512122 0.4985353 0.5549045 0.6220851 0.7007606 0.7931346 0.8997217 1.022947 1.162764 1.321602 1.498550 1.696201 1.912832 2.151865 2.410662 2.693293 2.991845 3.299608 3.560277 3.626326 3.153749 2.281974 1.623598 1.212708 0.9373181 0.7386277 0.5923045 0.4773547 0.3877839 0.3126974
0.2039755 0.2355487 0.2747063 0.3223044 0.3822853 0.4569510 0.5527920 0.6747025 0.8314457 1.018482 1.177745 1.161624 0.9958809 0.8239540 0.6850548 0.5802766 0.5008749 0.4421296 0.3984476 0.3674579 0.3461787 0.3335314 0.3280085 0.3292004 0.3365291 0.3499674 0.3696191 0.3957261 0.4289876 0.4698718 0.5196530 0.5789931 0.6497178 0.7325760 0.8298298 0.9420450 1.071673 1.218664 1.385394 1.570843 1.777411 2.003089 2.250883 2.517591 2.806537 3.108906 3.416996 3.673729 3.731330 3.246800 2.361449 1.689420 1.266248 0.9805063 0.7733830 0.6202750 0.4998836 0.4059153 0.3272460
0.2112812 0.2441379 0.2848148 0.3341930 0.3962303 0.4732119 0.5715669 0.6960440 0.8551728 1.044098 1.204457 1.188380 1.021672 0.8480532 0.7070448 0.6000530 0.5185539 0.4579627 0.4127451 0.3805492 0.3583852 0.3451606 0.3393520 0.3405379 0.3481330 0.3621126 0.3825894 0.4098202 0.4445290 0.4872142 0.5391878 0.6011515 0.6749755 0.7614481 0.8628659 0.9798121 1.114734 1.267542 1.440532 1.632543 1.845773 2.077937 2.331682 2.603366 2.895812 3.199668 3.506793 3.759864 3.811329 3.318621 2.423835 1.742421 1.310537 1.017125 0.8034729 0.6449175 0.5200073 0.4222969 0.3405032
0.2178344 0.2517665 0.2936876 0.3444895 0.4081236 0.4868492 0.5870295 0.7133064 0.8740509 1.064222 1.225266 1.209276 1.042057 0.8674060 0.7250491 0.6165779 0.5336264 0.4717128 0.4253693 0.3922725 0.3694459 0.3557968 0.3497995 0.3510284 0.3589001 0.3733914 0.3946263 0.4228746 0.4588789 0.5031618 0.5570613 0.6213081 0.6977983 0.7873447 0.8922554 1.013113 1.152336 1.309784 1.487656 1.684656 1.902798 2.139563 2.397320 2.672120 2.966457 3.270703 3.576501 3.826490 3.873207 3.374618 2.473472 1.785441 1.347223 1.048056 0.8293456 0.6664290 0.5378043 0.4369344 0.3524542
0.2236552 0.2584770 0.3014089 0.3533398 0.4182107 0.4982490 0.5997671 0.7273268 0.8892004 1.080240 1.241816 1.225917 1.058367 0.8830734 0.7398442 0.6303875 0.5464363 0.4835915 0.4364372 0.4026864 0.3793792 0.3654343 0.3593283 0.3606410 0.3687908 0.3837618 0.4056848 0.4348431 0.4719931 0.5176746 0.5732439 0.6394495 0.7182037 0.8103275 0.9181294 1.042175 1.184851 1.345953 1.527592 1.728351 1.950091 2.190109 2.450575 2.727324 3.022664 3.326800 3.631312 3.878858 3.922198 3.419405 2.513427 1.820554 1.377654 1.074125 0.8514736 0.6850741 0.5534037 0.4498924 0.3631159
0.2287770 0.2643299 0.3080756 0.3608995 0.4267262 0.5077585 0.6102657 0.7387570 0.9014361 1.093087 1.255010 1.239215 1.071521 0.8958336 0.7520441 0.6419307 0.5572988 0.4938051 0.4460801 0.4118656 0.3882240 0.3740849 0.3679353 0.3693597 0.3777832 0.3931963 0.4157376 0.4456998 0.4838512 0.5307428 0.5877427 0.6556098 0.7362629 0.8305232 0.9406909 1.067309 1.212728 1.376684 1.561210 1.764788 1.989157 2.231481 2.493783 2.771764 3.067606 3.371444 3.674815 3.920421 3.961053 3.455090 2.545788 1.849354 1.402924 1.096049 0.8703150 0.7011263 0.5669715 0.4612575 0.3725385
0.2332426 0.2693905 0.3137904 0.3673175 0.4338853 0.5156721 0.6189201 0.7480968 0.9113672 1.103475 1.265706 1.250004 1.082204 0.9062731 0.7621216 0.6515755 0.5664832 0.5025454 0.4544260 0.4198936 0.3960283 0.3817744 0.3756286 0.3771825 0.3858685 0.4016836 0.4247735 0.4554389 0.4944551 0.5423814 0.6005931 0.6698537 0.7520830 0.8480968 0.9601825 1.088860 1.236441 1.402613 1.589343 1.795030 2.021324 2.265288 2.528845 2.807606 3.103686 3.407166 3.709594 3.953704 3.992441 3.484162 2.572148 1.873006 1.423896 1.114438 0.8862765 0.7148578 0.5786754 0.4711391 0.3807816
0.2370956 0.2737270 0.3186482 0.3727300 0.4398713 0.5222363 0.6260415 0.7557314 0.9194399 1.111884 1.274311 1.258706 1.090895 0.9148232 0.7704445 0.6596143 0.5742164 0.5099798 0.4615944 0.4268501 0.4028446 0.3885339 0.3824244 0.3841161 0.3930480 0.4092238 0.4327939 0.4640658 0.5038205 0.5526221 0.6118491 0.6822664 0.7657905 0.8632303 0.9768574 1.107170 1.256446 1.424331 1.612737 1.820004 2.047709 2.292845 2.557268 2.836529 3.132695 3.435834 3.737483 3.980411 4.017551 3.507463 2.593612 1.892438 1.441263 1.129792 0.8997198 0.7265127 0.5886857 0.4796435 0.3879195
0.2403822 0.2774017 0.3227381 0.3772546 0.4448416 0.5276486 0.6318781 0.7619542 0.9259953 1.118702 1.281328 1.265803 1.097969 0.9218143 0.7772933 0.6662821 0.5806837 0.5162503 0.4676906 0.4328122 0.4087251 0.3943980 0.3883449 0.3901747 0.3993312 0.4158239 0.4398091 0.4715973 0.5119745 0.5615068 0.6215744 0.6929404 0.7775175 0.8761051 0.9909613 1.122562 1.273159 1.442362 1.632042 1.840488 2.069231 2.315209 2.580235 2.859815 3.155995 3.458825 3.759859 4.001889 4.037952 3.526541 2.611083 1.908325 1.455564 1.142528 0.9109455 0.7363129 0.5971525 0.4868798 0.3940210
0.2431426 0.2804726 0.3261361 0.3809925 0.4489235 0.5320702 0.6366215 0.7669917 0.9312832 1.124185 1.286928 1.271483 1.103683 0.9274898 0.7828856 0.6717602 0.5860346 0.5214749 0.4728054 0.4378460 0.4137189 0.3994008 0.3934146 0.3953746 0.4047311 0.4214973 0.4458340 0.4780552 0.5189486 0.5690824 0.6298360 0.7019707 0.7873935 0.8868949 1.002720 1.135328 1.286945 1.457156 1.647798 1.857126 2.086629 2.333216 2.598660 2.878448 3.174603 3.477174 3.777711 4.019029 4.054128 3.541654 2.625172 1.921227 1.467235 1.152979 0.9202117 0.7444448 0.6042174 0.4929441 0.3991577
0.2454151 0.2829880 0.3289074 0.3840260 0.4522216 0.5356260 0.6404227 0.7710142 0.9354976 1.128557 1.291431 1.276048 1.108250 0.9320385 0.7873857 0.6761920 0.5903870 0.5257494 0.4770137 0.4420100 0.4178688 0.4035747 0.3976567 0.3997349 0.4092635 0.4262601 0.4508881 0.4834643 0.5247777 0.5753968 0.6367003 0.7094462 0.7955368 0.8957546 1.012333 1.145717 1.298115 1.469089 1.660452 1.870432 2.100493 2.347516 2.613255 2.893175 3.189292 3.491648 3.791808 4.032597 4.067099 3.553872 2.636416 1.931541 1.476612 1.161416 0.9277258 0.7510715 0.6099964 0.4979268 0.4033906
0.2472305 0.2849911 0.3311049 0.3864232 0.4548172 0.5384162 0.6433947 0.7741527 0.9387784 1.131950 1.294888 1.279564 1.111809 0.9355966 0.7909201 0.6796864 0.5938349 0.5291513 0.4803780 0.4453528 0.4212130 0.4069487 0.4010941 0.4032731 0.4129450 0.4301288 0.4549907 0.4878493 0.5294945 0.5804948 0.6422271 0.7154473 0.8020522 0.9028183 1.019970 1.153940 1.306923 1.478464 1.670358 1.880816 2.111280 2.358614 2.624556 2.904562 3.200636 3.502825 3.802690 4.043064 4.076987 3.563146 2.645152 1.939603 1.483963 1.168052 0.9336591 0.7563205 0.6145920 0.5018992 0.4067772
0.2486159 0.2865143 0.3327720 0.3882354 0.4567750 0.5405138 0.6456256 0.7765029 0.9412341 1.134495 1.297519 1.282233 1.114480 0.9382697 0.7935813 0.6823266 0.5964482 0.5317391 0.4829465 0.4479132 0.4237818 0.4095466 0.4037458 0.4060069 0.4157907 0.4331190 0.4581604 0.4912335 0.5331292 0.5844157 0.6464690 0.7200416 0.8070276 0.9081971 1.025769 1.160164 1.313571 1.485521 1.677795 1.888590 2.119338 2.366888 2.632969 2.913027 3.209067 3.511127 3.810782 4.050871 4.084503 3.570267 2.651699 1.945638 1.489485 1.173053 0.9381419 0.7602994 0.6180828 0.5049264 0.4093613
0.2495906 0.2875848 0.3339400 0.3895034 0.4581408 0.5419757 0.6471764 0.7781359 0.9429363 1.136252 1.299300 1.284048 1.116333 0.9401293 0.7954375 0.6841717 0.5982801 0.5335570 0.4847557 0.4497212 0.4255997 0.4113883 0.4056283 0.4079488 0.4178127 0.4352444 0.4604120 0.4936358 0.5357069 0.5871927 0.6494677 0.7232839 0.8105316 0.9119777 1.029835 1.164521 1.318214 1.490438 1.682966 1.893986 2.124922 2.372614 2.638783 2.918874 3.214883 3.516858 3.816361 4.056241 4.089554 3.575004 2.656223 1.949838 1.493330 1.176541 0.9412760 0.7630851 0.6205338 0.5070534 0.4111820
0.2501701 0.2882192 0.3346321 0.3902530 0.4589483 0.5428377 0.6480911 0.7790970 0.9439402 1.137293 1.300388 1.285151 1.117428 0.9412269 0.7965333 0.6852636 0.5993651 0.5346364 0.4858311 0.4507978 0.4266833 0.4124876 0.4067529 0.4091099 0.4190224 0.4365152 0.4617581 0.4950714 0.5372458 0.5888488 0.6512547 0.7252134 0.8126141 0.9142211 1.032245 1.167099 1.320957 1.493339 1.686013 1.897162 2.128204 2.375976 2.642196 2.922303 3.218297 3.520217 3.819639 4.059413 4.092656 3.577967 2.658900 1.952304 1.495595 1.178601 0.9431282 0.7647355 0.6219855 0.5083166 0.4122630
0.2503620 0.2884300 0.3348611 0.3905013 0.4592147 0.5431232 0.6483926 0.7794146 0.9442700 1.137631 1.300714 1.285487 1.117786 0.9415886 0.7968959 0.6856243 0.5997245 0.5349939 0.4861880 0.4511550 0.4270433 0.4128531 0.4071269 0.4094960 0.4194246 0.4369380 0.4622063 0.4955487 0.5377572 0.5893992 0.6518481 0.7258538 0.8133045 0.9149650 1.033043 1.167952 1.321864 1.494298 1.687020 1.898212 2.129288 2.377086 2.643321 2.923434 3.219421 3.521326 3.820715 4.060441 4.093565 3.578796 2.659770 1.953125 1.496346 1.179281 0.9437423 0.7652812 0.6224676 0.5087348 0.4126222
0.2501701 0.2882192 0.3346321 0.3902528 0.4589482 0.5428375 0.6480908 0.7790968 0.9439398 1.137293 1.300388 1.285151 1.117428 0.9412267 0.7965330 0.6852635 0.5993651 0.5346365 0.4858310 0.4507976 0.4266832 0.4124876 0.4067528 0.4091096 0.4190221 0.4365150 0.4617582 0.4950712 0.5372458 0.5888487 0.6512547 0.7252134 0.8126140 0.9142211 1.032245 1.167098 1.320957 1.493339 1.686013 1.897162 2.128204 2.375976 2.642196 2.922303 3.218297 3.520217 3.819639 4.059413 4.092656 3.577967 2.658900 1.952304 1.495596 1.178601 0.9431284 0.7647353 0.6219853 0.5083166 0.4122628
0.2495907 0.2875847 0.3339398 0.3895032 0.4581406 0.5419757 0.6471761 0.7781355 0.9429362 1.136252 1.299300 1.284048 1.116332 0.9401288 0.7954372 0.6841717 0.5982800 0.5335572 0.4847558 0.4497211 0.4255993 0.4113882 0.4056281 0.4079485 0.4178130 0.4352443 0.4604121 0.4936361 0.5357071 0.5871930 0.6494682 0.7232838 0.8105314 0.9119777 1.029835 1.164521 1.318214 1.490437 1.682965 1.893986 2.124921 2.372614 2.638783 2.918874 3.214884 3.516858 3.816360 4.056240 4.089554 3.575003 2.656223 1.949837 1.493330 1.176541 0.9412763 0.7630848 0.6205335 0.5070532 0.4111818
