T5-twomodels-2/gx/model60.grd
DSAA
         100         100
  -15.00000       15.00000    
  -15.00000       15.00000    
  -6.104378       6.083279    
[rows 0 to 25 of 100, columns 0 to 57 of 100]
6.4648106E-03 6.8850452E-03 7.3375124E-03 7.8237718E-03 8.3457446E-03 8.9049945E-03 9.5031736E-03 1.0141173E-02 1.0820301E-02 1.1541289E-02 1.2305997E-02 1.3109158E-02 1.3951576E-02 1.4836597E-02 1.5761092E-02 1.6723491E-02 1.7721135E-02 1.8751686E-02 1.9811798E-02 2.0898072E-02 2.2006296E-02 2.3132356E-02 2.4271235E-02 2.5417617E-02 2.6565462E-02 2.7708512E-02 2.8839929E-02 2.9952705E-02 3.1039115E-02 3.2091290E-02 3.3100858E-02 3.4059368E-02 3.4957998E-02 3.5788238E-02 3.6541283E-02 3.7208829E-02 3.7782490E-02 3.8254522E-02 3.8617406E-02 3.8864944E-02 3.8991209E-02 3.8991630E-02 3.8862165E-02 3.8600456E-02 3.8204368E-02 3.7674133E-02 3.7009683E-02 3.6212932E-02 3.5280012E-02 3.4226287E-02 3.3072513E-02 3.1801488E-02 3.0418340E-02 2.8934037E-02 2.7357461E-02 2.5695935E-02 2.3957979E-02 2.2151012E-02
6.4504370E-03 6.8870755E-03 7.3593087E-03 7.8693870E-03 8.4192678E-03 9.0112761E-03 9.6470006E-03 1.0328189E-02 1.1055782E-02 1.1830340E-02 1.2650453E-02 1.3521963E-02 1.4443295E-02 1.5409314E-02 1.6421173E-02 1.7476995E-02 1.8574879E-02 1.9711694E-02 2.0884352E-02 2.2088682E-02 2.3320695E-02 2.4575517E-02 2.5847811E-02 2.7131395E-02 2.8419990E-02 2.9706364E-02 3.0983152E-02 3.2242190E-02 3.3475034E-02 3.4672510E-02 3.5825409E-02 3.6923714E-02 3.7957579E-02 3.8916878E-02 3.9791688E-02 4.0571902E-02 4.1248061E-02 4.1810654E-02 4.2251270E-02 4.2562049E-02 4.2736452E-02 4.2768411E-02 4.2653847E-02 4.2389084E-02 4.1972734E-02 4.1403748E-02 4.0684506E-02 3.9818097E-02 3.8816318E-02 3.7672199E-02 3.6374934E-02 3.4956139E-02 3.3424195E-02 3.1782739E-02 3.0038785E-02 2.8201785E-02 2.6280448E-02 2.4284311E-02
6.3972594E-03 6.8490007E-03 7.3403106E-03 7.8735920E-03 8.4516387E-03 9.0768132E-03 9.7515834E-03 1.0477670E-02 1.1257091E-02 1.2091204E-02 1.2982564E-02 1.3925804E-02 1.4922206E-02 1.5975688E-02 1.7082904E-02 1.8242238E-02 1.9450812E-02 2.0705970E-02 2.2003794E-02 2.3340365E-02 2.4710970E-02 2.6110545E-02 2.7532792E-02 2.8971421E-02 3.0419167E-02 3.1868327E-02 3.3310372E-02 3.4736436E-02 3.6136702E-02 3.7501119E-02 3.8818844E-02 4.0078744E-02 4.1269157E-02 4.2378694E-02 4.3395400E-02 4.4307757E-02 4.5104269E-02 4.5774166E-02 4.6306957E-02 4.6693765E-02 4.6926152E-02 4.6997532E-02 4.6902258E-02 4.6636920E-02 4.6198696E-02 4.5587819E-02 4.4804655E-02 4.3851994E-02 4.2726710E-02 4.1447081E-02 4.0037584E-02 3.8481399E-02 3.6786173E-02 3.4965996E-02 3.3032719E-02 3.0996434E-02 2.8868314E-02 2.6658269E-02
6.2983367E-03 6.7635770E-03 7.2723981E-03 7.8281136E-03 8.4337071E-03 9.0924874E-03 9.8070223E-03 1.0580115E-02 1.1413486E-02 1.2308429E-02 1.3263998E-02 1.4287150E-02 1.5376614E-02 1.6526986E-02 1.7739758E-02 1.9012986E-02 2.0344611E-02 2.1731067E-02 2.3168802E-02 2.4653113E-02 2.6179297E-02 2.7741335E-02 2.9332804E-02 3.0946491E-02 3.2574721E-02 3.4208603E-02 3.5838973E-02 3.7455630E-02 3.9047860E-02 4.0603947E-02 4.2111874E-02 4.3558564E-02 4.4930920E-02 4.6215322E-02 4.7398154E-02 4.8465490E-02 4.9404178E-02 5.0200932E-02 5.0843764E-02 5.1321432E-02 5.1624440E-02 5.1744167E-02 5.1674645E-02 5.1410772E-02 5.0950408E-02 5.0292410E-02 4.9439896E-02 4.8397180E-02 4.7178723E-02 4.5778722E-02 4.4187415E-02 4.2441923E-02 4.0553972E-02 3.8530152E-02 3.6380772E-02 3.4118634E-02 3.1755555E-02 2.9304117E-02
6.1453655E-03 6.6215182E-03 7.1459617E-03 7.7223522E-03 8.3547467E-03 9.0466551E-03 9.8018460E-03 1.0623167E-02 1.1513715E-02 1.2475816E-02 1.3513060E-02 1.4620137E-02 1.5798917E-02 1.7054137E-02 1.8382382E-02 1.9781977E-02 2.1249766E-02 2.2782730E-02 2.4376435E-02 2.6026390E-02 2.7726943E-02 2.9472006E-02 3.1254236E-02 3.3066120E-02 3.4898825E-02 3.6742914E-02 3.8587891E-02 4.0422730E-02 4.2235058E-02 4.4011977E-02 4.5739446E-02 4.7402851E-02 4.8986718E-02 5.0475542E-02 5.1852956E-02 5.3102985E-02 5.4209549E-02 5.5157296E-02 5.5931300E-02 5.6518603E-02 5.6907080E-02 5.7087038E-02 5.7050329E-02 5.6791872E-02 5.6307763E-02 5.5598300E-02 5.4664485E-02 5.3510591E-02 5.2135032E-02 5.0560474E-02 4.8816685E-02 4.6887774E-02 4.4785287E-02 4.2528041E-02 4.0132262E-02 3.7611991E-02 3.4982279E-02 3.2256510E-02
5.9289173E-03 6.4128540E-03 6.9498527E-03 7.5447350E-03 8.2019689E-03 8.9263469E-03 9.7219218E-03 1.0592927E-02 1.1542358E-02 1.2572684E-02 1.3683787E-02 1.4884045E-02 1.6172610E-02 1.7544011E-02 1.9000186E-02 2.0539107E-02 2.2158517E-02 2.3854431E-02 2.5622793E-02 2.7458111E-02 2.9354811E-02 3.1305820E-02 3.3303648E-02 3.5339657E-02 3.7404571E-02 3.9487660E-02 4.1577734E-02 4.3662176E-02 4.5727499E-02 4.7758777E-02 4.9740415E-02 5.1655311E-02 5.3485978E-02 5.5213891E-02 5.6820270E-02 5.8285747E-02 5.9591595E-02 6.0718950E-02 6.1650380E-02 6.2369559E-02 6.2862448E-02 6.3116401E-02 6.3122414E-02 6.2873133E-02 6.2365253E-02 6.1597537E-02 6.0574181E-02 5.9301496E-02 5.7797819E-02 5.6059916E-02 5.4080419E-02 5.1903855E-02 4.9547113E-02 4.7021512E-02 4.4342343E-02 4.1527346E-02 3.8592868E-02 3.5555694E-02
5.6380872E-03 6.1252392E-03 6.6709728E-03 7.2806901E-03 7.9602664E-03 8.7150009E-03 9.5505258E-03 1.0471403E-02 1.1482419E-02 1.2587424E-02 1.3791526E-02 1.5089606E-02 1.6484423E-02 1.7981797E-02 1.9578272E-02 2.1272095E-02 2.3059778E-02 2.4937928E-02 2.6901470E-02 2.8945111E-02 3.1062216E-02 3.3245679E-02 3.5486951E-02 3.7777059E-02 4.0105522E-02 4.2461056E-02 4.4831015E-02 4.7201797E-02 4.9557954E-02 5.1883087E-02 5.4159112E-02 5.6366853E-02 5.8485691E-02 6.0494374E-02 6.2370338E-02 6.4091086E-02 6.5633699E-02 6.6975996E-02 6.8096332E-02 6.8975419E-02 6.9595307E-02 6.9941357E-02 7.0001431E-02 6.9767639E-02 6.9234557E-02 6.8402492E-02 6.7273557E-02 6.5854415E-02 6.4146236E-02 6.2178224E-02 5.9987780E-02 5.7561737E-02 5.4917805E-02 5.2081905E-02 4.9076848E-02 4.5922633E-02 4.2639904E-02 3.9246894E-02
5.2602259E-03 5.7450123E-03 6.2938984E-03 6.9138403E-03 7.6114698E-03 8.3938418E-03 9.2672426E-03 1.0238114E-02 1.1311443E-02 1.2491539E-02 1.3779582E-02 1.5185922E-02 1.6710384E-02 1.8347491E-02 2.0099737E-02 2.1964923E-02 2.3940546E-02 2.6022054E-02 2.8204715E-02 3.0482115E-02 3.2847684E-02 3.5293251E-02 3.7810095E-02 4.0388063E-02 4.3016303E-02 4.5682225E-02 4.8372410E-02 5.1071484E-02 5.3762700E-02 5.6427311E-02 5.9045240E-02 6.1594181E-02 6.4050652E-02 6.6389374E-02 6.8584204E-02 7.0607826E-02 7.2433256E-02 7.4033141E-02 7.5381711E-02 7.6454617E-02 7.7230498E-02 7.7690326E-02 7.7820003E-02 7.7608570E-02 7.7050850E-02 7.6145418E-02 7.4898221E-02 7.3318727E-02 7.1431249E-02 6.9237031E-02 6.6733338E-02 6.3975818E-02 6.0989570E-02 5.7793453E-02 5.4410394E-02 5.0865609E-02 4.7182068E-02 4.3382484E-02
4.7807866E-03 5.2555730E-03 5.8006919E-03 6.4240755E-03 7.1343225E-03 7.9394858E-03 8.8480106E-03 9.8671503E-03 1.1004285E-02 1.2265619E-02 1.3658469E-02 1.5178297E-02 1.6829114E-02 1.8618144E-02 2.0541754E-02 2.2598023E-02 2.4782959E-02 2.7092587E-02 2.9520916E-02 3.2061685E-02 3.4707144E-02 3.7449058E-02 4.0277589E-02 4.3182399E-02 4.6151426E-02 4.9171600E-02 5.2228026E-02 5.5304293E-02 5.8381565E-02 6.1439343E-02 6.4454585E-02 6.7402244E-02 7.0254721E-02 7.2982915E-02 7.5555421E-02 7.7940173E-02 8.0104068E-02 8.2014464E-02 8.3639205E-02 8.4948853E-02 8.5916050E-02 8.6518019E-02 8.6735964E-02 8.6557448E-02 8.5974395E-02 8.4986992E-02 8.3599180E-02 8.1821613E-02 7.9660445E-02 7.7154629E-02 7.4353270E-02 7.1249202E-02 6.7870289E-02 6.4253390E-02 6.0431436E-02 5.6433499E-02 5.2288398E-02 4.8021328E-02
4.1829366E-03 4.6383268E-03 5.1700990E-03 5.7883807E-03 6.5030893E-03 7.3247706E-03 8.2631279E-03 9.3280924E-03 1.0527753E-02 1.1869286E-02 1.3355961E-02 1.5000987E-02 1.6805211E-02 1.8763080E-02 2.0877590E-02 2.3146207E-02 2.5565837E-02 2.8131064E-02 3.0836102E-02 3.3673316E-02 3.6634989E-02 3.9711699E-02 4.2893551E-02 4.6169121E-02 4.9526159E-02 5.2950375E-02 5.6426272E-02 5.9935730E-02 6.3458599E-02 6.6971764E-02 7.0449799E-02 7.3863767E-02 7.7182256E-02 8.0370717E-02 8.3392523E-02 8.6208738E-02 8.8779837E-02 9.1065399E-02 9.3026482E-02 9.4625667E-02 9.5829621E-02 9.6608639E-02 9.6940145E-02 9.6806869E-02 9.6200392E-02 9.5118716E-02 9.3570523E-02 9.1570690E-02 8.9152873E-02 8.6326398E-02 8.3097205E-02 7.9538174E-02 7.5687781E-02 7.1577124E-02 6.7241281E-02 6.2716797E-02 5.8036461E-02 5.3231526E-02
3.4473066E-03 3.8707571E-03 4.3772538E-03 4.9785278E-03 5.6873136E-03 6.5158936E-03 7.4771391E-03 8.5825669E-03 9.8436885E-03 1.1270429E-02 1.2873470E-02 1.4649474E-02 1.6604206E-02 1.8746436E-02 2.1072106E-02 2.3578685E-02 2.6261184E-02 2.9114438E-02 3.2131031E-02 3.5303276E-02 3.8622074E-02 4.2078037E-02 4.5660146E-02 4.9357038E-02 5.3155504E-02 5.7041161E-02 6.0997270E-02 6.5004967E-02 6.9042079E-02 7.3083721E-02 7.7101082E-02 8.1061825E-02 8.4929302E-02 8.8663645E-02 9.2220947E-02 9.5555030E-02 9.8617300E-02 0.1013589 0.1037306 0.1056868 0.1071841 0.1081861 0.1086625 0.1085928 0.1079641 0.1067759 0.1050353 0.1027597 9.9964164E-02 9.6703261E-02 9.3044601E-02 8.8992961E-02 8.4592976E-02 7.9899050E-02 7.4960120E-02 6.9819152E-02 6.4517222E-02 5.9089590E-02
2.5515007E-03 2.9275967E-03 3.3928633E-03 3.9620823E-03 4.6502072E-03 5.4731821E-03 6.4462614E-03 7.5849341E-03 8.9024371E-03 1.0410558E-02 1.2116023E-02 1.4036071E-02 1.6173016E-02 1.8520992E-02 2.1083228E-02 2.3856092E-02 2.6835112E-02 3.0012991E-02 3.3382129E-02 3.6933005E-02 4.0656481E-02 4.4541821E-02 4.8578180E-02 5.2753411E-02 5.7054665E-02 6.1466787E-02 6.5973110E-02 7.0553444E-02 7.5184755E-02 7.9839580E-02 8.4486604E-02 8.9088872E-02 9.3604930E-02 9.7987719E-02 0.1021858 0.1061430 0.1098009 0.1130985 0.1159753 0.1183727 0.1202369 0.1215199 0.1221839 0.1222004 0.1215547 0.1202432 0.1182792 0.1156865 0.1125142 0.1087865 0.1045258 9.9832125E-02 9.4766147E-02 8.9379527E-02 8.3726823E-02 7.7862315E-02 7.1833566E-02 6.5684110E-02
1.4700432E-03 1.7787287E-03 2.1827931E-03 2.6995856E-03 3.3481615E-03 4.1475971E-03 5.1179756E-03 6.2778988E-03 7.6456754E-03 9.2373742E-03 1.1069004E-02 1.3139310E-02 1.5456380E-02 1.8030623E-02 2.0856686E-02 2.3930350E-02 2.7244104E-02 3.0790260E-02 3.4558613E-02 3.8539272E-02 4.2721231E-02 4.7093846E-02 5.1645394E-02 5.6364425E-02 6.1237711E-02 6.6250958E-02 7.1387023E-02 7.6626010E-02 8.1943460E-02 8.7310664E-02 9.2692897E-02 9.8049521E-02 0.1033327 0.1084883 0.1134548 0.1181653 0.1225477 0.1265272 0.1300275 0.1329749 0.1352994 0.1369403 0.1378465 0.1379824 0.1373257 0.1358742 0.1336395 0.1306508 0.1269397 0.1225866 0.1176901 0.1122775 0.1064218 0.1002065 9.3706228E-02 8.6986005E-02 8.0105431E-02 7.3114142E-02
1.7353595E-04 3.8993312E-04 7.0650136E-04 1.1449243E-03 1.7280108E-03 2.4804557E-03 3.4267055E-03 4.5916531E-03 5.9973057E-03 7.6633515E-03 9.6022869E-03 1.1837342E-02 1.4372718E-02 1.7201634E-02 2.0326298E-02 2.3740159E-02 2.7435139E-02 3.1399861E-02 3.5622984E-02 4.0091854E-02 4.4795044E-02 4.9720548E-02 5.4857343E-02 6.0193803E-02 6.5718248E-02 7.1416780E-02 7.7273779E-02 8.3269313E-02 8.9379422E-02 9.5573686E-02 0.1018154 0.1080593 0.1142519 0.1203298 0.1262210 0.1318445 0.1371128 0.1419321 0.1462073 0.1498432 0.1527508 0.1548492 0.1560727 0.1563714 0.1557175 0.1541040 0.1515501 0.1480956 0.1438160 0.1387631 0.1329905 0.1266427 0.1198189 0.1126059 0.1050904 9.7354785E-02 8.9469038E-02 8.1494115E-02
-1.3712721E-03 -1.2791381E-03 -1.0831093E-03 -7.5756980E-04 -2.7351780E-04 3.9923762E-04 1.2929231E-03 2.4383538E-03 3.8658737E-03 5.6021647E-03 7.6721800E-03 1.0078491E-02 1.2832172E-02 1.5944714E-02 1.9407069E-02 2.3210233E-02 2.7340788E-02 3.1785090E-02 3.6527421E-02 4.1553602E-02 4.6849743E-02 5.2404027E-02 5.8205079E-02 6.4243078E-02 7.0507474E-02 7.6987132E-02 8.3667949E-02 9.0532377E-02 9.7556934E-02 0.1047118 0.1119579 0.1192468 0.1265180 0.1336995 0.1407059 0.1474405 0.1537955 0.1596550 0.1648978 0.1694027 0.1730528 0.1757428 0.1773831 0.1779080 0.1772762 0.1754794 0.1725360 0.1684957 0.1634196 0.1574342 0.1506914 0.1432616 0.1352687 0.1268450 0.1181080 0.1091580 0.1000826 9.0951554E-02
-3.2020295E-03 -3.2737837E-03 -3.2413374E-03 -3.0728350E-03 -2.7331873E-03 -2.1832443E-03 -1.3827404E-03 -2.9016519E-04 1.1324709E-03 2.9191491E-03 5.0930334E-03 7.6866802E-03 1.0706790E-02 1.4143351E-02 1.7994268E-02 2.2245111E-02 2.6878906E-02 3.1875033E-02 3.7214324E-02 4.2878050E-02 4.8851226E-02 5.5120539E-02 6.1676294E-02 6.8510093E-02 7.5615093E-02 8.2983129E-02 9.0604521E-02 9.8464720E-02 0.1065437 0.1148124 0.1232324 0.1317515 0.1403039 0.1488070 0.1571619 0.1652520 0.1729462 0.1800994 0.1865586 0.1921664 0.1967710 0.2002306 0.2024260 0.2032643 0.2026900 0.2006848 0.1972766 0.1925319 0.1865725 0.1795029 0.1714363 0.1625959 0.1531495 0.1432459 0.1330263 0.1226181 0.1121250 0.1016319
-5.3608851E-03 -5.6469114E-03 -5.8321720E-03 -5.8790259E-03 -5.7429192E-03 -5.3751925E-03 -4.7224369E-03 -3.7314603E-03 -2.3495057E-03 -5.2984111E-04 1.7689192E-03 4.5566615E-03 7.8482265E-03 1.1653482E-02 1.5953584E-02 2.0727068E-02 2.5946185E-02 3.1583738E-02 3.7612338E-02 4.4009589E-02 5.0756671E-02 5.7840813E-02 6.5253153E-02 7.2989546E-02 8.1047148E-02 8.9424215E-02 9.8116502E-02 0.1071161 0.1164077 0.1259671 0.1357567 0.1457241 0.1557979 0.1658861 0.1758735 0.1856223 0.1949719 0.2037423 0.2117379 0.2187565 0.2245960 0.2290684 0.2320084 0.2332888 0.2328259 0.2305928 0.2266155 0.2209780 0.2137971 0.2052826 0.1956847 0.1851589 0.1739219 0.1621935 0.1501641 0.1379906 0.1258024 0.1136958
-7.8945365E-03 -8.4571075E-03 -8.9300126E-03 -9.2670377E-03 -9.4140386E-03 -9.3077421E-03 -8.8797994E-03 -8.0576809E-03 -6.7722402E-03 -4.9611963E-03 -2.5800371E-03 4.2003812E-04 4.0483368E-03 8.2859248E-03 1.3116835E-02 1.8506475E-02 2.4416178E-02 3.0804662E-02 3.7636138E-02 4.4879980E-02 5.2515145E-02 6.0527761E-02 6.8912841E-02 7.7670567E-02 8.6806126E-02 9.6325420E-02 0.1062343 0.1165334 0.1272170 0.1382674 0.1496533 0.1613229 0.1732029 0.1851916 0.1971584 0.2089401 0.2203428 0.2311419 0.2410900 0.2499233 0.2573759 0.2631917 0.2671449 0.2690524 0.2687941 0.2663191 0.2616611 0.2549309 0.2463341 0.2360781 0.2243951 0.2116544 0.1981540 0.1841560 0.1698967 0.1555759 0.1413471 0.1273244
-1.0853319E-02 -1.1770800E-02 -1.2619185E-02 -1.3344528E-02 -1.3878925E-02 -1.4142931E-02 -1.4045125E-02 -1.3489320E-02 -1.2377840E-02 -1.0622331E-02 -8.1476960E-03 -4.9280240E-03 -9.4469870E-04 3.8023049E-03 9.2678526E-03 1.5398362E-02 2.2131881E-02 2.9410686E-02 3.7182976E-02 4.5410354E-02 5.4066341E-02 6.3138932E-02 7.2626702E-02 8.2538746E-02 9.2889696E-02 0.1036986 0.1149837 0.1267605 0.1390355 0.1518043 0.1650444 0.1787114 0.1927315 0.2069979 0.2213636 0.2356401 0.2495931 0.2629466 0.2753857 0.2865697 0.2961437 0.3037620 0.3091075 0.3119201 0.3120153 0.3093103 0.3038276 0.2957054 0.2851641 0.2725733 0.2583740 0.2428985 0.2265456 0.2096969 0.1926711 0.1757171 0.1590226 0.1427131
-1.4290849E-02 -1.5659040E-02 -1.6994877E-02 -1.8234471E-02 -1.9296052E-02 -2.0077035E-02 -2.0458177E-02 -2.0306163E-02 -1.9486789E-02 -1.7875873E-02 -1.5380607E-02 -1.1919718E-02 -7.4821059E-03 -2.1123327E-03 4.1335067E-03 1.1168828E-02 1.8902689E-02 2.7247647E-02 3.6133610E-02 4.5508265E-02 5.5342183E-02 6.5624155E-02 7.6361403E-02 8.7573424E-02 9.9290863E-02 0.1115487 0.1243849 0.1378331 0.1519207 0.1666606 0.1820477 0.1980492 0.2145993 0.2315888 0.2488595 0.2661951 0.2833198 0.2998946 0.3155246 0.3297673 0.3421541 0.3522113 0.3594969 0.3636297 0.3643316 0.3614527 0.3550043 0.3451601 0.3322774 0.3167720 0.2991267 0.2800061 0.2599714 0.2395052 0.2190133 0.1988120 0.1791197 0.1600755
-1.8261353E-02 -2.0198481E-02 -2.2161121E-02 -2.4078423E-02 -2.5850866E-02 -2.7350556E-02 -2.8417565E-02 -2.8870180E-02 -2.8513376E-02 -2.7163172E-02 -2.4664996E-02 -2.0953722E-02 -1.6007893E-02 -9.8638823E-03 -2.6391880E-03 5.5285464E-03 1.4495280E-02 2.4135608E-02 3.4349456E-02 4.5071263E-02 5.6265976E-02 6.7928940E-02 8.0077752E-02 9.2750087E-02 0.1059959 0.1198747 0.1344483 0.1497783 0.1659178 0.1829078 0.2007673 0.2194863 0.2390137 0.2592485 0.2800252 0.3011063 0.3221704 0.3428107 0.3625341 0.3807748 0.3969111 0.4103011 0.4203189 0.4264100 0.4281376 0.4252444 0.4176837 0.4056538 0.3895629 0.3701020 0.3481156 0.3243299 0.2995290 0.2744176 0.2495472 0.2253094 0.2019596 0.1796330
-2.2817682E-02 -2.5465177E-02 -2.8228728E-02 -3.1031087E-02 -3.3758596E-02 -3.6250256E-02 -3.8297690E-02 -3.9645560E-02 -4.0013965E-02 -3.9127722E-02 -3.6768883E-02 -3.2777801E-02 -2.7145993E-02 -1.9994967E-02 -1.1499448E-02 -1.8843450E-03 8.6327028E-03 1.9864971E-02 3.1678017E-02 4.3987140E-02 5.6758046E-02 6.9994725E-02 8.3734877E-02 9.8038889E-02 0.1129862 0.1286660 0.1451748 0.1626078 0.1810563 0.2005969 0.2212865 0.2431478 0.2661599 0.2902397 0.3152294 0.3408757 0.3668189 0.3925786 0.4175538 0.4410261 0.4621850 0.4801586 0.4940708 0.5031006 0.5065687 0.5040124 0.4952782 0.4805689 0.4604976 0.4359186 0.4078884 0.3777364 0.3466128 0.3154610 0.2849996 0.2557151 0.2278809 0.2016121
-2.8005481E-02 -3.1532176E-02 -3.5307612E-02 -3.9258439E-02 -4.3258414E-02 -4.7116350E-02 -5.0559234E-02 -5.3235028E-02 -5.4725658E-02 -5.4600462E-02 -5.2485544E-02 -4.8197806E-02 -4.1721046E-02 -3.3219527E-02 -2.3026964E-02 -1.1510502E-02 9.8825549E-04 1.4204020E-02 2.7954375E-02 4.2142153E-02 5.6736823E-02 7.1764380E-02 8.7289296E-02 0.1034079 0.1202356 0.1379037 0.1565502 0.1763171 0.1973419 0.2197524 0.2436545 0.2691222 0.2961791 0.3247820 0.3547954 0.3859708 0.4179196 0.4500968 0.4817845 0.5120961 0.5399874 0.5642982 0.5838029 0.5973020 0.6037184 0.6022409 0.5924497 0.5744604 0.5489540 0.5172909 0.4812675 0.4426015 0.4030036 0.3638816 0.3262137 0.2905751 0.2572321 0.2262241
-3.3858832E-02 -3.8458161E-02 -4.3498620E-02 -4.8921712E-02 -5.4605700E-02 -6.0332656E-02 -6.5763183E-02 -7.0409693E-02 -7.3653258E-02 -7.4806772E-02 -7.3266931E-02 -6.8631746E-02 -6.0914218E-02 -5.0501924E-02 -3.7953578E-02 -2.3880962E-02 -8.8019297E-03 6.9062053E-03 2.3017719E-02 3.9427985E-02 5.6130704E-02 7.3185317E-02 9.0702139E-02 0.1088229 0.1277144 0.1475577 0.1685468 0.1908788 0.2147534 0.2403607 0.2678758 0.2974400 0.3291471 0.3630151 0.3989612 0.4367654 0.4760395 0.5161899 0.5563971 0.5955960 0.6324872 0.6655554 0.6931326 0.7134750 0.7249054 0.7259839 0.7157676 0.6940688 0.6617381 0.6205427 0.5730208 0.5222760 0.4709966 0.4211904 0.3741320 0.3304594 0.2903380 0.2536502
-4.0390950E-02 -4.6280269E-02 -5.2875906E-02 -6.0162153E-02 -6.8045095E-02 -7.6311409E-02 -8.4561013E-02 -9.2150345E-02 -9.8151907E-02 -0.1014300 -0.1008712 -9.5839582E-02 -8.6363263E-02 -7.3124923E-02 -5.7196893E-02 -3.9601039E-02 -2.1123944E-02 -2.2623164E-03 1.6724441E-02 3.5759218E-02 5.4882895E-02 7.4218899E-02 9.3939215E-02 0.1142521 0.1353860 0.1575887 0.1811179 0.2062425 0.2332343 0.2623655 0.2938956 0.3280596 0.3650444 0.4049650 0.4478231 0.4934709 0.5415577 0.5914876 0.6423696 0.6929921 0.7417984 0.7868991 0.8260922 0.8569375 0.8768625 0.8833928 0.8744886 0.8490961 0.8077004 0.7529302 0.6891868 0.6212558 0.5535463 0.4891641 0.4297651 0.3759017 0.3274660 0.2840017
-4.7588814E-02 -5.4997288E-02 -6.3469701E-02 -7.3065214E-02 -8.3772466E-02 -9.5435709E-02 -0.1076577 -0.1196447 -0.1300643 -0.1370191 -0.1384402 -0.1328813 -0.1204780 -0.1027990 -8.1840426E-02 -5.9311356E-02 -3.6327690E-02 -1.3488241E-02 8.9829620E-03 3.1087501E-02 5.2968632E-02 7.4843809E-02 9.6979223E-02 0.1196650 0.1432125 0.1679443 0.1941999 0.2223279 0.2526911 0.2856560 0.3215908 0.3608448 0.4037332 0.4504994 0.5012798 0.5560452 0.6145474 0.6762477 0.7402615 0.8052948 0.8696100 0.9309823 0.9866905 1.033492 1.067664 1.085113 1.081780 1.054482 1.002446 0.9286280 0.8400513 0.7460482 0.6544052 0.5697936 0.4940701 0.4273177 0.3687490 0.3172884
