T5-twomodels-2/gx/model90.grd
DSAA
         100         100
  -15.00000       15.00000    
  -15.00000       15.00000    
  -6.117597       4.093565    
[rows 52 to 77 of 100, columns 0 to 58 of 100]
0.2486158 0.2865146 0.3327720 0.3882352 0.4567747 0.5405135 0.6456251 0.7765025 0.9412336 1.134495 1.297519 1.282232 1.114480 0.9382693 0.7935808 0.6823266 0.5964485 0.5317392 0.4829465 0.4479130 0.4237813 0.4095464 0.4037456 0.4060068 0.4157901 0.4331187 0.4581603 0.4912335 0.5331298 0.5844162 0.6464693 0.7200418 0.8070275 0.9081969 1.025768 1.160164 1.313571 1.485521 1.677795 1.888590 2.119338 2.366888 2.632969 2.913027 3.209066 3.511126 3.810781 4.050869 4.084503 3.570266 2.651698 1.945638 1.489485 1.173054 0.9381421 0.7602996 0.6180828 0.5049262 0.4093612
0.2472304 0.2849910 0.3311046 0.3864226 0.4548167 0.5384155 0.6433942 0.7741520 0.9387778 1.131950 1.294888 1.279563 1.111808 0.9355958 0.7909198 0.6796862 0.5938351 0.5291513 0.4803781 0.4453527 0.4212126 0.4069483 0.4010938 0.4032733 0.4129450 0.4301292 0.4549911 0.4878498 0.5294952 0.5804957 0.6422278 0.7154476 0.8020523 0.9028181 1.019970 1.153939 1.306923 1.478464 1.670358 1.880815 2.111280 2.358615 2.624557 2.904562 3.200636 3.502825 3.802688 4.043062 4.076987 3.563146 2.645151 1.939603 1.483963 1.168052 0.9336594 0.7563207 0.6145920 0.5018992 0.4067769
0.2454150 0.2829879 0.3289071 0.3840255 0.4522211 0.5356255 0.6404220 0.7710133 0.9354970 1.128557 1.291431 1.276048 1.108249 0.9320377 0.7873853 0.6761920 0.5903873 0.5257497 0.4770137 0.4420097 0.4178684 0.4035743 0.3976564 0.3997348 0.4092636 0.4262601 0.4508883 0.4834647 0.5247781 0.5753973 0.6367007 0.7094465 0.7955366 0.8957541 1.012333 1.145716 1.298115 1.469089 1.660452 1.870431 2.100493 2.347516 2.613256 2.893175 3.189292 3.491647 3.791806 4.032596 4.067098 3.553871 2.636415 1.931541 1.476613 1.161417 0.9277262 0.7510716 0.6099962 0.4979264 0.4033903
0.2431427 0.2804723 0.3261359 0.3809923 0.4489231 0.5320696 0.6366209 0.7669911 0.9312826 1.124185 1.286927 1.271483 1.103682 0.9274891 0.7828853 0.6717603 0.5860347 0.5214748 0.4728054 0.4378457 0.4137183 0.3994003 0.3934144 0.3953744 0.4047309 0.4214974 0.4458345 0.4780561 0.5189492 0.5690832 0.6298367 0.7019710 0.7873933 0.8868946 1.002720 1.135327 1.286945 1.457157 1.647797 1.857125 2.086629 2.333216 2.598660 2.878449 3.174602 3.477174 3.777710 4.019028 4.054128 3.541654 2.625172 1.921227 1.467236 1.152980 0.9202124 0.7444450 0.6042172 0.4929439 0.3991576
0.2403823 0.2774018 0.3227381 0.3772544 0.4448412 0.5276480 0.6318777 0.7619538 0.9259946 1.118702 1.281328 1.265803 1.097968 0.9218134 0.7772928 0.6662823 0.5806837 0.5162506 0.4676906 0.4328119 0.4087246 0.3943976 0.3883449 0.3901745 0.3993311 0.4158240 0.4398095 0.4715979 0.5119752 0.5615076 0.6215751 0.6929408 0.7775175 0.8761049 0.9909611 1.122562 1.273159 1.442362 1.632042 1.840488 2.069230 2.315209 2.580235 2.859815 3.155995 3.458824 3.759857 4.001888 4.037951 3.526541 2.611083 1.908325 1.455565 1.142529 0.9109459 0.7363129 0.5971526 0.4868797 0.3940207
0.2370958 0.2737273 0.3186482 0.3727299 0.4398711 0.5222358 0.6260409 0.7557310 0.9194393 1.111884 1.274311 1.258706 1.090894 0.9148223 0.7704439 0.6596143 0.5742168 0.5099800 0.4615946 0.4268500 0.4028444 0.3885338 0.3824241 0.3841161 0.3930484 0.4092239 0.4327944 0.4640668 0.5038214 0.5526230 0.6118498 0.6822667 0.7657903 0.8632299 0.9768571 1.107170 1.256446 1.424331 1.612737 1.820004 2.047709 2.292845 2.557269 2.836530 3.132695 3.435834 3.737482 3.980410 4.017552 3.507463 2.593612 1.892437 1.441264 1.129793 0.8997206 0.7265128 0.5886853 0.4796432 0.3879196
0.2332428 0.2693907 0.3137903 0.3673173 0.4338849 0.5156718 0.6189196 0.7480960 0.9113666 1.103475 1.265706 1.250004 1.082203 0.9062720 0.7621210 0.6515751 0.5664832 0.5025457 0.4544260 0.4198930 0.3960277 0.3817742 0.3756281 0.3771822 0.3858683 0.4016839 0.4247740 0.4554392 0.4944559 0.5423823 0.6005939 0.6698540 0.7520830 0.8480968 0.9601824 1.088859 1.236440 1.402613 1.589342 1.795030 2.021324 2.265287 2.528846 2.807606 3.103685 3.407165 3.709592 3.953704 3.992442 3.484162 2.572148 1.873006 1.423897 1.114439 0.8862773 0.7148582 0.5786756 0.4711389 0.3807814
0.2287772 0.2643301 0.3080755 0.3608994 0.4267258 0.5077581 0.6102651 0.7387562 0.9014356 1.093087 1.255009 1.239214 1.071520 0.8958325 0.7520433 0.6419304 0.5572989 0.4938051 0.4460799 0.4118654 0.3882237 0.3740847 0.3679350 0.3693594 0.3777831 0.3931964 0.4157380 0.4457005 0.4838519 0.5307437 0.5877433 0.6556101 0.7362628 0.8305231 0.9406908 1.067309 1.212727 1.376684 1.561210 1.764788 1.989157 2.231481 2.493783 2.771764 3.067607 3.371444 3.674814 3.920420 3.961053 3.455090 2.545787 1.849353 1.402925 1.096050 0.8703158 0.7011265 0.5669717 0.4612576 0.3725383
0.2236556 0.2584772 0.3014088 0.3533396 0.4182104 0.4982484 0.5997665 0.7273261 0.8891998 1.080239 1.241816 1.225916 1.058366 0.8830721 0.7398435 0.6303875 0.5464364 0.4835916 0.4364372 0.4026862 0.3793791 0.3654339 0.3593283 0.3606410 0.3687908 0.3837619 0.4056849 0.4348435 0.4719937 0.5176752 0.5732444 0.6394500 0.7182040 0.8103275 0.9181293 1.042175 1.184850 1.345953 1.527592 1.728351 1.950090 2.190109 2.450575 2.727324 3.022663 3.326800 3.631310 3.878857 3.922198 3.419405 2.513427 1.820554 1.377655 1.074126 0.8514745 0.6850745 0.5534039 0.4498925 0.3631160
0.2178346 0.2517668 0.2936877 0.3444895 0.4081236 0.4868489 0.5870289 0.7133060 0.8740503 1.064221 1.225266 1.209276 1.042056 0.8674052 0.7250484 0.6165779 0.5336263 0.4717130 0.4253693 0.3922721 0.3694458 0.3557965 0.3497992 0.3510285 0.3589001 0.3733920 0.3946266 0.4228749 0.4588797 0.5031627 0.5570618 0.6213085 0.6977987 0.7873446 0.8922554 1.013113 1.152336 1.309785 1.487656 1.684656 1.902797 2.139563 2.397320 2.672120 2.966458 3.270702 3.576500 3.826489 3.873208 3.374619 2.473472 1.785441 1.347224 1.048057 0.8293467 0.6664295 0.5378046 0.4369346 0.3524542
0.2112812 0.2441380 0.2848148 0.3341930 0.3962300 0.4732117 0.5715662 0.6960431 0.8551717 1.044098 1.204457 1.188380 1.021671 0.8480518 0.7070438 0.6000527 0.5185536 0.4579624 0.4127450 0.3805489 0.3583848 0.3451603 0.3393517 0.3405374 0.3481330 0.3621126 0.3825894 0.4098206 0.4445294 0.4872148 0.5391883 0.6011519 0.6749757 0.7614479 0.8628659 0.9798121 1.114734 1.267542 1.440532 1.632543 1.845773 2.077936 2.331682 2.603366 2.895811 3.199667 3.506792 3.759863 3.811329 3.318621 2.423835 1.742421 1.310538 1.017127 0.8034738 0.6449182 0.5200078 0.4222971 0.3405036
0.2039760 0.2355490 0.2747064 0.3223046 0.3822852 0.4569506 0.5527915 0.6747019 0.8314450 1.018482 1.177745 1.161624 0.9958802 0.8239529 0.6850540 0.5802765 0.5008748 0.4421292 0.3984475 0.3674577 0.3461784 0.3335310 0.3280082 0.3292001 0.3365288 0.3499672 0.3696193 0.3957264 0.4289882 0.4698725 0.5196536 0.5789935 0.6497179 0.7325760 0.8298298 0.9420452 1.071673 1.218664 1.385394 1.570843 1.777410 2.003089 2.250882 2.517591 2.806537 3.108905 3.416995 3.673728 3.731330 3.246800 2.361449 1.689420 1.266248 0.9805076 0.7733839 0.6202756 0.4998838 0.4059158 0.3272463
0.1959230 0.2259831 0.2633128 0.3087098 0.3660690 0.4376673 0.5300374 0.6482286 0.8013528 0.9854221 1.143027 1.126914 0.9628057 0.7936925 0.6581165 0.5566535 0.4802437 0.4240328 0.3823934 0.3529764 0.3328371 0.3209401 0.3158120 0.3170685 0.3241448 0.3370183 0.3557837 0.3806644 0.4123311 0.4512127 0.4985356 0.5549048 0.6220850 0.7007606 0.7931345 0.8997216 1.022947 1.162764 1.321602 1.498550 1.696200 1.912833 2.151866 2.410662 2.693293 2.991844 3.299607 3.560277 3.626327 3.153749 2.281974 1.623597 1.212708 0.9373193 0.7386289 0.5923050 0.4773551 0.3877841 0.3126978
0.1871556 0.2154685 0.2506370 0.2933644 0.3474340 0.4150245 0.5026193 0.6153802 0.7628493 0.9419718 1.096641 1.080688 0.9196838 0.7554041 0.6251276 0.5285926 0.4563831 0.4035660 0.3645695 0.3371357 0.3184162 0.3074530 0.3028346 0.3042172 0.3110607 0.3233495 0.3411730 0.3647336 0.3946676 0.4313569 0.4759672 0.5290319 0.5922315 0.6661601 0.7529270 0.8529599 0.9686071 1.099777 1.248887 1.415076 1.601057 1.805339 2.031719 2.278171 2.549705 2.839818 3.143679 3.407089 3.483758 3.028967 2.178791 1.541260 1.148077 0.8867369 0.6989017 0.5609251 0.4524499 0.3679596 0.2969326
0.1777479 0.2040846 0.2367634 0.2763330 0.3263844 0.3888611 0.4700130 0.5748850 0.7133660 0.8838281 1.033065 1.017572 0.8625600 0.7068334 0.5850126 0.4956772 0.4291897 0.3807667 0.3450656 0.3200437 0.3030231 0.2931745 0.2891760 0.2907447 0.2973753 0.3090656 0.3259003 0.3480591 0.3761401 0.4104696 0.4521413 0.5015989 0.5604198 0.6290783 0.7095553 0.8021439 0.9090639 1.030104 1.167588 1.320590 1.491810 1.679812 1.888576 2.116486 2.369417 2.642546 2.934119 3.194716 3.283430 2.856418 2.041967 1.437825 1.070653 0.8282843 0.6541770 0.5262722 0.4253301 0.3466030 0.2800796
0.1678106 0.1919792 0.2218701 0.2578367 0.3031555 0.3593755 0.4321716 0.5259687 0.6503053 0.8050373 0.9429179 0.9286736 0.7862642 0.6458693 0.5372157 0.4579444 0.3988928 0.3558867 0.3241154 0.3018975 0.2868278 0.2782489 0.2749675 0.2767733 0.2832096 0.2942910 0.3101000 0.3307934 0.3569245 0.3887602 0.4273079 0.4729143 0.5270249 0.5899788 0.6635836 0.7479674 0.8451474 0.9547365 1.078842 1.216361 1.369755 1.537394 1.722998 1.924844 2.148896 2.391398 2.653752 2.894821 2.989035 2.605802 1.857260 1.309209 0.9798691 0.7622769 0.6049396 0.4887634 0.3963501 0.3239696 0.2623510
0.1574838 0.1793730 0.2062256 0.2382821 0.2782661 0.3273061 0.3899521 0.4694033 0.5730602 0.7005005 0.8142211 0.8031047 0.6869673 0.5723522 0.4825955 0.4162434 0.3662020 0.3294370 0.3021165 0.2829825 0.2700630 0.2628567 0.2603685 0.2624430 0.2687004 0.2791668 0.2939222 0.3131118 0.3372186 0.3664789 0.4017621 0.4433628 0.4925133 0.5494782 0.6157715 0.6914324 0.7781005 0.8752984 0.9846557 1.104962 1.238009 1.381944 1.539403 1.708133 1.892356 2.087813 2.295413 2.482374 2.551911 2.232758 1.611699 1.156213 0.8779020 0.6902815 0.5523638 0.4491093 0.3660945 0.3003798 0.2440626
0.1469235 0.1665515 0.1901665 0.2182463 0.2524984 0.2939764 0.3453611 0.4085982 0.4868049 0.5766556 0.6507481 0.6452435 0.5711519 0.4910528 0.4242565 0.3724096 0.3323326 0.3021627 0.2796126 0.2636529 0.2530153 0.2472016 0.2455623 0.2479063 0.2539983 0.2638453 0.2775285 0.2952060 0.3172372 0.3439064 0.3758306 0.4133888 0.4574190 0.5083123 0.5670268 0.6337886 0.7094937 0.7939410 0.8877688 0.9901323 1.101406 1.220078 1.346491 1.478377 1.615827 1.753692 1.886237 1.985814 1.984608 1.739848 1.320137 0.9898570 0.7703480 0.6151406 0.4982877 0.4082577 0.3353591 0.2761862 0.2256323
0.1363845 0.1537354 0.1741718 0.1982791 0.2269115 0.2609119 0.3013406 0.3488518 0.4029640 0.4582964 0.4977228 0.4970165 0.4599555 0.4118069 0.3668198 0.3290641 0.2986869 0.2750275 0.2571560 0.2443513 0.2359552 0.2315303 0.2307211 0.2333337 0.2392537 0.2484797 0.2610944 0.2772583 0.2972270 0.3213038 0.3498948 0.3834135 0.4223677 0.4672022 0.5184119 0.5763094 0.6411759 0.7129511 0.7914634 0.8760551 0.9659421 1.059734 1.155889 1.251888 1.344475 1.427616 1.490985 1.513222 1.456558 1.283793 1.041712 0.8268774 0.6641323 0.5407528 0.4445094 0.3676702 0.3046725 0.2521158 0.2071789
0.1260821 0.1411759 0.1586675 0.1789539 0.2024728 0.2296039 0.2605534 0.2949437 0.3310333 0.3641528 0.3856734 0.3871394 0.3697723 0.3429011 0.3144989 0.2885931 0.2666321 0.2489241 0.2353058 0.2254886 0.2191627 0.2160733 0.2160222 0.2188887 0.2246175 0.2332247 0.2447900 0.2594554 0.2774221 0.2989421 0.3243157 0.3538704 0.3879519 0.4268822 0.4709368 0.5202752 0.5749063 0.6345995 0.6988567 0.7668220 0.8372781 0.9085358 0.9783917 1.043853 1.100839 1.143395 1.162824 1.146770 1.081899 0.9654779 0.8209765 0.6826808 0.5659244 0.4706890 0.3928936 0.3286169 0.2746871 0.2287457 0.1889497
0.1161563 0.1291459 0.1439534 0.1607984 0.1798517 0.2011686 0.2245284 0.2491795 0.2734061 0.2941270 0.3071806 0.3094982 0.3015028 0.2867877 0.2694751 0.2524267 0.2372028 0.2245011 0.2145591 0.2073874 0.2029083 0.2010210 0.2016413 0.2047161 0.2102340 0.2182264 0.2287697 0.2419832 0.2580261 0.2770924 0.2994014 0.3251864 0.3546724 0.3880519 0.4254444 0.4668565 0.5121235 0.5608612 0.6124042 0.6657667 0.7195867 0.7720920 0.8210158 0.8635153 0.8959952 0.9139959 0.9121928 0.8852127 0.8299346 0.7499635 0.6569328 0.5641252 0.4800852 0.4072777 0.3450784 0.2919151 0.2461629 0.2063755 0.1713635
0.1067403 0.1178307 0.1302676 0.1441366 0.1594561 0.1761031 0.1937177 0.2115467 0.2283045 0.2421446 0.2510565 0.2536582 0.2501594 0.2422115 0.2319050 0.2210543 0.2108963 0.2021656 0.1952421 0.1902995 0.1873958 0.1865397 0.1877235 0.1909480 0.1962312 0.2036168 0.2131753 0.2250045 0.2392271 0.2559841 0.2754288 0.2977107 0.3229603 0.3512611 0.3826202 0.4169264 0.4539113 0.4930986 0.5337698 0.5749198 0.6152418 0.6530957 0.6865097 0.7131593 0.7304167 0.7354401 0.7255442 0.6988768 0.6556605 0.5989444 0.5345384 0.4691958 0.4074738 0.3515607 0.3019270 0.2581766 0.2195694 0.1853192 0.1546737
9.7927153E-02 0.1073502 0.1177457 0.1291229 0.1414150 0.1544392 0.1678290 0.1809787 0.1930026 0.2028122 0.2093457 0.2120265 0.2109480 0.2068676 0.2009409 0.1942839 0.1877884 0.1820711 0.1775255 0.1743810 0.1727673 0.1727539 0.1743843 0.1776925 0.1827173 0.1895080 0.1981282 0.2086561 0.2211821 0.2358042 0.2526194 0.2717125 0.2931388 0.3169035 0.3429327 0.3710459 0.4009177 0.4320509 0.4637418 0.4950688 0.5248775 0.5517977 0.5742591 0.5905570 0.5989312 0.5977582 0.5858032 0.5626541 0.5290753 0.4874319 0.4411149 0.3933397 0.3469039 0.3034591 0.2636964 0.2276859 0.1951816 0.1657832 0.1390603
8.9772932E-02 9.7758323E-02 0.1064356 0.1157685 0.1256608 0.1359220 0.1462439 0.1561726 0.1651278 0.1724645 0.1776264 0.1802638 0.1804486 0.1786342 0.1754534 0.1715998 0.1676839 0.1641860 0.1614479 0.1597031 0.1591030 0.1597481 0.1617071 0.1650343 0.1697787 0.1759912 0.1837271 0.1930470 0.2040148 0.2166928 0.2311352 0.2473767 0.2654193 0.2852135 0.3066385 0.3294764 0.3533912 0.3779038 0.4023811 0.4260244 0.4478844 0.4668762 0.4818329 0.4915615 0.4949569 0.4911213 0.4795660 0.4603781 0.4344151 0.4030904 0.3682949 0.3322360 0.2965297 0.2623108 0.2302133 0.2004814 0.1730922 0.1478855 0.1246205
8.2295261E-02 8.9062177E-02 9.6312806E-02 0.1039949 0.1120048 0.1201769 0.1282659 0.1359511 0.1428484 0.1485657 0.1527704 0.1553265 0.1562695 0.1558222 0.1543826 0.1523896 0.1502641 0.1483606 0.1469594 0.1462670 0.1464338 0.1475669 0.1497459 0.1530324 0.1574792 0.1631346 0.1700455 0.1782571 0.1878116 0.1987442 0.2110765 0.2248083 0.2399048 0.2562850 0.2738029 0.2922335 0.3112538 0.3304346 0.3492292 0.3669826 0.3829397 0.3962822 0.4061648 0.4117863 0.4124571 0.4077059 0.3973579 0.3816367 0.3611435 0.3369711 0.3104154 0.2825657 0.2545623 0.2272315 0.2010938 0.1764138 0.1532785 0.1316446 0.1114015
7.5485721E-02 8.1229202E-02 8.7309010E-02 9.3666546E-02 0.1002093 0.1067989 0.1132527 0.1193428 0.1248204 0.1294442 0.1330336 0.1354699 0.1367906 0.1371679 0.1368330 0.1360722 0.1351715 0.1343926 0.1339532 0.1340280 0.1347509 0.1362248 0.1385281 0.1417232 0.1458610 0.1509851 0.1571336 0.1643389 0.1726264 0.1820106 0.1924907 0.2040424 0.2166104 0.2300960 0.2443480 0.2591492 0.2742090 0.2891552 0.3035367 0.3168276 0.3284494 0.3377928 0.3442634 0.3473213 0.3465474 0.3416872 0.3327198 0.3198731 0.3036637 0.2847092 0.2637630 0.2417836 0.2194553 0.1973443 0.1758573 0.1552462 0.1356261 0.1170238 9.9394172E-02
