T5-twomodels-2/gx/model30.grd
DSAA
         100         100
  -15.00000       15.00000    
  -15.00000       15.00000    
  -6.091158       8.072992    
[rows 26 to 51 of 100, columns 0 to 58 of 100]
-0.2269592 -0.2582657 -0.2944298 -0.3360507 -0.3835787 -0.4371063 -0.4958924 -0.5575919 -0.6169581 -0.6646322 -0.6880054 -0.6777256 -0.6349018 -0.5701263 -0.4955581 -0.4195420 -0.3464919 -0.2781881 -0.2149924 -0.1565287 -0.1021044 -5.0884873E-02 -2.0139734E-03 4.5363210E-02 9.2067949E-02 0.1389039 0.1866488 0.2360764 0.2879513 0.3430443 0.4021191 0.4659307 0.5351926 0.6105485 0.6925064 0.7813740 0.8771596 0.9794784 1.087438 1.199550 1.313624 1.426690 1.534874 1.633244 1.715554 1.773976 1.798978 1.780118 1.708994 1.585690 1.424047 1.247123 1.076072 0.9227457 0.7903993 0.6777677 0.5820624 0.5003392 0.4299898
-0.2535627 -0.2908859 -0.3347706 -0.3863505 -0.4468650 -0.5173799 -0.5984238 -0.6887707 -0.7830825 -0.8672322 -0.9151903 -0.9014385 -0.8294560 -0.7270322 -0.6178474 -0.5137253 -0.4187034 -0.3333654 -0.2568146 -0.1877335 -0.1246559 -6.6216469E-02 -1.1109375E-02 4.1828923E-02 9.3706846E-02 0.1455340 0.1983062 0.2529681 0.3104874 0.3718150 0.4379385 0.5098313 0.5884764 0.6747899 0.7696013 0.8735377 0.9869613 1.109819 1.241563 1.381003 1.526247 1.674554 1.822219 1.964232 2.093763 2.201080 2.272008 2.286171 2.218780 2.054179 1.811095 1.541674 1.292276 1.081389 0.9086498 0.7676511 0.6516197 0.5549802 0.4733962
-0.2813364 -0.3251432 -0.3775261 -0.4402114 -0.5156505 -0.6063266 -0.7152891 -0.8444362 -0.9921643 -1.142238 -1.243087 -1.221906 -1.089784 -0.9223503 -0.7620420 -0.6208329 -0.4987729 -0.3935534 -0.3018741 -0.2211229 -0.1486564 -8.2546256E-02 -2.0841325E-02 3.7887424E-02 9.5159590E-02 0.1521333 0.2101152 0.2701674 0.3335406 0.4013199 0.4747952 0.5551258 0.6436492 0.7415410 0.8500558 0.9701583 1.102704 1.248043 1.406186 1.576422 1.757547 1.947491 2.143557 2.341788 2.536699 2.719229 2.873674 2.969364 2.949629 2.743299 2.360642 1.928379 1.554662 1.263341 1.039351 0.8646554 0.7254692 0.6123550 0.5185876
-0.3098527 -0.3602494 -0.4217904 -0.4960849 -0.5879229 -0.7006367 -0.8419007 -1.017718 -1.237027 -1.490000 -1.693964 -1.657537 -1.413205 -1.148805 -0.9216309 -0.7366790 -0.5836486 -0.4569416 -0.3487625 -0.2559102 -0.1734228 -9.9549502E-02 -3.0883275E-02 3.3623073E-02 9.6543588E-02 0.1586276 0.2220323 0.2874539 0.3568961 0.4311534 0.5122406 0.6011243 0.6998923 0.8096393 0.9324324 1.069267 1.221899 1.390809 1.577035 1.780139 2.000242 2.235925 2.486611 2.750000 3.024574 3.304845 3.581051 3.820095 3.931066 3.712309 3.106501 2.407743 1.854850 1.461984 1.178135 0.9661106 0.8018112 0.6713541 0.5647234
-0.3384893 -0.3954494 -0.4663126 -0.5522515 -0.6608124 -0.7958412 -0.9703091 -1.194286 -1.489229 -1.854342 -2.176293 -2.122210 -1.750603 -1.381575 -1.084060 -0.8541584 -0.6693413 -0.5209318 -0.3959508 -0.2909818 -0.1983198 -0.1167173 -4.0992480E-02 2.9246695E-02 9.7886711E-02 0.1650375 0.2339242 0.3046784 0.3802456 0.4609551 0.5497156 0.6471446 0.7562353 0.8778589 1.015045 1.168684 1.341584 1.534230 1.748852 1.985166 2.244821 2.526955 2.833432 3.163629 3.520688 3.903270 4.309752 4.707417 4.973463 4.753922 3.902131 2.908321 2.162641 1.663700 1.318271 1.068272 0.8784849 0.7305633 0.6109296
-0.3665255 -0.4300612 -0.5097033 -0.6070423 -0.7311927 -0.8873444 -1.091746 -1.358231 -1.714563 -2.160874 -2.554480 -2.490139 -2.038661 -1.591156 -1.235584 -0.9654306 -0.7517924 -0.5826787 -0.4419724 -0.3250891 -0.2227876 -0.1334461 -5.0996758E-02 2.5041856E-02 9.9153727E-02 0.1714428 0.2456009 0.3217410 0.4032277 0.4904055 0.5866084 0.6925350 0.8116494 0.9449908 1.096131 1.266220 1.458685 1.674354 1.916170 2.184302 2.481314 2.807083 3.164912 3.555589 3.984656 4.452759 4.959511 5.464351 5.809137 5.556223 4.531979 3.334776 2.442003 1.853217 1.452578 1.167146 0.9532982 0.7884729 0.6563642
-0.3934894 -0.4632550 -0.5509508 -0.6587576 -0.7967194 -0.9712135 -1.200197 -1.499367 -1.897518 -2.390332 -2.817224 -2.748253 -2.257960 -1.763316 -1.366931 -1.065089 -0.8274190 -0.6400769 -0.4852901 -0.3573490 -0.2461097 -0.1493712 -6.0564324E-02 2.1112083E-02 0.1004569 0.1777792 0.2570071 0.3384229 0.4256096 0.5190907 0.6224408 0.7365805 0.8652642 1.009814 1.174153 1.359773 1.570503 1.807546 2.074264 2.371215 2.701404 3.065129 3.466165 3.905657 4.389203 4.916340 5.482664 6.036640 6.397627 6.101027 4.976016 3.663172 2.675936 2.020938 1.575582 1.259589 1.024245 0.8438554 0.7001352
-0.4189633 -0.4943883 -0.5892538 -0.7062004 -0.8558435 -1.045260 -1.293101 -1.615410 -2.039931 -2.558054 -3.000483 -2.929269 -2.420020 -1.898601 -1.475575 -1.150675 -0.8941649 -0.6917125 -0.5248159 -0.3870636 -0.2677389 -0.1641749 -6.9440857E-02 1.7560994E-02 0.1018682 0.1840011 0.2680708 0.3545395 0.4471639 0.5466526 0.6567739 0.7786651 0.9163132 1.071298 1.247814 1.447640 1.674883 1.931011 2.219615 2.541430 2.899550 3.294254 3.729100 4.204677 4.725360 5.288247 5.884367 6.454648 6.808688 6.475838 5.291331 3.911909 2.865459 2.164193 1.684631 1.343654 1.089916 0.8957562 0.7415302
-0.4426226 -0.5230317 -0.6240905 -0.7487231 -0.9078745 -1.108910 -1.370623 -1.708712 -2.149623 -2.681935 -3.132435 -3.059909 -2.540399 -2.003400 -1.563243 -1.222150 -0.9514220 -0.7369301 -0.5599604 -0.4137801 -0.2873217 -0.1776155 -7.7456772E-02 1.4476223E-02 0.1034237 0.1900763 0.2787117 0.3699424 0.4676836 0.5728005 0.6892341 0.8182999 0.9641823 1.128663 1.316148 1.528616 1.770359 2.042983 2.350156 2.692591 3.073238 3.492045 3.952000 4.452736 4.997141 5.580040 6.189289 6.761947 7.104347 6.745153 5.523247 4.102681 3.017930 2.284477 1.779345 1.418556 1.149543 0.9435494 0.7800512
-0.4642580 -0.5489563 -0.6552215 -0.7861477 -0.9528158 -1.162664 -1.434354 -1.783109 -2.234324 -2.774914 -3.229682 -3.156330 -2.631005 -2.084528 -1.633222 -1.280833 -0.9995819 -0.7757069 -0.5905621 -0.4372993 -0.3046847 -0.1895522 -8.4518924E-02 1.1911429E-02 0.1051295 0.1959735 0.2888512 0.3845111 0.4869961 0.5973103 0.7195325 0.8551294 1.008435 1.181389 1.378542 1.602007 1.856168 2.142677 2.465161 2.824193 3.222442 3.659405 4.137392 4.655098 5.214138 5.807735 6.421895 6.991942 7.323151 6.944833 5.698489 4.251371 3.140973 2.384809 1.860638 1.484350 1.202891 0.9869235 0.8154044
-0.4837776 -0.5720901 -0.6826491 -0.8186194 -0.9911264 -1.207552 -1.486367 -1.842353 -2.300197 -2.845860 -3.303242 -3.229260 -2.700172 -2.147634 -1.688876 -1.328563 -1.039549 -0.8084508 -0.6167598 -0.4576440 -0.3197945 -0.1999465 -9.0592287E-02 9.8790042E-03 0.1069785 0.2016541 0.2984269 0.3981490 0.5049765 0.6200205 0.7474771 0.8889253 1.048818 1.229201 1.434725 1.667572 1.932158 2.230110 2.564955 2.937060 3.348776 3.799140 4.289855 4.818839 5.386788 5.985913 6.601253 7.167434 7.489670 7.097829 5.834566 4.369147 3.240877 2.468375 1.929944 1.541587 1.250084 1.025825 0.8474623
-0.5011778 -0.5924921 -0.7065331 -0.8464954 -1.023480 -1.244787 -1.528683 -1.889627 -2.351818 -2.900654 -3.359454 -3.285013 -2.753574 -2.197009 -1.733144 -1.367183 -1.072430 -0.8357806 -0.6388922 -0.4749822 -0.3327363 -0.2088336 -9.5699966E-02 8.3608786E-03 0.1089426 0.2070812 0.3073826 0.4107879 0.5215372 0.6408332 0.7729579 0.9195795 1.085231 1.272035 1.484695 1.725424 1.998627 2.305866 2.650535 3.032793 3.454681 3.914844 4.414483 4.950948 5.524316 6.126198 6.741136 7.303490 7.618491 7.216597 5.941555 4.463469 3.322483 2.538009 1.988805 1.591037 1.291469 1.060369 0.8762318
-0.5165273 -0.6102995 -0.7271376 -0.8702242 -1.050625 -1.275541 -1.563083 -1.927459 -2.392570 -2.943482 -3.403283 -3.328436 -2.795238 -2.235875 -1.768404 -1.398358 -1.099316 -0.8583977 -0.6573881 -0.4895779 -0.3436643 -0.2163115 -9.9902160E-02 7.3108589E-03 0.1109839 0.2122150 0.3156782 0.4223808 0.5366328 0.6597031 0.7959421 0.9470794 1.117707 1.309989 1.528660 1.775929 2.056169 2.370860 2.723262 3.113334 3.542862 4.010164 4.516072 5.057530 5.634219 6.237397 6.851372 7.410443 7.720062 7.310977 6.027257 4.539809 3.389479 2.596085 2.038661 1.633533 1.327497 1.090785 0.9018085
-0.5299327 -0.6257027 -0.7447644 -0.8902863 -1.073282 -1.300874 -1.591039 -1.957823 -2.424916 -2.977173 -3.437458 -3.362298 -2.827958 -2.266608 -1.796539 -1.423479 -1.121206 -0.8769838 -0.6727098 -0.5017321 -0.3527787 -0.2225090 -0.1032879 6.6680838E-03 0.1130541 0.2170180 0.3232807 0.4329031 0.5502456 0.6766295 0.8164523 0.9714891 1.146367 1.343276 1.566955 1.819600 2.105536 2.426160 2.784607 3.180671 3.615925 4.088439 4.598776 5.143606 5.722352 6.326073 6.938958 7.495301 7.800613 7.385980 6.096029 4.601885 3.444657 2.644530 2.080785 1.669875 1.358654 1.117352 0.9243453
-0.5415307 -0.6389077 -0.7597300 -0.9071381 -1.092105 -1.321680 -1.613751 -1.982238 -2.450705 -3.003884 -3.464586 -3.389128 -2.853819 -2.291000 -1.819007 -1.443695 -1.138957 -0.8921677 -0.6852992 -0.5117570 -0.3602923 -0.2275753 -0.1059577 6.3599325E-03 0.1151045 0.2214545 0.3301694 0.4423466 0.5623863 0.6916449 0.8345562 0.9929236 1.171396 1.372174 1.599992 1.857019 2.147533 2.472854 2.836012 3.236660 3.676210 4.152548 4.666043 5.213177 5.793217 6.397099 7.008971 7.563157 7.865348 7.446735 6.151984 4.652642 3.490168 2.684902 2.116257 1.700792 1.385414 1.140370 0.9440224
-0.5514622 -0.6501254 -0.7723306 -0.9211982 -1.107659 -1.338713 -1.632170 -2.001874 -2.471294 -3.025070 -3.485903 -3.410216 -2.874285 -2.310375 -1.836945 -1.459923 -1.153292 -0.9044937 -0.6955647 -0.5199469 -0.3664200 -0.2316600 -0.1080208 6.3127605E-03 0.1170832 0.2254950 0.3363303 0.4507168 0.5730802 0.7048057 0.8503478 1.011530 1.193012 1.396996 1.628203 1.888778 2.182950 2.511975 2.878791 3.282947 3.725727 4.204884 4.720650 5.269384 5.850246 6.454113 7.065098 7.617553 7.917183 7.495379 6.197158 4.694075 3.527658 2.718445 2.145988 1.726926 1.408219 1.160132 0.9610329
-0.5598685 -0.6595507 -0.7828395 -0.9328290 -1.120424 -1.352576 -1.647050 -2.017626 -2.487719 -3.041923 -3.502938 -3.427029 -2.890502 -2.325754 -1.851224 -1.472897 -1.164799 -0.9144290 -0.7038607 -0.5265713 -0.3713581 -0.2349103 -0.1095794 6.4534834E-03 0.1189445 0.2291112 0.3417577 0.4580272 0.5823682 0.7161807 0.8639372 1.027470 1.211444 1.418057 1.652018 1.915442 2.212519 2.544448 2.914098 3.320934 3.766146 4.247391 4.764806 5.314664 5.896061 6.499830 7.110086 7.661213 7.959044 7.534991 6.233997 4.727892 3.558414 2.746153 2.170723 1.748826 1.427459 1.176914 0.9755625
-0.5668787 -0.6673633 -0.7914909 -0.9423417 -1.130790 -1.363761 -1.658978 -2.030184 -2.500746 -3.055217 -3.516223 -3.440150 -2.903269 -2.337887 -1.862523 -1.483189 -1.173957 -0.9223554 -0.7104917 -0.5318629 -0.3752863 -0.2374565 -0.1107308 6.7155110E-03 0.1206435 0.2322828 0.3464483 0.4642988 0.5902933 0.7258463 0.8754371 1.040906 1.226916 1.435660 1.671830 1.937521 2.236885 2.571077 2.942912 3.351790 3.798833 4.281628 4.800245 5.350900 5.932645 6.536295 7.145955 7.696027 7.992327 7.566398 6.263436 4.755204 3.583428 2.768821 2.191079 1.766954 1.443478 1.190961 0.9877858
-0.5726112 -0.6737168 -0.7984896 -0.9499913 -1.139081 -1.372656 -1.668416 -2.040072 -2.510970 -3.065640 -3.526736 -3.450502 -2.913238 -2.347361 -1.871353 -1.491253 -1.181145 -0.9285895 -0.7157088 -0.5360232 -0.3783569 -0.2394168 -0.1115593 7.0380745E-03 0.1221434 0.2349911 0.3504058 0.4695536 0.5969040 0.7338767 0.8849587 1.051991 1.239636 1.450077 1.687995 1.955462 2.256604 2.592540 2.966043 3.376463 3.824878 4.308819 4.828313 5.379537 5.961515 6.565045 7.174242 7.723530 8.018822 7.591639 6.287059 4.777048 3.603482 2.787075 2.207551 1.781695 1.456565 1.202489 0.9978585
-0.5771642 -0.6787423 -0.8039986 -0.9559867 -1.145547 -1.379564 -1.675715 -2.047693 -2.518818 -3.073600 -3.534640 -3.458296 -2.920842 -2.354600 -1.878114 -1.497431 -1.186663 -0.9333769 -0.7197182 -0.5392131 -0.3806998 -0.2408877 -0.1121390 7.3713716E-03 0.1234122 0.2372236 0.3536332 0.4738155 0.6022431 0.7403425 0.8926014 1.060862 1.249784 1.461544 1.700811 1.969640 2.272135 2.609389 2.984141 3.395712 3.845136 4.329916 4.850043 5.401671 5.983802 6.587230 7.196065 7.744741 8.039134 7.610859 6.305204 4.794029 3.619164 2.801406 2.220533 1.793357 1.466958 1.211678 1.005915
-0.5806214 -0.6825436 -0.8081524 -0.9604888 -1.150387 -1.384715 -1.681141 -2.053340 -2.524625 -3.079501 -3.540599 -3.464150 -2.926455 -2.359937 -1.883094 -1.501990 -1.190734 -0.9369142 -0.7226776 -0.5415650 -0.3824172 -0.2419513 -0.1125286 7.6730968E-03 0.1244255 0.2389687 0.3561370 0.4771052 0.6063517 0.7453039 0.8984526 1.067637 1.257516 1.470259 1.710526 1.980359 2.283847 2.622061 2.997720 3.410116 3.860265 4.345640 4.866214 5.418121 6.000355 6.603699 7.212275 7.760530 8.054416 7.625508 6.318953 4.806780 3.630932 2.812191 2.230331 1.802186 1.474849 1.218675 1.012066
-0.5830447 -0.6852026 -0.8110485 -0.9636211 -1.153744 -1.388281 -1.684886 -2.057231 -2.528615 -3.083529 -3.544557 -3.468054 -2.930289 -2.363590 -1.886512 -1.505116 -1.193531 -0.9393414 -0.7247095 -0.5431754 -0.3835890 -0.2426666 -0.1127746 7.9116551E-03 0.1251617 0.2402204 0.3579205 0.4794414 0.6092619 0.7488117 0.9025805 1.072409 1.262951 1.476374 1.717329 1.987851 2.292017 2.630884 3.007156 3.420110 3.870745 4.356518 4.877388 5.429478 6.011773 6.615059 7.223451 7.771399 8.064806 7.635326 6.328282 4.815588 3.639114 2.819705 2.237174 1.808365 1.480385 1.223592 1.016398
-0.5844814 -0.6867751 -0.8127596 -0.9654669 -1.155720 -1.390375 -1.687084 -2.059509 -2.530952 -3.085905 -3.546989 -3.470435 -2.932539 -2.365727 -1.888505 -1.506943 -1.195163 -0.9407606 -0.7258951 -0.5441154 -0.3842697 -0.2430796 -0.1129088 8.0634607E-03 0.1256097 0.2409726 0.3589891 0.4808374 0.6109983 0.7509010 0.9050372 1.075245 1.266178 1.479999 1.721358 1.992282 2.296842 2.636088 3.012715 3.425992 3.876904 4.362906 4.883945 5.436138 6.018470 6.621719 7.230010 7.777801 8.071060 7.641385 6.333949 4.820810 3.643937 2.824140 2.241217 1.812023 1.483665 1.226511 1.018973
-0.5849567 -0.6872956 -0.8133245 -0.9660776 -1.156372 -1.391066 -1.687807 -2.060261 -2.531718 -3.086667 -3.547689 -3.471133 -2.933269 -2.366426 -1.889162 -1.507543 -1.195701 -0.9412264 -0.7262858 -0.5444239 -0.3844938 -0.2432136 -0.1129518 8.1158476E-03 0.1257592 0.2412241 0.3593450 0.4813017 0.6115747 0.7515952 0.9058523 1.076186 1.267247 1.481200 1.722691 1.993748 2.298437 2.637808 3.014551 3.427933 3.878937 4.365012 4.886106 5.438334 6.020676 6.623914 7.232167 7.779889 8.072992 7.643139 6.335668 4.822503 3.645529 2.825605 2.242555 1.813233 1.484752 1.227478 1.019827
-0.5844814 -0.6867751 -0.8127596 -0.9654673 -1.155720 -1.390375 -1.687084 -2.059509 -2.530952 -3.085905 -3.546989 -3.470435 -2.932539 -2.365727 -1.888505 -1.506943 -1.195163 -0.9407604 -0.7258951 -0.5441157 -0.3842699 -0.2430797 -0.1129089 8.0631580E-03 0.1256093 0.2409724 0.3589892 0.4808369 0.6109981 0.7509007 0.9050371 1.075245 1.266178 1.479999 1.721358 1.992282 2.296841 2.636088 3.012715 3.425991 3.876904 4.362906 4.883945 5.436139 6.018470 6.621720 7.230010 7.777801 8.071059 7.641384 6.333949 4.820809 3.643937 2.824140 2.241217 1.812023 1.483665 1.226511 1.018972
-0.5830449 -0.6852028 -0.8110487 -0.9636215 -1.153745 -1.388281 -1.684886 -2.057231 -2.528614 -3.083528 -3.544557 -3.468054 -2.930289 -2.363590 -1.886512 -1.505116 -1.193531 -0.9393414 -0.7247093 -0.5431754 -0.3835894 -0.2426669 -0.1127748 7.9113524E-03 0.1251619 0.2402203 0.3579204 0.4794416 0.6092619 0.7488120 0.9025810 1.072409 1.262951 1.476374 1.717329 1.987851 2.292017 2.630884 3.007155 3.420110 3.870744 4.356517 4.877388 5.429477 6.011774 6.615059 7.223451 7.771399 8.064806 7.635325 6.328282 4.815587 3.639114 2.819705 2.237174 1.808365 1.480385 1.223592 1.016398
