T5-twomodels-2/gx/model150.grd
DSAA
         100         100
  -15.00000       15.00000    
  -15.00000       15.00000    
  -6.144037       6.149122    
[rows 52 to 77 of 100, columns 0 to 58 of 100]
1.077854 1.255574 1.473698 1.736961 2.063939 2.465745 2.972395 3.606348 4.407096 5.348494 6.135641 6.028620 5.155420 4.236478 3.470259 2.866646 2.383634 2.000394 1.688572 1.437392 1.229981 1.061045 0.9200205 0.8043411 0.7071556 0.6272692 0.5601838 0.5053619 0.4599074 0.4235280 0.3944855 0.3724454 0.3565382 0.3461344 0.3410100 0.3399691 0.3432949 0.3489794 0.3578689 0.3670616 0.3784088 0.3881345 0.3997212 0.4079305 0.4177749 0.4185513 0.4092839 0.3412072 0.1145870 -0.4849788 -1.015560 -0.9155068 -0.6519655 -0.4660854 -0.3540493 -0.2815890 -0.2386850 -0.2088229 -0.1933443
1.071626 1.248726 1.466210 1.728834 2.055183 2.456398 2.962507 3.596000 4.396378 5.337505 6.124422 6.017428 5.144464 4.225796 3.459957 2.856807 2.374335 1.991681 1.680476 1.429919 1.223126 1.054786 0.9143276 0.7991754 0.7024779 0.6230344 0.5563486 0.5018837 0.4567468 0.4206479 0.3918532 0.3700318 0.3543197 0.3440915 0.3391277 0.3382380 0.3417091 0.3475381 0.3565732 0.3659178 0.3774220 0.3873114 0.3990669 0.4074503 0.4174672 0.4184168 0.4093081 0.3413804 0.1148366 -0.4845712 -1.014905 -0.9148253 -0.6512392 -0.4653033 -0.3532166 -0.2807178 -0.2377754 -0.2078800 -0.1923621
1.063442 1.239694 1.456306 1.718045 2.043525 2.443910 2.949265 3.582103 4.381968 5.322758 6.109605 6.002603 5.129742 4.211440 3.446127 2.843640 2.361922 1.980090 1.669737 1.420044 1.214095 1.046567 0.9068730 0.7924320 0.6963837 0.6175291 0.5513706 0.4973756 0.4526520 0.4169176 0.3884420 0.3669016 0.3514371 0.3414311 0.3366702 0.3359704 0.3396253 0.3456364 0.3548591 0.3643973 0.3761072 0.3862116 0.3981952 0.4068103 0.4170656 0.4182462 0.4093688 0.3416590 0.1153722 -0.4838999 -1.014231 -0.9139685 -0.6502580 -0.4642438 -0.3521008 -0.2795536 -0.2365733 -0.2066370 -0.1910784
1.053165 1.228309 1.443764 1.704328 2.028639 2.427904 2.932224 3.564170 4.363316 5.303592 6.090084 5.983121 5.110638 4.192869 3.428297 2.826713 2.346030 1.965307 1.656104 1.407555 1.202724 1.036258 0.8975604 0.7840339 0.6888187 0.6107118 0.5452203 0.4918125 0.4476048 0.4123195 0.3842356 0.3630354 0.3478698 0.3381287 0.3336083 0.3331332 0.3370050 0.3432345 0.3526818 0.3624594 0.3744233 0.3848022 0.3970737 0.4059935 0.4165556 0.4180487 0.4094630 0.3420256 0.1159247 -0.4830949 -1.013097 -0.9127527 -0.6489588 -0.4628640 -0.3506570 -0.2780659 -0.2350446 -0.2050739 -0.1894712
1.040634 1.214355 1.428317 1.687339 2.010108 2.407874 2.910809 3.541537 4.339712 5.279332 6.065599 5.958642 5.086442 4.169385 3.405813 2.805465 2.326169 1.946932 1.639243 1.392196 1.188808 1.023707 0.8862699 0.7738959 0.6797177 0.6025367 0.5378609 0.4851681 0.4415816 0.4068337 0.3792121 0.3584109 0.3435902 0.3341521 0.3299043 0.3296815 0.3337983 0.3402748 0.3499832 0.3600405 0.3723128 0.3830256 0.3956607 0.4049629 0.4159264 0.4178151 0.4096259 0.3425602 0.1168564 -0.4819151 -1.011836 -0.9112446 -0.6472875 -0.4610978 -0.3488338 -0.2762016 -0.2331547 -0.2031552 -0.1875215
1.025655 1.197581 1.409628 1.666660 1.987404 2.383187 2.884255 3.513340 4.310176 5.248842 6.034532 5.927634 5.056079 4.140025 3.377837 2.779155 2.301728 1.924455 1.618755 1.373648 1.172110 1.008729 0.8728700 0.7619197 0.6690132 0.5929526 0.5292580 0.4774160 0.4345617 0.4004395 0.3733509 0.3530022 0.3385679 0.3294636 0.3255107 0.3255602 0.3299400 0.3366857 0.3466823 0.3570596 0.3696889 0.3808055 0.3938842 0.4036715 0.4151400 0.4175503 0.4098617 0.3432643 0.1179162 -0.4804596 -1.009938 -0.9092036 -0.6451337 -0.4588605 -0.3465489 -0.2739021 -0.2308489 -0.2008464 -0.1851946
1.008017 1.177690 1.387312 1.641774 1.959878 2.353027 2.851594 3.478433 4.273442 5.210839 5.996004 5.889142 5.018230 4.103548 3.343252 2.746849 2.271926 1.897261 1.594152 1.351544 1.152349 0.9911247 0.8572149 0.7480052 0.6566322 0.5819130 0.5193779 0.4685314 0.4265248 0.3931189 0.3666307 0.3467839 0.3327692 0.3240192 0.3203730 0.3206996 0.3253474 0.3323700 0.3426720 0.3533986 0.3664365 0.3780250 0.3916461 0.4020318 0.4141506 0.4172273 0.4102096 0.3442470 0.1195304 -0.4784148 -1.007693 -0.9066334 -0.6423771 -0.4560273 -0.3437054 -0.2710781 -0.2280641 -0.1980928 -0.1824600
0.9874882 1.154364 1.360917 1.612087 1.926736 2.316393 2.811573 3.435340 4.227791 5.163352 5.947484 5.840733 4.971004 4.058277 3.300630 2.707343 2.235806 1.864596 1.564871 1.325464 1.129227 0.9706795 0.8391589 0.7320514 0.6425121 0.5693747 0.5081948 0.4584972 0.4174575 0.3848569 0.3590336 0.3397304 0.3261583 0.3177696 0.3144259 0.3150181 0.3199184 0.3272068 0.3378113 0.3489038 0.3623877 0.3745211 0.3887866 0.3999181 0.4128579 0.4168112 0.4106671 0.3455352 0.1214877 -0.4758053 -1.004460 -0.9031810 -0.6388102 -0.4524330 -0.3401560 -0.2676235 -0.2247118 -0.1948377 -0.1792690
0.9638391 1.127255 1.329956 1.576905 1.887048 2.272041 2.762619 3.382114 4.170973 5.103965 5.886921 5.780275 4.911975 4.002024 3.248095 2.659136 2.192191 1.825582 1.530264 1.294951 1.102423 0.9471806 0.8185596 0.7139716 0.6265978 0.5553088 0.4956915 0.4473059 0.4073541 0.3756467 0.3505462 0.3318198 0.3187002 0.3106647 0.3075979 0.3084197 0.3135309 0.3210437 0.3319215 0.3433661 0.3573166 0.3700528 0.3850752 0.3971152 0.4111040 0.4161991 0.4112460 0.3472678 0.1243275 -0.4721720 -1.000408 -0.8987041 -0.6341722 -0.4478351 -0.3357151 -0.2633859 -0.2206901 -0.1910013 -0.1755773
0.9368480 1.096027 1.293910 1.535476 1.839729 2.218487 2.702744 3.316243 4.099923 5.029102 5.809993 5.703572 4.837692 3.931824 3.183246 2.600343 2.139684 1.779208 1.489632 1.259528 1.071629 0.9204280 0.7952995 0.6936965 0.6088578 0.5397024 0.4818704 0.4349617 0.3962215 0.3654912 0.3411650 0.3230367 0.3103652 0.3026534 0.2998149 0.3007999 0.3060442 0.3137010 0.3247749 0.3365183 0.3509116 0.3642811 0.3801547 0.3932880 0.4085951 0.4152030 0.4118610 0.3494851 0.1279205 -0.4673637 -0.9946149 -0.8925904 -0.6280383 -0.4418985 -0.3301141 -0.2581801 -0.2158612 -0.1865011 -0.1713242
0.9063411 1.060367 1.252280 1.487007 1.783588 2.153978 2.629503 3.234443 4.010545 4.934061 5.712161 5.606026 4.743518 3.843742 3.102967 2.528671 2.076659 1.724378 1.442251 1.218743 1.036566 0.8902685 0.7692968 0.6711967 0.5892878 0.5225713 0.4667519 0.4214919 0.3840820 0.3544085 0.3308987 0.3133778 0.3011329 0.2936945 0.2910064 0.2920520 0.2973084 0.3049731 0.3161082 0.3280236 0.3427684 0.3567301 0.3735064 0.3878905 0.4048314 0.4134186 0.4123285 0.3522895 0.1329843 -0.4605923 -0.9869002 -0.8843076 -0.6198025 -0.4341249 -0.3229986 -0.2517527 -0.2100696 -0.1812313 -0.1664561
0.8722106 1.020055 1.204635 1.430758 1.717388 2.076568 2.539940 3.132517 3.897217 4.811882 5.585178 5.479584 4.622770 3.732438 3.003334 2.441389 2.001334 1.659968 1.387459 1.172216 0.9970429 0.8566157 0.7405366 0.6464897 0.5679287 0.5039613 0.4503872 0.4069415 0.3709797 0.3424340 0.3197738 0.3028568 0.2910000 0.2837623 0.2811165 0.2820820 0.2871761 0.2946500 0.3056257 0.3174910 0.3323769 0.3467717 0.3643701 0.3800817 0.3989333 0.4100714 0.4120924 0.3555123 0.1395050 -0.4512377 -0.9755939 -0.8725343 -0.6084783 -0.4237970 -0.3138723 -0.2438007 -0.2031242 -0.1750932 -0.1609127
0.8344693 0.9749990 1.150717 1.366144 1.640015 1.984247 2.430701 3.005172 3.752331 4.652784 5.418494 5.313743 4.466016 3.590789 2.879480 2.335460 1.911912 1.584998 1.324749 1.119734 0.9529976 0.8194977 0.7090822 0.6196619 0.5448672 0.4839604 0.4328558 0.3913864 0.3569782 0.3296244 0.3078364 0.2915090 0.2799872 0.2728576 0.2701202 0.2708259 0.2755334 0.2825436 0.2930461 0.3045071 0.3191614 0.3336174 0.3517292 0.3685843 0.3894415 0.4036449 0.4099216 0.3586028 0.1483016 -0.4376602 -0.9593038 -0.8554891 -0.5925155 -0.4098413 -0.3020898 -0.2339474 -0.1948341 -0.1679821 -0.1546566
0.7932754 0.9253260 1.090529 1.292931 1.550714 1.875311 2.298343 2.846174 3.565633 4.442003 5.193772 5.090652 4.259393 3.409413 2.725834 2.207863 1.806933 1.498846 1.253956 1.061337 0.9045731 0.7790825 0.6751114 0.5908739 0.5202535 0.4626976 0.4142748 0.3749269 0.3421705 0.3160603 0.2951596 0.2793975 0.2681487 0.2610214 0.2580387 0.2582780 0.2623298 0.2685412 0.2781565 0.2887205 0.3025612 0.3164223 0.3343340 0.3516628 0.3740461 0.3913851 0.4029870 0.3595274 0.1588218 -0.4179105 -0.9337537 -0.8293929 -0.5693076 -0.3907220 -0.2868294 -0.2218058 -0.1850168 -0.1598379 -0.1476662
0.7489858 0.8714252 1.024479 1.211425 1.449490 1.748937 2.140225 2.649139 3.324254 4.157993 4.883359 4.783402 3.983085 3.176987 2.536960 2.056446 1.685800 1.401612 1.175423 0.9974378 0.8521574 0.7357219 0.6389177 0.5603781 0.4942943 0.4403519 0.3947934 0.3576951 0.3266703 0.3018477 0.2818410 0.2666166 0.2555749 0.2483421 0.2449575 0.2445134 0.2476232 0.2526604 0.2609106 0.2699634 0.2822146 0.2944937 0.3109846 0.3273113 0.3496269 0.3687497 0.3855698 0.3527880 0.1692276 -0.3881961 -0.8920860 -0.7875260 -0.5346308 -0.3643717 -0.2672300 -0.2070462 -0.1735857 -0.1506503 -0.1399772
0.7021475 0.8140206 0.9534447 1.122717 1.337505 1.606097 1.956091 2.410171 3.015177 3.770954 4.440322 4.347493 3.611195 2.882898 2.310019 1.881322 1.549580 1.294454 1.090205 0.9288854 0.7964445 0.6899454 0.6009330 0.5285055 0.4672659 0.4171392 0.3745990 0.3398456 0.3106207 0.2871141 0.2680068 0.2532929 0.2423996 0.2349660 0.2310358 0.2297139 0.2316080 0.2351169 0.2415123 0.2484181 0.2581933 0.2677022 0.2810810 0.2940961 0.3131313 0.3300324 0.3479894 0.3252864 0.1689255 -0.3446262 -0.8174638 -0.7163609 -0.4822661 -0.3286651 -0.2427001 -0.1896208 -0.1605993 -0.1405348 -0.1316636
0.6534575 0.7541961 0.8787647 1.028817 1.217346 1.450455 1.750215 2.133096 2.635352 3.255348 3.804742 3.728426 3.124542 2.526283 2.049255 1.686648 1.401747 1.179807 1.000185 0.8569482 0.7384475 0.6424323 0.5617308 0.4956402 0.4395145 0.3932962 0.3539199 0.3215448 0.2941907 0.2720020 0.2538082 0.2395805 0.2287907 0.2210971 0.2164980 0.2141793 0.2146153 0.2163644 0.2204575 0.2247553 0.2311960 0.2369305 0.2453718 0.2526332 0.2640214 0.2723517 0.2810704 0.2573244 0.1303520 -0.2884155 -0.6787390 -0.5958974 -0.4068387 -0.2831385 -0.2135453 -0.1700555 -0.1462972 -0.1298049 -0.1228056
0.6037005 0.6933533 0.8021245 0.9325787 1.092921 1.288591 1.532625 1.834917 2.210640 2.643316 2.995467 2.948030 2.555513 2.130915 1.770147 1.481501 1.248316 1.061268 0.9079890 0.7832173 0.6794552 0.5939543 0.5220093 0.4621902 0.4114533 0.3690625 0.3330242 0.3029574 0.2775777 0.2566585 0.2394200 0.2256526 0.2149452 0.2069850 0.2016204 0.1983090 0.1970870 0.1970712 0.1985007 0.2001228 0.2025665 0.2042281 0.2063678 0.2067503 0.2070758 0.2025342 0.1914190 0.1515271 3.8141571E-02 -0.2326220 -0.4662337 -0.4280329 -0.3141566 -0.2317045 -0.1815608 -0.1495967 -0.1310944 -0.1189831 -0.1134602
0.5541061 0.6326149 0.7258707 0.8367707 0.9694746 1.128152 1.317972 1.542142 1.798095 2.058835 2.238538 2.215944 2.009699 1.745967 1.495685 1.278963 1.096148 0.9436097 0.8161874 0.7098266 0.6205685 0.5456084 0.4822847 0.4287808 0.3833481 0.3448261 0.3120731 0.2843489 0.2609130 0.2412872 0.2249940 0.2117007 0.2010858 0.1928630 0.1867675 0.1824595 0.1796460 0.1778570 0.1767382 0.1756854 0.1743354 0.1719752 0.1682184 0.1619846 0.1522483 0.1360003 0.1082921 5.7073124E-02 -3.6519207E-02 -0.1757197 -0.2772234 -0.2746266 -0.2263986 -0.1818367 -0.1503336 -0.1293162 -0.1161254 -0.1081247 -0.1042311
0.5057280 0.5732386 0.6521066 0.7442596 0.8518118 0.9765890 1.119532 1.278660 1.445151 1.595541 1.686541 1.675722 1.569004 1.412837 1.246848 1.090913 0.9519691 0.8312148 0.7274274 0.6387119 0.5629829 0.4983646 0.4431549 0.3959492 0.3555285 0.3209150 0.2912735 0.2659421 0.2443561 0.2260685 0.2106924 0.1979090 0.1874270 0.1789742 0.1722718 0.1670115 0.1628498 0.1593781 0.1561484 0.1526387 0.1483072 0.1425156 0.1345627 0.1234727 0.1079134 8.5707195E-02 5.3636823E-02 7.3641539E-03 -5.4987799E-02 -0.1232287 -0.1691463 -0.1763135 -0.1604280 -0.1400119 -0.1228638 -0.1104185 -0.1022469 -9.7489774E-02 -9.5498100E-02
0.4592728 0.5165585 0.5823376 0.6576485 0.7432832 0.8394446 0.9449503 1.055952 1.163771 1.252888 1.302369 1.296725 1.237910 1.143704 1.034510 0.9243969 0.8208986 0.7271913 0.6441117 0.5713046 0.5079225 0.4529284 0.4052978 0.3640698 0.3284004 0.2975488 0.2708902 0.2478898 0.2281004 0.2111399 0.1966832 0.1844418 0.1741518 0.1655551 0.1583821 0.1523384 0.1470860 0.1422423 0.1373677 0.1319813 0.1255477 0.1174923 0.1071561 9.3784280E-02 7.6434202E-02 5.4013729E-02 2.5405642E-02 -9.6952543E-03 -4.9128849E-02 -8.5766710E-02 -0.1101834 -0.1188733 -0.1159023 -0.1081910 -0.1002433 -9.3938433E-02 -8.9737684E-02 -8.7589189E-02 -8.7263927E-02
0.4153994 0.4634877 0.5177435 0.5785415 0.6459148 0.7191823 0.7964703 0.8739309 0.9450436 1.000474 1.030053 1.026741 0.9914375 0.9322355 0.8593987 0.7817878 0.7053458 0.6334745 0.5677617 0.5087251 0.4562519 0.4099335 0.3692138 0.3335152 0.3022694 0.2749617 0.2511256 0.2303570 0.2122980 0.1966393 0.1831038 0.1714416 0.1614141 0.1527839 0.1453002 0.1386874 0.1326370 0.1267977 0.1207829 0.1141664 0.1065027 9.7319856E-02 8.6145058E-02 7.2491080E-02 5.5918470E-02 3.6092103E-02 1.3068318E-02 -1.2337603E-02 -3.7917122E-02 -6.0429007E-02 -7.6491110E-02 -8.4510498E-02 -8.6390041E-02 -8.4906772E-02 -8.2360767E-02 -8.0107644E-02 -7.8792036E-02 -7.8621462E-02 -7.9637185E-02
0.3745642 0.4146121 0.4589895 0.5076940 0.5603365 0.6159418 0.6726100 0.7272376 0.7753121 0.8112976 0.8297814 0.8277611 0.8055730 0.7668549 0.7172187 0.6620557 0.6056142 0.5507389 0.4991288 0.4516261 0.4085381 0.3698262 0.3352765 0.3045748 0.2773808 0.2533469 0.2321488 0.2134830 0.1970771 0.1826807 0.1700664 0.1590182 0.1493273 0.1407805 0.1331517 0.1261950 0.1196362 0.1131753 0.1064837 9.9220268E-02 9.1034040E-02 8.1593730E-02 7.0591643E-02 5.7795085E-02 4.3067943E-02 2.6488444E-02 8.4319152E-03 -1.0231929E-02 -2.8178468E-02 -4.3567784E-02 -5.5030219E-02 -6.2491935E-02 -6.6380203E-02 -6.7951344E-02 -6.8442151E-02 -6.8747066E-02 -6.9388963E-02 -7.0655465E-02 -7.2665937E-02
0.3370374 0.3701922 0.4063049 0.4451502 0.4861954 0.5284328 0.5702592 0.6093382 0.6426908 0.6670082 0.6794150 0.6780573 0.6631767 0.6369088 0.6022698 0.5625632 0.5206568 0.4787464 0.4383094 0.4002547 0.3650494 0.3328757 0.3037186 0.2774585 0.2539081 0.2328581 0.2140873 0.1973825 0.1825365 0.1693556 0.1576531 0.1472491 0.1379633 0.1296100 0.1219924 0.1148970 0.1080927 0.1013292 9.4346523E-02 8.6878754E-02 7.8676872E-02 6.9516063E-02 5.9232164E-02 4.7733590E-02 3.5058800E-02 2.1395087E-02 7.1621034E-03 -7.0057344E-03 -2.0234892E-02 -3.1818032E-02 -4.1158684E-02 -4.7843579E-02 -5.2403685E-02 -5.5449035E-02 -5.7625420E-02 -5.9476007E-02 -6.1401587E-02 -6.3645840E-02 -6.6366628E-02
0.3028978 0.3302518 0.3595545 0.3905026 0.4225325 0.4547646 0.4859173 0.5143240 0.5379968 0.5548986 0.5632836 0.5623772 0.5522528 0.5339076 0.5092038 0.4801913 0.4488167 0.4166746 0.3849703 0.3545179 0.3258297 0.2991742 0.2746609 0.2522826 0.2319670 0.2135966 0.1970360 0.1821367 0.1687504 0.1567273 0.1459200 0.1361800 0.1273563 0.1192914 0.1118181 0.1047584 9.7921021E-02 9.1108195E-02 8.4116608E-02 7.6753534E-02 6.8842664E-02 6.0249351E-02 5.0887559E-02 4.0754907E-02 2.9934570E-02 1.8636463E-02 7.1749091E-03 -4.0118583E-03 -1.4479971E-02 -2.3670727E-02 -3.1289458E-02 -3.7504941E-02 -4.2319529E-02 -4.6068896E-02 -4.9147151E-02 -5.1910385E-02 -5.4630544E-02 -5.7516307E-02 -6.0701858E-02
0.2720937 0.2946191 0.3183855 0.3430631 0.3681465 0.3928988 0.4163547 0.4373200 0.4544893 0.4665885 0.4726398 0.4719670 0.4646659 0.4514955 0.4335001 0.4119867 0.3882500 0.3634487 0.3385044 0.3141109 0.2907384 0.2686870 0.2481164 0.2290930 0.2116111 0.1956233 0.1810508 0.1678003 0.1557656 0.1448368 0.1348981 0.1258310 0.1175112 0.1098085 0.1025853 9.5695607E-02 8.8987775E-02 8.2306102E-02 7.5500064E-02 6.8428554E-02 6.0976483E-02 5.3059869E-02 4.4647604E-02 3.5762463E-02 2.6504882E-02 1.7037010E-02 7.6033645E-03 -1.5191735E-03 -1.0006502E-02 -1.7711636E-02 -2.4488335E-02 -3.0120859E-02 -3.4858987E-02 -3.8889468E-02 -4.2428378E-02 -4.5693390E-02 -4.8885472E-02 -5.2154858E-02 -5.5626001E-02
