T5-twomodels-2/gx/model120.grd
DSAA
         100         100
  -15.00000       15.00000    
  -15.00000       15.00000    
  -6.130817       3.724921    
[rows 52 to 77 of 100, columns 0 to 58 of 100]
0.6632355 0.7710448 0.9032354 1.062599 1.260358 1.503131 1.809011 2.191427 2.674167 3.241497 3.716583 3.655429 3.134953 2.587376 2.131922 1.774488 1.490042 1.266068 1.085760 0.9426532 0.8268816 0.7352961 0.6618835 0.6051742 0.5614730 0.5301941 0.5091721 0.4982978 0.4965185 0.5039720 0.5204772 0.5462434 0.5817826 0.6271653 0.6833886 0.7500662 0.8284325 0.9172493 1.017831 1.127825 1.248872 1.377510 1.516344 1.660477 1.813419 1.964837 2.110030 2.196036 2.099543 1.542641 0.8180667 0.5150639 0.4187584 0.3534831 0.2920456 0.2393547 0.1896983 0.1480512 0.1080081
0.6594288 0.7668589 0.8986578 1.057629 1.255001 1.497408 1.802952 2.185078 2.667580 3.234730 3.709658 3.648499 3.128139 2.580698 2.125440 1.768248 1.484086 1.260417 1.080428 0.9376366 0.8221699 0.7308673 0.6577111 0.6012247 0.5577117 0.5265819 0.5056699 0.4948668 0.4931210 0.5005716 0.5170403 0.5427395 0.5781857 0.6234545 0.6795482 0.7460881 0.8243153 0.9130003 1.013465 1.123366 1.244350 1.372962 1.511810 1.656005 1.809050 1.960619 2.105996 2.192219 2.095909 1.539285 0.8151207 0.5123871 0.4163606 0.3513735 0.2902207 0.2378007 0.1884078 0.1470091 0.1072070
0.6544292 0.7613415 0.8926070 1.051036 1.247874 1.489769 1.794845 2.176560 2.658735 3.225660 3.700521 3.639328 3.118998 2.571741 2.116758 1.759917 1.476156 1.252921 1.073376 0.9310274 0.8159822 0.7250710 0.6522650 0.5960836 0.5528238 0.5218947 0.5011295 0.4904202 0.4887150 0.4961574 0.5125713 0.5381739 0.5734866 0.6185923 0.6745011 0.7408429 0.8188697 0.9073619 1.007654 1.117413 1.238299 1.366863 1.505724 1.649991 1.803177 1.954945 2.100585 2.187125 2.091233 1.534983 0.8110898 0.5087841 0.4131761 0.3485855 0.2878119 0.2357584 0.1867109 0.1456442 0.1061556
0.6481544 0.7543914 0.8849508 1.042661 1.238782 1.479988 1.784424 2.165582 2.647301 3.213891 3.688509 3.627305 3.107162 2.560181 2.105593 1.749238 1.466033 1.243392 1.064455 0.9227011 0.8082217 0.7178298 0.6454877 0.5897045 0.5467750 0.5161048 0.4955275 0.4849343 0.4832769 0.4907012 0.5070360 0.5325029 0.5676312 0.6125113 0.6681636 0.7342297 0.8119745 0.9001948 1.000239 1.109791 1.230525 1.359008 1.497866 1.642220 1.795577 1.947609 2.093585 2.180524 2.085024 1.529277 0.8060349 0.5042352 0.4091373 0.3450569 0.2847768 0.2331888 0.1845858 0.1439345 0.1048428
0.6405085 0.7458791 0.8755281 1.032298 1.227476 1.467762 1.771345 2.151747 2.632855 3.199020 3.673466 3.612225 3.092208 2.545601 2.091555 1.735875 1.453427 1.231592 1.053467 0.9125046 0.7987670 0.7090524 0.6373077 0.5820355 0.5395246 0.5091805 0.4888352 0.4783830 0.4767783 0.4841706 0.5003935 0.5256757 0.5605536 0.6051281 0.6604322 0.7261211 0.8034780 0.8913176 0.9910115 1.100263 1.220770 1.349116 1.487946 1.632387 1.785959 1.938318 2.084739 2.172222 2.077402 1.522310 0.7996211 0.4985383 0.4041374 0.3407146 0.2810553 0.2300551 0.1819984 0.1418618 0.1032492
0.6313757 0.7356547 0.8641390 1.019696 1.213638 1.452713 1.755149 2.134537 2.614810 3.180366 3.654425 3.593173 3.073489 2.527426 2.074142 1.719386 1.437974 1.217219 1.040176 0.9002495 0.7874776 0.6986316 0.6276473 0.5730181 0.5310310 0.5010883 0.4810262 0.4707414 0.4691915 0.4765311 0.4926002 0.5176342 0.5521788 0.5963464 0.6511836 0.7163644 0.7931922 0.8805076 0.9797090 1.088531 1.208698 1.336824 1.475575 1.620099 1.773916 1.926690 2.073670 2.161835 2.067732 1.513499 0.7918348 0.4916148 0.3980637 0.3354654 0.2765850 0.2263047 0.1789177 0.1393980 0.1013621
0.6206305 0.7235410 0.8505516 1.004547 1.196882 1.434351 1.735258 2.113267 2.592406 3.157160 3.630858 3.569576 3.050220 2.504912 2.052689 1.699213 1.419206 1.199904 1.024290 0.8857192 0.7741889 0.6864499 0.6164219 0.5625939 0.5212505 0.4917985 0.4720760 0.4619853 0.4604903 0.4677505 0.4836121 0.5083188 0.5424259 0.5860577 0.6402773 0.7047790 0.7808933 0.8674906 0.9660064 1.074214 1.193879 1.321655 1.460245 1.604818 1.758916 1.912194 2.059899 2.148973 2.055983 1.502871 0.7822253 0.4831843 0.3907586 0.3292048 0.2712851 0.2218894 0.1753052 0.1365226 9.9160381E-02
0.6081331 0.7093476 0.8344967 0.9864940 1.176732 1.412076 1.710920 2.087050 2.564615 3.128222 3.601250 3.539976 3.021264 2.477057 2.026338 1.674638 1.396554 1.179201 1.005476 0.8686652 0.7587260 0.6723825 0.6035473 0.5507057 0.5101478 0.4812857 0.4619664 0.4520989 0.4506547 0.4578002 0.4733883 0.4976701 0.5312102 0.5741461 0.6275579 0.6911633 0.7663223 0.8519447 0.9495099 1.056845 1.175771 1.303000 1.441283 1.585840 1.740231 1.894126 2.042738 2.132975 2.041268 1.489640 0.7706615 0.4730845 0.3820561 0.3218076 0.2650792 0.2167508 0.1711295 0.1332095 9.6634313E-02
0.5937478 0.6928666 0.8156832 0.9651232 1.152630 1.385146 1.681194 2.054722 2.530088 3.092105 3.564371 3.503099 2.985173 2.442550 1.993971 1.644763 1.369315 1.154588 0.9833512 0.8488194 0.7409018 0.6563076 0.5889443 0.5373065 0.4976945 0.4695354 0.4506882 0.4410748 0.4396739 0.4466609 0.4618952 0.4856347 0.5184519 0.5604958 0.6128632 0.6752968 0.7491902 0.8334975 0.9297562 1.035858 1.153702 1.280080 1.417824 1.562218 1.716882 1.871498 2.021276 2.113060 2.023260 1.473614 0.7565072 0.4609231 0.3717399 0.3131447 0.2578790 0.2108437 0.1663564 0.1294452 9.3769051E-02
0.5773418 0.6738972 0.7937994 0.9399835 1.123927 1.352669 1.644888 2.014776 2.486989 3.046664 3.517632 3.456427 2.939877 2.399617 1.954149 1.608461 1.336656 1.125461 0.9575013 0.8259006 0.7205379 0.6381126 0.5725496 0.5223627 0.4838790 0.4565473 0.4382486 0.4289183 0.4275506 0.4343269 0.4491133 0.4721724 0.5040817 0.5449988 0.5960348 0.6569557 0.7291896 0.8117421 0.9062147 1.010586 1.126854 1.251921 1.388736 1.532703 1.687524 1.842951 1.994178 2.087985 2.000562 1.453625 0.7394266 0.4464235 0.3595914 0.3030783 0.2496156 0.2041241 0.1609712 0.1252164 9.0564698E-02
0.5588116 0.6522531 0.7685480 0.9106005 1.089910 1.313596 1.600536 1.965245 2.432860 2.989082 3.458312 3.397206 2.882597 2.345899 1.905007 1.564363 1.297607 1.091171 0.9274987 0.7996466 0.6974756 0.6177148 0.5543245 0.5058672 0.4687105 0.4423420 0.4246707 0.4156562 0.4143057 0.4208116 0.4350434 0.4572647 0.4880540 0.5275710 0.5769358 0.6359316 0.7060207 0.7862571 0.8783196 0.9802822 1.094270 1.217332 1.352593 1.495627 1.650320 1.806541 1.959558 2.056074 1.972154 1.429012 0.7184651 0.4290549 0.3453667 0.2915000 0.2402369 0.1965822 0.1549686 0.1205325 8.7023437E-02
0.5380937 0.6278026 0.7396715 0.8765321 1.049837 1.266760 1.546367 1.903611 2.364333 2.915184 3.381464 3.320606 2.809327 2.278197 1.844195 1.510834 1.251105 1.051049 0.8929536 0.7698374 0.6716111 0.5950737 0.5342726 0.4878451 0.4522289 0.4269644 0.4100033 0.4013340 0.3999839 0.4061532 0.4197136 0.4409250 0.4703587 0.5081689 0.5554729 0.6120632 0.6794240 0.7566566 0.8455094 0.9441664 1.054893 1.174929 1.307625 1.448835 1.602734 1.759487 1.914542 2.014618 1.935415 1.397779 0.6929254 0.4084410 0.3288838 0.2783543 0.2297551 0.1882369 0.1483794 0.1154109 8.3166502E-02
0.5151966 0.6004915 0.7070156 0.8374276 1.003043 1.210958 1.480371 1.826702 2.276844 2.819105 3.280763 3.220331 2.714413 2.192243 1.768800 1.446058 1.196079 1.004516 0.8535719 0.7363558 0.6429177 0.5702192 0.5124474 0.4683654 0.4345061 0.4104894 0.3943198 0.3860254 0.3846546 0.3904185 0.4031858 0.4232067 0.4510359 0.4868088 0.5316270 0.5852733 0.6492395 0.7226532 0.8073235 0.9015278 1.007680 1.123224 1.251796 1.389622 1.541366 1.697743 1.854762 1.959437 1.887312 1.358042 0.6613329 0.3840525 0.3100954 0.2637382 0.2182689 0.1791783 0.1412600 0.1099006 7.9020329E-02
0.4902159 0.5703977 0.6705835 0.7931481 0.9490746 1.145169 1.400482 1.730778 2.164243 2.691989 3.145209 3.085672 2.589540 2.082410 1.675482 1.368229 1.131659 0.9512067 0.8092635 0.6992365 0.6114950 0.5432680 0.4889732 0.4475457 0.4156573 0.3930236 0.3777239 0.3698303 0.3684190 0.3737085 0.3855633 0.4042145 0.4301899 0.4635905 0.5054825 0.5556185 0.6154680 0.6841586 0.7635211 0.8518977 0.9518081 1.060880 1.183025 1.314916 1.461874 1.615600 1.773331 1.883306 1.821288 1.305526 0.6225169 0.3559319 0.2893837 0.2480066 0.2060355 0.1695592 0.1337162 0.1040605 7.4632913E-02
0.4633672 0.5377554 0.6306217 0.7438797 0.8879380 1.068900 1.305120 1.612013 2.018812 2.520913 2.958215 2.900489 2.422824 1.941912 1.560987 1.276063 1.057496 0.8911900 0.7602447 0.6587412 0.5775906 0.5144485 0.4640470 0.4255616 0.3958349 0.3747088 0.3603469 0.3528771 0.3514052 0.3561586 0.3669910 0.3841076 0.4079971 0.4387099 0.4772561 0.5233282 0.5783431 0.6413816 0.7142487 0.7952762 0.8870118 0.9871522 1.099779 1.221897 1.359520 1.505646 1.659843 1.773750 1.726327 1.234109 0.5749388 0.3251478 0.2680103 0.2319556 0.1934729 0.1596126 0.1258718 9.7976066E-02 7.0050918E-02
0.4349794 0.5030003 0.5876580 0.6902774 0.8203310 0.9827372 1.194132 1.468071 1.832743 2.287998 2.691622 2.638086 2.198731 1.764385 1.423619 1.169634 0.9742370 0.8251708 0.7071605 0.6153919 0.5416364 0.4840974 0.4379505 0.4026395 0.3752379 0.3557152 0.3423496 0.3353195 0.3337726 0.3379371 0.3476572 0.3631034 0.3847120 0.4124722 0.4473095 0.4888403 0.5383773 0.5949262 0.6601768 0.7323891 0.8139733 0.9025472 1.002038 1.109469 1.231012 1.360714 1.500869 1.610052 1.578978 1.130586 0.5198967 0.2964228 0.2488005 0.2168052 0.1811192 0.1495709 0.1178751 9.1717131E-02 6.5343454E-02
0.4054710 0.4667849 0.5424955 0.6335500 0.7478067 0.8888812 1.070085 1.301250 1.604208 1.977926 2.309483 2.265767 1.905756 1.549319 1.265926 1.051446 0.8839753 0.7546226 0.6511512 0.5699657 0.5042555 0.4526447 0.4110498 0.3790417 0.3541075 0.3362316 0.3239211 0.3173283 0.3157046 0.3192405 0.3277851 0.3414716 0.3606519 0.3852874 0.4161345 0.4528055 0.4963576 0.5458310 0.6025561 0.6648580 0.7346020 0.8094364 0.8923866 0.9803818 1.078188 1.180081 1.288241 1.369848 1.341130 0.9721695 0.4664786 0.2801568 0.2355308 0.2035709 0.1694087 0.1395265 0.1098983 8.5287243E-02 6.0628239E-02
0.3753123 0.4299527 0.4961459 0.5754130 0.6727102 0.7912844 0.9389937 1.121758 1.348723 1.609987 1.823109 1.796638 1.563334 1.310985 1.097203 0.9269560 0.7903247 0.6817161 0.5938013 0.5234354 0.4662355 0.4205782 0.3837859 0.3550483 0.3327259 0.3164540 0.3052763 0.2990817 0.2974074 0.3002824 0.3076252 0.3195206 0.3361819 0.3576485 0.3843234 0.4160485 0.4532900 0.4955057 0.5431343 0.5951271 0.6519854 0.7121523 0.7764287 0.8425627 0.9114503 0.9781119 1.038827 1.068670 1.011374 0.7536119 0.4269504 0.2809111 0.2280950 0.1917175 0.1583630 0.1293302 0.1021321 7.8601256E-02 5.6085855E-02
0.3452456 0.3931754 0.4500216 0.5175254 0.5981935 0.6945323 0.8096569 0.9454974 1.100530 1.258567 1.368132 1.356481 1.234828 1.078888 0.9312529 0.8040142 0.6974181 0.6093190 0.5366720 0.4770893 0.4282621 0.3885695 0.3565030 0.3310574 0.3113010 0.2966529 0.2865838 0.2808036 0.2790700 0.2812955 0.2874443 0.2975569 0.3117266 0.3300324 0.3525895 0.3793842 0.4104107 0.4454037 0.4841004 0.5258698 0.5701382 0.6158541 0.6620530 0.7069354 0.7483611 0.7818073 0.7996377 0.7851464 0.7100186 0.5540356 0.3822434 0.2761247 0.2188663 0.1794576 0.1470875 0.1191767 9.4273292E-02 7.1995288E-02 5.1473711E-02
0.3159053 0.3572075 0.4053873 0.4616071 0.5271427 0.6030970 0.6900433 0.7868024 0.8880928 0.9798476 1.036108 1.031431 0.9693888 0.8778697 0.7806739 0.6897537 0.6093010 0.5400699 0.4813669 0.4321005 0.3910730 0.3572191 0.3295887 0.3074191 0.2900731 0.2770699 0.2680318 0.2626987 0.2608891 0.2625052 0.2675040 0.2758895 0.2876893 0.3029280 0.3216041 0.3436431 0.3688778 0.3969886 0.4275022 0.4597299 0.4927923 0.5255253 0.5564767 0.5836624 0.6043757 0.6145505 0.6082298 0.5770661 0.5134549 0.4211239 0.3259145 0.2531831 0.2027478 0.1653382 0.1350146 0.1090989 8.6219825E-02 6.5627761E-02 4.6725597E-02
0.2877147 0.3228525 0.3631457 0.4092238 0.4615678 0.5203071 0.5847398 0.6525662 0.7185894 0.7735081 0.8047757 0.8031123 0.7697070 0.7152461 0.6519932 0.5884122 0.5290511 0.4758465 0.4293357 0.3893462 0.3554156 0.3269749 0.3034697 0.2843930 0.2693173 0.2578876 0.2498300 0.2449365 0.2430632 0.2441161 0.2480422 0.2548140 0.2644120 0.2768033 0.2919131 0.3095973 0.3296045 0.3515515 0.3748856 0.3988737 0.4225668 0.4447917 0.4640855 0.4786493 0.4862142 0.4840042 0.4687986 0.4377582 0.3904023 0.3320978 0.2733742 0.2226255 0.1820911 0.1495430 0.1224173 9.8988064E-02 7.8212403E-02 5.9392981E-02 4.2049609E-02
0.2610701 0.2906595 0.3240058 0.3613393 0.4026858 0.4476430 0.4950944 0.5427392 0.5866745 0.6213097 0.6405550 0.6401999 0.6207989 0.5872239 0.5456522 0.5014215 0.4581214 0.4178203 0.3815021 0.3495125 0.3218240 0.2982367 0.2784687 0.2622317 0.2492504 0.2392893 0.2321505 0.2276808 0.2257625 0.2263117 0.2292663 0.2345761 0.2421871 0.2520224 0.2639601 0.2778067 0.2932739 0.3099479 0.3272761 0.3445428 0.3608719 0.3752074 0.3863270 0.3928249 0.3931671 0.3857657 0.3693058 0.3432692 0.3088713 0.2692572 0.2290233 0.1923423 0.1605415 0.1333267 0.1097829 8.9034259E-02 7.0388481E-02 5.3348698E-02 3.7518106E-02
0.2362459 0.2609814 0.2883678 0.3184087 0.3508760 0.3851908 0.4202198 0.4541085 0.4841577 0.5070553 0.5195639 0.5198942 0.5082608 0.4868616 0.4590802 0.4281701 0.3967016 0.3664052 0.3383273 0.3130037 0.2906528 0.2712902 0.2548305 0.2411337 0.2300492 0.2214275 0.2151385 0.2110695 0.2091296 0.2092424 0.2113429 0.2153653 0.2212330 0.2288419 0.2380421 0.2486203 0.2602768 0.2726129 0.2851125 0.2971443 0.3079555 0.3166954 0.3224251 0.3241757 0.3209992 0.3121229 0.2971172 0.2762107 0.2504481 0.2219318 0.1930420 0.1654236 0.1402616 0.1177537 9.7626895E-02 7.9469226E-02 6.2896147E-02 4.7563739E-02 3.3197042E-02
0.2134053 0.2339755 0.2563704 0.2804596 0.3059283 0.3321777 0.3582518 0.3827557 0.4039096 0.4197367 0.4285211 0.4291609 0.4218130 0.4077718 0.3888619 0.3670818 0.3441706 0.3214664 0.2998789 0.2799791 0.2620763 0.2463121 0.2327129 0.2212465 0.2118435 0.2044247 0.1989072 0.1952147 0.1932757 0.1930242 0.1943941 0.1973128 0.2016912 0.2074117 0.2143153 0.2221866 0.2307418 0.2396163 0.2483636 0.2564514 0.2632804 0.2681959 0.2705323 0.2696472 0.2650076 0.2562579 0.2433637 0.2266859 0.2070898 0.1856359 0.1635678 0.1421960 0.1220628 0.1034307 8.6293742E-02 7.0502549E-02 5.5845127E-02 4.2119715E-02 2.9126823E-02
0.1925967 0.2096572 0.2279338 0.2472489 0.2672688 0.2874710 0.3070919 0.3251378 0.3404228 0.3517324 0.3580272 0.3588521 0.3542614 0.3448651 0.3317934 0.3162907 0.2995405 0.2825178 0.2659650 0.2503926 0.2361319 0.2233707 0.2122035 0.2026575 0.1947231 0.1883657 0.1835408 0.1801969 0.1782810 0.1777357 0.1784982 0.1804941 0.1836305 0.1877881 0.1928104 0.1984958 0.2045873 0.2107712 0.2166727 0.2218679 0.2258910 0.2282656 0.2285259 0.2262704 0.2211956 0.2131710 0.2022662 0.1888122 0.1733315 0.1566500 0.1395628 0.1225301 0.1061212 9.0581134E-02 7.5973161E-02 6.2251572E-02 4.9323868E-02 3.7064031E-02 2.5349727E-02
0.1737899 0.1879243 0.2028474 0.2183650 0.2341781 0.2498490 0.2648039 0.2783317 0.2896551 0.2980166 0.3028369 0.3037187 0.3007285 0.2943319 0.2851667 0.2740296 0.2617109 0.2489208 0.2362290 0.2240696 0.2127447 0.2024560 0.1933223 0.1854082 0.1787361 0.1733043 0.1690922 0.1660696 0.1641960 0.1634237 0.1636944 0.1649367 0.1670607 0.1699522 0.1734666 0.1774223 0.1815983 0.1857305 0.1895182 0.1926279 0.1947128 0.1954262 0.1944553 0.1915417 0.1865260 0.1793619 0.1701614 0.1591768 0.1468284 0.1334986 0.1196371 0.1058312 9.2297964E-02 7.9227261E-02 6.6714302E-02 5.4776285E-02 4.3370191E-02 3.2434355E-02 2.1883985E-02
