T5-twomodels-2/gx/model120.grd
DSAA
         100         100
  -15.00000       15.00000    
  -15.00000       15.00000    
  -6.130817       3.724921    
[rows 0 to 25 of 100, columns 0 to 58 of 100]
2.9044535E-02 2.9662361E-02 3.0250588E-02 3.0805761E-02 3.1323679E-02 3.1801511E-02 3.2235093E-02 3.2622233E-02 3.2959402E-02 3.3244163E-02 3.3470090E-02 3.3652272E-02 3.3786647E-02 3.3861231E-02 3.3882793E-02 3.3852190E-02 3.3772036E-02 3.3643700E-02 3.3470355E-02 3.3253942E-02 3.2997295E-02 3.2702647E-02 3.2372743E-02 3.2009423E-02 3.1614922E-02 3.1190695E-02 3.0738262E-02 3.0258473E-02 2.9751914E-02 2.9218631E-02 2.8658632E-02 2.8071320E-02 2.7455762E-02 2.6811030E-02 2.6135782E-02 2.5428634E-02 2.4687940E-02 2.3912253E-02 2.3099745E-02 2.2249453E-02 2.1359881E-02 2.0430334E-02 1.9459536E-02 1.8447571E-02 1.7393420E-02 1.6298357E-02 1.5161439E-02 1.3984119E-02 1.2760400E-02 1.1508358E-02 1.0235190E-02 8.9090029E-03 7.5508407E-03 6.1636562E-03 4.7483952E-03 3.3061630E-03 1.8401566E-03 3.5160632E-04 -1.1565980E-03
3.1109655E-02 3.1801563E-02 3.2461662E-02 3.3084765E-02 3.3667132E-02 3.4203969E-02 3.4691941E-02 3.5126634E-02 3.5506383E-02 3.5829488E-02 3.6100090E-02 3.6300071E-02 3.6433242E-02 3.6513332E-02 3.6534745E-02 3.6499266E-02 3.6407802E-02 3.6263909E-02 3.6070034E-02 3.5829835E-02 3.5546053E-02 3.5222393E-02 3.4861345E-02 3.4465831E-02 3.4038179E-02 3.3580620E-02 3.3094574E-02 3.2581367E-02 3.2041401E-02 3.1474859E-02 3.0881543E-02 3.0260662E-02 2.9611018E-02 2.8931251E-02 2.8219773E-02 2.7474495E-02 2.6693583E-02 2.5874754E-02 2.5016217E-02 2.4116008E-02 2.3172924E-02 2.2185056E-02 2.1151923E-02 2.0072101E-02 1.8946126E-02 1.7773176E-02 1.6555633E-02 1.5293905E-02 1.3996867E-02 1.2647690E-02 1.1242154E-02 9.8182345E-03 8.3568105E-03 6.8592741E-03 5.3292420E-03 3.7702399E-03 2.1838453E-03 5.7328143E-04 -1.0601464E-03
3.3363834E-02 3.4141168E-02 3.4883175E-02 3.5584927E-02 3.6240637E-02 3.6846012E-02 3.7395388E-02 3.7885472E-02 3.8311645E-02 3.8670678E-02 3.8955130E-02 3.9181318E-02 3.9345015E-02 3.9433505E-02 3.9454781E-02 3.9410669E-02 3.9305083E-02 3.9140604E-02 3.8921822E-02 3.8652178E-02 3.8336281E-02 3.7977718E-02 3.7580330E-02 3.7147243E-02 3.6681872E-02 3.6186475E-02 3.5663113E-02 3.5113040E-02 3.4536988E-02 3.3934925E-02 3.3306509E-02 3.2650657E-02 3.1965815E-02 3.1250264E-02 3.0501697E-02 2.9717658E-02 2.8895441E-02 2.8032577E-02 2.7126182E-02 2.6174359E-02 2.5174642E-02 2.4125632E-02 2.3025421E-02 2.1873746E-02 2.0669241E-02 1.9413259E-02 1.8104859E-02 1.6745668E-02 1.5329366E-02 1.3876095E-02 1.2394181E-02 1.0849224E-02 9.2646265E-03 7.6439846E-03 5.9887040E-03 4.3003312E-03 2.5826290E-03 8.3713530E-04 -9.3290291E-04
3.5829872E-02 3.6704823E-02 3.7541725E-02 3.8333453E-02 3.9074454E-02 3.9757945E-02 4.0378958E-02 4.0931497E-02 4.1412722E-02 4.1820031E-02 4.2157508E-02 4.2405132E-02 4.2567302E-02 4.2659532E-02 4.2676441E-02 4.2621113E-02 4.2495836E-02 4.2305861E-02 4.2055428E-02 4.1750271E-02 4.1395016E-02 4.0995035E-02 4.0554449E-02 4.0077861E-02 3.9568868E-02 3.9030679E-02 3.8465381E-02 3.7874784E-02 3.7259500E-02 3.6619570E-02 3.5954315E-02 3.5262302E-02 3.4541570E-02 3.3789713E-02 3.3003889E-02 3.2180704E-02 3.1317029E-02 3.0409161E-02 2.9454038E-02 2.8448407E-02 2.7390005E-02 2.6275933E-02 2.5105104E-02 2.3875499E-02 2.2587379E-02 2.1239838E-02 1.9835599E-02 1.8375255E-02 1.6868981E-02 1.5298773E-02 1.3660481E-02 1.1996392E-02 1.0286021E-02 8.5314484E-03 6.7371195E-03 4.9072988E-03 3.0440004E-03 1.1510318E-03 -7.7015575E-04
3.8532156E-02 3.9520364E-02 4.0466376E-02 4.1363023E-02 4.2202108E-02 4.2977016E-02 4.3679900E-02 4.4305649E-02 4.4847835E-02 4.5301910E-02 4.5659117E-02 4.5937542E-02 4.6132635E-02 4.6230774E-02 4.6241835E-02 4.6169259E-02 4.6018977E-02 4.5795586E-02 4.5506176E-02 4.5156583E-02 4.4753775E-02 4.4303551E-02 4.3811973E-02 4.3284047E-02 4.2724725E-02 4.2137451E-02 4.1525189E-02 4.0889729E-02 4.0231999E-02 3.9551780E-02 3.8848154E-02 3.8119189E-02 3.7362274E-02 3.6574386E-02 3.5751637E-02 3.4889963E-02 3.3984948E-02 3.3032332E-02 3.2027528E-02 3.0967155E-02 2.9847356E-02 2.8665591E-02 2.7419029E-02 2.6106847E-02 2.4727158E-02 2.3281481E-02 2.1768913E-02 2.0191558E-02 1.8543001E-02 1.6846320E-02 1.5111285E-02 1.3300343E-02 1.1440232E-02 9.5356517E-03 7.5886985E-03 5.6015211E-03 3.5786841E-03 1.5221522E-03 -5.6445569E-04
4.1499924E-02 4.2618774E-02 4.3692213E-02 4.4710234E-02 4.5664396E-02 4.6544872E-02 4.7344081E-02 4.8053492E-02 4.8668280E-02 4.9184334E-02 4.9605440E-02 4.9909409E-02 5.0101314E-02 5.0198864E-02 5.0197423E-02 5.0102212E-02 4.9917869E-02 4.9652509E-02 4.9313344E-02 4.8909210E-02 4.8447642E-02 4.7936998E-02 4.7384061E-02 4.6795741E-02 4.6177469E-02 4.5534011E-02 4.4868547E-02 4.4183508E-02 4.3479670E-02 4.2756788E-02 4.2013470E-02 4.1247208E-02 4.0454641E-02 3.9631657E-02 3.8773492E-02 3.7874632E-02 3.6929764E-02 3.5932980E-02 3.4879044E-02 3.3762809E-02 3.2580301E-02 3.1327110E-02 3.0001063E-02 2.8599322E-02 2.7121807E-02 2.5567535E-02 2.3939755E-02 2.2239588E-02 2.0479070E-02 1.8639369E-02 1.6716685E-02 1.4758483E-02 1.2743246E-02 1.0674222E-02 8.5570095E-03 6.3968739E-03 4.1965540E-03 1.9605474E-03 -3.0948722E-04
4.4765417E-02 4.6036962E-02 4.7258426E-02 4.8419178E-02 4.9507212E-02 5.0512325E-02 5.1423088E-02 5.2231364E-02 5.2927922E-02 5.3506095E-02 5.3955153E-02 5.4295037E-02 5.4520972E-02 5.4618575E-02 5.4600503E-02 5.4472864E-02 5.4244954E-02 5.3924855E-02 5.3523615E-02 5.3050879E-02 5.2517481E-02 5.1932827E-02 5.1306404E-02 5.0645944E-02 4.9958818E-02 4.9250282E-02 4.8524700E-02 4.7784515E-02 4.7030807E-02 4.6262901E-02 4.5479026E-02 4.4675853E-02 4.3848984E-02 4.2993177E-02 4.2102069E-02 4.1168980E-02 4.0186651E-02 3.9148074E-02 3.8045943E-02 3.6874440E-02 3.5627481E-02 3.4300707E-02 3.2889828E-02 3.1393129E-02 2.9808206E-02 2.8136792E-02 2.6378276E-02 2.4535654E-02 2.2602815E-02 2.0606779E-02 1.8559545E-02 1.6420387E-02 1.4220466E-02 1.1966200E-02 9.6608046E-03 7.3073930E-03 4.9116034E-03 2.4759066E-03 4.4092303E-06
4.8366889E-02 4.9816247E-02 5.1212043E-02 5.2539736E-02 5.3786352E-02 5.4937299E-02 5.5980660E-02 5.6903731E-02 5.7698421E-02 5.8357980E-02 5.8885325E-02 5.9255194E-02 5.9473656E-02 5.9561696E-02 5.9516240E-02 5.9346054E-02 5.9059788E-02 5.8670305E-02 5.8189657E-02 5.7631750E-02 5.7008922E-02 5.6334186E-02 5.5618435E-02 5.4872088E-02 5.4103494E-02 5.3319726E-02 5.2525487E-02 5.1724043E-02 5.0916217E-02 5.0101232E-02 4.9276508E-02 4.8437797E-02 4.7579385E-02 4.6694372E-02 4.5774873E-02 4.4811990E-02 4.3796897E-02 4.2720105E-02 4.1573040E-02 4.0347304E-02 3.9036181E-02 3.7632842E-02 3.6133420E-02 3.4533869E-02 3.2833699E-02 3.1031977E-02 2.9132908E-02 2.7138662E-02 2.5064087E-02 2.2889826E-02 2.0613216E-02 1.8288920E-02 1.5894614E-02 1.3435451E-02 1.0918814E-02 8.3515216E-03 5.7372791E-03 3.0814351E-03 3.8588478E-04
5.2346595E-02 5.4005541E-02 5.5606041E-02 5.7132032E-02 5.8565579E-02 5.9890654E-02 6.1090011E-02 6.2150378E-02 6.3057780E-02 6.3801847E-02 6.4368710E-02 6.4780042E-02 6.5030992E-02 6.5107033E-02 6.5025136E-02 6.4796001E-02 6.4434491E-02 6.3954622E-02 6.3373916E-02 6.2708326E-02 6.1974939E-02 6.1188899E-02 6.0364883E-02 5.9514984E-02 5.8650155E-02 5.7778388E-02 5.6905866E-02 5.6035921E-02 5.5169713E-02 5.4305796E-02 5.3440861E-02 5.2569326E-02 5.1683784E-02 5.0775498E-02 4.9834166E-02 4.8848789E-02 4.7807623E-02 4.6699174E-02 4.5511775E-02 4.4235539E-02 4.2860698E-02 4.1379992E-02 3.9786812E-02 3.8078211E-02 3.6251057E-02 3.4307536E-02 3.2247804E-02 3.0076552E-02 2.7788777E-02 2.5417078E-02 2.2977155E-02 2.0425441E-02 1.7799178E-02 1.5107490E-02 1.2355492E-02 9.5478380E-03 6.6915816E-03 3.7898833E-03 8.4733183E-04
5.6754913E-02 5.8660343E-02 6.0504217E-02 6.2265042E-02 6.3922539E-02 6.5454446E-02 6.6841520E-02 6.8064041E-02 6.9108017E-02 6.9961995E-02 7.0626751E-02 7.1072698E-02 7.1307287E-02 7.1356460E-02 7.1220309E-02 7.0913747E-02 7.0452303E-02 6.9856949E-02 6.9147848E-02 6.8347216E-02 6.7475207E-02 6.6552185E-02 6.5595396E-02 6.4620808E-02 6.3641027E-02 6.2666409E-02 6.1703779E-02 6.0757428E-02 5.9828140E-02 5.8914118E-02 5.8010772E-02 5.7110958E-02 5.6205191E-02 5.5282142E-02 5.4328926E-02 5.3331222E-02 5.2274503E-02 5.1143501E-02 4.9924072E-02 4.8602521E-02 4.7167528E-02 4.5608331E-02 4.3918420E-02 4.2091828E-02 4.0127631E-02 3.8025130E-02 3.5790276E-02 3.3427432E-02 3.0955940E-02 2.8356832E-02 2.5630103E-02 2.2840597E-02 1.9965906E-02 1.7014289E-02 1.3996061E-02 1.0920351E-02 7.7922395E-03 4.6181437E-03 1.4001416E-03
6.1647706E-02 6.3846096E-02 6.5979004E-02 6.8021834E-02 6.9947153E-02 7.1729280E-02 7.3341027E-02 7.4760184E-02 7.5964399E-02 7.6936759E-02 7.7658005E-02 7.8151226E-02 7.8411654E-02 7.8425735E-02 7.8217492E-02 7.7805541E-02 7.7214539E-02 7.6468676E-02 7.5596370E-02 7.4624076E-02 7.3579036E-02 7.2485536E-02 7.1366288E-02 7.0240036E-02 6.9123045E-02 6.8027101E-02 6.6960871E-02 6.5928780E-02 6.4931825E-02 6.3967168E-02 6.3028932E-02 6.2107809E-02 6.1191697E-02 6.0266301E-02 5.9314974E-02 5.8319915E-02 5.7262044E-02 5.6122556E-02 5.4882478E-02 5.3525280E-02 5.2035041E-02 5.0399624E-02 4.8608731E-02 4.6657320E-02 4.4541303E-02 4.2263828E-02 3.9826795E-02 3.7238166E-02 3.4495838E-02 3.1640664E-02 2.8694605E-02 2.5612291E-02 2.2439694E-02 1.9190352E-02 1.5872631E-02 1.2493554E-02 9.0622026E-03 5.5825864E-03 2.0597307E-03
6.7090698E-02 6.9637112E-02 7.2117172E-02 7.4498415E-02 7.6748759E-02 7.8832954E-02 8.0719158E-02 8.2375191E-02 8.3776370E-02 8.4902503E-02 8.5749716E-02 8.6281992E-02 8.6508751E-02 8.6463459E-02 8.6152628E-02 8.5601926E-02 8.4839314E-02 8.3899699E-02 8.2817174E-02 8.1627838E-02 8.0364652E-02 7.9059586E-02 7.7739723E-02 7.6429211E-02 7.5147010E-02 7.3907979E-02 7.2721690E-02 7.1593620E-02 7.0524134E-02 6.9509588E-02 6.8542078E-02 6.7609794E-02 6.6697456E-02 6.5786697E-02 6.4856790E-02 6.3884616E-02 6.2846497E-02 6.1717648E-02 6.0474683E-02 5.9095047E-02 5.7559587E-02 5.5851065E-02 5.3958248E-02 5.1872153E-02 4.9591094E-02 4.7115330E-02 4.4454072E-02 4.1616023E-02 3.8628146E-02 3.5474017E-02 3.2159168E-02 2.8763175E-02 2.5265187E-02 2.1678867E-02 1.8019190E-02 1.4298797E-02 1.0524726E-02 6.7047514E-03 2.8408105E-03
7.3157586E-02 7.6121382E-02 7.9018526E-02 8.1810981E-02 8.4455878E-02 8.6910978E-02 8.9131959E-02 9.1080278E-02 9.2718281E-02 9.4016708E-02 9.4946697E-02 9.5531859E-02 9.5767714E-02 9.5643640E-02 9.5196001E-02 9.4457895E-02 9.3471274E-02 9.2278525E-02 9.0926729E-02 8.9460142E-02 8.7922566E-02 8.6352631E-02 8.4785357E-02 8.3249368E-02 8.1768394E-02 8.0359407E-02 7.9034157E-02 7.7798158E-02 7.6651692E-02 7.5589441E-02 7.4601337E-02 7.3672332E-02 7.2783068E-02 7.1910612E-02 7.1028359E-02 7.0107535E-02 6.9117323E-02 6.8026856E-02 6.6805013E-02 6.5423824E-02 6.3856989E-02 6.2083934E-02 6.0087822E-02 5.7859953E-02 5.5394921E-02 5.2697789E-02 4.9774125E-02 4.6638295E-02 4.3294527E-02 3.9797138E-02 3.6178857E-02 3.2394540E-02 2.8503494E-02 2.4526782E-02 2.0478109E-02 1.6368240E-02 1.2209045E-02 8.0054803E-03 3.7625753E-03
7.9934187E-02 8.3398670E-02 8.6802028E-02 9.0094745E-02 9.3225233E-02 9.6136257E-02 9.8773442E-02 0.1010819 0.1030164 0.1045401 0.1056387 0.1062663 0.1064351 0.1061905 0.1055522 0.1045658 0.1032820 0.1017607 0.1000604 9.8240636E-02 9.6355222E-02 9.4454378E-02 9.2580058E-02 9.0768345E-02 8.9046702E-02 8.7435953E-02 8.5948840E-02 8.4591761E-02 8.3363928E-02 8.2258418E-02 8.1262097E-02 8.0356136E-02 7.9516299E-02 7.8713618E-02 7.7914901E-02 7.7083319E-02 7.6180346E-02 7.5165525E-02 7.3999867E-02 7.2645709E-02 7.1070306E-02 6.9244787E-02 6.7149445E-02 6.4769983E-02 6.2103428E-02 5.9152052E-02 5.5931248E-02 5.2458379E-02 4.8773788E-02 4.4868443E-02 4.0758952E-02 3.6547039E-02 3.2217108E-02 2.7792010E-02 2.3294341E-02 1.8741960E-02 1.4144544E-02 9.5112072E-03 4.8429472E-03
8.7516084E-02 9.1586106E-02 9.5604658E-02 9.9512801E-02 0.1032423 0.1067225 0.1098782 0.1126401 0.1149414 0.1167285 0.1179539 0.1186387 0.1187792 0.1183727 0.1174783 0.1161565 0.1144816 0.1125291 0.1103790 0.1081059 0.1057804 0.1034636 0.1012088 9.9058181E-02 9.7045474E-02 9.5193878E-02 9.3518443E-02 9.2025079E-02 9.0712339E-02 8.9570634E-02 8.8583507E-02 8.7727278E-02 8.6971872E-02 8.6281292E-02 8.5613623E-02 8.4922962E-02 8.4159628E-02 8.3272807E-02 8.2210891E-02 8.0926113E-02 7.9373747E-02 7.7517822E-02 7.5329460E-02 7.2792873E-02 6.9900326E-02 6.6660337E-02 6.3085966E-02 5.9204038E-02 5.5031937E-02 5.0647020E-02 4.6101522E-02 4.1355602E-02 3.6490053E-02 3.1538509E-02 2.6523432E-02 2.1461315E-02 1.6367476E-02 1.1247287E-02 6.1046337E-03
9.6013471E-02 0.1008162 0.1055889 0.1102559 0.1147336 0.1189269 0.1227400 0.1260747 0.1288458 0.1309817 0.1324456 0.1331735 0.1331819 0.1325381 0.1312888 0.1295186 0.1273222 0.1248053 0.1220700 0.1192159 0.1163305 0.1134919 0.1107634 0.1081971 0.1058310 0.1036924 0.1017969 0.1001507 9.8750181E-02 9.7583115E-02 9.6628606E-02 9.5857501E-02 9.5232762E-02 9.4709627E-02 9.4236344E-02 9.3754821E-02 9.3202733E-02 9.2514001E-02 9.1623157E-02 9.0465873E-02 8.8984959E-02 8.7129936E-02 8.4864713E-02 8.2164392E-02 7.9023048E-02 7.5446494E-02 7.1461901E-02 6.7103602E-02 6.2436499E-02 5.7469256E-02 5.2240733E-02 4.6888839E-02 4.1410357E-02 3.5843894E-02 3.0224212E-02 2.4576647E-02 1.8913783E-02 1.3245049E-02 7.5684399E-03
0.1055469 0.1112420 0.1169407 0.1225526 0.1279683 0.1330676 0.1377184 0.1417919 0.1451623 0.1477253 0.1493944 0.1501804 0.1500816 0.1491141 0.1473827 0.1450035 0.1421137 0.1388513 0.1353555 0.1317526 0.1281560 0.1246602 0.1213438 0.1182661 0.1154719 0.1129903 0.1108383 0.1090203 0.1075308 0.1063535 0.1054628 0.1048229 0.1043887 0.1041056 0.1039093 0.1037279 0.1034819 0.1030877 0.1024592 0.1015132 0.1001714 9.8368146E-02 9.6050866E-02 9.3188740E-02 8.9768149E-02 8.5802890E-02 8.1320412E-02 7.6372050E-02 7.1002632E-02 6.5331735E-02 5.9448801E-02 5.3330500E-02 4.7093809E-02 4.0794052E-02 3.4467705E-02 2.8138956E-02 2.1826355E-02 1.5533402E-02 9.2595872E-03
0.1162524 0.1230344 0.1298780 0.1366695 0.1432741 0.1495310 0.1552673 0.1602998 0.1644593 0.1675996 0.1696315 0.1704554 0.1700944 0.1686593 0.1662568 0.1630529 0.1592305 0.1549835 0.1504930 0.1459260 0.1414229 0.1371018 0.1330540 0.1293494 0.1260361 0.1231458 0.1206940 0.1186838 0.1171057 0.1159391 0.1151525 0.1147029 0.1145362 0.1145861 0.1147747 0.1150122 0.1151996 0.1152290 0.1149898 0.1143707 0.1132686 0.1115910 0.1092681 0.1062512 0.1025251 9.8100364E-02 9.3025319E-02 8.7367870E-02 8.1240669E-02 7.4692845E-02 6.7809783E-02 6.0792293E-02 5.3664297E-02 4.6492040E-02 3.9328657E-02 3.2209005E-02 2.5146525E-02 1.8147053E-02 1.1200097E-02
0.1282744 0.1363860 0.1446464 0.1529223 0.1610403 0.1687952 0.1759483 0.1822511 0.1874532 0.1913369 0.1937272 0.1946018 0.1939636 0.1918772 0.1885474 0.1842106 0.1791333 0.1735756 0.1677843 0.1619713 0.1563157 0.1509570 0.1460032 0.1415302 0.1375901 0.1342129 0.1314125 0.1291872 0.1275233 0.1263947 0.1257634 0.1255787 0.1257765 0.1262784 0.1269898 0.1278016 0.1285892 0.1292169 0.1295394 0.1294116 0.1286917 0.1272550 0.1249984 0.1218553 0.1177937 0.1128321 0.1070235 0.1004671 9.3266658E-02 8.5624203E-02 7.7705182E-02 6.9530353E-02 6.1281163E-02 5.3049996E-02 4.4894163E-02 3.6845461E-02 2.8921077E-02 2.1115359E-02 1.3415032E-02
0.1417686 0.1515037 0.1615252 0.1716722 0.1817342 0.1914394 0.2004713 0.2084737 0.2150937 0.2200116 0.2230077 0.2239009 0.2227275 0.2196960 0.2150574 0.2091606 0.2023765 0.1950722 0.1875720 0.1801523 0.1730302 0.1663729 0.1602985 0.1548890 0.1501938 0.1462398 0.1430340 0.1405694 0.1388253 0.1377696 0.1373572 0.1375296 0.1382128 0.1393150 0.1407251 0.1423103 0.1439179 0.1453753 0.1464967 0.1470877 0.1469591 0.1459336 0.1438668 0.1406519 0.1362415 0.1306442 0.1239421 0.1162690 0.1078354 9.8784864E-02 8.9306526E-02 7.9722486E-02 7.0115425E-02 6.0599111E-02 5.1251870E-02 4.2114384E-02 3.3190928E-02 2.4471246E-02 1.5922874E-02
0.1568897 0.1686095 0.1808172 0.1933348 0.2059017 0.2181748 0.2297196 0.2400413 0.2486098 0.2549337 0.2586154 0.2595322 0.2576994 0.2533138 0.2468237 0.2387485 0.2296359 0.2199892 0.2102460 0.2007522 0.1917726 0.1834936 0.1760425 0.1694962 0.1638979 0.1592629 0.1555890 0.1528587 0.1510436 0.1501036 0.1499873 0.1506286 0.1519444 0.1538307 0.1561583 0.1587709 0.1614815 0.1640765 0.1663158 0.1679461 0.1687073 0.1683552 0.1666738 0.1635037 0.1587515 0.1524200 0.1445969 0.1354725 0.1252803 0.1144018 0.1031742 9.1732129E-02 8.0380671E-02 6.9275670E-02 5.8497407E-02 4.8072744E-02 3.7998311E-02 2.8237166E-02 1.8743308E-02
0.1737896 0.1879239 0.2028470 0.2183649 0.2341785 0.2498498 0.2648046 0.2783324 0.2896556 0.2980162 0.3028361 0.3037181 0.3007288 0.2943331 0.2851678 0.2740301 0.2617110 0.2489205 0.2362286 0.2240693 0.2127445 0.2024559 0.1933224 0.1854085 0.1787364 0.1733046 0.1690924 0.1660694 0.1641956 0.1634231 0.1636939 0.1649364 0.1670607 0.1699523 0.1734668 0.1774223 0.1815983 0.1857306 0.1895183 0.1926281 0.1947130 0.1954262 0.1944554 0.1915420 0.1865263 0.1793624 0.1701619 0.1591765 0.1468279 0.1334986 0.1196375 0.1058317 9.2297673E-02 7.9226620E-02 6.6713713E-02 5.4775611E-02 4.3369681E-02 3.2434113E-02 2.1883694E-02
0.1925963 0.2096567 0.2279335 0.2472489 0.2672693 0.2874718 0.3070926 0.3251385 0.3404233 0.3517320 0.3580264 0.3588515 0.3542617 0.3448663 0.3317944 0.3162912 0.2995407 0.2825176 0.2659647 0.2503923 0.2361316 0.2233705 0.2122035 0.2026577 0.1947235 0.1883660 0.1835409 0.1801967 0.1782806 0.1777352 0.1784979 0.1804938 0.1836305 0.1877883 0.1928106 0.1984958 0.2045874 0.2107713 0.2166729 0.2218682 0.2258913 0.2282657 0.2285261 0.2262707 0.2211960 0.2131716 0.2022668 0.1888119 0.1733310 0.1566500 0.1395631 0.1225307 0.1061209 9.0580456E-02 7.5972557E-02 6.2250920E-02 4.9323369E-02 3.7063774E-02 2.5349412E-02
0.2134049 0.2339750 0.2563701 0.2804595 0.3059287 0.3321784 0.3582524 0.3827563 0.4039100 0.4197361 0.4285200 0.4291601 0.4218131 0.4077728 0.3888629 0.3670823 0.3441708 0.3214663 0.2998786 0.2799788 0.2620761 0.2463118 0.2327129 0.2212466 0.2118438 0.2044249 0.1989072 0.1952145 0.1932751 0.1930235 0.1943936 0.1973124 0.2016911 0.2074117 0.2143154 0.2221865 0.2307417 0.2396163 0.2483636 0.2564515 0.2632806 0.2681959 0.2705323 0.2696475 0.2650077 0.2562582 0.2433639 0.2266852 0.2070889 0.1856356 0.1635680 0.1421964 0.1220624 0.1034299 8.6292975E-02 7.0501812E-02 5.5844489E-02 4.2119287E-02 2.9126298E-02
0.2362454 0.2609808 0.2883675 0.3184086 0.3508763 0.3851914 0.4202204 0.4541091 0.4841580 0.5070548 0.5195630 0.5198935 0.5082610 0.4868627 0.4590811 0.4281707 0.3967018 0.3664052 0.3383271 0.3130036 0.2906527 0.2712901 0.2548306 0.2411341 0.2300496 0.2214279 0.2151387 0.2110695 0.2091292 0.2092420 0.2113425 0.2153652 0.2212330 0.2288421 0.2380422 0.2486203 0.2602768 0.2726129 0.2851126 0.2971446 0.3079559 0.3166956 0.3224252 0.3241759 0.3209996 0.3121234 0.2971176 0.2762103 0.2504474 0.2219316 0.1930424 0.1654241 0.1402614 0.1177530 9.7626336E-02 7.9468645E-02 6.2895611E-02 4.7563426E-02 3.3196576E-02
0.2610694 0.2906588 0.3240053 0.3613391 0.4026859 0.4476433 0.4950945 0.5427393 0.5866743 0.6213085 0.6405531 0.6401984 0.6207984 0.5872244 0.5456525 0.5014215 0.4581214 0.4178200 0.3815019 0.3495122 0.3218237 0.2982365 0.2784688 0.2622319 0.2492508 0.2392896 0.2321505 0.2276806 0.2257621 0.2263112 0.2292659 0.2345759 0.2421871 0.2520224 0.2639601 0.2778066 0.2932738 0.3099478 0.3272761 0.3445428 0.3608721 0.3752073 0.3863269 0.3928249 0.3931669 0.3857658 0.3693058 0.3432685 0.3088701 0.2692567 0.2290233 0.1923426 0.1605410 0.1333260 0.1097823 8.9033581E-02 7.0387870E-02 5.3348251E-02 3.7517622E-02
