T5-twomodels-2/gx/model30.grd
DSAA
         100         100
  -15.00000       15.00000    
  -15.00000       15.00000    
  -6.091158       8.072992    
[rows 52 to 77 of 100, columns 0 to 58 of 100]
-0.5806215 -0.6825435 -0.8081524 -0.9604891 -1.150388 -1.384716 -1.681142 -2.053340 -2.524625 -3.079500 -3.540598 -3.464150 -2.926455 -2.359936 -1.883095 -1.501990 -1.190734 -0.9369138 -0.7226772 -0.5415649 -0.3824174 -0.2419515 -0.1125287 7.6729804E-03 0.1244250 0.2389684 0.3561371 0.4771051 0.6063521 0.7453041 0.8984528 1.067638 1.257516 1.470259 1.710526 1.980358 2.283846 2.622061 2.997719 3.410116 3.860265 4.345640 4.866214 5.418121 6.000354 6.603699 7.212273 7.760528 8.054415 7.625507 6.318952 4.806779 3.630932 2.812191 2.230332 1.802187 1.474850 1.218674 1.012066
-0.5771644 -0.6787425 -0.8039989 -0.9559870 -1.145548 -1.379565 -1.675716 -2.047693 -2.518818 -3.073601 -3.534639 -3.458296 -2.920842 -2.354600 -1.878114 -1.497432 -1.186663 -0.9333768 -0.7197178 -0.5392126 -0.3807001 -0.2408881 -0.1121394 7.3716277E-03 0.1234125 0.2372241 0.3536336 0.4738159 0.6022436 0.7403431 0.8926020 1.060863 1.249784 1.461544 1.700811 1.969640 2.272135 2.609389 2.984141 3.395711 3.845136 4.329916 4.850044 5.401671 5.983802 6.587229 7.196064 7.744740 8.039133 7.610858 6.305203 4.794028 3.619163 2.801406 2.220534 1.793358 1.466958 1.211678 1.005915
-0.5726113 -0.6737171 -0.7984899 -0.9499917 -1.139081 -1.372656 -1.668418 -2.040073 -2.510970 -3.065639 -3.526737 -3.450502 -2.913239 -2.347361 -1.871353 -1.491253 -1.181145 -0.9285893 -0.7157086 -0.5360231 -0.3783572 -0.2394173 -0.1115596 7.0380978E-03 0.1221438 0.2349913 0.3504062 0.4695539 0.5969040 0.7338770 0.8849592 1.051991 1.239635 1.450077 1.687995 1.955462 2.256604 2.592540 2.966042 3.376463 3.824877 4.308818 4.828313 5.379537 5.961515 6.565044 7.174240 7.723528 8.018821 7.591637 6.287058 4.777046 3.603481 2.787076 2.207552 1.781695 1.456565 1.202489 0.9978583
-0.5668788 -0.6673636 -0.7914912 -0.9423421 -1.130791 -1.363762 -1.658979 -2.030185 -2.500746 -3.055216 -3.516223 -3.440150 -2.903269 -2.337887 -1.862523 -1.483190 -1.173958 -0.9223555 -0.7104915 -0.5318629 -0.3752867 -0.2374569 -0.1107310 6.7154411E-03 0.1206434 0.2322832 0.3464488 0.4642996 0.5902936 0.7258468 0.8754376 1.040906 1.226916 1.435660 1.671830 1.937520 2.236885 2.571077 2.942912 3.351789 3.798832 4.281628 4.800245 5.350901 5.932646 6.536295 7.145954 7.696025 7.992326 7.566399 6.263436 4.755203 3.583428 2.768821 2.191080 1.766955 1.443478 1.190961 0.9877858
-0.5598683 -0.6595506 -0.7828393 -0.9328290 -1.120424 -1.352576 -1.647051 -2.017626 -2.487719 -3.041923 -3.502938 -3.427029 -2.890502 -2.325754 -1.851225 -1.472898 -1.164799 -0.9144285 -0.7038599 -0.5265712 -0.3713583 -0.2349107 -0.1095794 6.4535765E-03 0.1189448 0.2291116 0.3417581 0.4580277 0.5823685 0.7161813 0.8639378 1.027470 1.211444 1.418057 1.652017 1.915441 2.212518 2.544448 2.914098 3.320933 3.766145 4.247391 4.764806 5.314664 5.896061 6.499829 7.110085 7.661211 7.959043 7.534991 6.233997 4.727891 3.558414 2.746154 2.170724 1.748826 1.427459 1.176914 0.9755621
-0.5514621 -0.6501251 -0.7723308 -0.9211983 -1.107660 -1.338713 -1.632171 -2.001875 -2.471293 -3.025070 -3.485903 -3.410217 -2.874285 -2.310376 -1.836946 -1.459924 -1.153293 -0.9044935 -0.6955644 -0.5199467 -0.3664200 -0.2316604 -0.1080212 6.3130399E-03 0.1170839 0.2254955 0.3363310 0.4507177 0.5730810 0.7048064 0.8503484 1.011531 1.193012 1.396995 1.628203 1.888778 2.182950 2.511975 2.878791 3.282946 3.725726 4.204884 4.720651 5.269385 5.850247 6.454113 7.065098 7.617552 7.917183 7.495381 6.197158 4.694075 3.527658 2.718445 2.145989 1.726927 1.408218 1.160132 0.9610329
-0.5415310 -0.6389076 -0.7597299 -0.9071380 -1.092106 -1.321681 -1.613753 -1.982238 -2.450705 -3.003884 -3.464586 -3.389129 -2.853819 -2.291000 -1.819007 -1.443696 -1.138958 -0.8921676 -0.6852987 -0.5117572 -0.3602928 -0.2275756 -0.1059581 6.3598389E-03 0.1151046 0.2214551 0.3301702 0.4423471 0.5623869 0.6916456 0.8345568 0.9929237 1.171396 1.372174 1.599991 1.857018 2.147532 2.472854 2.836011 3.236660 3.676210 4.152547 4.666043 5.213178 5.793217 6.397099 7.008971 7.563156 7.865347 7.446735 6.151984 4.652642 3.490169 2.684903 2.116258 1.700793 1.385414 1.140370 0.9440222
-0.5299329 -0.6257027 -0.7447645 -0.8902866 -1.073282 -1.300874 -1.591040 -1.957824 -2.424916 -2.977174 -3.437459 -3.362298 -2.827959 -2.266608 -1.796540 -1.423480 -1.121206 -0.8769836 -0.6727098 -0.5017319 -0.3527790 -0.2225095 -0.1032883 6.6679674E-03 0.1130542 0.2170184 0.3232811 0.4329036 0.5502461 0.6766304 0.8164527 0.9714896 1.146367 1.343276 1.566955 1.819600 2.105535 2.426160 2.784607 3.180671 3.615925 4.088439 4.598777 5.143607 5.722353 6.326073 6.938958 7.495300 7.800613 7.385980 6.096029 4.601884 3.444658 2.644531 2.080786 1.669875 1.358654 1.117352 0.9243450
-0.5165271 -0.6102994 -0.7271376 -0.8702242 -1.050626 -1.275542 -1.563084 -1.927459 -2.392569 -2.943482 -3.403284 -3.328437 -2.795239 -2.235876 -1.768405 -1.398358 -1.099316 -0.8583974 -0.6573879 -0.4895780 -0.3436645 -0.2163121 -9.9902488E-02 7.3107658E-03 0.1109841 0.2122153 0.3156783 0.4223811 0.5366333 0.6597035 0.7959424 0.9470798 1.117707 1.309990 1.528660 1.775929 2.056169 2.370860 2.723262 3.113334 3.542862 4.010164 4.516072 5.057530 5.634220 6.237397 6.851371 7.410443 7.720062 7.310977 6.027258 4.539808 3.389479 2.596086 2.038663 1.633534 1.327497 1.090786 0.9018086
-0.5011779 -0.5924920 -0.7065330 -0.8464953 -1.023480 -1.244787 -1.528684 -1.889628 -2.351818 -2.900654 -3.359456 -3.285014 -2.753575 -2.197010 -1.733146 -1.367184 -1.072430 -0.8357805 -0.6388924 -0.4749825 -0.3327367 -0.2088342 -9.5700450E-02 8.3608096E-03 0.1089427 0.2070817 0.3073830 0.4107881 0.5215378 0.6408340 0.7729583 0.9195801 1.085232 1.272035 1.484695 1.725424 1.998627 2.305867 2.650536 3.032793 3.454681 3.914844 4.414483 4.950949 5.524317 6.126198 6.741135 7.303489 7.618492 7.216598 5.941556 4.463469 3.322483 2.538011 1.988806 1.591038 1.291470 1.060370 0.8762320
-0.4837778 -0.5720900 -0.6826490 -0.8186192 -0.9911268 -1.207553 -1.486368 -1.842354 -2.300197 -2.845860 -3.303242 -3.229261 -2.700172 -2.147635 -1.688877 -1.328563 -1.039550 -0.8084513 -0.6167600 -0.4576443 -0.3197952 -0.1999472 -9.0592891E-02 9.8784454E-03 0.1069786 0.2016543 0.2984270 0.3981494 0.5049767 0.6200209 0.7474777 0.8889258 1.048818 1.229201 1.434725 1.667572 1.932158 2.230111 2.564955 2.937060 3.348776 3.799140 4.289855 4.818839 5.386788 5.985912 6.601252 7.167432 7.489669 7.097829 5.834566 4.369147 3.240877 2.468376 1.929945 1.541588 1.250084 1.025825 0.8474627
-0.4642578 -0.5489562 -0.6552215 -0.7861475 -0.9528161 -1.162665 -1.434355 -1.783110 -2.234323 -2.774914 -3.229683 -3.156331 -2.631005 -2.084529 -1.633223 -1.280834 -0.9995824 -0.7757076 -0.5905623 -0.4372996 -0.3046854 -0.1895532 -8.4519759E-02 1.1910964E-02 0.1051293 0.1959734 0.2888516 0.3845113 0.4869966 0.5973109 0.7195332 0.8551300 1.008435 1.181389 1.378543 1.602007 1.856169 2.142677 2.465162 2.824194 3.222442 3.659405 4.137393 4.655099 5.214139 5.807735 6.421895 6.991941 7.323151 6.944833 5.698489 4.251371 3.140973 2.384810 1.860639 1.484351 1.202891 0.9869243 0.8154047
-0.4426225 -0.5230318 -0.6240907 -0.7487232 -0.9078748 -1.108910 -1.370624 -1.708712 -2.149623 -2.681936 -3.132435 -3.059910 -2.540400 -2.003401 -1.563244 -1.222151 -0.9514228 -0.7369306 -0.5599610 -0.4137806 -0.2873226 -0.1776168 -7.7457845E-02 1.4475500E-02 0.1034228 0.1900764 0.2787118 0.3699426 0.4676839 0.5728008 0.6892346 0.8183002 0.9641824 1.128663 1.316148 1.528617 1.770359 2.042984 2.350157 2.692592 3.073238 3.492046 3.952000 4.452736 4.997141 5.580041 6.189288 6.761946 7.104348 6.745154 5.523247 4.102680 3.017930 2.284478 1.779346 1.418556 1.149543 0.9435496 0.7800518
-0.4189634 -0.4943883 -0.5892540 -0.7062007 -0.8558440 -1.045260 -1.293102 -1.615411 -2.039931 -2.558055 -3.000484 -2.929271 -2.420021 -1.898602 -1.475576 -1.150676 -0.8941655 -0.6917129 -0.5248163 -0.3870641 -0.2677398 -0.1641760 -6.9441736E-02 1.7560761E-02 0.1018682 0.1840015 0.2680714 0.3545403 0.4471646 0.5466533 0.6567745 0.7786658 0.9163138 1.071298 1.247815 1.447641 1.674883 1.931012 2.219616 2.541431 2.899551 3.294254 3.729101 4.204678 4.725361 5.288248 5.884368 6.454648 6.808689 6.475840 5.291333 3.911910 2.865460 2.164194 1.684631 1.343655 1.089916 0.8957565 0.7415309
-0.3934895 -0.4632552 -0.5509511 -0.6587579 -0.7967198 -0.9712139 -1.200197 -1.499367 -1.897519 -2.390332 -2.817225 -2.748255 -2.257961 -1.763317 -1.366932 -1.065090 -0.8274195 -0.6400773 -0.4852905 -0.3573495 -0.2461105 -0.1493723 -6.0565233E-02 2.1111546E-02 0.1004566 0.1777793 0.2570074 0.3384232 0.4256099 0.5190912 0.6224413 0.7365808 0.8652644 1.009814 1.174153 1.359774 1.570504 1.807546 2.074265 2.371216 2.701405 3.065130 3.466166 3.905658 4.389204 4.916340 5.482665 6.036641 6.397630 6.101028 4.976017 3.663173 2.675936 2.020939 1.575583 1.259590 1.024245 0.8438557 0.7001358
-0.3665257 -0.4300615 -0.5097036 -0.6070425 -0.7311931 -0.8873448 -1.091746 -1.358232 -1.714564 -2.160876 -2.554482 -2.490141 -2.038663 -1.591157 -1.235586 -0.9654316 -0.7517928 -0.5826792 -0.4419729 -0.3250897 -0.2227884 -0.1334472 -5.0997663E-02 2.5041344E-02 9.9153645E-02 0.1714430 0.2456011 0.3217413 0.4032284 0.4904062 0.5866088 0.6925354 0.8116498 0.9449911 1.096131 1.266220 1.458686 1.674355 1.916171 2.184303 2.481315 2.807084 3.164913 3.555590 3.984658 4.452761 4.959512 5.464354 5.809141 5.556227 4.531981 3.334777 2.442003 1.853218 1.452578 1.167147 0.9532987 0.7884734 0.6563650
-0.3384894 -0.3954494 -0.4663127 -0.5522517 -0.6608127 -0.7958414 -0.9703093 -1.194287 -1.489229 -1.854344 -2.176296 -2.122213 -1.750605 -1.381576 -1.084062 -0.8541594 -0.6693419 -0.5209321 -0.3959512 -0.2909826 -0.1983209 -0.1167185 -4.0993422E-02 2.9246148E-02 9.7886503E-02 0.1650376 0.2339246 0.3046789 0.3802463 0.4609557 0.5497159 0.6471449 0.7562355 0.8778589 1.015045 1.168685 1.341585 1.534232 1.748853 1.985167 2.244822 2.526955 2.833433 3.163630 3.520690 3.903271 4.309754 4.707421 4.973468 4.753928 3.902134 2.908322 2.162641 1.663700 1.318272 1.068273 0.8784855 0.7305641 0.6109303
-0.3098529 -0.3602496 -0.4217907 -0.4960852 -0.5879233 -0.7006372 -0.8419013 -1.017719 -1.237028 -1.490002 -1.693968 -1.657541 -1.413207 -1.148807 -0.9216325 -0.7366802 -0.5836493 -0.4569422 -0.3487631 -0.2559109 -0.1734239 -9.9550702E-02 -3.0884229E-02 3.3622608E-02 9.6543454E-02 0.1586281 0.2220328 0.2874544 0.3568967 0.4311541 0.5122411 0.6011247 0.6998926 0.8096393 0.9324327 1.069268 1.221900 1.390810 1.577036 1.780141 2.000243 2.235926 2.486613 2.750002 3.024576 3.304847 3.581053 3.820099 3.931072 3.712316 3.106505 2.407745 1.854851 1.461985 1.178135 0.9661114 0.8018121 0.6713550 0.5647244
-0.2813367 -0.3251436 -0.3775265 -0.4402118 -0.5156507 -0.6063269 -0.7152895 -0.8444364 -0.9921647 -1.142240 -1.243090 -1.221909 -1.089787 -0.9223518 -0.7620437 -0.6208339 -0.4987736 -0.3935539 -0.3018747 -0.2211236 -0.1486575 -8.2547382E-02 -2.0842243E-02 3.7886843E-02 9.5159411E-02 0.1521334 0.2101156 0.2701678 0.3335410 0.4013204 0.4747956 0.5551260 0.6436493 0.7415409 0.8500559 0.9701588 1.102705 1.248045 1.406188 1.576424 1.757548 1.947492 2.143558 2.341789 2.536701 2.719230 2.873676 2.969368 2.949634 2.743304 2.360646 1.928380 1.554662 1.263342 1.039352 0.8646561 0.7254699 0.6123557 0.5185885
-0.2535633 -0.2908863 -0.3347710 -0.3863510 -0.4468655 -0.5173804 -0.5984242 -0.6887712 -0.7830828 -0.8672338 -0.9151927 -0.9014411 -0.8294579 -0.7270337 -0.6178486 -0.5137263 -0.4187040 -0.3333659 -0.2568151 -0.1877343 -0.1246570 -6.6217676E-02 -1.1110317E-02 4.1828375E-02 9.3706742E-02 0.1455344 0.1983067 0.2529687 0.3104880 0.3718156 0.4379389 0.5098315 0.5884767 0.6747900 0.7696015 0.8735384 0.9869624 1.109820 1.241564 1.381005 1.526248 1.674555 1.822220 1.964233 2.093764 2.201082 2.272010 2.286173 2.218785 2.054183 1.811098 1.541674 1.292276 1.081389 0.9086504 0.7676517 0.6516205 0.5549809 0.4733971
-0.2269597 -0.2582663 -0.2944302 -0.3360512 -0.3835791 -0.4371066 -0.4958926 -0.5575920 -0.6169582 -0.6646332 -0.6880072 -0.6777276 -0.6349033 -0.5701274 -0.4955591 -0.4195428 -0.3464923 -0.2781885 -0.2149929 -0.1565295 -0.1021055 -5.0886020E-02 -2.0149746E-03 4.5362636E-02 9.2067823E-02 0.1389042 0.1866493 0.2360767 0.2879518 0.3430448 0.4021195 0.4659309 0.5351927 0.6105485 0.6925064 0.7813743 0.8771605 0.9794797 1.087440 1.199551 1.313625 1.426691 1.534875 1.633245 1.715555 1.773977 1.798979 1.780120 1.708997 1.585693 1.424048 1.247123 1.076072 0.9227457 0.7903997 0.6777681 0.5820631 0.5003400 0.4299906
-0.2019185 -0.2278259 -0.2572076 -0.2902679 -0.3270021 -0.3669755 -0.4090341 -0.4508367 -0.4884337 -0.5161839 -0.5279387 -0.5194234 -0.4911178 -0.4478118 -0.3955879 -0.3396784 -0.2835526 -0.2291428 -0.1772770 -0.1281257 -8.1460111E-02 -3.6853924E-02 6.2333653E-03 4.8380915E-02 9.0193108E-02 0.1322719 0.1752250 0.2196520 0.2661562 0.3153289 0.3677537 0.4239796 0.4845064 0.5497382 0.6199399 0.6951650 0.7751852 0.8593991 0.9467561 1.035673 1.123980 1.208871 1.286874 1.353827 1.404914 1.434787 1.438019 1.410090 1.349237 1.258317 1.145567 1.022901 0.9013370 0.7880276 0.6862143 0.5964604 0.5179304 0.4492595 0.3889843
-0.1787096 -0.1999113 -0.2234978 -0.2494477 -0.2775060 -0.3070628 -0.3369514 -0.3652795 -0.3893063 -0.4056726 -0.4110891 -0.4037074 -0.3836763 -0.3531191 -0.3153363 -0.2734873 -0.2300370 -0.1865963 -0.1440773 -0.1028638 -6.3003205E-02 -2.4318054E-02 1.3492373E-02 5.0810270E-02 8.8053949E-02 0.1256691 0.1641077 0.2038292 0.2452871 0.2889276 0.3351723 0.3844067 0.4369501 0.4930263 0.5527135 0.6158965 0.6821990 0.7509260 0.8209995 0.8909169 0.9587204 1.022001 1.077926 1.123318 1.154794 1.169027 1.163174 1.135539 1.086328 1.018431 0.9372594 0.8491708 0.7601876 0.6748692 0.5958345 0.5241185 0.4597518 0.4022216 0.3507862
-0.1574913 -0.1746753 -0.1934334 -0.2136128 -0.2348734 -0.2565884 -0.2777710 -0.2969924 -0.3124345 -0.3220787 -0.3241616 -0.3175292 -0.3022790 -0.2796399 -0.2513625 -0.2193631 -0.1852885 -0.1503741 -0.1154132 -8.0848232E-02 -4.6843290E-02 -1.3379310E-02 1.9695725E-02 5.2610315E-02 8.5649520E-02 0.1191243 0.1533669 0.1887115 0.2254931 0.2640298 0.3046173 0.3475041 0.3928753 0.4408168 0.4912843 0.5440554 0.5986894 0.6544781 0.7104153 0.7651697 0.8170915 0.8642359 0.9044331 0.9353889 0.9548543 0.9608468 0.9519694 0.9277614 0.8890646 0.8379982 0.7777479 0.7123152 0.6454626 0.5800703 0.5180517 0.4604386 0.4075856 0.3594166 0.3156074
-0.1383070 -0.1521272 -0.1669285 -0.1825125 -0.1985226 -0.2144105 -0.2293850 -0.2424212 -0.2522994 -0.2577668 -0.2577423 -0.2517236 -0.2397132 -0.2222628 -0.2004382 -0.1754118 -0.1482881 -0.1199530 -9.1051184E-02 -6.1983723E-02 -3.2961845E-02 -4.0401937E-03 2.4830975E-02 5.3782254E-02 8.2991481E-02 0.1126728 0.1430552 0.1743776 0.2068729 0.2407612 0.2762330 0.3134364 0.3524533 0.3932786 0.4357876 0.4797084 0.5245863 0.5697607 0.6143415 0.6572112 0.6970364 0.7323147 0.7614415 0.7828173 0.7949791 0.7967749 0.7875405 0.7672847 0.7367666 0.6976124 0.6521200 0.6026359 0.5514437 0.5005317 0.4513344 0.4047377 0.3611874 0.3208053 0.2835047
-0.1211221 -0.1321604 -0.1437671 -0.1557297 -0.1677276 -0.1793006 -0.1898489 -0.1986340 -0.2048481 -0.2076997 -0.2065722 -0.2010269 -0.1910842 -0.1771594 -0.1598337 -0.1398421 -0.1179067 -9.4663098E-02 -7.0597820E-02 -4.6054769E-02 -2.1236384E-02 3.7626945E-03 2.8939953E-02 5.4353479E-02 8.0111019E-02 0.1063470 0.1332165 0.1608775 0.1894871 0.2191843 0.2500831 0.2822538 0.3157094 0.3503833 0.3861106 0.4226026 0.4594300 0.4960040 0.5315729 0.5652264 0.5959221 0.6225255 0.6438789 0.6588798 0.6665897 0.6663369 0.6578358 0.6412651 0.6173335 0.5871296 0.5520139 0.5136877 0.4737692 0.4335778 0.3941427 0.3561856 0.3201374 0.2862023 0.2544141
