T5-twomodels-2/gx/model150.grd
DSAA
         100         100
  -15.00000       15.00000    
  -15.00000       15.00000    
  -6.144037       6.149122    
[rows 26 to 51 of 100, columns 0 to 58 of 100]
0.4592718 0.5165576 0.5823370 0.6576481 0.7432833 0.8394452 0.9449506 1.055952 1.163772 1.252887 1.302367 1.296723 1.237909 1.143704 1.034511 0.9243970 0.8208985 0.7271910 0.6441113 0.5713042 0.5079217 0.4529276 0.4052975 0.3640699 0.3284008 0.2975493 0.2708905 0.2478897 0.2281000 0.2111393 0.1966827 0.1844415 0.1741518 0.1655553 0.1583824 0.1523385 0.1470862 0.1422425 0.1373682 0.1319821 0.1255484 0.1174927 0.1071562 9.3784742E-02 7.6434478E-02 5.4014195E-02 2.5406107E-02 -9.6956277E-03 -4.9128942E-02 -8.5766152E-02 -0.1101827 -0.1188728 -0.1159030 -0.1081921 -0.1002440 -9.3938991E-02 -8.9738265E-02 -8.7589473E-02 -8.7264225E-02
0.5057269 0.5732376 0.6521059 0.7442592 0.8518118 0.9765890 1.119532 1.278660 1.445150 1.595538 1.686537 1.675718 1.569002 1.412837 1.246848 1.090913 0.9519687 0.8312141 0.7274266 0.6387113 0.5629820 0.4983637 0.4431545 0.3959492 0.3555287 0.3209153 0.2912734 0.2659416 0.2443554 0.2260677 0.2106918 0.1979085 0.1874266 0.1789742 0.1722717 0.1670112 0.1628499 0.1593783 0.1561488 0.1526393 0.1483079 0.1425158 0.1345627 0.1234729 0.1079136 8.5707575E-02 5.3637009E-02 7.3638745E-03 -5.4988265E-02 -0.1232279 -0.1691453 -0.1763129 -0.1604287 -0.1400129 -0.1228645 -0.1104191 -0.1022473 -9.7489916E-02 -9.5498279E-02
0.5541052 0.6326141 0.7258703 0.8367705 0.9694747 1.128152 1.317972 1.542141 1.798094 2.058832 2.238534 2.215940 2.009697 1.745967 1.495684 1.278963 1.096148 0.9436092 0.8161867 0.7098259 0.6205676 0.5456075 0.4822842 0.4287808 0.3833484 0.3448265 0.3120730 0.2843486 0.2609124 0.2412866 0.2249933 0.2117004 0.2010857 0.1928632 0.1867676 0.1824596 0.1796461 0.1778573 0.1767387 0.1756862 0.1743361 0.1719757 0.1682186 0.1619847 0.1522487 0.1360008 0.1082927 5.7072192E-02 -3.6519766E-02 -0.1757186 -0.2772220 -0.2746258 -0.2263992 -0.1818377 -0.1503344 -0.1293170 -0.1161258 -0.1081249 -0.1042315
0.6036996 0.6933525 0.8021239 0.9325786 1.092921 1.288591 1.532624 1.834917 2.210639 2.643312 2.995462 2.948025 2.555511 2.130914 1.770146 1.481500 1.248315 1.061268 0.9079887 0.7832168 0.6794546 0.5939536 0.5220088 0.4621901 0.4114534 0.3690625 0.3330240 0.3029571 0.2775770 0.2566577 0.2394194 0.2256522 0.2149450 0.2069851 0.2016206 0.1983091 0.1970872 0.1970713 0.1985012 0.2001234 0.2025673 0.2042282 0.2063678 0.2067503 0.2070758 0.2025344 0.1914194 0.1515266 3.8140453E-02 -0.2326215 -0.4662320 -0.4280320 -0.3141570 -0.2317058 -0.1815615 -0.1495973 -0.1310950 -0.1189835 -0.1134608
0.6534566 0.7541952 0.8787645 1.028817 1.217346 1.450455 1.750216 2.133096 2.635352 3.255345 3.804738 3.728423 3.124541 2.526283 2.049254 1.686648 1.401747 1.179807 1.000185 0.8569479 0.7384466 0.6424316 0.5617306 0.4956401 0.4395147 0.3932965 0.3539199 0.3215441 0.2941899 0.2720012 0.2538078 0.2395802 0.2287906 0.2210972 0.2164982 0.2141795 0.2146155 0.2163647 0.2204580 0.2247562 0.2311967 0.2369312 0.2453720 0.2526334 0.2640218 0.2723526 0.2810713 0.2573235 0.1303513 -0.2884150 -0.6787373 -0.5958969 -0.4068397 -0.2831398 -0.2135463 -0.1700559 -0.1462976 -0.1298053 -0.1228062
0.7021465 0.8140198 0.9534446 1.122717 1.337505 1.606097 1.956091 2.410171 3.015177 3.770952 4.440320 4.347490 3.611194 2.882899 2.310019 1.881322 1.549580 1.294454 1.090204 0.9288853 0.7964439 0.6899447 0.6009327 0.5285056 0.4672660 0.4171393 0.3745988 0.3398452 0.3106199 0.2871132 0.2680062 0.2532925 0.2423994 0.2349661 0.2310359 0.2297139 0.2316082 0.2351171 0.2415128 0.2484189 0.2581941 0.2677025 0.2810812 0.2940964 0.3131323 0.3300332 0.3479909 0.3252860 0.1689248 -0.3446255 -0.8174624 -0.7163603 -0.4822673 -0.3286663 -0.2427010 -0.1896214 -0.1605997 -0.1405350 -0.1316641
0.7489849 0.8714247 1.024479 1.211425 1.449490 1.748938 2.140225 2.649140 3.324254 4.157992 4.883358 4.783401 3.983085 3.176987 2.536959 2.056446 1.685800 1.401611 1.175422 0.9974377 0.8521570 0.7357215 0.6389175 0.5603783 0.4942947 0.4403522 0.3947932 0.3576948 0.3266698 0.3018471 0.2818405 0.2666166 0.2555748 0.2483424 0.2449579 0.2445136 0.2476236 0.2526608 0.2609110 0.2699639 0.2822157 0.2944939 0.3109846 0.3273118 0.3496273 0.3687507 0.3855706 0.3527876 0.1692269 -0.3881958 -0.8920860 -0.7875256 -0.5346317 -0.3643728 -0.2672309 -0.2070467 -0.1735862 -0.1506505 -0.1399776
0.7932746 0.9253250 1.090529 1.292931 1.550713 1.875311 2.298343 2.846174 3.565633 4.442003 5.193771 5.090650 4.259393 3.409413 2.725834 2.207863 1.806933 1.498846 1.253956 1.061336 0.9045727 0.7790824 0.6751114 0.5908741 0.5202538 0.4626978 0.4142746 0.3749265 0.3421699 0.3160597 0.2951591 0.2793972 0.2681485 0.2610216 0.2580390 0.2582781 0.2623299 0.2685415 0.2781567 0.2887212 0.3025616 0.3164223 0.3343338 0.3516626 0.3740464 0.3913863 0.4029881 0.3595278 0.1588218 -0.4179101 -0.9337530 -0.8293930 -0.5693088 -0.3907233 -0.2868303 -0.2218065 -0.1850172 -0.1598381 -0.1476667
0.8344683 0.9749983 1.150717 1.366143 1.640015 1.984247 2.430701 3.005173 3.752333 4.652785 5.418494 5.313743 4.466017 3.590791 2.879480 2.335459 1.911911 1.584998 1.324749 1.119735 0.9529977 0.8194976 0.7090823 0.6196621 0.5448679 0.4839604 0.4328555 0.3913860 0.3569778 0.3296238 0.3078362 0.2915089 0.2799875 0.2728579 0.2701209 0.2708264 0.2755339 0.2825440 0.2930470 0.3045078 0.3191622 0.3336177 0.3517296 0.3685854 0.3894424 0.4036460 0.4099235 0.3586032 0.1483008 -0.4376598 -0.9593034 -0.8554887 -0.5925169 -0.4098425 -0.3020908 -0.2339479 -0.1948345 -0.1679823 -0.1546571
0.8722098 1.020055 1.204635 1.430758 1.717388 2.076568 2.539940 3.132517 3.897218 4.811882 5.585177 5.479584 4.622771 3.732440 3.003334 2.441388 2.001333 1.659968 1.387459 1.172216 0.9970431 0.8566156 0.7405365 0.6464897 0.5679290 0.5039614 0.4503870 0.4069412 0.3709790 0.3424332 0.3197732 0.3028564 0.2910000 0.2837626 0.2811168 0.2820821 0.2871762 0.2946502 0.3056262 0.3174914 0.3323773 0.3467718 0.3643705 0.3800819 0.3989339 0.4100736 0.4120942 0.3555130 0.1395050 -0.4512377 -0.9755939 -0.8725342 -0.6084800 -0.4237985 -0.3138728 -0.2438013 -0.2031246 -0.1750935 -0.1609130
0.9063408 1.060367 1.252280 1.487007 1.783589 2.153978 2.629503 3.234445 4.010547 4.934062 5.712162 5.606027 4.743521 3.843744 3.102968 2.528671 2.076659 1.724378 1.442251 1.218744 1.036566 0.8902684 0.7692968 0.6711971 0.5892878 0.5225713 0.4667519 0.4214913 0.3840815 0.3544078 0.3308983 0.3133774 0.3011328 0.2936947 0.2910063 0.2920520 0.2973083 0.3049732 0.3161083 0.3280239 0.3427686 0.3567303 0.3735062 0.3878910 0.4048319 0.4134197 0.4123296 0.3522895 0.1329836 -0.4605919 -0.9868999 -0.8843086 -0.6198041 -0.4341270 -0.3229994 -0.2517533 -0.2100702 -0.1812317 -0.1664566
0.9368476 1.096026 1.293910 1.535476 1.839728 2.218488 2.702744 3.316243 4.099924 5.029102 5.809992 5.703572 4.837694 3.931825 3.183246 2.600342 2.139684 1.779208 1.489632 1.259528 1.071629 0.9204279 0.7952995 0.6936963 0.6088578 0.5397019 0.4818700 0.4349614 0.3962205 0.3654902 0.3411644 0.3230363 0.3103649 0.3026535 0.2998149 0.3007999 0.3060443 0.3137009 0.3247752 0.3365187 0.3509117 0.3642811 0.3801551 0.3932880 0.4085951 0.4152052 0.4118629 0.3494862 0.1279198 -0.4673637 -0.9946142 -0.8925904 -0.6280394 -0.4418998 -0.3301147 -0.2581804 -0.2158614 -0.1865012 -0.1713240
0.9638386 1.127255 1.329956 1.576905 1.887048 2.272041 2.762620 3.382115 4.170974 5.103966 5.886921 5.780275 4.911977 4.002025 3.248096 2.659135 2.192190 1.825582 1.530264 1.294952 1.102424 0.9471809 0.8185593 0.7139716 0.6265980 0.5553089 0.4956914 0.4473054 0.4073533 0.3756460 0.3505455 0.3318193 0.3187000 0.3106648 0.3075982 0.3084199 0.3135312 0.3210440 0.3319213 0.3433664 0.3573168 0.3700521 0.3850751 0.3971152 0.4111048 0.4162006 0.4112475 0.3472682 0.1243271 -0.4721720 -1.000407 -0.8987047 -0.6341740 -0.4478363 -0.3357157 -0.2633862 -0.2206904 -0.1910015 -0.1755773
0.9874877 1.154364 1.360917 1.612087 1.926736 2.316393 2.811573 3.435340 4.227792 5.163352 5.947484 5.840733 4.971005 4.058279 3.300630 2.707342 2.235805 1.864595 1.564871 1.325464 1.129228 0.9706795 0.8391590 0.7320517 0.6425126 0.5693747 0.5081947 0.4584965 0.4174567 0.3848558 0.3590328 0.3397300 0.3261585 0.3177698 0.3144259 0.3150181 0.3199185 0.3272070 0.3378116 0.3489040 0.3623879 0.3745211 0.3887860 0.3999189 0.4128583 0.4168127 0.4106682 0.3455352 0.1214877 -0.4758045 -1.004459 -0.9031810 -0.6388118 -0.4524341 -0.3401566 -0.2676234 -0.2247119 -0.1948378 -0.1792688
1.008017 1.177690 1.387312 1.641775 1.959878 2.353027 2.851594 3.478435 4.273444 5.210840 5.996004 5.889143 5.018232 4.103550 3.343253 2.746849 2.271925 1.897260 1.594153 1.351545 1.152350 0.9911249 0.8572155 0.7480056 0.6566327 0.5819130 0.5193776 0.4685311 0.4265239 0.3931178 0.3666298 0.3467835 0.3327692 0.3240192 0.3203729 0.3206996 0.3253474 0.3323700 0.3426720 0.3533986 0.3664362 0.3780250 0.3916454 0.4020322 0.4141513 0.4172288 0.4102107 0.3442466 0.1195297 -0.4784148 -1.007693 -0.9066342 -0.6423784 -0.4560283 -0.3437058 -0.2710782 -0.2280642 -0.1980926 -0.1824599
1.025654 1.197581 1.409628 1.666660 1.987404 2.383187 2.884255 3.513340 4.310178 5.248842 6.034531 5.927635 5.056080 4.140026 3.377837 2.779154 2.301727 1.924455 1.618755 1.373648 1.172110 1.008729 0.8728703 0.7619198 0.6690131 0.5929528 0.5292578 0.4774149 0.4345607 0.4004384 0.3733501 0.3530020 0.3385682 0.3294639 0.3255108 0.3255601 0.3299397 0.3366857 0.3466820 0.3570598 0.3696887 0.3808051 0.3938837 0.4036714 0.4151404 0.4175518 0.4098628 0.3432650 0.1179151 -0.4804596 -1.009938 -0.9092029 -0.6451350 -0.4588614 -0.3465493 -0.2739020 -0.2308484 -0.2008461 -0.1851946
1.040634 1.214355 1.428317 1.687340 2.010109 2.407875 2.910809 3.541538 4.339714 5.279332 6.065599 5.958642 5.086444 4.169387 3.405814 2.805464 2.326168 1.946931 1.639243 1.392197 1.188809 1.023707 0.8862699 0.7738963 0.6797181 0.6025368 0.5378606 0.4851674 0.4415806 0.4068327 0.3792114 0.3584105 0.3435901 0.3341524 0.3299043 0.3296815 0.3337984 0.3402750 0.3499832 0.3600411 0.3723126 0.3830251 0.3956601 0.4049629 0.4159268 0.4178170 0.4096273 0.3425602 0.1168557 -0.4819151 -1.011836 -0.9112453 -0.6472892 -0.4610991 -0.3488337 -0.2762014 -0.2331548 -0.2031553 -0.1875213
1.053165 1.228310 1.443765 1.704329 2.028639 2.427904 2.932224 3.564171 4.363317 5.303592 6.090084 5.983121 5.110639 4.192871 3.428297 2.826712 2.346029 1.965307 1.656104 1.407556 1.202725 1.036259 0.8975604 0.7840342 0.6888192 0.6107120 0.5452198 0.4918115 0.4476039 0.4123184 0.3842347 0.3630352 0.3478701 0.3381290 0.3336083 0.3331334 0.3370046 0.3432340 0.3526820 0.3624596 0.3744232 0.3848018 0.3970729 0.4059935 0.4165564 0.4180495 0.4094646 0.3420256 0.1159243 -0.4830953 -1.013096 -0.9127527 -0.6489605 -0.4628654 -0.3506572 -0.2780657 -0.2350444 -0.2050737 -0.1894710
1.063442 1.239694 1.456306 1.718045 2.043526 2.443910 2.949265 3.582104 4.381969 5.322760 6.109605 6.002604 5.129743 4.211442 3.446127 2.843639 2.361921 1.980090 1.669738 1.420044 1.214095 1.046567 0.9068733 0.7924321 0.6963839 0.6175293 0.5513706 0.4973750 0.4526514 0.4169167 0.3884416 0.3669014 0.3514374 0.3414317 0.3366707 0.3359705 0.3396253 0.3456362 0.3548596 0.3643979 0.3761068 0.3862118 0.3981944 0.4068103 0.4170660 0.4182476 0.4093707 0.3416587 0.1153719 -0.4839003 -1.014232 -0.9139692 -0.6502593 -0.4642446 -0.3521009 -0.2795534 -0.2365728 -0.2066365 -0.1910782
1.071626 1.248726 1.466210 1.728835 2.055183 2.456399 2.962507 3.596002 4.396379 5.337506 6.124422 6.017429 5.144465 4.225798 3.459957 2.856806 2.374335 1.991681 1.680476 1.429920 1.223127 1.054786 0.9143278 0.7991754 0.7024781 0.6230341 0.5563484 0.5018831 0.4567458 0.4206468 0.3918526 0.3700317 0.3543197 0.3440918 0.3391281 0.3382381 0.3417092 0.3475382 0.3565734 0.3659181 0.3774216 0.3873108 0.3990654 0.4074503 0.4174672 0.4184175 0.4093100 0.3413815 0.1148366 -0.4845716 -1.014905 -0.9148257 -0.6512405 -0.4653046 -0.3532165 -0.2807178 -0.2377754 -0.2078800 -0.1923618
1.077854 1.255573 1.473698 1.736961 2.063939 2.465745 2.972395 3.606349 4.407098 5.348495 6.135642 6.028621 5.155421 4.236480 3.470260 2.866645 2.383633 2.000394 1.688572 1.437393 1.229982 1.061045 0.9200208 0.8043412 0.7071562 0.6272696 0.5601838 0.5053618 0.4599065 0.4235273 0.3944852 0.3724454 0.3565384 0.3461348 0.3410103 0.3399692 0.3432949 0.3489792 0.3578693 0.3670616 0.3784090 0.3881337 0.3997208 0.4079297 0.4177757 0.4185517 0.4092846 0.3412072 0.1145870 -0.4849792 -1.015559 -0.9155073 -0.6519663 -0.4660862 -0.3540490 -0.2815890 -0.2386848 -0.2088226 -0.1933442
1.082227 1.260373 1.478930 1.742630 2.070028 2.472235 2.979242 3.613506 4.414492 5.356037 6.143162 6.036156 5.162960 4.243853 3.477390 2.873461 2.390093 2.006457 1.694222 1.442619 1.234789 1.065444 0.9240319 0.8079864 0.7104641 0.6302686 0.5629038 0.5078301 0.4621518 0.4255734 0.3963546 0.3741581 0.3581111 0.3475809 0.3423394 0.3411891 0.3444095 0.3499903 0.3587742 0.3678603 0.3790963 0.3887076 0.4001759 0.4082669 0.4179906 0.4186526 0.4092664 0.3410771 0.1142964 -0.4853234 -1.015841 -0.9159150 -0.6524568 -0.4666252 -0.3546233 -0.2821963 -0.2393181 -0.2094860 -0.1940348
1.084822 1.263215 1.482025 1.745974 2.073619 2.476052 2.983269 3.617706 4.418837 5.360497 6.147771 6.040743 5.167399 4.248185 3.481575 2.877473 2.393895 2.010035 1.697559 1.445712 1.237637 1.068056 0.9264153 0.8101569 0.7124354 0.6320580 0.5645272 0.5093055 0.4634933 0.4267963 0.3974719 0.3751813 0.3590496 0.3484426 0.3431312 0.3419144 0.3450712 0.3505888 0.3593100 0.3683316 0.3795022 0.3890449 0.4004454 0.4084650 0.4181210 0.4187111 0.4092652 0.3410209 0.1142472 -0.4854552 -1.016154 -0.9162044 -0.6527489 -0.4669396 -0.3549625 -0.2825530 -0.2396951 -0.2098783 -0.1944473
1.085682 1.264157 1.483048 1.747082 2.074803 2.477314 2.984595 3.619093 4.420263 5.361934 6.149122 6.042113 5.168845 4.249607 3.482957 2.878794 2.395152 2.011216 1.698663 1.446735 1.238581 1.068920 0.9272063 0.8108767 0.7130904 0.6326523 0.5650678 0.5097956 0.4639396 0.4272029 0.3978436 0.3755212 0.3593614 0.3487292 0.3433939 0.3421552 0.3452900 0.3507872 0.3594875 0.3684884 0.3796363 0.3891572 0.4005335 0.4085314 0.4181620 0.4187338 0.4092600 0.3409896 0.1141332 -0.4855536 -1.016131 -0.9162557 -0.6528398 -0.4670443 -0.3550722 -0.2826720 -0.2398181 -0.2100093 -0.1945828
1.084823 1.263215 1.482025 1.745975 2.073619 2.476052 2.983268 3.617706 4.418837 5.360495 6.147772 6.040743 5.167399 4.248185 3.481574 2.877473 2.393895 2.010035 1.697559 1.445712 1.237637 1.068056 0.9264151 0.8101566 0.7124352 0.6320579 0.5645274 0.5093055 0.4634934 0.4267963 0.3974719 0.3751813 0.3590494 0.3484426 0.3431310 0.3419142 0.3450708 0.3505886 0.3593102 0.3683318 0.3795022 0.3890451 0.4004454 0.4084647 0.4181210 0.4187111 0.4092652 0.3410213 0.1142465 -0.4854556 -1.016155 -0.9162041 -0.6527486 -0.4669394 -0.3549623 -0.2825531 -0.2396953 -0.2098783 -0.1944474
1.082227 1.260373 1.478930 1.742629 2.070028 2.472235 2.979241 3.613505 4.414491 5.356037 6.143162 6.036156 5.162958 4.243852 3.477390 2.873462 2.390093 2.006458 1.694222 1.442619 1.234789 1.065444 0.9240317 0.8079861 0.7104645 0.6302685 0.5629039 0.5078307 0.4621523 0.4255737 0.3963550 0.3741578 0.3581108 0.3475805 0.3423393 0.3411891 0.3444091 0.3499897 0.3587739 0.3678603 0.3790962 0.3887076 0.4001761 0.4082672 0.4179906 0.4186522 0.4092656 0.3410771 0.1142967 -0.4853234 -1.015840 -0.9159155 -0.6524566 -0.4666252 -0.3546230 -0.2821968 -0.2393187 -0.2094862 -0.1940352
