T5-twomodels-2/gx/model150.grd
DSAA
         100         100
  -15.00000       15.00000    
  -15.00000       15.00000    
  -6.144037       6.149122    
[rows 0 to 25 of 100, columns 0 to 58 of 100]
4.0334385E-02 4.1051008E-02 4.1707113E-02 4.2296737E-02 4.2812631E-02 4.3249752E-02 4.3601036E-02 4.3862749E-02 4.4028942E-02 4.4095583E-02 4.4052120E-02 4.3923814E-02 4.3704174E-02 4.3373533E-02 4.2943630E-02 4.2416532E-02 4.1797478E-02 4.1089699E-02 4.0299624E-02 3.9431866E-02 3.8492784E-02 3.7487790E-02 3.6423497E-02 3.5305317E-02 3.4139648E-02 3.2931786E-02 3.1687424E-02 3.0411355E-02 2.9108310E-02 2.7782304E-02 2.6437521E-02 2.5077300E-02 2.3704650E-02 2.2322433E-02 2.0933038E-02 1.9538546E-02 1.8140674E-02 1.6741127E-02 1.5340923E-02 1.3941716E-02 1.2544229E-02 1.1149698E-02 9.7582322E-03 8.3711408E-03 6.9879577E-03 5.6104823E-03 4.2373319E-03 2.8697280E-03 1.5006081E-03 1.4940742E-04 -1.1834578E-03 -2.5372254E-03 -3.8828934E-03 -5.2215196E-03 -6.5561254E-03 -7.8887092E-03 -9.2187421E-03 -1.0548082E-02 -1.1876427E-02
4.3439250E-02 4.4258788E-02 4.5012824E-02 4.5692440E-02 4.6291050E-02 4.6800300E-02 4.7214400E-02 4.7525838E-02 4.7731668E-02 4.7829043E-02 4.7824893E-02 4.7689110E-02 4.7428198E-02 4.7065329E-02 4.6591513E-02 4.6010386E-02 4.5324251E-02 4.4540007E-02 4.3662865E-02 4.2700402E-02 4.1658726E-02 4.0545829E-02 3.9368108E-02 3.8133044E-02 3.6847271E-02 3.5517748E-02 3.4150280E-02 3.2750953E-02 3.1324584E-02 2.9876033E-02 2.8409611E-02 2.6929140E-02 2.5437742E-02 2.3938444E-02 2.2433819E-02 2.0925799E-02 1.9416351E-02 1.7906813E-02 1.6398700E-02 1.4892999E-02 1.3391170E-02 1.1893392E-02 1.0400973E-02 8.9136222E-03 7.4328361E-03 5.9579033E-03 4.4912156E-03 3.0318247E-03 1.5871570E-03 1.3545505E-04 -1.3242215E-03 -2.7507020E-03 -4.1768686E-03 -5.6024408E-03 -7.0255152E-03 -8.4455162E-03 -9.8644393E-03 -1.1282217E-02 -1.2700976E-02
4.6847109E-02 4.7787234E-02 4.8654586E-02 4.9440578E-02 5.0135121E-02 5.0730597E-02 5.1217269E-02 5.1589359E-02 5.1838905E-02 5.1960398E-02 5.1941391E-02 5.1809058E-02 5.1556397E-02 5.1162392E-02 5.0640702E-02 4.9994871E-02 4.9232211E-02 4.8357904E-02 4.7380827E-02 4.6308074E-02 4.5148928E-02 4.3911304E-02 4.2604089E-02 4.1235149E-02 3.9813221E-02 3.8345549E-02 3.6839478E-02 3.5301346E-02 3.3737134E-02 3.2151826E-02 3.0550350E-02 2.8936619E-02 2.7314149E-02 2.5686055E-02 2.4054853E-02 2.2422617E-02 2.0791039E-02 1.9161794E-02 1.7535808E-02 1.5914671E-02 1.4298901E-02 1.2689695E-02 1.1087017E-02 9.4921738E-03 7.9045305E-03 6.3259974E-03 4.7549778E-03 3.1925244E-03 1.6307109E-03 9.0620597E-05 -1.4275021E-03 -2.9668475E-03 -4.4961283E-03 -6.0170046E-03 -7.5332848E-03 -9.0477020E-03 -1.0560199E-02 -1.2073413E-02 -1.3587667E-02
5.0595619E-02 5.1675424E-02 5.2676361E-02 5.3586099E-02 5.4394808E-02 5.5090651E-02 5.5664901E-02 5.6107167E-02 5.6412313E-02 5.6575805E-02 5.6604251E-02 5.6464106E-02 5.6162633E-02 5.5725791E-02 5.5144764E-02 5.4425154E-02 5.3571433E-02 5.2593242E-02 5.1498730E-02 5.0298840E-02 4.9002863E-02 4.7621880E-02 4.6165265E-02 4.4643540E-02 4.3065932E-02 4.1441709E-02 3.9778579E-02 3.8084354E-02 3.6365323E-02 3.4627385E-02 3.2875538E-02 3.1114178E-02 2.9346900E-02 2.7576916E-02 2.5806768E-02 2.4038322E-02 2.2273468E-02 2.0513294E-02 1.8759189E-02 1.7011911E-02 1.5272801E-02 1.3541835E-02 1.1820353E-02 1.0107880E-02 8.4058847E-03 6.7135696E-03 5.0334698E-03 3.3643125E-03 1.7141283E-03 5.8818841E-05 -1.6029662E-03 -3.2263517E-03 -4.8479326E-03 -6.4678839E-03 -8.0846865E-03 -9.6983509E-03 -1.1311759E-02 -1.2925494E-02 -1.4542758E-02
5.4725531E-02 5.5969771E-02 5.7126559E-02 5.8183338E-02 5.9125766E-02 5.9942171E-02 6.0618911E-02 6.1146870E-02 6.1514866E-02 6.1714936E-02 6.1732128E-02 6.1596218E-02 6.1299469E-02 6.0819071E-02 6.0171541E-02 5.9362888E-02 5.8403566E-02 5.7301998E-02 5.6071032E-02 5.4721661E-02 5.3267181E-02 5.1719312E-02 5.0090834E-02 4.8393004E-02 4.6637665E-02 4.4834718E-02 4.2993832E-02 4.1123230E-02 3.9230473E-02 3.7321683E-02 3.5402510E-02 3.3477362E-02 3.1550061E-02 2.9623823E-02 2.7700987E-02 2.5783466E-02 2.3872659E-02 2.1969860E-02 2.0075660E-02 1.8191449E-02 1.6317511E-02 1.4454889E-02 1.2603397E-02 1.0764355E-02 8.9368783E-03 7.1230931E-03 5.3211465E-03 3.5320583E-03 1.7470098E-03 -1.0736403E-05 -1.7413899E-03 -3.4933472E-03 -5.2322722E-03 -6.9605215E-03 -8.6830612E-03 -1.0403691E-02 -1.2123093E-02 -1.3845007E-02 -1.5570755E-02
5.9285406E-02 6.0721707E-02 6.2063374E-02 6.3292965E-02 6.4395584E-02 6.5354109E-02 6.6155128E-02 6.6783741E-02 6.7231216E-02 6.7490131E-02 6.7566253E-02 6.7422062E-02 6.7065641E-02 6.6526271E-02 6.5796018E-02 6.4883739E-02 6.3797519E-02 6.2551528E-02 6.1158609E-02 5.9634738E-02 5.7994049E-02 5.6252580E-02 5.4424256E-02 5.2523769E-02 5.0563913E-02 4.8557181E-02 4.6513949E-02 4.4444177E-02 4.2355757E-02 4.0255804E-02 3.8150005E-02 3.6043163E-02 3.3938978E-02 3.1840552E-02 2.9750114E-02 2.7669089E-02 2.5598859E-02 2.3540007E-02 2.1493396E-02 1.9459451E-02 1.7439252E-02 1.5432479E-02 1.3440411E-02 1.1462439E-02 9.5001077E-03 7.5525576E-03 5.6225662E-03 3.7086573E-03 1.8197199E-03 -7.0882379E-05 -1.9651577E-03 -3.8141792E-03 -5.6586638E-03 -7.4993996E-03 -9.3356334E-03 -1.1168342E-02 -1.3001578E-02 -1.4837004E-02 -1.6679302E-02
6.4329065E-02 6.5992795E-02 6.7552119E-02 6.8988390E-02 7.0280656E-02 7.1410954E-02 7.2359331E-02 7.3111318E-02 7.3650651E-02 7.3965400E-02 7.4036941E-02 7.3897734E-02 7.3539227E-02 7.2936945E-02 7.2111599E-02 7.1073234E-02 6.9837533E-02 6.8418294E-02 6.6834666E-02 6.5103747E-02 6.3245088E-02 6.1276391E-02 5.9216119E-02 5.7080381E-02 5.4885454E-02 5.2644897E-02 5.0371539E-02 4.8075877E-02 4.5767233E-02 4.3452810E-02 4.1138988E-02 3.8830359E-02 3.6530644E-02 3.4242585E-02 3.1967949E-02 2.9707948E-02 2.7463151E-02 2.5234133E-02 2.3020765E-02 2.0823978E-02 1.8643593E-02 1.6480403E-02 1.4334050E-02 1.2205902E-02 1.0095059E-02 8.0039669E-03 5.9306622E-03 3.8763043E-03 1.8311257E-03 -1.7891289E-04 -2.1545449E-03 -4.1502616E-03 -6.1281752E-03 -8.0916276E-03 -1.0047193E-02 -1.2000202E-02 -1.3952522E-02 -1.5909564E-02 -1.7874083E-02
6.9920197E-02 7.1851842E-02 7.3671088E-02 7.5352661E-02 7.6873764E-02 7.8208998E-02 7.9337336E-02 8.0236517E-02 8.0891877E-02 8.1291161E-02 8.1438161E-02 8.1289805E-02 8.0855273E-02 8.0168769E-02 7.9224467E-02 7.8036599E-02 7.6619387E-02 7.4994408E-02 7.3182106E-02 7.1206555E-02 6.9089524E-02 6.6854641E-02 6.4522587E-02 6.2114086E-02 5.9647080E-02 5.7138469E-02 5.4602027E-02 5.2050326E-02 4.9492974E-02 4.6938196E-02 4.4392154E-02 4.1859612E-02 3.9343763E-02 3.6846884E-02 3.4370225E-02 3.1914085E-02 2.9478731E-02 2.7063612E-02 2.4668721E-02 2.2293674E-02 1.9939052E-02 1.7604128E-02 1.5290158E-02 1.2996543E-02 1.0725152E-02 8.4752860E-03 6.2502804E-03 4.0486632E-03 1.8805324E-03 -2.8375073E-04 -2.4468116E-03 -4.5544994E-03 -6.6528334E-03 -8.7435152E-03 -1.0826945E-02 -1.2905494E-02 -1.4985088E-02 -1.7069068E-02 -1.9164221E-02
7.6129466E-02 7.8380488E-02 8.0508687E-02 8.2485974E-02 8.4281169E-02 8.5866205E-02 8.7210961E-02 8.8291965E-02 8.9084484E-02 8.9569926E-02 8.9723788E-02 8.9580886E-02 8.9131892E-02 8.8351429E-02 8.7266810E-02 8.5894965E-02 8.4260233E-02 8.2385622E-02 8.0300391E-02 7.8031622E-02 7.5608820E-02 7.3058799E-02 7.0408523E-02 6.7681268E-02 6.4899519E-02 6.2081773E-02 5.9244782E-02 5.6401741E-02 5.3563785E-02 5.0739024E-02 4.7934007E-02 4.5152873E-02 4.2398322E-02 3.9671808E-02 3.6973551E-02 3.4303114E-02 3.1659424E-02 2.9041553E-02 2.6448082E-02 2.3878908E-02 2.1333050E-02 1.8811012E-02 1.6312266E-02 1.3838633E-02 1.1389418E-02 8.9678392E-03 6.5721516E-03 4.2040544E-03 1.8529769E-03 -4.5165652E-04 -2.7108707E-03 -4.9864114E-03 -7.2363415E-03 -9.4654215E-03 -1.1682450E-02 -1.3894957E-02 -1.6106794E-02 -1.8325813E-02 -2.0556996E-02
8.3040871E-02 8.5671313E-02 8.8171244E-02 9.0503328E-02 9.2632234E-02 9.4519243E-02 9.6130677E-02 9.7431988E-02 9.8398097E-02 9.9008314E-02 9.9262118E-02 9.9108517E-02 9.8558284E-02 9.7653106E-02 9.6391648E-02 9.4797477E-02 9.2895515E-02 9.0719864E-02 8.8303693E-02 8.5684143E-02 8.2895301E-02 7.9972416E-02 7.6946303E-02 7.3846638E-02 7.0698455E-02 6.7524433E-02 6.4342536E-02 6.1168283E-02 5.8012910E-02 5.4885302E-02 5.1791266E-02 4.8734564E-02 4.5716669E-02 4.2737864E-02 3.9797146E-02 3.6892492E-02 3.4021858E-02 3.1182580E-02 2.8372893E-02 2.5590982E-02 2.2836508E-02 2.0108210E-02 1.7407596E-02 1.4734345E-02 1.2091286E-02 9.4783725E-03 6.9001867E-03 4.3558478E-03 1.8575112E-03 -6.2790932E-04 -3.1034113E-03 -5.5081560E-03 -7.8949910E-03 -1.0267092E-02 -1.2626510E-02 -1.4977838E-02 -1.7329842E-02 -1.9688513E-02 -2.2063771E-02
9.0747871E-02 9.3833730E-02 9.6779831E-02 9.9543437E-02 0.1020770 0.1043359 0.1062729 0.1078489 0.1090247 0.1097699 0.1100502 0.1099021 0.1093153 0.1082653 0.1067901 0.1049189 0.1026912 0.1001458 9.7329006E-02 9.4284445E-02 9.1057494E-02 8.7689273E-02 8.4219344E-02 8.0681525E-02 7.7106804E-02 7.3520057E-02 6.9942668E-02 6.6390686E-02 6.2876694E-02 5.9408899E-02 5.5992857E-02 5.2630823E-02 4.9322926E-02 4.6067648E-02 4.2862020E-02 3.9702386E-02 3.6584437E-02 3.3504434E-02 3.0458428E-02 2.7444575E-02 2.4460541E-02 2.1506427E-02 1.8581863E-02 1.5689608E-02 1.2829958E-02 1.0007817E-02 7.2225812E-03 4.4774613E-03 1.7617248E-03 -8.9059467E-04 -3.4803525E-03 -6.0780034E-03 -8.6369058E-03 -1.1163956E-02 -1.3671076E-02 -1.6169209E-02 -1.8665271E-02 -2.1170883E-02 -2.3694422E-02
9.9360257E-02 0.1029918 0.1064793 0.1097665 0.1127980 0.1155128 0.1178556 0.1197703 0.1212133 0.1221484 0.1225665 0.1224049 0.1216766 0.1204346 0.1186873 0.1164748 0.1138414 0.1108430 0.1075347 0.1039752 0.1002187 9.6318454E-02 9.2320465E-02 8.8267110E-02 8.4193163E-02 8.0128558E-02 7.6095983E-02 7.2113708E-02 6.8193823E-02 6.4344600E-02 6.0569827E-02 5.6870271E-02 5.3243738E-02 4.9686212E-02 4.6192300E-02 4.2755436E-02 3.9369300E-02 3.6027271E-02 3.2724384E-02 2.9456237E-02 2.6220962E-02 2.3016689E-02 1.9845460E-02 1.6708061E-02 1.3609365E-02 1.0551414E-02 7.5415480E-03 4.5808498E-03 1.6851700E-03 -1.1821918E-03 -4.0241284E-03 -6.7712506E-03 -9.4852531E-03 -1.2171414E-02 -1.4834584E-02 -1.7482921E-02 -2.0129653E-02 -2.2784889E-02 -2.5463320E-02
0.1090013 0.1132927 0.1174363 0.1213666 0.1250097 0.1282926 0.1311389 0.1334814 0.1352545 0.1364063 0.1368855 0.1367281 0.1359233 0.1344501 0.1323656 0.1297216 0.1265848 0.1230226 0.1191107 0.1149205 0.1105232 0.1059820 0.1013553 9.6691824E-02 9.2033722E-02 8.7413624E-02 8.2857728E-02 7.8384228E-02 7.4005820E-02 6.9728844E-02 6.5555565E-02 6.1483756E-02 5.7508279E-02 5.3621799E-02 4.9815182E-02 4.6078693E-02 4.2402182E-02 3.8776711E-02 3.5193805E-02 3.1648330E-02 2.8135827E-02 2.4655828E-02 2.1208532E-02 1.7798809E-02 1.4429598E-02 1.1109631E-02 7.8414911E-03 4.6320842E-03 1.4720019E-03 -1.5975558E-03 -4.5767459E-03 -7.5468849E-03 -1.0455621E-02 -1.3313023E-02 -1.6135903E-02 -1.8940598E-02 -2.1739101E-02 -2.4548808E-02 -2.7383486E-02
0.1198145 0.1249030 0.1298497 0.1345696 0.1389738 0.1429641 0.1464468 0.1493269 0.1515259 0.1529783 0.1536569 0.1534808 0.1524662 0.1506849 0.1481651 0.1449785 0.1412054 0.1369411 0.1322791 0.1273150 0.1221353 0.1168213 0.1114414 0.1060556 0.1007109 9.5445529E-02 9.0286367E-02 8.5252985E-02 8.0356196E-02 7.5600795E-02 7.0985436E-02 6.6504538E-02 6.2148530E-02 5.7905562E-02 5.3761866E-02 4.9702752E-02 4.5714181E-02 4.1782275E-02 3.7896223E-02 3.4047026E-02 3.0230125E-02 2.6442647E-02 2.2687880E-02 1.8969353E-02 1.5296439E-02 1.1676131E-02 8.1218667E-03 4.6398141E-03 1.2527336E-03 -2.0788519E-03 -5.3567463E-03 -8.5007409E-03 -1.1583744E-02 -1.4614884E-02 -1.7603656E-02 -2.0564394E-02 -2.3517646E-02 -2.6480196E-02 -2.9474119E-02
0.1319597 0.1380187 0.1439485 0.1496479 0.1550001 0.1598841 0.1641707 0.1677409 0.1704791 0.1722916 0.1730947 0.1729187 0.1717527 0.1695866 0.1665138 0.1626296 0.1580520 0.1529010 0.1473048 0.1413820 0.1352457 0.1289933 0.1227106 0.1164657 0.1103145 0.1042972 9.8443687E-02 9.2771441E-02 8.7290041E-02 8.2000077E-02 7.6896317E-02 7.1967535E-02 6.7198820E-02 6.2572211E-02 5.8067527E-02 5.3664222E-02 4.9341768E-02 4.5081746E-02 4.0867530E-02 3.6687858E-02 3.2534279E-02 2.8405385E-02 2.4302687E-02 2.0235393E-02 1.6212476E-02 1.2250897E-02 8.3610062E-03 4.5583001E-03 8.3817868E-04 -2.7464819E-03 -6.1933184E-03 -9.5973369E-03 -1.2899179E-02 -1.6114650E-02 -1.9268796E-02 -2.2386987E-02 -2.5490036E-02 -2.8604800E-02 -3.1753503E-02
0.1456212 0.1528611 0.1600040 0.1669202 0.1734669 0.1794819 0.1848012 0.1892571 0.1927024 0.1950128 0.1961218 0.1959169 0.1944194 0.1917354 0.1879360 0.1831552 0.1775437 0.1712703 0.1644978 0.1573847 0.1500701 0.1426775 0.1353070 0.1280406 0.1209389 0.1140470 0.1073930 0.1009937 9.4853453E-02 8.8968478E-02 8.3326750E-02 7.7910542E-02 7.2697215E-02 6.7660950E-02 6.2773608E-02 5.8006264E-02 5.3331032E-02 4.8721362E-02 4.4155527E-02 3.9615657E-02 3.5092026E-02 3.0579675E-02 2.6084146E-02 2.1614496E-02 1.7189629E-02 1.2827409E-02 8.5546291E-03 4.3895449E-03 3.6859419E-04 -3.5475125E-03 -7.3569827E-03 -1.0964589E-02 -1.4459155E-02 -1.7857039E-02 -2.1176785E-02 -2.4443993E-02 -2.7691770E-02 -3.0948345E-02 -3.4247302E-02
0.1610007 0.1696864 0.1783271 0.1867683 0.1948237 0.2022889 0.2089388 0.2145534 0.2189181 0.2218527 0.2232071 0.2229923 0.2211982 0.2178443 0.2130971 0.2071417 0.2001974 0.1924849 0.1842271 0.1756240 0.1668556 0.1580699 0.1493891 0.1409043 0.1326843 0.1247733 0.1171991 0.1099724 0.1030923 9.6546739E-02 9.0315871E-02 8.4372334E-02 7.8684151E-02 7.3215365E-02 6.7927226E-02 6.2780701E-02 5.7736926E-02 5.2760541E-02 4.7819842E-02 4.2891584E-02 3.7959114E-02 3.3018101E-02 2.8072171E-02 2.3138791E-02 1.8239360E-02 1.3408018E-02 8.6729415E-03 4.0691579E-03 -3.9451991E-04 -4.6435976E-03 -8.6690411E-03 -1.2583600E-02 -1.6320171E-02 -1.9905599E-02 -2.3380401E-02 -2.6786806E-02 -3.0161593E-02 -3.3547729E-02 -3.6981180E-02
0.1783257 0.1887801 0.1992819 0.2096377 0.2196181 0.2289502 0.2373407 0.2444784 0.2500750 0.2538799 0.2557372 0.2554729 0.2531174 0.2488458 0.2428267 0.2353259 0.2266376 0.2170728 0.2069214 0.1964489 0.1858767 0.1753888 0.1651245 0.1551887 0.1456510 0.1365560 0.1279239 0.1197591 0.1120500 0.1047749 9.7902097E-02 9.1392919E-02 8.5202888E-02 7.9283454E-02 7.3582940E-02 6.8048298E-02 6.2628046E-02 5.7272673E-02 5.1939812E-02 4.6594486E-02 4.1215017E-02 3.5790727E-02 3.0329708E-02 2.4850644E-02 1.9390695E-02 1.3991143E-02 8.7075634E-03 3.5865000E-03 -1.3059238E-03 -5.9996964E-03 -1.0482769E-02 -1.4638657E-02 -1.8580433E-02 -2.2339856E-02 -2.5955250E-02 -2.9474357E-02 -3.2953665E-02 -3.6441512E-02 -3.9990157E-02
0.1978382 0.2104643 0.2232790 0.2360556 0.2484998 0.2602641 0.2709449 0.2801212 0.2873686 0.2923164 0.2946645 0.2943666 0.2914176 0.2859146 0.2781871 0.2686167 0.2576338 0.2456579 0.2330848 0.2202517 0.2074402 0.1948660 0.1826914 0.1710259 0.1599403 0.1494701 0.1396268 0.1304005 0.1217672 0.1136899 0.1061229 9.9012434E-02 9.2299104E-02 8.5918665E-02 7.9802915E-02 7.3882438E-02 6.8087362E-02 6.2352121E-02 5.6616392E-02 5.0832704E-02 4.4965766E-02 3.9001625E-02 3.2944050E-02 2.6823046E-02 2.0683000E-02 1.4593104E-02 8.6215558E-03 2.8481707E-03 -2.6819529E-03 -7.8502120E-03 -1.2629107E-02 -1.7153611E-02 -2.1350931E-02 -2.5273336E-02 -2.8994225E-02 -3.2590285E-02 -3.6129590E-02 -3.9683413E-02 -4.3310147E-02
0.2197982 0.2350850 0.2507851 0.2666255 0.2822492 0.2971976 0.3109358 0.3228635 0.3323838 0.3389551 0.3422017 0.3418110 0.3378322 0.3306000 0.3205193 0.3081563 0.2941132 0.2789844 0.2632910 0.2474743 0.2318741 0.2167471 0.2022670 0.1885468 0.1756453 0.1635853 0.1523585 0.1419376 0.1322777 0.1233241 0.1150120 0.1072698 0.1000196 9.3178183E-02 8.6657993E-02 8.0367938E-02 7.4217036E-02 6.8115674E-02 6.1982799E-02 5.5748038E-02 4.9361728E-02 4.2794853E-02 3.6051892E-02 2.9163158E-02 2.2196632E-02 1.5240046E-02 8.4110769E-03 1.8235996E-03 -4.3854350E-03 -1.0208576E-02 -1.5603402E-02 -2.0419179E-02 -2.4812436E-02 -2.8853795E-02 -3.2628737E-02 -3.6234327E-02 -3.9773364E-02 -4.3330818E-02 -4.6988752E-02
0.2444650 0.2630135 0.2823063 0.3020414 0.3217779 0.3409373 0.3587880 0.3744969 0.3871712 0.3959819 0.4002555 0.3997750 0.3945528 0.3849024 0.3715551 0.3553583 0.3372060 0.3179159 0.2981941 0.2785926 0.2595258 0.2412759 0.2240249 0.2078691 0.1928488 0.1789569 0.1661593 0.1543988 0.1436065 0.1337015 0.1245973 0.1161998 0.1084098 0.1011219 9.4224982E-02 8.7603219E-02 8.1137247E-02 7.4709490E-02 6.8206802E-02 6.1531834E-02 5.4605536E-02 4.7382481E-02 3.9851364E-02 3.2050721E-02 2.4058647E-02 1.6007923E-02 8.0537060E-03 3.8202852E-04 -6.8608904E-03 -1.3448135E-02 -1.9296352E-02 -2.4566591E-02 -2.9193331E-02 -3.3295158E-02 -3.7027359E-02 -4.0545456E-02 -4.3982234E-02 -4.7460631E-02 -5.1073696E-02
0.2720931 0.2946182 0.3183847 0.3430627 0.3681469 0.3928996 0.4163555 0.4373211 0.4544902 0.4665879 0.4726383 0.4719659 0.4646660 0.4514969 0.4335012 0.4119872 0.3882500 0.3634482 0.3385038 0.3141103 0.2907376 0.2686864 0.2481162 0.2290932 0.2116115 0.1956239 0.1810512 0.1678002 0.1557652 0.1448362 0.1348977 0.1258308 0.1175112 0.1098087 0.1025855 9.5695719E-02 8.8988103E-02 8.2306661E-02 7.5500764E-02 6.8429329E-02 6.0977161E-02 5.3060152E-02 4.4647884E-02 3.5762951E-02 2.6505301E-02 1.7037662E-02 7.6038763E-03 -1.5194528E-03 -1.0006735E-02 -1.7711170E-02 -2.4487777E-02 -3.0120440E-02 -3.4859732E-02 -3.8890425E-02 -4.2429056E-02 -4.5694016E-02 -4.8885789E-02 -5.2154787E-02 -5.5625975E-02
0.3028970 0.3302510 0.3595538 0.3905023 0.4225329 0.4547656 0.4859183 0.5143250 0.5379976 0.5548980 0.5632821 0.5623759 0.5522528 0.5339090 0.5092049 0.4801918 0.4488167 0.4166743 0.3849697 0.3545172 0.3258289 0.2991735 0.2746606 0.2522826 0.2319674 0.2135971 0.1970362 0.1821365 0.1687499 0.1567267 0.1459195 0.1361797 0.1273563 0.1192916 0.1118183 0.1047585 9.7921371E-02 9.1108777E-02 8.4117338E-02 7.6754391E-02 6.8843365E-02 6.0249727E-02 5.0887883E-02 4.0755283E-02 2.9935036E-02 1.8637162E-02 7.1755145E-03 -4.0121377E-03 -1.4480250E-02 -2.3670262E-02 -3.1288855E-02 -3.7504476E-02 -4.2320255E-02 -4.6069920E-02 -4.9147870E-02 -5.1911037E-02 -5.4630868E-02 -5.7516247E-02 -6.0701869E-02
0.3370366 0.3701914 0.4063044 0.4451499 0.4861957 0.5284337 0.5702599 0.6093391 0.6426913 0.6670073 0.6794131 0.6780556 0.6631765 0.6369098 0.6022709 0.5625637 0.5206569 0.4787461 0.4383088 0.4002540 0.3650487 0.3328750 0.3037182 0.2774585 0.2539084 0.2328585 0.2140875 0.1973823 0.1825359 0.1693549 0.1576525 0.1472487 0.1379631 0.1296101 0.1219925 0.1148971 0.1080930 0.1013297 9.4347127E-02 8.6879499E-02 7.8677572E-02 6.9516383E-02 5.9232395E-02 4.7734007E-02 3.5059124E-02 2.1395599E-02 7.1624760E-03 -7.0062466E-03 -2.0235311E-02 -3.1817656E-02 -4.1158125E-02 -4.7843158E-02 -5.2404542E-02 -5.5450130E-02 -5.7626352E-02 -5.9476800E-02 -6.1402097E-02 -6.3646026E-02 -6.6366933E-02
0.3745633 0.4146112 0.4589890 0.5076937 0.5603368 0.6159425 0.6726107 0.7272385 0.7753127 0.8112967 0.8297797 0.8277596 0.8055728 0.7668561 0.7172197 0.6620562 0.6056144 0.5507386 0.4991283 0.4516256 0.4085374 0.3698255 0.3352762 0.3045751 0.2773814 0.2533475 0.2321491 0.2134829 0.1970767 0.1826803 0.1700661 0.1590181 0.1493274 0.1407807 0.1331520 0.1261952 0.1196366 0.1131758 0.1064844 9.9221148E-02 9.1034919E-02 8.1594102E-02 7.0591971E-02 5.7795461E-02 4.3068498E-02 2.6489003E-02 8.4324274E-03 -1.0232208E-02 -2.8178750E-02 -4.3567363E-02 -5.5029474E-02 -6.2491514E-02 -6.6380851E-02 -6.7952372E-02 -6.8442874E-02 -6.8747692E-02 -6.9389403E-02 -7.0655562E-02 -7.2666213E-02
0.4153984 0.4634866 0.5177426 0.5785410 0.6459147 0.7191824 0.7964703 0.8739309 0.9450431 1.000472 1.030049 1.026738 0.9914361 0.9322357 0.8593987 0.7817876 0.7053456 0.6334739 0.5677611 0.5087244 0.4562512 0.4099327 0.3692134 0.3335153 0.3022698 0.2749621 0.2511258 0.2303569 0.2122975 0.1966389 0.1831035 0.1714415 0.1614142 0.1527840 0.1453004 0.1386875 0.1326373 0.1267981 0.1207836 0.1141671 0.1065035 9.7320236E-02 8.6145379E-02 7.2491638E-02 5.5918656E-02 3.6092754E-02 1.3068878E-02 -1.2337696E-02 -3.7917402E-02 -6.0428541E-02 -7.6490358E-02 -8.4509842E-02 -8.6390741E-02 -8.4907606E-02 -8.2361370E-02 -8.0108270E-02 -7.8792453E-02 -7.8621648E-02 -7.9637446E-02
