T5-twomodels-2/gx/model30.grd
DSAA
         100         100
  -15.00000       15.00000    
  -15.00000       15.00000    
  -6.091158       8.072992    
[rows 0 to 25 of 100, columns 0 to 58 of 100]
-4.8250374E-03 -4.5035994E-03 -4.1190116E-03 -3.6672079E-03 -3.1432065E-03 -2.5432485E-03 -1.8627733E-03 -1.0993434E-03 -2.4923502E-04 6.8986701E-04 1.7239654E-03 2.8376149E-03 4.0340517E-03 5.3242943E-03 6.7002550E-03 8.1591541E-03 9.6956939E-03 1.1305690E-02 1.2982527E-02 1.4720146E-02 1.6510805E-02 1.8347217E-02 2.0220483E-02 2.2121722E-02 2.4040734E-02 2.5967421E-02 2.7890762E-02 2.9799819E-02 3.1682719E-02 3.3527620E-02 3.5321973E-02 3.7053388E-02 3.8709108E-02 4.0276837E-02 4.1744027E-02 4.3098915E-02 4.4329759E-02 4.5425646E-02 4.6376232E-02 4.7172684E-02 4.7806863E-02 4.8272267E-02 4.8563473E-02 4.8676886E-02 4.8609830E-02 4.8362009E-02 4.7933787E-02 4.7327321E-02 4.6539802E-02 4.5585234E-02 4.4491161E-02 4.3247718E-02 4.1852076E-02 4.0319212E-02 3.8661983E-02 3.6890805E-02 3.5016876E-02 3.3050697E-02 3.1002911E-02
-5.8791572E-03 -5.5701518E-03 -5.1918514E-03 -4.7382857E-03 -4.2046481E-03 -3.5850550E-03 -2.8754554E-03 -2.0710200E-03 -1.1695025E-03 -1.6921695E-04 9.2565024E-04 2.1329238E-03 3.4483369E-03 4.8573189E-03 6.3644010E-03 7.9658711E-03 9.6584279E-03 1.1435596E-02 1.3291520E-02 1.5218116E-02 1.7208023E-02 1.9252086E-02 2.1341052E-02 2.3464181E-02 2.5610896E-02 2.7769240E-02 2.9927444E-02 3.2072604E-02 3.4191847E-02 3.6271330E-02 3.8297337E-02 4.0255237E-02 4.2130858E-02 4.3909684E-02 4.5577638E-02 4.7120597E-02 4.8525292E-02 4.9778592E-02 5.0868787E-02 5.1785056E-02 5.2518211E-02 5.3060073E-02 5.3404797E-02 5.3547561E-02 5.3486019E-02 5.3219028E-02 5.2748926E-02 5.2080177E-02 5.1226027E-02 5.0184432E-02 4.8941303E-02 4.7525071E-02 4.5957878E-02 4.4244453E-02 4.2393539E-02 4.0417541E-02 3.8328737E-02 3.6139809E-02 3.3862375E-02
-7.0860116E-03 -6.7970660E-03 -6.4311037E-03 -5.9820567E-03 -5.4428428E-03 -4.8077693E-03 -4.0703029E-03 -3.2262148E-03 -2.2701703E-03 -1.1985147E-03 -3.6990969E-06 1.2980629E-03 2.7108197E-03 4.2467946E-03 5.8969832E-03 7.6580346E-03 9.5236888E-03 1.1488667E-02 1.3544790E-02 1.5684465E-02 1.7898321E-02 2.0176964E-02 2.2509031E-02 2.4883516E-02 2.7287822E-02 2.9709257E-02 3.2134000E-02 3.4548130E-02 3.6936555E-02 3.9284214E-02 4.1575011E-02 4.3792777E-02 4.5920826E-02 4.7942899E-02 4.9842250E-02 5.1602799E-02 5.3208679E-02 5.4644946E-02 5.5897329E-02 5.6953456E-02 5.7801891E-02 5.8433473E-02 5.8840659E-02 5.9018489E-02 5.8963407E-02 5.8675081E-02 5.8154535E-02 5.7405140E-02 5.6425367E-02 5.5232551E-02 5.3859264E-02 5.2297477E-02 5.0546929E-02 4.8626989E-02 4.6554718E-02 4.4344470E-02 4.2011142E-02 3.9568819E-02 3.7031420E-02
-8.4674116E-03 -8.2070278E-03 -7.8622447E-03 -7.4245357E-03 -6.8866489E-03 -6.2402221E-03 -5.4789241E-03 -4.5955563E-03 -3.5861128E-03 -2.4473500E-03 -1.1827389E-03 2.2817694E-04 1.7812854E-03 3.4607293E-03 5.2714325E-03 7.2089387E-03 9.2690121E-03 1.1443686E-02 1.3725503E-02 1.6104544E-02 1.8571451E-02 2.1114493E-02 2.3721989E-02 2.6380813E-02 2.9077651E-02 3.1797566E-02 3.4525767E-02 3.7246052E-02 3.9942034E-02 4.2596132E-02 4.5190647E-02 4.7706690E-02 5.0125591E-02 5.2428115E-02 5.4595277E-02 5.6607872E-02 5.8447737E-02 6.0096800E-02 6.1538614E-02 6.2757932E-02 6.3741647E-02 6.4478271E-02 6.4959392E-02 6.5178394E-02 6.5131903E-02 6.4818673E-02 6.4242028E-02 6.3408121E-02 6.2333580E-02 6.1018672E-02 5.9450869E-02 5.7664666E-02 5.5687919E-02 5.3529490E-02 5.1202573E-02 4.8724283E-02 4.6111315E-02 4.3380644E-02 4.0547688E-02
-1.0048010E-02 -9.8278848E-03 -9.5142229E-03 -9.0979617E-03 -8.5689118E-03 -7.9185022E-03 -7.1371589E-03 -6.2180511E-03 -5.1533240E-03 -3.9372100E-03 -2.5599496E-03 -1.0385440E-03 6.3207845E-04 2.4658381E-03 4.4526737E-03 6.5883538E-03 8.8651739E-03 1.1276318E-02 1.3811581E-02 1.6461305E-02 1.9213537E-02 2.2056242E-02 2.4975371E-02 2.7957160E-02 3.0985884E-02 3.4045648E-02 3.7119247E-02 4.0189233E-02 4.3236583E-02 4.6242073E-02 4.9185090E-02 5.2044675E-02 5.4798935E-02 5.7426106E-02 5.9903610E-02 6.2209480E-02 6.4321831E-02 6.6219762E-02 6.7883164E-02 6.9294311E-02 7.0436932E-02 7.1297742E-02 7.1865968E-02 7.2134361E-02 7.2098047E-02 7.1756691E-02 7.1112253E-02 7.0170082E-02 6.8931028E-02 6.7417532E-02 6.5669358E-02 6.3681468E-02 6.1457794E-02 5.9024222E-02 5.6404028E-02 5.3617202E-02 5.0684057E-02 4.7623672E-02 4.4454481E-02
-1.1856563E-02 -1.1690082E-02 -1.1421303E-02 -1.1037993E-02 -1.0529222E-02 -9.8828925E-03 -9.0891337E-03 -8.1373295E-03 -7.0205820E-03 -5.7331170E-03 -4.2770202E-03 -2.6286142E-03 -7.9172314E-04 1.2166041E-03 3.4015903E-03 5.7575745E-03 8.2788598E-03 1.0955408E-02 1.3777530E-02 1.6732575E-02 1.9808406E-02 2.2990242E-02 2.6263447E-02 2.9611623E-02 3.3018123E-02 3.6464486E-02 3.9932329E-02 4.3401506E-02 4.6851411E-02 5.0259765E-02 5.3603884E-02 5.6859363E-02 6.0001638E-02 6.3005000E-02 6.5843657E-02 6.8491288E-02 7.0922501E-02 7.3111922E-02 7.5036034E-02 7.6672912E-02 7.8003496E-02 7.9011038E-02 7.9683080E-02 8.0010019E-02 7.9986952E-02 7.9612516E-02 7.8891367E-02 7.7832423E-02 7.6457173E-02 7.4770167E-02 7.2762266E-02 7.0476517E-02 6.7949027E-02 6.5195136E-02 6.2234983E-02 5.9092559E-02 5.5791002E-02 5.2353252E-02 4.8799995E-02
-1.3925551E-02 -1.3830596E-02 -1.3622726E-02 -1.3288525E-02 -1.2813182E-02 -1.2183634E-02 -1.1385729E-02 -1.0408551E-02 -9.2403078E-03 -7.8718830E-03 -6.2902630E-03 -4.5130872E-03 -2.5338321E-03 -3.3656834E-04 2.0671783E-03 4.6717296E-03 7.4672061E-03 1.0444487E-02 1.3590415E-02 1.6892239E-02 2.0334600E-02 2.3902116E-02 2.7577233E-02 3.1342626E-02 3.5178877E-02 3.9066445E-02 4.2984184E-02 4.6910435E-02 5.0821535E-02 5.4693170E-02 5.8499146E-02 6.2212348E-02 6.5804034E-02 6.9244958E-02 7.2504461E-02 7.5552128E-02 7.8357197E-02 8.0889940E-02 8.3121516E-02 8.5025869E-02 8.6579196E-02 8.7761663E-02 8.8557199E-02 8.8954866E-02 8.8947698E-02 8.8535324E-02 8.7721169E-02 8.6513773E-02 8.4917925E-02 8.2963921E-02 8.0701873E-02 7.8132391E-02 7.5266451E-02 7.2139740E-02 6.8784840E-02 6.5230235E-02 6.1504032E-02 5.7632361E-02 5.3639930E-02
-1.6293079E-02 -1.6290579E-02 -1.6165147E-02 -1.5899079E-02 -1.5475944E-02 -1.4877857E-02 -1.4089435E-02 -1.3094667E-02 -1.1882017E-02 -1.0441652E-02 -8.7732626E-03 -6.8486873E-03 -4.6712263E-03 -2.2595837E-03 3.9151055E-04 3.2743816E-03 6.3809454E-03 9.6979523E-03 1.3212264E-02 1.6907316E-02 2.0767087E-02 2.4772797E-02 2.8905937E-02 3.3146057E-02 3.7472710E-02 4.1863486E-02 4.6295874E-02 5.0745204E-02 5.5185944E-02 5.9590343E-02 6.3929603E-02 6.8172365E-02 7.2286285E-02 7.6236859E-02 7.9988852E-02 8.3505735E-02 8.6751409E-02 8.9689627E-02 9.2286035E-02 9.4508253E-02 9.6327633E-02 9.7719036E-02 9.8663263E-02 9.9145904E-02 9.9159390E-02 9.8702110E-02 9.7780839E-02 9.6408732E-02 9.4614796E-02 9.2410602E-02 8.9793362E-02 8.6819246E-02 8.3537012E-02 7.9972416E-02 7.6156154E-02 7.2122626E-02 6.7904435E-02 6.3532986E-02 5.9036255E-02
-1.9002087E-02 -1.9119382E-02 -1.9101951E-02 -1.8929869E-02 -1.8581273E-02 -1.8036064E-02 -1.7272955E-02 -1.6274435E-02 -1.5022427E-02 -1.3502460E-02 -1.1696620E-02 -9.6225441E-03 -7.2717955E-03 -4.6262662E-03 -1.6999140E-03 1.4990597E-03 4.9572177E-03 8.6615905E-03 1.2594438E-02 1.6738389E-02 2.1073265E-02 2.5579151E-02 3.0233951E-02 3.5016108E-02 3.9902065E-02 4.4868220E-02 4.9889114E-02 5.4938477E-02 5.9987489E-02 6.5006107E-02 6.9961436E-02 7.4818693E-02 7.9540178E-02 8.4086597E-02 8.8416032E-02 9.2485853E-02 9.6252263E-02 9.9672087E-02 0.1027029 0.1053055 0.1074437 0.1090870 0.1102105 0.1107970 0.1108360 0.1103267 0.1092748 0.1076941 0.1055962 0.1030234 0.1000413 9.6661061E-02 9.2905805E-02 8.8826299E-02 8.4469378E-02 7.9876296E-02 7.5086780E-02 7.0137024E-02 6.5060385E-02
-2.2103021E-02 -2.2372644E-02 -2.2496926E-02 -2.2449913E-02 -2.2206601E-02 -2.1740032E-02 -2.1026032E-02 -2.0039849E-02 -1.8762337E-02 -1.7177032E-02 -1.5279404E-02 -1.3034835E-02 -1.0445793E-02 -7.5335735E-03 -4.2937375E-03 -7.3752890E-04 3.1226287E-03 7.2681489E-03 1.1680258E-02 1.6336387E-02 2.1214897E-02 2.6291469E-02 3.1542640E-02 3.6943287E-02 4.2468727E-02 4.8092362E-02 5.3787526E-02 5.9524883E-02 6.5273829E-02 7.1000576E-02 7.6669306E-02 8.2240172E-02 8.7670773E-02 9.2914991E-02 9.7924314E-02 0.1026475 0.1070325 0.1110263 0.1145777 0.1176372 0.1201606 0.1221088 0.1234510 0.1241644 0.1242367 0.1236655 0.1224606 0.1206423 0.1182513 0.1153111 0.1118307 0.1078869 0.1035487 9.8858505E-02 9.3863860E-02 8.8614985E-02 8.3158545E-02 7.7538185E-02 7.1791947E-02
-2.5652856E-02 -2.6116876E-02 -2.6423585E-02 -2.6543085E-02 -2.6442571E-02 -2.6090758E-02 -2.5454761E-02 -2.4506200E-02 -2.3216620E-02 -2.1562692E-02 -1.9518759E-02 -1.7101359E-02 -1.4299477E-02 -1.1093175E-02 -7.5005493E-03 -3.5347068E-03 7.8453741E-04 5.4373522E-03 1.0398389E-02 1.5642906E-02 2.1143617E-02 2.6874302E-02 3.2807086E-02 3.8915548E-02 4.5171749E-02 5.1548205E-02 5.8015469E-02 6.4543061E-02 7.1097210E-02 7.7641994E-02 8.4137149E-02 9.0538815E-02 9.6798077E-02 0.1028623 0.1086739 0.1141726 0.1192949 0.1239770 0.1281547 0.1317675 0.1347586 0.1370793 0.1386894 0.1395605 0.1396754 0.1390319 0.1376395 0.1355204 0.1326983 0.1292345 0.1252196 0.1206832 0.1156696 0.1102534 0.1045038 9.8481916E-02 9.2244707E-02 8.5843064E-02 7.9322249E-02
-2.9718058E-02 -3.0427119E-02 -3.0969243E-02 -3.1306040E-02 -3.1399023E-02 -3.1206658E-02 -3.0690143E-02 -2.9810145E-02 -2.8534485E-02 -2.6835365E-02 -2.4700776E-02 -2.2086842E-02 -1.8994808E-02 -1.5450194E-02 -1.1451432E-02 -7.0167854E-03 -2.1669548E-03 3.0696741E-03 8.6646350E-03 1.4585615E-02 2.0802418E-02 2.7282953E-02 3.3997435E-02 4.0915530E-02 4.8008513E-02 5.5246208E-02 6.2598810E-02 7.0033364E-02 7.7515066E-02 8.5004568E-02 9.2458844E-02 9.9828400E-02 0.1070587 0.1140882 0.1208503 0.1272722 0.1332781 0.1387888 0.1437256 0.1480116 0.1515756 0.1543543 0.1562967 0.1573645 0.1575364 0.1568072 0.1551917 0.1527216 0.1494572 0.1454428 0.1407091 0.1353666 0.1295166 0.1232298 0.1165806 0.1096440 0.1024879 9.5173739E-02 8.7753281E-02
-3.4373678E-02 -3.5392553E-02 -3.6235027E-02 -3.6856063E-02 -3.7205644E-02 -3.7234042E-02 -3.6888961E-02 -3.6123235E-02 -3.4890573E-02 -3.3152238E-02 -3.0869786E-02 -2.8056912E-02 -2.4699228E-02 -2.0775832E-02 -1.6312921E-02 -1.1333375E-02 -5.8694393E-03 4.6164500E-05 6.3745887E-03 1.3078863E-02 2.0120587E-02 2.7464483E-02 3.5075430E-02 4.2921968E-02 5.0972380E-02 5.9196737E-02 6.7563459E-02 7.6039948E-02 8.4589340E-02 9.3171254E-02 0.1017387 0.1102381 0.1186075 0.1267771 0.1346679 0.1421941 0.1492628 0.1557774 0.1616387 0.1667504 0.1710206 0.1743684 0.1767258 0.1780435 0.1782910 0.1774624 0.1755721 0.1726571 0.1687622 0.1639813 0.1584457 0.1522189 0.1453810 0.1380463 0.1303203 0.1222949 0.1140536 0.1056684 9.7200848E-02
-3.9706733E-02 -4.1114382E-02 -4.2341214E-02 -4.3329928E-02 -4.4020537E-02 -4.4347391E-02 -4.4246607E-02 -4.3653384E-02 -4.2512190E-02 -4.0774941E-02 -3.8415864E-02 -3.5377100E-02 -3.1658392E-02 -2.7292758E-02 -2.2286607E-02 -1.6672589E-02 -1.0488234E-02 -3.7805177E-03 3.4043246E-03 1.1017497E-02 1.9014988E-02 2.7353667E-02 3.5996009E-02 4.4906560E-02 5.4054033E-02 6.3407205E-02 7.2936252E-02 8.2608096E-02 9.2387162E-02 0.1022313 0.1120921 0.1219109 0.1316196 0.1411378 0.1503741 0.1592251 0.1675790 0.1753154 0.1823109 0.1884419 0.1935910 0.1976513 0.2005342 0.2021720 0.2025245 0.2015799 0.1993595 0.1959142 0.1913371 0.1857104 0.1791062 0.1716905 0.1636198 0.1550128 0.1459884 0.1366612 0.1271312 0.1174855 0.1077943
-4.5814894E-02 -4.7711696E-02 -4.9426928E-02 -5.0892692E-02 -5.2031353E-02 -5.2762333E-02 -5.2999645E-02 -5.2662447E-02 -5.1671825E-02 -4.9960941E-02 -4.7468603E-02 -4.4201542E-02 -4.0141296E-02 -3.5269216E-02 -2.9628469E-02 -2.3262842E-02 -1.6229561E-02 -8.5868519E-03 -3.9834413E-04 8.2775019E-03 1.7384449E-02 2.6874274E-02 3.6703240E-02 4.6835545E-02 5.7238482E-02 6.7883767E-02 7.8742705E-02 8.9786023E-02 0.1009792 0.1122823 0.1236451 0.1350066 0.1462911 0.1574086 0.1682520 0.1786993 0.1886133 0.1978461 0.2062411 0.2136410 0.2198923 0.2248552 0.2284099 0.2304654 0.2309640 0.2298888 0.2272610 0.2231414 0.2176133 0.2108277 0.2029862 0.1942146 0.1846579 0.1744981 0.1639002 0.1530063 0.1419401 0.1308036 0.1196791
-5.2809715E-02 -5.5318709E-02 -5.7656400E-02 -5.9737135E-02 -6.1466511E-02 -6.2738232E-02 -6.3444018E-02 -6.3472539E-02 -6.2724121E-02 -6.1112028E-02 -5.8583148E-02 -5.5056665E-02 -5.0530691E-02 -4.5053933E-02 -3.8652919E-02 -3.1391546E-02 -2.3342658E-02 -1.4590030E-02 -5.2134623E-03 4.7091921E-03 1.5111640E-02 2.5934909E-02 3.7132759E-02 4.8666615E-02 6.0507175E-02 7.2628513E-02 8.5008368E-02 9.7621731E-02 0.1104404 0.1234270 0.1365342 0.1496985 0.1628395 0.1758557 0.1886247 0.2010006 0.2128179 0.2238920 0.2340262 0.2430167 0.2506639 0.2567809 0.2612066 0.2638142 0.2645235 0.2633040 0.2601839 0.2552459 0.2486404 0.2405197 0.2310340 0.2204493 0.2090191 0.1969469 0.1844274 0.1716387 0.1587306 0.1458253 0.1330158
-6.0814690E-02 -6.4091302E-02 -6.7218535E-02 -7.0094749E-02 -7.2598405E-02 -7.4596517E-02 -7.5942792E-02 -7.6493025E-02 -7.6105304E-02 -7.4657306E-02 -7.2043732E-02 -6.8255141E-02 -6.3268371E-02 -5.7076722E-02 -4.9760882E-02 -4.1411094E-02 -3.2137498E-02 -2.2049954E-02 -1.1259202E-02 1.3816752E-04 1.2057042E-02 2.4431141E-02 3.7207875E-02 5.0351303E-02 6.3834794E-02 7.7641182E-02 9.1755614E-02 0.1061640 0.1208462 0.1357738 0.1509036 0.1661747 0.1815024 0.1967764 0.2118555 0.2265695 0.2407168 0.2540695 0.2663772 0.2773781 0.2868083 0.2944185 0.2999871 0.3033387 0.3043547 0.3029877 0.2992630 0.2932809 0.2851942 0.2752579 0.2638025 0.2510730 0.2373359 0.2228932 0.2080122 0.1929164 0.1777903 0.1627769 0.1479820
-6.9967918E-02 -7.4202798E-02 -7.8333944E-02 -8.2235217E-02 -8.5758038E-02 -8.8727005E-02 -9.0953216E-02 -9.2236303E-02 -9.2387915E-02 -9.1241494E-02 -8.8685714E-02 -8.4597521E-02 -7.8974590E-02 -7.1900651E-02 -6.3453041E-02 -5.3766627E-02 -4.2990897E-02 -3.1284679E-02 -1.8792232E-02 -5.6429477E-03 8.0613242E-03 2.2240769E-02 3.6842309E-02 5.1831193E-02 6.7191176E-02 8.2915254E-02 9.9004388E-02 0.1154581 0.1322726 0.1494316 0.1669036 0.1846329 0.2025362 0.2204943 0.2383502 0.2559040 0.2729144 0.2890982 0.3041400 0.3176995 0.3294295 0.3389919 0.3460833 0.3504530 0.3519285 0.3504283 0.3459788 0.3387122 0.3288807 0.3167707 0.3026877 0.2870853 0.2703987 0.2529879 0.2351806 0.2172592 0.1994472 0.1819129 0.1647710
-8.0417104E-02 -8.5849114E-02 -9.1251850E-02 -9.6477821E-02 -0.1013384 -0.1056119 -0.1090417 -0.1113594 -0.1122932 -0.1116018 -0.1090850 -0.1046928 -9.8398715E-02 -9.0235047E-02 -8.0371819E-02 -6.9007680E-02 -5.6368701E-02 -4.2671654E-02 -2.8117584E-02 -1.2870045E-02 2.9417514E-03 1.9229962E-02 3.5938494E-02 5.3043071E-02 7.0539512E-02 8.8441491E-02 0.1067694 0.1255471 0.1447916 0.1645091 0.1846849 0.2052777 0.2262089 0.2473577 0.2685505 0.2895593 0.3100950 0.3298114 0.3483087 0.3651486 0.3798696 0.3920153 0.4011618 0.4069524 0.4091259 0.4075493 0.4022295 0.3933243 0.3811127 0.3660477 0.3487082 0.3295825 0.3091777 0.2880202 0.2665595 0.2451529 0.2240732 0.2035118 0.1835907
-9.2320472E-02 -9.9240303E-02 -0.1062548 -0.1131877 -0.1198111 -0.1258351 -0.1309227 -0.1346959 -0.1367769 -0.1368194 -0.1345746 -0.1298299 -0.1225868 -0.1130163 -0.1013283 -8.7826930E-02 -7.2834082E-02 -5.6664526E-02 -3.9585467E-02 -2.1813676E-02 -3.5017382E-03 1.5249860E-02 3.4392893E-02 5.3915668E-02 7.3839411E-02 9.4203211E-02 0.1150603 0.1364650 0.1584684 0.1811060 0.2043929 0.2283090 0.2527925 0.2777257 0.3029266 0.3281374 0.3530207 0.3771541 0.4000384 0.4211071 0.4397514 0.4553500 0.4673118 0.4751184 0.4783765 0.4768569 0.4705353 0.4596055 0.4444982 0.4257655 0.4040366 0.3801477 0.3548992 0.3289580 0.3028939 0.2771607 0.2520840 0.2278776 0.2046579
-0.1058368 -0.1146024 -0.1236502 -0.1327849 -0.1417270 -0.1501131 -0.1574860 -0.1633258 -0.1670748 -0.1682114 -0.1663050 -0.1611965 -0.1528614 -0.1414526 -0.1273705 -0.1110813 -9.3074873E-02 -7.3791057E-02 -5.3598691E-02 -3.2769099E-02 -1.1487260E-02 1.0146666E-02 3.2095421E-02 5.4377090E-02 7.7044934E-02 0.1001806 0.1238781 0.1482381 0.1733549 0.1993099 0.2261573 0.2539151 0.2825483 0.3119573 0.3419586 0.3722739 0.4025147 0.4321778 0.4606431 0.4871890 0.5110129 0.5312738 0.5471413 0.5578629 0.5628305 0.5616565 0.5542269 0.5407444 0.5217041 0.4979519 0.4705862 0.4406286 0.4091030 0.3769885 0.3450720 0.3139276 0.2839402 0.2553308 0.2281945
-0.1211212 -0.1321596 -0.1437664 -0.1557289 -0.1677270 -0.1793001 -0.1898486 -0.1986343 -0.2048485 -0.2076994 -0.2065712 -0.2010256 -0.1910832 -0.1771588 -0.1598329 -0.1398414 -0.1179063 -9.4662674E-02 -7.0597164E-02 -4.6053831E-02 -2.1235062E-02 3.7642196E-03 2.8941153E-02 5.4354157E-02 8.0111124E-02 0.1063467 0.1332160 0.1608770 0.1894867 0.2191838 0.2500828 0.2822534 0.3157094 0.3503833 0.3861106 0.4226022 0.4594292 0.4960026 0.5315714 0.5652249 0.5959209 0.6225246 0.6438783 0.6588796 0.6665898 0.6663372 0.6578363 0.6412649 0.6173323 0.5871284 0.5520136 0.5136887 0.4737702 0.4335781 0.3941423 0.3561848 0.3201363 0.2862010 0.2544129
-0.1383062 -0.1521264 -0.1669280 -0.1825119 -0.1985220 -0.2144102 -0.2293849 -0.2424216 -0.2522999 -0.2577664 -0.2577412 -0.2517222 -0.2397122 -0.2222622 -0.2004374 -0.1754111 -0.1482878 -0.1199526 -9.1050610E-02 -6.1982770E-02 -3.2960448E-02 -4.0385989E-03 2.4832262E-02 5.3783029E-02 8.2991756E-02 0.1126726 0.1430549 0.1743773 0.2068725 0.2407610 0.2762328 0.3134363 0.3524533 0.3932787 0.4357877 0.4797081 0.5245855 0.5697594 0.6143401 0.6572099 0.6970353 0.7323141 0.7614411 0.7828173 0.7949793 0.7967753 0.7875409 0.7672845 0.7367652 0.6976111 0.6521196 0.6026366 0.5514447 0.5005320 0.4513342 0.4047371 0.3611864 0.3208041 0.2835035
-0.1574905 -0.1746746 -0.1934328 -0.2136122 -0.2348727 -0.2565880 -0.2777707 -0.2969924 -0.3124346 -0.3220779 -0.3241601 -0.3175273 -0.3022776 -0.2796390 -0.2513615 -0.2193624 -0.1852881 -0.1503736 -0.1154125 -8.0847278E-02 -4.6841871E-02 -1.3377820E-02 1.9696856E-02 5.2611053E-02 8.5649714E-02 0.1191241 0.1533666 0.1887110 0.2254926 0.2640293 0.3046169 0.3475037 0.3928750 0.4408166 0.4912841 0.5440549 0.5986882 0.6544765 0.7104136 0.7651681 0.8170903 0.8642349 0.9044324 0.9353884 0.9548540 0.9608464 0.9519691 0.9277602 0.8890623 0.8379961 0.7777470 0.7123156 0.6454635 0.5800704 0.5180514 0.4604380 0.4075846 0.3594155 0.3156062
-0.1787089 -0.1999106 -0.2234974 -0.2494473 -0.2775055 -0.3070625 -0.3369514 -0.3652798 -0.3893065 -0.4056720 -0.4110878 -0.4037057 -0.3836750 -0.3531184 -0.3153355 -0.2734866 -0.2300366 -0.1865958 -0.1440767 -0.1028628 -6.3001834E-02 -2.4316555E-02 1.3493619E-02 5.0811153E-02 8.8054292E-02 0.1256691 0.1641075 0.2038290 0.2452868 0.2889273 0.3351720 0.3844067 0.4369501 0.4930263 0.5527134 0.6158960 0.6821980 0.7509247 0.8209980 0.8909156 0.9587193 1.022001 1.077926 1.123318 1.154794 1.169027 1.163174 1.135539 1.086327 1.018429 0.9372587 0.8491713 0.7601885 0.6748694 0.5958343 0.5241180 0.4597510 0.4022207 0.3507852
-0.2019178 -0.2278251 -0.2572070 -0.2902671 -0.3270014 -0.3669749 -0.4090335 -0.4508363 -0.4884332 -0.5161824 -0.5279364 -0.5194208 -0.4911157 -0.4478104 -0.3955866 -0.3396775 -0.2835519 -0.2291421 -0.1772763 -0.1281247 -8.1458762E-02 -3.6852401E-02 6.2345760E-03 4.8381638E-02 9.0193421E-02 0.1322717 0.1752246 0.2196516 0.2661556 0.3153284 0.3677532 0.4239792 0.4845061 0.5497378 0.6199394 0.6951642 0.7751840 0.8593974 0.9467540 1.035671 1.123979 1.208869 1.286872 1.353825 1.404913 1.434786 1.438017 1.410088 1.349233 1.258313 1.145565 1.022901 0.9013370 0.7880272 0.6862138 0.5964596 0.5179293 0.4492583 0.3889831
