T5-twomodels-2/gx/model60.grd
DSAA
         100         100
  -15.00000       15.00000    
  -15.00000       15.00000    
  -6.104378       6.083279    
[rows 52 to 77 of 100, columns 0 to 57 of 100]
-0.1660028 -0.1980145 -0.2376902 -0.2861270 -0.3468065 -0.4221011 -0.5177583 -0.6384187 -0.7916958 -0.9725031 -1.121539 -1.090959 -0.9059873 -0.7108335 -0.5447571 -0.4098317 -0.2971429 -0.2025873 -0.1198653 -4.6825994E-02 2.0681951E-02 8.3797455E-02 0.1456085 0.2068399 0.2701076 0.3360436 0.4071487 0.4841693 0.5697410 0.6648602 0.7724610 0.8938398 1.032272 1.189228 1.368147 1.570261 1.798709 2.053791 2.337757 2.649353 2.989801 3.356264 3.749592 4.165575 4.604710 5.057413 5.511527 5.905699 6.069459 5.597887 4.485325 3.376209 2.560209 1.992622 1.584237 1.281243 1.046466 0.8618003
-0.1649670 -0.1968757 -0.2364472 -0.2847822 -0.3453655 -0.4205747 -0.5161606 -0.6367705 -0.7900201 -0.9708255 -1.119875 -1.089366 -0.9045169 -0.7095024 -0.5435972 -0.4088727 -0.2964139 -0.2021128 -0.1196699 -4.6929996E-02 2.0256266E-02 8.3030134E-02 0.1444772 0.2053225 0.2681788 0.3336767 0.4043123 0.4808328 0.5658695 0.6604194 0.7674149 0.8881552 1.025918 1.182181 1.360390 1.561789 1.789529 2.043926 2.327250 2.638263 2.978208 3.344265 3.737300 4.153117 4.592219 5.045027 5.499375 5.893901 6.058060 5.587002 4.475177 3.366816 2.551563 1.984729 1.577097 1.274839 1.040775 0.8567883
-0.1635981 -0.1953646 -0.2347915 -0.2829831 -0.3434302 -0.4185155 -0.5139979 -0.6345298 -0.7877364 -0.9685414 -1.117653 -1.087227 -0.9024947 -0.7076617 -0.5419842 -0.4075307 -0.2953791 -0.2014199 -0.1193474 -4.7006737E-02 1.9755587E-02 8.2078531E-02 0.1430484 0.2033864 0.2657037 0.3306257 0.4006473 0.4765093 0.5608410 0.6546372 0.7608299 0.8807188 1.017586 1.172915 1.350164 1.550589 1.777359 2.030815 2.313247 2.623447 2.962685 3.328167 3.720784 4.136356 4.575404 5.028346 5.483023 5.878062 6.042960 5.572754 4.461736 3.354294 2.540047 1.974246 1.567639 1.266384 1.033280 0.8502076
-0.1618681 -0.1934456 -0.2326777 -0.2806750 -0.3409339 -0.4158463 -0.5111791 -0.6315969 -0.7847319 -0.9655156 -1.114648 -1.084334 -0.8997935 -0.7051991 -0.5398192 -0.4057148 -0.2939616 -0.2004403 -0.1188430 -4.7008600E-02 1.9215792E-02 8.0971710E-02 0.1413417 0.2010449 0.2626871 0.3268903 0.3961416 0.4711778 0.5546214 0.6474650 0.7526372 0.8714385 1.007155 1.161277 1.337275 1.536424 1.761915 2.014117 2.295355 2.604457 2.942730 3.307421 3.699452 4.114676 4.553625 5.006735 5.461832 5.857527 6.023227 5.554026 4.444304 3.338215 2.525332 1.960901 1.555646 1.255700 1.023848 0.8419524
-0.1597430 -0.1910744 -0.2300506 -0.2777873 -0.3377914 -0.4124641 -0.5075867 -0.6278362 -0.7808620 -0.9616103 -1.110805 -1.080613 -0.8962675 -0.7019705 -0.5369660 -0.4033077 -0.2920577 -0.1990891 -0.1180847 -4.6879672E-02 1.8683147E-02 7.9743423E-02 0.1393827 0.1983140 0.2591380 0.3224679 0.3907838 0.4648128 0.5471719 0.6388444 0.7427565 0.8602055 0.9944809 1.147081 1.321489 1.519001 1.742839 1.993405 2.273070 2.580710 2.917688 3.281300 3.672520 4.087239 4.526028 4.979327 5.434971 5.831550 5.998497 5.530766 4.422540 3.318108 2.506990 1.944342 1.540835 1.242570 1.012306 0.8318966
-0.1571832 -0.1881989 -0.2268413 -0.2742342 -0.3338943 -0.4082388 -0.5030651 -0.6230719 -0.7759269 -0.9565935 -1.105796 -1.075756 -0.8916956 -0.6977771 -0.5332512 -0.4001549 -0.2895379 -0.1972567 -0.1169850 -4.6548363E-02 1.8212153E-02 7.8436702E-02 0.1372015 0.1952146 0.2550661 0.3173597 0.3845627 0.4573922 0.5384513 0.6287147 0.7310991 0.8468988 0.9794013 1.130113 1.302530 1.497974 1.719698 1.968153 2.245764 2.551475 2.886718 3.248865 3.638960 4.052958 4.491471 4.944973 5.401290 5.798982 5.967369 5.501422 4.395386 3.293256 2.484461 1.924119 1.522855 1.226720 0.9984519 0.8198876
-0.1541441 -0.1847585 -0.2229698 -0.2699104 -0.3291104 -0.4030049 -0.4974165 -0.6170712 -0.7696691 -0.9502044 -1.099440 -1.069563 -0.8858083 -0.6923641 -0.5284433 -0.3960608 -0.2862371 -0.1948110 -0.1154364 -4.5932084E-02 1.7867481E-02 7.7099286E-02 0.1348350 0.1917710 0.2504864 0.3115695 0.3774721 0.4488931 0.5284214 0.6170139 0.7175754 0.8313889 0.9617397 1.110135 1.280087 1.472939 1.691986 1.937733 2.212677 2.515845 2.848767 3.208917 3.597444 4.010392 4.448451 4.902133 5.359282 5.758430 5.928894 5.465449 4.362066 3.262824 2.457033 1.899671 1.501268 1.207826 0.9820451 0.8057543
-0.1505779 -0.1806864 -0.2183445 -0.2646936 -0.3232782 -0.3965582 -0.4903876 -0.6095340 -0.7617403 -0.9420434 -1.091225 -1.061542 -0.8782195 -0.6853880 -0.5222485 -0.3907748 -0.2819537 -0.1915892 -0.1133150 -4.4933256E-02 1.7722370E-02 7.5787552E-02 0.1323233 0.1880137 0.2454186 0.3051074 0.3695095 0.4393021 0.5170490 0.6036870 0.7020980 0.8135499 0.9413149 1.086900 1.253823 1.443455 1.659131 1.901422 2.172909 2.472730 2.802541 3.159961 3.546280 3.957685 4.394979 4.848759 5.306886 5.707860 5.880834 5.420536 4.320908 3.225619 2.423792 1.870291 1.475551 1.185501 0.9628130 0.7893049
-0.1464358 -0.1759111 -0.2128644 -0.2584423 -0.3162076 -0.3886468 -0.4816586 -0.6000664 -0.7516850 -0.9316216 -1.080734 -1.051260 -0.8684364 -0.6764019 -0.5142807 -0.3839854 -0.2764398 -0.1874029 -0.1104753 -4.3445885E-02 1.7857272E-02 7.4560866E-02 0.1297129 0.1839759 0.2398875 0.2979886 0.3606816 0.4286123 0.5043135 0.5886894 0.6845934 0.7932649 0.9179555 1.060158 1.223395 1.409052 1.620510 1.858406 2.125427 2.420843 2.746476 3.100136 3.483323 3.892427 4.328442 4.782099 5.241341 5.644650 5.821130 5.365191 4.270343 3.180181 2.383567 1.835106 1.445069 1.159304 0.9404505 0.7703390
-0.1416716 -0.1703626 -0.2064227 -0.2510029 -0.3076782 -0.3789692 -0.4708275 -0.5881611 -0.7388840 -0.9182165 -1.067095 -1.037869 -0.8557592 -0.6648024 -0.5040487 -0.3753032 -0.2694020 -0.1820338 -0.1067615 -4.1355181E-02 1.8354541E-02 7.3481143E-02 0.1270494 0.1796946 0.2339214 0.2902369 0.3510048 0.4168314 0.4902088 0.5719984 0.6650102 0.7704443 0.8915153 1.029690 1.188475 1.369268 1.575482 1.807826 2.069096 2.358725 2.678740 3.027204 3.405901 3.811534 4.245387 4.698450 5.158817 5.564989 5.745850 5.295608 4.207514 3.124455 2.334853 1.793034 1.409076 1.128734 0.9146370 0.7486521
-0.1362483 -0.1639760 -0.1989171 -0.2422132 -0.2974484 -0.3671705 -0.4574010 -0.5731554 -0.7225128 -0.9008813 -1.049393 -1.020441 -0.8392509 -0.6497917 -0.4909166 -0.3642554 -0.2604981 -0.1752445 -0.1020075 -3.8547732E-02 1.9294757E-02 7.2606571E-02 0.1243794 0.1752079 0.2275558 0.2818834 0.3405082 0.4039850 0.4747531 0.5536178 0.6433330 0.7450389 0.8618968 0.9953243 1.148795 1.323692 1.523446 1.748827 2.002744 2.284801 2.597274 2.938538 3.310768 3.711102 4.141300 4.592789 5.054022 5.463648 5.650499 5.208224 4.129200 3.055784 2.275708 1.742752 1.366709 1.093253 0.8850461 0.7240610
-0.1301409 -0.1567036 -0.1902576 -0.2319215 -0.2852654 -0.3528570 -0.4407816 -0.5542039 -0.7014390 -0.8782164 -1.025969 -0.9973539 -0.8175626 -0.6302882 -0.4740846 -0.3502788 -0.2493538 -0.1667892 -9.6057415E-02 -3.4920931E-02 2.0746514E-02 7.1988903E-02 0.1217442 0.1705555 0.2208291 0.2729703 0.3292354 0.3901189 0.4579924 0.5335917 0.6195934 0.7170618 0.8290767 0.9569827 1.104186 1.272026 1.463921 1.680671 1.925278 2.197519 2.499926 2.831247 3.194137 3.586345 4.010338 4.458320 4.919445 5.332835 5.527240 5.095817 4.029969 2.970395 2.203611 1.682659 1.317011 1.052313 0.8513874 0.6964200
-0.1233498 -0.1485243 -0.1803889 -0.2200067 -0.2709029 -0.3356215 -0.4202934 -0.5302418 -0.6741349 -0.8482568 -0.9947045 -0.9664981 -0.7887973 -0.6048543 -0.4525640 -0.3327487 -0.2355895 -0.1564489 -8.8783756E-02 -3.0402118E-02 2.2757193E-02 7.1661629E-02 0.1191771 0.1657720 0.2137838 0.2635474 0.3172477 0.3753035 0.4400075 0.5120068 0.5938850 0.6866025 0.7931337 0.9147118 1.054641 1.214169 1.396653 1.602874 1.835879 2.095571 2.384719 2.702439 3.051933 3.431699 3.845217 4.285942 4.744447 5.161111 5.365337 4.949452 3.902610 2.863139 2.115319 1.610899 1.258988 1.005431 0.8134493 0.6656668
-0.1159039 -0.1394599 -0.1693085 -0.2064181 -0.2542050 -0.3151180 -0.3952416 -0.5000154 -0.6385409 -0.8080418 -0.9519218 -0.9242917 -0.7501686 -0.5715989 -0.4252244 -0.3110416 -0.2188912 -0.1440734 -8.0123425E-02 -2.4964208E-02 2.5338236E-02 7.1638472E-02 0.1166964 0.1608890 0.2064644 0.2536755 0.3046222 0.3596369 0.4209161 0.4890051 0.5663708 0.6538488 0.7542727 0.8687293 1.000371 1.150301 1.321745 1.515394 1.734251 1.978254 2.250304 2.549797 2.880410 3.241424 3.637533 4.064034 4.514024 4.930868 5.146224 4.752403 3.735062 2.726584 2.006768 1.525465 1.191767 0.9522901 0.7711829 0.6318581
-0.1078708 -0.1295853 -0.1570938 -0.1912124 -0.2351678 -0.2911763 -0.3650922 -0.4622410 -0.5920763 -0.7532522 -0.8920801 -0.8653414 -0.6977004 -0.5282419 -0.3909597 -0.2847064 -0.1991149 -0.1296553 -7.0112467E-02 -1.8652936E-02 2.8456284E-02 7.1901105E-02 0.1143054 0.1559281 0.1989159 0.2434224 0.2914539 0.3432412 0.4008750 0.4647804 0.5372913 0.6190898 0.7128421 0.8194460 0.9418540 1.080959 1.239784 1.418825 1.620926 1.845903 2.096608 2.372471 2.677371 3.011072 3.379310 3.779443 4.208392 4.615678 4.840530 4.478723 3.508992 2.550498 1.873294 1.424612 1.114880 0.8929310 0.7247877 0.5952294
-9.9357560E-02 -0.1190412 -0.1439167 -0.1746029 -0.2140188 -0.2639847 -0.3297873 -0.4161315 -0.5321293 -0.6779194 -0.8057823 -0.7807339 -0.6261994 -0.4726439 -0.3491851 -0.2537436 -0.1764500 -0.1133962 -5.8928795E-02 -1.1596142E-02 3.2019652E-02 7.2400846E-02 0.1119849 0.1509073 0.1911816 0.2328670 0.2778505 0.3262674 0.3800764 0.4395832 0.5069584 0.5827249 0.6693373 0.7674850 0.8798574 1.007094 1.151917 1.314546 1.497507 1.700332 1.925535 2.172239 2.443955 2.740217 3.066777 3.422080 3.806632 4.179587 4.399088 4.081015 3.194621 2.321993 1.710936 1.307747 1.028759 0.8279551 0.6748244 0.5562215
-9.0502858E-02 -0.1080382 -0.1300436 -0.1569848 -0.1912733 -0.2342677 -0.2901786 -0.3624418 -0.4580846 -0.5769218 -0.6810374 -0.6595541 -0.5318188 -0.4046120 -0.3007331 -0.2189581 -0.1515699 -9.5747568E-02 -4.6917342E-02 -4.0000305E-03 3.5871051E-02 7.3069133E-02 0.1096875 0.1458446 0.1832934 0.2221022 0.2639234 0.3088953 0.3587324 0.4137173 0.4757390 0.5452539 0.6243744 0.7136685 0.8154080 0.9300586 1.059843 1.204765 1.366754 1.545064 1.741416 1.954450 2.186418 2.435881 2.706523 2.995542 3.302584 3.594898 3.762690 3.493343 2.756917 2.032268 1.520272 1.176991 0.9353178 0.7586913 0.6222900 0.5154720
-8.1464671E-02 -9.6849091E-02 -0.1158121 -0.1389195 -0.1677125 -0.2033304 -0.2482702 -0.3045603 -0.3751115 -0.4566733 -0.5216100 -0.5061486 -0.4210277 -0.3288772 -0.2486880 -0.1821353 -0.1256583 -7.7389777E-02 -3.4575246E-02 3.8709727E-03 3.9795704E-02 7.3825449E-02 0.1073391 0.1407644 0.1752709 0.2112367 0.2497806 0.2913302 0.3370669 0.3875302 0.4440358 0.5072567 0.5786558 0.6589758 0.7497298 0.8515282 0.9656968 1.092376 1.232403 1.385137 1.550825 1.728002 1.916552 2.114189 2.320201 2.529269 2.733645 2.902957 2.957840 2.726083 2.213321 1.698801 1.312600 1.038563 0.8382115 0.6871845 0.5685856 0.4737706
-7.2476089E-02 -8.5704088E-02 -0.1016774 -0.1209664 -0.1443696 -0.1727075 -0.2069745 -0.2477923 -0.2946003 -0.3419719 -0.3726837 -0.3624462 -0.3149156 -0.2552724 -0.1976119 -0.1458849 -0.1000434 -5.9263267E-02 -2.2359332E-02 1.1613813E-02 4.3648828E-02 7.4491471E-02 0.1049394 0.1356103 0.1672066 0.2003066 0.2356050 0.2737131 0.3153840 0.3613121 0.4123452 0.4692698 0.5330085 0.6043715 0.6842339 0.7732341 0.8719407 0.9804979 1.098825 1.226239 1.361745 1.503613 1.649724 1.796839 1.940588 2.073423 2.182331 2.241295 2.203096 2.013548 1.701179 1.377629 1.109397 0.9020472 0.7419305 0.6161631 0.5150712 0.4322357
-6.3740551E-02 -7.4855216E-02 -8.8051766E-02 -0.1036986 -0.1221963 -0.1438883 -0.1689354 -0.1969137 -0.2260248 -0.2515405 -0.2647596 -0.2571509 -0.2298428 -0.1920663 -0.1516749 -0.1125666 -7.6035969E-02 -4.2220917E-02 -1.0754658E-02 1.8877117E-02 4.7252834E-02 7.4927807E-02 0.1024559 0.1303585 0.1591621 0.1893795 0.2215484 0.2562121 0.2939551 0.3353789 0.3811273 0.4318509 0.4882143 0.5508361 0.6202692 0.6969067 0.7809343 0.8722100 0.9702106 1.073913 1.181763 1.291546 1.400306 1.504043 1.597302 1.672238 1.717417 1.716472 1.650342 1.509831 1.316037 1.112178 0.9291001 0.7760391 0.6507720 0.5481343 0.4631537 0.3918633
-5.5401709E-02 -6.4560212E-02 -7.5238407E-02 -8.7626420E-02 -0.1018638 -0.1179690 -0.1356822 -0.1542062 -0.1717760 -0.1852531 -0.1904133 -0.1841147 -0.1667003 -0.1416699 -0.1130420 -8.3558090E-02 -5.4644722E-02 -2.6843686E-02 -2.1685846E-04 2.5428960E-02 5.0401401E-02 7.5067505E-02 9.9813148E-02 0.1250394 0.1511509 0.1785653 0.2077095 0.2390300 0.2729889 0.3100686 0.3507604 0.3955586 0.4449325 0.4993001 0.5589754 0.6241155 0.6946420 0.7701705 0.8499221 0.9326590 1.016606 1.099391 1.177945 1.248380 1.305775 1.343986 1.355586 1.332666 1.269466 1.167828 1.040490 0.9056242 0.7780785 0.6650117 0.5677391 0.4848416 0.4141130 0.3533577
-4.7589127E-02 -5.4997597E-02 -6.3469991E-02 -7.3065668E-02 -8.3773024E-02 -9.5436193E-02 -0.1076582 -0.1196450 -0.1300646 -0.1370197 -0.1384411 -0.1328826 -0.1204792 -0.1028002 -8.1841446E-02 -5.9312016E-02 -3.6328170E-02 -1.3488595E-02 8.9825308E-03 3.1086925E-02 5.2967824E-02 7.4842863E-02 9.6978411E-02 0.1196645 0.1432122 0.1679444 0.1942002 0.2223283 0.2526917 0.2856565 0.3215913 0.3608451 0.4037334 0.4504997 0.5012801 0.5560457 0.6145483 0.6762488 0.7402630 0.8052962 0.8696111 0.9309834 0.9866917 1.033493 1.067665 1.085114 1.081782 1.054484 1.002449 0.9286306 0.8400529 0.7460485 0.6544054 0.5697942 0.4940707 0.4273185 0.3687499 0.3172894
-4.0391225E-02 -4.6280541E-02 -5.2876055E-02 -6.0162418E-02 -6.8045512E-02 -7.6311797E-02 -8.4561214E-02 -9.2150412E-02 -9.8151878E-02 -0.1014302 -0.1008717 -9.5840447E-02 -8.6364165E-02 -7.3125780E-02 -5.7197735E-02 -3.9601669E-02 -2.1124305E-02 -2.2625783E-03 1.6724069E-02 3.5758607E-02 5.4882042E-02 7.4217945E-02 9.3938336E-02 0.1142514 0.1353856 0.1575886 0.1811180 0.2062427 0.2332346 0.2623659 0.2938958 0.3280596 0.3650444 0.4049649 0.4478231 0.4934712 0.5415584 0.5914885 0.6423706 0.6929929 0.7417989 0.7868995 0.8260925 0.8569376 0.8768625 0.8833927 0.8744884 0.8490967 0.8077019 0.7529315 0.6891872 0.6212552 0.5535458 0.4891641 0.4297654 0.3759022 0.3274667 0.2840024
-3.3859175E-02 -3.8458481E-02 -4.3498930E-02 -4.8922148E-02 -5.4606274E-02 -6.0333207E-02 -6.5763585E-02 -7.0409916E-02 -7.3653333E-02 -7.4807107E-02 -7.3267609E-02 -6.8632714E-02 -6.0915217E-02 -5.0502878E-02 -3.7954535E-02 -2.3881633E-02 -8.8022910E-03 6.9059255E-03 2.3017360E-02 3.9427426E-02 5.6129832E-02 7.3184401E-02 9.0701394E-02 0.1088223 0.1277141 0.1475578 0.1685470 0.1908792 0.2147540 0.2403613 0.2678763 0.2974404 0.3291473 0.3630152 0.3989614 0.4367659 0.4760403 0.5161909 0.5563982 0.5955970 0.6324880 0.6655560 0.6931331 0.7134752 0.7249056 0.7259840 0.7157677 0.6940698 0.6617398 0.6205443 0.5730215 0.5222756 0.4709962 0.4211906 0.3741325 0.3304600 0.2903388 0.2536511
-2.8005857E-02 -3.1532515E-02 -3.5307877E-02 -3.9258838E-02 -4.3258935E-02 -4.7116842E-02 -5.0559536E-02 -5.3235039E-02 -5.4725505E-02 -5.4600544E-02 -5.2485935E-02 -4.8198529E-02 -4.1721843E-02 -3.3220313E-02 -2.3027778E-02 -1.1511089E-02 9.8799949E-04 1.4203816E-02 2.7954102E-02 4.2141620E-02 5.6735978E-02 7.1763366E-02 8.7288417E-02 0.1034073 0.1202353 0.1379037 0.1565503 0.1763174 0.1973422 0.2197527 0.2436548 0.2691223 0.2961790 0.3247818 0.3547952 0.3859710 0.4179201 0.4500977 0.4817854 0.5120969 0.5399880 0.5642985 0.5838031 0.5973018 0.6037182 0.6022404 0.5924492 0.5744607 0.5489551 0.5172918 0.4812677 0.4426007 0.4030030 0.3638816 0.3262141 0.2905757 0.2572330 0.2262249
-2.2818169E-02 -2.5465602E-02 -2.8229076E-02 -3.1031577E-02 -3.3759173E-02 -3.6250819E-02 -3.8298059E-02 -3.9645609E-02 -4.0013816E-02 -3.9127760E-02 -3.6769290E-02 -3.2778516E-02 -2.7146790E-02 -1.9995758E-02 -1.1500320E-02 -1.8849795E-03 8.6323768E-03 1.9864773E-02 3.1677686E-02 4.3986600E-02 5.6757253E-02 6.9993734E-02 8.3734021E-02 9.8038338E-02 0.1129860 0.1286661 0.1451750 0.1626082 0.1810567 0.2005974 0.2212869 0.2431481 0.2661599 0.2902396 0.3152293 0.3408759 0.3668195 0.3925795 0.4175548 0.4410270 0.4621857 0.4801592 0.4940712 0.5031006 0.5065686 0.5040120 0.4952778 0.4805691 0.4604986 0.4359193 0.4078885 0.3777356 0.3466122 0.3154610 0.2850000 0.2557159 0.2278818 0.2016130
