T5-twomodels-2/gx/model60.grd
DSAA
         100         100
  -15.00000       15.00000    
  -15.00000       15.00000    
  -6.104378       6.083279    
[rows 26 to 51 of 100, columns 0 to 57 of 100]
-5.5401575E-02 -6.4560033E-02 -7.5238235E-02 -8.7626174E-02 -0.1018634 -0.1179686 -0.1356819 -0.1542061 -0.1717760 -0.1852528 -0.1904126 -0.1841138 -0.1666993 -0.1416689 -0.1130411 -8.3557472E-02 -5.4644469E-02 -2.6843475E-02 -2.1656742E-04 2.5429385E-02 5.0402038E-02 7.5068191E-02 9.9813819E-02 0.1250398 0.1511511 0.1785652 0.2077092 0.2390297 0.2729885 0.3100680 0.3507600 0.3955584 0.4449324 0.4993002 0.5589755 0.6241152 0.6946414 0.7701695 0.8499211 0.9326581 1.016605 1.099391 1.177945 1.248380 1.305775 1.343986 1.355585 1.332665 1.269464 1.167826 1.040489 0.9056243 0.7780787 0.6650114 0.5677386 0.4848411 0.4141123 0.3533571
-6.3740440E-02 -7.4855164E-02 -8.8051669E-02 -0.1036983 -0.1221960 -0.1438879 -0.1689351 -0.1969135 -0.2260246 -0.2515399 -0.2647588 -0.2571498 -0.2298418 -0.1920653 -0.1516740 -0.1125660 -7.6035626E-02 -4.2220742E-02 -1.0754447E-02 1.8877549E-02 4.7253456E-02 7.4928470E-02 0.1024565 0.1303589 0.1591623 0.1893793 0.2215479 0.2562115 0.2939544 0.3353782 0.3811269 0.4318506 0.4882140 0.5508360 0.6202690 0.6969063 0.7809336 0.8722090 0.9702094 1.073912 1.181762 1.291545 1.400305 1.504042 1.597301 1.672237 1.717416 1.716469 1.650339 1.509828 1.316036 1.112177 0.9291000 0.7760385 0.6507714 0.5481336 0.4631531 0.3918627
-7.2476149E-02 -8.5704021E-02 -0.1016772 -0.1209661 -0.1443694 -0.1727072 -0.2069741 -0.2477921 -0.2946001 -0.3419712 -0.3726825 -0.3624448 -0.3149143 -0.2552714 -0.1976108 -0.1458842 -0.1000429 -5.9262965E-02 -2.2359066E-02 1.1614187E-02 4.3649450E-02 7.4492104E-02 0.1049400 0.1356107 0.1672067 0.2003066 0.2356046 0.2737127 0.3153835 0.3613116 0.4123448 0.4692695 0.5330084 0.6043717 0.6842339 0.7732337 0.8719399 0.9804970 1.098825 1.226239 1.361744 1.503613 1.649723 1.796837 1.940587 2.073422 2.182329 2.241292 2.203092 2.013545 1.701177 1.377628 1.109397 0.9020466 0.7419300 0.6161625 0.5150706 0.4322352
-8.1464745E-02 -9.6849069E-02 -0.1158120 -0.1389192 -0.1677122 -0.2033301 -0.2482698 -0.3045599 -0.3751112 -0.4566725 -0.5216085 -0.5061469 -0.4210263 -0.3288761 -0.2486869 -0.1821345 -0.1256579 -7.7389434E-02 -3.4574863E-02 3.8713915E-03 3.9796405E-02 7.3826157E-02 0.1073397 0.1407647 0.1752710 0.2112363 0.2497802 0.2913297 0.3370663 0.3875295 0.4440353 0.5072564 0.5786555 0.6589758 0.7497296 0.8515278 0.9656960 1.092375 1.232401 1.385136 1.550824 1.728001 1.916551 2.114188 2.320200 2.529268 2.733643 2.902953 2.957835 2.726077 2.213318 1.698800 1.312599 1.038562 0.8382108 0.6871837 0.5685849 0.4737698
-9.0502985E-02 -0.1080384 -0.1300436 -0.1569847 -0.1912731 -0.2342675 -0.2901783 -0.3624414 -0.4580843 -0.5769212 -0.6810362 -0.6595526 -0.5318175 -0.4046111 -0.3007322 -0.2189573 -0.1515696 -9.5747434E-02 -4.6917100E-02 -3.9995536E-03 3.5871662E-02 7.3069789E-02 0.1096882 0.1458450 0.1832936 0.2221022 0.2639231 0.3088948 0.3587317 0.4137166 0.4757387 0.5452535 0.6243743 0.7136685 0.8154081 0.9300584 1.059842 1.204764 1.366754 1.545064 1.741415 1.954449 2.186418 2.435880 2.706522 2.995541 3.302583 3.594894 3.762686 3.493339 2.756915 2.032267 1.520271 1.176990 0.9353169 0.7586907 0.6222894 0.5154714
-9.9357642E-02 -0.1190411 -0.1439166 -0.1746027 -0.2140186 -0.2639844 -0.3297869 -0.4161311 -0.5321290 -0.6779186 -0.8057814 -0.7807326 -0.6261981 -0.4726430 -0.3491840 -0.2537429 -0.1764497 -0.1133958 -5.8928434E-02 -1.1595711E-02 3.2020092E-02 7.2401501E-02 0.1119855 0.1509077 0.1911817 0.2328669 0.2778504 0.3262670 0.3800758 0.4395824 0.5069579 0.5827245 0.6693370 0.7674848 0.8798572 1.007093 1.151916 1.314545 1.497506 1.700332 1.925534 2.172238 2.443954 2.740217 3.066776 3.422078 3.806631 4.179585 4.399085 4.081012 3.194619 2.321993 1.710935 1.307747 1.028758 0.8279546 0.6748239 0.5562211
-0.1078710 -0.1295853 -0.1570937 -0.1912123 -0.2351675 -0.2911760 -0.3650916 -0.4622406 -0.5920759 -0.7532518 -0.8920794 -0.8653404 -0.6976994 -0.5282407 -0.3909587 -0.2847058 -0.1991147 -0.1296551 -7.0112236E-02 -1.8652529E-02 2.8456818E-02 7.1901850E-02 0.1143060 0.1559286 0.1989163 0.2434224 0.2914536 0.3432409 0.4008747 0.4647799 0.5372908 0.6190896 0.7128419 0.8194461 0.9418541 1.080959 1.239784 1.418825 1.620926 1.845903 2.096608 2.372471 2.677371 3.011071 3.379310 3.779443 4.208392 4.615677 4.840528 4.478722 3.508991 2.550498 1.873294 1.424611 1.114879 0.8929304 0.7247871 0.5952291
-0.1159040 -0.1394602 -0.1693084 -0.2064180 -0.2542046 -0.3151177 -0.3952410 -0.5000147 -0.6385408 -0.8080412 -0.9519207 -0.9242905 -0.7501677 -0.5715978 -0.4252232 -0.3110408 -0.2188908 -0.1440732 -8.0123171E-02 -2.4963858E-02 2.5338843E-02 7.1639277E-02 0.1166971 0.1608892 0.2064646 0.2536753 0.3046217 0.3596363 0.4209154 0.4890044 0.5663702 0.6538482 0.7542722 0.8687292 1.000371 1.150300 1.321745 1.515394 1.734251 1.978253 2.250303 2.549796 2.880409 3.241424 3.637532 4.064033 4.514024 4.930868 5.146223 4.752403 3.735060 2.726584 2.006768 1.525464 1.191766 0.9522894 0.7711825 0.6318578
-0.1233501 -0.1485244 -0.1803890 -0.2200068 -0.2709026 -0.3356211 -0.4202927 -0.5302414 -0.6741347 -0.8482565 -0.9947036 -0.9664972 -0.7887962 -0.6048533 -0.4525628 -0.3327479 -0.2355891 -0.1564485 -8.8783331E-02 -3.0401664E-02 2.2757905E-02 7.1662620E-02 0.1191779 0.1657726 0.2137847 0.2635473 0.3172476 0.3753033 0.4400072 0.5120063 0.5938847 0.6866022 0.7931337 0.9147117 1.054641 1.214169 1.396653 1.602873 1.835879 2.095570 2.384719 2.702439 3.051933 3.431699 3.845217 4.285942 4.744449 5.161112 5.365336 4.949452 3.902610 2.863139 2.115319 1.610898 1.258986 1.005430 0.8134489 0.6656666
-0.1301412 -0.1567038 -0.1902576 -0.2319217 -0.2852652 -0.3528566 -0.4407808 -0.5542034 -0.7014388 -0.8782160 -1.025968 -0.9973531 -0.8175619 -0.6302872 -0.4740834 -0.3502782 -0.2493535 -0.1667887 -9.6057288E-02 -3.4920733E-02 2.0747004E-02 7.1989618E-02 0.1217448 0.1705559 0.2208293 0.2729705 0.3292352 0.3901187 0.4579918 0.5335911 0.6195928 0.7170613 0.8290765 0.9569825 1.104186 1.272026 1.463920 1.680670 1.925278 2.197518 2.499926 2.831247 3.194137 3.586344 4.010337 4.458321 4.919446 5.332836 5.527240 5.095817 4.029969 2.970396 2.203610 1.682658 1.317010 1.052313 0.8513871 0.6964194
-0.1362482 -0.1639762 -0.1989172 -0.2422132 -0.2974480 -0.3671701 -0.4574002 -0.5731548 -0.7225123 -0.9008810 -1.049392 -1.020440 -0.8392500 -0.6497907 -0.4909154 -0.3642548 -0.2604976 -0.1752440 -0.1020074 -3.8547441E-02 1.9295339E-02 7.2607085E-02 0.1243799 0.1752084 0.2275558 0.2818834 0.3405082 0.4039846 0.4747527 0.5536173 0.6433325 0.7450384 0.8618967 0.9953243 1.148795 1.323692 1.523446 1.748826 2.002744 2.284801 2.597274 2.938539 3.310768 3.711102 4.141300 4.592791 5.054023 5.463649 5.650499 5.208225 4.129201 3.055784 2.275707 1.742750 1.366708 1.093252 0.8850456 0.7240609
-0.1416717 -0.1703628 -0.2064228 -0.2510030 -0.3076781 -0.3789687 -0.4708268 -0.5881604 -0.7388838 -0.9182162 -1.067094 -1.037868 -0.8557585 -0.6648017 -0.5040478 -0.3753028 -0.2694017 -0.1820339 -0.1067615 -4.1354842E-02 1.8354796E-02 7.3481560E-02 0.1270497 0.1796946 0.2339213 0.2902363 0.3510044 0.4168313 0.4902080 0.5719975 0.6650096 0.7704439 0.8915148 1.029690 1.188475 1.369268 1.575482 1.807825 2.069096 2.358725 2.678740 3.027204 3.405901 3.811534 4.245387 4.698451 5.158818 5.564990 5.745849 5.295608 4.207514 3.124455 2.334853 1.793033 1.409075 1.128733 0.9146367 0.7486519
-0.1464360 -0.1759112 -0.2128644 -0.2584422 -0.3162073 -0.3886460 -0.4816578 -0.6000660 -0.7516848 -0.9316212 -1.080733 -1.051260 -0.8684357 -0.6764009 -0.5142801 -0.3839851 -0.2764397 -0.1874031 -0.1104755 -4.3445770E-02 1.7857458E-02 7.4561417E-02 0.1297131 0.1839759 0.2398874 0.2979884 0.3606815 0.4286120 0.5043130 0.5886889 0.6845930 0.7932644 0.9179553 1.060158 1.223395 1.409052 1.620510 1.858406 2.125427 2.420843 2.746477 3.100137 3.483323 3.892427 4.328441 4.782099 5.241342 5.644650 5.821130 5.365191 4.270343 3.180181 2.383567 1.835105 1.445067 1.159304 0.9404504 0.7703389
-0.1505779 -0.1806865 -0.2183445 -0.2646935 -0.3232778 -0.3965575 -0.4903867 -0.6095332 -0.7617401 -0.9420431 -1.091224 -1.061541 -0.8782187 -0.6853873 -0.5222474 -0.3907740 -0.2819536 -0.1915893 -0.1133149 -4.4933241E-02 1.7722649E-02 7.5787902E-02 0.1323237 0.1880139 0.2454186 0.3051071 0.3695092 0.4393015 0.5170484 0.6036862 0.7020974 0.8135495 0.9413149 1.086900 1.253823 1.443455 1.659132 1.901422 2.172909 2.472730 2.802541 3.159961 3.546280 3.957685 4.394979 4.848759 5.306887 5.707861 5.880834 5.420536 4.320909 3.225620 2.423791 1.870290 1.475550 1.185501 0.9628127 0.7893047
-0.1541441 -0.1847586 -0.2229698 -0.2699103 -0.3291099 -0.4030042 -0.4974156 -0.6170705 -0.7696689 -0.9502044 -1.099440 -1.069562 -0.8858073 -0.6923634 -0.5284426 -0.3960600 -0.2862369 -0.1948112 -0.1154366 -4.5931723E-02 1.7867971E-02 7.7099517E-02 0.1348355 0.1917712 0.2504865 0.3115690 0.3774714 0.4488928 0.5284207 0.6170132 0.7175747 0.8313887 0.9617397 1.110135 1.280087 1.472939 1.691987 1.937733 2.212677 2.515846 2.848768 3.208918 3.597444 4.010392 4.448451 4.902133 5.359282 5.758430 5.928895 5.465448 4.362066 3.262824 2.457032 1.899670 1.501267 1.207825 0.9820448 0.8057546
-0.1571833 -0.1881992 -0.2268412 -0.2742341 -0.3338938 -0.4082382 -0.5030643 -0.6230714 -0.7759270 -0.9565935 -1.105796 -1.075755 -0.8916949 -0.6977762 -0.5332505 -0.4001545 -0.2895379 -0.1972570 -0.1169851 -4.6548422E-02 1.8212292E-02 7.8436941E-02 0.1372018 0.1952144 0.2550656 0.3173594 0.3845621 0.4573914 0.5384504 0.6287139 0.7310984 0.8468984 0.9794014 1.130113 1.302530 1.497974 1.719698 1.968153 2.245764 2.551475 2.886718 3.248865 3.638959 4.052957 4.491471 4.944974 5.401290 5.798983 5.967368 5.501421 4.395385 3.293257 2.484461 1.924118 1.522854 1.226719 0.9984522 0.8198880
-0.1597432 -0.1910745 -0.2300507 -0.2777872 -0.3377910 -0.4124635 -0.5075859 -0.6278359 -0.7808622 -0.9616103 -1.110805 -1.080613 -0.8962671 -0.7019700 -0.5369655 -0.4033077 -0.2920576 -0.1990894 -0.1180851 -4.6879590E-02 1.8683484E-02 7.9743847E-02 0.1393827 0.1983141 0.2591378 0.3224676 0.3907834 0.4648122 0.5471713 0.6388437 0.7427558 0.8602052 0.9944810 1.147081 1.321490 1.519002 1.742839 1.993405 2.273070 2.580711 2.917689 3.281300 3.672520 4.087239 4.526028 4.979328 5.434972 5.831551 5.998498 5.530766 4.422540 3.318109 2.506989 1.944341 1.540834 1.242569 1.012306 0.8318969
-0.1618681 -0.1934453 -0.2326774 -0.2806746 -0.3409331 -0.4158455 -0.5111782 -0.6315964 -0.7847317 -0.9655156 -1.114648 -1.084333 -0.8997931 -0.7051986 -0.5398185 -0.4057145 -0.2939615 -0.2004403 -0.1188432 -4.7008459E-02 1.9216351E-02 8.0972113E-02 0.1413419 0.2010451 0.2626873 0.3268900 0.3961411 0.4711770 0.5546209 0.6474643 0.7526366 0.8714383 1.007155 1.161278 1.337275 1.536425 1.761915 2.014117 2.295355 2.604458 2.942731 3.307421 3.699452 4.114674 4.553624 5.006734 5.461833 5.857528 6.023228 5.554026 4.444304 3.338216 2.525332 1.960899 1.555645 1.255699 1.023848 0.8419526
-0.1635981 -0.1953645 -0.2347911 -0.2829826 -0.3434297 -0.4185149 -0.5139970 -0.6345292 -0.7877362 -0.9685416 -1.117653 -1.087227 -0.9024941 -0.7076613 -0.5419837 -0.4075304 -0.2953791 -0.2014201 -0.1193475 -4.7006596E-02 1.9755960E-02 8.2078949E-02 0.1430487 0.2033865 0.2657035 0.3306256 0.4006470 0.4765090 0.5608408 0.6546368 0.7608295 0.8807184 1.017586 1.172916 1.350164 1.550589 1.777360 2.030815 2.313247 2.623448 2.962685 3.328168 3.720784 4.136356 4.575403 5.028347 5.483025 5.878063 6.042961 5.572755 4.461737 3.354295 2.540047 1.974246 1.567639 1.266383 1.033280 0.8502080
-0.1649669 -0.1968757 -0.2364469 -0.2847818 -0.3453649 -0.4205740 -0.5161601 -0.6367701 -0.7900199 -0.9708252 -1.119875 -1.089366 -0.9045168 -0.7095018 -0.5435968 -0.4088722 -0.2964139 -0.2021128 -0.1196701 -4.6930138E-02 2.0256592E-02 8.3030514E-02 0.1444775 0.2053222 0.2681786 0.3336762 0.4043120 0.4808324 0.5658688 0.6604186 0.7674143 0.8881549 1.025918 1.182181 1.360391 1.561790 1.789529 2.043927 2.327250 2.638264 2.978208 3.344265 3.737300 4.153117 4.592219 5.045028 5.499377 5.893902 6.058061 5.587003 4.475178 3.366816 2.551563 1.984729 1.577096 1.274839 1.040775 0.8567883
-0.1660028 -0.1980146 -0.2376902 -0.2861267 -0.3468061 -0.4221008 -0.5177579 -0.6384185 -0.7916957 -0.9725036 -1.121540 -1.090959 -0.9059873 -0.7108335 -0.5447566 -0.4098316 -0.2971431 -0.2025876 -0.1198655 -4.6825919E-02 2.0682301E-02 8.3797671E-02 0.1456086 0.2068400 0.2701081 0.3360439 0.4071487 0.4841693 0.5697404 0.6648598 0.7724608 0.8938395 1.032272 1.189228 1.368147 1.570262 1.798709 2.053791 2.337757 2.649354 2.989802 3.356264 3.749592 4.165574 4.604711 5.057413 5.511528 5.905700 6.069459 5.597887 4.485326 3.376209 2.560209 1.992622 1.584237 1.281243 1.046466 0.8618004
-0.1667271 -0.1988089 -0.2385543 -0.2870589 -0.3478016 -0.4231526 -0.5188548 -0.6395475 -0.7928393 -0.9736384 -1.122629 -1.092003 -0.9069782 -0.7117304 -0.5455371 -0.4104719 -0.2976252 -0.2028923 -0.1199769 -4.6727132E-02 2.1005329E-02 8.4360823E-02 0.1464268 0.2079302 0.2714872 0.3377324 0.4091663 0.4865386 0.5724844 0.6680022 0.7760240 0.8978466 1.036741 1.194176 1.373582 1.576186 1.805115 2.060661 2.345061 2.657048 2.997833 3.364566 3.758086 4.174176 4.613328 5.065958 5.519907 5.913820 6.077180 5.605165 4.492253 3.382712 2.566222 1.998123 1.589225 1.285725 1.050459 0.8653227
-0.1671557 -0.1992780 -0.2390638 -0.2876070 -0.3483859 -0.4237685 -0.5194963 -0.6402059 -0.7935061 -0.9743059 -1.123301 -1.092642 -0.9075554 -0.7122501 -0.5459858 -0.4108397 -0.2978989 -0.2030622 -0.1200320 -4.6658844E-02 2.1206796E-02 8.4703982E-02 0.1469221 0.2085867 0.2723160 0.3387439 0.4103736 0.4879544 0.5741221 0.6698749 0.7781460 0.9002293 1.039396 1.197110 1.376801 1.579690 1.808899 2.064713 2.349364 2.661577 3.002555 3.369441 3.763071 4.179221 4.618383 5.070969 5.524825 5.918608 6.081858 5.609676 4.496425 3.386557 2.569767 2.001370 1.592173 1.288379 1.052825 0.8674136
-0.1672974 -0.1994328 -0.2392317 -0.2877882 -0.3485786 -0.4239712 -0.5197073 -0.6404231 -0.7937243 -0.9745184 -1.123487 -1.092823 -0.9077412 -0.7124189 -0.5461330 -0.4109592 -0.2979881 -0.2031162 -0.1200489 -4.6634443E-02 2.1274738E-02 8.4819734E-02 0.1470875 0.2088059 0.2725919 0.3390810 0.4107757 0.4884251 0.5746660 0.6704971 0.7788502 0.9010198 1.040276 1.198083 1.377867 1.580850 1.810151 2.066053 2.350785 2.663072 3.004112 3.371049 3.764713 4.180884 4.620049 5.072620 5.526441 5.920166 6.083279 5.610968 4.497719 3.387813 2.570938 2.002443 1.593149 1.289257 1.053610 0.8681064
-0.1671556 -0.1992780 -0.2390638 -0.2876073 -0.3483861 -0.4237687 -0.5194966 -0.6402062 -0.7935062 -0.9743059 -1.123301 -1.092642 -0.9075557 -0.7122503 -0.5459861 -0.4108398 -0.2978988 -0.2030620 -0.1200320 -4.6659052E-02 2.1206656E-02 8.4703945E-02 0.1469219 0.2085864 0.2723157 0.3387437 0.4103737 0.4879541 0.5741220 0.6698747 0.7781459 0.9002293 1.039396 1.197110 1.376801 1.579690 1.808899 2.064713 2.349364 2.661577 3.002555 3.369441 3.763071 4.179221 4.618383 5.070969 5.524825 5.918607 6.081857 5.609676 4.496425 3.386557 2.569767 2.001370 1.592173 1.288379 1.052825 0.8674136
-0.1667271 -0.1988090 -0.2385544 -0.2870592 -0.3478020 -0.4231528 -0.5188551 -0.6395478 -0.7928392 -0.9736383 -1.122628 -1.092003 -0.9069784 -0.7117306 -0.5455372 -0.4104722 -0.2976254 -0.2028921 -0.1199768 -4.6727177E-02 2.1004956E-02 8.4360667E-02 0.1464267 0.2079299 0.2714874 0.3377323 0.4091663 0.4865389 0.5724844 0.6680025 0.7760246 0.8978466 1.036741 1.194176 1.373582 1.576186 1.805115 2.060661 2.345060 2.657048 2.997833 3.364566 3.758086 4.174176 4.613329 5.065958 5.519906 5.913820 6.077180 5.605165 4.492253 3.382712 2.566222 1.998123 1.589225 1.285725 1.050459 0.8653225
