T1-compare/200/model-f.grd
DSAA
         200         200
  -15.00000       15.00000    
  -15.00000       15.00000    
  0.8457452       99.47115    
[rows 168 to 195 of 200, columns 126 to 188 of 200]
6.570985 6.450073 6.327884 6.204718 6.080865 5.956612 5.832231 5.707988 5.584131 5.460896 5.338505 5.217161 5.097052 4.978351 4.861207 4.745762 4.632137 4.520435 4.410748 4.303152 4.197708 4.094467 3.993466 3.894733 3.798285 3.704131 3.612269 3.522695 3.435393 3.350343 3.267523 3.186904 3.108451 3.032134 2.957909 2.885739 2.815580 2.747390 2.681122 2.616733 2.554176 2.493405 2.434374 2.377036 2.321346 2.267258 2.214726 2.163708 2.114159 2.066037 2.019298 1.973904 1.929812 1.886984 1.845381 1.804967 1.765704 1.727557 1.690494 1.654478 1.619478 1.585464 1.552403
6.291931 6.179412 6.065653 5.950923 5.835488 5.719605 5.603524 5.487485 5.371717 5.256436 5.141844 5.028131 4.915471 4.804025 4.693936 4.585336 4.478340 4.373049 4.269552 4.167925 4.068229 3.970518 3.874830 3.781197 3.689641 3.600175 3.512803 3.427526 3.344334 3.263215 3.184152 3.107121 3.032096 2.959051 2.887950 2.818761 2.751448 2.685973 2.622296 2.560379 2.500180 2.441659 2.384774 2.329485 2.275750 2.223527 2.172776 2.123458 2.075531 2.028958 1.983699 1.939718 1.896976 1.855438 1.815068 1.775831 1.737695 1.700625 1.664591 1.629561 1.595504 1.562391 1.530193
6.028470 5.923666 5.817657 5.710688 5.603002 5.494831 5.386402 5.277938 5.169644 5.061721 4.954355 4.847722 4.741981 4.637285 4.533766 4.431551 4.330750 4.231459 4.133765 4.037741 3.943450 3.850945 3.760266 3.671452 3.584523 3.499498 3.416385 3.335191 3.255910 3.178535 3.103055 3.029452 2.957705 2.887793 2.819687 2.753360 2.688781 2.625917 2.564734 2.505200 2.447277 2.390929 2.336120 2.282813 2.230970 2.180557 2.131533 2.083865 2.037516 1.992449 1.948630 1.906025 1.864599 1.824318 1.785150 1.747065 1.710028 1.674012 1.638986 1.604919 1.571785 1.539557 1.508206
5.779559 5.681850 5.582973 5.483152 5.382607 5.281549 5.180185 5.078718 4.977338 4.876229 4.775561 4.675498 4.576189 4.477774 4.380381 4.284126 4.189115 4.095440 4.003185 3.912421 3.823213 3.735610 3.649657 3.565392 3.482840 3.402021 3.322949 3.245632 3.170070 3.096262 3.024198 2.953867 2.885254 2.818341 2.753105 2.689523 2.627569 2.567217 2.508435 2.451196 2.395467 2.341217 2.288414 2.237024 2.187014 2.138352 2.091003 2.044936 2.000118 1.956516 1.914097 1.872831 1.832687 1.793632 1.755638 1.718675 1.682713 1.647726 1.613684 1.580562 1.548331 1.516968 1.486447
5.544212 5.453040 5.360735 5.267505 5.173546 5.079055 4.984220 4.889225 4.794246 4.699451 4.604999 4.511039 4.417713 4.325149 4.233467 4.142777 4.053181 3.964765 3.877610 3.791787 3.707357 3.624373 3.542876 3.462908 3.384495 3.307660 3.232419 3.158784 3.086759 3.016345 2.947539 2.880332 2.814713 2.750669 2.688182 2.627233 2.567800 2.509860 2.453388 2.398360 2.344746 2.292520 2.241654 2.192117 2.143880 2.096915 2.051189 2.006675 1.963344 1.921164 1.880107 1.840144 1.801247 1.763387 1.726537 1.690669 1.655757 1.621774 1.588695 1.556495 1.525149 1.494634 1.464925
5.321551 5.236402 5.150161 5.063012 4.975136 4.886714 4.797916 4.708913 4.619866 4.530927 4.442246 4.353961 4.266201 4.179090 4.092737 4.007247 3.922715 3.839225 3.756855 3.675672 3.595737 3.517101 3.439808 3.363897 3.289398 3.216336 3.144727 3.074588 3.005925 2.938743 2.873040 2.808814 2.746055 2.684756 2.624900 2.566474 2.509460 2.453839 2.399587 2.346686 2.295111 2.244837 2.195840 2.148093 2.101570 2.056247 2.012094 1.969086 1.927196 1.886398 1.846664 1.807968 1.770285 1.733588 1.697851 1.663052 1.629163 1.596161 1.564023 1.532724 1.502243 1.472556 1.443643
5.110740 5.031153 4.950510 4.868978 4.786727 4.703919 4.620710 4.537258 4.453711 4.370210 4.286892 4.203886 4.121311 4.039281 3.957903 3.877273 3.797481 3.718608 3.640726 3.563903 3.488197 3.413657 3.340329 3.268250 3.197453 3.127962 3.059798 2.992977 2.927510 2.863402 2.800657 2.739274 2.679246 2.620571 2.563234 2.507226 2.452533 2.399137 2.347020 2.296166 2.246554 2.198161 2.150968 2.104950 2.060085 2.016349 1.973718 1.932170 1.891678 1.852220 1.813771 1.776307 1.739804 1.704239 1.669588 1.635828 1.602937 1.570893 1.539673 1.509255 1.479619 1.450744 1.422608
4.911019 4.836570 4.761100 4.684765 4.607718 4.530107 4.452078 4.373774 4.295332 4.216882 4.138551 4.060458 3.982715 3.905428 3.828697 3.752611 3.677257 3.602711 3.529043 3.456317 3.384589 3.313908 3.244320 3.175861 3.108564 3.042455 2.977557 2.913887 2.851456 2.790274 2.730346 2.671674 2.614255 2.558088 2.503162 2.449469 2.397000 2.345741 2.295676 2.246790 2.199068 2.152488 2.107034 2.062685 2.019421 1.977221 1.936063 1.895927 1.856791 1.818633 1.781431 1.745163 1.709808 1.675344 1.641749 1.609003 1.577085 1.545974 1.515650 1.486092 1.457281 1.429199 1.401825
4.721675 4.651976 4.581295 4.509768 4.437541 4.364747 4.291523 4.217998 4.144298 4.070545 3.996855 3.923339 3.850102 3.777243 3.704853 3.633019 3.561823 3.491335 3.421623 3.352748 3.284765 3.217721 3.151661 3.086622 3.022635 2.959730 2.897927 2.837246 2.777702 2.719304 2.662060 2.605973 2.551044 2.497272 2.444652 2.393178 2.342842 2.293632 2.245537 2.198545 2.152641 2.107808 2.064030 2.021292 1.979574 1.938858 1.899126 1.860358 1.822535 1.785638 1.749645 1.714539 1.680299 1.646905 1.614338 1.582580 1.551609 1.521407 1.491957 1.463239 1.435234 1.407926 1.381297
4.542063 4.476762 4.410511 4.343442 4.275682 4.207357 4.138591 4.069505 4.000215 3.930831 3.861463 3.792215 3.723182 3.654458 3.586129 3.518276 3.450974 3.384294 3.318297 3.253044 3.188586 3.124970 3.062238 3.000430 2.939575 2.879703 2.820835 2.762992 2.706189 2.650440 2.595751 2.542129 2.489576 2.438094 2.387680 2.338330 2.290037 2.242794 2.196591 2.151418 2.107263 2.064111 2.021951 1.980765 1.940540 1.901259 1.862904 1.825460 1.788909 1.753233 1.718414 1.684435 1.651278 1.618925 1.587358 1.556559 1.526511 1.497197 1.468598 1.440699 1.413481 1.386930 1.361027
4.371574 4.310347 4.248205 4.185267 4.121653 4.057477 3.992853 3.927894 3.862705 3.797391 3.732052 3.666784 3.601677 3.536819 3.472287 3.408161 3.344512 3.281405 3.218899 3.157052 3.095913 3.035530 2.975940 2.917184 2.859292 2.802291 2.746206 2.691057 2.636860 2.583629 2.531374 2.480102 2.429817 2.380522 2.332217 2.284899 2.238565 2.193208 2.148821 2.105396 2.062923 2.021390 1.980787 1.941099 1.902314 1.864418 1.827395 1.791231 1.755911 1.721419 1.687738 1.654853 1.622747 1.591405 1.560809 1.530945 1.501795 1.473344 1.445576 1.418475 1.392025 1.366212 1.341020
4.209643 4.152194 4.093863 4.034761 3.974996 3.914676 3.853903 3.792783 3.731415 3.669893 3.608311 3.546758 3.485319 3.424075 3.363099 3.302467 3.242243 3.182490 3.123266 3.064625 3.006613 2.949276 2.892654 2.836782 2.781693 2.727412 2.673965 2.621373 2.569652 2.518817 2.468879 2.419847 2.371725 2.324520 2.278231 2.232859 2.188400 2.144852 2.102208 2.060462 2.019607 1.979632 1.940528 1.902285 1.864889 1.828330 1.792594 1.757669 1.723540 1.690193 1.657615 1.625791 1.594706 1.564345 1.534694 1.505738 1.477462 1.449851 1.422892 1.396569 1.370869 1.345776 1.321277
4.055749 4.001806 3.947014 3.891475 3.835288 3.778553 3.721365 3.663821 3.606012 3.548026 3.489951 3.431869 3.373858 3.315996 3.258351 3.200993 3.143984 3.087383 3.031244 2.975620 2.920555 2.866093 2.812272 2.759127 2.706689 2.654985 2.604041 2.553875 2.504507 2.455951 2.408220 2.361322 2.315266 2.270056 2.225694 2.182183 2.139522 2.097707 2.056736 2.016603 1.977302 1.938826 1.901166 1.864314 1.828259 1.792991 1.758498 1.724770 1.691793 1.659557 1.628047 1.597251 1.567155 1.537748 1.509013 1.480941 1.453515 1.426723 1.400552 1.374987 1.350017 1.325627 1.301805
3.909415 3.858728 3.807224 3.754996 3.702138 3.648739 3.594889 3.540676 3.486186 3.431501 3.376700 3.321861 3.267058 3.212362 3.157839 3.103551 3.049561 2.995921 2.942685 2.889901 2.837614 2.785863 2.734688 2.684121 2.634192 2.584930 2.536358 2.488497 2.441365 2.394977 2.349346 2.304483 2.260396 2.217092 2.174573 2.132843 2.091902 2.051750 2.012382 1.973798 1.935991 1.898957 1.862687 1.827176 1.792413 1.758390 1.725098 1.692527 1.660665 1.629502 1.599027 1.569227 1.540092 1.511609 1.483766 1.456551 1.429952 1.403956 1.378551 1.353725 1.329466 1.305762 1.282600
3.770180 3.722521 3.674075 3.624929 3.575169 3.524878 3.474138 3.423033 3.371640 3.320036 3.268296 3.216491 3.164690 3.112961 3.061363 3.009959 2.958802 2.907947 2.857442 2.807334 2.757666 2.708475 2.659799 2.611670 2.564117 2.517169 2.470846 2.425172 2.380164 2.335839 2.292209 2.249285 2.207077 2.165592 2.124835 2.084807 2.045515 2.006954 1.969126 1.932029 1.895658 1.860010 1.825078 1.790858 1.757341 1.724520 1.692387 1.660933 1.630149 1.600025 1.570552 1.541718 1.513514 1.485928 1.458949 1.432568 1.406772 1.381550 1.356892 1.332785 1.309219 1.286183 1.263666
3.637635 3.592791 3.547192 3.500915 3.454041 3.406646 3.358809 3.310603 3.262102 3.213378 3.164499 3.115534 3.066545 3.017596 2.968743 2.920045 2.871553 2.823317 2.775383 2.727797 2.680598 2.633824 2.587509 2.541686 2.496383 2.451626 2.407438 2.363841 2.320853 2.278489 2.236764 2.195689 2.155273 2.115525 2.076451 2.038054 2.000338 1.963304 1.926952 1.891281 1.856290 1.821974 1.788330 1.755353 1.723036 1.691375 1.660360 1.629986 1.600244 1.571125 1.542621 1.514722 1.487421 1.460705 1.434566 1.408994 1.383978 1.359509 1.335577 1.312170 1.289280 1.266894 1.245005
3.511386 3.469165 3.426216 3.382613 3.338430 3.293738 3.248607 3.203109 3.157311 3.111280 3.065079 3.018773 2.972419 2.926077 2.879801 2.833644 2.787657 2.741885 2.696374 2.651164 2.606296 2.561803 2.517720 2.474079 2.430906 2.388227 2.346064 2.304440 2.263371 2.222873 2.182962 2.143648 2.104943 2.066854 2.029387 1.992550 1.956343 1.920772 1.885835 1.851535 1.817868 1.784834 1.752428 1.720648 1.689488 1.658944 1.629009 1.599677 1.570942 1.542795 1.515230 1.488237 1.461809 1.435937 1.410612 1.385825 1.361568 1.337831 1.314604 1.291879 1.269646 1.247895 1.226617
3.391067 3.351289 3.310812 3.269703 3.228030 3.185860 3.143258 3.100291 3.057020 3.013508 2.969816 2.926000 2.882117 2.838222 2.794366 2.750599 2.706967 2.663515 2.620285 2.577317 2.534648 2.492311 2.450340 2.408763 2.367607 2.326898 2.286658 2.246906 2.207662 2.168940 2.130756 2.093122 2.056047 2.019542 1.983613 1.948266 1.913506 1.879335 1.845756 1.812770 1.780376 1.748573 1.717358 1.686731 1.656685 1.627219 1.598325 1.570000 1.542237 1.515030 1.488372 1.462256 1.436675 1.411620 1.387085 1.363062 1.339541 1.316514 1.293974 1.271911 1.250318 1.229185 1.208503
3.276339 3.238840 3.200668 3.161886 3.122557 3.082744 3.042506 3.001905 2.960999 2.919847 2.878503 2.837023 2.795458 2.753860 2.712277 2.670757 2.629342 2.588075 2.546996 2.506142 2.465549 2.425250 2.385274 2.345652 2.306408 2.267566 2.229149 2.191177 2.153668 2.116636 2.080097 2.044063 2.008545 1.973553 1.939093 1.905172 1.871795 1.838967 1.806689 1.774964 1.743792 1.713172 1.683104 1.653586 1.624614 1.596186 1.568297 1.540943 1.514119 1.487821 1.462041 1.436773 1.412012 1.387751 1.363981 1.340697 1.317891 1.295555 1.273682 1.252264 1.231293 1.210761 1.190661
3.166889 3.131516 3.095495 3.058888 3.021749 2.984138 2.946111 2.907725 2.869034 2.830091 2.790950 2.751660 2.712272 2.672832 2.633387 2.593979 2.554652 2.515444 2.476393 2.437535 2.398903 2.360529 2.322442 2.284671 2.247238 2.210168 2.173483 2.137201 2.101341 2.065918 2.030946 1.996438 1.962404 1.928856 1.895800 1.863243 1.831191 1.799649 1.768618 1.738103 1.708104 1.678622 1.649656 1.621205 1.593266 1.565839 1.538919 1.512503 1.486587 1.461166 1.436235 1.411789 1.387822 1.364328 1.341301 1.318735 1.296622 1.274957 1.253732 1.232941 1.212575 1.192629 1.173094
3.062419 3.029031 2.995021 2.960443 2.925353 2.889803 2.853845 2.817533 2.780916 2.744045 2.706970 2.669737 2.632393 2.594982 2.557546 2.520128 2.482767 2.445499 2.408362 2.371388 2.334610 2.298056 2.261757 2.225737 2.190022 2.154633 2.119591 2.084916 2.050625 2.016732 1.983253 1.950200 1.917584 1.885414 1.853700 1.822447 1.791663 1.761353 1.731518 1.702164 1.673292 1.644902 1.616996 1.589572 1.562629 1.536167 1.510181 1.484670 1.459629 1.435057 1.410946 1.387295 1.364097 1.341347 1.319039 1.297169 1.275730 1.254716 1.234121 1.213938 1.194162 1.174785 1.155801
2.962655 2.931122 2.898991 2.866313 2.833139 2.799517 2.765497 2.731128 2.696456 2.661529 2.626392 2.591091 2.555667 2.520164 2.484620 2.449075 2.413567 2.378129 2.342797 2.307603 2.272576 2.237745 2.203137 2.168778 2.134691 2.100897 2.067417 2.034268 2.001469 1.969034 1.936977 1.905311 1.874046 1.843194 1.812762 1.782757 1.753187 1.724056 1.695368 1.667128 1.639338 1.611997 1.585110 1.558674 1.532690 1.507157 1.482072 1.457433 1.433239 1.409485 1.386169 1.363286 1.340832 1.318802 1.297192 1.275996 1.255210 1.234828 1.214845 1.195254 1.176050 1.157227 1.138779
2.867339 2.837541 2.807168 2.776268 2.744887 2.713072 2.680867 2.648319 2.615472 2.582370 2.549054 2.515568 2.481950 2.448241 2.414478 2.380698 2.346936 2.313225 2.279598 2.246084 2.212713 2.179513 2.146507 2.113721 2.081178 2.048897 2.016900 1.985203 1.953823 1.922775 1.892073 1.861730 1.831755 1.802161 1.772954 1.744143 1.715734 1.687734 1.660146 1.632974 1.606221 1.579890 1.553982 1.528497 1.503436 1.478798 1.454581 1.430785 1.407407 1.384445 1.361895 1.339755 1.318021 1.296689 1.275755 1.255214 1.235061 1.215293 1.195903 1.176888 1.158240 1.139956 1.122030
2.776232 2.748057 2.719330 2.690094 2.660393 2.630271 2.599769 2.568929 2.537795 2.506406 2.474801 2.443020 2.411102 2.379083 2.346997 2.314881 2.282766 2.250685 2.218668 2.186743 2.154938 2.123280 2.091791 2.060498 2.029419 1.998576 1.967987 1.937670 1.907640 1.877914 1.848503 1.819421 1.790678 1.762285 1.734249 1.706580 1.679283 1.652365 1.625831 1.599684 1.573928 1.548566 1.523600 1.499030 1.474856 1.451081 1.427701 1.404717 1.382127 1.359929 1.338121 1.316700 1.295662 1.275005 1.254725 1.234818 1.215280 1.196107 1.177294 1.158837 1.140730 1.122970 1.105551
2.689098 2.662443 2.635257 2.607581 2.579456 2.550921 2.522017 2.492782 2.463256 2.433477 2.403481 2.373306 2.342987 2.312559 2.282054 2.251507 2.220947 2.190405 2.159909 2.129487 2.099164 2.068966 2.038916 2.009037 1.979348 1.949869 1.920619 1.891615 1.862871 1.834403 1.806223 1.778344 1.750776 1.723530 1.696615 1.670037 1.643805 1.617925 1.592400 1.567237 1.542438 1.518007 1.493946 1.470255 1.446937 1.423992 1.401419 1.379219 1.357389 1.335930 1.314837 1.294111 1.273747 1.253744 1.234097 1.214805 1.195863 1.177267 1.159014 1.141099 1.123518 1.106267 1.089342
2.605734 2.580503 2.554762 2.528549 2.501901 2.474856 2.447452 2.419724 2.391710 2.363443 2.334961 2.306297 2.277484 2.248555 2.219542 2.190474 2.161382 2.132293 2.103235 2.074234 2.045315 2.016500 1.987813 1.959275 1.930905 1.902723 1.874746 1.846990 1.819469 1.792200 1.765193 1.738462 1.712016 1.685866 1.660021 1.634489 1.609276 1.584389 1.559832 1.535613 1.511733 1.488196 1.465004 1.442160 1.419665 1.397520 1.375724 1.354279 1.333184 1.312436 1.292036 1.271981 1.252269 1.232899 1.213866 1.195169 1.176804 1.158769 1.141059 1.123671 1.106601 1.089845 1.073399
2.525941 2.502045 2.477659 2.452817 2.427557 2.401911 2.375915 2.349603 2.323009 2.296167 2.269109 2.241868 2.214474 2.186959 2.159351 2.131680 2.103974 2.076259 2.048561 2.020905 1.993314 1.965810 1.938415 1.911150 1.884033 1.857082 1.830315 1.803746 1.777391 1.751263 1.725375 1.699738 1.674364 1.649262 1.624440 1.599907 1.575670 1.551735 1.528107 1.504792 1.481794 1.459115 1.436760 1.414731 1.393028 1.371653 1.350607 1.329890 1.309503 1.289443 1.269711 1.250305 1.231224 1.212466 1.194027 1.175907 1.158102 1.140610 1.123427 1.106550 1.089976 1.073702 1.057723
2.449530 2.426887 2.403771 2.380218 2.356260 2.331928 2.307256 2.282277 2.257020 2.231518 2.205801 2.179900 2.153844 2.127662 2.101382 2.075030 2.048634 2.022218 1.995806 1.969422 1.943089 1.916828 1.890659 1.864602 1.838674 1.812894 1.787277 1.761839 1.736593 1.711553 1.686732 1.662140 1.637789 1.613687 1.589844 1.566267 1.542964 1.519941 1.497204 1.474757 1.452605 1.430752 1.409201 1.387954 1.367013 1.346381 1.326057 1.306042 1.286337 1.266943 1.247856 1.229078 1.210606 1.192440 1.174577 1.157015 1.139753 1.122787 1.106115 1.089735 1.073643 1.057836 1.042310
