T1-compare/200/model-t.grd
DSAA
         200         200
      -15.000000       15.000000
      -15.000000       15.000000
    7.077141E-01       99.345047
[rows 81 to 107 of 200, columns 61 to 121 of 200]
23.501652 25.066219 26.768221 28.622972 30.648001 32.863140 35.290596 37.954662 40.879803 44.085915 47.576427 51.316013 55.203938 59.079857 62.785931 66.226173 69.368591 72.218163 74.795082 77.123665 79.227776 81.129135 82.846985 84.398117 85.797302 87.057190 88.188980 89.202354 90.105690 90.906319 91.610580 92.223930 92.751076 93.195946 93.561836 93.851440 94.066803 94.209541 94.280647 94.280678 94.209549 94.066818 93.851433 93.561844 93.195961 92.751076 92.223953 91.610580 90.906311 90.105675 89.202339 88.188972 87.057182 85.797279 84.398140 82.846970 81.129135 79.227776 77.123657 74.795044 72.218140
23.711428 25.288076 27.002607 28.870438 30.908957 33.138020 35.579781 38.258488 41.198566 44.419807 47.925652 51.680614 55.583931 59.475185 63.196419 66.651619 69.808708 72.672607 75.263412 77.605431 79.722458 81.636124 83.365662 84.927910 86.337471 87.607117 88.747963 89.769638 90.680641 91.488190 92.198692 92.817551 93.349533 93.798508 94.167824 94.460152 94.677582 94.821686 94.893463 94.893478 94.821671 94.677559 94.460129 94.167824 93.798500 93.349541 92.817558 92.198685 91.488220 90.680634 89.769676 88.747955 87.607109 86.337471 84.927925 83.365692 81.636124 79.722427 77.605423 75.263412 72.672585
23.907043 25.494656 27.220650 29.100317 31.151114 33.392754 35.847450 38.539364 41.492897 44.727779 48.247364 52.016174 55.933311 59.838322 63.573219 67.041908 70.212173 73.088943 75.692245 78.046371 80.175018 82.099854 83.839996 85.412247 86.831268 88.109749 89.258797 90.288116 91.206039 92.019936 92.736137 93.360054 93.896408 94.349174 94.721626 95.016449 95.235764 95.381134 95.453552 95.453552 95.381142 95.235764 95.016441 94.721642 94.349174 93.896431 93.360062 92.736145 92.019958 91.206055 90.288101 89.258835 88.109749 86.831268 85.412247 83.839989 82.099823 80.175026 78.046402 75.692261 73.088936
24.088839 25.686497 27.422882 29.313311 31.375162 33.628216 36.094604 38.798443 41.764091 45.011242 48.543221 52.324444 56.254017 60.171375 63.918533 67.399277 70.581421 73.469757 76.084343 78.449341 80.588478 82.523346 84.273064 85.854408 87.281967 88.568497 89.725021 90.761200 91.685486 92.505127 93.226509 93.855057 94.395447 94.851654 95.226967 95.524078 95.745110 95.891609 95.964600 95.964577 95.891594 95.745132 95.524094 95.226936 94.851646 94.395432 93.855049 93.226501 92.505150 91.685486 90.761208 89.725006 88.568497 87.281960 85.854431 84.273056 82.523346 80.588478 78.449341 76.084358 73.469772
24.257267 25.864010 27.609840 29.510010 31.581886 33.845234 36.322151 39.036739 42.013290 45.271477 48.814548 52.606949 56.547653 60.476147 64.234268 67.725830 70.918610 73.817383 76.442085 78.816902 80.965439 82.909363 84.667702 86.257256 87.692551 88.986298 90.149597 91.192062 92.122093 92.946983 93.673042 94.305756 94.849808 95.309166 95.687111 95.986320 96.208923 96.356468 96.429977 96.429993 96.356476 96.208923 95.986351 95.687111 95.309174 94.849831 94.305771 93.673050 92.946960 92.122086 91.192062 90.149605 88.986298 87.692528 86.257256 84.667725 82.909370 80.965446 78.816895 76.442085 73.817398
24.412697 26.027706 27.782040 29.691006 31.771936 34.044556 36.530930 39.255169 42.241520 45.509613 49.062683 52.865070 56.815784 60.754200 64.522186 68.023483 71.225769 74.133850 76.767662 79.151230 81.308289 83.260323 85.026436 86.623360 88.065620 89.365929 90.535316 91.583435 92.518639 93.348289 94.078636 94.715149 95.262535 95.724747 96.105042 96.406151 96.630196 96.778687 96.852684 96.852669 96.778687 96.630180 96.406151 96.105034 95.724754 95.262543 94.715149 94.078629 93.348282 92.518654 91.583427 90.535301 89.365921 88.065598 86.623360 85.026421 83.260323 81.308289 79.151222 76.767639 74.133842
24.555490 26.177923 27.939999 29.856861 31.945953 34.226891 36.721790 39.454666 42.449802 45.726757 49.288727 53.100060 57.059696 61.007004 64.783783 68.293770 71.504593 74.421028 77.062927 79.454422 81.619041 83.578362 85.351448 86.954971 88.403511 89.709709 90.884598 91.937798 92.877716 93.711609 94.445831 95.085785 95.636177 96.100952 96.483437 96.786255 97.011574 97.160919 97.235329 97.235359 97.160950 97.011574 96.786270 96.483421 96.100952 95.636162 95.085793 94.445831 93.711639 92.877724 91.937813 90.884583 89.709694 88.403496 86.954964 85.351433 83.578369 81.619034 79.454391 77.062935 74.421013
24.685993 26.315113 28.084059 30.008051 32.104435 34.392838 36.895367 39.636002 42.638935 45.923805 49.493755 53.313072 57.280685 61.235897 65.020523 68.538254 71.756683 74.680519 77.329666 79.728188 81.899605 83.865448 85.644730 87.254196 88.708328 90.019798 91.199608 92.257408 93.201523 94.039268 94.776939 95.419968 95.973091 96.440186 96.824593 97.128975 97.355446 97.505592 97.580399 97.580414 97.505585 97.355431 97.128975 96.824593 96.440208 95.973053 95.419975 94.776917 94.039261 93.201523 92.257385 91.199623 90.019783 88.708344 87.254189 85.644760 83.865433 81.899590 79.728195 77.329697 74.680542
24.804491 26.439640 28.214741 30.145096 32.247974 34.543026 37.052322 39.799839 42.809746 46.101643 49.678669 53.505077 57.479736 61.442001 65.233582 68.758171 71.983368 74.913834 77.569389 79.974136 82.151566 84.123207 85.908058 87.522797 88.981918 90.298065 91.482300 92.544151 93.492043 94.333199 95.073990 95.719795 96.275322 96.744476 97.130623 97.436417 97.663918 97.814758 97.889908 97.889908 97.814781 97.663918 97.436394 97.130638 96.744492 96.275284 95.719795 95.073997 94.333221 93.492050 92.544128 91.482285 90.298080 88.981903 87.522797 85.908066 84.123222 82.151558 79.974121 77.569405 74.913834
24.911276 26.551758 28.332355 30.268335 32.376984 34.677967 37.193237 39.946850 42.962963 46.261078 49.844315 53.676960 57.657887 61.626347 65.424057 68.954735 72.185860 75.122162 77.783432 80.193649 82.376411 84.353165 86.142929 87.762329 89.225883 90.546211 91.734314 92.799812 93.751022 94.595222 95.338776 95.987030 96.544701 97.015755 97.403419 97.710426 97.938881 98.090324 98.165787 98.165810 98.090324 97.938904 97.710442 97.403404 97.015747 96.544716 95.987030 95.338753 94.595238 93.750999 92.799805 91.734299 90.546196 89.225868 87.762321 86.142929 84.353180 82.376419 80.193649 77.783424 75.122162
25.006659 26.651823 28.437298 30.378233 32.491966 34.798100 37.318649 40.077633 43.099117 46.402695 49.991436 53.829548 57.815941 61.789829 65.592949 69.128922 72.365257 75.306664 77.972916 80.387993 82.575424 84.556679 86.350731 87.974251 89.441673 90.765648 91.957169 93.025848 93.979996 94.826920 95.572861 96.223297 96.782875 97.255547 97.644592 97.952698 98.181969 98.333961 98.409698 98.409706 98.333946 98.181969 97.952698 97.644600 97.255539 96.782883 96.223289 95.572853 94.826904 93.980026 93.025871 91.957176 90.765640 89.441635 87.974251 86.350708 84.556671 82.575417 80.387985 77.972908 75.306679
25.090853 26.740131 28.529774 30.475048 32.593216 34.903862 37.429043 40.192623 43.218819 46.527126 50.120621 53.963512 57.954659 61.933254 65.741051 69.281624 72.522499 75.468353 78.138901 80.558182 82.749680 84.734818 86.532616 88.159698 89.630493 90.957664 92.152199 93.223648 94.180382 95.029610 95.777679 96.430008 96.991219 97.465332 97.855576 98.164635 98.394615 98.547089 98.623070 98.623062 98.547112 98.394615 98.164650 97.855553 97.465340 96.991234 96.429993 95.777687 95.029610 94.180367 93.223633 92.152229 90.957687 89.630524 88.159698 86.532631 84.734825 82.749672 80.558151 78.138901 75.468369
25.164038 26.816820 28.610144 30.559118 32.681087 34.995640 37.524734 40.292309 43.322544 46.634903 50.232483 54.079456 58.074688 62.057323 65.869102 69.413658 72.658401 75.608040 78.282310 80.705200 82.900131 84.888657 86.689651 88.319794 89.793510 91.123405 92.320511 93.394341 94.353226 95.204498 95.954399 96.608337 97.171021 97.646317 98.037582 98.347458 98.578056 98.730965 98.807129 98.807137 98.730949 98.578049 98.347473 98.037575 97.646309 97.171005 96.608337 95.954399 95.204514 94.353226 93.394341 92.320503 91.123398 89.793518 88.319786 86.689644 84.888664 82.900131 80.705185 78.282295 75.608017
25.226421 26.882202 28.678619 30.630726 32.755894 35.073700 37.606098 40.377071 43.410725 46.726501 50.327518 54.177906 58.176540 62.162582 65.977760 69.525604 72.773666 75.726479 78.403885 80.829765 83.027664 85.019012 86.822716 88.455399 89.931572 91.263794 92.463020 93.538887 94.499664 95.352608 96.104034 96.759338 97.323212 97.799583 98.191696 98.502296 98.733406 98.886650 98.962997 98.962997 98.886627 98.733414 98.502289 98.191719 97.799606 97.323250 96.759361 96.104027 95.352631 94.499672 93.538864 92.463020 91.263786 89.931580 88.455421 86.822716 85.018982 83.027672 80.829773 78.403893 75.726448
25.278162 26.936436 28.735325 30.690035 32.817871 35.138344 37.673485 40.447208 43.483646 46.802246 50.406090 54.259304 58.260746 62.249573 66.067528 69.618095 72.868813 75.824287 78.504211 80.932602 83.132881 85.126549 86.932503 88.567307 90.045479 91.379601 92.580589 93.658104 94.620407 95.474777 96.227478 96.883934 97.448776 97.925964 98.318817 98.629982 98.861534 99.015030 99.091545 99.091537 99.015045 98.861511 98.629974 98.318817 97.925964 97.448769 96.883919 96.227463 95.474770 94.620415 93.658119 92.580612 91.379593 90.045479 88.567314 86.932495 85.126549 83.132919 80.932594 78.504242 75.824265
25.319414 26.979641 28.780527 30.737299 32.867203 35.189812 37.727097 40.503025 43.541668 46.862488 50.468540 54.323990 58.327652 62.318707 66.138832 69.691544 72.944389 75.901901 78.583862 81.014221 83.216461 85.211929 87.019600 88.656105 90.135857 91.471481 92.673897 93.752708 94.716225 95.571686 96.325371 96.982704 97.548370 98.026245 98.419662 98.731255 98.963135 99.116905 99.193504 99.193497 99.116890 98.963142 98.731255 98.419662 98.026260 97.548370 96.982712 96.325371 95.571686 94.716217 93.752701 92.673882 91.471451 90.135887 88.656113 87.019623 85.211906 83.216446 81.014221 78.583862 75.901909
25.350239 27.011909 28.814285 30.772593 32.904060 35.228241 37.767143 40.544678 43.584953 46.907459 50.515152 54.372246 58.377567 62.370258 66.192017 69.746300 73.000740 75.959793 78.643265 81.075089 83.278732 85.275536 87.084564 88.722275 90.203217 91.539932 92.743431 93.823204 94.787590 95.643906 96.398331 97.056351 97.622566 98.100975 98.494797 98.806694 99.038879 99.192795 99.269470 99.269493 99.192795 99.038887 98.806709 98.494781 98.100945 97.622574 97.056351 96.398300 95.643890 94.787598 93.823189 92.743446 91.539917 90.203255 88.722298 87.084534 85.275558 83.278732 81.075089 78.643257 75.959778
25.370770 27.033401 28.836750 30.796076 32.928551 35.253807 37.793785 40.572407 43.613766 46.937305 50.546135 54.404327 58.410725 62.404499 66.227295 69.782684 73.038177 75.998238 78.682709 81.115471 83.320038 85.317787 87.127625 88.766182 90.247932 91.585373 92.789543 93.869972 94.834984 95.691811 96.446747 97.105194 97.671799 98.150528 98.544632 98.856781 99.089111 99.243141 99.319893 99.319901 99.243149 99.089111 98.856789 98.544640 98.150536 97.671806 97.105186 96.446739 95.691818 94.834984 93.869949 92.789558 91.585388 90.247902 88.766220 87.127632 85.317772 83.320053 81.115463 78.682709 75.998253
25.380999 27.044113 28.847975 30.807777 32.940781 35.266563 37.807060 40.586208 43.628105 46.952225 50.561588 54.420326 58.427277 62.421597 66.244934 69.800850 73.056808 76.017380 78.702370 81.135643 83.340645 85.338844 87.149117 88.788109 90.270187 91.608047 92.812553 93.893318 94.858589 95.715706 96.470886 97.129547 97.696358 98.175240 98.569489 98.881767 99.114143 99.268234 99.345047 99.345024 99.268234 99.114151 98.881744 98.569496 98.175255 97.696335 97.129539 96.470894 95.715714 94.858582 93.893318 92.812561 91.608009 90.270218 88.788101 87.149101 85.338837 83.340645 81.135620 78.702370 76.017380
25.381001 27.044117 28.847984 30.807791 32.940784 35.266560 37.807068 40.586208 43.628117 46.952217 50.561550 54.420307 58.427258 62.421600 66.244926 69.800827 73.056786 76.017403 78.702354 81.135651 83.340630 85.338821 87.149132 88.788086 90.270210 91.608025 92.812561 93.893265 94.858597 95.715698 96.470879 97.129524 97.696381 98.175247 98.569496 98.881783 99.114159 99.268234 99.345024 99.345001 99.268242 99.114151 98.881744 98.569473 98.175240 97.696365 97.129532 96.470879 95.715729 94.858620 93.893295 92.812561 91.608017 90.270226 88.788078 87.149109 85.338844 83.340652 81.135643 78.702347 76.017380
25.370771 27.033403 28.836773 30.796053 32.928574 35.253777 37.793777 40.572388 43.613758 46.937336 50.546143 54.404308 58.410725 62.404472 66.227295 69.782700 73.038162 75.998253 78.682701 81.115448 83.320045 85.317757 87.127625 88.766174 90.247917 91.585373 92.789520 93.869972 94.834976 95.691803 96.446739 97.105186 97.671829 98.150528 98.544632 98.856789 99.089111 99.243126 99.319870 99.319885 99.243134 99.089111 98.856789 98.544601 98.150528 97.671814 97.105186 96.446739 95.691818 94.834999 93.869965 92.789558 91.585388 90.247887 88.766205 87.127640 85.317780 83.320084 81.115448 78.682701 75.998260
25.350250 27.011900 28.814281 30.772581 32.904041 35.228222 37.767159 40.544689 43.584946 46.907429 50.515125 54.372242 58.377575 62.370274 66.191978 69.746338 73.000763 75.959808 78.643288 81.075096 83.278717 85.275558 87.084564 88.722298 90.203217 91.539970 92.743446 93.823189 94.787605 95.643906 96.398354 97.056320 97.622589 98.100967 98.494781 98.806732 99.038864 99.192780 99.269463 99.269485 99.192780 99.038879 98.806732 98.494781 98.100983 97.622574 97.056328 96.398338 95.643906 94.787613 93.823212 92.743423 91.539932 90.203232 88.722321 87.084534 85.275543 83.278725 81.075096 78.643265 75.959793
25.319412 26.979618 28.780504 30.737261 32.867195 35.189804 37.727097 40.503006 43.541649 46.862434 50.468521 54.323978 58.327660 62.318741 66.138840 69.691551 72.944382 75.901917 78.583916 81.014229 83.216438 85.211952 87.019630 88.656113 90.135849 91.471466 92.673889 93.752716 94.716217 95.571693 96.325386 96.982727 97.548393 98.026245 98.419670 98.731255 98.963150 99.116898 99.193504 99.193504 99.116905 98.963158 98.731262 98.419662 98.026260 97.548370 96.982719 96.325386 95.571686 94.716225 93.752708 92.673920 91.471466 90.135880 88.656128 87.019653 85.211952 83.216446 81.014236 78.583916 75.901894
25.278194 26.936430 28.735319 30.690044 32.817848 35.138355 37.673496 40.447212 43.483627 46.802238 50.406078 54.259304 58.260754 62.249573 66.067535 69.618118 72.868843 75.824303 78.504219 80.932602 83.132935 85.126572 86.932480 88.567299 90.045486 91.379601 92.580643 93.658127 94.620422 95.474770 96.227470 96.883911 97.448784 97.925995 98.318817 98.629951 98.861519 99.015045 99.091553 99.091553 99.015038 98.861496 98.629959 98.318810 97.926003 97.448792 96.883919 96.227486 95.474777 94.620453 93.658134 92.580635 91.379585 90.045494 88.567307 86.932487 85.126549 83.132957 80.932594 78.504250 75.824272
25.226398 26.882235 28.678593 30.630711 32.755909 35.073685 37.606110 40.377060 43.410698 46.726482 50.327477 54.177910 58.176544 62.162621 65.977768 69.525620 72.773674 75.726471 78.403885 80.829742 83.027657 85.018990 86.822708 88.455414 89.931595 91.263771 92.463013 93.538887 94.499649 95.352623 96.104042 96.759369 97.323227 97.799568 98.191711 98.502266 98.733391 98.886642 98.962997 98.962997 98.886658 98.733421 98.502266 98.191711 97.799591 97.323212 96.759361 96.104027 95.352631 94.499657 93.538849 92.463013 91.263794 89.931580 88.455421 86.822723 85.018997 83.027657 80.829773 78.403885 75.726440
25.164043 26.816853 28.610147 30.559143 32.681091 34.995617 37.524700 40.292320 43.322529 46.634922 50.232471 54.079456 58.074688 62.057304 65.869110 69.413666 72.658417 75.608040 78.282303 80.705215 82.900146 84.888672 86.689674 88.319801 89.793495 91.123398 92.320503 93.394318 94.353241 95.204514 95.954422 96.608353 97.171005 97.646317 98.037582 98.347458 98.578079 98.730972 98.807152 98.807152 98.730949 98.578064 98.347458 98.037590 97.646301 97.171005 96.608345 95.954407 95.204506 94.353264 93.394318 92.320503 91.123383 89.793495 88.319801 86.689682 84.888672 82.900162 80.705208 78.282303 75.608032
25.090822 26.740128 28.529787 30.475050 32.593204 34.903851 37.429008 40.192600 43.218811 46.527157 50.120632 53.963520 57.954639 61.933285 65.741066 69.281654 72.522530 75.468330 78.138908 80.558205 82.749657 84.734833 86.532631 88.159668 89.630508 90.957695 92.152184 93.223656 94.180382 95.029610 95.777657 96.429993 96.991249 97.465324 97.855568 98.164604 98.394592 98.547073 98.623047 98.623047 98.547073 98.394600 98.164627 97.855537 97.465309 96.991226 96.429993 95.777664 95.029610 94.180359 93.223618 92.152199 90.957710 89.630508 88.159668 86.532623 84.734840 82.749680 80.558174 78.138924 75.468346
