T1-compare/200/model-t.grd
DSAA
         200         200
      -15.000000       15.000000
      -15.000000       15.000000
    7.077141E-01       99.345047
[rows 0 to 26 of 200, columns 0 to 60 of 200]
7.077621E-01 7.192147E-01 7.310340E-01 7.429112E-01 7.551273E-01 7.675540E-01 7.801474E-01 7.929885E-01 8.060201E-01 8.192586E-01 8.327421E-01 8.464127E-01 8.603390E-01 8.744645E-01 8.889254E-01 9.035332E-01 9.184197E-01 9.334832E-01 9.488434E-01 9.644330E-01 9.802522E-01 9.962494E-01 1.012538 1.029234 1.045935 1.063008 1.080285 1.097798 1.115592 1.133542 1.151786 1.170293 1.189010 1.207921 1.226998 1.246469 1.266091 1.285855 1.305835 1.326005 1.346442 1.367023 1.387781 1.408712 1.429806 1.450981 1.472375 1.493833 1.515425 1.537090 1.558921 1.580797 1.602687 1.624644 1.646651 1.668551 1.690535 1.712407 1.734237 1.756097 1.777842
7.184486E-01 7.302917E-01 7.423862E-01 7.546158E-01 7.670704E-01 7.798137E-01 7.928129E-01 8.059337E-01 8.193352E-01 8.329203E-01 8.467267E-01 8.609018E-01 8.752189E-01 8.898248E-01 9.046316E-01 9.197773E-01 9.350905E-01 9.506481E-01 9.663908E-01 9.825341E-01 9.988058E-01 1.015428 1.032207 1.049295 1.066673 1.084290 1.102194 1.120325 1.138719 1.157331 1.176239 1.195383 1.214769 1.234383 1.254301 1.274431 1.294748 1.315333 1.336128 1.357140 1.378393 1.399726 1.421376 1.443122 1.465125 1.487232 1.509488 1.531987 1.554510 1.577135 1.599906 1.622703 1.645595 1.668536 1.691571 1.714534 1.737500 1.760491 1.783375 1.806261 1.829031
7.293988E-01 7.415102E-01 7.538596E-01 7.664222E-01 7.792981E-01 7.923480E-01 8.056177E-01 8.191099E-01 8.328366E-01 8.469601E-01 8.611687E-01 8.757330E-01 8.904168E-01 9.053661E-01 9.206170E-01 9.362755E-01 9.519767E-01 9.680025E-01 9.844062E-01 1.000985 1.017773 1.034900 1.052367 1.070021 1.087932 1.106166 1.124687 1.143407 1.162356 1.181670 1.201312 1.221160 1.241245 1.261641 1.282250 1.303118 1.324207 1.345637 1.367265 1.389092 1.411135 1.433447 1.455900 1.478627 1.501506 1.524560 1.547850 1.571260 1.594671 1.618380 1.642161 1.665999 1.689976 1.713971 1.738030 1.762123 1.786242 1.810268 1.834261 1.858265 1.882153
7.402935E-01 7.528584E-01 7.655454E-01 7.784209E-01 7.915841E-01 8.050103E-01 8.186540E-01 8.325753E-01 8.467282E-01 8.610501E-01 8.757505E-01 8.906698E-01 9.057980E-01 9.212803E-01 9.370424E-01 9.529838E-01 9.692512E-01 9.858319E-01 1.002665 1.019765 1.037141 1.054848 1.072760 1.091051 1.109580 1.128421 1.147518 1.166996 1.186647 1.206681 1.226923 1.247515 1.268353 1.289499 1.310889 1.332571 1.354538 1.376750 1.399222 1.421879 1.444839 1.468093 1.491522 1.515214 1.539021 1.563092 1.587338 1.611793 1.636317 1.661066 1.685878 1.710879 1.735885 1.761002 1.786228 1.811447 1.836635 1.861864 1.887045 1.912250 1.937296
7.515272E-01 7.644354E-01 7.773274E-01 7.906983E-01 8.041399E-01 8.179211E-01 8.318942E-01 8.461428E-01 8.607002E-01 8.754926E-01 8.905484E-01 9.060238E-01 9.215711E-01 9.374611E-01 9.535944E-01 9.701103E-01 9.868270E-01 1.003935 1.021386 1.038967 1.056917 1.075161 1.093715 1.112614 1.131741 1.151249 1.171004 1.191108 1.211427 1.232209 1.253232 1.274513 1.296146 1.318053 1.340303 1.362805 1.385594 1.408693 1.432086 1.455698 1.479586 1.503714 1.528133 1.552799 1.577671 1.602782 1.628093 1.653540 1.679208 1.705068 1.731019 1.757151 1.783420 1.809627 1.836064 1.862437 1.888913 1.915403 1.941839 1.968230 1.994540
7.628850E-01 7.761056E-01 7.893975E-01 8.029390E-01 8.168308E-01 8.309454E-01 8.453399E-01 8.599729E-01 8.749121E-01 8.901632E-01 9.056632E-01 9.215589E-01 9.375128E-01 9.539766E-01 9.706826E-01 9.876230E-01 1.004875 1.022484 1.040310 1.058560 1.077054 1.095821 1.115088 1.134475 1.154361 1.174517 1.194949 1.215771 1.236867 1.258315 1.280085 1.302207 1.324598 1.347400 1.370461 1.393819 1.417537 1.441548 1.465834 1.490416 1.515318 1.540472 1.565915 1.591619 1.617564 1.643735 1.670144 1.696807 1.723566 1.750568 1.777729 1.805048 1.832546 1.860065 1.887691 1.915375 1.943106 1.970882 1.998627 2.026312 2.053949
7.744228E-01 7.878242E-01 8.015862E-01 8.155835E-01 8.297011E-01 8.442415E-01 8.590242E-01 8.741330E-01 8.894315E-01 9.051183E-01 9.210389E-01 9.372177E-01 9.537575E-01 9.706804E-01 9.878196E-01 1.005283 1.023124 1.041319 1.059708 1.078498 1.097609 1.117082 1.136920 1.156968 1.177493 1.198328 1.219456 1.241005 1.262866 1.285060 1.307657 1.330626 1.353843 1.377412 1.401413 1.425693 1.450314 1.475260 1.500505 1.526090 1.552006 1.578274 1.604739 1.631564 1.658604 1.685906 1.713513 1.741320 1.769354 1.797593 1.825983 1.854621 1.883304 1.912189 1.941124 1.970197 1.999299 2.028417 2.057588 2.086630 2.115711
7.861011E-01 7.998785E-01 8.138879E-01 8.282190E-01 8.427557E-01 8.576786E-01 8.729411E-01 8.884018E-01 9.041271E-01 9.202367E-01 9.366466E-01 9.533096E-01 9.702977E-01 9.877554E-01 1.005405 1.023376 1.041688 1.060432 1.079458 1.098860 1.118571 1.138621 1.159113 1.179894 1.201090 1.222662 1.244568 1.266770 1.289467 1.312526 1.335904 1.359706 1.383777 1.408230 1.433147 1.458424 1.484013 1.509909 1.536199 1.562837 1.589844 1.617132 1.644766 1.672671 1.700980 1.729473 1.758308 1.787359 1.816621 1.846142 1.875878 1.905791 1.935929 1.966158 1.996507 2.026986 2.057563 2.088088 2.118709 2.149327 2.179853
7.978975E-01 8.120205E-01 8.263592E-01 8.410935E-01 8.561311E-01 8.714253E-01 8.870339E-01 9.028346E-01 9.190662E-01 9.356669E-01 9.524500E-01 9.696645E-01 9.871779E-01 1.005044 1.023190 1.041732 1.060692 1.079979 1.099604 1.119601 1.139974 1.160683 1.181800 1.203294 1.225219 1.247521 1.270172 1.293199 1.316709 1.340548 1.364747 1.389389 1.414390 1.439894 1.465741 1.491928 1.518520 1.545541 1.572876 1.600604 1.628734 1.657155 1.686008 1.715115 1.744611 1.774366 1.804488 1.834823 1.865436 1.896334 1.927485 1.958789 1.990348 2.022090 2.053918 2.085856 2.117987 2.150045 2.182209 2.214364 2.246473
8.098210E-01 8.242695E-01 8.391206E-01 8.541479E-01 8.695527E-01 8.851977E-01 9.012309E-01 9.176444E-01 9.342691E-01 9.512349E-01 9.685609E-01 9.862008E-01 1.004327 1.022690 1.041396 1.060484 1.079975 1.099858 1.120075 1.140740 1.161655 1.183187 1.205011 1.227239 1.249823 1.272861 1.296339 1.320220 1.344498 1.369209 1.394335 1.419904 1.445953 1.472321 1.499134 1.526357 1.554005 1.582126 1.610591 1.639409 1.668671 1.698310 1.728402 1.758834 1.789525 1.820653 1.852092 1.883820 1.915902 1.948193 1.980828 2.013693 2.046700 2.079998 2.113382 2.146907 2.180581 2.214339 2.248184 2.281991 2.315772
8.219008E-01 8.367580E-01 8.518988E-01 8.674026E-01 8.831420E-01 8.993205E-01 9.157684E-01 9.325570E-01 9.496540E-01 9.670644E-01 9.849209E-01 1.003064 1.021687 1.040600 1.059863 1.079561 1.099657 1.120132 1.141004 1.162208 1.183942 1.206063 1.228626 1.251609 1.274984 1.298880 1.323100 1.347802 1.372991 1.398669 1.424671 1.451121 1.478132 1.505563 1.533447 1.561721 1.590461 1.619629 1.649299 1.679342 1.709849 1.740777 1.772119 1.803845 1.835955 1.868434 1.901299 1.934528 1.968058 2.001913 2.036047 2.070427 2.105089 2.139928 2.175025 2.210292 2.245596 2.281106 2.316683 2.352253 2.387834
8.341950E-01 8.494527E-01 8.649541E-01 8.808004E-01 8.970692E-01 9.135561E-01 9.303852E-01 9.476413E-01 9.651757E-01 9.832112E-01 1.001573 1.020206 1.039281 1.058741 1.078614 1.098918 1.119695 1.140721 1.162232 1.184241 1.206581 1.229478 1.252778 1.276495 1.300732 1.325324 1.350447 1.375999 1.402117 1.428645 1.455681 1.483182 1.511191 1.539639 1.568568 1.598028 1.627912 1.658277 1.689139 1.720389 1.752214 1.784431 1.817114 1.850245 1.883730 1.917731 1.952092 1.986801 2.021874 2.057371 2.093110 2.129184 2.165515 2.202104 2.238925 2.275959 2.313098 2.350473 2.387858 2.425305 2.462796
8.465955E-01 8.622116E-01 8.781668E-01 8.944267E-01 9.111133E-01 9.279774E-01 9.452686E-01 9.629681E-01 9.811329E-01 9.995665E-01 1.018411 1.037599 1.057304 1.077286 1.097755 1.118638 1.139967 1.161722 1.183943 1.206597 1.229750 1.253339 1.277369 1.301891 1.326958 1.352405 1.378382 1.404903 1.431852 1.459414 1.487397 1.515986 1.545008 1.574588 1.604636 1.635184 1.666309 1.697971 1.730021 1.762669 1.795732 1.829380 1.863506 1.898059 1.933102 1.968532 2.004455 2.040802 2.077548 2.114680 2.152204 2.189986 2.228104 2.266556 2.305230 2.344081 2.383169 2.422433 2.461877 2.501264 2.540725
8.591361E-01 8.751937E-01 8.914691E-01 9.082465E-01 9.252061E-01 9.426296E-01 9.604625E-01 9.785951E-01 9.971526E-01 1.016164 1.035456 1.055278 1.075507 1.096076 1.117126 1.138754 1.160709 1.183175 1.205979 1.229401 1.253244 1.277599 1.302481 1.327827 1.353705 1.380088 1.406963 1.434330 1.462404 1.490863 1.519921 1.549561 1.579662 1.610346 1.641643 1.673402 1.705768 1.738600 1.772101 1.806027 1.840602 1.875629 1.911216 1.947313 1.983933 2.021022 2.058565 2.096566 2.135051 2.173947 2.213259 2.252916 2.292935 2.333365 2.373944 2.414839 2.455950 2.497305 2.538768 2.580257 2.621901
8.718371E-01 8.883281E-01 9.050065E-01 9.221562E-01 9.396845E-01 9.575562E-01 9.758077E-01 9.944298E-01 1.013459 1.033036 1.052864 1.073193 1.094013 1.115257 1.136941 1.159094 1.181762 1.204900 1.228421 1.252572 1.277241 1.302393 1.327993 1.354286 1.381043 1.408228 1.436144 1.464576 1.493436 1.523062 1.553212 1.583878 1.615184 1.647050 1.679554 1.712551 1.746229 1.780456 1.815329 1.850707 1.886701 1.923280 1.960398 1.998109 2.036311 2.075118 2.114461 2.154233 2.194514 2.235249 2.276465 2.318102 2.360137 2.402518 2.445216 2.488258 2.531555 2.574961 2.618720 2.662534 2.706358
8.847511E-01 9.015433E-01 9.187071E-01 9.362209E-01 9.542856E-01 9.725733E-01 9.913223E-01 1.010515 1.030004 1.049999 1.070544 1.091468 1.112854 1.134735 1.157050 1.179906 1.203147 1.226991 1.251291 1.276216 1.301668 1.327588 1.354143 1.381209 1.408864 1.437124 1.465896 1.495360 1.525337 1.555944 1.587221 1.619082 1.651556 1.684679 1.718352 1.752761 1.787766 1.823397 1.859663 1.896604 1.934152 1.972250 2.011020 2.050402 2.090369 2.130948 2.172047 2.213759 2.255962 2.298694 2.341929 2.385581 2.429736 2.474324 2.519163 2.564464 2.609997 2.655780 2.701894 2.748030 2.794373
8.978010E-01 9.149654E-01 9.324930E-01 9.505537E-01 9.689311E-01 9.878172E-01 1.007043 1.026692 1.046810 1.067314 1.088449 1.109933 1.131962 1.154365 1.177374 1.200907 1.224946 1.249532 1.274645 1.300241 1.326510 1.353330 1.380644 1.408706 1.437278 1.466501 1.496361 1.526822 1.557873 1.589598 1.622059 1.655087 1.688756 1.723147 1.758271 1.794000 1.830405 1.867473 1.905294 1.943768 1.982927 2.022717 2.063198 2.104330 2.146055 2.188538 2.231571 2.275239 2.319469 2.364313 2.409643 2.455505 2.501852 2.548708 2.595956 2.643538 2.691530 2.739790 2.788408 2.837090 2.886008
9.108875E-01 9.285187E-01 9.465823E-01 9.650472E-01 9.839308E-01 1.003191 1.022962 1.043238 1.063872 1.084962 1.106552 1.128684 1.151330 1.174522 1.198162 1.222344 1.247166 1.272403 1.298249 1.324762 1.351870 1.379550 1.407857 1.436782 1.466313 1.496555 1.527406 1.558894 1.591107 1.624068 1.657636 1.691949 1.726977 1.762601 1.799093 1.836268 1.874146 1.912814 1.952201 1.992290 2.033068 2.074671 2.116890 2.159881 2.203546 2.247947 2.293072 2.338760 2.385134 2.432104 2.479734 2.527930 2.576634 2.625883 2.675638 2.725754 2.776318 2.827187 2.878419 2.929857 2.981458
9.242390E-01 9.422048E-01 9.607968E-01 9.796551E-01 9.990137E-01 1.018818 1.039124 1.059813 1.081121 1.102775 1.125008 1.147754 1.170992 1.194808 1.219191 1.244109 1.269574 1.295647 1.322402 1.349692 1.377607 1.406229 1.435459 1.465327 1.495925 1.527155 1.559077 1.591771 1.625111 1.659221 1.694013 1.729635 1.765996 1.803090 1.840963 1.879647 1.919068 1.959296 2.000279 2.042081 2.084663 2.128034 2.172212 2.217131 2.262802 2.309279 2.356458 2.404386 2.453030 2.502329 2.552334 2.602914 2.654150 2.705894 2.758268 2.811102 2.864397 2.918064 2.972093 3.026447 3.080980
9.375919E-01 9.561893E-01 9.750641E-01 9.945118E-01 1.014313 1.034641 1.055358 1.076732 1.098499 1.120794 1.143637 1.167073 1.190929 1.215455 1.240556 1.266172 1.292466 1.319389 1.346871 1.375083 1.403878 1.433359 1.463571 1.494454 1.526097 1.558394 1.591416 1.625168 1.659814 1.695191 1.731295 1.768189 1.805946 1.844510 1.883890 1.924064 1.965143 2.007012 2.049753 2.093339 2.137793 2.183001 2.229135 2.276098 2.323894 2.372523 2.421925 2.472144 2.523122 2.574929 2.627460 2.680652 2.734471 2.788983 2.844099 2.899789 2.955926 3.012624 3.069649 3.127076 3.184773
9.512804E-01 9.701637E-01 9.896179E-01 1.009511 1.029849 1.050588 1.071979 1.093811 1.116218 1.139031 1.162573 1.186622 1.211236 1.236374 1.262228 1.288657 1.315663 1.343367 1.371802 1.400844 1.430550 1.461065 1.492177 1.524104 1.556751 1.590193 1.624433 1.659436 1.695291 1.731909 1.769377 1.807670 1.846859 1.886918 1.927878 1.969644 2.012401 2.056011 2.100491 2.145981 2.192315 2.239581 2.287800 2.336875 2.386850 2.437739 2.489592 2.542230 2.595696 2.650021 2.705193 2.761109 2.817786 2.875115 2.933236 2.991902 3.051154 3.110981 3.171222 3.231931 3.292941
9.649326E-01 9.843885E-01 1.004200 1.024620 1.045462 1.066785 1.088737 1.111107 1.134132 1.157630 1.181683 1.206437 1.231760 1.257698 1.284231 1.311415 1.339297 1.367795 1.397063 1.427059 1.457749 1.489113 1.521320 1.554350 1.588078 1.622685 1.658108 1.694327 1.731468 1.769457 1.808316 1.848070 1.888744 1.930321 1.972870 2.016364 2.060807 2.106243 2.152621 2.200035 2.248459 2.297750 2.348172 2.399527 2.451810 2.505074 2.559370 2.614540 2.670710 2.727730 2.785719 2.844519 2.904142 2.964564 3.025748 3.087665 3.150230 3.213355 3.277061 3.341222 3.405811
9.787341E-01 9.986523E-01 1.018983 1.039910 1.061338 1.083122 1.105624 1.128601 1.152211 1.176382 1.201138 1.226560 1.252579 1.279139 1.306514 1.334520 1.363251 1.392637 1.422801 1.453670 1.485314 1.517815 1.551073 1.585134 1.620023 1.655761 1.692437 1.729987 1.768431 1.807764 1.848026 1.889320 1.931552 1.974771 2.019035 2.064254 2.110519 2.157799 2.206186 2.255633 2.306073 2.357660 2.410302 2.463994 2.518689 2.574494 2.631420 2.689290 2.748175 2.808133 2.869048 2.930948 2.993702 3.057326 3.121835 3.187162 3.253199 3.319933 3.387272 3.455142 3.523517
9.927287E-01 1.013080 1.033923 1.055336 1.077217 1.099746 1.122756 1.146329 1.170562 1.195322 1.220795 1.246860 1.273653 1.301001 1.329154 1.357913 1.387568 1.417804 1.448845 1.480711 1.513391 1.546883 1.581275 1.616384 1.652507 1.689493 1.727408 1.766257 1.806130 1.846861 1.888655 1.931447 1.975375 2.020247 2.066226 2.113316 2.161451 2.210786 2.261150 2.312761 2.365389 2.419175 2.474193 2.530388 2.587675 2.646148 2.705746 2.766479 2.828345 2.891324 2.955318 3.020479 3.086524 3.153611 3.221668 3.290603 3.360331 3.430882 3.502124 3.573963 3.646433
1.006845 1.027702 1.049036 1.071009 1.093434 1.116474 1.140082 1.164219 1.189143 1.214571 1.240737 1.267473 1.295012 1.323199 1.352039 1.381719 1.412178 1.443377 1.475420 1.508214 1.541939 1.576516 1.611947 1.648289 1.685609 1.723873 1.763072 1.803246 1.844525 1.886832 1.930131 1.974600 2.020111 2.066812 2.114600 2.163497 2.213635 2.264995 2.317558 2.371288 2.426261 2.482518 2.539991 2.598715 2.658748 2.719981 2.782490 2.846239 2.911160 2.977361 3.044647 3.113191 3.182840 3.253552 3.325353 3.398117 3.471809 3.546446 3.621787 3.697962 3.774731
1.021000 1.042445 1.064242 1.086765 1.109795 1.133336 1.157550 1.182391 1.207883 1.234006 1.260844 1.288378 1.316641 1.345565 1.375283 1.405867 1.437235 1.469289 1.502253 1.536200 1.570941 1.606560 1.643226 1.680704 1.719343 1.758801 1.799425 1.841002 1.883740 1.927537 1.972506 2.018613 2.065843 2.114333 2.164043 2.214983 2.267196 2.320639 2.375419 2.431439 2.488876 2.547620 2.607704 2.669164 2.732009 2.796139 2.861701 2.928539 2.996780 3.066305 3.137168 3.209295 3.282657 3.357254 3.432982 3.509884 3.587836 3.666706 3.746566 3.827296 3.908683
1.035338 1.057242 1.079686 1.102627 1.126152 1.150415 1.175225 1.200678 1.226868 1.253663 1.281250 1.309507 1.338458 1.368309 1.398879 1.430277 1.462549 1.495623 1.529632 1.564548 1.600377 1.637172 1.674928 1.713778 1.753559 1.794431 1.836446 1.879480 1.923716 1.969128 2.015731 2.063602 2.112676 2.163017 2.214658 2.267661 2.321946 2.377695 2.434711 2.493242 2.553199 2.614507 2.677370 2.741632 2.807402 2.874686 2.943374 3.013567 3.085228 3.158363 3.232902 3.308874 3.386213 3.464913 3.544868 3.626126 3.708559 3.792081 3.876666 3.962194 4.048606
