T1-compare/200/model-f.grd
DSAA
         200         200
  -15.00000       15.00000    
  -15.00000       15.00000    
  0.8457452       99.47115    
[rows 168 to 195 of 200, columns 0 to 62 of 200]
1.243874 1.268202 1.293205 1.318904 1.345323 1.372483 1.400409 1.429125 1.458656 1.489027 1.520268 1.552404 1.585464 1.619480 1.654479 1.690494 1.727559 1.765706 1.804969 1.845383 1.886986 1.929814 1.973907 2.019301 2.066040 2.114162 2.163711 2.214729 2.267260 2.321348 2.377038 2.434376 2.493407 2.554179 2.616735 2.681124 2.747392 2.815582 2.885741 2.957912 3.032136 3.108455 3.186906 3.267526 3.350347 3.435396 3.522698 3.612273 3.704134 3.798289 3.894737 3.993470 4.094471 4.197711 4.303155 4.410752 4.520440 4.632139 4.745766 4.861210 4.978353 5.097055 5.217165
1.229073 1.252860 1.277298 1.302410 1.328216 1.354737 1.381996 1.410017 1.438822 1.468435 1.498885 1.530194 1.562392 1.595505 1.629561 1.664592 1.700627 1.737696 1.775833 1.815070 1.855441 1.896978 1.939721 1.983703 2.028961 2.075535 2.123461 2.172780 2.223531 2.275753 2.329488 2.384777 2.441663 2.500183 2.560382 2.622299 2.685976 2.751452 2.818765 2.887955 2.959055 3.032101 3.107126 3.184156 3.263220 3.344339 3.427530 3.512808 3.600180 3.689646 3.781203 3.874835 3.970523 4.068234 4.167931 4.269558 4.373055 4.478345 4.585341 4.693942 4.804030 4.915477 5.028137
1.214368 1.237621 1.261505 1.286038 1.311241 1.337134 1.363737 1.391073 1.419164 1.448034 1.477706 1.508204 1.539556 1.571785 1.604919 1.638985 1.674012 1.710029 1.747065 1.785151 1.824319 1.864599 1.906026 1.948632 1.992451 2.037517 2.083867 2.131535 2.180558 2.230973 2.282815 2.336121 2.390931 2.447279 2.505202 2.564736 2.625919 2.688782 2.753362 2.819689 2.887794 2.957707 3.029454 3.103056 3.178538 3.255912 3.335193 3.416388 3.499500 3.584525 3.671454 3.760269 3.850947 3.943452 4.037743 4.133768 4.231462 4.330752 4.431555 4.533769 4.637288 4.741983 4.847723
1.199766 1.222495 1.245831 1.269795 1.294405 1.319679 1.345637 1.372302 1.399693 1.427832 1.456742 1.486445 1.516967 1.548330 1.580560 1.613683 1.647725 1.682713 1.718675 1.755637 1.793632 1.832686 1.872832 1.914097 1.956516 2.000118 2.044936 2.091003 2.138351 2.187014 2.237024 2.288414 2.341217 2.395467 2.451196 2.508435 2.567217 2.627569 2.689523 2.753105 2.818341 2.885255 2.953868 3.024198 3.096263 3.170071 3.245632 3.322950 3.402023 3.482841 3.565393 3.649659 3.735612 3.823213 3.912423 4.003187 4.095442 4.189116 4.284128 4.380383 4.477776 4.576191 4.675499
1.185274 1.207486 1.230284 1.253687 1.277713 1.302380 1.327706 1.353710 1.380413 1.407835 1.435999 1.464923 1.494632 1.525148 1.556494 1.588694 1.621773 1.655756 1.690668 1.726536 1.763387 1.801247 1.840145 1.880107 1.921164 1.963344 2.006676 2.051189 2.096915 2.143880 2.192117 2.241654 2.292521 2.344747 2.398360 2.453388 2.509860 2.567800 2.627233 2.688182 2.750670 2.814714 2.880333 2.947540 3.016346 3.086761 3.158786 3.232421 3.307662 3.384497 3.462910 3.542879 3.624375 3.707360 3.791790 3.877614 3.964767 4.053183 4.142780 4.233469 4.325151 4.417715 4.511042
1.170891 1.192594 1.214864 1.237716 1.261169 1.285238 1.309942 1.335299 1.361328 1.388048 1.415479 1.443640 1.472554 1.502241 1.532721 1.564020 1.596159 1.629161 1.663050 1.697850 1.733586 1.770283 1.807966 1.846662 1.886396 1.927195 1.969084 2.012092 2.056245 2.101569 2.148092 2.195838 2.244835 2.295110 2.346685 2.399586 2.453837 2.509459 2.566473 2.624899 2.684754 2.746055 2.808813 2.873039 2.938743 3.005926 3.074589 3.144728 3.216337 3.289399 3.363899 3.439810 3.517102 3.595738 3.675674 3.756856 3.839227 3.922716 4.007249 4.092739 4.179091 4.266204 4.353962
1.156628 1.177831 1.199580 1.221891 1.244781 1.268263 1.292357 1.317079 1.342447 1.368478 1.395191 1.422605 1.450740 1.479616 1.509252 1.539670 1.570890 1.602935 1.635826 1.669586 1.704237 1.739802 1.776305 1.813769 1.852218 1.891676 1.932168 1.973717 2.016347 2.060083 2.104949 2.150966 2.198160 2.246552 2.296165 2.347019 2.399135 2.452532 2.507226 2.563234 2.620570 2.679246 2.739273 2.800657 2.863403 2.927511 2.992978 3.059799 3.127963 3.197454 3.268252 3.340330 3.413658 3.488198 3.563906 3.640729 3.718610 3.797483 3.877275 3.957905 4.039283 4.121313 4.203887
1.142484 1.163195 1.184433 1.206213 1.228549 1.251456 1.274952 1.299051 1.323770 1.349126 1.375138 1.401821 1.429195 1.457278 1.486088 1.515646 1.545970 1.577081 1.609000 1.641746 1.675340 1.709804 1.745160 1.781427 1.818630 1.856788 1.895924 1.936060 1.977217 2.019417 2.062682 2.107030 2.152485 2.199064 2.246787 2.295672 2.345737 2.396997 2.449466 2.503158 2.558084 2.614253 2.671672 2.730344 2.790272 2.851454 2.913885 2.977555 3.042454 3.108563 3.175860 3.244319 3.313908 3.384587 3.456316 3.529042 3.602710 3.677256 3.752610 3.828696 3.905428 3.982715 4.060457
1.128466 1.148693 1.169429 1.190686 1.212479 1.234823 1.257731 1.281220 1.305304 1.330000 1.355324 1.381292 1.407922 1.435230 1.463234 1.491952 1.521403 1.551604 1.582575 1.614334 1.646901 1.680294 1.714535 1.749641 1.785633 1.822531 1.860354 1.899122 1.938854 1.979570 2.021288 2.064026 2.107804 2.152637 2.198541 2.245533 2.293628 2.342838 2.393175 2.444649 2.497269 2.551041 2.605970 2.662057 2.719302 2.777700 2.837245 2.897926 2.959729 3.022635 3.086621 3.151660 3.217721 3.284764 3.352748 3.421623 3.491335 3.561822 3.633020 3.704853 3.777243 3.850102 3.923339
1.114576 1.134329 1.154572 1.175316 1.196577 1.218367 1.240700 1.263591 1.287054 1.311104 1.335755 1.361024 1.386927 1.413478 1.440696 1.468595 1.497194 1.526508 1.556556 1.587355 1.618923 1.651275 1.684433 1.718412 1.753231 1.788907 1.825458 1.862902 1.901257 1.940538 1.980764 2.021949 2.064110 2.107261 2.151416 2.196590 2.242793 2.290036 2.338329 2.387679 2.438094 2.489576 2.542129 2.595751 2.650440 2.706191 2.762994 2.820836 2.879704 2.939577 3.000432 3.062241 3.124972 3.188587 3.253046 3.318299 3.384296 3.450977 3.518278 3.586132 3.654461 3.723186 3.792218
1.100815 1.120102 1.139860 1.160102 1.180841 1.202089 1.223858 1.246163 1.269018 1.292435 1.316430 1.341015 1.366207 1.392021 1.418470 1.445571 1.473340 1.501790 1.530940 1.560805 1.591401 1.622743 1.654849 1.687733 1.721415 1.755907 1.791227 1.827391 1.864414 1.902310 1.941096 1.980783 2.021387 2.062919 2.105392 2.148817 2.193204 2.238561 2.284896 2.332214 2.380520 2.429815 2.480100 2.531372 2.583628 2.636859 2.691056 2.746206 2.802291 2.859292 2.917184 2.975941 3.035530 3.095913 3.157053 3.218900 3.281405 3.344513 3.408162 3.472288 3.536819 3.601678 3.666785
1.087192 1.106021 1.125305 1.145054 1.165281 1.185997 1.207214 1.228946 1.251205 1.274004 1.297356 1.321274 1.345773 1.370866 1.396566 1.422889 1.449848 1.477458 1.505735 1.534690 1.564342 1.594703 1.625788 1.657613 1.690191 1.723537 1.757666 1.792591 1.828327 1.864886 1.902282 1.940525 1.979629 2.019604 2.060459 2.102205 2.144849 2.188398 2.232856 2.278229 2.324518 2.371724 2.419845 2.468878 2.518817 2.569652 2.621373 2.673965 2.727412 2.781693 2.836782 2.892655 2.949277 3.006613 3.064625 3.123267 3.182490 3.242243 3.302468 3.363100 3.424075 3.485320 3.546759
1.073706 1.092087 1.110904 1.130170 1.149895 1.170091 1.190768 1.211939 1.233616 1.255810 1.278534 1.301801 1.325623 1.350013 1.374982 1.400547 1.426719 1.453511 1.480937 1.509010 1.537744 1.567152 1.597247 1.628043 1.659553 1.691790 1.724766 1.758494 1.792987 1.828255 1.864310 1.901162 1.938822 1.977298 2.016599 2.056732 2.097703 2.139518 2.182180 2.225692 2.270053 2.315263 2.361320 2.408218 2.455950 2.504506 2.553875 2.604040 2.654985 2.706689 2.759127 2.812272 2.866093 2.920555 2.975621 3.031245 3.087384 3.143985 3.200994 3.258353 3.315997 3.373859 3.431870
1.060358 1.078298 1.096659 1.115451 1.134686 1.154372 1.174521 1.195143 1.216251 1.237854 1.259966 1.282596 1.305757 1.329462 1.353720 1.378546 1.403951 1.429947 1.456546 1.483761 1.511605 1.540088 1.569224 1.599023 1.629498 1.660661 1.692523 1.725094 1.758386 1.792409 1.827172 1.862683 1.898953 1.935988 1.973795 2.012379 2.051746 2.091899 2.132840 2.174571 2.217089 2.260395 2.304482 2.349345 2.394976 2.441365 2.488497 2.536359 2.584932 2.634193 2.684122 2.734689 2.785865 2.837615 2.889903 2.942687 2.995923 3.049562 3.103553 3.157841 3.212364 3.267061 3.321863
1.047152 1.064661 1.082575 1.100903 1.119656 1.138843 1.158475 1.178561 1.199112 1.220139 1.241652 1.263661 1.286179 1.309215 1.332780 1.356887 1.381545 1.406767 1.432563 1.458945 1.485923 1.513509 1.541714 1.570548 1.600021 1.630145 1.660929 1.692383 1.724516 1.757337 1.790854 1.825074 1.860006 1.895655 1.932026 1.969123 2.006952 2.045512 2.084805 2.124832 2.165590 2.207076 2.249285 2.292208 2.335839 2.380165 2.425173 2.470847 2.517169 2.564118 2.611671 2.659800 2.708477 2.757667 2.807336 2.857444 2.907948 2.958804 3.009960 3.061365 3.112962 3.164692 3.216492
1.034092 1.051178 1.068653 1.086527 1.104809 1.123509 1.142634 1.162196 1.182204 1.202667 1.223596 1.245000 1.266889 1.289274 1.312164 1.335571 1.359504 1.383973 1.408988 1.434561 1.460700 1.487416 1.514718 1.542616 1.571121 1.600239 1.629981 1.660355 1.691370 1.723032 1.755348 1.788326 1.821970 1.856286 1.891277 1.926947 1.963300 2.000334 2.038050 2.076447 2.115522 2.155270 2.195686 2.236762 2.278488 2.320852 2.363840 2.407438 2.451626 2.496382 2.541686 2.587509 2.633825 2.680598 2.727798 2.775384 2.823317 2.871553 2.920046 2.968744 3.017597 3.066547 3.115535
1.021180 1.037851 1.054897 1.072326 1.090148 1.108370 1.127001 1.146051 1.165528 1.185441 1.205800 1.226613 1.247890 1.269641 1.291874 1.314599 1.337826 1.361563 1.385821 1.410607 1.435932 1.461804 1.488232 1.515225 1.542791 1.570938 1.599674 1.629005 1.658940 1.689484 1.720644 1.752424 1.784830 1.817864 1.851531 1.885831 1.920768 1.956340 1.992546 2.029384 2.066850 2.104940 2.143646 2.182960 2.222872 2.263370 2.304439 2.346064 2.388227 2.430905 2.474079 2.517720 2.561803 2.606295 2.651164 2.696373 2.741885 2.787657 2.833644 2.879801 2.926077 2.972419 3.018773
1.008414 1.024679 1.041305 1.058299 1.075670 1.093426 1.111574 1.130123 1.149082 1.168459 1.188262 1.208499 1.229180 1.250313 1.271907 1.293969 1.316510 1.339536 1.363057 1.387081 1.411617 1.436671 1.462252 1.488368 1.515026 1.542233 1.569997 1.598322 1.627215 1.656682 1.686727 1.717355 1.748569 1.780372 1.812766 1.845753 1.879332 1.913503 1.948264 1.983611 2.019540 2.056046 2.093121 2.130755 2.168940 2.207662 2.246906 2.286658 2.326899 2.367608 2.408764 2.450341 2.492313 2.534649 2.577319 2.620287 2.663517 2.706968 2.750600 2.794368 2.838224 2.882119 2.926002
0.9957957 1.011663 1.027878 1.044446 1.061377 1.078676 1.096353 1.114413 1.132867 1.151719 1.170980 1.190657 1.210757 1.231289 1.252259 1.273678 1.295551 1.317887 1.340693 1.363977 1.387747 1.412008 1.436770 1.462037 1.487817 1.514116 1.540940 1.568293 1.596182 1.624611 1.653583 1.683101 1.713169 1.743789 1.774962 1.806687 1.838965 1.871794 1.905170 1.939091 1.973552 2.008545 2.044063 2.080097 2.116637 2.153669 2.191179 2.229151 2.267568 2.306410 2.345654 2.385277 2.425252 2.465552 2.506145 2.546999 2.588077 2.629344 2.670759 2.712280 2.753863 2.795461 2.837025
0.9833313 0.9988103 1.014622 1.030774 1.047274 1.064128 1.081343 1.098927 1.116886 1.135229 1.153961 1.173091 1.192625 1.212572 1.232937 1.253729 1.274953 1.296618 1.318731 1.341297 1.364325 1.387818 1.411786 1.436232 1.461163 1.486584 1.512500 1.538916 1.565836 1.593264 1.621202 1.649653 1.678619 1.708102 1.738101 1.768616 1.799646 1.831189 1.863241 1.895798 1.928855 1.962404 1.996437 2.030945 2.065918 2.101341 2.137202 2.173484 2.210170 2.247239 2.284672 2.322444 2.360531 2.398905 2.437537 2.476395 2.515445 2.554653 2.593981 2.633388 2.672834 2.712274 2.751662
0.9710189 0.9861169 1.001535 1.017280 1.033359 1.049778 1.066543 1.083661 1.101139 1.118983 1.137201 1.155798 1.174782 1.194159 1.213935 1.234117 1.254713 1.275726 1.297166 1.319036 1.341344 1.364094 1.387292 1.410944 1.435054 1.459627 1.484667 1.510178 1.536164 1.562627 1.589569 1.616993 1.644900 1.673290 1.702162 1.731516 1.761351 1.791662 1.822446 1.853698 1.885413 1.917583 1.950200 1.983253 2.016733 2.050626 2.084918 2.119593 2.154635 2.190024 2.225739 2.261759 2.298059 2.334611 2.371390 2.408364 2.445502 2.482769 2.520131 2.557549 2.594984 2.632395 2.669739
0.9588559 0.9735813 0.9886147 1.003962 1.019630 1.035623 1.051949 1.068613 1.085622 1.102981 1.120697 1.138775 1.157223 1.176046 1.195250 1.214841 1.234824 1.255206 1.275992 1.297188 1.318798 1.340828 1.363282 1.386166 1.409482 1.433236 1.457431 1.482069 1.507154 1.532687 1.558672 1.585107 1.611995 1.639335 1.667126 1.695367 1.724054 1.753186 1.782756 1.812761 1.843194 1.874046 1.905311 1.936978 1.969036 2.001471 2.034271 2.067419 2.100900 2.134694 2.168782 2.203141 2.237749 2.272579 2.307606 2.342801 2.378133 2.413570 2.449079 2.484624 2.520168 2.555671 2.591095
0.9468498 0.9612112 0.9758682 0.9908268 1.006093 1.021671 1.037568 1.053789 1.070340 1.087226 1.104453 1.122027 1.139953 1.158237 1.176884 1.195900 1.215290 1.235058 1.255211 1.275752 1.296687 1.318019 1.339753 1.361893 1.384443 1.407405 1.430783 1.454579 1.478796 1.503435 1.528496 1.553981 1.579890 1.606221 1.632974 1.660145 1.687734 1.715735 1.744144 1.772955 1.802162 1.831757 1.861732 1.892076 1.922778 1.953827 1.985207 2.016904 2.048902 2.081182 2.113726 2.146512 2.179517 2.212718 2.246089 2.279603 2.313230 2.346941 2.380703 2.414483 2.448246 2.481955 2.515572
0.9349970 0.9490020 0.9632912 0.9778701 0.9927440 1.007917 1.023396 1.039185 1.055289 1.071714 1.088466 1.105548 1.122967 1.140727 1.158833 1.177290 1.196103 1.215276 1.234814 1.254721 1.275002 1.295658 1.316696 1.338117 1.359926 1.382124 1.404714 1.427698 1.451078 1.474854 1.499027 1.523597 1.548564 1.573926 1.599682 1.625829 1.652364 1.679282 1.706579 1.734249 1.762284 1.790678 1.819421 1.848504 1.877915 1.907642 1.937672 1.967989 1.998578 2.029422 2.060500 2.091795 2.123283 2.154941 2.186746 2.218670 2.250688 2.282769 2.314884 2.347000 2.379086 2.411105 2.443024
0.9232990 0.9369563 0.9508861 0.9650939 0.9795845 0.9943628 1.009433 1.024801 1.040471 1.056447 1.072735 1.089339 1.106265 1.123515 1.141096 1.159010 1.177264 1.195859 1.214802 1.234094 1.253741 1.273744 1.294108 1.314835 1.335927 1.357387 1.379217 1.401417 1.423990 1.446935 1.470253 1.493944 1.518006 1.542437 1.567236 1.592399 1.617924 1.643805 1.670038 1.696615 1.723531 1.750777 1.778346 1.806225 1.834406 1.862874 1.891618 1.920623 1.949874 1.979352 2.009041 2.038921 2.068971 2.099169 2.129491 2.159914 2.190410 2.220952 2.251512 2.282060 2.312564 2.342993 2.373312
0.9117559 0.9250729 0.9386518 0.9524974 0.9666145 0.9810070 0.9956795 1.010637 1.025883 1.041422 1.057259 1.073398 1.089844 1.106599 1.123669 1.141057 1.158767 1.176803 1.195168 1.213865 1.232898 1.252269 1.271981 1.292035 1.312436 1.333184 1.354280 1.375725 1.397520 1.419665 1.442161 1.465005 1.488196 1.511734 1.535614 1.559834 1.584390 1.609278 1.634491 1.660024 1.685869 1.712019 1.738465 1.765197 1.792204 1.819474 1.846995 1.874751 1.902729 1.930911 1.959281 1.987819 2.016506 2.045320 2.074240 2.103241 2.132299 2.161388 2.190480 2.219548 2.248561 2.277490 2.306303
0.9003668 0.9133513 0.9265875 0.9400795 0.9538317 0.9678481 0.9821326 0.9966897 1.011523 1.026637 1.042035 1.057721 1.073700 1.089974 1.106548 1.123425 1.140608 1.158100 1.175905 1.194026 1.212465 1.231223 1.250305 1.269711 1.289443 1.309502 1.329890 1.350607 1.371653 1.393028 1.414731 1.436761 1.459116 1.481795 1.504794 1.528108 1.551736 1.575672 1.599910 1.624443 1.649265 1.674368 1.699743 1.725379 1.751268 1.777396 1.803752 1.830321 1.857089 1.884039 1.911157 1.938422 1.965817 1.993320 2.020911 2.048568 2.076266 2.103981 2.131687 2.159358 2.186965 2.214481 2.241875
0.8891332 0.9017928 0.9146941 0.9278410 0.9412373 0.9548866 0.9687929 0.9829599 0.9973914 1.012091 1.027062 1.042308 1.057833 1.073640 1.089732 1.106112 1.122784 1.139750 1.157012 1.174574 1.192437 1.210604 1.229075 1.247854 1.266941 1.286336 1.306041 1.326055 1.346379 1.367012 1.387953 1.409200 1.430751 1.452605 1.474757 1.497203 1.519941 1.542965 1.566268 1.589845 1.613689 1.637791 1.662143 1.686734 1.711556 1.736596 1.761842 1.787281 1.812899 1.838679 1.864606 1.890664 1.916833 1.943094 1.969427 1.995810 2.022222 2.048638 2.075034 2.101386 2.127667 2.153849 2.179905
