T1-compare/200/model-f.grd
DSAA
         200         200
  -15.00000       15.00000    
  -15.00000       15.00000    
  0.8457452       99.47115    
[rows 112 to 139 of 200, columns 0 to 62 of 200]
1.962372 2.016928 2.073653 2.132678 2.194106 2.258064 2.324676 2.394084 2.466431 2.541867 2.620567 2.702697 2.788449 2.878017 2.971609 3.069462 3.171803 3.278894 3.391011 3.508440 3.631504 3.760525 3.895870 4.037922 4.187086 4.343815 4.508572 4.681881 4.864269 5.056353 5.258744 5.472132 5.697271 5.934935 6.185999 6.451389 6.732127 7.029283 7.344045 7.677699 8.031636 8.407369 8.806548 9.230957 9.682559 10.16348 10.67603 11.22278 11.80650 12.43022 13.09732 13.81145 14.57668 15.39743 16.27864 17.22575 18.24478 19.34245 20.52621 21.80440 23.18637 24.68262 26.30503
1.956591 2.010877 2.067333 2.126062 2.187182 2.250811 2.317084 2.386126 2.458091 2.533126 2.611403 2.693074 2.778355 2.867420 2.960485 3.057770 3.159518 3.265980 3.377434 3.494159 3.616475 3.744701 3.879214 4.020372 4.168600 4.324327 4.488026 4.660204 4.841407 5.032219 5.233276 5.445233 5.668862 5.904918 6.154283 6.417864 6.696679 6.991796 7.304396 7.635749 7.987250 8.360398 8.756839 9.178334 9.626852 10.10451 10.61360 11.15669 11.73654 12.35618 13.01895 13.72854 14.48896 15.30466 16.18056 17.12210 18.13529 19.22684 20.40421 21.67574 23.05079 24.53985 26.15481
1.950393 2.004401 2.060557 2.118972 2.179761 2.243045 2.308947 2.377602 2.449158 2.523761 2.601576 2.682767 2.767537 2.856067 2.948556 3.045242 3.146353 3.252144 3.362878 3.478845 3.600363 3.727739 3.861354 4.001554 4.148773 4.303431 4.465987 4.636965 4.816885 5.006339 5.205945 5.416377 5.638369 5.872705 6.120231 6.381860 6.658605 6.951523 7.261788 7.590662 7.939525 8.309873 8.703346 9.121693 9.566875 10.04099 10.54633 11.08544 11.66108 12.27627 12.93433 13.63895 14.39412 15.20430 16.07439 17.00981 18.01658 19.10141 20.27174 21.53593 22.90333 24.38444 25.99115
1.943790 1.997492 2.053332 2.111409 2.171847 2.234755 2.300267 2.368508 2.439626 2.513766 2.591097 2.671778 2.756003 2.843952 2.935836 3.031883 3.132310 3.237378 3.347353 3.462515 3.583175 3.709648 3.842302 3.981483 4.127621 4.281131 4.442479 4.612158 4.790710 4.978708 5.176776 5.385568 5.605820 5.838301 6.083862 6.343401 6.617927 6.908480 7.216238 7.542451 7.888484 8.255823 8.646101 9.061056 9.502633 9.972918 10.47421 11.00902 11.58010 12.19046 12.84342 13.54263 14.29211 15.09626 15.96001 16.88875 17.88850 18.96596 20.12858 21.38470 22.74368 24.21602 25.81363
1.936771 1.990158 2.045653 2.103383 2.163445 2.225960 2.291054 2.358856 2.429514 2.503168 2.579979 2.660113 2.743760 2.831103 2.922347 3.017703 3.117410 3.221718 3.330882 3.445186 3.564938 3.690449 3.822082 3.960184 4.105175 4.257469 4.417522 4.585835 4.762927 4.949384 5.145806 5.352849 5.571245 5.801755 6.045217 6.302529 6.574683 6.862720 7.167798 7.491160 7.834162 8.198282 8.585132 8.996449 9.434158 9.900335 10.39726 10.92744 11.49360 12.09876 12.74620 13.43957 14.18286 14.98048 15.83733 16.75880 17.75090 18.82032 19.97450 21.22178 22.57152 24.03423 25.62182
1.929354 1.982404 2.037545 2.094898 2.154564 2.216664 2.281317 2.348659 2.418823 2.491956 2.568227 2.647782 2.730821 2.817521 2.908081 3.002717 3.101665 3.205163 3.313474 3.426870 3.545667 3.670157 3.800711 3.937672 4.081451 4.232454 4.391141 4.557999 4.733551 4.918363 5.113042 5.318235 5.534667 5.763082 6.004321 6.259266 6.528899 6.814259 7.116480 7.436810 7.776586 8.137265 8.520464 8.927888 9.361464 9.823243 10.31549 10.84070 11.40159 12.00114 12.64264 13.32971 14.06632 14.85687 15.70626 16.61984 17.60363 18.66429 19.80927 21.04689 22.38652 23.83867 25.41525
1.921544 1.974237 2.029006 2.085964 2.145216 2.206875 2.271068 2.337920 2.407569 2.480162 2.555855 2.634807 2.717203 2.803226 2.893068 2.986949 3.085092 3.187741 3.295150 3.407594 3.525380 3.648799 3.778217 3.913970 4.056464 4.206118 4.363357 4.528688 4.702610 4.885697 5.078538 5.281774 5.496123 5.722329 5.961211 6.213651 6.480615 6.763131 7.062335 7.379442 7.715789 8.072823 8.452131 8.855417 9.284581 9.741669 10.22893 10.74882 11.30406 11.89761 12.53273 13.21302 13.94244 14.72538 15.56669 16.47174 17.44652 18.49767 19.63263 20.85973 22.18831 23.62890 25.19342
1.913354 1.965672 2.020052 2.076592 2.135410 2.196610 2.260318 2.326659 2.395769 2.467793 2.542884 2.621199 2.702925 2.788233 2.877324 2.970409 3.067710 3.169466 3.275936 3.387377 3.504099 3.626398 3.754622 3.889110 4.030263 4.178484 4.334211 4.497932 4.670147 4.851405 5.042315 5.243494 5.455653 5.679526 5.915930 6.165724 6.429873 6.709396 7.005401 7.319108 7.651824 8.004992 8.380177 8.779071 9.203557 9.655654 10.13759 10.65183 11.20104 11.78817 12.41646 13.08949 13.81120 14.58595 15.41857 16.31441 17.27943 18.32028 19.44436 20.66002 21.97656 23.40452 24.95583
1.904778 1.956711 2.010676 2.066787 2.125149 2.185869 2.249070 2.314877 2.383423 2.454849 2.529313 2.606964 2.687985 2.772553 2.860858 2.953115 3.049532 3.150358 3.255836 3.366234 3.481850 3.602970 3.729944 3.863109 4.002858 4.149584 4.303725 4.465758 4.636173 4.815533 5.004413 5.203431 5.413293 5.634717 5.868510 6.115531 6.376724 6.653084 6.945727 7.255842 7.584734 7.933819 8.304650 8.698899 9.118425 9.565237 10.04154 10.54976 11.09256 11.67284 12.29385 12.95912 13.67257 14.43852 15.26180 16.14773 17.10223 18.13194 19.24426 20.44746 21.75090 23.16510 24.70195
1.895838 1.947359 2.000901 2.056562 2.114448 2.174667 2.237342 2.302590 2.370551 2.441358 2.515164 2.592122 2.672412 2.756207 2.843693 2.935082 3.030582 3.130438 3.234888 3.344195 3.458649 3.578542 3.704217 3.836000 3.974278 4.119445 4.271930 4.432199 4.600747 4.778113 4.964869 5.161630 5.369084 5.587950 5.819013 6.063118 6.321208 6.594258 6.883367 7.189712 7.514578 7.859368 8.225611 8.614958 9.029249 9.470477 9.940809 10.44265 10.97864 11.55166 12.16491 12.82190 13.52653 14.28308 15.09635 15.97162 16.91481 17.93250 19.03207 20.22180 21.51100 22.91018 24.43126
1.886531 1.937633 1.990727 2.045922 2.103314 2.163015 2.225141 2.289812 2.357158 2.427323 2.500448 2.576685 2.656218 2.739206 2.825841 2.916326 3.010874 3.109719 3.213099 3.321271 3.434524 3.553141 3.677461 3.807805 3.944553 4.088102 4.238862 4.397294 4.563888 4.739178 4.923721 5.118127 5.323074 5.539263 5.767474 6.008538 6.263378 6.532962 6.818375 7.120770 7.441417 7.781695 8.143117 8.527311 8.936099 9.371428 9.835461 10.33056 10.85935 11.42467 12.02968 12.67788 13.37311 14.11962 14.92218 15.78603 16.71705 17.72180 18.80762 19.98276 21.25651 22.63936 24.14322
1.876872 1.927539 1.980175 2.034881 2.091763 2.150926 2.212484 2.276555 2.343270 2.412762 2.485185 2.560679 2.639417 2.721577 2.807327 2.896881 2.990440 3.088237 3.190505 3.297500 3.409505 3.526798 3.649714 3.778563 3.913727 4.055585 4.204556 4.361086 4.525651 4.698781 4.881025 5.072981 5.275316 5.488718 5.713958 5.951852 6.203306 6.469277 6.750823 7.049088 7.365320 7.700874 8.057244 8.436038 8.839036 9.268174 9.725576 10.21358 10.73476 11.29194 11.88823 12.52709 13.21233 13.94816 14.73929 15.59093 16.50891 17.49974 18.57074 19.73011 20.98712 22.35223 23.83732
1.866868 1.917081 1.969241 2.023446 2.079802 2.138407 2.199374 2.262827 2.328889 2.397693 2.469382 2.544104 2.622032 2.703324 2.788163 2.876754 2.969288 3.065999 3.167120 3.272901 3.383615 3.499533 3.620996 3.748302 3.881824 4.021940 4.169054 4.323606 4.486070 4.656960 4.836818 5.026234 5.225856 5.436366 5.658518 5.893113 6.141047 6.403254 6.680775 6.974740 7.286361 7.616990 7.968079 8.341221 8.738160 9.160802 9.611241 10.09178 10.60496 11.15355 11.74063 12.36962 13.04426 13.76873 14.54769 15.38630 16.29032 17.26624 18.32130 19.46366 20.70255 22.04840 23.51306
1.856525 1.906272 1.957940 2.011632 2.067439 2.125470 2.185831 2.248645 2.314031 2.382121 2.453059 2.526982 2.604067 2.684470 2.768371 2.855960 2.947440 3.043037 3.142974 3.247492 3.356876 3.471382 3.591340 3.717051 3.848878 3.987188 4.132382 4.284894 4.445185 4.613759 4.791149 4.977931 5.174746 5.382261 5.601214 5.832392 6.076670 6.334971 6.608311 6.897799 7.204631 7.530128 7.875714 8.242949 8.633560 9.049415 9.492567 9.965277 10.47005 11.00961 11.58699 12.20555 12.86899 13.58143 14.34746 15.17219 16.06133 17.02127 18.05921 19.18326 20.40258 21.72754 23.16998
1.845854 1.895126 1.946288 1.999445 2.054692 2.112130 2.171868 2.234020 2.298710 2.366071 2.436231 2.509338 2.585554 2.665043 2.747970 2.834536 2.924931 3.019374 3.118091 3.221317 3.329325 3.442377 3.560783 3.684848 3.814929 3.951385 4.094598 4.245005 4.403054 4.569234 4.744081 4.928140 5.122057 5.326478 5.542121 5.769762 6.010258 6.264512 6.533517 6.818363 7.120223 7.440384 7.780251 8.141345 8.525364 8.934132 9.369667 9.834191 10.33016 10.86024 11.42743 12.03501 12.68664 13.38636 14.13870 14.94868 15.82195 16.76484 17.78445 18.88881 20.08703 21.38939 22.80768
1.834873 1.883647 1.934289 1.986901 2.041572 2.098399 2.157497 2.218972 2.282946 2.349552 2.418917 2.491181 2.566508 2.645055 2.726989 2.812499 2.901775 2.995035 3.092498 3.194391 3.300990 3.412543 3.529357 3.651732 3.780014 3.914555 4.055734 4.203974 4.359714 4.523437 4.695657 4.876922 5.067845 5.269073 5.481298 5.705294 5.941884 6.191952 6.456481 6.736526 7.033233 7.347867 7.681799 8.036518 8.413682 8.815079 9.242685 9.698670 10.18544 10.70561 11.26211 11.85817 12.49737 13.18367 13.92154 14.71591 15.57233 16.49704 17.49706 18.58031 19.75580 21.03374 22.42583
1.823581 1.871847 1.921959 1.974007 2.028084 2.084291 2.142730 2.203510 2.266754 2.332584 2.401132 2.472532 2.546948 2.624530 2.705441 2.789867 2.878001 2.970044 3.066222 3.166754 3.271901 3.381916 3.497098 3.617738 3.744174 3.876750 4.015841 4.161859 4.315226 4.476422 4.645944 4.824327 5.012179 5.210113 5.418832 5.639068 5.871631 6.117393 6.377299 6.652385 6.943775 7.252695 7.580489 7.928605 8.298665 8.692414 9.111779 9.558878 10.03606 10.54589 11.09122 11.67522 12.30137 12.97358 13.69619 14.47405 15.31263 16.21802 17.19715 18.25782 19.40890 20.66052 22.02423
1.811994 1.859743 1.909309 1.960782 2.014254 2.069819 2.127587 2.187658 2.250150 2.315188 2.382903 2.453416 2.526896 2.603490 2.683352 2.766675 2.853636 2.944438 3.039298 3.138430 3.242093 3.350535 3.464047 3.582912 3.707454 3.838021 3.974972 4.118702 4.269639 4.428245 4.595000 4.770434 4.955126 5.149693 5.354804 5.571174 5.799604 6.040927 6.296082 6.566066 6.851971 7.155001 7.476460 7.817754 8.180470 8.566304 8.977124 9.415010 9.882236 10.38131 10.91500 11.48639 12.09891 12.75633 13.46291 14.22340 15.04310 15.92803 16.88495 17.92152 19.04646 20.26975 21.60279
1.800117 1.847334 1.896343 1.947225 2.000079 2.054992 2.112071 2.171413 2.233142 2.297369 2.364226 2.433841 2.506364 2.581946 2.660744 2.742934 2.828694 2.918226 3.011739 3.109447 3.211594 3.318427 3.430226 3.547273 3.669884 3.798393 3.933155 4.074555 4.223007 4.378956 4.542884 4.715292 4.896756 5.087868 5.289280 5.501691 5.725877 5.962656 6.212924 6.477663 6.757938 7.054910 7.369843 7.704116 8.059252 8.436913 8.838915 9.267263 9.724174 10.21208 10.73368 11.29196 11.89024 12.53221 13.22201 13.96424 14.76409 15.62740 16.56078 17.57172 18.66875 19.86164 21.16162
1.787966 1.834641 1.883077 1.933362 1.985583 2.039830 2.096206 2.154807 2.215754 2.279154 2.345138 2.413831 2.485380 2.559935 2.637639 2.718674 2.803212 2.891450 2.983589 3.079839 3.180442 3.285633 3.395691 3.510880 3.631519 3.757934 3.890455 4.029475 4.175386 4.328630 4.489665 4.658984 4.837147 5.024726 5.222357 5.430719 5.650565 5.882686 6.127955 6.387321 6.661817 6.952571 7.260806 7.587859 7.935210 8.304457 8.697360 9.115874 9.562134 10.03849 10.54756 11.09224 11.67573 12.30161 12.97388 13.69702 14.47603 15.31659 16.22511 17.20888 18.27620 19.43660 20.70104
1.775552 1.821675 1.869532 1.919203 1.970779 2.024348 2.080006 2.137853 2.198001 2.260562 2.325659 2.393412 2.463970 2.537473 2.614066 2.693927 2.777223 2.864139 2.954881 3.049643 3.148672 3.252189 3.360470 3.473773 3.592404 3.716677 3.846925 3.983520 4.126844 4.277325 4.435410 4.601584 4.776378 4.960352 5.154127 5.358355 5.573767 5.801129 6.041288 6.295168 6.563753 6.848139 7.149518 7.469172 7.808530 8.169142 8.552703 8.961096 9.396384 9.860833 10.35697 10.88757 11.45575 12.06493 12.71898 13.42219 14.17942 14.99614 15.87852 16.83360 17.86943 18.99522 20.22163
1.762877 1.808441 1.855704 1.904755 1.955675 2.008553 2.063483 2.120562 2.179899 2.241603 2.305796 2.372595 2.442143 2.514577 2.590044 2.668708 2.750737 2.836314 2.925632 3.018889 3.116315 3.218133 3.324608 3.435990 3.552579 3.674680 3.802612 3.936739 4.077432 4.225105 4.380190 4.543157 4.714527 4.894837 5.084683 5.284698 5.495598 5.718112 5.953063 6.201334 6.463890 6.741782 7.036155 7.348242 7.679430 8.031197 8.405189 8.803204 9.227228 9.679442 10.16226 10.67837 11.23073 11.82264 12.45781 13.14035 13.87491 14.66673 15.52174 16.44669 17.44929 18.53840 19.72428
1.749959 1.794953 1.841619 1.890032 1.940287 1.992463 2.046652 2.102951 2.161466 2.222300 2.285578 2.351403 2.419928 2.491279 2.565597 2.643051 2.723790 2.808009 2.895882 2.987607 3.083410 3.183503 3.288143 3.397577 3.512095 3.631989 3.757572 3.889189 4.027210 4.172034 4.324075 4.483789 4.651675 4.828261 5.014115 5.209855 5.416162 5.633749 5.863399 6.105971 6.362391 6.633666 6.920898 7.225275 7.548126 7.890869 8.255080 8.642487 9.054988 9.494665 9.963836 10.46505 11.00115 11.57528 12.19096 12.85213 13.56320 14.32917 15.15566 16.04910 17.01683 18.06729 19.21022
1.736815 1.781225 1.827279 1.875052 1.924632 1.976096 2.029531 2.085040 2.142718 2.202673 2.265015 2.329861 2.397346 2.467598 2.540756 2.616976 2.696417 2.779254 2.865663 2.955837 3.049996 3.148339 3.251122 3.358580 3.470999 3.588654 3.711852 3.840935 3.976251 4.118183 4.267139 4.423553 4.587912 4.760721 4.942528 5.133928 5.335581 5.548163 5.772438 6.009225 6.259410 6.523963 6.803937 7.100479 7.414850 7.748410 8.102661 8.479256 8.880001 9.306885 9.762100 10.24809 10.76754 11.32343 11.91910 12.55827 13.24513 13.98436 14.78130 15.64200 16.57337 17.58332 18.68106
1.723442 1.767266 1.812700 1.859825 1.908719 1.959460 2.012136 2.066841 2.123675 2.182733 2.244136 2.307986 2.374420 2.443559 2.515540 2.590517 2.668638 2.750076 2.835005 2.923611 3.016103 3.112677 3.213581 3.319042 3.429332 3.544727 3.665519 3.792034 3.924611 4.063620 4.209455 4.362534 4.523320 4.692307 4.870021 5.057033 5.253972 5.461488 5.680320 5.911247 6.155118 6.412861 6.685485 6.974079 7.279848 7.604089 7.948230 8.313841 8.702639 9.116506 9.557522 10.02800 10.53045 11.06772 11.64293 12.25958 12.92158 13.63335 14.39986 15.22674 16.12042 17.08827 18.13881
1.709864 1.753092 1.797900 1.844368 1.892566 1.942575 1.994482 2.048377 2.104353 2.162511 2.222958 2.285802 2.351171 2.419188 2.489977 2.563696 2.640486 2.720513 2.803946 2.890965 2.981772 3.076561 3.175566 3.279008 3.387155 3.500263 3.618623 3.742544 3.872357 4.008416 4.151095 4.300805 4.457992 4.623117 4.796698 4.979275 5.171453 5.373858 5.587189 5.812196 6.049688 6.300551 6.565742 6.846297 7.143370 7.458184 7.792090 8.146580 8.523273 8.923947 9.350566 9.805285 10.29049 10.80882 11.36321 11.95691 12.59357 13.27728 14.01263 14.80481 15.65974 16.58416 17.58583
1.696081 1.738710 1.782885 1.828683 1.876183 1.925455 1.976584 2.029657 2.084770 2.142015 2.201498 2.263326 2.327621 2.394500 2.464091 2.536539 2.611984 2.690588 2.772511 2.857929 2.947039 3.040027 3.137115 3.238525 3.344504 3.455311 3.571217 3.692526 3.819551 3.952632 4.092138 4.238451 4.392008 4.553247 4.722657 4.900767 5.088149 5.285399 5.493189 5.712229 5.943291 6.187217 6.444916 6.717371 7.005667 7.310971 7.634554 7.977820 8.342297 8.729650 9.141716 9.580522 10.04828 10.54745 11.08075 11.65121 12.26215 12.91736 13.62102 14.37788 15.19327 16.07327 17.02484
1.682116 1.724135 1.767674 1.812802 1.859590 1.908117 1.958458 2.010708 2.064946 2.121270 2.179784 2.240585 2.303797 2.369531 2.437911 2.509078 2.583169 2.660336 2.740740 2.824546 2.911946 3.003118 3.098278 3.197640 3.301442 3.409929 3.523367 3.642044 3.766266 3.896358 4.032662 4.175562 4.325462 4.482790 4.648015 4.821629 5.004189 5.196258 5.398474 5.611516 5.836113 6.073062 6.323227 6.587535 6.867013 7.162751 7.475951 7.807929 8.160114 8.534063 8.931491 9.354274 9.804469 10.28434 10.79641 11.34341 11.92844 12.55488 13.22655 13.94770 14.72309 15.55810 16.45884
