T1-compare/200/model-t.grd
DSAA
         200         200
      -15.000000       15.000000
      -15.000000       15.000000
    7.077141E-01       99.345047
[rows 108 to 134 of 200, columns 61 to 121 of 200]
25.006672 26.651840 28.437279 30.378237 32.491959 34.798107 37.318668 40.077621 43.099121 46.402664 49.991413 53.829567 57.815941 61.789814 65.592957 69.128883 72.365288 75.306686 77.972900 80.387955 82.575394 84.556641 86.350723 87.974228 89.441681 90.765640 91.957207 93.025864 93.980026 94.826927 95.572845 96.223312 96.782875 97.255547 97.644615 97.952705 98.181976 98.333992 98.409698 98.409706 98.333984 98.181953 97.952728 97.644577 97.255539 96.782890 96.223328 95.572868 94.826920 93.980034 93.025871 91.957199 90.765656 89.441643 87.974243 86.350716 84.556641 82.575401 80.387970 77.972900 75.306709
24.911266 26.551781 28.332371 30.268354 32.377022 34.677956 37.193237 39.946831 42.962910 46.261063 49.844337 53.676971 57.657906 61.626339 65.424095 68.954720 72.185875 75.122162 77.783424 80.193665 82.376419 84.353165 86.142960 87.762329 89.225883 90.546211 91.734322 92.799828 93.751022 94.595222 95.338753 95.987038 96.544724 97.015739 97.403427 97.710457 97.938881 98.090332 98.165787 98.165825 98.090332 97.938881 97.710449 97.403427 97.015747 96.544716 95.987061 95.338768 94.595215 93.751007 92.799805 91.734314 90.546204 89.225876 87.762344 86.142960 84.353180 82.376411 80.193665 77.783432 75.122177
24.804497 26.439625 28.214766 30.145079 32.247971 34.543037 37.052345 39.799835 42.809761 46.101665 49.678684 53.505085 57.479755 61.441986 65.233574 68.758186 71.983368 74.913795 77.569405 79.974113 82.151543 84.123230 85.908058 87.522789 88.981895 90.298088 91.482285 92.544159 93.492020 94.333183 95.073975 95.719795 96.275314 96.744469 97.130638 97.436424 97.663925 97.814796 97.889900 97.889908 97.814789 97.663940 97.436409 97.130638 96.744476 96.275299 95.719803 95.073990 94.333183 93.492035 92.544159 91.482269 90.298065 88.981934 87.522797 85.908058 84.123222 82.151573 79.974106 77.569420 74.913795
24.685980 26.315151 28.084078 30.008064 32.104450 34.392860 36.895351 39.636028 42.638973 45.923813 49.493755 53.313076 57.280685 61.235886 65.020508 68.538246 71.756668 74.680519 77.329659 79.728180 81.899582 83.865440 85.644737 87.254196 88.708328 90.019798 91.199638 92.257401 93.201538 94.039261 94.776924 95.419983 95.973083 96.440186 96.824593 97.128967 97.355446 97.505577 97.580376 97.580376 97.505577 97.355431 97.128960 96.824600 96.440178 95.973091 95.419975 94.776924 94.039246 93.201553 92.257393 91.199646 90.019791 88.708328 87.254196 85.644737 83.865417 81.899551 79.728180 77.329666 74.680511
24.555506 26.177938 27.939957 29.856833 31.945910 34.226875 36.721794 39.454681 42.449780 45.726765 49.288750 53.100067 57.059708 61.007011 64.783768 68.293800 71.504646 74.421028 77.062965 79.454391 81.619041 83.578369 85.351471 86.955009 88.403549 89.709717 90.884598 91.937805 92.877724 93.711639 94.445793 95.085808 95.636177 96.100952 96.483406 96.786240 97.011581 97.160927 97.235352 97.235359 97.160942 97.011581 96.786255 96.483406 96.100967 95.636192 95.085815 94.445801 93.711617 92.877708 91.937813 90.884613 89.709709 88.403496 86.954994 85.351463 83.578377 81.619041 79.454376 77.062981 74.421013
24.412689 26.027712 27.782026 29.690987 31.771944 34.044533 36.530960 39.255173 42.241501 45.509575 49.062679 52.865028 56.815784 60.754162 64.522209 68.023521 71.225807 74.133911 76.767693 79.151230 81.308304 83.260330 85.026436 86.623360 88.065575 89.365944 90.535332 91.583443 92.518639 93.348320 94.078621 94.715141 95.262550 95.724701 96.105034 96.406166 96.630180 96.778687 96.852699 96.852699 96.778664 96.630180 96.406174 96.105034 95.724709 95.262558 94.715134 94.078629 93.348320 92.518646 91.583412 90.535324 89.365944 88.065598 86.623360 85.026421 83.260315 81.308296 79.151207 76.767700 74.133888
24.257256 25.864054 27.609852 29.509968 31.581896 33.845249 36.322098 39.036720 42.013287 45.271427 48.814507 52.606922 56.547646 60.476128 64.234230 67.725807 70.918579 73.817421 76.442070 78.816879 80.965462 82.909378 84.667740 86.257240 87.692574 88.986336 90.149605 91.192085 92.122078 92.946999 93.673042 94.305748 94.849831 95.309212 95.687111 95.986336 96.208939 96.356453 96.429993 96.429970 96.356468 96.208961 95.986343 95.687103 95.309212 94.849838 94.305771 93.673042 92.946991 92.122078 91.192047 90.149597 88.986328 87.692558 86.257256 84.667732 82.909378 80.965462 78.816887 76.442062 73.817436
24.088820 25.686501 27.422863 29.313311 31.375206 33.628235 36.094601 38.798409 41.764099 45.011257 48.543251 52.324413 56.253998 60.171356 63.918522 67.399200 70.581383 73.469734 76.084305 78.449348 80.588440 82.523323 84.273087 85.854408 87.281998 88.568527 89.724991 90.761169 91.685516 92.505127 93.226486 93.855049 94.395454 94.851646 95.226967 95.524063 95.745094 95.891594 95.964607 95.964600 95.891594 95.745102 95.524071 95.226936 94.851662 94.395439 93.855049 93.226479 92.505135 91.685509 90.761177 89.725014 88.568504 87.282013 85.854408 84.273087 82.523315 80.588440 78.449333 76.084312 73.469757
23.907009 25.494665 27.220665 29.100363 31.151085 33.392761 35.847450 38.539410 41.492844 44.727734 48.247425 52.016171 55.933338 59.838333 63.573227 67.041916 70.212166 73.088966 75.692253 78.046356 80.175072 82.099854 83.840034 85.412292 86.831230 88.109795 89.258781 90.288094 91.206039 92.019966 92.736160 93.360077 93.896416 94.349167 94.721619 95.016457 95.235802 95.381126 95.453552 95.453560 95.381134 95.235802 95.016449 94.721649 94.349167 93.896439 93.360077 92.736153 92.019951 91.206062 90.288109 89.258789 88.109772 86.831230 85.412285 83.840012 82.099831 80.175041 78.046371 75.692253 73.088943
23.711456 25.288080 27.002645 28.870457 30.908995 33.137997 35.579742 38.258492 41.198608 44.419880 47.925583 51.680637 55.583920 59.475178 63.196465 66.651581 69.808746 72.672623 75.263428 77.605423 79.722488 81.636139 83.365646 84.927910 86.337502 87.607132 88.747948 89.769646 90.680611 91.488190 92.198677 92.817596 93.349525 93.798538 94.167847 94.460152 94.677582 94.821655 94.893456 94.893448 94.821655 94.677582 94.460144 94.167809 93.798538 93.349533 92.817612 92.198669 91.488190 90.680626 89.769669 88.747925 87.607132 86.337524 84.927910 83.365669 81.636124 79.722473 77.605400 75.263451 72.672646
23.501656 25.066235 26.768208 28.622992 30.648043 32.863121 35.290565 37.954681 40.879841 44.085903 47.576462 51.316021 55.203945 59.079800 62.785885 66.226158 69.368568 72.218102 74.795006 77.123711 79.227798 81.129112 82.846962 84.398102 85.797302 87.057198 88.188950 89.202354 90.105652 90.906319 91.610580 92.223946 92.751038 93.195930 93.561829 93.851425 94.066811 94.209572 94.280655 94.280678 94.209579 94.066803 93.851410 93.561821 93.195938 92.751038 92.223953 91.610580 90.906311 90.105637 89.202347 88.188980 87.057198 85.797295 84.398094 82.846970 81.129128 79.227814 77.123688 74.794991 72.218117
23.277250 24.828629 26.516834 28.357260 30.367380 32.567120 34.978848 37.626587 40.535244 43.724487 47.198059 50.920544 54.791302 58.650196 62.339310 65.762947 68.889076 71.722626 74.284164 76.597900 78.687729 80.575500 82.280403 83.819267 85.207008 86.456146 87.578064 88.582230 89.477234 90.270309 90.967773 91.575111 92.097031 92.537422 92.899574 93.186211 93.399345 93.540604 93.610985 93.610985 93.540581 93.399345 93.186226 92.899559 92.537407 92.097023 91.575111 90.967773 90.270302 89.477226 88.582230 87.578056 86.456169 85.206993 83.819290 82.280403 80.575478 78.687721 76.597855 74.284172 71.722656
23.037769 24.574736 26.247805 28.072462 30.066288 32.249081 34.643181 37.273129 40.163330 43.334034 46.788643 50.492046 54.343754 58.183620 61.853985 65.259071 68.366966 71.182869 73.727348 76.024513 78.098595 79.971252 81.661896 83.187347 84.562424 85.799896 86.910835 87.905052 88.790894 89.575699 90.265770 90.866539 91.382759 91.818298 92.176422 92.459824 92.670532 92.810211 92.879753 92.879753 92.810242 92.670540 92.459831 92.176437 91.818306 91.382751 90.866531 90.265785 89.575684 88.790901 87.905037 86.910835 85.799896 84.562424 83.187325 81.661865 79.971237 78.098587 76.024521 73.727341 71.182869
22.782866 24.303972 25.960522 27.767918 29.743717 31.907827 34.282608 36.892670 39.762547 42.912426 46.346020 50.028214 53.858685 57.677361 61.326740 64.711189 67.798935 70.595284 73.120529 75.399475 77.456039 79.312088 80.986931 82.497658 83.858871 85.083473 86.182549 87.165802 88.041718 88.817490 89.499527 90.093254 90.603218 91.033432 91.387215 91.667114 91.875282 92.013214 92.081932 92.081917 92.013199 91.875282 91.667137 91.387192 91.033432 90.603210 90.093216 89.499527 88.817505 88.041664 87.165810 86.182526 85.083450 83.858902 82.497658 80.986938 79.312088 77.456024 75.399483 73.120514 70.595268
22.512020 24.015963 25.654398 27.442797 29.398769 31.542255 33.895756 36.483734 39.330910 42.457798 45.867943 49.526512 53.333279 57.128326 60.754372 64.115677 67.180946 69.955376 72.459702 74.718300 76.755524 78.593185 80.250687 81.745110 83.091156 84.301590 85.387650 86.359070 87.224083 87.990082 88.663414 89.249367 89.752724 90.177269 90.526283 90.802422 91.007774 91.143829 91.211624 91.211609 91.143829 91.007790 90.802452 90.526291 90.177292 89.752716 89.249405 88.663399 87.990112 87.224091 86.359055 85.387650 84.301590 83.091133 81.745110 80.250679 78.593193 76.755501 74.718285 72.459686 69.955399
22.224838 23.710028 25.328671 27.096245 29.030428 31.151180 33.481041 36.044605 38.866676 41.967762 45.351875 48.984035 52.764339 56.533012 60.132851 63.468525 66.508713 69.258850 71.739571 73.975693 75.991478 77.808876 79.447342 80.923805 82.253159 83.448265 84.520195 85.478508 86.331810 87.087219 87.751099 88.328766 88.824829 89.243286 89.587173 89.859299 90.061661 90.195686 90.262451 90.262489 90.195679 90.061653 89.859283 89.587196 89.243271 88.824821 88.328796 87.751091 87.087204 86.331772 85.478508 84.520195 83.448257 82.253159 80.923775 79.447327 77.808853 75.991508 73.975700 71.739563 69.258820
21.921013 23.385672 24.982758 26.727516 28.637695 30.733360 33.037048 35.573483 38.367752 41.440121 44.794941 48.397697 52.148342 55.887501 59.458031 62.765118 65.777176 68.500175 70.954788 73.165985 75.158012 76.953033 78.570419 80.027313 81.338432 82.516640 83.573090 84.517349 85.357887 86.101860 86.755501 87.324158 87.812576 88.224319 88.562859 88.830589 89.029694 89.161575 89.227280 89.227264 89.161552 89.029701 88.830589 88.562843 88.224312 87.812553 87.324181 86.755493 86.101837 85.357872 84.517342 83.573105 82.516663 81.338432 80.027290 78.570404 76.953026 75.157997 73.165985 70.954796 68.500168
21.600090 23.042578 24.616053 26.335873 28.219671 30.287718 32.562435 35.068645 37.831726 40.872166 44.194374 47.763912 51.481285 55.187218 58.725021 61.999786 64.980644 67.673233 70.098755 72.282303 74.248085 76.018318 77.612648 79.047928 80.339157 81.499069 82.538712 83.467682 84.294388 85.025955 85.668648 86.227676 86.707619 87.112411 87.445045 87.708160 87.903778 88.033394 88.097923 88.097946 88.033424 87.903786 87.708160 87.445038 87.112411 86.707649 86.227676 85.668625 85.025955 84.294395 83.467690 82.538704 81.499084 80.339149 79.047928 77.612633 76.018333 74.248085 72.282310 70.098747 67.673210
21.261927 22.680267 24.227919 25.920404 27.775269 29.812695 32.055328 34.528042 37.256310 40.260845 43.546448 47.078781 50.758766 54.427376 57.928310 61.166939 64.112495 66.771255 69.164467 71.317093 73.253838 74.996811 76.565704 77.977394 79.246849 80.386772 81.408150 82.320663 83.132408 83.850670 84.481522 85.030289 85.501282 85.898460 86.224838 86.482994 86.674965 86.802071 86.865425 86.865410 86.802094 86.674950 86.482994 86.224861 85.898445 85.501274 85.030273 84.481506 83.850693 83.132423 82.320648 81.408150 80.386780 79.246841 77.977394 76.565735 74.996811 73.253838 71.317062 69.164474 66.771294
20.906216 22.298409 23.818068 25.480587 27.303526 29.307201 31.514242 33.949623 36.639030 39.603344 42.847580 46.338032 49.975723 53.602200 57.061451 60.259293 63.165504 65.786270 68.143272 70.261604 72.166153 73.879074 75.419991 76.805916 78.051659 79.169823 80.171509 81.066147 81.861900 82.565811 83.184036 83.721710 84.183205 84.572266 84.891991 85.144905 85.332886 85.457451 85.519470 85.519470 85.457443 85.332916 85.144905 84.891983 84.572250 84.183220 83.721680 83.183998 82.565804 81.861908 81.066147 80.171516 79.169838 78.051666 76.805893 75.419983 73.879082 72.166168 70.261627 68.143272 65.786285
20.533007 21.896772 23.385893 25.015661 26.803637 28.769878 30.937441 33.331219 35.977020 38.896038 42.093739 45.536694 49.126556 52.705315 56.117416 59.269276 62.130920 64.709061 67.025620 69.105865 70.974808 72.654488 74.164703 75.522507 76.742401 77.837090 78.817352 79.692772 80.471268 81.159912 81.764626 82.290443 82.741768 83.122307 83.435013 83.682312 83.866150 83.987968 84.048637 84.048615 83.987976 83.866150 83.682327 83.434998 83.122314 82.741791 82.290436 81.764648 81.159912 80.471268 79.692787 78.817360 77.837090 76.742401 75.522530 74.164726 72.654526 70.974785 69.105888 67.025604 64.709091
20.142191 21.475254 22.931278 24.525246 26.274817 28.199965 30.323572 32.670776 35.267517 38.135578 41.280403 44.669510 48.204834 51.729164 55.087681 58.187317 60.998665 63.528900 65.800133 67.838005 69.667442 71.310661 72.787262 74.114258 75.306168 76.375381 77.332764 78.187546 78.947655 79.619896 80.210175 80.723503 81.164124 81.535500 81.840752 82.082176 82.261589 82.380501 82.439735 82.439713 82.380501 82.261612 82.082169 81.840744 81.535500 81.164085 80.723488 80.210175 79.619896 78.947647 78.187515 77.332764 76.375351 75.306137 74.114250 72.787247 71.310646 69.667450 67.837997 65.800140 63.528908
19.734032 21.034081 22.454149 24.009172 25.716480 27.596252 29.670973 31.966120 34.507782 37.317890 40.402809 43.730186 47.203182 50.665295 53.962597 57.002869 59.757225 62.233456 64.453949 66.444504 68.230202 69.833275 71.273216 72.566742 73.728294 74.770096 75.702805 76.535530 77.276031 77.930893 78.505913 79.005981 79.435173 79.797050 80.094398 80.329590 80.504433 80.620277 80.677925 80.677948 80.620293 80.504387 80.329590 80.094383 79.797066 79.435181 79.005974 78.505890 77.930893 77.276031 76.535515 75.702789 74.770126 73.728302 72.566757 71.273216 69.833275 68.230202 66.444489 64.453949 62.233452
19.308935 20.573488 21.954666 23.467335 25.128534 26.958067 28.978598 31.215519 33.694897 36.439297 39.455505 42.712135 46.113365 49.503876 52.730854 55.703045 58.392635 60.807903 62.971428 64.909454 66.646873 68.205940 69.605743 70.862961 71.991753 73.004204 73.910637 74.719795 75.439354 76.075867 76.634773 77.120857 77.538071 77.889885 78.179008 78.407684 78.577675 78.690376 78.746445 78.746460 78.690376 78.577644 78.407639 78.179008 77.889877 77.538063 77.120827 76.634758 76.075859 75.439362 74.719780 73.910629 73.004211 71.991730 70.862961 69.605759 68.205933 66.646889 64.909470 62.971420 60.807903
18.867579 20.094040 21.433409 22.900145 24.510973 26.285273 28.245699 30.417231 32.826298 35.495640 38.432930 41.607925 44.925976 48.233471 51.379204 54.273228 56.888760 59.235004 61.334789 63.214287 64.898529 66.409302 67.765602 68.983627 70.077255 71.058250 71.936600 72.720886 73.418442 74.035500 74.577393 75.048851 75.453529 75.794815 76.075333 76.297180 76.462166 76.571518 76.625954 76.625969 76.571495 76.462181 76.297180 76.075310 75.794800 75.453529 75.048836 74.577408 74.035500 73.418449 72.720886 71.936600 71.058235 70.077255 68.983627 67.765594 66.409286 64.898544 63.214325 61.334766 59.235023
18.410667 19.596577 20.891222 22.308321 23.864355 25.578131 27.471773 29.570242 31.899712 34.483326 37.329437 40.409294 43.630230 46.840748 49.891960 52.695808 55.226627 57.494637 59.522869 61.337627 62.963226 64.421455 65.730644 66.906601 67.962669 68.910294 69.758873 70.516830 71.191200 71.787918 72.312134 72.768227 73.159866 73.490150 73.761688 73.976509 74.136292 74.242157 74.294830 74.294838 74.242157 74.136284 73.976501 73.761681 73.490158 73.159836 72.768227 72.312141 71.787926 71.191208 70.516846 69.758881 68.910255 67.962700 66.906601 65.730644 64.421432 62.963219 61.337608 59.522854 57.494625
17.939476 19.082499 20.329294 21.693213 23.189909 24.837606 26.657602 28.674263 30.913704 33.398987 36.139328 39.107872 42.214428 45.310749 48.251175 50.950218 53.384163 55.563538 57.511864 59.254868 60.816525 62.217773 63.476254 64.607292 65.623520 66.535675 67.353050 68.083488 68.733528 69.308990 69.814720 70.254921 70.632942 70.951965 71.214233 71.421745 71.576088 71.678329 71.729309 71.729309 71.678329 71.576080 71.421753 71.214211 70.951958 70.632957 70.254898 69.814705 69.308998 68.733551 68.083466 67.353035 66.535667 65.623512 64.607315 63.476250 62.217796 60.816486 59.254883 57.511883 55.563545
