T1-compare/200/model-f.grd
DSAA
         200         200
  -15.00000       15.00000    
  -15.00000       15.00000    
  0.8457452       99.47115    
[rows 28 to 55 of 200, columns 126 to 188 of 200]
5.779561 5.681851 5.582975 5.483153 5.382606 5.281547 5.180182 5.078714 4.977334 4.876224 4.775555 4.675492 4.576182 4.477769 4.380375 4.284121 4.189111 4.095437 4.003182 3.912421 3.823213 3.735611 3.649660 3.565396 3.482844 3.402026 3.322954 3.245637 3.170076 3.096268 3.024204 2.953873 2.885260 2.818347 2.753111 2.689529 2.627576 2.567223 2.508441 2.451202 2.395473 2.341223 2.288419 2.237029 2.187019 2.138357 2.091008 2.044941 2.000123 1.956520 1.914101 1.872835 1.832690 1.793635 1.755640 1.718677 1.682715 1.647727 1.613685 1.580562 1.548331 1.516968 1.486446
6.028479 5.923672 5.817663 5.710694 5.603005 5.494834 5.386405 5.277939 5.169644 5.061720 4.954354 4.847719 4.741979 4.637283 4.533765 4.431551 4.330750 4.231460 4.133766 4.037743 3.943453 3.850949 3.760273 3.671458 3.584530 3.499506 3.416394 3.335200 3.255919 3.178545 3.103064 3.029461 2.957715 2.887802 2.819696 2.753369 2.688790 2.625926 2.564743 2.505208 2.447284 2.390937 2.336128 2.282820 2.230978 2.180564 2.131540 2.083872 2.037521 1.992455 1.948635 1.906029 1.864603 1.824322 1.785154 1.747067 1.710030 1.674013 1.638986 1.604920 1.571785 1.539556 1.508205
6.291938 6.179419 6.065660 5.950929 5.835493 5.719609 5.603526 5.487486 5.371717 5.256435 5.141843 5.028130 4.915470 4.804024 4.693935 4.585335 4.478340 4.373050 4.269555 4.167928 4.068234 3.970524 3.874836 3.781204 3.689649 3.600183 3.512812 3.427535 3.344344 3.263225 3.184161 3.107130 3.032106 2.959060 2.887959 2.818770 2.751457 2.685982 2.622304 2.560387 2.500188 2.441667 2.384782 2.329493 2.275756 2.223535 2.172783 2.123464 2.075538 2.028964 1.983705 1.939723 1.896981 1.855442 1.815071 1.775834 1.737697 1.700627 1.664593 1.629562 1.595505 1.562391 1.530193
6.570987 6.450073 6.327886 6.204718 6.080864 5.956611 5.832229 5.707983 5.584126 5.460891 5.338499 5.217155 5.097045 4.978343 4.861200 4.745756 4.632132 4.520431 4.410745 4.303150 4.197707 4.094468 3.993467 3.894736 3.798289 3.704135 3.612273 3.522699 3.435397 3.350348 3.267528 3.186908 3.108457 3.032139 2.957914 2.885743 2.815585 2.747395 2.681126 2.616737 2.554180 2.493409 2.434378 2.377040 2.321350 2.267262 2.214730 2.163712 2.114163 2.066040 2.019302 1.973906 1.929814 1.886986 1.845382 1.804968 1.765705 1.727558 1.690493 1.654477 1.619478 1.585462 1.552401
6.866790 6.736731 6.605361 6.473011 6.340003 6.206653 6.073261 5.940119 5.807499 5.675660 5.544841 5.415264 5.287129 5.160623 5.035904 4.913120 4.792398 4.673846 4.557553 4.443599 4.332043 4.222931 4.116298 4.012167 3.910549 3.811447 3.714854 3.620758 3.529136 3.439964 3.353207 3.268832 3.186798 3.107065 3.029582 2.954307 2.881188 2.810176 2.741220 2.674268 2.609268 2.546169 2.484919 2.425465 2.367757 2.311746 2.257380 2.204612 2.153395 2.103680 2.055421 2.008577 1.963100 1.918950 1.876084 1.834464 1.794049 1.754802 1.716685 1.679664 1.643702 1.608767 1.574826
7.180576 7.040540 6.899159 6.756803 6.613828 6.470582 6.327397 6.184596 6.042478 5.901322 5.761392 5.622926 5.486141 5.351234 5.218376 5.087720 4.959397 4.833519 4.710178 4.589448 4.471388 4.356041 4.243436 4.133591 4.026509 3.922188 3.820611 3.721758 3.625599 3.532100 3.441221 3.352918 3.267142 3.183844 3.102968 3.024461 2.948266 2.874325 2.802579 2.732972 2.665444 2.599937 2.536394 2.474757 2.414969 2.356976 2.300722 2.246155 2.193222 2.141871 2.092054 2.043722 1.996827 1.951324 1.907166 1.864313 1.822721 1.782349 1.743159 1.705111 1.668168 1.632296 1.597459
7.513712 7.362775 7.210465 7.057189 6.903347 6.749322 6.595483 6.442186 6.289757 6.138506 5.988716 5.840646 5.694530 5.550577 5.408969 5.269865 5.133401 4.999690 4.868824 4.740876 4.615899 4.493932 4.374997 4.259105 4.146251 4.036425 3.929599 3.825745 3.724823 3.626789 3.531594 3.439185 3.349502 3.262487 3.178077 3.096209 3.016817 2.939837 2.865200 2.792843 2.722700 2.654705 2.588794 2.524905 2.462973 2.402941 2.344744 2.288327 2.233632 2.180604 2.129188 2.079331 2.030984 1.984095 1.938616 1.894503 1.851708 1.810188 1.769902 1.730808 1.692866 1.656039 1.620289
7.867667 7.704805 7.540546 7.375342 7.209634 7.043856 6.878412 6.713693 6.550064 6.387861 6.227392 6.068939 5.912752 5.759054 5.608036 5.459863 5.314678 5.172591 5.033692 4.898054 4.765720 4.636727 4.511085 4.388797 4.269848 4.154216 4.041866 3.932757 3.826838 3.724053 3.624343 3.527642 3.433883 3.342998 3.254910 3.169548 3.086837 3.006705 2.929073 2.853871 2.781024 2.710459 2.642107 2.575896 2.511757 2.449625 2.389431 2.331114 2.274611 2.219862 2.166807 2.115391 2.065556 2.017250 1.970422 1.925021 1.880998 1.838308 1.796904 1.756744 1.717784 1.679985 1.643307
8.244076 8.068151 7.890806 7.712546 7.533870 7.355254 7.177151 6.999994 6.824184 6.650090 6.478045 6.308358 6.141294 5.977093 5.815950 5.658042 5.503510 5.352465 5.204994 5.061162 4.921009 4.784557 4.651810 4.522759 4.397377 4.275629 4.157467 4.042837 3.931676 3.823918 3.719487 3.618307 3.520298 3.425380 3.333468 3.244476 3.158324 3.074924 2.994192 2.916049 2.840410 2.767194 2.696324 2.627722 2.561312 2.497021 2.434776 2.374509 2.316152 2.259639 2.204905 2.151891 2.100536 2.050782 2.002574 1.955860 1.910584 1.866701 1.824159 1.782913 1.742917 1.704129 1.666507
8.644687 8.454429 8.262733 8.070170 7.877297 7.684642 7.492716 7.301995 7.112924 6.925904 6.741304 6.559453 6.380638 6.205108 6.033072 5.864708 5.700160 5.539535 5.382915 5.230357 5.081891 4.937528 4.797257 4.661058 4.528889 4.400701 4.276429 4.156005 4.039354 3.926390 3.817026 3.711173 3.608737 3.509624 3.413737 3.320980 3.231258 3.144477 3.060539 2.979356 2.900835 2.824886 2.751423 2.680360 2.611614 2.545106 2.480756 2.418488 2.358231 2.299911 2.243459 2.188812 2.135903 2.084671 2.035056 1.987001 1.940449 1.895349 1.851648 1.809296 1.768247 1.728454 1.689872
9.071442 8.865430 8.657971 8.449710 8.241267 8.033241 7.826197 7.620668 7.417142 7.216064 7.017833 6.822803 6.631281 6.443531 6.259769 6.080176 5.904894 5.734026 5.567644 5.405795 5.248496 5.095743 4.947512 4.803762 4.664438 4.529470 4.398780 4.272281 4.149878 4.031471 3.916960 3.806235 3.699191 3.595718 3.495704 3.399042 3.305625 3.215345 3.128094 3.043774 2.962281 2.883517 2.807384 2.733791 2.662646 2.593863 2.527352 2.463035 2.400831 2.340663 2.282456 2.226139 2.171644 2.118903 2.067852 2.018431 1.970579 1.924240 1.879361 1.835885 1.793765 1.752951 1.713395
9.526466 9.303111 9.078309 8.852785 8.627247 8.402363 8.178765 7.957048 7.737750 7.521362 7.308320 7.099003 6.893737 6.692800 6.496414 6.304761 6.117976 5.936155 5.759360 5.587623 5.420942 5.259299 5.102647 4.950929 4.804065 4.661969 4.524541 4.391675 4.263255 4.139164 4.019283 3.903485 3.791648 3.683646 3.579352 3.478646 3.381405 3.287509 3.196838 3.109282 3.024727 2.943064 2.864188 2.787997 2.714389 2.643270 2.574547 2.508132 2.443936 2.381878 2.321877 2.263857 2.207742 2.153462 2.100949 2.050137 2.000962 1.953364 1.907285 1.862668 1.819460 1.777608 1.737065
10.01210 9.769607 9.525686 9.281154 9.036805 8.793400 8.551649 8.312212 8.075688 7.842616 7.613467 7.388652 7.168514 6.953344 6.743363 6.538756 6.339648 6.146122 5.958225 5.775968 5.599330 5.428270 5.262720 5.102597 4.947797 4.798213 4.653717 4.514184 4.379476 4.249454 4.123977 4.002902 3.886084 3.773384 3.664655 3.559763 3.458568 3.360939 3.266741 3.175852 3.088145 3.003503 2.921808 2.842948 2.766815 2.693305 2.622317 2.553754 2.487523 2.423535 2.361701 2.301943 2.244179 2.188331 2.134328 2.082101 2.031579 1.982702 1.935404 1.889627 1.845315 1.802413 1.760868
10.53090 10.26727 10.00222 9.736712 9.471636 9.207851 8.946160 8.687304 8.431943 8.180668 7.933992 7.692356 7.456120 7.225583 7.000969 6.782450 6.570143 6.364111 6.164381 5.970941 5.783744 5.602719 5.427770 5.258790 5.095645 4.938200 4.786300 4.639794 4.498521 4.362317 4.231017 4.104455 3.982470 3.864899 3.751580 3.642360 3.537084 3.435604 3.337772 3.243452 3.152506 3.064802 2.980214 2.898619 2.819899 2.743942 2.670635 2.599877 2.531568 2.465609 2.401908 2.340378 2.280932 2.223490 2.167972 2.114305 2.062416 2.012238 1.963704 1.916751 1.871319 1.827351 1.784791
11.08573 10.79867 10.51024 10.22153 9.933568 9.647320 9.363695 9.083521 8.807534 8.536384 8.270623 8.010722 7.757056 7.509928 7.269557 7.036104 6.809666 6.590283 6.377951 6.172630 5.974243 5.782682 5.597820 5.419516 5.247603 5.081915 4.922268 4.768479 4.620358 4.477716 4.340361 4.208106 4.080762 3.958150 3.840086 3.726398 3.616912 3.511464 3.409892 3.312045 3.217772 3.126926 3.039373 2.954976 2.873608 2.795147 2.719472 2.646475 2.576045 2.508077 2.442472 2.379138 2.317982 2.258916 2.201858 2.146729 2.093451 2.041954 1.992166 1.944021 1.897455 1.852407 1.808820
11.67970 11.36663 11.05227 10.73784 10.42455 10.11349 9.805699 9.502097 9.203505 8.910633 8.624077 8.344336 8.071795 7.806757 7.549430 7.299952 7.058394 6.824765 6.599027 6.381097 6.170861 5.968174 5.772867 5.584759 5.403648 5.229329 5.061584 4.900196 4.744943 4.595605 4.451965 4.313806 4.180918 4.053092 3.930128 3.811829 3.698006 3.588477 3.483060 3.381591 3.283903 3.189839 3.099248 3.011984 2.927909 2.846892 2.768800 2.693517 2.620924 2.550911 2.483369 2.418199 2.355304 2.294590 2.235967 2.179354 2.124669 2.071833 2.020774 1.971421 1.923707 1.877567 1.832940
12.31633 11.97430 11.63107 11.28809 10.94670 10.60819 10.27372 9.944331 9.620933 9.304299 8.995076 8.693778 8.400797 8.116430 7.840860 7.574198 7.316478 7.067662 6.827671 6.596376 6.373612 6.159189 5.952889 5.754489 5.563738 5.380393 5.204195 5.034888 4.872217 4.715928 4.565770 4.421499 4.282876 4.149670 4.021650 3.898604 3.780318 3.666595 3.557230 3.452047 3.350860 3.253500 3.159802 3.069610 2.982769 2.899143 2.818587 2.740974 2.666180 2.594085 2.524573 2.457538 2.392876 2.330488 2.270278 2.212161 2.156047 2.101856 2.049511 1.998936 1.950059 1.902815 1.857138
12.99948 12.62511 12.24969 11.87488 11.50227 11.13331 10.76934 10.41153 10.06088 9.718246 9.384299 9.059577 8.744469 8.439249 8.144068 7.858994 7.584007 7.319024 7.063902 6.818456 6.582465 6.355679 6.137830 5.928637 5.727803 5.535034 5.350025 5.172482 5.002108 4.838610 4.681704 4.531115 4.386570 4.247814 4.114591 3.986662 3.863791 3.745760 3.632349 3.523360 3.418594 3.317863 3.220992 3.127808 3.038148 2.951862 2.868796 2.788813 2.711779 2.637568 2.566054 2.497126 2.430671 2.366585 2.304767 2.245126 2.187566 2.132004 2.078357 2.026545 1.976496 1.928136 1.881398
13.73347 13.32288 12.91144 12.50108 12.09366 11.69087 11.29421 10.90503 10.52442 10.15330 9.792384 9.442215 9.103159 8.775460 8.459213 8.154432 7.861033 7.578857 7.307695 7.047292 6.797356 6.557572 6.327605 6.107116 5.895750 5.693157 5.498984 5.312886 5.134523 4.963562 4.799682 4.642570 4.491923 4.347454 4.208879 4.075933 3.948359 3.825914 3.708359 3.595477 3.487052 3.382880 3.282770 3.186538 3.094004 3.005009 2.919390 2.836997 2.757689 2.681328 2.607783 2.536934 2.468663 2.402857 2.339411 2.278226 2.219204 2.162256 2.107293 2.054233 2.002997 1.953511 1.905703
14.52318 14.07187 13.61996 13.16976 12.72343 12.28294 11.85001 11.42615 11.01256 10.61023 10.21990 9.842097 9.477146 9.125236 8.786390 8.460546 8.147535 7.847108 7.558971 7.282787 7.018177 6.764750 6.522095 6.289806 6.067460 5.854644 5.650952 5.455986 5.269356 5.090684 4.919606 4.755771 4.598845 4.448502 4.304431 4.166342 4.033950 3.906987 3.785195 3.668336 3.556176 3.448493 3.345084 3.245747 3.150290 3.058543 2.970328 2.885488 2.803872 2.725330 2.649727 2.576932 2.506821 2.439275 2.374182 2.311438 2.250938 2.192588 2.136298 2.081979 2.029546 1.978925 1.930037
15.37405 14.87678 14.37927 13.88425 13.39430 12.91169 12.43843 11.97618 11.52628 11.08975 10.66734 10.25953 9.866608 9.488656 9.125608 8.777289 8.443426 8.123664 7.817603 7.524797 7.244778 6.977060 6.721151 6.476557 6.242785 6.019358 5.805800 5.601656 5.406485 5.219858 5.041365 4.870616 4.707235 4.550868 4.401165 4.257808 4.120487 3.988908 3.862790 3.741875 3.625906 3.514651 3.407882 3.305387 3.206961 3.112417 3.021569 2.934247 2.850289 2.769540 2.691851 2.617087 2.545117 2.475811 2.409054 2.344734 2.282742 2.222979 2.165348 2.109758 2.056121 2.004355 1.954382
16.29224 15.74286 15.19371 14.64809 14.10906 13.57930 13.06110 12.55632 12.06639 11.59239 11.13502 10.69470 10.27160 9.865684 9.476761 9.104515 8.748535 8.408336 8.083384 7.773120 7.476959 7.194308 6.924578 6.667186 6.421555 6.187131 5.963368 5.749751 5.545772 5.350955 5.164841 4.986992 4.816995 4.654453 4.498988 4.350246 4.207891 4.071602 3.941074 3.816027 3.696184 3.581295 3.471113 3.365410 3.263971 3.166590 3.073071 2.983237 2.896909 2.813925 2.734128 2.657374 2.583523 2.512440 2.444002 2.378093 2.314597 2.253409 2.194428 2.137559 2.082708 2.029791 1.978724
17.28474 16.67596 16.06806 15.46506 14.87063 14.28792 13.71956 13.16761 12.63359 12.11855 11.62313 11.14761 10.69202 10.25615 9.839626 9.441969 9.062591 8.700843 8.356042 8.027486 7.714455 7.416240 7.132139 6.861468 6.603553 6.357763 6.123470 5.900089 5.687052 5.483821 5.289887 5.104765 4.927992 4.759140 4.597788 4.443553 4.296064 4.154980 4.019962 3.890713 3.766934 3.648352 3.534708 3.425754 3.321258 3.221006 3.124784 3.032406 2.943682 2.858441 2.776515 2.697751 2.622001 2.549125 2.478994 2.411484 2.346471 2.283849 2.223509 2.165352 2.109280 2.055204 2.003039
18.35949 17.68261 17.00749 16.33911 15.68189 15.03958 14.41516 13.81088 13.22829 12.66837 12.13159 11.61807 11.12758 10.65971 10.21384 9.789280 9.385220 9.000823 8.635226 8.287560 7.956954 7.642565 7.343558 7.059144 6.788544 6.531033 6.285901 6.052484 5.830150 5.618296 5.416356 5.223794 5.040102 4.864808 4.697454 4.537624 4.384913 4.238951 4.099373 3.965858 3.838086 3.715760 3.598607 3.486360 3.378772 3.275615 3.176663 3.081714 2.990571 2.903050 2.818974 2.738184 2.660522 2.585842 2.514004 2.444881 2.378342 2.314277 2.252571 2.193118 2.135821 2.080583 2.027314
19.52551 18.77002 18.01753 17.27426 16.54564 15.83607 15.14894 14.48660 13.85058 13.24167 12.66008 12.10564 11.57780 11.07586 10.59890 10.14594 9.715939 9.307819 8.920507 8.552945 8.204087 7.872937 7.558522 7.259926 6.976261 6.706696 6.450433 6.206729 5.974874 5.754201 5.544083 5.343929 5.153185 4.971332 4.797872 4.632353 4.474337 4.323422 4.179220 4.041379 3.909560 3.783447 3.662742 3.547167 3.436455 3.330365 3.228655 3.131112 3.037529 2.947708 2.861469 2.778638 2.699051 2.622554 2.548999 2.478254 2.410183 2.344666 2.281587 2.220836 2.162307 2.105901 2.051527
20.79301 19.94608 19.10393 18.27444 17.46430 16.67872 15.92141 15.19477 14.50012 13.83789 13.20791 12.60957 12.04193 11.50386 10.99408 10.51129 10.05414 9.621268 9.211368 8.823163 8.455416 8.106959 7.776663 7.463479 7.166396 6.884472 6.616815 6.362588 6.121010 5.891338 5.672886 5.465004 5.267087 5.078568 4.898909 4.727617 4.564222 4.408290 4.259405 4.117188 3.981279 3.851338 3.727047 3.608109 3.494245 3.385194 3.280705 3.180548 3.084509 2.992377 2.903959 2.819075 2.737551 2.659227 2.583947 2.511573 2.441962 2.374990 2.310534 2.248479 2.188714 2.131140 2.075656
22.17343 21.21925 20.27241 19.34312 18.43967 17.56812 16.73240 15.93473 15.17595 14.45597 13.77400 13.12882 12.51896 11.94277 11.39854 10.88454 10.39909 9.940503 9.507204 9.097670 8.710449 8.344185 7.997580 7.669440 7.358618 7.064059 6.784768 6.519814 6.268330 6.029506 5.802579 5.586847 5.381648 5.186371 5.000428 4.823293 4.654456 4.493453 4.339832 4.193199 4.053157 3.919352 3.791445 3.669121 3.552080 3.440051 3.332763 3.229978 3.131464 3.037007 2.946399 2.859452 2.775984 2.695828 2.618817 2.544810 2.473655 2.405222 2.339387 2.276026 2.215026 2.156279 2.099684
23.67904 22.59797 21.52807 20.48277 19.47237 18.50372 17.58070 16.70493 15.87646 15.09429 14.35678 13.66194 13.00756 12.39139 11.81118 11.26473 10.74993 10.26476 9.807334 9.375851 8.968637 8.584119 8.220829 7.877406 7.552568 7.245137 6.954001 6.678139 6.416595 6.168477 5.932958 5.709275 5.496706 5.294588 5.102294 4.919253 4.744920 4.578794 4.420403 4.269312 4.125109 3.987414 3.855867 3.730134 3.609897 3.494870 3.384771 3.279346 3.178351 3.081558 2.988753 2.899738 2.814320 2.732322 2.653579 2.577934 2.505233 2.435341 2.368122 2.303454 2.241215 2.181298 2.123594
