T1-compare/200/model-t.grd
DSAA
         200         200
      -15.000000       15.000000
      -15.000000       15.000000
    7.077141E-01       99.345047
[rows 135 to 161 of 200, columns 0 to 60 of 200]
1.603415 1.647982 1.694129 1.742090 1.791792 1.843378 1.896974 1.952610 2.010407 2.070495 2.132985 2.197912 2.265524 2.335916 2.409171 2.485526 2.565071 2.648049 2.734561 2.824851 2.919110 3.017562 3.120449 3.228016 3.340522 3.458263 3.581582 3.710749 3.846186 3.988216 4.137228 4.293741 4.458189 4.631086 4.812964 5.004479 5.206216 5.418850 5.643226 5.880100 6.130342 6.394948 6.675024 6.971591 7.286098 7.619717 7.974008 8.350681 8.751469 9.178450 9.633747 10.119769 10.639258 11.195225 11.790950 12.430149 13.117052 13.856359 14.653349 15.514096 16.445517
1.590013 1.633984 1.679562 1.726853 1.775845 1.826732 1.879539 1.934368 1.991341 2.050535 2.112061 2.176027 2.242581 2.311841 2.383940 2.459036 2.537269 2.618819 2.703860 2.792597 2.885156 2.981875 3.082853 3.188462 3.298818 3.414332 3.535197 3.661817 3.794489 3.933586 4.079548 4.232711 4.393535 4.562634 4.740434 4.927520 5.124539 5.332124 5.551069 5.782063 6.026012 6.283820 6.556534 6.845211 7.151041 7.475348 7.819543 8.185255 8.574106 8.988001 9.429096 9.899653 10.402142 10.939479 11.514746 12.131422 12.793507 13.505319 14.271854 15.098830 15.992522
1.576392 1.619774 1.664701 1.711316 1.759646 1.809806 1.861872 1.915867 1.971977 2.030278 2.090854 2.153799 2.219273 2.287443 2.358328 2.432184 2.509089 2.589232 2.672749 2.759906 2.850791 2.945714 3.044824 3.148351 3.256626 3.369818 3.488269 3.612287 3.742193 3.878333 4.021137 4.170928 4.328177 4.493420 4.667067 4.849740 5.041995 5.244475 5.457870 5.682957 5.920556 6.171492 6.436734 6.717381 7.014512 7.329404 7.663368 8.017906 8.394694 8.795447 9.222085 9.676870 10.162165 10.680499 11.234944 11.828707 12.465474 13.149177 13.884576 14.676826 15.531837
1.562565 1.605352 1.649660 1.695647 1.743235 1.792653 1.843899 1.897085 1.952371 2.009729 2.069331 2.131285 2.195696 2.262718 2.332432 2.404956 2.480553 2.559248 2.641303 2.726791 2.816041 2.909132 3.006314 3.107840 3.213901 3.324816 3.440831 3.562225 3.689333 3.822510 3.962108 4.108545 4.262187 4.423504 4.592963 4.771177 4.958630 5.155951 5.363852 5.582980 5.814097 6.058109 6.315873 6.588390 6.876781 7.182131 7.505787 7.849123 8.213651 8.601101 9.013200 9.452046 9.919897 10.419104 10.952446 11.523000 12.133952 12.789226 13.492951 14.249829 15.065297
1.548591 1.590738 1.634386 1.679690 1.726633 1.775269 1.825745 1.878110 1.932484 1.988964 2.047584 2.108511 2.171838 2.237694 2.306219 2.377494 2.451666 2.528962 2.609503 2.693387 2.780927 2.872176 2.967435 3.066890 3.170820 3.279396 3.392915 3.511705 3.636046 3.766210 3.902600 4.045548 4.195565 4.352997 4.518297 4.691995 4.874623 5.066761 5.269091 5.482256 5.706883 5.943892 6.194129 6.458545 6.738069 7.033873 7.347167 7.679183 8.031416 8.405480 8.802915 9.225753 9.676047 10.155940 10.668073 11.215130 11.800220 12.426700 13.098455 13.819650 14.595043
1.534381 1.575935 1.618968 1.663547 1.709769 1.757684 1.807353 1.858909 1.912397 1.967926 2.025591 2.085471 2.147708 2.212429 2.279698 2.349708 2.422554 2.498374 2.577362 2.659668 2.745463 2.834874 2.928215 3.025630 3.127336 3.233577 3.344662 3.460770 3.582264 3.709457 3.842637 3.982185 4.128514 4.282020 4.443111 4.612288 4.790092 4.977016 5.173749 5.380871 5.599044 5.829072 6.071751 6.327958 6.598674 6.884847 7.187759 7.508445 7.848389 8.208968 8.591793 8.998585 9.431233 9.891788 10.382658 10.906220 11.465304 12.062954 12.702560 13.387923 14.123304
1.520053 1.560958 1.603361 1.647263 1.692735 1.739891 1.788789 1.839488 1.892079 1.946698 2.003376 2.062213 2.123354 2.186895 2.252954 2.321632 2.393101 2.467494 2.544944 2.625609 2.709688 2.797291 2.888681 2.984015 3.083505 3.187466 3.296039 3.409491 3.528191 3.652297 3.782316 3.918408 4.061084 4.210626 4.367507 4.532169 4.705123 4.886916 5.077997 5.279060 5.490773 5.713769 5.948897 6.196926 6.458825 6.735467 7.027910 7.337346 7.664964 8.012099 8.380215 8.770981 9.186091 9.627419 10.096975 10.597147 11.130317 11.699266 12.306929 12.956679 13.652082
1.505527 1.545829 1.587574 1.630771 1.675568 1.721965 1.770030 1.819859 1.871633 1.925257 1.980963 2.038752 2.098802 2.161186 2.226006 2.293362 2.363477 2.436418 2.512318 2.591346 2.673674 2.759450 2.848907 2.942167 3.039477 3.141048 3.247077 3.357927 3.473784 3.594929 3.721668 3.854350 3.993326 4.138939 4.291636 4.451758 4.619866 4.796425 4.981909 5.177009 5.382222 5.598268 5.825894 6.065779 6.318801 6.585887 6.867948 7.166120 7.481515 7.815301 8.168911 8.543735 8.941320 9.363502 9.811995 10.288871 10.796470 11.336949 11.913092 12.527657 13.183710
1.490887 1.530597 1.571666 1.614131 1.658216 1.703827 1.751123 1.800123 1.850944 1.903639 1.958341 2.015126 2.074017 2.135239 2.198841 2.264938 2.333634 2.405113 2.479501 2.556845 2.637439 2.721406 2.808863 2.900045 2.995172 3.094397 3.197992 3.306165 3.419178 3.537289 3.660824 3.790055 3.925349 4.067009 4.215532 4.371192 4.534480 4.705807 4.885774 5.074845 5.273627 5.482700 5.702792 5.934607 6.178852 6.436460 6.708276 6.995231 7.298484 7.619079 7.958187 8.317238 8.697597 9.100829 9.528529 9.982529 10.464740 10.977304 11.522414 12.102472 12.720080
1.476123 1.515136 1.555566 1.597412 1.640706 1.685596 1.732011 1.780196 1.830116 1.881902 1.935554 1.991302 2.049131 2.109137 2.171482 2.236292 2.303633 2.373623 2.446429 2.522205 2.601019 2.683120 2.768662 2.857825 2.950666 3.047570 3.148706 3.254185 3.364384 3.479488 3.599816 3.725656 3.857330 3.995095 4.139357 4.290560 4.449009 4.615215 4.789599 4.972733 5.165104 5.367255 5.579930 5.803689 6.039260 6.287451 6.549072 6.825015 7.116205 7.423681 7.748577 8.092068 8.455412 8.839989 9.247263 9.678810 10.136262 10.621557 11.136398 11.682875 12.263146
1.461239 1.499639 1.539402 1.580501 1.623093 1.667187 1.712837 1.760172 1.809171 1.860011 1.912660 1.967340 2.024013 2.082913 2.144037 2.207521 2.273495 2.342012 2.413249 2.487373 2.564490 2.644770 2.728341 2.815382 2.906100 3.000658 3.099267 3.202127 3.309516 3.421620 3.538781 3.661170 3.789180 3.923051 4.063221 4.209921 4.363610 4.524673 4.693601 4.870816 5.056832 5.252188 5.457422 5.673254 5.900214 6.139124 6.390677 6.655718 6.935063 7.229651 7.540545 7.868738 8.215416 8.581774 8.968997 9.378627 9.811970 10.270603 10.756113 11.270172 11.814435
1.446218 1.483991 1.523049 1.563526 1.605379 1.648664 1.693498 1.739964 1.788094 1.837971 1.889672 1.943292 1.998881 2.056571 2.116445 2.178604 2.243186 2.310269 2.379991 2.452495 2.527857 2.606286 2.687906 2.772898 2.861392 2.953642 3.049753 3.150003 3.254589 3.363770 3.477690 3.596717 3.721086 3.851124 3.987129 4.129385 4.278352 4.434404 4.597856 4.769233 4.948980 5.137553 5.335535 5.543492 5.762049 5.991765 6.233392 6.487700 6.755383 7.037430 7.334562 7.647798 7.978155 8.326659 8.694461 9.082687 9.492685 9.925598 10.382784 10.865655 11.375445
1.431111 1.468254 1.506654 1.546396 1.587522 1.630089 1.674100 1.719683 1.766926 1.815820 1.866539 1.919108 1.973559 2.030099 2.088762 2.149619 2.212809 2.278424 2.346610 2.417446 2.491123 2.567759 2.647415 2.730331 2.816687 2.906600 3.000291 3.097937 3.199725 3.305890 3.416699 3.532349 3.653170 3.779350 3.911272 4.049197 4.193440 4.344440 4.502531 4.668141 4.841695 5.023640 5.214422 5.414679 5.624826 5.845583 6.077487 6.321283 6.577561 6.847254 7.130939 7.429571 7.744109 8.075284 8.424201 8.791823 9.179166 9.587368 10.017412 10.470373 10.947376
1.415916 1.452427 1.490168 1.529213 1.569587 1.611336 1.654575 1.699319 1.745641 1.793632 1.843304 1.894840 1.948200 2.003550 2.060975 2.120543 2.182382 2.246517 2.313197 2.382423 2.454396 2.529157 2.606895 2.687836 2.771967 2.859613 2.950824 3.045889 3.144918 3.248175 3.355834 3.468183 3.585404 3.707788 3.835669 3.969290 4.108931 4.254973 4.407769 4.567654 4.735114 4.910451 5.094210 5.286842 5.488863 5.700794 5.923188 6.156705 6.401845 6.659425 6.930087 7.214579 7.513648 7.828091 8.158723 8.506440 8.872104 9.256620 9.660664 10.085288 10.531209
1.400656 1.436521 1.473628 1.511936 1.551610 1.592568 1.634976 1.678884 1.724315 1.771308 1.820053 1.870465 1.922756 1.976939 2.033187 2.091430 2.151893 2.214628 2.279704 2.347387 2.417625 2.490573 2.566453 2.645315 2.727298 2.812648 2.901477 2.993954 3.090250 3.190609 3.295152 3.404237 3.517924 3.636597 3.760437 3.889768 4.024899 4.166065 4.313643 4.467963 4.629362 4.798310 4.975145 5.160344 5.354324 5.557612 5.770745 5.994154 6.228565 6.474405 6.732365 7.003139 7.287251 7.585552 7.898562 8.227200 8.572089 8.933913 9.313303 9.711005 10.127619
1.385307 1.420548 1.456956 1.494630 1.533529 1.573750 1.615328 1.658367 1.702900 1.749015 1.796675 1.846097 1.897304 1.950369 2.005301 2.062269 2.121372 2.182684 2.246288 2.312307 2.380844 2.452023 2.525942 2.602839 2.682724 2.765818 2.852231 2.942175 3.035770 3.133246 3.234775 3.340563 3.450825 3.565798 3.685710 3.810866 3.941460 4.077844 4.220260 4.369085 4.524627 4.687243 4.857292 5.035236 5.221434 5.416243 5.620342 5.833992 6.057827 6.292313 6.538024 6.795466 7.065241 7.347945 7.644142 7.954476 8.279525 8.619679 8.975743 9.348065 9.737037
1.369943 1.404521 1.440257 1.477206 1.515407 1.554867 1.595645 1.637843 1.681509 1.726639 1.773386 1.821739 1.871845 1.923677 1.977456 2.033151 2.090882 2.150774 2.212871 2.277285 2.344165 2.413548 2.485629 2.560521 2.638310 2.719130 2.803182 2.890606 2.981514 3.076185 3.174721 3.277265 3.384111 3.495475 3.611509 3.732498 3.858722 3.990362 4.127760 4.271226 4.420965 4.577412 4.740884 4.911682 5.090233 5.276888 5.472182 5.676389 5.890021 6.113482 6.347296 6.591976 6.847980 7.115691 7.395771 7.688602 7.994740 8.314580 8.648486 8.996866 9.359876
1.354455 1.388483 1.423544 1.459783 1.497237 1.535937 1.575918 1.617294 1.659996 1.704224 1.749989 1.797345 1.846321 1.897096 1.949596 2.004054 2.060454 2.118906 2.179553 2.242378 2.307570 2.375216 2.445396 2.518321 2.594038 2.672645 2.754377 2.839311 2.927590 3.019440 3.115020 3.214407 3.317928 3.425680 3.537901 3.654838 3.776728 3.903757 4.036212 4.174413 4.318554 4.468959 4.625985 4.789867 4.961010 5.139771 5.326474 5.521478 5.725263 5.938143 6.160536 6.392901 6.635598 6.889088 7.153715 7.429977 7.718147 8.018636 8.331689 8.657593 8.996482
1.338991 1.372379 1.406788 1.442305 1.479077 1.516969 1.556221 1.596703 1.638559 1.681853 1.726658 1.772960 1.820881 1.870458 1.921817 1.974992 2.030075 2.087101 2.146251 2.207585 2.271057 2.337013 2.405389 2.476320 2.549968 2.626426 2.705812 2.788325 2.874045 2.963110 3.055718 3.152039 3.252234 3.356487 3.464975 3.578002 3.695586 3.818117 3.945753 4.078786 4.217411 4.361994 4.512679 4.669854 4.833823 5.004834 5.183271 5.369478 5.563697 5.766325 5.977738 6.198310 6.428338 6.668197 6.918166 7.178607 7.449812 7.732045 8.025473 8.330343 8.646606
1.323538 1.356259 1.389980 1.424863 1.460891 1.498042 1.536451 1.576106 1.617124 1.659503 1.703278 1.748575 1.795426 1.843916 1.894047 1.945986 1.999781 2.055435 2.113119 2.172864 2.234805 2.298938 2.365522 2.434510 2.506151 2.580439 2.657602 2.737623 2.820818 2.907192 2.996936 3.090221 3.187158 3.287979 3.392847 3.501888 3.615399 3.733487 3.856433 3.984448 4.117746 4.256577 4.401181 4.551815 4.708775 4.872374 5.042838 5.220405 5.405505 5.598352 5.799212 6.008454 6.226398 6.453202 6.689288 6.934720 7.189913 7.454978 7.730021 8.015174 8.310354
1.307980 1.340081 1.373230 1.407389 1.442688 1.479074 1.516696 1.555553 1.595650 1.637134 1.679975 1.724226 1.770065 1.817430 1.866407 1.917089 1.969558 2.023858 2.080053 2.138267 2.198632 2.261118 2.325867 2.393013 2.462609 2.534767 2.609672 2.687417 2.768023 2.851749 2.938646 3.028944 3.122750 3.220161 3.321427 3.426725 3.536108 3.649931 3.768326 3.891434 4.019557 4.152822 4.291507 4.435815 4.586061 4.742398 4.905133 5.074559 5.250742 5.434171 5.624978 5.823457 6.029831 6.244294 6.467110 6.698438 6.938477 7.187414 7.445155 7.711866 7.987497
1.292475 1.323945 1.356441 1.389893 1.424512 1.460162 1.497001 1.535016 1.574259 1.614801 1.656705 1.700019 1.744744 1.791005 1.838854 1.888291 1.939463 1.992423 2.047174 2.103888 2.162633 2.223468 2.286483 2.351706 2.419364 2.489518 2.562112 2.637553 2.715680 2.796844 2.880964 2.968290 3.059004 3.153134 3.250912 3.352442 3.457942 3.567579 3.681481 3.799849 3.922866 4.050750 4.183702 4.321958 4.465682 4.615016 4.770391 4.931869 5.099657 5.274017 5.455191 5.643367 5.838710 6.041426 6.251711 6.469713 6.695533 6.929163 7.170841 7.420278 7.677722
1.276953 1.307814 1.339645 1.372465 1.406306 1.441296 1.477306 1.514493 1.552899 1.592586 1.633546 1.675816 1.719538 1.764670 1.811363 1.859634 1.909496 1.961108 2.014509 2.069740 2.126885 2.186051 2.247303 2.310796 2.376459 2.444525 2.515047 2.588134 2.663885 2.742425 2.823908 2.908366 2.995983 3.086969 3.181294 3.279202 3.380889 3.486391 3.595984 3.709711 3.827884 3.950527 4.077928 4.210306 4.347675 4.490409 4.638626 4.792426 4.952179 5.117874 5.289875 5.468232 5.653165 5.844769 6.043220 6.248615 6.460943 6.680400 6.906857 7.140378 7.380799
1.261461 1.291661 1.322891 1.355028 1.388180 1.422413 1.457645 1.494061 1.531637 1.570370 1.610394 1.651682 1.694410 1.738486 1.783998 1.831126 1.879771 1.930037 1.982026 2.035819 2.091397 2.148953 2.208477 2.270097 2.333934 2.400038 2.468401 2.539250 2.612617 2.688641 2.767457 2.849142 2.933834 3.021608 3.112613 3.207048 3.304919 3.406504 3.511857 3.621140 3.734525 3.852187 3.974273 4.100835 4.232237 4.368492 4.509837 4.656400 4.808356 4.965893 5.129042 5.298088 5.473134 5.654165 5.841434 6.034920 6.234744 6.440784 6.653116 6.871696 7.096324
1.245956 1.275609 1.306172 1.337677 1.370129 1.403569 1.438102 1.473649 1.510426 1.548290 1.587359 1.627746 1.669389 1.712433 1.756878 1.802736 1.850126 1.899124 1.949732 2.002093 2.056185 2.112102 2.169972 2.229857 2.291788 2.355869 2.422184 2.490813 2.561869 2.635504 2.711753 2.790631 2.872434 2.957216 3.045041 3.135891 3.230232 3.327909 3.429185 3.534158 3.642993 3.755742 3.872595 3.993744 4.119255 4.249365 4.384152 4.523763 4.668288 4.817894 4.972804 5.132963 5.298586 5.469691 5.646363 5.828731 6.016693 6.210227 6.409365 6.614046 6.824036
1.230531 1.259544 1.289479 1.320302 1.352055 1.384829 1.418553 1.453374 1.489281 1.526292 1.564452 1.603834 1.644527 1.686511 1.729798 1.774540 1.820739 1.868461 1.917729 1.968611 2.021262 2.075637 2.131859 2.189968 2.250046 2.312192 2.376493 2.442995 2.511835 2.583064 2.656720 2.733036 2.811907 2.893675 2.978299 3.066001 3.156727 3.250696 3.347983 3.448785 3.553148 3.661211 3.773137 3.889016 4.008923 4.133068 4.261611 4.394496 4.531985 4.674175 4.821085 4.972881 5.129603 5.291286 5.457969 5.629750 5.806656 5.988469 6.175357 6.367055 6.563457
1.215109 1.243532 1.272812 1.303002 1.334070 1.366129 1.399123 1.433121 1.468224 1.504377 1.541685 1.580108 1.619834 1.660717 1.702960 1.746584 1.791492 1.837990 1.885920 1.935455 1.986620 2.039459 2.094082 2.150438 2.208762 2.269076 2.331300 2.395766 2.462325 2.531179 2.602434 2.676135 2.752313 2.831169 2.912740 2.997144 3.084480 3.174824 3.268295 3.365093 3.465116 3.568705 3.675797 3.786591 3.901147 4.019628 4.142081 4.268659 4.399430 4.534426 4.673783 4.817643 4.965888 5.118625 5.276073 5.437957 5.604395 5.775338 5.950716 6.130264 6.314044
