T2-onemodel/GL11.grd
DSAA
         100         100
  -20.00000       20.00000    
  -20.00000       20.00000    
 -2.8458141E-02   1.171817    
[rows 72 to 95 of 100, columns 0 to 53 of 100]
1.4279010E-02 1.5651233E-02 1.7147966E-02 1.8780667E-02 2.0560956E-02 2.2500936E-02 2.4612295E-02 2.6906556E-02 2.9393895E-02 3.2083321E-02 3.4981292E-02 3.8091935E-02 4.1415576E-02 4.4949111E-02 4.8684664E-02 5.2610267E-02 5.6708712E-02 6.0958769E-02 6.5334074E-02 6.9805011E-02 7.4337594E-02 7.8896031E-02 8.3441399E-02 8.7934926E-02 9.2336252E-02 9.6607856E-02 0.1007125 0.1046203 0.1082928 0.1116988 0.1148217 0.1176367 0.1201298 0.1222816 0.1240817 0.1255137 0.1265682 0.1272298 0.1274895 0.1273327 0.1267521 0.1257365 0.1242846 0.1223944 0.1200776 0.1173483 0.1142381 0.1107767 0.1070197 0.1030298 9.8857000E-02 9.4566017E-02 9.0211160E-02 8.5846379E-02
1.4338363E-02 1.5614212E-02 1.7000267E-02 1.8505523E-02 2.0139517E-02 2.1911429E-02 2.3830494E-02 2.5904987E-02 2.8142558E-02 3.0549020E-02 3.3128701E-02 3.5883106E-02 3.8811438E-02 4.1909181E-02 4.5168940E-02 4.8579078E-02 5.2124929E-02 5.5787541E-02 5.9545320E-02 6.3372850E-02 6.7243025E-02 7.1125731E-02 7.4990548E-02 7.8805074E-02 8.2538307E-02 8.6157985E-02 8.9634657E-02 9.2936181E-02 9.6043639E-02 9.8937012E-02 0.1015890 0.1039850 0.1061057 0.1079400 0.1094721 0.1106932 0.1115893 0.1121532 0.1123723 0.1122410 0.1117493 0.1108957 0.1096759 0.1080962 0.1061626 0.1038943 0.1013113 9.8452456E-02 9.5347844E-02 9.2033431E-02 8.8562906E-02 8.4978148E-02 8.1326351E-02 7.7647127E-02
1.4314012E-02 1.5498660E-02 1.6780388E-02 1.8166667E-02 1.9664781E-02 2.1282099E-02 2.3025354E-02 2.4900904E-02 2.6913874E-02 2.9068379E-02 3.1366516E-02 3.3808786E-02 3.6392942E-02 3.9114609E-02 4.1966170E-02 4.4937607E-02 4.8015509E-02 5.1184226E-02 5.4424927E-02 5.7717130E-02 6.1037697E-02 6.4362824E-02 6.7666717E-02 7.0924215E-02 7.4108928E-02 7.7196695E-02 8.0163069E-02 8.2989037E-02 8.5647240E-02 8.8115431E-02 9.0382315E-02 9.2428721E-02 9.4243936E-02 9.5812127E-02 9.7124986E-02 9.8169148E-02 9.8938093E-02 9.9420398E-02 9.9611342E-02 9.9501804E-02 9.9089950E-02 9.8370589E-02 9.7347125E-02 9.6020959E-02 9.4403937E-02 9.2506632E-02 9.0351425E-02 8.7955087E-02 8.5353367E-02 8.2584538E-02 7.9675853E-02 7.6666668E-02 7.3589332E-02 7.0477858E-02
1.4223630E-02 1.5322263E-02 1.6506489E-02 1.7782047E-02 1.9154891E-02 2.0630423E-02 2.2213962E-02 2.3909839E-02 2.5721852E-02 2.7652264E-02 2.9702285E-02 3.1871062E-02 3.4156241E-02 3.6552936E-02 3.9054502E-02 4.1651499E-02 4.4332769E-02 4.7084387E-02 4.9891070E-02 5.2735053E-02 5.5597890E-02 5.8459118E-02 6.1298508E-02 6.4094327E-02 6.6826157E-02 6.9472231E-02 7.2012834E-02 7.4425377E-02 7.6697864E-02 7.8816317E-02 8.0760077E-02 8.2518645E-02 8.4076621E-02 8.5425876E-02 8.6553544E-02 8.7453403E-02 8.8114686E-02 8.8533022E-02 8.8699780E-02 8.8612929E-02 8.8266805E-02 8.7663084E-02 8.6800598E-02 8.5686736E-02 8.4326692E-02 8.2735449E-02 8.0925912E-02 7.8924902E-02 7.6749139E-02 7.4419312E-02 7.1969725E-02 6.9424957E-02 6.6814698E-02 6.4164065E-02
1.4081283E-02 1.5099413E-02 1.6192706E-02 1.7365929E-02 1.8623482E-02 1.9969739E-02 2.1408366E-02 2.2942698E-02 2.4574988E-02 2.6306743E-02 2.8137961E-02 3.0067557E-02 3.2092534E-02 3.4208558E-02 3.6409102E-02 3.8686261E-02 4.1029848E-02 4.3428503E-02 4.5868743E-02 4.8336301E-02 5.0815098E-02 5.3288970E-02 5.5740252E-02 5.8152050E-02 6.0506329E-02 6.2786885E-02 6.4976901E-02 6.7063846E-02 6.9027372E-02 7.0851348E-02 7.2528183E-02 7.4043185E-02 7.5388603E-02 7.6551944E-02 7.7527262E-02 7.8304134E-02 7.8878373E-02 7.9241574E-02 7.9391576E-02 7.9322353E-02 7.9034507E-02 7.8525364E-02 7.7799536E-02 7.6858811E-02 7.5713187E-02 7.4369863E-02 7.2844818E-02 7.1147218E-02 6.9301479E-02 6.7332447E-02 6.5255389E-02 6.3095622E-02 6.0873207E-02 5.8610253E-02
1.3899126E-02 1.4842005E-02 1.5851038E-02 1.6929766E-02 1.8081816E-02 1.9310240E-02 2.0617954E-02 2.2007018E-02 2.3479059E-02 2.5034510E-02 2.6673123E-02 2.8393103E-02 3.0191747E-02 3.2064568E-02 3.4006067E-02 3.6008801E-02 3.8064435E-02 4.0162742E-02 4.2292822E-02 4.4442080E-02 4.6597712E-02 4.8745461E-02 5.0871480E-02 5.2960705E-02 5.4999191E-02 5.6971699E-02 5.8864538E-02 6.0661189E-02 6.2354080E-02 6.3933372E-02 6.5383203E-02 6.6696137E-02 6.7860223E-02 6.8869717E-02 6.9714539E-02 7.0390582E-02 7.0889615E-02 7.1209282E-02 7.1343385E-02 7.1291760E-02 7.1050793E-02 7.0623286E-02 7.0008919E-02 6.9214374E-02 6.8243377E-02 6.7107350E-02 6.5814413E-02 6.4383954E-02 6.2825106E-02 6.1150163E-02 5.9382349E-02 5.7536583E-02 5.5632412E-02 5.3686235E-02
1.3686614E-02 1.4559590E-02 1.5490561E-02 1.6482497E-02 1.7537970E-02 1.8659467E-02 1.9848835E-02 2.1107649E-02 2.2436600E-02 2.3835883E-02 2.5304548E-02 2.6840951E-02 2.8442070E-02 3.0104088E-02 3.1821664E-02 3.3588678E-02 3.5397429E-02 3.7239641E-02 3.9105527E-02 4.0984984E-02 4.2866603E-02 4.4739150E-02 4.6590190E-02 4.8408046E-02 5.0179992E-02 5.1894829E-02 5.3540636E-02 5.5109043E-02 5.6584556E-02 5.7955183E-02 5.9216052E-02 6.0355857E-02 6.1369196E-02 6.2246345E-02 6.2983297E-02 6.3571982E-02 6.4009905E-02 6.4290762E-02 6.4413860E-02 6.4374954E-02 6.4175643E-02 6.3814223E-02 6.3295178E-02 6.2619850E-02 6.1796274E-02 6.0828999E-02 5.9729695E-02 5.8502968E-02 5.7166345E-02 5.5736762E-02 5.4222748E-02 5.2641440E-02 5.1005658E-02 4.9330205E-02
1.3451992E-02 1.4259993E-02 1.5119022E-02 1.6031185E-02 1.6998637E-02 1.8022973E-02 1.9105677E-02 2.0247512E-02 2.1448957E-02 2.2709552E-02 2.4028415E-02 2.5403494E-02 2.6832225E-02 2.8310729E-02 2.9834602E-02 3.1398062E-02 3.2994855E-02 3.4617376E-02 3.6257777E-02 3.7906934E-02 3.9555803E-02 4.1194204E-02 4.2812433E-02 4.4399746E-02 4.5946378E-02 4.7441334E-02 4.8874885E-02 5.0234661E-02 5.1516004E-02 5.2711941E-02 5.3810120E-02 5.4805443E-02 5.5688597E-02 5.6455713E-02 5.7098951E-02 5.7615723E-02 5.7999700E-02 5.8249783E-02 5.8361385E-02 5.8335230E-02 5.8168698E-02 5.7864774E-02 5.7423189E-02 5.6849614E-02 5.6146353E-02 5.5322155E-02 5.4382030E-02 5.3340510E-02 5.2202288E-02 5.0974745E-02 4.9674399E-02 4.8310518E-02 4.6896432E-02 4.5443173E-02
1.3201481E-02 1.3949417E-02 1.4742063E-02 1.5581231E-02 1.6468320E-02 1.7404662E-02 1.8391037E-02 1.9428046E-02 2.0515567E-02 2.1653159E-02 2.2839502E-02 2.4072869E-02 2.5350494E-02 2.6669186E-02 2.8024647E-02 2.9412160E-02 3.0825874E-02 3.2259673E-02 3.3706337E-02 3.5158623E-02 3.6608256E-02 3.8047247E-02 3.9466634E-02 4.0858164E-02 4.2212620E-02 4.3522131E-02 4.4778056E-02 4.5974836E-02 4.7100354E-02 4.8145600E-02 4.9107619E-02 4.9977660E-02 5.0752100E-02 5.1423337E-02 5.1988810E-02 5.2442215E-02 5.2782245E-02 5.3004008E-02 5.3107694E-02 5.3090043E-02 5.2952994E-02 5.2695159E-02 5.2320570E-02 5.1829889E-02 5.1229544E-02 5.0522208E-02 4.9716622E-02 4.8814561E-02 4.7829203E-02 4.6772499E-02 4.5649119E-02 4.4471093E-02 4.3246847E-02 4.1986540E-02
1.2940551E-02 1.3632863E-02 1.4364537E-02 1.5136766E-02 1.5950751E-02 1.6807215E-02 1.7706828E-02 1.8649632E-02 1.9635525E-02 2.0663640E-02 2.1732857E-02 2.2841200E-02 2.3986397E-02 2.5165223E-02 2.6374174E-02 2.7608734E-02 2.8864181E-02 3.0134803E-02 3.1414855E-02 3.2697625E-02 3.3976600E-02 3.5244331E-02 3.6493905E-02 3.7717450E-02 3.8908042E-02 4.0057547E-02 4.1158967E-02 4.2202771E-02 4.3186326E-02 4.4104684E-02 4.4948094E-02 4.5713142E-02 4.6392549E-02 4.6983805E-02 4.7480728E-02 4.7881864E-02 4.8182238E-02 4.8381582E-02 4.8476286E-02 4.8467502E-02 4.8353106E-02 4.8135929E-02 4.7815483E-02 4.7396503E-02 4.6880223E-02 4.6273429E-02 4.5579046E-02 4.4808377E-02 4.3963395E-02 4.3048546E-02 4.2076048E-02 4.1051723E-02 3.9984949E-02 3.8883336E-02
1.2673202E-02 1.3314251E-02 1.3989788E-02 1.4700868E-02 1.5448174E-02 1.6232345E-02 1.7053565E-02 1.7911892E-02 1.8806798E-02 1.9737581E-02 2.0702831E-02 2.1700939E-02 2.2729501E-02 2.3785910E-02 2.4866695E-02 2.5968220E-02 2.7085986E-02 2.8215455E-02 2.9351208E-02 3.0487956E-02 3.1619571E-02 3.2740280E-02 3.3843484E-02 3.4923255E-02 3.5972789E-02 3.6986481E-02 3.7957959E-02 3.8883563E-02 3.9753646E-02 4.0561352E-02 4.1305102E-02 4.1978039E-02 4.2577814E-02 4.3098439E-02 4.3538384E-02 4.3892663E-02 4.4160750E-02 4.4338770E-02 4.4427358E-02 4.4423863E-02 4.4330269E-02 4.4145279E-02 4.3872360E-02 4.3511659E-02 4.3068312E-02 4.2543717E-02 4.1944545E-02 4.1270871E-02 4.0532932E-02 3.9739508E-02 3.8892895E-02 3.8001843E-02 3.7071999E-02 3.6110498E-02
1.2403049E-02 1.2996712E-02 1.3620773E-02 1.4275831E-02 1.4962518E-02 1.5681051E-02 1.6431618E-02 1.7213896E-02 1.8027477E-02 1.8871360E-02 1.9744420E-02 2.0644857E-02 2.1570740E-02 2.2519410E-02 2.3488076E-02 2.4473203E-02 2.5471201E-02 2.6477722E-02 2.7488511E-02 2.8498510E-02 2.9502971E-02 3.0496344E-02 3.1473622E-02 3.2428950E-02 3.3357318E-02 3.4252621E-02 3.5109729E-02 3.5921186E-02 3.6685724E-02 3.7399884E-02 3.8055822E-02 3.8651332E-02 3.9180636E-02 3.9642230E-02 4.0031191E-02 4.0346824E-02 4.0585138E-02 4.0746387E-02 4.0827587E-02 4.0830079E-02 4.0752005E-02 4.0595934E-02 4.0361170E-02 4.0051650E-02 3.9667796E-02 3.9215017E-02 3.8694840E-02 3.8116325E-02 3.7479784E-02 3.6787834E-02 3.6049806E-02 3.5269365E-02 3.4453284E-02 3.3606965E-02
1.2132597E-02 1.2682658E-02 1.3259361E-02 1.3863283E-02 1.4494673E-02 1.5153774E-02 1.5840415E-02 1.6554374E-02 1.7294953E-02 1.8061362E-02 1.8852273E-02 1.9666255E-02 2.0501256E-02 2.1355154E-02 2.2225158E-02 2.3108458E-02 2.4001567E-02 2.4901057E-02 2.5802804E-02 2.6702890E-02 2.7596693E-02 2.8480001E-02 2.9347857E-02 3.0195951E-02 3.1019166E-02 3.1813476E-02 3.2574091E-02 3.3298727E-02 3.3979543E-02 3.4611251E-02 3.5193220E-02 3.5719983E-02 3.6190145E-02 3.6598906E-02 3.6945488E-02 3.7225872E-02 3.7440032E-02 3.7584804E-02 3.7661072E-02 3.7666567E-02 3.7603188E-02 3.7469670E-02 3.7268993E-02 3.7000865E-02 3.6669467E-02 3.6275305E-02 3.5823647E-02 3.5313468E-02 3.4753036E-02 3.4148946E-02 3.3502035E-02 3.2818884E-02 3.2103341E-02 3.1360481E-02
1.1864147E-02 1.2373946E-02 1.2907261E-02 1.3464337E-02 1.4045452E-02 1.4650525E-02 1.5279469E-02 1.5931787E-02 1.6606953E-02 1.7303968E-02 1.8021785E-02 1.8758824E-02 1.9513462E-02 2.0283502E-02 2.1066751E-02 2.1860415E-02 2.2661744E-02 2.3467371E-02 2.4274092E-02 2.5078068E-02 2.5875779E-02 2.6663030E-02 2.7436139E-02 2.8190672E-02 2.8922975E-02 2.9628377E-02 3.0303091E-02 3.0941194E-02 3.1542350E-02 3.2104142E-02 3.2620151E-02 3.3089053E-02 3.3506200E-02 3.3870809E-02 3.4178887E-02 3.4430258E-02 3.4621645E-02 3.4753595E-02 3.4823596E-02 3.4833029E-02 3.4780212E-02 3.4667443E-02 3.4493845E-02 3.4262709E-02 3.3973929E-02 3.3631857E-02 3.3237137E-02 3.2797243E-02 3.2311413E-02 3.1781107E-02 3.1213682E-02 3.0611414E-02 2.9979289E-02 2.9321216E-02
1.1599183E-02 1.2071964E-02 1.2565375E-02 1.3079689E-02 1.3614895E-02 1.4170991E-02 1.4747629E-02 1.5344459E-02 1.5960738E-02 1.6595701E-02 1.7248129E-02 1.7916786E-02 1.8599940E-02 1.9295879E-02 2.0002365E-02 2.0717204E-02 2.1437645E-02 2.2161081E-02 2.2884335E-02 2.3604468E-02 2.4317959E-02 2.5021678E-02 2.5711838E-02 2.6385285E-02 2.7038096E-02 2.7667370E-02 2.8269503E-02 2.8843123E-02 2.9381756E-02 2.9881258E-02 3.0341657E-02 3.0758560E-02 3.1131228E-02 3.1455755E-02 3.1731896E-02 3.1956315E-02 3.2129340E-02 3.2248307E-02 3.2314222E-02 3.2325100E-02 3.2282721E-02 3.2185797E-02 3.2036919E-02 3.1835474E-02 3.1584930E-02 3.1285211E-02 3.0940577E-02 3.0549329E-02 3.0118292E-02 2.9652592E-02 2.9152166E-02 2.8622055E-02 2.8064912E-02 2.7484411E-02
1.1339191E-02 1.1777805E-02 1.2234656E-02 1.2709766E-02 1.3203191E-02 1.3714687E-02 1.4244032E-02 1.4790676E-02 1.5354061E-02 1.5933240E-02 1.6527280E-02 1.7134814E-02 1.7754501E-02 1.8384546E-02 1.9023208E-02 1.9668244E-02 2.0317536E-02 2.0968445E-02 2.1618554E-02 2.2264894E-02 2.2904828E-02 2.3535129E-02 2.4153065E-02 2.4755234E-02 2.5338946E-02 2.5900578E-02 2.6437324E-02 2.6944367E-02 2.7422026E-02 2.7868619E-02 2.8278839E-02 2.8651977E-02 2.8984245E-02 2.9275339E-02 2.9521976E-02 2.9724326E-02 2.9879633E-02 2.9988635E-02 3.0049166E-02 3.0062592E-02 3.0027324E-02 2.9945424E-02 2.9815899E-02 2.9641535E-02 2.9421858E-02 2.9160492E-02 2.8857445E-02 2.8519036E-02 2.8143851E-02 2.7732598E-02 2.7291225E-02 2.6821068E-02 2.6325887E-02 2.5808571E-02
1.1085003E-02 1.1492209E-02 1.1915411E-02 1.2354705E-02 1.2809921E-02 1.3280933E-02 1.3767313E-02 1.4268678E-02 1.4784286E-02 1.5313433E-02 1.5855029E-02 1.6408043E-02 1.6971022E-02 1.7542582E-02 1.8120900E-02 1.8704260E-02 1.9290477E-02 1.9877557E-02 2.0463010E-02 2.1044632E-02 2.1619666E-02 2.2185784E-02 2.2740051E-02 2.3280140E-02 2.3803005E-02 2.4306571E-02 2.4788059E-02 2.5246764E-02 2.5677228E-02 2.6076181E-02 2.6444105E-02 2.6777415E-02 2.7075827E-02 2.7336122E-02 2.7558381E-02 2.7739821E-02 2.7880991E-02 2.7979594E-02 2.8036706E-02 2.8050538E-02 2.8022720E-02 2.7951982E-02 2.7840577E-02 2.7687708E-02 2.7496297E-02 2.7265873E-02 2.6999952E-02 2.6696442E-02 2.6361128E-02 2.5998058E-02 2.5606606E-02 2.5190745E-02 2.4752298E-02 2.4293955E-02
1.0837480E-02 1.1215677E-02 1.1608039E-02 1.2014455E-02 1.2434863E-02 1.2868940E-02 1.3316412E-02 1.3776708E-02 1.4249290E-02 1.4733299E-02 1.5227928E-02 1.5732009E-02 1.6244445E-02 1.6763745E-02 1.7288521E-02 1.7816970E-02 1.8347451E-02 1.8877879E-02 1.9406406E-02 1.9930702E-02 2.0448778E-02 2.0958120E-02 2.1456685E-02 2.1941829E-02 2.2411566E-02 2.2863045E-02 2.3294155E-02 2.3700919E-02 2.4084100E-02 2.4442570E-02 2.4771869E-02 2.5071710E-02 2.5338951E-02 2.5573635E-02 2.5772989E-02 2.5937442E-02 2.6064634E-02 2.6155416E-02 2.6207859E-02 2.6223278E-02 2.6200188E-02 2.6140437E-02 2.6042955E-02 2.5910167E-02 2.5741337E-02 2.5539523E-02 2.5304349E-02 2.5041241E-02 2.4748394E-02 2.4426024E-02 2.4079034E-02 2.3708154E-02 2.3316255E-02 2.2905517E-02
1.0596987E-02 1.0948508E-02 1.1312456E-02 1.1688815E-02 1.2077339E-02 1.2477838E-02 1.2889870E-02 1.3313029E-02 1.3746626E-02 1.4190040E-02 1.4642326E-02 1.5102614E-02 1.5569684E-02 1.6042415E-02 1.6519319E-02 1.6999044E-02 1.7479850E-02 1.7960194E-02 1.8438105E-02 1.8911896E-02 1.9379407E-02 1.9838884E-02 2.0288035E-02 2.0725122E-02 2.1147761E-02 2.1554451E-02 2.1943038E-02 2.2313274E-02 2.2660516E-02 2.2982139E-02 2.3278929E-02 2.3547903E-02 2.3789100E-02 2.3999806E-02 2.4180358E-02 2.4328386E-02 2.4444574E-02 2.4526911E-02 2.4576474E-02 2.4591627E-02 2.4573890E-02 2.4522010E-02 2.4437988E-02 2.4320880E-02 2.4173206E-02 2.3994235E-02 2.3786936E-02 2.3548989E-02 2.3285393E-02 2.2999419E-02 2.2690086E-02 2.2360589E-02 2.2012189E-02 2.1646870E-02
1.0364057E-02 1.0690919E-02 1.1028809E-02 1.1377536E-02 1.1736979E-02 1.2106783E-02 1.2486649E-02 1.2876024E-02 1.3274430E-02 1.3681096E-02 1.4095344E-02 1.4516160E-02 1.4942649E-02 1.5373574E-02 1.5807832E-02 1.6243964E-02 1.6680690E-02 1.7116334E-02 1.7549483E-02 1.7978281E-02 1.8401222E-02 1.8816324E-02 1.9222060E-02 1.9616332E-02 1.9997679E-02 2.0363808E-02 2.0713134E-02 2.1042334E-02 2.1352470E-02 2.1642806E-02 2.1909520E-02 2.2152627E-02 2.2369483E-02 2.2560371E-02 2.2722943E-02 2.2857765E-02 2.2962790E-02 2.3038911E-02 2.3084391E-02 2.3100510E-02 2.3085853E-02 2.3042109E-02 2.2968158E-02 2.2866117E-02 2.2735108E-02 2.2577761E-02 2.2393430E-02 2.2186875E-02 2.1956051E-02 2.1700846E-02 2.1425404E-02 2.1130025E-02 2.0816952E-02 2.0487862E-02
1.0138760E-02 1.0442941E-02 1.0756791E-02 1.1080235E-02 1.1412988E-02 1.1754836E-02 1.2105327E-02 1.2464100E-02 1.2830521E-02 1.3204055E-02 1.3583875E-02 1.3969256E-02 1.4359167E-02 1.4752713E-02 1.5148670E-02 1.5545976E-02 1.5943211E-02 1.6339185E-02 1.6732315E-02 1.7121311E-02 1.7504463E-02 1.7880447E-02 1.8247427E-02 1.8604128E-02 1.8948631E-02 1.9279873E-02 1.9596167E-02 1.9897602E-02 2.0180155E-02 2.0441681E-02 2.0683164E-02 2.0902082E-02 2.1098716E-02 2.1270754E-02 2.1418687E-02 2.1540461E-02 2.1636829E-02 2.1706009E-02 2.1749074E-02 2.1764517E-02 2.1753764E-02 2.1715563E-02 2.1651711E-02 2.1561202E-02 2.1446228E-02 2.1305894E-02 2.1142747E-02 2.0954357E-02 2.0745123E-02 2.0517744E-02 2.0271013E-02 2.0007558E-02 1.9728256E-02 1.9434569E-02
9.9213384E-03 1.0204529E-02 1.0496314E-02 1.0796473E-02 1.1104847E-02 1.1421075E-02 1.1744869E-02 1.2075723E-02 1.2413209E-02 1.2756646E-02 1.3105446E-02 1.3458765E-02 1.3815858E-02 1.4175707E-02 1.4537425E-02 1.4899823E-02 1.5261885E-02 1.5622269E-02 1.5979875E-02 1.6333226E-02 1.6681174E-02 1.7022135E-02 1.7354954E-02 1.7677952E-02 1.7990042E-02 1.8289382E-02 1.8574772E-02 1.8843396E-02 1.9096486E-02 1.9333588E-02 1.9551400E-02 1.9750154E-02 1.9927589E-02 2.0084156E-02 2.0217812E-02 2.0329215E-02 2.0416558E-02 2.0480759E-02 2.0520261E-02 2.0536272E-02 2.0527450E-02 2.0495335E-02 2.0438800E-02 2.0359736E-02 2.0257154E-02 2.0133359E-02 1.9987531E-02 1.9823914E-02 1.9640326E-02 1.9436456E-02 1.9215848E-02 1.8978531E-02 1.8726273E-02 1.8460371E-02
9.7116660E-03 9.9755367E-03 1.0246943E-02 1.0525769E-02 1.0811723E-02 1.1104588E-02 1.1403945E-02 1.1709455E-02 1.2020560E-02 1.2336788E-02 1.2657427E-02 1.2981880E-02 1.3309278E-02 1.3638901E-02 1.3969729E-02 1.4300924E-02 1.4631328E-02 1.4960012E-02 1.5285704E-02 1.5607415E-02 1.5923759E-02 1.6233737E-02 1.6535873E-02 1.6829200E-02 1.7112197E-02 1.7384116E-02 1.7643617E-02 1.7891014E-02 1.8122761E-02 1.8337104E-02 1.8535158E-02 1.8714765E-02 1.8876357E-02 1.9017931E-02 1.9140080E-02 1.9240990E-02 1.9321470E-02 1.9379918E-02 1.9417396E-02 1.9432489E-02 1.9426532E-02 1.9398311E-02 1.9349456E-02 1.9278912E-02 1.9188624E-02 1.9077595E-02 1.8948061E-02 1.8797547E-02 1.8629976E-02 1.8447610E-02 1.8249132E-02 1.8036725E-02 1.7810978E-02 1.7572982E-02
9.5098792E-03 9.7558489E-03 1.0008529E-02 1.0267678E-02 1.0533130E-02 1.0804539E-02 1.1081641E-02 1.1363968E-02 1.1651151E-02 1.1942584E-02 1.2237785E-02 1.2536027E-02 1.2836707E-02 1.3138960E-02 1.3442092E-02 1.3745109E-02 1.4047224E-02 1.4347341E-02 1.4644610E-02 1.4937833E-02 1.5226131E-02 1.5508210E-02 1.5783209E-02 1.6049773E-02 1.6307108E-02 1.6553693E-02 1.6788622E-02 1.7009448E-02 1.7217549E-02 1.7412668E-02 1.7591914E-02 1.7755667E-02 1.7901966E-02 1.8031349E-02 1.8142035E-02 1.8234745E-02 1.8307857E-02 1.8362312E-02 1.8396659E-02 1.8412057E-02 1.8407248E-02 1.8383641E-02 1.8340118E-02 1.8278370E-02 1.8197356E-02 1.8099131E-02 1.7982777E-02 1.7852107E-02 1.7704887E-02 1.7540667E-02 1.7362535E-02 1.7170316E-02 1.6965432E-02 1.6748909E-02
