T2-onemodel/GL11.grd
DSAA
         100         100
  -20.00000       20.00000    
  -20.00000       20.00000    
  -2.449485       107.4603    
[rows 0 to 26 of 100, columns 0 to 60 of 100]
0.7589784 0.7695052 0.7802808 0.7913012 0.8025659 0.8140650 0.8257939 0.8377424 0.8499064 0.8622712 0.8748285 0.8875594 0.9004530 0.9134883 0.9266518 0.9399182 0.9532710 0.9666806 0.9801279 0.9935788 1.007013 1.020391 1.033691 1.046869 1.059901 1.072737 1.085357 1.097704 1.109758 1.121454 1.132771 1.143593 1.153993 1.163947 1.173340 1.182184 1.190388 1.197978 1.204855 1.211061 1.216489 1.221200 1.225079 1.228205 1.230455 1.231931 1.232490 1.232252 1.230998 1.229032 1.226227 1.222687 1.218307 1.213037 1.207018 1.200194 1.192680 1.184410 1.175517 1.165929 1.155796
0.7670568 0.7782167 0.7896510 0.8013604 0.8133370 0.8255776 0.8380733 0.8508215 0.8638087 0.8770278 0.8904614 0.9040997 0.9179224 0.9319172 0.9460593 0.9603325 0.9747079 0.9891658 1.003673 1.018207 1.032729 1.047216 1.061621 1.075920 1.090062 1.104019 1.117737 1.131191 1.144317 1.157099 1.169473 1.181474 1.192942 1.203816 1.214134 1.223802 1.232839 1.241141 1.248742 1.255532 1.261561 1.266713 1.271056 1.274466 1.277035 1.278628 1.279373 1.279133 1.278129 1.276051 1.273042 1.269013 1.264102 1.258392 1.251784 1.244383 1.236131 1.227154 1.217387 1.206978 1.195854
0.7753592 0.7871926 0.7993333 0.8117744 0.8245147 0.8375474 0.8508707 0.8644738 0.8783503 0.8924850 0.9068689 0.9214835 0.9363172 0.9513466 0.9665565 0.9819184 0.9974133 1.013008 1.028679 1.044390 1.060113 1.075805 1.091435 1.106954 1.122330 1.137508 1.152456 1.167111 1.181444 1.195379 1.208886 1.221837 1.234300 1.246243 1.257535 1.268183 1.278082 1.287253 1.295586 1.303116 1.309726 1.315473 1.320231 1.324078 1.326879 1.328741 1.329510 1.329310 1.327908 1.325628 1.322334 1.318138 1.312931 1.306665 1.299492 1.291358 1.282386 1.272517 1.261895 1.250453 1.238356
0.7838721 0.7964270 0.8093167 0.8225418 0.8360975 0.8499839 0.8641918 0.8787171 0.8935463 0.9086720 0.9240778 0.9397532 0.9556767 0.9718341 0.9881981 1.004751 1.021459 1.038301 1.055238 1.072245 1.089275 1.106299 1.123264 1.140138 1.156862 1.173401 1.189690 1.205696 1.221343 1.236607 1.251414 1.265789 1.279556 1.292643 1.305080 1.316759 1.327692 1.337762 1.346995 1.355268 1.362626 1.368940 1.374276 1.378496 1.381695 1.383726 1.384720 1.384531 1.383392 1.380976 1.377432 1.372670 1.366838 1.360027 1.352136 1.343282 1.333408 1.322657 1.310967 1.298500 1.285187
0.7925956 0.8059146 0.8196059 0.8336667 0.8480997 0.8628977 0.8780585 0.8935707 0.9094297 0.9256206 0.9421350 0.9589537 0.9760639 0.9934398 1.011065 1.028907 1.046946 1.065145 1.083475 1.101892 1.120366 1.138843 1.157288 1.175643 1.193868 1.211896 1.229687 1.247167 1.264296 1.280986 1.297195 1.312778 1.327798 1.342210 1.355867 1.368766 1.380786 1.391940 1.402101 1.411299 1.419402 1.426461 1.432335 1.437103 1.440617 1.442984 1.444037 1.443908 1.442346 1.439696 1.435813 1.430818 1.424598 1.417108 1.408511 1.398757 1.387984 1.376138 1.363376 1.349639 1.335108
0.8015086 0.8156439 0.8301886 0.8451473 0.8605155 0.8762935 0.8924726 0.9090506 0.9260149 0.9433597 0.9610684 0.9791296 0.9975205 1.016226 1.035217 1.054472 1.073957 1.093645 1.113492 1.133466 1.153514 1.173601 1.193665 1.213667 1.233535 1.253227 1.272665 1.291804 1.310557 1.328885 1.346701 1.364020 1.380646 1.396491 1.411576 1.425775 1.439088 1.451381 1.462671 1.472820 1.481863 1.489654 1.496256 1.501519 1.505533 1.508138 1.509471 1.509374 1.508092 1.505275 1.501086 1.495430 1.488467 1.480296 1.470818 1.460162 1.448278 1.435323 1.421243 1.406218 1.390189
0.8106040 0.8256072 0.8410670 0.8569816 0.8733541 0.8901788 0.9074557 0.9251761 0.9433367 0.9619232 0.9809276 1.000330 1.020116 1.040261 1.060745 1.081536 1.102607 1.123917 1.145434 1.167107 1.188897 1.210746 1.232609 1.254416 1.276118 1.297637 1.318921 1.339880 1.360463 1.380564 1.400128 1.418988 1.437199 1.454700 1.471323 1.487050 1.501742 1.515400 1.527876 1.539191 1.549193 1.557926 1.565234 1.571190 1.575629 1.578662 1.580106 1.580097 1.578366 1.575279 1.570684 1.564710 1.557241 1.548236 1.537872 1.526106 1.513091 1.498779 1.483348 1.466749 1.449188
0.8198549 0.8357872 0.8522196 0.8691586 0.8866025 0.9045538 0.9230065 0.9419613 0.9614071 0.9813392 1.001741 1.022601 1.043898 1.065614 1.087720 1.110193 1.132991 1.156086 1.179426 1.202975 1.226674 1.250476 1.274312 1.298131 1.321850 1.345414 1.368730 1.391740 1.414339 1.436474 1.458038 1.479034 1.499238 1.518546 1.536962 1.554338 1.570661 1.585774 1.599679 1.612216 1.623410 1.633097 1.641331 1.647942 1.653020 1.656389 1.658186 1.658240 1.656810 1.653521 1.648549 1.641796 1.633436 1.623577 1.612124 1.599221 1.584825 1.569112 1.552042 1.533817 1.514390
0.8292460 0.8461642 0.8636380 0.8816687 0.9002632 0.9194193 0.9391405 0.9594202 0.9802570 1.001638 1.023557 1.045994 1.068937 1.092359 1.116239 1.140542 1.165237 1.190279 1.215632 1.241236 1.267047 1.292995 1.319026 1.345059 1.371032 1.396851 1.422450 1.447721 1.472596 1.496949 1.520706 1.543675 1.565896 1.587289 1.607657 1.626966 1.645051 1.661894 1.677324 1.691346 1.703786 1.714675 1.723837 1.731337 1.736993 1.740911 1.742892 1.743074 1.741171 1.737570 1.732110 1.724930 1.715912 1.705020 1.692449 1.678162 1.662333 1.644927 1.626146 1.605954 1.584583
0.8387368 0.8567085 0.8752897 0.8944911 0.9143147 0.9347680 0.9558486 0.9775596 0.9998925 1.022845 1.046402 1.070555 1.095283 1.120567 1.146377 1.172687 1.199452 1.226640 1.254195 1.282072 1.310204 1.338535 1.366984 1.395487 1.423948 1.452295 1.480419 1.508240 1.535635 1.562531 1.588797 1.614416 1.639135 1.662822 1.685462 1.706880 1.727039 1.745754 1.763008 1.778615 1.792583 1.804723 1.815077 1.823453 1.829932 1.834321 1.836756 1.837050 1.835476 1.831634 1.825710 1.817606 1.807508 1.795540 1.781609 1.765880 1.748322 1.729137 1.708296 1.686036 1.662324
0.8483009 0.8673914 0.8871583 0.9076080 0.9287526 0.9505942 0.9731407 0.9963886 1.020341 1.044987 1.070325 1.096336 1.123010 1.150319 1.178242 1.206740 1.235782 1.265318 1.295306 1.325679 1.356384 1.387341 1.418484 1.449716 1.480963 1.512110 1.543073 1.573722 1.603967 1.633657 1.662692 1.690851 1.718151 1.744485 1.769624 1.793505 1.815932 1.836862 1.856094 1.873610 1.889207 1.902900 1.914484 1.924012 1.931279 1.936385 1.939110 1.939595 1.937530 1.933327 1.926815 1.918143 1.907192 1.893934 1.878583 1.861117 1.841734 1.820414 1.797390 1.772648 1.746456
0.8578876 0.8781737 0.8992022 0.9209906 0.9435463 0.9668821 0.9910002 1.015909 1.041604 1.068089 1.095351 1.123386 1.152171 1.181693 1.211917 1.242819 1.274351 1.306476 1.339134 1.372271 1.405811 1.439690 1.473810 1.508094 1.542427 1.576719 1.610836 1.644680 1.678098 1.710991 1.743198 1.774678 1.805136 1.834407 1.862448 1.889046 1.914135 1.937494 1.959078 1.978666 1.996243 2.011587 2.024721 2.035426 2.043770 2.049535 2.052856 2.053528 2.051834 2.047345 2.040261 2.030481 2.018210 2.003587 1.986527 1.967220 1.945652 1.922055 1.896423 1.869030 1.839868
0.8674478 0.8890032 0.9113825 0.9345984 0.9586699 0.9836050 1.009418 1.036112 1.063695 1.092164 1.121519 1.151746 1.182837 1.214765 1.247513 1.281040 1.315315 1.350281 1.385891 1.422073 1.458764 1.495870 1.533314 1.570981 1.608777 1.646566 1.684241 1.721644 1.758657 1.795095 1.830828 1.865591 1.899376 1.932036 1.963299 1.993066 2.021100 2.047323 2.071494 2.093563 2.113289 2.130661 2.145437 2.157654 2.167075 2.173792 2.177558 2.178512 2.176318 2.171415 2.163618 2.153091 2.139712 2.123466 2.104593 2.083087 2.059176 2.032865 2.004426 1.973871 1.941515
0.8769107 0.8998221 0.9236382 0.9483842 0.9740754 1.000731 1.028363 1.056985 1.086603 1.117224 1.148843 1.181458 1.215054 1.249618 1.285119 1.321534 1.358812 1.396915 1.435774 1.475335 1.515506 1.556212 1.597341 1.638799 1.680447 1.722175 1.763819 1.805253 1.846289 1.886794 1.926567 1.965534 2.003347 2.039797 2.074803 2.108102 2.139587 2.168989 2.196227 2.221029 2.243347 2.262918 2.279736 2.293545 2.304396 2.312039 2.316602 2.317855 2.316095 2.310857 2.302356 2.290489 2.275484 2.257499 2.236460 2.212587 2.185890 2.156642 2.124866 2.090884 2.054726
0.8862090 0.9105601 0.9359135 0.9622909 0.9897202 1.018219 1.047811 1.078508 1.110328 1.143274 1.177354 1.212560 1.248892 1.286328 1.324851 1.364425 1.405016 1.446567 1.489027 1.532316 1.576362 1.621059 1.666312 1.711987 1.757969 1.804094 1.850227 1.896172 1.941778 1.986815 2.031112 2.074351 2.116484 2.157315 2.196512 2.233932 2.269276 2.302423 2.333074 2.361136 2.386314 2.408562 2.427593 2.443413 2.455748 2.464671 2.469903 2.471578 2.469328 2.463620 2.454256 2.441413 2.424972 2.404929 2.381557 2.354875 2.325150 2.292418 2.257001 2.218952 2.178645
0.8952423 0.9211295 0.9481177 0.9762427 1.005529 1.036011 1.067707 1.100645 1.134839 1.170307 1.207052 1.245084 1.284393 1.324974 1.366800 1.409851 1.454078 1.499444 1.545875 1.593310 1.641649 1.690804 1.740645 1.791058 1.841880 1.892971 1.944133 1.995203 2.045948 2.096193 2.145684 2.194300 2.241626 2.287395 2.331468 2.373522 2.413391 2.450740 2.485431 2.517133 2.545747 2.570952 2.592706 2.610699 2.624957 2.635186 2.641504 2.643648 2.641929 2.635838 2.625609 2.611135 2.592670 2.570394 2.544254 2.514508 2.481196 2.444641 2.404913 2.362395 2.317169
0.9039121 0.9314293 0.9601651 0.9901521 1.021433 1.054037 1.088001 1.123350 1.160114 1.198307 1.237952 1.279052 1.321614 1.365626 1.411080 1.457942 1.506186 1.555753 1.606591 1.658614 1.711742 1.765854 1.820841 1.876545 1.932826 1.989484 2.046349 2.103182 2.159785 2.215873 2.271219 2.325435 2.378420 2.429907 2.479491 2.526958 2.571935 2.614233 2.653475 2.689508 2.721969 2.750755 2.775516 2.796221 2.812537 2.824514 2.831831 2.834611 2.832446 2.825833 2.814556 2.798809 2.778476 2.753573 2.724413 2.691043 2.653781 2.612709 2.568216 2.520410 2.469746
0.9120750 0.9413300 0.9719226 1.003904 1.037314 1.072200 1.108598 1.146550 1.186085 1.227237 1.270024 1.314469 1.360574 1.408347 1.457770 1.508833 1.561493 1.615714 1.671424 1.728556 1.787004 1.846667 1.907399 1.969061 2.031461 2.094423 2.157709 2.221108 2.284333 2.347148 2.409234 2.470401 2.530150 2.588135 2.644140 2.697753 2.748726 2.796634 2.841264 2.882196 2.919265 2.952070 2.980508 3.004205 3.023145 3.036978 3.045802 3.049314 3.047831 3.040795 3.028458 3.010713 2.987844 2.960058 2.927328 2.889957 2.848034 2.801948 2.751826 2.698137 2.641036
0.9195923 0.9506893 0.9832655 1.017370 1.053064 1.090392 1.129412 1.170164 1.212699 1.257049 1.303255 1.351334 1.401313 1.453193 1.506981 1.562655 1.620197 1.679554 1.740679 1.803480 1.867876 1.933731 2.000919 2.069259 2.138579 2.208640 2.279230 2.350052 2.420849 2.491265 2.560996 2.629567 2.696797 2.762330 2.825654 2.886460 2.944270 2.998797 3.049564 3.096329 3.138628 3.176283 3.208857 3.236259 3.258083 3.274342 3.284656 3.289128 3.287303 3.279708 3.266107 3.246710 3.221407 3.190240 3.153568 3.111482 3.064367 3.012364 2.955949 2.895307 2.830999
0.9262677 0.9593260 0.9940085 1.030385 1.068516 1.108469 1.150301 1.194077 1.239847 1.287668 1.337577 1.389620 1.443821 1.500206 1.558775 1.619535 1.682455 1.747509 1.814631 1.883758 1.954778 2.027581 2.102002 2.177880 2.254989 2.333115 2.411965 2.491271 2.570674 2.649863 2.728427 2.806090 2.882238 2.956412 3.028291 3.097337 3.163189 3.225301 3.283344 3.336781 3.385344 3.428523 3.466134 3.497706 3.523164 3.542082 3.554525 3.560136 3.559234 3.551203 3.536310 3.514451 3.485941 3.451025 3.409710 3.362362 3.309128 3.250485 3.186641 3.118172 3.045336
0.9318973 0.9670327 1.003962 1.042756 1.083498 1.126258 1.171118 1.218145 1.267416 1.318987 1.372927 1.429279 1.488097 1.549405 1.613236 1.679586 1.748456 1.819809 1.893609 1.969770 2.048209 2.128783 2.211354 2.295712 2.381655 2.468899 2.557177 2.646123 2.735404 2.824571 2.913223 3.000763 3.086901 3.171151 3.252862 3.331587 3.406700 3.477780 3.544203 3.605595 3.661357 3.711200 3.754565 3.791273 3.820820 3.843156 3.857824 3.864902 3.863864 3.855272 3.838862 3.814867 3.783182 3.743883 3.697389 3.643849 3.583730 3.517256 3.445011 3.367292 3.284799
0.9362072 0.9735512 1.012863 1.054240 1.097766 1.143540 1.191647 1.242183 1.295226 1.350866 1.409173 1.470226 1.534078 1.600788 1.670387 1.742906 1.818341 1.896690 1.977901 2.061922 2.148646 2.237961 2.329686 2.423644 2.519569 2.617204 2.716194 2.816198 2.916766 3.017490 3.117838 3.217413 3.315445 3.411323 3.504571 3.594482 3.680531 3.761992 3.838377 3.908978 3.973378 4.030915 4.081281 4.123876 4.158531 4.184720 4.202451 4.211295 4.211573 4.202586 4.184625 4.157583 4.121818 4.077619 4.025038 3.964519 3.896289 3.820933 3.738771 3.650525 3.556595
0.9389116 0.9785903 1.020440 1.064561 1.111067 1.160062 1.211661 1.265965 1.323088 1.383125 1.446184 1.512346 1.581704 1.654321 1.730268 1.809577 1.892282 1.978377 2.067848 2.160629 2.256648 2.355765 2.457834 2.562626 2.669905 2.779337 2.890594 3.003225 3.116803 3.230757 3.344552 3.457434 3.568957 3.678456 3.785079 3.888188 3.986947 4.080734 4.168715 4.250329 4.324780 4.391613 4.450100 4.499927 4.540451 4.571534 4.592612 4.603715 4.604234 4.594767 4.575011 4.545223 4.505311 4.455394 4.395961 4.327237 4.249790 4.163956 4.070467 3.969763 3.862734
0.9396288 0.9817858 1.026323 1.073371 1.123051 1.175499 1.230837 1.289203 1.350721 1.415524 1.483730 1.555463 1.630824 1.709923 1.792836 1.879641 1.970377 2.065081 2.163735 2.266319 2.372741 2.482906 2.596628 2.713715 2.833870 2.956789 3.082048 3.209220 3.337741 3.467074 3.596530 3.725543 3.853132 3.978473 4.100869 4.219370 4.333209 4.441407 4.543238 4.637746 4.724298 4.802007 4.870384 4.928638 4.976469 5.013200 5.038763 5.052629 5.055105 5.045398 5.023818 4.990260 4.945129 4.888769 4.821293 4.743237 4.654932 4.557105 4.450221 4.335194 4.212614
0.9379419 0.9827138 1.030108 1.080262 1.133332 1.189464 1.248818 1.311545 1.377810 1.447761 1.521561 1.599348 1.681276 1.767465 1.858044 1.953104 2.052738 2.156986 2.265887 2.379413 2.497529 2.620111 2.747026 2.878033 3.012875 3.151171 3.292520 3.436379 3.582197 3.729251 3.876830 4.023961 4.169987 4.313985 4.454825 4.591582 4.723120 4.848520 4.966646 5.076653 5.177458 5.268357 5.348373 5.416991 5.473373 5.517242 5.547890 5.565272 5.568673 5.558722 5.535077 5.498017 5.447469 5.383603 5.306998 5.217971 5.117222 5.005228 4.882901 4.750879 4.610305
0.9333193 0.9808600 1.031274 1.084734 1.141408 1.201481 1.265130 1.332550 1.403924 1.479449 1.559307 1.643692 1.732777 1.826742 1.925736 2.029912 2.139378 2.254242 2.374548 2.500334 2.631558 2.768159 2.909975 3.056818 3.208375 3.364299 3.524096 3.687240 3.853030 4.020764 4.189544 4.358576 4.526591 4.692462 4.855171 5.013416 5.166077 5.311800 5.449503 5.577864 5.695922 5.802458 5.896702 5.977593 6.044620 6.096903 6.134248 6.155993 6.162417 6.152606 6.126897 6.085184 6.027938 5.955564 5.868253 5.766657 5.651235 5.522884 5.382256 5.230508 5.068496
0.9251656 0.9756214 1.029236 1.086196 1.146711 1.210984 1.279238 1.351689 1.428573 1.510112 1.596547 1.688098 1.785004 1.887473 1.995727 2.109943 2.230306 2.356945 2.489985 2.629474 2.775448 2.927839 3.086555 3.251377 3.422044 3.598141 3.779204 3.964582 4.153584 4.345292 4.538766 4.732744 4.926266 5.118045 5.306550 5.490440 5.668137 5.838278 5.999272 6.149843 6.288477 6.414086 6.525320 6.621362 6.701077 6.763982 6.809160 6.836459 6.845017 6.835513 6.807539 6.761420 6.697101 6.614829 6.515285 6.398905 6.266539 6.118832 5.956922 5.781695 5.594620
