T2-onemodel/GL11.grd
DSAA
         100         100
  -20.00000       20.00000    
  -20.00000       20.00000    
 -2.8458141E-02   1.171817    
[rows 24 to 47 of 100, columns 0 to 53 of 100]
9.4621368E-03 1.0061143E-02 1.0694244E-02 1.1363233E-02 1.2070198E-02 1.2817082E-02 1.3606125E-02 1.4439422E-02 1.5319374E-02 1.6248204E-02 1.7228441E-02 1.8262394E-02 1.9352693E-02 2.0501697E-02 2.1712082E-02 2.2986146E-02 2.4326507E-02 2.5735306E-02 2.7214982E-02 2.8767303E-02 3.0394323E-02 3.2097220E-02 3.3877373E-02 3.5734966E-02 3.7670363E-02 3.9682180E-02 4.1769128E-02 4.3927062E-02 4.6154525E-02 4.8446380E-02 5.0794732E-02 5.3192127E-02 5.5627923E-02 5.8091477E-02 6.0568620E-02 6.3045532E-02 6.5504789E-02 6.7929998E-02 7.0301205E-02 7.2600462E-02 7.4806467E-02 7.6901153E-02 7.8863256E-02 8.0676116E-02 8.2319893E-02 8.3780870E-02 8.5041806E-02 8.6094372E-02 8.6923264E-02 8.7521382E-02 8.7881528E-02 8.8000558E-02 8.7871626E-02 8.7502770E-02
9.2807990E-03 9.9160401E-03 1.0588442E-02 1.1300261E-02 1.2053685E-02 1.2851173E-02 1.3695095E-02 1.4588142E-02 1.5532875E-02 1.6532185E-02 1.7588787E-02 1.8705763E-02 1.9885970E-02 2.1132629E-02 2.2448665E-02 2.3837375E-02 2.5301633E-02 2.6844712E-02 2.8469304E-02 3.0178444E-02 3.1974413E-02 3.3859778E-02 3.5836022E-02 3.7904873E-02 4.0066585E-02 4.2321622E-02 4.4668552E-02 4.7106601E-02 4.9629692E-02 5.2232675E-02 5.4909963E-02 5.7652030E-02 6.0448870E-02 6.3286647E-02 6.6151202E-02 6.9024287E-02 7.1887925E-02 7.4720018E-02 7.7499665E-02 8.0202095E-02 8.2805008E-02 8.5282624E-02 8.7613091E-02 8.9771420E-02 9.1738217E-02 9.3490891E-02 9.5014222E-02 9.6288055E-02 9.7304061E-02 9.8050401E-02 9.8520301E-02 9.8707609E-02 9.8614872E-02 9.8232813E-02
9.0313097E-03 9.7047249E-03 1.0418831E-02 1.1175997E-02 1.1978946E-02 1.2830270E-02 1.3732973E-02 1.4689910E-02 1.5704358E-02 1.6779410E-02 1.7918603E-02 1.9125283E-02 2.0403232E-02 2.1755971E-02 2.3187496E-02 2.4701452E-02 2.6301920E-02 2.7992556E-02 2.9777434E-02 3.1659991E-02 3.3644050E-02 3.5732523E-02 3.7928648E-02 4.0234346E-02 4.2651765E-02 4.5181077E-02 4.7822423E-02 5.0572693E-02 5.3431351E-02 5.6393482E-02 5.9450787E-02 6.2594712E-02 6.5812632E-02 6.9091000E-02 7.2411619E-02 7.5755753E-02 7.9099812E-02 8.2420386E-02 8.5689537E-02 8.8880681E-02 9.1963187E-02 9.4909452E-02 9.7688422E-02 0.1002739 0.1026367 0.1047544 0.1066019 0.1081640 0.1094194 0.1103566 0.1109650 0.1112396 0.1111720 0.1107721
8.6995102E-03 9.4133141E-03 1.0171431E-02 1.0976793E-02 1.1832264E-02 1.2741094E-02 1.3706447E-02 1.4731946E-02 1.5821088E-02 1.6977822E-02 1.8205991E-02 1.9509902E-02 2.0893706E-02 2.2362050E-02 2.3919359E-02 2.5570545E-02 2.7320229E-02 2.9173508E-02 3.1135060E-02 3.3209972E-02 3.5402689E-02 3.7718035E-02 4.0159784E-02 4.2732038E-02 4.5437325E-02 4.8278339E-02 5.1255703E-02 5.4370478E-02 5.7617795E-02 6.0993329E-02 6.4491674E-02 6.8102494E-02 7.1814030E-02 7.5609408E-02 7.9470262E-02 8.3372690E-02 8.7291770E-02 9.1197081E-02 9.5058285E-02 9.8840021E-02 0.1025088 0.1060267 0.1093600 0.1124712 0.1153292 0.1178999 0.1201579 0.1220734 0.1236309 0.1248121 0.1256063 0.1260048 0.1260101 0.1256119
8.2692178E-03 9.0255123E-03 9.8302793E-03 1.0686592E-02 1.1597991E-02 1.2567909E-02 1.3600311E-02 1.4699041E-02 1.5868494E-02 1.7112961E-02 1.8437285E-02 1.9846199E-02 2.1345006E-02 2.2938870E-02 2.4633568E-02 2.6434638E-02 2.8348234E-02 3.0380214E-02 3.2537036E-02 3.4824613E-02 3.7249472E-02 3.9817300E-02 4.2534292E-02 4.5405317E-02 4.8435599E-02 5.1628251E-02 5.4986283E-02 5.8509059E-02 6.2198434E-02 6.6051058E-02 7.0059411E-02 7.4214719E-02 7.8502908E-02 8.2907654E-02 8.7406322E-02 9.1974027E-02 9.6579321E-02 0.1011893 0.1057647 0.1102664 0.1146501 0.1188736 0.1228903 0.1266587 0.1301340 0.1332793 0.1360550 0.1384340 0.1403838 0.1418846 0.1429196 0.1434806 0.1435573 0.1431633
7.7206087E-03 8.5217813E-03 9.3756840E-03 1.0286071E-02 1.1256695E-02 1.2291782E-02 1.3395556E-02 1.4572791E-02 1.5828228E-02 1.7167207E-02 1.8595049E-02 2.0117672E-02 2.1740967E-02 2.3471508E-02 2.5315775E-02 2.7280964E-02 2.9374061E-02 3.1602867E-02 3.3974811E-02 3.6498092E-02 3.9180342E-02 4.2029902E-02 4.5054153E-02 4.8261043E-02 5.1656928E-02 5.5248529E-02 5.9040263E-02 6.3036986E-02 6.7236893E-02 7.1638323E-02 7.6237805E-02 8.1025608E-02 8.5989282E-02 9.1109522E-02 9.6363671E-02 0.1017213 0.1071490 0.1126055 0.1180476 0.1234251 0.1286880 0.1337806 0.1386501 0.1432393 0.1474973 0.1513699 0.1548132 0.1577794 0.1602381 0.1621586 0.1635216 0.1643134 0.1645371 0.1641818
7.0313681E-03 7.8796428E-03 8.7855197E-03 9.7529776E-03 1.0786570E-02 1.1890804E-02 1.3070839E-02 1.4331837E-02 1.5679633E-02 1.7120034E-02 1.8659629E-02 2.0304957E-02 2.2063384E-02 2.3942247E-02 2.5949765E-02 2.8094076E-02 3.0384215E-02 3.2829106E-02 3.5438616E-02 3.8222261E-02 4.1190553E-02 4.4353355E-02 4.7721401E-02 5.1304270E-02 5.5112168E-02 5.9153233E-02 6.3435659E-02 6.7963608E-02 7.2743803E-02 7.7776946E-02 8.3058566E-02 8.8581927E-02 9.4333261E-02 0.1002947 0.1064397 0.1127371 0.1191464 0.1256229 0.1321131 0.1385608 0.1449025 0.1510745 0.1570072 0.1626344 0.1678853 0.1726968 0.1770031 0.1807525 0.1838892 0.1863749 0.1881783 0.1892835 0.1896774 0.1893812
6.1748987E-03 7.0728161E-03 8.0333510E-03 9.0612667E-03 1.0161432E-02 1.1339312E-02 1.2600454E-02 1.3951124E-02 1.5397677E-02 1.6947243E-02 1.8607037E-02 2.0385131E-02 2.2289723E-02 2.4329962E-02 2.6515089E-02 2.8855367E-02 3.1361107E-02 3.4043767E-02 3.6914762E-02 3.9986625E-02 4.3271709E-02 4.6783462E-02 5.0534707E-02 5.4539274E-02 5.8809683E-02 6.3359149E-02 6.8198629E-02 7.3339693E-02 7.8786626E-02 8.4543698E-02 9.0612382E-02 9.6986637E-02 0.1036560 0.1106009 0.1177959 0.1252050 0.1327858 0.1404850 0.1482441 0.1559945 0.1636645 0.1711739 0.1784423 0.1853822 0.1919101 0.1979368 0.2033822 0.2081621 0.2122116 0.2154693 0.2178926 0.2194535 0.2201535 0.2199847
5.1224530E-03 6.0723796E-03 7.0906053E-03 8.1822192E-03 9.3530342E-03 1.0608941E-02 1.1956607E-02 1.3402853E-02 1.4955347E-02 1.6621917E-02 1.8411350E-02 2.0332595E-02 2.2395713E-02 2.4610950E-02 2.6989739E-02 2.9543756E-02 3.2285925E-02 3.5229404E-02 3.8388792E-02 4.1778687E-02 4.5415189E-02 4.9314272E-02 5.3493261E-02 5.7968829E-02 6.2758818E-02 6.7879282E-02 7.3346809E-02 7.9173833E-02 8.5375704E-02 9.1961019E-02 9.8932438E-02 0.1062891 0.1140213 0.1221130 0.1305367 0.1392570 0.1482257 0.1573869 0.1666720 0.1760062 0.1853032 0.1944728 0.2034146 0.2120270 0.2201991 0.2278232 0.2347835 0.2409758 0.2462899 0.2506357 0.2539383 0.2561521 0.2572522 0.2572777
3.8423657E-03 4.8469743E-03 5.9256977E-03 7.0846388E-03 8.3300248E-03 9.6688624E-03 1.1108404E-02 1.2656813E-02 1.4322482E-02 1.6114825E-02 1.8043550E-02 2.0119539E-02 2.2353977E-02 2.4759417E-02 2.7348747E-02 3.0136384E-02 3.3137031E-02 3.6367185E-02 3.9843634E-02 4.3584980E-02 4.7610063E-02 5.1939618E-02 5.6594238E-02 6.1596368E-02 6.6967562E-02 7.2730906E-02 7.8907512E-02 8.5519709E-02 9.2582129E-02 0.1001096 0.1081132 0.1165956 0.1255530 0.1349706 0.1448243 0.1550766 0.1656799 0.1765721 0.1876818 0.1989236 0.2102051 0.2214201 0.2324575 0.2431920 0.2534949 0.2632229 0.2722313 0.2803605 0.2874620 0.2933851 0.2980028 0.3012228 0.3030201 0.3033954
2.3050504E-03 3.3667474E-03 4.5092115E-03 5.7389038E-03 7.0632384E-03 8.4898006E-03 1.0027183E-02 1.1684296E-02 1.3471186E-02 1.5398188E-02 1.7476987E-02 1.9719642E-02 2.2139741E-02 2.4751259E-02 2.7569974E-02 3.0612171E-02 3.3895981E-02 3.7440229E-02 4.1265883E-02 4.5394398E-02 4.9849674E-02 5.4655936E-02 5.9839893E-02 6.5428071E-02 7.1449362E-02 7.7931240E-02 8.4902734E-02 9.2388898E-02 0.1004185 0.1090131 0.1181879 0.1279534 0.1383099 0.1492492 0.1607488 0.1727754 0.1852796 0.1982010 0.2114631 0.2249798 0.2386497 0.2523631 0.2659943 0.2794091 0.2924535 0.3049631 0.3167479 0.3276065 0.3373049 0.3456028 0.3522573 0.3570646 0.3599029 0.3608358
4.8750892E-04 1.6090493E-03 2.8181758E-03 4.1224756E-03 5.5299504E-03 7.0495526E-03 8.6906236E-03 1.0463757E-02 1.2379926E-02 1.4451503E-02 1.6691389E-02 1.9114019E-02 2.1734539E-02 2.4569903E-02 2.7637752E-02 3.0957913E-02 3.4550976E-02 3.8440045E-02 4.2649064E-02 4.7204703E-02 5.2134581E-02 5.7469267E-02 6.3239880E-02 6.9480620E-02 7.6225542E-02 8.3511405E-02 9.1373660E-02 9.9849954E-02 0.1089701 0.1187647 0.1292602 0.1404738 0.1524149 0.1650797 0.1784535 0.1925052 0.2071916 0.2224524 0.2382163 0.2543959 0.2708950 0.2876010 0.3043927 0.3211291 0.3376558 0.3537892 0.3693210 0.3839929 0.3975049 0.4094828 0.4194867 0.4270458 0.4318130 0.4337299
-1.6069593E-03 -4.2307845E-04 8.5599633E-04 2.2385162E-03 3.7337670E-03 5.3515625E-03 7.1028275E-03 8.9992145E-03 1.1053621E-02 1.3279779E-02 1.5692968E-02 1.8309310E-02 2.1146758E-02 2.4224430E-02 2.7563443E-02 3.1186266E-02 3.5117671E-02 3.9384097E-02 4.4014651E-02 4.9040023E-02 5.4494079E-02 6.0412269E-02 6.6833347E-02 7.3797211E-02 8.1347011E-02 8.9525752E-02 9.8378845E-02 0.1079484 0.1182811 0.1294166 0.1413875 0.1542216 0.1679351 0.1825343 0.1980098 0.2143399 0.2314854 0.2493960 0.2680049 0.2872373 0.3070034 0.3272082 0.3477403 0.3684816 0.3892908 0.4100101 0.4304385 0.4503328 0.4693496 0.4870184 0.5026346 0.5151665 0.5233841 0.5269403
-3.9084405E-03 -2.6594028E-03 -1.3074952E-03 1.5730580E-04 1.7446694E-03 3.4664401E-03 5.3341342E-03 7.3618609E-03 9.5633920E-03 1.1955367E-02 1.4554190E-02 1.7379526E-02 2.0450899E-02 2.3791537E-02 2.7424688E-02 3.1377763E-02 3.5678227E-02 4.0358447E-02 4.5450922E-02 5.0993554E-02 5.7024423E-02 6.3587479E-02 7.0726588E-02 7.8491844E-02 8.6932190E-02 9.6102752E-02 0.1060558 0.1168494 0.1285310 0.1411523 0.1547576 0.1693845 0.1850584 0.2017947 0.2195924 0.2384390 0.2583046 0.2791498 0.3009205 0.3235574 0.3469904 0.3711489 0.3959518 0.4213198 0.4471576 0.4733673 0.4998150 0.5263365 0.5526631 0.5783678 0.6025440 0.6233554 0.6374166 0.6431440
-6.2176827E-03 -4.9014110E-03 -3.4730020E-03 -1.9225668E-03 -2.3792394E-04 1.5929211E-03 3.5843619E-03 5.7509323E-03 8.1098620E-03 1.0678448E-02 1.3477154E-02 1.6526667E-02 1.9851346E-02 2.3475962E-02 2.7429370E-02 3.1741165E-02 3.6445435E-02 4.1577436E-02 4.7177520E-02 5.3287253E-02 5.9953980E-02 6.7226313E-02 7.5158790E-02 8.3806954E-02 9.3232125E-02 0.1034950 0.1146611 0.1267915 0.1399543 0.1542082 0.1696064 0.1861951 0.2040094 0.2230731 0.2433948 0.2649712 0.2877840 0.3118066 0.3370012 0.3633288 0.3907444 0.4192095 0.4486831 0.4791363 0.5105368 0.5428640 0.5760780 0.6101165 0.6447833 0.6795441 0.7128263 0.7405607 0.7573053 0.7632987
-8.3116712E-03 -6.9251144E-03 -5.4176482E-03 -3.7772157E-03 -1.9911034E-03 -4.4908476E-05 2.0766838E-03 4.3911543E-03 6.9169239E-03 9.6748117E-03 1.2686980E-02 1.5978379E-02 1.9575553E-02 2.3508331E-02 2.7808441E-02 3.2511529E-02 3.7655331E-02 4.3282274E-02 4.9437366E-02 5.6170542E-02 6.3534737E-02 7.1588367E-02 8.0392547E-02 9.0013996E-02 0.1005212 0.1119874 0.1244862 0.1380944 0.1528805 0.1689139 0.1862597 0.2049711 0.2250929 0.2466550 0.2696767 0.2941615 0.3201053 0.3474917 0.3763041 0.4065205 0.4381276 0.4711135 0.5054841 0.5412499 0.5784429 0.6170883 0.6572012 0.6986785 0.7410841 0.7828886 0.8198385 0.8455657 0.8585119 0.8623634
-1.0090671E-02 -8.6318785E-03 -7.0419130E-03 -5.3080912E-03 -3.4154810E-03 -1.3484940E-03 9.1076782E-04 3.3813547E-03 6.0848999E-03 9.0442598E-03 1.2285548E-02 1.5836312E-02 1.9727768E-02 2.3993185E-02 2.8669959E-02 3.3797860E-02 3.9421514E-02 4.5588426E-02 5.2351639E-02 5.9767198E-02 6.7897364E-02 7.6807663E-02 8.6569704E-02 9.7257897E-02 0.1089522 0.1217332 0.1356856 0.1508898 0.1674320 0.1853890 0.2048290 0.2258139 0.2483921 0.2726023 0.2984678 0.3260034 0.3552114 0.3860925 0.4186412 0.4528602 0.4887538 0.5263444 0.5656605 0.6067523 0.6496651 0.6944305 0.7409577 0.7888019 0.8363771 0.8792987 0.9109100 0.9291671 0.9372380 0.9383549
-1.1540974E-02 -1.0007380E-02 -8.3324146E-03 -6.5012556E-03 -4.4977791E-03 -2.3038867E-03 9.9947370E-05 2.7358881E-03 5.6276950E-03 8.8021010E-03 1.2287956E-02 1.6117478E-02 2.0325433E-02 2.4950756E-02 3.0035129E-02 3.5625242E-02 4.1770872E-02 4.8527639E-02 5.5954833E-02 6.4117774E-02 7.3085964E-02 8.2935221E-02 9.3744941E-02 0.1056007 0.1185900 0.1328051 0.1483377 0.1652818 0.1837210 0.2037388 0.2254121 0.2488048 0.2739716 0.3009523 0.3297780 0.3604663 0.3930318 0.4274811 0.4638273 0.5020828 0.5422767 0.5844414 0.6286296 0.6748847 0.7232313 0.7735629 0.8254027 0.8771132 0.9242314 0.9599671 0.9820910 0.9935474 0.9974026 0.9957614
-1.2680754E-02 -1.1070663E-02 -9.3077626E-03 -7.3760077E-03 -5.2569089E-03 -2.9306780E-03 -3.7472136E-04 2.4352449E-03 5.5267974E-03 8.9295069E-03 1.2676904E-02 1.6804833E-02 2.1353699E-02 2.6366901E-02 3.1893030E-02 3.7984230E-02 4.4698302E-02 5.2097283E-02 6.0249750E-02 6.9228403E-02 7.9112880E-02 8.9987054E-02 0.1019410 0.1150679 0.1294659 0.1452329 0.1624694 0.1812695 0.2017312 0.2239407 0.2479728 0.2738949 0.3017605 0.3316139 0.3634853 0.3974006 0.4333761 0.4714321 0.5115855 0.5538672 0.5983087 0.6449575 0.6938489 0.7449937 0.7982655 0.8531587 0.9079981 0.9582669 0.9970956 1.022169 1.036334 1.042571 1.042920 1.038575
-1.3538999E-02 -1.1850392E-02 -9.9974237E-03 -7.9615889E-03 -5.7228436E-03 -3.2584104E-03 -5.4356159E-04 2.4497726E-03 5.7520228E-03 9.3974220E-03 1.3423144E-02 1.7870748E-02 2.2785256E-02 2.8216969E-02 3.4220133E-02 4.0854886E-02 4.8185751E-02 5.6284085E-02 6.5225966E-02 7.5094290E-02 8.5976765E-02 9.7967789E-02 0.1111652 0.1256724 0.1415934 0.1590353 0.1781024 0.1988984 0.2215133 0.2460342 0.2725405 0.3010955 0.3317549 0.3645591 0.3995434 0.4367316 0.4761499 0.5178187 0.5617691 0.6080297 0.6566426 0.7076327 0.7609974 0.8165917 0.8738865 0.9311761 0.9839036 1.025155 1.052572 1.068941 1.077185 1.079290 1.076426 1.069351
-1.4146470E-02 -1.2378319E-02 -1.0432986E-02 -8.2905069E-03 -5.9279208E-03 -3.3203266E-03 -4.3938708E-04 2.7458768E-03 6.2703993E-03 1.0172306E-02 1.4494311E-02 1.9282831E-02 2.4589667E-02 3.0471090E-02 3.6989354E-02 4.4211581E-02 5.2211590E-02 6.1068628E-02 7.0868902E-02 8.1703626E-02 9.3671039E-02 0.1068734 0.1214183 0.1374152 0.1549762 0.1742109 0.1952274 0.2181249 0.2430031 0.2699467 0.2990267 0.3303067 0.3638356 0.3996565 0.4377999 0.4782966 0.5211702 0.5664519 0.6141685 0.6643562 0.7170323 0.7721816 0.8296446 0.8888727 0.9481382 1.002857 1.046089 1.075439 1.093654 1.103621 1.107298 1.105834 1.099970 1.090072
-1.4532591E-02 -1.2683737E-02 -1.0644767E-02 -8.3929896E-03 -5.9034307E-03 -3.1476258E-03 -9.4448485E-05 3.2915662E-03 7.0491466E-03 1.1221966E-02 1.5857669E-02 2.1009473E-02 2.6735341E-02 3.3099558E-02 4.0171724E-02 4.8028354E-02 5.6751337E-02 6.6430189E-02 7.7159844E-02 8.9041986E-02 0.1021830 0.1166948 0.1326913 0.1502896 0.1696047 0.1907506 0.2138352 0.2389620 0.2662169 0.2956803 0.3274245 0.3615046 0.3979701 0.4368573 0.4782013 0.5220282 0.5683706 0.6172537 0.6687102 0.7227504 0.7793510 0.8383397 0.8991538 0.9600480 1.016418 1.061301 1.092277 1.112063 1.123532 1.128613 1.128432 1.123706 1.114796 1.101898
-1.4723189E-02 -1.2793619E-02 -1.0659794E-02 -8.2973121E-03 -5.6777424E-03 -2.7699906E-03 4.6150165E-04 4.0558334E-03 8.0572767E-03 1.2514349E-02 1.7481629E-02 2.3018489E-02 2.9191041E-02 3.6071125E-02 4.3737803E-02 5.2276120E-02 6.1778441E-02 7.2343253E-02 8.4076263E-02 9.7087525E-02 0.1114933 0.1274121 0.1449652 0.1642727 0.1854534 0.2086192 0.2338771 0.2613201 0.2910402 0.3231119 0.3575951 0.3945438 0.4339990 0.4759998 0.5205755 0.5677593 0.6175768 0.6700578 0.7252090 0.7829996 0.8432496 0.9053844 0.9676458 1.025414 1.071710 1.104093 1.125267 1.138083 1.144443 1.145458 1.141833 1.133920 1.121909 1.105758
-1.4740549E-02 -1.2730232E-02 -1.0501737E-02 -8.0273878E-03 -5.2762390E-03 -2.2131542E-03 1.2011522E-03 5.0109378E-03 9.2654638E-03 1.4020029E-02 1.9335281E-02 2.5278911E-02 3.1924803E-02 3.9354336E-02 4.7655515E-02 5.6923915E-02 6.7261547E-02 7.8777850E-02 9.1587372E-02 0.1058104 0.1215702 0.1389926 0.1582026 0.1793237 0.2024734 0.2277636 0.2552957 0.2851638 0.3174410 0.3521950 0.3894861 0.4293588 0.4718559 0.5170092 0.5648538 0.6154156 0.6687235 0.7247815 0.7835549 0.8448566 0.9081049 0.9715312 1.030505 1.078032 1.111658 1.134070 1.148101 1.155636 1.157777 1.155214 1.148283 1.137157 1.121794 1.102050
