T2-onemodel/GL11.grd
DSAA
         100         100
  -20.00000       20.00000    
  -20.00000       20.00000    
 -2.8458141E-02   1.171817    
[rows 48 to 71 of 100, columns 0 to 53 of 100]
-1.4602549E-02 -1.2512976E-02 -1.0190309E-02 -7.6044993E-03 -4.7208504E-03 -1.5007978E-03 2.0998945E-03 6.1303857E-03 1.0646362E-02 1.5709277E-02 2.1388071E-02 2.7758151E-02 3.4903232E-02 4.2913809E-02 5.1888775E-02 6.1933793E-02 7.3162183E-02 8.5692890E-02 9.9651083E-02 0.1151646 0.1323646 0.1513810 0.1723426 0.1953718 0.2205854 0.2480886 0.2779776 0.3103321 0.3452309 0.3827343 0.4228892 0.4657409 0.5113238 0.5596749 0.6108210 0.6647909 0.7215871 0.7811726 0.8433568 0.9075518 0.9719825 1.032009 1.080628 1.115372 1.138917 1.154081 1.162737 1.165975 1.164459 1.158516 1.148312 1.133798 1.114823 1.091039
-1.4323419E-02 -1.2156473E-02 -9.7417058E-03 -7.0457133E-03 -4.0306235E-03 -6.5314240E-04 3.1352979E-03 7.3901131E-03 1.2173061E-02 1.7553529E-02 2.3608286E-02 3.0422453E-02 3.8089111E-02 4.6710022E-02 5.6394361E-02 6.7259744E-02 7.9429515E-02 9.3033880E-02 0.1082064 0.1250835 0.1438010 0.1644935 0.1872892 0.2123103 0.2396678 0.2694633 0.3017851 0.3367124 0.3743027 0.4146098 0.4576835 0.5035605 0.5522796 0.6038684 0.6583567 0.7157466 0.7759996 0.8389233 0.9039262 0.9692287 1.030185 1.079784 1.115551 1.140149 1.156385 1.166119 1.170422 1.169944 1.165010 1.155768 1.142153 1.124003 1.100963 1.072575
-1.3912894E-02 -1.1672000E-02 -9.1681797E-03 -6.3651898E-03 -3.2210255E-03 3.1169210E-04 4.2872755E-03 8.7668765E-03 1.3819735E-02 1.9523021E-02 2.5962798E-02 3.3233907E-02 4.1440479E-02 5.0695155E-02 6.1119232E-02 7.2841287E-02 8.5996397E-02 0.1007243 0.1171677 0.1354692 0.1557697 0.1782047 0.2029026 0.2299810 0.2595471 0.2916933 0.3265007 0.3640336 0.4043569 0.4475189 0.4935570 0.5425110 0.5944104 0.6492848 0.7071372 0.7679284 0.8314651 0.8971543 0.9632140 1.024995 1.075481 1.112192 1.137782 1.155049 1.165842 1.171218 1.171817 1.167949 1.159735 1.147101 1.129874 1.107695 1.080094 1.046365
-1.3377245E-02 -1.1066810E-02 -8.4787896E-03 -5.5734781E-03 -2.3052294E-03 1.3784241E-03 5.5370545E-03 1.0238694E-02 1.5559850E-02 2.1586725E-02 2.8414818E-02 3.6149818E-02 4.4906933E-02 5.4811109E-02 6.5995410E-02 7.8600451E-02 9.2772052E-02 0.1086599 0.1264145 0.1461843 0.1681131 0.1923375 0.2189831 0.2481645 0.2799819 0.3145228 0.3518611 0.3920620 0.4351693 0.4812272 0.5302789 0.5823545 0.6374848 0.6956725 0.7568787 0.8209097 0.8871719 0.9538829 1.016392 1.067681 1.105265 1.131796 1.150064 1.161908 1.168374 1.170088 1.167338 1.160227 1.148677 1.132494 1.111297 1.084603 1.051701 1.011709
-1.2718103E-02 -1.0344150E-02 -7.6783407E-03 -4.6777851E-03 -1.2926888E-03 2.5341057E-03 6.8682483E-03 1.1784309E-02 1.7367169E-02 2.3711680E-02 3.0924035E-02 3.9120678E-02 4.8429046E-02 5.8985997E-02 7.0937417E-02 8.4435239E-02 9.9636413E-02 0.1166996 0.1357827 0.1570390 0.1806151 0.2066469 0.2352588 0.2665602 0.3006474 0.3376000 0.3774863 0.4203578 0.4662706 0.5152652 0.5673708 0.6226174 0.6810081 0.7425030 0.8069088 0.8736312 0.9408885 1.004030 1.056037 1.094426 1.121846 1.141084 1.153975 1.161555 1.164440 1.162899 1.157025 1.146713 1.131735 1.111693 1.086090 1.054202 1.015138 0.9676645
-1.1933308E-02 -9.5031755E-03 -6.7680497E-03 -3.6815465E-03 -1.8997974E-04 3.7687349E-03 8.2659964E-03 1.3383595E-02 1.9214306E-02 2.5862660E-02 3.3444952E-02 4.2089343E-02 5.1935133E-02 6.3131839E-02 7.5837195E-02 9.0215094E-02 0.1064325 0.1246572 0.1450537 0.1677800 0.1929850 0.2208057 0.2513645 0.2847698 0.3211133 0.3604735 0.4029148 0.4484945 0.4972468 0.5492075 0.6044090 0.6628527 0.7244976 0.7891487 0.8562116 0.9239038 0.9875756 1.040211 1.079327 1.107576 1.127745 1.141670 1.150384 1.154494 1.154257 1.149746 1.140826 1.127240 1.108574 1.084295 1.053652 1.015732 0.9692938 0.9128105
-1.1015560E-02 -8.5384194E-03 -5.7442612E-03 -2.5838565E-03 1.0005715E-03 5.0755790E-03 9.7185588E-03 1.5017942E-02 2.1074729E-02 2.8002504E-02 3.5928100E-02 4.4990730E-02 5.5341717E-02 6.7142449E-02 8.0562457E-02 9.5776610E-02 0.1129619 0.1322942 0.1539451 0.1780775 0.2048444 0.2343851 0.2668244 0.3022708 0.3408181 0.3825426 0.4275080 0.4757599 0.5273486 0.5823005 0.6406134 0.7022420 0.7669883 0.8342544 0.9022569 0.9663453 1.019506 1.059258 1.088260 1.109303 1.124230 1.134076 1.139449 1.140602 1.137594 1.130267 1.118338 1.101350 1.078712 1.049637 1.013183 0.9680892 0.9128150 0.8454828
-9.9531589E-03 -7.4396362E-03 -4.5990772E-03 -1.3793028E-03 2.2806374E-03 6.4519886E-03 1.1217155E-02 1.6671184E-02 2.2922482E-02 3.0093258E-02 3.8320094E-02 4.7752682E-02 5.8553185E-02 7.0894048E-02 8.4955491E-02 0.1009224 0.1189809 0.1393151 0.1621035 0.1875163 0.2157126 0.2468386 0.2810260 0.3183913 0.3590346 0.4030401 0.4504761 0.5013978 0.5558248 0.6137602 0.6751565 0.7398086 0.8071109 0.8752748 0.9396460 0.9932107 1.033490 1.063148 1.084985 1.100851 1.111796 1.118436 1.121032 1.119642 1.114096 1.104082 1.089092 1.068476 1.041399 1.006852 0.9635212 0.9098356 0.8439079 0.7644837
-8.7290928E-03 -6.1913966E-03 -3.3188858E-03 -5.7263955E-05 3.6575554E-03 7.9002958E-03 1.2758057E-02 1.8331271E-02 2.4734937E-02 3.2098643E-02 4.0567257E-02 5.0299294E-02 6.1466146E-02 7.4249379E-02 8.8838018E-02 0.1054253 0.1242053 0.1453699 0.1691058 0.1955923 0.2249994 0.2574863 0.2932001 0.3322741 0.3748262 0.4209547 0.4707360 0.5242130 0.5814093 0.6422652 0.7065621 0.7736797 0.8418154 0.9063043 0.9601264 1.000801 1.030995 1.053517 1.070230 1.082198 1.090060 1.094094 1.094379 1.090755 1.082903 1.070284 1.052191 1.027700 0.9956767 0.9547230 0.9032051 0.8392035 0.7614554 0.6729170
-7.3219989E-03 -4.7736610E-03 -1.8856949E-03 1.3979045E-03 5.1433742E-03 9.4281929E-03 1.4342753E-02 1.9991601E-02 2.6494555E-02 3.3986807E-02 4.2619053E-02 5.2556187E-02 6.3976027E-02 7.7066019E-02 9.2021227E-02 0.1090402 0.1283232 0.1500685 0.1744718 0.2017236 0.2320102 0.2655118 0.3024020 0.3428459 0.3869954 0.4349821 0.4869049 0.5428146 0.6026498 0.6661925 0.7328016 0.8006461 0.8650349 0.9189290 0.9598362 0.9904194 1.013490 1.030923 1.043799 1.052783 1.058184 1.060116 1.058457 1.052920 1.042973 1.027882 1.006622 0.9779186 0.9402220 0.8917359 0.8304385 0.7550288 0.6684731 0.5818330
-5.7068998E-03 -3.1625833E-03 -2.7709638E-04 3.0065861E-03 6.7556025E-03 1.1049085E-02 1.5979107E-02 2.1652633E-02 2.8191710E-02 3.5734616E-02 4.4434514E-02 5.4459244E-02 6.5988488E-02 7.9211876E-02 9.4325237E-02 0.1115290 0.1310246 0.1530148 0.1777017 0.2052888 0.2359809 0.2699873 0.3075203 0.3487959 0.3940250 0.4433986 0.4970548 0.5550165 0.6171145 0.6826773 0.7498197 0.8137918 0.8675063 0.9084370 0.9392279 0.9626819 0.9806790 0.9943128 1.004272 1.010900 1.014359 1.014585 1.011358 1.004217 0.9924773 0.9751055 0.9507238 0.9175368 0.8734092 0.8160673 0.7440778 0.6603912 0.5761169 0.5010722
-3.8593530E-03 -1.3344793E-03 1.5297189E-03 4.7899433E-03 8.5135801E-03 1.2779338E-02 1.7679626E-02 2.3320884E-02 2.9825285E-02 3.7329923E-02 4.5987297E-02 5.5962589E-02 6.7433059E-02 8.0583550E-02 9.5605955E-02 0.1126946 0.1320472 0.1538630 0.1783462 0.2057061 0.2361650 0.2699592 0.3073483 0.3486135 0.3940578 0.4439794 0.4986097 0.5579579 0.6214299 0.6871133 0.7501371 0.8032908 0.8439566 0.8747224 0.8983593 0.9167354 0.9309471 0.9417000 0.9493680 0.9541603 0.9560761 0.9549863 0.9505407 0.9421920 0.9290428 0.9097898 0.8825068 0.8446408 0.7933187 0.7265975 0.6472561 0.5664656 0.4941891 0.4323082
-1.7631530E-03 7.2687276E-04 3.5504312E-03 6.7634163E-03 1.0431467E-02 1.4632089E-02 1.9455099E-02 2.5004685E-02 3.1398918E-02 3.8771015E-02 4.7266919E-02 5.7045393E-02 6.8273559E-02 8.1126668E-02 9.5782936E-02 0.1124245 0.1312338 0.1523982 0.1761088 0.2025695 0.2319996 0.2646486 0.3008012 0.3407974 0.3850338 0.4339565 0.4879542 0.5469718 0.6094649 0.6704380 0.7223455 0.7622957 0.7927132 0.8162783 0.8348146 0.8493995 0.8607415 0.8692328 0.8751209 0.8784617 0.8792117 0.8771415 0.8718762 0.8627546 0.8487807 0.8283337 0.7989118 0.7568905 0.6988549 0.6266224 0.5513063 0.4831944 0.4245012 0.3742014
5.6742318E-04 3.0074394E-03 5.7715937E-03 8.9137862E-03 1.2496962E-02 1.6595323E-02 2.1294430E-02 2.6693087E-02 3.2902833E-02 4.0048227E-02 4.8265286E-02 5.7699613E-02 6.8503954E-02 8.0835275E-02 9.4852448E-02 0.1107141 0.1285790 0.1486061 0.1709591 0.1958092 0.2233457 0.2537824 0.2873759 0.3244407 0.3653741 0.4106670 0.4608096 0.5156131 0.5714661 0.6205416 0.6589315 0.6884974 0.7116418 0.7300710 0.7447942 0.7565048 0.7655888 0.7723216 0.7767944 0.7790384 0.7789180 0.7762189 0.7705029 0.7611404 0.7470617 0.7265829 0.6967720 0.6531400 0.5938085 0.5279011 0.4664189 0.4124804 0.3656988 0.3249833
3.0350860E-03 5.4113152E-03 8.0978991E-03 1.1147929E-02 1.4618251E-02 1.8580554E-02 2.3111757E-02 2.8305825E-02 3.4261789E-02 4.1095726E-02 4.8925880E-02 5.7884891E-02 6.8101294E-02 7.9713605E-02 9.2849173E-02 0.1076423 0.1242113 0.1426832 0.1631681 0.1857924 0.2106680 0.2379377 0.2677327 0.3002361 0.3356123 0.3740705 0.4155995 0.4593332 0.5011477 0.5361009 0.5639060 0.5861216 0.6040880 0.6186817 0.6305164 0.6399610 0.6472846 0.6526067 0.6559983 0.6574005 0.6567070 0.6536525 0.6478784 0.6387554 0.6254004 0.6062917 0.5790966 0.5405133 0.4917607 0.4413778 0.3947889 0.3530900 0.3160820 0.2832615
5.4207747E-03 7.7193035E-03 1.0313878E-02 1.3251048E-02 1.6585767E-02 2.0380680E-02 2.4708273E-02 2.9649815E-02 3.5296232E-02 4.1745942E-02 4.9104352E-02 5.7480104E-02 6.6983603E-02 7.7722304E-02 8.9799374E-02 0.1033097 0.1183398 0.1349652 0.1532513 0.1732517 0.1950081 0.2185467 0.2438729 0.2709566 0.2997032 0.3298828 0.3609652 0.3917494 0.4202086 0.4447683 0.4652822 0.4823217 0.4964601 0.5081528 0.5177206 0.5253894 0.5312983 0.5355214 0.5380649 0.5388728 0.5378147 0.5346740 0.5291217 0.5206752 0.5086424 0.4920354 0.4695823 0.4403536 0.4058330 0.3698413 0.3352838 0.3032775 0.2741037 0.2476915
7.5302515E-03 9.7409599E-03 1.2229475E-02 1.5038575E-02 1.8217081E-02 2.1821542E-02 2.5915291E-02 3.0569814E-02 3.5862692E-02 4.1877948E-02 4.8702464E-02 5.6425251E-02 6.5132543E-02 7.4906670E-02 8.5820861E-02 9.7938836E-02 0.1113100 0.1259701 0.1419365 0.1592083 0.1777595 0.1975366 0.2184442 0.2403339 0.2629717 0.2860053 0.3089003 0.3309264 0.3512348 0.3692274 0.3848053 0.3981099 0.4093803 0.4188207 0.4266076 0.4328544 0.4376417 0.4409927 0.4428978 0.4432878 0.4420514 0.4390026 0.4338898 0.4263580 0.4159591 0.4021461 0.3844281 0.3627248 0.3379718 0.3119310 0.2861273 0.2615075 0.2385005 0.2172609
9.3007088E-03 1.1414616E-02 1.3786987E-02 1.6455360E-02 1.9463411E-02 2.2859816E-02 2.6699824E-02 3.1043479E-02 3.5956383E-02 4.1506685E-02 4.7764935E-02 5.4799706E-02 6.2676676E-02 7.1453668E-02 8.1179760E-02 9.1890343E-02 0.1036072 0.1163336 0.1300547 0.1447317 0.1603016 0.1766685 0.1937008 0.2112179 0.2289847 0.2466955 0.2639789 0.2804076 0.2956101 0.3093387 0.3214707 0.3320382 0.3411138 0.3487976 0.3551637 0.3602769 0.3641644 0.3668353 0.3682576 0.3683760 0.3670873 0.3642561 0.3596906 0.3531629 0.3444000 0.3331481 0.3192536 0.3028732 0.2845576 0.2651555 0.2455761 0.2264699 0.2082520 0.1911301
1.0736305E-02 1.2747287E-02 1.4995882E-02 1.7515490E-02 2.0343354E-02 2.3521675E-02 2.7096413E-02 3.1117996E-02 3.5639245E-02 4.0715158E-02 4.6399858E-02 5.2745558E-02 5.9798628E-02 6.7598455E-02 7.6173149E-02 8.5539021E-02 9.5696382E-02 0.1066300 0.1183045 0.1306655 0.1436339 0.1571070 0.1709524 0.1850091 0.1990822 0.2129514 0.2263740 0.2391179 0.2509588 0.2617351 0.2713884 0.2798941 0.2872792 0.2935704 0.2988065 0.3030047 0.3061785 0.3083129 0.3093825 0.3093294 0.3080803 0.3055272 0.3015465 0.2959880 0.2887107 0.2795990 0.2686443 0.2559836 0.2419823 0.2271657 0.2120394 0.1970600 0.1825436 0.1687002
1.1868285E-02 1.3772003E-02 1.5892701E-02 1.8258724E-02 2.0902263E-02 2.3858227E-02 2.7165122E-02 3.0863373E-02 3.4995548E-02 3.9603870E-02 4.4729739E-02 5.0410397E-02 5.6678258E-02 6.3556992E-02 7.1061172E-02 7.9192512E-02 8.7940171E-02 9.7277381E-02 0.1071624 0.1175352 0.1283193 0.1394182 0.1507186 0.1620872 0.1733778 0.1844295 0.1950808 0.2051705 0.2145800 0.2232211 0.2310189 0.2379523 0.2440082 0.2491974 0.2535213 0.2569880 0.2595875 0.2613078 0.2621150 0.2619694 0.2608075 0.2585603 0.2551397 0.2504639 0.2444549 0.2370808 0.2283691 0.2184646 0.2075925 0.1960487 0.1841872 0.1723045 0.1606492 0.1493914
1.2734328E-02 1.4529001E-02 1.6519910E-02 1.8731529E-02 2.1190429E-02 2.3925856E-02 2.6968647E-02 3.0351503E-02 3.4107149E-02 3.8268149E-02 4.2864420E-02 4.7922604E-02 5.3463187E-02 5.9499905E-02 6.6036813E-02 7.3068254E-02 8.0576189E-02 8.8531092E-02 9.6889503E-02 0.1055958 0.1145801 0.1237612 0.1330444 0.1423272 0.1514973 0.1604425 0.1690502 0.1772239 0.1848644 0.1918949 0.1982797 0.2039820 0.2089912 0.2132930 0.2168863 0.2197589 0.2219035 0.2232970 0.2239174 0.2237251 0.2226809 0.2207307 0.2178257 0.2139136 0.2089659 0.2029755 0.1959912 0.1881037 0.1794852 0.1703561 0.1609232 0.1514044 0.1419742 0.1327753
1.3373995E-02 1.5059395E-02 1.6921438E-02 1.8980287E-02 2.1258302E-02 2.3778936E-02 2.6567245E-02 2.9648473E-02 3.3048127E-02 3.6789987E-02 4.0895980E-02 4.5383606E-02 5.0265834E-02 5.5548452E-02 6.1230134E-02 6.7300059E-02 7.3738702E-02 8.0515780E-02 8.7591887E-02 9.4916619E-02 0.1024314 0.1100677 0.1177513 0.1254005 0.1329325 0.1402612 0.1473060 0.1539858 0.1602457 0.1660388 0.1713143 0.1760486 0.1802162 0.1838073 0.1868050 0.1892013 0.1909776 0.1921198 0.1926014 0.1923988 0.1914772 0.1898070 0.1873527 0.1840932 0.1800136 0.1751306 0.1694840 0.1631659 0.1562832 0.1489667 0.1413838 0.1336778 0.1259863 0.1184158
1.3823340E-02 1.5401200E-02 1.7136846E-02 1.9047344E-02 2.1150621E-02 2.3465911E-02 2.6012635E-02 2.8810697E-02 3.1878941E-02 3.5235148E-02 3.8894180E-02 4.2867832E-02 4.7162794E-02 5.1780690E-02 5.6716044E-02 6.1956871E-02 6.7482866E-02 7.3266767E-02 7.9272754E-02 8.5458606E-02 9.1774367E-02 9.8165460E-02 0.1045713 0.1109298 0.1171757 0.1232468 0.1290822 0.1346314 0.1398367 0.1446518 0.1490525 0.1530075 0.1565008 0.1595113 0.1620287 0.1640349 0.1655191 0.1664609 0.1668454 0.1666481 0.1658507 0.1644282 0.1623660 0.1596491 0.1562820 0.1522785 0.1476816 0.1425435 0.1369576 0.1310348 0.1248724 0.1185844 0.1122661 0.1060052
1.4115618E-02 1.5588649E-02 1.7202269E-02 1.8970193E-02 2.0907260E-02 2.3028428E-02 2.5349246E-02 2.7884530E-02 3.0648658E-02 3.3653978E-02 3.6910973E-02 4.0426414E-02 4.4203684E-02 4.8240874E-02 5.2531332E-02 5.7062071E-02 6.1814707E-02 6.6764191E-02 7.1880393E-02 7.7126883E-02 8.2463421E-02 8.7844640E-02 9.3223460E-02 9.8549522E-02 0.1037736 0.1088451 0.1137174 0.1183420 0.1226880 0.1267260 0.1304191 0.1337483 0.1366895 0.1392302 0.1413517 0.1430438 0.1442890 0.1450763 0.1453871 0.1452092 0.1445242 0.1433220 0.1415894 0.1393268 0.1365366 0.1332414 0.1294711 0.1252842 0.1207361 0.1158927 0.1108444 0.1056661 0.1004365 9.5220022E-02
