T2-onemodel/GL11.grd
DSAA
         100         100
  -20.00000       20.00000    
  -20.00000       20.00000    
  -2.449485       107.4603    
[rows 27 to 53 of 100, columns 0 to 60 of 100]
0.9127301 0.9662631 1.023252 1.083927 1.148517 1.217273 1.290443 1.368299 1.451105 1.539145 1.632695 1.732046 1.837472 1.949262 2.067673 2.192973 2.325380 2.465117 2.612341 2.767191 2.929723 3.099960 3.277804 3.463115 3.655592 3.854876 4.060412 4.271574 4.487504 4.707298 4.929791 5.153879 5.377896 5.600286 5.819569 6.033926 6.241708 6.441004 6.630184 6.807375 6.971098 7.119636 7.251781 7.366055 7.461626 7.537309 7.592714 7.626997 7.640392 7.631831 7.601696 7.549889 7.476967 7.383423 7.269544 7.136112 6.983740 6.813517 6.626317 6.423591 6.206533
0.8951571 0.9519193 1.012475 1.077073 1.145996 1.219517 1.297947 1.381585 1.470765 1.565810 1.667071 1.774883 1.889609 2.011583 2.141163 2.278664 2.424413 2.578683 2.741741 2.913773 3.094944 3.285307 3.484870 3.693486 3.910947 4.136837 4.370659 4.611659 4.858997 5.111525 5.368011 5.626810 5.886539 6.145406 6.401298 6.652264 6.896060 7.130652 7.353754 7.563421 7.757470 7.934211 8.091709 8.228662 8.343481 8.435355 8.503062 8.546286 8.563972 8.556864 8.524498 8.467259 8.385148 8.278511 8.148160 7.994665 7.819041 7.622118 7.405284 7.169712 6.917269
0.8713805 0.9315404 0.9958445 1.064596 1.138100 1.216697 1.300726 1.390561 1.486578 1.589180 1.698770 1.815777 1.940619 2.073742 2.215563 2.366522 2.527012 2.697438 2.878133 3.069423 3.271531 3.484648 3.708820 3.944025 4.190049 4.446575 4.713034 4.988726 5.272638 5.563637 5.860225 6.160893 6.463442 6.765717 7.065563 7.360410 7.647806 7.925000 8.189510 8.438602 8.669986 8.881137 9.070147 9.234875 9.373952 9.485718 9.569475 9.624104 9.649781 9.645251 9.610988 9.546942 9.453814 9.332216 9.182571 9.005812 8.802701 8.574526 8.322376 8.048026 7.753057
0.8401811 0.9038941 0.9721473 1.045268 1.123630 1.207603 1.297607 1.394056 1.497414 1.608140 1.726738 1.853701 1.989566 2.134851 2.290115 2.455874 2.632676 2.821013 3.021388 3.234212 3.459882 3.698667 3.950783 4.216257 4.495024 4.786757 5.090996 5.406937 5.733609 6.069619 6.413392 6.762796 7.115887 7.470163 7.822691 8.170615 8.510708 8.839905 9.154846 9.452518 9.729681 9.983645 10.21153 10.41121 10.58035 10.71757 10.82117 10.89056 10.92446 10.92369 10.88779 10.81728 10.71230 10.57336 10.40145 10.19730 9.962084 9.696780 9.402989 9.082155 8.736565
0.8000559 0.8674926 0.9398786 1.017608 1.101089 1.190770 1.287114 1.390632 1.501840 1.621309 1.749612 1.887370 2.035203 2.193779 2.363751 2.545809 2.740609 2.948835 3.171107 3.408043 3.660164 3.927951 4.211723 4.511717 4.827931 5.160215 5.508090 5.870870 6.247432 6.636427 7.035990 7.444117 7.857918 8.274425 8.690536 9.102582 9.506932 9.899550 10.27663 10.63408 10.96827 11.27536 11.55223 11.79560 12.00316 12.17241 12.30211 12.39070 12.43826 12.44335 12.40666 12.32833 12.20933 12.05054 11.85257 11.61653 11.34333 11.03435 10.69083 10.31476 9.908050
0.7492771 0.8205895 0.8973105 0.9798701 1.068754 1.164461 1.267546 1.378580 1.498194 1.627033 1.765804 1.915221 2.076064 2.249110 2.435197 2.635147 2.849828 3.080070 3.326734 3.590598 3.872442 4.172907 4.492582 4.831843 5.190943 5.569808 5.968170 6.385301 6.820198 7.271274 7.736603 8.213499 8.699308 9.190603 9.683327 10.17334 10.65599 11.12664 11.58029 12.01221 12.41745 12.79160 13.13014 13.42944 13.68581 13.89678 14.05976 14.17367 14.23685 14.25039 14.21392 14.12838 13.99427 13.81250 13.58436 13.31078 12.99304 12.63213 12.22970 11.78723 11.30726
0.6857611 0.7611142 0.8423516 0.9299805 1.024536 1.126611 1.236824 1.355861 1.484432 1.623322 1.773337 1.935359 2.110289 2.299103 2.502786 2.722392 2.958961 3.213593 3.487346 3.781299 4.096442 4.433751 4.794025 5.177975 5.586035 6.018444 6.475027 6.955296 7.458184 7.982230 8.525249 9.084721 9.656941 10.23793 10.82334 11.40800 11.98661 12.55324 13.10208 13.62689 14.12183 14.58080 14.99850 15.36951 15.68965 15.95476 16.16239 16.31011 16.39781 16.42389 16.38964 16.29579 16.14407 15.93596 15.67252 15.35510 14.98466 14.56249 14.08962 13.56790 12.99918
0.6071550 0.6866918 0.7726401 0.8655558 0.9660702 1.074837 1.192592 1.320104 1.458227 1.607849 1.769950 1.945541 2.135735 2.341666 2.564571 2.805696 3.066376 3.347939 3.651781 3.979244 4.331704 4.710413 5.116588 5.551219 6.015161 6.508881 7.032582 7.585880 8.167982 8.777286 9.411650 10.06787 10.74255 11.43119 12.12835 12.82823 13.52424 14.20957 14.87677 15.51852 16.12700 16.69491 17.21469 17.67978 18.08363 18.42134 18.68827 18.88204 19.00033 19.04467 19.01535 18.91451 18.74383 18.50525 18.20082 17.83179 17.39942 16.90444 16.34794 15.73087 15.05527
0.5107158 0.5945889 0.6854156 0.7838495 0.8905809 1.006385 1.132076 1.268569 1.416825 1.577910 1.752941 1.943147 2.149810 2.374330 2.618152 2.882840 3.169983 3.481281 3.818433 4.183210 4.577330 5.002533 5.460405 5.952458 6.479905 7.043734 7.644433 8.282075 8.955973 9.664851 10.40644 11.17786 11.97468 12.79186 13.62366 14.46318 15.30300 16.13475 16.94984 17.73888 18.49257 19.20101 19.85484 20.44440 20.96131 21.39740 21.74689 22.00495 22.17049 22.24188 22.22211 22.11399 21.92148 21.64785 21.29538 20.86593 20.36036 19.77938 19.12304 18.39196 17.58680
0.3935015 0.4818292 0.5777145 0.6818647 0.7950897 0.9182429 1.052287 1.198242 1.357250 1.530515 1.719382 1.925253 2.149688 2.394309 2.660895 2.951285 3.267466 3.611474 3.985479 4.391645 4.832237 5.309439 5.825450 6.382257 6.981721 7.625284 8.314071 9.048487 9.828382 10.65256 11.51904 12.42440 13.36478 14.33474 15.32757 16.33577 17.35065 18.36292 19.36211 20.33741 21.27694 22.16872 22.99983 23.75777 24.42959 25.00387 25.46990 25.82059 26.05090 26.16302 26.15961 26.04699 25.83088 25.51655 25.10801 24.60740 24.01575 23.33279 22.55793 21.68999 20.72865
0.2524053 0.3453200 0.4464020 0.5564783 0.6764333 0.8072657 0.9500411 1.105963 1.276313 1.462524 1.666115 1.888779 2.132301 2.398652 2.689903 3.008313 3.356231 3.736195 4.150807 4.602830 5.095034 5.630293 6.211366 6.841006 7.521669 8.255589 9.044437 9.889385 10.79066 11.74773 12.75874 13.82099 14.92977 16.07946 17.26336 18.47321 19.69980 20.93254 22.16005 23.36950 24.54735 25.67840 26.74679 27.73495 28.62505 29.39825 30.03755 30.52797 30.86194 31.03660 31.06056 30.94478 30.70143 30.33961 29.86506 29.28090 28.58767 27.78441 26.86857 25.83731 24.68726
8.4703654E-02 0.1822896 0.2887164 0.4048802 0.5318103 0.6706017 0.8225062 0.9888576 1.171167 1.371048 1.590308 1.830871 2.094883 2.384614 2.702573 3.051400 3.433968 3.853284 4.312587 4.815187 5.364605 5.964347 6.618030 7.329103 8.100948 8.936512 9.838413 10.80844 11.84772 12.95610 14.13241 15.37374 16.67649 18.03512 19.44252 20.89047 22.36927 23.86819 25.37491 26.87605 28.35627 29.79879 31.18405 32.49038 33.69240 34.76225 35.66879 36.38234 36.87897 37.15527 37.22360 37.10952 36.83537 36.41734 35.86493 35.18224 34.36957 33.42422 32.34159 31.11534 29.73864
-0.1111227 -8.7744948E-03 0.1030900 0.2255109 0.3596042 0.5066471 0.6680136 0.8452702 1.040103 1.254412 1.490237 1.749871 2.035755 2.350622 2.697355 3.079158 3.499385 3.961711 4.469955 5.028231 5.640735 6.311904 7.046119 7.847867 8.721345 9.670599 10.69904 11.80956 13.00393 14.28307 15.64629 17.09193 18.61596 20.21339 21.87791 23.60157 25.37537 27.18881 29.03038 30.88687 32.74361 34.58330 36.38596 38.12690 39.77599 41.29410 42.63179 43.72667 44.51514 44.96209 45.10024 44.98873 44.67604 44.19017 43.54519 42.74640 41.79314 40.68067 39.40079 37.94301 36.29446
-0.3328311 -0.2256783 -0.1082858 2.0505350E-02 0.1619405 0.3174627 0.4886241 0.6772028 0.8851231 1.114558 1.367869 1.647699 1.956893 2.298629 2.676316 3.093696 3.554765 4.063864 4.625588 5.244826 5.926685 6.676493 7.499664 8.401639 9.387756 10.46302 11.63200 12.89848 14.26537 15.73426 17.30553 18.97768 20.74847 22.61372 24.56760 26.60350 28.71343 30.88881 33.11977 35.39577 37.70460 40.03256 42.36272 44.67425 46.93831 49.11393 51.13572 52.89577 54.22173 54.96830 55.20158 55.08932 54.72530 54.15632 53.40038 52.46486 51.34621 50.03759 48.52512 46.79319 44.82013
-0.5687324 -0.4567317 -0.3337925 -0.1985245 -4.9638938E-02 0.1145855 0.2957856 0.4960966 0.7175767 0.9628438 1.234474 1.535646 1.869522 2.239935 2.650712 3.106398 3.611517 4.171363 4.791180 5.476970 6.234597 7.070641 7.991343 9.003518 10.11334 11.32724 12.65057 14.08852 15.64463 17.32196 19.12139 21.04331 23.08517 25.24428 27.51632 29.89637 32.37844 34.95656 37.62398 40.37433 43.20028 46.09467 49.04818 52.04967 55.08013 58.10699 61.05564 63.75275 65.80901 66.87437 67.17070 67.02869 66.59081 65.91758 65.02907 63.93200 62.61964 61.08070 59.29505 57.23899 54.88023
-0.7953254 -0.6785585 -0.5500023 -0.4082870 -0.2518060 -7.8812011E-02 0.1127206 0.3249957 0.5605623 0.8221837 1.113026 1.436511 1.796519 2.197245 2.643384 3.139966 3.692538 4.307012 4.989824 5.747705 6.587856 7.517674 8.544848 9.677030 10.92188 12.28659 13.77798 15.40187 17.16322 19.06550 21.11100 23.30011 25.63279 28.10727 30.72059 33.46978 36.35125 39.36208 42.49930 45.76123 49.14634 52.65447 56.28435 60.03279 63.88477 67.79182 71.59938 74.89296 77.07734 78.07978 78.31513 78.09342 77.55350 76.74950 75.70352 74.41547 72.87702 71.06758 68.96185 66.52266 63.70686
-0.9940200 -0.8725039 -0.7384266 -0.5902315 -0.4261889 -0.2442970 -4.2355936E-02 0.1821816 0.4321246 0.7106798 1.021377 1.368212 1.755554 2.188330 2.671858 3.212059 3.815264 4.488438 5.238940 6.074687 7.003910 8.035281 9.177551 10.43965 11.83025 13.35774 15.02979 16.85331 18.83391 20.97617 23.28302 25.75647 28.39640 31.20234 34.17349 37.30846 40.60650 44.06712 47.69139 51.48106 55.43978 59.57082 63.87593 68.34536 72.93431 77.48695 81.57133 84.53467 86.19426 86.89260 86.96749 86.61768 85.93997 84.97829 83.74373 82.23329 80.42863 78.30412 75.82066 72.93098 69.57040
-1.158602 -1.032467 -0.8929461 -0.7383783 -0.5668015 -0.3760616 -0.1636344 7.3263437E-02 0.3378559 0.6336974 0.9648666 1.335840 1.751694 2.217982 2.740907 3.327193 3.984220 4.719900 5.542808 6.461911 7.486741 8.627048 9.892891 11.29420 12.84081 14.54195 16.40627 18.44126 20.65338 23.04757 25.62759 28.39547 31.35320 34.50140 37.84010 41.36998 45.09187 49.00817 53.12185 57.43775 61.96013 66.69133 71.62123 76.70296 81.77518 86.39466 89.88786 92.04045 93.15691 93.55129 93.43260 92.92032 92.07646 90.92500 89.47040 87.69807 85.58373 83.08798 80.16158 76.73643 72.72832
-1.288741 -1.158125 -1.013350 -0.8525432 -0.6736044 -0.4740937 -0.2512823 -1.9973603E-03 0.2773070 0.5906945 0.9426960 1.338468 1.783714 2.284840 2.848855 3.483516 4.197199 4.999013 5.898626 6.906322 8.032764 9.289013 10.68614 12.23525 13.94699 15.83150 17.89794 20.15448 22.60785 25.26367 28.12599 31.19815 34.48158 37.97785 41.68879 45.61600 49.76236 54.13115 58.72716 63.55424 68.61383 73.89401 79.34502 84.80083 89.81108 93.69181 96.21471 97.66715 98.34972 98.46783 98.14227 97.44224 96.40100 95.02912 93.31588 91.23926 88.76043 85.82974 82.37730 78.31615 73.52834
-1.386189 -1.251341 -1.101517 -0.9347386 -0.7486508 -0.5406308 -0.3076072 -4.6128247E-02 0.2478226 0.5787310 0.9517630 1.372660 1.847950 2.384824 2.991321 3.676182 4.448976 5.319958 6.300110 7.400898 8.634309 10.01249 11.54768 13.25182 15.13643 17.21214 19.48870 21.97442 24.67644 27.60032 30.75053 34.12997 37.74197 41.58878 45.67236 49.99576 54.56213 59.37585 64.43994 69.75459 75.30608 81.04213 86.79326 92.10461 96.28631 99.10300 100.8342 101.7734 102.1193 101.9878 101.4498 100.5421 99.27771 97.64922 95.63679 93.20265 90.29723 86.85005 82.77268 77.94499 72.21706
-1.453157 -1.314335 -1.159804 -0.9873536 -0.7944962 -0.5783086 -0.3354737 -6.2120728E-02 0.2461279 0.5943391 0.9882166 1.434273 1.939782 2.512918 3.162684 3.899020 4.732629 5.675098 6.738639 7.936064 9.280516 10.78533 12.46366 14.32834 16.39143 18.66407 21.15616 23.87629 26.83151 30.02769 33.46931 37.16036 41.10307 45.30018 49.75508 54.47074 59.45102 64.69812 70.21110 75.97469 81.93471 87.91917 93.47028 97.89452 100.9524 102.9187 104.0819 104.6358 104.6930 104.3244 103.5652 102.4282 100.9082 98.98584 96.62357 93.77197 90.36020 86.29926 81.46779 75.71431 68.85428
-1.491676 -1.349265 -1.190388 -1.012735 -0.8135568 -0.5897404 -0.3376164 -5.3002421E-02 0.2689877 0.6338972 1.048112 1.518836 2.054258 2.663474 3.356627 4.144778 5.039967 6.055015 7.203525 8.499506 9.957359 11.59142 13.41581 15.44396 17.68851 20.16083 22.87106 25.82772 29.03801 32.50755 36.24099 40.24160 44.51347 49.05970 53.88294 58.98655 64.37211 70.03762 75.96665 82.10352 88.27454 94.01989 98.64381 101.9042 104.0730 105.4359 106.1837 106.4268 106.2336 105.6356 104.6459 103.2585 101.4524 99.18972 96.42099 93.07482 89.06158 84.25935 78.51580 71.64535 63.52251
-1.503338 -1.357737 -1.195023 -1.012685 -0.8078220 -0.5770369 -0.3164062 -2.1339819E-02 0.3134671 0.6941329 1.127653 1.622041 2.186323 2.830659 3.566264 4.405466 5.361544 6.448699 7.681776 9.076102 10.64716 12.41033 14.38048 16.57175 18.99715 21.66839 24.59570 27.78777 31.25175 34.99355 39.01786 43.32904 47.92955 52.82250 58.01117 63.49649 69.27567 75.33125 81.60643 87.92627 93.82954 98.61903 102.0511 104.3960 105.9376 106.8649 107.2862 107.2674 106.8383 106.0111 104.7768 103.1118 100.9780 98.32351 95.07530 91.14273 86.40302 80.70334 73.85767 65.74010 56.64490
-1.489081 -1.340794 -1.174789 -0.9884377 -0.7786275 -0.5417528 -0.2735801 3.0816507E-02 0.3771935 0.7721822 1.223462 1.739766 2.331054 3.008456 3.784349 4.672245 5.686729 6.843263 8.158001 9.647418 11.32813 13.21640 15.32794 17.67746 20.27854 23.14324 26.28218 29.70427 33.41704 37.42641 41.73732 46.35325 51.27851 56.51564 62.06483 67.92243 74.07012 80.45001 86.88618 92.91634 97.84234 101.4195 103.9173 105.6187 106.7119 107.3042 107.4603 107.2092 106.5609 105.5024 104.0086 102.0379 99.53396 96.42108 92.60677 87.96675 82.34734 75.56222 67.48547 58.41162 49.43964
-1.449168 -1.298747 -1.130125 -0.9405106 -0.7266518 -0.4847231 -0.2102377 0.1020755 0.4583641 0.8657854 1.332604 1.868319 2.483705 3.190884 4.003298 4.935635 6.003653 7.224057 8.614150 10.19155 11.97384 13.97825 16.22128 18.71842 21.48394 24.53067 27.86993 31.51145 35.46338 39.73250 44.32417 49.24295 54.49034 60.06671 65.96794 72.17464 78.62778 85.15036 91.27914 96.31511 100.0130 102.6419 104.4845 105.7289 106.4825 106.8099 106.7395 106.2799 105.4164 104.1217 102.3486 100.0353 97.10258 93.45279 88.95783 83.46206 76.77838 68.78111 59.76538 50.83118 42.94658
-1.383163 -1.231240 -1.060719 -0.8687203 -0.6518411 -0.4060865 -0.1267360 0.1917534 0.5559088 0.9733175 1.452796 2.004485 2.639940 3.372134 4.215475 5.185663 6.299529 7.574810 9.029835 10.68319 12.55341 14.65859 17.01619 19.64269 22.55350 25.76274 29.28318 33.12605 37.30107 41.81607 46.67699 51.88691 57.44774 63.35383 69.58421 76.07825 82.65742 88.85714 93.97745 97.77235 100.5107 102.4752 103.8545 104.7567 105.2477 105.3566 105.0930 104.4424 103.3752 101.8394 99.76810 97.07405 93.64914 89.35887 84.04333 77.51321 69.64251 60.72756 51.86998 44.03985 37.39773
-1.289995 -1.137239 -0.9656315 -0.7722068 -0.5534635 -0.3052677 -2.2735136E-02 0.2999131 0.6694732 1.093899 1.582445 2.145765 2.796024 3.546899 4.413532 5.412420 6.561193 7.878375 9.383069 11.09460 13.03229 15.21510 17.66154 20.38941 23.41584 26.75701 30.42825 34.44361 38.81564 43.55475 48.66826 54.15933 60.02096 66.23169 72.72894 79.33166 85.57291 90.75091 94.61851 97.44387 99.50986 101.0056 102.0405 102.6821 102.9622 102.8927 102.4614 101.6400 100.3754 98.59669 96.20568 93.08102 89.07668 84.02068 77.71660 70.03644 61.27755 52.54441 44.81043 38.23955 32.68373
