T2-onemodel/GL11.grd
DSAA
         100         100
  -20.00000       20.00000    
  -20.00000       20.00000    
 -2.8458141E-02   1.171817    
[rows 0 to 23 of 100, columns 0 to 53 of 100]
7.8010829E-03 7.9475483E-03 8.0976626E-03 8.2513858E-03 8.4087467E-03 8.5696466E-03 8.7340679E-03 8.9019043E-03 9.0731336E-03 9.2476001E-03 9.4252378E-03 9.6058371E-03 9.7893057E-03 9.9753896E-03 1.0163970E-02 1.0354741E-02 1.0547543E-02 1.0742005E-02 1.0937929E-02 1.1134882E-02 1.1332639E-02 1.1530694E-02 1.1728796E-02 1.1926335E-02 1.2123056E-02 1.2318200E-02 1.2511410E-02 1.2701438E-02 1.2888959E-02 1.3073473E-02 1.3253674E-02 1.3429397E-02 1.3599578E-02 1.3764118E-02 1.3921861E-02 1.4072781E-02 1.4215661E-02 1.4350580E-02 1.4476246E-02 1.4592876E-02 1.4699116E-02 1.4795351E-02 1.4880156E-02 1.4954137E-02 1.5015779E-02 1.5065962E-02 1.5103093E-02 1.5129063E-02 1.5141431E-02 1.5140503E-02 1.5126152E-02 1.5098668E-02 1.5056623E-02 1.5002587E-02
7.9052504E-03 8.0603221E-03 8.2193874E-03 8.3824918E-03 8.5495608E-03 8.7205945E-03 8.8955071E-03 9.0743043E-03 9.2568453E-03 9.4430847E-03 9.6328398E-03 9.8260278E-03 1.0022425E-02 1.0221923E-02 1.0424235E-02 1.0629215E-02 1.0836508E-02 1.1045923E-02 1.1257041E-02 1.1469634E-02 1.1683204E-02 1.1897491E-02 1.2111895E-02 1.2326135E-02 1.2539513E-02 1.2751785E-02 1.2962257E-02 1.3171092E-02 1.3376443E-02 1.3577617E-02 1.3774718E-02 1.3966667E-02 1.4153275E-02 1.4333347E-02 1.4506760E-02 1.4672238E-02 1.4829752E-02 1.4977950E-02 1.5116923E-02 1.5245260E-02 1.5363202E-02 1.5469275E-02 1.5563929E-02 1.5645614E-02 1.5715022E-02 1.5770493E-02 1.5813021E-02 1.5840130E-02 1.5853895E-02 1.5853699E-02 1.5839517E-02 1.5810996E-02 1.5769688E-02 1.5713142E-02
8.0117546E-03 8.1759542E-03 8.3446037E-03 8.5176481E-03 8.6951144E-03 8.8769412E-03 9.0631507E-03 9.2536351E-03 9.4483709E-03 9.6471971E-03 9.8500596E-03 1.0056753E-02 1.0267192E-02 1.0481113E-02 1.0698386E-02 1.0918682E-02 1.1141819E-02 1.1367395E-02 1.1595191E-02 1.1824724E-02 1.2055723E-02 1.2287607E-02 1.2520068E-02 1.2752413E-02 1.2984312E-02 1.3214906E-02 1.3443747E-02 1.3669432E-02 1.3892582E-02 1.4112580E-02 1.4327961E-02 1.4538438E-02 1.4742773E-02 1.4940737E-02 1.5131004E-02 1.5313421E-02 1.5486578E-02 1.5650433E-02 1.5803501E-02 1.5945883E-02 1.6076032E-02 1.6194237E-02 1.6298892E-02 1.6390506E-02 1.6467392E-02 1.6530402E-02 1.6577778E-02 1.6611429E-02 1.6628742E-02 1.6630011E-02 1.6615044E-02 1.6584132E-02 1.6535750E-02 1.6472658E-02
8.1203068E-03 8.2942666E-03 8.4730582E-03 8.6567365E-03 8.8452641E-03 9.0386923E-03 9.2369393E-03 9.4400086E-03 9.6477689E-03 9.8601934E-03 1.0077104E-02 1.0298439E-02 1.0523969E-02 1.0753580E-02 1.0986975E-02 1.1223988E-02 1.1464242E-02 1.1707532E-02 1.1953393E-02 1.2201562E-02 1.2451471E-02 1.2702803E-02 1.2954884E-02 1.3207361E-02 1.3459438E-02 1.3710789E-02 1.3960592E-02 1.4208934E-02 1.4453771E-02 1.4694279E-02 1.4930455E-02 1.5161028E-02 1.5385670E-02 1.5602999E-02 1.5812745E-02 1.6013425E-02 1.6204864E-02 1.6385494E-02 1.6555261E-02 1.6712537E-02 1.6857442E-02 1.6988287E-02 1.7105395E-02 1.7207019E-02 1.7293788E-02 1.7363846E-02 1.7418141E-02 1.7453991E-02 1.7473532E-02 1.7476043E-02 1.7461458E-02 1.7429395E-02 1.7381508E-02 1.7315181E-02
8.2308296E-03 8.4151030E-03 8.6047314E-03 8.7997047E-03 9.0001076E-03 9.2058852E-03 9.4170729E-03 9.6335718E-03 9.8553821E-03 1.0082368E-02 1.0314491E-02 1.0551552E-02 1.0793475E-02 1.1039986E-02 1.1290952E-02 1.1546022E-02 1.1805012E-02 1.2067486E-02 1.2333193E-02 1.2601589E-02 1.2872357E-02 1.3144842E-02 1.3418673E-02 1.3693064E-02 1.3967600E-02 1.4241292E-02 1.4513579E-02 1.4782885E-02 1.5049768E-02 1.5313452E-02 1.5572263E-02 1.5825758E-02 1.6072497E-02 1.6312093E-02 1.6542986E-02 1.6764857E-02 1.6976057E-02 1.7176369E-02 1.7364068E-02 1.7539091E-02 1.7699653E-02 1.7845888E-02 1.7975943E-02 1.8090235E-02 1.8186852E-02 1.8266564E-02 1.8327413E-02 1.8371329E-02 1.8395470E-02 1.8400092E-02 1.8384937E-02 1.8350298E-02 1.8294536E-02 1.8220624E-02
8.3429217E-03 8.5381996E-03 8.7393261E-03 8.9464104E-03 9.1594383E-03 9.3784742E-03 9.6034594E-03 9.8344237E-03 1.0071270E-02 1.0313997E-02 1.0562444E-02 1.0816567E-02 1.1076129E-02 1.1341029E-02 1.1610962E-02 1.1885762E-02 1.2165038E-02 1.2448549E-02 1.2735794E-02 1.3026460E-02 1.3319923E-02 1.3615808E-02 1.3913357E-02 1.4212132E-02 1.4511220E-02 1.4810187E-02 1.5108077E-02 1.5404874E-02 1.5698310E-02 1.5987378E-02 1.6271923E-02 1.6550465E-02 1.6822498E-02 1.7086390E-02 1.7341681E-02 1.7586624E-02 1.7820841E-02 1.8042490E-02 1.8251328E-02 1.8445445E-02 1.8624768E-02 1.8787332E-02 1.8933320E-02 1.9060718E-02 1.9170031E-02 1.9259166E-02 1.9329011E-02 1.9376621E-02 1.9404156E-02 1.9410770E-02 1.9396372E-02 1.9360512E-02 1.9304959E-02 1.9226909E-02
8.4563680E-03 8.6633097E-03 8.8767447E-03 9.0966923E-03 9.3232514E-03 9.5564080E-03 9.7962292E-03 1.0042657E-02 1.0295732E-02 1.0555337E-02 1.0821464E-02 1.1093928E-02 1.1372659E-02 1.1657398E-02 1.1948021E-02 1.2244174E-02 1.2545654E-02 1.2851997E-02 1.3162915E-02 1.3477815E-02 1.3796338E-02 1.4117752E-02 1.4441612E-02 1.4767023E-02 1.5093459E-02 1.5419791E-02 1.5745336E-02 1.6068313E-02 1.6389161E-02 1.6706917E-02 1.7019663E-02 1.7326772E-02 1.7626526E-02 1.7918330E-02 1.8200342E-02 1.8472003E-02 1.8731356E-02 1.8977964E-02 1.9209782E-02 1.9426513E-02 1.9626049E-02 1.9808335E-02 1.9971218E-02 2.0114934E-02 2.0237289E-02 2.0338949E-02 2.0417688E-02 2.0475419E-02 2.0509025E-02 2.0518718E-02 2.0504141E-02 2.0465579E-02 2.0401249E-02 2.0314366E-02
8.5706497E-03 8.7900525E-03 9.0165418E-03 9.2502534E-03 9.4912089E-03 9.7395303E-03 9.9951923E-03 1.0258287E-02 1.0528741E-02 1.0806596E-02 1.1091713E-02 1.1384073E-02 1.1683463E-02 1.1989809E-02 1.2302807E-02 1.2622301E-02 1.2947867E-02 1.3279256E-02 1.3615930E-02 1.3957543E-02 1.4303409E-02 1.4653095E-02 1.5005735E-02 1.5360804E-02 1.5717248E-02 1.6074527E-02 1.6431516E-02 1.6788062E-02 1.7141620E-02 1.7490983E-02 1.7835805E-02 1.8174332E-02 1.8505817E-02 1.8828327E-02 1.9141130E-02 1.9442152E-02 1.9730734E-02 2.0004697E-02 2.0263499E-02 2.0504879E-02 2.0728506E-02 2.0932073E-02 2.1115521E-02 2.1276517E-02 2.1415383E-02 2.1529723E-02 2.1620287E-02 2.1683836E-02 2.1722512E-02 2.1735320E-02 2.1722112E-02 2.1682352E-02 2.1617921E-02 2.1525800E-02
8.6854249E-03 8.9180283E-03 9.1584641E-03 9.4067976E-03 9.6631916E-03 9.9276751E-03 1.0200385E-02 1.0481304E-02 1.0770520E-02 1.1067950E-02 1.1373635E-02 1.1687416E-02 1.2009273E-02 1.2338962E-02 1.2676381E-02 1.3021166E-02 1.3373115E-02 1.3731746E-02 1.4096757E-02 1.4467517E-02 1.4843609E-02 1.5224218E-02 1.5608822E-02 1.5996398E-02 1.6386326E-02 1.6777303E-02 1.7168479E-02 1.7557830E-02 1.7945673E-02 1.8330799E-02 1.8710999E-02 1.9085370E-02 1.9451894E-02 1.9809658E-02 2.0156473E-02 2.0491462E-02 2.0812288E-02 2.1118166E-02 2.1406649E-02 2.1677123E-02 2.1927090E-02 2.2156173E-02 2.2361850E-02 2.2544108E-02 2.2700388E-02 2.2831151E-02 2.2933859E-02 2.3010347E-02 2.3057185E-02 2.3074482E-02 2.3061765E-02 2.3019280E-02 2.2945067E-02 2.2842621E-02
8.7999711E-03 9.0466551E-03 9.3018841E-03 9.5658675E-03 9.8386947E-03 1.0120543E-02 1.0411459E-02 1.0711582E-02 1.1020898E-02 1.1339500E-02 1.1667298E-02 1.2004336E-02 1.2350437E-02 1.2705559E-02 1.3069415E-02 1.3441860E-02 1.3822477E-02 1.4211030E-02 1.4606945E-02 1.5009855E-02 1.5419008E-02 1.5833899E-02 1.6253572E-02 1.6677400E-02 1.7104197E-02 1.7533265E-02 1.7963277E-02 1.8393932E-02 1.8822368E-02 1.9247113E-02 1.9667571E-02 2.0081643E-02 2.0488271E-02 2.0885129E-02 2.1271138E-02 2.1643791E-02 2.2002056E-02 2.2343272E-02 2.2666547E-02 2.2969134E-02 2.3250340E-02 2.3507403E-02 2.3739941E-02 2.3945179E-02 2.4123160E-02 2.4271095E-02 2.4389550E-02 2.4474880E-02 2.4529194E-02 2.4551282E-02 2.4540897E-02 2.4497380E-02 2.4422759E-02 2.4313744E-02
8.9137340E-03 9.1753257E-03 9.4463648E-03 9.7269882E-03 1.0017432E-02 1.0317801E-02 1.0628301E-02 1.0948974E-02 1.1279989E-02 1.1621322E-02 1.1973092E-02 1.2335198E-02 1.2707667E-02 1.3090293E-02 1.3483014E-02 1.3885489E-02 1.4297549E-02 1.4718704E-02 1.5148656E-02 1.5586719E-02 1.6032448E-02 1.6484948E-02 1.6943626E-02 1.7407333E-02 1.7875314E-02 1.8346079E-02 1.8818593E-02 1.9290555E-02 1.9762101E-02 2.0231735E-02 2.0696864E-02 2.1156261E-02 2.1607487E-02 2.2049256E-02 2.2478903E-02 2.2895126E-02 2.3295064E-02 2.3677498E-02 2.4039444E-02 2.4379842E-02 2.4695657E-02 2.4986111E-02 2.5248151E-02 2.5481394E-02 2.5682796E-02 2.5852544E-02 2.5987672E-02 2.6089879E-02 2.6155330E-02 2.6183980E-02 2.6175171E-02 2.6129104E-02 2.6043616E-02 2.5922487E-02
9.0257162E-03 9.3032168E-03 9.5910337E-03 9.8894602E-03 1.0198667E-02 1.0518921E-02 1.0850341E-02 1.1193158E-02 1.1547437E-02 1.1913370E-02 1.2290942E-02 1.2680259E-02 1.3081210E-02 1.3493815E-02 1.3917833E-02 1.4353178E-02 1.4799459E-02 1.5256459E-02 1.5723590E-02 1.6200475E-02 1.6686315E-02 1.7180566E-02 1.7682165E-02 1.8190393E-02 1.8703884E-02 1.9221792E-02 1.9742578E-02 2.0265723E-02 2.0788005E-02 2.1307621E-02 2.1823647E-02 2.2333564E-02 2.2835899E-02 2.3327831E-02 2.3807803E-02 2.4272736E-02 2.4721086E-02 2.5149597E-02 2.5556840E-02 2.5939452E-02 2.6296234E-02 2.6623800E-02 2.6921291E-02 2.7185347E-02 2.7415622E-02 2.7608795E-02 2.7765149E-02 2.7880533E-02 2.7956931E-02 2.7992833E-02 2.7987877E-02 2.7941233E-02 2.7855052E-02 2.7725741E-02
9.1350684E-03 9.4294194E-03 9.7351586E-03 1.0052511E-02 1.0381826E-02 1.0723287E-02 1.1077207E-02 1.1443733E-02 1.1823137E-02 1.2215501E-02 1.2621029E-02 1.3039698E-02 1.3471634E-02 1.3916701E-02 1.4374916E-02 1.4846000E-02 1.5329832E-02 1.5825950E-02 1.6334066E-02 1.6853493E-02 1.7383771E-02 1.7923949E-02 1.8473351E-02 1.9030709E-02 1.9595126E-02 2.0164916E-02 2.0738825E-02 2.1314239E-02 2.1891048E-02 2.2467393E-02 2.3040239E-02 2.3607926E-02 2.4167487E-02 2.4717130E-02 2.5253557E-02 2.5774898E-02 2.6277624E-02 2.6759895E-02 2.7218018E-02 2.7650323E-02 2.8053032E-02 2.8424777E-02 2.8761795E-02 2.9063184E-02 2.9325260E-02 2.9547781E-02 2.9727226E-02 2.9865026E-02 2.9956829E-02 3.0002387E-02 3.0000770E-02 2.9952096E-02 2.9853927E-02 2.9710405E-02
9.2404624E-03 9.5527759E-03 9.8775290E-03 1.0215129E-02 1.0565847E-02 1.0930074E-02 1.1308045E-02 1.1700124E-02 1.2106483E-02 1.2527435E-02 1.2963069E-02 1.3413613E-02 1.3879051E-02 1.4359514E-02 1.4854857E-02 1.5365085E-02 1.5889848E-02 1.6428998E-02 1.6981980E-02 1.7548446E-02 1.8127576E-02 1.8718794E-02 1.9320954E-02 1.9933239E-02 2.0554127E-02 2.1182602E-02 2.1816870E-02 2.2456175E-02 2.3096859E-02 2.3736710E-02 2.4374407E-02 2.5006894E-02 2.5632149E-02 2.6246691E-02 2.6848337E-02 2.7433269E-02 2.7999239E-02 2.8542185E-02 2.9059948E-02 2.9548315E-02 3.0005351E-02 3.0426823E-02 3.0811204E-02 3.1154346E-02 3.1455327E-02 3.1710114E-02 3.1918526E-02 3.2075774E-02 3.2183602E-02 3.2240119E-02 3.2244742E-02 3.2196429E-02 3.2097466E-02 3.1943876E-02
9.3406364E-03 9.6719787E-03 1.0017035E-02 1.0376152E-02 1.0749808E-02 1.1138328E-02 1.1542168E-02 1.1961609E-02 1.2397069E-02 1.2848758E-02 1.3317022E-02 1.3801968E-02 1.4303868E-02 1.4822710E-02 1.5358634E-02 1.5911460E-02 1.6481170E-02 1.7067371E-02 1.7669868E-02 1.8287987E-02 1.8921293E-02 1.9568803E-02 2.0229798E-02 2.0902894E-02 2.1587089E-02 2.2280458E-02 2.2981519E-02 2.3687284E-02 2.4397362E-02 2.5109453E-02 2.5819981E-02 2.6526703E-02 2.7225990E-02 2.7915364E-02 2.8590739E-02 2.9249454E-02 2.9887082E-02 3.0500935E-02 3.1086341E-02 3.1640735E-02 3.2159362E-02 3.2639999E-02 3.3077925E-02 3.3471476E-02 3.3816081E-02 3.4110866E-02 3.4351531E-02 3.4539126E-02 3.4668606E-02 3.4739390E-02 3.4750193E-02 3.4700990E-02 3.4589007E-02 3.4418773E-02
9.4337389E-03 9.7853523E-03 1.0151945E-02 1.0534069E-02 1.0932151E-02 1.1346743E-02 1.1778239E-02 1.2227162E-02 1.2693852E-02 1.3178778E-02 1.3682200E-02 1.4204516E-02 1.4745878E-02 1.5306576E-02 1.5886607E-02 1.6486114E-02 1.7104890E-02 1.7742906E-02 1.8399701E-02 1.9074989E-02 1.9767987E-02 2.0478137E-02 2.1204250E-02 2.1945450E-02 2.2700068E-02 2.3466902E-02 2.4243895E-02 2.5030024E-02 2.5821120E-02 2.6614504E-02 2.7408326E-02 2.8198831E-02 2.8983323E-02 2.9757466E-02 3.0518223E-02 3.1260796E-02 3.1981971E-02 3.2676578E-02 3.3341400E-02 3.3971086E-02 3.4562640E-02 3.5110686E-02 3.5612721E-02 3.6063485E-02 3.6461215E-02 3.6800880E-02 3.7081644E-02 3.7297841E-02 3.7450835E-02 3.7538178E-02 3.7558999E-02 3.7511948E-02 3.7399415E-02 3.7216950E-02
9.5179463E-03 9.8910211E-03 1.0280593E-02 1.0687169E-02 1.1111414E-02 1.1553827E-02 1.2015050E-02 1.2495552E-02 1.2995944E-02 1.3516622E-02 1.4058151E-02 1.4620834E-02 1.5205147E-02 1.5811253E-02 1.6439505E-02 1.7089888E-02 1.7762579E-02 1.8457331E-02 1.9174082E-02 1.9912265E-02 2.0671539E-02 2.1450941E-02 2.2249782E-02 2.3066601E-02 2.3900295E-02 2.4748731E-02 2.5610188E-02 2.6481267E-02 2.7361266E-02 2.8247338E-02 2.9135218E-02 3.0021977E-02 3.0903112E-02 3.1775251E-02 3.2633260E-02 3.3473402E-02 3.4290027E-02 3.5079230E-02 3.5834998E-02 3.6553524E-02 3.7228674E-02 3.7856996E-02 3.8432430E-02 3.8952172E-02 3.9410423E-02 3.9805379E-02 4.0131684E-02 4.0389750E-02 4.0573627E-02 4.0682241E-02 4.0713824E-02 4.0668078E-02 4.0541802E-02 4.0339969E-02
9.5906835E-03 9.9866064E-03 1.0400546E-02 1.0833255E-02 1.1285353E-02 1.1757605E-02 1.2250611E-02 1.2765116E-02 1.3301683E-02 1.3861023E-02 1.4443636E-02 1.5050163E-02 1.5680976E-02 1.6336629E-02 1.7017342E-02 1.7723504E-02 1.8455129E-02 1.9212389E-02 1.9995002E-02 2.0802867E-02 2.1635305E-02 2.2491878E-02 2.3371413E-02 2.4273034E-02 2.5194958E-02 2.6135862E-02 2.7093420E-02 2.8066317E-02 2.9049832E-02 3.0040711E-02 3.1036463E-02 3.2032490E-02 3.3025179E-02 3.4009106E-02 3.4980100E-02 3.5931990E-02 3.6860231E-02 3.7758123E-02 3.8620990E-02 3.9441839E-02 4.0216204E-02 4.0937040E-02 4.1600417E-02 4.2199533E-02 4.2731360E-02 4.3189500E-02 4.3572120E-02 4.3872356E-02 4.4090956E-02 4.4224709E-02 4.4272292E-02 4.4231892E-02 4.4106018E-02 4.3889638E-02
9.6493522E-03 1.0069453E-02 1.0509375E-02 1.0969844E-02 1.1451755E-02 1.1955836E-02 1.2482982E-02 1.3033913E-02 1.3609510E-02 1.4210451E-02 1.4837582E-02 1.5491479E-02 1.6172916E-02 1.6882354E-02 1.7620442E-02 1.8387465E-02 1.9183867E-02 2.0009669E-02 2.0865073E-02 2.1749726E-02 2.2663495E-02 2.3605561E-02 2.4575340E-02 2.5571384E-02 2.6592568E-02 2.7636616E-02 2.8701583E-02 2.9783677E-02 3.0881813E-02 3.1992540E-02 3.3110779E-02 3.4232724E-02 3.5352789E-02 3.6466405E-02 3.7567012E-02 3.8649414E-02 3.9706249E-02 4.0731937E-02 4.1718613E-02 4.2660639E-02 4.3549925E-02 4.4381227E-02 4.5146544E-02 4.5841444E-02 4.6458367E-02 4.6994116E-02 4.7441848E-02 4.7800988E-02 4.8064332E-02 4.8230086E-02 4.8295729E-02 4.8260652E-02 4.8121031E-02 4.7882378E-02
9.6903844E-03 1.0136200E-02 1.0603660E-02 1.1093770E-02 1.1607411E-02 1.2145610E-02 1.2709249E-02 1.3299389E-02 1.3916891E-02 1.4562803E-02 1.5237931E-02 1.5943268E-02 1.6679546E-02 1.7447675E-02 1.8248234E-02 1.9081984E-02 1.9949269E-02 2.0850625E-02 2.1786094E-02 2.2755895E-02 2.3759611E-02 2.4797039E-02 2.5867173E-02 2.6969254E-02 2.8101502E-02 2.9262567E-02 3.0449891E-02 3.1661917E-02 3.2893319E-02 3.4140211E-02 3.5399340E-02 3.6665089E-02 3.7932668E-02 3.9195210E-02 4.0446978E-02 4.1680008E-02 4.2887844E-02 4.4061687E-02 4.5194745E-02 4.6277717E-02 4.7303904E-02 4.8263941E-02 4.9151763E-02 4.9958345E-02 5.0678771E-02 5.1304705E-02 5.1832765E-02 5.2254446E-02 5.2569505E-02 5.2773621E-02 5.2864831E-02 5.2840713E-02 5.2703805E-02 5.2448343E-02
9.7099422E-03 1.0182952E-02 1.0679753E-02 1.1201339E-02 1.1748908E-02 1.2323489E-02 1.2926321E-02 1.3558459E-02 1.4221152E-02 1.4915438E-02 1.5642563E-02 1.6403509E-02 1.7199483E-02 1.8031361E-02 1.8900253E-02 1.9806856E-02 2.0752082E-02 2.1736372E-02 2.2760389E-02 2.3824153E-02 2.4927935E-02 2.6071217E-02 2.7253708E-02 2.8474158E-02 2.9731572E-02 3.1023638E-02 3.2348320E-02 3.3701438E-02 3.5081584E-02 3.6484633E-02 3.7904605E-02 3.9336611E-02 4.0773660E-02 4.2209618E-02 4.3636069E-02 4.5045756E-02 4.6429001E-02 4.7777835E-02 4.9081698E-02 5.0332315E-02 5.1518776E-02 5.2633148E-02 5.3664684E-02 5.4606441E-02 5.5448323E-02 5.6185000E-02 5.6807488E-02 5.7313666E-02 5.7694603E-02 5.7947401E-02 5.8068551E-02 5.8056850E-02 5.7907742E-02 5.7627324E-02
9.7030867E-03 1.0204992E-02 1.0732862E-02 1.1288023E-02 1.1871682E-02 1.2485237E-02 1.3129944E-02 1.3807257E-02 1.4518447E-02 1.5265007E-02 1.6048202E-02 1.6869521E-02 1.7730182E-02 1.8631620E-02 1.9574929E-02 2.0561431E-02 2.1592004E-02 2.2667766E-02 2.3789272E-02 2.4957292E-02 2.6171891E-02 2.7433349E-02 2.8741045E-02 3.0094577E-02 3.1492390E-02 3.2933243E-02 3.4414548E-02 3.5934594E-02 3.7487518E-02 3.9068807E-02 4.0674340E-02 4.2297266E-02 4.3931309E-02 4.5567762E-02 4.7198787E-02 4.8813954E-02 5.0404176E-02 5.1957633E-02 5.3464472E-02 5.4912042E-02 5.6290381E-02 5.7586703E-02 5.8791719E-02 5.9893161E-02 6.0883205E-02 6.1750624E-02 6.2489752E-02 6.3089654E-02 6.3548550E-02 6.3860580E-02 6.4022757E-02 6.4031795E-02 6.3890278E-02 6.3591488E-02
9.6643390E-03 1.0196770E-02 1.0757701E-02 1.1348488E-02 1.1970710E-02 1.2625801E-02 1.3315437E-02 1.4041114E-02 1.4804577E-02 1.5607366E-02 1.6451281E-02 1.7337868E-02 1.8268915E-02 1.9245923E-02 2.0270634E-02 2.1344412E-02 2.2468854E-02 2.3645081E-02 2.4874441E-02 2.6157634E-02 2.7495595E-02 2.8888425E-02 3.0336430E-02 3.1838831E-02 3.3395059E-02 3.5003033E-02 3.6660828E-02 3.8364101E-02 4.0111236E-02 4.1897509E-02 4.3715913E-02 4.5560293E-02 4.7421981E-02 4.9292836E-02 5.1161919E-02 5.3019226E-02 5.4851815E-02 5.6648243E-02 5.8394115E-02 6.0077287E-02 6.1682668E-02 6.3198328E-02 6.4609356E-02 6.5905012E-02 6.7071356E-02 6.8099856E-02 6.8978243E-02 6.9702059E-02 7.0259817E-02 7.0646986E-02 7.0858546E-02 7.0892550E-02 7.0743404E-02 7.0418015E-02
9.5866388E-03 1.0151464E-02 1.0747381E-02 1.1376127E-02 1.2039341E-02 1.2738885E-02 1.3476492E-02 1.4254161E-02 1.5073705E-02 1.5937224E-02 1.6846610E-02 1.7804019E-02 1.8811345E-02 1.9870784E-02 2.0984186E-02 2.2153674E-02 2.3380948E-02 2.4667984E-02 2.6016191E-02 2.7427197E-02 2.8901927E-02 3.0441517E-02 3.2046106E-02 3.3716030E-02 3.5450310E-02 3.7248243E-02 3.9107494E-02 4.1026525E-02 4.2999133E-02 4.5020256E-02 4.7084931E-02 4.9184930E-02 5.1312204E-02 5.3455714E-02 5.5604871E-02 5.7745878E-02 5.9865918E-02 6.1948922E-02 6.3980542E-02 6.5943234E-02 6.7822143E-02 6.9599323E-02 7.1260594E-02 7.2788693E-02 7.4171349E-02 7.5392954E-02 7.6444171E-02 7.7310495E-02 7.7987716E-02 7.8467600E-02 7.8745723E-02 7.8817576E-02 7.8685753E-02 7.8342333E-02
