T2-onemodel/GL11.grd
DSAA
         100         100
  -20.00000       20.00000    
  -20.00000       20.00000    
  -2.449485       107.4603    
[rows 54 to 80 of 100, columns 0 to 60 of 100]
-1.168031 -1.015162 -0.8433230 -0.6495118 -0.4301598 -0.1810610 0.1027915 0.4273051 0.7994696 1.227457 1.720808 2.290524 2.949144 3.710786 4.591029 5.606823 6.776212 8.118130 9.652021 11.39764 13.37474 15.60306 18.10208 20.89123 23.98980 27.41711 31.19234 35.33429 39.86057 44.78596 50.11960 55.85968 61.98733 68.43614 75.02018 81.26778 86.47346 90.38724 93.27575 95.42110 97.01273 98.16119 98.93611 99.37222 99.48566 99.26913 98.69955 97.72884 96.28716 94.27077 91.54576 87.94344 83.26458 77.29559 69.90077 61.37730 52.83393 45.25000 38.79534 33.32721 28.66835
-1.015468 -0.8632254 -0.6920509 -0.4989404 -0.2803129 -3.1935651E-02 0.2512222 0.5751177 0.9467933 1.374499 1.867871 2.437996 3.097538 3.860668 4.743051 5.761587 6.934280 8.279857 9.817626 11.56710 13.54806 15.78036 18.28428 21.08049 24.19076 27.63789 31.44642 35.64202 40.25093 45.29665 50.79348 56.73241 63.04723 69.54739 75.75208 80.94692 84.87543 87.80006 90.00056 91.66555 92.90599 93.79324 94.36495 94.64178 94.62256 94.29234 93.61279 92.52445 90.93165 88.69958 85.63724 81.50431 76.04374 69.08774 60.92463 52.66921 45.31188 39.03370 33.70152 29.14589 25.23203
-0.8308337 -0.6799624 -0.5103685 -0.3190661 -0.1025288 0.1434530 0.4238288 0.7445122 1.112444 1.535803 2.024056 2.588155 3.240485 3.994959 4.866749 5.872272 7.028762 8.354214 9.866888 11.58544 13.52859 15.71562 18.16627 20.90167 23.94463 27.32090 31.05964 35.19468 39.76364 44.80460 50.34113 56.34138 62.62840 68.70361 73.82881 77.72948 80.65707 82.88485 84.59835 85.90722 86.88355 87.56702 87.98230 88.13403 88.01604 87.60194 86.84896 85.68256 83.99106 81.59603 78.23631 73.57182 67.32832 59.74458 51.93957 44.92735 38.91289 33.78240 29.38073 25.58383 22.28914
-0.6146994 -0.4659471 -0.2988203 -0.1104310 0.1026836 0.3445820 0.6201167 0.9349802 1.295929 1.710805 2.188781 2.740274 3.377161 4.112534 4.960741 5.936984 7.057261 8.337886 9.795499 11.44665 13.30818 15.39701 17.73096 20.32893 23.21226 26.40541 29.93810 33.84669 38.17649 42.97985 48.29628 54.05170 59.79220 64.73177 68.53547 71.41983 73.64044 75.37389 76.72567 77.76631 78.53626 79.06266 79.35490 79.41399 79.22463 78.76014 77.97035 76.77934 75.06063 72.61082 69.08921 64.04906 57.48118 50.42943 43.96246 38.34675 33.51246 29.33340 25.70505 22.53821 19.76578
-0.3733950 -0.2274394 -6.3666463E-02 0.1207947 0.3291598 0.5654228 0.8340923 1.140708 1.491517 1.894071 2.356769 2.889518 3.503052 4.209599 5.021868 5.953754 7.018977 8.232062 9.606652 11.15700 12.89610 14.83796 16.99541 19.38344 22.01645 24.91308 28.09261 31.58198 35.40995 39.61323 44.20113 49.01835 53.46089 57.02572 59.79248 61.95789 63.67733 65.04276 66.12233 66.95229 67.56308 67.96426 68.16482 68.15468 67.92302 67.43553 66.65132 65.49046 63.84360 61.50752 58.16410 53.44118 47.77298 42.21600 37.21704 32.81854 28.95654 25.56443 22.57523 19.93803 17.60423
-0.1255758 1.6864466E-02 0.1765534 0.3560463 0.5585581 0.7876552 1.047743 1.343783 1.681763 2.068396 2.511578 3.020004 3.603539 4.272684 5.038805 5.913445 6.908444 8.035228 9.304958 10.72791 12.31380 14.07133 16.00871 18.13319 20.45171 22.97022 25.69396 28.62558 31.76271 35.08782 38.54153 41.94285 44.98009 47.49557 49.53820 51.19688 52.54495 53.63361 54.49955 55.16621 55.64926 55.95521 56.08489 56.03010 55.77584 55.29473 54.54721 53.47127 51.97712 49.92776 47.14035 43.52034 39.42094 35.36200 31.59189 28.17360 25.10218 22.35322 19.89596 17.70067 15.73892
0.1052724 0.2436724 0.3985004 0.5722464 0.7677870 0.9885263 1.238406 1.522055 1.844779 2.212705 2.632734 3.112602 3.660733 4.286189 4.998356 5.806783 6.720738 7.749060 8.899693 10.17961 11.59447 13.14859 14.84464 16.68360 18.66411 20.78211 23.02932 25.39143 27.84379 30.34509 32.82548 35.18168 37.30339 39.13247 40.67739 41.96807 43.03764 43.91160 44.61041 45.14693 45.52988 45.76153 45.84021 45.75745 45.49958 45.04392 44.35914 43.40031 42.10889 40.41133 38.24442 35.62418 32.71928 29.76714 26.92570 24.27205 21.83119 19.60643 17.58782 15.76243 14.11392
0.3075877 0.4414017 0.5908015 0.7580350 0.9457809 1.157089 1.395556 1.665272 1.970986 2.318011 2.712368 3.160601 3.669839 4.247480 4.901147 5.638233 6.465785 7.390012 8.416201 9.548213 10.78852 12.13771 13.59451 15.15516 16.81333 18.55903 20.37815 22.25055 24.14897 26.03640 27.86641 29.58521 31.14701 32.52802 33.72321 34.74276 35.59913 36.30562 36.87172 37.30503 37.60877 37.78378 37.82624 37.72930 37.48059 37.06346 36.45436 35.62453 34.53930 33.16708 31.49264 29.54720 27.41992 25.22407 23.05995 20.98916 19.04608 17.24385 15.58595 14.06792 12.68331
0.4792660 0.6080933 0.7515502 0.9117209 1.090976 1.292088 1.518201 1.772950 2.060405 2.385172 2.752280 3.167224 3.635762 4.163863 4.757378 5.421920 6.162443 6.983123 7.886923 8.875525 9.948931 11.10545 12.34129 13.65048 15.02442 16.45170 17.91740 19.40303 20.88579 22.33932 23.73427 25.04294 26.24145 27.31427 28.25786 29.07301 29.76519 30.33916 30.80016 31.15076 31.39265 31.52427 31.54254 31.44069 31.20990 30.83720 30.30750 29.60256 28.70536 27.60283 26.29745 24.81401 23.20333 21.53206 19.85870 18.23030 16.67579 15.21298 13.84893 12.58618 11.42219
0.6220330 0.7455272 0.8826877 1.035350 1.205660 1.396022 1.609218 1.848342 2.116907 2.418734 2.758025 3.139199 3.566882 4.045652 4.579967 5.173807 5.830581 6.552744 7.341722 8.197560 9.118912 10.10272 11.14425 12.23680 13.37174 14.53819 15.72325 16.91168 18.08655 19.22935 20.32169 21.34564 22.28787 23.14001 23.89610 24.55566 25.11900 25.58843 25.96502 26.25015 26.44305 26.54249 26.54468 26.44497 26.23597 25.90947 25.45505 24.86298 24.12434 23.23679 22.20622 21.05274 19.80818 18.50990 17.19831 15.90484 14.65432 13.46183 12.33735 11.28472 10.30561
0.7388444 0.8567864 0.9873777 1.132276 1.293332 1.472672 1.672654 1.895942 2.145439 2.424339 2.736012 3.084011 3.471895 3.903169 4.381036 4.908306 5.487088 6.118724 6.803489 7.540569 8.327806 9.161759 10.03747 10.94863 11.88733 12.84435 13.80900 14.76962 15.71350 16.62790 17.50018 18.31975 19.07682 19.76396 20.37804 20.91629 21.37854 21.76414 22.07359 22.30605 22.46096 22.53602 22.52874 22.43476 22.24950 21.96679 21.58100 21.08634 20.48009 19.76235 18.94049 18.02814 17.04663 16.02269 14.98050 13.94388 12.93037 11.95413 11.02348 10.14438 9.318861
0.8330601 0.9452891 1.069181 1.206163 1.357869 1.526098 1.712880 1.920417 2.151139 2.407605 2.692542 3.008688 3.358795 3.745414 4.170857 4.636943 5.144950 5.695360 6.287849 6.921048 7.592619 8.299053 9.035819 9.797207 10.57658 11.36621 12.15776 12.94208 13.70994 14.45190 15.15926 15.82353 16.43867 17.00018 17.50352 17.94686 18.32821 18.64706 18.90215 19.09294 19.21771 19.27506 19.26219 19.17650 19.01417 18.77186 18.44571 18.03352 17.53402 16.95019 16.28789 15.55844 14.77625 13.95722 13.12036 12.28127 11.45458 10.65054 9.877692 9.140805 8.443614
0.9078793 1.014344 1.131479 1.260546 1.402926 1.560172 1.733961 1.926145 2.138674 2.373633 2.633132 2.919313 3.234200 3.579677 3.957292 4.368231 4.813103 5.291936 5.803977 6.347734 6.920817 7.520054 8.141360 8.779939 9.430173 10.08594 10.74050 11.38697 12.01818 12.62735 13.20785 13.75438 14.26139 14.72434 15.14090 15.50826 15.82517 16.08983 16.30150 16.45857 16.56006 16.60398 16.58876 16.51187 16.37134 16.16451 15.88993 15.54628 15.13462 14.65700 14.11908 13.52833 12.89548 12.23366 11.55419 10.86973 10.19013 9.524679 8.879544 8.260142 7.669272
0.9663016 1.066999 1.177433 1.298666 1.431899 1.578413 1.739627 1.917031 2.112226 2.326835 2.562529 2.820898 3.103467 3.411531 3.746156 4.107995 4.497297 4.913732 5.356427 5.823817 6.313741 6.823315 7.349099 7.886993 8.432481 8.980529 9.525927 10.06317 10.58691 11.09174 11.57283 12.02519 12.44542 12.83067 13.17751 13.48425 13.74872 13.96988 14.14607 14.27641 14.35925 14.39357 14.37749 14.30981 14.18864 14.01300 13.78167 13.49491 13.15335 12.76022 12.31954 11.83803 11.32309 10.78251 10.22646 9.663125 9.101126 8.546778 8.006178 7.483130 6.981211
1.010923 1.105936 1.209775 1.323368 1.447706 1.583882 1.733040 1.896415 2.075260 2.270875 2.484514 2.717396 2.970593 3.245033 3.541353 3.859918 4.200667 4.563151 4.946393 5.348960 5.768858 6.203645 6.650341 7.105616 7.565696 8.026622 8.484136 8.934020 9.371936 9.793867 10.19586 10.57479 10.92704 11.24950 11.54052 11.79776 12.01997 12.20537 12.35308 12.46157 12.53000 12.55691 12.54144 12.48218 12.37847 12.22926 12.03463 11.79467 11.51112 11.18577 10.82251 10.42561 10.00111 9.556318 9.097015 8.630450 8.162211 7.698270 7.242703 6.799658 6.371507
1.044057 1.133500 1.230934 1.337123 1.452922 1.579212 1.716953 1.867113 2.030711 2.208730 2.402150 2.611841 2.838595 3.082998 3.345458 3.626070 3.924658 4.240646 4.573127 4.920736 5.281772 5.654085 6.035236 6.422400 6.812570 7.202450 7.588723 7.967908 8.336693 8.691703 9.029924 9.348104 9.644121 9.916031 10.16125 10.37844 10.56576 10.72225 10.84642 10.93752 10.99422 11.01590 11.00136 10.95014 10.86132 10.73489 10.57060 10.36936 10.13201 9.861189 9.559509 9.231168 8.880286 8.511007 8.129354 7.739827 7.347749 6.956950 6.571627 6.194454 5.828332
1.067635 1.151683 1.242923 1.342020 1.449663 1.566601 1.693589 1.831425 1.980885 2.142750 2.317729 2.506482 2.709531 2.927276 3.159898 3.407384 3.669426 3.945467 4.234606 4.535669 4.847127 5.167204 5.493799 5.824635 6.157174 6.488813 6.816777 7.138361 7.450770 7.751451 8.037827 8.307929 8.559199 8.789419 8.997439 9.181414 9.340359 9.472781 9.577953 9.654625 9.702242 9.719740 9.706747 9.662434 9.586751 9.479308 9.340679 9.171250 8.972655 8.746129 8.494335 8.219777 7.926155 7.617917 7.298165 6.971351 6.640734 6.310223 5.982441 5.660410 5.345892
1.083348 1.162189 1.247503 1.339831 1.439763 1.547889 1.664841 1.791230 1.927682 2.074770 2.233043 2.402948 2.584860 2.778991 2.985422 3.204014 3.434448 3.676140 3.928300 4.189847 4.459507 4.735721 5.016785 5.300747 5.585582 5.869082 6.149068 6.423233 6.689419 6.945382 7.189129 7.418390 7.631788 7.827969 8.004969 8.161804 8.297004 8.409838 8.499095 8.564244 8.604287 8.618883 8.607249 8.569305 8.504587 8.413429 8.295870 8.152875 7.985110 7.794605 7.583034 7.353155 7.107383 6.848041 6.578965 6.302750 6.022833 5.741558 5.461832 5.185454 4.914649
1.092573 1.166435 1.246095 1.332021 1.424680 1.524573 1.632184 1.748015 1.872530 2.006181 2.149350 2.302369 2.465454 2.638734 2.822174 3.015610 3.218673 3.430843 3.651366 3.879335 4.113608 4.352911 4.595757 4.840580 5.085638 5.329181 5.569331 5.804290 6.032171 6.251272 6.459828 6.656548 6.839549 7.007217 7.158771 7.292782 7.408537 7.504849 7.581203 7.636625 7.670784 7.682915 7.672907 7.640250 7.585138 7.507429 7.407777 7.286558 7.145116 6.984228 6.805742 6.611161 6.402896 6.183837 5.955698 5.721375 5.482811 5.242659 5.002587 4.764796 4.530514
1.096515 1.165626 1.239937 1.319818 1.405672 1.497884 1.596858 1.702968 1.816589 1.938038 2.067608 2.205502 2.351868 2.506728 2.670020 2.841518 3.020888 3.207612 3.401050 3.600369 3.804628 4.012700 4.223380 4.435304 4.647080 4.857188 5.064149 5.266382 5.462429 5.650728 5.829916 5.998343 6.155108 6.299263 6.429302 6.544530 6.643800 6.726596 6.791977 6.839599 6.868712 6.879171 6.870432 6.842594 6.795392 6.729249 6.644258 6.541258 6.420697 6.284126 6.132613 5.968056 5.791915 5.605522 5.411481 5.211326 5.007383 4.801098 4.594532 4.388868 4.185797
1.096141 1.160752 1.230006 1.304222 1.383714 1.468805 1.559801 1.657007 1.760691 1.871102 1.988428 2.112815 2.244319 2.382935 2.528535 2.680912 2.839712 3.004491 3.174644 3.349482 3.528153 3.709740 3.893178 4.077371 4.261095 4.443144 4.622213 4.797070 4.966389 5.129007 5.283674 5.429530 5.565158 5.689358 5.801620 5.900846 5.986542 6.057784 6.114233 6.155141 6.180333 6.189249 6.181911 6.157977 6.117724 6.061082 5.988661 5.900734 5.798379 5.682034 5.553016 5.412237 5.261340 5.102314 4.936098 4.764674 4.589218 4.411594 4.232860 4.054637 3.877757
1.092301 1.152654 1.217160 1.286069 1.359647 1.438140 1.521802 1.610852 1.705508 1.805930 1.912262 2.024571 2.142888 2.267146 2.397224 2.532884 2.673820 2.819596 2.969710 3.123524 3.280342 3.439338 3.599651 3.760307 3.920331 4.078650 4.234235 4.385969 4.532838 4.673729 4.807683 4.933469 5.050508 5.158134 5.255176 5.341162 5.415201 5.476955 5.525686 5.561200 5.582920 5.590819 5.584501 5.564137 5.529542 5.481139 5.418984 5.343776 5.255770 5.156172 5.045659 4.925589 4.796855 4.660224 4.517556 4.369766 4.218497 4.064643 3.909704 3.754447 3.600165
1.085663 1.142011 1.202059 1.266023 1.334105 1.406513 1.483431 1.565040 1.651485 1.742893 1.839339 1.940870 2.047458 2.159040 2.275456 2.396500 2.521860 2.651171 2.783958 2.919693 3.057741 3.197431 3.337988 3.478632 3.618485 3.756700 3.892341 4.024544 4.152361 4.274975 4.391483 4.501313 4.603373 4.696761 4.781164 4.855730 4.920136 4.973660 5.016098 5.046865 5.065897 5.072762 5.067557 5.050022 5.020450 4.978777 4.925534 4.860888 4.785704 4.700189 4.605308 4.501604 4.390250 4.272672 4.149362 4.021738 3.890507 3.757028 3.621964 3.486537 3.351292
1.076827 1.129407 1.185293 1.244647 1.307645 1.374436 1.445177 1.519990 1.598991 1.682250 1.769826 1.861714 1.957885 2.058238 2.162635 2.270851 2.382627 2.497605 2.615392 2.735497 2.857401 2.980491 3.104146 3.227654 3.350320 3.471366 3.590066 3.705609 3.817280 3.924265 4.025880 4.121188 4.209824 4.291324 4.364772 4.429856 4.485878 4.532630 4.569532 4.596492 4.613059 4.619274 4.614826 4.599914 4.574384 4.538618 4.492626 4.436979 4.371792 4.298021 4.216090 4.127001 4.031301 3.929419 3.822739 3.711805 3.597821 3.481332 3.363464 3.244702 3.126050
1.066249 1.115304 1.167299 1.222377 1.280665 1.342295 1.407369 1.475993 1.548231 1.624143 1.703740 1.787016 1.873906 1.964321 2.058102 2.155061 2.254935 2.357429 2.462164 2.568743 2.676681 2.785485 2.894581 3.003404 3.111311 3.217695 3.321873 3.423229 3.521070 3.614813 3.703795 3.787642 3.865495 3.936668 4.000987 4.057787 4.106866 4.147655 4.180045 4.203576 4.218250 4.223724 4.220128 4.207246 4.185358 4.154388 4.114787 4.066641 4.010646 3.946857 3.875999 3.798384 3.714878 3.626546 3.533607 3.437116 3.337491 3.235752 3.132307 3.028095 2.923461
1.054350 1.100101 1.148477 1.199581 1.253527 1.310402 1.370296 1.433271 1.499384 1.568652 1.641086 1.716645 1.795274 1.876860 1.961270 2.048307 2.137753 2.229316 2.322691 2.417497 2.513345 2.609773 2.706324 2.802470 2.897707 2.991462 3.083212 3.172359 3.258391 3.340700 3.418795 3.491946 3.559940 3.622460 3.678771 3.728677 3.771628 3.807509 3.835857 3.856648 3.869521 3.874554 3.871492 3.860535 3.841541 3.814844 3.780416 3.738722 3.689780 3.634364 3.572730 3.505641 3.433425 3.356302 3.275342 3.190855 3.103754 3.014361 2.923543 2.831595 2.739309
1.041439 1.084108 1.129111 1.176540 1.226471 1.278983 1.334130 1.391966 1.452514 1.515789 1.581771 1.650426 1.721674 1.795423 1.871525 1.949818 2.030081 2.112076 2.195506 2.280064 2.365381 2.451088 2.536752 2.621960 2.706231 2.789124 2.870133 2.948812 3.024643 3.097211 3.166018 3.230829 3.290955 3.345870 3.395494 3.439301 3.477177 3.508666 3.533729 3.551992 3.563502 3.567974 3.565550 3.556044 3.539708 3.516456 3.486669 3.450369 3.408129 3.359904 3.306250 3.247331 3.183808 3.116502 3.045467 2.971512 2.894871 2.816332 2.736133 2.655014 2.573179
