T2-onemodel/GL12.grd
DSAA
         100         100
  -20.00000       20.00000    
  -20.00000       20.00000    
  -2.603729       116.9469    
[rows 27 to 53 of 100, columns 0 to 60 of 100]
1.065655 1.131884 1.202605 1.278147 1.358855 1.445101 1.537278 1.635800 1.741105 1.853654 1.973926 2.102416 2.239635 2.386108 2.542358 2.708907 2.886258 3.074893 3.275247 3.487696 3.712531 3.949942 4.199977 4.462527 4.737284 5.023722 5.321062 5.628256 5.943967 6.266579 6.594174 6.924589 7.255416 7.584111 7.907852 8.223624 8.528615 8.819956 9.094837 9.350581 9.584693 9.794909 9.979228 10.13595 10.26371 10.36157 10.42864 10.46398 10.46754 10.43929 10.37935 10.28792 10.16540 10.01217 9.828905 9.616615 9.376258 9.109104 8.816810 8.501417 8.165447
1.034553 1.104564 1.179473 1.259650 1.345496 1.437436 1.535926 1.641451 1.754526 1.875694 2.005530 2.144630 2.293620 2.453143 2.623856 2.806422 3.001495 3.209714 3.431680 3.667933 3.918934 4.185025 4.466406 4.763084 5.074851 5.401222 5.741426 6.094341 6.458506 6.832078 7.212866 7.598307 7.985537 8.371348 8.752466 9.125551 9.486958 9.833108 10.16053 10.46590 10.74612 10.99837 11.22017 11.40940 11.56431 11.68343 11.76592 11.81164 11.82005 11.79106 11.72481 11.62159 11.48181 11.30609 11.09504 10.84927 10.56989 10.25830 9.916264 9.546057 9.150547
0.9942054 1.068155 1.147434 1.232466 1.323706 1.421645 1.526806 1.639756 1.761096 1.891468 2.031553 2.182068 2.343768 2.517442 2.703906 2.903991 3.118536 3.348376 3.594318 3.857117 4.137446 4.435865 4.752768 5.088350 5.442539 5.814961 6.204874 6.611132 7.032142 7.465858 7.909755 8.360881 8.815858 9.271024 9.722288 10.16525 10.59566 11.00913 11.40136 11.76819 12.10573 12.41041 12.67911 12.90920 13.09856 13.24581 13.34976 13.40932 13.42454 13.39554 13.32262 13.20614 13.04660 12.84442 12.60021 12.31495 11.98950 11.62511 11.22359 10.78736 10.31966
0.9428349 1.020871 1.104702 1.194802 1.291693 1.395933 1.508130 1.628933 1.759047 1.899222 2.050266 2.213030 2.388428 2.577415 2.780994 3.000200 3.236096 3.489758 3.762248 4.054589 4.367735 4.702522 5.059622 5.439474 5.842238 6.267697 6.715223 7.183672 7.671372 8.176063 8.694896 9.224426 9.760682 10.29913 10.83498 11.36323 11.87843 12.37511 12.84788 13.29146 13.70092 14.07168 14.39971 14.68158 14.91456 15.09646 15.22615 15.30352 15.32817 15.30033 15.22045 15.08916 14.90701 14.67465 14.39261 14.06124 13.68140 13.25426 12.78147 12.26551 11.70990
0.8783130 0.9605832 1.049138 1.144518 1.247312 1.358157 1.477749 1.606838 1.746239 1.896832 2.059562 2.235443 2.425563 2.631077 2.853206 3.093230 3.352479 3.632321 3.934130 4.259269 4.609040 4.984645 5.387112 5.817236 6.275484 6.761912 7.276069 7.816916 8.382736 8.971111 9.578859 10.20208 10.83616 11.47592 12.11550 12.74848 13.36841 13.96855 14.54213 15.08246 15.58312 16.03817 16.44226 16.79090 17.08052 17.30882 17.47415 17.57541 17.61314 17.58809 17.50120 17.35336 17.14539 16.87775 16.55085 16.16526 15.72127 15.21951 14.66129 14.04885 13.38583
0.7982185 0.8848553 0.9783030 1.079164 1.188105 1.305852 1.433198 1.571002 1.720210 1.881838 2.056998 2.246881 2.452782 2.676081 2.918261 3.180886 3.465603 3.774128 4.108223 4.469658 4.860179 5.281445 5.734959 6.221972 6.743395 7.299665 7.890649 8.515498 9.172574 9.859344 10.57236 11.30723 12.05865 12.82041 13.58573 14.34729 15.09699 15.82648 16.52720 17.19061 17.80832 18.37239 18.87557 19.31156 19.67536 19.96324 20.17348 20.30629 20.36206 20.34221 20.24840 20.08223 19.84480 19.53693 19.15880 18.71005 18.19052 17.60020 16.93958 16.21029 15.41562
0.6997509 0.7908844 0.8893763 0.9959111 1.111236 1.236171 1.371617 1.518564 1.678090 1.851377 2.039713 2.244499 2.467260 2.709643 2.973424 3.260505 3.572902 3.912750 4.282264 4.683722 5.119403 5.591547 6.102245 6.653359 7.246380 7.882294 8.561424 9.283284 10.04642 10.84836 11.68544 12.55291 13.44487 14.35442 15.27355 16.19325 17.10407 17.99586 18.85797 19.67945 20.44926 21.15664 21.79137 22.34444 22.80848 23.17861 23.45202 23.62795 23.70873 23.69737 23.59709 23.41052 23.13955 22.78490 22.34653 21.82393 21.21572 20.52050 19.73740 18.86661 17.91040
0.5798770 0.6756163 0.7792985 0.8916826 1.013612 1.146008 1.289894 1.446393 1.616743 1.802300 2.004559 2.225152 2.465868 2.728652 3.015625 3.329070 3.671442 4.045354 4.453573 4.898965 5.384469 5.913017 6.487453 7.110386 7.784079 8.510232 9.289841 10.12294 11.00851 11.94423 12.92649 13.95025 15.00912 16.09531 17.19996 18.31318 19.42371 20.51938 21.58717 22.61325 23.58317 24.48215 25.29556 26.00958 26.61238 27.09497 27.45329 27.68842 27.80390 27.80562 27.69948 27.49031 27.18108 26.77318 26.26619 25.65808 24.94619 24.12731 23.19815 22.15646 21.00205
0.4354046 0.5358480 0.6448435 0.7632379 0.8919715 1.032084 1.184726 1.351172 1.532830 1.731258 1.948173 2.185472 2.445233 2.729750 3.041521 3.383278 3.757964 4.168766 4.619074 5.112459 5.652627 6.243356 6.888375 7.591238 8.355152 9.182754 10.07590 11.03543 12.06092 13.15053 14.30087 15.50698 16.76230 18.05881 19.38686 20.73524 22.09167 23.44240 24.77212 26.06402 27.29967 28.45911 29.52113 30.46418 31.26791 31.91636 32.40033 32.71967 32.88359 32.90426 32.79309 32.55849 32.20557 31.73606 31.14916 30.44201 29.60962 28.64570 27.54343 26.29627 24.89952
0.2634616 0.3686839 0.4830981 0.6076400 0.7433613 0.8914167 1.053108 1.229868 1.423298 1.635170 1.867457 2.122332 2.402221 2.709785 3.047967 3.419985 3.829363 4.279916 4.775762 5.321276 5.921069 6.579885 7.302516 8.093624 8.957565 9.898110 10.91824 12.01978 13.20323 14.46747 15.80971 17.22535 18.70806 20.24973 21.84084 23.47038 25.12540 26.79131 28.45151 30.08702 31.67598 33.19296 34.60850 35.88892 36.99768 37.89967 38.57223 39.01502 39.24662 39.29333 39.17733 38.91369 38.51060 37.97108 37.29362 36.47301 35.50145 34.36880 33.06285 31.57064 29.87950
6.2337238E-02 0.1723989 0.2923135 0.4231148 0.5659720 0.7221766 0.8931737 1.080584 1.286212 1.512068 1.760397 2.033700 2.334759 2.666665 3.032838 3.437063 3.883485 4.376652 4.921487 5.523288 6.187673 6.920513 7.727786 8.615450 9.589169 10.65407 11.81444 13.07336 14.43245 15.89167 17.44913 19.10110 20.84204 22.66488 24.56070 26.51901 28.52808 30.57436 32.64213 34.71284 36.76406 38.76797 40.68864 42.47902 44.07667 45.40494 46.39260 47.02372 47.34811 47.42720 47.30500 47.00692 46.54590 45.92567 45.14398 44.19359 43.06269 41.73534 40.19230 38.41085 36.36627
-0.1660707 -5.1134169E-02 7.4327305E-02 0.2114775 0.3615836 0.5261027 0.7066245 0.9049859 1.123185 1.363525 1.628521 1.921051 2.244270 2.601762 2.997459 3.435786 3.921555 4.460154 5.057374 5.719560 6.453419 7.266098 8.164867 9.157148 10.25002 11.45016 12.76327 14.19390 15.74498 17.41781 19.21164 21.12405 23.15070 25.28590 27.52255 29.85291 32.26742 34.75594 37.30637 39.90517 42.53490 45.17355 47.78873 50.33186 52.71792 54.79679 56.34404 57.26441 57.70451 57.81667 57.68281 57.34245 56.81406 56.10216 55.20347 54.10625 52.79450 51.24477 49.42892 47.31065 44.84847
-0.4106690 -0.2908549 -0.1598225 -1.6276406E-02 0.1411588 0.3141092 0.5043319 0.7138856 0.9449849 1.200241 1.482469 1.794956 2.141257 2.525506 2.952178 3.426421 3.953754 4.540510 5.193383 5.919919 6.727931 7.626023 8.622769 9.727246 10.94792 12.29323 13.77020 15.38514 17.14214 19.04422 21.09169 23.28407 25.61827 28.09138 30.69798 33.43367 36.29233 39.26992 42.35976 45.55811 48.85675 52.24977 55.71926 59.23704 62.71245 65.90160 68.24032 69.48437 70.02913 70.15928 70.00328 69.60844 69.00244 68.18443 67.15374 65.89007 64.37585 62.57362 60.44888 57.94301 54.99791
-0.6483843 -0.5237795 -0.3871271 -0.2372429 -7.2381437E-02 0.1090160 0.3091237 0.5299800 0.7743097 1.044770 1.344794 1.677795 2.048093 2.460088 2.919178 3.430931 4.002019 4.639387 5.351132 6.145614 7.032320 8.020863 9.121702 10.34504 11.70135 13.20017 14.85053 16.65969 18.63366 20.77628 23.08989 25.57490 28.23066 31.05546 34.04757 37.20562 40.52845 44.01635 47.67083 51.49564 55.49541 59.67548 64.03419 68.54163 73.05706 77.07246 79.75593 81.10059 81.67805 81.79575 81.59888 81.13637 80.43887 79.50227 78.32386 76.87574 75.13428 73.05076 70.57744 67.63519 64.13824
-0.8604465 -0.7310407 -0.5888988 -0.4326384 -0.2604371 -7.0510022E-02 0.1394634 0.3718069 0.6294774 0.9154893 1.233614 1.587749 1.982686 2.423438 2.916078 3.466958 4.083643 4.774052 5.547454 6.413375 7.382725 8.466437 9.676597 11.02475 12.52309 14.18234 16.01322 18.02392 20.22207 22.61224 25.19857 27.98219 30.96491 34.14626 37.52783 41.10932 44.89514 48.88806 53.09715 57.52906 62.19769 67.10699 72.25238 77.54679 82.66372 86.72911 89.16085 90.39389 90.91782 90.99168 90.72865 90.18655 89.37967 88.31245 86.96478 85.31524 83.31831 80.92611 78.06078 74.63523 70.51473
-1.040659 -0.9064911 -0.7590183 -0.5963998 -0.4170080 -0.2185185 1.2187298E-03 0.2451664 0.5161701 0.8180015 1.154402 1.530178 1.950217 2.420637 2.947731 3.539207 4.203032 4.948740 5.786179 6.726751 7.782095 8.965220 10.28896 11.76701 13.41216 15.23722 17.25316 19.47011 21.89566 24.53630 27.39598 30.47807 33.78419 37.31660 41.07718 45.07009 49.29959 53.77340 58.50003 63.49122 68.75513 74.29168 80.05234 85.83813 90.97929 94.55114 96.58123 97.63161 98.05744 98.05412 97.70825 97.06729 96.13962 94.92356 93.39367 91.51835 89.24371 86.50629 83.21204 79.24475 74.43726
-1.188802 -1.050143 -0.8973501 -0.7286560 -0.5420620 -0.3352818 -0.1057321 0.1495936 0.4340666 0.7516024 1.106577 1.504082 1.949798 2.450293 3.012842 3.645823 4.358391 5.160978 6.064809 7.082407 8.226912 9.512568 10.95366 12.56508 14.36085 16.35472 18.55851 20.98307 23.63650 26.52594 29.65571 33.03011 36.65121 40.52290 44.64729 49.02984 53.67531 58.59346 63.79128 69.28011 75.05817 81.10405 87.29212 93.19160 97.83311 100.7427 102.3960 103.2453 103.5542 103.4492 103.0066 102.2489 101.1883 99.80414 98.07473 95.94839 93.37101 90.25074 86.48570 81.91567 76.34811
-1.307110 -1.164158 -1.006221 -0.8316624 -0.6380624 -0.4232146 -0.1840243 8.2483038E-02 0.3803115 0.7134199 1.086978 1.506242 1.977874 2.508750 3.107368 3.782582 4.545035 5.405785 6.377816 7.474351 8.710446 10.10099 11.66217 13.40922 15.35788 17.52174 19.91407 22.54504 25.42410 28.55733 31.95062 35.60699 39.53055 43.72338 48.19053 52.93586 57.96691 63.28922 68.91220 74.83617 81.05115 87.48106 93.86701 99.42338 103.2824 105.6099 106.9423 107.6051 107.7816 107.5660 107.0081 106.1246 104.9121 103.3487 101.3971 99.00111 96.08564 92.54987 88.25744 83.02609 76.60227
-1.398351 -1.251190 -1.088517 -0.9082083 -0.7080398 -0.4852521 -0.2368851 4.0675472E-02 0.3513932 0.7000051 1.091750 1.532818 2.030113 2.591650 3.226363 3.944461 4.757219 5.677279 6.718394 7.895498 9.224432 10.72171 12.40414 14.28828 16.39003 18.72387 21.30282 24.13751 27.23686 30.60732 34.25427 38.18117 42.39186 46.88921 51.67770 56.76083 62.14566 67.83675 73.83931 80.14460 86.71349 93.38526 99.63165 104.4495 107.5307 109.3941 110.4477 110.9354 110.9742 110.6395 109.9545 108.9330 107.5540 105.7943 103.5979 100.9062 97.61923 93.62428 88.74704 82.77561 75.39817
-1.465140 -1.314115 -1.146941 -0.9612776 -0.7548407 -0.5245674 -0.2673817 2.0746468E-02 0.3439720 0.7075809 1.117135 1.579566 2.102235 2.694132 3.364826 4.125760 4.989007 5.968665 7.079350 8.337585 9.759959 11.36449 13.16836 15.18932 17.44305 19.94487 22.70691 25.74047 29.05317 32.65231 36.54172 40.72620 45.20766 49.99065 55.07732 60.47444 66.18404 72.21249 78.55331 85.18743 92.01434 98.71314 104.4040 108.3290 110.7836 112.2726 113.0961 113.4147 113.3198 112.8545 112.0381 110.8627 109.3081 107.3305 104.8741 101.8529 98.16255 93.65141 88.12841 81.31647 72.89105
-1.509768 -1.355328 -1.183904 -0.9934230 -0.7810332 -0.5439022 -0.2782905 1.9674659E-02 0.3549412 0.7327394 1.159593 1.642522 2.190067 2.811481 3.517757 4.320775 5.234259 6.272872 7.453022 8.791739 10.30733 12.01806 13.94248 16.09805 18.50136 21.16684 24.10717 27.33238 30.85061 34.66777 38.78846 43.21614 47.95395 53.00518 58.37310 64.06113 70.07262 76.40707 83.05117 89.94849 96.90305 103.2870 108.1068 111.2305 113.1983 114.3812 114.9988 115.1587 114.9289 114.3302 113.3729 112.0349 110.2888 108.0764 105.3318 101.9512 97.81091 92.72813 86.47268 78.72270 69.16943
-1.534245 -1.376647 -1.201522 -1.006582 -0.7889069 -0.5453940 -0.2721573 3.5031088E-02 0.3813945 0.7726338 1.215703 1.718242 2.289453 2.939401 3.679963 4.524009 5.486381 6.582808 7.830917 9.248693 10.85555 12.67031 14.71227 16.99885 19.54695 22.37032 25.48175 28.89018 32.60403 36.62798 40.96738 45.62427 50.60310 55.90484 61.53491 67.49402 73.78562 80.39848 87.30450 94.37943 101.2319 106.9092 110.7973 113.2970 114.8756 115.8102 116.2423 116.2574 115.8899 115.1588 114.0502 112.5437 110.5884 108.1272 105.0656 101.2942 96.64841 90.92873 83.83900 75.05344 64.45326
-1.539863 -1.379471 -1.201206 -1.002291 -0.7800415 -0.5307840 -0.2508142 6.4785138E-02 0.4211157 0.8247514 1.282652 1.803531 2.396750 3.073704 3.846592 4.729879 5.738821 6.890919 8.204150 9.698230 11.39262 13.30758 15.46188 17.87395 20.55952 23.53311 26.80587 30.38763 34.28497 38.50392 43.04793 47.92101 53.12536 58.66495 64.54115 70.75607 77.30477 84.17019 91.27838 98.39273 104.7854 109.5133 112.6152 114.6302 115.8985 116.6163 116.8824 116.7563 116.2571 115.3881 114.1268 112.4389 110.2646 107.5287 104.1236 99.91362 94.70927 88.26075 80.24063 70.35999 59.15295
-1.527282 -1.364736 -1.183723 -0.9816262 -0.7553627 -0.5013662 -0.2154520 0.1072796 0.4725215 0.8869413 1.358258 1.895463 2.508845 3.210297 4.013162 4.932585 5.985108 7.188993 8.563449 10.12885 11.90554 13.91409 16.17362 18.70244 21.51614 24.62886 28.05142 31.79338 35.86103 40.26054 44.99510 50.06927 55.48462 61.24532 67.35133 73.80434 80.58974 87.66895 94.89268 101.7887 107.3581 111.1540 113.6522 115.2821 116.2984 116.8266 116.9469 116.6859 116.0604 115.0512 113.6354 111.7558 109.3510 106.3180 102.5413 97.84274 92.01141 84.73544 75.68934 64.87575 53.79770
-1.496781 -1.332597 -1.149450 -0.9448810 -0.7154235 -0.4576343 -0.1668657 0.1617068 0.5343869 0.9578581 1.440630 1.991842 2.622801 3.345699 4.175149 5.126703 6.218359 7.468749 8.898574 10.52827 12.37951 14.47236 16.82700 19.46065 22.38982 25.62724 29.18488 33.07080 37.29306 41.85617 46.76589 52.02461 57.63728 63.60461 69.92906 76.60096 83.59947 90.83195 98.01295 104.3188 108.8964 111.9382 113.9651 115.2910 116.0902 116.4559 116.4374 116.0542 115.3023 114.1590 112.5817 110.5092 107.8550 104.5069 100.3128 95.07682 88.52672 80.33120 70.23809 59.03375 48.74786
-1.448042 -1.282637 -1.098174 -0.8917326 -0.6601561 -0.3994675 -0.1052788 0.2278656 0.6060690 1.036782 1.528434 2.091092 2.736156 3.476933 4.328295 5.307062 6.431568 7.721751 9.198511 10.88342 12.79801 14.96315 17.39849 20.12180 23.14894 26.49322 30.16617 34.17677 38.53304 43.24078 48.30591 53.73211 59.52373 65.68130 72.20382 79.07568 86.24543 93.53520 100.3820 105.7734 109.4409 111.9053 113.5596 114.6374 115.2513 115.4758 115.3336 114.8378 113.9664 112.6926 110.9549 108.6844 105.7697 102.0834 97.43564 91.59573 84.23772 75.03823 64.15956 53.32373 44.13311
-1.379996 -1.214045 -1.028899 -0.8215016 -0.5887080 -0.3263535 -3.0039484E-02 0.3059588 0.6878163 1.123379 1.621225 2.191986 2.847315 3.601290 4.469112 5.468557 6.618251 7.939150 9.452252 11.18002 13.14366 15.36482 17.86243 20.65513 23.75793 27.18554 30.94882 35.05906 39.52371 44.35191 49.54855 55.12130 61.07174 67.40395 74.10596 81.15050 88.42499 95.58393 101.7190 106.1017 109.0531 111.0637 112.4247 113.2902 113.7502 113.8454 113.5963 112.9937 112.0163 110.6146 108.7256 106.2511 103.0720 99.01627 93.87391 87.34774 79.09940 68.93593 57.90869 48.02547 39.93101
