T2-onemodel/GL12.grd
DSAA
         100         100
  -20.00000       20.00000    
  -20.00000       20.00000    
  -2.603729       116.9469    
[rows 0 to 26 of 100, columns 0 to 60 of 100]
0.9320271 0.9453666 0.9590407 0.9730463 0.9873798 1.002037 1.017009 1.032286 1.047859 1.063716 1.079841 1.096216 1.112824 1.129643 1.146650 1.163816 1.181113 1.198512 1.215978 1.233476 1.250967 1.268409 1.285759 1.302971 1.319997 1.336786 1.353289 1.369453 1.385224 1.400548 1.415370 1.429630 1.443270 1.456203 1.468402 1.479885 1.490558 1.500367 1.509263 1.517206 1.524158 1.530085 1.534958 1.538745 1.541417 1.542910 1.543237 1.542520 1.540688 1.537730 1.533646 1.528461 1.522187 1.514896 1.506615 1.497277 1.486962 1.475733 1.463635 1.450721 1.437040
0.9418585 0.9560014 0.9705149 0.9853962 1.000644 1.016252 1.032212 1.048516 1.065155 1.082116 1.099383 1.116939 1.134764 1.152836 1.171130 1.189617 1.208267 1.227047 1.245923 1.264853 1.283797 1.302708 1.321540 1.340242 1.358760 1.377041 1.395028 1.412663 1.429886 1.446639 1.462855 1.478480 1.493455 1.507754 1.521290 1.533936 1.545680 1.556479 1.566284 1.575048 1.582728 1.589286 1.594688 1.598906 1.601926 1.603778 1.604429 1.603736 1.601773 1.598561 1.594119 1.588455 1.581601 1.573537 1.564301 1.554035 1.542740 1.530443 1.517199 1.503061 1.488091
0.9519385 0.9669374 0.9823461 0.9981633 1.014389 1.031015 1.048036 1.065444 1.083230 1.101381 1.119882 1.138714 1.157858 1.177289 1.196983 1.216908 1.237033 1.257323 1.277740 1.298239 1.318777 1.339303 1.359766 1.380108 1.400275 1.420204 1.439834 1.459099 1.477934 1.496270 1.514039 1.531166 1.547580 1.563178 1.577921 1.591816 1.604753 1.616664 1.627488 1.637174 1.645673 1.652941 1.658937 1.663623 1.666965 1.668891 1.669408 1.668648 1.666533 1.663049 1.658202 1.652019 1.644517 1.635776 1.625832 1.614620 1.602235 1.588752 1.574228 1.558729 1.542319
0.9622449 0.9781559 0.9945194 1.011337 1.028607 1.046325 1.064484 1.083080 1.102102 1.121537 1.141369 1.161583 1.182156 1.203065 1.224280 1.245773 1.267508 1.289448 1.311552 1.333772 1.356060 1.378362 1.400621 1.422776 1.444763 1.466516 1.487965 1.509040 1.529665 1.549765 1.569262 1.588083 1.606154 1.623436 1.639824 1.655171 1.669452 1.682609 1.694580 1.705304 1.714725 1.722794 1.729464 1.734703 1.738488 1.740847 1.741739 1.741014 1.738744 1.734955 1.729668 1.722897 1.714676 1.704994 1.693895 1.681538 1.667934 1.653123 1.637172 1.620152 1.602138
0.9727708 0.9896522 1.007035 1.024921 1.043310 1.062196 1.081579 1.101451 1.121804 1.142624 1.163898 1.185608 1.207731 1.230244 1.253117 1.276318 1.299812 1.323558 1.347511 1.371620 1.395833 1.420092 1.444332 1.468488 1.492491 1.516265 1.539736 1.562820 1.585438 1.607502 1.628927 1.649622 1.669496 1.688426 1.706356 1.723278 1.739064 1.753625 1.766887 1.778781 1.789244 1.798217 1.805651 1.811496 1.815708 1.818206 1.818993 1.818206 1.815760 1.811642 1.805860 1.798446 1.789422 1.778880 1.766866 1.753322 1.738358 1.722064 1.704516 1.685795 1.665985
0.9834872 1.001403 1.019873 1.038901 1.058485 1.078626 1.099321 1.120568 1.142354 1.164670 1.187502 1.210832 1.234639 1.258896 1.283574 1.308641 1.334057 1.359781 1.385762 1.411948 1.438280 1.464696 1.491124 1.517496 1.543730 1.569749 1.595464 1.620787 1.645625 1.669883 1.693463 1.716274 1.738220 1.759243 1.779215 1.797965 1.815450 1.831592 1.846312 1.859529 1.871170 1.881171 1.889473 1.896031 1.900813 1.903843 1.905072 1.904335 1.901708 1.897222 1.890900 1.882757 1.872839 1.861141 1.847718 1.832750 1.816258 1.798301 1.778964 1.758336 1.736517
0.9943774 1.013395 1.033025 1.053271 1.074135 1.095621 1.117728 1.140450 1.163783 1.187715 1.212233 1.237320 1.262954 1.289109 1.315756 1.342860 1.370380 1.398270 1.426479 1.454949 1.483617 1.512414 1.541264 1.570088 1.598802 1.627313 1.655529 1.683346 1.710663 1.737372 1.763367 1.788531 1.812751 1.835876 1.857828 1.878580 1.897978 1.915908 1.932275 1.946989 1.959967 1.971134 1.980423 1.987772 1.993124 1.996385 1.997552 1.996766 1.993938 1.989053 1.982121 1.973179 1.962259 1.949466 1.934859 1.918389 1.900187 1.880364 1.859015 1.836248 1.812170
1.005404 1.025595 1.046461 1.068007 1.090243 1.113172 1.136793 1.161106 1.186106 1.211783 1.238126 1.265118 1.292737 1.320960 1.349754 1.379085 1.408908 1.439176 1.469834 1.500820 1.532064 1.563493 1.595024 1.626570 1.658037 1.689325 1.720326 1.750930 1.781020 1.810478 1.839180 1.867009 1.893840 1.919590 1.944104 1.967177 1.988741 2.008693 2.026929 2.043342 2.057839 2.070335 2.080752 2.089031 2.095125 2.099051 2.100749 2.100040 2.097005 2.091673 2.084072 2.074224 2.062185 2.047958 2.031613 2.013355 1.993225 1.971300 1.947691 1.922515 1.895899
1.016534 1.037972 1.060155 1.083093 1.106797 1.131272 1.156521 1.182546 1.209343 1.236906 1.265225 1.294284 1.324063 1.354537 1.385676 1.417442 1.449790 1.482669 1.516022 1.549781 1.583873 1.618215 1.652719 1.687290 1.721822 1.756204 1.790319 1.824039 1.857239 1.889779 1.921526 1.952332 1.982053 2.010503 2.037575 2.063213 2.087227 2.109476 2.129833 2.148180 2.164409 2.178420 2.190126 2.199446 2.206306 2.210593 2.212299 2.211568 2.208302 2.202485 2.194130 2.183282 2.169983 2.154355 2.136473 2.116304 2.094004 2.069710 2.043550 2.015658 1.986177
1.027711 1.050477 1.074066 1.098491 1.123765 1.149899 1.176896 1.204764 1.233500 1.263103 1.293562 1.324865 1.356992 1.389922 1.423621 1.458053 1.493170 1.528921 1.565241 1.602061 1.639300 1.676872 1.714679 1.752614 1.790563 1.828402 1.865999 1.903214 1.939901 1.975912 2.011087 2.045274 2.078315 2.110091 2.140406 2.169016 2.195819 2.220677 2.243451 2.264003 2.282209 2.297956 2.311143 2.321687 2.329525 2.334660 2.337023 2.336411 2.332910 2.326550 2.317364 2.305382 2.290670 2.273247 2.253202 2.230770 2.206014 2.179043 2.150000 2.119037 2.086322
1.038892 1.063071 1.088158 1.114171 1.141126 1.169037 1.197914 1.227765 1.258595 1.290402 1.323180 1.356919 1.391604 1.427211 1.463709 1.501060 1.539218 1.578126 1.617720 1.657921 1.698648 1.739803 1.781282 1.822966 1.864731 1.906436 1.947937 1.989074 2.029689 2.069605 2.108651 2.146638 2.183379 2.218647 2.252289 2.284213 2.314185 2.342021 2.367551 2.390624 2.411094 2.428831 2.443718 2.455647 2.464520 2.470204 2.472679 2.472092 2.468332 2.461382 2.451258 2.438016 2.421712 2.402486 2.380437 2.355553 2.328022 2.298019 2.265708 2.231269 2.194886
1.049995 1.075677 1.102361 1.130069 1.158822 1.188638 1.219535 1.251523 1.284610 1.318801 1.354093 1.390480 1.427947 1.466476 1.506035 1.546588 1.588085 1.630471 1.673675 1.717620 1.762212 1.807350 1.852917 1.898787 1.944817 1.990856 2.036739 2.082292 2.127330 2.171661 2.215083 2.257398 2.298399 2.337920 2.375714 2.411481 2.445075 2.476309 2.504997 2.530958 2.554027 2.574054 2.590903 2.604460 2.614636 2.621422 2.624727 2.624326 2.620305 2.612696 2.601536 2.586864 2.568765 2.547271 2.522502 2.494726 2.464042 2.430596 2.394578 2.356188 2.315643
1.060948 1.088229 1.116614 1.146131 1.176808 1.208668 1.241735 1.276023 1.311548 1.348317 1.386335 1.425598 1.466098 1.507816 1.550726 1.594789 1.639960 1.686178 1.733373 1.781461 1.830346 1.879915 1.930043 1.980590 2.031401 2.082304 2.133119 2.183646 2.233682 2.283005 2.331390 2.378595 2.424377 2.468449 2.510604 2.550694 2.588426 2.623556 2.655864 2.685144 2.711205 2.733870 2.752983 2.768398 2.779989 2.787591 2.791170 2.790869 2.786566 2.778238 2.765908 2.749642 2.729512 2.705687 2.678293 2.647347 2.613082 2.575721 2.535480 2.492594 2.447306
1.071647 1.100626 1.130822 1.162271 1.195006 1.229058 1.264454 1.301220 1.339374 1.378933 1.419907 1.462298 1.506101 1.551303 1.597880 1.645797 1.695009 1.745456 1.797064 1.849748 1.903402 1.957908 2.013130 2.068914 2.125088 2.181463 2.237835 2.293984 2.349675 2.404663 2.458685 2.511480 2.562778 2.612351 2.659879 2.704990 2.747474 2.787077 2.823551 2.856656 2.886169 2.911887 2.933625 2.951232 2.964583 2.973644 2.978298 2.978292 2.973709 2.964582 2.950953 2.932874 2.910448 2.883732 2.852878 2.818203 2.779851 2.738022 2.692964 2.644941 2.594244
1.081983 1.112765 1.144890 1.178399 1.213335 1.249734 1.287633 1.327065 1.368059 1.410636 1.454815 1.500605 1.548009 1.597017 1.647613 1.699763 1.753426 1.808541 1.865036 1.922819 1.981783 2.041799 2.102719 2.164375 2.226578 2.289118 2.351769 2.414280 2.476389 2.537810 2.598253 2.657403 2.714941 2.770498 2.823792 2.874599 2.922542 2.967301 3.008580 3.046104 3.079612 3.108867 3.133657 3.153786 3.169087 3.179353 3.184524 3.184745 3.179869 3.169870 3.154775 3.134665 3.109633 3.079880 3.045573 3.006764 2.963748 2.916812 2.866239 2.812340 2.755444
1.091812 1.124510 1.158687 1.194393 1.231680 1.270594 1.311182 1.353485 1.397541 1.443384 1.491039 1.540526 1.591854 1.645023 1.700022 1.756825 1.815392 1.875667 1.937576 2.001028 2.065907 2.132078 2.199381 2.267632 2.336625 2.406126 2.475880 2.545609 2.615011 2.683769 2.751542 2.817985 2.882741 2.945491 3.005823 3.063263 3.117510 3.168224 3.215066 3.257710 3.295856 3.329228 3.357577 3.380691 3.398399 3.410632 3.417239 3.417925 3.412771 3.401807 3.385081 3.362659 3.334669 3.301198 3.262443 3.218782 3.170419 3.117625 3.060726 3.000079 2.936070
1.100977 1.135707 1.172066 1.210114 1.249913 1.291521 1.334994 1.380386 1.427747 1.477121 1.528546 1.582052 1.637660 1.695378 1.755206 1.817124 1.881100 1.947080 2.014997 2.084752 2.156231 2.229288 2.303752 2.379424 2.456077 2.533451 2.611264 2.689196 2.766913 2.844044 2.920208 2.994991 3.067971 3.138670 3.206697 3.271725 3.333260 3.390875 3.444170 3.492766 3.536312 3.574484 3.606991 3.633571 3.653995 3.668002 3.675497 3.676617 3.671186 3.659172 3.640604 3.615583 3.584225 3.546776 3.503450 3.454354 3.399857 3.340330 3.276152 3.207740 3.135535
1.109277 1.146162 1.184840 1.225383 1.267863 1.312354 1.358923 1.407639 1.458563 1.511757 1.567270 1.625147 1.685420 1.748114 1.813238 1.880784 1.950727 2.023025 2.097608 2.174384 2.253233 2.334005 2.416516 2.500552 2.585861 2.672160 2.759127 2.846411 2.933621 3.020347 3.106138 3.190540 3.273072 3.353292 3.430655 3.504551 3.574552 3.640188 3.700996 3.756533 3.806386 3.850178 3.887567 3.918263 3.942025 3.958736 3.968194 3.970052 3.964384 3.951213 3.930593 3.902607 3.867414 3.825141 3.776037 3.720563 3.658998 3.591710 3.519135 3.441752 3.360081
1.116492 1.155659 1.196800 1.239997 1.285340 1.332914 1.382804 1.435092 1.489861 1.547183 1.607128 1.669756 1.735119 1.803255 1.874189 1.947929 2.024462 2.103754 2.185746 2.270348 2.357440 2.446865 2.538432 2.631908 2.727020 2.823453 2.920850 3.018810 3.116897 3.214631 3.311507 3.406976 3.500475 3.591371 3.679122 3.763249 3.843101 3.918094 3.987679 4.051336 4.108582 4.158971 4.202105 4.237622 4.265213 4.284539 4.295457 4.298083 4.292210 4.277789 4.254854 4.223525 4.183951 4.136429 4.081236 4.018549 3.948834 3.872575 3.790280 3.702509 3.609862
1.122343 1.163927 1.207680 1.253701 1.302094 1.352964 1.406412 1.462541 1.521449 1.583234 1.647982 1.715776 1.786687 1.860777 1.938087 2.018645 2.102456 2.189500 2.279729 2.373061 2.469378 2.568524 2.670295 2.774445 2.880677 2.988642 3.097942 3.208127 3.318698 3.429111 3.538776 3.647078 3.753370 3.857035 3.957340 4.053483 4.144851 4.230793 4.310667 4.383859 4.449799 4.507966 4.557887 4.599159 4.631445 4.654556 4.668222 4.672029 4.666034 4.650249 4.624734 4.589590 4.545012 4.491175 4.428401 4.357246 4.278093 4.191436 4.097861 3.998014 3.892605
1.126516 1.170655 1.217175 1.266196 1.317841 1.372230 1.429489 1.489741 1.553111 1.619714 1.689667 1.763075 1.840036 1.920636 2.004944 2.093010 2.184863 2.280501 2.379896 2.482975 2.589632 2.699708 2.812996 2.929234 3.048102 3.169215 3.292134 3.416347 3.541290 3.666334 3.790806 3.913972 4.035068 4.153244 4.267743 4.377866 4.482734 4.581539 4.673516 4.757946 4.834152 4.901515 4.959481 5.007554 5.045306 5.072291 5.088301 5.093421 5.087393 5.070153 5.041733 5.002275 4.951965 4.891165 4.820225 4.739414 4.649320 4.550578 4.443865 4.329941 4.209627
1.128623 1.175459 1.224910 1.277116 1.332219 1.390364 1.451701 1.516378 1.584547 1.656353 1.731941 1.811447 1.895002 1.982722 2.074708 2.171042 2.271780 2.376952 2.486548 2.600521 2.718772 2.841154 2.967455 3.097404 3.230656 3.366794 3.505324 3.645676 3.787203 3.929192 4.070853 4.211356 4.349813 4.485355 4.616986 4.743624 4.864389 4.978361 5.084640 5.182365 5.270738 5.349027 5.416572 5.472811 5.517270 5.549658 5.569611 5.576625 5.570732 5.551926 5.520274 5.475892 5.419020 5.349886 5.268902 5.176737 5.073912 4.961080 4.839025 4.708623 4.570852
1.128220 1.177902 1.230452 1.286033 1.344812 1.406961 1.472656 1.542078 1.615407 1.692825 1.774511 1.860638 1.951376 2.046879 2.147289 2.252727 2.363287 2.479033 2.599993 2.726142 2.857409 2.993658 3.134684 3.280206 3.429862 3.583196 3.739667 3.898627 4.059349 4.221004 4.382689 4.543409 4.702115 4.857651 5.008943 5.154968 5.294515 5.426449 5.549689 5.663214 5.766069 5.857385 5.936381 6.002363 6.054739 6.092920 6.116600 6.125820 6.120258 6.099822 6.064544 6.014587 5.950182 5.871757 5.779753 5.674548 5.556883 5.427583 5.287544 5.137801 4.979484
1.124758 1.177436 1.233259 1.292413 1.355095 1.421506 1.491856 1.566358 1.645231 1.728697 1.816976 1.910288 2.008844 2.112852 2.222500 2.337959 2.459372 2.586852 2.720468 2.860239 3.006124 3.158015 3.315717 3.478955 3.647345 3.820403 3.997527 4.178001 4.360989 4.545549 4.730623 4.915070 5.097666 5.277181 5.452224 5.621307 5.783154 5.936447 6.079898 6.212282 6.332457 6.439385 6.532133 6.609902 6.672025 6.718067 6.747540 6.759821 6.754903 6.732767 6.693471 6.637157 6.564109 6.474618 6.369188 6.248630 6.113616 5.965001 5.803827 5.631280 5.448705
1.117611 1.173440 1.232714 1.295646 1.362466 1.433408 1.508721 1.588656 1.673480 1.763456 1.858857 1.959954 2.067019 2.180312 2.300085 2.426569 2.559973 2.700468 2.848185 3.003194 3.165508 3.335052 3.511663 3.695071 3.884894 4.080608 4.281563 4.486957 4.695849 4.907148 5.119635 5.331951 5.542640 5.750098 5.952784 6.149197 6.337624 6.516440 6.684086 6.839089 6.980080 7.105803 7.215146 7.307128 7.380920 7.435732 7.471129 7.487092 7.483216 7.459378 7.415611 7.352100 7.269121 7.167175 7.046800 6.908485 6.753148 6.581835 6.395725 6.196208 5.984850
1.106006 1.165143 1.228047 1.294968 1.366167 1.441921 1.522518 1.608259 1.699457 1.796433 1.899518 2.009048 2.125356 2.248779 2.379640 2.518250 2.664893 2.819822 2.983243 3.155302 3.336078 3.525557 3.723618 3.930021 4.144382 4.366166 4.594664 4.828993 5.068086 5.310699 5.555406 5.800638 6.044683 6.285777 6.521955 6.751121 6.971395 7.180853 7.377617 7.559898 7.726037 7.874521 8.004005 8.113343 8.201587 8.268096 8.312209 8.333160 8.330907 8.305406 8.256722 8.185022 8.090639 7.973923 7.835472 7.676225 7.497023 7.298945 7.083339 6.851791 6.606153
1.089051 1.151654 1.218375 1.289497 1.365325 1.446177 1.532393 1.624323 1.722343 1.826835 1.938200 2.056845 2.183189 2.317650 2.460644 2.612574 2.773826 2.944749 3.125654 3.316784 3.518311 3.730302 3.952708 4.185336 4.427830 4.679643 4.940028 5.208013 5.482403 5.761767 6.044463 6.328623 6.612205 6.892954 7.168631 7.437008 7.695613 7.942060 8.174055 8.389420 8.586129 8.762336 8.916411 9.046943 9.152747 9.232753 9.286352 9.313459 9.313580 9.286573 9.232484 9.151536 9.044047 8.910596 8.751786 8.568206 8.360931 8.131234 7.880610 7.610890 7.324224
