T2-onemodel/GL12.grd
DSAA
         100         100
  -20.00000       20.00000    
  -20.00000       20.00000    
 -2.6822124E-02   1.214103    
[rows 48 to 71 of 100, columns 0 to 53 of 100]
-1.4640739E-02 -1.2841318E-02 -1.0844838E-02 -8.6260187E-03 -6.1531840E-03 -3.3924025E-03 -3.0185081E-04 3.1638674E-03 7.0603257E-03 1.1448019E-02 1.6400019E-02 2.1996206E-02 2.8331872E-02 3.5510801E-02 4.3654740E-02 5.2894499E-02 6.3380443E-02 7.5271152E-02 8.8743374E-02 0.1039771 0.1211657 0.1404962 0.1621600 0.1863287 0.2131690 0.2428149 0.2753907 0.3109815 0.3496662 0.3914855 0.4364860 0.4846793 0.5360990 0.5907492 0.6486730 0.7098572 0.7743250 0.8419487 0.9124314 0.9845128 1.054262 1.112134 1.151973 1.177768 1.194181 1.203969 1.208542 1.208759 1.204959 1.197335 1.185757 1.170035 1.149676 1.124118
-1.4586763E-02 -1.2749748E-02 -1.0710478E-02 -8.4385555E-03 -5.9042880E-03 -3.0675991E-03 1.1190507E-04 3.6870907E-03 7.7129183E-03 1.2259130E-02 1.7399544E-02 2.3225252E-02 2.9833868E-02 3.7342925E-02 4.5877639E-02 5.5584941E-02 6.6619292E-02 7.9156376E-02 9.3375951E-02 0.1094737 0.1276422 0.1480807 0.1709727 0.1964973 0.2248063 0.2560379 0.2902968 0.3276730 0.3682243 0.4120016 0.4590303 0.5093406 0.5629461 0.6198701 0.6801146 0.7436960 0.8105505 0.8804944 0.9527746 1.025012 1.089914 1.138037 1.169754 1.190443 1.203498 1.210872 1.213545 1.212102 1.206744 1.197510 1.184180 1.166426 1.143664 1.115163
-1.4401008E-02 -1.2532653E-02 -1.0454267E-02 -8.1368387E-03 -5.5459482E-03 -2.6425074E-03 6.1944051E-04 4.2931619E-03 8.4402785E-03 1.3132301E-02 1.8451221E-02 2.4492022E-02 3.1362388E-02 3.9185561E-02 4.8098736E-02 5.8256287E-02 6.9825478E-02 8.2989663E-02 9.7939938E-02 0.1148779 0.1340032 0.1555162 0.1796015 0.2064340 0.2361606 0.2689126 0.3047869 0.3438678 0.3862056 0.4318500 0.4808200 0.5331489 0.5888389 0.6479261 0.7104004 0.7762603 0.8453537 0.9172849 0.9905518 1.060421 1.116894 1.155490 1.180957 1.197575 1.207885 1.213128 1.214103 1.211079 1.204218 1.193330 1.178201 1.158275 1.132960 1.101247
-1.4087023E-02 -1.2192447E-02 -1.0080998E-02 -7.7246898E-03 -5.0851069E-03 -2.1236227E-03 1.2109708E-03 4.9720034E-03 9.2280293E-03 1.4051651E-02 1.9533979E-02 2.5772477E-02 3.2886270E-02 4.1002572E-02 5.0272580E-02 6.0855411E-02 7.2933502E-02 8.6693950E-02 0.1023428 0.1200811 0.1401206 0.1626547 0.1878758 0.2159453 0.2470156 0.2811997 0.3186020 0.3592865 0.4033179 0.4507239 0.5015465 0.5557945 0.6135053 0.6746678 0.7392957 0.8072923 0.8784385 0.9518007 1.024517 1.088344 1.134742 1.165628 1.186200 1.199587 1.207522 1.210929 1.210291 1.205791 1.197397 1.184885 1.167841 1.145671 1.117537 1.082356
-1.3643496E-02 -1.1726934E-02 -9.5906826E-03 -7.2015650E-03 -4.5237108E-03 -1.5125741E-03 1.8812090E-03 5.7181036E-03 1.0065816E-02 1.5005785E-02 2.0629706E-02 2.7045861E-02 3.4375787E-02 4.2759549E-02 5.2352287E-02 6.3327357E-02 7.5871587E-02 9.0185761E-02 0.1064782 0.1249610 0.1458435 0.1693251 0.1955910 0.2248048 0.2571084 0.2926162 0.3314230 0.3735970 0.4191955 0.4682544 0.5208099 0.5768791 0.6364859 0.6996282 0.7662869 0.8362883 0.9091179 0.9829943 1.052286 1.106862 1.144036 1.169007 1.185696 1.196427 1.202317 1.204093 1.201976 1.196090 1.186204 1.172055 1.153042 1.128501 1.097361 1.058389
-1.3062771E-02 -1.1131406E-02 -8.9768218E-03 -6.5642437E-03 -3.8572915E-03 -8.0877397E-04 2.6315851E-03 6.5280190E-03 1.0950075E-02 1.5984738E-02 2.1726705E-02 2.8291855E-02 3.5806283E-02 4.4419955E-02 5.4293349E-02 6.5611519E-02 7.8566067E-02 9.3369357E-02 0.1102315 0.1293739 0.1510024 0.1753231 0.2025120 0.2327380 0.2661314 0.3028151 0.3428716 0.3863849 0.4333989 0.4839737 0.5381281 0.5959111 0.6573168 0.7223600 0.7909094 0.8626982 0.9365951 1.009147 1.071273 1.115689 1.145603 1.165918 1.179534 1.187983 1.192147 1.192420 1.188984 1.181730 1.170439 1.154613 1.133633 1.106551 1.072222 1.029004
-1.2333261E-02 -1.0395073E-02 -8.2288804E-03 -5.8034761E-03 -3.0769170E-03 -5.3987301E-06 3.4679405E-03 7.4044527E-03 1.1881634E-02 1.6984444E-02 2.2817316E-02 2.9495362E-02 3.7156351E-02 4.5950733E-02 5.6052379E-02 6.7646861E-02 8.0939792E-02 9.6142337E-02 0.1134769 0.1331600 0.1554069 0.1804147 0.2083674 0.2394233 0.2737230 0.3113802 0.3524939 0.3971412 0.4453897 0.4972920 0.5528942 0.6122255 0.6752962 0.7420638 0.8123484 0.8854865 0.9593620 1.027373 1.079627 1.115226 1.139549 1.156191 1.167263 1.173793 1.176437 1.175397 1.170751 1.162264 1.149615 1.132169 1.109174 1.079481 1.041716 0.9939117
-1.1440104E-02 -9.5008658E-03 -7.3329010E-03 -4.9032215E-03 -2.1703311E-03 9.1161439E-04 4.3997271E-03 8.3578797E-03 1.2864834E-02 1.8008890E-02 2.3897208E-02 3.0649213E-02 3.8406894E-02 4.7325972E-02 5.7585984E-02 6.9377489E-02 8.2911603E-02 9.8402709E-02 0.1160773 0.1361515 0.1588429 0.1843450 0.2128457 0.2444995 0.2794564 0.3178298 0.3597375 0.4052595 0.4544919 0.5074880 0.5643275 0.6250244 0.6896103 0.7579384 0.8296615 0.9034322 0.9750793 1.034873 1.077056 1.105829 1.125732 1.139458 1.148363 1.153297 1.154589 1.152430 1.146668 1.137089 1.123142 1.104185 1.079154 1.046818 1.005332 0.9525104
-1.0361630E-02 -8.4282020E-03 -6.2680249E-03 -3.8438183E-03 -1.1179699E-03 1.9602152E-03 5.4439851E-03 9.4030816E-03 1.3912378E-02 1.9067137E-02 2.4970967E-02 3.1751759E-02 3.9548233E-02 4.8525639E-02 5.8859937E-02 7.0751987E-02 8.4407426E-02 0.1000502 0.1178982 0.1381760 0.1610896 0.1868428 0.2156117 0.2475678 0.2828533 0.3216107 0.3639560 0.4100127 0.4598777 0.5136599 0.5714260 0.6332390 0.6990455 0.7686602 0.8412663 0.9143201 0.9802223 1.029691 1.063497 1.086961 1.103389 1.114677 1.121800 1.125338 1.125509 1.122358 1.115684 1.105134 1.090087 1.069701 1.042775 1.007725 0.9624230 0.9040603
-9.0715140E-03 -7.1532796E-03 -5.0081140E-03 -2.6022124E-03 1.0543491E-04 3.1621100E-03 6.6245487E-03 1.0559183E-02 1.5044641E-02 2.0173237E-02 2.6052533E-02 3.2807708E-02 4.0581696E-02 4.9537167E-02 5.9853468E-02 7.1728140E-02 8.5368752E-02 0.1009940 0.1188213 0.1390686 0.1619406 0.1876364 0.2163343 0.2482087 0.2834131 0.3221065 0.3644291 0.4105379 0.4605664 0.5146684 0.5729448 0.6354815 0.7021813 0.7726246 0.8452033 0.9149005 0.9715777 1.011164 1.038509 1.057764 1.071401 1.080636 1.086276 1.088618 1.087868 1.083884 1.076486 1.065133 1.049205 1.027596 0.9989791 0.9613022 0.9120562 0.8476989
-7.5424626E-03 -5.6468211E-03 -3.5261048E-03 -1.1492388E-03 1.5267333E-03 4.5458940E-03 7.9672160E-03 1.1853294E-02 1.6285386E-02 2.1351086E-02 2.7160911E-02 3.3834364E-02 4.1517153E-02 5.0364591E-02 6.0558558E-02 7.2286151E-02 8.5756265E-02 0.1011735 0.1187555 0.1387031 0.1612233 0.1864982 0.2147161 0.2460400 0.2806496 0.3187033 0.3603922 0.4058888 0.4554101 0.5091375 0.5672784 0.6298944 0.6968703 0.7672730 0.8380557 0.9006215 0.9466125 0.9782093 1.000463 1.016397 1.027680 1.035242 1.039591 1.040982 1.039447 1.034866 1.026907 1.015059 0.9984913 0.9760586 0.9460461 0.9061175 0.8529547 0.7825710
-5.7484647E-03 -3.8813052E-03 -1.7956843E-03 5.4299377E-04 3.1722831E-03 6.1397697E-03 9.4983662E-03 1.3313830E-02 1.7660381E-02 2.2628378E-02 2.8320095E-02 3.4856617E-02 4.2373750E-02 5.1026672E-02 6.0984399E-02 7.2431400E-02 8.5560046E-02 0.1005693 0.1176572 0.1370172 0.1588360 0.1832909 0.2105540 0.2407923 0.2741795 0.3108945 0.3511428 0.3951472 0.4431740 0.4955026 0.5524246 0.6141022 0.6802794 0.7492232 0.8149699 0.8672030 0.9034705 0.9288533 0.9470528 0.9602728 0.9695895 0.9757450 0.9790205 0.9796376 0.9775044 0.9725121 0.9642303 0.9521574 0.9353434 0.9125693 0.8818008 0.8402498 0.7837221 0.7078071
-3.6704307E-03 -1.8399891E-03 2.0275755E-04 2.4918551E-03 5.0627748E-03 7.9621468E-03 1.1239850E-02 1.4960267E-02 1.9193050E-02 2.4026243E-02 2.9555315E-02 3.5897650E-02 4.3178871E-02 5.1548187E-02 6.1159983E-02 7.2189674E-02 8.4809549E-02 9.9206552E-02 0.1155530 0.1340296 0.1547934 0.1780112 0.2038245 0.2323963 0.2638709 0.2984374 0.3362787 0.3776572 0.4228420 0.4722218 0.5261537 0.5849857 0.6482457 0.7128223 0.7693494 0.8103732 0.8388680 0.8592811 0.8742532 0.8851670 0.8928808 0.8978109 0.9002460 0.9002150 0.8977043 0.8924552 0.8841521 0.8721466 0.8556124 0.8331127 0.8026308 0.7607020 0.7025294 0.6239552
-1.3224697E-03 4.6317023E-04 2.4564355E-03 4.6846238E-03 7.1868622E-03 1.0001963E-02 1.3182919E-02 1.6784513E-02 2.0878443E-02 2.5540957E-02 3.0867659E-02 3.6960624E-02 4.3942984E-02 5.1943734E-02 6.1110999E-02 7.1594089E-02 8.3554640E-02 9.7147420E-02 0.1125304 0.1298464 0.1492362 0.1708236 0.1947325 0.2210765 0.2499800 0.2815717 0.3160110 0.3534839 0.3942383 0.4385772 0.4868879 0.5394662 0.5957878 0.6508908 0.6950172 0.7261526 0.7485053 0.7649512 0.7772448 0.7862515 0.7925938 0.7965243 0.7982581 0.7977638 0.7950103 0.7897257 0.7816086 0.7700398 0.7542467 0.7328782 0.7039639 0.6640635 0.6080351 0.5345611
1.1959699E-03 2.9320405E-03 4.8669851E-03 7.0269261E-03 9.4483458E-03 1.2167776E-02 1.5234507E-02 1.8699482E-02 2.2629037E-02 2.7092885E-02 3.2178797E-02 3.7978645E-02 4.4603780E-02 5.2167997E-02 6.0802780E-02 7.0636116E-02 8.1807874E-02 9.4445124E-02 0.1086794 0.1246200 0.1423769 0.1620333 0.1836761 0.2073656 0.2331759 0.2611567 0.2913862 0.3239177 0.3588483 0.3962289 0.4361287 0.4783296 0.5217526 0.5619258 0.5934747 0.6167805 0.6342531 0.6475208 0.6575706 0.6650017 0.6701725 0.6732960 0.6744570 0.6736574 0.6707888 0.6656597 0.6579332 0.6471373 0.6325337 0.6130877 0.5871431 0.5522518 0.5050941 0.4473759
3.6634530E-03 5.3448863E-03 7.2146128E-03 9.2991171E-03 1.1629961E-02 1.4243226E-02 1.7181726E-02 2.0494495E-02 2.4239080E-02 2.8480943E-02 3.3295587E-02 3.8767207E-02 4.4990055E-02 5.2065685E-02 6.0102582E-02 6.9211289E-02 7.9502471E-02 9.1080941E-02 0.1040433 0.1184724 0.1344371 0.1519887 0.1711629 0.1919774 0.2144345 0.2385170 0.2641893 0.2913846 0.3199957 0.3498350 0.3805730 0.4115688 0.4415461 0.4683985 0.4905088 0.5079796 0.5216759 0.5323627 0.5405766 0.5466759 0.5508855 0.5533347 0.5540690 0.5530648 0.5502220 0.5453646 0.5382160 0.5283860 0.5153239 0.4982753 0.4762104 0.4478934 0.4125274 0.3719908
5.8838958E-03 7.5056348E-03 9.3052667E-03 1.1307375E-02 1.3540671E-02 1.6038243E-02 1.8838517E-02 2.1985782E-02 2.5531054E-02 2.9532282E-02 3.4055181E-02 3.9172620E-02 4.4964653E-02 5.1516682E-02 5.8917806E-02 6.7257255E-02 7.6621480E-02 8.7089479E-02 9.8729648E-02 0.1115955 0.1257241 0.1411330 0.1578199 0.1757602 0.1949065 0.2151832 0.2364835 0.2586563 0.2814940 0.3047039 0.3278749 0.3504251 0.3715898 0.3905195 0.4066547 0.4199876 0.4308007 0.4394248 0.4461337 0.4511295 0.4545439 0.4564503 0.4568652 0.4557551 0.4530305 0.4485448 0.4420827 0.4333530 0.4219695 0.4074614 0.3892971 0.3670467 0.3407841 0.3117120
7.7898139E-03 9.3480749E-03 1.1073343E-02 1.2988080E-02 1.5118144E-02 1.7493319E-02 2.0147810E-02 2.3120778E-02 2.6456745E-02 3.0205993E-02 3.4424566E-02 3.9174061E-02 4.4520792E-02 5.0534543E-02 5.7286248E-02 6.4845376E-02 7.3276363E-02 8.2635544E-02 9.2967123E-02 0.1043004 0.1166472 0.1299998 0.1443294 0.1595842 0.1756879 0.1925362 0.2099930 0.2278846 0.2459911 0.2640396 0.2816944 0.2985613 0.3142085 0.3282675 0.3405237 0.3509211 0.3595454 0.3665329 0.3720181 0.3761062 0.3788699 0.3803443 0.3805296 0.3793884 0.3768463 0.3727869 0.3670512 0.3594346 0.3496970 0.3375725 0.3228306 0.3053887 0.2855127 0.2639321
9.3813092E-03 1.0873237E-02 1.2521017E-02 1.4344819E-02 1.6367778E-02 1.8616254E-02 2.1120327E-02 2.3914011E-02 2.7035683E-02 3.0527988E-02 3.4437988E-02 3.8816441E-02 4.3717209E-02 4.9195617E-02 5.5306666E-02 6.2102303E-02 6.9628768E-02 7.7923298E-02 8.7011553E-02 9.6904390E-02 0.1075964 0.1190637 0.1312629 0.1441296 0.1575781 0.1714985 0.1857568 0.2001915 0.2146141 0.2288079 0.2425340 0.2555414 0.2675955 0.2784896 0.2880852 0.2963479 0.3032986 0.3089914 0.3134857 0.3168336 0.3190687 0.3202048 0.3202311 0.3191137 0.3167917 0.3131796 0.3081660 0.3016187 0.2933909 0.2833518 0.2714230 0.2576478 0.2422539 0.2257064
1.0684682E-02 1.2108398E-02 1.3676654E-02 1.5407429E-02 1.7321121E-02 1.9440860E-02 2.1792656E-02 2.4405738E-02 2.7312556E-02 3.0548815E-02 3.4153201E-02 3.8166869E-02 4.2632475E-02 4.7592953E-02 5.3089634E-02 5.9160192E-02 6.5836035E-02 7.3140062E-02 8.1084065E-02 8.9666776E-02 9.8872110E-02 0.1086681 0.1190060 0.1298199 0.1410260 0.1525234 0.1641933 0.1759009 0.1874954 0.1988150 0.2096906 0.2199557 0.2294541 0.2380709 0.2457351 0.2523990 0.2580561 0.2627206 0.2664159 0.2691621 0.2709722 0.2718455 0.2717684 0.2707101 0.2686250 0.2654507 0.2611127 0.2555284 0.2486223 0.2403364 0.2306642 0.2196814 0.2075857 0.1946793
1.1733295E-02 1.3087739E-02 1.4575518E-02 1.6212441E-02 1.8016387E-02 2.0007307E-02 2.2207545E-02 2.4641771E-02 2.7337162E-02 3.0323055E-02 3.3630840E-02 3.7293166E-02 4.1343275E-02 4.5813665E-02 5.0734654E-02 5.6132462E-02 6.2027380E-02 6.8431713E-02 7.5348057E-02 8.2767524E-02 9.0668902E-02 9.9017568E-02 0.1077655 0.1168508 0.1261988 0.1357218 0.1453210 0.1548874 0.1643050 0.1734531 0.1822122 0.1904691 0.1981278 0.2051008 0.2113212 0.2167606 0.2214037 0.2252486 0.2282986 0.2305583 0.2320274 0.2326997 0.2325595 0.2315825 0.2297339 0.2269722 0.2232500 0.2185210 0.2127443 0.2059054 0.1980266 0.1891871 0.1795254 0.1692533
1.2562251E-02 1.3847199E-02 1.5254499E-02 1.6797988E-02 1.8493095E-02 2.0356949E-02 2.2408437E-02 2.4668232E-02 2.7158696E-02 2.9903734E-02 3.2928329E-02 3.6258079E-02 3.9918333E-02 4.3933220E-02 4.8324335E-02 5.3109262E-02 5.8300048E-02 6.3901827E-02 6.9911234E-02 7.6315515E-02 8.3091587E-02 9.0205848E-02 9.7613901E-02 0.1052611 0.1130830 0.1210066 0.1289513 0.1368310 0.1445560 0.1520359 0.1591822 0.1659122 0.1721493 0.1778391 0.1829434 0.1874252 0.1912652 0.1944522 0.1969810 0.1988469 0.2000443 0.2005632 0.2003897 0.1995039 0.1978815 0.1954942 0.1923134 0.1883138 0.1834835 0.1778261 0.1713746 0.1641984 0.1564144 0.1481683
1.3203956E-02 1.4419873E-02 1.5747573E-02 1.7199012E-02 1.8787460E-02 2.0527415E-02 2.2434741E-02 2.4526501E-02 2.6821001E-02 2.9337341E-02 3.2095283E-02 3.5114475E-02 3.8414042E-02 4.2011417E-02 4.5921579E-02 5.0155681E-02 5.4720078E-02 5.9615020E-02 6.4833879E-02 7.0362143E-02 7.6177239E-02 8.2248099E-02 8.8535532E-02 9.4992436E-02 0.1015649 0.1081927 0.1148112 0.1213521 0.1277460 0.1339237 0.1398195 0.1453727 0.1505327 0.1552496 0.1594808 0.1632041 0.1664005 0.1690569 0.1711630 0.1727108 0.1736912 0.1740945 0.1739076 0.1731159 0.1717023 0.1696495 0.1669418 0.1635693 0.1595283 0.1548338 0.1495201 0.1436467 0.1372933 0.1305698
1.3688194E-02 1.4836185E-02 1.6085872E-02 1.7447552E-02 1.8932488E-02 2.0552892E-02 2.2321912E-02 2.4253594E-02 2.6362645E-02 2.8664289E-02 3.1173840E-02 3.3906285E-02 3.6875673E-02 4.0094458E-02 4.3572549E-02 4.7316562E-02 5.1328853E-02 5.5606790E-02 6.0141958E-02 6.4919740E-02 6.9918975E-02 7.5112082E-02 8.0465078E-02 8.5938290E-02 9.1486804E-02 9.7061709E-02 0.1026107 0.1080799 0.1134145 0.1185612 0.1234683 0.1280879 0.1323746 0.1362962 0.1398282 0.1429421 0.1456192 0.1478445 0.1496072 0.1508969 0.1517046 0.1520203 0.1518338 0.1511334 0.1499083 0.1481474 0.1458431 0.1429922 0.1396031 0.1356921 0.1312915 0.1264495 0.1212365 0.1157306
