T2-onemodel/GL12.grd
DSAA
         100         100
  -20.00000       20.00000    
  -20.00000       20.00000    
 -2.6822124E-02   1.214103    
[rows 0 to 23 of 100, columns 0 to 53 of 100]
1.0335480E-02 1.0490314E-02 1.0649174E-02 1.0812035E-02 1.0978879E-02 1.1149664E-02 1.1324319E-02 1.1502739E-02 1.1684839E-02 1.1870503E-02 1.2059575E-02 1.2251871E-02 1.2447198E-02 1.2645334E-02 1.2846014E-02 1.3048953E-02 1.3253835E-02 1.3460321E-02 1.3668043E-02 1.3876592E-02 1.4085530E-02 1.4294383E-02 1.4502646E-02 1.4709795E-02 1.4915262E-02 1.5118468E-02 1.5318794E-02 1.5515639E-02 1.5708333E-02 1.5896240E-02 1.6078630E-02 1.6254751E-02 1.6423557E-02 1.6584881E-02 1.6738614E-02 1.6883578E-02 1.7019132E-02 1.7144606E-02 1.7259479E-02 1.7363155E-02 1.7455170E-02 1.7535023E-02 1.7602343E-02 1.7656710E-02 1.7697819E-02 1.7725294E-02 1.7738480E-02 1.7737104E-02 1.7722942E-02 1.7695447E-02 1.7654222E-02 1.7599383E-02 1.7531687E-02 1.7451078E-02
1.0445201E-02 1.0609292E-02 1.0777826E-02 1.0950801E-02 1.1128204E-02 1.1309995E-02 1.1496102E-02 1.1686444E-02 1.1880944E-02 1.2079473E-02 1.2281874E-02 1.2487971E-02 1.2697568E-02 1.2910423E-02 1.3126269E-02 1.3344803E-02 1.3565693E-02 1.3788580E-02 1.4013073E-02 1.4238723E-02 1.4465059E-02 1.4691562E-02 1.4917693E-02 1.5142862E-02 1.5366458E-02 1.5587832E-02 1.5806329E-02 1.6021241E-02 1.6231874E-02 1.6437469E-02 1.6637335E-02 1.6830776E-02 1.7017415E-02 1.7195979E-02 1.7365165E-02 1.7524770E-02 1.7674092E-02 1.7812511E-02 1.7939324E-02 1.8053951E-02 1.8155780E-02 1.8244324E-02 1.8319082E-02 1.8379655E-02 1.8425699E-02 1.8457074E-02 1.8474046E-02 1.8476626E-02 1.8462859E-02 1.8433314E-02 1.8388547E-02 1.8328751E-02 1.8253596E-02 1.8163698E-02
1.0557361E-02 1.0731303E-02 1.0910151E-02 1.1093915E-02 1.1282607E-02 1.1476174E-02 1.1674560E-02 1.1877713E-02 1.2085546E-02 1.2297932E-02 1.2514720E-02 1.2735739E-02 1.2960781E-02 1.3189604E-02 1.3421921E-02 1.3657425E-02 1.3895766E-02 1.4136568E-02 1.4379396E-02 1.4623779E-02 1.4869198E-02 1.5115106E-02 1.5360893E-02 1.5605931E-02 1.5849538E-02 1.6091015E-02 1.6329616E-02 1.6564582E-02 1.6795097E-02 1.7020365E-02 1.7239468E-02 1.7451499E-02 1.7655216E-02 1.7850302E-02 1.8036498E-02 1.8212421E-02 1.8377254E-02 1.8530160E-02 1.8670443E-02 1.8797357E-02 1.8910293E-02 1.9008614E-02 1.9091804E-02 1.9159349E-02 1.9210851E-02 1.9245846E-02 1.9263586E-02 1.9263746E-02 1.9248186E-02 1.9216312E-02 1.9167721E-02 1.9102558E-02 1.9021645E-02 1.8924993E-02
1.0671721E-02 1.0856141E-02 1.1045980E-02 1.1241272E-02 1.1442022E-02 1.1648191E-02 1.1859755E-02 1.2076670E-02 1.2298848E-02 1.2526168E-02 1.2758491E-02 1.2995648E-02 1.3237424E-02 1.3483566E-02 1.3733795E-02 1.3987780E-02 1.4245165E-02 1.4505535E-02 1.4768437E-02 1.5033357E-02 1.5299744E-02 1.5566986E-02 1.5834443E-02 1.6101403E-02 1.6367143E-02 1.6630866E-02 1.6891778E-02 1.7148996E-02 1.7401658E-02 1.7648820E-02 1.7889611E-02 1.8123139E-02 1.8348856E-02 1.8565262E-02 1.8770812E-02 1.8965136E-02 1.9147338E-02 1.9316589E-02 1.9472001E-02 1.9612821E-02 1.9738259E-02 1.9847672E-02 1.9940395E-02 2.0015936E-02 2.0073837E-02 2.0113861E-02 2.0136250E-02 2.0140963E-02 2.0125879E-02 2.0091595E-02 2.0038735E-02 1.9967506E-02 1.9877609E-02 1.9769760E-02
1.0788097E-02 1.0983667E-02 1.1185223E-02 1.1392815E-02 1.1606447E-02 1.1826117E-02 1.2051819E-02 1.2283519E-02 1.2521133E-02 1.2764554E-02 1.3013660E-02 1.3268276E-02 1.3528186E-02 1.3793143E-02 1.4062853E-02 1.4336986E-02 1.4615158E-02 1.4896939E-02 1.5181832E-02 1.5469299E-02 1.5758732E-02 1.6049488E-02 1.6340839E-02 1.6632037E-02 1.6922269E-02 1.7210679E-02 1.7496346E-02 1.7778339E-02 1.8055636E-02 1.8327232E-02 1.8592011E-02 1.8848838E-02 1.9096233E-02 1.9333661E-02 1.9560661E-02 1.9775592E-02 1.9977409E-02 2.0165045E-02 2.0337582E-02 2.0494070E-02 2.0633707E-02 2.0755654E-02 2.0859243E-02 2.0943822E-02 2.1008857E-02 2.1053767E-02 2.1077679E-02 2.1080201E-02 2.1063283E-02 2.1026289E-02 2.0968787E-02 2.0890953E-02 2.0793704E-02 2.0677121E-02
1.0906138E-02 1.1113573E-02 1.1327623E-02 1.1548335E-02 1.1775741E-02 1.2009876E-02 1.2250749E-02 1.2498333E-02 1.2752564E-02 1.3013358E-02 1.3280596E-02 1.3554106E-02 1.3833686E-02 1.4119079E-02 1.4410002E-02 1.4706107E-02 1.5006996E-02 1.5312206E-02 1.5621223E-02 1.5933454E-02 1.6248262E-02 1.6564932E-02 1.6882692E-02 1.7200708E-02 1.7518103E-02 1.7833905E-02 1.8147131E-02 1.8456697E-02 1.8761514E-02 1.9060412E-02 1.9352287E-02 1.9636003E-02 1.9910773E-02 2.0174798E-02 2.0426236E-02 2.0664481E-02 2.0888371E-02 2.1096818E-02 2.1288684E-02 2.1462973E-02 2.1618664E-02 2.1754898E-02 2.1870835E-02 2.1965807E-02 2.2039203E-02 2.2090677E-02 2.2120409E-02 2.2128275E-02 2.2111986E-02 2.2072177E-02 2.2009501E-02 2.1924203E-02 2.1816039E-02 2.1685837E-02
1.1025546E-02 1.1245613E-02 1.1472966E-02 1.1707677E-02 1.1949813E-02 1.2199445E-02 1.2456589E-02 1.2721249E-02 1.2993372E-02 1.3272910E-02 1.3559739E-02 1.3853717E-02 1.4154633E-02 1.4462257E-02 1.4776285E-02 1.5096372E-02 1.5422097E-02 1.5752984E-02 1.6088473E-02 1.6427953E-02 1.6770715E-02 1.7116005E-02 1.7462961E-02 1.7810712E-02 1.8158240E-02 1.8504526E-02 1.8848429E-02 1.9188788E-02 1.9524325E-02 1.9853793E-02 2.0175796E-02 2.0488918E-02 2.0791335E-02 2.1082263E-02 2.1360952E-02 2.1625433E-02 2.1874338E-02 2.2106303E-02 2.2320127E-02 2.2514574E-02 2.2688562E-02 2.2841034E-02 2.2971092E-02 2.3077879E-02 2.3160689E-02 2.3218786E-02 2.3251126E-02 2.3257233E-02 2.3239162E-02 2.3196198E-02 2.3127872E-02 2.3034422E-02 2.2916863E-02 2.2775372E-02
1.1145827E-02 1.1379325E-02 1.1620847E-02 1.1870491E-02 1.2128384E-02 1.2394611E-02 1.2669219E-02 1.2952224E-02 1.3243631E-02 1.3543386E-02 1.3851409E-02 1.4167552E-02 1.4491641E-02 1.4823435E-02 1.5162654E-02 1.5508929E-02 1.5861839E-02 1.6220873E-02 1.6585454E-02 1.6954919E-02 1.7328523E-02 1.7705431E-02 1.8084746E-02 1.8465463E-02 1.8846519E-02 1.9226732E-02 1.9604886E-02 1.9979632E-02 2.0349611E-02 2.0713361E-02 2.1069475E-02 2.1416482E-02 2.1753278E-02 2.2077687E-02 2.2387495E-02 2.2681752E-02 2.2958945E-02 2.3217650E-02 2.3456378E-02 2.3673808E-02 2.3868615E-02 2.4039662E-02 2.4185855E-02 2.4306275E-02 2.4400132E-02 2.4466908E-02 2.4506671E-02 2.4519226E-02 2.4502067E-02 2.4455827E-02 2.4381220E-02 2.4278553E-02 2.4147630E-02 2.3989417E-02
1.1266539E-02 1.1514314E-02 1.1770917E-02 1.2036510E-02 1.2311249E-02 1.2595247E-02 1.2888586E-02 1.3191329E-02 1.3503499E-02 1.3825088E-02 1.4156021E-02 1.4496199E-02 1.4845447E-02 1.5203558E-02 1.5570244E-02 1.5945146E-02 1.6327823E-02 1.6717752E-02 1.7114323E-02 1.7516840E-02 1.7924497E-02 1.8336412E-02 1.8751593E-02 1.9168967E-02 1.9587329E-02 2.0005418E-02 2.0421829E-02 2.0835111E-02 2.1243686E-02 2.1645971E-02 2.2040211E-02 2.2424601E-02 2.2796920E-02 2.3156002E-02 2.3500727E-02 2.3828667E-02 2.4138052E-02 2.4427112E-02 2.4694260E-02 2.4937863E-02 2.5156496E-02 2.5348775E-02 2.5513494E-02 2.5649527E-02 2.5755920E-02 2.5831720E-02 2.5875693E-02 2.5887223E-02 2.5868451E-02 2.5818571E-02 2.5737092E-02 2.5624298E-02 2.5481338E-02 2.5308499E-02
1.1386937E-02 1.1649874E-02 1.1922543E-02 1.2205151E-02 1.2497899E-02 1.2800924E-02 1.3114368E-02 1.3438326E-02 1.3772874E-02 1.4118021E-02 1.4473753E-02 1.4839978E-02 1.5216573E-02 1.5603331E-02 1.5999997E-02 1.6406195E-02 1.6821494E-02 1.7245352E-02 1.7677147E-02 1.8116117E-02 1.8561432E-02 1.9012127E-02 1.9467153E-02 1.9925298E-02 2.0385288E-02 2.0845668E-02 2.1304939E-02 2.1761419E-02 2.2213424E-02 2.2659091E-02 2.3096615E-02 2.3524094E-02 2.3940008E-02 2.4341678E-02 2.4726376E-02 2.5092704E-02 2.5438687E-02 2.5762420E-02 2.6061958E-02 2.6335537E-02 2.6581431E-02 2.6798105E-02 2.6984110E-02 2.7138220E-02 2.7259357E-02 2.7346766E-02 2.7400395E-02 2.7419914E-02 2.7402526E-02 2.7348885E-02 2.7259769E-02 2.7135525E-02 2.6976047E-02 2.6782472E-02
1.1506332E-02 1.1785388E-02 1.2075167E-02 1.2375935E-02 1.2687915E-02 1.3011322E-02 1.3346331E-02 1.3693108E-02 1.4051761E-02 1.4422356E-02 1.4804911E-02 1.5199396E-02 1.5605706E-02 1.6023684E-02 1.6453069E-02 1.6893525E-02 1.7344598E-02 1.7805763E-02 1.8276349E-02 1.8755592E-02 1.9242581E-02 1.9736324E-02 2.0235632E-02 2.0739239E-02 2.1245692E-02 2.1753436E-02 2.2260746E-02 2.2765821E-02 2.3266675E-02 2.3761304E-02 2.4247468E-02 2.4722870E-02 2.5184745E-02 2.5631424E-02 2.6061261E-02 2.6471246E-02 2.6859058E-02 2.7222365E-02 2.7559036E-02 2.7866941E-02 2.8144171E-02 2.8388880E-02 2.8599454E-02 2.8774384E-02 2.8912375E-02 2.9012205E-02 2.9072348E-02 2.9092018E-02 2.9073412E-02 2.9015638E-02 2.8918145E-02 2.8781278E-02 2.8606331E-02 2.8393775E-02
1.1623737E-02 1.1919918E-02 1.2227917E-02 1.2548036E-02 1.2880576E-02 1.3225794E-02 1.3583955E-02 1.3955260E-02 1.4339890E-02 1.4737962E-02 1.5149560E-02 1.5574695E-02 1.6013326E-02 1.6465314E-02 1.6930452E-02 1.7408399E-02 1.7898750E-02 1.8400941E-02 1.8914323E-02 1.9438069E-02 1.9971265E-02 2.0512795E-02 2.1061435E-02 2.1615757E-02 2.2174207E-02 2.2735026E-02 2.3296345E-02 2.3856098E-02 2.4412138E-02 2.4962105E-02 2.5503663E-02 2.6034342E-02 2.6552059E-02 2.7053453E-02 2.7535137E-02 2.7995100E-02 2.8430706E-02 2.8839415E-02 2.9218649E-02 2.9566053E-02 2.9879330E-02 3.0156413E-02 3.0395361E-02 3.0594500E-02 3.0752368E-02 3.0867914E-02 3.0940868E-02 3.0970706E-02 3.0954292E-02 3.0892277E-02 3.0785482E-02 3.0634331E-02 3.0438814E-02 3.0200293E-02
1.1738150E-02 1.2052522E-02 1.2379891E-02 1.2720640E-02 1.3075129E-02 1.3443711E-02 1.3826697E-02 1.4224380E-02 1.4636993E-02 1.5064745E-02 1.5507773E-02 1.5966175E-02 1.6439946E-02 1.6929019E-02 1.7433213E-02 1.7952252E-02 1.8485719E-02 1.9033100E-02 1.9593704E-02 2.0166725E-02 2.0751158E-02 2.1345865E-02 2.1949487E-02 2.2560515E-02 2.3177199E-02 2.3797652E-02 2.4419747E-02 2.5041226E-02 2.5659602E-02 2.6272288E-02 2.6876438E-02 2.7469093E-02 2.8046755E-02 2.8607072E-02 2.9147679E-02 2.9664788E-02 3.0155296E-02 3.0616112E-02 3.1044388E-02 3.1437282E-02 3.1792220E-02 3.2106712E-02 3.2378573E-02 3.2605782E-02 3.2786582E-02 3.2919347E-02 3.3002183E-02 3.3034045E-02 3.3017196E-02 3.2950591E-02 3.2833591E-02 3.2666631E-02 3.2451183E-02 3.2187920E-02
1.1848192E-02 1.2181861E-02 1.2529834E-02 1.2892562E-02 1.3270508E-02 1.3664086E-02 1.4073707E-02 1.4499733E-02 1.4942505E-02 1.5402306E-02 1.5879372E-02 1.6373854E-02 1.6885864E-02 1.7415369E-02 1.7962275E-02 1.8526336E-02 1.9107206E-02 1.9704362E-02 2.0317156E-02 2.0944729E-02 2.1586092E-02 2.2239998E-02 2.2905026E-02 2.3579506E-02 2.4261571E-02 2.4949091E-02 2.5639759E-02 2.6330989E-02 2.7020060E-02 2.7703965E-02 2.8379662E-02 2.9043924E-02 2.9693874E-02 3.0325279E-02 3.0933842E-02 3.1516694E-02 3.2070298E-02 3.2591227E-02 3.3076055E-02 3.3521581E-02 3.3924721E-02 3.4282662E-02 3.4592770E-02 3.4852780E-02 3.5060696E-02 3.5215024E-02 3.5315186E-02 3.5360385E-02 3.5347063E-02 3.5275817E-02 3.5147518E-02 3.4962669E-02 3.4721389E-02 3.4425318E-02
1.1952405E-02 1.2306547E-02 1.2676415E-02 1.3062565E-02 1.3465538E-02 1.3885861E-02 1.4324035E-02 1.4780533E-02 1.5255786E-02 1.5750201E-02 1.6264100E-02 1.6797764E-02 1.7351359E-02 1.7924977E-02 1.8518589E-02 1.9132037E-02 1.9765018E-02 2.0417072E-02 2.1087557E-02 2.1775650E-02 2.2480290E-02 2.3200218E-02 2.3933886E-02 2.4679529E-02 2.5435066E-02 2.6198206E-02 2.6966341E-02 2.7736630E-02 2.8505925E-02 2.9270910E-02 3.0027911E-02 3.0773073E-02 3.1501945E-02 3.2211207E-02 3.2897521E-02 3.3555996E-02 3.4182474E-02 3.4772821E-02 3.5323165E-02 3.5829682E-02 3.6288843E-02 3.6697295E-02 3.7052043E-02 3.7350338E-02 3.7589796E-02 3.7768237E-02 3.7883248E-02 3.7933446E-02 3.7921105E-02 3.7844948E-02 3.7704278E-02 3.7499566E-02 3.7232526E-02 3.6904082E-02
1.2048861E-02 1.2424702E-02 1.2817835E-02 1.3228917E-02 1.3658604E-02 1.4107523E-02 1.4576303E-02 1.5065529E-02 1.5575780E-02 1.6107559E-02 1.6661342E-02 1.7237509E-02 1.7836364E-02 1.8458102E-02 1.9102816E-02 1.9770432E-02 2.0460753E-02 2.1173369E-02 2.1907711E-02 2.2662951E-02 2.3438046E-02 2.4231654E-02 2.5042189E-02 2.5867706E-02 2.6706006E-02 2.7554514E-02 2.8410388E-02 2.9270396E-02 3.0131066E-02 3.0988548E-02 3.1838864E-02 3.2677766E-02 3.3501297E-02 3.4304041E-02 3.5080429E-02 3.5826389E-02 3.6537144E-02 3.7208036E-02 3.7834421E-02 3.8411919E-02 3.8936324E-02 3.9403789E-02 3.9810747E-02 4.0154051E-02 4.0430974E-02 4.0639393E-02 4.0778313E-02 4.0846519E-02 4.0839888E-02 4.0758949E-02 4.0604610E-02 4.0377449E-02 4.0077727E-02 3.9707433E-02
1.2135528E-02 1.2534361E-02 1.2952195E-02 1.3389808E-02 1.3847975E-02 1.4327468E-02 1.4829034E-02 1.5353427E-02 1.5901349E-02 1.6473476E-02 1.7070414E-02 1.7692707E-02 1.8340802E-02 1.9015053E-02 1.9715674E-02 2.0442754E-02 2.1196177E-02 2.1975674E-02 2.2780715E-02 2.3610549E-02 2.4464127E-02 2.5340108E-02 2.6236787E-02 2.7152151E-02 2.8083770E-02 2.9028876E-02 2.9984262E-02 3.0946372E-02 3.1911224E-02 3.2874513E-02 3.3831492E-02 3.4777109E-02 3.5705570E-02 3.6612257E-02 3.7492421E-02 3.8339652E-02 3.9148331E-02 3.9912842E-02 4.0627852E-02 4.1288141E-02 4.1888855E-02 4.2425398E-02 4.2893641E-02 4.3289833E-02 4.3610692E-02 4.3853264E-02 4.4014428E-02 4.4092305E-02 4.4089131E-02 4.4003349E-02 4.3834098E-02 4.3581940E-02 4.3248829E-02 4.2836014E-02
1.2209694E-02 1.2632865E-02 1.3076909E-02 1.3542730E-02 1.4031255E-02 1.4543399E-02 1.5080088E-02 1.5642224E-02 1.6230699E-02 1.6846357E-02 1.7489992E-02 1.8162323E-02 1.8863998E-02 1.9595537E-02 2.0357365E-02 2.1149706E-02 2.1972630E-02 2.2825984E-02 2.3709385E-02 2.4622137E-02 2.5563261E-02 2.6531387E-02 2.7524794E-02 2.8541313E-02 2.9578390E-02 3.0632943E-02 3.1701483E-02 3.2779984E-02 3.3864025E-02 3.4948636E-02 3.6028598E-02 3.7098259E-02 3.8152196E-02 3.9183326E-02 4.0184334E-02 4.1149445E-02 4.2072121E-02 4.2945940E-02 4.3764513E-02 4.4521794E-02 4.5211971E-02 4.5829743E-02 4.6370175E-02 4.6828929E-02 4.7202215E-02 4.7487054E-02 4.7681794E-02 4.7784667E-02 4.7790814E-02 4.7700625E-02 4.7515016E-02 4.7234636E-02 4.6859935E-02 4.6393316E-02
1.2268499E-02 1.2717418E-02 1.3189238E-02 1.3685029E-02 1.4205874E-02 1.4752881E-02 1.5327154E-02 1.5929786E-02 1.6561879E-02 1.7224489E-02 1.7918620E-02 1.8645233E-02 1.9405186E-02 2.0199250E-02 2.1028051E-02 2.1892056E-02 2.2791527E-02 2.3726521E-02 2.4696790E-02 2.5701802E-02 2.6740637E-02 2.7811989E-02 2.8914098E-02 3.0044729E-02 3.1201117E-02 3.2379970E-02 3.3577375E-02 3.4788918E-02 3.6009517E-02 3.7233625E-02 3.8455021E-02 3.9667010E-02 4.0862009E-02 4.2033512E-02 4.3174792E-02 4.4277322E-02 4.5333348E-02 4.6335127E-02 4.7275256E-02 4.8146483E-02 4.8942056E-02 4.9655609E-02 5.0281402E-02 5.0814215E-02 5.1249534E-02 5.1583294E-02 5.1811431E-02 5.1931329E-02 5.1945161E-02 5.1850952E-02 5.1647618E-02 5.1335797E-02 5.0917733E-02 5.0395072E-02
1.2308180E-02 1.2784299E-02 1.3285546E-02 1.3813144E-02 1.4368394E-02 1.4952585E-02 1.5567048E-02 1.6213100E-02 1.6892092E-02 1.7605312E-02 1.8354051E-02 1.9139512E-02 1.9962857E-02 2.0825122E-02 2.1727230E-02 2.2669911E-02 2.3653721E-02 2.4678947E-02 2.5745599E-02 2.6853299E-02 2.8001305E-02 2.9188385E-02 3.0412827E-02 3.1672306E-02 3.2963946E-02 3.4284148E-02 3.5628688E-02 3.6992561E-02 3.8370144E-02 3.9755028E-02 4.1140310E-02 4.2518448E-02 4.3881942E-02 4.5221373E-02 4.6526983E-02 4.7790542E-02 4.9002949E-02 5.0155219E-02 5.1238440E-02 5.2244153E-02 5.3164251E-02 5.3991269E-02 5.4718349E-02 5.5339403E-02 5.5849187E-02 5.6243446E-02 5.6519620E-02 5.6675173E-02 5.6704272E-02 5.6607112E-02 5.6384549E-02 5.6037307E-02 5.5566050E-02 5.4973643E-02
1.2324645E-02 1.2829486E-02 1.3361847E-02 1.3923185E-02 1.4515006E-02 1.5138827E-02 1.5796233E-02 1.6488807E-02 1.7218169E-02 1.7985927E-02 1.8793652E-02 1.9642901E-02 2.0535152E-02 2.1471804E-02 2.2454115E-02 2.3483194E-02 2.4559913E-02 2.5684923E-02 2.6858503E-02 2.8080588E-02 2.9350631E-02 3.0667597E-02 3.2029826E-02 3.3435039E-02 3.4880184E-02 3.6361471E-02 3.7874240E-02 3.9413005E-02 4.0971342E-02 4.2542063E-02 4.4117000E-02 4.5687228E-02 4.7242634E-02 4.8774034E-02 5.0271869E-02 5.1724542E-02 5.3121224E-02 5.4451037E-02 5.5703539E-02 5.6868516E-02 5.7936445E-02 5.8898356E-02 5.9746169E-02 6.0472563E-02 6.1071232E-02 6.1536565E-02 6.1863139E-02 6.2047441E-02 6.2091399E-02 6.1992507E-02 6.1749388E-02 6.1362732E-02 6.0835097E-02 6.0168572E-02
1.2312659E-02 1.2847773E-02 1.3413033E-02 1.4010117E-02 1.4640772E-02 1.5306788E-02 1.6010033E-02 1.6752411E-02 1.7535850E-02 1.8362300E-02 1.9233732E-02 2.0152062E-02 2.1119192E-02 2.2136930E-02 2.3206988E-02 2.4330895E-02 2.5509981E-02 2.6745303E-02 2.8037583E-02 2.9387098E-02 3.0793661E-02 3.2256480E-02 3.3774097E-02 3.5344273E-02 3.6963943E-02 3.8629051E-02 4.0334620E-02 4.2074513E-02 4.3841634E-02 4.5627695E-02 4.7423564E-02 4.9219087E-02 5.1003844E-02 5.2765138E-02 5.4489676E-02 5.6165628E-02 5.7780132E-02 5.9320427E-02 6.0773887E-02 6.2128436E-02 6.3372552E-02 6.4495623E-02 6.5487929E-02 6.6340879E-02 6.7047052E-02 6.7600399E-02 6.7997105E-02 6.8233564E-02 6.8302669E-02 6.8204328E-02 6.7939326E-02 6.7508444E-02 6.6912584E-02 6.6155151E-02
1.2266361E-02 1.2833356E-02 1.3433331E-02 1.4068235E-02 1.4740079E-02 1.5450981E-02 1.6203104E-02 1.6998729E-02 1.7840154E-02 1.8729756E-02 1.9669900E-02 2.0663008E-02 2.1711435E-02 2.2817535E-02 2.3983518E-02 2.5211483E-02 2.6503300E-02 2.7860591E-02 2.9284598E-02 3.0776136E-02 3.2335445E-02 3.3962172E-02 3.5655126E-02 3.7412282E-02 3.9230563E-02 4.1105833E-02 4.3032680E-02 4.5004465E-02 4.7013130E-02 4.9049411E-02 5.1102526E-02 5.3160507E-02 5.5209693E-02 5.7237074E-02 5.9228957E-02 6.1169259E-02 6.3042544E-02 6.4833321E-02 6.6526577E-02 6.8107672E-02 6.9562867E-02 7.0879348E-02 7.2045490E-02 7.3050953E-02 7.3886715E-02 7.4545018E-02 7.5018585E-02 7.5302616E-02 7.5398743E-02 7.5303763E-02 7.5015947E-02 7.4536048E-02 7.3866956E-02 7.3011287E-02
1.2178405E-02 1.2778915E-02 1.3415502E-02 1.4090358E-02 1.4805853E-02 1.5564415E-02 1.6368616E-02 1.7221110E-02 1.8124662E-02 1.9082094E-02 2.0096326E-02 2.1170272E-02 2.2306921E-02 2.3509197E-02 2.4780001E-02 2.6122076E-02 2.7538002E-02 2.9030077E-02 3.0600281E-02 3.2250062E-02 3.3980351E-02 3.5791300E-02 3.7682250E-02 3.9651461E-02 4.1696075E-02 4.3811850E-02 4.5993160E-02 4.8232689E-02 5.0521616E-02 5.2849315E-02 5.5203702E-02 5.7571054E-02 5.9936859E-02 6.2283710E-02 6.4593181E-02 6.6848092E-02 6.9029972E-02 7.1120381E-02 7.3101029E-02 7.4954361E-02 7.6663658E-02 7.8213520E-02 7.9589881E-02 8.0780342E-02 8.1774302E-02 8.2563162E-02 8.3141290E-02 8.3503619E-02 8.3641440E-02 8.3554320E-02 8.3243087E-02 8.2708560E-02 8.1951931E-02 8.0977172E-02
