T2-onemodel/GL12.grd
DSAA
         100         100
  -20.00000       20.00000    
  -20.00000       20.00000    
 -2.6822124E-02   1.214103    
[rows 24 to 47 of 100, columns 0 to 53 of 100]
1.2040460E-02 1.2676182E-02 1.3351289E-02 1.4068318E-02 1.4829985E-02 1.5639117E-02 1.6498704E-02 1.7411876E-02 1.8381892E-02 1.9412141E-02 2.0506112E-02 2.1667397E-02 2.2899652E-02 2.4206556E-02 2.5591770E-02 2.7058896E-02 2.8611340E-02 3.0252324E-02 3.1984676E-02 3.3810776E-02 3.5732374E-02 3.7750460E-02 3.9865017E-02 4.2074904E-02 4.4377584E-02 4.6768982E-02 4.9243212E-02 5.1792532E-02 5.4407101E-02 5.7075057E-02 5.9782263E-02 6.2512606E-02 6.5247469E-02 6.7968369E-02 7.0655487E-02 7.3286101E-02 7.5837873E-02 7.8288287E-02 8.0615282E-02 8.2797393E-02 8.4814399E-02 8.6647451E-02 8.8279523E-02 8.9695506E-02 9.0882458E-02 9.1829419E-02 9.2526421E-02 9.2967071E-02 9.3152650E-02 9.3079209E-02 9.2744716E-02 9.2150100E-02 9.1298744E-02 9.0193763E-02
1.1842139E-02 1.2514758E-02 1.3230351E-02 1.3991805E-02 1.4802242E-02 1.5664935E-02 1.6583361E-02 1.7561156E-02 1.8602196E-02 1.9710468E-02 2.0890202E-02 2.2145692E-02 2.3481453E-02 2.4902008E-02 2.6412012E-02 2.8016012E-02 2.9718526E-02 3.1523831E-02 3.3435944E-02 3.5458352E-02 3.7593976E-02 3.9844848E-02 4.2211987E-02 4.4695046E-02 4.7292173E-02 4.9999576E-02 5.2811477E-02 5.5719610E-02 5.8713362E-02 6.1779331E-02 6.4901710E-02 6.8061955E-02 7.1239874E-02 7.4411348E-02 7.7550448E-02 8.0632001E-02 8.3629005E-02 8.6514316E-02 8.9260861E-02 9.1842480E-02 9.4234288E-02 9.6413232E-02 9.8358393E-02 0.1000514 0.1014767 0.1026219 0.1034786 0.1040400 0.1042954 0.1042442 0.1038876 0.1032268 0.1022635 0.1010023
1.1571581E-02 1.2282830E-02 1.3040883E-02 1.3849073E-02 1.4710946E-02 1.5630281E-02 1.6611090E-02 1.7657638E-02 1.8774429E-02 1.9966226E-02 2.1238007E-02 2.2595003E-02 2.4042644E-02 2.5586534E-02 2.7232407E-02 2.8986085E-02 3.0853327E-02 3.2839827E-02 3.4950987E-02 3.7191808E-02 3.9566644E-02 4.2079039E-02 4.4731330E-02 4.7524448E-02 5.0457489E-02 5.3527415E-02 5.6728680E-02 6.0052909E-02 6.3488580E-02 6.7020983E-02 7.0631839E-02 7.4299566E-02 7.7998817E-02 8.1703238E-02 8.5384123E-02 8.9008830E-02 9.2544556E-02 9.5957860E-02 9.9215709E-02 0.1022857 0.1051373 0.1077416 0.1100730 0.1121086 0.1138291 0.1152185 0.1162631 0.1169542 0.1172932 0.1172756 0.1168997 0.1161671 0.1150822 0.1136487
1.1214164E-02 1.1965740E-02 1.2768280E-02 1.3625522E-02 1.4541551E-02 1.5520669E-02 1.6567536E-02 1.7687064E-02 1.8884547E-02 2.0165551E-02 2.1536032E-02 2.3002176E-02 2.4570582E-02 2.6248051E-02 2.8041700E-02 2.9958762E-02 3.2006603E-02 3.4192566E-02 3.6523882E-02 3.9007351E-02 4.1649316E-02 4.4455152E-02 4.7429133E-02 5.0573856E-02 5.3889990E-02 5.7375614E-02 6.1025973E-02 6.4832747E-02 6.8783969E-02 7.2863452E-02 7.7050917E-02 8.1321828E-02 8.5648268E-02 8.9996725E-02 9.4330490E-02 9.8612443E-02 0.1028028 0.1068607 0.1107453 0.1144165 0.1178360 0.1209680 0.1237799 0.1262433 0.1283342 0.1300339 0.1313300 0.1322131 0.1326706 0.1327029 0.1323126 0.1315023 0.1302754 0.1286372
1.0753136E-02 1.1546768E-02 1.2395776E-02 1.3304435E-02 1.4277352E-02 1.5319471E-02 1.6436113E-02 1.7633004E-02 1.8916253E-02 2.0292405E-02 2.1768454E-02 2.3351803E-02 2.5050303E-02 2.6872236E-02 2.8826263E-02 3.0921401E-02 3.3166848E-02 3.5572056E-02 3.8146403E-02 4.0899072E-02 4.3838765E-02 4.6973426E-02 5.0309729E-02 5.3852733E-02 5.7605207E-02 6.1567124E-02 6.5735005E-02 7.0101283E-02 7.4653693E-02 7.9375029E-02 8.4242515E-02 8.9227974E-02 9.4297260E-02 9.9413291E-02 0.1045347 0.1096145 0.1146040 0.1194529 0.1241107 0.1285272 0.1326542 0.1364464 0.1398620 0.1428648 0.1454238 0.1475143 0.1491164 0.1502186 0.1508233 0.1509271 0.1505304 0.1496380 0.1482565 0.1463913
1.0168139E-02 1.1005503E-02 1.1902982E-02 1.2865387E-02 1.3897955E-02 1.5006305E-02 1.6196543E-02 1.7475221E-02 1.8849470E-02 2.0326883E-02 2.1915676E-02 2.3624571E-02 2.5462965E-02 2.7440779E-02 2.9568570E-02 3.1857330E-02 3.4318611E-02 3.6964253E-02 3.9806377E-02 4.2856991E-02 4.6127908E-02 4.9630210E-02 5.3373851E-02 5.7367019E-02 6.1615616E-02 6.6122226E-02 7.0885606E-02 7.5899541E-02 8.1152372E-02 8.6626090E-02 9.2296235E-02 9.8131366E-02 0.1040941 0.1101387 0.1162136 0.1222648 0.1282333 0.1340578 0.1396752 0.1450228 0.1500391 0.1546657 0.1588489 0.1625407 0.1657010 0.1682987 0.1703140 0.1717339 0.1725446 0.1727505 0.1723600 0.1713812 0.1698214 0.1676890
9.4361538E-03 1.0318900E-02 1.1266807E-02 1.2285283E-02 1.3380247E-02 1.4558078E-02 1.5825722E-02 1.7190743E-02 1.8661296E-02 2.0246251E-02 2.1955136E-02 2.3798272E-02 2.5786731E-02 2.7932402E-02 3.0247934E-02 3.2746825E-02 3.5443202E-02 3.8351927E-02 4.1488290E-02 4.4867892E-02 4.8506264E-02 5.2418530E-02 5.6618769E-02 6.1119441E-02 6.5930456E-02 7.1058296E-02 7.6504923E-02 8.2266726E-02 8.8333346E-02 9.4687022E-02 0.1013016 0.1081421 0.1151647 0.1223189 0.1295470 0.1367824 0.1439538 0.1509862 0.1578016 0.1643209 0.1704656 0.1761595 0.1813313 0.1859162 0.1898592 0.1931165 0.1956551 0.1974587 0.1985339 0.1988836 0.1985177 0.1974506 0.1956972 0.1932675
8.5300328E-03 9.4597582E-03 1.0460013E-02 1.1536827E-02 1.2696901E-02 1.3947430E-02 1.5296356E-02 1.6752239E-02 1.8324519E-02 2.0023389E-02 2.1859944E-02 2.3846205E-02 2.5995266E-02 2.8321180E-02 3.0839149E-02 3.3565372E-02 3.6517195E-02 3.9712906E-02 4.3171715E-02 4.6913363E-02 5.0958097E-02 5.5325944E-02 6.0036272E-02 6.5106831E-02 7.0553072E-02 7.6386549E-02 8.2614020E-02 8.9235686E-02 9.6244119E-02 0.1036228 0.1113453 0.1193747 0.1276644 0.1361548 0.1447769 0.1534553 0.1621058 0.1706378 0.1789556 0.1869599 0.1945502 0.2016261 0.2080911 0.2138554 0.2188409 0.2229852 0.2262488 0.2286103 0.2300575 0.2306100 0.2302951 0.2291394 0.2271646 0.2243876
7.4203215E-03 8.3985692E-03 9.4529623E-03 1.0590349E-02 1.1818189E-02 1.3144625E-02 1.4578597E-02 1.6129933E-02 1.7809344E-02 1.9628588E-02 2.1600468E-02 2.3738997E-02 2.6059456E-02 2.8578447E-02 3.1313967E-02 3.4285538E-02 3.7514012E-02 4.1021846E-02 4.4832695E-02 4.8971467E-02 5.3463843E-02 5.8335956E-02 6.3613519E-02 6.9321208E-02 7.5481236E-02 8.2112096E-02 8.9226902E-02 9.6831620E-02 0.1049233 0.1134884 0.1225016 0.1319247 0.1417059 0.1517827 0.1620806 0.1725110 0.1829765 0.1933699 0.2035760 0.2134723 0.2229307 0.2318191 0.2400051 0.2473602 0.2537663 0.2591245 0.2633610 0.2664429 0.2683881 0.2692249 0.2689979 0.2677560 0.2655400 0.2623752
6.0747219E-03 7.1028438E-03 8.2131829E-03 9.4132470E-03 1.0711409E-02 1.2116843E-02 1.3639653E-02 1.5290912E-02 1.7082870E-02 1.9028945E-02 2.1143913E-02 2.3443935E-02 2.5946805E-02 2.8671965E-02 3.1640694E-02 3.4876078E-02 3.8403254E-02 4.2249262E-02 4.6443172E-02 5.1015645E-02 5.5999033E-02 6.1426565E-02 6.7331843E-02 7.3747680E-02 8.0705009E-02 8.8230856E-02 9.6346915E-02 0.1050667 0.1143942 0.1243210 0.1348254 0.1458708 0.1574065 0.1693640 0.1816606 0.1942022 0.2068804 0.2195739 0.2321489 0.2444591 0.2563455 0.2676374 0.2781537 0.2877077 0.2961159 0.3032129 0.3088775 0.3130455 0.3157105 0.3169480 0.3168583 0.3155327 0.3130400 0.3094234
4.4628787E-03 5.5422508E-03 6.7100893E-03 7.9748314E-03 9.3457671E-03 1.0833208E-02 1.2448443E-02 1.4204070E-02 1.6113896E-02 1.8193251E-02 2.0459026E-02 2.2929832E-02 2.5626238E-02 2.8570907E-02 3.1788707E-02 3.5306938E-02 3.9155360E-02 4.3366477E-02 4.7975305E-02 5.3019430E-02 5.8538679E-02 6.4574800E-02 7.1170449E-02 7.8368366E-02 8.6209685E-02 9.4732195E-02 0.1039679 0.1139407 0.1246632 0.1361351 0.1483404 0.1612467 0.1748036 0.1889461 0.2035930 0.2186446 0.2339873 0.2494916 0.2650120 0.2803841 0.2954227 0.3099179 0.3236321 0.3362989 0.3476267 0.3573167 0.3651003 0.3708227 0.3745130 0.3763140 0.3764221 0.3750132 0.3722115 0.3680859
2.5612542E-03 3.6929869E-03 4.9198447E-03 6.2510604E-03 7.6971068E-03 9.2693400E-03 1.0980525E-02 1.2844739E-02 1.4877662E-02 1.7096605E-02 1.9520879E-02 2.2171704E-02 2.5072828E-02 2.8250363E-02 3.1733349E-02 3.5553619E-02 3.9746322E-02 4.4349913E-02 4.9406335E-02 5.4960757E-02 6.1061837E-02 6.7760706E-02 7.5110726E-02 8.3165832E-02 9.1979332E-02 0.1016013 0.1120765 0.1234406 0.1357181 0.1489188 0.1630365 0.1780464 0.1939071 0.2105564 0.2279158 0.2458930 0.2643796 0.2832503 0.3023626 0.3215514 0.3406246 0.3593526 0.3774565 0.3945900 0.4103212 0.4241207 0.4354104 0.4437256 0.4489886 0.4515730 0.4519402 0.4504346 0.4472656 0.4425436
3.7240042E-04 1.5574902E-03 2.8446252E-03 4.2440235E-03 5.7672267E-03 7.4269101E-03 9.2373248E-03 1.1214198E-02 1.3375220E-02 1.5739907E-02 1.8330134E-02 2.1170132E-02 2.4286995E-02 2.7710829E-02 3.1475060E-02 3.5616741E-02 4.0176861E-02 4.5200579E-02 5.0737504E-02 5.6841340E-02 6.3570425E-02 7.0986591E-02 7.9154953E-02 8.8142104E-02 9.8014936E-02 0.1088374 0.1206685 0.1335578 0.1475433 0.1626473 0.1788751 0.1962128 0.2146277 0.2340717 0.2544821 0.2757778 0.2978680 0.3206477 0.3439994 0.3677860 0.3918475 0.4159840 0.4399397 0.4633593 0.4857261 0.5062303 0.5236087 0.5363428 0.5440022 0.5476079 0.5482591 0.5466127 0.5430075 0.5376036
-2.0342092E-03 -7.9494738E-04 5.5359188E-04 2.0224876E-03 3.6247738E-03 5.3742249E-03 7.2869486E-03 9.3802018E-03 1.1674164E-02 1.4190376E-02 1.6953941E-02 1.9991873E-02 2.3335511E-02 2.7018650E-02 3.1080289E-02 3.5562452E-02 4.0513288E-02 4.5984574E-02 5.2035041E-02 5.8727022E-02 6.6130221E-02 7.4317284E-02 8.3367094E-02 9.3358792E-02 0.1043752 0.1164937 0.1297901 0.1443272 0.1601596 0.1773211 0.1958334 0.2156934 0.2368881 0.2593787 0.2831218 0.3080576 0.3341295 0.3612625 0.3893925 0.4184322 0.4483072 0.4788990 0.5100861 0.5416280 0.5731529 0.6037468 0.6312996 0.6514446 0.6623066 0.6669739 0.6678147 0.6659349 0.6617731 0.6555715
-4.4603287E-03 -3.1659810E-03 -1.7556492E-03 -2.1557506E-04 1.4668795E-03 3.3086468E-03 5.3258548E-03 7.5395219E-03 9.9702645E-03 1.2644100E-02 1.5587325E-02 1.8832350E-02 2.2412678E-02 2.6368653E-02 3.0742705E-02 3.5585012E-02 4.0948693E-02 4.6895504E-02 5.3491265E-02 6.0810465E-02 6.8932042E-02 7.7943064E-02 8.7933958E-02 9.9000275E-02 0.1112377 0.1247410 0.1395994 0.1558926 0.1736875 0.1930339 0.2139650 0.2364933 0.2606171 0.2863202 0.3135825 0.3423697 0.3726574 0.4044152 0.4376342 0.4722995 0.5084292 0.5460253 0.5851158 0.6256365 0.6673326 0.7090241 0.7465933 0.7722188 0.7849132 0.7901301 0.7908945 0.7886209 0.7837681 0.7766483
-6.6825892E-03 -5.3330665E-03 -3.8601353E-03 -2.2482809E-03 -4.8419446E-04 1.4513882E-03 3.5756601E-03 5.9125363E-03 8.4842509E-03 1.1320565E-02 1.4450112E-02 1.7910197E-02 2.1737389E-02 2.5978524E-02 3.0680336E-02 3.5901222E-02 4.1699994E-02 4.8149098E-02 5.5321712E-02 6.3305527E-02 7.2188668E-02 8.2074098E-02 9.3062751E-02 0.1052683 0.1187973 0.1337638 0.1502664 0.1684042 0.1882511 0.2098761 0.2333174 0.2586095 0.2857574 0.3147698 0.3456309 0.3783499 0.4129172 0.4493624 0.4877018 0.5280094 0.5703402 0.6148185 0.6614902 0.7103534 0.7607422 0.8100775 0.8505104 0.8750687 0.8871641 0.8920525 0.8924287 0.8895074 0.8838347 0.8756000
-8.6017223E-03 -7.1979556E-03 -5.6611705E-03 -3.9781788E-03 -2.1304688E-03 -1.0091581E-04 2.1334612E-03 4.5948992E-03 7.3123202E-03 1.0314399E-02 1.3637512E-02 1.7318692E-02 2.1403734E-02 2.5940295E-02 3.0986002E-02 3.6601529E-02 4.2858753E-02 4.9834099E-02 5.7616085E-02 6.6298231E-02 7.5986482E-02 8.6791210E-02 9.8832913E-02 0.1122333 0.1271192 0.1436117 0.1618287 0.1818742 0.2038394 0.2277961 0.2537991 0.2818843 0.3120743 0.3443856 0.3788317 0.4154278 0.4541993 0.4951912 0.5384653 0.5841133 0.6322384 0.6829503 0.7362673 0.7918660 0.8481464 0.8994403 0.9361565 0.9569168 0.9673525 0.9713256 0.9709755 0.9672017 0.9605346 0.9510496
-1.0204722E-02 -8.7460866E-03 -7.1465923E-03 -5.3912490E-03 -3.4605407E-03 -1.3351785E-03 1.0095407E-03 3.5986372E-03 6.4635025E-03 9.6363164E-03 1.3157045E-02 1.7067237E-02 2.1417720E-02 2.6261790E-02 3.1663958E-02 3.7692178E-02 4.4427272E-02 5.1954504E-02 6.0373850E-02 6.9789343E-02 8.0320552E-02 9.2089295E-02 0.1052311 0.1198787 0.1361740 0.1542467 0.1742282 0.1962270 0.2203464 0.2466588 0.2752317 0.3061004 0.3393060 0.3748599 0.4127946 0.4531274 0.4959146 0.5411960 0.5890704 0.6396067 0.6929327 0.7490544 0.8078506 0.8683070 0.9269036 0.9745033 1.004774 1.021662 1.030080 1.032891 1.031511 1.026741 1.018858 1.007993
-1.1509856E-02 -9.9963006E-03 -8.3353277E-03 -6.5072668E-03 -4.4944910E-03 -2.2722133E-03 1.8276695E-04 2.9017164E-03 5.9151659E-03 9.2627974E-03 1.2984456E-02 1.7130634E-02 2.1753015E-02 2.6915878E-02 3.2685820E-02 3.9143838E-02 4.6374388E-02 5.4478303E-02 6.3560568E-02 7.3742956E-02 8.5151024E-02 9.7925730E-02 0.1122081 0.1281499 0.1458958 0.1655927 0.1873705 0.2113519 0.2376340 0.2663025 0.2974151 0.3310215 0.3671500 0.4058348 0.4471015 0.4909878 0.5375348 0.5868101 0.6388821 0.6938399 0.7517222 0.8124614 0.8754770 0.9386424 0.9950804 1.035324 1.059449 1.072975 1.079442 1.080900 1.078352 1.072386 1.063170 1.050738
-1.2544584E-02 -1.0978429E-02 -9.2556365E-03 -7.3571228E-03 -5.2614962E-03 -2.9441181E-03 -3.7746137E-04 2.4703697E-03 5.6351931E-03 9.1582797E-03 1.3085715E-02 1.7470961E-02 2.2373546E-02 2.7862117E-02 3.4012798E-02 4.0912975E-02 4.8658486E-02 5.7358373E-02 6.7130581E-02 7.8106835E-02 9.0426311E-02 0.1042403 0.1197023 0.1369731 0.1562064 0.1775545 0.2011515 0.2271219 0.2555623 0.2865585 0.3201658 0.3564363 0.3953976 0.4370857 0.4815172 0.5287433 0.5787953 0.6317495 0.6876471 0.7465630 0.8084289 0.8729664 0.9388378 1.001639 1.051566 1.083776 1.102932 1.113490 1.118110 1.118102 1.114289 1.106957 1.096276 1.082074
-1.3340085E-02 -1.1722974E-02 -9.9396314E-03 -7.9722535E-03 -5.7948744E-03 -3.3836809E-03 -7.0594676E-04 2.2702047E-03 5.5868616E-03 9.2860460E-03 1.3421768E-02 1.8049106E-02 2.3237392E-02 2.9058315E-02 3.5599839E-02 4.2953875E-02 5.1230434E-02 6.0544323E-02 7.1029812E-02 8.2824521E-02 9.6085027E-02 0.1109674 0.1276413 0.1462685 0.1670161 0.1900312 0.2154575 0.2434082 0.2739877 0.3072660 0.3433080 0.3821472 0.4238228 0.4683547 0.5157852 0.5661338 0.6194587 0.6757906 0.7351932 0.7976314 0.8629602 0.9303654 0.9971987 1.055538 1.096640 1.122099 1.137238 1.145306 1.148122 1.146653 1.141430 1.132655 1.120327 1.104244
-1.3925316E-02 -1.2257746E-02 -1.0417379E-02 -8.3815577E-03 -6.1260448E-03 -3.6214150E-03 -8.3596603E-04 2.2687553E-03 5.7346416E-03 9.6113868E-03 1.3954130E-02 1.8827315E-02 2.4302650E-02 3.0462982E-02 3.7400685E-02 4.5220729E-02 5.4038957E-02 6.3985057E-02 7.5200252E-02 8.7837718E-02 0.1020604 0.1180382 0.1359451 0.1559525 0.1782265 0.2029188 0.2301667 0.2600832 0.2927632 0.3282752 0.3666752 0.4079968 0.4522756 0.4995285 0.5497875 0.6030775 0.6594468 0.7189170 0.7815104 0.8471079 0.9152800 0.9843801 1.049082 1.099310 1.131945 1.152143 1.163958 1.169805 1.170866 1.167914 1.161193 1.150863 1.136731 1.118581
-1.4324230E-02 -1.2609205E-02 -1.0713810E-02 -8.6128414E-03 -6.2814043E-03 -3.6867082E-03 -7.9571083E-04 2.4344020E-03 6.0476512E-03 1.0099741E-02 1.4648888E-02 1.9767208E-02 2.5531109E-02 3.2033324E-02 3.9372224E-02 4.7664903E-02 5.7034574E-02 6.7624785E-02 7.9584457E-02 9.3081214E-02 0.1082836 0.1253750 0.1445301 0.1659299 0.1897345 0.2161008 0.2451533 0.2770078 0.3117419 0.3494291 0.3901055 0.4338150 0.4805685 0.5304059 0.5833375 0.6394085 0.6986234 0.7610239 0.8265210 0.8948971 0.9651178 1.033943 1.092546 1.133314 1.159178 1.175160 1.184250 1.188057 1.187486 1.182974 1.174730 1.162688 1.146665 1.126228
-1.4556974E-02 -1.2798569E-02 -1.0850106E-02 -8.6887507E-03 -6.2836520E-03 -3.6041501E-03 -6.1009807E-04 2.7399377E-03 6.4983005E-03 1.0720343E-02 1.5474425E-02 2.0833645E-02 2.6886491E-02 3.3728305E-02 4.1471846E-02 5.0238170E-02 6.0166754E-02 7.1406052E-02 8.4121712E-02 9.8485209E-02 0.1146808 0.1328918 0.1533045 0.1760940 0.2014268 0.2294470 0.2602813 0.2940290 0.3307695 0.3705590 0.4134391 0.4594381 0.5085807 0.5608853 0.6163706 0.6750630 0.7369763 0.8020875 0.8702421 0.9408548 1.011943 1.077204 1.126682 1.159036 1.179648 1.192220 1.198933 1.200850 1.198663 1.192588 1.182731 1.168885 1.150787 1.127871
