T2-onemodel/GL12.grd
DSAA
         100         100
  -20.00000       20.00000    
  -20.00000       20.00000    
 -2.6822124E-02   1.214103    
[rows 72 to 95 of 100, columns 0 to 53 of 100]
1.4040538E-02 1.5122202E-02 1.6296087E-02 1.7570945E-02 1.8956300E-02 2.0462325E-02 2.2099899E-02 2.3880366E-02 2.5815548E-02 2.7917355E-02 3.0197604E-02 3.2667492E-02 3.5337228E-02 3.8215362E-02 4.1308232E-02 4.4619165E-02 4.8147973E-02 5.1890261E-02 5.5837043E-02 5.9974257E-02 6.4282872E-02 6.8738662E-02 7.3312782E-02 7.7971838E-02 8.2678922E-02 8.7393925E-02 9.2074901E-02 9.6678488E-02 0.1011616 0.1054817 0.1095990 0.1134766 0.1170838 0.1203876 0.1233581 0.1259787 0.1282326 0.1301065 0.1315886 0.1326690 0.1333384 0.1335884 0.1334102 0.1327958 0.1317378 0.1302307 0.1282725 0.1258658 0.1230174 0.1197463 0.1160809 0.1120615 0.1077350 0.1031638
1.4283501E-02 1.5300887E-02 1.6401621E-02 1.7593129E-02 1.8883377E-02 2.0280823E-02 2.1794327E-02 2.3433072E-02 2.5206383E-02 2.7123563E-02 2.9193556E-02 3.1424653E-02 3.3824068E-02 3.6397524E-02 3.9148673E-02 4.2078704E-02 4.5185734E-02 4.8464552E-02 5.1906120E-02 5.5497516E-02 5.9221752E-02 6.3058026E-02 6.6981763E-02 7.0965230E-02 7.4977808E-02 7.8986868E-02 8.2958221E-02 8.6857103E-02 9.0648651E-02 9.4299115E-02 9.7775795E-02 0.1010482 0.1040863 0.1068690 0.1093798 0.1115967 0.1135044 0.1150896 0.1163418 0.1172513 0.1178101 0.1180104 0.1178455 0.1173094 0.1163979 0.1151080 0.1134403 0.1113988 0.1089960 0.1062480 0.1031793 9.9822164E-02 9.6220940E-02 9.2420481E-02
1.4435930E-02 1.5391393E-02 1.6421992E-02 1.7533960E-02 1.8733971E-02 2.0028953E-02 2.1426115E-02 2.2932785E-02 2.4556318E-02 2.6303839E-02 2.8182093E-02 3.0197049E-02 3.2353733E-02 3.4655698E-02 3.7104815E-02 3.9700724E-02 4.2440638E-02 4.5318943E-02 4.8327073E-02 5.1453233E-02 5.4682624E-02 5.7997290E-02 6.1376549E-02 6.4797156E-02 6.8233915E-02 7.1659915E-02 7.5047374E-02 7.8367859E-02 8.1593350E-02 8.4696233E-02 8.7650664E-02 9.0432465E-02 9.3021601E-02 9.5394760E-02 9.7530037E-02 9.9415228E-02 0.1010371 0.1023846 0.1034474 0.1042174 0.1046868 0.1048495 0.1047001 0.1042346 0.1034502 0.1023469 0.1009271 9.9197052E-02 9.7165011E-02 9.4847091E-02 9.2264272E-02 8.9443572E-02 8.6413398E-02 8.3211914E-02
1.4514171E-02 1.5410312E-02 1.6374014E-02 1.7410528E-02 1.8525343E-02 1.9724166E-02 2.1012776E-02 2.2397006E-02 2.3882566E-02 2.5474902E-02 2.7178967E-02 2.8999042E-02 3.0938407E-02 3.2999150E-02 3.5181791E-02 3.7485085E-02 3.9905660E-02 4.2437963E-02 4.5073956E-02 4.7803164E-02 5.0612599E-02 5.3486977E-02 5.6408744E-02 5.9358567E-02 6.2315412E-02 6.5257177E-02 6.8160929E-02 7.1003526E-02 7.3761776E-02 7.6413319E-02 7.8936227E-02 8.1309885E-02 8.3513260E-02 8.5532151E-02 8.7354943E-02 8.8965021E-02 9.0350442E-02 9.1500640E-02 9.2407107E-02 9.3062043E-02 9.3459278E-02 9.3593307E-02 9.3460217E-02 9.3056910E-02 9.2382401E-02 9.1437072E-02 9.0223864E-02 8.8748485E-02 8.7022543E-02 8.5058786E-02 8.2874887E-02 8.0492392E-02 7.7940382E-02 7.5246118E-02
1.4531614E-02 1.5371174E-02 1.6271394E-02 1.7236624E-02 1.8271411E-02 1.9380353E-02 2.0568114E-02 2.1839261E-02 2.3198225E-02 2.4649052E-02 2.6195394E-02 2.7840137E-02 2.9585378E-02 3.1432059E-02 3.3379879E-02 3.5426948E-02 3.7569743E-02 3.9802834E-02 4.2118929E-02 4.4508681E-02 4.6960860E-02 4.9462315E-02 5.1998291E-02 5.4552462E-02 5.7107411E-02 5.9644677E-02 6.2145442E-02 6.4590402E-02 6.6960670E-02 6.9237515E-02 7.1403414E-02 7.3441789E-02 7.5339071E-02 7.7078216E-02 7.8642830E-02 8.0024257E-02 8.1212401E-02 8.2198642E-02 8.2975015E-02 8.3535165E-02 8.3873399E-02 8.3985560E-02 8.3868273E-02 8.3519809E-02 8.2939625E-02 8.2129419E-02 8.1092916E-02 7.9836488E-02 7.8366980E-02 7.6696903E-02 7.4841253E-02 7.2818346E-02 7.0645802E-02 6.8348192E-02
1.4499856E-02 1.5285696E-02 1.6125891E-02 1.7024068E-02 1.7983928E-02 1.9009205E-02 2.0103574E-02 2.1270633E-02 2.2513725E-02 2.3835883E-02 2.5239650E-02 2.6726967E-02 2.8298963E-02 2.9955871E-02 3.1696748E-02 3.3519436E-02 3.5420325E-02 3.7394360E-02 3.9434873E-02 4.1533660E-02 4.3680921E-02 4.5865480E-02 4.8074726E-02 5.0295006E-02 5.2511629E-02 5.4709323E-02 5.6872260E-02 5.8984585E-02 6.1030351E-02 6.2994197E-02 6.4860873E-02 6.6615924E-02 6.8244115E-02 6.9735698E-02 7.1082696E-02 7.2272368E-02 7.3295698E-02 7.4144602E-02 7.4812651E-02 7.5293906E-02 7.5583942E-02 7.5678997E-02 7.5576782E-02 7.5275861E-02 7.4776575E-02 7.4080348E-02 7.3190510E-02 7.2112262E-02 7.0855252E-02 6.9428921E-02 6.7845754E-02 6.6120334E-02 6.4272515E-02 6.2319513E-02
1.4428276E-02 1.5163274E-02 1.5946932E-02 1.6782220E-02 1.7672177E-02 1.8619759E-02 1.9627905E-02 2.0699354E-02 2.1836663E-02 2.3041990E-02 2.4317104E-02 2.5663164E-02 2.7080676E-02 2.8569298E-02 3.0127777E-02 3.1753737E-02 3.3443712E-02 3.5192974E-02 3.6995560E-02 3.8844198E-02 4.0730454E-02 4.2644639E-02 4.4576135E-02 4.6513289E-02 4.8443861E-02 5.0354894E-02 5.2233297E-02 5.4065637E-02 5.5838786E-02 5.7539638E-02 5.9155967E-02 6.0676098E-02 6.2090673E-02 6.3386977E-02 6.4552553E-02 6.5581374E-02 6.6465914E-02 6.7199714E-02 6.7776754E-02 6.8192370E-02 6.8442456E-02 6.8524256E-02 6.8435691E-02 6.8176180E-02 6.7746021E-02 6.7147352E-02 6.6383764E-02 6.5460742E-02 6.4383291E-02 6.3160844E-02 6.1804049E-02 6.0325511E-02 5.8736369E-02 5.7053100E-02
1.4325055E-02 1.5012099E-02 1.5742645E-02 1.6519140E-02 1.7344017E-02 1.8219667E-02 1.9148348E-02 2.0132186E-02 2.1173026E-02 2.2272432E-02 2.3431525E-02 2.4650926E-02 2.5930654E-02 2.7270034E-02 2.8667558E-02 3.0120857E-02 3.1626582E-02 3.3180431E-02 3.4777038E-02 3.6410034E-02 3.8072031E-02 3.9754782E-02 4.1449133E-02 4.3145280E-02 4.4832762E-02 4.6500802E-02 4.8138216E-02 4.9733873E-02 5.1276501E-02 5.2755278E-02 5.4159325E-02 5.5478252E-02 5.6700792E-02 5.7820242E-02 5.8831200E-02 5.9723847E-02 6.0491454E-02 6.1127964E-02 6.1628591E-02 6.1988987E-02 6.2206022E-02 6.2277131E-02 6.2201012E-02 6.1977033E-02 6.1605997E-02 6.1089482E-02 6.0430437E-02 5.9633009E-02 5.8704939E-02 5.7653014E-02 5.6486052E-02 5.5214066E-02 5.3851090E-02 5.2408308E-02
1.4196740E-02 1.4838654E-02 1.5519438E-02 1.6241074E-02 1.7005531E-02 1.7814672E-02 1.8670268E-02 1.9573890E-02 2.0526897E-02 2.1530317E-02 2.2584835E-02 2.3690648E-02 2.4847470E-02 2.6054354E-02 2.7309718E-02 2.8611198E-02 2.9955691E-02 3.1339232E-02 3.2757055E-02 3.4203526E-02 3.5672270E-02 3.7156112E-02 3.8647264E-02 4.0137313E-02 4.1617453E-02 4.3078445E-02 4.4510946E-02 4.5905404E-02 4.7252472E-02 4.8542801E-02 4.9767651E-02 5.0918672E-02 5.1989365E-02 5.2970085E-02 5.3851239E-02 5.4628752E-02 5.5297054E-02 5.5851363E-02 5.6287214E-02 5.6601226E-02 5.6790467E-02 5.6853119E-02 5.6787893E-02 5.6594703E-02 5.6274146E-02 5.5828232E-02 5.5260021E-02 5.4573864E-02 5.3773250E-02 5.2865192E-02 5.1857311E-02 5.0758410E-02 4.9575586E-02 4.8320293E-02
1.4048988E-02 1.4648544E-02 1.5282796E-02 1.5953356E-02 1.6661787E-02 1.7409557E-02 1.8197995E-02 1.9028276E-02 1.9901335E-02 2.0817833E-02 2.1778088E-02 2.2782030E-02 2.3829108E-02 2.4918269E-02 2.6047869E-02 2.7215665E-02 2.8418733E-02 2.9653503E-02 3.0915694E-02 3.2200392E-02 3.3501983E-02 3.4814313E-02 3.6130644E-02 3.7443832E-02 3.8746275E-02 4.0030211E-02 4.1287594E-02 4.2510428E-02 4.3690603E-02 4.4820331E-02 4.5891706E-02 4.6897136E-02 4.7828130E-02 4.8680104E-02 4.9449507E-02 5.0128706E-02 5.0712705E-02 5.1196944E-02 5.1577959E-02 5.1852547E-02 5.2018534E-02 5.2074134E-02 5.2018605E-02 5.1851716E-02 5.1574335E-02 5.1187865E-02 5.0694641E-02 5.0097864E-02 4.9403634E-02 4.8616786E-02 4.7743548E-02 4.6790931E-02 4.5769144E-02 4.4685613E-02
1.3886318E-02 1.4446174E-02 1.5036995E-02 1.5660061E-02 1.6316626E-02 1.7007804E-02 1.7734608E-02 1.8497856E-02 1.9298183E-02 2.0135950E-02 2.1011233E-02 2.1923730E-02 2.2872765E-02 2.3857180E-02 2.4875378E-02 2.5925195E-02 2.7003968E-02 2.8108433E-02 2.9234810E-02 3.0378718E-02 3.1535316E-02 3.2699205E-02 3.3864632E-02 3.5025381E-02 3.6175039E-02 3.7306864E-02 3.8414098E-02 3.9489791E-02 4.0527202E-02 4.1519489E-02 4.2460363E-02 4.3343741E-02 4.4165138E-02 4.4917110E-02 4.5592174E-02 4.6187673E-02 4.6699472E-02 4.7124084E-02 4.7458194E-02 4.7699377E-02 4.7845516E-02 4.7895398E-02 4.7848187E-02 4.7704041E-02 4.7463570E-02 4.7128472E-02 4.6701230E-02 4.6185222E-02 4.5582727E-02 4.4898968E-02 4.4139449E-02 4.3310452E-02 4.2416453E-02 4.1465662E-02
1.3712687E-02 1.4235406E-02 1.4785740E-02 1.5364723E-02 1.5973315E-02 1.6612375E-02 1.7282629E-02 1.7984653E-02 1.8718822E-02 1.9485293E-02 2.0283930E-02 2.1114310E-02 2.1975633E-02 2.2866754E-02 2.3786083E-02 2.4731617E-02 2.5700884E-02 2.6690966E-02 2.7698461E-02 2.8719541E-02 2.9749922E-02 3.0784966E-02 3.1819619E-02 3.2848600E-02 3.3866316E-02 3.4867067E-02 3.5844956E-02 3.6794156E-02 3.7708730E-02 3.8582973E-02 3.9411053E-02 4.0187359E-02 4.0905375E-02 4.1562036E-02 4.2155091E-02 4.2678535E-02 4.3128647E-02 4.3502010E-02 4.3796122E-02 4.4008609E-02 4.4137955E-02 4.4182897E-02 4.4143017E-02 4.4018254E-02 4.3809399E-02 4.3517567E-02 4.3144558E-02 4.2692725E-02 4.2166952E-02 4.1570634E-02 4.0908210E-02 4.0184632E-02 3.9407562E-02 3.8581982E-02
1.3531176E-02 1.4019192E-02 1.4531841E-02 1.5069925E-02 1.5634190E-02 1.6225265E-02 1.6843673E-02 1.7489774E-02 1.8163767E-02 1.8865624E-02 1.9595103E-02 2.0351650E-02 2.1134447E-02 2.1942321E-02 2.2773778E-02 2.3626927E-02 2.4499526E-02 2.5388921E-02 2.6292114E-02 2.7205683E-02 2.8125908E-02 2.9048694E-02 2.9969707E-02 3.0884318E-02 3.1787768E-02 3.2675073E-02 3.3541258E-02 3.4381185E-02 3.5189908E-02 3.5962373E-02 3.6693975E-02 3.7380271E-02 3.8018171E-02 3.8601842E-02 3.9125364E-02 3.9587095E-02 3.9983958E-02 4.0313434E-02 4.0573027E-02 4.0761020E-02 4.0875841E-02 4.0916689E-02 4.0883008E-02 4.0775027E-02 4.0593263E-02 4.0339105E-02 4.0014531E-02 3.9622135E-02 3.9163280E-02 3.8641907E-02 3.8062043E-02 3.7428223E-02 3.6743209E-02 3.6013056E-02
1.3344502E-02 1.3800136E-02 1.4277726E-02 1.4777905E-02 1.5301226E-02 1.5848149E-02 1.6419020E-02 1.7014049E-02 1.7633278E-02 1.8276578E-02 1.8943578E-02 1.9633701E-02 2.0346079E-02 2.1079587E-02 2.1832785E-02 2.2603951E-02 2.3391010E-02 2.4191597E-02 2.5003009E-02 2.5822245E-02 2.6646003E-02 2.7470738E-02 2.8292632E-02 2.9107720E-02 2.9911818E-02 3.0700689E-02 3.1469956E-02 3.2215293E-02 3.2932278E-02 3.3616714E-02 3.4264233E-02 3.4870625E-02 3.5430815E-02 3.5942830E-02 3.6405321E-02 3.6813509E-02 3.7164599E-02 3.7456054E-02 3.7686031E-02 3.7852757E-02 3.7955176E-02 3.7992381E-02 3.7964135E-02 3.7870422E-02 3.7711937E-02 3.7489522E-02 3.7204511E-02 3.6858622E-02 3.6455777E-02 3.5998367E-02 3.5489567E-02 3.4932919E-02 3.4334328E-02 3.3697136E-02
1.3154699E-02 1.3580132E-02 1.4025143E-02 1.4490202E-02 1.4975726E-02 1.5482029E-02 1.6009331E-02 1.6557695E-02 1.7127089E-02 1.7717261E-02 1.8327804E-02 1.8958081E-02 1.9607246E-02 2.0274198E-02 2.0957613E-02 2.1655858E-02 2.2367084E-02 2.3089126E-02 2.3819601E-02 2.4555823E-02 2.5294906E-02 2.6033713E-02 2.6768945E-02 2.7497096E-02 2.8214606E-02 2.8917722E-02 2.9602734E-02 3.0265803E-02 3.0903233E-02 3.1511270E-02 3.2086503E-02 3.2625638E-02 3.3126608E-02 3.3584762E-02 3.3995349E-02 3.4357425E-02 3.4668732E-02 3.4927424E-02 3.5131626E-02 3.5280082E-02 3.5371639E-02 3.5405766E-02 3.5382055E-02 3.5300754E-02 3.5162274E-02 3.4967735E-02 3.4718681E-02 3.4417104E-02 3.4063723E-02 3.3661529E-02 3.3213522E-02 3.2723017E-02 3.2191645E-02 3.1623967E-02
1.2963695E-02 1.3360993E-02 1.3775733E-02 1.4208279E-02 1.4658917E-02 1.5127859E-02 1.5615202E-02 1.6120944E-02 1.6644934E-02 1.7186891E-02 1.7746348E-02 1.8322663E-02 1.8914996E-02 1.9522313E-02 2.0143351E-02 2.0776641E-02 2.1420464E-02 2.2072911E-02 2.2731813E-02 2.3394816E-02 2.4059340E-02 2.4722660E-02 2.5381850E-02 2.6033906E-02 2.6675655E-02 2.7303904E-02 2.7915349E-02 2.8506752E-02 2.9074790E-02 2.9616326E-02 3.0128047E-02 3.0606767E-02 3.1048473E-02 3.1451959E-02 3.1816538E-02 3.2138336E-02 3.2415252E-02 3.2645356E-02 3.2827303E-02 3.2959759E-02 3.3041976E-02 3.3073276E-02 3.3053547E-02 3.2982782E-02 3.2861553E-02 3.2690480E-02 3.2470517E-02 3.2202922E-02 3.1890891E-02 3.1536080E-02 3.1140802E-02 3.0707605E-02 3.0241139E-02 2.9743651E-02
1.2772819E-02 1.3143901E-02 1.3530537E-02 1.3932977E-02 1.4351429E-02 1.4785996E-02 1.5236704E-02 1.5703470E-02 1.6186103E-02 1.6684251E-02 1.7197447E-02 1.7725032E-02 1.8266214E-02 1.8819995E-02 1.9385217E-02 1.9960510E-02 2.0544339E-02 2.1134952E-02 2.1730442E-02 2.2328679E-02 2.2927415E-02 2.3524214E-02 2.4116552E-02 2.4701744E-02 2.5277080E-02 2.5839701E-02 2.6386816E-02 2.6915506E-02 2.7423013E-02 2.7906477E-02 2.8363375E-02 2.8791254E-02 2.9188761E-02 2.9552137E-02 2.9877504E-02 3.0164434E-02 3.0411251E-02 3.0616581E-02 3.0779008E-02 3.0897625E-02 3.0971564E-02 3.1000460E-02 3.0984016E-02 3.0922456E-02 3.0816099E-02 3.0665837E-02 3.0472878E-02 3.0238761E-02 2.9963737E-02 2.9650139E-02 2.9300202E-02 2.8916396E-02 2.8499585E-02 2.8053282E-02
1.2583318E-02 1.2930007E-02 1.3290552E-02 1.3665140E-02 1.4053887E-02 1.4456836E-02 1.4873934E-02 1.5305066E-02 1.5749974E-02 1.6208304E-02 1.6679559E-02 1.7163105E-02 1.7658167E-02 1.8163830E-02 1.8678993E-02 1.9202434E-02 1.9732729E-02 2.0268321E-02 2.0807469E-02 2.1348312E-02 2.1888826E-02 2.2426898E-02 2.2960257E-02 2.3486603E-02 2.4003495E-02 2.4508514E-02 2.4999125E-02 2.5472894E-02 2.5927279E-02 2.6359912E-02 2.6768265E-02 2.7149912E-02 2.7501618E-02 2.7822718E-02 2.8113000E-02 2.8369263E-02 2.8589925E-02 2.8773485E-02 2.8918974E-02 2.9025376E-02 2.9092154E-02 2.9118784E-02 2.9105235E-02 2.9051490E-02 2.8958008E-02 2.8825227E-02 2.8653832E-02 2.8444728E-02 2.8200565E-02 2.7922492E-02 2.7612170E-02 2.7271466E-02 2.6904130E-02 2.6511654E-02
1.2396030E-02 1.2720005E-02 1.3056343E-02 1.3405147E-02 1.3766481E-02 1.4140320E-02 1.4526586E-02 1.4925099E-02 1.5335596E-02 1.5757682E-02 1.6190881E-02 1.6634565E-02 1.7088011E-02 1.7550344E-02 1.8020572E-02 1.8497545E-02 1.8979996E-02 1.9466497E-02 1.9955512E-02 2.0445347E-02 2.0934250E-02 2.1420300E-02 2.1901548E-02 2.2375911E-02 2.2841306E-02 2.3295548E-02 2.3736497E-02 2.4161922E-02 2.4569731E-02 2.4957741E-02 2.5324058E-02 2.5666868E-02 2.5985314E-02 2.6276313E-02 2.6536651E-02 2.6766257E-02 2.6963867E-02 2.7128477E-02 2.7258998E-02 2.7354775E-02 2.7415132E-02 2.7439831E-02 2.7428640E-02 2.7381757E-02 2.7299419E-02 2.7182324E-02 2.7031437E-02 2.6847962E-02 2.6631828E-02 2.6384862E-02 2.6108762E-02 2.5805393E-02 2.5475098E-02 2.5120644E-02
1.2211818E-02 1.2514672E-02 1.2828541E-02 1.3153489E-02 1.3489514E-02 1.3836567E-02 1.4194520E-02 1.4563180E-02 1.4942243E-02 1.5331331E-02 1.5729951E-02 1.6137525E-02 1.6553354E-02 1.6976634E-02 1.7406430E-02 1.7841715E-02 1.8281309E-02 1.8723950E-02 1.9168232E-02 1.9612676E-02 2.0055683E-02 2.0495592E-02 2.0930637E-02 2.1359028E-02 2.1778878E-02 2.2188324E-02 2.2585418E-02 2.2968290E-02 2.3334997E-02 2.3683740E-02 2.4012562E-02 2.4319585E-02 2.4602177E-02 2.4860058E-02 2.5093332E-02 2.5299327E-02 2.5476826E-02 2.5624665E-02 2.5742134E-02 2.5828453E-02 2.5883233E-02 2.5906077E-02 2.5896976E-02 2.5855914E-02 2.5783245E-02 2.5679285E-02 2.5544515E-02 2.5379561E-02 2.5186677E-02 2.4966635E-02 2.4720643E-02 2.4450071E-02 2.4158007E-02 2.3845414E-02
1.2031212E-02 1.2314410E-02 1.2607437E-02 1.2910292E-02 1.3222954E-02 1.3545332E-02 1.3877288E-02 1.4218583E-02 1.4568922E-02 1.4927915E-02 1.5295102E-02 1.5669912E-02 1.6051702E-02 1.6439706E-02 1.6833089E-02 1.7230881E-02 1.7632039E-02 1.8035389E-02 1.8439706E-02 1.8843632E-02 1.9245772E-02 1.9644620E-02 2.0038648E-02 2.0426232E-02 2.0805757E-02 2.1175517E-02 2.1533877E-02 2.1879105E-02 2.2209609E-02 2.2523703E-02 2.2819977E-02 2.3097051E-02 2.3354448E-02 2.3589594E-02 2.3799779E-02 2.3985177E-02 2.4144834E-02 2.4278015E-02 2.4383880E-02 2.4461938E-02 2.4511674E-02 2.4532931E-02 2.4525516E-02 2.4489600E-02 2.4425348E-02 2.4333330E-02 2.4214311E-02 2.4069240E-02 2.3897825E-02 2.3701521E-02 2.3481635E-02 2.3239596E-02 2.2975389E-02 2.2691231E-02
1.1854709E-02 1.2119630E-02 1.2393301E-02 1.2675710E-02 1.2966793E-02 1.3266453E-02 1.3574503E-02 1.3890717E-02 1.4214780E-02 1.4546324E-02 1.4884887E-02 1.5229951E-02 1.5580884E-02 1.5937008E-02 1.6297523E-02 1.6661569E-02 1.7028172E-02 1.7396294E-02 1.7764805E-02 1.8132525E-02 1.8498169E-02 1.8860441E-02 1.9217940E-02 1.9569272E-02 1.9912954E-02 2.0247545E-02 2.0571532E-02 2.0883474E-02 2.1181857E-02 2.1465322E-02 2.1732332E-02 2.1981418E-02 2.2210402E-02 2.2419278E-02 2.2608366E-02 2.2775397E-02 2.2919426E-02 2.3039550E-02 2.3135245E-02 2.3205895E-02 2.3251239E-02 2.3270953E-02 2.3265045E-02 2.3233483E-02 2.3176560E-02 2.3094490E-02 2.2987589E-02 2.2856295E-02 2.2702558E-02 2.2526870E-02 2.2330115E-02 2.2113308E-02 2.1879025E-02 2.1627868E-02
1.1682568E-02 1.1930477E-02 1.2186189E-02 1.2449658E-02 1.2720816E-02 1.2999522E-02 1.3285600E-02 1.3578794E-02 1.3878810E-02 1.4185278E-02 1.4497769E-02 1.4815771E-02 1.5138720E-02 1.5465968E-02 1.5796795E-02 1.6130395E-02 1.6465900E-02 1.6802348E-02 1.7138755E-02 1.7474025E-02 1.7807052E-02 1.8136634E-02 1.8461570E-02 1.8780576E-02 1.9092388E-02 1.9395676E-02 1.9689169E-02 1.9971514E-02 2.0241493E-02 2.0497801E-02 2.0739360E-02 2.0965142E-02 2.1174923E-02 2.1366531E-02 2.1537637E-02 2.1688590E-02 2.1818670E-02 2.1927340E-02 2.2013927E-02 2.2078093E-02 2.2119423E-02 2.2137813E-02 2.2133093E-02 2.2105413E-02 2.2054898E-02 2.1981992E-02 2.1887325E-02 2.1771658E-02 2.1634541E-02 2.1477154E-02 2.1300523E-02 2.1105738E-02 2.0892562E-02 2.0662796E-02
1.1515172E-02 1.1747254E-02 1.1986286E-02 1.2232223E-02 1.2484955E-02 1.2744348E-02 1.3010197E-02 1.3282264E-02 1.3560246E-02 1.3843794E-02 1.4132494E-02 1.4425874E-02 1.4723393E-02 1.5024470E-02 1.5328423E-02 1.5634531E-02 1.5941979E-02 1.6249936E-02 1.6557474E-02 1.6863644E-02 1.7167421E-02 1.7467773E-02 1.7763587E-02 1.8053753E-02 1.8337116E-02 1.8612549E-02 1.8878853E-02 1.9134924E-02 1.9379582E-02 1.9611770E-02 1.9830277E-02 2.0033944E-02 2.0220943E-02 2.0391457E-02 2.0545952E-02 2.0682476E-02 2.0800300E-02 2.0898698E-02 2.0977294E-02 2.1035599E-02 2.1073423E-02 2.1090509E-02 2.1086866E-02 2.1062473E-02 2.1017550E-02 2.0952230E-02 2.0866735E-02 2.0761354E-02 2.0637784E-02 2.0496335E-02 2.0337649E-02 2.0162473E-02 1.9973010E-02 1.9769598E-02
