T2-onemodel/GL12.grd
DSAA
         100         100
  -20.00000       20.00000    
  -20.00000       20.00000    
  -2.603729       116.9469    
[rows 54 to 80 of 100, columns 0 to 60 of 100]
-1.291078 -1.125335 -0.9401183 -0.7327737 -0.4996685 -0.2370476 6.0055628E-02 0.3969575 0.7804914 1.218137 1.719243 2.294148 2.955413 3.716883 4.594823 5.606774 6.772487 8.112551 9.649000 11.40365 13.39861 15.65459 18.19147 21.02695 24.17749 27.65729 31.47956 35.65574 40.19673 45.11213 50.41104 56.10058 62.18558 68.66358 75.51797 82.68401 89.94883 96.65113 101.8004 105.3062 107.7059 109.3593 110.4783 111.1673 111.4937 111.4802 111.1372 110.4439 109.3705 107.8553 105.8219 103.1519 99.70002 95.26005 89.57298 82.29249 73.09815 62.34698 51.92832 43.20536 36.11338
-1.179386 -1.014359 -0.8299781 -0.6234578 -0.3912773 -0.1295436 0.1666144 0.5026707 0.8854042 1.322472 1.823244 2.398247 3.060167 3.823046 4.703324 5.718687 6.889060 8.234981 9.778562 11.54126 13.54520 15.81054 18.35739 21.20314 24.36528 27.85833 31.69795 35.89684 40.47002 45.42899 50.78823 56.55581 62.74053 69.33321 76.30135 83.50861 90.53680 96.41022 100.5506 103.3759 105.3393 106.7095 107.6232 108.1669 108.3760 108.2731 107.8472 107.0818 105.9258 104.3185 102.1546 99.30731 95.58280 90.74514 84.45830 76.36642 66.35670 55.73869 46.42422 38.82337 32.63847
-1.042422 -0.8787030 -0.6959980 -0.4911558 -0.2610869 -1.5109641E-03 0.2919840 0.6252990 1.004703 1.438325 1.934966 2.505693 3.162533 3.920095 4.794049 5.802614 6.964719 8.301329 9.833197 11.58215 13.56865 15.81338 18.33488 21.15176 24.28052 27.73838 31.54111 35.70632 40.25056 45.19302 50.55040 56.33989 62.56730 69.22148 76.22540 83.32592 89.75776 94.58672 97.88445 100.1790 101.7987 102.9322 103.6777 104.0954 104.2102 104.0315 103.5451 102.7226 101.5102 99.83179 97.57162 94.57008 90.60081 85.35864 78.45755 69.56480 59.24981 49.50026 41.41962 34.84859 29.47259
-0.8775833 -0.7159807 -0.5355437 -0.3334856 -0.1064628 0.1494242 0.4388095 0.7671766 1.140982 1.567891 2.056840 2.618359 3.264508 4.009254 4.868105 5.858464 6.998816 8.309043 9.809134 11.51960 13.45992 15.64956 18.10622 20.84790 23.89104 27.25359 30.95274 35.00914 39.44330 44.28096 49.54616 55.26561 61.45001 68.07834 75.00076 81.71237 87.18993 91.01348 93.65731 95.52919 96.87228 97.80627 98.41256 98.72284 98.76228 98.52248 97.99425 97.13464 95.89466 94.17850 91.86753 88.76220 84.59967 78.98206 71.48447 62.06583 52.24712 43.77703 36.87253 31.23915 26.58405
-0.6829314 -0.5240619 -0.3466512 -0.1482595 7.4633807E-02 0.3255116 0.6091911 0.9306201 1.296416 1.713572 2.191118 2.738703 3.368376 4.092915 4.927640 5.888342 6.993066 8.259547 9.707100 11.35357 13.21771 15.31599 17.66575 20.28198 23.18166 26.38011 29.89683 33.75093 37.96876 42.57739 47.61386 53.11092 59.09709 65.52474 72.12490 78.03996 82.40474 85.40762 87.53258 89.06961 90.17860 90.95015 91.43484 91.66101 91.63682 91.35847 90.80370 89.93667 88.69537 86.99197 84.68544 81.56940 77.31039 71.44662 63.54508 54.30004 45.69138 38.57527 32.75972 27.96599 23.96531
-0.4587513 -0.3030236 -0.1295345 6.4530231E-02 0.2820736 0.5269076 0.8031386 1.115998 1.471250 1.876046 2.338376 2.867866 3.475226 4.172928 4.974549 5.895174 6.950597 8.157400 9.532098 11.09099 12.84961 14.82263 17.02392 19.46657 22.16385 25.12919 28.37812 31.92806 35.80153 40.02570 44.63652 49.67509 55.17634 61.08550 66.93092 71.68665 75.02406 77.38181 79.09155 80.35431 81.26776 81.90235 82.28583 82.44341 82.37165 82.06924 81.50700 80.65567 79.44884 77.80708 75.58595 72.58124 68.42930 62.60632 54.90253 46.76233 39.70647 33.87439 29.04943 25.00725 21.59766
-0.2111422 -5.9187334E-02 0.1098083 0.2986839 0.5100133 0.7475984 1.015078 1.317595 1.660292 2.050086 2.494078 3.001442 3.581615 4.246292 5.007243 5.878343 6.872955 8.005989 9.290844 10.74177 12.37053 14.18946 16.20790 18.43621 20.88193 23.55485 26.46241 29.61629 33.02633 36.70955 40.68023 44.96072 49.54826 54.35017 58.84061 62.32078 64.82743 66.67091 68.04967 69.08145 69.83461 70.35078 70.65367 70.75390 70.65199 70.33749 69.78997 68.97378 67.83801 66.30325 64.25488 61.50566 57.76616 52.61208 46.19358 39.84185 34.33855 29.67473 25.72448 22.35509 19.46957
4.1102059E-02 0.1886834 0.3527150 0.5355957 0.7400026 0.9691976 1.226860 1.517430 1.845938 2.218384 2.641530 3.123291 3.672425 4.298889 5.013327 5.827297 6.752491 7.800872 8.983688 10.31164 11.79390 13.43860 15.25195 17.23909 19.40325 21.74694 24.27073 26.97463 29.85589 32.90989 36.12476 39.47743 42.91068 46.28604 49.31102 51.74374 53.61819 55.06034 56.17002 57.01217 57.62980 58.04851 58.28407 58.34151 58.21951 57.90689 57.38566 56.62540 55.58396 54.19814 52.38194 50.00877 46.91484 42.95611 38.36224 33.78246 29.62147 25.95766 22.76189 19.97935 17.55543
0.2749297 0.4177699 0.5762730 0.7526178 0.9493382 1.169379 1.416155 1.693651 2.006468 2.359920 2.760072 3.213816 3.728852 4.313651 4.977304 5.729340 6.579387 7.536835 8.610402 9.807752 11.13515 12.59721 14.19670 15.93450 17.80939 19.81800 21.95444 24.20981 26.57108 29.01944 31.52706 34.05195 36.52935 38.86374 40.94158 42.68851 44.10792 45.24226 46.13557 46.82232 47.32696 47.66535 47.84626 47.87224 47.73997 47.44011 46.95663 46.26550 45.33391 44.11766 42.55999 40.59280 38.15266 35.23534 31.98950 28.69216 25.56446 22.70558 20.13938 17.85573 15.83187
0.4793870 0.6171348 0.7696813 0.9390216 1.127478 1.337714 1.572825 1.836365 2.132429 2.465682 2.841419 3.265557 3.744647 4.285769 4.896416 5.584246 6.356834 7.221292 8.183933 9.249858 10.42271 11.70434 13.09467 14.59148 16.19031 17.88415 19.66319 21.51424 23.42006 25.35818 27.29965 29.20740 31.03568 32.73214 34.24853 35.55727 36.65495 37.55511 38.27656 38.83649 39.24821 39.52060 39.65828 39.66166 39.52701 39.24616 38.80641 38.19011 37.37376 36.32851 35.02168 33.42226 31.51475 29.32507 26.94307 24.50126 22.12287 19.88660 17.82918 15.96078 14.27694
0.6527332 0.7851037 0.9313627 1.093334 1.273103 1.473069 1.695974 1.944971 2.223623 2.535974 2.886541 3.280327 3.722764 4.219641 4.776941 5.400666 6.096534 6.869713 7.724473 8.663877 9.689513 10.80127 11.99712 13.27305 14.62283 16.03795 17.50736 19.01726 20.55077 22.08769 23.60425 25.07342 26.46592 27.75331 28.91168 29.92546 30.79113 31.51285 32.09828 32.55553 32.89132 33.11015 33.21401 33.20214 33.07096 32.81399 32.42159 31.88078 31.17618 30.29046 29.20681 27.91377 26.41371 24.73256 22.92485 21.06584 19.22756 17.46461 15.81063 14.28185 12.88272
0.7968491 0.9236271 1.063371 1.217713 1.388523 1.577920 1.788326 2.022469 2.283432 2.574648 2.899920 3.263378 3.669451 4.122753 4.627969 5.189635 5.811941 6.498454 7.251858 8.073681 8.964103 9.921739 10.94354 12.02465 13.15840 14.33620 15.54750 16.77979 18.01859 19.24755 20.44875 21.60322 22.69205 23.69759 24.60598 25.40910 26.10276 26.68710 27.16479 27.53920 27.81335 27.98912 28.06692 28.04542 27.92143 27.68980 27.34361 26.87448 26.27259 25.52828 24.63394 23.58743 22.39627 21.08202 19.68052 18.23542 16.79221 15.38886 14.05211 12.79816 11.63479
0.9147941 1.035842 1.168922 1.315492 1.477200 1.655912 1.853722 2.072983 2.316307 2.586581 2.886941 3.220756 3.591558 4.002964 4.458536 4.961631 5.515193 6.121569 6.782257 7.497740 8.267292 9.088873 9.959005 10.87277 11.82376 12.80412 13.80459 14.81458 15.82234 16.81520 17.77985 18.70296 19.57177 20.37526 21.10428 21.75180 22.31472 22.79200 23.18400 23.49167 23.71600 23.85738 23.91537 23.88847 23.77409 23.56850 23.26687 22.86347 22.35271 21.72977 20.99216 20.14164 19.18657 18.14295 17.03454 15.89133 14.74259 13.61431 12.52684 11.49420 10.52473
1.009967 1.125212 1.251568 1.390319 1.542916 1.710970 1.896285 2.100857 2.326882 2.576744 2.853007 3.158363 3.495595 3.867471 4.276657 4.725554 5.216166 5.749917 6.327499 6.948699 7.612310 8.316013 9.056351 9.828702 10.62732 11.44538 12.27509 13.10780 13.93418 14.74448 15.52880 16.27744 16.98134 17.63232 18.22402 18.75232 19.21381 19.60666 19.93015 20.18402 20.36817 20.48221 20.52530 20.49601 20.39223 20.21117 19.94965 19.60454 19.17266 18.65200 18.04257 17.34769 16.57483 15.73668 14.85017 13.93401 13.00868 12.09290 11.20200 10.34744 9.536935
1.085599 1.195032 1.314676 1.445659 1.589237 1.746797 1.919873 2.110144 2.319430 2.549684 2.802968 3.081413 3.387166 3.722323 4.088822 4.488345 4.922179 5.391109 5.895271 6.434058 7.006032 7.608870 8.239336 8.893312 9.565816 10.25110 10.94273 11.63374 12.31677 12.98430 13.62881 14.24312 14.82058 15.35559 15.84318 16.27896 16.66052 16.98609 17.25449 17.46490 17.61666 17.70903 17.74104 17.71144 17.61862 17.46075 17.23582 16.94170 16.57709 16.14163 15.63661 15.06557 14.43498 13.75399 13.03452 12.29121 11.53801 10.78813 10.05312 9.342142 8.661895
1.144691 1.248355 1.361369 1.484707 1.619455 1.766792 1.928013 2.104514 2.297796 2.509433 2.741070 2.994367 3.270966 3.572416 3.900105 4.255160 4.638364 5.050050 5.490015 5.957433 6.450819 6.967977 7.506009 8.061327 8.629718 9.206391 9.786110 10.36327 10.93205 11.48658 12.02108 12.53001 13.00828 13.45116 13.85494 14.21704 14.53477 14.80624 15.03008 15.20527 15.33090 15.40611 15.42994 15.40133 15.31905 15.18178 14.98833 14.73796 14.43012 14.06529 13.64519 13.17325 12.65474 12.09716 11.50950 10.90100 10.28224 9.663204 9.052663 8.457894 7.884526
1.189842 1.287835 1.394352 1.510237 1.636416 1.773888 1.923734 2.087110 2.265231 2.459368 2.670807 2.900836 3.150684 3.421484 3.714195 4.029549 4.367960 4.729470 5.113669 5.519650 5.945968 6.390628 6.851085 7.324279 7.806666 8.294304 8.782914 9.267996 9.744915 10.20903 10.65581 11.08096 11.48052 11.85114 12.18963 12.49292 12.75919 12.98679 13.17443 13.32097 13.42548 13.48709 13.50492 13.47812 13.40582 13.28727 13.12180 12.90887 12.64872 12.34227 11.99139 11.59910 11.16978 10.70882 10.22280 9.719819 9.207271 8.692417 8.181973 7.681704 7.196271
1.223363 1.315816 1.416019 1.524693 1.642624 1.770651 1.909672 2.060631 2.224514 2.402325 2.595072 2.803731 3.029219 3.272336 3.533736 3.813850 4.112850 4.430586 4.766543 5.119798 5.489011 5.872402 6.267775 6.672525 7.083708 7.498065 7.912115 8.322208 8.724634 9.115676 9.491738 9.849362 10.18536 10.49666 10.78083 11.03613 11.26049 11.45232 11.61035 11.73352 11.82090 11.87170 11.88515 11.86055 11.79729 11.69480 11.55280 11.37150 11.15124 10.89306 10.59873 10.27090 9.913097 9.529931 9.126606 8.708089 8.280376 7.849226 7.419846 6.996828 6.584007
1.247186 1.334269 1.428374 1.530119 1.640163 1.759209 1.887996 2.027293 2.177888 2.340573 2.516123 2.705277 2.908697 3.126947 3.360440 3.609406 3.873845 4.153498 4.447800 4.755867 5.076474 5.408065 5.748745 6.096327 6.448346 6.802119 7.154789 7.503398 7.844926 8.176393 8.494874 8.797620 9.082059 9.346011 9.587279 9.803614 9.993650 10.15610 10.28981 10.39381 10.46727 10.50944 10.51970 10.49750 10.44244 10.35429 10.23298 10.07853 9.891643 9.673403 9.425460 9.150039 8.850063 8.528809 8.190188 7.839094 7.479747 7.116399 6.753129 6.393610 6.040989
1.262991 1.344895 1.433148 1.528271 1.630821 1.741377 1.860547 1.988949 2.127211 2.275950 2.435761 2.607187 2.790706 2.986691 3.195392 3.416892 3.651086 3.897645 4.156004 4.425332 4.704537 4.992255 5.286874 5.586538 5.889201 6.192634 6.494493 6.792344 7.083739 7.366225 7.637441 7.895095 8.137053 8.361198 8.565849 8.749821 8.911523 9.049715 9.163363 9.251595 9.313659 9.348923 9.356851 9.337031 9.289160 9.213056 9.108801 8.976898 8.817896 8.632798 8.423027 8.190516 7.937596 7.667250 7.382666 7.086667 6.782911 6.474916 6.165919 5.858879 5.556386
1.272166 1.349103 1.431766 1.520597 1.616057 1.718628 1.828799 1.947071 2.073936 2.209874 2.355329 2.510701 2.676319 2.852424 3.039140 3.236456 3.444194 3.662003 3.889329 4.125413 4.369283 4.619758 4.875454 5.134815 5.396117 5.657516 5.917066 6.172768 6.422595 6.664549 6.896667 7.117093 7.324073 7.516133 7.691698 7.849080 7.987293 8.105351 8.202366 8.277554 8.330270 8.359962 8.366203 8.348672 8.307200 8.241801 8.152612 8.039838 7.904197 7.746643 7.568452 7.371206 7.156871 6.927511 6.685567 6.434206 6.175972 5.913485 5.649328 5.385897 5.125333
1.275914 1.348107 1.425457 1.508332 1.597118 1.692205 1.793996 1.902882 2.019253 2.143472 2.275873 2.416739 2.566292 2.724667 2.891909 3.067937 3.252538 3.445349 3.645852 3.853353 4.066998 4.285761 4.508464 4.733781 4.960274 5.186394 5.410531 5.631017 5.846183 6.054360 6.253931 6.443318 6.621039 6.785573 6.935742 7.070734 7.189342 7.290619 7.373773 7.438134 7.483134 7.508315 7.513314 7.497894 7.461924 7.405376 7.328462 7.231716 7.115652 6.981087 6.829093 6.661040 6.478507 6.283482 6.078023 5.863780 5.643117 5.418294 5.191403 4.964403 4.739065
1.275211 1.342890 1.415206 1.492467 1.574989 1.663093 1.757097 1.857317 1.964049 2.077571 2.198125 2.325907 2.461055 2.603637 2.753630 2.910918 3.075265 3.246319 3.423593 3.606467 3.794186 3.985865 4.180491 4.376945 4.574006 4.770381 4.964716 5.155630 5.341717 5.521600 5.693911 5.857365 6.010729 6.152980 6.282970 6.399413 6.501608 6.588824 6.660389 6.715715 6.754322 6.775815 6.779911 6.766428 6.735310 6.686667 6.620691 6.537593 6.437998 6.322657 6.192523 6.048707 5.892559 5.725405 5.548833 5.365008 5.175524 4.982062 4.786319 4.589905 4.394294
1.270910 1.334311 1.401875 1.473859 1.550522 1.632123 1.718917 1.811149 1.909049 2.012822 2.122639 2.238631 2.360875 2.489384 2.624100 2.764877 2.911476 3.063557 3.220676 3.382276 3.547694 3.716161 3.886811 4.058687 4.230759 4.401933 4.571075 4.737019 4.898595 5.054632 5.204000 5.345578 5.478310 5.601081 5.713056 5.813688 5.902056 5.977449 6.039274 6.087034 6.120308 6.138776 6.142198 6.130435 6.103441 6.061249 6.004079 5.932422 5.846688 5.747502 5.635649 5.512103 5.377941 5.234550 5.083294 4.925156 4.761732 4.594536 4.424966 4.254356 4.083940
1.263692 1.323050 1.386141 1.453179 1.524374 1.599935 1.680065 1.764952 1.854771 1.949669 2.049767 2.155141 2.265826 2.381797 2.502970 2.629186 2.760208 2.895717 3.035306 3.178480 3.324655 3.473165 3.623261 3.774131 3.924894 4.074626 4.222367 4.367137 4.507941 4.643804 4.773755 4.896879 5.012295 5.119287 5.217004 5.304455 5.381152 5.446554 5.500167 5.541555 5.570369 5.586330 5.589254 5.579033 5.555670 5.519299 5.470100 5.408244 5.334235 5.248645 5.152175 5.045609 4.929887 4.805879 4.674647 4.537742 4.396193 4.251109 4.103643 3.954903 3.805928
1.254163 1.309708 1.368599 1.431011 1.497115 1.567078 1.641058 1.719200 1.801633 1.888461 1.979762 2.075575 2.175904 2.280698 2.389855 2.503212 2.620540 2.741542 2.865850 2.993019 3.122541 3.253832 3.386250 3.519092 3.651614 3.783024 3.912511 4.039237 4.162369 4.281069 4.394524 4.501928 4.602514 4.695450 4.780141 4.856228 4.923006 4.979943 5.026597 5.062603 5.087657 5.101535 5.104074 5.095196 5.074893 5.043209 5.000341 4.946709 4.882618 4.808535 4.725028 4.632796 4.532588 4.425392 4.312147 4.193430 4.070361 3.943989 3.815277 3.685157 3.554500
1.242796 1.294754 1.349709 1.407803 1.469175 1.533956 1.602268 1.674222 1.749909 1.829402 1.912744 1.999949 2.090995 2.185816 2.284299 2.386284 2.491551 2.599827 2.710778 2.824011 2.939074 3.055463 3.172619 3.289940 3.406783 3.522478 3.636325 3.747622 3.855647 3.959700 4.059074 4.153111 4.241172 4.322754 4.397219 4.463791 4.522137 4.571863 4.612604 4.644038 4.665919 4.678045 4.680295 4.672606 4.655005 4.627620 4.590605 4.544071 4.488420 4.424084 4.351574 4.271447 4.184370 4.090919 3.991824 3.888235 3.780830 3.670362 3.557634 3.443429 3.328484
