T2-onemodel/GL13.grd
DSAA
         100         100
  -20.00000       20.00000    
  -20.00000       20.00000    
 -2.6822131E-02   1.214103    
[rows 24 to 47 of 100, columns 0 to 53 of 100]
1.4514156E-02 1.5410301E-02 1.6374003E-02 1.7410526E-02 1.8525347E-02 1.9724162E-02 2.1012764E-02 2.2396989E-02 2.3882546E-02 2.5474876E-02 2.7178938E-02 2.8999006E-02 3.0938374E-02 3.2999117E-02 3.5181765E-02 3.7485052E-02 3.9905630E-02 4.2437933E-02 4.5073923E-02 4.7803126E-02 5.0612554E-02 5.3486928E-02 5.6408685E-02 5.9358492E-02 6.2315319E-02 6.5257087E-02 6.8160824E-02 7.1003415E-02 7.3761664E-02 7.6413199E-02 7.8936107E-02 8.1309758E-02 8.3513126E-02 8.5532002E-02 8.7354809E-02 8.8964902E-02 9.0350345E-02 9.1500543E-02 9.2407010E-02 9.3061939E-02 9.3459174E-02 9.3593203E-02 9.3460090E-02 9.3056820E-02 9.2382312E-02 9.1436982E-02 9.0223789E-02 8.8748410E-02 8.7022476E-02 8.5058741E-02 8.2874849E-02 8.0492362E-02 7.7940382E-02 7.5246148E-02
1.4435904E-02 1.5391367E-02 1.6421964E-02 1.7533937E-02 1.8733952E-02 2.0028930E-02 2.1426087E-02 2.2932755E-02 2.4556274E-02 2.6303791E-02 2.8182033E-02 3.0196996E-02 3.2353677E-02 3.4655645E-02 3.7104759E-02 3.9700668E-02 4.2440586E-02 4.5318890E-02 4.8327014E-02 5.1453177E-02 5.4682560E-02 5.7997208E-02 6.1376456E-02 6.4797051E-02 6.8233795E-02 7.1659766E-02 7.5047217E-02 7.8367688E-02 8.1593156E-02 8.4696032E-02 8.7650448E-02 9.0432227E-02 9.3021341E-02 9.5394470E-02 9.7529724E-02 9.9414930E-02 0.1010369 0.1023843 0.1034472 0.1042171 0.1046865 0.1048493 0.1046998 0.1042343 0.1034499 0.1023466 0.1009268 9.9196784E-02 9.7164758E-02 9.4846837E-02 9.2264026E-02 8.9443363E-02 8.6413227E-02 8.3211794E-02
1.4283475E-02 1.5300873E-02 1.6401602E-02 1.7593116E-02 1.8883370E-02 2.0280819E-02 2.1794315E-02 2.3433043E-02 2.5206352E-02 2.7123522E-02 2.9193509E-02 3.1424601E-02 3.3824012E-02 3.6397465E-02 3.9148625E-02 4.2078655E-02 4.5185681E-02 4.8464503E-02 5.1906072E-02 5.5497464E-02 5.9221692E-02 6.3057959E-02 6.6981681E-02 7.0965126E-02 7.4977681E-02 7.8986734E-02 8.2958050E-02 8.6856917E-02 9.0648443E-02 9.4298884E-02 9.7775571E-02 0.1010479 0.1040860 0.1068687 0.1093794 0.1115963 0.1135040 0.1150892 0.1163415 0.1172510 0.1178098 0.1180100 0.1178451 0.1173090 0.1163975 0.1151077 0.1134399 0.1113984 0.1089956 0.1062476 0.1031790 9.9821888E-02 9.6220694E-02 9.2420287E-02
1.4040488E-02 1.5122150E-02 1.6296046E-02 1.7570907E-02 1.8956270E-02 2.0462297E-02 2.2099864E-02 2.3880333E-02 2.5815506E-02 2.7917303E-02 3.0197551E-02 3.2667428E-02 3.5337165E-02 3.8215302E-02 4.1308172E-02 4.4619109E-02 4.8147921E-02 5.1890206E-02 5.5836994E-02 5.9974205E-02 6.4282812E-02 6.8738602E-02 7.3312700E-02 7.7971734E-02 8.2678795E-02 8.7393790E-02 9.2074737E-02 9.6678302E-02 0.1011614 0.1054815 0.1095988 0.1134763 0.1170835 0.1203873 0.1233578 0.1259784 0.1282323 0.1301062 0.1315882 0.1326687 0.1333381 0.1335881 0.1334098 0.1327955 0.1317374 0.1302304 0.1282721 0.1258654 0.1230170 0.1197459 0.1160805 0.1120611 0.1077346 0.1031636
1.3688154E-02 1.4836146E-02 1.6085846E-02 1.7447539E-02 1.8932471E-02 2.0552885E-02 2.2321912E-02 2.4253581E-02 2.6362633E-02 2.8664263E-02 3.1173809E-02 3.3906247E-02 3.6875635E-02 4.0094413E-02 4.3572504E-02 4.7316521E-02 5.1328808E-02 5.5606753E-02 6.0141917E-02 6.4919695E-02 6.9918916E-02 7.5112015E-02 8.0464989E-02 8.5938171E-02 9.1486685E-02 9.7061552E-02 0.1026105 0.1080797 0.1134143 0.1185609 0.1234680 0.1280876 0.1323743 0.1362959 0.1398278 0.1429417 0.1456187 0.1478441 0.1496068 0.1508965 0.1517043 0.1520199 0.1518333 0.1511330 0.1499078 0.1481469 0.1458426 0.1429918 0.1396026 0.1356917 0.1312910 0.1264490 0.1212361 0.1157302
1.3203918E-02 1.4419837E-02 1.5747543E-02 1.7198997E-02 1.8787451E-02 2.0527411E-02 2.2434734E-02 2.4526501E-02 2.6820989E-02 2.9337326E-02 3.2095261E-02 3.5114456E-02 3.8414005E-02 4.2011373E-02 4.5921542E-02 5.0155647E-02 5.4720033E-02 5.9614971E-02 6.4833827E-02 7.0362099E-02 7.6177202E-02 8.2248040E-02 8.8535435E-02 9.4992325E-02 0.1015648 0.1081925 0.1148110 0.1213519 0.1277457 0.1339234 0.1398192 0.1453724 0.1505324 0.1552492 0.1594804 0.1632037 0.1664001 0.1690565 0.1711626 0.1727104 0.1736908 0.1740940 0.1739071 0.1731155 0.1717018 0.1696490 0.1669414 0.1635688 0.1595278 0.1548333 0.1495196 0.1436463 0.1372929 0.1305694
1.2562237E-02 1.3847189E-02 1.5254486E-02 1.6797988E-02 1.8493097E-02 2.0356959E-02 2.2408452E-02 2.4668250E-02 2.7158715E-02 2.9903736E-02 3.2928322E-02 3.6258060E-02 3.9918311E-02 4.3933205E-02 4.8324313E-02 5.3109240E-02 5.8300026E-02 6.3901797E-02 6.9911212E-02 7.6315477E-02 8.3091557E-02 9.0205796E-02 9.7613834E-02 0.1052610 0.1130829 0.1210064 0.1289511 0.1368308 0.1445557 0.1520356 0.1591819 0.1659119 0.1721490 0.1778388 0.1829430 0.1874249 0.1912648 0.1944517 0.1969806 0.1988465 0.2000439 0.2005628 0.2003893 0.1995034 0.1978810 0.1954938 0.1923130 0.1883134 0.1834831 0.1778257 0.1713742 0.1641980 0.1564140 0.1481679
1.1733267E-02 1.3087707E-02 1.4575490E-02 1.6212422E-02 1.8016379E-02 2.0007305E-02 2.2207541E-02 2.4641776E-02 2.7337156E-02 3.0323036E-02 3.3630811E-02 3.7293129E-02 4.1343238E-02 4.5813609E-02 5.0734602E-02 5.6132402E-02 6.2027320E-02 6.8431638E-02 7.5347982E-02 8.2767434E-02 9.0668805E-02 9.9017479E-02 0.1077654 0.1168507 0.1261986 0.1357215 0.1453207 0.1548871 0.1643047 0.1734527 0.1822118 0.1904687 0.1981273 0.2051003 0.2113207 0.2167601 0.2214032 0.2252481 0.2282981 0.2305577 0.2320268 0.2326992 0.2325589 0.2315819 0.2297333 0.2269716 0.2232494 0.2185204 0.2127437 0.2059048 0.1980260 0.1891866 0.1795249 0.1692528
1.0684682E-02 1.2108395E-02 1.3676654E-02 1.5407439E-02 1.7321140E-02 1.9440878E-02 2.1792673E-02 2.4405755E-02 2.7312567E-02 3.0548822E-02 3.4153201E-02 3.8166855E-02 4.2632449E-02 4.7592923E-02 5.3089596E-02 5.9160151E-02 6.5835983E-02 7.3140003E-02 8.1083991E-02 8.9666702E-02 9.8872021E-02 0.1086681 0.1190059 0.1298197 0.1410258 0.1525231 0.1641931 0.1759006 0.1874950 0.1988146 0.2096902 0.2199552 0.2294535 0.2380704 0.2457345 0.2523984 0.2580555 0.2627199 0.2664152 0.2691614 0.2709714 0.2718448 0.2717677 0.2707094 0.2686242 0.2654499 0.2611119 0.2555276 0.2486216 0.2403357 0.2306635 0.2196807 0.2075851 0.1946788
9.3812831E-03 1.0873205E-02 1.2520997E-02 1.4344785E-02 1.6367754E-02 1.8616239E-02 2.1120315E-02 2.3914000E-02 2.7035663E-02 3.0527961E-02 3.4437954E-02 3.8816396E-02 4.3717165E-02 4.9195543E-02 5.5306602E-02 6.2102228E-02 6.9628671E-02 7.7923208E-02 8.7011442E-02 9.6904278E-02 0.1075963 0.1190635 0.1312627 0.1441295 0.1575779 0.1714983 0.1857565 0.2001911 0.2146137 0.2288074 0.2425335 0.2555409 0.2675949 0.2784890 0.2880844 0.2963471 0.3032978 0.3089906 0.3134848 0.3168328 0.3190679 0.3202040 0.3202303 0.3191128 0.3167908 0.3131788 0.3081651 0.3016179 0.2933900 0.2833510 0.2714221 0.2576471 0.2422532 0.2257058
7.7898316E-03 9.3480684E-03 1.1073343E-02 1.2988063E-02 1.5118129E-02 1.7493317E-02 2.0147808E-02 2.3120755E-02 2.6456734E-02 3.0205982E-02 3.4424543E-02 3.9174024E-02 4.4520751E-02 5.0534490E-02 5.7286192E-02 6.4845279E-02 7.3276274E-02 8.2635455E-02 9.2967004E-02 0.1043003 0.1166471 0.1299997 0.1443292 0.1595840 0.1756876 0.1925360 0.2099927 0.2278842 0.2459906 0.2640390 0.2816938 0.2985606 0.3142077 0.3282666 0.3405229 0.3509202 0.3595445 0.3665319 0.3720170 0.3761051 0.3788689 0.3803433 0.3805286 0.3793874 0.3768454 0.3727858 0.3670502 0.3594336 0.3496960 0.3375714 0.3228297 0.3053878 0.2855119 0.2639313
5.8839042E-03 7.5056492E-03 9.3052704E-03 1.1307369E-02 1.3540657E-02 1.6038230E-02 1.8838512E-02 2.1985764E-02 2.5531033E-02 2.9532276E-02 3.4055158E-02 3.9172579E-02 4.4964608E-02 5.1516622E-02 5.8917724E-02 6.7257188E-02 7.6621391E-02 8.7089375E-02 9.8729536E-02 0.1115954 0.1257239 0.1411328 0.1578197 0.1757600 0.1949062 0.2151829 0.2364831 0.2586559 0.2814935 0.3047033 0.3278742 0.3504243 0.3715889 0.3905185 0.4066537 0.4199865 0.4307996 0.4394236 0.4461324 0.4511282 0.4545426 0.4564489 0.4568639 0.4557539 0.4530292 0.4485435 0.4420814 0.4333516 0.4219682 0.4074602 0.3892960 0.3670456 0.3407832 0.3117111
3.6634759E-03 5.3449231E-03 7.2146337E-03 9.2991367E-03 1.1629957E-02 1.4243233E-02 1.7181715E-02 2.0494482E-02 2.4239093E-02 2.8480960E-02 3.3295587E-02 3.8767196E-02 4.4990033E-02 5.2065656E-02 6.0102537E-02 6.9211215E-02 7.9502426E-02 9.1080882E-02 0.1040432 0.1184722 0.1344369 0.1519885 0.1711628 0.1919771 0.2144342 0.2385166 0.2641889 0.2913842 0.3199951 0.3498344 0.3805722 0.4115678 0.4415450 0.4683973 0.4905074 0.5079782 0.5216745 0.5323612 0.5405750 0.5466744 0.5508839 0.5533331 0.5540674 0.5530632 0.5502205 0.5453631 0.5382144 0.5283844 0.5153224 0.4982738 0.4762090 0.4478920 0.4125262 0.3719898
1.1960048E-03 2.9320337E-03 4.8669823E-03 7.0269168E-03 9.4483420E-03 1.2167795E-02 1.5234509E-02 1.8699439E-02 2.2629017E-02 2.7092857E-02 3.2178782E-02 3.7978612E-02 4.4603717E-02 5.2167952E-02 6.0802694E-02 7.0636027E-02 8.1807777E-02 9.4445020E-02 0.1086793 0.1246198 0.1423768 0.1620331 0.1836759 0.2073653 0.2331756 0.2611564 0.2913858 0.3239173 0.3588477 0.3962283 0.4361280 0.4783287 0.5217514 0.5619245 0.5934732 0.6167789 0.6342514 0.6475192 0.6575689 0.6650000 0.6701707 0.6732942 0.6744552 0.6736557 0.6707872 0.6656579 0.6579315 0.6471356 0.6325321 0.6130862 0.5871415 0.5522503 0.5050927 0.4473748
-1.3223875E-03 4.6321651E-04 2.4564676E-03 4.6846503E-03 7.1869041E-03 1.0002032E-02 1.3182955E-02 1.6784547E-02 2.0878505E-02 2.5540952E-02 3.0867662E-02 3.6960661E-02 4.3942995E-02 5.1943734E-02 6.1110970E-02 7.1594030E-02 8.3554626E-02 9.7147346E-02 0.1125303 0.1298463 0.1492361 0.1708235 0.1947324 0.2210763 0.2499798 0.2815715 0.3160108 0.3534836 0.3942379 0.4385766 0.4868872 0.5394654 0.5957870 0.6508898 0.6950158 0.7261512 0.7485039 0.7649498 0.7772432 0.7862500 0.7925922 0.7965226 0.7982565 0.7977622 0.7950088 0.7897241 0.7816072 0.7700382 0.7542452 0.7328768 0.7039624 0.6640621 0.6080337 0.5345599
-3.6704221E-03 -1.8399673E-03 2.0276511E-04 2.4918607E-03 5.0627841E-03 7.9621645E-03 1.1239848E-02 1.4960302E-02 1.9193063E-02 2.4026264E-02 2.9555315E-02 3.5897631E-02 4.3178849E-02 5.1548168E-02 6.1159980E-02 7.2189637E-02 8.4809475E-02 9.9206463E-02 0.1155530 0.1340294 0.1547933 0.1780111 0.2038244 0.2323961 0.2638707 0.2984372 0.3362785 0.3776568 0.4228416 0.4722213 0.5261531 0.5849851 0.6482450 0.7128215 0.7693484 0.8103722 0.8388668 0.8592800 0.8742518 0.8851658 0.8928795 0.8978095 0.9002446 0.9002137 0.8977031 0.8924538 0.8841508 0.8721454 0.8556111 0.8331114 0.8026296 0.7607008 0.7025282 0.6239539
-5.7483576E-03 -3.8812466E-03 -1.7956503E-03 5.4302684E-04 3.1723217E-03 6.1398074E-03 9.4984202E-03 1.3313858E-02 1.7660409E-02 2.2628421E-02 2.8320123E-02 3.4856662E-02 4.2373769E-02 5.1026672E-02 6.0984388E-02 7.2431393E-02 8.5560024E-02 0.1005693 0.1176571 0.1370171 0.1588359 0.1832908 0.2105540 0.2407922 0.2741793 0.3108943 0.3511426 0.3951470 0.4431738 0.4955023 0.5524243 0.6141019 0.6802790 0.7492228 0.8149694 0.8672024 0.9034698 0.9288524 0.9470519 0.9602720 0.9695885 0.9757440 0.9790195 0.9796365 0.9775034 0.9725111 0.9642293 0.9521565 0.9353426 0.9125685 0.8817998 0.8402488 0.7837211 0.7078061
-7.5424132E-03 -5.6467880E-03 -3.5260641E-03 -1.1492181E-03 1.5267881E-03 4.5458856E-03 7.9672523E-03 1.1853330E-02 1.6285429E-02 2.1351138E-02 2.7160963E-02 3.3834372E-02 4.1517209E-02 5.0364614E-02 6.0558587E-02 7.2286159E-02 8.5756250E-02 0.1011735 0.1187555 0.1387031 0.1612233 0.1864981 0.2147160 0.2460400 0.2806495 0.3187033 0.3603921 0.4058886 0.4554100 0.5091374 0.5672783 0.6298943 0.6968701 0.7672729 0.8380555 0.9006211 0.9466121 0.9782087 1.000463 1.016397 1.027679 1.035241 1.039591 1.040981 1.039446 1.034865 1.026906 1.015058 0.9984906 0.9760578 0.9460453 0.9061167 0.8529538 0.7825700
-9.0714581E-03 -7.1531786E-03 -5.0080759E-03 -2.6021444E-03 1.0546325E-04 3.1622027E-03 6.6246139E-03 1.0559236E-02 1.5044702E-02 2.0173306E-02 2.6052579E-02 3.2807775E-02 4.0581767E-02 4.9537182E-02 5.9853539E-02 7.1728215E-02 8.5368790E-02 0.1009941 0.1188213 0.1390686 0.1619406 0.1876364 0.2163343 0.2482087 0.2834131 0.3221065 0.3644291 0.4105379 0.4605664 0.5146683 0.5729448 0.6354814 0.7021813 0.7726246 0.8452033 0.9149003 0.9715774 1.011164 1.038508 1.057763 1.071400 1.080635 1.086276 1.088617 1.087867 1.083883 1.076485 1.065133 1.049205 1.027595 0.9989784 0.9613013 0.9120553 0.8476980
-1.0361565E-02 -8.4281489E-03 -6.2679653E-03 -3.8437531E-03 -1.1179453E-03 1.9602436E-03 5.4440373E-03 9.4031589E-03 1.3912451E-02 1.9067222E-02 2.4971092E-02 3.1751845E-02 3.9548252E-02 4.8525758E-02 5.8860026E-02 7.0752077E-02 8.4407479E-02 0.1000502 0.1178982 0.1381760 0.1610896 0.1868429 0.2156118 0.2475678 0.2828534 0.3216107 0.3639560 0.4100127 0.4598778 0.5136600 0.5714262 0.6332391 0.6990457 0.7686602 0.8412663 0.9143201 0.9802222 1.029690 1.063497 1.086961 1.103389 1.114676 1.121799 1.125337 1.125508 1.122357 1.115684 1.105134 1.090086 1.069700 1.042774 1.007725 0.9624223 0.9040595
-1.1440049E-02 -9.5008174E-03 -7.3328763E-03 -4.9031619E-03 -2.1703197E-03 9.1165217E-04 4.3997401E-03 8.3578993E-03 1.2864881E-02 1.8008951E-02 2.3897270E-02 3.0649262E-02 3.8406953E-02 4.7326028E-02 5.7586066E-02 6.9377504E-02 8.2911655E-02 9.8402701E-02 0.1160774 0.1361515 0.1588429 0.1843450 0.2128457 0.2444995 0.2794565 0.3178299 0.3597376 0.4052596 0.4544920 0.5074882 0.5643276 0.6250245 0.6896105 0.7579385 0.8296618 0.9034323 0.9750794 1.034873 1.077056 1.105828 1.125732 1.139457 1.148362 1.153297 1.154588 1.152429 1.146668 1.137089 1.123141 1.104184 1.079153 1.046818 1.005332 0.9525095
-1.2333267E-02 -1.0395022E-02 -8.2288543E-03 -5.8034658E-03 -3.0768963E-03 -5.3930612E-06 3.4679121E-03 7.4044727E-03 1.1881635E-02 1.6984457E-02 2.2817347E-02 2.9495386E-02 3.7156388E-02 4.5950741E-02 5.6052372E-02 6.7646936E-02 8.0939762E-02 9.6142359E-02 0.1134769 0.1331600 0.1554070 0.1804147 0.2083674 0.2394234 0.2737231 0.3113803 0.3524940 0.3971413 0.4453898 0.4972921 0.5528944 0.6122258 0.6752964 0.7420641 0.8123486 0.8854867 0.9593623 1.027373 1.079627 1.115226 1.139549 1.156191 1.167262 1.173793 1.176437 1.175396 1.170750 1.162264 1.149615 1.132169 1.109173 1.079480 1.041715 0.9939110
-1.3062758E-02 -1.1131377E-02 -8.9768190E-03 -6.5642414E-03 -3.8572547E-03 -8.0878154E-04 2.6315378E-03 6.5279831E-03 1.0950059E-02 1.5984707E-02 2.1726737E-02 2.8291922E-02 3.5806309E-02 4.4420004E-02 5.4293402E-02 6.5611571E-02 7.8566089E-02 9.3369387E-02 0.1102315 0.1293740 0.1510025 0.1753232 0.2025120 0.2327382 0.2661314 0.3028153 0.3428718 0.3863851 0.4333991 0.4839740 0.5381284 0.5959114 0.6573171 0.7223606 0.7909098 0.8626986 0.9365954 1.009147 1.071273 1.115689 1.145603 1.165918 1.179534 1.187982 1.192147 1.192419 1.188984 1.181730 1.170439 1.154612 1.133633 1.106550 1.072221 1.029003
-1.3643424E-02 -1.1726920E-02 -9.5906472E-03 -7.2015249E-03 -4.5237369E-03 -1.5126006E-03 1.8812127E-03 5.7180962E-03 1.0065798E-02 1.5005780E-02 2.0629732E-02 2.7045863E-02 3.4375805E-02 4.2759575E-02 5.2352287E-02 6.3327417E-02 7.5871632E-02 9.0185791E-02 0.1064782 0.1249611 0.1458435 0.1693251 0.1955912 0.2248049 0.2571085 0.2926164 0.3314232 0.3735972 0.4191958 0.4682546 0.5208102 0.5768794 0.6364862 0.6996286 0.7662874 0.8362889 0.9091183 0.9829947 1.052286 1.106862 1.144036 1.169007 1.185696 1.196427 1.202317 1.204093 1.201975 1.196089 1.186203 1.172055 1.153041 1.128501 1.097360 1.058389
