T2-onemodel/GL13.grd
DSAA
         100         100
  -20.00000       20.00000    
  -20.00000       20.00000    
 -2.6822131E-02   1.214103    
[rows 0 to 23 of 100, columns 0 to 53 of 100]
1.0894820E-02 1.1073835E-02 1.1257250E-02 1.1444953E-02 1.1636816E-02 1.1832679E-02 1.2032352E-02 1.2235605E-02 1.2442191E-02 1.2651813E-02 1.2864142E-02 1.3078813E-02 1.3295424E-02 1.3513541E-02 1.3732684E-02 1.3952343E-02 1.4171975E-02 1.4391001E-02 1.4608817E-02 1.4824784E-02 1.5038233E-02 1.5248501E-02 1.5454867E-02 1.5656639E-02 1.5853079E-02 1.6043488E-02 1.6227117E-02 1.6403280E-02 1.6571242E-02 1.6730355E-02 1.6879847E-02 1.7018963E-02 1.7146360E-02 1.7262444E-02 1.7367862E-02 1.7461099E-02 1.7541705E-02 1.7609196E-02 1.7663382E-02 1.7703930E-02 1.7730765E-02 1.7743697E-02 1.7742766E-02 1.7727921E-02 1.7699320E-02 1.7657002E-02 1.7601036E-02 1.7531527E-02 1.7449837E-02 1.7356019E-02 1.7250411E-02 1.7133420E-02 1.7006718E-02 1.6870320E-02
1.1042347E-02 1.1233242E-02 1.1429070E-02 1.1629730E-02 1.1835095E-02 1.2045003E-02 1.2259263E-02 1.2477639E-02 1.2699870E-02 1.2925643E-02 1.3154612E-02 1.3386381E-02 1.3620524E-02 1.3856558E-02 1.4093975E-02 1.4332211E-02 1.4570671E-02 1.4808716E-02 1.5045682E-02 1.5280853E-02 1.5513510E-02 1.5742877E-02 1.5968191E-02 1.6188642E-02 1.6403439E-02 1.6611757E-02 1.6812807E-02 1.7005758E-02 1.7189868E-02 1.7364318E-02 1.7528493E-02 1.7681809E-02 1.7824357E-02 1.7954515E-02 1.8070508E-02 1.8172890E-02 1.8261237E-02 1.8335264E-02 1.8394534E-02 1.8438870E-02 1.8467994E-02 1.8481880E-02 1.8480403E-02 1.8463673E-02 1.8431738E-02 1.8384913E-02 1.8323623E-02 1.8248379E-02 1.8158546E-02 1.8054953E-02 1.7938241E-02 1.7809089E-02 1.7666973E-02 1.7513167E-02
1.1194965E-02 1.1398616E-02 1.1607803E-02 1.1822429E-02 1.2042373E-02 1.2267481E-02 1.2497554E-02 1.2732355E-02 1.2971608E-02 1.3214988E-02 1.3462121E-02 1.3712592E-02 1.3965935E-02 1.4221638E-02 1.4479135E-02 1.4737822E-02 1.4997034E-02 1.5256078E-02 1.5514208E-02 1.5770646E-02 1.6024569E-02 1.6275140E-02 1.6521480E-02 1.6762711E-02 1.6997913E-02 1.7226201E-02 1.7446635E-02 1.7658347E-02 1.7860401E-02 1.8051978E-02 1.8232116E-02 1.8399879E-02 1.8553713E-02 1.8693933E-02 1.8821117E-02 1.8933548E-02 1.9030662E-02 1.9111879E-02 1.9176917E-02 1.9225374E-02 1.9257128E-02 1.9271962E-02 1.9269906E-02 1.9250920E-02 1.9215196E-02 1.9162808E-02 1.9093884E-02 1.9008616E-02 1.8908514E-02 1.8793734E-02 1.8664747E-02 1.8522102E-02 1.8367700E-02 1.8201686E-02
1.1352558E-02 1.1569913E-02 1.1793476E-02 1.2023165E-02 1.2258868E-02 1.2500430E-02 1.2747657E-02 1.3000307E-02 1.3258096E-02 1.3520680E-02 1.3787668E-02 1.4058614E-02 1.4333019E-02 1.4610324E-02 1.4889925E-02 1.5171146E-02 1.5453274E-02 1.5735528E-02 1.6017092E-02 1.6297095E-02 1.6574634E-02 1.6848758E-02 1.7118502E-02 1.7382855E-02 1.7640823E-02 1.7891359E-02 1.8133471E-02 1.8366100E-02 1.8588293E-02 1.8799029E-02 1.8997487E-02 1.9182891E-02 1.9355208E-02 1.9512564E-02 1.9652940E-02 1.9776812E-02 1.9883629E-02 1.9972999E-02 2.0044383E-02 2.0097535E-02 2.0132111E-02 2.0148059E-02 2.0145232E-02 2.0123767E-02 2.0083737E-02 2.0025522E-02 1.9949628E-02 1.9856676E-02 1.9746108E-02 1.9618899E-02 1.9475855E-02 1.9317836E-02 1.9144420E-02 1.8957116E-02
1.1515138E-02 1.1747221E-02 1.1986262E-02 1.2232204E-02 1.2484941E-02 1.2744329E-02 1.3010179E-02 1.3282245E-02 1.3560232E-02 1.3843786E-02 1.4132496E-02 1.4425888E-02 1.4723419E-02 1.5024495E-02 1.5328449E-02 1.5634554E-02 1.5942005E-02 1.6249966E-02 1.6557513E-02 1.6863693E-02 1.7167479E-02 1.7467832E-02 1.7763646E-02 1.8053820E-02 1.8337188E-02 1.8612625E-02 1.8878954E-02 1.9135045E-02 1.9379728E-02 1.9611936E-02 1.9830467E-02 2.0034153E-02 2.0221163E-02 2.0391684E-02 2.0546190E-02 2.0682720E-02 2.0800550E-02 2.0898951E-02 2.0977553E-02 2.1035856E-02 2.1073667E-02 2.1090727E-02 2.1087071E-02 2.1062657E-02 2.1017719E-02 2.0952394E-02 2.0866893E-02 2.0761507E-02 2.0637937E-02 2.0496482E-02 2.0337792E-02 2.0162608E-02 1.9973131E-02 1.9769689E-02
1.1682546E-02 1.1930448E-02 1.2186165E-02 1.2449640E-02 1.2720804E-02 1.2999507E-02 1.3285582E-02 1.3578773E-02 1.3878792E-02 1.4185259E-02 1.4497758E-02 1.4815771E-02 1.5138732E-02 1.5465984E-02 1.5796814E-02 1.6130410E-02 1.6465914E-02 1.6802367E-02 1.7138781E-02 1.7474065E-02 1.7807100E-02 1.8136691E-02 1.8461632E-02 1.8780639E-02 1.9092457E-02 1.9395754E-02 1.9689258E-02 1.9971628E-02 2.0241637E-02 2.0497965E-02 2.0739548E-02 2.0965349E-02 2.1175146E-02 2.1366760E-02 2.1537874E-02 2.1688838E-02 2.1818923E-02 2.1927597E-02 2.2014195E-02 2.2078365E-02 2.2119688E-02 2.2138061E-02 2.2133322E-02 2.2105632E-02 2.2055099E-02 2.1982189E-02 2.1887520E-02 2.1771856E-02 2.1634733E-02 2.1477344E-02 2.1300705E-02 2.1105921E-02 2.0892732E-02 2.0662948E-02
1.1854663E-02 1.2119579E-02 1.2393249E-02 1.2675665E-02 1.2966760E-02 1.3266419E-02 1.3574468E-02 1.3890679E-02 1.4214739E-02 1.4546285E-02 1.4884856E-02 1.5229923E-02 1.5580868E-02 1.5936997E-02 1.6297514E-02 1.6661558E-02 1.7028159E-02 1.7396288E-02 1.7764803E-02 1.8132530E-02 1.8498188E-02 1.8860469E-02 1.9217972E-02 1.9569306E-02 1.9912990E-02 2.0247586E-02 2.0571580E-02 2.0883534E-02 2.1181945E-02 2.1465432E-02 2.1732463E-02 2.1981565E-02 2.2210561E-02 2.2419447E-02 2.2608539E-02 2.2775577E-02 2.2919618E-02 2.3039747E-02 2.3135448E-02 2.3206107E-02 2.3251448E-02 2.3271156E-02 2.3265228E-02 2.3233652E-02 2.3176720E-02 2.3094637E-02 2.2987735E-02 2.2856442E-02 2.2702705E-02 2.2527020E-02 2.2330265E-02 2.2113455E-02 2.1879172E-02 2.1628007E-02
1.2031163E-02 1.2314358E-02 1.2607381E-02 1.2910240E-02 1.3222911E-02 1.3545298E-02 1.3877253E-02 1.4218543E-02 1.4568878E-02 1.4927871E-02 1.5295060E-02 1.5669877E-02 1.6051672E-02 1.6439684E-02 1.6833069E-02 1.7230861E-02 1.7632019E-02 1.8035371E-02 1.8439692E-02 1.8843625E-02 1.9245774E-02 1.9644633E-02 2.0038668E-02 2.0426255E-02 2.0805780E-02 2.1175543E-02 2.1533906E-02 2.1879148E-02 2.2209670E-02 2.2523789E-02 2.2820082E-02 2.3097180E-02 2.3354592E-02 2.3589756E-02 2.3799947E-02 2.3985354E-02 2.4145018E-02 2.4278209E-02 2.4384074E-02 2.4462139E-02 2.4511881E-02 2.4533134E-02 2.4525708E-02 2.4489775E-02 2.4425510E-02 2.4333484E-02 2.4214460E-02 2.4069391E-02 2.3897974E-02 2.3701670E-02 2.3481788E-02 2.3239747E-02 2.2975536E-02 2.2691377E-02
1.2211789E-02 1.2514642E-02 1.2828509E-02 1.3153458E-02 1.3489491E-02 1.3836552E-02 1.4194510E-02 1.4563164E-02 1.4942219E-02 1.5331303E-02 1.5729923E-02 1.6137501E-02 1.6553333E-02 1.6976619E-02 1.7406423E-02 1.7841708E-02 1.8281303E-02 1.8723942E-02 1.9168228E-02 1.9612681E-02 2.0055693E-02 2.0495612E-02 2.0930663E-02 2.1359058E-02 2.1778908E-02 2.2188352E-02 2.2585448E-02 2.2968333E-02 2.3335051E-02 2.3683816E-02 2.4012659E-02 2.4319705E-02 2.4602316E-02 2.4860220E-02 2.5093507E-02 2.5299508E-02 2.5477020E-02 2.5624868E-02 2.5742345E-02 2.5828669E-02 2.5883455E-02 2.5906300E-02 2.5897192E-02 2.5856115E-02 2.5783436E-02 2.5679471E-02 2.5544694E-02 2.5379738E-02 2.5186853E-02 2.4966812E-02 2.4720822E-02 2.4450252E-02 2.4158182E-02 2.3845576E-02
1.2395985E-02 1.2719962E-02 1.3056302E-02 1.3405107E-02 1.3766446E-02 1.4140293E-02 1.4526566E-02 1.4925078E-02 1.5335568E-02 1.5757652E-02 1.6190847E-02 1.6634531E-02 1.7087985E-02 1.7550325E-02 1.8020565E-02 1.8497538E-02 1.8979987E-02 1.9466486E-02 1.9955503E-02 2.0445347E-02 2.0934256E-02 2.1420313E-02 2.1901568E-02 2.2375938E-02 2.2841336E-02 2.3295579E-02 2.3736529E-02 2.4161957E-02 2.4569778E-02 2.4957806E-02 2.5324149E-02 2.5666986E-02 2.5985453E-02 2.6276480E-02 2.6536839E-02 2.6766453E-02 2.6964078E-02 2.7128700E-02 2.7259229E-02 2.7355008E-02 2.7415371E-02 2.7440077E-02 2.7428884E-02 2.7381988E-02 2.7299633E-02 2.7182532E-02 2.7031640E-02 2.6848163E-02 2.6632028E-02 2.6385065E-02 2.6108965E-02 2.5805594E-02 2.5475297E-02 2.5120836E-02
1.2583273E-02 1.2929960E-02 1.3290505E-02 1.3665093E-02 1.4053841E-02 1.4456792E-02 1.4873900E-02 1.5305031E-02 1.5749937E-02 1.6208263E-02 1.6679510E-02 1.7163057E-02 1.7658124E-02 1.8163789E-02 1.8678961E-02 1.9202404E-02 1.9732697E-02 2.0268289E-02 2.0807439E-02 2.1348286E-02 2.1888806E-02 2.2426885E-02 2.2960253E-02 2.3486601E-02 2.4003495E-02 2.4508515E-02 2.4999129E-02 2.5472894E-02 2.5927287E-02 2.6359932E-02 2.6768306E-02 2.7149970E-02 2.7501695E-02 2.7822820E-02 2.8113119E-02 2.8369401E-02 2.8590072E-02 2.8773647E-02 2.8919147E-02 2.9025553E-02 2.9092329E-02 2.9118977E-02 2.9105427E-02 2.9051680E-02 2.8958183E-02 2.8825389E-02 2.8653996E-02 2.8444886E-02 2.8200721E-02 2.7922651E-02 2.7612336E-02 2.7271636E-02 2.6904302E-02 2.6511827E-02
1.2772775E-02 1.3143856E-02 1.3530490E-02 1.3932932E-02 1.4351388E-02 1.4785958E-02 1.5236677E-02 1.5703447E-02 1.6186081E-02 1.6684227E-02 1.7197415E-02 1.7725000E-02 1.8266184E-02 1.8819965E-02 1.9385194E-02 1.9960489E-02 2.0544324E-02 2.1134941E-02 2.1730427E-02 2.2328664E-02 2.2927407E-02 2.3524212E-02 2.4116557E-02 2.4701754E-02 2.5277087E-02 2.5839712E-02 2.6386824E-02 2.6915515E-02 2.7423020E-02 2.7906487E-02 2.8363390E-02 2.8791286E-02 2.9188808E-02 2.9552203E-02 2.9877586E-02 3.0164536E-02 3.0411363E-02 3.0616706E-02 3.0779146E-02 3.0897772E-02 3.0971719E-02 3.1000623E-02 3.0984184E-02 3.0922623E-02 3.0816263E-02 3.0665992E-02 3.0473020E-02 3.0238895E-02 2.9963873E-02 2.9650286E-02 2.9300351E-02 2.8916553E-02 2.8499754E-02 2.8053468E-02
1.2963671E-02 1.3360961E-02 1.3775696E-02 1.4208239E-02 1.4658879E-02 1.5127824E-02 1.5615172E-02 1.6120920E-02 1.6644912E-02 1.7186869E-02 1.7746320E-02 1.8322632E-02 1.8914962E-02 1.9522281E-02 2.0143323E-02 2.0776620E-02 2.1420449E-02 2.2072896E-02 2.2731794E-02 2.3394793E-02 2.4059316E-02 2.4722639E-02 2.5381839E-02 2.6033899E-02 2.6675645E-02 2.7303893E-02 2.7915334E-02 2.8506730E-02 2.9074768E-02 2.9616296E-02 3.0128011E-02 3.0606734E-02 3.1048447E-02 3.1451941E-02 3.1816531E-02 3.2138344E-02 3.2415278E-02 3.2645389E-02 3.2827348E-02 3.2959819E-02 3.3042043E-02 3.3073351E-02 3.3053629E-02 3.2982871E-02 3.2861643E-02 3.2690559E-02 3.2470588E-02 3.2202989E-02 3.1890959E-02 3.1536158E-02 3.1140888E-02 3.0707704E-02 3.0241255E-02 2.9743792E-02
1.3154678E-02 1.3580109E-02 1.4025114E-02 1.4490165E-02 1.4975689E-02 1.5481993E-02 1.6009292E-02 1.6557669E-02 1.7127063E-02 1.7717237E-02 1.8327780E-02 1.8958051E-02 1.9607218E-02 2.0274172E-02 2.0957585E-02 2.1655837E-02 2.2367062E-02 2.3089103E-02 2.3819577E-02 2.4555791E-02 2.5294874E-02 2.6033677E-02 2.6768910E-02 2.7497070E-02 2.8214583E-02 2.8917696E-02 2.9602705E-02 3.0265760E-02 3.0903190E-02 3.1511214E-02 3.2086436E-02 3.2625571E-02 3.3126533E-02 3.3584684E-02 3.3995271E-02 3.4357358E-02 3.4668688E-02 3.4927391E-02 3.5131600E-02 3.5280071E-02 3.5371643E-02 3.5405777E-02 3.5382077E-02 3.5300788E-02 3.5162307E-02 3.4967776E-02 3.4718715E-02 3.4417134E-02 3.4063745E-02 3.3661563E-02 3.3213571E-02 3.2723077E-02 3.2191731E-02 3.1624086E-02
1.3344469E-02 1.3800104E-02 1.4277687E-02 1.4777861E-02 1.5301171E-02 1.5848091E-02 1.6418966E-02 1.7013999E-02 1.7633237E-02 1.8276539E-02 1.8943544E-02 1.9633664E-02 2.0346040E-02 2.1079548E-02 2.1832755E-02 2.2603923E-02 2.3390984E-02 2.4191573E-02 2.5002979E-02 2.5822213E-02 2.6645962E-02 2.7470699E-02 2.8292593E-02 2.9107684E-02 2.9911788E-02 3.0700663E-02 3.1469926E-02 3.2215260E-02 3.2932237E-02 3.3616666E-02 3.4264173E-02 3.4870557E-02 3.5430741E-02 3.5942741E-02 3.6405232E-02 3.6813423E-02 3.7164535E-02 3.7455998E-02 3.7685987E-02 3.7852734E-02 3.7955172E-02 3.7992381E-02 3.7964150E-02 3.7870452E-02 3.7711978E-02 3.7489574E-02 3.7204564E-02 3.6858682E-02 3.6455836E-02 3.5998426E-02 3.5489645E-02 3.4933012E-02 3.4334440E-02 3.3697281E-02
1.3531145E-02 1.4019162E-02 1.4531807E-02 1.5069881E-02 1.5634138E-02 1.6225202E-02 1.6843611E-02 1.7489716E-02 1.8163716E-02 1.8865582E-02 1.9595062E-02 2.0351611E-02 2.1134408E-02 2.1942284E-02 2.2773745E-02 2.3626899E-02 2.4499502E-02 2.5388898E-02 2.6292088E-02 2.7205652E-02 2.8125871E-02 2.9048648E-02 2.9969666E-02 3.0884283E-02 3.1787742E-02 3.2675054E-02 3.3541244E-02 3.4381174E-02 3.5189889E-02 3.5962351E-02 3.6693953E-02 3.7380248E-02 3.8018145E-02 3.8601816E-02 3.9125338E-02 3.9587066E-02 3.9983943E-02 4.0313430E-02 4.0573049E-02 4.0761054E-02 4.0875897E-02 4.0916756E-02 4.0883098E-02 4.0775131E-02 4.0593386E-02 4.0339250E-02 4.0014692E-02 3.9622303E-02 3.9163448E-02 3.8642079E-02 3.8062226E-02 3.7428413E-02 3.6743414E-02 3.6013275E-02
1.3712669E-02 1.4235392E-02 1.4785725E-02 1.5364702E-02 1.5973281E-02 1.6612334E-02 1.7282585E-02 1.7984614E-02 1.8718790E-02 1.9485269E-02 2.0283915E-02 2.1114295E-02 2.1975623E-02 2.2866746E-02 2.3786079E-02 2.4731621E-02 2.5700888E-02 2.6690973E-02 2.7698463E-02 2.8719539E-02 2.9749915E-02 3.0784952E-02 3.1819604E-02 3.2848585E-02 3.3866309E-02 3.4867067E-02 3.5844967E-02 3.6794171E-02 3.7708744E-02 3.8582981E-02 3.9411068E-02 4.0187374E-02 4.0905390E-02 4.1562065E-02 4.2155113E-02 4.2678557E-02 4.3128666E-02 4.3502048E-02 4.3796167E-02 4.4008680E-02 4.4138044E-02 4.4183001E-02 4.4143137E-02 4.4018388E-02 4.3809555E-02 4.3517742E-02 4.3144751E-02 4.2692937E-02 4.2167168E-02 4.1570853E-02 4.0908437E-02 4.0184867E-02 3.9407797E-02 3.8582209E-02
1.3886270E-02 1.4446128E-02 1.5036949E-02 1.5660014E-02 1.6316568E-02 1.7007740E-02 1.7734537E-02 1.8497787E-02 1.9298123E-02 2.0135898E-02 2.1011194E-02 2.1923697E-02 2.2872731E-02 2.3857152E-02 2.4875358E-02 2.5925180E-02 2.7003957E-02 2.8108424E-02 2.9234800E-02 3.0378705E-02 3.1535294E-02 3.2699183E-02 3.3864606E-02 3.5025358E-02 3.6175020E-02 3.7306856E-02 3.8414106E-02 3.9489806E-02 4.0527217E-02 4.1519511E-02 4.2460389E-02 4.3343779E-02 4.4165194E-02 4.4917177E-02 4.5592256E-02 4.6187740E-02 4.6699539E-02 4.7124159E-02 4.7458280E-02 4.7699485E-02 4.7845636E-02 4.7895536E-02 4.7848348E-02 4.7704220E-02 4.7463760E-02 4.7128681E-02 4.6701461E-02 4.6185456E-02 4.5582961E-02 4.4899210E-02 4.4139698E-02 4.3310694E-02 4.2416692E-02 4.1465882E-02
1.4048951E-02 1.4648512E-02 1.5282761E-02 1.5953321E-02 1.6661743E-02 1.7409507E-02 1.8197939E-02 1.9028222E-02 1.9901281E-02 2.0817786E-02 2.1778053E-02 2.2781996E-02 2.3829078E-02 2.4918243E-02 2.6047846E-02 2.7215647E-02 2.8418714E-02 2.9653490E-02 3.0915681E-02 3.2200370E-02 3.3501960E-02 3.4814291E-02 3.6130615E-02 3.7443802E-02 3.8746253E-02 4.0030196E-02 4.1287590E-02 4.2510435E-02 4.3690626E-02 4.4820361E-02 4.5891743E-02 4.6897192E-02 4.7828194E-02 4.8680197E-02 4.9449608E-02 5.0128810E-02 5.0712798E-02 5.1197045E-02 5.1578064E-02 5.1852673E-02 5.2018683E-02 5.2074295E-02 5.2018788E-02 5.1851906E-02 5.1574547E-02 5.1188085E-02 5.0694875E-02 5.0098099E-02 4.9403869E-02 4.8617020E-02 4.7743790E-02 4.6791166E-02 4.5769375E-02 4.4685822E-02
1.4196689E-02 1.4838605E-02 1.5519395E-02 1.6241027E-02 1.7005483E-02 1.7814619E-02 1.8670212E-02 1.9573830E-02 2.0526841E-02 2.1530263E-02 2.2584790E-02 2.3690611E-02 2.4847435E-02 2.6054319E-02 2.7309682E-02 2.8611174E-02 2.9955672E-02 3.1339213E-02 3.2757036E-02 3.4203503E-02 3.5672247E-02 3.7156083E-02 3.8647234E-02 4.0137284E-02 4.1617431E-02 4.3078426E-02 4.4510942E-02 4.5905411E-02 4.7252499E-02 4.8542831E-02 4.9767688E-02 5.0918739E-02 5.1989447E-02 5.2970193E-02 5.3851370E-02 5.4628897E-02 5.5297185E-02 5.5851489E-02 5.6287345E-02 5.6601383E-02 5.6790642E-02 5.6853309E-02 5.6788094E-02 5.6594923E-02 5.6274377E-02 5.5828467E-02 5.5260267E-02 5.4574121E-02 5.3773511E-02 5.2865453E-02 5.1857568E-02 5.0758667E-02 4.9575828E-02 4.8320509E-02
1.4325027E-02 1.5012075E-02 1.5742626E-02 1.6519114E-02 1.7343996E-02 1.8219642E-02 1.9148324E-02 2.0132154E-02 2.1172995E-02 2.2272397E-02 2.3431497E-02 2.4650902E-02 2.5930636E-02 2.7270012E-02 2.8667537E-02 3.0120842E-02 3.1626575E-02 3.3180423E-02 3.4777030E-02 3.6410019E-02 3.8072020E-02 3.9754763E-02 4.1449115E-02 4.3145258E-02 4.4832751E-02 4.6500791E-02 4.8138220E-02 4.9733881E-02 5.1276527E-02 5.2755307E-02 5.4159377E-02 5.5478327E-02 5.6700896E-02 5.7820372E-02 5.8831356E-02 5.9724011E-02 6.0491629E-02 6.1128128E-02 6.1628766E-02 6.1989158E-02 6.2206220E-02 6.2277354E-02 6.2201247E-02 6.1977278E-02 6.1606258E-02 6.1089750E-02 6.0430709E-02 5.9633296E-02 5.8705226E-02 5.7653308E-02 5.6486342E-02 5.5214349E-02 5.3851359E-02 5.2408546E-02
1.4428246E-02 1.5163246E-02 1.5946908E-02 1.6782196E-02 1.7672149E-02 1.8619733E-02 1.9627873E-02 2.0699320E-02 2.1836622E-02 2.3041945E-02 2.4317060E-02 2.5663117E-02 2.7080642E-02 2.8569262E-02 3.0127736E-02 3.1753700E-02 3.3443682E-02 3.5192944E-02 3.6995534E-02 3.8844168E-02 4.0730424E-02 4.2644616E-02 4.4576094E-02 4.6513256E-02 4.8443824E-02 5.0354872E-02 5.2233275E-02 5.4065622E-02 5.5838786E-02 5.7539649E-02 5.9155993E-02 6.0676143E-02 6.2090743E-02 6.3387074E-02 6.4552680E-02 6.5581523E-02 6.6466078E-02 6.7199871E-02 6.7776911E-02 6.8192527E-02 6.8442620E-02 6.8524435E-02 6.8435878E-02 6.8176366E-02 6.7746222E-02 6.7147546E-02 6.6383965E-02 6.5460928E-02 6.4383492E-02 6.3161030E-02 6.1804242E-02 6.0325690E-02 5.8736540E-02 5.7053249E-02
1.4499821E-02 1.5285670E-02 1.6125869E-02 1.7024048E-02 1.7983906E-02 1.9009177E-02 2.0103540E-02 2.1270592E-02 2.2513680E-02 2.3835836E-02 2.5239598E-02 2.6726911E-02 2.8298911E-02 2.9955817E-02 3.1696700E-02 3.3519384E-02 3.5420269E-02 3.7394308E-02 3.9434817E-02 4.1533604E-02 4.3680869E-02 4.5865417E-02 4.8074655E-02 5.0294925E-02 5.2511543E-02 5.4709241E-02 5.6872170E-02 5.8984499E-02 6.1030276E-02 6.2994130E-02 6.4860813E-02 6.6615880E-02 6.8244092E-02 6.9735706E-02 7.1082719E-02 7.2272398E-02 7.3295757E-02 7.4144669E-02 7.4812695E-02 7.5293936E-02 7.5583987E-02 7.5679064E-02 7.5576857E-02 7.5275935E-02 7.4776657E-02 7.4080430E-02 7.3190615E-02 7.2112352E-02 7.0855342E-02 6.9429018E-02 6.7845859E-02 6.6120431E-02 6.4272612E-02 6.2319607E-02
1.4531585E-02 1.5371145E-02 1.6271371E-02 1.7236600E-02 1.8271392E-02 1.9380327E-02 2.0568084E-02 2.1839222E-02 2.3198178E-02 2.4649004E-02 2.6195340E-02 2.7840082E-02 2.9585324E-02 3.1432007E-02 3.3379827E-02 3.5426892E-02 3.7569698E-02 3.9802786E-02 4.2118885E-02 4.4508629E-02 4.6960805E-02 4.9462251E-02 5.1998217E-02 5.4552369E-02 5.7107322E-02 5.9644587E-02 6.2145334E-02 6.4590290E-02 6.6960566E-02 6.9237411E-02 7.1403310E-02 7.3441692E-02 7.5338982E-02 7.7078141E-02 7.8642786E-02 8.0024227E-02 8.1212394E-02 8.2198642E-02 8.2975008E-02 8.3535135E-02 8.3873376E-02 8.3985552E-02 8.3868273E-02 8.3519824E-02 8.2939647E-02 8.2129449E-02 8.1092954E-02 7.9836540E-02 7.8367025E-02 7.6696947E-02 7.4841321E-02 7.2818413E-02 7.0645884E-02 6.8348281E-02
