T2-onemodel/GL13.grd
DSAA
         100         100
  -20.00000       20.00000    
  -20.00000       20.00000    
  -2.603731       116.9469    
[rows 27 to 53 of 100, columns 0 to 60 of 100]
1.247182 1.334266 1.428372 1.530117 1.640163 1.759209 1.887995 2.027292 2.177886 2.340570 2.516120 2.705273 2.908694 3.126943 3.360435 3.609402 3.873842 4.153495 4.447797 4.755865 5.076472 5.408062 5.748740 6.096321 6.448337 6.802108 7.154777 7.503384 7.844911 8.176375 8.494854 8.797599 9.082036 9.345985 9.587251 9.803584 9.993621 10.15607 10.28979 10.39379 10.46724 10.50941 10.51967 10.49747 10.44241 10.35426 10.23294 10.07849 9.891607 9.673367 9.425426 9.150007 8.850034 8.528783 8.190169 7.839080 7.479736 7.116387 6.753117 6.393593 6.040972
1.223360 1.315815 1.416018 1.524693 1.642624 1.770652 1.909672 2.060631 2.224514 2.402323 2.595070 2.803729 3.029215 3.272333 3.533732 3.813847 4.112847 4.430583 4.766540 5.119795 5.489008 5.872398 6.267769 6.672517 7.083700 7.498054 7.912102 8.322192 8.724615 9.115655 9.491716 9.849339 10.18533 10.49663 10.78079 11.03609 11.26045 11.45228 11.61031 11.73348 11.82087 11.87166 11.88510 11.86051 11.79724 11.69475 11.55276 11.37145 11.15120 10.89302 10.59868 10.27086 9.913056 9.529895 9.126575 8.708065 8.280358 7.849210 7.419828 6.996809 6.583986
1.189839 1.287832 1.394350 1.510236 1.636416 1.773888 1.923735 2.087110 2.265231 2.459366 2.670806 2.900834 3.150681 3.421480 3.714192 4.029546 4.367958 4.729468 5.113667 5.519648 5.945965 6.390625 6.851082 7.324273 7.806658 8.294291 8.782901 9.267982 9.744897 10.20901 10.65579 11.08094 11.48050 11.85111 12.18960 12.49289 12.75915 12.98676 13.17439 13.32093 13.42545 13.48705 13.50488 13.47808 13.40578 13.28723 13.12176 12.90883 12.64868 12.34223 11.99135 11.59906 11.16975 10.70878 10.22277 9.719797 9.207255 8.692405 8.181961 7.681692 7.196258
1.144686 1.248351 1.361365 1.484704 1.619452 1.766790 1.928011 2.104513 2.297794 2.509431 2.741067 2.994363 3.270961 3.572410 3.900100 4.255156 4.638360 5.050045 5.490010 5.957428 6.450817 6.967972 7.506004 8.061321 8.629709 9.206380 9.786098 10.36325 10.93204 11.48656 12.02106 12.52999 13.00826 13.45114 13.85492 14.21701 14.53474 14.80620 15.03005 15.20524 15.33087 15.40608 15.42991 15.40129 15.31901 15.18174 14.98830 14.73792 14.43009 14.06526 13.64516 13.17322 12.65471 12.09713 11.50947 10.90098 10.28222 9.663190 9.052651 8.457883 7.884512
1.085598 1.195031 1.314675 1.445658 1.589236 1.746798 1.919873 2.110145 2.319430 2.549685 2.802968 3.081412 3.387164 3.722320 4.088819 4.488341 4.922175 5.391105 5.895266 6.434053 7.006024 7.608863 8.239328 8.893304 9.565805 10.25109 10.94271 11.63372 12.31675 12.98427 13.62878 14.24309 14.82055 15.35556 15.84314 16.27893 16.66049 16.98605 17.25445 17.46486 17.61662 17.70899 17.74100 17.71139 17.61857 17.46071 17.23577 16.94165 16.57705 16.14158 15.63657 15.06553 14.43494 13.75395 13.03449 12.29118 11.53798 10.78811 10.05310 9.342128 8.661880
1.009967 1.125210 1.251566 1.390318 1.542915 1.710970 1.896285 2.100857 2.326883 2.576744 2.853007 3.158362 3.495593 3.867469 4.276654 4.725550 5.216163 5.749913 6.327494 6.948693 7.612305 8.316007 9.056344 9.828693 10.62731 11.44537 12.27508 13.10778 13.93416 14.74445 15.52878 16.27740 16.98131 17.63229 18.22398 18.75228 19.21376 19.60662 19.93009 20.18398 20.36812 20.48216 20.52526 20.49596 20.39218 20.21111 19.94960 19.60449 19.17261 18.65195 18.04252 17.34763 16.57479 15.73664 14.85013 13.93397 13.00864 12.09288 11.20198 10.34742 9.536922
0.9147930 1.035841 1.168920 1.315490 1.477199 1.655912 1.853723 2.072983 2.316308 2.586581 2.886941 3.220755 3.591557 4.002961 4.458533 4.961627 5.515189 6.121562 6.782251 7.497732 8.267283 9.088862 9.958996 10.87276 11.82375 12.80411 13.80457 14.81456 15.82232 16.81517 17.77982 18.70293 19.57173 20.37522 21.10424 21.75175 22.31467 22.79195 23.18394 23.49162 23.71594 23.85732 23.91531 23.88842 23.77404 23.56844 23.26682 22.86341 22.35265 21.72972 20.99211 20.14159 19.18653 18.14291 17.03451 15.89130 14.74256 13.61428 12.52682 11.49419 10.52472
0.7968478 0.9236251 1.063370 1.217711 1.388521 1.577918 1.788324 2.022468 2.283432 2.574647 2.899919 3.263376 3.669448 4.122750 4.627964 5.189630 5.811935 6.498446 7.251849 8.073671 8.964091 9.921727 10.94352 12.02464 13.15839 14.33618 15.54748 16.77976 18.01856 19.24751 20.44871 21.60317 22.69200 23.69753 24.60592 25.40903 26.10270 26.68704 27.16471 27.53913 27.81327 27.98905 28.06685 28.04535 27.92137 27.68973 27.34354 26.87440 26.27253 25.52822 24.63387 23.58737 22.39621 21.08196 19.68048 18.23538 16.79218 15.38883 14.05209 12.79815 11.63479
0.6527340 0.7851038 0.9313625 1.093333 1.273101 1.473068 1.695974 1.944969 2.223622 2.535974 2.886541 3.280327 3.722760 4.219636 4.776936 5.400660 6.096527 6.869705 7.724462 8.663867 9.689502 10.80125 11.99711 13.27303 14.62281 16.03793 17.50733 19.01723 20.55073 22.08764 23.60419 25.07336 26.46586 27.75324 28.91161 29.92538 30.79105 31.51276 32.09819 32.55544 32.89122 33.11006 33.21394 33.20206 33.07088 32.81392 32.42150 31.88070 31.17611 30.29038 29.20673 27.91369 26.41364 24.73250 22.92480 21.06579 19.22752 17.46458 15.81061 14.28183 12.88272
0.4793893 0.6171356 0.7696827 0.9390231 1.127479 1.337716 1.572827 1.836366 2.132431 2.465681 2.841418 3.265554 3.744646 4.285767 4.896411 5.584240 6.356828 7.221284 8.183923 9.249846 10.42270 11.70432 13.09465 14.59146 16.19029 17.88412 19.66316 21.51420 23.42001 25.35813 27.29960 29.20734 31.03561 32.73206 34.24843 35.55717 36.65485 37.55500 38.27646 38.83639 39.24810 39.52049 39.65817 39.66156 39.52691 39.24606 38.80632 38.19000 37.37366 36.32841 35.02158 33.42217 31.51468 29.32500 26.94302 24.50121 22.12283 19.88657 17.82916 15.96076 14.27694
0.2749322 0.4177712 0.5762754 0.7526227 0.9493424 1.169380 1.416158 1.693655 2.006472 2.359922 2.760074 3.213818 3.728853 4.313648 4.977302 5.729336 6.579381 7.536829 8.610394 9.807742 11.13514 12.59719 14.19669 15.93448 17.80937 19.81797 21.95441 24.20977 26.57104 29.01940 31.52699 34.05188 36.52927 38.86364 40.94147 42.68839 44.10780 45.24215 46.13544 46.82219 47.32683 47.66521 47.84614 47.87212 47.73985 47.43998 46.95652 46.26539 45.33379 44.11755 42.55988 40.59270 38.15257 35.23525 31.98944 28.69210 25.56442 22.70555 20.13935 17.85571 15.83186
4.1105747E-02 0.1886896 0.3527210 0.5355988 0.7400068 0.9692037 1.226863 1.517436 1.845942 2.218390 2.641535 3.123294 3.672426 4.298892 5.013328 5.827298 6.752488 7.800869 8.983685 10.31163 11.79389 13.43860 15.25194 17.23908 19.40323 21.74692 24.27070 26.97460 29.85585 32.90984 36.12470 39.47736 42.91059 46.28593 49.31090 51.74359 53.61804 55.06018 56.16986 57.01200 57.62963 58.04836 58.28391 58.34135 58.21935 57.90673 57.38551 56.62526 55.58381 54.19798 52.38180 50.00863 46.91471 42.95599 38.36215 33.78239 29.62140 25.95761 22.76186 19.97932 17.55541
-0.2111384 -5.9184875E-02 0.1098119 0.2986903 0.5100197 0.7475994 1.015080 1.317600 1.660296 2.050093 2.494082 3.001444 3.581618 4.246293 5.007240 5.878343 6.872949 8.005983 9.290839 10.74176 12.37052 14.18945 16.20788 18.43620 20.88192 23.55483 26.46238 29.61625 33.02629 36.70950 40.68017 44.96065 49.54816 54.35006 58.84047 62.32063 64.82727 66.67074 68.04951 69.08128 69.83443 70.35059 70.65347 70.75372 70.65179 70.33732 69.78979 68.97360 67.83782 66.30309 64.25470 61.50550 57.76600 52.61193 46.19345 39.84175 34.33847 29.67467 25.72443 22.35505 19.46954
-0.4587469 -0.3030203 -0.1295329 6.4535521E-02 0.2820747 0.5269123 0.8031448 1.116006 1.471253 1.876051 2.338379 2.867869 3.475228 4.172928 4.974547 5.895176 6.950592 8.157397 9.532095 11.09098 12.84961 14.82263 17.02391 19.46656 22.16384 25.12917 28.37810 31.92804 35.80150 40.02566 44.63647 49.67505 55.17627 61.08541 66.93082 71.68653 75.02394 77.38168 79.09142 80.35418 81.26762 81.90221 82.28568 82.44327 82.37151 82.06909 81.50684 80.65553 79.44869 77.80692 75.58581 72.58109 68.42915 62.60619 54.90240 46.76223 39.70639 33.87431 29.04938 25.00720 21.59763
-0.6829256 -0.5240563 -0.3466471 -0.1482578 7.4637495E-02 0.3255143 0.6091931 0.9306213 1.296420 1.713574 2.191123 2.738706 3.368377 4.092916 4.927640 5.888341 6.993063 8.259545 9.707096 11.35356 13.21771 15.31598 17.66574 20.28197 23.18164 26.38009 29.89681 33.75091 37.96874 42.57737 47.61383 53.11088 59.09705 65.52469 72.12486 78.03990 82.40466 85.40752 87.53248 89.06951 90.17848 90.95003 91.43472 91.66088 91.63670 91.35833 90.80358 89.93654 88.69522 86.99184 84.68531 81.56927 77.31027 71.44649 63.54495 54.29990 45.69128 38.57519 32.75965 27.96593 23.96526
-0.8775797 -0.7159787 -0.5355425 -0.3334799 -0.1064582 0.1494276 0.4388137 0.7671766 1.140988 1.567894 2.056844 2.618366 3.264514 4.009257 4.868108 5.858462 6.998813 8.309039 9.809131 11.51960 13.45992 15.64955 18.10621 20.84790 23.89103 27.25358 30.95273 35.00913 39.44328 44.28095 49.54614 55.26558 61.44998 68.07832 75.00073 81.71233 87.18989 91.01340 93.65723 95.52910 96.87218 97.80617 98.41246 98.72272 98.76217 98.52237 97.99414 97.13453 95.89456 94.17839 91.86742 88.76209 84.59957 78.98194 71.48434 62.06570 52.24699 43.77693 36.87245 31.23909 26.58400
-1.042418 -0.8786992 -0.6959950 -0.4911541 -0.2610886 -1.5103973E-03 0.2919860 0.6252995 1.004704 1.438326 1.934970 2.505691 3.162535 3.920099 4.794050 5.802620 6.964719 8.301328 9.833197 11.58215 13.56865 15.81338 18.33488 21.15176 24.28051 27.73838 31.54111 35.70632 40.25056 45.19302 50.55040 56.33989 62.56729 69.22147 76.22540 83.32591 89.75774 94.58668 97.88441 100.1790 101.7986 102.9321 103.6776 104.0953 104.2101 104.0314 103.5450 102.7225 101.5102 99.83170 97.57153 94.57000 90.60071 85.35854 78.45744 69.56467 59.24969 49.50016 41.41953 34.84853 29.47253
-1.179380 -1.014353 -0.8299708 -0.6234511 -0.3912707 -0.1295416 0.1666189 0.5026743 0.8854092 1.322478 1.823251 2.398256 3.060174 3.823049 4.703330 5.718687 6.889061 8.234982 9.778562 11.54126 13.54520 15.81053 18.35740 21.20314 24.36527 27.85833 31.69795 35.89684 40.47001 45.42899 50.78824 56.55582 62.74053 69.33321 76.30135 83.50861 90.53680 96.41020 100.5506 103.3759 105.3393 106.7094 107.6231 108.1668 108.3760 108.2730 107.8472 107.0818 105.9258 104.3185 102.1545 99.30722 95.58272 90.74504 84.45820 76.36629 66.35656 55.73857 46.42412 38.82328 32.63840
-1.291073 -1.125333 -0.9401150 -0.7327737 -0.4996659 -0.2370481 6.0058083E-02 0.3969599 0.7804953 1.218141 1.719248 2.294151 2.955415 3.716883 4.594825 5.606777 6.772489 8.112551 9.649004 11.40365 13.39862 15.65459 18.19147 21.02695 24.17749 27.65729 31.47956 35.65574 40.19674 45.11214 50.41106 56.10060 62.18560 68.66359 75.51800 82.68404 89.94885 96.65113 101.8004 105.3062 107.7058 109.3593 110.4782 111.1672 111.4936 111.4801 111.1372 110.4438 109.3705 107.8553 105.8218 103.1518 99.69994 95.25997 89.57290 82.29239 73.09803 62.34686 51.92822 43.20528 36.11331
-1.379993 -1.214041 -1.028898 -0.8215000 -0.5887099 -0.3263545 -3.0042034E-02 0.3059565 0.6878145 1.123384 1.621226 2.191989 2.847317 3.601291 4.469114 5.468556 6.618253 7.939154 9.452252 11.18002 13.14366 15.36482 17.86244 20.65513 23.75793 27.18555 30.94883 35.05907 39.52372 44.35193 49.54856 55.12133 61.07177 67.40398 74.10600 81.15053 88.42503 95.58395 101.7191 106.1017 109.0531 111.0637 112.4247 113.2902 113.7502 113.8454 113.5962 112.9937 112.0163 110.6145 108.7256 106.2511 103.0720 99.01622 93.87385 87.34766 79.09930 68.93584 57.90860 48.02538 39.93094
-1.448044 -1.282635 -1.098179 -0.8917392 -0.6601626 -0.3994708 -0.1052780 0.2278616 0.6060656 1.036777 1.528433 2.091088 2.736154 3.476936 4.328298 5.307065 6.431570 7.721753 9.198513 10.88342 12.79801 14.96315 17.39849 20.12180 23.14895 26.49323 30.16618 34.17678 38.53305 43.24081 48.30593 53.73213 59.52376 65.68133 72.20386 79.07572 86.24547 93.53523 100.3821 105.7734 109.4409 111.9053 113.5596 114.6374 115.2513 115.4758 115.3336 114.8378 113.9663 112.6926 110.9548 108.6844 105.7696 102.0834 97.43558 91.59566 84.23765 75.03815 64.15947 53.32364 44.13303
-1.496781 -1.332593 -1.149449 -0.9448786 -0.7154212 -0.4576372 -0.1668679 0.1617049 0.5343866 0.9578586 1.440632 1.991842 2.622807 3.345704 4.175156 5.126705 6.218361 7.468752 8.898578 10.52828 12.37952 14.47237 16.82701 19.46066 22.38984 25.62725 29.18491 33.07082 37.29307 41.85619 46.76592 52.02464 57.63731 63.60464 69.92910 76.60099 83.59952 90.83199 98.01299 104.3188 108.8964 111.9382 113.9651 115.2910 116.0902 116.4559 116.4374 116.0542 115.3023 114.1590 112.5817 110.5092 107.8550 104.5069 100.3127 95.07679 88.52669 80.33114 70.23801 59.03367 48.74779
-1.527278 -1.364739 -1.183723 -0.9816283 -0.7553647 -0.5013685 -0.2154521 0.1072800 0.4725215 0.8869427 1.358257 1.895456 2.508843 3.210300 4.013165 4.932594 5.985116 7.188996 8.563451 10.12885 11.90555 13.91409 16.17363 18.70244 21.51616 24.62888 28.05143 31.79340 35.86105 40.26056 44.99512 50.06929 55.48466 61.24536 67.35136 73.80437 80.58978 87.66900 94.89272 101.7887 107.3582 111.1540 113.6523 115.2821 116.2984 116.8265 116.9469 116.6859 116.0604 115.0511 113.6353 111.7558 109.3510 106.3180 102.5412 97.84270 92.01137 84.73539 75.68926 64.87567 53.79763
-1.539859 -1.379471 -1.201203 -1.002288 -0.7800426 -0.5307842 -0.2508139 6.4780034E-02 0.4211160 0.8247521 1.282652 1.803533 2.396750 3.073702 3.846600 4.729883 5.738829 6.890920 8.204154 9.698236 11.39263 13.30759 15.46189 17.87396 20.55953 23.53312 26.80588 30.38764 34.28499 38.50394 43.04796 47.92104 53.12539 58.66498 64.54118 70.75610 77.30481 84.17024 91.27844 98.39278 104.7854 109.5133 112.6152 114.6302 115.8985 116.6163 116.8824 116.7563 116.2571 115.3881 114.1268 112.4388 110.2646 107.5287 104.1236 99.91360 94.70924 88.26071 80.24058 70.35992 59.15288
-1.534242 -1.376644 -1.201521 -1.006580 -0.7889056 -0.5453960 -0.2721584 3.5037700E-02 0.3813975 0.7726302 1.215702 1.718245 2.289458 2.939400 3.679966 4.524018 5.486383 6.582809 7.830917 9.248695 10.85556 12.67031 14.71228 16.99886 19.54696 22.37033 25.48176 28.89020 32.60406 36.62800 40.96741 45.62431 50.60313 55.90488 61.53496 67.49406 73.78568 80.39853 87.30456 94.37948 101.2319 106.9092 110.7973 113.2970 114.8756 115.8102 116.2423 116.2574 115.8899 115.1588 114.0502 112.5437 110.5884 108.1272 105.0656 101.2942 96.64838 90.92869 83.83896 75.05337 64.45319
-1.509765 -1.355323 -1.183900 -0.9934200 -0.7810306 -0.5439035 -0.2782887 1.9676359E-02 0.3549427 0.7327426 1.159597 1.642527 2.190073 2.811483 3.517760 4.320780 5.234265 6.272874 7.453025 8.791744 10.30734 12.01807 13.94249 16.09805 18.50137 21.16685 24.10719 27.33241 30.85064 34.66780 38.78849 43.21618 47.95399 53.00523 58.37316 64.06119 70.07267 76.40714 83.05124 89.94857 96.90311 103.2870 108.1068 111.2305 113.1983 114.3812 114.9989 115.1587 114.9289 114.3303 113.3729 112.0349 110.2888 108.0764 105.3318 101.9512 97.81091 92.72813 86.47266 78.72265 69.16936
-1.465135 -1.314110 -1.146938 -0.9612748 -0.7548396 -0.5245671 -0.2673811 2.0745145E-02 0.3439722 0.7075847 1.117136 1.579567 2.102233 2.694132 3.364827 4.125764 4.989012 5.968666 7.079355 8.337586 9.759960 11.36450 13.16837 15.18933 17.44307 19.94489 22.70692 25.74049 29.05320 32.65234 36.54176 40.72624 45.20771 49.99070 55.07738 60.47449 66.18412 72.21258 78.55337 85.18752 92.01443 98.71323 104.4041 108.3290 110.7837 112.2727 113.0962 113.4147 113.3198 112.8545 112.0381 110.8627 109.3081 107.3305 104.8741 101.8529 98.16255 93.65141 88.12840 81.31644 72.89101
