T2-onemodel/GL13.grd
DSAA
         100         100
  -20.00000       20.00000    
  -20.00000       20.00000    
  -2.603731       116.9469    
[rows 0 to 26 of 100, columns 0 to 60 of 100]
0.9677177 0.9825740 0.9977862 1.013345 1.029241 1.045460 1.061989 1.078808 1.095898 1.113236 1.130795 1.148547 1.166461 1.184501 1.202631 1.220811 1.238997 1.257145 1.275206 1.293130 1.310865 1.328357 1.345550 1.362387 1.378812 1.394766 1.410192 1.425030 1.439227 1.452722 1.465467 1.477400 1.488468 1.498570 1.507697 1.515930 1.523161 1.529344 1.534445 1.538445 1.541326 1.543078 1.543691 1.543163 1.541492 1.538660 1.534690 1.529685 1.523626 1.516532 1.508429 1.499364 1.489370 1.478559 1.466991 1.454538 1.441324 1.427436 1.412931 1.397865 1.382296
0.9799558 0.9957798 1.012002 1.028615 1.045607 1.062966 1.080677 1.098721 1.117077 1.135722 1.154626 1.173761 1.193091 1.212580 1.232187 1.251870 1.271579 1.291267 1.310879 1.330362 1.349656 1.368703 1.387440 1.405803 1.423730 1.441155 1.458013 1.474241 1.489773 1.504548 1.518505 1.531591 1.543755 1.555002 1.565245 1.574316 1.582248 1.589021 1.594610 1.598986 1.602133 1.604035 1.604687 1.604086 1.602246 1.599202 1.594962 1.589465 1.582783 1.574957 1.566034 1.556047 1.545053 1.533032 1.520030 1.506285 1.491786 1.476560 1.460672 1.444184 1.427161
0.9926068 1.009468 1.026776 1.044522 1.062696 1.081286 1.100276 1.119648 1.139379 1.159444 1.179815 1.200457 1.221336 1.242411 1.263638 1.284969 1.306354 1.327737 1.349061 1.370264 1.391282 1.412048 1.432495 1.452551 1.472145 1.491203 1.509656 1.527427 1.544448 1.560646 1.575955 1.590302 1.603618 1.615787 1.626790 1.636705 1.645410 1.652847 1.658977 1.663775 1.667215 1.669286 1.669975 1.669281 1.667202 1.663722 1.658868 1.652752 1.645360 1.636721 1.626868 1.615862 1.603744 1.590645 1.576638 1.561600 1.545671 1.528956 1.511527 1.493456 1.474817
1.005662 1.023637 1.042111 1.061077 1.080526 1.100446 1.120821 1.141632 1.162857 1.184469 1.206437 1.228727 1.251300 1.274113 1.297117 1.320262 1.343490 1.366743 1.389956 1.413061 1.435987 1.458660 1.481003 1.502939 1.524385 1.545263 1.565489 1.584983 1.603663 1.621452 1.638270 1.654051 1.668728 1.682296 1.694650 1.705603 1.715181 1.723357 1.730095 1.735360 1.739130 1.741385 1.742118 1.741326 1.739025 1.735254 1.730025 1.723280 1.715099 1.705537 1.694650 1.682483 1.669108 1.654515 1.638764 1.622122 1.604589 1.586208 1.567060 1.547225 1.526785
1.019128 1.038296 1.058024 1.078304 1.099129 1.120486 1.142361 1.164734 1.187583 1.210880 1.234593 1.258683 1.283112 1.307830 1.332789 1.357929 1.383191 1.408507 1.433809 1.459019 1.484061 1.508849 1.533301 1.557327 1.580838 1.603742 1.625950 1.647365 1.667902 1.687466 1.705975 1.723334 1.739460 1.754215 1.767566 1.779586 1.790135 1.799142 1.806558 1.812349 1.816485 1.818947 1.819722 1.818808 1.816204 1.811896 1.805918 1.798392 1.789312 1.778717 1.766654 1.753197 1.738403 1.722425 1.705353 1.687072 1.667748 1.647505 1.626434 1.604628 1.582179
1.032983 1.053433 1.074508 1.096204 1.118514 1.141426 1.164927 1.188997 1.213613 1.238747 1.264364 1.290427 1.316889 1.343702 1.370809 1.398149 1.425655 1.453254 1.480868 1.508414 1.535803 1.562946 1.589744 1.616101 1.641914 1.667083 1.691503 1.715071 1.737682 1.759240 1.779641 1.798800 1.816629 1.833108 1.848114 1.861432 1.873079 1.883015 1.891196 1.897574 1.902122 1.904813 1.905637 1.904593 1.901695 1.896990 1.890498 1.882161 1.872075 1.860306 1.846927 1.831999 1.815612 1.797771 1.778556 1.758267 1.736923 1.714589 1.691364 1.667354 1.642660
1.047226 1.069051 1.091575 1.114796 1.138709 1.163304 1.188568 1.214482 1.241022 1.268160 1.295860 1.324081 1.352776 1.381891 1.411367 1.441134 1.471121 1.501247 1.531427 1.561566 1.591568 1.621331 1.650747 1.679705 1.708094 1.735795 1.762694 1.788672 1.813615 1.837405 1.859935 1.881086 1.900750 1.918764 1.935078 1.949754 1.962628 1.973615 1.982651 1.989693 1.994699 1.997648 1.998521 1.997315 1.994031 1.988657 1.981238 1.971908 1.960672 1.947583 1.932704 1.916130 1.897939 1.878309 1.857358 1.834980 1.811372 1.786688 1.761046 1.734563 1.707356
1.061827 1.085128 1.109210 1.134076 1.159721 1.186138 1.213314 1.241233 1.269870 1.299197 1.329176 1.359765 1.390914 1.422565 1.454652 1.487103 1.519837 1.552766 1.585794 1.618821 1.651734 1.684422 1.716762 1.748633 1.779904 1.810446 1.840126 1.868814 1.896375 1.922682 1.947605 1.971031 1.992846 2.013008 2.031369 2.047683 2.061951 2.074118 2.084123 2.091909 2.097435 2.100669 2.101597 2.100216 2.096544 2.090634 2.082513 2.072131 2.059600 2.045005 2.028438 2.009982 1.989752 1.967777 1.944160 1.919245 1.893076 1.865744 1.837381 1.808121 1.778095
1.076769 1.101653 1.127413 1.154051 1.181568 1.209958 1.239211 1.269311 1.300235 1.331953 1.364429 1.397617 1.431466 1.465911 1.500884 1.536304 1.572085 1.608128 1.644328 1.680570 1.716735 1.752691 1.788307 1.823440 1.857947 1.891680 1.924490 1.956224 1.986738 2.015878 2.043504 2.069466 2.093625 2.115781 2.135865 2.153919 2.169754 2.183260 2.194357 2.202986 2.209094 2.212652 2.213635 2.212040 2.207869 2.201116 2.191833 2.180176 2.166162 2.149863 2.131367 2.110792 2.088245 2.063943 2.038035 2.010435 1.981380 1.951060 1.919630 1.887242 1.854047
1.092005 1.118590 1.146153 1.174703 1.204243 1.234771 1.266279 1.298754 1.332173 1.366508 1.401721 1.437766 1.474586 1.512117 1.550281 1.588994 1.628157 1.667666 1.707400 1.747236 1.787035 1.826655 1.865943 1.904742 1.942888 1.980214 2.016549 2.051726 2.085569 2.117915 2.148594 2.177459 2.204359 2.229224 2.251871 2.272013 2.289633 2.304652 2.316989 2.326569 2.333340 2.337259 2.338306 2.336475 2.331789 2.324309 2.314073 2.301041 2.285346 2.267097 2.246415 2.223410 2.198234 2.170943 2.141679 2.110841 2.078506 2.044804 2.009907 1.973991 1.937225
1.107504 1.135913 1.165416 1.196028 1.227755 1.260600 1.294559 1.329620 1.365764 1.402963 1.441180 1.480367 1.520465 1.561405 1.603105 1.645472 1.688399 1.731769 1.775452 1.819306 1.863180 1.906911 1.950329 1.993254 2.035502 2.076881 2.117202 2.156265 2.193881 2.229852 2.263995 2.296117 2.326036 2.353510 2.378433 2.400827 2.420465 2.437207 2.450950 2.461614 2.469131 2.473460 2.474571 2.472457 2.467122 2.458567 2.446857 2.432169 2.414543 2.394077 2.370886 2.345129 2.316949 2.286610 2.254308 2.219987 2.183937 2.146401 2.107578 2.067671 2.026873
1.123196 1.153562 1.185153 1.217987 1.252079 1.287437 1.324059 1.361939 1.401061 1.441399 1.482915 1.525562 1.569279 1.613993 1.659615 1.706044 1.753165 1.800848 1.848947 1.897307 1.945756 1.994112 2.042181 2.089761 2.136642 2.182608 2.227437 2.270910 2.312801 2.352894 2.390969 2.426827 2.460275 2.491199 2.519372 2.544454 2.566400 2.585100 2.600446 2.612341 2.620712 2.625503 2.626687 2.624257 2.618236 2.608696 2.595689 2.579191 2.559364 2.536348 2.510301 2.481376 2.449768 2.415578 2.378999 2.340501 2.300212 2.258314 2.215034 2.170602 2.125242
1.139021 1.171486 1.205321 1.240553 1.277203 1.315284 1.354803 1.395757 1.438135 1.481913 1.527058 1.573519 1.621236 1.670131 1.720110 1.771064 1.822866 1.875372 1.928424 1.981844 2.035442 2.089010 2.142333 2.195177 2.247306 2.298469 2.348420 2.396898 2.443655 2.488432 2.530988 2.571070 2.608443 2.642802 2.673998 2.702020 2.726590 2.747531 2.764705 2.778008 2.787348 2.792668 2.793928 2.791119 2.784246 2.773318 2.758417 2.739750 2.717384 2.691451 2.662112 2.629573 2.594031 2.555815 2.515183 2.472127 2.427007 2.380137 2.331783 2.282208 2.231672
1.154879 1.189595 1.225843 1.263661 1.303076 1.344111 1.386780 1.431088 1.477028 1.524582 1.573718 1.624390 1.676533 1.730067 1.784894 1.840894 1.897930 1.955844 2.014457 2.073575 2.132979 2.192439 2.251705 2.310518 2.368602 2.425676 2.481450 2.535635 2.587935 2.638064 2.685734 2.730678 2.772638 2.811446 2.846813 2.878335 2.905921 2.929423 2.948695 2.963605 2.974058 2.979979 2.981328 2.978093 2.970301 2.958037 2.941370 2.920298 2.895020 2.865720 2.832608 2.795893 2.755835 2.712595 2.666438 2.617931 2.567270 2.514714 2.460568 2.405135 2.348711
1.170671 1.207799 1.246642 1.287246 1.329652 1.373890 1.419987 1.467954 1.517793 1.569493 1.623026 1.678347 1.735395 1.794085 1.854313 1.915952 1.978852 2.042838 2.107713 2.173256 2.239226 2.305357 2.371370 2.436963 2.501827 2.565634 2.628057 2.688755 2.747397 2.803643 2.857171 2.907648 2.954762 2.998133 3.037545 3.072941 3.103978 3.130425 3.152102 3.168864 3.180591 3.187204 3.188646 3.184904 3.175985 3.161908 3.142775 3.118833 3.090182 3.057008 3.019528 2.978016 2.932744 2.884132 2.832526 2.777985 2.720973 2.661899 2.601122 2.538994 2.475858
1.186256 1.225967 1.267597 1.311205 1.356843 1.404557 1.454382 1.506343 1.560452 1.616707 1.675086 1.735550 1.798037 1.862464 1.928720 1.996670 2.066150 2.136969 2.208907 2.281717 2.355125 2.428834 2.502519 2.575842 2.648440 2.719946 2.789973 2.858137 2.924046 2.987319 3.047570 3.104444 3.157593 3.206774 3.251613 3.291617 3.326640 3.356476 3.380928 3.399819 3.413018 3.420425 3.421981 3.417665 3.407509 3.391612 3.370066 3.342897 3.310356 3.272685 3.230165 3.183082 3.131788 3.076535 3.017686 2.955943 2.891602 2.825028 2.756637 2.686836 2.616024
1.201481 1.243957 1.288580 1.335422 1.384554 1.436035 1.489917 1.546239 1.605027 1.666288 1.730013 1.796168 1.864697 1.935514 2.008509 2.083534 2.160413 2.238936 2.318860 2.399905 2.481764 2.564096 2.646536 2.728687 2.810142 2.890466 2.969223 3.045959 3.120229 3.191579 3.259578 3.323781 3.383775 3.439071 3.489366 3.534534 3.574148 3.607903 3.635556 3.656913 3.671813 3.680141 3.681822 3.676827 3.665170 3.646877 3.622080 3.591070 3.554000 3.511123 3.462737 3.409212 3.350924 3.288419 3.222172 3.152347 3.079548 3.004323 2.927162 2.848544 2.768930
1.216141 1.261573 1.309405 1.359730 1.412636 1.468201 1.526496 1.587579 1.651492 1.718261 1.787886 1.860346 1.935591 2.013539 2.094075 2.177046 2.262261 2.349490 2.438462 2.528865 2.620348 2.712526 2.804976 2.897249 2.988866 3.079332 3.168133 3.254753 3.338661 3.419346 3.496290 3.569010 3.637038 3.700021 3.757475 3.808785 3.853729 3.892019 3.923391 3.947606 3.964483 3.973880 3.975716 3.969954 3.956626 3.935847 3.907737 3.872361 3.830037 3.781086 3.725886 3.664835 3.598414 3.527004 3.451116 3.371638 3.289017 3.203773 3.116478 3.027693 2.937955
1.230010 1.278599 1.329872 1.383942 1.440921 1.500911 1.564007 1.630287 1.699819 1.772645 1.848787 1.928238 2.010957 2.096870 2.185861 2.277771 2.372397 2.469484 2.568734 2.669794 2.772270 2.875718 2.979656 3.083560 3.186883 3.289042 3.389448 3.487488 3.582559 3.674046 3.761363 3.843915 3.921140 3.992408 4.057291 4.115568 4.166693 4.210264 4.245956 4.273503 4.292681 4.303336 4.305353 4.298688 4.283349 4.259374 4.226927 4.186358 4.137886 4.081855 4.018678 3.948859 3.872926 3.791604 3.705554 3.615101 3.521059 3.424174 3.325128 3.224579 3.123158
1.242792 1.294750 1.349705 1.407799 1.469171 1.533952 1.602264 1.674217 1.749905 1.829398 1.912741 1.999947 2.090992 2.185813 2.284297 2.386282 2.491549 2.599826 2.710776 2.824009 2.939072 3.055461 3.172617 3.289938 3.406781 3.522476 3.636325 3.747620 3.855646 3.959700 4.059074 4.153113 4.241175 4.322757 4.397223 4.463797 4.522142 4.571867 4.612609 4.644045 4.665927 4.678055 4.680305 4.672618 4.655017 4.627633 4.590618 4.544084 4.488434 4.424098 4.351587 4.271461 4.184384 4.090932 3.991835 3.888246 3.780841 3.670376 3.557651 3.443446 3.328502
1.254160 1.309705 1.368597 1.431009 1.497113 1.567075 1.641055 1.719196 1.801629 1.888457 1.979759 2.075572 2.175901 2.280696 2.389853 2.503210 2.620539 2.741541 2.865848 2.993018 3.122539 3.253830 3.386248 3.519091 3.651612 3.783022 3.912510 4.039236 4.162370 4.281070 4.394526 4.501931 4.602520 4.695458 4.780149 4.856238 4.923017 4.979953 5.026606 5.062613 5.087668 5.101547 5.104088 5.095211 5.074908 5.043225 5.000356 4.946724 4.882633 4.808550 4.725043 4.632810 4.532602 4.425405 4.312158 4.193438 4.070367 3.943997 3.815288 3.685169 3.554514
1.263690 1.323048 1.386140 1.453178 1.524373 1.599934 1.680063 1.764950 1.854769 1.949668 2.049764 2.155139 2.265824 2.381797 2.502969 2.629185 2.760208 2.895717 3.035306 3.178480 3.324655 3.473165 3.623260 3.774129 3.924892 4.074625 4.222366 4.367136 4.507941 4.643805 4.773757 4.896883 5.012301 5.119295 5.217015 5.304467 5.381164 5.446566 5.500178 5.541565 5.570380 5.586343 5.589267 5.579047 5.555685 5.519315 5.470117 5.408260 5.334250 5.248661 5.152191 5.045624 4.929901 4.805892 4.674658 4.537750 4.396198 4.251113 4.103650 3.954913 3.805939
1.270906 1.334308 1.401873 1.473857 1.550520 1.632120 1.718914 1.811146 1.909046 2.012818 2.122636 2.238627 2.360872 2.489382 2.624098 2.764875 2.911474 3.063555 3.220675 3.382274 3.547693 3.716159 3.886808 4.058683 4.230755 4.401928 4.571072 4.737015 4.898592 5.054632 5.204000 5.345579 5.478313 5.601087 5.713064 5.813698 5.902067 5.977461 6.039284 6.087042 6.120317 6.138786 6.142208 6.130446 6.103452 6.061262 6.004092 5.932436 5.846701 5.747515 5.635661 5.512115 5.377954 5.234561 5.083302 4.925161 4.761734 4.594535 4.424967 4.254360 4.083946
1.275208 1.342888 1.415205 1.492466 1.574988 1.663091 1.757095 1.857314 1.964045 2.077567 2.198120 2.325903 2.461051 2.603633 2.753627 2.910914 3.075262 3.246315 3.423589 3.606463 3.794182 3.985861 4.180485 4.376939 4.573998 4.770374 4.964709 5.155624 5.341712 5.521595 5.693906 5.857361 6.010727 6.152980 6.282973 6.399418 6.501616 6.588831 6.660397 6.715721 6.754326 6.775820 6.779916 6.766433 6.735316 6.686674 6.620697 6.537599 6.438005 6.322665 6.192530 6.048714 5.892566 5.725412 5.548838 5.365010 5.175523 4.982059 4.786315 4.589903 4.394295
1.275910 1.348103 1.425453 1.508329 1.597115 1.692203 1.793992 1.902878 2.019248 2.143467 2.275868 2.416734 2.566286 2.724663 2.891906 3.067933 3.252534 3.445346 3.645850 3.853351 4.066996 4.285758 4.508460 4.733777 4.960269 5.186389 5.410526 5.631011 5.846179 6.054355 6.253928 6.443315 6.621037 6.785573 6.935745 7.070740 7.189349 7.290628 7.373781 7.438142 7.483140 7.508319 7.513319 7.497900 7.461928 7.405383 7.328468 7.231721 7.115658 6.981093 6.829099 6.661047 6.478512 6.283490 6.078030 5.863785 5.643119 5.418291 5.191398 4.964399 4.739064
1.272164 1.349101 1.431764 1.520596 1.616057 1.718628 1.828799 1.947070 2.073934 2.209871 2.355325 2.510697 2.676316 2.852421 3.039137 3.236453 3.444191 3.662001 3.889327 4.125412 4.369280 4.619754 4.875451 5.134810 5.396111 5.657508 5.917057 6.172759 6.422585 6.664539 6.896655 7.117081 7.324061 7.516120 7.691687 7.849070 7.987285 8.105344 8.202358 8.277546 8.330259 8.359950 8.366192 8.348660 8.307188 8.241787 8.152597 8.039824 7.904184 7.746629 7.568439 7.371194 7.156860 6.927504 6.685560 6.434201 6.175965 5.913475 5.649315 5.385885 5.125322
1.262988 1.344892 1.433146 1.528270 1.630821 1.741377 1.860546 1.988947 2.127209 2.275947 2.435758 2.607183 2.790702 2.986688 3.195390 3.416889 3.651084 3.897643 4.156003 4.425331 4.704535 4.992252 5.286869 5.586533 5.889195 6.192625 6.494483 6.792333 7.083726 7.366212 7.637427 7.895081 8.137036 8.361178 8.565831 8.749799 8.911505 9.049698 9.163345 9.251578 9.313638 9.348900 9.356829 9.337008 9.289135 9.213030 9.108775 8.976872 8.817870 8.632771 8.423001 8.190491 7.937575 7.667233 7.382652 7.086657 6.782900 6.474905 6.165905 5.858864 5.556371
