T2-onemodel/GL13.grd
DSAA
         100         100
  -20.00000       20.00000    
  -20.00000       20.00000    
 -2.6822131E-02   1.214103    
[rows 48 to 71 of 100, columns 0 to 53 of 100]
-1.4086982E-02 -1.2192414E-02 -1.0080967E-02 -7.7246530E-03 -5.0850990E-03 -2.1236378E-03 1.2109841E-03 4.9720565E-03 9.2280479E-03 1.4051646E-02 1.9533966E-02 2.5772499E-02 3.2886315E-02 4.1002583E-02 5.0272632E-02 6.0855467E-02 7.2933599E-02 8.6694002E-02 0.1023428 0.1200812 0.1401206 0.1626547 0.1878759 0.2159455 0.2470158 0.2811998 0.3186022 0.3592868 0.4033181 0.4507242 0.5015469 0.5557948 0.6135057 0.6746682 0.7392960 0.8072928 0.8784389 0.9518011 1.024517 1.088344 1.134742 1.165628 1.186200 1.199587 1.207522 1.210929 1.210291 1.205791 1.197397 1.184885 1.167840 1.145671 1.117537 1.082355
-1.4400975E-02 -1.2532612E-02 -1.0454277E-02 -8.1367884E-03 -5.5459971E-03 -2.6425736E-03 6.1946129E-04 4.2931545E-03 8.4402431E-03 1.3132279E-02 1.8451227E-02 2.4492038E-02 3.1362385E-02 3.9185528E-02 4.8098750E-02 5.8256332E-02 6.9825530E-02 8.2989648E-02 9.7939953E-02 0.1148780 0.1340033 0.1555163 0.1796016 0.2064341 0.2361607 0.2689128 0.3047871 0.3438680 0.3862058 0.4318503 0.4808204 0.5331493 0.5888394 0.6479264 0.7104008 0.7762607 0.8453542 0.9172854 0.9905522 1.060422 1.116895 1.155490 1.180957 1.197575 1.207885 1.213128 1.214103 1.211079 1.204218 1.193330 1.178201 1.158275 1.132960 1.101247
-1.4586721E-02 -1.2749734E-02 -1.0710470E-02 -8.4385881E-03 -5.9042745E-03 -3.0676106E-03 1.1191074E-04 3.6870472E-03 7.7128755E-03 1.2259118E-02 1.7399497E-02 2.3225291E-02 2.9833874E-02 3.7342943E-02 4.5877658E-02 5.5584930E-02 6.6619299E-02 7.9156406E-02 9.3375973E-02 0.1094738 0.1276423 0.1480808 0.1709728 0.1964974 0.2248064 0.2560380 0.2902969 0.3276732 0.3682246 0.4120019 0.4590307 0.5093411 0.5629466 0.6198706 0.6801150 0.7436966 0.8105510 0.8804949 0.9527751 1.025012 1.089914 1.138037 1.169754 1.190443 1.203498 1.210872 1.213545 1.212102 1.206744 1.197510 1.184180 1.166426 1.143664 1.115163
-1.4640735E-02 -1.2841259E-02 -1.0844832E-02 -8.6260149E-03 -6.1531803E-03 -3.3924291E-03 -3.0189805E-04 3.1638807E-03 7.0602917E-03 1.1447995E-02 1.6400008E-02 2.1996180E-02 2.8331878E-02 3.5510831E-02 4.3654770E-02 5.2894562E-02 6.3380457E-02 7.5271197E-02 8.8743396E-02 0.1039771 0.1211657 0.1404963 0.1621601 0.1863289 0.2131691 0.2428151 0.2753910 0.3109818 0.3496664 0.3914858 0.4364864 0.4846797 0.5360995 0.5907497 0.6486737 0.7098578 0.7743256 0.8419494 0.9124321 0.9845135 1.054263 1.112135 1.151973 1.177768 1.194181 1.203970 1.208542 1.208760 1.204959 1.197335 1.185758 1.170035 1.149676 1.124118
-1.4556925E-02 -1.2798567E-02 -1.0850077E-02 -8.6887125E-03 -6.2836870E-03 -3.6041134E-03 -6.1008864E-04 2.7399189E-03 6.4983079E-03 1.0720343E-02 1.5474413E-02 2.0833669E-02 2.6886487E-02 3.3728410E-02 4.1471872E-02 5.0238211E-02 6.0166810E-02 7.1406119E-02 8.4121779E-02 9.8485276E-02 0.1146809 0.1328919 0.1533046 0.1760941 0.2014269 0.2294471 0.2602815 0.2940292 0.3307698 0.3705593 0.4134395 0.4594386 0.5085813 0.5608858 0.6163712 0.6750637 0.7369770 0.8020883 0.8702429 0.9408557 1.011943 1.077205 1.126683 1.159036 1.179649 1.192220 1.198933 1.200850 1.198663 1.192588 1.182731 1.168885 1.150787 1.127871
-1.4324237E-02 -1.2609169E-02 -1.0713778E-02 -8.6128181E-03 -6.2813894E-03 -3.6866949E-03 -7.9567684E-04 2.4343717E-03 6.0476679E-03 1.0099714E-02 1.4648851E-02 1.9767199E-02 2.5531091E-02 3.2033339E-02 3.9372217E-02 4.7664929E-02 5.7034537E-02 6.7624889E-02 7.9584472E-02 9.3081266E-02 0.1082837 0.1253751 0.1445301 0.1659300 0.1897347 0.2161010 0.2451535 0.2770080 0.3117422 0.3494294 0.3901058 0.4338154 0.4805690 0.5304065 0.5833381 0.6394093 0.6986242 0.7610247 0.8265218 0.8948979 0.9651188 1.033944 1.092546 1.133315 1.159179 1.175161 1.184251 1.188057 1.187486 1.182975 1.174731 1.162689 1.146665 1.126228
-1.3925310E-02 -1.2257707E-02 -1.0417372E-02 -8.3815120E-03 -6.1260215E-03 -3.6214169E-03 -8.3591882E-04 2.2687535E-03 5.7346458E-03 9.6113747E-03 1.3954155E-02 1.8827343E-02 2.4302652E-02 3.0463034E-02 3.7400723E-02 4.5220770E-02 5.4038998E-02 6.3985147E-02 7.5200342E-02 8.7837823E-02 0.1020605 0.1180383 0.1359452 0.1559527 0.1782267 0.2029190 0.2301669 0.2600834 0.2927635 0.3282755 0.3666756 0.4079973 0.4522761 0.4995291 0.5497882 0.6030782 0.6594477 0.7189178 0.7815114 0.8471088 0.9152810 0.9843810 1.049082 1.099311 1.131946 1.152144 1.163958 1.169805 1.170867 1.167914 1.161193 1.150864 1.136731 1.118582
-1.3340057E-02 -1.1722959E-02 -9.9396044E-03 -7.9721883E-03 -5.7948413E-03 -3.3836961E-03 -7.0594298E-04 2.2702122E-03 5.5869012E-03 9.2860162E-03 1.3421778E-02 1.8049141E-02 2.3237377E-02 2.9058296E-02 3.5599913E-02 4.2953916E-02 5.1230475E-02 6.0544364E-02 7.1029842E-02 8.2824625E-02 9.6085146E-02 0.1109675 0.1276414 0.1462686 0.1670162 0.1900313 0.2154577 0.2434084 0.2739879 0.3072664 0.3433084 0.3821476 0.4238233 0.4683553 0.5157858 0.5661345 0.6194595 0.6757916 0.7351942 0.7976323 0.8629611 0.9303665 0.9971998 1.055539 1.096641 1.122100 1.137239 1.145307 1.148123 1.146654 1.141431 1.132656 1.120327 1.104245
-1.2544597E-02 -1.0978414E-02 -9.2556365E-03 -7.3571159E-03 -5.2614743E-03 -2.9441200E-03 -3.7745002E-04 2.4703885E-03 5.6351763E-03 9.1582350E-03 1.3085724E-02 1.7470950E-02 2.2373557E-02 2.7862104E-02 3.4012798E-02 4.0912967E-02 4.8658457E-02 5.7358373E-02 6.7130573E-02 7.8106865E-02 9.0426341E-02 0.1042403 0.1197024 0.1369731 0.1562064 0.1775546 0.2011516 0.2271220 0.2555625 0.2865587 0.3201660 0.3564366 0.3953979 0.4370861 0.4815177 0.5287439 0.5787959 0.6317502 0.6876479 0.7465638 0.8084298 0.8729673 0.9388387 1.001639 1.051567 1.083776 1.102933 1.113491 1.118111 1.118102 1.114290 1.106958 1.096277 1.082074
-1.1509902E-02 -9.9963378E-03 -8.3353296E-03 -6.5073138E-03 -4.4944892E-03 -2.2722294E-03 1.8273389E-04 2.9016936E-03 5.9151258E-03 9.2627648E-03 1.2984430E-02 1.7130591E-02 2.1753024E-02 2.6915863E-02 3.2685798E-02 3.9143827E-02 4.6374351E-02 5.4478284E-02 6.3560598E-02 7.3742986E-02 8.5151084E-02 9.7925767E-02 0.1122081 0.1281500 0.1458959 0.1655928 0.1873707 0.2113521 0.2376343 0.2663027 0.2974154 0.3310219 0.3671503 0.4058352 0.4471020 0.4909884 0.5375355 0.5868108 0.6388828 0.6938408 0.7517231 0.8124624 0.8754779 0.9386434 0.9950814 1.035325 1.059450 1.072976 1.079442 1.080901 1.078353 1.072386 1.063171 1.050739
-1.0204738E-02 -8.7460885E-03 -7.1466072E-03 -5.3912527E-03 -3.4605709E-03 -1.3351983E-03 1.0095512E-03 3.5986418E-03 6.4634988E-03 9.6363267E-03 1.3157061E-02 1.7067229E-02 2.1417722E-02 2.6261793E-02 3.1663977E-02 3.7692219E-02 4.4427298E-02 5.1954526E-02 6.0373884E-02 6.9789417E-02 8.0320626E-02 9.2089340E-02 0.1052312 0.1198789 0.1361742 0.1542468 0.1742284 0.1962272 0.2203466 0.2466590 0.2752320 0.3061008 0.3393063 0.3748603 0.4127951 0.4531279 0.4959151 0.5411966 0.5890711 0.6396074 0.6929335 0.7490553 0.8078516 0.8683080 0.9269046 0.9745043 1.004775 1.021663 1.030081 1.032892 1.031512 1.026741 1.018859 1.007993
-8.6017940E-03 -7.1980092E-03 -5.6612412E-03 -3.9782152E-03 -2.1305028E-03 -1.0095077E-04 2.1334318E-03 4.5948750E-03 7.3122634E-03 1.0314376E-02 1.3637503E-02 1.7318683E-02 2.1403689E-02 2.5940260E-02 3.0985959E-02 3.6601517E-02 4.2858735E-02 4.9834099E-02 5.7616092E-02 6.6298254E-02 7.5986519E-02 8.6791247E-02 9.8832957E-02 0.1122334 0.1271192 0.1436118 0.1618289 0.1818743 0.2038395 0.2277962 0.2537993 0.2818846 0.3120746 0.3443859 0.3788320 0.4154282 0.4541998 0.4951918 0.5384660 0.5841140 0.6322392 0.6829512 0.7362683 0.7918671 0.8481476 0.8994413 0.9361575 0.9569178 0.9673535 0.9713265 0.9709764 0.9672027 0.9605355 0.9510506
-6.6826320E-03 -5.3331042E-03 -3.8601439E-03 -2.2483501E-03 -4.8422092E-04 1.4513637E-03 3.5756261E-03 5.9125419E-03 8.4842434E-03 1.1320545E-02 1.4450113E-02 1.7910186E-02 2.1737374E-02 2.5978500E-02 3.0680312E-02 3.5901189E-02 4.1700009E-02 4.8149120E-02 5.5321746E-02 6.3305520E-02 7.2188690E-02 8.2074143E-02 9.3062811E-02 0.1052684 0.1187974 0.1337638 0.1502665 0.1684044 0.1882513 0.2098763 0.2333177 0.2586097 0.2857577 0.3147701 0.3456312 0.3783503 0.4129176 0.4493629 0.4877025 0.5280101 0.5703410 0.6148193 0.6614912 0.7103544 0.7607433 0.8100789 0.8505117 0.8750699 0.8871653 0.8920538 0.8924299 0.8895086 0.8838359 0.8756013
-4.4604037E-03 -3.1660595E-03 -1.7557305E-03 -2.1564685E-04 1.4668370E-03 3.3086184E-03 5.3258417E-03 7.5395154E-03 9.9702422E-03 1.2644056E-02 1.5587303E-02 1.8832341E-02 2.2412658E-02 2.6368605E-02 3.0742692E-02 3.5584986E-02 4.0948663E-02 4.6895497E-02 5.3491246E-02 6.0810443E-02 6.8932042E-02 7.7943102E-02 8.7933972E-02 9.9000342E-02 0.1112377 0.1247411 0.1395995 0.1558927 0.1736876 0.1930340 0.2139651 0.2364934 0.2606173 0.2863204 0.3135828 0.3423700 0.3726578 0.4044157 0.4376348 0.4723003 0.5084299 0.5460261 0.5851168 0.6256375 0.6673338 0.7090254 0.7465947 0.7722202 0.7849147 0.7901315 0.7908960 0.7886224 0.7837696 0.7766498
-2.0342593E-03 -7.9502963E-04 5.5351719E-04 2.0224242E-03 3.6247370E-03 5.3741946E-03 7.2869211E-03 9.3802055E-03 1.1674139E-02 1.4190361E-02 1.6953910E-02 1.9991862E-02 2.3335477E-02 2.7018614E-02 3.1080257E-02 3.5562444E-02 4.0513251E-02 4.5984566E-02 5.2035019E-02 5.8726992E-02 6.6130266E-02 7.4317306E-02 8.3367132E-02 9.3358837E-02 0.1043753 0.1164937 0.1297902 0.1443274 0.1601597 0.1773213 0.1958336 0.2156936 0.2368884 0.2593790 0.2831221 0.3080580 0.3341300 0.3612630 0.3893931 0.4184329 0.4483079 0.4788999 0.5100871 0.5416291 0.5731543 0.6037482 0.6313011 0.6514463 0.6623083 0.6669757 0.6678164 0.6659366 0.6617749 0.6555732
3.7232009E-04 1.5574269E-03 2.8445658E-03 4.2439746E-03 5.7671834E-03 7.4268696E-03 9.2372969E-03 1.1214169E-02 1.3375225E-02 1.5739897E-02 1.8330142E-02 2.1170137E-02 2.4287010E-02 2.7710807E-02 3.1475049E-02 3.5616703E-02 4.0176868E-02 4.5200568E-02 5.0737496E-02 5.6841355E-02 6.3570440E-02 7.0986621E-02 7.9155013E-02 8.8142164E-02 9.8015025E-02 0.1088375 0.1206686 0.1335579 0.1475434 0.1626475 0.1788754 0.1962130 0.2146279 0.2340721 0.2544824 0.2757782 0.2978685 0.3206482 0.3440000 0.3677867 0.3918483 0.4159849 0.4399407 0.4633604 0.4857273 0.5062316 0.5236101 0.5363442 0.5440038 0.5476094 0.5482607 0.5466142 0.5430090 0.5376050
2.5612032E-03 3.6929452E-03 4.9197832E-03 6.2510106E-03 7.6970621E-03 9.2693167E-03 1.0980512E-02 1.2844724E-02 1.4877680E-02 1.7096616E-02 1.9520877E-02 2.2171702E-02 2.5072820E-02 2.8250352E-02 3.1733338E-02 3.5553612E-02 3.9746307E-02 4.4349898E-02 4.9406316E-02 5.4960765E-02 6.1061841E-02 6.7760743E-02 7.5110763E-02 8.3165869E-02 9.1979407E-02 0.1016014 0.1120766 0.1234407 0.1357182 0.1489190 0.1630367 0.1780466 0.1939073 0.2105568 0.2279162 0.2458934 0.2643800 0.2832509 0.3023632 0.3215521 0.3406254 0.3593535 0.3774575 0.3945910 0.4103223 0.4241219 0.4354116 0.4437269 0.4489900 0.4515744 0.4519416 0.4504359 0.4472669 0.4425449
4.4628340E-03 5.5422029E-03 6.7100432E-03 7.9747746E-03 9.3457308E-03 1.0833166E-02 1.2448425E-02 1.4204053E-02 1.6113896E-02 1.8193252E-02 2.0459019E-02 2.2929830E-02 2.5626235E-02 2.8570903E-02 3.1788688E-02 3.5306919E-02 3.9155353E-02 4.3366455E-02 4.7975294E-02 5.3019419E-02 5.8538690E-02 6.4574815E-02 7.1170479E-02 7.8368388E-02 8.6209752E-02 9.4732277E-02 0.1039680 0.1139408 0.1246633 0.1361352 0.1483406 0.1612470 0.1748039 0.1889464 0.2035934 0.2186450 0.2339877 0.2494921 0.2650125 0.2803847 0.2954234 0.3099187 0.3236329 0.3362998 0.3476276 0.3573177 0.3651014 0.3708238 0.3745141 0.3763151 0.3764231 0.3750142 0.3722126 0.3680868
6.0746772E-03 7.1028145E-03 8.2131512E-03 9.4131930E-03 1.0711385E-02 1.2116817E-02 1.3639626E-02 1.5290882E-02 1.7082870E-02 1.9028926E-02 2.1143919E-02 2.3443928E-02 2.5946803E-02 2.8671950E-02 3.1640682E-02 3.4876075E-02 3.8403243E-02 4.2249244E-02 4.6443153E-02 5.1015623E-02 5.5999026E-02 6.1426569E-02 6.7331873E-02 7.3747717E-02 8.0705062E-02 8.8230908E-02 9.6346997E-02 0.1050668 0.1143943 0.1243212 0.1348256 0.1458711 0.1574067 0.1693643 0.1816609 0.1942026 0.2068808 0.2195743 0.2321494 0.2444596 0.2563461 0.2676381 0.2781545 0.2877085 0.2961167 0.3032137 0.3088784 0.3130464 0.3157114 0.3169489 0.3168591 0.3155336 0.3130408 0.3094242
7.4203145E-03 8.3985422E-03 9.4529456E-03 1.0590327E-02 1.1818165E-02 1.3144608E-02 1.4578580E-02 1.6129920E-02 1.7809343E-02 1.9628584E-02 2.1600468E-02 2.3739001E-02 2.6059456E-02 2.8578451E-02 3.1313963E-02 3.4285523E-02 3.7514012E-02 4.1021839E-02 4.4832692E-02 4.8971463E-02 5.3463835E-02 5.8335964E-02 6.3613549E-02 6.9321252E-02 7.5481281E-02 8.2112163E-02 8.9226983E-02 9.6831724E-02 0.1049234 0.1134886 0.1225018 0.1319250 0.1417062 0.1517830 0.1620809 0.1725114 0.1829769 0.1933703 0.2035764 0.2134728 0.2229312 0.2318197 0.2400058 0.2473609 0.2537670 0.2591252 0.2633618 0.2664437 0.2683888 0.2692257 0.2689987 0.2677568 0.2655407 0.2623759
8.5300505E-03 9.4597656E-03 1.0460004E-02 1.1536821E-02 1.2696900E-02 1.3947428E-02 1.5296350E-02 1.6752236E-02 1.8324530E-02 2.0023385E-02 2.1859951E-02 2.3846226E-02 2.5995290E-02 2.8321190E-02 3.0839164E-02 3.3565391E-02 3.6517214E-02 3.9712913E-02 4.3171711E-02 4.6913367E-02 5.0958108E-02 5.5325955E-02 6.0036279E-02 6.5106846E-02 7.0553109E-02 7.6386578E-02 8.2614087E-02 8.9235768E-02 9.6244231E-02 0.1036229 0.1113454 0.1193749 0.1276646 0.1361550 0.1447772 0.1534557 0.1621062 0.1706382 0.1789560 0.1869603 0.1945506 0.2016266 0.2080916 0.2138560 0.2188415 0.2229858 0.2262494 0.2286109 0.2300582 0.2306106 0.2302957 0.2291400 0.2271652 0.2243882
9.4361566E-03 1.0318899E-02 1.1266801E-02 1.2285282E-02 1.3380229E-02 1.4558058E-02 1.5825704E-02 1.7190725E-02 1.8661292E-02 2.0246241E-02 2.1955144E-02 2.3798287E-02 2.5786746E-02 2.7932407E-02 3.0247955E-02 3.2746844E-02 3.5443217E-02 3.8351934E-02 4.1488297E-02 4.4867903E-02 4.8506264E-02 5.2418534E-02 5.6618772E-02 6.1119452E-02 6.5930478E-02 7.1058325E-02 7.6504968E-02 8.2266785E-02 8.8333420E-02 9.4687112E-02 0.1013017 0.1081423 0.1151648 0.1223191 0.1295472 0.1367826 0.1439541 0.1509865 0.1578019 0.1643212 0.1704659 0.1761599 0.1813316 0.1859166 0.1898597 0.1931169 0.1956555 0.1974591 0.1985343 0.1988841 0.1985182 0.1974511 0.1956977 0.1932680
1.0168146E-02 1.1005500E-02 1.1902983E-02 1.2865376E-02 1.3897945E-02 1.5006290E-02 1.6196523E-02 1.7475201E-02 1.8849453E-02 2.0326862E-02 2.1915669E-02 2.3624575E-02 2.5462981E-02 2.7440805E-02 2.9568585E-02 3.1857360E-02 3.4318633E-02 3.6964275E-02 3.9806399E-02 4.2857014E-02 4.6127938E-02 4.9630225E-02 5.3373862E-02 5.7367053E-02 6.1615650E-02 6.6122271E-02 7.0885666E-02 7.5899608E-02 8.1152469E-02 8.6626194E-02 9.2296354E-02 9.8131530E-02 0.1040943 0.1101389 0.1162139 0.1222651 0.1282336 0.1340581 0.1396755 0.1450231 0.1500394 0.1546661 0.1588493 0.1625411 0.1657015 0.1682992 0.1703146 0.1717344 0.1725451 0.1727510 0.1723605 0.1713817 0.1698219 0.1676895
1.0753142E-02 1.1546773E-02 1.2395786E-02 1.3304439E-02 1.4277356E-02 1.5319469E-02 1.6436104E-02 1.7632991E-02 1.8916242E-02 2.0292405E-02 2.1768460E-02 2.3351816E-02 2.5050323E-02 2.6872270E-02 2.8826311E-02 3.0921446E-02 3.3166897E-02 3.5572100E-02 3.8146447E-02 4.0899113E-02 4.3838806E-02 4.6973467E-02 5.0309777E-02 5.3852778E-02 5.7605255E-02 6.1567187E-02 6.5735072E-02 7.0101358E-02 7.4653782E-02 7.9375140E-02 8.4242649E-02 8.9228131E-02 9.4297446E-02 9.9413507E-02 0.1045350 0.1096148 0.1146043 0.1194532 0.1241110 0.1285276 0.1326546 0.1364467 0.1398624 0.1428653 0.1454243 0.1475148 0.1491169 0.1502191 0.1508238 0.1509276 0.1505309 0.1496385 0.1482570 0.1463917
