T2-onemodel/GL13.grd
DSAA
         100         100
  -20.00000       20.00000    
  -20.00000       20.00000    
 -2.6822131E-02   1.214103    
[rows 72 to 95 of 100, columns 0 to 53 of 100]
1.1214178E-02 1.1965754E-02 1.2768295E-02 1.3625528E-02 1.4541565E-02 1.5520678E-02 1.6567530E-02 1.7687056E-02 1.8884538E-02 2.0165546E-02 2.1536024E-02 2.3002177E-02 2.4570595E-02 2.6248079E-02 2.8041741E-02 2.9958801E-02 3.2006647E-02 3.4192611E-02 3.6523927E-02 3.9007396E-02 4.1649360E-02 4.4455193E-02 4.7429170E-02 5.0573878E-02 5.3890020E-02 5.7375643E-02 6.1026011E-02 6.4832784E-02 6.8784028E-02 7.2863504E-02 7.7050999E-02 8.1321917E-02 8.5648373E-02 8.9996852E-02 9.4330646E-02 9.8612614E-02 0.1028030 0.1068609 0.1107455 0.1144168 0.1178363 0.1209682 0.1237802 0.1262436 0.1283345 0.1300342 0.1313303 0.1322135 0.1326710 0.1327033 0.1323129 0.1315027 0.1302757 0.1286376
1.1571584E-02 1.2282829E-02 1.3040887E-02 1.3849080E-02 1.4710952E-02 1.5630286E-02 1.6611090E-02 1.7657630E-02 1.8774413E-02 1.9966204E-02 2.1237994E-02 2.2594990E-02 2.4042640E-02 2.5586542E-02 2.7232427E-02 2.8986111E-02 3.0853355E-02 3.2839857E-02 3.4951016E-02 3.7191834E-02 3.9566677E-02 4.2079069E-02 4.4731352E-02 4.7524467E-02 5.0457496E-02 5.3527426E-02 5.6728691E-02 6.0052920E-02 6.3488595E-02 6.7021005E-02 7.0631869E-02 7.4299596E-02 7.7998854E-02 8.1703290E-02 8.5384198E-02 8.9008920E-02 9.2544653E-02 9.5957987E-02 9.9215858E-02 0.1022859 0.1051374 0.1077418 0.1100732 0.1121088 0.1138293 0.1152188 0.1162634 0.1169545 0.1172935 0.1172760 0.1169000 0.1161675 0.1150825 0.1136490
1.1842153E-02 1.2514772E-02 1.3230366E-02 1.3991818E-02 1.4802264E-02 1.5664948E-02 1.6583366E-02 1.7561158E-02 1.8602187E-02 1.9710457E-02 2.0890178E-02 2.2145679E-02 2.3481442E-02 2.4902014E-02 2.6412023E-02 2.8016031E-02 2.9718552E-02 3.1523857E-02 3.3435974E-02 3.5458382E-02 3.7594005E-02 3.9844878E-02 4.2212009E-02 4.4695068E-02 4.7292188E-02 4.9999587E-02 5.2811481E-02 5.5719618E-02 5.8713369E-02 6.1779346E-02 6.4901710E-02 6.8061970E-02 7.1239896E-02 7.4411377E-02 7.7550493E-02 8.0632046E-02 8.3629079E-02 8.6514413E-02 8.9260973E-02 9.1842614E-02 9.4234429E-02 9.6413359E-02 9.8358519E-02 0.1000515 0.1014769 0.1026221 0.1034788 0.1040402 0.1042956 0.1042445 0.1038879 0.1032271 0.1022638 0.1010026
1.2040466E-02 1.2676193E-02 1.3351298E-02 1.4068328E-02 1.4829992E-02 1.5639126E-02 1.6498704E-02 1.7411867E-02 1.8381871E-02 1.9412113E-02 2.0506080E-02 2.1667367E-02 2.2899622E-02 2.4206538E-02 2.5591763E-02 2.7058892E-02 2.8611345E-02 3.0252330E-02 3.1984683E-02 3.3810783E-02 3.5732377E-02 3.7750464E-02 3.9865009E-02 4.2074893E-02 4.4377569E-02 4.6768945E-02 4.9243171E-02 5.1792495E-02 5.4407056E-02 5.7075009E-02 5.9782211E-02 6.2512539E-02 6.5247416E-02 6.7968309E-02 7.0655435E-02 7.3286057E-02 7.5837843E-02 7.8288272E-02 8.0615282E-02 8.2797408E-02 8.4814429E-02 8.6647466E-02 8.8279523E-02 8.9695506E-02 9.0882458E-02 9.1829419E-02 9.2526458E-02 9.2967100E-02 9.3152694E-02 9.3079254E-02 9.2744768E-02 9.2150174E-02 9.1298826E-02 9.0193845E-02
1.2178410E-02 1.2778934E-02 1.3415521E-02 1.4090382E-02 1.4805882E-02 1.5564441E-02 1.6368639E-02 1.7221129E-02 1.8124668E-02 1.9082092E-02 2.0096319E-02 2.1170262E-02 2.2306917E-02 2.3509203E-02 2.4780020E-02 2.6122103E-02 2.7538033E-02 2.9030114E-02 3.0600321E-02 3.2250099E-02 3.3980392E-02 3.5791337E-02 3.7682280E-02 3.9651487E-02 4.1696094E-02 4.3811854E-02 4.5993149E-02 4.8232675E-02 5.0521597E-02 5.2849285E-02 5.5203665E-02 5.7571009E-02 5.9936807E-02 6.2283650E-02 6.4593129E-02 6.6848040E-02 6.9029942E-02 7.1120366E-02 7.3101021E-02 7.4954361E-02 7.6663673E-02 7.8213535E-02 7.9589881E-02 8.0780327E-02 8.1774287E-02 8.2563132E-02 8.3141275E-02 8.3503604E-02 8.3641425E-02 8.3554305E-02 8.3243072E-02 8.2708545E-02 8.1951931E-02 8.0977201E-02
1.2266378E-02 1.2833377E-02 1.3433363E-02 1.4068266E-02 1.4740114E-02 1.5451016E-02 1.6203137E-02 1.6998759E-02 1.7840175E-02 1.8729763E-02 1.9669902E-02 2.0663004E-02 2.1711435E-02 2.2817541E-02 2.3983533E-02 2.5211513E-02 2.6503336E-02 2.7860630E-02 2.9284639E-02 3.0776178E-02 3.2335486E-02 3.3962216E-02 3.5655156E-02 3.7412308E-02 3.9230581E-02 4.1105840E-02 4.3032669E-02 4.5004442E-02 4.7013100E-02 4.9049374E-02 5.1102486E-02 5.3160451E-02 5.5209633E-02 5.7237014E-02 5.9228897E-02 6.1169203E-02 6.3042484E-02 6.4833276E-02 6.6526547E-02 6.8107657E-02 6.9562867E-02 7.0879348E-02 7.2045475E-02 7.3050916E-02 7.3886655E-02 7.4544951E-02 7.5018503E-02 7.5302519E-02 7.5398654E-02 7.5303681E-02 7.5015858E-02 7.4535958E-02 7.3866874E-02 7.3011205E-02
1.2312700E-02 1.2847817E-02 1.3413087E-02 1.4010171E-02 1.4640834E-02 1.5306851E-02 1.6010100E-02 1.6752463E-02 1.7535895E-02 1.8362332E-02 1.9233756E-02 2.0152073E-02 2.1119205E-02 2.2136943E-02 2.3207011E-02 2.4330925E-02 2.5510022E-02 2.6745345E-02 2.8037632E-02 2.9387141E-02 3.0793706E-02 3.2256514E-02 3.3774130E-02 3.5344291E-02 3.6963958E-02 3.8629048E-02 4.0334601E-02 4.2074483E-02 4.3841589E-02 4.5627635E-02 4.7423489E-02 4.9219001E-02 5.1003754E-02 5.2765042E-02 5.4489575E-02 5.6165528E-02 5.7780024E-02 5.9320331E-02 6.0773794E-02 6.2128339E-02 6.3372470E-02 6.4495556E-02 6.5487862E-02 6.6340789E-02 6.7046925E-02 6.7600250E-02 6.7996942E-02 6.8233386E-02 6.8302505E-02 6.8204150E-02 6.7939162E-02 6.7508280E-02 6.6912428E-02 6.6154987E-02
1.2324673E-02 1.2829513E-02 1.3361885E-02 1.3923231E-02 1.4515054E-02 1.5138885E-02 1.5796289E-02 1.6488863E-02 1.7218223E-02 1.7985960E-02 1.8793678E-02 1.9642916E-02 2.0535164E-02 2.1471813E-02 2.2454130E-02 2.3483213E-02 2.4559947E-02 2.5684960E-02 2.6858544E-02 2.8080627E-02 2.9350668E-02 3.0667629E-02 3.2029856E-02 3.3435050E-02 3.4880187E-02 3.6361460E-02 3.7874211E-02 3.9412953E-02 4.0971275E-02 4.2541977E-02 4.4116892E-02 4.5687102E-02 4.7242481E-02 4.8773859E-02 5.0271682E-02 5.1724352E-02 5.3121015E-02 5.4450832E-02 5.5703335E-02 5.6868315E-02 5.7936262E-02 5.8898177E-02 5.9745986E-02 6.0472384E-02 6.1071016E-02 6.1536323E-02 6.1862879E-02 6.2047172E-02 6.2091127E-02 6.1992235E-02 6.1749119E-02 6.1362475E-02 6.0834847E-02 6.0168356E-02
1.2308208E-02 1.2784334E-02 1.3285585E-02 1.3813188E-02 1.4368446E-02 1.4952642E-02 1.5567107E-02 1.6213164E-02 1.6892148E-02 1.7605355E-02 1.8354082E-02 1.9139530E-02 1.9962864E-02 2.0825118E-02 2.1727223E-02 2.2669911E-02 2.3653731E-02 2.4678960E-02 2.5745617E-02 2.6853316E-02 2.8001318E-02 2.9188391E-02 3.0412825E-02 3.1672295E-02 3.2963928E-02 3.4284107E-02 3.5628632E-02 3.6992483E-02 3.8370047E-02 3.9754901E-02 4.1140169E-02 4.2518288E-02 4.3881755E-02 4.5221161E-02 4.6526760E-02 4.7790308E-02 4.9002707E-02 5.0154969E-02 5.1238198E-02 5.2243918E-02 5.3164024E-02 5.3991050E-02 5.4718148E-02 5.5339213E-02 5.5848982E-02 5.6243211E-02 5.6519371E-02 5.6674913E-02 5.6704018E-02 5.6606855E-02 5.6384299E-02 5.6037061E-02 5.5565823E-02 5.4973450E-02
1.2268525E-02 1.2717448E-02 1.3189274E-02 1.3685070E-02 1.4205924E-02 1.4752939E-02 1.5327215E-02 1.5929857E-02 1.6561951E-02 1.7224550E-02 1.7918674E-02 1.8645274E-02 1.9405214E-02 2.0199265E-02 2.1028055E-02 2.1892060E-02 2.2791540E-02 2.3726540E-02 2.4696818E-02 2.5701830E-02 2.6740661E-02 2.7812008E-02 2.8914105E-02 3.0044733E-02 3.1201107E-02 3.2379948E-02 3.3577345E-02 3.4788866E-02 3.6009442E-02 3.7233528E-02 3.8454890E-02 3.9666865E-02 4.0861845E-02 4.2033315E-02 4.3174572E-02 4.4277091E-02 4.5333114E-02 4.6334881E-02 4.7275010E-02 4.8146240E-02 4.8941828E-02 4.9655393E-02 5.0281201E-02 5.0814033E-02 5.1249348E-02 5.1583100E-02 5.1811203E-02 5.1931106E-02 5.1944941E-02 5.1850725E-02 5.1647399E-02 5.1335588E-02 5.0917529E-02 5.0394893E-02
1.2209723E-02 1.2632898E-02 1.3076945E-02 1.3542768E-02 1.4031294E-02 1.4543448E-02 1.5080144E-02 1.5642289E-02 1.6230766E-02 1.6846417E-02 1.7490041E-02 1.8162357E-02 1.8864013E-02 1.9595537E-02 2.0357354E-02 2.1149686E-02 2.1972615E-02 2.2825979E-02 2.3709385E-02 2.4622142E-02 2.5563259E-02 2.6531374E-02 2.7524777E-02 2.8541289E-02 2.9578354E-02 3.0632898E-02 3.1701431E-02 3.2779917E-02 3.3863924E-02 3.4948517E-02 3.6028452E-02 3.7098091E-02 3.8152002E-02 3.9183088E-02 4.0184073E-02 4.1149169E-02 4.2071838E-02 4.2945649E-02 4.3764219E-02 4.4521499E-02 4.5211699E-02 4.5829486E-02 4.6369940E-02 4.6828717E-02 4.7202017E-02 4.7486853E-02 4.7681578E-02 4.7784444E-02 4.7790594E-02 4.7700413E-02 4.7514811E-02 4.7234435E-02 4.6859745E-02 4.6393160E-02
1.2135544E-02 1.2534379E-02 1.2952215E-02 1.3389832E-02 1.3848001E-02 1.4327498E-02 1.4829076E-02 1.5353478E-02 1.5901411E-02 1.6473537E-02 1.7070467E-02 1.7692747E-02 1.8340822E-02 1.9015059E-02 1.9715665E-02 2.0442732E-02 2.1196157E-02 2.1975655E-02 2.2780703E-02 2.3610545E-02 2.4464119E-02 2.5340095E-02 2.6236765E-02 2.7152119E-02 2.8083734E-02 2.9028833E-02 2.9984206E-02 3.0946311E-02 3.1911138E-02 3.2874405E-02 3.3831362E-02 3.4776945E-02 3.5705384E-02 3.6612026E-02 3.7492145E-02 3.8339358E-02 3.9148021E-02 3.9912526E-02 4.0627532E-02 4.1287821E-02 4.1888542E-02 4.2425107E-02 4.2893376E-02 4.3289587E-02 4.3610469E-02 4.3853056E-02 4.4014219E-02 4.4092089E-02 4.4088930E-02 4.4003151E-02 4.3833908E-02 4.3581754E-02 4.3248653E-02 4.2835880E-02
1.2048879E-02 1.2424716E-02 1.2817853E-02 1.3228933E-02 1.3658622E-02 1.4107545E-02 1.4576333E-02 1.5065573E-02 1.5575835E-02 1.6107621E-02 1.6661404E-02 1.7237561E-02 1.7836401E-02 1.8458122E-02 1.9102821E-02 1.9770425E-02 2.0460738E-02 2.1173354E-02 2.1907702E-02 2.2662943E-02 2.3438040E-02 2.4231642E-02 2.5042169E-02 2.5867680E-02 2.6705977E-02 2.7554478E-02 2.8410351E-02 2.9270351E-02 3.0131003E-02 3.0988466E-02 3.1838767E-02 3.2677643E-02 3.3501144E-02 3.4303851E-02 3.5080194E-02 3.5826128E-02 3.6536865E-02 3.7207752E-02 3.7834127E-02 3.8411625E-02 3.8936041E-02 3.9403524E-02 3.9810494E-02 4.0153824E-02 4.0430777E-02 4.0639225E-02 4.0778156E-02 4.0846363E-02 4.0839743E-02 4.0758818E-02 4.0604480E-02 4.0377315E-02 4.0077597E-02 3.9707322E-02
1.1952418E-02 1.2306552E-02 1.2676418E-02 1.3062568E-02 1.3465540E-02 1.3885861E-02 1.4324038E-02 1.4780543E-02 1.5255809E-02 1.5750235E-02 1.6264142E-02 1.6797801E-02 1.7351385E-02 1.7924994E-02 1.8518589E-02 1.9132026E-02 1.9764995E-02 2.0417048E-02 2.1087538E-02 2.1775637E-02 2.2480277E-02 2.3200201E-02 2.3933865E-02 2.4679499E-02 2.5435032E-02 2.6198177E-02 2.6966311E-02 2.7736602E-02 2.8505890E-02 2.9270863E-02 3.0027853E-02 3.0773006E-02 3.1501856E-02 3.2211095E-02 3.2897376E-02 3.3555821E-02 3.4182273E-02 3.4772608E-02 3.5322957E-02 3.5829466E-02 3.6288634E-02 3.6697093E-02 3.7051864E-02 3.7350185E-02 3.7589677E-02 3.7768155E-02 3.7883196E-02 3.7933409E-02 3.7921071E-02 3.7844930E-02 3.7704263E-02 3.7499543E-02 3.7232496E-02 3.6904056E-02
1.1848225E-02 1.2181881E-02 1.2529846E-02 1.2892568E-02 1.3270508E-02 1.3664082E-02 1.4073702E-02 1.4499731E-02 1.4942513E-02 1.5402322E-02 1.5879400E-02 1.6373891E-02 1.6885895E-02 1.7415388E-02 1.7962281E-02 1.8526329E-02 1.9107185E-02 1.9704333E-02 2.0317130E-02 2.0944711E-02 2.1586077E-02 2.2239979E-02 2.2905003E-02 2.3579476E-02 2.4261540E-02 2.4949061E-02 2.5639737E-02 2.6330972E-02 2.7020045E-02 2.7703946E-02 2.8379638E-02 2.9043894E-02 2.9693833E-02 3.0325228E-02 3.0933764E-02 3.1516582E-02 3.2070156E-02 3.2591075E-02 3.3075888E-02 3.3521421E-02 3.3924554E-02 3.4282498E-02 3.4592636E-02 3.4852665E-02 3.5060611E-02 3.5214961E-02 3.5315156E-02 3.5360370E-02 3.5347052E-02 3.5275813E-02 3.5147518E-02 3.4962662E-02 3.4721375E-02 3.4425292E-02
1.1738199E-02 1.2052554E-02 1.2379908E-02 1.2720647E-02 1.3075129E-02 1.3443705E-02 1.3826689E-02 1.4224372E-02 1.4636991E-02 1.5064754E-02 1.5507798E-02 1.5966209E-02 1.6439984E-02 1.6929051E-02 1.7433232E-02 1.7952261E-02 1.8485716E-02 1.9033086E-02 1.9593686E-02 2.0166708E-02 2.0751145E-02 2.1345854E-02 2.1949472E-02 2.2560494E-02 2.3177177E-02 2.3797629E-02 2.4419736E-02 2.5041226E-02 2.5659602E-02 2.6272295E-02 2.6876446E-02 2.7469100E-02 2.8046755E-02 2.8607057E-02 2.9147647E-02 2.9664725E-02 3.0155201E-02 3.0615997E-02 3.1044258E-02 3.1437147E-02 3.1792074E-02 3.2106575E-02 3.2378446E-02 3.2605667E-02 3.2786481E-02 3.2919269E-02 3.3002120E-02 3.3033997E-02 3.3017159E-02 3.2950554E-02 3.2833558E-02 3.2666586E-02 3.2451127E-02 3.2187853E-02
1.1623779E-02 1.1919945E-02 1.2227925E-02 1.2548026E-02 1.2880552E-02 1.3225761E-02 1.3583917E-02 1.3955219E-02 1.4339852E-02 1.4737930E-02 1.5149544E-02 1.5574692E-02 1.6013332E-02 1.6465317E-02 1.6930448E-02 1.7408382E-02 1.7898720E-02 1.8400900E-02 1.8914273E-02 1.9438021E-02 1.9971218E-02 2.0512754E-02 2.1061393E-02 2.1615710E-02 2.2174159E-02 2.2734975E-02 2.3296304E-02 2.3856064E-02 2.4412109E-02 2.4962081E-02 2.5503643E-02 2.6034327E-02 2.6552035E-02 2.7053420E-02 2.7535088E-02 2.7995022E-02 2.8430596E-02 2.8839272E-02 2.9218484E-02 2.9565876E-02 2.9879149E-02 3.0156223E-02 3.0395171E-02 3.0594317E-02 3.0752201E-02 3.0867755E-02 3.0940725E-02 3.0970566E-02 3.0954164E-02 3.0892149E-02 3.0785350E-02 3.0634195E-02 3.0438667E-02 3.0200133E-02
1.1506372E-02 1.1785417E-02 1.2075184E-02 1.2375933E-02 1.2687897E-02 1.3011292E-02 1.3346296E-02 1.3693071E-02 1.4051720E-02 1.4422323E-02 1.4804891E-02 1.5199391E-02 1.5605714E-02 1.6023699E-02 1.6453080E-02 1.6893528E-02 1.7344590E-02 1.7805742E-02 1.8276321E-02 1.8755561E-02 1.9242559E-02 1.9736301E-02 2.0235615E-02 2.0739226E-02 2.1245675E-02 2.1753421E-02 2.2260735E-02 2.2765815E-02 2.3266679E-02 2.3761313E-02 2.4247486E-02 2.4722893E-02 2.5184765E-02 2.5631439E-02 2.6061263E-02 2.6471229E-02 2.6859012E-02 2.7222279E-02 2.7558921E-02 2.7866811E-02 2.8144028E-02 2.8388727E-02 2.8599294E-02 2.8774219E-02 2.8912216E-02 2.9012052E-02 2.9072199E-02 2.9091870E-02 2.9073266E-02 2.9015500E-02 2.8918006E-02 2.8781129E-02 2.8606171E-02 2.8393602E-02
1.1386988E-02 1.1649906E-02 1.1922567E-02 1.2205164E-02 1.2497892E-02 1.2800903E-02 1.3114337E-02 1.3438288E-02 1.3772831E-02 1.4117979E-02 1.4473716E-02 1.4839953E-02 1.5216564E-02 1.5603332E-02 1.5999997E-02 1.6406193E-02 1.6821483E-02 1.7245330E-02 1.7677110E-02 1.8116072E-02 1.8561391E-02 1.9012094E-02 1.9467125E-02 1.9925274E-02 2.0385260E-02 2.0845640E-02 2.1304909E-02 2.1761399E-02 2.2213411E-02 2.2659088E-02 2.3096617E-02 2.3524106E-02 2.3940021E-02 2.4341686E-02 2.4726376E-02 2.5092693E-02 2.5438648E-02 2.5762348E-02 2.6061852E-02 2.6335405E-02 2.6581280E-02 2.6797945E-02 2.6983939E-02 2.7138038E-02 2.7259169E-02 2.7346577E-02 2.7400209E-02 2.7419725E-02 2.7402338E-02 2.7348701E-02 2.7259579E-02 2.7135331E-02 2.6975846E-02 2.6782263E-02
1.1266596E-02 1.1514350E-02 1.1770939E-02 1.2036528E-02 1.2311253E-02 1.2595236E-02 1.2888562E-02 1.3191298E-02 1.3503462E-02 1.3825045E-02 1.4155982E-02 1.4496166E-02 1.4845432E-02 1.5203557E-02 1.5570248E-02 1.5945151E-02 1.6327817E-02 1.6717739E-02 1.7114300E-02 1.7516809E-02 1.7924463E-02 1.8336385E-02 1.8751573E-02 1.9168954E-02 1.9587317E-02 2.0005401E-02 2.0421807E-02 2.0835089E-02 2.1243675E-02 2.1645971E-02 2.2040216E-02 2.2424616E-02 2.2796940E-02 2.3156025E-02 2.3500742E-02 2.3828672E-02 2.4138045E-02 2.4427075E-02 2.4694184E-02 2.4937756E-02 2.5156369E-02 2.5348634E-02 2.5513342E-02 2.5649363E-02 2.5755752E-02 2.5831556E-02 2.5875526E-02 2.5887057E-02 2.5868278E-02 2.5818404E-02 2.5736928E-02 2.5624128E-02 2.5481159E-02 2.5308313E-02
1.1145889E-02 1.1379370E-02 1.1620874E-02 1.1870511E-02 1.2128402E-02 1.2394612E-02 1.2669208E-02 1.2952206E-02 1.3243606E-02 1.3543355E-02 1.3851374E-02 1.4167521E-02 1.4491625E-02 1.4823431E-02 1.5162664E-02 1.5508947E-02 1.5861854E-02 1.6220884E-02 1.6585462E-02 1.6954912E-02 1.7328514E-02 1.7705426E-02 1.8084750E-02 1.8465476E-02 1.8846534E-02 1.9226750E-02 1.9604897E-02 1.9979639E-02 2.0349625E-02 2.0713385E-02 2.1069506E-02 2.1416524E-02 2.1753334E-02 2.2077752E-02 2.2387560E-02 2.2681814E-02 2.2958992E-02 2.3217672E-02 2.3456367E-02 2.3673762E-02 2.3868548E-02 2.4039576E-02 2.4185754E-02 2.4306169E-02 2.4400018E-02 2.4466783E-02 2.4506550E-02 2.4519112E-02 2.4501950E-02 2.4455711E-02 2.4381103E-02 2.4278428E-02 2.4147497E-02 2.3989270E-02
1.1025596E-02 1.1245662E-02 1.1472994E-02 1.1707694E-02 1.1949827E-02 1.2199454E-02 1.2456586E-02 1.2721231E-02 1.2993351E-02 1.3272879E-02 1.3559701E-02 1.3853678E-02 1.4154601E-02 1.4462241E-02 1.4776284E-02 1.5096381E-02 1.5422111E-02 1.5752995E-02 1.6088480E-02 1.6427953E-02 1.6770707E-02 1.7115999E-02 1.7462967E-02 1.7810723E-02 1.8158259E-02 1.8504545E-02 1.8848442E-02 1.9188792E-02 1.9524332E-02 1.9853808E-02 2.0175820E-02 2.0488944E-02 2.0791372E-02 2.1082310E-02 2.1361001E-02 2.1625476E-02 2.1874374E-02 2.2106320E-02 2.2320114E-02 2.2514526E-02 2.2688484E-02 2.2840932E-02 2.2970974E-02 2.3077751E-02 2.3160549E-02 2.3218635E-02 2.3250980E-02 2.3257094E-02 2.3239018E-02 2.3196051E-02 2.3127725E-02 2.3034271E-02 2.2916704E-02 2.2775203E-02
1.0906178E-02 1.1113623E-02 1.1327665E-02 1.1548362E-02 1.1775765E-02 1.2009898E-02 1.2250765E-02 1.2498334E-02 1.2752556E-02 1.3013341E-02 1.3280570E-02 1.3554071E-02 1.3833655E-02 1.4119063E-02 1.4410002E-02 1.4706117E-02 1.5007014E-02 1.5312225E-02 1.5621239E-02 1.5933465E-02 1.6248269E-02 1.6564932E-02 1.6882701E-02 1.7200721E-02 1.7518122E-02 1.7833924E-02 1.8147150E-02 1.8456703E-02 1.8761519E-02 1.9060416E-02 1.9352298E-02 1.9636022E-02 1.9910796E-02 2.0174822E-02 2.0426268E-02 2.0664509E-02 2.0888390E-02 2.1096824E-02 2.1288665E-02 2.1462915E-02 2.1618569E-02 2.1754773E-02 2.1870695E-02 2.1965645E-02 2.2039033E-02 2.2090496E-02 2.2120217E-02 2.2128085E-02 2.2111800E-02 2.2071989E-02 2.2009306E-02 2.1924004E-02 2.1815835E-02 2.1685623E-02
1.0788108E-02 1.0983695E-02 1.1185260E-02 1.1392842E-02 1.1606465E-02 1.1826144E-02 1.2051844E-02 1.2283532E-02 1.2521135E-02 1.2764553E-02 1.3013647E-02 1.3268254E-02 1.3528161E-02 1.3793128E-02 1.4062851E-02 1.4337000E-02 1.4615182E-02 1.4896970E-02 1.5181864E-02 1.5469329E-02 1.5758758E-02 1.6049512E-02 1.6340865E-02 1.6632076E-02 1.6922314E-02 1.7210731E-02 1.7496398E-02 1.7778387E-02 1.8055674E-02 1.8327275E-02 1.8592061E-02 1.8848903E-02 1.9096304E-02 1.9333746E-02 1.9560754E-02 1.9775694E-02 1.9977506E-02 2.0165132E-02 2.0337652E-02 2.0494116E-02 2.0633709E-02 2.0755624E-02 2.0859189E-02 2.0943752E-02 2.1008767E-02 2.1053664E-02 2.1077560E-02 2.1080073E-02 2.1063153E-02 2.1026157E-02 2.0968646E-02 2.0890804E-02 2.0793542E-02 2.0676944E-02
