T2-onemodel/GL13.grd
DSAA
         100         100
  -20.00000       20.00000    
  -20.00000       20.00000    
  -2.603731       116.9469    
[rows 54 to 80 of 100, columns 0 to 60 of 100]
-1.398349 -1.251188 -1.088513 -0.9082047 -0.7080349 -0.4852493 -0.2368859 4.0677741E-02 0.3513948 0.7000031 1.091753 1.532820 2.030114 2.591653 3.226366 3.944466 4.757223 5.677285 6.718401 7.895503 9.224440 10.72172 12.40415 14.28829 16.39005 18.72389 21.30284 24.13753 27.23689 30.60736 34.25430 38.18121 42.39191 46.88926 51.67776 56.76089 62.14574 67.83685 73.83939 80.14469 86.71358 93.38536 99.63174 104.4496 107.5308 109.3942 110.4478 110.9355 110.9742 110.6395 109.9545 108.9331 107.5541 105.7943 103.5980 100.9062 97.61925 93.62428 88.74704 82.77559 75.39815
-1.307108 -1.164153 -1.006218 -0.8316596 -0.6380590 -0.4232087 -0.1840202 8.2486339E-02 0.3803117 0.7134229 1.086984 1.506248 1.977878 2.508754 3.107373 3.782587 4.545040 5.405794 6.377824 7.474360 8.710454 10.10100 11.66218 13.40924 15.35790 17.52176 19.91409 22.54507 25.42412 28.55736 31.95066 35.60703 39.53061 43.72345 48.19059 52.93594 57.96699 63.28931 68.91229 74.83627 81.05125 87.48118 93.86713 99.42349 103.2825 105.6100 106.9424 107.6052 107.7817 107.5661 107.0082 106.1246 104.9121 103.3488 101.3971 99.00116 96.08568 92.54990 88.25745 83.02610 76.60226
-1.188806 -1.050149 -0.8973510 -0.7286555 -0.5420642 -0.3352842 -0.1057350 0.1495924 0.4340658 0.7516003 1.106576 1.504080 1.949797 2.450293 3.012846 3.645825 4.358396 5.160977 6.064815 7.082412 8.226919 9.512575 10.95367 12.56509 14.36086 16.35473 18.55853 20.98310 23.63653 26.52598 29.65574 33.03014 36.65125 40.52295 44.64735 49.02991 53.67540 58.59354 63.79139 69.28021 75.05827 81.10416 87.29224 93.19170 97.83321 100.7428 102.3961 103.2454 103.5543 103.4493 103.0067 102.2490 101.1884 99.80423 98.07479 95.94846 93.37106 90.25079 86.48573 81.91570 76.34813
-1.040662 -0.9064949 -0.7590219 -0.5963984 -0.4170099 -0.2185189 1.2173126E-03 0.2451642 0.5161675 0.8179991 1.154399 1.530178 1.950218 2.420635 2.947734 3.539207 4.203036 4.948747 5.786183 6.726760 7.782099 8.965232 10.28897 11.76702 13.41218 15.23724 17.25318 19.47013 21.89568 24.53633 27.39601 30.47810 33.78425 37.31665 41.07724 45.07016 49.29968 53.77350 58.50013 63.49132 68.75524 74.29179 80.05246 85.83825 90.97942 94.55125 96.58133 97.63172 98.05756 98.05423 97.70837 97.06740 96.13972 94.92367 93.39377 91.51842 89.24379 86.50636 83.21209 79.24480 74.43731
-0.8604500 -0.7310472 -0.5889021 -0.4326425 -0.2604428 -7.0514932E-02 0.1394594 0.3718055 0.6294769 0.9154882 1.233611 1.587749 1.982686 2.423438 2.916080 3.466958 4.083646 4.774055 5.547459 6.413380 7.382730 8.466445 9.676606 11.02476 12.52310 14.18237 16.01324 18.02394 20.22210 22.61227 25.19861 27.98223 30.96496 34.14631 37.52789 41.10939 44.89521 48.88814 53.09724 57.52916 62.19781 67.10711 72.25250 77.54691 82.66386 86.72925 89.16098 90.39402 90.91796 90.99181 90.72878 90.18666 89.37980 88.31258 86.96491 85.31536 83.31843 80.92621 78.06087 74.63531 70.51482
-0.6483925 -0.5237879 -0.3871334 -0.2372498 -7.2385497E-02 0.1090109 0.3091184 0.5299761 0.7743086 1.044769 1.344791 1.677793 2.048093 2.460086 2.919175 3.430931 4.002020 4.639390 5.351137 6.145620 7.032327 8.020872 9.121712 10.34505 11.70136 13.20019 14.85055 16.65971 18.63368 20.77631 23.08992 25.57493 28.23069 31.05550 34.04762 37.20568 40.52851 44.01642 47.67091 51.49573 55.49551 59.67558 64.03430 68.54176 73.05721 77.07262 79.75607 81.10073 81.67820 81.79590 81.59903 81.13652 80.43902 79.50243 78.32399 76.87588 75.13444 73.05090 70.57755 67.63531 64.13834
-0.4106776 -0.2908657 -0.1598308 -1.6286043E-02 0.1411503 0.3141034 0.5043269 0.7138775 0.9449813 1.200237 1.482465 1.794949 2.141249 2.525505 2.952173 3.426417 3.953751 4.540508 5.193382 5.919918 6.727930 7.626030 8.622777 9.727252 10.94793 12.29324 13.77021 15.38516 17.14216 19.04424 21.09171 23.28409 25.61831 28.09141 30.69802 33.43371 36.29239 39.26999 42.35984 45.55819 48.85683 52.24987 55.71938 59.23717 62.71260 65.90176 68.24049 69.48454 70.02931 70.15945 70.00345 69.60862 69.00262 68.18461 67.15392 65.89024 64.37602 62.57378 60.44904 57.94317 54.99805
-0.1660780 -5.1141299E-02 7.4319936E-02 0.2114709 0.3615768 0.5260964 0.7066209 0.9049795 1.123182 1.363521 1.628518 1.921048 2.244266 2.601759 2.997453 3.435781 3.921553 4.460152 5.057373 5.719561 6.453420 7.266099 8.164872 9.157154 10.25003 11.45018 12.76328 14.19392 15.74500 17.41783 19.21166 21.12407 23.15073 25.28593 27.52258 29.85295 32.26747 34.75598 37.30643 39.90525 42.53497 45.17363 47.78884 50.33198 52.71806 54.79692 56.34419 57.26456 57.70467 57.81682 57.68297 57.34261 56.81422 56.10231 55.20362 54.10641 52.79466 51.24493 49.42908 47.31078 44.84860
6.2331900E-02 0.1723933 0.2923082 0.4231106 0.5659687 0.7221729 0.8931720 1.080582 1.286211 1.512067 1.760397 2.033700 2.334758 2.666664 3.032837 3.437061 3.883483 4.376650 4.921487 5.523290 6.187675 6.920515 7.727790 8.615454 9.589174 10.65408 11.81445 13.07337 14.43246 15.89169 17.44915 19.10112 20.84206 22.66490 24.56072 26.51903 28.52811 30.57441 32.64217 34.71290 36.76414 38.76804 40.68873 42.47912 44.07677 45.40504 46.39271 47.02385 47.34823 47.42732 47.30512 47.00704 46.54602 45.92579 45.14410 44.19372 43.06281 41.73547 40.19242 38.41096 36.36638
0.2634568 0.3686797 0.4830946 0.6076379 0.7433590 0.8914171 1.053109 1.229869 1.423299 1.635171 1.867457 2.122333 2.402222 2.709785 3.047967 3.419986 3.829364 4.279915 4.775763 5.321276 5.921071 6.579888 7.302521 8.093630 8.957571 9.898118 10.91825 12.01979 13.20324 14.46748 15.80972 17.22536 18.70808 20.24975 21.84086 23.47041 25.12543 26.79134 28.45156 30.08708 31.67604 33.19302 34.60857 35.88900 36.99776 37.89976 38.57233 39.01512 39.24671 39.29342 39.17743 38.91379 38.51070 37.97118 37.29372 36.47311 35.50155 34.36889 33.06296 31.57073 29.87958
0.4353997 0.5358436 0.6448393 0.7632340 0.8919685 1.032083 1.184725 1.351172 1.532830 1.731258 1.948174 2.185472 2.445233 2.729749 3.041521 3.383275 3.757962 4.168765 4.619073 5.112458 5.652628 6.243358 6.888376 7.591243 8.355158 9.182761 10.07591 11.03544 12.06093 13.15054 14.30089 15.50700 16.76232 18.05884 19.38689 20.73527 22.09171 23.44243 24.77216 26.06407 27.29973 28.45918 29.52120 30.46425 31.26798 31.91644 32.40041 32.71975 32.88368 32.90434 32.79317 32.55857 32.20566 31.73615 31.14924 30.44209 29.60970 28.64578 27.54352 26.29634 24.89959
0.5798770 0.6756155 0.7792978 0.8916826 1.013613 1.146010 1.289897 1.446395 1.616746 1.802302 2.004562 2.225154 2.465870 2.728655 3.015627 3.329070 3.671441 4.045353 4.453572 4.898963 5.384469 5.913018 6.487453 7.110388 7.784082 8.510239 9.289845 10.12295 11.00852 11.94424 12.92651 13.95027 15.00914 16.09534 17.19999 18.31321 19.42374 20.51941 21.58721 22.61329 23.58323 24.48221 25.29562 26.00964 26.61244 27.09504 27.45336 27.68849 27.80397 27.80569 27.69955 27.49038 27.18114 26.77324 26.26624 25.65813 24.94625 24.12737 23.19822 22.15653 21.00211
0.6997514 0.7908831 0.8893772 0.9959106 1.111236 1.236173 1.371620 1.518567 1.678093 1.851379 2.039714 2.244500 2.467262 2.709645 2.973424 3.260504 3.572901 3.912747 4.282263 4.683720 5.119402 5.591546 6.102246 6.653361 7.246384 7.882297 8.561430 9.283289 10.04643 10.84837 11.68546 12.55293 13.44489 14.35444 15.27357 16.19328 17.10410 17.99589 18.85801 19.67949 20.44931 21.15669 21.79143 22.34450 22.80854 23.17866 23.45208 23.62801 23.70879 23.69744 23.59715 23.41059 23.13961 22.78495 22.34659 21.82397 21.21576 20.52055 19.73745 18.86666 17.91045
0.7982186 0.8848566 0.9783037 1.079164 1.188107 1.305853 1.433198 1.571004 1.720212 1.881841 2.057001 2.246885 2.452784 2.676085 2.918263 3.180887 3.465604 3.774129 4.108224 4.469658 4.860180 5.281447 5.734961 6.221974 6.743399 7.299670 7.890656 8.515509 9.172585 9.859356 10.57238 11.30725 12.05867 12.82043 13.58576 14.34732 15.09703 15.82651 16.52724 17.19065 17.80837 18.37244 18.87562 19.31162 19.67542 19.96330 20.17353 20.30635 20.36212 20.34227 20.24846 20.08228 19.84485 19.53698 19.15885 18.71009 18.19055 17.60024 16.93962 16.21033 15.41566
0.8783126 0.9605828 1.049137 1.144517 1.247311 1.358156 1.477748 1.606837 1.746239 1.896832 2.059562 2.235444 2.425564 2.631077 2.853206 3.093231 3.352479 3.632320 3.934130 4.259268 4.609039 4.984644 5.387112 5.817237 6.275485 6.761916 7.276074 7.816922 8.382744 8.971121 9.578873 10.20209 10.83617 11.47594 12.11552 12.74851 13.36844 13.96858 14.54216 15.08249 15.58316 16.03821 16.44231 16.79095 17.08057 17.30886 17.47420 17.57546 17.61319 17.58814 17.50125 17.35341 17.14544 16.87779 16.55089 16.16530 15.72130 15.21954 14.66132 14.04888 13.38587
0.9428354 1.020872 1.104702 1.194802 1.291693 1.395933 1.508130 1.628933 1.759047 1.899223 2.050267 2.213033 2.388432 2.577418 2.780998 3.000203 3.236099 3.489761 3.762251 4.054591 4.367737 4.702523 5.059624 5.439476 5.842242 6.267702 6.715228 7.183680 7.671382 8.176072 8.694908 9.224442 9.760698 10.29915 10.83500 11.36325 11.87846 12.37514 12.84791 13.29150 13.70095 14.07171 14.39975 14.68162 14.91460 15.09651 15.22619 15.30355 15.32821 15.30037 15.22050 15.08920 14.90705 14.67469 14.39265 14.06127 13.68143 13.25429 12.78150 12.26554 11.70993
0.9942065 1.068156 1.147435 1.232466 1.323705 1.421643 1.526805 1.639755 1.761095 1.891467 2.031552 2.182068 2.343769 2.517444 2.703908 2.903993 3.118538 3.348379 3.594321 3.857120 4.137448 4.435867 4.752769 5.088352 5.442543 5.814965 6.204879 6.611139 7.032151 7.465868 7.909767 8.360894 8.815872 9.271042 9.722308 10.16527 10.59568 11.00916 11.40139 11.76822 12.10576 12.41044 12.67915 12.90923 13.09861 13.24586 13.34980 13.40936 13.42458 13.39558 13.32267 13.20619 13.04665 12.84446 12.60025 12.31498 11.98953 11.62514 11.22362 10.78739 10.31969
1.034554 1.104565 1.179474 1.259650 1.345497 1.437435 1.535926 1.641450 1.754525 1.875693 2.005530 2.144630 2.293622 2.453145 2.623859 2.806425 3.001499 3.209717 3.431684 3.667936 3.918937 4.185029 4.466410 4.763087 5.074855 5.401227 5.741431 6.094348 6.458514 6.832089 7.212879 7.598322 7.985554 8.371367 8.752486 9.125574 9.486982 9.833136 10.16056 10.46593 10.74615 10.99840 11.22020 11.40943 11.56435 11.68347 11.76596 11.81168 11.82010 11.79111 11.72485 11.62164 11.48186 11.30613 11.09508 10.84930 10.56992 10.25834 9.916291 9.546084 9.150575
1.065655 1.131884 1.202605 1.278146 1.358854 1.445100 1.537275 1.635797 1.741103 1.853652 1.973923 2.102414 2.239635 2.386109 2.542360 2.708910 2.886261 3.074897 3.275250 3.487699 3.712534 3.949945 4.199980 4.462530 4.737287 5.023726 5.321066 5.628262 5.943974 6.266586 6.594183 6.924600 7.255427 7.584127 7.907867 8.223642 8.528634 8.819978 9.094861 9.350605 9.584717 9.794931 9.979253 10.13598 10.26374 10.36160 10.42867 10.46401 10.46758 10.43933 10.37939 10.28796 10.16543 10.01221 9.828936 9.616645 9.376287 9.109131 8.816832 8.501438 8.165467
1.089051 1.151655 1.218376 1.289497 1.365325 1.446176 1.532391 1.624322 1.722340 1.826833 1.938199 2.056844 2.183190 2.317651 2.460647 2.612578 2.773830 2.944753 3.125659 3.316788 3.518315 3.730306 3.952712 4.185340 4.427834 4.679646 4.940033 5.208017 5.482409 5.761774 6.044471 6.328631 6.612216 6.892967 7.168644 7.437024 7.695630 7.942079 8.174076 8.389441 8.586149 8.762355 8.916432 9.046963 9.152769 9.232778 9.286381 9.313487 9.313608 9.286601 9.232511 9.151563 9.044075 8.910621 8.751809 8.568230 8.360951 8.131251 7.880625 7.610904 7.324236
1.106008 1.165145 1.228050 1.294970 1.366169 1.441923 1.522519 1.608259 1.699456 1.796432 1.899517 2.009047 2.125356 2.248780 2.379642 2.518253 2.664897 2.819826 2.983246 3.155306 3.336081 3.525560 3.723620 3.930022 4.144383 4.366167 4.594666 4.828995 5.068089 5.310703 5.555410 5.800643 6.044689 6.285783 6.521962 6.751131 6.971407 7.180866 7.377632 7.559913 7.726052 7.874535 8.004018 8.113357 8.201598 8.268109 8.312224 8.333176 8.330921 8.305418 8.256735 8.185037 8.090652 7.973938 7.835485 7.676238 7.497034 7.298955 7.083346 6.851796 6.606155
1.117614 1.173443 1.232717 1.295649 1.362469 1.433411 1.508723 1.588659 1.673481 1.763456 1.858858 1.959955 2.067020 2.180314 2.300088 2.426574 2.559978 2.700474 2.848191 3.003200 3.165513 3.335056 3.511667 3.695076 3.884897 4.080610 4.281565 4.486959 4.695851 4.907150 5.119636 5.331952 5.542641 5.750099 5.952785 6.149199 6.337627 6.516443 6.684091 6.839095 6.980086 7.105806 7.215147 7.307128 7.380919 7.435730 7.471127 7.487088 7.483212 7.459375 7.415607 7.352097 7.269116 7.167171 7.046797 6.908484 6.753146 6.581831 6.395721 6.196202 5.984840
1.124761 1.177439 1.233263 1.292417 1.355099 1.421511 1.491859 1.566361 1.645233 1.728698 1.816976 1.910288 2.008845 2.112853 2.222502 2.337961 2.459375 2.586855 2.720472 2.860242 3.006127 3.158018 3.315721 3.478957 3.647347 3.820404 3.997527 4.178000 4.360988 4.545548 4.730621 4.915069 5.097664 5.277178 5.452221 5.621305 5.783154 5.936447 6.079898 6.212283 6.332458 6.439386 6.532130 6.609898 6.672019 6.718062 6.747534 6.759812 6.754895 6.732758 6.693462 6.637148 6.564101 6.474610 6.369184 6.248625 6.113611 5.964996 5.803822 5.631273 5.448695
1.128223 1.177905 1.230456 1.286037 1.344817 1.406966 1.472661 1.542082 1.615410 1.692827 1.774512 1.860639 1.951377 2.046880 2.147292 2.252730 2.363291 2.479038 2.599998 2.726147 2.857414 2.993662 3.134688 3.280210 3.429865 3.583198 3.739668 3.898628 4.059349 4.221004 4.382687 4.543406 4.702112 4.857648 5.008937 5.154964 5.294512 5.426445 5.549686 5.663212 5.766069 5.857384 5.936379 6.002359 6.054732 6.092912 6.116590 6.125811 6.120247 6.099810 6.064532 6.014576 5.950171 5.871746 5.779745 5.674541 5.556877 5.427576 5.287538 5.137794 4.979474
1.128627 1.175463 1.224915 1.277121 1.332224 1.390370 1.451707 1.516384 1.584551 1.656356 1.731942 1.811448 1.895003 1.982723 2.074709 2.171045 2.271784 2.376956 2.486552 2.600524 2.718775 2.841156 2.967457 3.097406 3.230656 3.366793 3.505322 3.645673 3.787199 3.929186 4.070848 4.211348 4.349804 4.485346 4.616977 4.743613 4.864379 4.978351 5.084631 5.182357 5.270730 5.349020 5.416566 5.472803 5.517260 5.549645 5.569597 5.576610 5.570716 5.551911 5.520259 5.475877 5.419004 5.349873 5.268889 5.176727 5.073905 4.961072 4.839018 4.708618 4.570843
1.126522 1.170661 1.217182 1.266204 1.317849 1.372238 1.429498 1.489750 1.553118 1.619720 1.689672 1.763079 1.840040 1.920639 2.004947 2.093014 2.184868 2.280507 2.379901 2.482981 2.589637 2.699712 2.813000 2.929236 3.048104 3.169216 3.292133 3.416344 3.541286 3.666327 3.790798 3.913963 4.035058 4.153234 4.267731 4.377854 4.482721 4.581525 4.673505 4.757935 4.834141 4.901505 4.959473 5.007545 5.045295 5.072279 5.088288 5.093409 5.087381 5.070139 5.041720 5.002261 4.951953 4.891153 4.820214 4.739405 4.649312 4.550574 4.443861 4.329938 4.209624
1.122345 1.163930 1.207682 1.253704 1.302099 1.352969 1.406417 1.462546 1.521455 1.583238 1.647985 1.715778 1.786689 1.860778 1.938088 2.018647 2.102459 2.189504 2.279733 2.373065 2.469383 2.568528 2.670299 2.774448 2.880678 2.988643 3.097941 3.208126 3.318693 3.429105 3.538769 3.647069 3.753360 3.857022 3.957327 4.053469 4.144836 4.230778 4.310652 4.383845 4.449786 4.507955 4.557877 4.599150 4.631435 4.654546 4.668211 4.672019 4.666021 4.650237 4.624722 4.589578 4.545001 4.491165 4.428393 4.357239 4.278090 4.191435 4.097861 3.998015 3.892606
