T2-onemodel/GL21.grd
DSAA
         100         100
  -20.00000       20.00000    
  -20.00000       20.00000    
 -5.8942446E-03   1.112680    
[rows 24 to 47 of 100, columns 0 to 53 of 100]
3.8382839E-03 4.1863718E-03 4.5543574E-03 4.9434598E-03 5.3549353E-03 5.7901223E-03 6.2503912E-03 6.7372485E-03 7.2522191E-03 7.7969404E-03 8.3730901E-03 8.9824591E-03 9.6268728E-03 1.0308273E-02 1.1028653E-02 1.1790080E-02 1.2594683E-02 1.3444661E-02 1.4342260E-02 1.5289754E-02 1.6289515E-02 1.7343847E-02 1.8455165E-02 1.9625708E-02 2.0857908E-02 2.2153759E-02 2.3515511E-02 2.4943689E-02 2.6441254E-02 2.8011804E-02 2.9653247E-02 3.1368203E-02 3.3154353E-02 3.5013076E-02 3.6940195E-02 3.8935140E-02 4.0991090E-02 4.3104731E-02 4.5265589E-02 4.7466706E-02 4.9692985E-02 5.1933009E-02 5.4166302E-02 5.6376729E-02 5.8538362E-02 6.0631081E-02 6.2624715E-02 6.4498499E-02 6.6219032E-02 6.7763425E-02 6.9104508E-02 7.0223972E-02 7.1095176E-02 7.1711682E-02
3.8490808E-03 4.2146319E-03 4.6016444E-03 5.0114300E-03 5.4454366E-03 5.9051225E-03 6.3920924E-03 6.9079935E-03 7.4546076E-03 8.0337636E-03 8.6474223E-03 9.2976037E-03 9.9864602E-03 1.0716219E-02 1.1489228E-02 1.2307910E-02 1.3174777E-02 1.4092453E-02 1.5063625E-02 1.6091092E-02 1.7177682E-02 1.8326342E-02 1.9539949E-02 2.0821575E-02 2.2174064E-02 2.3600545E-02 2.5103770E-02 2.6687883E-02 2.8354142E-02 3.0102544E-02 3.1938199E-02 3.3860307E-02 3.5871938E-02 3.7970714E-02 4.0157989E-02 4.2428929E-02 4.4782273E-02 4.7209594E-02 4.9705833E-02 5.2257594E-02 5.4854717E-02 5.7477470E-02 6.0109533E-02 6.2723920E-02 6.5298021E-02 6.7797855E-02 7.0195884E-02 7.2452053E-02 7.4538901E-02 7.6419458E-02 7.8065239E-02 7.9444379E-02 8.0541886E-02 8.1329897E-02
3.8365948E-03 4.2203325E-03 4.6271542E-03 5.0585619E-03 5.5161263E-03 6.0015381E-03 6.5165553E-03 7.0630838E-03 7.6431041E-03 8.2587302E-03 8.9121768E-03 9.6057933E-03 1.0342030E-02 1.1123497E-02 1.1952910E-02 1.2833106E-02 1.3767052E-02 1.4757841E-02 1.5808722E-02 1.6923003E-02 1.8104188E-02 1.9355785E-02 2.0681523E-02 2.2085031E-02 2.3570258E-02 2.5140781E-02 2.6800569E-02 2.8551849E-02 3.0399567E-02 3.2349460E-02 3.4401294E-02 3.6559936E-02 3.8825050E-02 4.1200198E-02 4.3682989E-02 4.6274714E-02 4.8969727E-02 5.1765699E-02 5.4652035E-02 5.7621062E-02 6.0655288E-02 6.3739844E-02 6.6848427E-02 6.9957547E-02 7.3031135E-02 7.6037325E-02 7.8931347E-02 8.1677131E-02 8.4223829E-02 8.6531989E-02 8.8557765E-02 9.0268947E-02 9.1625564E-02 9.2614114E-02
3.7959162E-03 4.1985200E-03 4.6259868E-03 5.0799199E-03 5.5621457E-03 6.0744858E-03 6.6189836E-03 7.1977302E-03 7.8130141E-03 8.4672039E-03 9.1628572E-03 9.9026244E-03 1.0689374E-02 1.1526073E-02 1.2415905E-02 1.3362155E-02 1.4368318E-02 1.5438062E-02 1.6575210E-02 1.7783765E-02 1.9067876E-02 2.0431926E-02 2.1880344E-02 2.3417858E-02 2.5049109E-02 2.6779201E-02 2.8612921E-02 3.0556766E-02 3.2614272E-02 3.4787830E-02 3.7085433E-02 3.9508894E-02 4.2064290E-02 4.4751968E-02 4.7576256E-02 5.0534781E-02 5.3628802E-02 5.6851480E-02 6.0198974E-02 6.3657545E-02 6.7215733E-02 7.0850037E-02 7.4538663E-02 7.8245737E-02 8.1937373E-02 8.5564390E-02 8.9081757E-02 9.2428207E-02 9.5554590E-02 9.8400436E-02 0.1009158 0.1030485 0.1047692 0.1060366
3.7213534E-03 4.1435561E-03 4.5924447E-03 5.0698798E-03 5.5778120E-03 6.1183674E-03 6.6937599E-03 7.3064137E-03 7.9588527E-03 8.6538056E-03 9.3941586E-03 1.0182969E-02 1.1023485E-02 1.1919179E-02 1.2873665E-02 1.3890826E-02 1.4974725E-02 1.6129661E-02 1.7360181E-02 1.8671015E-02 2.0067202E-02 2.1553926E-02 2.3136739E-02 2.4821253E-02 2.6613574E-02 2.8519580E-02 3.0545793E-02 3.2697070E-02 3.4981418E-02 3.7407890E-02 3.9979432E-02 4.2704660E-02 4.5586847E-02 4.8633628E-02 5.1846419E-02 5.5230577E-02 5.8783919E-02 6.2507503E-02 6.6392928E-02 7.0433989E-02 7.4612483E-02 7.8911081E-02 8.3297603E-02 8.7739728E-02 9.2187636E-02 9.6591987E-02 0.1008850 0.1050043 0.1088686 0.1124075 0.1155458 0.1182247 0.1203802 0.1219860
3.6060843E-03 4.0485412E-03 4.5196922E-03 5.0215404E-03 5.5563161E-03 6.1263274E-03 6.7341221E-03 7.3823598E-03 8.0739511E-03 8.8119237E-03 9.5996037E-03 1.0440445E-02 1.1338197E-02 1.2296799E-02 1.3320480E-02 1.4413706E-02 1.5581219E-02 1.6828073E-02 1.8159591E-02 1.9581417E-02 2.1099484E-02 2.2720153E-02 2.4449965E-02 2.6296014E-02 2.8265484E-02 3.0366251E-02 3.2606184E-02 3.4995191E-02 3.7540346E-02 4.0247835E-02 4.3130137E-02 4.6193507E-02 4.9449123E-02 5.2902363E-02 5.6563128E-02 6.0434405E-02 6.4523064E-02 6.8827190E-02 7.3347576E-02 7.8073479E-02 8.2995176E-02 8.8087738E-02 9.3325071E-02 9.8661795E-02 0.1040497 0.1094182 0.1146946 0.1197823 0.1245926 0.1290209 0.1329746 0.1363614 0.1391233 0.1411949
3.4423177E-03 3.9057548E-03 4.3999497E-03 4.9271765E-03 5.4898672E-03 6.0906592E-03 6.7323209E-03 7.4179159E-03 8.1506576E-03 8.9340303E-03 9.7717391E-03 1.0667764E-02 1.1626341E-02 1.2652033E-02 1.3749675E-02 1.4924468E-02 1.6181890E-02 1.7527841E-02 1.8968597E-02 2.0510765E-02 2.2161473E-02 2.3928184E-02 2.5818964E-02 2.7842164E-02 3.0006895E-02 3.2322377E-02 3.4798782E-02 3.7444867E-02 4.0273190E-02 4.3297779E-02 4.6526697E-02 4.9974535E-02 5.3650670E-02 5.7569746E-02 6.1740212E-02 6.6175200E-02 7.0880100E-02 7.5863853E-02 8.1125051E-02 8.6663969E-02 9.2466533E-02 9.8517433E-02 0.1047818 0.1112198 0.1177662 0.1243484 0.1308643 0.1372080 0.1432429 0.1488384 0.1538557 0.1581788 0.1616944 0.1643512
3.2208990E-03 3.7059591E-03 4.2240121E-03 4.7775372E-03 5.3692828E-03 6.0021109E-03 6.6792066E-03 7.4039139E-03 8.1799123E-03 9.0110768E-03 9.9016530E-03 1.0856102E-02 1.1879316E-02 1.2976457E-02 1.4153146E-02 1.5415315E-02 1.6769355E-02 1.8222125E-02 1.9780936E-02 2.1453608E-02 2.3248496E-02 2.5174592E-02 2.7241359E-02 2.9459111E-02 3.1838570E-02 3.4391571E-02 3.7130330E-02 4.0069696E-02 4.3221943E-02 4.6599045E-02 5.0220255E-02 5.4098926E-02 5.8254357E-02 6.2700473E-02 6.7456871E-02 7.2536409E-02 7.7956960E-02 8.3727352E-02 8.9859687E-02 9.6353255E-02 0.1032075 0.1104033 0.1179170 0.1256982 0.1336862 0.1417852 0.1498844 0.1578311 0.1654661 0.1725975 0.1790407 0.1846131 0.1891887 0.1926534
2.9319434E-03 3.4392891E-03 3.9819488E-03 4.5627160E-03 5.1845843E-03 5.8507896E-03 6.5648151E-03 7.3304567E-03 8.1518171E-03 9.0332814E-03 9.9796038E-03 1.0995900E-02 1.2087687E-02 1.3260904E-02 1.4521945E-02 1.5877683E-02 1.7335495E-02 1.8903317E-02 2.0589717E-02 2.2403793E-02 2.4355499E-02 2.6455307E-02 2.8714694E-02 3.1145729E-02 3.3761773E-02 3.6576573E-02 3.9605543E-02 4.2863015E-02 4.6368103E-02 5.0142158E-02 5.4200996E-02 5.8568273E-02 6.3263141E-02 6.8311438E-02 7.3733553E-02 7.9556115E-02 8.5798629E-02 9.2485622E-02 9.9631250E-02 0.1072520 0.1153485 0.1239189 0.1329367 0.1423651 0.1521310 0.1621410 0.1722519 0.1822946 0.1920393 0.2012364 0.2096047 0.2168862 0.2228437 0.2273627
2.5645415E-03 3.0947726E-03 3.6628374E-03 4.2717126E-03 4.9248124E-03 5.6256340E-03 6.3781468E-03 7.1865371E-03 8.0554234E-03 8.9897066E-03 9.9947974E-03 1.1076431E-02 1.2240924E-02 1.3495013E-02 1.4846053E-02 1.6301919E-02 1.7871104E-02 1.9562816E-02 2.1387013E-02 2.3354359E-02 2.5476426E-02 2.7765712E-02 3.0235616E-02 3.2900851E-02 3.5776980E-02 3.8881283E-02 4.2232037E-02 4.5851029E-02 4.9758043E-02 5.3973459E-02 5.8526468E-02 6.3441083E-02 6.8748996E-02 7.4477620E-02 8.0662087E-02 8.7332025E-02 9.4524316E-02 0.1022680 0.1105975 0.1195348 0.1291030 0.1393052 0.1501377 0.1615639 0.1735281 0.1859231 0.1986057 0.2113565 0.2239082 0.2359065 0.2469550 0.2566290 0.2645937 0.2705998
2.1085143E-03 2.6622259E-03 3.2563659E-03 3.8942506E-03 4.5795902E-03 5.3163422E-03 6.1088311E-03 6.9618030E-03 7.8803478E-03 8.8700708E-03 9.9369669E-03 1.1087590E-02 1.2329054E-02 1.3669083E-02 1.5116041E-02 1.6678935E-02 1.8367592E-02 2.0192647E-02 2.2165628E-02 2.4298931E-02 2.6606182E-02 2.9101931E-02 3.1802211E-02 3.4724131E-02 3.7886765E-02 4.1310139E-02 4.5016840E-02 4.9029019E-02 5.3375024E-02 5.8086585E-02 6.3190803E-02 6.8724565E-02 7.4721694E-02 8.1224956E-02 8.8273503E-02 9.5915504E-02 0.1041942 0.1131609 0.1228588 0.1333366 0.1446286 0.1567681 0.1697630 0.1836088 0.1982568 0.2136264 0.2295635 0.2458522 0.2621547 0.2780270 0.2928764 0.3060291 0.3168134 0.3248681
1.5558247E-03 2.1335236E-03 2.7544040E-03 3.4220754E-03 4.1406965E-03 4.9145701E-03 5.7485704E-03 6.6478965E-03 7.6183369E-03 8.6660581E-03 9.7979223E-03 1.1021238E-02 1.2344130E-02 1.3775328E-02 1.5324385E-02 1.7001653E-02 1.8818382E-02 2.0786865E-02 2.2920396E-02 2.5233466E-02 2.7741816E-02 3.0462727E-02 3.3414740E-02 3.6618516E-02 4.0096104E-02 4.3872267E-02 4.7973491E-02 5.2431181E-02 5.7275534E-02 6.2538840E-02 6.8264231E-02 7.4491151E-02 8.1269234E-02 8.8646039E-02 9.6679799E-02 0.1054263 0.1149524 0.1253205 0.1366030 0.1488638 0.1621727 0.1765831 0.1921456 0.2088795 0.2267852 0.2458062 0.2658370 0.2866651 0.3079688 0.3292183 0.3496267 0.3680660 0.3832830 0.3943654
9.0720679E-04 1.5094014E-03 2.1576080E-03 2.8558876E-03 3.6087048E-03 4.4209110E-03 5.2978382E-03 6.2453267E-03 7.2697615E-03 8.3781378E-03 9.5781134E-03 1.0877970E-02 1.2286833E-02 1.3814662E-02 1.5472339E-02 1.7271681E-02 1.9225609E-02 2.1348221E-02 2.3655009E-02 2.6162604E-02 2.8889516E-02 3.1855665E-02 3.5083167E-02 3.8595874E-02 4.2420465E-02 4.6585497E-02 5.1123317E-02 5.6066729E-02 6.1456770E-02 6.7339458E-02 7.3757738E-02 8.0767073E-02 8.8422135E-02 9.6790083E-02 0.1059374 0.1159442 0.1268896 0.1388667 0.1519653 0.1662880 0.1819293 0.1989913 0.2175585 0.2377134 0.2595031 0.2829546 0.3080270 0.3346194 0.3624760 0.3911376 0.4196976 0.4464781 0.4687067 0.4841829
1.8565056E-04 8.1271440E-04 1.4888028E-03 2.2183226E-03 3.0062513E-03 3.8578627E-03 4.7791372E-03 5.7764873E-03 6.8570864E-03 8.0287298E-03 9.2999954E-03 1.0680243E-02 1.2179757E-02 1.3809869E-02 1.5582912E-02 1.7512467E-02 1.9613186E-02 2.1901498E-02 2.4394965E-02 2.7113214E-02 3.0077292E-02 3.3310980E-02 3.6839489E-02 4.0691532E-02 4.4897616E-02 4.9492866E-02 5.4514483E-02 6.0007263E-02 6.6015042E-02 7.2587065E-02 7.9784878E-02 8.7670021E-02 9.6316159E-02 0.1058000 0.1162115 0.1276450 0.1402090 0.1540173 0.1691971 0.1858801 0.2042090 0.2243279 0.2463854 0.2705258 0.2968874 0.3255950 0.3567474 0.3904057 0.4265397 0.4649431 0.5048336 0.5439794 0.5767301 0.5976354
-5.4298242E-04 1.0952175E-04 8.1367290E-04 1.5753676E-03 2.3988332E-03 3.2912279E-03 4.2578145E-03 5.3070006E-03 6.4455136E-03 7.6832906E-03 9.0287197E-03 1.0493605E-02 1.2088192E-02 1.3826745E-02 1.5721841E-02 1.7790414E-02 2.0047795E-02 2.2514256E-02 2.5208643E-02 2.8155066E-02 3.1376500E-02 3.4901939E-02 3.8759466E-02 4.2984035E-02 4.7610261E-02 5.2680437E-02 5.8237426E-02 6.4331152E-02 7.1016788E-02 7.8362592E-02 8.6429842E-02 9.5302522E-02 0.1050602 0.1158071 0.1276433 0.1406971 0.1550929 0.1709872 0.1885308 0.2079105 0.2293036 0.2529272 0.2789835 0.3077193 0.3393615 0.3741924 0.4124688 0.4545117 0.5005453 0.5506095 0.6035711 0.6545916 0.6937109 0.7166543
-1.2041719E-03 -5.2662607E-04 2.0661434E-04 1.0002286E-03 1.8607515E-03 2.7939926E-03 3.8078881E-03 4.9096518E-03 6.1088568E-03 7.4144443E-03 8.8380026E-03 1.0390508E-02 1.2085937E-02 1.3937931E-02 1.5963294E-02 1.8178731E-02 2.0604502E-02 2.3261042E-02 2.6172938E-02 2.9364999E-02 3.2866925E-02 3.6709234E-02 4.0927846E-02 4.5560289E-02 5.0650399E-02 5.6244645E-02 6.2397227E-02 6.9167852E-02 7.6621726E-02 8.4827371E-02 9.3874522E-02 0.1038503 0.1148648 0.1270290 0.1404803 0.1553587 0.1718353 0.1900845 0.2103166 0.2327455 0.2576268 0.2852195 0.3158336 0.3497860 0.3874632 0.4292700 0.4757057 0.5272563 0.5843046 0.6461869 0.7084971 0.7608621 0.7961645 0.8165022
-1.7657225E-03 -1.0623249E-03 -3.0043640E-04 5.2615086E-04 1.4234832E-03 2.3991808E-03 3.4606035E-03 4.6171602E-03 5.8780294E-03 7.2546969E-03 8.7584881E-03 1.0403417E-02 1.2203543E-02 1.4175974E-02 1.6338058E-02 1.8710600E-02 2.1314910E-02 2.4176337E-02 2.7321098E-02 3.0779948E-02 3.4585096E-02 3.8774069E-02 4.3386441E-02 4.8468124E-02 5.4068223E-02 6.0243122E-02 6.7053966E-02 7.4568853E-02 8.2866400E-02 9.2039317E-02 0.1021784 0.1133995 0.1258210 0.1395891 0.1548543 0.1718006 0.1906183 0.2115374 0.2347964 0.2606811 0.2894886 0.3215757 0.3573182 0.3971743 0.4416376 0.4913158 0.5468289 0.6087139 0.6764663 0.7458060 0.8062783 0.8501614 0.8783782 0.8946226
-2.2226234E-03 -1.4939016E-03 -7.0276274E-04 1.5648050E-04 1.0916059E-03 2.1097055E-03 3.2202087E-03 4.4320910E-03 5.7570208E-03 7.2062011E-03 8.7939287E-03 1.0534216E-02 1.2444601E-02 1.4542717E-02 1.6849903E-02 1.9388143E-02 2.2183605E-02 2.5263380E-02 2.8659619E-02 3.2405686E-02 3.6540922E-02 4.1106675E-02 4.6151020E-02 5.1725239E-02 5.7888702E-02 6.4705320E-02 7.2249033E-02 8.0602169E-02 8.9855023E-02 0.1001047 0.1114742 0.1240878 0.1380987 0.1536658 0.1709830 0.1902524 0.2117188 0.2356382 0.2623183 0.2920829 0.3253213 0.3624482 0.4039695 0.4504344 0.5025150 0.5609032 0.6262097 0.6979994 0.7720391 0.8378350 0.8874750 0.9214702 0.9429769 0.9549243
-2.5818232E-03 -1.8274442E-03 -1.0076506E-03 -1.1506835E-04 8.5740932E-04 1.9189424E-03 3.0785233E-03 4.3474534E-03 5.7371324E-03 7.2615556E-03 8.9351041E-03 1.0775133E-02 1.2799547E-02 1.5030134E-02 1.7489269E-02 2.0203749E-02 2.3201570E-02 2.6515728E-02 3.0181143E-02 3.4238383E-02 3.8730644E-02 4.3707993E-02 4.9224071E-02 5.5340718E-02 6.2124748E-02 6.9652677E-02 7.8008398E-02 8.7285332E-02 9.7591296E-02 0.1090524 0.1217959 0.1359808 0.1517726 0.1693729 0.1889931 0.2108887 0.2353286 0.2626360 0.2931534 0.3272922 0.3654941 0.4082952 0.4562813 0.5101634 0.5706763 0.6384725 0.7131547 0.7905067 0.8600100 0.9136760 0.9518574 0.9774790 0.9932184 1.001012
-2.8525877E-03 -2.0733383E-03 -1.2245328E-03 -2.9940417E-04 7.1108190E-04 1.8155928E-03 3.0252861E-03 4.3513142E-03 5.8075953E-03 7.4082576E-03 9.1707408E-03 1.1112953E-02 1.3256685E-02 1.5624678E-02 1.8244186E-02 2.1143800E-02 2.4357345E-02 2.7920643E-02 3.1875893E-02 3.6267653E-02 4.1148014E-02 4.6572797E-02 5.2606337E-02 5.9318185E-02 6.6788279E-02 7.5103581E-02 8.4364243E-02 9.4681971E-02 0.1061802 0.1189925 0.1332852 0.1492292 0.1670325 0.1869138 0.2091364 0.2339792 0.2617763 0.2928835 0.3277277 0.3667682 0.4105621 0.4597180 0.5149724 0.5770863 0.6467368 0.7235467 0.8033071 0.8754906 0.9320797 0.9733504 1.002111 1.020889 1.031473 1.035208
-3.0458702E-03 -2.2416692E-03 -1.3649443E-03 -4.0700936E-04 6.4061402E-04 1.7886463E-03 3.0479147E-03 4.4320691E-03 5.9550307E-03 7.6339385E-03 9.4866157E-03 1.1534686E-02 1.3800932E-02 1.6312750E-02 1.9099109E-02 2.2194475E-02 2.5635369E-02 2.9465027E-02 3.3729609E-02 3.8482781E-02 4.3782495E-02 4.9695604E-02 5.6294285E-02 6.3661709E-02 7.1888305E-02 8.1077367E-02 9.1342397E-02 0.1028103 0.1156268 0.1299607 0.1459861 0.1639160 0.1839750 0.2064331 0.2315765 0.2597475 0.2913115 0.3267060 0.3664030 0.4109729 0.4610402 0.5173573 0.5807024 0.6517677 0.7301891 0.8117639 0.8859648 0.9447553 0.9883662 1.019549 1.040753 1.053685 1.059609 1.059348
-3.1708453E-03 -2.3429790E-03 -1.4382877E-03 -4.4876258E-04 6.3602219E-04 1.8264767E-03 3.1357741E-03 4.5773680E-03 6.1681010E-03 7.9253111E-03 9.8704733E-03 1.2025956E-02 1.4419095E-02 1.7078856E-02 2.0039994E-02 2.3339558E-02 2.7021380E-02 3.1132787E-02 3.5729058E-02 4.0869780E-02 4.6624202E-02 5.3067375E-02 6.0285524E-02 6.8372518E-02 7.7435836E-02 8.7593049E-02 9.8978609E-02 0.1117429 0.1260517 0.1420858 0.1600661 0.1802218 0.2028289 0.2281793 0.2566220 0.2885293 0.3243465 0.3645545 0.4097332 0.4605172 0.5176702 0.5819806 0.6541514 0.7338262 0.8168066 0.8925638 0.9530485 0.9984707 1.031557 1.054709 1.069574 1.077353 1.078812 1.074506
-3.2368207E-03 -2.3854945E-03 -1.4543607E-03 -4.3351782E-04 6.8701297E-04 1.9197436E-03 3.2776962E-03 4.7770180E-03 6.4345472E-03 8.2711279E-03 1.0308784E-02 1.2574258E-02 1.5096255E-02 1.7909233E-02 2.1050446E-02 2.4564156E-02 2.8498081E-02 3.2908715E-02 3.7857257E-02 4.3414902E-02 4.9659185E-02 5.6679521E-02 6.4573415E-02 7.3452421E-02 8.3438560E-02 9.4670609E-02 0.1073013 0.1215011 0.1374641 0.1554141 0.1755835 0.1982528 0.2237194 0.2523378 0.2844859 0.3206148 0.3612120 0.4068642 0.4582132 0.5160297 0.5811101 0.6541630 0.7348382 0.8189396 0.8959379 0.9577782 1.004662 1.039294 1.064042 1.080520 1.089892 1.092887 1.090026 1.081549
-3.2502457E-03 -2.3772100E-03 -1.4201070E-03 -3.6979411E-04 7.8591675E-04 2.0590764E-03 3.4653177E-03 5.0205318E-03 6.7448942E-03 8.6596049E-03 1.0790727E-02 1.3166140E-02 1.5819767E-02 1.8788416E-02 2.2116132E-02 2.5850916E-02 3.0049441E-02 3.4774132E-02 4.0097747E-02 4.6099909E-02 5.2872997E-02 6.0517900E-02 6.9150575E-02 7.8897722E-02 8.9903712E-02 0.1023268 0.1163468 0.1321640 0.1499988 0.1700918 0.1927316 0.2182206 0.2469182 0.2792074 0.3155445 0.3564217 0.4024307 0.4542190 0.5125622 0.5782616 0.6520307 0.7335222 0.8185422 0.8965605 0.9595180 1.007608 1.043519 1.069600 1.087450 1.098202 1.102555 1.100993 1.093729 1.080843
