T2-onemodel/GL21.grd
DSAA
         100         100
  -20.00000       20.00000    
  -20.00000       20.00000    
 -0.3678354       103.3822    
[rows 27 to 53 of 100, columns 0 to 61 of 100]
0.5780715 0.6077900 0.6394168 0.6730840 0.7089375 0.7471273 0.7878187 0.8311833 0.8774066 0.9266812 0.9792142 1.035221 1.094931 1.158580 1.226418 1.298701 1.375693 1.457666 1.544896 1.637661 1.736237 1.840897 1.951902 2.069506 2.193929 2.325379 2.464007 2.609941 2.763216 2.923841 3.091678 3.266675 3.448372 3.636014 3.829316 4.027178 4.228839 4.432754 4.637740 4.841770 5.043252 5.239719 5.429271 5.609141 5.777351 5.931068 6.068554 6.187207 6.286093 6.362779 6.416277 6.445743 6.450907 6.431800 6.388300 6.321055 6.230564 6.118001 5.984315 5.831167 5.659919 5.472712
0.5766644 0.6078030 0.6409920 0.6763820 0.7141320 0.7544152 0.7974144 0.8433273 0.8923618 0.9447423 1.000704 1.060500 1.124392 1.192662 1.265601 1.343515 1.426720 1.515546 1.610331 1.711416 1.819150 1.933878 2.055945 2.185679 2.323399 2.469384 2.623898 2.787128 2.959237 3.140259 3.330191 3.528710 3.735648 3.950819 4.173182 4.402125 4.636221 4.874354 5.114504 5.354988 5.593159 5.826811 6.052761 6.268470 6.470468 6.656247 6.822407 6.966905 7.086522 7.180375 7.246824 7.284904 7.293855 7.273363 7.223954 7.145991 7.040556 6.908559 6.751638 6.571198 6.369442 6.148266
0.5730483 0.6056470 0.6404485 0.6776173 0.7173353 0.7597924 0.8051979 0.8537722 0.9057552 0.9613993 1.020979 1.084781 1.153115 1.226304 1.304695 1.388647 1.478541 1.574770 1.677745 1.787887 1.905627 2.031403 2.165652 2.308810 2.461294 2.623508 2.795812 2.978540 3.171932 3.376195 3.591377 3.817593 4.054500 4.301400 4.558049 4.823246 5.096069 5.374639 5.657326 5.941442 6.224598 6.503285 6.774457 7.033978 7.278491 7.503656 7.706383 7.882708 8.030708 8.146924 8.229784 8.278071 8.291383 8.269786 8.213317 8.122905 7.999384 7.844350 7.659200 7.446146 7.207157 6.945133
0.5667911 0.6008893 0.6373480 0.6763534 0.7181040 0.7628169 0.8107226 0.8620735 0.9171387 0.9762090 1.039594 1.107629 1.180666 1.259087 1.343294 1.433713 1.530793 1.635009 1.746855 1.866843 1.995508 2.133392 2.281054 2.439046 2.607928 2.788233 2.980484 3.185140 3.402638 3.633280 3.877327 4.134686 4.405408 4.689487 4.985939 5.294166 5.612580 5.939792 6.273266 6.610632 6.948247 7.282709 7.609314 7.923863 8.220969 8.496243 8.744328 8.961505 9.142941 9.286775 9.390526 9.452802 9.472702 9.450020 9.385589 9.280146 9.135230 8.952233 8.733337 8.480522 8.196693 7.884557
0.5573771 0.5930075 0.6311684 0.6720600 0.7159086 0.7629516 0.8134520 0.8676898 0.9259719 0.9886268 1.056011 1.128502 1.206515 1.290486 1.380887 1.478218 1.583011 1.695830 1.817270 1.947951 2.088526 2.239672 2.402078 2.576461 2.763530 2.964005 3.178578 3.407928 3.652653 3.913329 4.190361 4.484232 4.794909 5.121948 5.465338 5.823951 6.196845 6.581872 6.976952 7.378593 7.783333 8.186149 8.582185 8.965067 9.329030 9.667068 9.973578 10.24212 10.46893 10.64881 10.77927 10.85863 10.88649 10.86319 10.78924 10.66612 10.49526 10.27885 10.01888 9.718182 9.379440 9.006462
0.5442029 0.5813986 0.6212968 0.6641254 0.7101290 0.7595773 0.8127583 0.8699931 0.9316220 0.9980210 1.069591 1.146771 1.230030 1.319879 1.416863 1.521570 1.634625 1.756696 1.888496 2.030773 2.184320 2.349965 2.528574 2.721035 2.928270 3.151197 3.390761 3.647855 3.923381 4.218123 4.532835 4.867898 5.223853 5.601153 5.999151 6.417531 6.854779 7.309414 7.778462 8.258804 8.745535 9.233556 9.715838 10.18542 10.63360 11.05251 11.43312 11.76846 12.05069 12.27612 12.44095 12.54331 12.58246 12.55876 12.47386 12.32933 12.12750 11.87048 11.56108 11.20190 10.79655 10.34861
0.5265604 0.5653438 0.6070165 0.6518208 0.7000352 0.7519529 0.8079012 0.8682328 0.9333364 1.003631 1.079577 1.161669 1.250452 1.346509 1.450476 1.563035 1.684921 1.816926 1.959894 2.114725 2.282377 2.463862 2.660243 2.872635 3.102190 3.350107 3.617588 3.905872 4.216143 4.549607 4.907317 5.290448 5.699621 6.135026 6.597279 7.085731 7.599797 8.137398 8.696238 9.272095 9.860271 10.45373 11.04493 11.62385 12.18050 12.70290 13.18048 13.60188 13.95947 14.24486 14.45411 14.58518 14.63825 14.61482 14.51668 14.34663 14.10715 13.80130 13.43169 13.00174 12.51466 11.97503
0.5036366 0.5440323 0.5875027 0.6343233 0.6847931 0.7392430 0.7980317 0.8615583 0.9302531 1.004594 1.085095 1.172327 1.266904 1.369503 1.480855 1.601755 1.733063 1.875709 2.030694 2.199093 2.382059 2.580817 2.796671 3.030996 3.285245 3.560916 3.859590 4.182847 4.532341 4.909647 5.316380 5.753793 6.223377 6.726544 7.263515 7.834836 8.439648 9.076945 9.743786 10.43663 11.14936 11.87485 12.60282 13.32196 14.01784 14.67594 15.27983 15.81549 16.26875 16.63199 16.89919 17.06845 17.14040 17.11753 17.00373 16.80251 16.51773 16.15248 15.71020 15.19381 14.60718 13.95429
0.4745092 0.5165272 0.5618207 0.6106828 0.6634498 0.7204813 0.7821810 0.8489859 0.9213848 0.9999064 1.085140 1.177725 1.278366 1.387837 1.506980 1.636717 1.778049 1.932067 2.099956 2.282991 2.482548 2.700114 2.937266 3.195704 3.477214 3.783699 4.117137 4.479620 4.873252 5.300261 5.762788 6.263204 6.803351 7.384688 8.009191 8.677463 9.390136 10.14606 10.94357 11.77844 12.64522 13.53488 14.43652 15.33487 16.21273 17.04885 17.82208 18.50993 19.09543 19.56308 19.90634 20.12392 20.21910 20.19726 20.06398 19.82502 19.48498 19.04808 18.51741 17.89629 17.18761 16.39568
0.4381717 0.4818228 0.5289485 0.5798756 0.6349677 0.6946259 0.7592899 0.8294514 0.9056497 0.9884825 1.078609 1.176753 1.283718 1.400383 1.527720 1.666791 1.818762 1.984904 2.166615 2.365397 2.582902 2.820902 3.081318 3.366207 3.677789 4.018404 4.390579 4.796925 5.240246 5.723372 6.249309 6.820788 7.440955 8.112988 8.838903 9.621144 10.46068 11.35825 12.31229 13.32018 14.37575 15.47067 16.59147 17.72133 18.83698 19.91175 20.91343 21.81069 22.57273 23.18116 23.62561 23.90686 24.03194 24.01063 23.85311 23.56750 23.16049 22.63653 21.99918 21.25060 20.39333 19.42982
0.3935815 0.4388624 0.4878270 0.5408273 0.5982655 0.6605768 0.7282517 0.8018286 0.8819138 0.9691670 1.064334 1.168229 1.281761 1.405932 1.541856 1.690756 1.853979 2.033011 2.229484 2.445177 2.682042 2.942205 3.227969 3.541842 3.886518 4.264911 4.680130 5.135522 5.634589 6.181113 6.778954 7.432402 8.145367 8.921556 9.765449 10.68024 11.66930 12.73418 13.87583 15.09217 16.37925 17.72822 19.12646 20.55376 21.98382 23.38004 24.69917 25.89012 26.90682 27.71153 28.29178 28.65349 28.81368 28.79123 28.60211 28.25889 27.76997 27.14092 26.37441 25.47188 24.43331 23.25952
0.3398095 0.3867131 0.4375089 0.4925847 0.5523724 0.6173567 0.6880668 0.7651091 0.8491426 0.9409149 1.041248 1.151064 1.271387 1.403359 1.548247 1.707456 1.882543 2.075230 2.287427 2.521222 2.778928 3.063065 3.376402 3.721951 4.103008 4.523106 4.986131 5.496195 6.057798 6.675648 7.354871 8.100514 8.918377 9.814561 10.79425 11.86341 13.02677 14.28909 15.65290 17.11968 18.68698 20.34935 22.09458 23.90413 25.74780 27.58342 29.34988 30.97048 32.35686 33.44447 34.20978 34.67408 34.87448 34.84584 34.61486 34.19939 33.61069 32.85444 31.93267 30.84409 29.58602 28.15445
0.2763505 0.3248553 0.3774655 0.4345990 0.4967349 0.5643899 0.6381524 0.7186799 0.8067125 0.9030706 1.008674 1.124555 1.251869 1.391907 1.546109 1.716087 1.903630 2.110737 2.339619 2.592736 2.872799 3.182811 3.526058 3.906173 4.327107 4.793208 5.309170 5.880152 6.511665 7.209775 7.980872 8.832155 9.770705 10.80382 11.94006 13.18711 14.55336 16.04587 17.67165 19.43509 21.33914 23.38186 25.55726 27.85013 30.23526 32.66786 35.07700 37.34673 39.31724 40.82967 41.84521 42.42971 42.66777 42.62247 42.33428 41.82813 41.11743 40.20810 39.09974 37.78802 36.26462 34.51956
0.2039443 0.2540111 0.3084198 0.3675803 0.4320471 0.5023441 0.5791610 0.6631708 0.7552345 0.8562073 0.9671698 1.089216 1.223701 1.372016 1.535870 1.717022 1.917607 2.139844 2.386394 2.660029 2.964036 3.301848 3.677495 4.095177 4.559802 5.076449 5.651028 6.289629 6.999313 7.787311 8.661979 9.631557 10.70597 11.89551 13.21049 14.66227 16.26217 18.02190 19.95249 22.06441 24.36634 26.86471 29.56197 32.45491 35.53053 38.75871 42.07392 45.33464 48.24481 50.41047 51.73919 52.44611 52.70645 52.62551 52.25840 51.63834 50.77874 49.68573 48.35421 46.77574 44.93359 42.80899
0.1264982 0.1780748 0.2342478 0.2953798 0.3621509 0.4350466 0.5148977 0.6023575 0.6984534 0.8040438 0.9204137 1.048688 1.190472 1.347247 1.521024 1.713724 1.927871 2.165934 2.431077 2.726437 3.055951 3.423577 3.834160 4.292629 4.804916 5.377080 6.016303 6.729968 7.526694 8.415430 9.406465 10.51074 11.74023 13.10702 14.62603 16.31122 18.17926 20.24560 22.52830 25.04350 27.80974 30.84274 34.16014 37.77512 41.69965 45.93045 50.42707 55.01452 59.14262 62.00051 63.58218 64.35974 64.60400 64.45705 63.98260 63.21972 62.17956 60.86671 59.26952 57.37328 55.15004 52.56834
5.1787443E-02 0.1048926 0.1627028 0.2258235 0.2947676 0.3702802 0.4530321 0.5439741 0.6439788 0.7542475 0.8759304 1.010548 1.159613 1.325065 1.508877 1.713539 1.941598 2.196226 2.480720 2.799086 3.155538 3.555113 4.003120 4.505833 5.069875 5.702949 6.413229 7.210092 8.103523 9.104869 10.22622 11.48097 12.88389 14.45191 16.20153 18.15273 20.32512 22.74199 25.42601 28.40414 31.70271 35.35365 39.38868 43.84657 48.76134 54.15206 59.92773 65.62662 70.22561 73.13660 74.72074 75.46260 75.63787 75.38235 74.76801 73.82610 72.56996 70.99351 69.08250 66.80733 64.13113 60.99950
-1.3877071E-02 4.0602200E-02 0.1000707 0.1650097 0.2361418 0.3140950 0.3997678 0.4940027 0.5979506 0.7127168 0.8397768 0.9805945 1.137060 1.311127 1.505235 1.721953 1.964426 2.236019 2.540792 2.883099 3.268133 3.701486 4.189722 4.739920 5.360297 6.059669 6.848186 7.736732 8.737680 9.864375 11.13184 12.55657 14.15650 15.95062 17.96171 20.21269 22.73068 25.54336 28.68358 32.18533 36.08990 40.44108 45.29274 50.69886 56.70349 63.24687 69.89397 75.60138 79.62277 82.10603 83.47988 84.08445 84.12554 83.71937 82.92320 81.76526 80.24796 78.36094 76.07563 73.35310 70.13445 66.34570
-6.8503119E-02 -1.2658507E-02 4.8310794E-02 0.1150553 0.1881974 0.2685633 0.3569579 0.4544652 0.5621457 0.6813911 0.8136224 0.9606441 1.124346 1.307103 1.511434 1.740443 1.997459 2.286556 2.612135 2.979473 3.394332 3.863511 4.394419 4.995708 5.676776 6.448440 7.322444 8.312127 9.431946 10.69820 12.12854 13.74245 15.56168 17.61093 19.91541 22.50520 25.41151 28.67154 32.32445 36.41777 41.00291 46.14261 51.90134 58.33479 65.39484 72.65427 79.06380 83.84043 87.05436 89.04818 90.13252 90.53095 90.38745 89.78393 88.76550 87.34537 85.51939 83.26223 80.53545 77.27860 73.41373 68.83153
-0.1118777 -5.4828551E-02 7.6048966E-03 7.5975031E-02 0.1510776 0.2336526 0.3247113 0.4252482 0.5365899 0.6600581 0.7973791 0.9503443 1.121231 1.312453 1.527025 1.768205 2.039978 2.346716 2.693694 3.086721 3.532722 4.039332 4.615515 5.271122 6.017588 6.867386 7.834795 8.935343 10.18657 11.60753 13.21959 15.04622 17.11309 19.44771 22.08274 25.05208 28.39601 32.15733 36.38777 41.14354 46.49294 52.50631 59.24547 66.66754 74.34811 81.23487 86.53135 90.27831 92.77806 94.30931 95.07798 95.22845 94.85441 94.01242 92.72509 90.99512 88.80139 86.10770 82.85391 78.96082 74.31606 68.77744
-0.1446440 -8.6422414E-02 -2.2708207E-02 4.7229063E-02 0.1240757 0.2087719 0.3022418 0.4057051 0.5204060 0.6479644 0.7900500 0.9488069 1.126530 1.326073 1.550568 1.803864 2.090183 2.414718 2.783212 3.202573 3.680503 4.226150 4.849663 5.562929 6.379062 7.313166 8.381803 9.603732 10.99937 12.59163 14.40531 16.46774 18.80933 21.46450 24.46900 27.86541 31.69914 36.02479 40.90183 46.40199 52.59935 59.55919 67.24162 75.22353 82.45131 88.12249 92.26591 95.16635 97.08166 98.19647 98.64564 98.52180 97.88375 96.75966 95.15733 93.05960 90.43283 87.21825 83.33678 78.67516 73.08909 66.40021
-0.1674121 -0.1082083 -4.3277238E-02 2.8001731E-02 0.1064994 0.1930598 0.2888062 0.3948811 0.5127766 0.6440431 0.7906781 0.9547950 1.139088 1.346482 1.580627 1.845559 2.146237 2.488223 2.878287 3.324013 3.834546 4.420136 5.092915 5.866452 6.756527 7.780578 8.958580 10.31232 11.86635 13.64728 15.68471 18.01104 20.66154 23.67419 27.09384 30.96790 35.35309 40.31108 45.91595 52.24411 59.36313 67.23489 75.43736 82.91631 88.86662 93.31124 96.52583 98.75560 100.1721 100.9016 101.0288 100.6086 99.67029 98.22277 96.25065 93.72207 90.57959 86.74487 82.10468 76.51410 69.79352 61.82275
-0.1809175 -0.1207944 -5.4865185E-02 1.7662983E-02 9.7553179E-02 0.1858360 0.2835358 0.3920285 0.5127224 0.6474474 0.7981448 0.9672889 1.157578 1.372406 1.615535 1.891643 2.205965 2.564981 2.976024 3.447973 3.990961 4.617105 5.340134 6.176220 7.143508 8.262940 9.557693 11.05397 12.78029 14.76840 17.05252 19.67000 22.66216 26.07550 29.95890 34.37075 39.37434 45.04535 51.46178 58.69260 66.70103 75.06574 82.73257 88.89507 93.57345 97.03860 99.52918 101.2094 102.1975 102.5689 102.3736 101.6381 100.3683 98.54873 96.14795 93.10896 89.35380 84.76960 79.21142 72.49940 64.51278 55.54994
-0.1855604 -0.1247308 -5.7894528E-02 1.5623486E-02 9.6765153E-02 0.1864479 0.2859171 0.3964258 0.5196456 0.6573240 0.8117122 0.9852501 1.181034 1.402506 1.653979 1.940305 2.267514 2.642494 3.073715 3.570873 4.145781 4.811961 5.585610 6.485143 7.532191 8.750975 10.16931 11.81771 13.73038 15.94425 18.49996 21.44155 24.81661 28.67642 33.08147 38.09642 43.79815 50.26565 57.56887 65.67176 74.15358 81.96033 88.28518 93.14701 96.81433 99.52225 101.4301 102.6502 103.2514 103.2800 102.7566 101.6824 100.0405 97.79691 94.89312 91.25061 86.75624 81.26527 74.59785 66.63344 57.67036 48.81082
-0.1816993 -0.1202426 -5.2748825E-02 2.1631014E-02 0.1037194 0.1946192 0.2954579 0.4077169 0.5329649 0.6732166 0.8306499 1.008042 1.208486 1.435866 1.694590 1.990166 2.328879 2.718584 3.168339 3.689286 4.294375 4.999330 5.822321 6.785058 7.912320 9.233016 10.77951 12.58847 14.69993 17.15806 20.01007 23.30690 27.10433 31.46471 36.45396 42.14992 48.63230 55.97143 64.13164 72.69237 80.59975 87.04682 92.05202 95.88281 98.77261 100.8783 102.3088 103.1295 103.3822 103.0808 102.2227 100.7862 98.73170 95.99789 92.50425 88.13634 82.74885 76.16209 68.25581 59.32901 50.48451 42.69230
-0.1692968 -0.1074557 -3.9412007E-02 3.5538319E-02 0.1183989 0.2101402 0.3121036 0.4256370 0.5525443 0.6947366 0.8546870 1.035097 1.239443 1.471604 1.736517 2.039809 2.388547 2.790948 3.257251 3.799409 4.432208 5.172941 6.042670 7.065860 8.271715 9.693585 11.37020 13.34460 15.66512 18.38386 21.55755 25.24685 29.51633 34.43506 40.08294 46.54020 53.87724 62.05807 70.66183 78.63438 85.16850 90.28240 94.24325 97.28393 99.56040 101.1803 102.2068 102.6784 102.6049 101.9798 100.7749 98.94370 96.42049 93.11913 88.92126 83.67960 77.21384 69.40421 60.55051 51.75684 43.99450 37.42492
-0.1482455 -8.6113662E-02 -1.7799087E-02 5.7572439E-02 0.1408615 0.2332267 0.3358610 0.4503335 0.5783083 0.7219533 0.8836147 1.066329 1.273470 1.509357 1.778913 2.088386 2.444984 2.857838 3.337671 3.897862 4.554276 5.326522 6.237794 7.316342 8.595220 10.11379 11.91711 14.05717 16.59142 19.58350 23.10097 27.21552 32.00380 37.54855 43.93082 51.22066 59.38110 67.98998 75.99203 82.57913 87.76906 91.82867 94.99090 97.41179 99.19911 100.4160 101.1002 101.2603 100.8869 99.94474 98.38112 96.12158 93.06888 89.09782 84.05661 77.76269 70.09596 61.35758 52.65337 44.95683 38.43149 32.92863
-0.1180785 -5.5902131E-02 1.2555637E-02 8.8028692E-02 0.1715488 0.2641250 0.3671394 0.4820054 0.6106152 0.7549732 0.9177021 1.101683 1.310650 1.548804 1.821542 2.135070 2.497300 2.917518 3.407488 3.981165 4.656108 5.453283 6.398768 7.523616 8.865851 10.47020 12.39015 14.68704 17.43154 20.70120 24.58049 29.15764 34.52182 40.75927 47.94136 56.02924 64.59792 72.58933 79.19306 84.42527 88.55200 91.80598 94.34373 96.27399 97.66125 98.54502 98.93496 98.82150 98.16718 96.91435 94.97692 92.24349 88.57681 83.81261 77.76100 70.29972 61.73094 53.16338 45.57389 39.12953 33.68473 29.05999
