T2-onemodel/GL21.grd
DSAA
         100         100
  -20.00000       20.00000    
  -20.00000       20.00000    
 -5.8942446E-03   1.112680    
[rows 72 to 95 of 100, columns 0 to 53 of 100]
6.0267760E-03 6.6791680E-03 7.3878560E-03 8.1586158E-03 8.9981677E-03 9.9137276E-03 1.0913606E-02 1.2006768E-02 1.3203376E-02 1.4514375E-02 1.5952015E-02 1.7529303E-02 1.9260442E-02 2.1160180E-02 2.3243990E-02 2.5527179E-02 2.8024681E-02 3.0749818E-02 3.3713568E-02 3.6922876E-02 4.0379461E-02 4.4078056E-02 4.8004974E-02 5.2137140E-02 5.6441169E-02 6.0874552E-02 6.5385990E-02 6.9922738E-02 7.4421264E-02 7.8809232E-02 8.3040528E-02 8.7054268E-02 9.0808630E-02 9.4255708E-02 9.7364716E-02 0.1000997 0.1024390 0.1043552 0.1058329 0.1068510 0.1073997 0.1074650 0.1070453 0.1061379 0.1047556 0.1029130 0.1006433 9.7977430E-02 9.4972946E-02 9.1693878E-02 8.8192388E-02 8.4534496E-02 8.0776833E-02 7.6975808E-02
6.0134511E-03 6.6345893E-03 7.3075881E-03 8.0377413E-03 8.8307271E-03 9.6930107E-03 1.0631518E-02 1.1654071E-02 1.2769022E-02 1.3985656E-02 1.5313794E-02 1.6764106E-02 1.8347628E-02 2.0075947E-02 2.1960566E-02 2.4012826E-02 2.6243044E-02 2.8660119E-02 3.1270415E-02 3.4076981E-02 3.7078366E-02 4.0267617E-02 4.3631438E-02 4.7149330E-02 5.0793905E-02 5.4530367E-02 5.8318581E-02 6.2109619E-02 6.5859213E-02 6.9530152E-02 7.3065042E-02 7.6427102E-02 7.9571061E-02 8.2467332E-02 8.5080147E-02 8.7387502E-02 8.9361809E-02 9.0987496E-02 9.2243567E-02 9.3120046E-02 9.3602218E-02 9.3686655E-02 9.3366757E-02 9.2648782E-02 9.1537796E-02 9.0053901E-02 8.8217147E-02 8.6067602E-02 8.3636068E-02 8.0960058E-02 7.8094229E-02 7.5082190E-02 7.1971968E-02 6.8803824E-02
5.9661209E-03 6.5563144E-03 7.1943128E-03 7.8845853E-03 8.6322343E-03 9.4426554E-03 1.0321932E-02 1.1276484E-02 1.2313462E-02 1.3440348E-02 1.4665273E-02 1.5996575E-02 1.7443050E-02 1.9013412E-02 2.0716369E-02 2.2559920E-02 2.4551226E-02 2.6695780E-02 2.8997004E-02 3.1455304E-02 3.4067519E-02 3.6826145E-02 3.9718706E-02 4.2727653E-02 4.5829937E-02 4.8998091E-02 5.2200146E-02 5.5405088E-02 5.8573592E-02 6.1659127E-02 6.4635724E-02 6.7462876E-02 7.0114136E-02 7.2555296E-02 7.4765235E-02 7.6716632E-02 7.8393899E-02 7.9775944E-02 8.0852397E-02 8.1607923E-02 8.2037657E-02 8.2132697E-02 8.1895255E-02 8.1324734E-02 8.0432877E-02 7.9229474E-02 7.7737466E-02 7.5973563E-02 7.3974475E-02 7.1778826E-02 6.9414973E-02 6.6922754E-02 6.4336002E-02 6.1690420E-02
5.8908062E-03 6.4507406E-03 7.0544509E-03 7.7059888E-03 8.4096026E-03 9.1700628E-03 9.9923667E-03 1.0882069E-02 1.1844932E-02 1.2887218E-02 1.4015310E-02 1.5235958E-02 1.6555833E-02 1.7981656E-02 1.9519683E-02 2.1175649E-02 2.2954153E-02 2.4858493E-02 2.6889948E-02 2.9047415E-02 3.1326804E-02 3.3720631E-02 3.6217697E-02 3.8802750E-02 4.1456930E-02 4.4157326E-02 4.6878397E-02 4.9588509E-02 5.2260794E-02 5.4874063E-02 5.7389334E-02 5.9784096E-02 6.2026825E-02 6.4098254E-02 6.5972112E-02 6.7633346E-02 6.9061026E-02 7.0244566E-02 7.1168207E-02 7.1826003E-02 7.2207592E-02 7.2312497E-02 7.2136663E-02 7.1686603E-02 7.0965849E-02 6.9989361E-02 6.8769254E-02 6.7332812E-02 6.5696545E-02 6.3881904E-02 6.1923422E-02 5.9846673E-02 5.7681605E-02 5.5453368E-02
5.7926481E-03 6.3229869E-03 6.8934723E-03 7.5074374E-03 8.1686927E-03 8.8811396E-03 9.6491529E-03 1.0477196E-02 1.1370170E-02 1.2332987E-02 1.3370907E-02 1.4489060E-02 1.5692715E-02 1.6986743E-02 1.8375766E-02 1.9863574E-02 2.1453148E-02 2.3146054E-02 2.4942325E-02 2.6839850E-02 2.8834218E-02 3.0918321E-02 3.3082109E-02 3.5312690E-02 3.7594069E-02 3.9908018E-02 4.2233739E-02 4.4552248E-02 4.6837799E-02 4.9058653E-02 5.1200256E-02 5.3234570E-02 5.5144999E-02 5.6906961E-02 5.8506556E-02 5.9923440E-02 6.1147235E-02 6.2161993E-02 6.2961191E-02 6.3533418E-02 6.3876547E-02 6.3984238E-02 6.3859589E-02 6.3502066E-02 6.2921070E-02 6.2122378E-02 6.1121974E-02 5.9928294E-02 5.8566112E-02 5.7060011E-02 5.5425785E-02 5.3688716E-02 5.1869757E-02 4.9992181E-02
5.6760637E-03 6.1777821E-03 6.7160586E-03 7.2939270E-03 7.9144845E-03 8.5811960E-03 9.2975674E-03 1.0067447E-02 1.0894678E-02 1.1783374E-02 1.2737543E-02 1.3761324E-02 1.4858558E-02 1.6032953E-02 1.7287627E-02 1.8625172E-02 2.0047188E-02 2.1554239E-02 2.3145404E-02 2.4818145E-02 2.6567962E-02 2.8388267E-02 3.0270264E-02 3.2202788E-02 3.4172699E-02 3.6164433E-02 3.8161114E-02 4.0141221E-02 4.2087864E-02 4.3988936E-02 4.5816671E-02 4.7557291E-02 4.9188279E-02 5.0697375E-02 5.2065283E-02 5.3282220E-02 5.4332457E-02 5.5209242E-02 5.5900652E-02 5.6403451E-02 5.6709845E-02 5.6820702E-02 5.6732807E-02 5.6451809E-02 5.5979483E-02 5.5326842E-02 5.4500837E-02 5.3520836E-02 5.2395355E-02 5.1136967E-02 4.9768679E-02 4.8305985E-02 4.6768218E-02 4.5171503E-02
5.5447877E-03 6.0187811E-03 6.5261433E-03 7.0693307E-03 7.6511353E-03 8.2743149E-03 8.9419363E-03 9.6570179E-03 1.0422825E-02 1.1242498E-02 1.2119334E-02 1.3056363E-02 1.4056588E-02 1.5122538E-02 1.6256455E-02 1.7459814E-02 1.8733438E-02 2.0077055E-02 2.1489287E-02 2.2967309E-02 2.4506811E-02 2.6101792E-02 2.7744472E-02 2.9425433E-02 3.1133374E-02 3.2855872E-02 3.4578916E-02 3.6290601E-02 3.7973311E-02 3.9604381E-02 4.1175988E-02 4.2668074E-02 4.4070382E-02 4.5364965E-02 4.6543010E-02 4.7589332E-02 4.8497360E-02 4.9255002E-02 4.9858462E-02 5.0299015E-02 5.0576083E-02 5.0684683E-02 5.0627932E-02 5.0404835E-02 5.0022662E-02 4.9484402E-02 4.8801422E-02 4.7977321E-02 4.7029663E-02 4.5974780E-02 4.4821393E-02 4.3586265E-02 4.2282771E-02 4.0926494E-02
5.4020504E-03 5.8494438E-03 6.3271015E-03 6.8372642E-03 7.3821484E-03 7.9642059E-03 8.5858321E-03 9.2496285E-03 9.9580931E-03 1.0713859E-02 1.1519346E-02 1.2376983E-02 1.3288837E-02 1.4256796E-02 1.5282198E-02 1.6365934E-02 1.7508084E-02 1.8707981E-02 1.9963877E-02 2.1272954E-02 2.2631114E-02 2.4032954E-02 2.5471719E-02 2.6939191E-02 2.8426072E-02 2.9921500E-02 3.1413969E-02 3.2888241E-02 3.4333430E-02 3.5742834E-02 3.7095912E-02 3.8384311E-02 3.9591562E-02 4.0710092E-02 4.1725542E-02 4.2631827E-02 4.3417025E-02 4.4077117E-02 4.4602960E-02 4.4993058E-02 4.5241255E-02 4.5349002E-02 4.5313381E-02 4.5139089E-02 4.4826522E-02 4.4383910E-02 4.3814931E-02 4.3133944E-02 4.2344771E-02 4.1454852E-02 4.0480219E-02 3.9430451E-02 3.8318418E-02 3.7154678E-02
5.2505857E-03 5.6724073E-03 6.1217742E-03 6.6004507E-03 7.1104355E-03 7.6536271E-03 8.2321353E-03 8.8479426E-03 9.5031820E-03 1.0199784E-02 1.0939745E-02 1.1724735E-02 1.2556355E-02 1.3435759E-02 1.4363844E-02 1.5340864E-02 1.6366581E-02 1.7439917E-02 1.8559072E-02 1.9721227E-02 2.0922620E-02 2.2158409E-02 2.3422632E-02 2.4708359E-02 2.6007470E-02 2.7311299E-02 2.8610129E-02 2.9896434E-02 3.1157702E-02 3.2377101E-02 3.3550922E-02 3.4664374E-02 3.5711329E-02 3.6678389E-02 3.7560195E-02 3.8345248E-02 3.9029650E-02 3.9604113E-02 4.0066671E-02 4.0410474E-02 4.0635858E-02 4.0738609E-02 4.0721640E-02 4.0583480E-02 4.0329844E-02 3.9961848E-02 3.9487869E-02 3.8908575E-02 3.8236991E-02 3.7484370E-02 3.6655348E-02 3.5761397E-02 3.4811314E-02 3.3815783E-02
5.0926609E-03 5.4901289E-03 5.9124958E-03 6.3613839E-03 6.8383291E-03 7.3450366E-03 7.8831026E-03 8.4542623E-03 9.0600746E-03 9.7021693E-03 1.0381919E-02 1.1100666E-02 1.1859404E-02 1.2658968E-02 1.3499698E-02 1.4381605E-02 1.5304049E-02 1.6265884E-02 1.7265178E-02 1.8299313E-02 1.9364800E-02 2.0457314E-02 2.1571700E-02 2.2701859E-02 2.3841109E-02 2.4981685E-02 2.6115550E-02 2.7231527E-02 2.8322512E-02 2.9385122E-02 3.0403621E-02 3.1373162E-02 3.2281358E-02 3.3123750E-02 3.3889417E-02 3.4574822E-02 3.5170786E-02 3.5675168E-02 3.6080793E-02 3.6387283E-02 3.6589596E-02 3.6689419E-02 3.6683977E-02 3.6577180E-02 3.6368512E-02 3.6064275E-02 3.5666086E-02 3.5184987E-02 3.4622032E-02 3.3981595E-02 3.3275284E-02 3.2509103E-02 3.1691831E-02 3.0830491E-02
4.9302764E-03 5.3044804E-03 5.7012867E-03 6.1219283E-03 6.5678158E-03 7.0402273E-03 7.5405892E-03 8.0701625E-03 8.6302999E-03 9.2221173E-03 9.8467506E-03 1.0505036E-02 1.1197744E-02 1.1925231E-02 1.2687655E-02 1.3484647E-02 1.4315501E-02 1.5178888E-02 1.6072990E-02 1.6995281E-02 1.7942624E-02 1.8911161E-02 1.9896340E-02 2.0893017E-02 2.1895265E-02 2.2896919E-02 2.3891082E-02 2.4872998E-02 2.5833499E-02 2.6759697E-02 2.7650425E-02 2.8494468E-02 2.9288355E-02 3.0021854E-02 3.0691931E-02 3.1289712E-02 3.1813126E-02 3.2254890E-02 3.2614265E-02 3.2885697E-02 3.3070058E-02 3.3163678E-02 3.3169206E-02 3.3084888E-02 3.2915298E-02 3.2660361E-02 3.2326430E-02 3.1912461E-02 3.1428523E-02 3.0882590E-02 3.0276887E-02 2.9619504E-02 2.8916346E-02 2.8174913E-02
4.7650700E-03 5.1172306E-03 5.4897629E-03 5.8838199E-03 6.3004480E-03 6.7408225E-03 7.2059724E-03 7.6970165E-03 8.2148742E-03 8.7605035E-03 9.3346145E-03 9.9378889E-03 1.0570682E-02 1.1233221E-02 1.1925318E-02 1.2646555E-02 1.3396011E-02 1.4172427E-02 1.4973976E-02 1.5798360E-02 1.6642703E-02 1.7503593E-02 1.8377084E-02 1.9258615E-02 2.0143302E-02 2.1025494E-02 2.1899436E-02 2.2756688E-02 2.3592619E-02 2.4405930E-02 2.5184194E-02 2.5924807E-02 2.6618214E-02 2.7262000E-02 2.7847707E-02 2.8373498E-02 2.8832169E-02 2.9222840E-02 2.9539727E-02 2.9783163E-02 2.9948911E-02 3.0038742E-02 3.0050002E-02 2.9986028E-02 2.9845687E-02 2.9633969E-02 2.9351193E-02 2.9006178E-02 2.8598303E-02 2.8130094E-02 2.7610237E-02 2.7042489E-02 2.6432969E-02 2.5786446E-02
4.5984453E-03 4.9296385E-03 5.2792942E-03 5.6482535E-03 6.0375053E-03 6.4478833E-03 6.8803253E-03 7.3355860E-03 7.8144781E-03 8.3176000E-03 8.8455556E-03 9.3986765E-03 9.9772252E-03 1.0581117E-02 1.1210130E-02 1.1863624E-02 1.2540734E-02 1.3240119E-02 1.3960118E-02 1.4698558E-02 1.5452881E-02 1.6220052E-02 1.6996577E-02 1.7778601E-02 1.8561730E-02 1.9341497E-02 2.0112915E-02 2.0873044E-02 2.1615012E-02 2.2328617E-02 2.3014294E-02 2.3663281E-02 2.4273871E-02 2.4838055E-02 2.5354363E-02 2.5815791E-02 2.6221497E-02 2.6565619E-02 2.6848221E-02 2.7064707E-02 2.7216254E-02 2.7299607E-02 2.7317198E-02 2.7267084E-02 2.7153036E-02 2.6974248E-02 2.6735697E-02 2.6435338E-02 2.6081260E-02 2.5679277E-02 2.5230132E-02 2.4739709E-02 2.4212046E-02 2.3652496E-02
4.4315229E-03 4.7429386E-03 5.0709560E-03 5.4163947E-03 5.7799513E-03 6.1624036E-03 6.5643801E-03 6.9865668E-03 7.4294694E-03 7.8936201E-03 8.3793215E-03 8.8868411E-03 9.4161658E-03 9.9671893E-03 1.0539476E-02 1.1132435E-02 1.1745078E-02 1.2376193E-02 1.3024143E-02 1.3687000E-02 1.4362432E-02 1.5047744E-02 1.5739912E-02 1.6435483E-02 1.7130837E-02 1.7821783E-02 1.8504148E-02 1.9171391E-02 1.9820524E-02 2.0451542E-02 2.1054367E-02 2.1627860E-02 2.2164464E-02 2.2663143E-02 2.3117170E-02 2.3525855E-02 2.3883404E-02 2.4189761E-02 2.4440162E-02 2.4635397E-02 2.4771826E-02 2.4851240E-02 2.4871113E-02 2.4834324E-02 2.4739388E-02 2.4590384E-02 2.4386825E-02 2.4136005E-02 2.3836290E-02 2.3489049E-02 2.3101006E-02 2.2674492E-02 2.2213822E-02 2.1722276E-02
4.2653177E-03 4.5579867E-03 4.8656948E-03 5.1890062E-03 5.5285911E-03 5.8849566E-03 6.2586954E-03 6.6502267E-03 7.0600272E-03 7.4883541E-03 7.9354849E-03 8.4014330E-03 8.8861790E-03 9.3894172E-03 9.9107577E-03 1.0449466E-02 1.1004656E-02 1.1575087E-02 1.2159310E-02 1.2755511E-02 1.3361629E-02 1.3975275E-02 1.4593743E-02 1.5214114E-02 1.5833084E-02 1.6447393E-02 1.7053369E-02 1.7649293E-02 1.8229855E-02 1.8786786E-02 1.9321509E-02 1.9827005E-02 2.0302750E-02 2.0742314E-02 2.1145267E-02 2.1505933E-02 2.1824293E-02 2.2095514E-02 2.2320194E-02 2.2494439E-02 2.2619614E-02 2.2692785E-02 2.2716181E-02 2.2687795E-02 2.2610823E-02 2.2484004E-02 2.2311416E-02 2.2090416E-02 2.1827703E-02 2.1527652E-02 2.1190096E-02 2.0819414E-02 2.0418417E-02 1.9990988E-02
4.1005947E-03 4.3756473E-03 4.6642055E-03 4.9668364E-03 5.2839639E-03 5.6160940E-03 5.9635774E-03 6.3268309E-03 6.7060883E-03 7.1016056E-03 7.5134225E-03 7.9415673E-03 8.3858334E-03 8.8459598E-03 9.3214056E-03 9.8115215E-03 1.0315361E-02 1.0831828E-02 1.1359520E-02 1.1896841E-02 1.2441905E-02 1.2992596E-02 1.3546566E-02 1.4101174E-02 1.4653718E-02 1.5201044E-02 1.5740085E-02 1.6265642E-02 1.6775813E-02 1.7271450E-02 1.7744163E-02 1.8193796E-02 1.8614221E-02 1.9005310E-02 1.9361576E-02 1.9683097E-02 1.9965090E-02 2.0208053E-02 2.0407984E-02 2.0565964E-02 2.0678788E-02 2.0748235E-02 2.0771902E-02 2.0752339E-02 2.0687873E-02 2.0581951E-02 2.0433590E-02 2.0248972E-02 2.0025890E-02 1.9764988E-02 1.9471601E-02 1.9147128E-02 1.8794665E-02 1.8416487E-02
3.9380412E-03 4.1964464E-03 4.4670776E-03 4.7502834E-03 5.0465069E-03 5.3560333E-03 5.6792358E-03 6.0163084E-03 6.3675027E-03 6.7328601E-03 7.1124481E-03 7.5061158E-03 7.9137059E-03 8.3348053E-03 8.7689525E-03 9.2154127E-03 9.6733598E-03 1.0141697E-02 1.0619195E-02 1.1104355E-02 1.1595519E-02 1.2090794E-02 1.2588086E-02 1.3085161E-02 1.3579514E-02 1.4068727E-02 1.4550067E-02 1.5022620E-02 1.5482201E-02 1.5921941E-02 1.6343893E-02 1.6742308E-02 1.7117416E-02 1.7463941E-02 1.7782131E-02 1.8067285E-02 1.8319922E-02 1.8535985E-02 1.8716425E-02 1.8857846E-02 1.8961731E-02 1.9025393E-02 1.9050917E-02 1.9036286E-02 1.8984295E-02 1.8893430E-02 1.8767096E-02 1.8602356E-02 1.8404920E-02 1.8178137E-02 1.7921297E-02 1.7637732E-02 1.7329432E-02 1.6999252E-02
3.7781752E-03 4.0209722E-03 4.2747241E-03 4.5398134E-03 4.8164828E-03 5.1050549E-03 5.4057017E-03 5.7186517E-03 6.0439515E-03 6.3816910E-03 6.7317616E-03 7.0940726E-03 7.4683125E-03 7.8541478E-03 8.2510095E-03 8.6582759E-03 9.0750763E-03 9.5004700E-03 9.9332640E-03 1.0372149E-02 1.0815605E-02 1.1261958E-02 1.1709382E-02 1.2155847E-02 1.2599309E-02 1.3037363E-02 1.3467713E-02 1.3886138E-02 1.4291494E-02 1.4685165E-02 1.5060038E-02 1.5416594E-02 1.5749743E-02 1.6059944E-02 1.6342631E-02 1.6598379E-02 1.6823174E-02 1.7017880E-02 1.7179038E-02 1.7307909E-02 1.7401632E-02 1.7461957E-02 1.7486610E-02 1.7477911E-02 1.7434089E-02 1.7358117E-02 1.7248729E-02 1.7111301E-02 1.6943296E-02 1.6744884E-02 1.6520418E-02 1.6270693E-02 1.5997950E-02 1.5703777E-02
3.6214401E-03 3.8495059E-03 4.0874919E-03 4.3355902E-03 4.5940946E-03 4.8631434E-03 5.1429528E-03 5.4335655E-03 5.7350867E-03 6.0474328E-03 6.3705668E-03 6.7042443E-03 7.0482329E-03 7.4020820E-03 7.7653299E-03 8.1372829E-03 8.5172122E-03 8.9041647E-03 9.2971176E-03 9.6948324E-03 1.0095976E-02 1.0499053E-02 1.0902424E-02 1.1304379E-02 1.1702982E-02 1.2096430E-02 1.2482647E-02 1.2861282E-02 1.3228965E-02 1.3579894E-02 1.3916484E-02 1.4233915E-02 1.4532913E-02 1.4809041E-02 1.5063006E-02 1.5290841E-02 1.5493422E-02 1.5667254E-02 1.5813492E-02 1.5929155E-02 1.6015762E-02 1.6070858E-02 1.6096417E-02 1.6090445E-02 1.6055424E-02 1.5989712E-02 1.5896251E-02 1.5771950E-02 1.5621781E-02 1.5448374E-02 1.5250704E-02 1.5031355E-02 1.4791762E-02 1.4534065E-02
3.4681465E-03 3.6824334E-03 3.9055925E-03 4.1378741E-03 4.3794028E-03 4.6303724E-03 4.8908270E-03 5.1608714E-03 5.4404489E-03 5.7295500E-03 6.0279886E-03 6.3356031E-03 6.6520358E-03 6.9769374E-03 7.3097595E-03 7.6499400E-03 7.9967072E-03 8.3492547E-03 8.7065836E-03 9.0676285E-03 9.4311554E-03 9.7958436E-03 1.0160268E-02 1.0522851E-02 1.0882024E-02 1.1235925E-02 1.1582823E-02 1.1919228E-02 1.2244529E-02 1.2560437E-02 1.2860795E-02 1.3146494E-02 1.3413218E-02 1.3661820E-02 1.3888428E-02 1.4093950E-02 1.4274926E-02 1.4432440E-02 1.4563466E-02 1.4669370E-02 1.4747569E-02 1.4799792E-02 1.4823874E-02 1.4821944E-02 1.4792209E-02 1.4737303E-02 1.4655789E-02 1.4552427E-02 1.4424504E-02 1.4271920E-02 1.4098293E-02 1.3904022E-02 1.3690745E-02 1.3459589E-02
3.3185834E-03 3.5198808E-03 3.7292105E-03 3.9466708E-03 4.1724457E-03 4.4065733E-03 4.6491595E-03 4.9001570E-03 5.1595871E-03 5.4272981E-03 5.7031843E-03 5.9869601E-03 6.2783640E-03 6.5769535E-03 6.8822959E-03 7.1937670E-03 7.5107324E-03 7.8323744E-03 8.1578447E-03 8.4861265E-03 8.8161528E-03 9.1467379E-03 9.4765890E-03 9.8043773E-03 1.0128590E-02 1.0447871E-02 1.0760640E-02 1.1066938E-02 1.1363992E-02 1.1646795E-02 1.1917962E-02 1.2173379E-02 1.2414089E-02 1.2636315E-02 1.2841048E-02 1.3024865E-02 1.3188852E-02 1.3329963E-02 1.3449475E-02 1.3544732E-02 1.3617284E-02 1.3664850E-02 1.3689292E-02 1.3688684E-02 1.3665278E-02 1.3617369E-02 1.3547535E-02 1.3452651E-02 1.3337140E-02 1.3203113E-02 1.3049358E-02 1.2877931E-02 1.2689885E-02 1.2486840E-02
3.1729166E-03 3.3620775E-03 3.5584150E-03 3.7620952E-03 3.9731530E-03 4.1916934E-03 4.4176807E-03 4.6511455E-03 4.8919721E-03 5.1400927E-03 5.3952769E-03 5.6573306E-03 5.9258942E-03 6.2006344E-03 6.4810449E-03 6.7666238E-03 7.0566991E-03 7.3505947E-03 7.6474720E-03 7.9464680E-03 8.2465922E-03 8.5467910E-03 8.8459365E-03 9.1427807E-03 9.4361240E-03 9.7245127E-03 1.0006640E-02 1.0279558E-02 1.0543016E-02 1.0798912E-02 1.1041837E-02 1.1272950E-02 1.1488535E-02 1.1689699E-02 1.1873080E-02 1.2039787E-02 1.2186795E-02 1.2315327E-02 1.2422702E-02 1.2510345E-02 1.2575897E-02 1.2621027E-02 1.2643707E-02 1.2645916E-02 1.2625868E-02 1.2585925E-02 1.2524559E-02 1.2446070E-02 1.2347680E-02 1.2229108E-02 1.2093437E-02 1.1940798E-02 1.1772397E-02 1.1589027E-02
3.0312696E-03 3.2090002E-03 3.3932386E-03 3.5840103E-03 3.7814218E-03 3.9854399E-03 4.1961102E-03 4.4133337E-03 4.6370770E-03 4.8671486E-03 5.1034116E-03 5.3455657E-03 5.5933595E-03 5.8463723E-03 6.1042150E-03 6.3663316E-03 6.6321790E-03 6.9010635E-03 7.1722893E-03 7.4450248E-03 7.7184145E-03 7.9914983E-03 8.2632490E-03 8.5326275E-03 8.7984540E-03 9.0597114E-03 9.3151750E-03 9.5651364E-03 9.8072756E-03 1.0037213E-02 1.0257659E-02 1.0465050E-02 1.0660640E-02 1.0841122E-02 1.1007668E-02 1.1157284E-02 1.1291184E-02 1.1406675E-02 1.1505111E-02 1.1584089E-02 1.1645137E-02 1.1686155E-02 1.1708918E-02 1.1711559E-02 1.1696137E-02 1.1660933E-02 1.1608271E-02 1.1535057E-02 1.1445276E-02 1.1340651E-02 1.1219881E-02 1.1084634E-02 1.0935684E-02 1.0774271E-02
2.8937666E-03 3.0608370E-03 3.2337136E-03 3.4124949E-03 3.5971538E-03 3.7877432E-03 3.9841807E-03 4.1864538E-03 4.3944065E-03 4.6079382E-03 4.8268042E-03 5.0508096E-03 5.2796090E-03 5.5128941E-03 5.7502068E-03 5.9911120E-03 6.2350305E-03 6.4814007E-03 6.7295278E-03 6.9787083E-03 7.2281333E-03 7.4769524E-03 7.7242707E-03 7.9691112E-03 8.2105538E-03 8.4474422E-03 8.6787622E-03 8.9019937E-03 9.1171414E-03 9.3262140E-03 9.5243976E-03 9.7130127E-03 9.8888027E-03 1.0053013E-02 1.0202695E-02 1.0339076E-02 1.0459476E-02 1.0565213E-02 1.0653860E-02 1.0726853E-02 1.0782043E-02 1.0821052E-02 1.0841957E-02 1.0846594E-02 1.0833221E-02 1.0803998E-02 1.0757381E-02 1.0697273E-02 1.0620899E-02 1.0527877E-02 1.0420870E-02 1.0299830E-02 1.0165649E-02 1.0018894E-02
