T2-onemodel/GL21.grd
DSAA
         100         100
  -20.00000       20.00000    
  -20.00000       20.00000    
 -0.3678354       103.3822    
[rows 54 to 80 of 100, columns 0 to 61 of 100]
-7.8295097E-02 -1.6186647E-02 5.2128363E-02 0.1275433 0.2109266 0.3034692 0.4063715 0.5212649 0.6498405 0.7943492 0.9572219 1.141624 1.351094 1.590207 1.864187 2.179740 2.544687 2.969047 3.464699 4.046739 4.733299 5.547280 6.516296 7.674873 9.064580 10.73667 12.75225 15.18507 18.12073 21.65782 25.90290 30.96539 36.94948 43.93194 51.87187 60.33891 68.26888 74.84605 80.08268 84.24222 87.55618 90.18095 92.22632 93.75879 94.82098 95.42644 95.57008 95.21817 94.31382 92.76411 90.44426 87.19390 82.82096 77.11811 69.95510 61.63381 53.26711 45.83784 39.51889 34.17009 29.61644 25.71892
-2.8200073E-02 3.3584256E-02 0.1016259 0.1766503 0.2596949 0.3517640 0.4542574 0.5685854 0.6966690 0.8405205 1.002821 1.186495 1.395372 1.633749 1.907227 2.222243 2.587101 3.011604 3.508324 4.092311 4.782794 5.603058 6.582666 7.757598 9.173298 10.88519 12.96290 15.49141 18.57607 22.34199 26.93224 32.48993 39.11789 46.78528 55.05539 62.85110 69.34464 74.53906 78.69164 82.03012 84.70908 86.83836 88.48605 89.69814 90.49330 90.87362 90.81433 90.26804 89.14878 87.33047 84.62995 80.81343 75.62965 68.91599 60.96525 52.89617 45.70253 39.56842 34.36325 29.91984 26.10530 22.81096
3.2630522E-02 9.3991853E-02 0.1614640 0.2359392 0.3182653 0.4096222 0.5111941 0.6245896 0.7514800 0.8941092 1.054862 1.236912 1.443762 1.679993 1.950817 2.263005 2.624416 3.045249 3.537590 4.117007 4.802262 5.617416 6.591751 7.762715 9.176325 10.89153 12.98194 15.54317 18.69753 22.60429 27.45567 33.43793 40.59279 48.49297 56.03431 62.35905 67.44808 71.54386 74.86526 77.56153 79.74031 81.46965 82.79794 83.74843 84.33086 84.53150 84.31874 83.62708 82.35312 80.32548 77.28878 72.90855 66.91523 59.55184 51.94104 45.10013 39.23701 34.24036 29.95726 26.26555 23.06439 20.27859
0.1040836 0.1647597 0.2315465 0.3051419 0.3865590 0.4767689 0.5771298 0.6890069 0.8142609 0.9548450 1.113358 1.292619 1.496341 1.728689 1.995079 2.301744 2.656752 3.069588 3.552494 4.120088 4.791169 5.588491 6.541191 7.684922 9.065406 10.73952 12.78146 15.28727 18.38814 22.26500 27.16399 33.31203 40.46157 47.51164 53.52190 58.41007 62.38149 65.63393 68.30469 70.49482 72.26966 73.67764 74.74496 75.48716 75.90052 75.96861 75.64955 74.87500 73.52459 71.40054 68.16727 63.38232 57.04036 50.18869 43.89903 38.44057 33.74586 29.69088 26.17292 23.10447 20.41983 18.06212
0.1839471 0.2438775 0.3096605 0.3822674 0.4623778 0.5512553 0.6498782 0.7599415 0.8828484 1.020916 1.176189 1.351891 1.551052 1.778257 2.038059 2.337126 2.682357 3.083640 3.551594 4.101085 4.748541 5.516561 6.430597 7.525256 8.840146 10.42913 12.35562 14.70830 17.59827 21.19076 25.69564 31.24877 37.24213 42.64889 47.17685 50.92462 54.04027 56.63316 58.79223 60.57326 62.02382 63.16787 64.02686 64.60098 64.88841 64.86237 64.48861 63.69283 62.37086 60.32403 57.23787 52.74394 47.27955 41.90406 37.06675 32.81235 29.07888 25.80154 22.91492 20.36950 18.11795 16.12518
0.2660546 0.3249981 0.3896786 0.4609833 0.5396267 0.6267654 0.7234080 0.8311066 0.9512919 1.086078 1.237533 1.408592 1.602270 1.822741 2.074469 2.363492 2.696480 3.082328 3.531121 4.056075 4.672461 5.400021 6.261752 7.287015 8.510133 9.974520 11.73129 13.84506 16.39227 19.46491 23.14056 27.34839 31.63812 35.54010 38.91970 41.80477 44.25781 46.33440 48.08196 49.53451 50.71885 51.65062 52.33957 52.78454 52.97746 52.89624 52.50677 51.75109 50.54370 48.75062 46.19282 42.77803 38.86247 34.96786 31.34507 28.05854 25.10536 22.46230 20.10022 17.99032 16.10552 14.42125
0.3425416 0.4003173 0.4637480 0.5335184 0.6104854 0.6955777 0.7899408 0.8948531 1.011883 1.142808 1.289802 1.455379 1.642613 1.855110 2.097280 2.374365 2.692772 3.060192 3.486018 3.981547 4.560524 5.239414 6.038009 6.979732 8.092164 9.407113 10.96062 12.79163 14.93838 17.42726 20.24358 23.27870 26.31936 29.15919 31.70597 33.94172 35.88235 37.54977 38.96722 40.15258 41.12057 41.87931 42.43278 42.77762 42.90482 42.79586 42.42321 41.74531 40.70668 39.23673 37.27439 34.83824 32.09881 29.29556 26.58801 24.05487 21.72245 19.59540 17.66483 15.91889 14.34207 12.92029
0.4094570 0.4659781 0.5279424 0.5960512 0.6710675 0.7539235 0.8456486 0.9474993 1.060892 1.187544 1.329420 1.488907 1.668772 1.872372 2.103651 2.367390 2.669244 3.016055 3.415946 3.878665 4.415722 5.040736 5.769480 6.620063 7.612645 8.768952 10.11088 11.65792 13.42191 15.39782 17.54982 19.79879 22.03418 24.15847 26.10726 27.85578 29.39856 30.74180 31.89320 32.86178 33.65333 34.27204 34.71750 34.98628 35.06919 34.95260 34.61572 34.03236 33.17017 31.99952 30.50751 28.72688 26.74863 24.68740 22.64499 20.68416 18.84054 17.12823 15.55174 14.10739 12.78958 11.58954
0.4660974 0.5212163 0.5815941 0.6478534 0.7207536 0.8011277 0.8899841 0.9884518 1.097887 1.219833 1.356143 1.508946 1.680801 1.874685 2.094165 2.343415 2.627425 2.952044 3.324216 3.752013 4.244864 4.813520 5.470106 6.227834 7.100591 8.101932 9.243555 10.53265 11.96806 13.53522 15.20109 16.91466 18.61483 20.24231 21.75824 23.13808 24.37237 25.45755 26.39539 27.18739 27.83598 28.34097 28.70129 28.91217 28.96695 28.85471 28.56236 28.07349 27.37290 26.44928 25.30637 23.97057 22.49391 20.94437 19.38147 17.85339 16.38991 15.00982 13.72088 12.52642 11.42451 10.41231
0.5129629 0.5665896 0.6252370 0.6895223 0.7601243 0.8378516 0.9236069 1.018466 1.123643 1.240583 1.370930 1.516644 1.679977 1.863606 2.070628 2.304701 2.570064 2.871691 3.215296 3.607470 4.055637 4.568072 5.153677 5.821708 6.581134 7.439736 8.402705 9.470738 10.63778 11.88866 13.19821 14.53183 15.85127 17.12323 18.31806 19.41794 20.41077 21.29152 22.05684 22.70621 23.23817 23.65189 23.94434 24.11208 24.14898 24.04824 23.80078 23.39828 22.83304 22.10385 21.21805 20.19666 19.07267 17.88429 16.67295 15.47083 14.30364 13.18707 12.13188 11.14240 10.22097 9.366323
0.5510168 0.6030418 0.6598690 0.7220458 0.7902316 0.8651457 0.9476463 1.038690 1.139411 1.251086 1.375222 1.513535 1.668048 1.841069 2.035305 2.253853 2.500309 2.778758 3.093866 3.450827 3.855390 4.313685 4.832072 5.416726 6.073132 6.805266 7.614606 8.498911 9.450992 10.45791 11.50080 12.55702 13.60186 14.61016 15.56397 16.44760 17.25175 17.96907 18.59607 19.12932 19.56718 19.90680 20.14596 20.28070 20.30724 20.22018 20.01485 19.68633 19.23290 18.65568 17.96267 17.16856 16.29536 15.37068 14.41934 13.46592 12.52853 11.62200 10.75511 9.934416 9.162357 8.440562
0.5813143 0.6316723 0.6865793 0.7465668 0.8122171 0.8842147 0.9633205 1.050425 1.146526 1.252792 1.370540 1.501305 1.646826 1.809123 1.990480 2.193526 2.421212 2.676885 2.964236 3.287315 3.650427 4.058037 4.514510 5.023816 5.589058 6.211901 6.891882 7.625684 8.406591 9.224138 10.06460 10.91128 11.74698 12.55685 13.32520 14.04143 14.69608 15.28349 15.79847 16.23816 16.59920 16.87951 17.07592 17.18598 17.20607 17.13342 16.96464 16.69823 16.33350 15.87400 15.32647 14.70272 14.01789 13.28839 12.53388 11.77045 11.01331 10.27314 9.558983 8.875995 8.228347 7.617415
0.6049051 0.6535233 0.7064546 0.7641689 0.8272186 0.8962073 0.9718423 1.054907 1.146314 1.247079 1.358381 1.481539 1.618074 1.769687 1.938325 2.126145 2.335577 2.569280 2.830158 3.121277 3.445830 3.806952 4.207570 4.650094 5.136106 5.665922 6.238173 6.849404 7.493775 8.163110 8.847045 9.534294 10.21267 10.86907 11.49423 12.07838 12.61499 13.09775 13.52282 13.88615 14.18533 14.41728 14.58002 14.67069 14.68742 14.62769 14.49038 14.27451 13.98163 13.61433 13.17853 12.68236 12.13692 11.55589 10.95097 10.33533 9.719176 9.112254 8.521050 7.951385 7.406343 6.888723
0.6227425 0.6695841 0.7204823 0.7758829 0.8362716 0.9022113 0.9743201 1.053315 1.139989 1.235251 1.340113 1.455732 1.583387 1.724535 1.880773 2.053891 2.245827 2.458694 2.694711 2.956192 3.245423 3.564582 3.915536 4.299665 4.717587 5.168894 5.651883 6.163321 6.698368 7.250565 7.812222 8.374302 8.927821 9.465187 9.977145 10.45735 10.89917 11.29828 11.65013 11.95191 12.20038 12.39359 12.52891 12.60485 12.61929 12.57131 12.45977 12.28521 12.04842 11.75288 11.40317 11.00618 10.56978 10.10201 9.613484 9.112660 8.608560 8.107766 7.616727 7.139496 6.679970 6.240026
0.6356814 0.6807073 0.7295515 0.7826015 0.8403134 0.9031747 0.9717561 1.046675 1.128646 1.218446 1.316969 1.425183 1.544191 1.675190 1.819515 1.978599 2.153997 2.347340 2.560328 2.794648 3.051933 3.333626 3.640882 3.974381 4.334181 4.719509 5.128613 5.558645 6.005601 6.464453 6.929207 7.393695 7.851138 8.293841 8.716674 9.113348 9.479591 9.810659 10.10356 10.35482 10.56241 10.72372 10.83732 10.90123 10.91461 10.87622 10.78619 10.64461 10.45344 10.21475 9.932431 9.611145 9.257122 8.878012 8.479790 8.070043 7.654569 7.239645 6.829556 6.428726 6.039722 5.665263
0.6444683 0.6876711 0.7344391 0.7851381 0.8401616 0.8999621 0.9650283 1.035921 1.113248 1.197698 1.290021 1.391055 1.501709 1.622990 1.755971 1.901814 2.061729 2.236984 2.428838 2.638523 2.867156 3.115679 3.384737 3.674580 3.984934 4.314880 4.662765 5.026118 5.401697 5.785467 6.172882 6.558593 6.937455 7.305281 7.656176 7.986278 8.290995 8.567351 8.811823 9.022285 9.196082 9.331760 9.427341 9.481957 9.494293 9.464210 9.391299 9.276542 9.120750 8.926600 8.697034 8.436274 8.148707 7.838602 7.512244 7.174294 6.830326 6.484334 6.140756 5.802423 5.472460 5.152513
0.6497545 0.6911228 0.7358247 0.7841739 0.8365362 0.8932990 0.9549075 1.021839 1.094633 1.173870 1.260200 1.354316 1.456988 1.569028 1.691317 1.824764 1.970323 2.128943 2.301567 2.489055 2.692170 2.911477 3.147295 3.399596 3.667938 3.951371 4.248389 4.556904 4.874229 5.197198 5.522145 5.845473 6.163090 6.470100 6.763571 7.039303 7.294559 7.525905 7.731241 7.907897 8.054388 8.168700 8.249907 8.296609 8.308477 8.284816 8.226100 8.132588 8.005970 7.847588 7.659988 7.445912 7.209115 6.954243 6.684498 6.404536 6.117734 5.828203 5.538689 5.252406 4.971237 4.697455
0.6520923 0.6916425 0.7342858 0.7803173 0.8300480 0.8838335 0.9420506 1.005128 1.073517 1.147726 1.228291 1.315808 1.410895 1.514228 1.626499 1.748436 1.880760 2.024196 2.179413 2.347022 2.527500 2.721173 2.928130 3.148189 3.380823 3.625117 3.879737 4.142904 4.412439 4.685745 4.959991 5.231795 5.498017 5.756262 6.002560 6.234537 6.448981 6.643929 6.816773 6.966041 7.089706 7.186794 7.255828 7.296344 7.307450 7.289291 7.241675 7.165524 7.061381 6.931203 6.776870 6.601068 6.406361 6.195103 5.971293 5.737595 5.497610 5.253769 5.009142 4.765622 4.525590 4.290298
0.6519641 0.6897079 0.7303280 0.7740731 0.8212323 0.8721036 0.9270297 0.9863666 1.050515 1.119893 1.194964 1.276209 1.364150 1.459317 1.562272 1.673571 1.793774 1.923404 2.062951 2.212809 2.373279 2.544500 2.726431 2.918791 3.121035 3.332312 3.551447 3.776950 4.006997 4.239525 4.472182 4.702771 4.928681 5.146611 5.354875 5.550575 5.731982 5.896618 6.043096 6.169415 6.274587 6.357096 6.416378 6.451413 6.462126 6.448044 6.409687 6.347232 6.262013 6.154822 6.027329 5.881181 5.718762 5.543083 5.355879 5.160175 4.957965 4.752037 4.544119 4.336548 4.130622 3.928144
0.6497723 0.6857453 0.7243738 0.7658904 0.8105366 0.8585861 0.9103220 0.9660632 1.026139 1.090915 1.160766 1.236100 1.317328 1.404889 1.499212 1.600737 1.709875 1.827015 1.952485 2.086547 2.229354 2.380939 2.541164 2.709709 2.886038 3.069373 3.258701 3.452745 3.650019 3.848791 4.047225 4.243068 4.434321 4.619603 4.796117 4.962405 5.116179 5.256185 5.380502 5.488175 5.577680 5.648406 5.699248 5.729984 5.739961 5.729416 5.698189 5.647046 5.576263 5.487276 5.381284 5.260061 5.125150 4.977855 4.820880 4.655768 4.484956 4.309923 4.132838 3.954935 3.778010 3.602952
0.6458705 0.6801040 0.7167946 0.7561362 0.7983525 0.8436690 0.8923416 0.9446309 1.000829 1.061230 1.126157 1.195930 1.270896 1.351390 1.437759 1.530327 1.629408 1.735268 1.848134 1.968153 2.095391 2.229796 2.371187 2.519224 2.673398 2.833016 2.997190 3.164852 3.334737 3.505463 3.675459 3.843344 4.007380 4.165233 4.315962 4.457505 4.588789 4.708010 4.814285 4.906125 4.982911 5.043494 5.087570 5.114359 5.123918 5.115868 5.090685 5.048431 4.990142 4.916233 4.827816 4.725891 4.612037 4.488307 4.355620 4.216037 4.070742 3.921686 3.769951 3.617251 3.464449 3.312959
0.6405545 0.6730970 0.7078984 0.7451397 0.7850042 0.8276976 0.8734288 0.9224315 0.9749398 1.031211 1.091499 1.156077 1.225210 1.299175 1.378227 1.462622 1.552574 1.648278 1.749867 1.857422 1.970934 2.090310 2.215336 2.345679 2.480865 2.620277 2.763150 2.908563 3.055482 3.202718 3.349041 3.492884 3.632939 3.768423 3.897293 4.018665 4.130872 4.233140 4.324046 4.402994 4.468837 4.521223 4.559306 4.583017 4.591839 4.586031 4.565420 4.530621 4.481712 4.419765 4.345552 4.260283 4.164895 4.060099 3.947809 3.828920 3.705144 3.577377 3.447191 3.315371 3.183284 3.051530
0.6340814 0.6649771 0.6979562 0.7331653 0.7707739 0.8109487 0.8538794 0.8997531 0.9487770 1.001152 1.057098 1.116825 1.180555 1.248492 1.320842 1.397783 1.479476 1.566039 1.657557 1.754043 1.855457 1.961667 2.072456 2.187499 2.306365 2.428507 2.553259 2.679846 2.807377 2.934897 3.061327 3.185784 3.307069 3.423470 3.534501 3.638650 3.735275 3.823035 3.901397 3.969236 4.026194 4.071389 4.104686 4.125472 4.133864 4.129536 4.112898 4.083920 4.043417 3.991559 3.929101 3.856646 3.775281 3.686469 3.590656 3.489307 3.383112 3.273484 3.161089 3.047207 2.932395 2.817762
0.6266694 0.6559782 0.6871940 0.7204543 0.7558956 0.7936718 0.8339341 0.8768495 0.9225802 0.9713028 1.023186 1.078408 1.137134 1.199532 1.265745 1.335911 1.410131 1.488484 1.571001 1.657667 1.748404 1.843072 1.941449 2.043234 2.148034 2.255362 2.364648 2.475219 2.586341 2.697178 2.806884 2.914332 3.018645 3.119411 3.215082 3.305145 3.388356 3.464258 3.531773 3.590563 3.639746 3.679146 3.708099 3.726632 3.734313 3.731398 3.717692 3.693695 3.659351 3.615486 3.562596 3.501534 3.432867 3.356954 3.275211 3.188139 3.096988 3.002286 2.905203 2.806226 2.706405 2.606130
0.6185078 0.6462809 0.6758062 0.7071939 0.7405711 0.7760598 0.8137969 0.8539128 0.8965518 0.9418490 0.9899505 1.040988 1.095101 1.152406 1.213019 1.277025 1.344499 1.415473 1.489954 1.567895 1.649207 1.733739 1.821279 1.911544 2.004183 2.098768 2.194796 2.291704 2.388848 2.485557 2.581069 2.674819 2.765952 2.853173 2.936278 3.014129 3.086362 3.151958 3.210621 3.261482 3.304363 3.338575 3.364087 3.380403 3.387673 3.385598 3.374535 3.354388 3.325817 3.288833 3.243960 3.191554 3.132390 3.067554 2.997205 2.922427 2.843605 2.761796 2.677390 2.591368 2.504072 2.416378
0.6097552 0.6360562 0.6639559 0.6935589 0.7249654 0.7582878 0.7936321 0.8311157 0.8708487 0.9129511 0.9575303 1.004700 1.054556 1.107196 1.162693 1.221114 1.282491 1.346841 1.414139 1.484331 1.557309 1.632929 1.710985 1.791220 1.873317 1.956897 2.041530 2.126720 2.211938 2.296582 2.380059 2.461533 2.540409 2.616507 2.688618 2.756468 2.819100 2.876271 2.927150 2.971566 3.008828 3.038880 3.061186 3.075827 3.082434 3.081250 3.072071 3.055305 3.030814 2.999254 2.960943 2.916500 2.866262 2.810374 2.749924 2.685173 2.617059 2.545879 2.472527 2.397286 2.320982 2.243846
0.6005509 0.6254352 0.6517856 0.6796834 0.7092226 0.7404886 0.7735796 0.8085845 0.8456024 0.8847212 0.9260356 0.9696238 1.015568 1.063930 1.114769 1.168117 1.223995 1.282390 1.343272 1.406566 1.472172 1.539939 1.609681 1.681159 1.754091 1.828144 1.902941 1.978062 2.053036 2.127385 2.200557 2.272193 2.341673 2.407983 2.471097 2.530133 2.584912 2.634640 2.679177 2.717843 2.750575 2.776817 2.796614 2.809546 2.815781 2.815045 2.807648 2.793455 2.773011 2.746231 2.713485 2.674975 2.631272 2.583207 2.530772 2.474794 2.415466 2.353599 2.289406 2.223654 2.156536 2.088753
