T2-onemodel/GL21.grd
DSAA
         100         100
  -20.00000       20.00000    
  -20.00000       20.00000    
 -0.3678354       103.3822    
[rows 0 to 26 of 100, columns 0 to 61 of 100]
0.4056013 0.4128897 0.4203808 0.4280777 0.4359824 0.4440930 0.4524084 0.4609281 0.4696512 0.4785745 0.4876944 0.4970049 0.5065008 0.5161748 0.5260196 0.5360257 0.5461829 0.5564781 0.5668990 0.5774299 0.5880560 0.5987578 0.6095180 0.6203128 0.6311221 0.6419177 0.6526786 0.6633707 0.6739736 0.6844447 0.6947644 0.7048265 0.7146486 0.7243257 0.7336500 0.7427087 0.7513393 0.7596357 0.7674290 0.7748224 0.7816406 0.7879979 0.7937101 0.7989096 0.8034009 0.8073371 0.8105047 0.8130817 0.8147544 0.8158103 0.8161976 0.8159385 0.8149462 0.8131295 0.8106405 0.8073882 0.8034930 0.7988619 0.7936302 0.7877008 0.7812275 0.7741066
0.4118705 0.4195560 0.4274652 0.4356006 0.4439621 0.4525495 0.4613636 0.4704050 0.4796720 0.4891615 0.4988696 0.5087917 0.5189222 0.5292550 0.5397819 0.5504938 0.5613790 0.5724258 0.5836198 0.5949464 0.6063874 0.6179257 0.6295382 0.6412041 0.6528958 0.6645908 0.6762563 0.6878679 0.6993857 0.7107883 0.7220278 0.7331431 0.7440449 0.7545615 0.7648305 0.7746853 0.7842171 0.7932524 0.8018889 0.8099461 0.8175321 0.8244584 0.8308487 0.8365051 0.8415695 0.8458303 0.8494599 0.8522356 0.8544458 0.8557668 0.8562350 0.8558162 0.8545971 0.8526750 0.8499088 0.8464136 0.8420954 0.8370861 0.8312910 0.8248605 0.8176957 0.8099657
0.4183106 0.4264177 0.4347699 0.4433682 0.4522137 0.4613085 0.4706547 0.4802519 0.4900987 0.5001924 0.5105299 0.5211073 0.5319200 0.5429609 0.5542227 0.5656952 0.5773677 0.5892272 0.6012602 0.6134499 0.6257793 0.6382265 0.6507710 0.6633857 0.6760473 0.6887236 0.7013884 0.7140028 0.7265401 0.7389510 0.7512104 0.7632015 0.7749358 0.7865061 0.7976878 0.8085665 0.8189625 0.8289678 0.8383977 0.8473522 0.8556386 0.8633714 0.8703490 0.8767025 0.8822181 0.8870529 0.8909768 0.8941714 0.8962999 0.8976662 0.8982112 0.8979567 0.8968096 0.8946760 0.8917162 0.8878365 0.8831657 0.8776103 0.8713173 0.8641910 0.8563979 0.8478351
0.4249176 0.4334711 0.4422908 0.4513785 0.4607384 0.4703737 0.4802860 0.4904751 0.5009400 0.5116795 0.5226912 0.5339718 0.5455168 0.5573199 0.5693730 0.5816670 0.5941902 0.6069307 0.6198735 0.6330023 0.6462966 0.6597363 0.6732959 0.6869515 0.7006717 0.7144294 0.7281864 0.7419130 0.7555621 0.7691066 0.7824911 0.7957495 0.8087803 0.8213969 0.8337362 0.8456147 0.8571199 0.8680617 0.8785328 0.8883349 0.8975730 0.9060411 0.9138588 0.9208087 0.9270345 0.9323062 0.9367986 0.9402695 0.9430218 0.9447080 0.9453629 0.9449489 0.9435572 0.9412897 0.9379994 0.9338092 0.9286236 0.9225860 0.9156032 0.9078388 0.8991944 0.8898563
0.4316917 0.4407151 0.4500279 0.4596353 0.4695422 0.4797518 0.4902656 0.5010845 0.5122091 0.5236388 0.5353726 0.5474075 0.5597394 0.5723621 0.5852681 0.5984486 0.6118928 0.6255878 0.6395186 0.6536667 0.6680129 0.6825332 0.6972045 0.7119961 0.7268811 0.7418216 0.7567864 0.7717299 0.7866197 0.8013982 0.8160323 0.8303916 0.8444812 0.8583913 0.8718761 0.8850169 0.8976156 0.9097584 0.9212404 0.9321581 0.9422985 0.9517708 0.9603513 0.9681709 0.9749955 0.9809815 0.9858775 0.9898713 0.9925995 0.9943794 0.9951446 0.9949149 0.9935917 0.9910762 0.9875379 0.9828811 0.9772454 0.9705381 0.9629192 0.9542947 0.9448483 0.9344820
0.4386255 0.4481443 0.4579799 0.4681386 0.4786256 0.4894443 0.5005974 0.5120874 0.5239161 0.5360844 0.5485915 0.5614352 0.5746123 0.5881171 0.6019430 0.6160818 0.6305223 0.6452522 0.6602548 0.6755123 0.6910030 0.7067050 0.7225896 0.7386292 0.7547881 0.7710339 0.7873224 0.8036181 0.8198667 0.8360323 0.8520490 0.8679451 0.8836064 0.8988268 0.9137403 0.9281442 0.9421192 0.9554535 0.9682340 0.9802406 0.9915715 1.001995 1.011629 1.020234 1.027949 1.034521 1.040128 1.044507 1.047969 1.050142 1.051057 1.050673 1.049085 1.046400 1.042464 1.037410 1.031142 1.023818 1.015344 1.005902 0.9953994 0.9840435
0.4457138 0.4557564 0.4661456 0.4768879 0.4879891 0.4994539 0.5112870 0.5234921 0.5360726 0.5490301 0.5623654 0.5760768 0.5901617 0.6046164 0.6194350 0.6346092 0.6501285 0.6659794 0.6821467 0.6986106 0.7153510 0.7323417 0.7495563 0.7669610 0.7845233 0.8022007 0.8199562 0.8377369 0.8555019 0.8731838 0.8907399 0.9080250 0.9250349 0.9418539 0.9582130 0.9741850 0.9895493 1.004384 1.018462 1.031868 1.044364 1.056052 1.066685 1.076386 1.084895 1.092370 1.098531 1.103570 1.107090 1.109425 1.110498 1.110326 1.108803 1.105824 1.101571 1.095946 1.089101 1.080945 1.071654 1.061140 1.049610 1.036970
0.4529481 0.4635444 0.4745182 0.4858773 0.4976291 0.5097799 0.5223364 0.5353037 0.5486868 0.5624883 0.5767102 0.5913520 0.6064134 0.6218915 0.6377808 0.6540742 0.6707610 0.6878286 0.7052608 0.7230393 0.7411417 0.7595431 0.7782121 0.7971176 0.8162192 0.8354793 0.8548470 0.8742791 0.8937113 0.9130986 0.9323635 0.9515268 0.9704568 0.9889253 1.007061 1.024636 1.041724 1.058085 1.073795 1.088606 1.102605 1.115535 1.127503 1.138240 1.147881 1.156145 1.163208 1.168777 1.173179 1.176004 1.177284 1.176971 1.175163 1.171970 1.167235 1.161100 1.153471 1.144519 1.134159 1.122594 1.109739 1.095824
0.4603199 0.4714997 0.4830907 0.4951021 0.5075431 0.5204226 0.5337484 0.5475282 0.5617675 0.5764711 0.5916423 0.6072832 0.6233946 0.6399747 0.6570197 0.6745223 0.6924736 0.7108607 0.7296692 0.7488795 0.7684700 0.7884125 0.8086780 0.8292288 0.8500288 0.8710288 0.8921853 0.9134360 0.9347312 0.9559919 0.9771644 0.9980844 1.018736 1.039195 1.059164 1.078705 1.097569 1.115822 1.133203 1.149787 1.165303 1.179842 1.193123 1.205261 1.215964 1.225381 1.233203 1.239618 1.244197 1.247283 1.248789 1.248725 1.246978 1.243438 1.238296 1.231454 1.223080 1.213086 1.201672 1.188758 1.174573 1.159039
0.4678150 0.4796095 0.4918519 0.5045531 0.5177249 0.5313779 0.5455221 0.5601666 0.5753196 0.5909872 0.6071755 0.6238885 0.6411287 0.6588959 0.6771872 0.6959974 0.7153181 0.7351385 0.7554436 0.7762153 0.7974297 0.8190607 0.8410748 0.8634375 0.8861036 0.9090295 0.9321567 0.9554331 0.9787840 1.002154 1.025450 1.048682 1.071700 1.094246 1.116443 1.138032 1.159072 1.179289 1.198744 1.217153 1.234590 1.250758 1.265753 1.279267 1.291426 1.301911 1.310892 1.318042 1.323697 1.327411 1.329206 1.329028 1.326975 1.323165 1.317433 1.309933 1.300576 1.289554 1.276789 1.262510 1.246646 1.229461
0.4754198 0.4878623 0.5007921 0.5142230 0.5281688 0.5426427 0.5576568 0.5732222 0.5893494 0.6060476 0.6233255 0.6411890 0.6596425 0.6786879 0.6983244 0.7185482 0.7393535 0.7607299 0.7826644 0.8051375 0.8281279 0.8516063 0.8755425 0.8998950 0.9246228 0.9496707 0.9749876 1.000502 1.026154 1.051850 1.077522 1.102985 1.128208 1.153253 1.177789 1.201862 1.225187 1.247810 1.269435 1.290115 1.309539 1.327780 1.344515 1.359841 1.373425 1.385403 1.395428 1.403681 1.409687 1.413803 1.415923 1.416050 1.414058 1.409833 1.403578 1.395195 1.384873 1.372531 1.358393 1.342395 1.324802 1.305550
0.4831120 0.4962367 0.5098919 0.5240940 0.5388599 0.5542044 0.5701426 0.5866881 0.6038551 0.6216552 0.6401000 0.6591978 0.6789557 0.6993778 0.7204660 0.7422194 0.7646338 0.7877013 0.8114086 0.8357390 0.8606700 0.8861756 0.9122199 0.9387659 0.9657640 0.9931642 1.020901 1.048912 1.077111 1.105429 1.133756 1.162088 1.190250 1.217955 1.245306 1.272011 1.298106 1.323277 1.347562 1.370632 1.392537 1.412934 1.431893 1.449061 1.464542 1.477972 1.489509 1.498784 1.506136 1.511068 1.513597 1.513654 1.511339 1.506775 1.499791 1.490557 1.478990 1.465305 1.449441 1.431661 1.411912 1.390501
0.4908738 0.5047166 0.5191370 0.5341541 0.5497871 0.5660547 0.5829741 0.6005630 0.6188384 0.6378160 0.6575096 0.6779311 0.6990902 0.7209949 0.7436504 0.7670586 0.7912177 0.8161215 0.8417599 0.8681164 0.8951719 0.9228976 0.9512619 0.9802212 1.009730 1.039729 1.070158 1.100936 1.131990 1.163212 1.194517 1.225693 1.256690 1.287553 1.317907 1.347776 1.376833 1.405096 1.432219 1.458229 1.482761 1.505857 1.527140 1.546680 1.564089 1.579484 1.592463 1.603197 1.611152 1.616693 1.619690 1.620135 1.617887 1.612826 1.605169 1.594823 1.581994 1.566620 1.548956 1.528960 1.506939 1.482861
0.4986759 0.5132742 0.5285012 0.5443786 0.5609296 0.5781747 0.5961363 0.6148354 0.6342930 0.6545278 0.6755580 0.6973987 0.7200641 0.7435660 0.7679137 0.7931124 0.8191630 0.8460628 0.8738038 0.9023739 0.9317530 0.9619167 0.9928291 1.024452 1.056732 1.089615 1.123027 1.156897 1.191123 1.225621 1.260262 1.295026 1.329705 1.363974 1.397916 1.431193 1.463810 1.495404 1.525978 1.555145 1.582916 1.608888 1.633094 1.655120 1.675037 1.692422 1.707407 1.719567 1.729238 1.735865 1.739447 1.739900 1.737321 1.731838 1.723274 1.711816 1.697394 1.680254 1.660357 1.638009 1.613192 1.586265
0.5064863 0.5218793 0.5379556 0.5547413 0.5722618 0.5905429 0.6096103 0.6294904 0.6502073 0.6717847 0.6942443 0.7176070 0.7418913 0.7671142 0.7932886 0.8204241 0.8485256 0.8775949 0.9076284 0.9386154 0.9705407 1.003378 1.037098 1.071656 1.107006 1.143083 1.179820 1.217124 1.254911 1.293054 1.331448 1.369851 1.408188 1.446480 1.484305 1.521651 1.558137 1.593744 1.628064 1.661076 1.692350 1.721880 1.749219 1.774393 1.796943 1.816949 1.833940 1.848060 1.858706 1.866242 1.870506 1.871472 1.868981 1.862902 1.853468 1.840592 1.824511 1.805180 1.782901 1.757663 1.729833 1.699421
0.5142692 0.5304968 0.5474674 0.5652094 0.5837544 0.6031317 0.6233729 0.6445075 0.6665657 0.6895752 0.7135641 0.7385581 0.7645823 0.7916582 0.8198038 0.8490343 0.8793604 0.9107886 0.9433199 0.9769484 1.011661 1.047437 1.084245 1.122048 1.160792 1.200419 1.240847 1.281997 1.323752 1.366012 1.408625 1.451549 1.494540 1.537226 1.579662 1.621453 1.662566 1.702566 1.741407 1.778627 1.814182 1.847587 1.878820 1.907382 1.933296 1.956052 1.975744 1.991871 2.004758 2.013770 2.018881 2.019984 2.017169 2.010564 1.999990 1.985657 1.967509 1.945836 1.920632 1.892262 1.860755 1.826548
0.5219799 0.5390840 0.5569942 0.5757448 0.5953711 0.6159090 0.6373938 0.6598617 0.6833469 0.7078845 0.7335085 0.7602519 0.7881449 0.8172155 0.8474881 0.8789852 0.9117239 0.9457168 0.9809714 1.017486 1.055253 1.094256 1.134469 1.175853 1.218361 1.261925 1.306475 1.351908 1.398126 1.444985 1.492356 1.539962 1.587697 1.635553 1.683045 1.730121 1.776328 1.821591 1.865420 1.907732 1.948003 1.986162 2.021660 2.054461 2.084004 2.110311 2.132817 2.151625 2.166034 2.176399 2.182513 2.184319 2.181634 2.174316 2.162614 2.146452 2.126102 2.101552 2.073164 2.040976 2.005435 1.966616
0.5295665 0.5475889 0.5664867 0.5862985 0.6070663 0.6288303 0.6516328 0.6755146 0.7005185 0.7266856 0.7540579 0.7826745 0.8125737 0.8437904 0.8763584 0.9103071 0.9456623 0.9824440 1.020666 1.060336 1.101450 1.144001 1.187964 1.233310 1.279985 1.327934 1.377070 1.427306 1.478513 1.530574 1.583310 1.636654 1.690322 1.743884 1.797360 1.850281 1.902556 1.953663 2.003487 2.051460 2.097462 2.140895 2.181654 2.219121 2.253240 2.283388 2.309595 2.331254 2.348659 2.361071 2.368425 2.370577 2.367607 2.359642 2.346495 2.328406 2.305345 2.277658 2.245390 2.208988 2.168551 2.124617
0.5369694 0.5559540 0.5758878 0.5968166 0.6187866 0.6418459 0.6660419 0.6914243 0.7180424 0.7459465 0.7751856 0.8058078 0.8378593 0.8713855 0.9064292 0.9430299 0.9812219 1.021035 1.062493 1.105611 1.150397 1.196847 1.244949 1.294671 1.345975 1.398794 1.453059 1.508659 1.565488 1.623379 1.682183 1.741581 1.801435 1.861698 1.921809 1.981659 2.040702 2.098790 2.155322 2.210124 2.262547 2.312417 2.359050 2.402307 2.441490 2.476529 2.506727 2.532114 2.551858 2.566291 2.575132 2.578287 2.575534 2.566715 2.552098 2.531623 2.505612 2.474102 2.437533 2.396020 2.350116 2.299990
0.5441138 0.5641048 0.5851259 0.6072276 0.6304644 0.6548897 0.6805603 0.7075329 0.7358673 0.7656209 0.7968531 0.8296206 0.8639818 0.8999920 0.9377060 0.9771733 1.018441 1.061549 1.106534 1.153423 1.202234 1.252975 1.305638 1.360207 1.416642 1.474892 1.534875 1.596500 1.659629 1.724128 1.789795 1.856537 1.924020 1.991749 2.059693 2.127294 2.194381 2.260321 2.324895 2.387401 2.447599 2.504734 2.558576 2.608341 2.653852 2.694323 2.729678 2.759161 2.783007 2.800335 2.811018 2.814860 2.811915 2.802305 2.785841 2.762798 2.733186 2.697430 2.655646 2.608394 2.555876 2.498774
0.5509175 0.5719617 0.5941208 0.6174546 0.6420227 0.6678891 0.6951170 0.7237753 0.7539308 0.7856526 0.8190094 0.8540716 0.8909086 0.9295896 0.9701803 1.012746 1.057346 1.104037 1.152867 1.203878 1.257102 1.312560 1.370259 1.430189 1.492327 1.556620 1.623005 1.691374 1.761613 1.833543 1.906993 1.981606 2.057199 2.133681 2.210402 2.287175 2.363341 2.438646 2.512341 2.584123 2.653164 2.719142 2.781180 2.838981 2.891649 2.938969 2.980052 3.014813 3.042236 3.062595 3.075511 3.080822 3.078258 3.067637 3.049249 3.023061 2.989460 2.948552 2.900890 2.846697 2.786678 2.721145
0.5572802 0.5794227 0.6027740 0.6273980 0.6533663 0.6807490 0.7096230 0.7400635 0.7721509 0.8059639 0.8415865 0.8791002 0.9185905 0.9601394 1.003830 1.049742 1.097954 1.148536 1.201557 1.257075 1.315139 1.375787 1.439042 1.504912 1.573381 1.644417 1.717953 1.793905 1.872135 1.952501 2.034781 2.118857 2.204341 2.290663 2.377732 2.464875 2.551823 2.637787 2.722411 2.804799 2.884541 2.960658 3.032731 3.099736 3.161304 3.216411 3.264812 3.305535 3.338705 3.363246 3.378931 3.385484 3.382922 3.371353 3.350586 3.320946 3.282502 3.235779 3.181007 3.118902 3.049819 2.974642
0.5630863 0.5863756 0.6109701 0.6369469 0.6643832 0.6933632 0.7239708 0.7562956 0.7904282 0.8264634 0.8644974 0.9046298 0.9469596 0.9915884 1.038616 1.088142 1.140264 1.195074 1.252662 1.313105 1.376476 1.442833 1.512222 1.584667 1.660177 1.738728 1.820278 1.904736 1.991997 2.081880 2.174198 2.268556 2.364733 2.462584 2.561356 2.660768 2.760012 2.858693 2.955860 3.051021 3.143104 3.231561 3.315234 3.393582 3.465416 3.530288 3.587029 3.635360 3.674003 3.703128 3.722207 3.730978 3.729095 3.716349 3.693053 3.659217 3.615315 3.561558 3.498653 3.426986 3.347475 3.260640
0.5682011 0.5926824 0.6185765 0.6459665 0.6749437 0.7055998 0.7380340 0.7723461 0.8086442 0.8470355 0.8876364 0.9305604 0.9759285 1.023860 1.074478 1.127904 1.184258 1.243659 1.306220 1.372046 1.441234 1.513872 1.590030 1.669761 1.753093 1.840034 1.930550 2.024586 2.122022 2.222723 2.326458 2.433096 2.542197 2.653112 2.765679 2.879093 2.992947 3.106257 3.218468 3.328422 3.435455 3.538269 3.636148 3.727714 3.812294 3.888503 3.955827 4.012965 4.059859 4.095146 4.118447 4.129366 4.127857 4.114005 4.087624 4.049101 3.998596 3.936782 3.864048 3.781330 3.689209 3.588850
0.5724635 0.5981857 0.6254318 0.6542987 0.6848867 0.7173025 0.7516550 0.7880636 0.8266486 0.8675391 0.9108653 0.9567655 1.005379 1.056852 1.111330 1.168961 1.229894 1.294277 1.362251 1.433955 1.509521 1.589066 1.672697 1.760496 1.852530 1.948829 2.049402 2.154198 2.263146 2.376083 2.492828 2.612962 2.736237 2.862459 2.990761 3.120746 3.251425 3.382210 3.511886 3.639688 3.764194 3.884512 3.999068 4.106940 4.206492 4.296898 4.376562 4.444887 4.500208 4.542511 4.571040 4.585380 4.585085 4.569902 4.540181 4.495991 4.437938 4.366386 4.282258 4.186172 4.079346 3.962608
0.5756842 0.6026925 0.6313464 0.6617519 0.6940234 0.7282797 0.7646484 0.8032622 0.8442627 0.8877957 0.9340166 0.9830830 1.035163 1.090426 1.149049 1.211212 1.277094 1.346877 1.420743 1.498866 1.581418 1.668559 1.760433 1.857173 1.958879 2.065633 2.177467 2.294390 2.416329 2.543192 2.674767 2.810935 2.951221 3.094908 3.241759 3.390819 3.541513 3.692606 3.843274 3.991992 4.137721 4.278691 4.413729 4.540914 4.659081 4.766293 4.861578 4.943140 5.010597 5.062166 5.097230 5.115209 5.115964 5.099549 5.065793 5.015183 4.948011 4.865159 4.767246 4.655514 4.530869 4.394883
0.5776423 0.6059836 0.6360977 0.6681037 0.7021296 0.7383115 0.7767918 0.8177243 0.8612691 0.9075966 0.9568837 1.009317 1.065092 1.124410 1.187481 1.254521 1.325747 1.401383 1.481655 1.566781 1.656985 1.752473 1.853446 1.960085 2.072551 2.190970 2.315442 2.446001 2.582654 2.725300 2.873806 3.027765 3.186933 3.351088 3.519252 3.690910 3.864856 4.040262 4.215557 4.389591 4.560436 4.726682 4.886121 5.037218 5.177635 5.305929 5.419822 5.518186 5.598762 5.661216 5.704443 5.727805 5.730714 5.712871 5.674685 5.616329 5.538598 5.442077 5.327993 5.197294 5.051618 4.892235
