T2-onemodel/GL21.grd
DSAA
         100         100
  -20.00000       20.00000    
  -20.00000       20.00000    
 -5.8942446E-03   1.112680    
[rows 48 to 71 of 100, columns 0 to 53 of 100]
-3.2174664E-03 -2.3233588E-03 -1.3424036E-03 -2.6338935E-04 9.2520099E-04 2.2379030E-03 3.6898998E-03 5.3002601E-03 7.0891636E-03 9.0815667E-03 1.1304412E-02 1.3790445E-02 1.6575532E-02 1.9702893E-02 2.3219978E-02 2.7183536E-02 3.1655811E-02 3.6710557E-02 4.2428982E-02 4.8905693E-02 5.6244772E-02 6.4566366E-02 7.4002065E-02 8.4702112E-02 9.6831121E-02 0.1105752 0.1261386 0.1437481 0.1636604 0.1861679 0.2115761 0.2402494 0.2725759 0.3090163 0.3500672 0.3963244 0.4484394 0.5071918 0.5733868 0.6477405 0.7299086 0.8156978 0.8945780 0.9584858 1.007609 1.044628 1.071880 1.090948 1.102934 1.108516 1.108160 1.102057 1.090270 1.072628
-3.1421217E-03 -2.2291129E-03 -1.2253284E-03 -1.2019875E-04 1.1000707E-03 2.4494296E-03 3.9458009E-03 5.6081088E-03 7.4600470E-03 9.5270639E-03 1.1840569E-02 1.4434741E-02 1.7351501E-02 2.0636985E-02 2.4346778E-02 2.8542647E-02 3.3297904E-02 3.8694382E-02 4.4828214E-02 5.1805664E-02 5.9750602E-02 6.8799220E-02 7.9107858E-02 9.0847999E-02 0.1042141 0.1194187 0.1367015 0.1563274 0.1785869 0.2037955 0.2323270 0.2645747 0.3010043 0.3421166 0.3885112 0.4408428 0.4998942 0.5664735 0.6412995 0.7240295 0.8104714 0.8900941 0.9548326 1.004870 1.042877 1.071181 1.091347 1.104461 1.111192 1.111980 1.106994 1.096274 1.079628 1.056745
-3.0274857E-03 -2.0967594E-03 -1.0727893E-03 5.7023968E-05 1.3056896E-03 2.6898431E-03 4.2269100E-03 5.9389658E-03 7.8498600E-03 9.9890595E-03 1.2388957E-02 1.5089247E-02 1.8134028E-02 2.1576960E-02 2.5478039E-02 2.9909369E-02 3.4951720E-02 4.0701177E-02 4.7265340E-02 5.4770067E-02 6.3355677E-02 7.3184006E-02 8.4433690E-02 9.7307883E-02 0.1120292 0.1288475 0.1480352 0.1698928 0.1947563 0.2230054 0.2550374 0.2913238 0.3323698 0.3787790 0.4312092 0.4904457 0.5572991 0.6324901 0.7156781 0.8026716 0.8829397 0.9484159 0.9992793 1.038195 1.067482 1.088693 1.102902 1.110761 1.112680 1.108810 1.099175 1.083572 1.061671 1.032889
-2.8742985E-03 -1.9285532E-03 -8.8596524E-04 2.6516090E-04 1.5402494E-03 2.9551254E-03 4.5302091E-03 6.2872604E-03 8.2537988E-03 1.0459692E-02 1.2942163E-02 1.5742561E-02 1.8911714E-02 2.2506678E-02 2.6596896E-02 3.1260896E-02 3.6592815E-02 4.2699359E-02 4.9706958E-02 5.7757750E-02 6.7017831E-02 7.7672072E-02 8.9932539E-02 0.1040325 0.1202352 0.1388268 0.1601272 0.1844860 0.2122837 0.2439313 0.2799122 0.3207377 0.3670160 0.4194078 0.4787011 0.5457081 0.6211510 0.7046908 0.7921372 0.8729603 0.9390927 0.9907120 1.030479 1.060706 1.082934 1.098224 1.107205 1.110267 1.107553 1.099061 1.084563 1.063711 1.035903 1.000356
-2.6827937E-03 -1.7236253E-03 -6.6576008E-04 5.0455687E-04 1.8018634E-03 3.2445979E-03 4.8525599E-03 6.6507650E-03 8.6665982E-03 1.0934262E-02 1.3491872E-02 1.6386537E-02 1.9671490E-02 2.3412248E-02 2.7683271E-02 3.2575075E-02 3.8191017E-02 4.4655282E-02 5.2109521E-02 6.0720805E-02 7.0678174E-02 8.2200743E-02 9.5532328E-02 0.1109499 0.1287568 0.1492903 0.1729158 0.2000311 0.2310769 0.2665456 0.3069550 0.3529194 0.4051039 0.4642982 0.5313161 0.6068804 0.6906527 0.7784439 0.8597251 0.9264298 0.9787359 1.019302 1.050437 1.073673 1.090061 1.100212 1.104501 1.103046 1.095807 1.082535 1.062862 1.036172 1.001668 0.9581991
-2.4505765E-03 -1.4812031E-03 -4.1020804E-04 7.7520672E-04 2.0918383E-03 3.5572103E-03 5.1940368E-03 7.0267487E-03 9.0864412E-03 1.1407541E-02 1.4032988E-02 1.7011419E-02 2.0403229E-02 2.4277421E-02 2.8718792E-02 3.3825200E-02 3.9715480E-02 4.6526901E-02 5.4424178E-02 6.3595846E-02 7.4264489E-02 8.6681239E-02 0.1011357 0.1179484 0.1374796 0.1601197 0.1862993 0.2164842 0.2511750 0.2909109 0.3363217 0.3880788 0.4469748 0.5138238 0.5893481 0.6732085 0.7612152 0.8428405 0.9100190 0.9629302 1.004235 1.036239 1.060475 1.077984 1.089364 1.094970 1.094889 1.089047 1.077179 1.058879 1.033499 1.000218 0.9578693 0.9049930
-2.1748473E-03 -1.1972785E-03 -1.1705248E-04 1.0806705E-03 2.4115194E-03 3.8956334E-03 5.5546998E-03 7.4163596E-03 9.5112575E-03 1.1877909E-02 1.4559924E-02 1.7611602E-02 2.1095494E-02 2.5089119E-02 2.9682459E-02 3.4986328E-02 4.1129697E-02 4.8269954E-02 5.6590181E-02 6.6309802E-02 7.7681303E-02 9.1001399E-02 0.1066045 0.1248729 0.1462264 0.1711302 0.2000831 0.2336219 0.2723324 0.3168623 0.3678927 0.4262219 0.4926639 0.5679381 0.6517015 0.7397612 0.8215874 0.8891152 0.9425263 0.9844844 1.017301 1.042509 1.061149 1.073815 1.080846 1.082305 1.078091 1.067894 1.051247 1.027465 0.9956934 0.9547436 0.9031420 0.8390671
-1.8498587E-03 -8.6778775E-04 2.1910397E-04 1.4243587E-03 2.7657337E-03 4.2622434E-03 5.9382329E-03 7.8203939E-03 9.9428268E-03 1.2343688E-02 1.5071243E-02 1.8180542E-02 2.1741016E-02 2.5832921E-02 3.0556645E-02 3.6029920E-02 4.2397998E-02 4.9832240E-02 5.8541842E-02 6.8771541E-02 8.0815420E-02 9.5012389E-02 0.1117592 0.1315018 0.1547449 0.1820371 0.2139782 0.2512086 0.2944050 0.3442853 0.4016685 0.4673715 0.5421084 0.6255274 0.7134259 0.7952678 0.8629836 0.9167553 0.9592494 0.9927840 1.018901 1.038649 1.052625 1.061168 1.064326 1.061970 1.053734 1.039092 1.017307 0.9874569 0.9482987 0.8983253 0.8357006 0.7592171
-1.4696597E-03 -4.8528149E-04 6.0382398E-04 1.8132821E-03 3.1593903E-03 4.6634041E-03 6.3483943E-03 8.2439361E-03 1.0383024E-02 1.2807592E-02 1.5565402E-02 1.8716829E-02 2.2332093E-02 2.6499370E-02 3.1322680E-02 3.6931973E-02 4.3481443E-02 5.1162738E-02 6.0203381E-02 7.0882201E-02 8.3527908E-02 9.8535709E-02 0.1163627 0.1375427 0.1626740 0.1924266 0.2275188 0.2687136 0.3168202 0.3726967 0.4371728 0.5109581 0.5936846 0.6811299 0.7627396 0.8304310 0.8843791 0.9272497 0.9613661 0.9882806 1.009058 1.024311 1.034397 1.039368 1.039089 1.033159 1.020997 1.001770 0.9744335 0.9376550 0.8898631 0.8291879 0.7544138 0.6685365
-1.0252220E-03 -4.2570980E-05 1.0459648E-03 2.2542621E-03 3.6008433E-03 5.1052030E-03 6.7928834E-03 8.6918166E-03 1.0838071E-02 1.3272166E-02 1.6045945E-02 1.9218875E-02 2.2866996E-02 2.7079195E-02 3.1968184E-02 3.7667938E-02 4.4346888E-02 5.2207150E-02 6.1500959E-02 7.2530255E-02 8.5667595E-02 0.1013553 0.1201282 0.1426096 0.1695288 0.2017028 0.2400359 0.2854804 0.3389929 0.4014817 0.4736781 0.5551916 0.6417618 0.7227951 0.7901763 0.8440583 0.8870946 0.9216071 0.9491559 0.9708228 0.9872468 0.9988154 1.005616 1.007540 1.004195 0.9949647 0.9789196 0.9548683 0.9213274 0.8765606 0.8185942 0.7461727 0.6622978 0.5780641
-5.0838292E-04 4.7014916E-04 1.5533537E-03 2.7569919E-03 4.0976503E-03 5.5970177E-03 7.2785956E-03 9.1728102E-03 1.1313654E-02 1.3744798E-02 1.6516017E-02 1.9691000E-02 2.3344109E-02 2.7570289E-02 3.2481994E-02 3.8222294E-02 4.4962883E-02 5.2921370E-02 6.2360659E-02 7.3610924E-02 8.7071992E-02 0.1032412 0.1227176 0.1462358 0.1746669 0.2090416 0.2505109 0.3002887 0.3595325 0.4290798 0.5085368 0.5935777 0.6735272 0.7401974 0.7936870 0.8366139 0.8712823 0.8992483 0.9216061 0.9390190 0.9519145 0.9604322 0.9645281 0.9638742 0.9579030 0.9456731 0.9258882 0.8968166 0.8563817 0.8023558 0.7333491 0.6523464 0.5704905 0.4976268
9.0449517E-05 1.0607233E-03 2.1357003E-03 3.3290852E-03 4.6595004E-03 6.1461818E-03 7.8149447E-03 9.6936058E-03 1.1818746E-02 1.4231047E-02 1.6983422E-02 2.0136381E-02 2.3768293E-02 2.7970819E-02 3.2861866E-02 3.8582053E-02 4.5311339E-02 5.3267349E-02 6.2727109E-02 7.4028097E-02 8.7598383E-02 0.1039626 0.1237853 0.1478877 0.1773099 0.2133293 0.2574842 0.3114156 0.3764020 0.4522783 0.5346665 0.6127183 0.6780780 0.7307182 0.7731708 0.8076884 0.8358003 0.8585967 0.8767551 0.8907384 0.9007424 0.9068046 0.9087046 0.9060078 0.8979056 0.8831729 0.8599455 0.8257270 0.7776885 0.7139292 0.6372607 0.5588861 0.4887933 0.4288871
7.7608821E-04 1.7358027E-03 2.7977184E-03 3.9774580E-03 5.2909930E-03 6.7598168E-03 8.4065432E-03 1.0261509E-02 1.2357623E-02 1.4738140E-02 1.7451765E-02 2.0561818E-02 2.4141489E-02 2.8285589E-02 3.3105843E-02 3.8746439E-02 4.5380022E-02 5.3228632E-02 6.2561475E-02 7.3723286E-02 8.7136902E-02 0.1033454 0.1230262 0.1470655 0.1766083 0.2131933 0.2588099 0.3156921 0.3848610 0.4623585 0.5370360 0.6001031 0.6512098 0.6926836 0.7266533 0.7545771 0.7775105 0.7961247 0.8109015 0.8220804 0.8297748 0.8338774 0.8341206 0.8299271 0.8203762 0.8039057 0.7780680 0.7392814 0.6841704 0.6145843 0.5416662 0.4757278 0.4190073 0.3704996
1.5445640E-03 2.4894315E-03 3.5358772E-03 4.6962099E-03 5.9891162E-03 7.4321446E-03 9.0509793E-03 1.0871095E-02 1.2928577E-02 1.5261070E-02 1.7920358E-02 2.0962667E-02 2.4464209E-02 2.8510408E-02 3.3215482E-02 3.8710829E-02 4.5169961E-02 5.2796815E-02 6.1858170E-02 7.2672024E-02 8.5652776E-02 0.1013038 0.1202875 0.1434412 0.1719133 0.2072744 0.2517800 0.3080761 0.3753456 0.4434475 0.5023924 0.5508596 0.5906133 0.6235068 0.6508229 0.6735424 0.6922829 0.7075295 0.7195326 0.7284687 0.7343111 0.7369471 0.7360140 0.7309549 0.7207530 0.7037779 0.6771354 0.6363763 0.5796502 0.5161108 0.4567805 0.4048018 0.3598033 0.3207121
2.3620247E-03 3.2901007E-03 4.3164534E-03 5.4544588E-03 6.7204372E-03 8.1331367E-03 9.7152106E-03 1.1493367E-02 1.3499659E-02 1.5772646E-02 1.8358720E-02 2.1314636E-02 2.4708606E-02 2.8625470E-02 3.3167545E-02 3.8462933E-02 4.4666305E-02 5.1972702E-02 6.0617395E-02 7.0897564E-02 8.3171405E-02 9.7895332E-02 0.1156232 0.1370806 0.1631764 0.1951697 0.2346374 0.2830205 0.3371477 0.3882419 0.4321117 0.4690403 0.5001086 0.5263012 0.5483775 0.5668910 0.5822539 0.5947319 0.6045041 0.6116192 0.6160486 0.6176058 0.6159878 0.6106238 0.6006703 0.5846496 0.5602582 0.5242275 0.4777980 0.4295348 0.3848783 0.3449452 0.3095488 0.2782044
3.1549048E-03 4.0633692E-03 5.0664921E-03 6.1781053E-03 7.4128006E-03 8.7894276E-03 1.0328442E-02 1.2056153E-02 1.4001830E-02 1.6202671E-02 1.8701144E-02 2.1550955E-02 2.4814539E-02 2.8570658E-02 3.2912116E-02 3.7955362E-02 4.3838754E-02 5.0734892E-02 5.8849022E-02 6.8434462E-02 7.9791084E-02 9.3284659E-02 0.1093441 0.1284853 0.1512968 0.1784292 0.2103878 0.2468292 0.2851508 0.3215704 0.3540414 0.3823155 0.4067106 0.4276590 0.4455386 0.4606625 0.4732599 0.4834914 0.4914414 0.4971236 0.5004689 0.5013135 0.4993754 0.4942119 0.4851663 0.4712809 0.4513112 0.4243505 0.3919035 0.3578092 0.3249893 0.2945750 0.2668609 0.2417855
3.8579709E-03 4.7437637E-03 5.7212138E-03 6.8024490E-03 8.0022560E-03 9.3373070E-03 1.0827945E-02 1.2497575E-02 1.4374630E-02 1.6492249E-02 1.8890820E-02 2.1618061E-02 2.4732012E-02 2.8301938E-02 3.2411978E-02 3.7162788E-02 4.2675968E-02 4.9096439E-02 5.6596998E-02 6.5380439E-02 7.5682625E-02 8.7771788E-02 0.1019444 0.1185118 0.1377647 0.1598929 0.1848008 0.2118107 0.2394635 0.2660288 0.2904477 0.3123009 0.3315760 0.3483881 0.3629075 0.3752764 0.3856214 0.3940151 0.4004979 0.4050469 0.4075935 0.4079901 0.4060195 0.4013567 0.3935809 0.3821686 0.3666501 0.3469637 0.3240615 0.2997204 0.2754783 0.2522940 0.2306069 0.2105831
4.4483803E-03 5.3096390E-03 6.2584206E-03 7.3065897E-03 8.4675075E-03 9.7572021E-03 1.1194026E-02 1.2800051E-02 1.4600859E-02 1.6627191E-02 1.8915040E-02 2.1507703E-02 2.4456291E-02 2.7822113E-02 3.1677656E-02 3.6109336E-02 4.1218616E-02 4.7124758E-02 5.3964984E-02 6.1895516E-02 7.1088679E-02 8.1727870E-02 9.3995236E-02 0.1080497 0.1239881 0.1417781 0.1611670 0.1815859 0.2022136 0.2222256 0.2409493 0.2580467 0.2733742 0.2869291 0.2987441 0.3088820 0.3173839 0.3242852 0.3295817 0.3332480 0.3352089 0.3353562 0.3335225 0.3295026 0.3230434 0.3139095 0.3019636 0.2873772 0.2707144 0.2528354 0.2346604 0.2168499 0.1998274 0.1838076
4.9266005E-03 5.7611559E-03 6.6792769E-03 7.6915673E-03 8.8108499E-03 1.0051458E-02 1.1430633E-02 1.2968074E-02 1.4687343E-02 1.6615622E-02 1.8785400E-02 2.1234388E-02 2.4007555E-02 2.7157176E-02 3.0745063E-02 3.4842663E-02 3.9532889E-02 4.4909853E-02 5.1079076E-02 5.8154821E-02 6.6256568E-02 7.5500496E-02 8.5986674E-02 9.7778775E-02 0.1108745 0.1251697 0.1404211 0.1562468 0.1721491 0.1876021 0.2022298 0.2157545 0.2280400 0.2390127 0.2486621 0.2569832 0.2639885 0.2696704 0.2740184 0.2769909 0.2785333 0.2785548 0.2769496 0.2735831 0.2683294 0.2610867 0.2518589 0.2407942 0.2282690 0.2148175 0.2009542 0.1871433 0.1737085 0.1608678
5.3014681E-03 6.1078928E-03 6.9933110E-03 7.9678548E-03 9.0429112E-03 1.0231916E-02 1.1550169E-02 1.3015743E-02 1.4649333E-02 1.6475374E-02 1.8521979E-02 2.0822220E-02 2.3414195E-02 2.6342336E-02 2.9657520E-02 3.3418022E-02 3.7689254E-02 4.2543750E-02 4.8059378E-02 5.4316815E-02 6.1394390E-02 6.9360569E-02 7.8262769E-02 8.8112354E-02 9.8867282E-02 0.1104131 0.1225540 0.1350101 0.1474681 0.1596368 0.1712264 0.1820480 0.1919607 0.2008940 0.2087962 0.2156496 0.2214307 0.2261269 0.2297080 0.2321433 0.2333788 0.2333577 0.2320025 0.2292431 0.2250118 0.2192872 0.2121062 0.2036221 0.1940685 0.1837486 0.1730234 0.1621961 0.1515207 0.1411717
5.5845389E-03 6.3613951E-03 7.2128479E-03 8.1478758E-03 9.1771195E-03 1.0312432E-02 1.1567821E-02 1.2959088E-02 1.4504801E-02 1.6226012E-02 1.8147327E-02 2.0296687E-02 2.2706434E-02 2.5413090E-02 2.8458226E-02 3.1887900E-02 3.5752878E-02 4.0107243E-02 4.5007035E-02 5.0506793E-02 5.6655504E-02 6.3489899E-02 7.1026333E-02 7.9251260E-02 8.8110872E-02 9.7504623E-02 0.1072825 0.1172612 0.1272243 0.1369421 0.1462476 0.1549820 0.1630439 0.1703485 0.1768508 0.1825080 0.1872977 0.1911883 0.1941571 0.1961663 0.1971823 0.1971564 0.1960480 0.1938113 0.1904260 0.1858915 0.1802642 0.1736410 0.1662005 0.1581687 0.1497581 0.1411913 0.1326479 0.1242762
5.7877731E-03 6.5342328E-03 7.3505593E-03 8.2451142E-03 9.2272367E-03 1.0307812E-02 1.1499011E-02 1.2815014E-02 1.4271781E-02 1.5887739E-02 1.7683627E-02 1.9683214E-02 2.1913061E-02 2.4403179E-02 2.7186496E-02 3.0299110E-02 3.3779249E-02 3.7666574E-02 4.2000026E-02 4.6815317E-02 5.2141134E-02 5.7994381E-02 6.4374574E-02 7.1257733E-02 7.8591801E-02 8.6292721E-02 9.4247088E-02 0.1023113 0.1103396 0.1182004 0.1257420 0.1328593 0.1394540 0.1454642 0.1508319 0.1555232 0.1595006 0.1627409 0.1652115 0.1668884 0.1677370 0.1677317 0.1668400 0.1650460 0.1623393 0.1587420 0.1542985 0.1491061 0.1432760 0.1369438 0.1302810 0.1234353 0.1165474 0.1097268
5.9225247E-03 6.6378503E-03 7.4184998E-03 8.2718208E-03 9.2063770E-03 1.0231589E-02 1.1358403E-02 1.2598973E-02 1.3967290E-02 1.5478875E-02 1.7151423E-02 1.9004485E-02 2.1060005E-02 2.3341849E-02 2.5876082E-02 2.8690170E-02 3.1812642E-02 3.5271693E-02 3.9093789E-02 4.3301214E-02 4.7909386E-02 5.2923337E-02 5.8334049E-02 6.4115174E-02 7.0220016E-02 7.6581754E-02 8.3114117E-02 8.9722350E-02 9.6295461E-02 0.1027118 0.1088867 0.1147247 0.1201597 0.1251258 0.1295813 0.1334824 0.1368024 0.1395085 0.1415799 0.1429876 0.1437131 0.1437309 0.1430289 0.1415940 0.1394342 0.1365661 0.1330364 0.1289006 0.1242557 0.1192157 0.1138814 0.1083694 0.1027786 9.7200483E-02
5.9991400E-03 6.6830753E-03 7.4276743E-03 8.2396772E-03 9.1264741E-03 1.0096576E-02 1.1159327E-02 1.2325435E-02 1.3606656E-02 1.5016312E-02 1.6568968E-02 1.8280886E-02 2.0169588E-02 2.2254173E-02 2.4554661E-02 2.7091885E-02 2.9886514E-02 3.2958340E-02 3.6324639E-02 3.9998587E-02 4.3987088E-02 4.8288438E-02 5.2890066E-02 5.7766318E-02 6.2877767E-02 6.8170272E-02 7.3577821E-02 7.9019845E-02 8.4419206E-02 8.9708343E-02 9.4797716E-02 9.9626116E-02 0.1041272 0.1082569 0.1119675 0.1152294 0.1180079 0.1202820 0.1220246 0.1232196 0.1238450 0.1238903 0.1233419 0.1222017 0.1204731 0.1181813 0.1153577 0.1120637 0.1083568 0.1043057 0.1000030 9.5526315E-02 9.0956204E-02 8.6358577E-02
