T2-onemodel/GL21.grd
DSAA
         100         100
  -20.00000       20.00000    
  -20.00000       20.00000    
 -5.8942446E-03   1.112680    
[rows 0 to 23 of 100, columns 0 to 53 of 100]
1.7701830E-03 1.8709821E-03 1.9746395E-03 2.0812030E-03 2.1907105E-03 2.3031656E-03 2.4185698E-03 2.5369332E-03 2.6582661E-03 2.7825518E-03 2.9097635E-03 3.0398569E-03 3.1727853E-03 3.3084857E-03 3.4468954E-03 3.5879225E-03 3.7314731E-03 3.8774135E-03 4.0256195E-03 4.1759186E-03 4.3281624E-03 4.4821268E-03 4.6376395E-03 4.7944011E-03 4.9522235E-03 5.1107039E-03 5.2696089E-03 5.4278662E-03 5.5857687E-03 5.7441173E-03 5.9008496E-03 6.0566571E-03 6.2099346E-03 6.3613877E-03 6.5093189E-03 6.6544474E-03 6.7949831E-03 6.9317012E-03 7.0627006E-03 7.1888398E-03 7.3081106E-03 7.4214851E-03 7.5268354E-03 7.6253084E-03 7.7146427E-03 7.7962130E-03 7.8676250E-03 7.9312250E-03 7.9837507E-03 8.0259461E-03 8.0568781E-03 8.0773905E-03 8.0848644E-03 8.0814529E-03
1.8542804E-03 1.9604529E-03 2.0697594E-03 2.1822460E-03 2.2979353E-03 2.4168433E-03 2.5389981E-03 2.6644231E-03 2.7931221E-03 2.9250837E-03 3.0602852E-03 3.1986942E-03 3.3402676E-03 3.4849602E-03 3.6327010E-03 3.7834123E-03 3.9369818E-03 4.0932992E-03 4.2522158E-03 4.4135917E-03 4.5772255E-03 4.7429488E-03 4.9104900E-03 5.0796485E-03 5.2500712E-03 5.4215663E-03 5.5937283E-03 5.7669501E-03 5.9401751E-03 6.1117662E-03 6.2829731E-03 6.4521777E-03 6.6200793E-03 6.7849467E-03 6.9474643E-03 7.1058036E-03 7.2606849E-03 7.4101635E-03 7.5550256E-03 7.6932111E-03 7.8255972E-03 7.9500061E-03 8.0674635E-03 8.1756655E-03 8.2758237E-03 8.3654560E-03 8.4460313E-03 8.5142171E-03 8.5725123E-03 8.6193886E-03 8.6551756E-03 8.6784549E-03 8.6914990E-03 8.6917765E-03
1.9404814E-03 2.0523488E-03 2.1676349E-03 2.2863755E-03 2.4086041E-03 2.5343657E-03 2.6637027E-03 2.7966371E-03 2.9331762E-03 3.0733172E-03 3.2170496E-03 3.3643499E-03 3.5151918E-03 3.6695267E-03 3.8272992E-03 3.9884192E-03 4.1527948E-03 4.3203006E-03 4.4908156E-03 4.6641617E-03 4.8401807E-03 5.0186277E-03 5.1993066E-03 5.3818943E-03 5.5661765E-03 5.7517104E-03 5.9382212E-03 6.1245440E-03 6.3109407E-03 6.4982073E-03 6.6841342E-03 6.8693901E-03 7.0522069E-03 7.2332397E-03 7.4106287E-03 7.5850398E-03 7.7544912E-03 7.9196906E-03 8.0785342E-03 8.2318019E-03 8.3772568E-03 8.5158097E-03 8.6450977E-03 8.7661818E-03 8.8765435E-03 8.9775268E-03 9.0664942E-03 9.1457907E-03 9.2118708E-03 9.2654489E-03 9.3054259E-03 9.3326215E-03 9.3441810E-03 9.3423789E-03
2.0287344E-03 2.1466168E-03 2.2682063E-03 2.3935479E-03 2.5227102E-03 2.6557492E-03 2.7927109E-03 2.9336214E-03 3.0785031E-03 3.2273610E-03 3.3802018E-03 3.5370153E-03 3.6977828E-03 3.8624669E-03 4.0310072E-03 4.2033335E-03 4.3793479E-03 4.5589483E-03 4.7419895E-03 4.9283272E-03 5.1177465E-03 5.3100609E-03 5.5049821E-03 5.7022939E-03 5.9016095E-03 6.1027012E-03 6.3051144E-03 6.5092184E-03 6.7138639E-03 6.9172909E-03 7.1207588E-03 7.3224851E-03 7.5231246E-03 7.7207754E-03 7.9160724E-03 8.1069805E-03 8.2941558E-03 8.4754303E-03 8.6515024E-03 8.8200681E-03 8.9819301E-03 9.1346456E-03 9.2791393E-03 9.4128186E-03 9.5368428E-03 9.6484497E-03 9.7490391E-03 9.8349573E-03 9.9087460E-03 9.9686468E-03 1.0014917E-02 1.0045952E-02 1.0064131E-02 1.0066667E-02
2.1190243E-03 2.2432394E-03 2.3714721E-03 2.5038039E-03 2.6403177E-03 2.7810752E-03 2.9261273E-03 3.0755165E-03 3.2292758E-03 3.3874330E-03 3.5500072E-03 3.7170008E-03 3.8884056E-03 4.0641883E-03 4.2443071E-03 4.4286917E-03 4.6172678E-03 4.8099193E-03 5.0065313E-03 5.2069160E-03 5.4109087E-03 5.6182556E-03 5.8287522E-03 6.0420493E-03 6.2579056E-03 6.4758332E-03 6.6955090E-03 6.9156750E-03 7.1365712E-03 7.3589822E-03 7.5805136E-03 7.8017875E-03 8.0208676E-03 8.2383584E-03 8.4521929E-03 8.6629605E-03 8.8684559E-03 9.0692844E-03 9.2630852E-03 9.4505399E-03 9.6291378E-03 9.7996583E-03 9.9594267E-03 1.0109418E-02 1.0246806E-02 1.0372831E-02 1.0484540E-02 1.0584273E-02 1.0668129E-02 1.0736734E-02 1.0788782E-02 1.0825065E-02 1.0842430E-02 1.0843261E-02
2.2112096E-03 2.3420893E-03 2.4773455E-03 2.6170779E-03 2.7613749E-03 2.9103076E-03 3.0639442E-03 3.2223426E-03 3.3855578E-03 3.5536347E-03 3.7266067E-03 3.9044907E-03 4.0872875E-03 4.2749825E-03 4.4675414E-03 4.6649175E-03 4.8670326E-03 5.0737988E-03 5.2850703E-03 5.5007031E-03 5.7204855E-03 5.9442315E-03 6.1716381E-03 6.4024702E-03 6.6363052E-03 6.8728845E-03 7.1116970E-03 7.3531074E-03 7.5958646E-03 7.8380527E-03 8.0809183E-03 8.3225183E-03 8.5634533E-03 8.8016251E-03 9.0375803E-03 9.2690606E-03 9.4966060E-03 9.7177876E-03 9.9331839E-03 1.0140203E-02 1.0339486E-02 1.0528265E-02 1.0707332E-02 1.0873769E-02 1.1028579E-02 1.1168655E-02 1.1295301E-02 1.1404469E-02 1.1498660E-02 1.1575847E-02 1.1636181E-02 1.1677818E-02 1.1703216E-02 1.1709284E-02
2.3051770E-03 2.4430926E-03 2.5857762E-03 2.7333358E-03 2.8858685E-03 3.0434662E-03 3.2062158E-03 3.3741987E-03 3.5474908E-03 3.7261522E-03 3.9102351E-03 4.0997704E-03 4.2947778E-03 4.4952570E-03 4.7012032E-03 4.9125683E-03 5.1293038E-03 5.3513036E-03 5.5784620E-03 5.8106054E-03 6.0475785E-03 6.2891282E-03 6.5350397E-03 6.7849425E-03 7.0385681E-03 7.2953864E-03 7.5550419E-03 7.8161797E-03 8.0789961E-03 8.3442517E-03 8.6093629E-03 8.8749072E-03 9.1387480E-03 9.4014108E-03 9.6605998E-03 9.9167880E-03 1.0167491E-02 1.0413190E-02 1.0651218E-02 1.0882080E-02 1.1102906E-02 1.1314319E-02 1.1513283E-02 1.1700577E-02 1.1872988E-02 1.2031619E-02 1.2173114E-02 1.2299720E-02 1.2407104E-02 1.2495765E-02 1.2564112E-02 1.2612869E-02 1.2638510E-02 1.2643522E-02
2.4007850E-03 2.5461260E-03 2.6966496E-03 2.8524715E-03 3.0137170E-03 3.1804955E-03 3.3529194E-03 3.5310932E-03 3.7151156E-03 3.9050647E-03 4.1010105E-03 4.3030069E-03 4.5110960E-03 4.7253058E-03 4.9456391E-03 5.1720822E-03 5.4045753E-03 5.6430516E-03 5.8873896E-03 6.1374716E-03 6.3930950E-03 6.6540791E-03 6.9201109E-03 7.1909400E-03 7.4661197E-03 7.7453721E-03 8.0281431E-03 8.3147679E-03 8.6038848E-03 8.8934237E-03 9.1846297E-03 9.4753681E-03 9.7661670E-03 1.0054695E-02 1.0341389E-02 1.0623708E-02 1.0902062E-02 1.1173695E-02 1.1439002E-02 1.1695004E-02 1.1942161E-02 1.2177305E-02 1.2401002E-02 1.2609897E-02 1.2804807E-02 1.2982163E-02 1.3143077E-02 1.3283015E-02 1.3404380E-02 1.3504771E-02 1.3584187E-02 1.3640460E-02 1.3676096E-02 1.3687630E-02
2.4978817E-03 2.6510491E-03 2.8098363E-03 2.9743887E-03 3.1448500E-03 3.3213624E-03 3.5040600E-03 3.6930733E-03 3.8885199E-03 4.0905052E-03 4.2991214E-03 4.5144525E-03 4.7365702E-03 4.9655209E-03 5.2013360E-03 5.4440103E-03 5.6935162E-03 5.9497906E-03 6.2127635E-03 6.4822882E-03 6.7582284E-03 7.0403353E-03 7.3283906E-03 7.6220189E-03 7.9209488E-03 8.2246177E-03 8.5326247E-03 8.8435113E-03 9.1574406E-03 9.4751613E-03 9.7938804E-03 1.0114110E-02 1.0433496E-02 1.0752451E-02 1.1068402E-02 1.1381686E-02 1.1689496E-02 1.1992110E-02 1.2286460E-02 1.2572837E-02 1.2847952E-02 1.3112155E-02 1.3361934E-02 1.3597828E-02 1.3816114E-02 1.4017628E-02 1.4198505E-02 1.4360824E-02 1.4499699E-02 1.4615415E-02 1.4706012E-02 1.4772059E-02 1.4809568E-02 1.4821113E-02
2.5962384E-03 2.7576394E-03 2.9251410E-03 3.0989102E-03 3.2791272E-03 3.4659535E-03 3.6595562E-03 3.8600867E-03 4.0676938E-03 4.2825066E-03 4.5046592E-03 4.7342610E-03 4.9714129E-03 5.2161934E-03 5.4686517E-03 5.7288138E-03 5.9966734E-03 6.2722131E-03 6.5553584E-03 6.8460177E-03 7.1440153E-03 7.4491845E-03 7.7612237E-03 8.0798967E-03 8.4047476E-03 8.7354761E-03 9.0714805E-03 9.4130971E-03 9.7588515E-03 1.0106510E-02 1.0457306E-02 1.0808899E-02 1.1161722E-02 1.1513175E-02 1.1863562E-02 1.2210023E-02 1.2552752E-02 1.2888593E-02 1.3217701E-02 1.3536654E-02 1.3845603E-02 1.4140869E-02 1.4422721E-02 1.4687236E-02 1.4934897E-02 1.5161554E-02 1.5368017E-02 1.5549111E-02 1.5707059E-02 1.5838956E-02 1.5944541E-02 1.6021207E-02 1.6071476E-02 1.6091393E-02
2.6956096E-03 2.8656817E-03 3.0423687E-03 3.2258795E-03 3.4164125E-03 3.6141695E-03 3.8193380E-03 4.0321080E-03 4.2526531E-03 4.4811494E-03 4.7177612E-03 4.9626357E-03 5.2159047E-03 5.4776738E-03 5.7480317E-03 6.0270340E-03 6.3147214E-03 6.6110906E-03 6.9161169E-03 7.2296970E-03 7.5517255E-03 7.8819906E-03 8.2203066E-03 8.5663125E-03 8.9197326E-03 9.2799840E-03 9.6466420E-03 1.0018156E-02 1.0394669E-02 1.0776912E-02 1.1161868E-02 1.1549976E-02 1.1938627E-02 1.2328120E-02 1.2715566E-02 1.3101100E-02 1.3481503E-02 1.3856806E-02 1.4223477E-02 1.4581481E-02 1.4926972E-02 1.5259958E-02 1.5576308E-02 1.5876152E-02 1.6155105E-02 1.6413625E-02 1.6647154E-02 1.6857482E-02 1.7038997E-02 1.7191647E-02 1.7312931E-02 1.7403189E-02 1.7457828E-02 1.7479455E-02
2.7956413E-03 2.9748320E-03 3.1612096E-03 3.3549997E-03 3.5564473E-03 3.7657719E-03 3.9832103E-03 4.2089759E-03 4.4432976E-03 4.6863826E-03 4.9384413E-03 5.1996536E-03 5.4701902E-03 5.7501975E-03 6.0398043E-03 6.3391170E-03 6.6482080E-03 6.9671255E-03 7.2958488E-03 7.6343454E-03 7.9824943E-03 8.3401864E-03 8.7071573E-03 9.0831993E-03 9.4678579E-03 9.8608369E-03 1.0261524E-02 1.0670261E-02 1.1085470E-02 1.1504754E-02 1.1929332E-02 1.2356642E-02 1.2787018E-02 1.3217570E-02 1.3648413E-02 1.4076280E-02 1.4501126E-02 1.4919315E-02 1.5330666E-02 1.5731176E-02 1.6120609E-02 1.6494611E-02 1.6852988E-02 1.7191069E-02 1.7508863E-02 1.7801423E-02 1.8069113E-02 1.8305913E-02 1.8513680E-02 1.8688828E-02 1.8830689E-02 1.8936070E-02 1.9007409E-02 1.9040117E-02
2.8960067E-03 3.0848009E-03 3.2813835E-03 3.4860291E-03 3.6990037E-03 3.9205798E-03 4.1510202E-03 4.3905978E-03 4.6395781E-03 4.8982198E-03 5.1667700E-03 5.4454566E-03 5.7344935E-03 6.0340804E-03 6.3444008E-03 6.6656023E-03 6.9978153E-03 7.3411078E-03 7.6955380E-03 8.0610784E-03 8.4377080E-03 8.8252751E-03 9.2236511E-03 9.6325120E-03 1.0051617E-02 1.0480394E-02 1.0918424E-02 1.1364077E-02 1.1817493E-02 1.2279389E-02 1.2746532E-02 1.3219292E-02 1.3694798E-02 1.4173189E-02 1.4651197E-02 1.5128720E-02 1.5602075E-02 1.6070951E-02 1.6531225E-02 1.6982444E-02 1.7420052E-02 1.7843522E-02 1.8247915E-02 1.8632784E-02 1.8992864E-02 1.9328017E-02 1.9632773E-02 1.9908404E-02 2.0148329E-02 2.0351963E-02 2.0516079E-02 2.0640610E-02 2.0720150E-02 2.0757290E-02
2.9962338E-03 3.1951200E-03 3.4024569E-03 3.6185428E-03 3.8437010E-03 4.0782327E-03 4.3224650E-03 4.5767087E-03 4.8412890E-03 5.1165037E-03 5.4026581E-03 5.7000266E-03 6.0088872E-03 6.3294955E-03 6.6620959E-03 7.0068929E-03 7.3640575E-03 7.7337385E-03 8.1160236E-03 8.5109808E-03 8.9185890E-03 9.3388138E-03 9.7714746E-03 1.0216420E-02 1.0673256E-02 1.1141726E-02 1.1621232E-02 1.2112155E-02 1.2612830E-02 1.3120707E-02 1.3637032E-02 1.4159012E-02 1.4686867E-02 1.5217363E-02 1.5750412E-02 1.6282305E-02 1.6812673E-02 1.7337287E-02 1.7855547E-02 1.8362697E-02 1.8857943E-02 1.9336050E-02 1.9796161E-02 2.0232622E-02 2.0644728E-02 2.1026470E-02 2.1377474E-02 2.1690577E-02 2.1967050E-02 2.2202322E-02 2.2395125E-02 2.2541413E-02 2.2643425E-02 2.2695728E-02
3.0957966E-03 3.3052992E-03 3.5239474E-03 3.7521047E-03 3.9901217E-03 4.2383708E-03 4.4972165E-03 4.7670398E-03 5.0482051E-03 5.3410823E-03 5.6460192E-03 5.9633688E-03 6.2934691E-03 6.6366494E-03 6.9932123E-03 7.3634312E-03 7.7475477E-03 8.1457729E-03 8.5582882E-03 8.9851934E-03 9.4265826E-03 9.8824138E-03 1.0352659E-02 1.0837094E-02 1.1335558E-02 1.1847541E-02 1.2372657E-02 1.2909242E-02 1.3457464E-02 1.4018087E-02 1.4587664E-02 1.5166504E-02 1.5751446E-02 1.6342472E-02 1.6935918E-02 1.7531391E-02 1.8124646E-02 1.8714953E-02 1.9297453E-02 1.9871091E-02 2.0430401E-02 2.0974120E-02 2.1496238E-02 2.1995472E-02 2.2465337E-02 2.2904804E-02 2.3307117E-02 2.3672726E-02 2.3993732E-02 2.4268715E-02 2.4493381E-02 2.4667034E-02 2.4783181E-02 2.4844229E-02
3.1940721E-03 3.4147114E-03 3.6452704E-03 3.8861351E-03 4.1377358E-03 4.4004829E-03 4.6748202E-03 4.9611693E-03 5.2599716E-03 5.5716457E-03 5.8966284E-03 6.2353360E-03 6.5881950E-03 6.9555989E-03 7.3379283E-03 7.7355392E-03 8.1487549E-03 8.5778832E-03 9.0231700E-03 9.4848312E-03 9.9629853E-03 1.0457749E-02 1.0969071E-02 1.1496942E-02 1.2041070E-02 1.2601302E-02 1.3177104E-02 1.3768955E-02 1.4375164E-02 1.4993071E-02 1.5623962E-02 1.6264828E-02 1.6915802E-02 1.7573319E-02 1.8237058E-02 1.8902805E-02 1.9569799E-02 2.0233115E-02 2.0891543E-02 2.1539422E-02 2.2175156E-02 2.2792391E-02 2.3389312E-02 2.3958925E-02 2.4499444E-02 2.5003372E-02 2.5469227E-02 2.5888270E-02 2.6260769E-02 2.6580792E-02 2.6846092E-02 2.7051436E-02 2.7198603E-02 2.7280994E-02
3.2903154E-03 3.5226564E-03 3.7657248E-03 4.0199868E-03 4.2859153E-03 4.5639994E-03 4.8547303E-03 5.1586139E-03 5.4761469E-03 5.8078431E-03 6.1542075E-03 6.5157567E-03 6.8929857E-03 7.2863782E-03 7.6964125E-03 8.1235347E-03 8.5681854E-03 9.0307510E-03 9.5116002E-03 1.0011013E-02 1.0529265E-02 1.1066502E-02 1.1622880E-02 1.2198330E-02 1.2792861E-02 1.3406070E-02 1.4037705E-02 1.4686130E-02 1.5351623E-02 1.6035043E-02 1.6732765E-02 1.7445091E-02 1.8168626E-02 1.8903188E-02 1.9644702E-02 2.0392453E-02 2.1141553E-02 2.1890718E-02 2.2634186E-02 2.3370121E-02 2.4091877E-02 2.4797177E-02 2.5478559E-02 2.6133489E-02 2.6753811E-02 2.7337139E-02 2.7874913E-02 2.8366270E-02 2.8801439E-02 2.9177703E-02 2.9489225E-02 2.9734259E-02 2.9904755E-02 3.0002756E-02
3.3836325E-03 3.6282374E-03 3.8844643E-03 4.1528186E-03 4.4338643E-03 4.7281403E-03 5.0362311E-03 5.3586937E-03 5.6961328E-03 6.0491310E-03 6.4183120E-03 6.8042581E-03 7.2075762E-03 7.6288488E-03 8.0686696E-03 8.5276002E-03 9.0061864E-03 9.5049469E-03 1.0024347E-02 1.0564831E-02 1.1126746E-02 1.1710444E-02 1.2316097E-02 1.2943900E-02 1.3593768E-02 1.4265737E-02 1.4959440E-02 1.5675563E-02 1.6412457E-02 1.7167419E-02 1.7941883E-02 1.8732700E-02 1.9539962E-02 2.0359792E-02 2.1191666E-02 2.2030812E-02 2.2876011E-02 2.3721501E-02 2.4565343E-02 2.5400698E-02 2.6224937E-02 2.7030177E-02 2.7813248E-02 2.8565299E-02 2.9282942E-02 2.9956596E-02 3.0583067E-02 3.1151339E-02 3.1660110E-02 3.2101393E-02 3.2471418E-02 3.2763157E-02 3.2977588E-02 3.3106469E-02
3.4729897E-03 3.7304671E-03 4.0004994E-03 4.2836969E-03 4.5806691E-03 4.8920545E-03 5.2184905E-03 5.5606561E-03 5.9192260E-03 6.2949103E-03 6.6884011E-03 7.1004136E-03 7.5316499E-03 7.9828305E-03 8.4546702E-03 8.9478651E-03 9.4630942E-03 1.0001010E-02 1.0562244E-02 1.1147356E-02 1.1756904E-02 1.2391316E-02 1.3051018E-02 1.3736214E-02 1.4447180E-02 1.5183762E-02 1.5945951E-02 1.6732251E-02 1.7543167E-02 1.8379783E-02 1.9238412E-02 2.0119458E-02 2.1019336E-02 2.1937823E-02 2.2870408E-02 2.3816060E-02 2.4769178E-02 2.5727844E-02 2.6685210E-02 2.7638430E-02 2.8579345E-02 2.9504241E-02 3.0403679E-02 3.1273331E-02 3.2102697E-02 3.2887306E-02 3.3615988E-02 3.4285802E-02 3.4884248E-02 3.5406537E-02 3.5844475E-02 3.6194667E-02 3.6446828E-02 3.6602262E-02
3.5571358E-03 3.8280787E-03 4.1126162E-03 4.4114017E-03 4.7251564E-03 5.0545759E-03 5.4004188E-03 5.7634446E-03 6.1444566E-03 6.5442487E-03 6.9636512E-03 7.4034804E-03 7.8645954E-03 8.3478484E-03 8.8541023E-03 9.3842009E-03 9.9389805E-03 1.0519272E-02 1.1125863E-02 1.1759524E-02 1.2420953E-02 1.3110830E-02 1.3829671E-02 1.4578026E-02 1.5356136E-02 1.6164394E-02 1.7002737E-02 1.7872205E-02 1.8771341E-02 1.9697575E-02 2.0652628E-02 2.1633344E-02 2.2639934E-02 2.3668285E-02 2.4717726E-02 2.5782956E-02 2.6862290E-02 2.7949037E-02 2.9040365E-02 3.0128002E-02 3.1207908E-02 3.2270197E-02 3.3309754E-02 3.4315176E-02 3.5280686E-02 3.6193680E-02 3.7048280E-02 3.7830163E-02 3.8535427E-02 3.9152980E-02 3.9676625E-02 4.0096655E-02 4.0412582E-02 4.0613808E-02
3.6346514E-03 3.9197057E-03 4.2194421E-03 4.5346203E-03 4.8660226E-03 5.2144751E-03 5.5808169E-03 5.9659421E-03 6.3707507E-03 6.7961742E-03 7.2431611E-03 7.7126925E-03 8.2057668E-03 8.7234043E-03 9.2666261E-03 9.8364577E-03 1.0433931E-02 1.1060056E-02 1.1715858E-02 1.2402277E-02 1.3120290E-02 1.3870721E-02 1.4654439E-02 1.5472065E-02 1.6324323E-02 1.7211480E-02 1.8133951E-02 1.9090563E-02 2.0082263E-02 2.1110553E-02 2.2171898E-02 2.3266995E-02 2.4392268E-02 2.5547547E-02 2.6728058E-02 2.7932521E-02 2.9154658E-02 3.0391859E-02 3.1636033E-02 3.2883063E-02 3.4122854E-02 3.5349756E-02 3.6551662E-02 3.7721623E-02 3.8845748E-02 3.9916400E-02 4.0918536E-02 4.1845862E-02 4.2681757E-02 4.3418124E-02 4.4043150E-02 4.4550698E-02 4.4927221E-02 4.5172650E-02
3.7037584E-03 4.0035606E-03 4.3192296E-03 4.6515968E-03 5.0015757E-03 5.3700702E-03 5.7580695E-03 6.1665648E-03 6.5966025E-03 7.0492383E-03 7.5256000E-03 8.0268141E-03 8.5540628E-03 9.1085369E-03 9.6914629E-03 1.0304071E-02 1.0947605E-02 1.1623320E-02 1.2332459E-02 1.3076260E-02 1.3855892E-02 1.4672552E-02 1.5527268E-02 1.6421134E-02 1.7354932E-02 1.8329600E-02 1.9345617E-02 2.0404624E-02 2.1505617E-02 2.2646394E-02 2.3829276E-02 2.5051335E-02 2.6313139E-02 2.7610563E-02 2.8943017E-02 3.0304827E-02 3.1693935E-02 3.3102706E-02 3.4527313E-02 3.5957780E-02 3.7388269E-02 3.8806260E-02 4.0203966E-02 4.1566364E-02 4.2884097E-02 4.4140086E-02 4.5324270E-02 4.6417262E-02 4.7410935E-02 4.8289340E-02 4.9042318E-02 4.9655993E-02 5.0127380E-02 5.0442349E-02
3.7624580E-03 4.0776823E-03 4.4100159E-03 4.7604307E-03 5.1299147E-03 5.5195345E-03 5.9303725E-03 6.3635772E-03 6.8203318E-03 7.3018735E-03 7.8094783E-03 8.3444873E-03 8.9082504E-03 9.5021920E-03 1.0127740E-02 1.0786381E-02 1.1479611E-02 1.2208943E-02 1.2975931E-02 1.3782066E-02 1.4628896E-02 1.5517860E-02 1.6450457E-02 1.7427970E-02 1.8451797E-02 1.9522883E-02 2.0642342E-02 2.1809638E-02 2.3026472E-02 2.4295144E-02 2.5612557E-02 2.6980070E-02 2.8394422E-02 2.9855888E-02 3.1359702E-02 3.2904632E-02 3.4483872E-02 3.6094226E-02 3.7726302E-02 3.9374523E-02 4.1026447E-02 4.2673852E-02 4.4301014E-02 4.5897197E-02 4.7443610E-02 4.8927721E-02 5.0328568E-02 5.1634405E-02 5.2822225E-02 5.3878434E-02 5.4785449E-02 5.5532660E-02 5.6101441E-02 5.6489393E-02
3.8082437E-03 4.1395491E-03 4.4893264E-03 4.8586302E-03 5.2486188E-03 5.6604482E-03 6.0953670E-03 6.5546660E-03 7.0397160E-03 7.5519145E-03 8.0927638E-03 8.6637717E-03 9.2665469E-03 9.9027315E-03 1.0574033E-02 1.1282199E-02 1.2029016E-02 1.2816336E-02 1.3646000E-02 1.4519902E-02 1.5439902E-02 1.6407929E-02 1.7425766E-02 1.8495319E-02 1.9618183E-02 2.0796183E-02 2.2030670E-02 2.3324275E-02 2.4676822E-02 2.6086897E-02 2.7557844E-02 2.9087424E-02 3.0677037E-02 3.2323025E-02 3.4025341E-02 3.5778295E-02 3.7579823E-02 3.9421543E-02 4.1298717E-02 4.3199543E-02 4.5116037E-02 4.7032382E-02 4.8937052E-02 5.0809998E-02 5.2636493E-02 5.4392751E-02 5.6062024E-02 5.7617024E-02 5.9042506E-02 6.0314726E-02 6.1416838E-02 6.2328268E-02 6.3041709E-02 6.3537687E-02
