T2-onemodel/GL22.grd
DSAA
         100         100
  -20.00000       20.00000    
  -20.00000       20.00000    
 -0.3388340       113.0246    
[rows 54 to 80 of 100, columns 0 to 61 of 100]
-5.1619757E-02 1.8424938E-02 9.4980568E-02 0.1793134 0.2719385 0.3744364 0.4875984 0.6134444 0.7531934 0.9094701 1.084107 1.280591 1.501685 1.752145 2.036108 2.360211 2.730665 3.156909 3.648388 4.218712 4.882217 5.658864 6.570329 7.645910 8.918065 10.42937 12.22731 14.37232 16.93126 19.98683 23.62877 27.96496 33.10977 39.19722 46.36406 54.74738 64.34908 74.53849 83.56758 90.45889 95.60168 99.46423 102.3831 104.5500 106.1041 107.1152 107.6356 107.6711 107.2180 106.2309 104.6506 102.3693 99.25341 95.10337 89.66866 82.60723 73.60484 63.02125 52.75042 44.15718 37.18038 31.49680
-1.5275505E-02 5.4272354E-02 0.1306179 0.2143670 0.3067167 0.4085245 0.5213348 0.6463681 0.7856787 0.9410087 1.115124 1.310526 1.531040 1.780325 2.063754 2.386712 2.756896 3.182365 3.674351 4.245008 4.910953 5.690649 6.608869 7.693592 8.981709 10.51510 12.34796 14.54152 17.17336 20.32997 24.11856 28.65532 34.08101 40.53954 48.19081 57.11788 67.08154 76.71753 84.43748 90.20766 94.54403 97.83717 100.3280 102.1772 103.4769 104.2911 104.6413 104.5358 103.9436 102.8199 101.0723 98.58444 95.17146 90.60454 84.55372 76.66815 66.83933 56.38039 47.20615 39.72927 33.65425 28.66718
2.9403569E-02 9.8402627E-02 0.1742049 0.2572742 0.3489268 0.4498860 0.5618092 0.6857705 0.8239378 0.9779114 1.150560 1.344247 1.562880 1.810006 2.091047 2.411309 2.778526 3.200735 3.689202 4.256167 4.918336 5.694503 6.609690 7.692719 8.981182 10.51890 12.36193 14.57588 17.24310 20.46001 24.34522 29.03602 34.69387 41.49128 49.58184 58.94555 68.76921 77.25386 83.68130 88.50726 92.16960 94.97436 97.09842 98.66756 99.74885 100.3895 100.5993 100.3733 99.67232 98.43563 96.55676 93.88696 90.20570 85.21567 78.53461 69.83562 59.69057 50.09152 42.14349 35.69057 30.41908 26.05836
8.3213545E-02 0.1517068 0.2265363 0.3089281 0.3993792 0.4994240 0.6098285 0.7325619 0.8687976 1.021113 1.191260 1.382698 1.598072 1.842126 2.118851 2.434913 2.796386 3.212827 3.693594 4.252680 4.904553 5.670093 6.571710 7.640850 8.912181 10.43314 12.25696 14.45519 17.10914 20.32748 24.23526 28.99843 34.80218 41.86266 50.29721 59.77719 68.76620 75.84829 81.15965 85.18452 88.28133 90.66016 92.47022 93.79145 94.68710 95.17609 95.27219 94.94912 94.17290 92.85824 90.89670 88.09572 84.19965 78.81532 71.52312 62.28517 52.62634 44.29756 37.51875 31.99693 27.44154 23.64905
0.1470446 0.2146148 0.2885428 0.3697585 0.4590337 0.5575604 0.6664134 0.7871680 0.9213346 1.071027 1.238382 1.426297 1.637858 1.877113 2.148550 2.457964 2.811991 3.219076 3.689200 4.234903 4.871339 5.617434 6.496365 7.536919 8.774652 10.25344 12.02785 14.16511 16.75008 19.88861 23.71897 28.41759 34.21563 41.35233 49.87056 58.82763 66.43157 72.18607 76.54613 79.89902 82.50484 84.52030 86.05164 87.16284 87.89425 88.26260 88.26592 87.88084 87.05865 85.71967 83.73213 80.89497 76.88149 71.23337 63.52267 54.44599 45.98705 39.00356 33.30650 28.61815 24.71205 21.42937
0.2207487 0.2871394 0.3600819 0.4398038 0.5277608 0.6243758 0.7314531 0.8497168 0.9814668 1.127856 1.291887 1.475360 1.682278 1.915428 2.180279 2.481142 2.825652 3.220482 3.676594 4.204296 4.819641 5.538642 6.385094 7.383815 8.570387 9.983060 11.67535 13.70639 16.15843 19.12669 22.74729 27.19144 32.70890 39.56015 47.57094 55.22783 61.27599 65.88369 69.43406 72.21745 74.39732 76.09915 77.38678 78.31773 78.90921 79.18031 79.11425 78.69547 77.86550 76.55446 74.62305 71.87398 67.94699 62.32352 54.79599 46.81285 39.89626 34.18884 29.47482 25.53239 22.21185 19.38798
0.3020645 0.3673675 0.4388906 0.5171940 0.6033158 0.6980417 0.8027173 0.9184512 1.047001 1.189952 1.349649 1.528367 1.729307 1.955760 2.212200 2.503442 2.835844 3.216537 3.654770 4.161182 4.749396 5.435431 6.239501 7.185697 8.304019 9.630499 11.20944 13.09466 15.35216 18.06482 21.33693 25.30912 30.15885 36.05429 42.57608 48.42108 53.04755 56.68134 59.55557 61.84727 63.66534 65.09076 66.17191 66.94415 67.42305 67.61449 67.50768 67.07809 66.28097 65.04500 63.25965 60.74364 57.21029 52.23981 45.98419 39.77816 34.40454 29.85720 26.01096 22.73537 19.93388 17.52396
0.3848324 0.4488792 0.5188558 0.5955128 0.6796269 0.7721809 0.8742108 0.9870270 1.112041 1.251020 1.405908 1.579131 1.773401 1.992107 2.239097 2.519177 2.837875 3.202104 3.619933 4.101416 4.658388 5.305570 6.060320 6.944095 7.982085 9.205058 10.64875 12.35628 14.37694 16.76966 19.60007 22.94232 26.85516 31.30443 35.91275 40.07281 43.54280 46.38065 48.69232 50.56815 52.07594 53.26416 54.16701 54.80544 55.19077 55.32278 55.19204 54.77586 54.03822 52.92137 51.34367 49.18248 46.27726 42.48688 38.04340 33.59826 29.55793 26.00253 22.90423 20.20953 17.86485 15.82153
0.4613890 0.5239859 0.5923352 0.6671137 0.7490970 0.8391773 0.9383838 1.047903 1.169117 1.303630 1.453322 1.620386 1.807411 2.017458 2.254142 2.521771 2.825466 3.171360 3.566788 4.020535 4.543121 5.147141 5.847577 6.662192 7.611831 8.720688 10.01638 11.52977 13.29415 15.34363 17.70886 20.40765 23.42206 26.65375 29.88760 32.87451 35.48224 37.69596 39.54742 41.07712 42.32108 43.30784 44.05800 44.58464 44.89356 44.98331 44.84471 44.45939 43.79943 42.82494 41.48279 39.70808 37.44009 34.67700 31.56952 28.39651 25.38069 22.62263 20.14741 17.94600 15.99657 14.27333
0.5280049 0.5890504 0.6556277 0.7283871 0.8080593 0.8954859 0.9916304 1.097611 1.214712 1.344433 1.488504 1.648962 1.828174 2.028937 2.254529 2.508833 2.796423 3.122742 3.494212 3.918460 4.404480 4.962872 5.606007 6.348214 7.205812 8.197023 9.341578 10.65988 12.17141 13.89194 15.82862 17.97173 20.28230 22.67936 25.04399 27.25917 29.24854 30.98374 32.46667 33.71135 34.73450 35.55107 36.17251 36.60592 36.85380 36.91359 36.77742 36.43210 35.85801 35.02958 33.91708 32.49205 30.74126 28.69259 26.43762 24.11038 21.83550 19.69283 17.72016 15.92860 14.31453 12.86716
0.5840805 0.6434652 0.7081614 0.7787699 0.8559856 0.9405897 1.033488 1.135710 1.248459 1.373103 1.511243 1.664723 1.835708 2.026705 2.240659 2.481010 2.751792 3.057729 3.404365 3.798157 4.246628 4.758451 5.343544 6.013043 6.779220 7.655095 8.653884 9.787850 11.06665 12.49472 14.06758 15.76715 17.55695 19.38115 21.17167 22.86192 24.40488 25.77588 26.96685 27.97956 28.81979 29.49411 30.00789 30.36433 30.56384 30.60376 30.47809 30.17701 29.68799 28.99633 28.08753 26.95220 25.59450 24.04202 22.35071 20.59711 18.85439 17.17818 15.60299 14.14588 12.81202 11.59931
0.6302047 0.6878463 0.7505604 0.8189138 0.8935492 0.9751974 1.064694 1.162996 1.271197 1.390557 1.522525 1.668774 1.831238 2.012158 2.214135 2.440181 2.693791 2.979014 3.300528 3.663708 4.074692 4.540414 5.068586 5.667598 6.346300 7.113573 7.977667 8.945168 10.01958 11.19943 12.47604 13.83132 15.23664 16.65371 18.03955 19.35532 20.56962 21.66218 22.62284 23.44805 24.13802 24.69442 25.11892 25.41223 25.57358 25.60032 25.48787 25.23025 24.81984 24.24888 23.51158 22.60741 21.54536 20.34831 19.05328 17.70498 16.34985 15.02672 13.76310 12.57589 11.47347 10.45824
0.6673724 0.7231961 0.7838506 0.8498586 0.9218189 1.000406 1.086388 1.180640 1.284161 1.398090 1.523736 1.662590 1.816374 1.987063 2.176925 2.388565 2.624967 2.889545 3.186187 3.519274 3.893720 4.314933 4.788758 5.321321 5.918771 6.586860 7.330350 8.152164 9.052362 10.02693 11.06658 12.15592 13.27345 14.39323 15.48751 16.52899 17.49633 18.37428 19.15303 19.82726 20.39450 20.85379 21.20468 21.44649 21.57786 21.59660 21.49959 21.28262 20.94163 20.47330 19.87649 19.15425 18.31607 17.37903 16.36785 15.31338 14.24570 13.19149 12.17179 11.20118 10.28854 9.438222
0.6966919 0.7506433 0.8091748 0.8727725 0.9419857 1.017436 1.099824 1.189946 1.288702 1.397120 1.516364 1.647761 1.792821 1.953268 2.131058 2.328415 2.547853 2.792211 3.064663 3.368729 3.708256 4.087381 4.510420 4.981715 5.505378 6.084921 6.722782 7.419696 8.174010 8.980959 9.832100 10.71505 11.61387 12.50986 13.38350 14.21751 14.99610 15.70700 16.34165 16.89438 17.36170 17.74137 18.03186 18.23176 18.33951 18.35314 18.27040 18.08927 17.80770 17.42472 16.94137 16.36191 15.69474 14.95337 14.15552 13.32059 12.46975 11.62229 10.79408 9.997091 9.239497 8.526201
0.7192233 0.7712572 0.8276215 0.8887607 0.9551818 1.027447 1.106196 1.192145 1.286104 1.388986 1.501826 1.625785 1.762185 1.912506 2.078423 2.261810 2.464760 2.689600 2.938890 3.215400 3.522103 3.862088 4.238471 4.654235 5.112010 5.613772 6.160490 6.751680 7.384976 8.055730 8.756737 9.478277 10.20843 10.93406 11.64159 12.31712 12.94937 13.52909 14.04905 14.50395 14.89002 15.20459 15.44564 15.61148 15.70057 15.71143 15.64266 15.49275 15.26109 14.94811 14.55583 14.08853 13.55337 12.96015 12.32142 11.65239 10.96753 10.28056 9.603480 8.945870 8.314810 7.715072
0.7359498 0.7860395 0.8402070 0.8988621 0.9624647 1.031527 1.106623 1.188395 1.277567 1.374946 1.481438 1.598060 1.725948 1.866371 2.020742 2.190626 2.377745 2.583984 2.811371 3.062066 3.338315 3.642388 3.976473 4.342549 4.742205 5.176396 5.645209 6.147545 6.680868 7.240981 7.821937 8.416105 9.014505 9.607068 10.18353 10.73494 11.25238 11.72822 12.15646 12.53238 12.85240 13.11378 13.31441 13.45256 13.52678 13.53581 13.47861 13.35485 13.16452 12.90853 12.58916 12.21036 11.77793 11.29986 10.78565 10.24498 9.688853 9.127683 8.570602 8.025238 7.497542 6.991847
0.7477320 0.7958601 0.8478193 0.9039814 0.9647633 1.030626 1.102084 1.179710 1.264145 1.356097 1.456357 1.565803 1.685408 1.816247 1.959503 2.116467 2.288544 2.477236 2.684139 2.910904 3.159203 3.430666 3.726789 4.048827 4.397647 4.773564 5.176152 5.604061 6.054848 6.524875 7.009280 7.502086 7.996409 8.484992 8.960389 9.414582 9.841043 10.23401 10.58853 10.90053 11.16677 11.38468 11.55225 11.66784 11.73019 11.73838 11.69186 11.59017 11.43381 11.22404 10.96309 10.65436 10.30261 9.913615 9.494339 9.053238 8.598045 8.136357 7.675191 7.220608 6.777537 6.349776
0.7553357 0.8015001 0.8512521 0.9049289 0.9629060 1.025595 1.093457 1.166998 1.246781 1.333424 1.427612 1.530098 1.641708 1.763346 1.895992 2.040704 2.198610 2.370901 2.558811 2.763586 2.986448 3.228539 3.490845 3.774108 4.078719 4.404591 4.751039 5.116650 5.499202 5.895594 6.301877 6.713312 7.124576 7.529788 7.923013 8.299217 8.652947 8.979338 9.274300 9.534385 9.756754 9.939107 10.07959 10.17676 10.22949 10.23696 10.19872 10.11505 9.986453 9.814106 9.600018 9.347104 9.059160 8.741083 8.398365 8.036246 7.661005 7.278654 6.894658 6.513844 6.140274 5.777202
0.7594102 0.8036190 0.8511789 0.9023930 0.9575973 1.017161 1.081490 1.151031 1.226276 1.307760 1.396074 1.491856 1.595805 1.708673 1.831267 1.964444 2.109102 2.266174 2.436601 2.621308 2.821171 3.036966 3.269309 3.518589 3.784883 4.067874 4.366761 4.680183 5.006164 5.342096 5.684754 6.030382 6.374788 6.713694 7.042686 7.356759 7.651913 7.924479 8.171096 8.388866 8.575353 8.728537 8.846796 8.928849 8.973765 8.980985 8.950317 8.881673 8.775727 8.633686 8.457326 8.249046 8.011951 7.749532 7.465908 7.166186 6.854802 6.536215 6.214704 5.894137 5.577851 5.268610
0.7605273 0.8028000 0.8481936 0.8969808 0.9494615 1.005962 1.066841 1.132490 1.203335 1.279837 1.362502 1.451871 1.548525 1.653088 1.766219 1.888604 2.020953 2.163987 2.318413 2.484907 2.664080 2.856437 3.062331 3.281910 3.515059 3.761332 4.019904 4.289509 4.568429 4.854468 5.144998 5.436984 5.727114 6.011731 6.287166 6.550453 6.798090 7.026879 7.234059 7.417205 7.574245 7.703449 7.803407 7.873021 7.911495 7.918293 7.893201 7.836635 7.749133 7.631677 7.485759 7.313404 7.117072 6.899882 6.665181 6.415947 6.156006 5.889037 5.618439 5.347325 5.078440 4.814120
0.7591607 0.7995243 0.8427889 0.8891960 0.9390135 0.9925290 1.050057 1.111938 1.178539 1.250258 1.327522 1.410785 1.500532 1.597274 1.701543 1.813886 1.934858 2.065006 2.204856 2.354889 2.515517 2.687048 2.869652 3.063316 3.267809 3.482629 3.706969 3.939692 4.179304 4.423970 4.671518 4.919513 5.165285 5.406183 5.639451 5.861779 6.070638 6.263632 6.438488 6.593189 6.725986 6.835406 6.920248 6.979578 7.012739 7.019387 6.999475 6.952993 6.880538 6.783052 6.661821 6.518475 6.355051 6.173707 5.976989 5.768184 5.549956 5.325051 5.096178 4.865862 4.636362 4.409650
0.7557260 0.7942176 0.8353977 0.8794831 0.9267091 0.9773294 1.031618 1.089869 1.152398 1.219544 1.291668 1.369149 1.452387 1.541798 1.637807 1.740848 1.851346 1.969714 2.096334 2.231538 2.375589 2.528654 2.690777 2.861843 3.041555 3.229398 3.424617 3.626192 3.832842 4.043018 4.254939 4.466598 4.675846 4.880295 5.077570 5.265877 5.442888 5.606451 5.754691 5.885926 5.998687 6.091734 6.164044 6.214834 6.243538 6.249798 6.233494 6.195035 6.134844 6.053639 5.952474 5.832719 5.695990 5.544333 5.379870 5.204340 5.020191 4.829781 4.635300 4.438802 4.242161 4.047036
0.7505765 0.7872378 0.8263869 0.8682150 0.9129305 0.9607536 1.011923 1.066691 1.125331 1.188125 1.255379 1.327407 1.404535 1.487100 1.575442 1.669896 1.770787 1.878418 1.993062 2.114936 2.244197 2.380909 2.525031 2.676389 2.834654 2.999322 3.169698 3.344883 3.523774 3.705070 3.887281 4.068778 4.247798 4.422637 4.591511 4.752131 4.902858 5.042107 5.168329 5.280125 5.376268 5.455709 5.517594 5.561255 5.586238 5.592325 5.579529 5.547824 5.497673 5.429767 5.345003 5.244480 5.129546 5.001561 4.862150 4.713533 4.557370 4.395409 4.229422 4.061094 3.891981 3.723479
0.7440129 0.7788925 0.8160697 0.8557131 0.8980047 0.9431366 0.9913145 1.042756 1.097691 1.156361 1.219017 1.285920 1.357335 1.433532 1.514777 1.601329 1.693430 1.791301 1.895125 2.005040 2.121119 2.243358 2.371662 2.505820 2.645498 2.790214 2.939342 3.092089 3.247509 3.404498 3.561823 3.718119 3.871947 4.021682 4.165735 4.303012 4.431920 4.550979 4.658905 4.754534 4.836836 4.904934 4.958105 4.995794 5.017608 5.023291 5.012763 4.986382 4.944446 4.887452 4.816125 4.731396 4.634334 4.526322 4.408751 4.282635 4.149612 4.011244 3.868988 3.724231 3.578271 3.432286
0.7362906 0.7694416 0.8047109 0.8422462 0.8822060 0.9247569 0.9700764 1.018349 1.069771 1.124543 1.182873 1.244975 1.311064 1.381351 1.456046 1.535344 1.619422 1.708435 1.802502 1.901695 2.006033 2.115465 2.229861 2.348994 2.472535 2.600039 2.730938 2.864542 3.000034 3.136482 3.272846 3.408002 3.540755 3.669980 3.794490 3.912643 4.023363 4.125585 4.218243 4.300366 4.371097 4.429697 4.475562 4.508223 4.527360 4.532842 4.524694 4.502861 4.467685 4.419663 4.359411 4.287673 4.205352 4.113314 4.012620 3.904840 3.791026 3.672323 3.549921 3.424975 3.298565 3.171688
0.7276340 0.7591136 0.7925422 0.8280497 0.8657736 0.9058580 0.9484538 0.9937187 1.041817 1.092916 1.147188 1.204805 1.265939 1.330758 1.399420 1.472071 1.548838 1.629823 1.715097 1.804686 1.898569 1.996665 2.098822 2.204811 2.314319 2.426934 2.542152 2.659367 2.777877 2.896886 3.015524 3.132840 3.247843 3.359395 3.466398 3.568196 3.663668 3.751779 3.831640 3.902440 3.963456 4.014074 4.053784 4.082193 4.099023 4.104091 4.097331 4.079043 4.049428 4.008818 3.957711 3.896741 3.826625 3.748323 3.662772 3.570548 3.472786 3.370553 3.264843 3.156613 3.046774 2.936168
0.7182294 0.7480965 0.7797554 0.8133184 0.8489043 0.8866367 0.9266455 0.9690623 1.014025 1.061672 1.112145 1.165581 1.222118 1.281885 1.345001 1.411571 1.481684 1.555402 1.632757 1.713744 1.798315 1.886368 1.977745 2.072221 2.169498 2.269205 2.370892 2.474029 2.578010 2.682159 2.785734 2.887946 2.987962 3.085029 3.178338 3.266676 3.349325 3.425566 3.494659 3.555921 3.608754 3.652637 3.687146 3.711944 3.726813 3.731668 3.726541 3.711346 3.686335 3.651864 3.608357 3.556317 3.496363 3.429044 3.355069 3.275588 3.191275 3.102899 3.011276 2.917212 2.821469 2.724764
