T2-onemodel/GL22.grd
DSAA
         100         100
  -20.00000       20.00000    
  -20.00000       20.00000    
 -4.1837427E-03   1.168179    
[rows 72 to 95 of 100, columns 0 to 52 of 100]
7.3166098E-03 7.8525506E-03 8.4306793E-03 9.0550277E-03 9.7301155E-03 1.0460919E-02 1.1252992E-02 1.2112489E-02 1.3046254E-02 1.4061838E-02 1.5167627E-02 1.6372852E-02 1.7687699E-02 1.9123280E-02 2.0691738E-02 2.2406098E-02 2.4280328E-02 2.6329048E-02 2.8567383E-02 3.1010367E-02 3.3672590E-02 3.6567163E-02 3.9704829E-02 4.3092526E-02 4.6732116E-02 5.0618395E-02 5.4737940E-02 5.9067171E-02 6.3572109E-02 6.8207495E-02 7.2918788E-02 7.7642880E-02 8.2315587E-02 8.6866349E-02 9.1219500E-02 9.5316760E-02 9.9103734E-02 0.1025335 0.1055666 0.1081713 0.1103219 0.1119981 0.1131834 0.1138651 0.1140333 0.1136824 0.1128107 0.1114237 0.1095303 0.1071517 0.1043199 0.1010784 9.7477272E-02
7.3535601E-03 7.8664487E-03 8.4186876E-03 9.0139136E-03 9.6561583E-03 1.0349864E-02 1.1099923E-02 1.1911751E-02 1.2791288E-02 1.3745081E-02 1.4780289E-02 1.5904745E-02 1.7126977E-02 1.8456204E-02 1.9902285E-02 2.1475744E-02 2.3187539E-02 2.5048986E-02 2.7071396E-02 2.9265773E-02 3.1642184E-02 3.4209244E-02 3.6973059E-02 3.9936498E-02 4.3097880E-02 4.6450082E-02 4.9979240E-02 5.3664260E-02 5.7475965E-02 6.1377857E-02 6.5325998E-02 6.9271453E-02 7.3158421E-02 7.6934353E-02 8.0554359E-02 8.3965428E-02 8.7122299E-02 8.9985721E-02 9.2522860E-02 9.4705738E-02 9.6511953E-02 9.7922862E-02 9.8924205E-02 9.9504583E-02 9.9656634E-02 9.9375993E-02 9.8662831E-02 9.7521253E-02 9.5965222E-02 9.4013110E-02 9.1691166E-02 8.9033991E-02 8.6088113E-02
7.3569505E-03 7.8470111E-03 8.3736833E-03 8.9402078E-03 9.5501933E-03 1.0207552E-02 1.0916605E-02 1.1682048E-02 1.2509046E-02 1.3403195E-02 1.4370610E-02 1.5417850E-02 1.6552025E-02 1.7780678E-02 1.9111821E-02 2.0553766E-02 2.2115098E-02 2.3804389E-02 2.5630051E-02 2.7599839E-02 2.9720606E-02 3.1997550E-02 3.4433760E-02 3.7029292E-02 3.9780654E-02 4.2679694E-02 4.5713391E-02 4.8862871E-02 5.2103825E-02 5.5406056E-02 5.8735013E-02 6.2051911E-02 6.5318793E-02 6.8492800E-02 7.1525961E-02 7.4382834E-02 7.7028409E-02 7.9431012E-02 8.1562646E-02 8.3399870E-02 8.4922746E-02 8.6115465E-02 8.6965092E-02 8.7462500E-02 8.7601244E-02 8.7378971E-02 8.6796887E-02 8.5861735E-02 8.4581777E-02 8.2973532E-02 8.1059597E-02 7.8868411E-02 7.6430097E-02
7.3323543E-03 7.7999234E-03 8.3014574E-03 8.8398624E-03 9.4183199E-03 1.0040284E-02 1.0709512E-02 1.1430098E-02 1.2206466E-02 1.3043411E-02 1.3946068E-02 1.4919941E-02 1.5970873E-02 1.7105022E-02 1.8328782E-02 1.9648733E-02 2.1071430E-02 2.2603355E-02 2.4250548E-02 2.6018435E-02 2.7911356E-02 2.9932236E-02 3.2081954E-02 3.4359012E-02 3.6758743E-02 3.9273065E-02 4.1889802E-02 4.4592716E-02 4.7361087E-02 5.0170504E-02 5.2992575E-02 5.5796526E-02 5.8546957E-02 6.1211560E-02 6.3763842E-02 6.6169210E-02 6.8397895E-02 7.0423283E-02 7.2222419E-02 7.3775053E-02 7.5064532E-02 7.6076813E-02 7.6801255E-02 7.7229701E-02 7.7357449E-02 7.7182338E-02 7.6705910E-02 7.5932324E-02 7.4873291E-02 7.3542356E-02 7.1957462E-02 7.0141122E-02 6.8123437E-02
7.2844727E-03 7.7299704E-03 8.2069235E-03 8.7178927E-03 9.2656910E-03 9.8533379E-03 1.0484101E-02 1.1161503E-02 1.1889351E-02 1.2671679E-02 1.3512818E-02 1.4417313E-02 1.5389967E-02 1.6435726E-02 1.7559696E-02 1.8766958E-02 2.0062534E-02 2.1451151E-02 2.2937141E-02 2.4524055E-02 2.6214514E-02 2.8009741E-02 2.9909318E-02 3.1910643E-02 3.4008756E-02 3.6195725E-02 3.8460735E-02 4.0789537E-02 4.3164961E-02 4.5566544E-02 4.7971733E-02 5.0355591E-02 5.2694689E-02 5.4961570E-02 5.7124142E-02 5.9160180E-02 6.1046649E-02 6.2762164E-02 6.4287171E-02 6.5605037E-02 6.6701204E-02 6.7564145E-02 6.8184406E-02 6.8555564E-02 6.8673357E-02 6.8536788E-02 6.8147615E-02 6.7511685E-02 6.6634960E-02 6.5529287E-02 6.4210199E-02 6.2696397E-02 6.1006237E-02
7.2173700E-03 7.6413252E-03 8.0943294E-03 8.5786618E-03 9.0967752E-03 9.6513061E-03 1.0245076E-02 1.0881120E-02 1.1562653E-02 1.2293093E-02 1.3076037E-02 1.3915239E-02 1.4814582E-02 1.5778057E-02 1.6809635E-02 1.7913256E-02 1.9092638E-02 2.0351229E-02 2.1691957E-02 2.3117078E-02 2.4627892E-02 2.6224567E-02 2.7905716E-02 2.9668314E-02 3.1507216E-02 3.3415146E-02 3.5382319E-02 3.7396636E-02 3.9443396E-02 4.1505966E-02 4.3565389E-02 4.5601565E-02 4.7590896E-02 4.9512681E-02 5.1351011E-02 5.3082421E-02 5.4686889E-02 5.6146264E-02 5.7444680E-02 5.8567751E-02 5.9503619E-02 6.0242113E-02 6.0775671E-02 6.1098482E-02 6.1207503E-02 6.1101537E-02 6.0782108E-02 6.0252383E-02 5.9521411E-02 5.8598664E-02 5.7496149E-02 5.6228638E-02 5.4816268E-02
7.1344720E-03 7.5374614E-03 7.9672383E-03 8.4257964E-03 8.9152865E-03 9.4379773E-03 9.9963201E-03 1.0592883E-02 1.1230404E-02 1.1911731E-02 1.2639851E-02 1.3417817E-02 1.4248785E-02 1.5135891E-02 1.6082244E-02 1.7090803E-02 1.8164322E-02 1.9305183E-02 2.0515332E-02 2.1795997E-02 2.3147622E-02 2.4569573E-02 2.6060015E-02 2.7615597E-02 2.9231440E-02 3.0900750E-02 3.2615032E-02 3.4363680E-02 3.6134515E-02 3.7913386E-02 3.9685115E-02 4.1433103E-02 4.3142445E-02 4.4794850E-02 4.6367876E-02 4.7847368E-02 4.9217921E-02 5.0464969E-02 5.1574919E-02 5.2536108E-02 5.3338166E-02 5.3972926E-02 5.4433618E-02 5.4715771E-02 5.4816477E-02 5.4735329E-02 5.4473825E-02 5.4036599E-02 5.3427394E-02 5.2654494E-02 5.1728521E-02 5.0661903E-02 4.9465925E-02
7.0387512E-03 7.4214227E-03 7.8287432E-03 8.2624620E-03 8.7244418E-03 9.2166495E-03 9.7411759E-03 1.0300207E-02 1.0896037E-02 1.1531048E-02 1.2207678E-02 1.2928428E-02 1.3695803E-02 1.4512272E-02 1.5380204E-02 1.6301814E-02 1.7279051E-02 1.8313555E-02 1.9406449E-02 2.0558292E-02 2.1768868E-02 2.3037108E-02 2.4360832E-02 2.5736732E-02 2.7160108E-02 2.8624924E-02 3.0123556E-02 3.1647064E-02 3.3184908E-02 3.4725521E-02 3.6255885E-02 3.7762441E-02 3.9228838E-02 4.0641427E-02 4.1990649E-02 4.3260083E-02 4.4436011E-02 4.5505907E-02 4.6458799E-02 4.7284547E-02 4.7974829E-02 4.8522402E-02 4.8921943E-02 4.9169328E-02 4.9262531E-02 4.9200788E-02 4.8985273E-02 4.8618063E-02 4.8106037E-02 4.7455695E-02 4.6674989E-02 4.5773741E-02 4.4765811E-02
6.9327177E-03 7.2957533E-03 7.6814387E-03 8.0912886E-03 8.5269222E-03 8.9900270E-03 9.4823847E-03 1.0005836E-02 1.0562308E-02 1.1153756E-02 1.1782189E-02 1.2449607E-02 1.3158002E-02 1.3909270E-02 1.4705218E-02 1.5547433E-02 1.6437287E-02 1.7375778E-02 1.8363509E-02 1.9400483E-02 2.0486115E-02 2.1618988E-02 2.2796866E-02 2.4016457E-02 2.5273481E-02 2.6562404E-02 2.7876681E-02 2.9208438E-02 3.0548928E-02 3.1888161E-02 3.3215672E-02 3.4520086E-02 3.5791744E-02 3.7018068E-02 3.8182810E-02 3.9276868E-02 4.0289793E-02 4.1211579E-02 4.2032707E-02 4.2745057E-02 4.3341275E-02 4.3815631E-02 4.4163287E-02 4.4381145E-02 4.4467159E-02 4.4421136E-02 4.4244219E-02 4.3939933E-02 4.3510400E-02 4.2961329E-02 4.2300049E-02 4.1534923E-02 4.0672880E-02
6.8185786E-03 7.1627051E-03 7.5276010E-03 7.9145934E-03 8.3250627E-03 8.7604700E-03 9.2223082E-03 9.7121336E-03 1.0231536E-02 1.0782137E-02 1.1365552E-02 1.1983391E-02 1.2637193E-02 1.3328423E-02 1.4058392E-02 1.4828243E-02 1.5638849E-02 1.6490785E-02 1.7384199E-02 1.8318791E-02 1.9293651E-02 2.0307263E-02 2.1357311E-02 2.2440735E-02 2.3553522E-02 2.4690831E-02 2.5846809E-02 2.7014811E-02 2.8187191E-02 2.9355753E-02 3.0511344E-02 3.1644568E-02 3.2743741E-02 3.3799648E-02 3.4806687E-02 3.5753038E-02 3.6629152E-02 3.7426248E-02 3.8136713E-02 3.8753387E-02 3.9270457E-02 3.9682746E-02 3.9986521E-02 4.0178843E-02 4.0258341E-02 4.0224425E-02 4.0077921E-02 3.9820045E-02 3.9456088E-02 3.8990434E-02 3.8428362E-02 3.7776463E-02 3.7044592E-02
6.6981297E-03 7.0240824E-03 7.3690629E-03 7.7342070E-03 8.1207203E-03 8.5298186E-03 8.9627784E-03 9.4208885E-03 9.9054733E-03 1.0417845E-02 1.0959313E-02 1.1531136E-02 1.2134506E-02 1.2770513E-02 1.3440113E-02 1.4144053E-02 1.4882870E-02 1.5656775E-02 1.6465655E-02 1.7308926E-02 1.8185562E-02 1.9093925E-02 2.0031821E-02 2.0996310E-02 2.1983819E-02 2.2989953E-02 2.4009690E-02 2.5037158E-02 2.6065985E-02 2.7088994E-02 2.8098820E-02 2.9087478E-02 3.0048668E-02 3.0973496E-02 3.1849813E-02 3.2671805E-02 3.3432275E-02 3.4124274E-02 3.4741092E-02 3.5277061E-02 3.5726950E-02 3.6086731E-02 3.6352921E-02 3.6523391E-02 3.6596630E-02 3.6572549E-02 3.6451977E-02 3.6237590E-02 3.5930365E-02 3.5534255E-02 3.5054382E-02 3.4496453E-02 3.3864643E-02
6.5729837E-03 6.8815197E-03 7.2074602E-03 7.5517921E-03 7.9155294E-03 8.2997121E-03 8.7054037E-03 9.1336807E-03 9.5856208E-03 1.0062293E-02 1.0564739E-02 1.1093939E-02 1.1650789E-02 1.2236089E-02 1.2850493E-02 1.3494472E-02 1.4168271E-02 1.4871878E-02 1.5604941E-02 1.6366757E-02 1.7156171E-02 1.7971588E-02 1.8810857E-02 1.9671317E-02 2.0549661E-02 2.1442074E-02 2.2344053E-02 2.3250647E-02 2.4156217E-02 2.5054866E-02 2.5940031E-02 2.6805067E-02 2.7641369E-02 2.8442619E-02 2.9205754E-02 2.9922033E-02 3.0584654E-02 3.1187421E-02 3.1725008E-02 3.2192327E-02 3.2585282E-02 3.2900166E-02 3.3134364E-02 3.3285730E-02 3.3353336E-02 3.3336677E-02 3.3236306E-02 3.3052843E-02 3.2790385E-02 3.2451935E-02 3.2040969E-02 3.1561967E-02 3.1022135E-02
6.4444602E-03 6.7363377E-03 7.0441230E-03 7.3686522E-03 7.7107968E-03 8.0714198E-03 8.4514162E-03 8.8516688E-03 9.2730634E-03 9.7164512E-03 1.0182653E-02 1.0672409E-02 1.1186399E-02 1.1725171E-02 1.2289153E-02 1.2878592E-02 1.3493533E-02 1.4133773E-02 1.4798846E-02 1.5487915E-02 1.6199835E-02 1.6933005E-02 1.7685445E-02 1.8454647E-02 1.9237714E-02 2.0031167E-02 2.0831170E-02 2.1633288E-02 2.2432843E-02 2.3224577E-02 2.4003230E-02 2.4763092E-02 2.5500048E-02 2.6207676E-02 2.6876623E-02 2.7503204E-02 2.8082425E-02 2.8609421E-02 2.9079415E-02 2.9488411E-02 2.9832652E-02 3.0109297E-02 3.0315841E-02 3.0450774E-02 3.0512972E-02 3.0502398E-02 3.0419640E-02 3.0266767E-02 3.0043980E-02 2.9754028E-02 2.9400561E-02 2.8987534E-02 2.8517358E-02
6.3137677E-03 6.5897494E-03 6.8802508E-03 7.1859844E-03 7.5076823E-03 7.8460723E-03 8.2018934E-03 8.5758744E-03 8.9687221E-03 9.3811220E-03 9.8136971E-03 1.0267009E-02 1.0741537E-02 1.1237652E-02 1.1755594E-02 1.2295446E-02 1.2857094E-02 1.3440226E-02 1.4044257E-02 1.4668338E-02 1.5311290E-02 1.5971612E-02 1.6647412E-02 1.7336460E-02 1.8036084E-02 1.8743284E-02 1.9454585E-02 2.0166261E-02 2.0874117E-02 2.1573843E-02 2.2260647E-02 2.2929758E-02 2.3574669E-02 2.4191013E-02 2.4777334E-02 2.5327008E-02 2.5835136E-02 2.6297269E-02 2.6709663E-02 2.7068643E-02 2.7371315E-02 2.7614998E-02 2.7797848E-02 2.7918283E-02 2.7975643E-02 2.7969526E-02 2.7900266E-02 2.7768062E-02 2.7576191E-02 2.7326690E-02 2.7021859E-02 2.6664764E-02 2.6260829E-02
6.1818021E-03 6.4426372E-03 6.7167138E-03 7.0046312E-03 7.3070084E-03 7.6244487E-03 7.9575656E-03 8.3069429E-03 8.6731585E-03 9.0567311E-03 9.4581479E-03 9.8778065E-03 1.0316038E-02 1.0773060E-02 1.1248979E-02 1.1743743E-02 1.2257143E-02 1.2788762E-02 1.3337985E-02 1.3903923E-02 1.4485450E-02 1.5081114E-02 1.5689200E-02 1.6307633E-02 1.6934082E-02 1.7565805E-02 1.8199846E-02 1.8832844E-02 1.9461310E-02 2.0081352E-02 2.0689154E-02 2.1280563E-02 2.1852927E-02 2.2401521E-02 2.2918932E-02 2.3402911E-02 2.3849959E-02 2.4256645E-02 2.4619512E-02 2.4935715E-02 2.5202541E-02 2.5417974E-02 2.5580177E-02 2.5688076E-02 2.5740821E-02 2.5738413E-02 2.5681259E-02 2.5570989E-02 2.5407299E-02 2.5192134E-02 2.4928134E-02 2.4618093E-02 2.4263274E-02
6.0494631E-03 6.2958961E-03 6.5543856E-03 6.8254443E-03 7.1095880E-03 7.4073216E-03 7.7191372E-03 8.0455123E-03 8.3868960E-03 8.7436941E-03 9.1162538E-03 9.5048612E-03 9.9097136E-03 1.0330927E-02 1.0768482E-02 1.1222254E-02 1.1691942E-02 1.2177092E-02 1.2677040E-02 1.3190927E-02 1.3717641E-02 1.4255856E-02 1.4803956E-02 1.5360109E-02 1.5922159E-02 1.6487751E-02 1.7054200E-02 1.7618673E-02 1.8178014E-02 1.8729039E-02 1.9268187E-02 1.9791977E-02 2.0295387E-02 2.0775372E-02 2.1231525E-02 2.1658717E-02 2.2053357E-02 2.2412205E-02 2.2732591E-02 2.3011833E-02 2.3247881E-02 2.3438767E-02 2.3583174E-02 2.3679925E-02 2.3728570E-02 2.3728751E-02 2.3680648E-02 2.3584185E-02 2.3442063E-02 2.3255680E-02 2.3026532E-02 2.2756737E-02 2.2450505E-02
5.9173866E-03 6.1501316E-03 6.3938517E-03 6.6489773E-03 6.9159404E-03 7.1951495E-03 7.4870060E-03 7.7918903E-03 8.1101507E-03 8.4420834E-03 8.7879431E-03 9.1479057E-03 9.5220841E-03 9.9104866E-03 1.0313035E-02 1.0729522E-02 1.1159604E-02 1.1602787E-02 1.2058417E-02 1.2525630E-02 1.3003400E-02 1.3490459E-02 1.3985367E-02 1.4486419E-02 1.4991736E-02 1.5499162E-02 1.6006416E-02 1.6510921E-02 1.7010057E-02 1.7500900E-02 1.7980643E-02 1.8446231E-02 1.8896010E-02 1.9326428E-02 1.9731468E-02 2.0109857E-02 2.0459127E-02 2.0776819E-02 2.1060392E-02 2.1307832E-02 2.1517135E-02 2.1686859E-02 2.1815635E-02 2.1902720E-02 2.1947445E-02 2.1949824E-02 2.1910148E-02 2.1829735E-02 2.1707971E-02 2.1546233E-02 2.1346506E-02 2.1110758E-02 2.0839529E-02
5.7862266E-03 6.0059880E-03 6.2357327E-03 6.4758221E-03 6.7266105E-03 6.9884332E-03 7.2616055E-03 7.5464314E-03 7.8431685E-03 8.1520360E-03 8.4731961E-03 8.8067520E-03 9.1527291E-03 9.5110852E-03 9.8816697E-03 1.0264236E-02 1.0658407E-02 1.1063675E-02 1.1479383E-02 1.1904719E-02 1.2338690E-02 1.2780161E-02 1.3227769E-02 1.3680021E-02 1.4135181E-02 1.4591403E-02 1.5046590E-02 1.5498584E-02 1.5944974E-02 1.6383393E-02 1.6811149E-02 1.7225686E-02 1.7623033E-02 1.8001050E-02 1.8360035E-02 1.8695917E-02 1.9006019E-02 1.9287942E-02 1.9539764E-02 1.9759517E-02 1.9945728E-02 2.0096926E-02 2.0212179E-02 2.0290596E-02 2.0331861E-02 2.0335654E-02 2.0302055E-02 2.0230826E-02 2.0124244E-02 1.9983264E-02 1.9808849E-02 1.9602481E-02 1.9367499E-02
5.6563844E-03 5.8638407E-03 6.0803769E-03 6.3062916E-03 6.5418710E-03 6.7873779E-03 7.0430771E-03 7.3091909E-03 7.5859120E-03 7.8733834E-03 8.1717065E-03 8.4809121E-03 8.8009825E-03 9.1318088E-03 9.4732130E-03 9.8249055E-03 1.0186500E-02 1.0557477E-02 1.0937209E-02 1.1324903E-02 1.1719660E-02 1.2120399E-02 1.2525913E-02 1.2934813E-02 1.3345596E-02 1.3756557E-02 1.4165922E-02 1.4571699E-02 1.4971908E-02 1.5364319E-02 1.5746865E-02 1.6117258E-02 1.6474530E-02 1.6815955E-02 1.7136557E-02 1.7435711E-02 1.7711658E-02 1.7962623E-02 1.8186735E-02 1.8382531E-02 1.8548520E-02 1.8683666E-02 1.8786946E-02 1.8857826E-02 1.8895779E-02 1.8900821E-02 1.8873176E-02 1.8813938E-02 1.8722298E-02 1.8599261E-02 1.8446323E-02 1.8264920E-02 1.8055104E-02
5.5283420E-03 5.7241558E-03 5.9282221E-03 6.1407834E-03 6.3620671E-03 6.5922900E-03 6.8316530E-03 7.0803249E-03 7.3384349E-03 7.6060728E-03 7.8832787E-03 8.1700468E-03 8.4663024E-03 8.7719141E-03 9.0866573E-03 9.4102416E-03 9.7422525E-03 1.0082201E-02 1.0429459E-02 1.0783301E-02 1.1142868E-02 1.1507190E-02 1.1875137E-02 1.2245496E-02 1.2616877E-02 1.2987814E-02 1.3356668E-02 1.3721781E-02 1.4081296E-02 1.4433429E-02 1.4776140E-02 1.5107520E-02 1.5424357E-02 1.5725154E-02 1.6010670E-02 1.6277596E-02 1.6523894E-02 1.6747769E-02 1.6947843E-02 1.7122637E-02 1.7271079E-02 1.7392075E-02 1.7484954E-02 1.7549029E-02 1.7584067E-02 1.7589796E-02 1.7566236E-02 1.7513033E-02 1.7432161E-02 1.7324280E-02 1.7189980E-02 1.7030306E-02 1.6847985E-02
5.4023913E-03 5.5871978E-03 5.7795001E-03 5.9794886E-03 6.1873510E-03 6.4032576E-03 6.6273632E-03 6.8597789E-03 7.1005938E-03 7.3498441E-03 7.6075369E-03 7.8736199E-03 8.1479969E-03 8.4304893E-03 8.7208785E-03 9.0188421E-03 9.3239872E-03 9.6358173E-03 9.9537503E-03 1.0277091E-02 1.0605063E-02 1.0936745E-02 1.1271148E-02 1.1607137E-02 1.1943512E-02 1.2278910E-02 1.2611951E-02 1.2941087E-02 1.3264800E-02 1.3581386E-02 1.3889303E-02 1.4186816E-02 1.4473432E-02 1.4747025E-02 1.5003392E-02 1.5242339E-02 1.5462611E-02 1.5662931E-02 1.5841885E-02 1.5998412E-02 1.6131382E-02 1.6240070E-02 1.6323673E-02 1.6381815E-02 1.6414063E-02 1.6420458E-02 1.6401166E-02 1.6357120E-02 1.6287399E-02 1.6192740E-02 1.6074311E-02 1.5933171E-02 1.5769059E-02
5.2788523E-03 5.4532597E-03 5.6344680E-03 5.8226287E-03 6.0178959E-03 6.2204055E-03 6.4302594E-03 6.6475337E-03 6.8722717E-03 7.1044830E-03 7.3441342E-03 7.5911521E-03 7.8454018E-03 8.1067085E-03 8.3748233E-03 8.6494330E-03 8.9301420E-03 9.2164809E-03 9.5078852E-03 9.8037273E-03 1.0103257E-02 1.0405671E-02 1.0710032E-02 1.1015354E-02 1.1320513E-02 1.1624351E-02 1.1925581E-02 1.2222916E-02 1.2514915E-02 1.2800234E-02 1.3077294E-02 1.3344650E-02 1.3599669E-02 1.3841311E-02 1.4070611E-02 1.4284826E-02 1.4482395E-02 1.4661954E-02 1.4822498E-02 1.4962895E-02 1.5082394E-02 1.5180141E-02 1.5255660E-02 1.5308400E-02 1.5338211E-02 1.5344846E-02 1.5328282E-02 1.5288105E-02 1.5226061E-02 1.5142602E-02 1.5038068E-02 1.4913204E-02 1.4770270E-02
5.1578670E-03 5.3224522E-03 5.4932041E-03 5.6702471E-03 5.8537093E-03 6.0436805E-03 6.2402296E-03 6.4434004E-03 6.6532074E-03 6.8696272E-03 7.0926067E-03 7.3220427E-03 7.5577931E-03 7.7996673E-03 8.0474149E-03 8.3007142E-03 8.5591963E-03 8.8223899E-03 9.0897931E-03 9.3607893E-03 9.6347183E-03 9.9108154E-03 1.0188264E-02 1.0466132E-02 1.0743454E-02 1.1019150E-02 1.1292141E-02 1.1561202E-02 1.1825178E-02 1.2082747E-02 1.2332743E-02 1.2573842E-02 1.2805881E-02 1.3027173E-02 1.3234094E-02 1.3426751E-02 1.3604254E-02 1.3765677E-02 1.3909931E-02 1.4036251E-02 1.4143781E-02 1.4231980E-02 1.4300231E-02 1.4348260E-02 1.4375724E-02 1.4382661E-02 1.4369202E-02 1.4336172E-02 1.4282586E-02 1.4208993E-02 1.4116332E-02 1.4005383E-02 1.3875685E-02
5.0396714E-03 5.1949862E-03 5.3558927E-03 5.5224975E-03 5.6948885E-03 5.8731311E-03 6.0572647E-03 6.2473030E-03 6.4432365E-03 6.6450243E-03 6.8525891E-03 7.0658154E-03 7.2845477E-03 7.5085931E-03 7.7376938E-03 7.9715457E-03 8.2097733E-03 8.4519507E-03 8.6975899E-03 8.9461356E-03 9.1969585E-03 9.4493888E-03 9.7026518E-03 9.9559389E-03 1.0208343E-02 1.0458956E-02 1.0706747E-02 1.0950719E-02 1.1189748E-02 1.1422805E-02 1.1648657E-02 1.1866203E-02 1.2073238E-02 1.2269046E-02 1.2454844E-02 1.2628315E-02 1.2788245E-02 1.2933580E-02 1.3063583E-02 1.3177393E-02 1.3274458E-02 1.3354115E-02 1.3416017E-02 1.3459728E-02 1.3485149E-02 1.3492052E-02 1.3480403E-02 1.3449750E-02 1.3401655E-02 1.3336431E-02 1.3254249E-02 1.3155630E-02 1.3042508E-02
