T2-onemodel/GL22.grd
DSAA
         100         100
  -20.00000       20.00000    
  -20.00000       20.00000    
 -4.1837427E-03   1.168179    
[rows 0 to 23 of 100, columns 0 to 52 of 100]
4.2477706E-03 4.3536662E-03 4.4627334E-03 4.5750141E-03 4.6905479E-03 4.8093707E-03 4.9314857E-03 5.0568855E-03 5.1855803E-03 5.3175688E-03 5.4528145E-03 5.5912770E-03 5.7329056E-03 5.8776354E-03 6.0253674E-03 6.1759884E-03 6.3293693E-03 6.4853719E-03 6.6438238E-03 6.8045333E-03 6.9672717E-03 7.1317921E-03 7.2978064E-03 7.4650166E-03 7.6330779E-03 7.8016263E-03 7.9702558E-03 8.1385598E-03 8.3060609E-03 8.4723029E-03 8.6367307E-03 8.7988041E-03 8.9574745E-03 9.1123795E-03 9.2639150E-03 9.4108805E-03 9.5525850E-03 9.6883345E-03 9.8175714E-03 9.9396138E-03 1.0053915E-02 1.0159829E-02 1.0256859E-02 1.0344392E-02 1.0421989E-02 1.0489082E-02 1.0544946E-02 1.0588313E-02 1.0621078E-02 1.0642973E-02 1.0652963E-02 1.0650991E-02 1.0637486E-02
4.3338486E-03 4.4454527E-03 4.5605199E-03 4.6790992E-03 4.8012505E-03 4.9270075E-03 5.0563756E-03 5.1893764E-03 5.3260340E-03 5.4663434E-03 5.6102816E-03 5.7578180E-03 5.9089130E-03 6.0634976E-03 6.2214802E-03 6.3827550E-03 6.5471982E-03 6.7146649E-03 6.8849865E-03 7.0579555E-03 7.2333431E-03 7.4108769E-03 7.5902683E-03 7.7711884E-03 7.9532778E-03 8.1361290E-03 8.3193351E-03 8.5024145E-03 8.6848876E-03 8.8662002E-03 9.0458263E-03 9.2231547E-03 9.3980543E-03 9.5696729E-03 9.7363293E-03 9.8979324E-03 1.0053865E-02 1.0203494E-02 1.0346057E-02 1.0480908E-02 1.0607298E-02 1.0724627E-02 1.0832180E-02 1.0929401E-02 1.1015646E-02 1.1090512E-02 1.1153852E-02 1.1206188E-02 1.1244922E-02 1.1269793E-02 1.1281462E-02 1.1279765E-02 1.1264171E-02
4.4219908E-03 4.5396201E-03 4.6610218E-03 4.7862683E-03 4.9154288E-03 5.0485334E-03 5.1856092E-03 5.3267041E-03 5.4718452E-03 5.6210365E-03 5.7742666E-03 5.9315236E-03 6.0927705E-03 6.2579433E-03 6.4269588E-03 6.5997215E-03 6.7761117E-03 6.9559859E-03 7.1391696E-03 7.3254551E-03 7.5145946E-03 7.7063185E-03 7.9003135E-03 8.0962377E-03 8.2936911E-03 8.4922658E-03 8.6914925E-03 8.8908756E-03 9.0898564E-03 9.2878779E-03 9.4842631E-03 9.6783526E-03 9.8689627E-03 1.0055591E-02 1.0238533E-02 1.0416402E-02 1.0588340E-02 1.0753475E-02 1.0911077E-02 1.1060278E-02 1.1200368E-02 1.1330512E-02 1.1450034E-02 1.1558148E-02 1.1654277E-02 1.1737695E-02 1.1807518E-02 1.1862308E-02 1.1903986E-02 1.1932188E-02 1.1945778E-02 1.1944661E-02 1.1929252E-02
4.5121117E-03 4.6360916E-03 4.7641881E-03 4.8964894E-03 5.0330660E-03 5.1739579E-03 5.3192270E-03 5.4689343E-03 5.6231143E-03 5.7817800E-03 5.9449477E-03 6.1126123E-03 6.2847463E-03 6.4612920E-03 6.6421861E-03 6.8273377E-03 7.0166369E-03 7.2099403E-03 7.4070729E-03 7.6078186E-03 7.8119338E-03 8.0191288E-03 8.2290843E-03 8.4414259E-03 8.6557455E-03 8.8715916E-03 9.0884753E-03 9.3058301E-03 9.5230881E-03 9.7395731E-03 9.9546425E-03 1.0167556E-02 1.0378073E-02 1.0585164E-02 1.0786925E-02 1.0983120E-02 1.1172947E-02 1.1355580E-02 1.1530042E-02 1.1695498E-02 1.1850986E-02 1.1995695E-02 1.2128696E-02 1.2249257E-02 1.2356551E-02 1.2449998E-02 1.2529330E-02 1.2594981E-02 1.2644063E-02 1.2676228E-02 1.2692131E-02 1.2691540E-02 1.2673874E-02
4.6041347E-03 4.7348095E-03 4.8699742E-03 5.0097322E-03 5.1541510E-03 5.3033028E-03 5.4572769E-03 5.6161433E-03 5.7799476E-03 5.9487293E-03 6.1225207E-03 6.3013295E-03 6.4851381E-03 6.6739093E-03 6.8675913E-03 7.0661115E-03 7.2693611E-03 7.4772062E-03 7.6894700E-03 7.9059396E-03 8.1263594E-03 8.3504440E-03 8.5778469E-03 8.8081807E-03 9.0410132E-03 9.2758723E-03 9.5122010E-03 9.7494312E-03 9.9868886E-03 1.0223893E-02 1.0459636E-02 1.0693330E-02 1.0923595E-02 1.1149758E-02 1.1371971E-02 1.1588624E-02 1.1798634E-02 1.2000897E-02 1.2194455E-02 1.2378207E-02 1.2551199E-02 1.2712345E-02 1.2860739E-02 1.2995381E-02 1.3115473E-02 1.3220078E-02 1.3308107E-02 1.3377877E-02 1.3431324E-02 1.3467976E-02 1.3486546E-02 1.3486861E-02 1.3469340E-02
4.6979147E-03 4.8356466E-03 4.9782759E-03 5.1259040E-03 5.2786190E-03 5.4365322E-03 5.5997507E-03 5.7683522E-03 5.9424108E-03 6.1219875E-03 6.3071349E-03 6.4978716E-03 6.6942023E-03 6.8961130E-03 7.1035698E-03 7.3165107E-03 7.5348429E-03 7.7584353E-03 7.9871202E-03 8.2206847E-03 8.4588788E-03 8.7013990E-03 8.9478930E-03 9.1979541E-03 9.4511388E-03 9.7069163E-03 9.9647231E-03 1.0223906E-02 1.0483773E-02 1.0743518E-02 1.1002370E-02 1.1259429E-02 1.1514290E-02 1.1765709E-02 1.2011517E-02 1.2251277E-02 1.2483944E-02 1.2708435E-02 1.2923507E-02 1.3128054E-02 1.3320824E-02 1.3500726E-02 1.3666566E-02 1.3817353E-02 1.3951993E-02 1.4069680E-02 1.4169948E-02 1.4253090E-02 1.4315894E-02 1.4357883E-02 1.4379652E-02 1.4380890E-02 1.4360962E-02
4.7933385E-03 4.9385098E-03 5.0890059E-03 5.2449373E-03 5.4064323E-03 5.5736336E-03 5.7466594E-03 5.9256107E-03 6.1105895E-03 6.3016852E-03 6.4989654E-03 6.7024743E-03 6.9122408E-03 7.1282769E-03 7.3505682E-03 7.5790728E-03 7.8137098E-03 8.0543663E-03 8.3008772E-03 8.5530411E-03 8.8106086E-03 9.0732714E-03 9.3406634E-03 9.6123815E-03 9.8879337E-03 1.0166782E-02 1.0448298E-02 1.0731800E-02 1.1016496E-02 1.1301576E-02 1.1586081E-02 1.1869038E-02 1.2148827E-02 1.2424570E-02 1.2696235E-02 1.2961908E-02 1.3220222E-02 1.3469770E-02 1.3709296E-02 1.3937369E-02 1.4152706E-02 1.4353899E-02 1.4539740E-02 1.4708893E-02 1.4860277E-02 1.4992665E-02 1.5104658E-02 1.5194281E-02 1.5263462E-02 1.5311551E-02 1.5337043E-02 1.5339695E-02 1.5319896E-02
4.8902077E-03 5.0432119E-03 5.2019926E-03 5.3666909E-03 5.5374797E-03 5.7145189E-03 5.8979490E-03 6.0879025E-03 6.2845121E-03 6.4878929E-03 6.6981390E-03 6.9153206E-03 7.1395030E-03 7.3707225E-03 7.6089920E-03 7.8542912E-03 8.1065623E-03 8.3657047E-03 8.6315749E-03 8.9039793E-03 9.1826748E-03 9.4673485E-03 9.7576445E-03 1.0053133E-02 1.0353311E-02 1.0657592E-02 1.0965334E-02 1.1275766E-02 1.1588075E-02 1.1901320E-02 1.2214555E-02 1.2526679E-02 1.2837078E-02 1.3144261E-02 1.3445721E-02 1.3740755E-02 1.4027989E-02 1.4306016E-02 1.4573231E-02 1.4828147E-02 1.5069130E-02 1.5294729E-02 1.5503361E-02 1.5693670E-02 1.5864214E-02 1.6013850E-02 1.6141821E-02 1.6248243E-02 1.6329467E-02 1.6384806E-02 1.6414780E-02 1.6418969E-02 1.6396645E-02
4.9883588E-03 5.1495978E-03 5.3170999E-03 5.4910579E-03 5.6716735E-03 5.8591282E-03 6.0535911E-03 6.2552346E-03 6.4642243E-03 6.6807051E-03 6.9047990E-03 7.1366201E-03 7.3762638E-03 7.6238024E-03 7.8792786E-03 8.1427023E-03 8.4140403E-03 8.6932173E-03 8.9801112E-03 9.2745489E-03 9.5762890E-03 9.8850392E-03 1.0200434E-02 1.0522042E-02 1.0849332E-02 1.1181710E-02 1.1518458E-02 1.1858786E-02 1.2201774E-02 1.2546469E-02 1.2891710E-02 1.3236301E-02 1.3578344E-02 1.3916708E-02 1.4251093E-02 1.4579204E-02 1.4899306E-02 1.5209602E-02 1.5508412E-02 1.5793864E-02 1.6064245E-02 1.6317707E-02 1.6552584E-02 1.6767124E-02 1.6959816E-02 1.7129017E-02 1.7272944E-02 1.7389214E-02 1.7479656E-02 1.7543370E-02 1.7578606E-02 1.7584978E-02 1.7562827E-02
5.0874893E-03 5.2573672E-03 5.4340544E-03 5.6177820E-03 5.8087776E-03 6.0072485E-03 6.2134084E-03 6.4274697E-03 6.6496311E-03 6.8800692E-03 7.1189576E-03 7.3664463E-03 7.6226708E-03 7.8877443E-03 8.1617534E-03 8.4447358E-03 8.7366970E-03 9.0375878E-03 9.3473233E-03 9.6657490E-03 9.9926451E-03 1.0327733E-02 1.0670666E-02 1.1020985E-02 1.1378171E-02 1.1741576E-02 1.2110470E-02 1.2483978E-02 1.2861165E-02 1.3240917E-02 1.3622083E-02 1.4003312E-02 1.4383763E-02 1.4761604E-02 1.5133915E-02 1.5499633E-02 1.5856979E-02 1.6204085E-02 1.6538857E-02 1.6859308E-02 1.7163292E-02 1.7448831E-02 1.7713824E-02 1.7956402E-02 1.8174604E-02 1.8366819E-02 1.8531917E-02 1.8669682E-02 1.8775899E-02 1.8849602E-02 1.8891178E-02 1.8900027E-02 1.8875310E-02
5.1872986E-03 5.3662579E-03 5.5526211E-03 5.7466505E-03 5.9486041E-03 6.1587291E-03 6.3772881E-03 6.6045327E-03 6.8407040E-03 7.0860242E-03 7.3407101E-03 7.6049655E-03 7.8789741E-03 8.1628961E-03 8.4568569E-03 8.7609468E-03 9.0752067E-03 9.3996404E-03 9.7341919E-03 1.0078743E-02 1.0433106E-02 1.0797032E-02 1.1170169E-02 1.1552085E-02 1.1942235E-02 1.2339963E-02 1.2744482E-02 1.3154908E-02 1.3570183E-02 1.3989170E-02 1.4410490E-02 1.4832681E-02 1.5253525E-02 1.5671525E-02 1.6086061E-02 1.6494356E-02 1.6894188E-02 1.7283216E-02 1.7659206E-02 1.8019695E-02 1.8362375E-02 1.8684769E-02 1.8984601E-02 1.9259490E-02 1.9507326E-02 1.9725906E-02 1.9912880E-02 2.0065298E-02 2.0184802E-02 2.0270154E-02 2.0319222E-02 2.0331437E-02 2.0307051E-02
5.2874158E-03 5.4759155E-03 5.6724544E-03 5.8773290E-03 6.0908380E-03 6.3132839E-03 6.5449728E-03 6.7862053E-03 7.0372662E-03 7.2984318E-03 7.5699822E-03 7.8521697E-03 8.1452383E-03 8.4494008E-03 8.7648407E-03 9.0916995E-03 9.4300769E-03 9.7800270E-03 1.0141546E-02 1.0514555E-02 1.0898919E-02 1.1294411E-02 1.1700718E-02 1.2117405E-02 1.2543945E-02 1.2979645E-02 1.3423723E-02 1.3875211E-02 1.4333029E-02 1.4795878E-02 1.5262377E-02 1.5730893E-02 1.6200282E-02 1.6668299E-02 1.7131504E-02 1.7588383E-02 1.8036596E-02 1.8473661E-02 1.8896826E-02 1.9303424E-02 1.9690599E-02 2.0055637E-02 2.0395692E-02 2.0708153E-02 2.0990353E-02 2.1240026E-02 2.1455433E-02 2.1635899E-02 2.1776453E-02 2.1875726E-02 2.1933852E-02 2.1949995E-02 2.1923149E-02
5.3874338E-03 5.5859433E-03 5.7931724E-03 6.0094572E-03 6.2351543E-03 6.4706202E-03 6.7162090E-03 6.9722719E-03 7.2391517E-03 7.5171939E-03 7.8067365E-03 8.1080990E-03 8.4215896E-03 8.7474911E-03 9.0860473E-03 9.4374698E-03 9.8019242E-03 1.0179536E-02 1.0570357E-02 1.0974375E-02 1.1391507E-02 1.1821582E-02 1.2264309E-02 1.2719297E-02 1.3186011E-02 1.3663786E-02 1.4151789E-02 1.4649047E-02 1.5154366E-02 1.5666423E-02 1.6183591E-02 1.6704107E-02 1.7225344E-02 1.7745389E-02 1.8263184E-02 1.8775336E-02 1.9278970E-02 1.9771028E-02 2.0248525E-02 2.0708187E-02 2.1146867E-02 2.1561209E-02 2.1948054E-02 2.2304127E-02 2.2626489E-02 2.2912107E-02 2.3157824E-02 2.3359895E-02 2.3519643E-02 2.3635292E-02 2.3704210E-02 2.3725541E-02 2.3699401E-02
5.4868162E-03 5.6958161E-03 5.9142634E-03 6.1425553E-03 6.3811005E-03 6.6303127E-03 6.8906001E-03 7.1623796E-03 7.4460609E-03 7.7420599E-03 8.0507891E-03 8.3726440E-03 8.7080123E-03 9.0572443E-03 9.4206706E-03 9.7985836E-03 1.0191236E-02 1.0598822E-02 1.1021486E-02 1.1459289E-02 1.1912223E-02 1.2380174E-02 1.2862915E-02 1.3360091E-02 1.3871211E-02 1.4395599E-02 1.4932450E-02 1.5480719E-02 1.6039209E-02 1.6606422E-02 1.7180735E-02 1.7760197E-02 1.8343279E-02 1.8927248E-02 1.9508036E-02 2.0083506E-02 2.0650577E-02 2.1205958E-02 2.1745997E-02 2.2267098E-02 2.2765381E-02 2.3237094E-02 2.3678320E-02 2.4085421E-02 2.4454687E-02 2.4782877E-02 2.5067387E-02 2.5306817E-02 2.5495185E-02 2.5630495E-02 2.5712505E-02 2.5740024E-02 2.5711803E-02
5.5849808E-03 5.8049634E-03 6.0351831E-03 6.2760962E-03 6.5281736E-03 6.7918841E-03 7.0677088E-03 7.3561287E-03 7.6576420E-03 7.9727406E-03 8.3019231E-03 8.6456686E-03 9.0044485E-03 9.3787117E-03 9.7688856E-03 1.0175360E-02 1.0598485E-02 1.1038558E-02 1.1495820E-02 1.1970433E-02 1.2462482E-02 1.2971937E-02 1.3498651E-02 1.4042331E-02 1.4602530E-02 1.5178630E-02 1.5769809E-02 1.6375046E-02 1.6993029E-02 1.7622266E-02 1.8260874E-02 1.8906754E-02 1.9556809E-02 2.0208610E-02 2.0860542E-02 2.1508416E-02 2.2148494E-02 2.2776771E-02 2.3389235E-02 2.3981476E-02 2.4549149E-02 2.5087640E-02 2.5592536E-02 2.6059290E-02 2.6483720E-02 2.6861586E-02 2.7188569E-02 2.7459795E-02 2.7675997E-02 2.7834646E-02 2.7932376E-02 2.7967928E-02 2.7941158E-02
5.6812004E-03 5.9126779E-03 6.1552408E-03 6.4094099E-03 6.6757216E-03 6.9547161E-03 7.2469427E-03 7.5529800E-03 7.8734057E-03 8.2088057E-03 8.5597690E-03 8.9268778E-03 9.3107074E-03 9.7118169E-03 1.0130741E-02 1.0567992E-02 1.1024040E-02 1.1499304E-02 1.1994151E-02 1.2508867E-02 1.3043646E-02 1.3598577E-02 1.4173616E-02 1.4768560E-02 1.5383053E-02 1.6016522E-02 1.6668202E-02 1.7337035E-02 1.8021747E-02 1.8720690E-02 1.9431990E-02 2.0153347E-02 2.0882813E-02 2.1617072E-02 2.2351256E-02 2.3082426E-02 2.3806529E-02 2.4519192E-02 2.5215534E-02 2.5890624E-02 2.6539139E-02 2.7155843E-02 2.7735287E-02 2.8272297E-02 2.8761648E-02 2.9198660E-02 2.9579440E-02 2.9901469E-02 3.0157330E-02 3.0344121E-02 3.0461017E-02 3.0506276E-02 3.0478295E-02
5.7746721E-03 6.0181608E-03 6.2736529E-03 6.5417271E-03 6.8230000E-03 7.1180849E-03 7.4276282E-03 7.7522937E-03 8.0927601E-03 8.4497118E-03 8.8238604E-03 9.2158876E-03 9.6264966E-03 1.0056372E-02 1.0506188E-02 1.0976593E-02 1.1468199E-02 1.1981577E-02 1.2517246E-02 1.3075634E-02 1.3657097E-02 1.4261860E-02 1.4890017E-02 1.5541498E-02 1.6216053E-02 1.6913218E-02 1.7632276E-02 1.8372234E-02 1.9131768E-02 1.9909253E-02 2.0702578E-02 2.1509292E-02 2.2325799E-02 2.3149054E-02 2.3976730E-02 2.4803629E-02 2.5624912E-02 2.6435286E-02 2.7229300E-02 2.8000943E-02 2.8744169E-02 2.9452555E-02 3.0119857E-02 3.0739633E-02 3.1305876E-02 3.1812552E-02 3.2253627E-02 3.2622546E-02 3.2919094E-02 3.3139594E-02 3.3279669E-02 3.3337403E-02 3.3312298E-02
5.8643837E-03 6.1204215E-03 6.3894317E-03 6.6720811E-03 6.9690538E-03 7.2810696E-03 7.6088654E-03 7.9532117E-03 8.3148880E-03 8.6947139E-03 9.0935053E-03 9.5120901E-03 9.9513065E-03 1.0411991E-02 1.0894974E-02 1.1401071E-02 1.1931061E-02 1.2485700E-02 1.3065683E-02 1.3671628E-02 1.4304074E-02 1.4963430E-02 1.5649971E-02 1.6363800E-02 1.7104827E-02 1.7872717E-02 1.8666884E-02 1.9486384E-02 2.0329976E-02 2.1195935E-02 2.2082202E-02 2.2986157E-02 2.3905396E-02 2.4835927E-02 2.5771935E-02 2.6709469E-02 2.7643209E-02 2.8567301E-02 2.9475158E-02 3.0359952E-02 3.1214304E-02 3.2030825E-02 3.2801799E-02 3.3519756E-02 3.4177214E-02 3.4767341E-02 3.5284251E-02 3.5723712E-02 3.6076263E-02 3.6337659E-02 3.6506116E-02 3.6579125E-02 3.6554564E-02
5.9492514E-03 6.2183724E-03 6.5015168E-03 6.7994152E-03 7.1128663E-03 7.4426755E-03 7.7896970E-03 8.1548067E-03 8.5389279E-03 8.9429868E-03 9.3679642E-03 9.8148268E-03 1.0284582E-02 1.0778236E-02 1.1296810E-02 1.1841301E-02 1.2412705E-02 1.3011980E-02 1.3640050E-02 1.4297756E-02 1.4985864E-02 1.5705019E-02 1.6455723E-02 1.7238311E-02 1.8052904E-02 1.8899364E-02 1.9777266E-02 2.0685825E-02 2.1623831E-02 2.2589670E-02 2.3581114E-02 2.4595411E-02 2.5628461E-02 2.6676534E-02 2.7736465E-02 2.8801823E-02 2.9866312E-02 3.0922901E-02 3.1964142E-02 3.2981750E-02 3.3967234E-02 3.4911517E-02 3.5805590E-02 3.6640204E-02 3.7406567E-02 3.8095929E-02 3.8699646E-02 3.9208692E-02 3.9621286E-02 3.9932061E-02 4.0135130E-02 4.0227640E-02 4.0208526E-02
6.0278890E-03 6.3106483E-03 6.6085323E-03 6.9223829E-03 7.2530895E-03 7.6015773E-03 7.9688150E-03 8.3558178E-03 8.7636346E-03 9.1933599E-03 9.6461186E-03 1.0123067E-02 1.0625385E-02 1.1154288E-02 1.1711010E-02 1.2296778E-02 1.2912817E-02 1.3560358E-02 1.4240570E-02 1.4954584E-02 1.5703436E-02 1.6488066E-02 1.7309269E-02 1.8167673E-02 1.9063685E-02 1.9997425E-02 2.0968728E-02 2.1976989E-02 2.3021203E-02 2.4099778E-02 2.5210630E-02 2.6350919E-02 2.7517863E-02 2.8706731E-02 2.9910650E-02 3.1124417E-02 3.2341074E-02 3.3552762E-02 3.4750529E-02 3.5924859E-02 3.7065390E-02 3.8161505E-02 3.9202083E-02 4.0176194E-02 4.1072879E-02 4.1881975E-02 4.2594526E-02 4.3203648E-02 4.3696888E-02 4.4067953E-02 4.4313651E-02 4.4430252E-02 4.4414923E-02
6.0987966E-03 6.3957339E-03 6.7089829E-03 7.0394818E-03 7.3882472E-03 7.7563138E-03 8.1447922E-03 8.5548330E-03 8.9876615E-03 9.4445236E-03 9.9267345E-03 1.0435643E-02 1.0972655E-02 1.1539209E-02 1.2136787E-02 1.2766885E-02 1.3431013E-02 1.4130686E-02 1.4867409E-02 1.5642626E-02 1.6457729E-02 1.7314013E-02 1.8212650E-02 1.9154634E-02 2.0140732E-02 2.1171445E-02 2.2246918E-02 2.3366887E-02 2.4530547E-02 2.5736576E-02 2.6982857E-02 2.8266557E-02 2.9583154E-02 3.0928293E-02 3.2297861E-02 3.3683978E-02 3.5078492E-02 3.6472037E-02 3.7854392E-02 3.9214078E-02 4.0538955E-02 4.1815996E-02 4.3031994E-02 4.4173371E-02 4.5227010E-02 4.6179947E-02 4.7019497E-02 4.7732882E-02 4.8315808E-02 4.8760340E-02 4.9058363E-02 4.9205650E-02 4.9200326E-02
6.1600558E-03 6.4717182E-03 6.8009514E-03 7.1488153E-03 7.5164381E-03 7.9050055E-03 8.3157616E-03 8.7500373E-03 9.2092110E-03 9.6947355E-03 1.0208127E-02 1.0750965E-02 1.1324892E-02 1.1931619E-02 1.2572905E-02 1.3250566E-02 1.3966434E-02 1.4722376E-02 1.5520276E-02 1.6361970E-02 1.7249277E-02 1.8183932E-02 1.9167567E-02 2.0201636E-02 2.1287398E-02 2.2425804E-02 2.3617487E-02 2.4862571E-02 2.6160702E-02 2.7510785E-02 2.8911073E-02 3.0358810E-02 3.1851035E-02 3.3382419E-02 3.4945011E-02 3.6532149E-02 3.8134832E-02 3.9742559E-02 4.1343100E-02 4.2923111E-02 4.4467818E-02 4.5961704E-02 4.7388438E-02 4.8731670E-02 4.9974985E-02 5.1102925E-02 5.2101728E-02 5.2960273E-02 5.3661667E-02 5.4196492E-02 5.4559372E-02 5.4744884E-02 5.4749165E-02
6.2095346E-03 6.5364712E-03 6.8823183E-03 7.2482564E-03 7.6355599E-03 8.0455532E-03 8.4796567E-03 8.9393659E-03 9.4262715E-03 9.9420287E-03 1.0488393E-02 1.1067188E-02 1.1680352E-02 1.2329889E-02 1.3017892E-02 1.3746520E-02 1.4517999E-02 1.5334614E-02 1.6198676E-02 1.7112514E-02 1.8078448E-02 1.9098753E-02 2.0175615E-02 2.1311091E-02 2.2507032E-02 2.3765024E-02 2.5086278E-02 2.6471557E-02 2.7920991E-02 2.9434079E-02 3.1009307E-02 3.2644186E-02 3.4334183E-02 3.6074538E-02 3.7860330E-02 3.9682075E-02 4.1529369E-02 4.3389834E-02 4.5249473E-02 4.7092155E-02 4.8900399E-02 5.0655108E-02 5.2336559E-02 5.3924292E-02 5.5398278E-02 5.6738820E-02 5.7926826E-02 5.8943655E-02 5.9780907E-02 6.0426719E-02 6.0869806E-02 6.1103925E-02 6.1126143E-02
6.2446273E-03 6.5873777E-03 6.9504548E-03 7.3351860E-03 7.7429796E-03 8.1753405E-03 8.6338539E-03 9.1202343E-03 9.6362736E-03 1.0183871E-02 1.0765043E-02 1.1381910E-02 1.2036712E-02 1.2731810E-02 1.3469662E-02 1.4252843E-02 1.5084024E-02 1.5965965E-02 1.6901514E-02 1.7893553E-02 1.8945014E-02 2.0058831E-02 2.1237871E-02 2.2484923E-02 2.3802608E-02 2.5193280E-02 2.6658986E-02 2.8201239E-02 2.9821012E-02 3.1518426E-02 3.3292744E-02 3.5141960E-02 3.7063528E-02 3.9051984E-02 4.1098520E-02 4.3195046E-02 4.5330208E-02 4.7490168E-02 4.9658276E-02 5.1815674E-02 5.3941004E-02 5.6011274E-02 5.8001868E-02 5.9887730E-02 6.1643548E-02 6.3245311E-02 6.4671338E-02 6.5903656E-02 6.6918552E-02 6.7701831E-02 6.8244874E-02 6.8539932E-02 6.8581887E-02
