T2-onemodel/GL22.grd
DSAA
         100         100
  -20.00000       20.00000    
  -20.00000       20.00000    
 -0.3388340       113.0246    
[rows 27 to 53 of 100, columns 0 to 61 of 100]
0.6852328 0.7214122 0.7599695 0.8010798 0.8449367 0.8917441 0.9417256 0.9951185 1.052181 1.113189 1.178440 1.248251 1.322961 1.402936 1.488564 1.580256 1.678448 1.783602 1.896202 2.016753 2.145781 2.283827 2.431444 2.589185 2.757600 2.937217 3.128535 3.331995 3.547957 3.776676 4.018258 4.272625 4.539460 4.818231 5.108003 5.407204 5.714120 6.026506 6.341584 6.656076 6.966271 7.268096 7.557248 7.829365 8.080184 8.305869 8.502983 8.667947 8.798561 8.893196 8.950704 8.970465 8.952365 8.896596 8.803814 8.675224 8.512059 8.315948 8.088934 7.833483 7.552512 7.249403
0.6799146 0.7177196 0.7580680 0.8011546 0.8471929 0.8964110 0.9490575 1.005400 1.065729 1.130357 1.199621 1.273886 1.353541 1.439010 1.530742 1.629222 1.734963 1.848516 1.970462 2.101416 2.242023 2.392956 2.554913 2.728604 2.914755 3.114078 3.327271 3.554982 3.797789 4.056164 4.330428 4.620694 4.926813 5.248221 5.584004 5.932997 6.293155 6.661831 7.035758 7.410982 7.782920 8.146455 8.496109 8.826254 9.131367 9.406134 9.645890 9.847476 10.00774 10.12447 10.19637 10.22284 10.20385 10.13991 10.03186 9.880634 9.687842 9.455418 9.185678 8.881470 8.546203 8.183950
0.6713455 0.7108106 0.7529934 0.7981080 0.8463905 0.8980932 0.9534948 1.012893 1.076616 1.145014 1.218473 1.297404 1.382257 1.473517 1.571708 1.677392 1.791176 1.913708 2.045686 2.187848 2.340981 2.505915 2.683522 2.874704 3.080396 3.301543 3.539094 3.793964 4.067014 4.359016 4.670582 5.002125 5.353759 5.725301 6.116017 6.524313 6.948206 7.384850 7.830447 8.280249 8.728600 9.169041 9.594529 9.997746 10.37146 10.70911 11.00487 11.25325 11.45084 11.59534 11.68539 11.72048 11.70079 11.62690 11.49987 11.32133 11.09288 10.81657 10.49497 10.13127 9.729422 9.294241
0.6589133 0.7000709 0.7441257 0.7913156 0.8418989 0.8961569 0.9543959 1.016953 1.084192 1.156509 1.234337 1.318146 1.408448 1.505800 1.610805 1.724119 1.846447 1.978557 2.121273 2.275482 2.442135 2.622246 2.816891 3.027207 3.254383 3.499648 3.764262 4.049481 4.356537 4.686586 5.040659 5.419565 5.823824 6.253448 6.707956 7.186416 7.686663 8.205521 8.738654 9.280415 9.823845 10.36077 10.88208 11.37809 11.83917 12.25610 12.62091 12.92809 13.17290 13.35243 13.46535 13.51146 13.49133 13.40616 13.25734 13.04625 12.77489 12.44553 12.06089 11.62444 11.14063 10.61511
0.6418901 0.6847650 0.7307269 0.7800321 0.8329690 0.8898447 0.9510025 1.016812 1.087684 1.164059 1.246428 1.335320 1.431318 1.535058 1.647234 1.768602 1.899986 2.042282 2.196465 2.363589 2.544796 2.741314 2.954464 3.185658 3.436390 3.708236 4.002842 4.321889 4.667078 5.040079 5.442460 5.875612 6.340630 6.838253 7.368538 7.930427 8.522143 9.140528 9.780785 10.43632 11.09865 11.75744 12.40081 13.01588 13.58955 14.10974 14.56593 14.94910 15.25400 15.47779 15.61947 15.67951 15.65924 15.56030 15.38458 15.13427 14.81128 14.41778 13.95650 13.43098 12.84600 12.20800
0.6194530 0.6640676 0.7119614 0.7634181 0.8187519 0.8783035 0.9424488 1.011600 1.086211 1.166778 1.253848 1.348020 1.449955 1.560374 1.680072 1.809921 1.950871 2.103970 2.270361 2.451290 2.648118 2.862325 3.095515 3.349420 3.625907 3.926964 4.254706 4.611343 4.999166 5.420492 5.877610 6.372668 6.907572 7.483706 8.101873 8.762240 9.463345 10.20213 10.97356 11.77016 12.58179 13.39550 14.19578 14.96524 15.68574 16.33971 16.91217 17.39292 17.77476 18.05457 18.23229 18.30974 18.28956 18.17466 17.96766 17.67059 17.28558 16.81471 16.26033 15.62571 14.91560 14.13699
0.5906498 0.6370169 0.6868646 0.7405008 0.7982693 0.8605439 0.9277376 1.000308 1.078756 1.163636 1.255560 1.355199 1.463298 1.580677 1.708242 1.846989 1.998015 2.162534 2.341882 2.537520 2.751064 2.984279 3.239100 3.517638 3.822188 4.155239 4.519468 4.917727 5.353035 5.828533 6.347422 6.912870 7.527878 8.195173 8.916784 9.693469 10.52496 11.40903 12.34084 13.31241 14.31201 15.32375 16.32755 17.29980 18.21483 19.04779 19.77716 20.38639 20.86740 21.21814 21.44073 21.53950 21.51938 21.38479 21.13941 20.78619 20.32691 19.76294 19.09577 18.32767 17.46269 16.50771
0.5544543 0.6025826 0.6543974 0.7102332 0.7704645 0.8354991 0.9057922 0.9818476 1.064218 1.153520 1.250435 1.355713 1.470193 1.594799 1.730559 1.878611 2.040214 2.216764 2.409816 2.621076 2.852444 3.106016 3.384107 3.689265 4.024291 4.392251 4.796502 5.240663 5.728643 6.264591 6.852870 7.497930 8.204220 8.975855 9.816515 10.72926 11.71530 12.77376 13.90087 15.08890 16.32517 17.59097 18.86096 20.10314 21.28064 22.35509 23.29299 24.07232 24.68214 25.12255 25.40029 25.52446 25.50382 25.34571 25.05525 24.63531 24.08746 23.41203 22.60878 21.67796 20.62153 19.44501
0.5097824 0.5596728 0.6134589 0.6715044 0.7342156 0.8020378 0.8754702 0.9550622 1.041428 1.135244 1.237269 1.348342 1.469397 1.601478 1.745745 1.903490 2.076149 2.265331 2.472823 2.700613 2.950922 3.226218 3.529248 3.863063 4.231052 4.636959 5.084922 5.579487 6.125615 6.728692 7.394485 8.129089 8.938795 9.830003 10.80873 11.87994 13.04769 14.31381 15.67691 17.13103 18.66405 20.25579 21.87595 23.48260 25.02242 26.43582 27.66731 28.67821 29.45650 30.00944 30.35356 30.50661 30.48374 30.29595 29.95040 29.45094 28.79807 27.99003 27.02371 25.89561 24.60356 23.14898
0.4556694 0.5073137 0.5630678 0.6233204 0.6885174 0.7591433 0.8357375 0.9189043 1.009316 1.107723 1.214960 1.331958 1.459764 1.599545 1.752604 1.920406 2.104583 2.306967 2.529617 2.774827 3.045182 3.343569 3.673224 4.037770 4.441268 4.888238 5.383742 5.933382 6.543382 7.220581 7.972463 8.807084 9.733043 10.75916 11.89443 13.14782 14.52690 16.03746 17.68234 19.45973 21.36110 23.36820 25.44914 27.55318 29.60590 31.50952 33.16204 34.49532 35.49487 36.18647 36.60742 36.79105 36.76218 36.53764 36.12700 35.53381 34.75729 33.79284 32.63276 31.26764 29.68778 27.88618
0.3915316 0.4449120 0.5026171 0.5650693 0.6327459 0.7061734 0.7859386 0.8727020 0.9671953 1.070244 1.182770 1.305803 1.440505 1.588178 1.750284 1.928476 2.124590 2.340721 2.579213 2.842710 3.134190 3.457020 3.814975 4.212341 4.653918 5.145135 5.692085 6.301619 6.981391 7.739972 8.586821 9.532393 10.58802 11.76601 13.07914 14.54010 16.16174 17.95577 19.93158 22.09484 24.44516 26.97279 29.65278 32.43555 35.22955 37.88121 40.18300 41.97949 43.26571 44.12054 44.62451 44.83630 44.79460 44.52269 44.03296 43.32932 42.40853 41.26131 39.87366 38.22702 36.30001 34.07007
0.3179957 0.3730876 0.4327181 0.4973482 0.5674830 0.6436996 0.7266244 0.8169841 0.9155707 1.023294 1.141155 1.270303 1.412009 1.567738 1.739107 1.927976 2.136409 2.366786 2.621755 2.904361 3.218002 3.566592 3.954499 4.386754 4.868986 5.407656 6.010010 6.684340 7.439905 8.287289 9.238207 10.30590 11.50486 12.85107 14.36164 16.05544 17.95118 20.06818 22.42466 25.03774 27.92045 31.08101 34.51545 38.19922 42.05315 45.87315 49.21839 51.68005 53.31152 54.33984 54.92232 55.15333 55.08761 54.75583 54.17281 53.34059 52.25303 50.89462 49.24302 47.26676 44.92797 42.17905
0.2387397 0.2955262 0.3570263 0.4238170 0.4963523 0.5753511 0.6613812 0.7553432 0.8579804 0.9704083 1.093594 1.228933 1.377686 1.541623 1.722378 1.922212 2.143239 2.388353 2.660329 2.962856 3.299578 3.675256 4.094639 4.563893 5.089238 5.678648 6.340276 7.084445 7.921769 8.865596 9.929620 11.13090 12.48679 14.01877 15.74814 17.70039 19.90059 22.37882 25.16271 28.28598 31.77794 35.67615 40.00865 44.80676 50.03864 55.47718 60.22623 63.42782 65.38454 66.55914 67.20009 67.43146 67.32671 66.91721 66.22338 65.24100 63.96365 62.36275 60.41029 58.05291 55.23647 51.87257
0.1614391 0.2199129 0.2831918 0.3521335 0.4269807 0.5087431 0.5977919 0.6953503 0.8019639 0.9191042 1.047556 1.189135 1.344918 1.517172 1.707391 1.918408 2.152253 2.412509 2.701952 3.025129 3.385788 3.789766 4.242114 4.750358 5.321268 5.964588 6.689400 7.508348 8.433498 9.481286 10.66763 12.01370 13.54015 15.27380 17.24076 19.47497 22.00848 24.88232 28.13574 31.81992 35.98501 40.69945 46.03176 52.06195 58.77118 65.64969 71.21133 74.74608 76.87681 78.12666 78.78880 78.99403 78.82985 78.32411 77.50099 76.34718 74.85397 72.97980 70.68613 67.89751 64.53426 60.46471
9.2464946E-02 0.1524089 0.2175674 0.2884286 0.3656878 0.4499729 0.5421544 0.6430461 0.7537577 0.8753471 1.009225 1.156772 1.319805 1.500142 1.700134 1.922169 2.169299 2.444679 2.752324 3.096383 3.482136 3.915112 4.402242 4.950886 5.570211 6.270004 7.062396 7.960389 8.980030 10.13855 11.45709 12.95824 14.66957 16.62047 18.84636 21.38395 24.27840 27.57664 31.33674 35.61998 40.50652 46.08282 52.46109 59.71009 67.65182 75.09297 80.51150 83.94866 86.06436 87.31158 87.94201 88.09566 87.84335 87.22430 86.24490 84.90061 83.16008 80.98444 78.30406 75.03702 71.05372 66.19469
3.3792540E-02 9.5167883E-02 0.1620971 0.2348348 0.3143809 0.4011374 0.4963069 0.6004881 0.7151521 0.8411351 0.9802866 1.133776 1.303917 1.492358 1.702018 1.935189 2.195596 2.486391 2.812412 3.177948 3.589311 4.052372 4.575381 5.166331 5.836103 6.595516 7.458961 8.441045 9.560769 10.83776 12.29705 13.96469 15.87335 18.05702 20.55780 23.42022 26.69815 30.44874 34.74289 39.65847 45.29420 51.76023 59.17148 67.51443 76.10213 83.21735 88.09562 91.26070 93.24615 94.41839 94.97436 95.04278 94.68007 93.92341 92.76946 91.20749 89.19449 86.67931 83.57357 79.76886 75.10098 69.35463
-1.4606498E-02 4.8318349E-02 0.1167238 0.1914495 0.2729606 0.3623030 0.4601136 0.5676883 0.6859143 0.8164225 0.9604289 1.120006 1.296819 1.493543 1.712450 1.957021 2.230340 2.536972 2.881149 3.268878 3.705927 4.200275 4.759778 5.395054 6.116786 6.939126 7.876569 8.947983 10.17286 11.57631 13.18438 15.03014 17.14794 19.58109 22.37422 25.58274 29.26447 33.49278 38.34418 43.91929 50.32367 57.68896 66.07761 75.20554 83.65155 89.95473 94.23317 97.05917 98.86274 99.90387 100.3544 100.3037 99.81116 98.88912 97.54035 95.73042 93.41880 90.52324 86.94994 82.54431 77.11887 70.38496
-5.3286456E-02 1.0959214E-02 8.0879249E-02 0.1573327 0.2408454 0.3324747 0.4329422 0.5435804 0.6653815 0.8000337 0.9489079 1.114152 1.297665 1.502224 1.730437 1.985961 2.272343 2.594423 2.957091 3.366782 3.830206 4.355975 4.953270 5.633663 6.409685 7.296869 8.312265 9.476652 10.81304 12.34911 14.11559 16.14891 18.48956 21.18478 24.28721 27.85848 31.96706 36.69286 42.12831 48.38184 55.57799 63.82527 73.06110 82.38950 90.04126 95.46519 99.18705 101.6773 103.2656 104.1494 104.4612 104.2716 103.6219 102.5179 100.9468 98.86737 96.21896 92.90876 88.80956 83.74354 77.46316 69.65173
-8.3130196E-02 -1.7802015E-02 5.3652503E-02 0.1315646 0.2170750 0.3106871 0.4137962 0.5271425 0.6524821 0.7908794 0.9445502 1.115023 1.305136 1.517051 1.754472 2.020444 2.319824 2.656882 3.038100 3.469432 3.959543 4.516748 5.152687 5.878863 6.710970 7.664824 8.761505 10.02256 11.47612 13.15120 15.08496 17.31578 19.89217 22.86426 26.29472 30.24749 34.80428 40.04993 46.09401 53.04968 61.04980 70.13261 79.87685 88.68623 95.28528 99.93095 103.1439 105.3137 106.6712 107.3814 107.5310 107.1842 106.3546 105.0477 103.2267 100.8498 97.82775 94.05837 89.37352 83.56802 76.33364 67.35913
-0.1051807 -3.8686804E-02 3.3958711E-02 0.1134088 0.2005289 0.2961770 0.4014764 0.5175740 0.6459249 0.7880813 0.9459510 1.121631 1.317660 1.536886 1.782740 2.059119 2.370650 2.722700 3.121597 3.574738 4.090790 4.679954 5.354125 6.127332 7.015862 8.038893 9.218557 10.58084 12.15543 13.97708 16.08503 18.52492 21.34767 24.61224 28.38386 32.73955 37.76347 43.55707 50.23185 57.91944 66.71339 76.48388 86.12469 93.90469 99.51534 103.4903 106.2639 108.1249 109.2557 109.7746 109.7528 109.2258 108.2033 106.6671 104.5784 101.8668 98.43799 94.15008 88.81792 82.17082 73.88783 63.76960
-0.1201258 -5.2551068E-02 2.1106305E-02 0.1019651 0.1904717 0.2879996 0.3952154 0.5138495 0.6448898 0.7905248 0.9521955 1.132716 1.334185 1.560280 1.813999 2.100244 2.423285 2.789710 3.205637 3.679975 4.221396 4.842085 5.554269 6.374564 7.320072 8.413369 9.678047 11.14447 12.84453 14.81851 17.10860 19.76717 22.84886 26.42101 30.55360 35.33222 40.84812 47.21508 54.55202 62.98653 72.52629 82.58930 91.45647 98.08991 102.8635 106.2635 108.6443 110.2127 111.1191 111.4405 111.2356 110.5150 109.2811 107.4946 105.1081 102.0291 98.14571 93.28173 87.21494 79.62724 70.21541 59.29080
-0.1284290 -6.0145102E-02 1.4607797E-02 9.6452981E-02 0.1864089 0.2853144 0.3944829 0.5150636 0.6487757 0.7971944 0.9625908 1.147137 1.353884 1.585854 1.847192 2.142138 2.476350 2.855800 3.288347 3.782369 4.348803 4.999477 5.749569 6.615678 7.618775 8.781864 10.13362 11.70534 13.53548 15.66567 18.14635 21.03139 24.38562 28.27728 32.78923 38.00949 44.04634 51.01295 59.04500 68.21796 78.31479 88.02625 95.73182 101.3520 105.4165 108.3324 110.3570 111.6592 112.3399 112.4667 112.0651 111.1442 109.6773 107.6254 104.9091 101.4306 97.03457 91.52895 84.62375 75.99784 65.53662 54.49356
-0.1306488 -6.1731137E-02 1.3867337E-02 9.6594281E-02 0.1876916 0.2878252 0.3985637 0.5208860 0.6567881 0.8077042 0.9762176 1.164388 1.375645 1.612957 1.880946 2.183882 2.528046 2.919630 3.367300 3.879954 4.469668 5.149208 5.935398 6.846402 7.905561 9.138318 10.57660 12.25526 14.21700 16.50819 19.18445 22.30565 25.94249 30.17117 35.08126 40.76966 47.35247 54.95491 63.69533 73.54248 83.73209 92.48087 99.01368 103.7860 107.2563 109.7491 111.4526 112.5018 112.9665 112.8950 112.2947 111.1595 109.4482 107.1036 104.0294 100.1022 95.13916 88.89898 81.05826 71.33398 60.26266 49.82511
-0.1270881 -5.7485282E-02 1.8571056E-02 0.1021886 0.1939716 0.2953073 0.4070635 0.5310314 0.6684639 0.8216890 0.9925032 1.183988 1.398735 1.640913 1.914261 2.224487 2.576997 2.979711 3.440517 3.970478 4.581047 5.287834 6.107343 7.061539 8.173935 9.475050 10.99768 12.78337 14.87637 17.33163 20.20679 23.57225 27.50078 32.08116 37.40490 43.58741 50.74466 59.01355 68.44881 78.72199 88.34023 95.85505 101.3846 105.4439 108.4170 110.5338 111.9543 112.7636 113.0246 112.7529 111.9541 110.5929 108.6259 105.9641 102.5038 98.07587 92.47742 85.40231 76.53057 65.86858 54.92324 45.49854
-0.1175943 -4.7657445E-02 2.8857602E-02 0.1129598 0.2053873 0.3074223 0.4201077 0.5451037 0.6838869 0.8386506 1.011463 1.205285 1.423063 1.668839 1.946849 2.262723 2.622550 3.034266 3.506737 4.051245 4.680690 5.411239 6.261567 7.254756 8.417575 9.782477 11.38698 13.27560 15.49915 18.11653 21.19396 24.80644 29.03765 33.98164 39.74442 46.44325 54.21073 63.15313 73.18767 83.35200 91.86328 98.21319 102.9048 106.3727 108.9132 110.7025 111.8593 112.4497 112.5112 112.0485 111.0452 109.4570 107.2150 104.2175 100.3244 95.34650 89.01978 81.01727 71.09259 60.03482 49.87786 41.52673
-0.1020414 -3.2063674E-02 4.4842526E-02 0.1290711 0.2220224 0.3243271 0.4377320 0.5632201 0.7030395 0.8586444 1.032997 1.228250 1.448359 1.696539 1.978195 2.298111 2.663774 3.082312 3.564335 4.120440 4.765788 5.516150 6.393276 7.420374 8.628489 10.05107 11.73162 13.71683 16.06568 18.84057 22.11831 25.97851 30.51797 35.83556 42.05302 49.29382 57.69355 67.28269 77.59473 86.98632 94.22905 99.59869 103.5887 106.5605 108.7225 110.2247 111.1429 111.5337 111.4056 110.7598 109.5530 107.7348 105.2056 101.8504 97.48672 91.89272 84.74731 75.73319 65.01588 54.32181 45.25534 37.89243
-8.0268219E-02 -1.0171325E-02 6.6663355E-02 0.1510648 0.2439852 0.3465401 0.4600070 0.5858986 0.7259234 0.8821703 1.057002 1.253302 1.474379 1.724313 2.007806 2.330708 2.699763 3.123460 3.611688 4.176831 4.833461 5.599827 6.497394 7.552935 8.797834 10.27077 12.01661 14.08971 16.55177 19.47621 22.94397 27.04967 31.89498 37.59908 44.28629 52.09684 61.12403 71.21635 81.20730 89.38061 95.48072 100.0291 103.4391 105.9790 107.8171 109.0580 109.7653 109.9676 109.6696 108.8447 107.4466 105.3923 102.5734 98.82816 93.95380 87.66036 79.61418 69.62749 58.75479 49.00759 41.03277 34.55938
