T2-onemodel/GL22.grd
DSAA
         100         100
  -20.00000       20.00000    
  -20.00000       20.00000    
 -0.3388340       113.0246    
[rows 0 to 26 of 100, columns 0 to 61 of 100]
0.4981302 0.5072945 0.5167279 0.5264331 0.5364126 0.5466691 0.5572014 0.5680078 0.5790884 0.5904418 0.6020634 0.6139482 0.6260904 0.6384828 0.6511153 0.6639764 0.6770533 0.6903321 0.7037964 0.7174280 0.7312053 0.7451052 0.7591016 0.7731665 0.7872701 0.8013781 0.8154564 0.8294670 0.8433708 0.8571253 0.8706880 0.8840097 0.8970432 0.9097061 0.9219403 0.9338002 0.9451969 0.9560596 0.9663377 0.9759827 0.9849465 0.9931850 1.000655 1.007314 1.013122 1.018002 1.021887 1.024931 1.027065 1.028230 1.028416 1.027620 1.025841 1.023128 1.019493 1.014849 1.009262 1.002777 0.9954273 0.9872491 0.9782816 0.9685698
0.5057442 0.5154071 0.5253642 0.5356188 0.5461754 0.5570360 0.5681996 0.5796670 0.5914394 0.6035147 0.6158894 0.6285591 0.6415192 0.6547618 0.6682769 0.6820535 0.6960791 0.7103391 0.7248171 0.7394933 0.7543452 0.7693481 0.7844744 0.7996948 0.8149758 0.8302813 0.8455740 0.8608132 0.8759542 0.8909526 0.9057577 0.9203208 0.9345881 0.9485421 0.9621367 0.9752083 0.9877396 0.9996953 1.011020 1.021658 1.031557 1.040663 1.048930 1.056309 1.062760 1.068293 1.072912 1.076406 1.078803 1.080128 1.080371 1.079525 1.077595 1.074544 1.070386 1.065246 1.059105 1.051975 1.043893 1.034898 1.025038 1.014359
0.5135521 0.5237420 0.5342526 0.5450897 0.5562583 0.5677596 0.5795948 0.5917667 0.6042767 0.6171230 0.6303035 0.6438152 0.6576531 0.6718096 0.6862756 0.7010404 0.7160916 0.7314149 0.7469924 0.7628039 0.7788255 0.7950316 0.8113930 0.8278776 0.8444497 0.8610709 0.8777007 0.8942932 0.9108016 0.9271746 0.9433585 0.9592941 0.9749243 0.9901527 1.004908 1.019236 1.033033 1.046213 1.058711 1.070466 1.081415 1.091500 1.100664 1.108853 1.116016 1.122062 1.126912 1.130724 1.133418 1.134927 1.135237 1.134346 1.132251 1.129003 1.124619 1.119010 1.112254 1.104402 1.095498 1.085588 1.074724 1.062964
0.5215462 0.5322917 0.5433877 0.5548413 0.5666577 0.5788383 0.5913879 0.6043100 0.6176062 0.6312761 0.6453190 0.6597329 0.6745132 0.6896525 0.7051432 0.7209749 0.7371356 0.7536103 0.7703813 0.7874269 0.8047230 0.8222421 0.8399540 0.8578234 0.8758126 0.8938811 0.9119832 0.9300704 0.9480901 0.9659864 0.9836980 1.001165 1.018323 1.035140 1.051558 1.067392 1.082611 1.097165 1.110984 1.123994 1.136128 1.147317 1.157496 1.166606 1.174593 1.181455 1.187191 1.191566 1.194604 1.196326 1.196721 1.195777 1.193497 1.189847 1.184842 1.178621 1.171168 1.162506 1.152679 1.141740 1.129751 1.116773
0.5297213 0.5410532 0.5527681 0.5648742 0.5773759 0.5902781 0.6035873 0.6173081 0.6314427 0.6459928 0.6609591 0.6763403 0.6921323 0.7083295 0.7249246 0.7419088 0.7592700 0.7769930 0.7950599 0.8134484 0.8321339 0.8510876 0.8702771 0.8896649 0.9092119 0.9288731 0.9485995 0.9683377 0.9880310 1.007615 1.027027 1.046193 1.065045 1.083465 1.101367 1.118786 1.135598 1.151698 1.167003 1.181431 1.194903 1.207341 1.218670 1.228821 1.237727 1.245278 1.251382 1.256196 1.259625 1.261596 1.262089 1.261097 1.258617 1.254707 1.249385 1.242566 1.234336 1.224761 1.213894 1.201798 1.188540 1.174194
0.5380677 0.5500181 0.5623872 0.5751823 0.5884098 0.6020780 0.6161948 0.6307656 0.6457946 0.6612850 0.6772396 0.6936573 0.7105359 0.7278712 0.7456577 0.7638868 0.7825470 0.8016235 0.8210981 0.8409487 0.8611495 0.8816711 0.9024785 0.9235330 0.9447927 0.9662085 0.9877278 1.009293 1.030840 1.052300 1.073601 1.094668 1.115421 1.135812 1.155763 1.175068 1.193676 1.211518 1.228500 1.244531 1.259518 1.273371 1.286007 1.297346 1.307317 1.315904 1.323092 1.328620 1.332505 1.334765 1.335379 1.334332 1.331631 1.327237 1.321172 1.313588 1.304476 1.293870 1.281830 1.268427 1.253738 1.237848
0.5465775 0.5591810 0.5722400 0.5857629 0.5997596 0.6142412 0.6292159 0.6446913 0.6606739 0.6771693 0.6941807 0.7117094 0.7297552 0.7483158 0.7673867 0.7869606 0.8070269 0.8275715 0.8485761 0.8700189 0.8918740 0.9141097 0.9366901 0.9595753 0.9827195 1.006070 1.029572 1.053159 1.076763 1.100309 1.123718 1.146901 1.169770 1.192188 1.214047 1.235365 1.255994 1.275802 1.294682 1.312528 1.329233 1.344696 1.358819 1.371509 1.382677 1.392191 1.399937 1.406068 1.410476 1.413072 1.413830 1.412738 1.409793 1.405057 1.398555 1.390202 1.380100 1.368329 1.354962 1.340080 1.323772 1.306137
0.5552364 0.5685273 0.5823132 0.5966049 0.6114165 0.6267601 0.6426461 0.6590839 0.6760831 0.6936511 0.7117935 0.7305133 0.7498131 0.7696922 0.7901483 0.8111756 0.8327644 0.8549016 0.8775701 0.9007479 0.9244086 0.9485202 0.9730455 0.9979427 1.023163 1.048650 1.074343 1.100174 1.126063 1.151933 1.177692 1.203249 1.228500 1.253382 1.277793 1.301492 1.324407 1.346440 1.367472 1.387378 1.406039 1.423336 1.439156 1.453395 1.465954 1.476799 1.485894 1.492948 1.497966 1.500957 1.501890 1.500748 1.497534 1.492211 1.484805 1.475486 1.464256 1.451165 1.436293 1.419733 1.401591 1.381976
0.5640267 0.5780408 0.5925928 0.6076979 0.6233723 0.6396297 0.6564829 0.6739451 0.6920280 0.7107416 0.7300935 0.7500905 0.7707371 0.7920356 0.8139856 0.8365835 0.8598213 0.8836874 0.9081658 0.9332350 0.9588685 0.9850339 1.011694 1.038804 1.066313 1.094162 1.122283 1.150602 1.179037 1.207497 1.235886 1.264094 1.292010 1.319472 1.346342 1.372618 1.398116 1.422674 1.446149 1.468402 1.489292 1.508684 1.526447 1.542457 1.556593 1.568692 1.578610 1.586498 1.592222 1.595674 1.596818 1.595637 1.592127 1.586352 1.578348 1.568034 1.555530 1.540938 1.524354 1.505888 1.485657 1.463795
0.5729300 0.5877044 0.6030648 0.6190290 0.6356155 0.6528405 0.6707206 0.6892719 0.7085092 0.7284451 0.7490911 0.7704566 0.7925498 0.8153758 0.8389374 0.8632328 0.8882568 0.9139996 0.9404469 0.9675782 0.9953678 1.023784 1.052788 1.082335 1.112369 1.142828 1.173641 1.204727 1.235996 1.267351 1.298680 1.329871 1.360794 1.391361 1.421438 1.450747 1.479180 1.506606 1.532866 1.557795 1.581234 1.603025 1.623018 1.641068 1.657043 1.670876 1.682509 1.691606 1.698155 1.702152 1.703553 1.702334 1.698495 1.692000 1.682884 1.671337 1.657376 1.641075 1.622541 1.601900 1.579292 1.554865
0.5819246 0.5974993 0.6137115 0.6305824 0.6481323 0.6663820 0.6853515 0.7050607 0.7255275 0.7467679 0.7687974 0.7916296 0.8152760 0.8397461 0.8650453 0.8911755 0.9181343 0.9459145 0.9745041 1.003885 1.034032 1.064916 1.096496 1.128726 1.161549 1.194900 1.228701 1.262865 1.297297 1.331887 1.366516 1.401052 1.435352 1.469222 1.502489 1.535118 1.566885 1.597580 1.627016 1.655008 1.681369 1.705917 1.728474 1.748871 1.766945 1.782489 1.795321 1.805575 1.813087 1.817724 1.819435 1.818195 1.813994 1.806907 1.796974 1.784128 1.768512 1.750258 1.729494 1.706369 1.681041 1.653687
0.5909782 0.6073937 0.6245023 0.6423281 0.6608962 0.6802306 0.7003558 0.7212948 0.7430699 0.7657018 0.7892104 0.8136137 0.8389282 0.8651670 0.8923400 0.9204531 0.9495074 0.9794999 1.010422 1.042257 1.074984 1.108573 1.142986 1.178174 1.214080 1.250634 1.287755 1.325351 1.363314 1.401529 1.439861 1.478169 1.516293 1.554109 1.591446 1.627974 1.663543 1.697971 1.731045 1.762548 1.792268 1.819989 1.845505 1.868620 1.889149 1.906987 1.922033 1.933896 1.942539 1.947937 1.950027 1.948772 1.944170 1.936187 1.924870 1.910432 1.892915 1.872424 1.849106 1.823131 1.794688 1.763976
0.6000602 0.6173586 0.6354098 0.6542425 0.6738854 0.6943675 0.7157174 0.7379625 0.7611299 0.7852457 0.8103350 0.8364213 0.8635259 0.8916674 0.9208606 0.9511163 0.9824409 1.014836 1.048297 1.082811 1.118361 1.154919 1.192448 1.230899 1.270215 1.310322 1.351136 1.392556 1.434471 1.476750 1.519249 1.561803 1.604238 1.646313 1.687811 1.728655 1.768562 1.807264 1.844511 1.880056 1.913645 1.945032 1.973973 2.000233 2.023592 2.043779 2.060559 2.074039 2.084011 2.090308 2.092855 2.091615 2.086573 2.077810 2.065381 2.049232 2.029542 2.006482 1.980228 1.950978 1.918950 1.884385
0.6091268 0.6273514 0.6463938 0.6662865 0.6870639 0.7087592 0.7314062 0.7550371 0.7796854 0.8053828 0.8321607 0.8600485 0.8890741 0.9192616 0.9506321 0.9832031 1.016987 1.051991 1.088216 1.125656 1.164296 1.204112 1.245071 1.287125 1.330214 1.374266 1.419191 1.464884 1.511222 1.558067 1.605256 1.652616 1.699946 1.747080 1.793797 1.839700 1.884580 1.928188 1.970239 2.010442 2.048506 2.084139 2.117054 2.146980 2.173660 2.196928 2.216622 2.232280 2.243824 2.251193 2.254302 2.253094 2.247564 2.237677 2.223495 2.205267 2.183069 2.157049 2.127410 2.094382 2.058224 2.019212
0.6181366 0.6373324 0.6574154 0.6784240 0.7003973 0.7233741 0.7473933 0.7724944 0.7987165 0.8260989 0.8546797 0.8844951 0.9155805 0.9479669 0.9816837 1.016756 1.053203 1.091040 1.130275 1.170908 1.212932 1.256326 1.301062 1.347093 1.394364 1.442797 1.492304 1.542773 1.594072 1.646050 1.698534 1.751322 1.804196 1.856862 1.909045 1.960607 2.011190 2.060444 2.108037 2.153632 2.196883 2.237449 2.274994 2.309192 2.339733 2.366261 2.388461 2.406398 2.419799 2.428448 2.432238 2.431110 2.425044 2.414125 2.398431 2.377929 2.352844 2.323405 2.289850 2.252453 2.211515 2.167366
0.6270301 0.6472426 0.6684177 0.6905994 0.7138323 0.7381611 0.7636319 0.7902908 0.8181850 0.8473607 0.8778648 0.9097416 0.9430341 0.9777837 1.014028 1.051801 1.091132 1.132045 1.174557 1.218678 1.264406 1.311730 1.360625 1.411052 1.462956 1.516263 1.570881 1.626693 1.683561 1.741323 1.799786 1.858736 1.917926 1.977136 2.036078 2.094272 2.151425 2.207197 2.261206 2.313056 2.362342 2.408660 2.451614 2.490821 2.525919 2.556647 2.582762 2.603695 2.619308 2.629492 2.634120 2.633113 2.626453 2.614110 2.596167 2.572917 2.544485 2.511081 2.472984 2.430514 2.384031 2.333917
0.6357458 0.6570222 0.6793423 0.7027557 0.7273138 0.7530684 0.7800728 0.8083817 0.8380502 0.8691339 0.9016879 0.9357669 0.9714242 1.008711 1.047676 1.088365 1.130818 1.175070 1.221150 1.269078 1.318863 1.370503 1.423983 1.479269 1.536312 1.595041 1.655364 1.717162 1.780290 1.844572 1.909804 1.975743 2.042116 2.108566 2.174739 2.240420 2.305149 2.368466 2.429923 2.489052 2.545379 2.598426 2.647722 2.692808 2.733246 2.768553 2.798299 2.822476 2.840723 2.852751 2.858403 2.857592 2.850283 2.836575 2.816566 2.790261 2.757950 2.719937 2.676553 2.628180 2.575238 2.518185
0.6442067 0.6665950 0.6901141 0.7148198 0.7407709 0.7680272 0.7966510 0.8267052 0.8582548 0.8913657 0.9261038 0.9625343 1.000723 1.040732 1.082626 1.126461 1.172291 1.220167 1.270131 1.322214 1.376442 1.432825 1.491356 1.552015 1.614760 1.679526 1.746222 1.814732 1.884902 1.956550 2.029451 2.103347 2.177935 2.252926 2.327948 2.402412 2.475915 2.547992 2.618121 2.685751 2.750323 2.811269 2.868029 2.920057 2.966836 3.007967 3.043076 3.071446 3.092849 3.107102 3.114018 3.113481 3.105458 3.089921 3.066986 3.037003 3.000166 2.956775 2.907219 2.851947 2.791460 2.726296
0.6523255 0.6758747 0.7006472 0.7267070 0.7541209 0.7829575 0.8132883 0.8451874 0.8787296 0.9139923 0.9510545 0.9899938 1.030890 1.073820 1.118861 1.166089 1.215573 1.267380 1.321568 1.378189 1.437281 1.498872 1.562972 1.629573 1.698647 1.770137 1.843961 1.920002 1.998106 2.078081 2.159690 2.242645 2.326614 2.411157 2.495825 2.580297 2.663978 2.746257 2.826515 2.904109 2.978370 3.048625 3.114201 3.174442 3.228719 3.276360 3.316765 3.349811 3.375004 3.391948 3.400419 3.400280 3.391478 3.374125 3.348354 3.314222 3.272104 3.222418 3.165629 3.102270 3.032931 2.958261
0.6599941 0.6847533 0.7108352 0.7383119 0.7672597 0.7977571 0.8298863 0.8637322 0.8993827 0.9369280 0.9764611 1.018074 1.061863 1.107922 1.156348 1.207232 1.260665 1.316733 1.375516 1.437086 1.501503 1.568815 1.639053 1.712228 1.788328 1.867312 1.949109 2.033608 2.120658 2.210060 2.301564 2.394867 2.489602 2.585397 2.681776 2.778008 2.873543 2.967738 3.059872 3.149181 3.234872 3.316137 3.392170 3.462183 3.525424 3.581279 3.629177 3.668194 3.697958 3.718175 3.728570 3.728970 3.719319 3.699597 3.669960 3.630840 3.582525 3.525449 3.460155 3.387278 3.307524 3.221659
0.6670993 0.6931182 0.7205652 0.7495230 0.7800773 0.8123181 0.8463384 0.8822367 0.9201148 0.9600785 1.002235 1.046695 1.093572 1.142982 1.195040 1.249861 1.307559 1.368244 1.432021 1.498988 1.569232 1.642826 1.719828 1.800274 1.884175 1.971513 2.062234 2.156239 2.253384 2.353471 2.456242 2.561365 2.668444 2.776944 2.886298 2.996047 3.105413 3.213575 3.319678 3.422817 3.522042 3.616385 3.704871 3.786543 3.860480 3.925725 3.981422 4.027266 4.062562 4.086765 4.099540 4.100686 4.090120 4.067970 4.034419 3.989595 3.934002 3.868216 3.792887 3.708769 3.616705 3.517616
0.6734912 0.7008190 0.7296884 0.7601918 0.7924262 0.8264932 0.8625005 0.9005600 0.9407896 0.9833111 1.028251 1.075739 1.125910 1.178903 1.234857 1.293913 1.356213 1.421896 1.491097 1.563946 1.640561 1.721051 1.805504 1.893992 1.986557 2.083209 2.183920 2.288615 2.397162 2.509372 2.624979 2.743646 2.864941 2.988402 3.113423 3.239096 3.364668 3.489254 3.611851 3.731378 3.846698 3.956638 4.060020 4.155684 4.242510 4.319556 4.385944 4.440443 4.482466 4.511549 4.527285 4.529421 4.517870 4.492620 4.453884 4.402209 4.338021 4.261935 4.174723 4.077279 3.970613 3.855825
0.6790103 0.7076967 0.7380449 0.7701584 0.8041468 0.8401256 0.8782161 0.9185479 0.9612553 1.006479 1.054366 1.105070 1.158750 1.215569 1.275697 1.339305 1.406565 1.477653 1.552740 1.631993 1.715572 1.803626 1.896286 1.993665 2.095847 2.202884 2.314783 2.431501 2.552935 2.678909 2.809167 2.943352 3.081010 3.221506 3.364132 3.508255 3.652857 3.796824 3.938967 4.077993 4.212531 4.341162 4.462448 4.574959 4.677318 4.768130 4.846145 4.910760 4.960990 4.996061 5.015481 5.018954 5.006358 4.977846 4.933666 4.874063 4.799714 4.711410 4.610072 4.496771 4.372709 4.239218
0.6834542 0.7135472 0.7454304 0.7792182 0.8150350 0.8530104 0.8932829 0.9359990 0.9813134 1.029387 1.080393 1.134507 1.191918 1.252819 1.317413 1.385905 1.458507 1.535434 1.616901 1.703121 1.794304 1.890649 1.992341 2.099545 2.212403 2.331015 2.455443 2.585691 2.721694 2.863309 3.010295 3.162306 3.318866 3.479423 3.643228 3.809158 3.976191 4.143109 4.308505 4.470827 4.628423 4.779555 4.922460 5.055382 5.176631 5.284734 5.378338 5.455741 5.516029 5.558482 5.582506 5.587734 5.574042 5.541435 5.490213 5.421079 5.334653 5.231805 5.113622 4.981374 4.836510 4.680621
0.6865965 0.7181442 0.7516168 0.7871437 0.8248624 0.8649202 0.9074731 0.9526880 1.000740 1.051816 1.106114 1.163840 1.225213 1.290462 1.359825 1.433552 1.511897 1.595124 1.683500 1.777292 1.876770 1.982196 2.093819 2.211874 2.336572 2.468084 2.606540 2.752009 2.904489 3.063883 3.229993 3.402481 3.580867 3.764436 3.952331 4.143713 4.337255 4.531447 4.724616 4.914900 5.100285 5.278644 5.447795 5.605556 5.749816 5.878479 5.989670 6.082313 6.154978 6.206556 6.236336 6.243895 6.229074 6.192061 6.133218 6.052941 5.952147 5.831931 5.693581 5.538615 5.368756 5.185937
0.6881633 0.7212112 0.7563279 0.7936556 0.8333498 0.8755745 0.9205067 0.9683339 1.019257 1.073489 1.131256 1.192799 1.258373 1.328244 1.402697 1.482025 1.566537 1.656550 1.752396 1.854406 1.962922 2.078280 2.200814 2.330842 2.468661 2.614537 2.768691 2.931282 3.102393 3.282006 3.469980 3.666031 3.869693 4.080367 4.297168 4.518733 4.743711 4.970431 5.196908 5.420899 5.639945 5.851419 6.052608 6.240790 6.413332 6.567892 6.702342 6.814255 6.902214 6.965120 7.002126 7.012728 6.996767 6.954302 6.885767 6.792073 6.674111 6.533089 6.370522 6.188200 5.988197 5.772830
0.6878371 0.7224301 0.7592418 0.7984319 0.8401726 0.8846484 0.9320573 0.9826113 1.036538 1.094080 1.155499 1.221069 1.291087 1.365865 1.445735 1.531048 1.622168 1.719483 1.823392 1.934309 2.052657 2.178867 2.313370 2.456591 2.608941 2.770798 2.942507 3.124346 3.316518 3.519116 3.732101 3.955258 4.188174 4.430119 4.680129 4.937156 5.199506 5.465154 5.731739 5.996556 6.256584 6.508567 6.749100 6.974746 7.182164 7.368089 7.529625 7.664920 7.771863 7.848874 7.894954 7.909543 7.892476 7.844035 7.764746 7.655234 7.516727 7.350713 7.158962 6.943592 6.707058 6.452179
