T2-onemodel/GL22.grd
DSAA
         100         100
  -20.00000       20.00000    
  -20.00000       20.00000    
 -4.1837427E-03   1.168179    
[rows 48 to 71 of 100, columns 0 to 52 of 100]
-1.7963514E-03 -1.0108744E-03 -1.5149183E-04 7.8899215E-04 1.8218494E-03 2.9568311E-03 4.2083766E-03 5.5896072E-03 7.1195532E-03 8.8158781E-03 1.0703616E-02 1.2806924E-02 1.5159084E-02 1.7793356E-02 2.0754628E-02 2.4088832E-02 2.7856560E-02 3.2121629E-02 3.6967009E-02 4.2480972E-02 4.8776984E-02 5.5977706E-02 6.4238273E-02 7.3727712E-02 8.4657550E-02 9.7258605E-02 0.1118167 0.1286425 0.1481164 0.1706498 0.1967403 0.2269204 0.2618291 0.3021469 0.3487031 0.4023647 0.4642140 0.5353811 0.6172189 0.7104751 0.8129693 0.9115925 0.9901182 1.047723 1.089674 1.120005 1.141257 1.155103 1.162522 1.164178 1.160325 1.151058 1.136125
-1.7826424E-03 -9.8811497E-04 -1.1713704E-04 8.3573646E-04 1.8842886E-03 3.0364597E-03 4.3094703E-03 5.7148975E-03 7.2746752E-03 9.0053882E-03 1.0935382E-02 1.3088047E-02 1.5500867E-02 1.8207056E-02 2.1256648E-02 2.4696747E-02 2.8594907E-02 3.3017803E-02 3.8057689E-02 4.3808732E-02 5.0397202E-02 5.7955880E-02 6.6657506E-02 7.6687455E-02 8.8281363E-02 0.1016939 0.1172427 0.1352716 0.1562011 0.1804851 0.2086688 0.2413377 0.2791889 0.3229680 0.3735542 0.4319175 0.4992089 0.5766733 0.6654874 0.7653313 0.8685519 0.9573029 1.023816 1.072624 1.108290 1.134036 1.151722 1.162669 1.167569 1.166902 1.160738 1.149027 1.131363
-1.7286178E-03 -9.2467142E-04 -4.6103207E-05 9.1927790E-04 1.9787229E-03 3.1477658E-03 4.4366792E-03 5.8653527E-03 7.4484013E-03 9.2116576E-03 1.1175905E-02 1.3375197E-02 1.5839020E-02 1.8613098E-02 2.1739477E-02 2.5280248E-02 2.9295078E-02 3.3869322E-02 3.9088257E-02 4.5069542E-02 5.1934343E-02 5.9845798E-02 6.8974838E-02 7.9546243E-02 9.1798171E-02 0.1060368 0.1225874 0.1418596 0.1642852 0.1904000 0.2207619 0.2560554 0.2969837 0.3444189 0.3992635 0.4626450 0.5357141 0.6198310 0.7155361 0.8195373 0.9168974 0.9931210 1.049376 1.090798 1.121208 1.142888 1.157417 1.165643 1.168179 1.165175 1.156697 1.142400 1.121875
-1.6329439E-03 -8.2321942E-04 6.2811967E-05 1.0363781E-03 2.1063003E-03 3.2870434E-03 4.5907884E-03 6.0362886E-03 7.6407976E-03 9.4288979E-03 1.1424520E-02 1.3660794E-02 1.6171345E-02 1.9001316E-02 2.2198424E-02 2.5824877E-02 2.9948385E-02 3.4655705E-02 4.0043734E-02 4.6233762E-02 5.3363934E-02 6.1604831E-02 7.1151875E-02 8.2242951E-02 9.5151171E-02 0.1102029 0.1277715 0.1482940 0.1722657 0.2002550 0.2328991 0.2709177 0.3151194 0.3664081 0.4258105 0.4944891 0.5737498 0.6646432 0.7663332 0.8691910 0.9553820 1.019816 1.067514 1.102811 1.128655 1.146795 1.158405 1.164125 1.164330 1.159070 1.148186 1.131253 1.107604
-1.4949447E-03 -6.8241026E-04 2.1015458E-04 1.1882175E-03 2.2671127E-03 3.4549662E-03 4.7713057E-03 6.2282127E-03 7.8507084E-03 9.6565755E-03 1.1678697E-02 1.3942913E-02 1.6493311E-02 1.9367576E-02 2.2625796E-02 2.6323056E-02 3.0542186E-02 3.5363622E-02 4.0903453E-02 4.7278784E-02 5.4652993E-02 6.3195929E-02 7.3137060E-02 8.4719405E-02 9.8262124E-02 0.1141046 0.1326814 0.1544517 0.1799884 0.2098897 0.2448875 0.2857351 0.3333500 0.3886801 0.4529086 0.5272246 0.6129661 0.7104260 0.8149346 0.9100556 0.9835039 1.038034 1.078575 1.108732 1.130579 1.145599 1.154536 1.157952 1.155921 1.148448 1.135120 1.115453 1.088493
-1.3138840E-03 -4.9813202E-04 3.9623221E-04 1.3789135E-03 2.4610583E-03 3.6557065E-03 4.9776393E-03 6.4445795E-03 8.0765607E-03 9.8976856E-03 1.1935572E-02 1.4223492E-02 1.6799960E-02 1.9711820E-02 2.3013378E-02 2.6771296E-02 3.1062819E-02 3.5983615E-02 4.1645169E-02 4.8185278E-02 5.5765022E-02 6.4583190E-02 7.4871443E-02 8.6913534E-02 0.1010379 0.1176414 0.1371764 0.1601806 0.1872533 0.2190948 0.2564675 0.3002552 0.3514096 0.4110462 0.4803403 0.5606645 0.6529198 0.7555781 0.8569728 0.9399466 1.001949 1.048199 1.082828 1.108513 1.126927 1.139103 1.145660 1.146861 1.142745 1.133049 1.117318 1.094754 1.064320
-1.0844271E-03 -2.6741097E-04 6.2641990E-04 1.6110981E-03 2.6934631E-03 3.8913174E-03 5.2148607E-03 6.6870120E-03 8.3230408E-03 1.0152856E-02 1.2199100E-02 1.4501628E-02 1.7093958E-02 2.0030735E-02 2.3361394E-02 2.7162099E-02 3.1506121E-02 3.6501139E-02 4.2256705E-02 4.8926607E-02 5.6673761E-02 6.5719731E-02 7.6304428E-02 8.8744894E-02 0.1033883 0.1206800 0.1411062 0.1652724 0.1938304 0.2275700 0.2673245 0.3140867 0.3688918 0.4329801 0.5076331 0.5941374 0.6924818 0.7963547 0.8882862 0.9585191 1.010964 1.050316 1.079945 1.101766 1.117159 1.126803 1.131198 1.130382 1.124294 1.112465 1.094314 1.068797 1.034661
-7.9966680E-04 1.4035848E-05 9.0768060E-04 1.8887529E-03 2.9712196E-03 4.1655349E-03 5.4897903E-03 6.9587892E-03 8.5967062E-03 1.0424650E-02 1.2475172E-02 1.4778597E-02 1.7379992E-02 2.0323427E-02 2.3672180E-02 2.7490946E-02 3.1869985E-02 3.6905259E-02 4.2727645E-02 4.9479987E-02 5.7353549E-02 6.6561237E-02 7.7382512E-02 9.0131104E-02 0.1052111 0.1230739 0.1442888 0.1694817 0.1994230 0.2349395 0.2770282 0.3267294 0.3852980 0.4539918 0.5342487 0.6268179 0.7292585 0.8279328 0.9069896 0.9661337 1.010561 1.044203 1.069482 1.088007 1.100685 1.108133 1.110533 1.107921 1.099951 1.086144 1.065567 1.037096 0.9989741
-4.5415375E-04 3.5539875E-04 1.2451333E-03 2.2214083E-03 3.2992496E-03 4.4879783E-03 5.8067706E-03 7.2695194E-03 8.9013595E-03 1.0722520E-02 1.2766651E-02 1.5063560E-02 1.7659362E-02 2.0598115E-02 2.3944344E-02 2.7763726E-02 3.2148380E-02 3.7196793E-02 4.3043230E-02 4.9836133E-02 5.7772994E-02 6.7078173E-02 7.8042977E-02 9.1003045E-02 0.1063851 0.1246807 0.1465004 0.1725412 0.2036447 0.2407562 0.2849814 0.3375364 0.3997897 0.4731863 0.5590024 0.6568424 0.7585357 0.8461383 0.9125509 0.9624132 1.000172 1.028934 1.050493 1.066109 1.076440 1.081922 1.082604 1.078378 1.068771 1.053101 1.030263 0.9987837 0.9565940
-3.9653361E-05 7.6580571E-04 1.6470888E-03 2.6180472E-03 3.6857023E-03 4.8675896E-03 6.1741252E-03 7.6280711E-03 9.2450213E-03 1.1055181E-02 1.3081400E-02 1.5364631E-02 1.7939230E-02 2.0861765E-02 2.4183631E-02 2.7985141E-02 3.2343857E-02 3.7375823E-02 4.3199524E-02 4.9985237E-02 5.7914425E-02 6.7240052E-02 7.8239158E-02 9.1287822E-02 0.1068042 0.1253420 0.1475184 0.1741320 0.2060656 0.2444367 0.2904529 0.3455980 0.4113773 0.4894236 0.5803775 0.6806704 0.7748953 0.8490306 0.9046192 0.9466613 0.9788545 1.003375 1.021751 1.034794 1.043116 1.046865 1.046105 1.040469 1.029495 1.012187 0.9873262 0.9529317 0.9065692
4.5546988E-04 1.2523830E-03 2.1254239E-03 3.0857523E-03 4.1428637E-03 5.3112926E-03 6.6042733E-03 8.0411462E-03 9.6407160E-03 1.1428910E-02 1.3432583E-02 1.5687691E-02 1.8233029E-02 2.1119250E-02 2.4403349E-02 2.8158294E-02 3.2468595E-02 3.7441645E-02 4.3204874E-02 4.9918540E-02 5.7776351E-02 6.7020401E-02 7.7945903E-02 9.0919048E-02 0.1063882 0.1249036 0.1471389 0.1739123 0.2062250 0.2452789 0.2925336 0.3496643 0.4185359 0.5006340 0.5952407 0.6922199 0.7737476 0.8352672 0.8817151 0.9172369 0.9446155 0.9655236 0.9810814 0.9919409 0.9984856 1.000822 0.9988365 0.9921538 0.9800872 0.9615757 0.9350039 0.8980919 0.8475916
1.0395172E-03 1.8249205E-03 2.6884910E-03 3.6343576E-03 4.6790526E-03 5.8292509E-03 7.1057472E-03 8.5192909E-03 1.0096777E-02 1.1854747E-02 1.3828812E-02 1.6044213E-02 1.8549331E-02 2.1382760E-02 2.4611821E-02 2.8295647E-02 3.2530028E-02 3.7406340E-02 4.3064326E-02 4.9645420E-02 5.7357106E-02 6.6419385E-02 7.7143639E-02 8.9870892E-02 0.1050710 0.1232693 0.1451766 0.1716036 0.2036405 0.2425623 0.2900798 0.3481634 0.4190936 0.5039634 0.5981510 0.6848868 0.7522442 0.8029864 0.8416918 0.8716980 0.8948994 0.9126900 0.9257845 0.9347730 0.9398068 0.9410031 0.9380761 0.9306704 0.9179268 0.8987287 0.8710986 0.8323218 0.7782415
1.7163247E-03 2.4914148E-03 3.3400741E-03 4.2724656E-03 5.2981162E-03 6.4304555E-03 7.6823728E-03 9.0720691E-03 1.0617386E-02 1.2343118E-02 1.4274367E-02 1.6445646E-02 1.8892922E-02 2.1665065E-02 2.4814449E-02 2.8411809E-02 3.2534532E-02 3.7286710E-02 4.2784948E-02 4.9184691E-02 5.6663323E-02 6.5455876E-02 7.5833663E-02 8.8153809E-02 0.1028317 0.1204118 0.1415331 0.1670406 0.1979498 0.2356504 0.2818852 0.3390743 0.4097168 0.4939649 0.5806208 0.6525133 0.7069561 0.7484881 0.7807049 0.8058989 0.8255470 0.8405660 0.8515853 0.8589215 0.8627613 0.8630235 0.8595175 0.8517122 0.8388622 0.8196092 0.7919924 0.7526031 0.6966825
2.4826997E-03 3.2452769E-03 4.0773950E-03 4.9934038E-03 5.9977979E-03 7.1084006E-03 8.3326576E-03 9.6932622E-03 1.1201902E-02 1.2888143E-02 1.4770065E-02 1.6886866E-02 1.9266427E-02 2.1962147E-02 2.5016755E-02 2.8504731E-02 3.2491613E-02 3.7083838E-02 4.2382579E-02 4.8542682E-02 5.5720359E-02 6.4144418E-02 7.4055485E-02 8.5793711E-02 9.9727817E-02 0.1163656 0.1362730 0.1602234 0.1891201 0.2242316 0.2671783 0.3203012 0.3861308 0.4624046 0.5339453 0.5902823 0.6336423 0.6673781 0.6940575 0.7151097 0.7316658 0.7442927 0.7535110 0.7594699 0.7623336 0.7619387 0.7581162 0.7503127 0.7378496 0.7194191 0.6931186 0.6555347 0.6015779
3.3065251E-03 4.0527643E-03 4.8686680E-03 5.7636937E-03 6.7467298E-03 7.8300480E-03 9.0258103E-03 1.0350320E-02 1.1820503E-02 1.3458221E-02 1.5287240E-02 1.7337698E-02 1.9643240E-02 2.2246229E-02 2.5195125E-02 2.8550403E-02 3.2382891E-02 3.6780346E-02 4.1847561E-02 4.7713578E-02 5.4534134E-02 6.2500291E-02 7.1843676E-02 8.2845725E-02 9.5848523E-02 0.1112628 0.1295899 0.1514289 0.1775268 0.2087901 0.2464015 0.2917334 0.3458168 0.4046288 0.4575485 0.5002223 0.5342546 0.5615009 0.5834174 0.6009515 0.6147978 0.6253940 0.6330418 0.6378853 0.6399596 0.6391649 0.6352628 0.6278434 0.6162379 0.5994517 0.5758806 0.5431050 0.4978435
4.1121384E-03 4.8413095E-03 5.6383670E-03 6.5112882E-03 7.4696587E-03 8.5240034E-03 9.6870018E-03 1.0972949E-02 1.2398943E-02 1.3984480E-02 1.5752964E-02 1.7731391E-02 1.9952355E-02 2.2453889E-02 2.5282016E-02 2.8491003E-02 3.2146785E-02 3.6327705E-02 4.1129339E-02 4.6665519E-02 5.3075023E-02 6.0523279E-02 6.9210351E-02 7.9372942E-02 9.1293737E-02 0.1053015 0.1217813 0.1411699 0.1639629 0.1906892 0.2218677 0.2577706 0.2977161 0.3386319 0.3761039 0.4080282 0.4345611 0.4564337 0.4743517 0.4888714 0.5004069 0.5092486 0.5155812 0.5194952 0.5209878 0.5199630 0.5162131 0.5094032 0.4990321 0.4843869 0.4644731 0.4380847 0.4044512
4.8338473E-03 5.5448394E-03 6.3211741E-03 7.1705105E-03 8.1017893E-03 9.1250855E-03 1.0252212E-02 1.1496708E-02 1.2874440E-02 1.4403720E-02 1.6106116E-02 1.8006774E-02 2.0135498E-02 2.2527242E-02 2.5223721E-02 2.8274175E-02 3.1737465E-02 3.5683531E-02 4.0196128E-02 4.5374665E-02 5.1337775E-02 5.8225513E-02 6.6202894E-02 7.5461447E-02 8.6221434E-02 9.8729528E-02 0.1132562 0.1300825 0.1494806 0.1716644 0.1966994 0.2243076 0.2535782 0.2827879 0.3099967 0.3340879 0.3548070 0.3723233 0.3869264 0.3988994 0.4084744 0.4158235 0.4210545 0.4242142 0.4252828 0.4241742 0.4207251 0.4146897 0.4057201 0.3933779 0.3771609 0.3566639 0.3319829
5.4490557E-03 6.1406475E-03 6.8948842E-03 7.7190395E-03 8.6214449E-03 9.6116196E-03 1.0700542E-02 1.1900892E-02 1.3227261E-02 1.4696639E-02 1.6328804E-02 1.8146796E-02 2.0177603E-02 2.2452917E-02 2.5009993E-02 2.7892750E-02 3.1152884E-02 3.4851544E-02 3.9060637E-02 4.3864701E-02 4.9362559E-02 5.5668924E-02 6.2915146E-02 7.1249507E-02 8.0834948E-02 9.1844685E-02 0.1044524 0.1188160 0.1350494 0.1531786 0.1730703 0.1943424 0.2162801 0.2379158 0.2583143 0.2768052 0.2930932 0.3071394 0.3190272 0.3288762 0.3368022 0.3428947 0.3472103 0.3497649 0.3505332 0.3494426 0.3463736 0.3411548 0.3335765 0.3234000 0.3104177 0.2945672 0.2761325
5.9573757E-03 6.6284910E-03 7.3594544E-03 8.1570772E-03 9.0291454E-03 9.9844923E-03 1.1033332E-02 1.2187323E-02 1.3459909E-02 1.4866611E-02 1.6425427E-02 1.8157160E-02 2.0086080E-02 2.2240384E-02 2.4653072E-02 2.7362503E-02 3.0413531E-02 3.3858363E-02 3.7757747E-02 4.2181641E-02 4.7210515E-02 5.2935235E-02 5.9457164E-02 6.6886112E-02 7.5337283E-02 8.4924035E-02 9.5748246E-02 0.1078830 0.1213505 0.1360893 0.1519195 0.1685080 0.1853779 0.2019505 0.2176541 0.2320830 0.2449991 0.2563046 0.2659887 0.2740844 0.2806352 0.2856800 0.2892395 0.2913133 0.2918734 0.2908652 0.2882052 0.2837883 0.2774902 0.2692002 0.2588587 0.2465256 0.2324432
6.3672219E-03 7.0169950E-03 7.7237091E-03 8.4937345E-03 9.3342485E-03 1.0253473E-02 1.1260736E-02 1.2366761E-02 1.3583777E-02 1.4925877E-02 1.6409194E-02 1.8052420E-02 1.9877024E-02 2.1907892E-02 2.4173720E-02 2.6707685E-02 2.9547924E-02 3.2738395E-02 3.6329199E-02 4.0377248E-02 4.4946164E-02 5.0106302E-02 5.5933096E-02 6.2505141E-02 6.9899634E-02 7.8186236E-02 8.7417170E-02 9.7614966E-02 0.1087553 0.1207500 0.1334291 0.1465356 0.1597308 0.1726487 0.1849588 0.1963757 0.2067091 0.2158524 0.2237590 0.2304169 0.2358307 0.2400070 0.2429470 0.2446391 0.2450587 0.2441643 0.2419018 0.2382063 0.2330203 0.2263024 0.2180599 0.2083819 0.1974777
6.6893683E-03 7.3170755E-03 7.9987999E-03 8.7403720E-03 9.5484788E-03 1.0430592E-02 1.1395281E-02 1.2452248E-02 1.3612574E-02 1.4888880E-02 1.6295604E-02 1.7849222E-02 1.9568682E-02 2.1475535E-02 2.3594551E-02 2.5953883E-02 2.8585611E-02 3.1525981E-02 3.4815773E-02 3.8500097E-02 4.2628460E-02 4.7253601E-02 5.2430313E-02 5.8212463E-02 6.4649545E-02 7.1780398E-02 7.9626627E-02 8.8182457E-02 9.7405724E-02 0.1072071 0.1174458 0.1279291 0.1384322 0.1487079 0.1585099 0.1676503 0.1759858 0.1834203 0.1898956 0.1953806 0.1998587 0.2033200 0.2057533 0.2071437 0.2074687 0.2066999 0.2048035 0.2017474 0.1975034 0.1920680 0.1854753 0.1778148 0.1692343
6.9352528E-03 7.5403936E-03 8.1965541E-03 8.9091267E-03 9.6841948E-03 1.0528603E-02 1.1450095E-02 1.2457438E-02 1.3560551E-02 1.4770676E-02 1.6100571E-02 1.7564705E-02 1.9179467E-02 2.0963486E-02 2.2937756E-02 2.5125973E-02 2.7554616E-02 3.0253259E-02 3.3254374E-02 3.6593255E-02 4.0307377E-02 4.4435579E-02 4.9016245E-02 5.4085143E-02 5.9671745E-02 6.5795206E-02 7.2458521E-02 7.9643004E-02 8.7301686E-02 9.5355786E-02 0.1036919 0.1121668 0.1206108 0.1288535 0.1367434 0.1441332 0.1509088 0.1569867 0.1623098 0.1668397 0.1705512 0.1734252 0.1754458 0.1765962 0.1768584 0.1762118 0.1746369 0.1721166 0.1686488 0.1642463 0.1589503 0.1528380 0.1460339
7.1154656E-03 7.6976777E-03 8.3279377E-03 9.0111485E-03 9.7528752E-03 1.0559291E-02 1.1437383E-02 1.2394986E-02 1.3440946E-02 1.4585167E-02 1.5838845E-02 1.7214522E-02 1.8726345E-02 2.0390110E-02 2.2223515E-02 2.4246184E-02 2.6479788E-02 2.8947985E-02 3.1676371E-02 3.4691907E-02 3.8022596E-02 4.1696154E-02 4.5738842E-02 5.0173070E-02 5.5015117E-02 6.0271360E-02 6.5935150E-02 7.1982287E-02 7.8368619E-02 8.5027054E-02 9.1869242E-02 9.8787360E-02 0.1056659 0.1123799 0.1188004 0.1248271 0.1303730 0.1353691 0.1397629 0.1435160 0.1465999 0.1489930 0.1506771 0.1516365 0.1518557 0.1513218 0.1500241 0.1479592 0.1451297 0.1415561 0.1372795 0.1323654 0.1268992
7.2397678E-03 7.7988682E-03 8.4030470E-03 9.0567926E-03 9.7651063E-03 1.0533565E-02 1.1368404E-02 1.2276612E-02 1.3265968E-02 1.4345176E-02 1.5523942E-02 1.6813101E-02 1.8224662E-02 1.9771989E-02 2.1469772E-02 2.3334127E-02 2.5382504E-02 2.7633678E-02 3.0107394E-02 3.2824058E-02 3.5804003E-02 3.9066684E-02 4.2629212E-02 4.6504937E-02 5.0701145E-02 5.5216979E-02 6.0040671E-02 6.5147601E-02 7.0498005E-02 7.6037042E-02 8.1694603E-02 8.7389044E-02 9.3026780E-02 9.8517194E-02 0.1037809 0.1087328 0.1133019 0.1174306 0.1210732 0.1241936 0.1267644 0.1287634 0.1301733 0.1309789 0.1311688 0.1307333 0.1296675 0.1279713 0.1256572 0.1227467 0.1192761 0.1152982 0.1108878
