T2-onemodel/GL22.grd
DSAA
         100         100
  -20.00000       20.00000    
  -20.00000       20.00000    
 -4.1837427E-03   1.168179    
[rows 24 to 47 of 100, columns 0 to 52 of 100]
6.2623648E-03 6.6214539E-03 7.0023830E-03 7.4066045E-03 7.8357039E-03 8.2913581E-03 8.7753776E-03 9.2896633E-03 9.8362649E-03 1.0417339E-02 1.1035214E-02 1.1692314E-02 1.2391249E-02 1.3134752E-02 1.3925729E-02 1.4767215E-02 1.5662393E-02 1.6614597E-02 1.7627275E-02 1.8703982E-02 1.9848377E-02 2.1064166E-02 2.2355070E-02 2.3724765E-02 2.5176831E-02 2.6714629E-02 2.8341221E-02 3.0059218E-02 3.1870589E-02 3.3776544E-02 3.5777159E-02 3.7871223E-02 4.0055025E-02 4.2324182E-02 4.4673480E-02 4.7092073E-02 4.9567174E-02 5.2082743E-02 5.4619730E-02 5.7155427E-02 5.9664361E-02 6.2118046E-02 6.4486288E-02 6.6737391E-02 6.8839900E-02 7.0762902E-02 7.2476722E-02 7.3953219E-02 7.5177260E-02 7.6131016E-02 7.6798573E-02 7.7171147E-02 7.7244535E-02
6.2590800E-03 6.6350317E-03 7.0343977E-03 7.4588018E-03 7.9100151E-03 8.3899079E-03 8.9004971E-03 9.4439415E-03 1.0022546E-02 1.0638773E-02 1.1295262E-02 1.1994812E-02 1.2740434E-02 1.3535299E-02 1.4382793E-02 1.5286498E-02 1.6250184E-02 1.7277826E-02 1.8373603E-02 1.9541845E-02 2.0787075E-02 2.2113917E-02 2.3527125E-02 2.5031470E-02 2.6631707E-02 2.8332436E-02 3.0138092E-02 3.2052599E-02 3.4079421E-02 3.6221076E-02 3.8479142E-02 4.0853631E-02 4.3343697E-02 4.5944881E-02 4.8648473E-02 5.1445577E-02 5.4322645E-02 5.7261974E-02 6.0241230E-02 6.3233845E-02 6.6208698E-02 6.9131054E-02 7.1962923E-02 7.4664712E-02 7.7196181E-02 7.9518542E-02 8.1596747E-02 8.3401255E-02 8.4897518E-02 8.6064078E-02 8.6887777E-02 8.7357931E-02 8.7468378E-02
6.2306388E-03 6.6239396E-03 7.0423372E-03 7.4876114E-03 7.9617323E-03 8.4667839E-03 9.0050232E-03 9.5788669E-03 1.0190927E-02 1.0843985E-02 1.1541051E-02 1.2285314E-02 1.3080240E-02 1.3929494E-02 1.4837028E-02 1.5807010E-02 1.6843906E-02 1.7952427E-02 1.9137593E-02 2.0404639E-02 2.1759097E-02 2.3206713E-02 2.4753444E-02 2.6405394E-02 2.8168770E-02 3.0049745E-02 3.2054394E-02 3.4188483E-02 3.6457229E-02 3.8865183E-02 4.1415647E-02 4.4110451E-02 4.6948526E-02 4.9927562E-02 5.3043630E-02 5.6285705E-02 5.9639268E-02 6.3084476E-02 6.6596068E-02 7.0142403E-02 7.3686190E-02 7.7184245E-02 8.0589220E-02 8.3850436E-02 8.6916611E-02 8.9737132E-02 9.2263967E-02 9.4452806E-02 9.6277200E-02 9.7710125E-02 9.8729528E-02 9.9323802E-02 9.9488266E-02
6.1719245E-03 6.5830718E-03 7.0210388E-03 7.4878344E-03 7.9856357E-03 8.5167512E-03 9.0836892E-03 9.6891746E-03 1.0336122E-02 1.1027698E-02 1.1767291E-02 1.2558565E-02 1.3405455E-02 1.4312212E-02 1.5283382E-02 1.6323851E-02 1.7438831E-02 1.8633913E-02 1.9915052E-02 2.1288566E-02 2.2761153E-02 2.4339870E-02 2.6032124E-02 2.7845629E-02 2.9788334E-02 3.1868350E-02 3.4093853E-02 3.6472831E-02 3.9012983E-02 4.1721277E-02 4.4603769E-02 4.7664884E-02 5.0907943E-02 5.4332010E-02 5.7930816E-02 6.1696775E-02 6.5615542E-02 6.9666177E-02 7.3819920E-02 7.8040093E-02 8.2281433E-02 8.6490937E-02 9.0608507E-02 9.4569571E-02 9.8307185E-02 0.1017561 0.1048568 0.1075592 0.1098109 0.1115793 0.1128454 0.1135963 0.1138264
6.0771867E-03 6.5065962E-03 6.9646849E-03 7.4536274E-03 7.9758437E-03 8.5338904E-03 9.1305701E-03 9.7688967E-03 1.0452184E-02 1.1183937E-02 1.1968044E-02 1.2808620E-02 1.3710193E-02 1.4677593E-02 1.5716109E-02 1.6831379E-02 1.8029496E-02 1.9317023E-02 2.0701027E-02 2.2189023E-02 2.3789117E-02 2.5509886E-02 2.7360445E-02 2.9350415E-02 3.1489883E-02 3.3789292E-02 3.6259416E-02 3.8911089E-02 4.1755050E-02 4.4801638E-02 4.8060231E-02 5.1538844E-02 5.5242389E-02 5.9174176E-02 6.3335113E-02 6.7717299E-02 7.2307222E-02 7.7082999E-02 8.2013376E-02 8.7055817E-02 9.2156507E-02 9.7249672E-02 0.1022597 0.1071026 0.1116908 0.1159371 0.1197587 0.1230819 0.1258602 0.1280526 0.1296298 0.1305794 0.1308999
5.9393924E-03 6.3874847E-03 6.8661720E-03 7.3778606E-03 7.9251910E-03 8.5110134E-03 9.1384165E-03 9.8107858E-03 1.0531779E-02 1.1305395E-02 1.2135950E-02 1.3028144E-02 1.3987093E-02 1.5018354E-02 1.6127959E-02 1.7322440E-02 1.8608876E-02 1.9994941E-02 2.1488933E-02 2.3099812E-02 2.4837235E-02 2.6711585E-02 2.8733982E-02 3.0916300E-02 3.3271175E-02 3.5811882E-02 3.8552381E-02 4.1506980E-02 4.4690344E-02 4.8116989E-02 5.1801033E-02 5.5755325E-02 5.9991851E-02 6.4518049E-02 6.9335207E-02 7.4442044E-02 7.9828218E-02 8.5473165E-02 9.1343664E-02 9.7392276E-02 0.1035552 0.1097521 0.1158869 0.1218508 0.1275266 0.1327977 0.1375561 0.1417115 0.1451797 0.1479114 0.1498824 0.1510825 0.1515136
5.7506710E-03 6.2178154E-03 6.7175576E-03 7.2525297E-03 7.8256456E-03 8.4400196E-03 9.0991110E-03 9.8066479E-03 1.0566726E-02 1.1383804E-02 1.2262740E-02 1.3208833E-02 1.4227876E-02 1.5326194E-02 1.6510691E-02 1.7788865E-02 1.9168897E-02 2.0659739E-02 2.2271108E-02 2.4013545E-02 2.5898561E-02 2.7938569E-02 3.0147063E-02 3.2538556E-02 3.5128683E-02 3.7934128E-02 4.0972658E-02 4.4262942E-02 4.7824413E-02 5.1677015E-02 5.5840634E-02 6.0334537E-02 6.5175436E-02 7.0378780E-02 7.5957440E-02 8.1914105E-02 8.8243738E-02 9.4929077E-02 0.1019379 0.1092188 0.1166987 0.1242803 0.1318428 0.1392435 0.1463254 0.1529265 0.1588918 0.1640867 0.1684257 0.1718466 0.1743161 0.1758319 0.1764084
5.5017620E-03 5.9882817E-03 6.5094680E-03 7.0682131E-03 7.6677036E-03 8.3113834E-03 9.0030367E-03 9.7468300E-03 1.0547288E-02 1.1409399E-02 1.2338576E-02 1.3340814E-02 1.4422622E-02 1.5591191E-02 1.6854361E-02 1.8220754E-02 1.9699764E-02 2.1301763E-02 2.3038048E-02 2.4921022E-02 2.6964236E-02 2.9182516E-02 3.1592019E-02 3.4210384E-02 3.7056763E-02 4.0151842E-02 4.3518003E-02 4.7179095E-02 5.1160529E-02 5.5488855E-02 6.0191587E-02 6.5296344E-02 7.0831127E-02 7.6820247E-02 8.3282106E-02 9.0232432E-02 9.7675979E-02 0.1056038 0.1139880 0.1227776 0.1318917 0.1412167 0.1506019 0.1598619 0.1687831 0.1771386 0.1847119 0.1913211 0.1968170 0.2011249 0.2042270 0.2061367 0.2068876
5.1826104E-03 5.6887739E-03 6.2317532E-03 6.8147057E-03 7.4411212E-03 8.1147570E-03 8.8398093E-03 9.6208639E-03 1.0462932E-02 1.1371551E-02 1.2352804E-02 1.3413336E-02 1.4560560E-02 1.5802503E-02 1.7148139E-02 1.8607266E-02 2.0190656E-02 2.1910250E-02 2.3779185E-02 2.5811855E-02 2.8024241E-02 3.0433808E-02 3.3059880E-02 3.5923623E-02 3.9048303E-02 4.2459317E-02 4.6184488E-02 5.0253887E-02 5.4700069E-02 5.9557807E-02 6.4863831E-02 7.0656247E-02 7.6972656E-02 8.3851360E-02 9.1329776E-02 9.9435546E-02 0.1081882 0.1175923 0.1276321 0.1382626 0.1494026 0.1609245 0.1726480 0.1843350 0.1956952 0.2064022 0.2161251 0.2245762 0.2315770 0.2370339 0.2409359 0.2433334 0.2443003
4.7822571E-03 5.3082616E-03 5.8733122E-03 6.4808396E-03 7.1346136E-03 7.8388182E-03 8.5979961E-03 9.4172293E-03 1.0302037E-02 1.1258562E-02 1.2293579E-02 1.3414530E-02 1.4629636E-02 1.5948070E-02 1.7379871E-02 1.8936211E-02 2.0629374E-02 2.2473082E-02 2.4482427E-02 2.6674177E-02 2.9066892E-02 3.1681214E-02 3.4539908E-02 3.7668284E-02 4.1094277E-02 4.4848822E-02 4.8966039E-02 5.3483386E-02 5.8441911E-02 6.3886270E-02 6.9864683E-02 7.6428384E-02 8.3632238E-02 9.1530509E-02 0.1001744 0.1096155 0.1198953 0.1310416 0.1430597 0.1559233 0.1695617 0.1838463 0.1985738 0.2134524 0.2280937 0.2420249 0.2547400 0.2657886 0.2748447 0.2818007 0.2867102 0.2896987 0.2909090
4.2904387E-03 4.8364261E-03 5.4237517E-03 6.0560992E-03 6.7376476E-03 7.4728942E-03 8.2668457E-03 9.1250418E-03 1.0053632E-02 1.1059353E-02 1.2149722E-02 1.3333010E-02 1.4618477E-02 1.6016318E-02 1.7537912E-02 1.9195840E-02 2.1004152E-02 2.2978397E-02 2.5136016E-02 2.7496256E-02 3.0080764E-02 3.2913510E-02 3.6021356E-02 3.9434176E-02 4.3185428E-02 4.7312193E-02 5.1856022E-02 5.6862887E-02 6.2383886E-02 6.8475351E-02 7.5199045E-02 8.2621984E-02 9.0815142E-02 9.9854968E-02 0.1098223 0.1207929 0.1328388 0.1460205 0.1603789 0.1759225 0.1926132 0.2103447 0.2289177 0.2480055 0.2671184 0.2855789 0.3025543 0.3172242 0.3290806 0.3380013 0.3441595 0.3478424 0.3493204
3.6990200E-03 4.2650467E-03 4.8747454E-03 5.5321464E-03 6.2417211E-03 7.0084049E-03 7.8376289E-03 8.7354928E-03 9.7087324E-03 1.0764777E-02 1.1911932E-02 1.3159406E-02 1.4517472E-02 1.5997533E-02 1.7612362E-02 1.9376192E-02 2.1304820E-02 2.3416037E-02 2.5729693E-02 2.8267939E-02 3.1055672E-02 3.4120820E-02 3.7494663E-02 4.1212346E-02 4.5313403E-02 4.9842112E-02 5.4848421E-02 6.0388111E-02 6.6523887E-02 7.3325634E-02 8.0871329E-02 8.9246869E-02 9.8547786E-02 0.1088754 0.1203354 0.1330415 0.1471066 0.1626373 0.1797260 0.1984391 0.2188004 0.2407682 0.2642010 0.2888039 0.3140452 0.3390342 0.3624305 0.3826356 0.3985082 0.4099878 0.4176424 0.4220919 0.4238183
3.0087747E-03 3.5947827E-03 4.2269384E-03 4.9094148E-03 5.6472193E-03 6.4455462E-03 7.3105050E-03 8.2485285E-03 9.2672063E-03 1.0374499E-02 1.1579771E-02 1.2892978E-02 1.4325756E-02 1.5890600E-02 1.7602010E-02 1.9475719E-02 2.1529833E-02 2.3784179E-02 2.6261602E-02 2.8987167E-02 3.1989750E-02 3.5301231E-02 3.8958229E-02 4.3001443E-02 4.7477618E-02 5.2438710E-02 5.7944559E-02 6.4061716E-02 7.0866533E-02 7.8444071E-02 8.6891122E-02 9.6314825E-02 0.1068346 0.1185828 0.1317075 0.1463607 0.1627059 0.1809073 0.2011287 0.2235171 0.2481982 0.2752467 0.3046677 0.3363245 0.3698365 0.4042869 0.4376920 0.4665800 0.4881933 0.5028548 0.5121611 0.5173697 0.5192791
2.2426618E-03 2.8484857E-03 3.5031086E-03 4.2105727E-03 4.9767285E-03 5.8067665E-03 6.7077498E-03 7.6862359E-03 8.7509919E-03 9.9101858E-03 1.1174740E-02 1.2554980E-02 1.4064421E-02 1.5716266E-02 1.7527428E-02 1.9514672E-02 2.1699244E-02 2.4102498E-02 2.6751433E-02 2.9673329E-02 3.2902449E-02 3.6473993E-02 4.0431701E-02 4.4821084E-02 4.9698446E-02 5.5122606E-02 6.1166473E-02 6.7906454E-02 7.5436704E-02 8.3856620E-02 9.3287684E-02 0.1038578 0.1157231 0.1290447 0.1440122 0.1608239 0.1797104 0.2008984 0.2246479 0.2512006 0.2808316 0.3137735 0.3502913 0.3905418 0.4346165 0.4819832 0.5303957 0.5725464 0.6015095 0.6195008 0.6303324 0.6361493 0.6380777
1.4669476E-03 2.0919438E-03 2.7693047E-03 3.5010863E-03 4.2960062E-03 5.1572034E-03 6.0948664E-03 7.1133911E-03 8.2251811E-03 9.4362507E-03 1.0761549E-02 1.2209255E-02 1.3797638E-02 1.5537823E-02 1.7452169E-02 1.9555703E-02 2.1875998E-02 2.4433091E-02 2.7261576E-02 3.0387899E-02 3.3855706E-02 3.7700318E-02 4.1976895E-02 4.6732549E-02 5.2038100E-02 5.7955991E-02 6.4577639E-02 7.1986206E-02 8.0300115E-02 8.9630075E-02 0.1001296 0.1119444 0.1252712 0.1402996 0.1572843 0.1764612 0.1981421 0.2226163 0.2502618 0.2814221 0.3165577 0.3560880 0.4006066 0.4506504 0.5068951 0.5691583 0.6335156 0.6866360 0.7205110 0.7407680 0.7525473 0.7586610 0.7603619
7.5511308E-04 1.3999679E-03 2.0986765E-03 2.8556499E-03 3.6779926E-03 4.5713042E-03 5.5442429E-03 6.6041672E-03 7.7617271E-03 9.0263914E-03 1.0411410E-02 1.1929081E-02 1.3595876E-02 1.5427932E-02 1.7445929E-02 1.9670859E-02 2.2128902E-02 2.4847310E-02 2.7859701E-02 3.1201670E-02 3.4916379E-02 3.9050505E-02 4.3659996E-02 4.8806444E-02 5.4562729E-02 6.1010171E-02 6.8244711E-02 7.6374203E-02 8.5524917E-02 9.5840454E-02 0.1074873 0.1206554 0.1355643 0.1524624 0.1716276 0.1933823 0.2180829 0.2461355 0.2779865 0.3141551 0.3552189 0.4018869 0.4549664 0.5154641 0.5841423 0.6599184 0.7328859 0.7871327 0.8211666 0.8418164 0.8537754 0.8596866 0.8608968
1.4025030E-04 8.0511940E-04 1.5241898E-03 2.3065507E-03 3.1552138E-03 4.0809833E-03 5.0882222E-03 6.1899773E-03 7.3924637E-03 8.7114414E-03 1.0155690E-02 1.1744517E-02 1.3489875E-02 1.5415825E-02 1.7538624E-02 1.9888332E-02 2.2486888E-02 2.5372203E-02 2.8574090E-02 3.2140587E-02 3.6111839E-02 4.0549617E-02 4.5508049E-02 5.1066931E-02 5.7299379E-02 6.4309418E-02 7.2195873E-02 8.1095494E-02 9.1141477E-02 0.1025145 0.1153938 0.1300173 0.1466229 0.1655228 0.1870349 0.2115600 0.2395048 0.2713866 0.3077319 0.3492199 0.3965631 0.4507108 0.5126793 0.5836636 0.6638494 0.7481120 0.8201160 0.8697636 0.9015523 0.9211816 0.9325782 0.9378076 0.9382196
-3.7171447E-04 3.1056919E-04 1.0515543E-03 1.8565528E-03 2.7332322E-03 3.6885107E-03 4.7319485E-03 5.8724624E-03 7.1221259E-03 8.4923701E-03 9.9986009E-03 1.1655655E-02 1.3483123E-02 1.5500439E-02 1.7732870E-02 2.0205790E-02 2.2951685E-02 2.6004037E-02 2.9405292E-02 3.3199307E-02 3.7441749E-02 4.2190861E-02 4.7519851E-02 5.3506158E-02 6.0246792E-02 6.7845315E-02 7.6430842E-02 8.6142175E-02 9.7151667E-02 0.1096457 0.1238546 0.1400272 0.1584706 0.1795133 0.2035528 0.2310200 0.2624376 0.2983612 0.3394778 0.3865253 0.4404512 0.5022805 0.5732982 0.6543117 0.7435156 0.8286029 0.8934337 0.9371759 0.9657312 0.9836685 0.9938539 0.9980665 0.9972987
-7.8818621E-04 -8.8711982E-05 6.7307771E-04 1.5004321E-03 2.4038970E-03 3.3884065E-03 4.4667679E-03 5.6458628E-03 6.9413278E-03 8.3628343E-03 9.9298116E-03 1.1655494E-02 1.3564144E-02 1.5674021E-02 1.8015832E-02 2.0614412E-02 2.3508830E-02 2.6732802E-02 3.0336915E-02 3.4366645E-02 3.8887683E-02 4.3961890E-02 4.9675088E-02 5.6111153E-02 6.3383304E-02 7.1605228E-02 8.0927186E-02 9.1503397E-02 0.1035337 0.1172271 0.1328493 0.1506810 0.1710719 0.1943960 0.2211164 0.2517196 0.2868024 0.3270042 0.3731107 0.4259852 0.4867018 0.5564405 0.6363996 0.7264258 0.8195045 0.8981251 0.9541180 0.9922091 1.017381 1.033225 1.041841 1.044689 1.042500
-1.1193446E-03 -4.0155347E-04 3.7821865E-04 1.2289778E-03 2.1562711E-03 3.1711936E-03 4.2811646E-03 5.5000731E-03 6.8379063E-03 8.3121341E-03 9.9362843E-03 1.1732391E-02 1.3718771E-02 1.5923774E-02 1.8371955E-02 2.1100026E-02 2.4140958E-02 2.7542584E-02 3.1349696E-02 3.5624757E-02 4.0428277E-02 4.5842919E-02 5.1950432E-02 5.8860514E-02 6.6684037E-02 7.5566962E-02 8.5659847E-02 9.7157732E-02 0.1102640 0.1252396 0.1423582 0.1619662 0.1844295 0.2102034 0.2397606 0.2736984 0.3126361 0.3573542 0.4086692 0.4676383 0.5353609 0.6131800 0.7017118 0.7980514 0.8878430 0.9562490 1.004162 1.037003 1.058901 1.072403 1.079257 1.080438 1.076625
-1.3736706E-03 -6.3979486E-04 1.5827897E-04 1.0300416E-03 1.9814181E-03 3.0240002E-03 4.1658790E-03 5.4215398E-03 6.8021086E-03 8.3257053E-03 1.0007519E-02 1.1870637E-02 1.3935636E-02 1.6232317E-02 1.8788572E-02 2.1643197E-02 2.4833951E-02 2.8411571E-02 3.2427534E-02 3.6948852E-02 4.2045332E-02 4.7806047E-02 5.4325730E-02 6.1723314E-02 7.0127539E-02 7.9697378E-02 9.0607598E-02 0.1030711 0.1173240 0.1336508 0.1523680 0.1738522 0.1985210 0.2268682 0.2594465 0.2968913 0.3399180 0.3893581 0.4461673 0.5114567 0.5864886 0.6723464 0.7683745 0.8655441 0.9460495 1.004221 1.045139 1.073372 1.092097 1.103232 1.108114 1.107480 1.101796
-1.5605302E-03 -8.1301102E-04 3.7022967E-06 8.9369388E-04 1.8693145E-03 2.9365236E-03 4.1103344E-03 5.3993808E-03 6.8225716E-03 8.3919112E-03 1.0131215E-02 1.2057424E-02 1.4200977E-02 1.6585469E-02 1.9250136E-02 2.2227870E-02 2.5569811E-02 2.9321162E-02 3.3549733E-02 3.8317665E-02 4.3714747E-02 4.9826857E-02 5.6773409E-02 6.4672157E-02 7.3683053E-02 8.3966963E-02 9.5737733E-02 0.1092141 0.1246814 0.1424341 0.1628505 0.1863215 0.2133447 0.2444302 0.2802153 0.3213639 0.3687102 0.4231207 0.4857073 0.5576129 0.6401678 0.7337400 0.8340829 0.9251744 0.9941760 1.043558 1.078422 1.102550 1.118193 1.126971 1.129741 1.127161 1.119388
-1.6897426E-03 -9.2766131E-04 -9.5818483E-05 8.1328739E-04 1.8092444E-03 2.9017455E-03 4.1030678E-03 5.4261601E-03 6.8869069E-03 8.5025001E-03 1.0293726E-02 1.2283570E-02 1.4499534E-02 1.6972527E-02 1.9739242E-02 2.2841468E-02 2.6328217E-02 3.0256366E-02 3.4692198E-02 3.9712872E-02 4.5408186E-02 5.1883355E-02 5.9260070E-02 6.7681439E-02 7.7312492E-02 8.8347137E-02 0.1010083 0.1155574 0.1322926 0.1515635 0.1737642 0.1993548 0.2288467 0.2628387 0.3019956 0.3470888 0.3989714 0.4586681 0.5273007 0.6061869 0.6962561 0.7961920 0.8949006 0.9750240 1.033416 1.075341 1.105072 1.125450 1.138245 1.144609 1.145250 1.140532 1.130566
-1.7670778E-03 -9.9146296E-04 -1.4622443E-04 7.8071031E-04 1.7948378E-03 2.9110191E-03 4.1373470E-03 5.4923450E-03 6.9877207E-03 8.6469809E-03 1.0486707E-02 1.2537072E-02 1.4821537E-02 1.7379591E-02 2.0244138E-02 2.3467196E-02 2.7094923E-02 3.1196609E-02 3.5837192E-02 4.1109245E-02 4.7103357E-02 5.3944543E-02 6.1758444E-02 7.0713602E-02 8.0983281E-02 9.2794180E-02 0.1063830 0.1220525 0.1401208 0.1609888 0.1850771 0.2129077 0.2450287 0.2821105 0.3248494 0.3741127 0.4308139 0.4960921 0.5711367 0.6572195 0.7544078 0.8568635 0.9473689 1.015509 1.064980 1.100598 1.125864 1.142790 1.152860 1.156829 1.155275 1.148311 1.135964
