T2-onemodel/GL23.grd
DSAA
         100         100
  -20.00000       20.00000    
  -20.00000       20.00000    
 -0.3388361       113.0246    
[rows 0 to 26 of 100, columns 0 to 61 of 100]
0.5204801 0.5307432 0.5413122 0.5521886 0.5633723 0.5748628 0.5866574 0.5987525 0.6111426 0.6238206 0.6367772 0.6500012 0.6634793 0.6771960 0.6911331 0.7052702 0.7195835 0.7340476 0.7486332 0.7633089 0.7780400 0.7927891 0.8075163 0.8221787 0.8367319 0.8511279 0.8653183 0.8792511 0.8928754 0.9061363 0.9189823 0.9313557 0.9432042 0.9544209 0.9649298 0.9748576 0.9840972 0.9925665 1.000222 1.007028 1.012948 1.017956 1.022025 1.025138 1.027276 1.028407 1.028499 1.027666 1.025885 1.023146 1.019460 1.014858 1.009359 1.003062 0.9960126 0.9880726 0.9793555 0.9699363 0.9598653 0.9491897 0.9379602 0.9262259
0.5293821 0.5402447 0.5514451 0.5629847 0.5748657 0.5870873 0.5996485 0.6125462 0.6257758 0.6393301 0.6532009 0.6673765 0.6818440 0.6965870 0.7115870 0.7268224 0.7422684 0.7578971 0.7736781 0.7895766 0.8055554 0.8215737 0.8375872 0.8535494 0.8694100 0.8851172 0.9006155 0.9158490 0.9307577 0.9452834 0.9593634 0.9729410 0.9859536 0.9983968 1.010237 1.021235 1.031399 1.040717 1.049140 1.056626 1.063136 1.068638 1.073105 1.076513 1.078851 1.080131 1.080379 1.079486 1.077488 1.074427 1.070327 1.065207 1.059107 1.051995 1.043900 1.035049 1.025417 1.015025 1.003924 0.9921712 0.9798204 0.9669292
0.5385435 0.5500428 0.5619139 0.5741603 0.5867845 0.5997878 0.6131696 0.6269281 0.6410595 0.6555578 0.6704144 0.6856189 0.7011577 0.7170147 0.7331703 0.7496023 0.7662843 0.7831873 0.8002778 0.8175188 0.8348697 0.8522857 0.8697190 0.8871173 0.9044262 0.9215867 0.9385384 0.9552170 0.9715576 0.9874914 1.002953 1.017868 1.032172 1.045737 1.058473 1.070501 1.081697 1.091965 1.101248 1.109498 1.116670 1.122727 1.127637 1.131375 1.133921 1.135238 1.135292 1.134202 1.131949 1.128524 1.123946 1.118252 1.111470 1.103712 1.095039 1.085311 1.074659 1.063173 1.050918 1.037955 1.024350 1.010165
0.5479602 0.5601346 0.5727184 0.5857168 0.5991340 0.6129720 0.6272325 0.6419142 0.6570151 0.6725296 0.6884505 0.7047674 0.7214673 0.7385334 0.7559466 0.7736830 0.7917156 0.8100131 0.8285397 0.8472558 0.8661174 0.8850754 0.9040774 0.9230660 0.9419802 0.9607556 0.9793233 0.9976127 1.015549 1.033058 1.050060 1.066482 1.082243 1.097326 1.111681 1.125042 1.137403 1.148740 1.158991 1.168098 1.176014 1.182693 1.188101 1.192208 1.194998 1.196484 1.196690 1.195502 1.192963 1.189119 1.184004 1.177645 1.170092 1.161319 1.151370 1.140497 1.128685 1.115969 1.102414 1.088094 1.073081 1.057448
0.5576307 0.5705207 0.5838614 0.5976602 0.6119222 0.6266523 0.6418529 0.6575250 0.6736676 0.6902769 0.7073463 0.7248665 0.7428246 0.7612044 0.7799863 0.7991458 0.8186548 0.8384798 0.8585833 0.8789222 0.8994486 0.9201099 0.9408478 0.9615992 0.9822970 1.002868 1.023238 1.043324 1.063046 1.082316 1.101048 1.119151 1.136538 1.153060 1.168604 1.183283 1.196952 1.209491 1.220831 1.230907 1.239659 1.247039 1.253006 1.257526 1.260575 1.262110 1.262097 1.260661 1.257786 1.253466 1.247731 1.240627 1.232195 1.222564 1.211810 1.199800 1.186687 1.172580 1.157562 1.141714 1.125119 1.107861
0.5675442 0.5811923 0.5953367 0.6099865 0.6251497 0.6408323 0.6570395 0.6737740 0.6910366 0.7088250 0.7271347 0.7459567 0.7652794 0.7850869 0.8053599 0.8260732 0.8471972 0.8686976 0.8905337 0.9126598 0.9350241 0.9575688 0.9802303 1.002939 1.025620 1.048194 1.070573 1.092670 1.114389 1.135636 1.156308 1.176310 1.195539 1.213957 1.231494 1.247849 1.262998 1.276898 1.289469 1.300635 1.310334 1.318503 1.325100 1.330085 1.333434 1.335160 1.335288 1.333700 1.330444 1.325576 1.319139 1.311172 1.301739 1.290830 1.278499 1.265035 1.250437 1.234758 1.218086 1.200516 1.182141 1.163056
0.5776938 0.5921453 0.6071424 0.6226975 0.6388205 0.6555207 0.6728051 0.6906793 0.7091458 0.7282052 0.7478536 0.7680848 0.7888880 0.8102485 0.8321465 0.8545572 0.8774502 0.9007890 0.9245313 0.9486279 0.9730229 0.9976535 1.022450 1.047335 1.072227 1.097035 1.121663 1.146011 1.169973 1.193439 1.216297 1.238429 1.259723 1.279997 1.299111 1.317166 1.333985 1.349422 1.363385 1.375789 1.386555 1.395620 1.402926 1.408432 1.412104 1.413897 1.413772 1.411864 1.408161 1.402664 1.395414 1.386472 1.375896 1.363840 1.350400 1.335452 1.319179 1.301718 1.283175 1.263657 1.243274 1.222132
0.5880658 0.6033671 0.6192693 0.6357862 0.6529320 0.6707181 0.6891551 0.7082511 0.7280118 0.7484397 0.7695344 0.7912908 0.8137006 0.8367499 0.8604197 0.8846855 0.9095163 0.9348748 0.9607162 0.9869875 1.013629 1.040572 1.067741 1.095051 1.122409 1.149716 1.176864 1.203739 1.230222 1.256188 1.281508 1.306056 1.329697 1.352366 1.373966 1.394149 1.412867 1.430052 1.445596 1.459401 1.471380 1.481457 1.489567 1.495662 1.499709 1.501718 1.501715 1.499577 1.495362 1.489138 1.480961 1.470887 1.459003 1.445312 1.429897 1.413082 1.394891 1.375405 1.354739 1.333018 1.310363 1.286900
0.5986450 0.6148460 0.6317070 0.6492461 0.6674805 0.6864257 0.7060955 0.7265016 0.7476529 0.7695555 0.7922118 0.8156199 0.8397733 0.8646603 0.8902633 0.9165583 0.9435148 0.9710938 0.9992484 1.027923 1.057053 1.086565 1.116374 1.146388 1.176504 1.206611 1.236588 1.266305 1.295629 1.324416 1.352523 1.379795 1.406084 1.431167 1.454866 1.477259 1.498132 1.517303 1.534646 1.550047 1.563405 1.574633 1.583654 1.590414 1.594868 1.596963 1.596660 1.594103 1.589287 1.582224 1.572970 1.561608 1.548218 1.532987 1.516043 1.497278 1.476910 1.455116 1.432036 1.407812 1.382585 1.356497
0.6094089 0.6265603 0.6444376 0.6630619 0.6824551 0.7026365 0.7236246 0.7454347 0.7680803 0.7915714 0.8159142 0.8411103 0.8671566 0.8940439 0.9217570 0.9502734 0.9795624 1.009585 1.040292 1.071625 1.103515 1.135882 1.168635 1.201671 1.234876 1.268126 1.301284 1.334206 1.366738 1.398719 1.429979 1.460353 1.489663 1.517808 1.544647 1.569777 1.593113 1.614550 1.633946 1.651167 1.666098 1.678635 1.688694 1.696207 1.701132 1.703472 1.703255 1.700357 1.694846 1.686807 1.676315 1.663452 1.648331 1.630984 1.611523 1.590331 1.567462 1.543032 1.517199 1.490127 1.461979 1.432916
0.6203341 0.6384901 0.6574426 0.6772186 0.6978440 0.7193435 0.7417399 0.7650543 0.7893049 0.8145067 0.8406707 0.8678030 0.8959045 0.9249701 0.9549875 0.9859362 1.017786 1.050499 1.084025 1.118302 1.153257 1.188804 1.224843 1.261262 1.297933 1.334717 1.371462 1.408003 1.444166 1.479766 1.514613 1.548504 1.581244 1.612553 1.642200 1.670231 1.696377 1.720406 1.742150 1.761455 1.778183 1.792218 1.803457 1.811827 1.817267 1.819717 1.819134 1.815675 1.809346 1.800174 1.788239 1.773654 1.756531 1.737100 1.715533 1.691751 1.666023 1.638575 1.609597 1.579277 1.547804 1.515362
0.6313880 0.6506034 0.6706937 0.6916902 0.7136250 0.7365283 0.7604291 0.7853544 0.8113282 0.8383716 0.8665019 0.8957304 0.9260638 0.9575015 0.9900357 1.023648 1.058313 1.093991 1.130632 1.168173 1.206536 1.245629 1.285342 1.325553 1.366120 1.406888 1.447684 1.488324 1.528605 1.568321 1.607248 1.645163 1.681832 1.717099 1.750767 1.782357 1.811731 1.838734 1.863173 1.884867 1.903658 1.919405 1.931997 1.941341 1.947378 1.950105 1.949551 1.945590 1.938308 1.927812 1.914207 1.897607 1.878167 1.855958 1.831141 1.804167 1.775140 1.744228 1.711645 1.677611 1.642344 1.606055
0.6425389 0.6628717 0.6841636 0.7064531 0.7297782 0.7541760 0.7796822 0.8063313 0.8341546 0.8631802 0.8934324 0.9249302 0.9576869 0.9917080 1.026991 1.063524 1.101282 1.140230 1.180319 1.221482 1.263639 1.306690 1.350519 1.394989 1.439945 1.485210 1.530594 1.575883 1.620851 1.665255 1.708845 1.751351 1.792508 1.831964 1.869411 1.904847 1.937928 1.968352 1.995891 2.020335 2.041497 2.059215 2.073354 2.083811 2.090508 2.093370 2.092352 2.087628 2.079218 2.067176 2.051612 2.032683 2.010548 1.985499 1.957769 1.927320 1.894498 1.859597 1.822873 1.784580 1.744972 1.704294
0.6537355 0.6752442 0.6978047 0.7214618 0.7462615 0.7722487 0.7994673 0.8279597 0.8577664 0.8889238 0.9214659 0.9554193 0.9908068 1.027642 1.065929 1.105663 1.146824 1.189381 1.233287 1.278474 1.324860 1.372338 1.420783 1.470046 1.519952 1.570309 1.620897 1.671477 1.721787 1.771551 1.820475 1.868258 1.914585 1.959223 2.001895 2.042017 2.079381 2.113755 2.144874 2.172491 2.196389 2.216376 2.232297 2.244028 2.251488 2.254662 2.253581 2.248120 2.238389 2.224526 2.206680 2.185013 2.159740 2.130989 2.098991 2.064291 2.027065 1.987559 1.946062 1.902875 1.858288 1.812589
0.6649290 0.6876746 0.7115718 0.7366746 0.7630367 0.7907124 0.8197550 0.8502172 0.8821492 0.9155984 0.9506090 0.9872195 1.025462 1.065361 1.106932 1.150176 1.195082 1.241625 1.289760 1.339423 1.390527 1.442963 1.496595 1.551259 1.606766 1.662896 1.719405 1.776017 1.832437 1.888341 1.943395 1.997239 2.049509 2.099750 2.147551 2.192830 2.235143 2.274089 2.309353 2.340647 2.367710 2.390322 2.408296 2.421490 2.429801 2.433137 2.431450 2.424933 2.413629 2.397627 2.377090 2.352232 2.323284 2.290624 2.254572 2.215161 2.172836 2.127992 2.080982 2.032150 1.981839 1.930380
0.6760557 0.7000995 0.7254047 0.7520331 0.7800487 0.8095163 0.8405001 0.8730645 0.9072719 0.9431826 0.9808538 1.020337 1.061677 1.104913 1.150070 1.197163 1.246192 1.297138 1.349963 1.404607 1.460983 1.518978 1.578446 1.639210 1.701061 1.763755 1.827013 1.890525 1.953947 2.016912 2.079023 2.139871 2.199029 2.256150 2.310844 2.362383 2.410450 2.454711 2.494794 2.530357 2.561098 2.586754 2.607106 2.621987 2.631283 2.634966 2.633066 2.625465 2.612303 2.593770 2.570071 2.541443 2.508185 2.470515 2.428763 2.383609 2.335331 2.284287 2.230881 2.175524 2.118611 2.060528
0.6870438 0.7124491 0.7392331 0.7674691 0.7972318 0.8285981 0.8616447 0.8964502 0.9330911 0.9716429 1.012178 1.054764 1.099464 1.146330 1.195406 1.246720 1.300287 1.356099 1.414130 1.474323 1.536596 1.600832 1.666879 1.734545 1.803600 1.873771 1.944745 2.016166 2.087642 2.158742 2.229012 2.297961 2.365092 2.429798 2.491520 2.550061 2.604826 2.655278 2.700978 2.741520 2.776544 2.805743 2.828855 2.845685 2.856090 2.859959 2.857238 2.848149 2.832767 2.811236 2.783788 2.750729 2.712392 2.669278 2.621838 2.570213 2.514994 2.456720 2.395879 2.332952 2.268405 2.202684
0.6978056 0.7246353 0.7529716 0.7828983 0.8145044 0.8478792 0.8831153 0.9203061 0.9595463 1.000928 1.044544 1.090480 1.138818 1.189633 1.242988 1.298931 1.357493 1.418686 1.482495 1.548875 1.617750 1.689003 1.762476 1.837964 1.915216 1.993927 2.073743 2.154260 2.235023 2.315536 2.395260 2.473633 2.550062 2.624038 2.695001 2.762024 2.824630 2.882330 2.934602 2.980967 3.021002 3.054334 3.080666 3.099757 3.111452 3.115699 3.112531 3.101841 3.083816 3.058714 3.026827 2.988501 2.944161 2.894157 2.838970 2.779470 2.716095 2.649363 2.579844 2.508110 2.434706 2.360155
0.7082392 0.7365569 0.7665181 0.7982208 0.8317674 0.8672636 0.9048190 0.9445456 0.9865575 1.030969 1.077893 1.127441 1.179719 1.234826 1.292850 1.353865 1.417927 1.485068 1.555295 1.628578 1.704851 1.784002 1.865872 1.950242 2.036840 2.125328 2.215307 2.306311 2.397820 2.489252 2.579982 2.669332 2.756607 2.840988 2.921698 2.998357 3.070160 3.136367 3.196358 3.249563 3.295474 3.333657 3.363749 3.385473 3.398633 3.403086 3.398775 3.385956 3.364755 3.335392 3.298208 3.253639 3.202172 3.144492 3.081240 3.012728 2.939766 2.863101 2.783423 2.701405 2.617694 2.532901
0.7182260 0.7480942 0.7797537 0.8133167 0.8489028 0.8866351 0.9266433 0.9690599 1.014023 1.061670 1.112143 1.165580 1.222116 1.281883 1.344999 1.411570 1.481683 1.555401 1.632756 1.713743 1.798314 1.886367 1.977744 2.072219 2.169496 2.269204 2.370891 2.474028 2.578009 2.682158 2.785733 2.887947 2.987963 3.085031 3.178343 3.266682 3.349331 3.425570 3.494661 3.555924 3.608758 3.652642 3.687152 3.711954 3.726824 3.731679 3.726554 3.711360 3.686348 3.651877 3.608371 3.556331 3.496377 3.429056 3.355080 3.275597 3.191286 3.102913 3.011293 2.917230 2.821486 2.724781
0.7276308 0.7591112 0.7925407 0.8280489 0.8657727 0.9058571 0.9484528 0.9937174 1.041815 1.092914 1.147186 1.204803 1.265937 1.330756 1.399418 1.472069 1.548836 1.629822 1.715096 1.804684 1.898566 1.996661 2.098818 2.204808 2.314315 2.426930 2.542149 2.659364 2.777874 2.896884 3.015523 3.132839 3.247843 3.359398 3.466403 3.568203 3.663676 3.751786 3.831645 3.902444 3.963462 4.014082 4.053792 4.082203 4.099037 4.104105 4.097345 4.079057 4.049442 4.008833 3.957726 3.896756 3.826639 3.748337 3.662783 3.570557 3.472794 3.370563 3.264855 3.156628 3.046789 2.936183
0.7362871 0.7694391 0.8047093 0.8422450 0.8822055 0.9247566 0.9700757 1.018348 1.069770 1.124541 1.182872 1.244973 1.311062 1.381350 1.456045 1.535342 1.619421 1.708434 1.802501 1.901693 2.006031 2.115463 2.229857 2.348990 2.472531 2.600034 2.730934 2.864538 3.000031 3.136481 3.272845 3.408002 3.540756 3.669984 3.794497 3.912654 4.023375 4.125597 4.218253 4.300375 4.371106 4.429706 4.475571 4.508232 4.527372 4.532855 4.524709 4.502877 4.467700 4.419678 4.359426 4.287687 4.205366 4.113326 4.012629 3.904846 3.791029 3.672326 3.549927 3.424984 3.298576 3.171699
0.7440082 0.7788890 0.8160669 0.8557112 0.8980029 0.9431350 0.9913127 1.042753 1.097688 1.156357 1.219014 1.285916 1.357332 1.433529 1.514773 1.601326 1.693428 1.791299 1.895124 2.005038 2.121116 2.243355 2.371659 2.505816 2.645494 2.790211 2.939339 3.092086 3.247507 3.404497 3.561822 3.718119 3.871948 4.021687 4.165742 4.303023 4.431933 4.550993 4.658918 4.754545 4.836845 4.904943 4.958115 4.995804 5.017618 5.023302 5.012776 4.986395 4.944459 4.887465 4.816137 4.731408 4.634346 4.526331 4.408759 4.282639 4.149613 4.011243 3.868988 3.724234 3.578277 3.432292
0.7505728 0.7872348 0.8263851 0.8682144 0.9129305 0.9607536 1.011922 1.066690 1.125329 1.188123 1.255377 1.327404 1.404532 1.487098 1.575440 1.669894 1.770784 1.878417 1.993060 2.114935 2.244195 2.380906 2.525028 2.676385 2.834650 2.999318 3.169693 3.344879 3.523771 3.705066 3.887278 4.068776 4.247797 4.422637 4.591513 4.752136 4.902867 5.042118 5.168339 5.280133 5.376274 5.455715 5.517600 5.561261 5.586243 5.592333 5.579537 5.547832 5.497682 5.429776 5.345012 5.244489 5.129555 5.001570 4.862156 4.713537 4.557370 4.395406 4.229418 4.061094 3.891984 3.723484
0.7557237 0.7942159 0.8353973 0.8794838 0.9267108 0.9773314 1.031619 1.089869 1.152398 1.219544 1.291667 1.369148 1.452386 1.541796 1.637806 1.740847 1.851345 1.969714 2.096334 2.231537 2.375588 2.528652 2.690773 2.861839 3.041551 3.229393 3.424612 3.626187 3.832838 4.043014 4.254935 4.466593 4.675842 4.880291 5.077569 5.265878 5.442893 5.606459 5.754699 5.885932 5.998692 6.091737 6.164047 6.214835 6.243539 6.249800 6.233497 6.195038 6.134848 6.053644 5.952478 5.832723 5.695994 5.544336 5.379874 5.204340 5.020190 4.829774 4.635292 4.438796 4.242158 4.047035
0.7591583 0.7995227 0.8427881 0.8891965 0.9390153 0.9925315 1.050059 1.111939 1.178540 1.250259 1.327522 1.410784 1.500531 1.597273 1.701542 1.813886 1.934857 2.065006 2.204857 2.354890 2.515517 2.687048 2.869650 3.063313 3.267805 3.482625 3.706965 3.939687 4.179299 4.423965 4.671512 4.919506 5.165277 5.406174 5.639442 5.861772 6.070632 6.263629 6.438487 6.593187 6.725983 6.835399 6.920240 6.979568 7.012729 7.019375 6.999463 6.952982 6.880526 6.783040 6.661809 6.518464 6.355041 6.173699 5.976983 5.768178 5.549948 5.325040 5.096166 4.865849 4.636351 4.409641
0.7605229 0.8027963 0.8481907 0.8969791 0.9494610 1.005962 1.066841 1.132490 1.203334 1.279837 1.362501 1.451869 1.548523 1.653086 1.766217 1.888602 2.020952 2.163986 2.318413 2.484907 2.664080 2.856436 3.062329 3.281908 3.515056 3.761328 4.019898 4.289504 4.568423 4.854461 5.144989 5.436975 5.727103 6.011716 6.287149 6.550435 6.798071 7.026863 7.234046 7.417194 7.574231 7.703432 7.803387 7.873001 7.911473 7.918271 7.893176 7.836610 7.749108 7.631651 7.485736 7.313381 7.117051 6.899865 6.665167 6.415937 6.155996 5.889025 5.618424 5.347309 5.078425 4.814108
