T2-onemodel/GL23.grd
DSAA
         100         100
  -20.00000       20.00000    
  -20.00000       20.00000    
 -4.1837683E-03   1.168179    
[rows 0 to 23 of 100, columns 0 to 53 of 100]
4.5965742E-03 4.7198469E-03 4.8468993E-03 4.9777525E-03 5.1124133E-03 5.2508721E-03 5.3931046E-03 5.5390666E-03 5.6886929E-03 5.8418978E-03 5.9985667E-03 6.1585624E-03 6.3217161E-03 6.4878347E-03 6.6566831E-03 6.8280054E-03 7.0014992E-03 7.1768388E-03 7.3536476E-03 7.5315288E-03 7.7100280E-03 7.8886803E-03 8.0669569E-03 8.2443291E-03 8.4202001E-03 8.5939905E-03 8.7650409E-03 8.9327414E-03 9.0963766E-03 9.2553357E-03 9.4088428E-03 9.5562469E-03 9.6959230E-03 9.8275626E-03 9.9525442E-03 1.0069144E-02 1.0176579E-02 1.0274193E-02 1.0361584E-02 1.0438216E-02 1.0503802E-02 1.0557926E-02 1.0600417E-02 1.0630982E-02 1.0649593E-02 1.0656069E-02 1.0650350E-02 1.0631962E-02 1.0602211E-02 1.0561245E-02 1.0509017E-02 1.0445803E-02 1.0373073E-02 1.0290711E-02
4.7027501E-03 4.8333318E-03 4.9680853E-03 5.1070466E-03 5.2502356E-03 5.3976555E-03 5.5492963E-03 5.7051214E-03 5.8650807E-03 6.0290876E-03 6.1970390E-03 6.3687912E-03 6.5441830E-03 6.7230067E-03 6.9050314E-03 7.0899744E-03 7.2775274E-03 7.4673281E-03 7.6589868E-03 7.8520542E-03 8.0460599E-03 8.2404651E-03 8.4347203E-03 8.6282026E-03 8.8202935E-03 9.0102954E-03 9.1975331E-03 9.3812421E-03 9.5607219E-03 9.7351493E-03 9.9038556E-03 1.0066046E-02 1.0221937E-02 1.0370417E-02 1.0508674E-02 1.0637170E-02 1.0755453E-02 1.0863021E-02 1.0959216E-02 1.1043618E-02 1.1115703E-02 1.1175196E-02 1.1221703E-02 1.1255100E-02 1.1275142E-02 1.1281889E-02 1.1275434E-02 1.1256441E-02 1.1223889E-02 1.1178104E-02 1.1119725E-02 1.1049199E-02 1.0965866E-02 1.0870798E-02
4.8120259E-03 4.9503660E-03 5.0933119E-03 5.2409130E-03 5.3932066E-03 5.5502155E-03 5.7119406E-03 5.8783628E-03 6.0494384E-03 6.2250975E-03 6.4052367E-03 6.5897247E-03 6.7783920E-03 6.9710370E-03 7.1674106E-03 7.3672314E-03 7.5701592E-03 7.7758199E-03 7.9837823E-03 8.1935767E-03 8.4046684E-03 8.6164940E-03 8.8284155E-03 9.0397811E-03 9.2498595E-03 9.4579235E-03 9.6631544E-03 9.8647727E-03 1.0061885E-02 1.0253700E-02 1.0439242E-02 1.0617672E-02 1.0787109E-02 1.0947075E-02 1.1098891E-02 1.1240570E-02 1.1371151E-02 1.1489807E-02 1.1595993E-02 1.1689029E-02 1.1768510E-02 1.1833919E-02 1.1885018E-02 1.1921451E-02 1.1943164E-02 1.1949952E-02 1.1941759E-02 1.1918125E-02 1.1880468E-02 1.1829000E-02 1.1763770E-02 1.1685150E-02 1.1594807E-02 1.1492738E-02
4.9243439E-03 5.0709201E-03 5.2225776E-03 5.3793848E-03 5.5414024E-03 5.7086684E-03 5.8812061E-03 6.0590105E-03 6.2420573E-03 6.4302837E-03 6.6236025E-03 6.8218834E-03 7.0249694E-03 7.2326483E-03 7.4446760E-03 7.6607480E-03 7.8805191E-03 8.1035802E-03 8.3294809E-03 8.5576959E-03 8.7876646E-03 9.0187443E-03 9.2502646E-03 9.4814645E-03 9.7115766E-03 9.9397311E-03 1.0165079E-02 1.0386659E-02 1.0603570E-02 1.0814776E-02 1.1019391E-02 1.1216397E-02 1.1405855E-02 1.1586410E-02 1.1754885E-02 1.1911602E-02 1.2055920E-02 1.2187169E-02 1.2304503E-02 1.2407357E-02 1.2495052E-02 1.2567205E-02 1.2623332E-02 1.2663252E-02 1.2686673E-02 1.2693649E-02 1.2684287E-02 1.2659320E-02 1.2617735E-02 1.2559950E-02 1.2486732E-02 1.2398667E-02 1.2295162E-02 1.2177500E-02
5.0396607E-03 5.1949737E-03 5.3558899E-03 5.5225044E-03 5.6948983E-03 5.8731376E-03 6.0572629E-03 6.2472960E-03 6.4432258E-03 6.6450126E-03 6.8525802E-03 7.0658140E-03 7.2845565E-03 7.5086085E-03 7.7377120E-03 7.9715643E-03 8.2097892E-03 8.4519712E-03 8.6976131E-03 8.9461654E-03 9.1969948E-03 9.4494242E-03 9.7026816E-03 9.9559678E-03 1.0208375E-02 1.0458992E-02 1.0706793E-02 1.0950780E-02 1.1189827E-02 1.1422900E-02 1.1648767E-02 1.1866327E-02 1.2073374E-02 1.2269199E-02 1.2455015E-02 1.2628510E-02 1.2788460E-02 1.2933815E-02 1.3063842E-02 1.3177667E-02 1.3274729E-02 1.3354367E-02 1.3416245E-02 1.3459929E-02 1.3485328E-02 1.3492218E-02 1.3480559E-02 1.3449896E-02 1.3401794E-02 1.3336563E-02 1.3254373E-02 1.3155747E-02 1.3042613E-02 1.2915119E-02
5.1578535E-03 5.3224335E-03 5.4931878E-03 5.6702429E-03 5.8537116E-03 6.0436819E-03 6.2402282E-03 6.4433911E-03 6.6531920E-03 6.8696076E-03 7.0925867E-03 7.3220278E-03 7.5577898E-03 7.7996696E-03 8.0474215E-03 8.3007235E-03 8.5592037E-03 8.8224038E-03 9.0898098E-03 9.3608117E-03 9.6347490E-03 9.9108489E-03 1.0188297E-02 1.0466161E-02 1.0743484E-02 1.1019183E-02 1.1292178E-02 1.1561253E-02 1.1825249E-02 1.2082832E-02 1.2332845E-02 1.2573957E-02 1.2806009E-02 1.3027313E-02 1.3234247E-02 1.3426927E-02 1.3604454E-02 1.3765894E-02 1.3910173E-02 1.4036515E-02 1.4144053E-02 1.4232244E-02 1.4300471E-02 1.4348481E-02 1.4375922E-02 1.4382844E-02 1.4369381E-02 1.4336348E-02 1.4282757E-02 1.4209162E-02 1.4116496E-02 1.4005542E-02 1.3875836E-02 1.3728929E-02
5.2788262E-03 5.4532248E-03 5.6344289E-03 5.8225980E-03 6.0178759E-03 6.2203896E-03 6.4302408E-03 6.6475091E-03 6.8722381E-03 7.1044439E-03 7.3440936E-03 7.5911125E-03 7.8453692E-03 8.1066834E-03 8.3748018E-03 8.6494163E-03 8.9301262E-03 9.2164697E-03 9.5078805E-03 9.8037291E-03 1.0103266E-02 1.0405685E-02 1.0710048E-02 1.1015369E-02 1.1320525E-02 1.1624363E-02 1.1925596E-02 1.2222941E-02 1.2514957E-02 1.2800292E-02 1.3077368E-02 1.3344739E-02 1.3599766E-02 1.3841413E-02 1.4070722E-02 1.4284954E-02 1.4482544E-02 1.4662121E-02 1.4822683E-02 1.4963109E-02 1.5082621E-02 1.5180369E-02 1.5255872E-02 1.5308592E-02 1.5338384E-02 1.5344999E-02 1.5328426E-02 1.5288250E-02 1.5226200E-02 1.5142743E-02 1.5038207E-02 1.4913339E-02 1.4770402E-02 1.4609785E-02
5.4023922E-03 5.5871932E-03 5.7794889E-03 5.9794793E-03 6.1873528E-03 6.4032683E-03 6.6273748E-03 6.8597849E-03 7.1005891E-03 7.3498297E-03 7.6075182E-03 7.8735976E-03 8.1479736E-03 8.4304698E-03 8.7208627E-03 9.0188291E-03 9.3239751E-03 9.6358070E-03 9.9537447E-03 1.0277091E-02 1.0605064E-02 1.0936753E-02 1.1271159E-02 1.1607147E-02 1.1943514E-02 1.2278908E-02 1.2611949E-02 1.2941089E-02 1.3264813E-02 1.3581417E-02 1.3889349E-02 1.4186876E-02 1.4473503E-02 1.4747111E-02 1.5003484E-02 1.5242442E-02 1.5462734E-02 1.5663071E-02 1.5842039E-02 1.5998587E-02 1.6131582E-02 1.6240276E-02 1.6323872E-02 1.6381992E-02 1.6414221E-02 1.6420601E-02 1.6401296E-02 1.6357245E-02 1.6287522E-02 1.6192863E-02 1.6074436E-02 1.5933292E-02 1.5769176E-02 1.5584000E-02
5.5283336E-03 5.7241442E-03 5.9282063E-03 6.1407671E-03 6.3620578E-03 6.5922919E-03 6.8316604E-03 7.0803300E-03 7.3384307E-03 7.6060588E-03 7.8832591E-03 8.1700236E-03 8.4662782E-03 8.7718917E-03 9.0866424E-03 9.4102304E-03 9.7422451E-03 1.0082196E-02 1.0429459E-02 1.0783310E-02 1.1142884E-02 1.1507213E-02 1.1875169E-02 1.2245529E-02 1.2616903E-02 1.2987834E-02 1.3356687E-02 1.3721799E-02 1.4081323E-02 1.4433471E-02 1.4776199E-02 1.5107593E-02 1.5424443E-02 1.5725257E-02 1.6010785E-02 1.6277717E-02 1.6524035E-02 1.6747929E-02 1.6948024E-02 1.7122833E-02 1.7271299E-02 1.7392306E-02 1.7485192E-02 1.7549252E-02 1.7584270E-02 1.7589984E-02 1.7566413E-02 1.7513203E-02 1.7432326E-02 1.7324448E-02 1.7190145E-02 1.7030472E-02 1.6848147E-02 1.6643889E-02
5.6563830E-03 5.8638356E-03 6.0803713E-03 6.3062846E-03 6.5418668E-03 6.7873849E-03 7.0430893E-03 7.3092040E-03 7.5859199E-03 7.8733824E-03 8.1716962E-03 8.4808944E-03 8.8009639E-03 9.1317929E-03 9.4732028E-03 9.8248972E-03 1.0186493E-02 1.0557473E-02 1.0937209E-02 1.1324911E-02 1.1719678E-02 1.2120422E-02 1.2525942E-02 1.2934841E-02 1.3345622E-02 1.3756579E-02 1.4165941E-02 1.4571714E-02 1.4971928E-02 1.5364348E-02 1.5746910E-02 1.6117319E-02 1.6474606E-02 1.6816052E-02 1.7136669E-02 1.7435838E-02 1.7711800E-02 1.7962785E-02 1.8186918E-02 1.8382730E-02 1.8548736E-02 1.8683905E-02 1.8787196E-02 1.8858071E-02 1.8896006E-02 1.8901035E-02 1.8873377E-02 1.8814132E-02 1.8722488E-02 1.8599451E-02 1.8446513E-02 1.8265111E-02 1.8055292E-02 1.7819494E-02
5.7862224E-03 6.0059782E-03 6.2357183E-03 6.4758062E-03 6.7265937E-03 6.9884202E-03 7.2615989E-03 7.5464267E-03 7.8431591E-03 8.1520202E-03 8.4731672E-03 8.8067120E-03 9.1526853E-03 9.5110415E-03 9.8816277E-03 1.0264196E-02 1.0658367E-02 1.1063640E-02 1.1479350E-02 1.1904693E-02 1.2338674E-02 1.2780150E-02 1.3227765E-02 1.3680019E-02 1.4135181E-02 1.4591401E-02 1.5046582E-02 1.5498573E-02 1.5944963E-02 1.6383383E-02 1.6811155E-02 1.7225705E-02 1.7623065E-02 1.8001093E-02 1.8360095E-02 1.8695993E-02 1.9006105E-02 1.9288044E-02 1.9539889E-02 1.9759662E-02 1.9945886E-02 2.0097109E-02 2.0212380E-02 2.0290809E-02 2.0332059E-02 2.0335836E-02 2.0302227E-02 2.0230988E-02 2.0124402E-02 1.9983426E-02 1.9809011E-02 1.9602647E-02 1.9367671E-02 1.9105302E-02
5.9173848E-03 6.1501223E-03 6.3938377E-03 6.6489601E-03 6.9159227E-03 7.1951342E-03 7.4869990E-03 7.7918894E-03 8.1101507E-03 8.4420778E-03 8.7879300E-03 9.1478843E-03 9.5220543E-03 9.9104531E-03 1.0313001E-02 1.0729487E-02 1.1159575E-02 1.1602759E-02 1.2058389E-02 1.2525606E-02 1.3003381E-02 1.3490448E-02 1.3985363E-02 1.4486417E-02 1.4991735E-02 1.5499157E-02 1.6006405E-02 1.6510904E-02 1.7010031E-02 1.7500872E-02 1.7980620E-02 1.8446214E-02 1.8896000E-02 1.9326419E-02 1.9731468E-02 2.0109871E-02 2.0459149E-02 2.0776853E-02 2.1060450E-02 2.1307912E-02 2.1517232E-02 2.1686977E-02 2.1815779E-02 2.1902880E-02 2.1947607E-02 2.1949979E-02 2.1910287E-02 2.1829864E-02 2.1708095E-02 2.1546360E-02 2.1346640E-02 2.1110902E-02 2.0839682E-02 2.0536138E-02
6.0494659E-03 6.2958915E-03 6.5543745E-03 6.8254252E-03 7.1095671E-03 7.4073011E-03 7.7191219E-03 8.0455039E-03 8.3868913E-03 8.7436885E-03 9.1162426E-03 9.5048416E-03 9.9096866E-03 1.0330893E-02 1.0768448E-02 1.1222219E-02 1.1691909E-02 1.2177059E-02 1.2677009E-02 1.3190894E-02 1.3717614E-02 1.4255835E-02 1.4803944E-02 1.5360102E-02 1.5922155E-02 1.6487746E-02 1.7054189E-02 1.7618654E-02 1.8177986E-02 1.8729005E-02 1.9268150E-02 1.9791937E-02 2.0295348E-02 2.0775322E-02 2.1231474E-02 2.1658670E-02 2.2053318E-02 2.2412175E-02 2.2732576E-02 2.3011843E-02 2.3247911E-02 2.3438815E-02 2.3583245E-02 2.3680016E-02 2.3728672E-02 2.3728849E-02 2.3680737E-02 2.3584260E-02 2.3442136E-02 2.3255752E-02 2.3026614E-02 2.2756830E-02 2.2450615E-02 2.2109918E-02
6.1818222E-03 6.4426558E-03 6.7167254E-03 7.0046359E-03 7.3070046E-03 7.6244441E-03 7.9575619E-03 8.3069475E-03 8.6731687E-03 9.0567451E-03 9.4581572E-03 9.8778121E-03 1.0316038E-02 1.0773053E-02 1.1248969E-02 1.1743733E-02 1.2257134E-02 1.2788751E-02 1.3337974E-02 1.3903910E-02 1.4485437E-02 1.5081103E-02 1.5689196E-02 1.6307637E-02 1.6934089E-02 1.7565809E-02 1.8199844E-02 1.8832834E-02 1.9461289E-02 2.0081321E-02 2.0689111E-02 2.1280505E-02 2.1852857E-02 2.2401430E-02 2.2918824E-02 2.3402797E-02 2.3849847E-02 2.4256539E-02 2.4619408E-02 2.4935637E-02 2.5202481E-02 2.5417935E-02 2.5580151E-02 2.5688073E-02 2.5740841E-02 2.5738442E-02 2.5681285E-02 2.5571004E-02 2.5407309E-02 2.5192143E-02 2.4928156E-02 2.4618132E-02 2.4263334E-02 2.3867954E-02
6.3137752E-03 6.5897633E-03 6.8802601E-03 7.1859849E-03 7.5076707E-03 7.8460565E-03 8.2018748E-03 8.5758604E-03 8.9687165E-03 9.3811201E-03 9.8136952E-03 1.0267005E-02 1.0741526E-02 1.1237640E-02 1.1755577E-02 1.2295428E-02 1.2857075E-02 1.3440206E-02 1.4044232E-02 1.4668313E-02 1.5311261E-02 1.5971588E-02 1.6647391E-02 1.7336447E-02 1.8036079E-02 1.8743278E-02 1.9454580E-02 2.0166250E-02 2.0874096E-02 2.1573819E-02 2.2260610E-02 2.2929706E-02 2.3574604E-02 2.4190925E-02 2.4777222E-02 2.5326885E-02 2.5835011E-02 2.6297152E-02 2.6709549E-02 2.7068544E-02 2.7371245E-02 2.7614947E-02 2.7797814E-02 2.7918275E-02 2.7975664E-02 2.7969578E-02 2.7900331E-02 2.7768126E-02 2.7576247E-02 2.7326753E-02 2.7021935E-02 2.6664851E-02 2.6260942E-02 2.5813257E-02
6.4444672E-03 6.7363526E-03 7.0441384E-03 7.3686596E-03 7.7107893E-03 8.0714049E-03 8.4513957E-03 8.8516492E-03 9.2730513E-03 9.7164465E-03 1.0182651E-02 1.0672411E-02 1.1186399E-02 1.1725169E-02 1.2289150E-02 1.2878587E-02 1.3493530E-02 1.4133768E-02 1.4798838E-02 1.5487904E-02 1.6199822E-02 1.6932994E-02 1.7685432E-02 1.8454643E-02 1.9237718E-02 2.0031180E-02 2.0831184E-02 2.1633303E-02 2.2432851E-02 2.3224579E-02 2.4003224E-02 2.4763079E-02 2.5500026E-02 2.6207646E-02 2.6876573E-02 2.7503137E-02 2.8082345E-02 2.8609350E-02 2.9079352E-02 2.9488361E-02 2.9832622E-02 3.0109294E-02 3.0315859E-02 3.0450813E-02 3.0513043E-02 3.0502504E-02 3.0419774E-02 3.0266909E-02 3.0044124E-02 2.9754179E-02 2.9400723E-02 2.8987708E-02 2.8517539E-02 2.7995916E-02
6.5729879E-03 6.8815309E-03 7.2074737E-03 7.5518009E-03 7.9155257E-03 8.2996972E-03 8.7053794E-03 9.1336574E-03 9.5856031E-03 1.0062286E-02 1.0564738E-02 1.1093938E-02 1.1650787E-02 1.2236086E-02 1.2850491E-02 1.3494472E-02 1.4168271E-02 1.4871874E-02 1.5604934E-02 1.6366746E-02 1.7156156E-02 1.7971570E-02 1.8810842E-02 1.9671302E-02 2.0549657E-02 2.1442078E-02 2.2344068E-02 2.3250662E-02 2.4156228E-02 2.5054874E-02 2.5940033E-02 2.6805071E-02 2.7641373E-02 2.8442634E-02 2.9205760E-02 2.9922018E-02 3.0584624E-02 3.1187387E-02 3.1724982E-02 3.2192312E-02 3.2585282E-02 3.2900188E-02 3.3134416E-02 3.3285808E-02 3.3353429E-02 3.3336811E-02 3.3236478E-02 3.3053041E-02 3.2790590E-02 3.2452140E-02 3.2041185E-02 3.1562191E-02 3.1022357E-02 3.0426411E-02
6.6981148E-03 7.0240758E-03 7.3690596E-03 7.7342032E-03 8.1207063E-03 8.5297972E-03 8.9627467E-03 9.4208578E-03 9.9054473E-03 1.0417826E-02 1.0959304E-02 1.1531128E-02 1.2134503E-02 1.2770511E-02 1.3440113E-02 1.4144058E-02 1.4882875E-02 1.5656780E-02 1.6465655E-02 1.7308921E-02 1.8185550E-02 1.9093916E-02 2.0031810E-02 2.0996302E-02 2.1983817E-02 2.2989959E-02 2.4009708E-02 2.5037175E-02 2.6066005E-02 2.7089011E-02 2.8098838E-02 2.9087503E-02 3.0048704E-02 3.0973552E-02 3.1849876E-02 3.2671858E-02 3.3432301E-02 3.4124289E-02 3.4741119E-02 3.5277095E-02 3.5726994E-02 3.6086794E-02 3.6353014E-02 3.6523502E-02 3.6596764E-02 3.6572717E-02 3.6452174E-02 3.6237810E-02 3.5930596E-02 3.5534486E-02 3.5054617E-02 3.4496695E-02 3.3864874E-02 3.3167090E-02
6.8185660E-03 7.1627018E-03 7.5276038E-03 7.9145934E-03 8.3250618E-03 8.7604597E-03 9.2222886E-03 9.7121093E-03 1.0231513E-02 1.0782118E-02 1.1365542E-02 1.1983383E-02 1.2637186E-02 1.3328413E-02 1.4058384E-02 1.4828237E-02 1.5638841E-02 1.6490776E-02 1.7384183E-02 1.8318770E-02 1.9293623E-02 2.0307234E-02 2.1357279E-02 2.2440702E-02 2.3553493E-02 2.4690811E-02 2.5846794E-02 2.7014803E-02 2.8187187E-02 2.9355751E-02 3.0511344E-02 3.1644586E-02 3.2743771E-02 3.3799704E-02 3.4806766E-02 3.5753123E-02 3.6629219E-02 3.7426297E-02 3.8136758E-02 3.8753442E-02 3.9270520E-02 3.9682828E-02 3.9986625E-02 4.0178977E-02 4.0258493E-02 4.0224608E-02 4.0078122E-02 3.9820269E-02 3.9456315E-02 3.8990662E-02 3.8428597E-02 3.7776697E-02 3.7044819E-02 3.6240228E-02
6.9326884E-03 7.2957347E-03 7.6814252E-03 8.0912793E-03 8.5269110E-03 8.9900121E-03 9.4823623E-03 1.0005812E-02 1.0562281E-02 1.1153731E-02 1.1782174E-02 1.2449594E-02 1.3157990E-02 1.3909260E-02 1.4705209E-02 1.5547426E-02 1.6437281E-02 1.7375771E-02 1.8363496E-02 1.9400464E-02 2.0486088E-02 2.1618957E-02 2.2796832E-02 2.4016427E-02 2.5273448E-02 2.6562372E-02 2.7876653E-02 2.9208422E-02 3.0548913E-02 3.1888146E-02 3.3215664E-02 3.4520090E-02 3.5791773E-02 3.7018124E-02 3.8182896E-02 3.9276972E-02 4.0289890E-02 4.1211657E-02 4.2032778E-02 4.2745128E-02 4.3341361E-02 4.3815736E-02 4.4163402E-02 4.4381298E-02 4.4467330E-02 4.4421330E-02 4.4244435E-02 4.3940168E-02 4.3510642E-02 4.2961571E-02 4.2300299E-02 4.1535173E-02 4.0673114E-02 3.9725460E-02
7.0387288E-03 7.4214111E-03 7.8287376E-03 8.2624629E-03 8.7244418E-03 9.2166504E-03 9.7411722E-03 1.0300199E-02 1.0896025E-02 1.1531033E-02 1.2207666E-02 1.2928422E-02 1.3695795E-02 1.4512264E-02 1.5380193E-02 1.6301811E-02 1.7279049E-02 1.8313551E-02 1.9406438E-02 2.0558273E-02 2.1768844E-02 2.3037078E-02 2.4360798E-02 2.5736701E-02 2.7160075E-02 2.8624890E-02 3.0123534E-02 3.1647049E-02 3.3184897E-02 3.4725513E-02 3.6255892E-02 3.7762459E-02 3.9228883E-02 4.0641513E-02 4.1990768E-02 4.3260232E-02 4.4436179E-02 4.5506060E-02 4.6458934E-02 4.7284681E-02 4.7974985E-02 4.8522569E-02 4.8922122E-02 4.9169533E-02 4.9262766E-02 4.9201038E-02 4.8985537E-02 4.8618335E-02 4.8106331E-02 4.7455989E-02 4.6675283E-02 4.5774028E-02 4.4766083E-02 4.3662746E-02
7.1344315E-03 7.5374283E-03 7.9672141E-03 8.4257796E-03 8.9152688E-03 9.4379606E-03 9.9962996E-03 1.0592856E-02 1.1230374E-02 1.1911696E-02 1.2639814E-02 1.3417785E-02 1.4248756E-02 1.5135860E-02 1.6082218E-02 1.7090775E-02 1.8164294E-02 1.9305158E-02 2.0515306E-02 2.1795968E-02 2.3147590E-02 2.4569534E-02 2.6059974E-02 2.7615551E-02 2.9231394E-02 3.0900709E-02 3.2614987E-02 3.4363642E-02 3.6134485E-02 3.7913360E-02 3.9685100E-02 4.1433092E-02 4.3142457E-02 4.4794884E-02 4.6367951E-02 4.7847480E-02 4.9218051E-02 5.0465107E-02 5.1575035E-02 5.2536201E-02 5.3338263E-02 5.3973030E-02 5.4433726E-02 5.4715898E-02 5.4816630E-02 5.4735493E-02 5.4473992E-02 5.4036755E-02 5.3427562E-02 5.2654658E-02 5.1728688E-02 5.0662059E-02 4.9466070E-02 4.8157398E-02
7.2173490E-03 7.6413103E-03 8.0943247E-03 8.5786618E-03 9.0967789E-03 9.6513098E-03 1.0245075E-02 1.0881111E-02 1.1562638E-02 1.2293071E-02 1.3076006E-02 1.3915209E-02 1.4814554E-02 1.5778027E-02 1.6809605E-02 1.7913228E-02 1.9092608E-02 2.0351205E-02 2.1691930E-02 2.3117049E-02 2.4627853E-02 2.6224516E-02 2.7905663E-02 2.9668253E-02 3.1507149E-02 3.3415083E-02 3.5382252E-02 3.7396573E-02 3.9443336E-02 4.1505910E-02 4.3565337E-02 4.5601517E-02 4.7590856E-02 4.9512669E-02 5.1351026E-02 5.3082466E-02 5.4686971E-02 5.6146353E-02 5.7444748E-02 5.8567800E-02 5.9503660E-02 6.0242154E-02 6.0775720E-02 6.1098542E-02 6.1207570E-02 6.1101619E-02 6.0782209E-02 6.0252484E-02 5.9521519E-02 5.8598783E-02 5.7496268E-02 5.6228757E-02 5.4816380E-02 5.3276882E-02
7.2844559E-03 7.7299592E-03 8.2069188E-03 8.7178992E-03 9.2657041E-03 9.8533491E-03 1.0484111E-02 1.1161511E-02 1.1889347E-02 1.2671670E-02 1.3512802E-02 1.4417293E-02 1.5389946E-02 1.6435707E-02 1.7559679E-02 1.8766942E-02 2.0062516E-02 2.1451136E-02 2.2937126E-02 2.4524033E-02 2.6214484E-02 2.8009700E-02 2.9909266E-02 3.1910587E-02 3.4008689E-02 3.6195654E-02 3.8460664E-02 4.0789463E-02 4.3164883E-02 4.5566469E-02 4.7971647E-02 5.0355501E-02 5.2694596E-02 5.4961476E-02 5.7124067E-02 5.9160132E-02 6.1046623E-02 6.2762164E-02 6.4287163E-02 6.5605007E-02 6.6701151E-02 6.7564093E-02 6.8184361E-02 6.8555534E-02 6.8673328E-02 6.8536788E-02 6.8147615E-02 6.7511708E-02 6.6634998E-02 6.5529324E-02 6.4210251E-02 6.2696449E-02 6.1006300E-02 5.9165113E-02
