T2-onemodel/GL23.grd
DSAA
         100         100
  -20.00000       20.00000    
  -20.00000       20.00000    
 -4.1837683E-03   1.168179    
[rows 72 to 95 of 100, columns 0 to 53 of 100]
6.1719287E-03 6.5830788E-03 7.0210495E-03 7.4878540E-03 7.9856496E-03 8.5167624E-03 9.0836948E-03 9.6891783E-03 1.0336126E-02 1.1027708E-02 1.1767299E-02 1.2558581E-02 1.3405478E-02 1.4312245E-02 1.5283421E-02 1.6323900E-02 1.7438874E-02 1.8633964E-02 1.9915091E-02 2.1288598E-02 2.2761174E-02 2.4339886E-02 2.6032133E-02 2.7845629E-02 2.9788332E-02 3.1868350E-02 3.4093857E-02 3.6472842E-02 3.9012995E-02 4.1721296E-02 4.4603787E-02 4.7664914E-02 5.0907981E-02 5.4332070E-02 5.7930894E-02 6.1696868E-02 6.5615654E-02 6.9666333E-02 7.3820092E-02 7.8040294E-02 8.2281604E-02 8.6491108E-02 9.0608671E-02 9.4569772E-02 9.8307423E-02 0.1017564 0.1048571 0.1075595 0.1098112 0.1115796 0.1128458 0.1135967 0.1138268 0.1135381
6.2306360E-03 6.6239452E-03 7.0423405E-03 7.4876188E-03 7.9617416E-03 8.4667942E-03 9.0050325E-03 9.5788687E-03 1.0190926E-02 1.0843979E-02 1.1541043E-02 1.2285311E-02 1.3080240E-02 1.3929503E-02 1.4837042E-02 1.5807033E-02 1.6843930E-02 1.7952453E-02 1.9137615E-02 2.0404659E-02 2.1759110E-02 2.3206724E-02 2.4753446E-02 2.6405390E-02 2.8168755E-02 3.0049730E-02 3.2054383E-02 3.4188468E-02 3.6457222E-02 3.8865179E-02 4.1415639E-02 4.4110443E-02 4.6948511E-02 4.9927555E-02 5.3043630E-02 5.6285728E-02 5.9639297E-02 6.3084528E-02 6.6596165E-02 7.0142522E-02 7.3686309E-02 7.7184342E-02 8.0589309E-02 8.3850555E-02 8.6916752E-02 8.9737341E-02 9.2264242E-02 9.4453111E-02 9.6277528E-02 9.7710475E-02 9.8729879E-02 9.9324167E-02 9.9488653E-02 9.9222802E-02
6.2590758E-03 6.6350326E-03 7.0344005E-03 7.4588167E-03 7.9100309E-03 8.3899330E-03 8.9005195E-03 9.4439555E-03 1.0022555E-02 1.0638785E-02 1.1295270E-02 1.1994828E-02 1.2740450E-02 1.3535326E-02 1.4382831E-02 1.5286542E-02 1.6250236E-02 1.7277882E-02 1.8373657E-02 1.9541899E-02 2.0787120E-02 2.2113962E-02 2.3527160E-02 2.5031494E-02 2.6631722E-02 2.8332451E-02 3.0138098E-02 3.2052606E-02 3.4079425E-02 3.6221083E-02 3.8479146E-02 4.0853631E-02 4.3343697E-02 4.5944870E-02 4.8648458E-02 5.1445581E-02 5.4322653E-02 5.7262007E-02 6.0241289E-02 6.3233942E-02 6.6208802E-02 6.9131151E-02 7.1963012E-02 7.4664801E-02 7.7196263E-02 7.9518676E-02 8.1596933E-02 8.3401479E-02 8.4897771E-02 8.6064354E-02 8.6888045E-02 8.7358214E-02 8.7468669E-02 8.7218925E-02
6.2623578E-03 6.6214525E-03 7.0023844E-03 7.4066087E-03 7.8357160E-03 8.2913768E-03 8.7753925E-03 9.2896745E-03 9.8362705E-03 1.0417340E-02 1.1035211E-02 1.1692312E-02 1.2391250E-02 1.3134761E-02 1.3925745E-02 1.4767241E-02 1.5662424E-02 1.6614623E-02 1.7627304E-02 1.8704010E-02 1.9848404E-02 2.1064185E-02 2.2355082E-02 2.3724770E-02 2.5176823E-02 2.6714614E-02 2.8341196E-02 3.0059189E-02 3.1870548E-02 3.3776511E-02 3.5777114E-02 3.7871171E-02 4.0054955E-02 4.2324100E-02 4.4673398E-02 4.7091987E-02 4.9567100E-02 5.2082676E-02 5.4619677E-02 5.7155408E-02 5.9664361E-02 6.2118053E-02 6.4486273E-02 6.6737361E-02 6.8839855E-02 7.0762873E-02 7.2476707E-02 7.3953234E-02 7.5177290E-02 7.6131053E-02 7.6798625E-02 7.7171199E-02 7.7244617E-02 7.7017233E-02
6.2446273E-03 6.5873833E-03 6.9504627E-03 7.3352000E-03 7.7429968E-03 8.1753610E-03 8.6338799E-03 9.1202548E-03 9.6362894E-03 1.0183882E-02 1.0765049E-02 1.1381916E-02 1.2036722E-02 1.2731827E-02 1.3469686E-02 1.4252882E-02 1.5084066E-02 1.5966011E-02 1.6901562E-02 1.7893603E-02 1.8945064E-02 2.0058876E-02 2.1237912E-02 2.2484956E-02 2.3802632E-02 2.5193295E-02 2.6658989E-02 2.8201237E-02 2.9821003E-02 3.1518415E-02 3.3292729E-02 3.5141926E-02 3.7063483E-02 3.9051928E-02 4.1098442E-02 4.3194972E-02 4.5330141E-02 4.7490105E-02 4.9658224E-02 5.1815648E-02 5.3941004E-02 5.6011293E-02 5.8001883E-02 5.9887707E-02 6.1643515E-02 6.3245252E-02 6.4671293E-02 6.5903611E-02 6.6918522E-02 6.7701787E-02 6.8244852E-02 6.8539903E-02 6.8581887E-02 6.8369940E-02
6.2095486E-03 6.5364894E-03 6.8823416E-03 7.2482824E-03 7.6355897E-03 8.0455886E-03 8.4796948E-03 8.9393994E-03 9.4263013E-03 9.9420482E-03 1.0488407E-02 1.1067200E-02 1.1680366E-02 1.2329905E-02 1.3017918E-02 1.3746551E-02 1.4518039E-02 1.5334657E-02 1.6198723E-02 1.7112559E-02 1.8078489E-02 1.9098794E-02 2.0175653E-02 2.1311119E-02 2.2507055E-02 2.3765035E-02 2.5086278E-02 2.6471544E-02 2.7920973E-02 2.9434050E-02 3.1009270E-02 3.2644141E-02 3.4334131E-02 3.6074478E-02 3.7860263E-02 3.9681993E-02 4.1529275E-02 4.3389756E-02 4.5249406E-02 4.7092102E-02 4.8900377E-02 5.0655112E-02 5.2336562E-02 5.3924274E-02 5.5398226E-02 5.6738742E-02 5.7926729E-02 5.8943558E-02 5.9780810E-02 6.0426630E-02 6.0869712E-02 6.1103839E-02 6.1126046E-02 6.0934834E-02
6.1600548E-03 6.4717224E-03 6.8009617E-03 7.1488344E-03 7.5164619E-03 7.9050334E-03 8.3157979E-03 8.7500736E-03 9.2092454E-03 9.6947625E-03 1.0208146E-02 1.0750979E-02 1.1324905E-02 1.1931639E-02 1.2572934E-02 1.3250602E-02 1.3966478E-02 1.4722428E-02 1.5520330E-02 1.6362026E-02 1.7249333E-02 1.8183984E-02 1.9167611E-02 2.0201674E-02 2.1287428E-02 2.2425821E-02 2.3617491E-02 2.4862563E-02 2.6160682E-02 2.7510751E-02 2.8911032E-02 3.0358754E-02 3.1850964E-02 3.3382345E-02 3.4944922E-02 3.6532056E-02 3.8134728E-02 3.9742447E-02 4.1342996E-02 4.2923022E-02 4.4467743E-02 4.5961663E-02 4.7388408E-02 4.8731625E-02 4.9974903E-02 5.1102810E-02 5.2101590E-02 5.2960116E-02 5.3661510E-02 5.4196324E-02 5.4559212E-02 5.4744720E-02 5.4749012E-02 5.4571502E-02
6.0988124E-03 6.3957525E-03 6.7090057E-03 7.0395074E-03 7.3882802E-03 7.7563524E-03 8.1448359E-03 8.5548805E-03 8.9877052E-03 9.4445618E-03 9.9267624E-03 1.0435663E-02 1.0972672E-02 1.1539228E-02 1.2136808E-02 1.2766912E-02 1.3431046E-02 1.4130728E-02 1.4867455E-02 1.5642665E-02 1.6457766E-02 1.7314048E-02 1.8212678E-02 1.9154651E-02 2.0140739E-02 2.1171441E-02 2.2246903E-02 2.3366848E-02 2.4530491E-02 2.5736505E-02 2.6982769E-02 2.8266450E-02 2.9583018E-02 3.0928122E-02 3.2297671E-02 3.3683769E-02 3.5078261E-02 3.6471795E-02 3.7854142E-02 3.9213832E-02 4.0538725E-02 4.1815791E-02 4.3031812E-02 4.4173196E-02 4.5226809E-02 4.6179708E-02 4.7019225E-02 4.7732595E-02 4.8315518E-02 4.8760045E-02 4.9058080E-02 4.9205374E-02 4.9200073E-02 4.9040977E-02
6.0279155E-03 6.3106772E-03 6.6085644E-03 6.9224210E-03 7.2531318E-03 7.6016290E-03 7.9688719E-03 8.3558811E-03 8.7636989E-03 9.1934195E-03 9.6461661E-03 1.0123104E-02 1.0625413E-02 1.1154315E-02 1.1711034E-02 1.2296809E-02 1.2912859E-02 1.3560405E-02 1.4240625E-02 1.4954637E-02 1.5703486E-02 1.6488111E-02 1.7309308E-02 1.8167704E-02 1.9063709E-02 1.9997440E-02 2.0968730E-02 2.1976976E-02 2.3021167E-02 2.4099723E-02 2.5210558E-02 2.6350833E-02 2.7517745E-02 2.8706577E-02 2.9910464E-02 3.1124214E-02 3.2340854E-02 3.3552527E-02 3.4750279E-02 3.5924613E-02 3.7065156E-02 3.8161293E-02 3.9201889E-02 4.0176019E-02 4.1072708E-02 4.1881770E-02 4.2594291E-02 4.3203395E-02 4.3696638E-02 4.4067703E-02 4.4313405E-02 4.4430014E-02 4.4414695E-02 4.4267196E-02
5.9492732E-03 6.2183989E-03 6.5015457E-03 6.7994492E-03 7.1129054E-03 7.4427212E-03 7.7897506E-03 8.1548663E-03 8.5389921E-03 8.9430492E-03 9.3680164E-03 9.8148668E-03 1.0284611E-02 1.0778256E-02 1.1296825E-02 1.1841315E-02 1.2412726E-02 1.3012010E-02 1.3640087E-02 1.4297795E-02 1.4985900E-02 1.5705049E-02 1.6455749E-02 1.7238326E-02 1.8052915E-02 1.8899368E-02 1.9777259E-02 2.0685801E-02 2.1623790E-02 2.2589609E-02 2.3581032E-02 2.4595315E-02 2.5628336E-02 2.6676374E-02 2.7736267E-02 2.8801603E-02 2.9866075E-02 3.0922648E-02 3.1963866E-02 3.2981474E-02 3.3966973E-02 3.4911271E-02 3.5805374E-02 3.6640011E-02 3.7406385E-02 3.8095739E-02 3.8699426E-02 3.9208461E-02 3.9621048E-02 3.9931834E-02 4.0134910E-02 4.0227421E-02 4.0208321E-02 4.0076729E-02
5.8643911E-03 6.1204331E-03 6.3894461E-03 6.6720992E-03 6.9690775E-03 7.2811027E-03 7.6089082E-03 7.9532648E-03 8.3149495E-03 8.6947801E-03 9.0935649E-03 9.5121413E-03 9.9513466E-03 1.0412022E-02 1.0894999E-02 1.1401094E-02 1.1931091E-02 1.2485737E-02 1.3065727E-02 1.3671682E-02 1.4304127E-02 1.4963479E-02 1.5650012E-02 1.6363835E-02 1.7104859E-02 1.7872741E-02 1.8666901E-02 1.9486392E-02 2.0329963E-02 2.1195902E-02 2.2082152E-02 2.2986084E-02 2.3905298E-02 2.4835784E-02 2.5771743E-02 2.6709244E-02 2.7642967E-02 2.8567040E-02 2.9474873E-02 3.0359657E-02 3.1214016E-02 3.2030553E-02 3.2801542E-02 3.3519533E-02 3.4177020E-02 3.4767147E-02 3.5284042E-02 3.5723493E-02 3.6076050E-02 3.6337439E-02 3.6505915E-02 3.6578927E-02 3.6554381E-02 3.6432240E-02
5.7746833E-03 6.0181739E-03 6.2736683E-03 6.5417434E-03 6.8230149E-03 7.1181026E-03 7.4276556E-03 7.7523291E-03 8.0928057E-03 8.4497649E-03 8.8239079E-03 9.2159249E-03 9.6265236E-03 1.0056385E-02 1.0506195E-02 1.0976595E-02 1.1468204E-02 1.1981589E-02 1.2517267E-02 1.3075664E-02 1.3657126E-02 1.4261885E-02 1.4890034E-02 1.5541512E-02 1.6216062E-02 1.6913226E-02 1.7632280E-02 1.8372232E-02 1.9131754E-02 1.9909216E-02 2.0702528E-02 2.1509221E-02 2.2325695E-02 2.3148902E-02 2.3976522E-02 2.4803376E-02 2.5624637E-02 2.6434988E-02 2.7228978E-02 2.8000599E-02 2.8743826E-02 2.9452225E-02 3.0119542E-02 3.0739350E-02 3.1305626E-02 3.1812325E-02 3.2253407E-02 3.2622319E-02 3.2918867E-02 3.3139382E-02 3.3279464E-02 3.3337202E-02 3.3312112E-02 3.3203539E-02
5.6812102E-03 5.9126834E-03 6.1552478E-03 6.4094178E-03 6.6757253E-03 6.9547212E-03 7.2469544E-03 7.5529991E-03 7.8734346E-03 8.2088439E-03 8.5598063E-03 8.9269085E-03 9.3107270E-03 9.7118253E-03 1.0130741E-02 1.0567987E-02 1.1024031E-02 1.1499301E-02 1.1994153E-02 1.2508877E-02 1.3043661E-02 1.3598590E-02 1.4173623E-02 1.4768563E-02 1.5383055E-02 1.6016526E-02 1.6668204E-02 1.7337037E-02 1.8021742E-02 1.8720672E-02 1.9431954E-02 2.0153299E-02 2.0882744E-02 2.1616962E-02 2.2351094E-02 2.3082215E-02 2.3806287E-02 2.4518929E-02 2.5215250E-02 2.5890317E-02 2.6538815E-02 2.7155526E-02 2.7734986E-02 2.8272022E-02 2.8761402E-02 2.9198457E-02 2.9579258E-02 2.9901303E-02 3.0157173E-02 3.0343978E-02 3.0460881E-02 3.0506145E-02 3.0478172E-02 3.0377110E-02
5.5850032E-03 5.8049769E-03 6.0351961E-03 6.2761088E-03 6.5281829E-03 6.7918878E-03 7.0677106E-03 7.3561356E-03 7.6576602E-03 7.9727676E-03 8.3019584E-03 8.6457003E-03 9.0044755E-03 9.3787285E-03 9.7688939E-03 1.0175359E-02 1.0598477E-02 1.1038549E-02 1.1495817E-02 1.1970437E-02 1.2462487E-02 1.2971940E-02 1.3498648E-02 1.4042322E-02 1.4602521E-02 1.5178623E-02 1.5769808E-02 1.6375042E-02 1.6993025E-02 1.7622255E-02 1.8260857E-02 1.8906727E-02 1.9556774E-02 2.0208556E-02 2.0860447E-02 2.1508276E-02 2.2148315E-02 2.2776576E-02 2.3389015E-02 2.3981236E-02 2.4548896E-02 2.5087386E-02 2.5592297E-02 2.6059071E-02 2.6483536E-02 2.6861439E-02 2.7188461E-02 2.7459713E-02 2.7675934E-02 2.7834594E-02 2.7932338E-02 2.7967881E-02 2.7941115E-02 2.7851526E-02
5.4868450E-03 5.6958306E-03 5.9142690E-03 6.1425567E-03 6.3810982E-03 6.6303033E-03 6.8905819E-03 7.1623605E-03 7.4460474E-03 7.7420594E-03 8.0507975E-03 8.3726589E-03 8.7080235E-03 9.0572489E-03 9.4206668E-03 9.7985724E-03 1.0191217E-02 1.0598799E-02 1.1021464E-02 1.1459273E-02 1.1912212E-02 1.2380163E-02 1.2862902E-02 1.3360073E-02 1.3871189E-02 1.4395583E-02 1.4932443E-02 1.5480722E-02 1.6039213E-02 1.6606430E-02 1.7180743E-02 1.7760204E-02 1.8343287E-02 1.8927252E-02 1.9508017E-02 2.0083450E-02 2.0650482E-02 2.1205829E-02 2.1745849E-02 2.2266937E-02 2.2765201E-02 2.3236908E-02 2.3678146E-02 2.4085263E-02 2.4454553E-02 2.4782779E-02 2.5067324E-02 2.5306782E-02 2.5495166E-02 2.5630487E-02 2.5712503E-02 2.5740018E-02 2.5711788E-02 2.5628038E-02
5.3874855E-03 5.5859778E-03 5.7931929E-03 6.0094679E-03 6.2351599E-03 6.4706174E-03 6.7162006E-03 6.9722557E-03 7.2391396E-03 7.5171888E-03 7.8067444E-03 8.1081167E-03 8.4216138E-03 8.7475097E-03 9.0860622E-03 9.4374763E-03 9.8019261E-03 1.0179529E-02 1.0570349E-02 1.0974371E-02 1.1391509E-02 1.1821582E-02 1.2264310E-02 1.2719293E-02 1.3186005E-02 1.3663781E-02 1.4151795E-02 1.4649061E-02 1.5154389E-02 1.5666446E-02 1.6183620E-02 1.6704135E-02 1.7225377E-02 1.7745418E-02 1.8263198E-02 1.8775322E-02 1.9278912E-02 1.9770931E-02 2.0248402E-02 2.0708043E-02 2.1146707E-02 2.1561027E-02 2.1947868E-02 2.2303952E-02 2.2626329E-02 2.2911968E-02 2.3157714E-02 2.3359807E-02 2.3519564E-02 2.3635224E-02 2.3704147E-02 2.3725478E-02 2.3699328E-02 2.3625288E-02
5.2874838E-03 5.4759686E-03 5.6724879E-03 5.8773449E-03 6.0908408E-03 6.3132793E-03 6.5449583E-03 6.7861811E-03 7.0372350E-03 7.2984085E-03 7.5699654E-03 7.8521650E-03 8.1452401E-03 8.4494036E-03 8.7648388E-03 9.0916930E-03 9.4300620E-03 9.7800037E-03 1.0141515E-02 1.0514526E-02 1.0898893E-02 1.1294391E-02 1.1700697E-02 1.2117385E-02 1.2543918E-02 1.2979623E-02 1.3423711E-02 1.3875209E-02 1.4333037E-02 1.4795894E-02 1.5262398E-02 1.5730925E-02 1.6200315E-02 1.6668333E-02 1.7131535E-02 1.7588394E-02 1.8036569E-02 1.8473594E-02 1.8896723E-02 1.9303299E-02 1.9690450E-02 2.0055471E-02 2.0395508E-02 2.0707970E-02 2.0990176E-02 2.1239858E-02 2.1455282E-02 2.1635763E-02 2.1776326E-02 2.1875605E-02 2.1933736E-02 2.1949876E-02 2.1923020E-02 2.1853447E-02
5.1873648E-03 5.3663091E-03 5.5526593E-03 5.7466696E-03 5.9486050E-03 6.1587198E-03 6.3772709E-03 6.6045057E-03 6.8406705E-03 7.0859902E-03 7.3406845E-03 7.6049482E-03 7.8789676E-03 8.1628952E-03 8.4568560E-03 8.7609394E-03 9.0751918E-03 9.3996171E-03 9.7341612E-03 1.0078709E-02 1.0433079E-02 1.0797009E-02 1.1170150E-02 1.1552067E-02 1.1942213E-02 1.2339941E-02 1.2744469E-02 1.3154902E-02 1.3570187E-02 1.3989182E-02 1.4410511E-02 1.4832710E-02 1.5253561E-02 1.5671564E-02 1.6086103E-02 1.6494391E-02 1.6894197E-02 1.7283184E-02 1.7659135E-02 1.8019592E-02 1.8362250E-02 1.8684624E-02 1.8984439E-02 1.9259313E-02 1.9507147E-02 1.9725729E-02 1.9912709E-02 2.0065131E-02 2.0184645E-02 2.0270001E-02 2.0319074E-02 2.0331284E-02 2.0306893E-02 2.0245556E-02
5.0875568E-03 5.2574165E-03 5.4340912E-03 5.6178067E-03 5.8087846E-03 6.0072420E-03 6.2133940E-03 6.4274478E-03 6.6496003E-03 6.8800370E-03 7.1189287E-03 7.3664282E-03 7.6226657E-03 7.8877509E-03 8.1617609E-03 8.4447432E-03 8.7366942E-03 9.0375813E-03 9.3473103E-03 9.6657276E-03 9.9926302E-03 1.0327725E-02 1.0670659E-02 1.1020985E-02 1.1378170E-02 1.1741573E-02 1.2110466E-02 1.2483982E-02 1.2861180E-02 1.3240941E-02 1.3622113E-02 1.4003355E-02 1.4383815E-02 1.4761664E-02 1.5133973E-02 1.5499691E-02 1.5857024E-02 1.6204096E-02 1.6538827E-02 1.6859243E-02 1.7163198E-02 1.7448714E-02 1.7713686E-02 1.7956240E-02 1.8174428E-02 1.8366642E-02 1.8531734E-02 1.8669495E-02 1.8775713E-02 1.8849421E-02 1.8890996E-02 1.8899843E-02 1.8875116E-02 1.8817127E-02
4.9884380E-03 5.1496504E-03 5.3171357E-03 5.4910830E-03 5.6716865E-03 5.8591259E-03 6.0535809E-03 6.2552169E-03 6.4641978E-03 6.6806688E-03 6.9047636E-03 7.1365898E-03 7.3762429E-03 7.6237912E-03 7.8792758E-03 8.1427004E-03 8.4140338E-03 8.6932061E-03 8.9800945E-03 9.2745246E-03 9.5762657E-03 9.8850206E-03 1.0200423E-02 1.0522035E-02 1.0849327E-02 1.1181700E-02 1.1518443E-02 1.1858772E-02 1.2201772E-02 1.2546476E-02 1.2891725E-02 1.3236325E-02 1.3578386E-02 1.3916754E-02 1.4251143E-02 1.4579257E-02 1.4899353E-02 1.5209623E-02 1.5508392E-02 1.5793802E-02 1.6064150E-02 1.6317584E-02 1.6552445E-02 1.6766962E-02 1.6959634E-02 1.7128829E-02 1.7272754E-02 1.7389020E-02 1.7479463E-02 1.7543182E-02 1.7578416E-02 1.7584784E-02 1.7562630E-02 1.7511651E-02
4.8902947E-03 5.0432840E-03 5.2020401E-03 5.3667296E-03 5.5375127E-03 5.7145408E-03 5.8979569E-03 6.0879048E-03 6.2845056E-03 6.4878780E-03 6.6981153E-03 6.9152992E-03 7.1394867E-03 7.3707155E-03 7.6089934E-03 7.8542987E-03 8.1065679E-03 8.3657075E-03 8.6315721E-03 8.9039709E-03 9.1826618E-03 9.4673391E-03 9.7576417E-03 1.0053133E-02 1.0353314E-02 1.0657595E-02 1.0965331E-02 1.1275761E-02 1.1588076E-02 1.1901333E-02 1.2214579E-02 1.2526712E-02 1.2837130E-02 1.3144330E-02 1.3445799E-02 1.3740839E-02 1.4028075E-02 1.4306093E-02 1.4573271E-02 1.4828149E-02 1.5069095E-02 1.5294663E-02 1.5503272E-02 1.5693564E-02 1.5864084E-02 1.6013706E-02 1.6141679E-02 1.6248103E-02 1.6329324E-02 1.6384661E-02 1.6414637E-02 1.6418822E-02 1.6396495E-02 1.6347962E-02
4.7933999E-03 4.9385699E-03 5.0890464E-03 5.2449615E-03 5.4064551E-03 5.5736494E-03 5.7466640E-03 5.9256079E-03 6.1105825E-03 6.3016685E-03 6.4989389E-03 6.7024422E-03 6.9122138E-03 7.1282573E-03 7.3505603E-03 7.5790724E-03 7.8137135E-03 8.0543663E-03 8.3008772E-03 8.5530374E-03 8.8106003E-03 9.0732621E-03 9.3406616E-03 9.6123833E-03 9.8879393E-03 1.0166786E-02 1.0448297E-02 1.0731793E-02 1.1016489E-02 1.1301579E-02 1.1586098E-02 1.1869064E-02 1.2148866E-02 1.2424625E-02 1.2696305E-02 1.2961986E-02 1.3220302E-02 1.3469849E-02 1.3709354E-02 1.3937386E-02 1.4152684E-02 1.4353843E-02 1.4539657E-02 1.4708788E-02 1.4860150E-02 1.4992518E-02 1.5104508E-02 1.5194135E-02 1.5263317E-02 1.5311399E-02 1.5336893E-02 1.5339542E-02 1.5319742E-02 1.5277215E-02
4.6979450E-03 4.8356899E-03 4.9783080E-03 5.1259166E-03 5.2786237E-03 5.4365359E-03 5.5997455E-03 5.7683401E-03 5.9423912E-03 6.1219623E-03 6.3070981E-03 6.4978255E-03 6.6941557E-03 6.8960744E-03 7.1035428E-03 7.3164958E-03 7.5348332E-03 7.7584274E-03 7.9871127E-03 8.2206782E-03 8.4588686E-03 8.7013887E-03 8.9478837E-03 9.1979532E-03 9.4511416E-03 9.7069191E-03 9.9647250E-03 1.0223899E-02 1.0483761E-02 1.0743515E-02 1.1002378E-02 1.1259451E-02 1.1514322E-02 1.1765757E-02 1.2011577E-02 1.2251351E-02 1.2484023E-02 1.2708514E-02 1.2923575E-02 1.3128090E-02 1.3320816E-02 1.3500680E-02 1.3666487E-02 1.3817247E-02 1.3951862E-02 1.4069526E-02 1.4169774E-02 1.4252912E-02 1.4315714E-02 1.4357698E-02 1.4379461E-02 1.4380697E-02 1.4360763E-02 1.4319970E-02
4.6041403E-03 4.7348337E-03 4.8700050E-03 5.0097476E-03 5.1541543E-03 5.3033065E-03 5.4572816E-03 5.6161415E-03 5.7799411E-03 5.9487182E-03 6.1225025E-03 6.3012987E-03 6.4851004E-03 6.6738743E-03 6.8675685E-03 7.0660985E-03 7.2693583E-03 7.4772071E-03 7.6894723E-03 7.9059396E-03 8.1263622E-03 8.3504450E-03 8.5778469E-03 8.8081881E-03 9.0410281E-03 9.2758862E-03 9.5122186E-03 9.7494405E-03 9.9868886E-03 1.0223893E-02 1.0459651E-02 1.0693363E-02 1.0923646E-02 1.1149826E-02 1.1372063E-02 1.1588730E-02 1.1798750E-02 1.2001018E-02 1.2194573E-02 1.2378303E-02 1.2551256E-02 1.2712358E-02 1.2860720E-02 1.2995332E-02 1.3115398E-02 1.3219976E-02 1.3307978E-02 1.3377728E-02 1.3431170E-02 1.3467818E-02 1.3486381E-02 1.3486687E-02 1.3469157E-02 1.3433538E-02
