T2-onemodel/GL23.grd
DSAA
         100         100
  -20.00000       20.00000    
  -20.00000       20.00000    
 -0.3388361       113.0246    
[rows 27 to 53 of 100, columns 0 to 61 of 100]
0.7594063 0.8036162 0.8511770 0.9023921 0.9575980 1.017162 1.081492 1.151033 1.226277 1.307760 1.396074 1.491856 1.595805 1.708672 1.831266 1.964443 2.109102 2.266174 2.436602 2.621309 2.821172 3.036967 3.269309 3.518587 3.784881 4.067871 4.366757 4.680178 5.006158 5.342090 5.684746 6.030371 6.374775 6.713677 7.042664 7.356731 7.651886 7.924455 8.171073 8.388844 8.575331 8.728511 8.846766 8.928819 8.973734 8.980951 8.950282 8.881637 8.775691 8.633651 8.457291 8.249014 8.011920 7.749506 7.465887 7.166172 6.854788 6.536200 6.214688 5.894120 5.577832 5.268594
0.7553321 0.8014971 0.8512498 0.9049277 0.9629060 1.025596 1.093458 1.166999 1.246781 1.333424 1.427612 1.530097 1.641707 1.763344 1.895990 2.040701 2.198608 2.370900 2.558811 2.763586 2.986449 3.228539 3.490844 3.774106 4.078715 4.404585 4.751032 5.116643 5.499194 5.895585 6.301865 6.713297 7.124558 7.529766 7.922987 8.299186 8.652912 8.979300 9.274263 9.534350 9.756721 9.939072 10.07955 10.17671 10.22944 10.23692 10.19868 10.11500 9.986407 9.814060 9.599975 9.347062 9.059119 8.741046 8.398334 8.036222 7.660986 7.278637 6.894642 6.513825 6.140253 5.777184
0.7477280 0.7958567 0.8478166 0.9039801 0.9647629 1.030626 1.102085 1.179712 1.264146 1.356097 1.456358 1.565802 1.685407 1.816245 1.959501 2.116466 2.288543 2.477235 2.684139 2.910904 3.159204 3.430667 3.726790 4.048826 4.397645 4.773559 5.176147 5.604055 6.054840 6.524866 7.009268 7.502074 7.996392 8.484975 8.960368 9.414557 9.841010 10.23398 10.58850 10.90049 11.16674 11.38465 11.55221 11.66781 11.73015 11.73834 11.69181 11.59013 11.43377 11.22400 10.96305 10.65432 10.30257 9.913579 9.494308 9.053212 8.598026 8.136341 7.675177 7.220593 6.777521 6.349757
0.7359447 0.7860336 0.8402019 0.8988582 0.9624618 1.031525 1.106621 1.188395 1.277566 1.374945 1.481437 1.598058 1.725946 1.866368 2.020740 2.190623 2.377743 2.583981 2.811369 3.062065 3.338316 3.642388 3.976473 4.342549 4.742202 5.176394 5.645205 6.147539 6.680861 7.240971 7.821927 8.416093 9.014491 9.607052 10.18351 10.73492 11.25235 11.72819 12.15643 12.53235 12.85237 13.11376 13.31438 13.45253 13.52675 13.53578 13.47857 13.35481 13.16448 12.90850 12.58913 12.21032 11.77790 11.29983 10.78562 10.24495 9.688834 9.127667 8.570591 8.025226 7.497528 6.991832
0.7192200 0.7712535 0.8276179 0.8887581 0.9551803 1.027447 1.106196 1.192145 1.286104 1.388987 1.501827 1.625786 1.762184 1.912505 2.078421 2.261807 2.464758 2.689598 2.938888 3.215400 3.522103 3.862088 4.238472 4.654234 5.112008 5.613769 6.160485 6.751674 7.384968 8.055718 8.756724 9.478262 10.20841 10.93404 11.64157 12.31710 12.94934 13.52906 14.04902 14.50391 14.88999 15.20456 15.44561 15.61145 15.70053 15.71139 15.64262 15.49270 15.26105 14.94806 14.55578 14.08849 13.55333 12.96011 12.32138 11.65235 10.96750 10.28054 9.603462 8.945855 8.314795 7.715055
0.6966898 0.7506409 0.8091713 0.8727694 0.9419831 1.017434 1.099823 1.189946 1.288703 1.397120 1.516365 1.647762 1.792821 1.953267 2.131057 2.328413 2.547850 2.792209 3.064661 3.368726 3.708255 4.087379 4.510419 4.981715 5.505376 6.084917 6.722776 7.419688 8.174001 8.980946 9.832085 10.71503 11.61384 12.50984 13.38348 14.21748 14.99606 15.70695 16.34160 16.89434 17.36165 17.74133 18.03182 18.23172 18.33945 18.35309 18.27035 18.08921 17.80765 17.42467 16.94132 16.36186 15.69470 14.95333 14.15548 13.32055 12.46971 11.62226 10.79406 9.997073 9.239482 8.526184
0.6673716 0.7231956 0.7838495 0.8498565 0.9218172 1.000405 1.086389 1.180641 1.284163 1.398093 1.523737 1.662592 1.816375 1.987064 2.176926 2.388565 2.624966 2.889544 3.186185 3.519274 3.893719 4.314933 4.788758 5.321320 5.918771 6.586858 7.330346 8.152156 9.052353 10.02692 11.06656 12.15590 13.27342 14.39320 15.48748 16.52895 17.49629 18.37423 19.15298 19.82721 20.39444 20.85373 21.20463 21.44643 21.57780 21.59655 21.49954 21.28256 20.94157 20.47324 19.87644 19.15419 18.31602 17.37899 16.36781 15.31334 14.24566 13.19146 12.17177 11.20117 10.28853 9.438212
0.6302046 0.6878452 0.7505587 0.8189105 0.8935462 0.9751952 1.064692 1.162994 1.271196 1.390557 1.522525 1.668774 1.831238 2.012158 2.214134 2.440180 2.693789 2.979012 3.300525 3.663704 4.074689 4.540411 5.068583 5.667596 6.346297 7.113569 7.977661 8.945161 10.01957 11.19941 12.47602 13.83130 15.23660 16.65367 18.03951 19.35527 20.56957 21.66212 22.62277 23.44797 24.13795 24.69435 25.11885 25.41216 25.57351 25.60025 25.48780 25.23018 24.81977 24.24881 23.51152 22.60735 21.54531 20.34826 19.05324 17.70494 16.34982 15.02669 13.76308 12.57588 11.47346 10.45823
0.5840817 0.6434643 0.7081609 0.7787672 0.8559832 0.9405876 1.033486 1.135709 1.248458 1.373101 1.511243 1.664723 1.835708 2.026703 2.240658 2.481007 2.751789 3.057725 3.404363 3.798152 4.246625 4.758449 5.343541 6.013041 6.779216 7.655090 8.653878 9.787842 11.06664 12.49470 14.06756 15.76712 17.55691 19.38111 21.17162 22.86186 24.40482 25.77581 26.96678 27.97948 28.81970 29.49402 30.00781 30.36425 30.56376 30.60368 30.47800 30.17693 29.68791 28.99626 28.08746 26.95213 25.59444 24.04196 22.35066 20.59706 18.85435 17.17814 15.60296 14.14586 12.81201 11.59930
0.5280081 0.5890501 0.6556289 0.7283874 0.8080577 0.8954847 0.9916285 1.097610 1.214712 1.344432 1.488506 1.648962 1.828174 2.028937 2.254528 2.508832 2.796421 3.122738 3.494209 3.918455 4.404475 4.962868 5.606004 6.348211 7.205805 8.197016 9.341571 10.65987 12.17140 13.89192 15.82859 17.97170 20.28226 22.67930 25.04392 27.25910 29.24846 30.98365 32.46658 33.71124 34.73440 35.55096 36.17240 36.60581 36.85370 36.91348 36.77731 36.43200 35.85791 35.02948 33.91699 32.49197 30.74118 28.69251 26.43756 24.11033 21.83545 19.69279 17.72014 15.92858 14.31452 12.86716
0.4613889 0.5239866 0.5923354 0.6671115 0.7490960 0.8391766 0.9383816 1.047902 1.169116 1.303630 1.453322 1.620385 1.807411 2.017457 2.254141 2.521769 2.825463 3.171356 3.566784 4.020530 4.543118 5.147138 5.847574 6.662190 7.611828 8.720684 10.01638 11.52976 13.29414 15.34361 17.70884 20.40762 23.42201 26.65368 29.88753 32.87442 35.48214 37.69585 39.54731 41.07700 42.32095 43.30770 44.05786 44.58451 44.89344 44.98319 44.84459 44.45927 43.79931 42.82482 41.48268 39.70797 37.44000 34.67691 31.56945 28.39645 25.38065 22.62260 20.14739 17.94599 15.99657 14.27333
0.3848342 0.4488799 0.5188562 0.5955137 0.6796281 0.7721819 0.8742106 0.9870269 1.112042 1.251023 1.405910 1.579133 1.773402 1.992108 2.239097 2.519176 2.837873 3.202104 3.619932 4.101415 4.658386 5.305569 6.060318 6.944095 7.982082 9.205057 10.64875 12.35627 14.37693 16.76964 19.60005 22.94229 26.85511 31.30437 35.91267 40.07269 43.54268 46.38051 48.69218 50.56800 52.07578 53.26400 54.16683 54.80527 55.19061 55.32263 55.19188 54.77570 54.03808 52.92122 51.34351 49.18233 46.27713 42.48676 38.04330 33.59818 29.55787 26.00248 22.90420 20.20950 17.86483 15.82152
0.3020652 0.3673678 0.4388917 0.5171943 0.6033161 0.6980432 0.8027174 0.9184514 1.047001 1.189952 1.349652 1.528367 1.729309 1.955761 2.212204 2.503444 2.835846 3.216535 3.654770 4.161181 4.749396 5.435431 6.239501 7.185699 8.304020 9.630497 11.20944 13.09466 15.35215 18.06481 21.33691 25.30909 30.15880 36.05423 42.57600 48.42096 53.04741 56.68121 59.55541 61.84712 63.66516 65.09059 66.17173 66.94396 67.42287 67.61431 67.50749 67.07791 66.28079 65.04483 63.25948 60.74349 57.21012 52.23967 45.98407 39.77806 34.40448 29.85714 26.01092 22.73533 19.93385 17.52394
0.2207529 0.2871430 0.3600841 0.4398077 0.5277629 0.6243776 0.7314559 0.8497183 0.9814677 1.127859 1.291890 1.475362 1.682280 1.915430 2.180281 2.481139 2.825654 3.220479 3.676593 4.204297 4.819640 5.538640 6.385091 7.383811 8.570383 9.983057 11.67535 13.70639 16.15842 19.12668 22.74727 27.19142 32.70888 39.56010 47.57089 55.22775 61.27589 65.88357 69.43394 72.21731 74.39719 76.09902 77.38663 78.31757 78.90907 79.18016 79.11409 78.69530 77.86535 76.55432 74.62290 71.87383 67.94685 62.32338 54.79586 46.81274 39.89617 34.18877 29.47477 25.53235 22.21182 19.38795
0.1470486 0.2146182 0.2885467 0.3697630 0.4590364 0.5575644 0.6664149 0.7871715 0.9213375 1.071028 1.238387 1.426303 1.637864 1.877115 2.148554 2.457967 2.811994 3.219079 3.689202 4.234907 4.871339 5.617436 6.496366 7.536921 8.774654 10.25344 12.02785 14.16511 16.75007 19.88860 23.71897 28.41758 34.21561 41.35231 49.87054 58.82760 66.43152 72.18599 76.54605 79.89894 82.50475 84.52020 86.05153 87.16273 87.89413 88.26247 88.26581 87.88071 87.05853 85.71954 83.73200 80.89486 76.88136 71.23324 63.52253 54.44586 45.98694 39.00347 33.30643 28.61809 24.71201 21.42934
8.3215937E-02 0.1517065 0.2265384 0.3089275 0.3993803 0.4994205 0.6098256 0.7325611 0.8687986 1.021112 1.191259 1.382696 1.598071 1.842121 2.118850 2.434912 2.796382 3.212825 3.693590 4.252677 4.904549 5.670087 6.571706 7.640849 8.912175 10.43314 12.25695 14.45518 17.10913 20.32748 24.23526 28.99843 34.80217 41.86265 50.29721 59.77718 68.76619 75.84825 81.15958 85.18445 88.28126 90.66007 92.47013 93.79135 94.68699 95.17599 95.27208 94.94901 94.17279 92.85813 90.89658 88.09560 84.19952 78.81521 71.52299 62.28503 52.62622 44.29746 37.51866 31.99686 27.44148 23.64900
2.9407488E-02 9.8405562E-02 0.1742060 0.2572760 0.3489277 0.4498875 0.5618059 0.6857705 0.8239380 0.9779123 1.150560 1.344246 1.562882 1.810008 2.091048 2.411310 2.778528 3.200735 3.689201 4.256162 4.918336 5.694505 6.609690 7.692717 8.981182 10.51890 12.36193 14.57588 17.24310 20.46002 24.34523 29.03603 34.69388 41.49129 49.58185 58.94556 68.76922 77.25386 83.68128 88.50723 92.16955 94.97430 97.09836 98.66750 99.74878 100.3894 100.5992 100.3732 99.67223 98.43555 96.55668 93.88688 90.20560 85.21556 78.53451 69.83550 59.69046 50.09143 42.14341 35.69050 30.41902 26.05831
-1.5277112E-02 5.4270845E-02 0.1306164 0.2143655 0.3067177 0.4085207 0.5213321 0.6463632 0.7856786 0.9410050 1.115122 1.310524 1.531044 1.780325 2.063755 2.386712 2.756894 3.182362 3.674352 4.245006 4.910949 5.690648 6.608869 7.693595 8.981711 10.51511 12.34796 14.54152 17.17337 20.32997 24.11857 28.65533 34.08102 40.53955 48.19083 57.11791 67.08157 76.71754 84.43748 90.20763 94.54398 97.83713 100.3279 102.1771 103.4768 104.2910 104.6412 104.5357 103.9436 102.8198 101.0722 98.58435 95.17138 90.60444 84.55360 76.66804 66.83921 56.38027 47.20604 39.72918 33.65418 28.66712
-5.1615741E-02 1.8427819E-02 9.4979949E-02 0.1793157 0.2719396 0.3744392 0.4875970 0.6134427 0.7531928 0.9094710 1.084108 1.280594 1.501686 1.752148 2.036111 2.360211 2.730670 3.156914 3.648388 4.218711 4.882218 5.658865 6.570332 7.645908 8.918066 10.42938 12.22731 14.37232 16.93126 19.98684 23.62878 27.96497 33.10979 39.19725 46.36408 54.74742 64.34911 74.53854 83.56760 90.45889 95.60168 99.46421 102.3830 104.5500 106.1041 107.1152 107.6356 107.6710 107.2179 106.2308 104.6506 102.3692 99.25333 95.10329 89.66856 82.60712 73.60474 63.02114 52.75032 44.15710 37.18031 31.49674
-8.0262832E-02 -1.0165703E-02 6.6664778E-02 0.1510676 0.2439876 0.3465431 0.4600069 0.5858976 0.7259238 0.8821725 1.057003 1.253305 1.474385 1.724317 2.007809 2.330709 2.699766 3.123464 3.611689 4.176836 4.833469 5.599833 6.497399 7.552944 8.797843 10.27078 12.01661 14.08971 16.55179 19.47622 22.94399 27.04969 31.89501 37.59911 44.28633 52.09690 61.12408 71.21641 81.20735 89.38065 95.48074 100.0291 103.4391 105.9790 107.8171 109.0579 109.7653 109.9676 109.6695 108.8447 107.4466 105.3922 102.5733 98.82811 93.95374 87.66029 79.61410 69.62740 58.75468 49.00751 41.03270 34.55932
-0.1020413 -3.2059897E-02 4.4842437E-02 0.1290760 0.2220206 0.3243228 0.4377298 0.5632191 0.7030380 0.8586476 1.032995 1.228252 1.448360 1.696543 1.978196 2.298113 2.663776 3.082313 3.564334 4.120442 4.765792 5.516150 6.393279 7.420377 8.628490 10.05107 11.73163 13.71684 16.06569 18.84058 22.11832 25.97853 30.51800 35.83560 42.05306 49.29386 57.69361 67.28276 77.59480 86.98637 94.22907 99.59871 103.5887 106.5605 108.7225 110.2247 111.1429 111.5337 111.4056 110.7597 109.5530 107.7348 105.2056 101.8503 97.48667 91.89265 84.74723 75.73312 65.01579 54.32173 45.25528 37.89238
-0.1175940 -4.7656268E-02 2.8856704E-02 0.1129583 0.2053829 0.3074165 0.4201025 0.5450994 0.6838829 0.8386462 1.011460 1.205284 1.423061 1.668840 1.946852 2.262723 2.622548 3.034266 3.506734 4.051248 4.680690 5.411237 6.261566 7.254758 8.417574 9.782477 11.38698 13.27560 15.49916 18.11654 21.19398 24.80645 29.03768 33.98166 39.74445 46.44330 54.21078 63.15319 73.18773 83.35205 91.86333 98.21321 102.9048 106.3727 108.9132 110.7025 111.8593 112.4497 112.5112 112.0485 111.0451 109.4570 107.2149 104.2175 100.3243 95.34645 89.01972 81.01720 71.09251 60.03474 49.87779 41.52668
-0.1270864 -5.7486411E-02 1.8571669E-02 0.1021885 0.1939707 0.2953040 0.4070649 0.5310275 0.6684635 0.8216861 0.9924996 1.183982 1.398740 1.640913 1.914261 2.224485 2.576999 2.979711 3.440518 3.970481 4.581048 5.287832 6.107344 7.061541 8.173940 9.475055 10.99768 12.78337 14.87638 17.33165 20.20680 23.57227 27.50081 32.08118 37.40493 43.58744 50.74471 59.01360 68.44886 78.72206 88.34029 95.85508 101.3846 105.4440 108.4170 110.5338 111.9543 112.7636 113.0246 112.7528 111.9541 110.5929 108.6259 105.9641 102.5038 98.07585 92.47739 85.40227 76.53050 65.86852 54.92317 45.49849
-0.1306470 -6.1728060E-02 1.3872158E-02 9.6594892E-02 0.1876909 0.2878277 0.3985642 0.5208847 0.6567906 0.8077022 0.9762173 1.164386 1.375643 1.612959 1.880945 2.183882 2.528050 2.919629 3.367304 3.879956 4.469670 5.149211 5.935397 6.846406 7.905568 9.138319 10.57661 12.25526 14.21700 16.50820 19.18447 22.30567 25.94251 30.17120 35.08130 40.76970 47.35251 54.95496 63.69538 73.54254 83.73216 92.48092 99.01371 103.7860 107.2563 109.7492 111.4526 112.5018 112.9665 112.8950 112.2947 111.1595 109.4482 107.1036 104.0294 100.1021 95.13913 88.89894 81.05821 71.33391 60.26260 49.82505
-0.1284220 -6.0139999E-02 1.4611530E-02 9.6457191E-02 0.1864131 0.2853159 0.3944845 0.5150644 0.6487772 0.7971941 0.9625913 1.147139 1.353885 1.585857 1.847199 2.142138 2.476355 2.855803 3.288350 3.782375 4.348804 4.999482 5.749575 6.615676 7.618781 8.781869 10.13363 11.70535 13.53549 15.66568 18.14637 21.03141 24.38564 28.27731 32.78926 38.00953 44.04638 51.01300 59.04507 68.21803 78.31487 88.02631 95.73189 101.3520 105.4165 108.3325 110.3570 111.6593 112.3399 112.4667 112.0651 111.1442 109.6773 107.6254 104.9091 101.4305 97.03455 91.52891 84.62370 75.99780 65.53655 54.49351
-0.1201190 -5.2546255E-02 2.1112397E-02 0.1019681 0.1904748 0.2880021 0.3952211 0.5138485 0.6448925 0.7905223 0.9521965 1.132718 1.334184 1.560278 1.813996 2.100240 2.423282 2.789711 3.205637 3.679972 4.221398 4.842085 5.554268 6.374562 7.320069 8.413367 9.678046 11.14447 12.84454 14.81852 17.10861 19.76719 22.84889 26.42104 30.55363 35.33227 40.84818 47.21514 54.55209 62.98661 72.52638 82.58938 91.45654 98.08997 102.8635 106.2635 108.6443 110.2128 111.1191 111.4405 111.2356 110.5150 109.2811 107.4946 105.1081 102.0291 98.14570 93.28171 87.21491 79.62720 70.21535 59.29073
-0.1051784 -3.8682599E-02 3.3962492E-02 0.1134115 0.2005282 0.2961776 0.4014755 0.5175732 0.6459245 0.7880819 0.9459497 1.121631 1.317657 1.536885 1.782737 2.059122 2.370647 2.722698 3.121597 3.574741 4.090791 4.679955 5.354126 6.127337 7.015859 8.038898 9.218563 10.58085 12.15543 13.97709 16.08504 18.52494 21.34770 24.61228 28.38390 32.73960 37.76353 43.55713 50.23192 57.91951 66.71348 76.48397 86.12478 93.90479 99.51540 103.4904 106.2640 108.1249 109.2557 109.7746 109.7528 109.2259 108.2033 106.6671 104.5784 101.8668 98.43799 94.15007 88.81789 82.17078 73.88779 63.76954
