T2-onemodel/GL23.grd
DSAA
         100         100
  -20.00000       20.00000    
  -20.00000       20.00000    
 -0.3388361       113.0246    
[rows 54 to 80 of 100, columns 0 to 61 of 100]
-8.3122686E-02 -1.7793702E-02 5.3659827E-02 0.1315751 0.2170843 0.3106958 0.4138016 0.5271499 0.6524881 0.7908890 0.9445583 1.115028 1.305141 1.517055 1.754478 2.020452 2.319828 2.656884 3.038102 3.469437 3.959546 4.516749 5.152689 5.878868 6.710973 7.664829 8.761509 10.02258 11.47613 13.15121 15.08497 17.31580 19.89220 22.86429 26.29477 30.24754 34.80434 40.05000 46.09409 53.04976 61.04990 70.13273 79.87697 88.68634 95.28535 99.93103 103.1440 105.3137 106.6712 107.3814 107.5311 107.1842 106.3547 105.0478 103.2267 100.8498 97.82777 94.05837 89.37351 83.56800 76.33361 67.35909
-5.3284731E-02 1.0962662E-02 8.0882169E-02 0.1573333 0.2408476 0.3324734 0.4329437 0.5435782 0.6653852 0.8000345 0.9489083 1.114156 1.297665 1.502228 1.730443 1.985964 2.272345 2.594428 2.957092 3.366790 3.830209 4.355978 4.953274 5.633667 6.409693 7.296875 8.312273 9.476665 10.81305 12.34912 14.11560 16.14893 18.48958 21.18482 24.28726 27.85854 31.96712 36.69293 42.12839 48.38193 55.57809 63.82539 73.06122 82.38962 90.04137 95.46529 99.18715 101.6774 103.2657 104.1495 104.4613 104.2717 103.6220 102.5180 100.9469 98.86742 96.21901 92.90879 88.80960 83.74355 77.46316 69.65172
-1.4605720E-02 4.8318397E-02 0.1167238 0.1914529 0.2729638 0.3623036 0.4601154 0.5676876 0.6859154 0.8164214 0.9604301 1.120007 1.296818 1.493544 1.712451 1.957021 2.230341 2.536972 2.881150 3.268879 3.705927 4.200275 4.759778 5.395052 6.116790 6.939129 7.876574 8.947986 10.17287 11.57632 13.18439 15.03016 17.14796 19.58112 22.37425 25.58278 29.26452 33.49284 38.34425 43.91937 50.32376 57.68906 66.07773 75.20567 83.65167 89.95484 94.23327 97.05927 98.86283 99.90395 100.3545 100.3037 99.81125 98.88919 97.54041 95.73049 93.41886 90.52329 86.94999 82.54433 77.11888 70.38497
3.3793438E-02 9.5170237E-02 0.1620968 0.2348365 0.3143829 0.4011409 0.4963090 0.6004905 0.7151493 0.8411399 0.9802858 1.133784 1.303919 1.492360 1.702019 1.935197 2.195598 2.486394 2.812416 3.177956 3.589315 4.052378 4.575389 5.166339 5.836110 6.595522 7.458968 8.441056 9.560779 10.83778 12.29707 13.96472 15.87337 18.05705 20.55783 23.42026 26.69820 30.44880 34.74296 39.65855 45.29430 51.76034 59.17160 67.51456 76.10226 83.21748 88.09574 91.26082 93.24627 94.41851 94.97448 95.04289 94.68018 93.92350 92.76958 91.20757 89.19458 86.67940 83.57364 79.76891 75.10104 69.35468
9.2460334E-02 0.1524053 0.2175634 0.2884283 0.3656870 0.4499700 0.5421519 0.6430448 0.7537584 0.8753477 1.009226 1.156774 1.319806 1.500143 1.700137 1.922170 2.169300 2.444683 2.752326 3.096388 3.482141 3.915116 4.402246 4.950893 5.570220 6.270010 7.062404 7.960400 8.980039 10.13857 11.45710 12.95825 14.66959 16.62049 18.84638 21.38397 24.27844 27.57669 31.33679 35.62006 40.50660 46.08291 52.46120 59.71021 67.65195 75.09312 80.51162 83.94879 86.06448 87.31170 87.94214 88.09578 87.84347 87.22442 86.24503 84.90073 83.16019 80.98454 78.30415 75.03709 71.05379 66.19475
0.1614362 0.2199096 0.2831896 0.3521320 0.4269789 0.5087421 0.5977923 0.6953515 0.8019627 0.9191061 1.047557 1.189135 1.344920 1.517174 1.707392 1.918411 2.152256 2.412513 2.701955 3.025134 3.385789 3.789773 4.242119 4.750361 5.321275 5.964598 6.689411 7.508360 8.433509 9.481296 10.66764 12.01371 13.54017 15.27381 17.24078 19.47500 22.00851 24.88236 28.13579 31.81998 35.98508 40.69953 46.03185 52.06206 58.77131 65.64983 71.21148 74.74624 76.87696 78.12680 78.78893 78.99418 78.82999 78.32426 77.50114 76.34734 74.85411 72.97993 70.68625 67.89764 64.53436 60.46482
0.2387330 0.2955228 0.3570211 0.4238135 0.4963498 0.5753471 0.6613790 0.7553403 0.8579778 0.9704073 1.093593 1.228930 1.377683 1.541620 1.722378 1.922211 2.143239 2.388352 2.660326 2.962858 3.299578 3.675257 4.094640 4.563894 5.089241 5.678652 6.340281 7.084451 7.921772 8.865601 9.929627 11.13091 12.48680 14.01878 15.74815 17.70041 19.90061 22.37885 25.16275 28.28603 31.77800 35.67622 40.00873 44.80687 50.03876 55.47733 60.22638 63.42799 65.38471 66.55932 67.20027 67.43163 67.32688 66.91737 66.22357 65.24119 63.96382 62.36293 60.41045 58.05305 55.23660 51.87270
0.3179876 0.3730817 0.4327132 0.4973430 0.5674798 0.6436957 0.7266216 0.8169798 0.9155685 1.023290 1.141153 1.270301 1.412009 1.567738 1.739105 1.927974 2.136406 2.366782 2.621755 2.904361 3.218003 3.566594 3.954502 4.386757 4.868990 5.407661 6.010015 6.684345 7.439914 8.287295 9.238214 10.30591 11.50487 12.85107 14.36165 16.05545 17.95119 20.06820 22.42469 25.03778 27.92050 31.08107 34.51551 38.19930 42.05325 45.87327 49.21853 51.68019 53.31166 54.33999 54.92247 55.15348 55.08775 54.75599 54.17296 53.34075 52.25319 50.89478 49.24318 47.26690 44.92810 42.17917
0.3915262 0.4449078 0.5026130 0.5650669 0.6327443 0.7061727 0.7859378 0.8727006 0.9671945 1.070245 1.182770 1.305804 1.440505 1.588178 1.750285 1.928475 2.124590 2.340723 2.579214 2.842712 3.134190 3.457022 3.814977 4.212344 4.653923 5.145142 5.692090 6.301627 6.981399 7.739978 8.586828 9.532402 10.58803 11.76602 13.07914 14.54011 16.16175 17.95578 19.93159 22.09488 24.44520 26.97284 29.65284 32.43562 35.22962 37.88130 40.18312 41.97960 43.26582 44.12066 44.62463 44.83641 44.79472 44.52281 44.03308 43.32945 42.40866 41.26144 39.87379 38.22714 36.30012 34.07017
0.4556663 0.5073091 0.5630626 0.6233175 0.6885158 0.7591419 0.8357367 0.9189036 1.009317 1.107723 1.214961 1.331960 1.459767 1.599546 1.752606 1.920406 2.104581 2.306967 2.529618 2.774828 3.045184 3.343570 3.673226 4.037773 4.441271 4.888242 5.383746 5.933387 6.543388 7.220586 7.972469 8.807090 9.733049 10.75917 11.89444 13.14783 14.52691 16.03747 17.68235 19.45975 21.36113 23.36824 25.44919 27.55323 29.60597 31.50959 33.16212 34.49541 35.49496 36.18656 36.60751 36.79115 36.76228 36.53774 36.12709 35.53391 34.75739 33.79294 32.63286 31.26774 29.68787 27.88626
0.5097814 0.5596724 0.6134583 0.6715033 0.7342152 0.8020394 0.8754705 0.9550638 1.041429 1.135247 1.237272 1.348345 1.469399 1.601479 1.745745 1.903490 2.076149 2.265331 2.472822 2.700612 2.950921 3.226217 3.529247 3.863063 4.231052 4.636960 5.084926 5.579491 6.125618 6.728696 7.394490 8.129095 8.938803 9.830012 10.80874 11.87995 13.04770 14.31383 15.67692 17.13105 18.66408 20.25583 21.87600 23.48266 25.02248 26.43588 27.66738 28.67828 29.45658 30.00953 30.35364 30.50669 30.48382 30.29603 29.95048 29.45102 28.79815 27.99011 27.02379 25.89569 24.60363 23.14904
0.5544532 0.6025826 0.6543970 0.7102326 0.7704639 0.8355000 0.9057941 0.9818494 1.064221 1.153522 1.250437 1.355716 1.470194 1.594800 1.730559 1.878610 2.040212 2.216763 2.409812 2.621073 2.852441 3.106014 3.384106 3.689263 4.024290 4.392251 4.796503 5.240665 5.728646 6.264595 6.852875 7.497935 8.204227 8.975865 9.816527 10.72927 11.71531 12.77377 13.90089 15.08892 16.32520 17.59101 18.86100 20.10319 21.28069 22.35514 23.29305 24.07239 24.68221 25.12262 25.40036 25.52452 25.50389 25.34578 25.05532 24.63538 24.08753 23.41210 22.60885 21.67803 20.62159 19.44506
0.5906511 0.6370181 0.6868664 0.7405036 0.7982715 0.8605462 0.9277409 1.000311 1.078759 1.163639 1.255564 1.355203 1.463302 1.580680 1.708244 1.846990 1.998015 2.162534 2.341881 2.537519 2.751061 2.984277 3.239098 3.517635 3.822187 4.155239 4.519468 4.917728 5.353036 5.828537 6.347425 6.912875 7.527885 8.195183 8.916798 9.693483 10.52498 11.40904 12.34086 13.31243 14.31204 15.32379 16.32759 17.29985 18.21488 19.04784 19.77722 20.38645 20.86746 21.21820 21.44079 21.53956 21.51944 21.38485 21.13946 20.78624 20.32696 19.76299 19.09582 18.32773 17.46274 16.50775
0.6194545 0.6640690 0.7119631 0.7634199 0.8187541 0.8783057 0.9424511 1.011602 1.086213 1.166781 1.253852 1.348024 1.449958 1.560377 1.680075 1.809922 1.950872 2.103971 2.270360 2.451288 2.648116 2.862323 3.095512 3.349418 3.625906 3.926964 4.254707 4.611344 4.999168 5.420495 5.877614 6.372674 6.907580 7.483717 8.101889 8.762259 9.463367 10.20215 10.97358 11.77018 12.58182 13.39553 14.19583 14.96529 15.68579 16.33976 16.91222 17.39297 17.77482 18.05462 18.23234 18.30980 18.28961 18.17471 17.96771 17.67064 17.28563 16.81475 16.26038 15.62576 14.91563 14.13703
0.6418932 0.6847677 0.7307293 0.7800345 0.8329710 0.8898469 0.9510047 1.016815 1.087686 1.164061 1.246430 1.335323 1.431322 1.535061 1.647236 1.768604 1.899987 2.042282 2.196465 2.363587 2.544793 2.741312 2.954462 3.185655 3.436388 3.708235 4.002841 4.321890 4.667080 5.040081 5.442462 5.875617 6.340635 6.838262 7.368550 7.930443 8.522163 9.140549 9.780805 10.43634 11.09867 11.75746 12.40084 13.01592 13.58960 14.10978 14.56597 14.94914 15.25405 15.47783 15.61952 15.67955 15.65929 15.56034 15.38461 15.13430 14.81131 14.41781 13.95653 13.43101 12.84604 12.20803
0.6589149 0.7000719 0.7441270 0.7913166 0.8418998 0.8961574 0.9543974 1.016954 1.084193 1.156510 1.234339 1.318149 1.408452 1.505804 1.610809 1.724122 1.846450 1.978559 2.121274 2.275483 2.442135 2.622246 2.816890 3.027206 3.254382 3.499648 3.764262 4.049482 4.356540 4.686591 5.040664 5.419570 5.823831 6.253456 6.707968 7.186430 7.686680 8.205540 8.738672 9.280431 9.823862 10.36079 10.88210 11.37812 11.83920 12.25613 12.62094 12.92813 13.17294 13.35247 13.46538 13.51149 13.49137 13.40620 13.25737 13.04628 12.77492 12.44555 12.06091 11.62447 11.14066 10.61514
0.6713454 0.7108107 0.7529939 0.7981077 0.8463895 0.8980924 0.9534941 1.012892 1.076615 1.145014 1.218473 1.297405 1.382259 1.473520 1.571711 1.677395 1.791179 1.913711 2.045688 2.187849 2.340981 2.505915 2.683521 2.874703 3.080396 3.301544 3.539095 3.793965 4.067018 4.359019 4.670588 5.002131 5.353766 5.725310 6.116026 6.524325 6.948221 7.384869 7.830468 8.280268 8.728618 9.169060 9.594553 9.997776 10.37150 10.70914 11.00491 11.25329 11.45088 11.59538 11.68543 11.72052 11.70083 11.62694 11.49991 11.32137 11.09292 10.81660 10.49500 10.13130 9.729453 9.294274
0.6799139 0.7177197 0.7580674 0.8011544 0.8471919 0.8964103 0.9490560 1.005398 1.065727 1.130355 1.199620 1.273885 1.353542 1.439011 1.530744 1.629224 1.734965 1.848518 1.970464 2.101417 2.242024 2.392957 2.554912 2.728604 2.914755 3.114078 3.327273 3.554983 3.797793 4.056168 4.330435 4.620700 4.926820 5.248231 5.584016 5.933012 6.293171 6.661852 7.035781 7.411005 7.782942 8.146478 8.496135 8.826280 9.131401 9.406171 9.645934 9.847522 10.00779 10.12452 10.19642 10.22289 10.20389 10.13996 10.03190 9.880676 9.687881 9.455453 9.185710 8.881499 8.546235 8.183985
0.6852347 0.7214141 0.7599717 0.8010816 0.8449379 0.8917447 0.9417259 0.9951176 1.052180 1.113188 1.178439 1.248250 1.322962 1.402937 1.488566 1.580258 1.678451 1.783604 1.896204 2.016754 2.145782 2.283826 2.431443 2.589183 2.757598 2.937216 3.128535 3.331995 3.547958 3.776678 4.018260 4.272629 4.539465 4.818237 5.108012 5.407216 5.714133 6.026522 6.341602 6.656096 6.966290 7.268112 7.557265 7.829383 8.080203 8.305896 8.503016 8.667981 8.798595 8.893232 8.950739 8.970500 8.952399 8.896628 8.803843 8.675254 8.512086 8.315971 8.088956 7.833500 7.552532 7.249425
0.6878358 0.7224291 0.7592407 0.7984309 0.8401716 0.8846467 0.9320550 0.9826083 1.036535 1.094077 1.155496 1.221066 1.291085 1.365864 1.445735 1.531048 1.622169 1.719484 1.823393 1.934309 2.052657 2.178866 2.313370 2.456590 2.608939 2.770796 2.942506 3.124346 3.316518 3.519116 3.732103 3.955260 4.188178 4.430123 4.680135 4.937164 5.199516 5.465166 5.731755 5.996573 6.256602 6.508582 6.749113 6.974759 7.182178 7.368108 7.529649 7.664947 7.771890 7.848902 7.894981 7.909572 7.892503 7.844062 7.764771 7.655258 7.516748 7.350733 7.158980 6.943607 6.707071 6.452195
0.6881630 0.7212114 0.7563281 0.7936559 0.8333502 0.8755746 0.9205066 0.9683331 1.019256 1.073487 1.131255 1.192798 1.258372 1.328245 1.402698 1.482027 1.566540 1.656554 1.752399 1.854409 1.962924 2.078282 2.200815 2.330842 2.468661 2.614536 2.768690 2.931282 3.102392 3.282006 3.469980 3.666031 3.869694 4.080368 4.297171 4.518737 4.743717 4.970438 5.196919 5.420913 5.639959 5.851433 6.052619 6.240799 6.413341 6.567903 6.702353 6.814267 6.902228 6.965134 7.002140 7.012741 6.996780 6.954316 6.885780 6.792085 6.674121 6.533097 6.370528 6.188204 5.988198 5.772832
0.6865984 0.7181464 0.7516192 0.7871460 0.8248651 0.8649230 0.9074760 0.9526901 1.000742 1.051818 1.106115 1.163841 1.225214 1.290464 1.359829 1.433557 1.511902 1.595129 1.683505 1.777297 1.876775 1.982199 2.093822 2.211877 2.336574 2.468085 2.606541 2.752010 2.904489 3.063883 3.229994 3.402481 3.580867 3.764435 3.952329 4.143713 4.337254 4.531448 4.724618 4.914906 5.100291 5.278650 5.447798 5.605556 5.749814 5.878476 5.989666 6.082309 6.154974 6.206553 6.236333 6.243892 6.229071 6.192060 6.133217 6.052941 5.952145 5.831928 5.693577 5.538609 5.368747 5.185929
0.6834556 0.7135488 0.7454324 0.7792204 0.8150378 0.8530133 0.8932861 0.9360015 0.9813150 1.029389 1.080393 1.134507 1.191919 1.252820 1.317414 1.385907 1.458510 1.535437 1.616904 1.703124 1.794307 1.890651 1.992342 2.099546 2.212403 2.331014 2.455442 2.585689 2.721692 2.863307 3.010293 3.162304 3.318862 3.479419 3.643223 3.809152 3.976185 4.143106 4.308502 4.470827 4.628425 4.779560 4.922462 5.055381 5.176628 5.284729 5.378333 5.455734 5.516023 5.558475 5.582500 5.587728 5.574036 5.541430 5.490210 5.421075 5.334651 5.231802 5.113617 4.981369 4.836501 4.680610
0.6790124 0.7076987 0.7380473 0.7701609 0.8041497 0.8401288 0.8782196 0.9185509 0.9612573 1.006480 1.054367 1.105071 1.158750 1.215570 1.275699 1.339307 1.406568 1.477657 1.552744 1.631997 1.715575 1.803628 1.896288 1.993666 2.095848 2.202884 2.314783 2.431500 2.552934 2.678907 2.809164 2.943349 3.081006 3.221501 3.364125 3.508248 3.652849 3.796817 3.938961 4.077988 4.212530 4.341163 4.462449 4.574957 4.677312 4.768122 4.846135 4.910748 4.960979 4.996050 5.015470 5.018941 5.006347 4.977835 4.933659 4.874057 4.799707 4.711403 4.610065 4.496763 4.372700 4.239206
0.6734942 0.7008223 0.7296924 0.7601961 0.7924309 0.8264984 0.8625057 0.9005654 0.9407946 0.9833149 1.028254 1.075741 1.125913 1.178905 1.234860 1.293917 1.356218 1.421901 1.491102 1.563951 1.640565 1.721054 1.805508 1.893995 1.986558 2.083210 2.183919 2.288613 2.397159 2.509368 2.624975 2.743640 2.864933 2.988393 3.113412 3.239084 3.364655 3.489242 3.611840 3.731367 3.846689 3.956632 4.060017 4.155678 4.242502 4.319544 4.385932 4.440429 4.482452 4.511535 4.527272 4.529408 4.517858 4.492608 4.453874 4.402201 4.338016 4.261930 4.174717 4.077273 3.970607 3.855816
0.6671003 0.6931195 0.7205672 0.7495255 0.7800803 0.8123214 0.8463424 0.8822412 0.9201193 0.9600823 1.002238 1.046698 1.093575 1.142985 1.195044 1.249866 1.307564 1.368250 1.432028 1.498994 1.569238 1.642831 1.719833 1.800278 1.884179 1.971516 2.062235 2.156238 2.253383 2.353468 2.456237 2.561359 2.668437 2.776936 2.886288 2.996035 3.105399 3.213560 3.319664 3.422802 3.522030 3.616374 3.704863 3.786535 3.860471 3.925713 3.981409 4.027251 4.062547 4.086751 4.099526 4.100672 4.090107 4.067958 4.034407 3.989585 3.933995 3.868210 3.792882 3.708765 3.616700 3.517611
0.6599954 0.6847544 0.7108371 0.7383142 0.7672627 0.7977605 0.8298905 0.8637367 0.8993875 0.9369323 0.9764644 1.018077 1.061866 1.107925 1.156350 1.207235 1.260669 1.316738 1.375522 1.437091 1.501508 1.568820 1.639057 1.712232 1.788331 1.867313 1.949109 2.033607 2.120655 2.210056 2.301559 2.394860 2.489593 2.585386 2.681763 2.777994 2.873526 2.967720 3.059854 3.149163 3.234855 3.316122 3.392157 3.462173 3.525414 3.581268 3.629164 3.668180 3.697945 3.718162 3.728557 3.728957 3.719307 3.699587 3.669951 3.630832 3.582521 3.525445 3.460154 3.387277 3.307524 3.221658
