T2-onemodel/GL23.grd
DSAA
         100         100
  -20.00000       20.00000    
  -20.00000       20.00000    
 -4.1837683E-03   1.168179    
[rows 24 to 47 of 100, columns 0 to 53 of 100]
7.3323352E-03 7.7999104E-03 8.3014490E-03 8.8398643E-03 9.4183292E-03 1.0040298E-02 1.0709523E-02 1.1430101E-02 1.2206464E-02 1.3043402E-02 1.3946050E-02 1.4919923E-02 1.5970849E-02 1.7105002E-02 1.8328765E-02 1.9648712E-02 2.1071415E-02 2.2603339E-02 2.4250535E-02 2.6018422E-02 2.7911335E-02 2.9932203E-02 3.2081913E-02 3.4358963E-02 3.6758684E-02 3.9273005E-02 4.1889738E-02 4.4592649E-02 4.7361020E-02 5.0170429E-02 5.2992489E-02 5.5796430E-02 5.8546841E-02 6.1211422E-02 6.3763708E-02 6.6169091E-02 6.8397790E-02 7.0423201E-02 7.2222359E-02 7.3774971E-02 7.5064443E-02 7.6076686E-02 7.6801151E-02 7.7229589E-02 7.7357344E-02 7.7182241E-02 7.6705836E-02 7.5932257E-02 7.4873239E-02 7.3542319E-02 7.1957432E-02 7.0141099E-02 6.8123452E-02 6.5933004E-02
7.3569152E-03 7.8469766E-03 8.3736554E-03 8.9401910E-03 9.5501877E-03 1.0207552E-02 1.0916603E-02 1.1682039E-02 1.2509033E-02 1.3403174E-02 1.4370582E-02 1.5417821E-02 1.6551996E-02 1.7780647E-02 1.9111793E-02 2.0553742E-02 2.2115076E-02 2.3804368E-02 2.5630033E-02 2.7599819E-02 2.9720582E-02 3.1997520E-02 3.4433715E-02 3.7029240E-02 3.9780591E-02 4.2679623E-02 4.5713317E-02 4.8862789E-02 5.2103739E-02 5.5405952E-02 5.8734886E-02 6.2051754E-02 6.5318592E-02 6.8492547E-02 7.1525693E-02 7.4382551E-02 7.7028133E-02 7.9430774E-02 8.1562407E-02 8.3399616E-02 8.4922478E-02 8.6115174E-02 8.6964794E-02 8.7462209E-02 8.7600954E-02 8.7378673E-02 8.6796582E-02 8.5861459E-02 8.4581524E-02 8.2973301E-02 8.1059374E-02 7.8868210E-02 7.6429933E-02 7.3784418E-02
7.3535242E-03 7.8664217E-03 8.4186653E-03 9.0139005E-03 9.6561546E-03 1.0349871E-02 1.1099931E-02 1.1911751E-02 1.2791286E-02 1.3745066E-02 1.4780270E-02 1.5904723E-02 1.7126950E-02 1.8456178E-02 1.9902261E-02 2.1475721E-02 2.3187511E-02 2.5048962E-02 2.7071375E-02 2.9265750E-02 3.1642161E-02 3.4209210E-02 3.6973011E-02 3.9936438E-02 4.3097805E-02 4.6450004E-02 4.9979150E-02 5.3664159E-02 5.7475846E-02 6.1377723E-02 6.5325849E-02 6.9271274E-02 7.3158205E-02 7.6934077E-02 8.0554023E-02 8.3965071E-02 8.7121934E-02 8.9985378E-02 9.2522532E-02 9.4705418E-02 9.6511617E-02 9.7922519E-02 9.8923825E-02 9.9504218E-02 9.9656262E-02 9.9375606E-02 9.8662451E-02 9.7520888E-02 9.5964886E-02 9.4012782E-02 9.1690853E-02 8.9033693E-02 8.6087860E-02 8.2900763E-02
7.3165507E-03 7.8525003E-03 8.4306365E-03 9.0549970E-03 9.7300941E-03 1.0460905E-02 1.1252988E-02 1.2112486E-02 1.3046246E-02 1.4061822E-02 1.5167609E-02 1.6372832E-02 1.7687673E-02 1.9123247E-02 2.0691710E-02 2.2406075E-02 2.4280310E-02 2.6329031E-02 2.8567372E-02 3.1010361E-02 3.3672586E-02 3.6567148E-02 3.9704803E-02 4.3092493E-02 4.6732064E-02 5.0618336E-02 5.4737866E-02 5.9067082E-02 6.3572012E-02 6.8207383E-02 7.2918646E-02 7.7642724E-02 8.2315400E-02 8.6866118E-02 9.1219209E-02 9.5316425E-02 9.9103406E-02 0.1025332 0.1055663 0.1081710 0.1103216 0.1119978 0.1131830 0.1138647 0.1140330 0.1136820 0.1128103 0.1114233 0.1095299 0.1071514 0.1043195 0.1010780 9.7476944E-02 9.3582071E-02
7.2396961E-03 7.7988007E-03 8.4029976E-03 9.0567488E-03 9.7650774E-03 1.0533549E-02 1.1368404E-02 1.2276610E-02 1.3265966E-02 1.4345166E-02 1.5523933E-02 1.6813075E-02 1.8224640E-02 1.9771969E-02 2.1469750E-02 2.3334105E-02 2.5382485E-02 2.7633661E-02 3.0107385E-02 3.2824051E-02 3.5804000E-02 3.9066676E-02 4.2629190E-02 4.6504904E-02 5.0701089E-02 5.5216912E-02 6.0040593E-02 6.5147497E-02 7.0497878E-02 7.6036900E-02 8.1694439E-02 8.7388843E-02 9.3026578E-02 9.8516963E-02 0.1037807 0.1087324 0.1133016 0.1174302 0.1210728 0.1241932 0.1267641 0.1287631 0.1301729 0.1309785 0.1311683 0.1307328 0.1296671 0.1279708 0.1256567 0.1227463 0.1192757 0.1152978 0.1108874 0.1061267
7.1153925E-03 7.6976074E-03 8.3278762E-03 9.0111010E-03 9.7528351E-03 1.0559266E-02 1.1437368E-02 1.2394975E-02 1.3440939E-02 1.4585154E-02 1.5838830E-02 1.7214496E-02 1.8726313E-02 2.0390071E-02 2.2223487E-02 2.4246156E-02 2.6479766E-02 2.8947970E-02 3.1676356E-02 3.4691904E-02 3.8022589E-02 4.1696154E-02 4.5738835E-02 5.0173048E-02 5.5015087E-02 6.0271304E-02 6.5935075E-02 7.1982197E-02 7.8368507E-02 8.5026927E-02 9.1869086E-02 9.8787174E-02 0.1056657 0.1123797 0.1188002 0.1248268 0.1303726 0.1353688 0.1397625 0.1435157 0.1465995 0.1489927 0.1506767 0.1516360 0.1518553 0.1513214 0.1500236 0.1479588 0.1451292 0.1415557 0.1372791 0.1323650 0.1268988 0.1209957
6.9352076E-03 7.5403438E-03 8.1965160E-03 8.9090979E-03 9.6841780E-03 1.0528599E-02 1.1450101E-02 1.2457454E-02 1.3560561E-02 1.4770684E-02 1.6100572E-02 1.7564695E-02 1.9179467E-02 2.0963475E-02 2.2937743E-02 2.5125958E-02 2.7554611E-02 3.0253254E-02 3.3254374E-02 3.6593262E-02 4.0307380E-02 4.4435594E-02 4.9016252E-02 5.4085139E-02 5.9671730E-02 6.5795161E-02 7.2458461E-02 7.9642929E-02 8.7301582E-02 9.5355667E-02 0.1036917 0.1121666 0.1206106 0.1288532 0.1367431 0.1441329 0.1509085 0.1569863 0.1623094 0.1668393 0.1705508 0.1734248 0.1754455 0.1765958 0.1768579 0.1762113 0.1746365 0.1721162 0.1686484 0.1642459 0.1589499 0.1528376 0.1460335 0.1386902
6.6893357E-03 7.3170443E-03 7.9987654E-03 8.7403515E-03 9.5484592E-03 1.0430588E-02 1.1395289E-02 1.2452255E-02 1.3612594E-02 1.4888879E-02 1.6295608E-02 1.7849235E-02 1.9568667E-02 2.1475524E-02 2.3594534E-02 2.5953859E-02 2.8585587E-02 3.1525955E-02 3.4815751E-02 3.8500074E-02 4.2628445E-02 4.7253590E-02 5.2430298E-02 5.8212440E-02 6.4649493E-02 7.1780331E-02 7.9626538E-02 8.8182330E-02 9.7405575E-02 0.1072069 0.1174455 0.1279289 0.1384319 0.1487075 0.1585095 0.1676499 0.1759854 0.1834198 0.1898950 0.1953801 0.1998582 0.2033195 0.2057528 0.2071431 0.2074681 0.2066993 0.2048029 0.2017468 0.1975028 0.1920674 0.1854748 0.1778142 0.1692338 0.1599537
6.3671926E-03 7.0169475E-03 7.7236705E-03 8.4936908E-03 9.3342243E-03 1.0253454E-02 1.1260728E-02 1.2366762E-02 1.3583780E-02 1.4925867E-02 1.6409196E-02 1.8052408E-02 1.9877004E-02 2.1907879E-02 2.4173701E-02 2.6707670E-02 2.9547906E-02 3.2738362E-02 3.6329180E-02 4.0377218E-02 4.4946153E-02 5.0106287E-02 5.5933084E-02 6.2505141E-02 6.9899604E-02 7.8186177E-02 8.7417088E-02 9.7614862E-02 0.1087551 0.1207499 0.1334289 0.1465353 0.1597305 0.1726483 0.1849584 0.1963752 0.2067086 0.2158518 0.2237584 0.2304162 0.2358301 0.2400064 0.2429463 0.2446385 0.2450580 0.2441636 0.2419010 0.2382056 0.2330196 0.2263017 0.2180592 0.2083812 0.1974771 0.1856598
5.9573604E-03 6.6284658E-03 7.3594199E-03 8.1570381E-03 9.0291128E-03 9.9844681E-03 1.1033315E-02 1.2187293E-02 1.3459890E-02 1.4866596E-02 1.6425414E-02 1.8157143E-02 2.0086061E-02 2.2240372E-02 2.4653036E-02 2.7362457E-02 3.0413486E-02 3.3858337E-02 3.7757702E-02 4.2181615E-02 4.7210488E-02 5.2935205E-02 5.9457142E-02 6.6886097E-02 7.5337261E-02 8.4923983E-02 9.5748156E-02 0.1078828 0.1213503 0.1360891 0.1519192 0.1685077 0.1853774 0.2019500 0.2176536 0.2320824 0.2449985 0.2563039 0.2659879 0.2740836 0.2806344 0.2856791 0.2892387 0.2913125 0.2918726 0.2908643 0.2882044 0.2837875 0.2774893 0.2691994 0.2588579 0.2465248 0.2324425 0.2170888
5.4490524E-03 6.1406223E-03 6.8948627E-03 7.7190031E-03 8.6214030E-03 9.6115945E-03 1.0700515E-02 1.1900859E-02 1.3227227E-02 1.4696618E-02 1.6328799E-02 1.8146781E-02 2.0177573E-02 2.2452896E-02 2.5009964E-02 2.7892720E-02 3.1152841E-02 3.4851480E-02 3.9060578E-02 4.3864656E-02 4.9362522E-02 5.5668879E-02 6.2915109E-02 7.1249463E-02 8.0834888E-02 9.1844626E-02 0.1044522 0.1188158 0.1350492 0.1531783 0.1730700 0.1943420 0.2162796 0.2379152 0.2583137 0.2768044 0.2930924 0.3071386 0.3190264 0.3288752 0.3368011 0.3428937 0.3472092 0.3497639 0.3505322 0.3494416 0.3463726 0.3411538 0.3335755 0.3233990 0.3104168 0.2945663 0.2761317 0.2558581
4.8338459E-03 5.5448441E-03 6.3211555E-03 7.1704849E-03 8.1017530E-03 9.1250306E-03 1.0252160E-02 1.1496682E-02 1.2874408E-02 1.4403687E-02 1.6106101E-02 1.8006757E-02 2.0135470E-02 2.2527205E-02 2.5223676E-02 2.8274124E-02 3.1737402E-02 3.5683475E-02 4.0196069E-02 4.5374606E-02 5.1337723E-02 5.8225445E-02 6.6202842E-02 7.5461388E-02 8.6221367E-02 9.8729447E-02 0.1132561 0.1300824 0.1494804 0.1716641 0.1966990 0.2243071 0.2535776 0.2827872 0.3099958 0.3340870 0.3548059 0.3723222 0.3869253 0.3988982 0.4084731 0.4158222 0.4210533 0.4242129 0.4252816 0.4241730 0.4207238 0.4146884 0.4057188 0.3933767 0.3771597 0.3566628 0.3319818 0.3043382
4.1121249E-03 4.8412872E-03 5.6383400E-03 6.5112710E-03 7.4696052E-03 8.5239420E-03 9.6869599E-03 1.0972897E-02 1.2398891E-02 1.3984425E-02 1.5752917E-02 1.7731344E-02 1.9952321E-02 2.2453830E-02 2.5281953E-02 2.8490944E-02 3.2146707E-02 3.6327645E-02 4.1129269E-02 4.6665445E-02 5.3074971E-02 6.0523205E-02 6.9210291E-02 7.9372875E-02 9.1293678E-02 0.1053014 0.1217812 0.1411698 0.1639627 0.1906890 0.2218673 0.2577702 0.2977155 0.3386311 0.3761029 0.4080270 0.4345598 0.4564323 0.4743503 0.4888700 0.5004054 0.5092471 0.5155796 0.5194936 0.5209863 0.5199615 0.5162116 0.5094017 0.4990305 0.4843854 0.4644717 0.4380833 0.4044499 0.3654724
3.3065525E-03 4.0527615E-03 4.8686913E-03 5.7636965E-03 6.7467242E-03 7.8300312E-03 9.0257870E-03 1.0350327E-02 1.1820468E-02 1.3458207E-02 1.5287215E-02 1.7337671E-02 1.9643219E-02 2.2246202E-02 2.5195073E-02 2.8550381E-02 3.2382842E-02 3.6780313E-02 4.1847523E-02 4.7713518E-02 5.4534093E-02 6.2500246E-02 7.1843617E-02 8.2845673E-02 9.5848486E-02 0.1112627 0.1295898 0.1514288 0.1775267 0.2087899 0.2464012 0.2917329 0.3458161 0.4046279 0.4575474 0.5002210 0.5342530 0.5614992 0.5834158 0.6009499 0.6147961 0.6253921 0.6330400 0.6378835 0.6399579 0.6391631 0.6352612 0.6278418 0.6162362 0.5994499 0.5758790 0.5431035 0.4978421 0.4418207
2.4827148E-03 3.2452976E-03 4.0774127E-03 4.9934029E-03 5.9977761E-03 7.1083992E-03 8.3326893E-03 9.6932612E-03 1.1201897E-02 1.2888103E-02 1.4770053E-02 1.6886849E-02 1.9266404E-02 2.1962125E-02 2.5016729E-02 2.8504711E-02 3.2491557E-02 3.7083801E-02 4.2382553E-02 4.8542637E-02 5.5720326E-02 6.4144380E-02 7.4055471E-02 8.5793689E-02 9.9727787E-02 0.1163656 0.1362729 0.1602234 0.1891199 0.2242314 0.2671781 0.3203009 0.3861304 0.4624040 0.5339445 0.5902812 0.6336411 0.6673767 0.6940560 0.7151083 0.7316643 0.7442911 0.7535095 0.7594683 0.7623320 0.7619372 0.7581147 0.7503113 0.7378482 0.7194176 0.6931171 0.6555334 0.6015766 0.5299461
1.7163913E-03 2.4914695E-03 3.3401307E-03 4.2724926E-03 5.2981460E-03 6.4304816E-03 7.6824129E-03 9.0720961E-03 1.0617414E-02 1.2343141E-02 1.4274399E-02 1.6445665E-02 1.8892914E-02 2.1665068E-02 2.4814472E-02 2.8411807E-02 3.2534525E-02 3.7286684E-02 4.2784926E-02 4.9184665E-02 5.6663271E-02 6.5455861E-02 7.5833626E-02 8.8153765E-02 0.1028316 0.1204117 0.1415331 0.1670406 0.1979497 0.2356503 0.2818851 0.3390742 0.4097166 0.4939646 0.5806203 0.6525127 0.7069551 0.7484871 0.7807038 0.8058977 0.8255458 0.8405647 0.8515839 0.8589202 0.8627600 0.8630222 0.8595162 0.8517111 0.8388610 0.8196080 0.7919912 0.7526018 0.6966813 0.6201126
1.0394955E-03 1.8249215E-03 2.6885089E-03 3.6343907E-03 4.6790428E-03 5.8292313E-03 7.1057454E-03 8.5192937E-03 1.0096762E-02 1.1854755E-02 1.3828810E-02 1.6044224E-02 1.8549345E-02 2.1382760E-02 2.4611818E-02 2.8295645E-02 3.2530013E-02 3.7406333E-02 4.3064304E-02 4.9645413E-02 5.7357099E-02 6.6419370E-02 7.7143624E-02 8.9870892E-02 0.1050709 0.1232693 0.1451766 0.1716037 0.2036405 0.2425623 0.2900798 0.3481633 0.4190935 0.5039634 0.5981508 0.6848867 0.7522438 0.8029857 0.8416911 0.8716972 0.8948985 0.9126892 0.9257834 0.9347721 0.9398059 0.9410021 0.9380751 0.9306695 0.9179259 0.8987278 0.8710977 0.8323209 0.7782404 0.7045003
4.5545810E-04 1.2524275E-03 2.1254420E-03 3.0857404E-03 4.1428721E-03 5.3112619E-03 6.6042761E-03 8.0411220E-03 9.6407086E-03 1.1428889E-02 1.3432585E-02 1.5687691E-02 1.8233050E-02 2.1119278E-02 2.4403334E-02 2.8158303E-02 3.2468591E-02 3.7441660E-02 4.3204844E-02 4.9918536E-02 5.7776328E-02 6.7020379E-02 7.7945903E-02 9.0919055E-02 0.1063883 0.1249036 0.1471389 0.1739123 0.2062250 0.2452789 0.2925336 0.3496644 0.4185359 0.5006341 0.5952408 0.6922199 0.7737475 0.8352669 0.8817146 0.9172364 0.9446149 0.9655230 0.9810807 0.9919400 0.9984848 1.000822 0.9988356 0.9921529 0.9800863 0.9615749 0.9350030 0.8980910 0.8475907 0.7795532
-3.9651470E-05 7.6577876E-04 1.6470983E-03 2.6180586E-03 3.6857014E-03 4.8675840E-03 6.1740894E-03 7.6280483E-03 9.2450436E-03 1.1055154E-02 1.3081415E-02 1.5364676E-02 1.7939253E-02 2.0861758E-02 2.4183638E-02 2.7985135E-02 3.2343879E-02 3.7375811E-02 4.3199539E-02 4.9985219E-02 5.7914417E-02 6.7240030E-02 7.8239113E-02 9.1287799E-02 0.1068042 0.1253420 0.1475184 0.1741320 0.2060657 0.2444368 0.2904529 0.3455981 0.4113775 0.4894238 0.5803778 0.6806707 0.7748953 0.8490305 0.9046189 0.9466609 0.9788541 1.003374 1.021751 1.034793 1.043115 1.046864 1.046104 1.040468 1.029494 1.012187 0.9873254 0.9529309 0.9065682 0.8447448
-4.5409991E-04 3.5542756E-04 1.2451659E-03 2.2214376E-03 3.2992789E-03 4.4879820E-03 5.8068065E-03 7.2695287E-03 8.9013847E-03 1.0722567E-02 1.2766704E-02 1.5063602E-02 1.7659415E-02 2.0598141E-02 2.3944352E-02 2.7763732E-02 3.2148395E-02 3.7196808E-02 4.3043219E-02 4.9836151E-02 5.7772987E-02 6.7078128E-02 7.8042947E-02 9.1003016E-02 0.1063851 0.1246807 0.1465004 0.1725412 0.2036448 0.2407562 0.2849815 0.3375366 0.3997898 0.4731865 0.5590028 0.6568428 0.7585360 0.8461384 0.9125509 0.9624130 1.000172 1.028934 1.050492 1.066109 1.076439 1.081921 1.082604 1.078377 1.068770 1.053101 1.030262 0.9987830 0.9565933 0.9009655
-7.9967198E-04 1.3972072E-05 9.0764521E-04 1.8887566E-03 2.9712191E-03 4.1655190E-03 5.4897536E-03 6.9587873E-03 8.5966811E-03 1.0424623E-02 1.2475154E-02 1.4778625E-02 1.7379992E-02 2.0323452E-02 2.3672219E-02 2.7490979E-02 3.1870034E-02 3.6905263E-02 4.2727660E-02 4.9479995E-02 5.7353582E-02 6.6561237E-02 7.7382542E-02 9.0131134E-02 0.1052111 0.1230740 0.1442888 0.1694818 0.1994231 0.2349396 0.2770284 0.3267296 0.3852982 0.4539921 0.5342491 0.6268182 0.7292590 0.8279331 0.9069898 0.9661337 1.010561 1.044203 1.069482 1.088006 1.100684 1.108133 1.110533 1.107921 1.099951 1.086144 1.065567 1.037095 0.9989734 0.9490884
-1.0844314E-03 -2.6741147E-04 6.2641472E-04 1.6110636E-03 2.6934480E-03 3.8912552E-03 5.2148500E-03 6.6869799E-03 8.3230371E-03 1.0152847E-02 1.2199091E-02 1.4501629E-02 1.7093970E-02 2.0030720E-02 2.3361450E-02 2.7162079E-02 3.1506110E-02 3.6501165E-02 4.2256694E-02 4.8926637E-02 5.6673773E-02 6.5719716E-02 7.6304458E-02 8.8744931E-02 0.1033884 0.1206800 0.1411062 0.1652725 0.1938305 0.2275701 0.2673247 0.3140869 0.3688921 0.4329805 0.5076336 0.5941379 0.6924824 0.7963552 0.8882865 0.9585193 1.010964 1.050316 1.079945 1.101766 1.117159 1.126803 1.131198 1.130382 1.124294 1.112464 1.094313 1.068797 1.034660 0.9900039
-1.3138826E-03 -4.9810560E-04 3.9622936E-04 1.3789069E-03 2.4610697E-03 3.6556658E-03 4.9776328E-03 6.4445664E-03 8.0765383E-03 9.8976949E-03 1.1935530E-02 1.4223482E-02 1.6799932E-02 1.9711833E-02 2.3013394E-02 2.6771337E-02 3.1062849E-02 3.5983603E-02 4.1645195E-02 4.8185304E-02 5.5765055E-02 6.4583190E-02 7.4871458E-02 8.6913623E-02 0.1010380 0.1176414 0.1371765 0.1601807 0.1872534 0.2190950 0.2564677 0.3002555 0.3514099 0.4110466 0.4803407 0.5606650 0.6529204 0.7555788 0.8569735 0.9399469 1.001949 1.048199 1.082828 1.108513 1.126927 1.139102 1.145660 1.146860 1.142744 1.133048 1.117317 1.094753 1.064320 1.024479
-1.4948965E-03 -6.8238756E-04 2.1017349E-04 1.1882015E-03 2.2671227E-03 3.4549856E-03 4.7713220E-03 6.2281890E-03 7.8506796E-03 9.6565587E-03 1.1678683E-02 1.3942873E-02 1.6493296E-02 1.9367555E-02 2.2625793E-02 2.6323058E-02 3.0542186E-02 3.5363603E-02 4.0903453E-02 4.7278758E-02 5.4653000E-02 6.3195959E-02 7.3137090E-02 8.4719442E-02 9.8262116E-02 0.1141047 0.1326814 0.1544518 0.1799885 0.2098898 0.2448877 0.2857354 0.3333503 0.3886804 0.4529091 0.5272251 0.6129665 0.7104267 0.8149352 0.9100561 0.9835041 1.038034 1.078575 1.108732 1.130579 1.145599 1.154536 1.157952 1.155921 1.148448 1.135120 1.115452 1.088492 1.053130
