T2-onemodel/GL23.grd
DSAA
         100         100
  -20.00000       20.00000    
  -20.00000       20.00000    
 -4.1837683E-03   1.168179    
[rows 48 to 71 of 100, columns 0 to 53 of 100]
-1.6329136E-03 -8.2313578E-04 6.2846455E-05 1.0363928E-03 2.1062959E-03 3.2870069E-03 4.5907726E-03 6.0363319E-03 7.6407865E-03 9.4289109E-03 1.1424512E-02 1.3660754E-02 1.6171327E-02 1.9001333E-02 2.2198452E-02 2.5824895E-02 2.9948421E-02 3.4655735E-02 4.0043708E-02 4.6233755E-02 5.3363938E-02 6.1604835E-02 7.1151897E-02 8.2242996E-02 9.5151186E-02 0.1102029 0.1277715 0.1482941 0.1722658 0.2002551 0.2328994 0.2709180 0.3151197 0.3664085 0.4258108 0.4944896 0.5737503 0.6646438 0.7663339 0.8691916 0.9553825 1.019816 1.067514 1.102811 1.128655 1.146795 1.158405 1.164125 1.164330 1.159070 1.148186 1.131253 1.107604 1.076263
-1.7285715E-03 -9.2463550E-04 -4.6091398E-05 9.1926940E-04 1.9787154E-03 3.1477723E-03 4.4366750E-03 5.8653206E-03 7.4483417E-03 9.2116110E-03 1.1175884E-02 1.3375173E-02 1.5838945E-02 1.8613106E-02 2.1739434E-02 2.5280230E-02 2.9295031E-02 3.3869322E-02 3.9088245E-02 4.5069538E-02 5.1934317E-02 5.9845828E-02 6.8974867E-02 7.9546258E-02 9.1798216E-02 0.1060369 0.1225875 0.1418596 0.1642853 0.1904002 0.2207621 0.2560557 0.2969840 0.3444192 0.3992639 0.4626455 0.5357146 0.6198316 0.7155368 0.8195380 0.9168980 0.9931213 1.049377 1.090799 1.121209 1.142888 1.157416 1.165643 1.168179 1.165175 1.156697 1.142400 1.121875 1.094249
-1.7826197E-03 -9.8805455E-04 -1.1712570E-04 8.3575345E-04 1.8842857E-03 3.0364350E-03 4.3094568E-03 5.7148957E-03 7.2746933E-03 9.0053976E-03 1.0935340E-02 1.3088024E-02 1.5500839E-02 1.8207023E-02 2.1256616E-02 2.4696765E-02 2.8594865E-02 3.3017810E-02 3.8057655E-02 4.3808725E-02 5.0397176E-02 5.7955854E-02 6.6657521E-02 7.6687448E-02 8.8281363E-02 0.1016939 0.1172427 0.1352716 0.1562012 0.1804852 0.2086689 0.2413379 0.2791892 0.3229684 0.3735546 0.4319179 0.4992094 0.5766740 0.6654882 0.7653320 0.8685526 0.9573035 1.023816 1.072624 1.108290 1.134036 1.151722 1.162670 1.167569 1.166902 1.160738 1.149027 1.131363 1.107201
-1.7963306E-03 -1.0108347E-03 -1.5145545E-04 7.8901061E-04 1.8218985E-03 2.9568137E-03 4.2083631E-03 5.5896463E-03 7.1195560E-03 8.8158902E-03 1.0703609E-02 1.2806899E-02 1.5159057E-02 1.7793356E-02 2.0754617E-02 2.4088850E-02 2.7856536E-02 3.2121655E-02 3.6967035E-02 4.2481001E-02 4.8776999E-02 5.5977661E-02 6.4238258E-02 7.3727719E-02 8.4657550E-02 9.7258657E-02 0.1118167 0.1286426 0.1481165 0.1706499 0.1967405 0.2269207 0.2618294 0.3021474 0.3487036 0.4023653 0.4642146 0.5353818 0.6172196 0.7104760 0.8129702 0.9115934 0.9901189 1.047724 1.089674 1.120006 1.141257 1.155103 1.162522 1.164178 1.160325 1.151058 1.136125 1.115146
-1.7670372E-03 -9.9141954E-04 -1.4618663E-04 7.8072969E-04 1.7948623E-03 2.9110285E-03 4.1373293E-03 5.4923529E-03 6.9877072E-03 8.6469622E-03 1.0486689E-02 1.2537054E-02 1.4821506E-02 1.7379554E-02 2.0244135E-02 2.3467185E-02 2.7094919E-02 3.1196576E-02 3.5837196E-02 4.1109264E-02 4.7103342E-02 5.3944588E-02 6.1758436E-02 7.0713617E-02 8.0983311E-02 9.2794247E-02 0.1063830 0.1220525 0.1401209 0.1609889 0.1850774 0.2129079 0.2450291 0.2821109 0.3248499 0.3741134 0.4308146 0.4960929 0.5711375 0.6572204 0.7544087 0.8568645 0.9473698 1.015510 1.064981 1.100599 1.125864 1.142791 1.152860 1.156830 1.155276 1.148311 1.135965 1.117865
-1.6896914E-03 -9.2765468E-04 -9.5785887E-05 8.1333373E-04 1.8092629E-03 2.9017446E-03 4.1030417E-03 5.4261582E-03 6.8868785E-03 8.5024554E-03 1.0293734E-02 1.2283588E-02 1.4499531E-02 1.6972542E-02 1.9739231E-02 2.2841489E-02 2.6328210E-02 3.0256387E-02 3.4692198E-02 3.9712876E-02 4.5408208E-02 5.1883388E-02 5.9260093E-02 6.7681491E-02 7.7312484E-02 8.8347182E-02 0.1010084 0.1155575 0.1322927 0.1515637 0.1737644 0.1993551 0.2288470 0.2628391 0.3019961 0.3470895 0.3989721 0.4586688 0.5273015 0.6061878 0.6962571 0.7961930 0.8949016 0.9750247 1.033416 1.075342 1.105073 1.125450 1.138245 1.144609 1.145251 1.140532 1.130566 1.115187
-1.5605127E-03 -8.1297371E-04 3.7292243E-06 8.9373358E-04 1.8693523E-03 2.9365502E-03 4.1103773E-03 5.3993934E-03 6.8225814E-03 8.3919242E-03 1.0131222E-02 1.2057452E-02 1.4200997E-02 1.6585466E-02 1.9250147E-02 2.2227874E-02 2.5569811E-02 2.9321203E-02 3.3549707E-02 3.8317703E-02 4.3714795E-02 4.9826879E-02 5.6773424E-02 6.4672247E-02 7.3683113E-02 8.3966970E-02 9.5737785E-02 0.1092142 0.1246814 0.1424343 0.1628506 0.1863218 0.2133450 0.2444305 0.2802157 0.3213644 0.3687110 0.4231214 0.4857081 0.5576139 0.6401688 0.7337412 0.8340840 0.9251754 0.9941768 1.043559 1.078423 1.102550 1.118193 1.126972 1.129742 1.127161 1.119388 1.106509
-1.3736169E-03 -6.3978072E-04 1.5834227E-04 1.0300945E-03 1.9814563E-03 3.0240221E-03 4.1659162E-03 5.4215570E-03 6.8021398E-03 8.3257155E-03 1.0007520E-02 1.1870626E-02 1.3935685E-02 1.6232315E-02 1.8788565E-02 2.1643193E-02 2.4833938E-02 2.8411550E-02 3.2427534E-02 3.6948860E-02 4.2045336E-02 4.7806066E-02 5.4325763E-02 6.1723303E-02 7.0127569E-02 7.9697363E-02 9.0607628E-02 0.1030712 0.1173241 0.1336509 0.1523681 0.1738523 0.1985212 0.2268685 0.2594469 0.2968918 0.3399186 0.3893588 0.4461681 0.5114576 0.5864896 0.6723474 0.7683756 0.8655453 0.9460505 1.004222 1.045140 1.073373 1.092097 1.103232 1.108114 1.107481 1.101796 1.091159
-1.1192893E-03 -4.0152937E-04 3.7824747E-04 1.2290378E-03 2.1562919E-03 3.1712588E-03 4.2812331E-03 5.5000926E-03 6.8379790E-03 8.3121620E-03 9.9363178E-03 1.1732427E-02 1.3718767E-02 1.5923809E-02 1.8371977E-02 2.1100061E-02 2.4140982E-02 2.7542625E-02 3.1349733E-02 3.5624757E-02 4.0428292E-02 4.5842923E-02 5.1950473E-02 5.8860503E-02 6.6684052E-02 7.5567000E-02 8.5659884E-02 9.7157776E-02 0.1102641 0.1252397 0.1423583 0.1619664 0.1844297 0.2102036 0.2397609 0.2736988 0.3126366 0.3573548 0.4086698 0.4676389 0.5353617 0.6131808 0.7017128 0.7980524 0.8878440 0.9562498 1.004163 1.037004 1.058901 1.072404 1.079258 1.080439 1.076626 1.068021
-7.8819052E-04 -8.8689776E-05 6.7308103E-04 1.5004190E-03 2.4039301E-03 3.3884298E-03 4.4667907E-03 5.6458595E-03 6.9413534E-03 8.3628502E-03 9.9298265E-03 1.1655498E-02 1.3564148E-02 1.5674023E-02 1.8015821E-02 2.0614410E-02 2.3508828E-02 2.6732817E-02 3.0336911E-02 3.4366664E-02 3.8887691E-02 4.3961905E-02 4.9675111E-02 5.6111157E-02 6.3383341E-02 7.1605273E-02 8.0927208E-02 9.1503464E-02 0.1035337 0.1172272 0.1328494 0.1506811 0.1710721 0.1943962 0.2211167 0.2517199 0.2868028 0.3270047 0.3731114 0.4259859 0.4867026 0.5564414 0.6364006 0.7264270 0.8195057 0.8981261 0.9541189 0.9922098 1.017382 1.033226 1.041842 1.044690 1.042500 1.035766
-3.7173289E-04 3.1055594E-04 1.0515241E-03 1.8565424E-03 2.7332266E-03 3.6884975E-03 4.7319606E-03 5.8724559E-03 7.1221087E-03 8.4923496E-03 9.9986009E-03 1.1655661E-02 1.3483114E-02 1.5500427E-02 1.7732849E-02 2.0205773E-02 2.2951705E-02 2.6004020E-02 2.9405303E-02 3.3199299E-02 3.7441757E-02 4.2190902E-02 4.7519874E-02 5.3506181E-02 6.0246855E-02 6.7845345E-02 7.6430902E-02 8.6142220E-02 9.7151719E-02 0.1096458 0.1238547 0.1400273 0.1584707 0.1795134 0.2035530 0.2310203 0.2624379 0.2983617 0.3394783 0.3865260 0.4404519 0.5022814 0.5732991 0.6543128 0.7435167 0.8286041 0.8934349 0.9371768 0.9657320 0.9836693 0.9938548 0.9980674 0.9972994 0.9921460
1.4019503E-04 8.0509670E-04 1.5241520E-03 2.3065461E-03 3.1551949E-03 4.0810080E-03 5.0881989E-03 6.1899549E-03 7.3924316E-03 8.7114330E-03 1.0155682E-02 1.1744495E-02 1.3489877E-02 1.5415770E-02 1.7538622E-02 1.9888332E-02 2.2486866E-02 2.5372177E-02 2.8574089E-02 3.2140568E-02 3.6111839E-02 4.0549640E-02 4.5508031E-02 5.1066954E-02 5.7299379E-02 6.4309418E-02 7.2195925E-02 8.1095539E-02 9.1141507E-02 0.1025145 0.1153939 0.1300174 0.1466230 0.1655228 0.1870349 0.2115602 0.2395049 0.2713869 0.3077322 0.3492204 0.3965636 0.4507114 0.5126801 0.5836644 0.6638504 0.7481130 0.8201171 0.8697646 0.9015532 0.9211825 0.9325791 0.9378085 0.9382206 0.9343831
7.5504131E-04 1.3998958E-03 2.0986288E-03 2.8555898E-03 3.6779556E-03 4.5712767E-03 5.5441963E-03 6.6041304E-03 7.7617187E-03 9.0263644E-03 1.0411391E-02 1.1929069E-02 1.3595881E-02 1.5427911E-02 1.7445920E-02 1.9670859E-02 2.2128863E-02 2.4847299E-02 2.7859714E-02 3.1201707E-02 3.4916390E-02 3.9050512E-02 4.3660019E-02 4.8806474E-02 5.4562774E-02 6.1010201E-02 6.8244770E-02 7.6374285E-02 8.5525006E-02 9.5840521E-02 0.1074874 0.1206555 0.1355644 0.1524625 0.1716277 0.1933824 0.2180831 0.2461357 0.2779868 0.3141555 0.3552195 0.4018875 0.4549672 0.5154651 0.5841435 0.6599197 0.7328871 0.7871341 0.8211680 0.8418177 0.8537766 0.8596878 0.8608981 0.8581694
1.4669017E-03 2.0918713E-03 2.7692600E-03 3.5010495E-03 4.2960048E-03 5.1571853E-03 6.0948422E-03 7.1133710E-03 8.2251728E-03 9.4362451E-03 1.0761529E-02 1.2209271E-02 1.3797609E-02 1.5537817E-02 1.7452175E-02 1.9555695E-02 2.1875998E-02 2.4433073E-02 2.7261553E-02 3.0387903E-02 3.3855699E-02 3.7700273E-02 4.1976918E-02 4.6732571E-02 5.2038129E-02 5.7956010E-02 6.4577639E-02 7.1986243E-02 8.0300152E-02 8.9630105E-02 0.1001296 0.1119445 0.1252713 0.1402997 0.1572843 0.1764612 0.1981422 0.2226164 0.2502620 0.2814224 0.3165581 0.3560885 0.4006073 0.4506511 0.5068961 0.5691596 0.6335170 0.6866375 0.7205123 0.7407695 0.7525488 0.7586625 0.7603633 0.7584946
2.2426059E-03 2.8484503E-03 3.5030558E-03 4.2105364E-03 4.9767010E-03 5.8067315E-03 6.7077330E-03 7.6862206E-03 8.7509817E-03 9.9102091E-03 1.1174744E-02 1.2554972E-02 1.4064438E-02 1.5716249E-02 1.7527403E-02 1.9514665E-02 2.1699233E-02 2.4102470E-02 2.6751427E-02 2.9673338E-02 3.2902449E-02 3.6473989E-02 4.0431730E-02 4.4821098E-02 4.9698468E-02 5.5122640E-02 6.1166495E-02 6.7906506E-02 7.5436763E-02 8.3856672E-02 9.3287751E-02 0.1038579 0.1157233 0.1290448 0.1440123 0.1608239 0.1797105 0.2008985 0.2246482 0.2512009 0.2808321 0.3137740 0.3502920 0.3905425 0.4346175 0.4819843 0.5303970 0.5725479 0.6015112 0.6195025 0.6303341 0.6361510 0.6380793 0.6367807
3.0087268E-03 3.5947510E-03 4.2269104E-03 4.9093817E-03 5.6472006E-03 6.4455406E-03 7.3104985E-03 8.2485378E-03 9.2672044E-03 1.0374513E-02 1.1579772E-02 1.2892989E-02 1.4325761E-02 1.5890613E-02 1.7602002E-02 1.9475704E-02 2.1529803E-02 2.3784153E-02 2.6261585E-02 2.8987138E-02 3.1989735E-02 3.5301231E-02 3.8958225E-02 4.3001458E-02 4.7477629E-02 5.2438725E-02 5.7944588E-02 6.4061753E-02 7.0866577E-02 7.8444131E-02 8.6891189E-02 9.6314900E-02 0.1068347 0.1185829 0.1317076 0.1463608 0.1627061 0.1809075 0.2011289 0.2235175 0.2481986 0.2752473 0.3046684 0.3363252 0.3698374 0.4042879 0.4376932 0.4665814 0.4881947 0.5028563 0.5121626 0.5173712 0.5192807 0.5183756
3.6989979E-03 4.2650308E-03 4.8747365E-03 5.5321357E-03 6.2417127E-03 7.0084035E-03 7.8376438E-03 8.7355189E-03 9.7087501E-03 1.0764805E-02 1.1911964E-02 1.3159434E-02 1.4517494E-02 1.5997559E-02 1.7612390E-02 1.9376211E-02 2.1304829E-02 2.3416048E-02 2.5729679E-02 2.8267927E-02 3.1055676E-02 3.4120828E-02 3.7494671E-02 4.1212358E-02 4.5313429E-02 4.9842145E-02 5.4848459E-02 6.0388148E-02 6.6523947E-02 7.3325701E-02 8.0871426E-02 8.9246966E-02 9.8547921E-02 0.1088756 0.1203356 0.1330417 0.1471068 0.1626375 0.1797263 0.1984395 0.2188009 0.2407688 0.2642016 0.2888046 0.3140461 0.3390352 0.3624316 0.3826367 0.3985094 0.4099891 0.4176437 0.4220932 0.4238195 0.4231544
4.2904010E-03 4.8363856E-03 5.4237167E-03 6.0560694E-03 6.7376341E-03 7.4728862E-03 8.2668485E-03 9.1250306E-03 1.0053630E-02 1.1059349E-02 1.2149729E-02 1.3333011E-02 1.4618485E-02 1.6016318E-02 1.7537905E-02 1.9195840E-02 2.1004129E-02 2.2978375E-02 2.5135990E-02 2.7496230E-02 3.0080741E-02 3.2913487E-02 3.6021356E-02 3.9434176E-02 4.3185417E-02 4.7312196E-02 5.1856037E-02 5.6862924E-02 6.2383924E-02 6.8475388E-02 7.5199105E-02 8.2622081E-02 9.0815246E-02 9.9855125E-02 0.1098225 0.1207931 0.1328390 0.1460207 0.1603791 0.1759228 0.1926136 0.2103452 0.2289183 0.2480061 0.2671191 0.2855797 0.3025552 0.3172252 0.3290816 0.3380023 0.3441605 0.3478435 0.3493215 0.3488040
4.7822627E-03 5.3082723E-03 5.8733164E-03 6.4808372E-03 7.1346289E-03 7.8388341E-03 8.5980231E-03 9.4172582E-03 1.0302060E-02 1.1258606E-02 1.2293617E-02 1.3414565E-02 1.4629681E-02 1.5948109E-02 1.7379895E-02 1.8936235E-02 2.0629399E-02 2.2473089E-02 2.4482438E-02 2.6674176E-02 2.9066898E-02 3.1681225E-02 3.4539916E-02 3.7668291E-02 4.1094292E-02 4.4848841E-02 4.8966084E-02 5.3483427E-02 5.8441967E-02 6.3886344E-02 6.9864757E-02 7.6428480E-02 8.3632357E-02 9.1530673E-02 0.1001747 0.1096157 0.1198955 0.1310419 0.1430600 0.1559236 0.1695621 0.1838468 0.1985743 0.2134531 0.2280944 0.2420256 0.2547408 0.2657893 0.2748456 0.2818016 0.2867111 0.2896996 0.2909099 0.2904686
5.1826173E-03 5.6887744E-03 6.2317490E-03 6.8147052E-03 7.4411198E-03 8.1147701E-03 8.8398252E-03 9.6208751E-03 1.0462957E-02 1.1371569E-02 1.2352818E-02 1.3413362E-02 1.4560577E-02 1.5802525E-02 1.7148159E-02 1.8607263E-02 2.0190660E-02 2.1910243E-02 2.3779163E-02 2.5811838E-02 2.8024215E-02 3.0433793E-02 3.3059865E-02 3.5923604E-02 3.9048295E-02 4.2459317E-02 4.6184499E-02 5.0253913E-02 5.4700099E-02 5.9557855E-02 6.4863898E-02 7.0656344E-02 7.6972760E-02 8.3851494E-02 9.1329947E-02 9.9435769E-02 0.1081884 0.1175925 0.1276323 0.1382629 0.1494030 0.1609249 0.1726484 0.1843355 0.1956958 0.2064028 0.2161258 0.2245769 0.2315778 0.2370347 0.2409366 0.2433342 0.2443010 0.2439100
5.5017676E-03 5.9882854E-03 6.5094717E-03 7.0682159E-03 7.6677040E-03 8.3113844E-03 9.0030469E-03 9.7468421E-03 1.0547306E-02 1.1409421E-02 1.2338606E-02 1.3340849E-02 1.4422658E-02 1.5591227E-02 1.6854392E-02 1.8220784E-02 1.9699786E-02 2.1301776E-02 2.3038058E-02 2.4921030E-02 2.6964225E-02 2.9182507E-02 3.1592008E-02 3.4210384E-02 3.7056755E-02 4.0151849E-02 4.3518018E-02 4.7179125E-02 5.1160563E-02 5.5488896E-02 6.0191642E-02 6.5296412E-02 7.0831217E-02 7.6820344E-02 8.3282240E-02 9.0232618E-02 9.7676188E-02 0.1056040 0.1139883 0.1227778 0.1318920 0.1412170 0.1506023 0.1598624 0.1687836 0.1771391 0.1847124 0.1913217 0.1968176 0.2011255 0.2042276 0.2061373 0.2068882 0.2065218
5.7506878E-03 6.2178252E-03 6.7175669E-03 7.2525335E-03 7.8256447E-03 8.4400196E-03 9.0991128E-03 9.8066488E-03 1.0566738E-02 1.1383813E-02 1.2262756E-02 1.3208850E-02 1.4227902E-02 1.5326220E-02 1.6510712E-02 1.7788887E-02 1.9168923E-02 2.0659756E-02 2.2271108E-02 2.4013544E-02 2.5898540E-02 2.7938547E-02 3.0147042E-02 3.2538533E-02 3.5128661E-02 3.7934110E-02 4.0972654E-02 4.4262942E-02 4.7824424E-02 5.1677037E-02 5.5840660E-02 6.0334574E-02 6.5175489E-02 7.0378847E-02 7.5957522E-02 8.1914224E-02 8.8243887E-02 9.4929256E-02 0.1019381 0.1092189 0.1166989 0.1242805 0.1318431 0.1392439 0.1463258 0.1529269 0.1588922 0.1640870 0.1684261 0.1718470 0.1743166 0.1758324 0.1764088 0.1760675
5.9393966E-03 6.3874922E-03 6.8661813E-03 7.3778708E-03 7.9252012E-03 8.5110171E-03 9.1384230E-03 9.8107923E-03 1.0531789E-02 1.1305408E-02 1.2135971E-02 1.3028176E-02 1.3987132E-02 1.5018400E-02 1.6128011E-02 1.7322490E-02 1.8608917E-02 1.9994976E-02 2.1488966E-02 2.3099832E-02 2.4837250E-02 2.6711589E-02 2.8733982E-02 3.0916298E-02 3.3271175E-02 3.5811890E-02 3.8552385E-02 4.1506995E-02 4.4690374E-02 4.8117027E-02 5.1801082E-02 5.5755384E-02 5.9991933E-02 6.4518154E-02 6.9335327E-02 7.4442200E-02 7.9828396E-02 8.5473396E-02 9.1343902E-02 9.7392514E-02 0.1035554 0.1097524 0.1158872 0.1218511 0.1275271 0.1327981 0.1375565 0.1417119 0.1451802 0.1479118 0.1498829 0.1510829 0.1515141 0.1511878
6.0771909E-03 6.5066046E-03 6.9646914E-03 7.4536363E-03 7.9758521E-03 8.5338959E-03 9.1305682E-03 9.7688967E-03 1.0452181E-02 1.1183939E-02 1.1968051E-02 1.2808632E-02 1.3710214E-02 1.4677628E-02 1.5716152E-02 1.6831415E-02 1.8029535E-02 1.9317057E-02 2.0701054E-02 2.2189049E-02 2.3789134E-02 2.5509894E-02 2.7360450E-02 2.9350415E-02 3.1489883E-02 3.3789288E-02 3.6259428E-02 3.8911104E-02 4.1755069E-02 4.4801660E-02 4.8060268E-02 5.1538896E-02 5.5242464E-02 5.9174269E-02 6.3335240E-02 6.7717448E-02 7.2307393E-02 7.7083215E-02 8.2013637E-02 8.7056078E-02 9.2156753E-02 9.7249933E-02 0.1022599 0.1071029 0.1116912 0.1159375 0.1197592 0.1230824 0.1258607 0.1280531 0.1296303 0.1305799 0.1309004 0.1305964
