T2-onemodel/GL31.grd
DSAA
         100         100
  -20.00000       20.00000    
  -20.00000       20.00000    
 -3.9094170E-03  0.9934316    
[rows 48 to 71 of 100, columns 0 to 52 of 100]
1.4455508E-02 1.4871576E-02 1.5323822E-02 1.5817033E-02 1.6355071E-02 1.6943930E-02 1.7588761E-02 1.8297259E-02 1.9076366E-02 1.9935954E-02 2.0885417E-02 2.1937616E-02 2.3105219E-02 2.4405343E-02 2.5855189E-02 2.7477633E-02 2.9296113E-02 3.1341355E-02 3.3645794E-02 3.6250714E-02 3.9200600E-02 4.2551670E-02 4.6364665E-02 5.0715692E-02 5.5687923E-02 6.1384197E-02 6.7917906E-02 7.5426385E-02 8.4063679E-02 9.4032519E-02 0.1055408 0.1188665 0.1343211 0.1523186 0.1733481 0.1980759 0.2273411 0.2623321 0.3046444 0.3565737 0.4208818 0.4988075 0.5840282 0.6654660 0.7375678 0.7994743 0.8516850 0.8948746 0.9296451 0.9564417 0.9756064 0.9873134 0.9916385
1.4561527E-02 1.4983596E-02 1.5443574E-02 1.5944885E-02 1.6493196E-02 1.7093185E-02 1.7751958E-02 1.8475829E-02 1.9274060E-02 2.0155245E-02 2.1131389E-02 2.2214197E-02 2.3419637E-02 2.4763893E-02 2.6268376E-02 2.7955359E-02 2.9853879E-02 3.1994913E-02 3.4418419E-02 3.7167396E-02 4.0296845E-02 4.3866917E-02 4.7953315E-02 5.2639797E-02 5.8030751E-02 6.4242207E-02 7.1417853E-02 7.9720765E-02 8.9350991E-02 0.1005225 0.1135268 0.1286841 0.1464184 0.1672273 0.1917860 0.2209406 0.2558865 0.2982245 0.3502552 0.4147436 0.4929311 0.5784962 0.6603614 0.7329720 0.7954664 0.8483396 0.8922570 0.9278144 0.9554588 0.9755194 0.9881564 0.9934316 0.9912269
1.4603211E-02 1.5031237E-02 1.5497383E-02 1.6006632E-02 1.6563430E-02 1.7174156E-02 1.7844705E-02 1.8583409E-02 1.9398242E-02 2.0300219E-02 2.1300096E-02 2.2412546E-02 2.3652488E-02 2.5039745E-02 2.6595052E-02 2.8345674E-02 3.0320521E-02 3.2557413E-02 3.5097420E-02 3.7993167E-02 4.1303135E-02 4.5101311E-02 4.9470637E-02 5.4515287E-02 6.0352873E-02 6.7129321E-02 7.5010456E-02 8.4198311E-02 9.4925560E-02 0.1074951 0.1222340 0.1395772 0.1600342 0.1842914 0.2132054 0.2479801 0.2902247 0.3422452 0.4068120 0.4851694 0.5709983 0.6532210 0.7262819 0.7893157 0.8428128 0.8874314 0.9237629 0.9522429 0.9731777 0.9867189 0.9929174 0.9916441 0.9826458
1.4580813E-02 1.5013381E-02 1.5485394E-02 1.6000880E-02 1.6565699E-02 1.7185144E-02 1.7866822E-02 1.8617868E-02 1.9448338E-02 2.0368107E-02 2.1390423E-02 2.2528853E-02 2.3801599E-02 2.5227563E-02 2.6831783E-02 2.8641187E-02 3.0690528E-02 3.3018388E-02 3.5674188E-02 3.8713410E-02 4.2206898E-02 4.6235155E-02 5.0900046E-02 5.6318454E-02 6.2636964E-02 7.0024170E-02 7.8690179E-02 8.8879995E-02 0.1008963 0.1150773 0.1318784 0.1518241 0.1756167 0.2041268 0.2385714 0.2805701 0.3324384 0.3969532 0.4753642 0.5613553 0.6438507 0.7172944 0.7808183 0.8349079 0.8802131 0.9173141 0.9466289 0.9684488 0.9829202 0.9900733 0.9897600 0.9817098 0.9654236
1.4492132E-02 1.4928821E-02 1.5405193E-02 1.5926393E-02 1.6497336E-02 1.7124755E-02 1.7815137E-02 1.8577505E-02 1.9420708E-02 2.0356709E-02 2.1397853E-02 2.2560280E-02 2.3861269E-02 2.5323331E-02 2.6970970E-02 2.8835984E-02 3.0953426E-02 3.3368893E-02 3.6134001E-02 3.9314728E-02 4.2987369E-02 4.7249246E-02 5.2213691E-02 5.8024529E-02 6.4850405E-02 7.2903015E-02 8.2431413E-02 9.3742825E-02 0.1072021 0.1232835 0.1425262 0.1656527 0.1935534 0.2274641 0.2690202 0.3205500 0.3848410 0.4631506 0.5491682 0.6318215 0.7055559 0.7695023 0.8241433 0.8701210 0.9080057 0.9381999 0.9609821 0.9764763 0.9846770 0.9854176 0.9784110 0.9631419 0.9389029
1.4334397E-02 1.4773848E-02 1.5254014E-02 1.5779171E-02 1.6355447E-02 1.6988639E-02 1.7686682E-02 1.8457558E-02 1.9311931E-02 2.0260729E-02 2.1318460E-02 2.2500388E-02 2.3826646E-02 2.5319053E-02 2.7006168E-02 2.8919514E-02 3.1100050E-02 3.3594523E-02 3.6463317E-02 3.9776463E-02 4.3624423E-02 4.8114028E-02 5.3382546E-02 5.9593711E-02 6.6956885E-02 7.5722404E-02 8.6207494E-02 9.8795012E-02 0.1139646 0.1322781 0.1544918 0.1815244 0.2146393 0.2554953 0.3064407 0.3702783 0.4482768 0.5341345 0.6167846 0.6906763 0.7549424 0.8100643 0.8566806 0.8953533 0.9264706 0.9502912 0.9669070 0.9762833 0.9782351 0.9724393 0.9583505 0.9352385 0.9020380
1.4102591E-02 1.4544259E-02 1.5026629E-02 1.5554991E-02 1.6134610E-02 1.6772447E-02 1.7475627E-02 1.8253498E-02 1.9115744E-02 2.0075120E-02 2.1145154E-02 2.2343498E-02 2.3689389E-02 2.5207896E-02 2.6926959E-02 2.8882818E-02 3.1116633E-02 3.3682354E-02 3.6642745E-02 4.0079270E-02 4.4089407E-02 4.8799865E-02 5.4364387E-02 6.0982730E-02 6.8899602E-02 7.8430571E-02 8.9962430E-02 0.1039852 0.1211018 0.1421049 0.1679462 0.1999282 0.2397462 0.2897793 0.3528541 0.4302568 0.5156979 0.5981187 0.6719747 0.7364020 0.7918855 0.8390632 0.8784950 0.9105598 0.9355001 0.9533821 0.9641420 0.9675506 0.9632230 0.9505756 0.9288461 0.8969446 0.8534797
1.3791135E-02 1.4233601E-02 1.4717441E-02 1.5247206E-02 1.5829111E-02 1.6469380E-02 1.7176155E-02 1.7958002E-02 1.8826012E-02 1.9791991E-02 2.0871377E-02 2.2080813E-02 2.3442099E-02 2.4979439E-02 2.6724296E-02 2.8712681E-02 3.0991189E-02 3.3614665E-02 3.6654744E-02 4.0197156E-02 4.4354875E-02 4.9266528E-02 5.5115242E-02 6.2129948E-02 7.0613340E-02 8.0946498E-02 9.3629271E-02 0.1092923 0.1287495 0.1530024 0.1834199 0.2217541 0.2704347 0.3323264 0.4087436 0.4934142 0.5752913 0.6488370 0.7131928 0.7688475 0.8164438 0.8565444 0.8895285 0.9156324 0.9349041 0.9472469 0.9523749 0.9498408 0.9390097 0.9190482 0.8888125 0.8468776 0.7914965
1.3392296E-02 1.3834857E-02 1.4318589E-02 1.4848757E-02 1.5430967E-02 1.6072201E-02 1.6779967E-02 1.7563824E-02 1.8434061E-02 1.9403910E-02 2.0487819E-02 2.1704307E-02 2.3074282E-02 2.4624566E-02 2.6385847E-02 2.8398091E-02 3.0707855E-02 3.3376276E-02 3.6476888E-02 4.0106717E-02 4.4385854E-02 4.9474716E-02 5.5577051E-02 6.2968187E-02 7.2004825E-02 8.3169922E-02 9.7092099E-02 0.1146057 0.1367892 0.1650942 0.2013550 0.2480848 0.3082151 0.3831072 0.4665176 0.5474145 0.6202668 0.6842194 0.7397638 0.7875473 0.8281404 0.8619305 0.8891626 0.9098845 0.9239858 0.9311416 0.9308445 0.9223619 0.9047331 0.8767245 0.8368446 0.7833095 0.7149708
1.2897829E-02 1.3339134E-02 1.3821810E-02 1.4350688E-02 1.4931878E-02 1.5571842E-02 1.6278788E-02 1.7061586E-02 1.7931500E-02 1.8901002E-02 1.9985747E-02 2.1203399E-02 2.2576705E-02 2.4131423E-02 2.5901118E-02 2.7924795E-02 3.0253403E-02 3.2948263E-02 3.6090374E-02 3.9779719E-02 4.4151075E-02 4.9376488E-02 5.5692036E-02 6.3409895E-02 7.2966613E-02 8.4953554E-02 0.1001996 0.1198279 0.1453611 0.1787696 0.2227237 0.2802787 0.3528836 0.4343442 0.5136512 0.5852782 0.6483669 0.7034047 0.7510374 0.7918402 0.8262135 0.8544210 0.8765333 0.8924583 0.9018694 0.9042199 0.8986725 0.8841178 0.8591659 0.8221581 0.7712045 0.7051156 0.6269651
1.2298264E-02 1.2737420E-02 1.3217654E-02 1.3743984E-02 1.4322277E-02 1.4959279E-02 1.5662804E-02 1.6442256E-02 1.7308319E-02 1.8274125E-02 1.9354740E-02 2.0568840E-02 2.1938128E-02 2.3490230E-02 2.5257397E-02 2.7281541E-02 2.9612472E-02 3.2316167E-02 3.5473675E-02 3.9193768E-02 4.3615278E-02 4.8929770E-02 5.5391941E-02 6.3365169E-02 7.3356442E-02 8.6111456E-02 0.1027028 0.1246884 0.1542308 0.1942523 0.2480486 0.3172505 0.3957620 0.4726099 0.5422670 0.6038573 0.6578463 0.7048625 0.7454739 0.7800851 0.8089808 0.8322663 0.8498990 0.8616046 0.8668739 0.8648502 0.8543117 0.8336152 0.8007569 0.7535895 0.6907862 0.6154003 0.5386253
1.1585283E-02 1.2021199E-02 1.2497774E-02 1.3020080E-02 1.3593893E-02 1.4225889E-02 1.4923917E-02 1.5697112E-02 1.6556423E-02 1.7514467E-02 1.8586757E-02 1.9791203E-02 2.1150423E-02 2.2690816E-02 2.4446178E-02 2.6456762E-02 2.8775107E-02 3.1465273E-02 3.4613051E-02 3.8326312E-02 4.2753842E-02 4.8091482E-02 5.4619849E-02 6.2731899E-02 7.3021747E-02 8.6384833E-02 0.1042460 0.1288115 0.1633019 0.2115381 0.2756081 0.3496486 0.4227547 0.4893780 0.5485898 0.6007966 0.6465774 0.6864643 0.7208455 0.7500110 0.7740960 0.7931173 0.8068896 0.8150207 0.8167742 0.8109899 0.7958837 0.7690254 0.7276617 0.6699504 0.5987685 0.5253677 0.4597915
1.0753746E-02 1.1185244E-02 1.1657086E-02 1.2173855E-02 1.2741623E-02 1.3366656E-02 1.4056938E-02 1.4821296E-02 1.5670577E-02 1.6617272E-02 1.7676437E-02 1.8866107E-02 2.0208020E-02 2.1729009E-02 2.3461357E-02 2.5446303E-02 2.7733963E-02 3.0390421E-02 3.3498049E-02 3.7168518E-02 4.1546967E-02 4.6838429E-02 5.3325158E-02 6.1431006E-02 7.1794555E-02 8.5469611E-02 0.1042456 0.1312526 0.1711138 0.2271381 0.2942015 0.3615648 0.4235853 0.4791814 0.5286160 0.5723513 0.6108335 0.6443943 0.6732972 0.6976827 0.7176099 0.7329797 0.7435446 0.7487817 0.7478205 0.7391680 0.7204337 0.6881036 0.6388559 0.5746000 0.5065243 0.4449915 0.3922752
9.8093394E-03 1.0235376E-02 1.0701335E-02 1.1211169E-02 1.1771427E-02 1.2387472E-02 1.3068095E-02 1.3820745E-02 1.4657333E-02 1.5588464E-02 1.6630752E-02 1.7799499E-02 1.9118473E-02 2.0610681E-02 2.2311287E-02 2.4255911E-02 2.6498478E-02 2.9096980E-02 3.2138798E-02 3.5723682E-02 4.0003408E-02 4.5165230E-02 5.1501699E-02 5.9413284E-02 6.9569208E-02 8.3044209E-02 0.1019036 0.1300883 0.1729034 0.2284026 0.2866738 0.3417023 0.3919277 0.4372652 0.4779126 0.5141489 0.5461747 0.5741880 0.5982847 0.6185391 0.6348953 0.6472294 0.6552087 0.6583064 0.6555594 0.6453817 0.6249375 0.5898231 0.5382421 0.4793887 0.4243322 0.3762484 0.3348067
8.7869810E-03 9.2047574E-03 9.6655292E-03 1.0165240E-02 1.0718380E-02 1.1321800E-02 1.1992585E-02 1.2729122E-02 1.3552078E-02 1.4462251E-02 1.5485353E-02 1.6626183E-02 1.7917845E-02 1.9371819E-02 2.1032676E-02 2.2923231E-02 2.5106356E-02 2.7625311E-02 3.0574825E-02 3.4036577E-02 3.8165372E-02 4.3123264E-02 4.9193230E-02 5.6731109E-02 6.6353649E-02 7.9015605E-02 9.6524619E-02 0.1221713 0.1589510 0.2027125 0.2471969 0.2896968 0.3292249 0.3655280 0.3985047 0.4281884 0.4545948 0.4777714 0.4977193 0.5144192 0.5277794 0.5376211 0.5436353 0.5452935 0.5417716 0.5316458 0.5126395 0.4815384 0.4396089 0.3954656 0.3545707 0.3180841 0.2858355
7.7591231E-03 8.1719356E-03 8.6221537E-03 9.1149667E-03 9.6549587E-03 1.0248834E-02 1.0902923E-02 1.1626159E-02 1.2427460E-02 1.3318968E-02 1.4313281E-02 1.5427454E-02 1.6679872E-02 1.8095057E-02 1.9700635E-02 2.1533128E-02 2.3635317E-02 2.6064146E-02 2.8889054E-02 3.2203566E-02 3.6127288E-02 4.0825844E-02 4.6523046E-02 5.3544424E-02 6.2364042E-02 7.3722459E-02 8.8768080E-02 0.1090993 0.1355242 0.1663227 0.1986471 0.2306148 0.2612047 0.2898810 0.3163411 0.3404164 0.3620020 0.3810274 0.3974274 0.4111205 0.4219880 0.4298438 0.4344074 0.4352486 0.4317354 0.4229364 0.4076394 0.3849666 0.3564553 0.3259711 0.2964654 0.2690921 0.2441722
6.7965062E-03 7.2006853E-03 7.6422459E-03 8.1240591E-03 8.6526787E-03 9.2322817E-03 9.8712221E-03 1.0575628E-02 1.1356430E-02 1.2222521E-02 1.3188586E-02 1.4267721E-02 1.5480228E-02 1.6845800E-02 1.8393369E-02 2.0153116E-02 2.2167901E-02 2.4485452E-02 2.7172260E-02 3.0306749E-02 3.3997759E-02 3.8381182E-02 4.3647315E-02 5.0046843E-02 5.7936143E-02 6.7796431E-02 8.0266841E-02 9.6002772E-02 0.1152447 0.1372669 0.1608540 0.1848385 0.2083679 0.2308592 0.2519281 0.2713117 0.2888308 0.3043492 0.3177555 0.3289356 0.3377586 0.3440512 0.3475819 0.3480332 0.3449928 0.3379592 0.3264801 0.3105198 0.2910496 0.2698721 0.2485425 0.2280432 0.2088275
5.9213457E-03 6.3172868E-03 6.7480779E-03 7.2190957E-03 7.7338633E-03 8.2991505E-03 8.9199776E-03 9.6051227E-03 1.0361766E-02 1.1201491E-02 1.2134622E-02 1.3176888E-02 1.4343400E-02 1.5656060E-02 1.7137352E-02 1.8818788E-02 2.0734517E-02 2.2931434E-02 2.5463052E-02 2.8401883E-02 3.1834431E-02 3.5877481E-02 4.0675335E-02 4.6421599E-02 5.3357005E-02 6.1786629E-02 7.2041497E-02 8.4398411E-02 9.8892622E-02 0.1152605 0.1328812 0.1510750 0.1692244 0.1868445 0.2035605 0.2190983 0.2332468 0.2458466 0.2567602 0.2658644 0.2730265 0.2780985 0.2808985 0.2812126 0.2787951 0.2734170 0.2649573 0.2535999 0.2399279 0.2248147 0.2091999 0.1937557 0.1789240
5.1367744E-03 5.5225445E-03 5.9430273E-03 6.4010336E-03 6.9022472E-03 7.4506416E-03 8.0534145E-03 8.7162182E-03 9.4484026E-03 1.0257977E-02 1.1157370E-02 1.2158073E-02 1.3276957E-02 1.4530738E-02 1.5942954E-02 1.7538257E-02 1.9350389E-02 2.1416420E-02 2.3786124E-02 2.6516268E-02 2.9682059E-02 3.3371687E-02 3.7699841E-02 4.2801138E-02 4.8842154E-02 5.6002755E-02 6.4465433E-02 7.4356079E-02 8.5688353E-02 9.8254323E-02 0.1117479 0.1257562 0.1398709 0.1537156 0.1669824 0.1794156 0.1908158 0.2010165 0.2098821 0.2172859 0.2231097 0.2272265 0.2295044 0.2298004 0.2279830 0.2239563 0.2177283 0.2094597 0.1995345 0.1885014 0.1768835 0.1651591 0.1536594
4.4348440E-03 4.8108962E-03 5.2192588E-03 5.6646066E-03 6.1501898E-03 6.6818856E-03 7.2641820E-03 7.9046143E-03 8.6094718E-03 9.3885930E-03 1.0250801E-02 1.1209177E-02 1.2276271E-02 1.3469869E-02 1.4807940E-02 1.6315214E-02 1.8017780E-02 1.9950660E-02 2.2152198E-02 2.4672667E-02 2.7568508E-02 3.0911969E-02 3.4784108E-02 3.9284114E-02 4.4517167E-02 5.0596587E-02 5.7615828E-02 6.5628894E-02 7.4608080E-02 8.4474154E-02 9.5010333E-02 0.1059630 0.1170455 0.1279901 0.1385469 0.1485071 0.1576884 0.1659428 0.1731386 0.1791636 0.1839100 0.1872784 0.1891688 0.1894929 0.1881783 0.1851994 0.1805977 0.1745288 0.1672353 0.1590253 0.1502707 0.1412797 0.1323183
3.8075773E-03 4.1724029E-03 4.5690453E-03 5.0000357E-03 5.4703010E-03 5.9833555E-03 6.5453560E-03 7.1611963E-03 7.8387791E-03 8.5848654E-03 9.4097620E-03 1.0322861E-02 1.1337845E-02 1.2467911E-02 1.3731483E-02 1.5147234E-02 1.6740333E-02 1.8537266E-02 2.0572798E-02 2.2884281E-02 2.5519425E-02 2.8529607E-02 3.1977627E-02 3.5928473E-02 4.0454704E-02 4.5620460E-02 5.1480543E-02 5.8058299E-02 6.5339953E-02 7.3221311E-02 8.1587888E-02 9.0262517E-02 9.9056646E-02 0.1077671 0.1162093 0.1242084 0.1316170 0.1383010 0.1441493 0.1490589 0.1529424 0.1557164 0.1573115 0.1576674 0.1567509 0.1545591 0.1511442 0.1466070 0.1411270 0.1349371 0.1282520 0.1213028 0.1142715
3.2442159E-03 3.5982691E-03 3.9817779E-03 4.3988200E-03 4.8521920E-03 5.3469506E-03 5.8869082E-03 6.4784531E-03 7.1268068E-03 7.8401295E-03 8.6255735E-03 9.4937002E-03 1.0454343E-02 1.1521411E-02 1.2708458E-02 1.4033973E-02 1.5516580E-02 1.7180961E-02 1.9052597E-02 2.1164101E-02 2.3549324E-02 2.6249899E-02 2.9307704E-02 3.2770757E-02 3.6682315E-02 4.1084331E-02 4.6001263E-02 5.1437847E-02 5.7362650E-02 6.3740917E-02 7.0465364E-02 7.7420853E-02 8.4463343E-02 9.1451876E-02 9.8238744E-02 0.1046923 0.1106865 0.1161144 0.1208766 0.1248905 0.1280791 0.1303803 0.1317391 0.1321197 0.1315022 0.1298992 0.1273537 0.1239594 0.1198309 0.1151032 0.1099532 0.1045298 9.8980606E-02
2.7368092E-03 3.0788979E-03 3.4497445E-03 3.8515304E-03 4.2884708E-03 4.7635292E-03 5.2819159E-03 5.8476632E-03 6.4673112E-03 7.1463035E-03 7.8929467E-03 8.7145800E-03 9.6218949E-03 1.0624812E-02 1.1737172E-02 1.2972306E-02 1.4348143E-02 1.5882429E-02 1.7598202E-02 1.9518375E-02 2.1671588E-02 2.4085706E-02 2.6793532E-02 2.9824460E-02 3.3209369E-02 3.6969300E-02 4.1119367E-02 4.5657635E-02 5.0568357E-02 5.5785451E-02 6.1255012E-02 6.6884890E-02 7.2579622E-02 7.8226350E-02 8.3719596E-02 8.8950105E-02 9.3822397E-02 9.8243855E-02 0.1021369 0.1054286 0.1080602 0.1099788 0.1111468 0.1115364 0.1111413 0.1099717 0.1080673 0.1054829 0.1023120 9.8671369E-02 9.4660729E-02 9.0400904E-02 8.5990213E-02
2.2763929E-03 2.6070275E-03 2.9641278E-03 3.3511897E-03 3.7705570E-03 4.2264895E-03 4.7221174E-03 5.2627348E-03 5.8525028E-03 6.4980197E-03 7.2048195E-03 7.9812082E-03 8.8345446E-03 9.7753406E-03 1.0813286E-02 1.1961677E-02 1.3233101E-02 1.4644230E-02 1.6210983E-02 1.7953612E-02 1.9891154E-02 2.2046650E-02 2.4440363E-02 2.7094856E-02 3.0026395E-02 3.3249624E-02 3.6766935E-02 4.0570889E-02 4.4634700E-02 4.8940990E-02 5.3425487E-02 5.8027998E-02 6.2667876E-02 6.7267835E-02 7.1740150E-02 7.6005757E-02 7.9983182E-02 8.3602801E-02 8.6796679E-02 8.9509651E-02 9.1690160E-02 9.3300171E-02 9.4307475E-02 9.4696060E-02 9.4459601E-02 9.3612470E-02 9.2182219E-02 9.0224333E-02 8.7796189E-02 8.4963351E-02 8.1820682E-02 7.8444481E-02 7.4919254E-02
