T2-onemodel/GL31.grd
DSAA
         100         100
  -20.00000       20.00000    
  -20.00000       20.00000    
  7.7374175E-02   93.75840    
[rows 28 to 55 of 100, columns 0 to 61 of 100]
0.4197990 0.4363062 0.4538521 0.4725440 0.4924341 0.5136443 0.5362369 0.5603518 0.5860645 0.6135327 0.6428463 0.6741853 0.7076561 0.7434626 0.7817287 0.8226833 0.8664697 0.9133452 0.9634734 1.017138 1.074524 1.135942 1.201593 1.271817 1.346823 1.426974 1.512482 1.603723 1.700896 1.804378 1.914333 2.031045 2.154506 2.285483 2.423574 2.569189 2.721921 2.881990 3.048753 3.222138 3.401142 3.585280 3.773053 3.963449 4.154346 4.344126 4.529998 4.709773 4.879924 5.037809 5.180817 5.305666 5.409520 5.489578 5.544235 5.571620 5.571072 5.541844 5.484444 5.399262 5.287953 5.151940
0.4468685 0.4640107 0.4822879 0.5017509 0.5225258 0.5446750 0.5683419 0.5936040 0.6206250 0.6494982 0.6804109 0.7134755 0.7489057 0.7868348 0.8275061 0.8710771 0.9178223 0.9679253 1.021697 1.079346 1.141220 1.207555 1.278734 1.355018 1.436826 1.524434 1.618294 1.718686 1.826082 1.940754 2.063175 2.193652 2.332741 2.480114 2.636547 2.801830 2.976428 3.159909 3.352466 3.553328 3.762280 3.978038 4.199800 4.425569 4.653784 4.881564 5.106503 5.324822 5.533593 5.728524 5.905164 6.059946 6.189282 6.290310 6.359925 6.396477 6.398351 6.365368 6.297382 6.195682 6.061500 5.897482
0.4766032 0.4944218 0.5134090 0.5336911 0.5553328 0.5784793 0.6032093 0.6296893 0.6580166 0.6883833 0.7209076 0.7558100 0.7932321 0.8334281 0.8765682 0.9229427 0.9727521 1.026330 1.083910 1.145870 1.212479 1.284165 1.361232 1.444155 1.533275 1.629112 1.732034 1.842604 1.961203 2.088424 2.224641 2.370376 2.525850 2.692137 2.869054 3.057315 3.256738 3.467834 3.690140 3.923800 4.167866 4.421902 4.684209 4.953492 5.226999 5.502322 5.775434 6.042736 6.298803 6.539073 6.758853 6.952673 7.115707 7.243397 7.332778 7.380945 7.386650 7.348889 7.268311 7.145707 6.983481 6.784020
0.5094894 0.5279567 0.5476980 0.5687751 0.5913370 0.6154605 0.6413167 0.6690022 0.6987153 0.7305753 0.7648104 0.8015670 0.8411091 0.8836146 0.9293895 0.9786476 1.031742 1.088927 1.150609 1.217087 1.288826 1.366174 1.449659 1.539677 1.636823 1.741541 1.854489 1.976153 2.107249 2.248292 2.400042 2.563096 2.738349 2.925753 3.126493 3.340686 3.569214 3.811976 4.069561 4.341463 4.627758 4.927232 5.239103 5.561027 5.890921 6.224849 6.559062 6.887774 7.205845 7.506146 7.781258 8.024766 8.230375 8.392944 8.507524 8.571248 8.581767 8.538707 8.442106 8.293851 8.096047 7.852591
0.5460188 0.5651771 0.5856421 0.6075627 0.6310166 0.6561754 0.6831354 0.7120975 0.7431828 0.7766238 0.8125708 0.8512942 0.8929779 0.9379396 0.9864032 1.038739 1.095218 1.156270 1.222221 1.293569 1.370700 1.454189 1.544488 1.642254 1.748010 1.862499 1.986312 2.120285 2.265067 2.421579 2.590520 2.772793 2.968997 3.180701 3.408135 3.652551 3.914244 4.194308 4.492767 4.810328 5.146442 5.501065 5.872583 6.259631 6.658832 7.066784 7.477623 7.885400 8.281337 8.657251 9.004427 9.313245 9.575189 9.782593 9.930232 10.01369 10.03100 9.981020 9.864790 9.683853 9.441754 9.142316
0.5868673 0.6066787 0.6279125 0.6506410 0.6750394 0.7012010 0.7293286 0.7595418 0.7920774 0.8270845 0.8648418 0.9055339 0.9494874 0.9969324 1.048254 1.103736 1.163827 1.228872 1.299402 1.375831 1.458778 1.548742 1.646442 1.752464 1.867640 1.992651 2.128453 2.275822 2.435838 2.609376 2.797637 3.001668 3.222904 3.461788 3.720175 3.998797 4.299299 4.622282 4.969180 5.340225 5.736319 6.156851 6.601584 7.068239 7.554447 8.055071 8.564400 9.073327 9.572561 10.04948 10.49078 10.88436 11.21877 11.48482 11.67467 11.78386 11.80938 11.75102 11.60945 11.38767 11.08909 10.71934
0.6327208 0.6532279 0.6751883 0.6987733 0.7240758 0.7512975 0.7805563 0.8120899 0.8460462 0.8827060 0.9222564 0.9650279 1.011255 1.061330 1.115547 1.174369 1.238157 1.307463 1.382731 1.464613 1.553646 1.650603 1.756130 1.871135 1.996386 2.132940 2.281704 2.443898 2.620573 2.813127 3.022758 3.250951 3.498914 3.769000 4.062153 4.380550 4.725385 5.098855 5.502055 5.936952 6.404146 6.904850 7.438380 8.004137 8.598689 9.217801 9.853127 10.49471 11.12744 11.73562 12.30192 12.80817 13.23866 13.58035 13.82478 13.96596 14.00179 13.93177 13.75818 13.48396 13.11429 12.65477
0.6844643 0.7056191 0.7283509 0.7527437 0.7790026 0.8072389 0.8376907 0.8705015 0.9059542 0.9442325 0.9856721 1.030504 1.079129 1.131841 1.189118 1.251328 1.319041 1.392717 1.473041 1.560578 1.656145 1.760440 1.874433 1.998971 2.135206 2.284153 2.447176 2.625476 2.820647 3.034108 3.267709 3.523187 3.802810 4.107832 4.441192 4.804691 5.201309 5.633005 6.102863 6.612785 7.165630 7.762648 8.405585 9.093660 9.825541 10.59560 11.39585 12.21169 13.02540 13.81229 14.54573 15.20102 15.75651 16.19635 16.50933 16.69028 16.73706 16.65127 16.43555 16.09485 15.63433 15.06137
0.7429602 0.7648068 0.7882543 0.8135050 0.8406649 0.8699701 0.9015598 0.9357157 0.9726154 1.012595 1.055883 1.102882 1.153883 1.209372 1.269719 1.335509 1.407206 1.485520 1.571037 1.664611 1.766974 1.879154 2.002059 2.136924 2.284862 2.447355 2.625754 2.821826 3.037192 3.273951 3.534039 3.819827 4.133466 4.478514 4.857111 5.272953 5.728827 6.228919 6.776421 7.375868 8.030566 8.744904 9.521351 10.36262 11.26775 12.23380 13.25042 14.30135 15.35823 16.38697 17.34845 18.20444 18.92509 19.48978 19.88807 20.11544 20.17296 20.06369 19.79311 19.36665 18.79125 18.07372
0.8092120 0.8316856 0.8558967 0.8819378 0.9100513 0.9403598 0.9731496 1.008584 1.047004 1.088624 1.133853 1.182970 1.236466 1.294704 1.358281 1.427660 1.503565 1.586591 1.677622 1.777409 1.887028 2.007430 2.139925 2.285695 2.446342 2.623324 2.818579 3.033908 3.271639 3.533976 3.823726 4.143662 4.497310 4.887220 5.318029 5.793320 6.318317 6.897418 7.536759 8.241609 9.018998 9.874763 10.81613 11.84798 12.97491 14.19554 15.50283 16.87479 18.27496 19.64563 20.92204 22.04749 22.98150 23.70254 24.20195 24.48097 24.54461 24.40081 24.05695 23.52097 22.79933 21.89945
0.8839831 0.9071336 0.9320319 0.9589173 0.9879048 1.019276 1.053182 1.089963 1.129823 1.173165 1.220261 1.271598 1.327528 1.388650 1.455422 1.528575 1.608701 1.696701 1.793339 1.899720 2.016823 2.146014 2.288535 2.446067 2.620178 2.812937 3.026306 3.262821 3.524917 3.815701 4.138195 4.496079 4.892944 5.334187 5.823840 6.368046 6.972283 7.644129 8.390629 9.221199 10.14479 11.17291 12.31633 13.58792 14.99783 16.55474 18.25587 20.08138 21.97346 23.83777 25.55993 27.04816 28.25397 29.16133 29.77407 30.10320 30.16307 29.96661 29.52570 28.84881 27.94308 26.81301
0.9677435 0.9914826 1.017123 1.044761 1.074681 1.107018 1.142108 1.180138 1.221514 1.266480 1.315531 1.368996 1.427473 1.491403 1.561520 1.638404 1.722964 1.815954 1.918506 2.031603 2.156651 2.294925 2.448178 2.618044 2.806714 3.016259 3.249415 3.508810 3.797825 4.119786 4.478900 4.879468 5.326904 5.825750 6.383278 7.005926 7.702585 8.481800 9.355073 10.33397 11.43372 12.67011 14.06346 15.63479 17.40960 19.41095 21.65773 24.13959 26.78228 29.39553 31.75052 33.70992 35.23861 36.35137 37.07634 37.44391 37.47970 37.20500 36.63448 35.77839 34.64106 33.22387
1.059580 1.083962 1.110249 1.138696 1.169447 1.202809 1.238974 1.278318 1.321096 1.367761 1.418657 1.474337 1.535259 1.602109 1.675490 1.756262 1.845209 1.943418 2.051922 2.172083 2.305250 2.453155 2.617546 2.800615 3.004624 3.232344 3.486688 3.771149 4.089441 4.445986 4.845530 5.293527 5.795905 6.360625 6.994914 7.708500 8.511504 9.416837 10.43859 11.59455 12.90499 14.39545 16.09621 18.04533 20.28893 22.88295 25.88832 29.34467 33.16420 36.93509 40.14754 42.65802 44.52453 45.83010 46.64416 47.02126 47.00061 46.61111 45.86990 44.78664 43.36123 41.58790
1.155596 1.180436 1.207509 1.236565 1.268293 1.302468 1.339868 1.380301 1.424647 1.472774 1.525694 1.583350 1.646915 1.716445 1.793327 1.877761 1.971395 2.074640 2.189489 2.316622 2.458469 2.616083 2.792447 2.989098 3.209735 3.456522 3.734065 4.045325 4.396050 4.790262 5.235160 5.736287 6.302949 6.941588 7.664748 8.482030 9.409626 10.46141 11.65967 13.02533 14.59091 16.38972 18.47260 20.89633 23.74687 27.12670 31.18016 36.02245 41.49126 46.65007 50.70269 53.69084 55.82079 57.25857 58.10706 58.44593 58.32125 57.76992 56.80603 55.43839 53.65685 51.44632
1.247651 1.273175 1.300740 1.330645 1.363039 1.398278 1.436573 1.478357 1.523916 1.573784 1.628348 1.688281 1.754095 1.826641 1.906613 1.995094 2.093014 2.201765 2.322600 2.457311 2.607583 2.775739 2.964029 3.175492 3.413110 3.680834 3.982627 4.323609 4.708997 5.145455 5.639849 6.200711 6.836972 7.561037 8.384415 9.323215 10.39415 11.61989 13.02532 14.64431 16.51634 18.69622 21.25214 24.28197 27.91547 32.33925 37.76372 44.21216 50.91317 56.67298 61.06050 64.25025 66.48508 67.94310 68.74751 68.97891 68.69235 67.91819 66.67190 64.94920 62.73350 59.98746
1.329627 1.355626 1.383835 1.414356 1.447567 1.483625 1.522975 1.565841 1.612776 1.664100 1.720488 1.782385 1.850641 1.925872 2.009161 2.101356 2.203833 2.317769 2.444956 2.586987 2.746206 2.924803 3.125844 3.352312 3.608257 3.897695 4.225973 4.598485 5.022264 5.504541 6.054594 6.682271 7.400100 8.220289 9.160477 10.23859 11.47899 12.90831 14.56290 16.48511 18.73395 21.38310 24.53879 28.34324 33.00337 38.76350 45.70486 53.13888 59.89904 65.40327 69.62314 72.71705 74.86599 76.21878 76.88139 76.92945 76.40859 75.34515 73.74182 71.58541 68.83839 65.44405
1.399199 1.425736 1.454442 1.485649 1.519519 1.556453 1.596680 1.640696 1.688811 1.741647 1.799639 1.863569 1.934026 2.012015 2.098362 2.194364 2.301140 2.420400 2.553707 2.703296 2.871327 3.060797 3.274669 3.516964 3.791764 4.104445 4.460604 4.867445 5.332572 5.865646 6.476990 7.179406 7.986794 8.917958 9.991678 11.23362 12.67206 14.34520 16.29774 18.59146 21.30384 24.54592 28.46698 33.28369 39.25514 46.48387 54.31069 61.59853 67.76698 72.72540 76.54515 79.34975 81.26422 82.39381 82.82177 82.60330 81.77332 80.34161 78.29953 75.61202 72.22193 68.03722
1.456229 1.483163 1.512423 1.544158 1.578741 1.616381 1.657537 1.702500 1.751847 1.805975 1.865614 1.931319 2.004018 2.084486 2.173935 2.273436 2.384575 2.508848 2.648379 2.805248 2.982323 3.182508 3.409708 3.667980 3.962656 4.299392 4.685477 5.128755 5.639173 6.227565 6.907504 7.694109 8.606264 9.663765 10.89397 12.32669 14.00183 15.96602 18.28325 21.03366 24.33155 28.33035 33.25217 39.36344 46.77627 54.84391 62.44269 69.00104 74.42146 78.75197 82.07763 84.48624 86.06153 86.87625 86.98344 86.41982 85.19860 83.31457 80.73523 77.40469 73.23052 68.08674
1.501073 1.528452 1.558126 1.590431 1.625565 1.663948 1.705850 1.751790 1.802150 1.857591 1.918635 1.986124 2.060785 2.143729 2.235958 2.338949 2.454089 2.583373 2.728766 2.892964 3.078748 3.289852 3.530210 3.805007 4.119840 4.481927 4.899223 5.381786 5.940796 6.590278 7.345903 8.226967 9.255345 10.45989 11.87148 13.53166 15.48885 17.80903 20.57451 23.90203 27.94790 32.93757 39.14165 46.67733 54.90396 62.70452 69.51359 75.23647 79.91763 83.62563 86.42720 88.38626 89.55788 89.98482 89.69844 88.71005 87.01437 84.57986 81.35152 77.23739 72.11105 65.80939
1.534426 1.562119 1.592236 1.624963 1.660672 1.699627 1.742285 1.789006 1.840387 1.896901 1.959333 2.028332 2.104916 2.190012 2.284961 2.391060 2.510128 2.643987 2.795151 2.966216 3.160679 3.382277 3.635942 3.927078 4.262705 4.650637 5.100905 5.624799 6.236587 6.952488 7.792765 8.780814 9.945787 11.31997 12.94713 14.87764 17.17952 19.93716 23.26950 27.33510 32.36193 38.62332 46.23956 54.57347 62.51173 69.49245 75.42326 80.34821 84.33057 87.43019 89.69896 91.17734 91.89713 91.87994 91.13070 89.64040 87.37584 84.28137 80.26491 75.19992 68.92301 61.32750
1.556766 1.584794 1.615222 1.648382 1.684518 1.724036 1.767275 1.814763 1.866944 1.924505 1.988060 2.058516 2.136712 2.223859 2.321143 2.430220 2.552741 2.690998 2.847393 3.025118 3.227657 3.459591 3.726011 4.033559 4.389764 4.804321 5.288395 5.856185 6.524144 7.312998 8.246830 9.355482 10.67402 12.24835 14.13056 16.39087 19.11603 22.42723 26.48531 31.52038 37.80802 45.47068 53.87360 61.90566 69.00730 75.08780 80.19196 84.38216 87.71557 90.23595 91.97527 92.95672 93.19159 92.67747 91.39974 89.32119 86.38357 82.49356 77.52391 71.31094 63.74778 55.14500
1.568570 1.596813 1.627554 1.661007 1.697555 1.737486 1.781280 1.829331 1.882272 1.940637 2.005248 2.076852 2.156538 2.245370 2.344826 2.456403 2.582146 2.724221 2.885526 3.069200 3.279434 3.520892 3.799709 4.122906 4.499647 4.940580 5.459517 6.072677 6.800830 7.668563 8.706966 9.953200 11.45401 13.26378 15.45614 18.12072 21.38156 25.40210 30.41482 36.69743 44.37437 52.81269 60.90307 68.08751 74.27660 79.51595 83.86768 87.38710 90.11379 92.07594 93.28987 93.75840 93.47283 92.41113 90.53023 87.76778 84.02776 79.18134 73.06411 65.56892 57.00644 48.48921
1.569974 1.598433 1.629364 1.663103 1.699916 1.740226 1.784393 1.832967 1.886438 1.945531 2.010914 2.083549 2.164379 2.254711 2.355878 2.469698 2.598078 2.743594 2.909050 3.098170 3.315138 3.565472 3.855550 4.193739 4.589922 5.057017 5.610553 6.270679 7.061803 8.015321 9.169256 10.57165 12.28110 14.37491 16.94586 20.12167 24.06925 29.02413 35.26657 42.92312 51.36261 59.47724 66.71037 72.97372 78.31375 82.79284 86.46585 89.37075 91.53319 92.96316 93.65740 93.60068 92.76206 91.09238 88.52411 84.95729 80.26044 74.26785 66.87171 58.38286 49.91424 42.44515
1.561023 1.589587 1.620694 1.654582 1.691632 1.732160 1.776653 1.825544 1.879472 1.939035 2.005072 2.078414 2.160206 2.251613 2.354227 2.469731 2.600355 2.748561 2.917609 3.111157 3.334063 3.591948 3.892236 4.243772 4.658252 5.149897 5.737549 6.444489 7.301374 8.346350 9.629011 11.21125 13.17267 15.61069 18.65910 22.48991 27.34314 33.50260 41.09757 49.49890 57.60028 64.84633 71.14978 76.55798 81.13400 84.93293 87.99219 90.33550 91.96893 92.88522 93.06184 92.45925 91.02180 88.67389 85.30936 80.79272 74.95594 67.69042 59.30698 50.91924 43.50750 37.24078
1.541434 1.570086 1.601252 1.635261 1.672402 1.713100 1.757740 1.806874 1.861031 1.920950 1.987350 2.061227 2.143589 2.235820 2.339367 2.456172 2.588336 2.738669 2.910323 3.107467 3.334938 3.599151 3.907754 4.270946 4.701261 5.215485 5.834804 6.587723 7.510768 8.652928 10.07694 11.86514 14.12268 16.99106 20.64925 25.34430 31.36563 38.84661 47.16079 55.20354 62.42056 68.72537 74.16608 78.80654 82.70266 85.89246 88.39967 90.22926 91.37139 91.79668 91.45770 90.28895 88.20217 85.08270 80.78876 75.14850 68.05173 59.80948 51.53632 44.21424 38.01397 32.79361
1.510831 1.539466 1.570661 1.604669 1.641852 1.682564 1.727276 1.776458 1.830735 1.890751 1.957354 2.031423 2.114128 2.206720 2.310851 2.428324 2.561502 2.713051 2.886518 3.085953 3.316763 3.585388 3.900425 4.272477 4.715870 5.248835 5.896421 6.691463 7.679516 8.921397 10.50082 12.52893 15.15433 18.56770 23.02912 28.83800 36.13478 44.29715 52.22268 59.35788 65.61651 71.04688 75.71319 79.67223 82.96326 85.61157 87.62329 88.98844 89.67455 89.62873 88.77346 87.00510 84.19563 80.18946 74.80614 67.93199 59.87806 51.76086 44.56508 38.46442 33.31983 28.95719
1.468593 1.497180 1.528298 1.562247 1.599349 1.640003 1.684623 1.733745 1.787930 1.847896 1.914410 1.988456 2.071107 2.163752 2.267910 2.385577 2.518973 2.671034 2.845142 3.045738 3.278125 3.549359 3.868104 4.246097 4.698296 5.245405 5.914963 6.746084 7.792912 9.133878 10.87902 13.18347 16.25702 20.38098 25.87282 32.88658 40.80754 48.53642 55.52008 61.67141 67.03750 71.68175 75.66093 79.01526 81.77222 83.94102 85.51541 86.46593 86.74007 86.25291 84.88604 82.48759 78.87312 73.84368 67.27650 59.48142 51.57816 44.55665 38.59584 33.56158 29.28393 25.62881
1.414112 1.442576 1.473558 1.507353 1.544295 1.584756 1.629183 1.678068 1.732018 1.791700 1.857929 1.931626 2.013946 2.106172 2.209950 2.327142 2.460138 2.611715 2.785490 2.985734 3.218122 3.489557 3.809354 4.189289 4.645681 5.200122 5.883639 6.739757 7.833962 9.263753 11.17972 13.80478 17.44886 22.46917 29.05249 36.60074 44.02004 50.75631 56.71902 61.95124 66.51300 70.45888 73.82848 76.65059 78.93784 80.68969 81.88444 82.47813 82.39162 81.50419 79.64069 76.57388 72.06001 65.94296 58.52261 50.92374 44.14650 38.38037 33.50028 29.34363 25.78221 22.71110
