T2-onemodel/GL31.grd
DSAA
         100         100
  -20.00000       20.00000    
  -20.00000       20.00000    
 -3.9094170E-03  0.9934316    
[rows 24 to 47 of 100, columns 0 to 52 of 100]
-1.3098629E-04 6.0565646E-05 2.6277566E-04 4.7666859E-04 7.0258795E-04 9.4166858E-04 1.1942990E-03 1.4617490E-03 1.7444727E-03 2.0438712E-03 2.3604734E-03 2.6958189E-03 3.0505073E-03 3.4262377E-03 3.8236827E-03 4.2447140E-03 4.6900716E-03 5.1618014E-03 5.6607137E-03 6.1890213E-03 6.7476011E-03 7.3388671E-03 7.9637179E-03 8.6247576E-03 9.3228975E-03 1.0060920E-02 1.0839686E-02 1.1661442E-02 1.2526355E-02 1.3441328E-02 1.4403805E-02 1.5418593E-02 1.6484328E-02 1.7605688E-02 1.8781088E-02 2.0014765E-02 2.1304561E-02 2.2654053E-02 2.4060044E-02 2.5525030E-02 2.7044175E-02 2.8618263E-02 3.0239977E-02 3.1907529E-02 3.3610046E-02 3.5342187E-02 3.7088387E-02 3.8840003E-02 4.0574443E-02 4.2274367E-02 4.3916218E-02 4.5477707E-02 4.6927862E-02
1.8144608E-04 3.8116332E-04 5.9263757E-04 8.1620977E-04 1.0530731E-03 1.3036246E-03 1.5691911E-03 1.8502617E-03 2.1483062E-03 2.4638956E-03 2.7986593E-03 3.1532533E-03 3.5294844E-03 3.9281119E-03 4.3511298E-03 4.7994037E-03 5.2751191E-03 5.7792421E-03 6.3141813E-03 6.8809902E-03 7.4823140E-03 8.1192981E-03 8.7948181E-03 9.5100878E-03 1.0268247E-02 1.1070547E-02 1.1920415E-02 1.2819829E-02 1.3773055E-02 1.4777380E-02 1.5839892E-02 1.6959941E-02 1.8143207E-02 1.9388862E-02 2.0702288E-02 2.2082314E-02 2.3533894E-02 2.5055123E-02 2.6650138E-02 2.8315699E-02 3.0054523E-02 3.1861156E-02 3.3735961E-02 3.5670038E-02 3.7660088E-02 3.9692137E-02 4.1757613E-02 4.3834478E-02 4.5908924E-02 4.7954712E-02 4.9946059E-02 5.1849712E-02 5.3637836E-02
5.2199583E-04 7.3050847E-04 9.5114589E-04 1.1851264E-03 1.4328838E-03 1.6957802E-03 1.9743375E-03 2.2700720E-03 2.5836155E-03 2.9166550E-03 3.2699273E-03 3.6453123E-03 4.0436541E-03 4.4670692E-03 4.9165264E-03 5.3943666E-03 5.9016785E-03 6.4410665E-03 7.0137656E-03 7.6226341E-03 8.2690557E-03 8.9561790E-03 9.6855192E-03 1.0460537E-02 1.1282868E-02 1.2156293E-02 1.3082523E-02 1.4064911E-02 1.5104595E-02 1.6210064E-02 1.7379731E-02 1.8620070E-02 1.9930985E-02 2.1319058E-02 2.2784153E-02 2.4332672E-02 2.5964100E-02 2.7684378E-02 2.9492073E-02 3.1392109E-02 3.3381324E-02 3.5462726E-02 3.7630126E-02 3.9883170E-02 4.2210784E-02 4.4607304E-02 4.7054384E-02 4.9539957E-02 5.2034423E-02 5.4512136E-02 5.6937393E-02 5.9274290E-02 6.1474018E-02
8.9555036E-04 1.1126935E-03 1.3431865E-03 1.5874705E-03 1.8469524E-03 2.1221659E-03 2.4146927E-03 2.7251840E-03 3.0554105E-03 3.4061442E-03 3.7793657E-03 4.1759796E-03 4.5982157E-03 5.0471360E-03 5.5252197E-03 6.0336986E-03 6.5753264E-03 7.1515222E-03 7.7653653E-03 8.4184455E-03 9.1141900E-03 9.8543912E-03 1.0642843E-02 1.1481537E-02 1.2374680E-02 1.3324453E-02 1.4335538E-02 1.5411074E-02 1.6556840E-02 1.7771184E-02 1.9063165E-02 2.0433582E-02 2.1890292E-02 2.3434198E-02 2.5073221E-02 2.6808253E-02 2.8647153E-02 3.0590391E-02 3.2645352E-02 3.4811389E-02 3.7094623E-02 3.9492115E-02 4.2007327E-02 4.4633072E-02 4.7367942E-02 5.0197590E-02 5.3112470E-02 5.6085870E-02 5.9097860E-02 6.2111065E-02 6.5085836E-02 6.7969635E-02 7.0714071E-02
1.3068832E-03 1.5333105E-03 1.7734885E-03 2.0288427E-03 2.2999404E-03 2.5883950E-03 2.8948847E-03 3.2212439E-03 3.5682842E-03 3.9380579E-03 4.3315473E-03 4.7510602E-03 5.1977546E-03 5.6742337E-03 6.1818478E-03 6.7235189E-03 7.3008128E-03 7.9170121E-03 8.5739354E-03 9.2752390E-03 1.0023006E-02 1.0821338E-02 1.1672577E-02 1.2581320E-02 1.3550207E-02 1.4584347E-02 1.5686668E-02 1.6862052E-02 1.8113058E-02 1.9450329E-02 2.0873819E-02 2.2392405E-02 2.4007972E-02 2.5729954E-02 2.7560685E-02 2.9509937E-02 3.1580187E-02 3.3781324E-02 3.6115423E-02 3.8591944E-02 4.1211631E-02 4.3982308E-02 4.6901636E-02 4.9973685E-02 5.3190019E-02 5.6547441E-02 6.0026780E-02 6.3613631E-02 6.7270353E-02 7.0959792E-02 7.4627399E-02 7.8213900E-02 8.1638657E-02
1.7627432E-03 1.9982245E-03 2.2488115E-03 2.5150576E-03 2.7986357E-03 3.1002280E-03 3.4217234E-03 3.7639644E-03 4.1290778E-03 4.5180777E-03 4.9333810E-03 5.3762025E-03 5.8492734E-03 6.3540284E-03 6.8935589E-03 7.4695707E-03 8.0855284E-03 8.7434361E-03 9.4472198E-03 1.0199184E-02 1.1003755E-02 1.1863602E-02 1.2783707E-02 1.3767124E-02 1.4819483E-02 1.5944242E-02 1.7147807E-02 1.8434916E-02 1.9813439E-02 2.1283377E-02 2.2856491E-02 2.4535799E-02 2.6332319E-02 2.8249752E-02 3.0299813E-02 3.2486886E-02 3.4823451E-02 3.7314299E-02 3.9972387E-02 4.2802244E-02 4.5816515E-02 4.9018148E-02 5.2417733E-02 5.6013994E-02 5.9812084E-02 6.3801616E-02 6.7976184E-02 7.2306931E-02 7.6768436E-02 8.1308790E-02 8.5866772E-02 9.0356596E-02 9.4690830E-02
2.2698191E-03 2.5150429E-03 2.7757802E-03 3.0537287E-03 3.3495994E-03 3.6653092E-03 4.0017166E-03 4.3610050E-03 4.7442443E-03 5.1539061E-03 5.5912901E-03 6.0592000E-03 6.5591754E-03 7.0944312E-03 7.6668095E-03 8.2799513E-03 8.9360205E-03 9.6391747E-03 1.0391969E-02 1.1199099E-02 1.2063538E-02 1.2990656E-02 1.3983905E-02 1.5049360E-02 1.6191032E-02 1.7415829E-02 1.8728340E-02 2.0135567E-02 2.1642074E-02 2.3261463E-02 2.4995986E-02 2.6857905E-02 2.8852174E-02 3.0992445E-02 3.3284917E-02 3.5744604E-02 3.8378932E-02 4.1204304E-02 4.4229075E-02 4.7470737E-02 5.0937828E-02 5.4647822E-02 5.8607519E-02 6.2831759E-02 6.7321442E-02 7.2083257E-02 7.7104062E-02 8.2373247E-02 8.7847881E-02 9.3477778E-02 9.9179782E-02 0.1048529 0.1103553
2.8370428E-03 3.0916668E-03 3.3633336E-03 3.6527058E-03 3.9617801E-03 4.2914036E-03 4.6438137E-03 5.0200839E-03 5.4227863E-03 5.8532106E-03 6.3143042E-03 6.8076537E-03 7.3365937E-03 7.9030534E-03 8.5108578E-03 9.1623161E-03 9.8617952E-03 1.0612036E-02 1.1418042E-02 1.2283052E-02 1.3212780E-02 1.4211055E-02 1.5284413E-02 1.6437324E-02 1.7677316E-02 1.9009603E-02 2.0442868E-02 2.1984121E-02 2.3644056E-02 2.5425084E-02 2.7342746E-02 2.9403333E-02 3.1622402E-02 3.4007892E-02 3.6577214E-02 3.9340284E-02 4.2316835E-02 4.5518853E-02 4.8968602E-02 5.2679978E-02 5.6677505E-02 6.0976103E-02 6.5601073E-02 7.0565663E-02 7.5891890E-02 8.1584491E-02 8.7652504E-02 9.4075985E-02 0.1008329 0.1078580 0.1150595 0.1222918 0.1293863
3.4730383E-03 3.7378154E-03 4.0200176E-03 4.3216902E-03 4.6436526E-03 4.9882131E-03 5.3564087E-03 5.7508997E-03 6.1729969E-03 6.6257073E-03 7.1106758E-03 7.6313508E-03 8.1897127E-03 8.7897666E-03 9.4339019E-03 1.0126732E-02 1.0871123E-02 1.1672360E-02 1.2533920E-02 1.3461870E-02 1.4460331E-02 1.5536330E-02 1.6694732E-02 1.7943639E-02 1.9288843E-02 2.0739688E-02 2.2303006E-02 2.3988741E-02 2.5804210E-02 2.7767085E-02 2.9882919E-02 3.2168828E-02 3.4634214E-02 3.7298899E-02 4.0174980E-02 4.3285377E-02 4.6645395E-02 5.0281778E-02 5.4213516E-02 5.8471721E-02 6.3079208E-02 6.8071485E-02 7.3474258E-02 7.9325616E-02 8.5650198E-02 9.2482321E-02 9.9834330E-02 0.1077207 0.1161116 0.1249552 0.1341325 0.1434665 0.1526820
4.1884636E-03 4.4629015E-03 4.7565023E-03 5.0700274E-03 5.4058554E-03 5.7649869E-03 6.1501549E-03 6.5626185E-03 7.0055295E-03 7.4804788E-03 7.9910709E-03 8.5392902E-03 9.1292933E-03 9.7635379E-03 1.0446827E-02 1.1182178E-02 1.1975097E-02 1.2829259E-02 1.3751076E-02 1.4744929E-02 1.5818274E-02 1.6976362E-02 1.8227855E-02 1.9579040E-02 2.1040007E-02 2.2618268E-02 2.4325684E-02 2.6172230E-02 2.8172579E-02 3.0332539E-02 3.2672886E-02 3.5204597E-02 3.7949726E-02 4.0922444E-02 4.4148568E-02 4.7646414E-02 5.1446844E-02 5.5573367E-02 6.0063235E-02 6.4946353E-02 7.0267767E-02 7.6064728E-02 8.2390778E-02 8.9290045E-02 9.6822664E-02 0.1050342 0.1139812 0.1236888 0.1341776 0.1454001 0.1572415 0.1694514 0.1816655
4.9919831E-03 5.2769016E-03 5.5813375E-03 5.9076450E-03 6.2568542E-03 6.6316598E-03 7.0333765E-03 7.4651521E-03 7.9286164E-03 8.4274234E-03 8.9636073E-03 9.5414119E-03 1.0163353E-02 1.0834389E-02 1.1557627E-02 1.2338814E-02 1.3181767E-02 1.4093190E-02 1.5077732E-02 1.6143186E-02 1.7295199E-02 1.8542925E-02 1.9893117E-02 2.1356523E-02 2.2941342E-02 2.4660138E-02 2.6522823E-02 2.8543288E-02 3.0732738E-02 3.3114333E-02 3.5698339E-02 3.8508631E-02 4.1561142E-02 4.4884443E-02 4.8499458E-02 5.2440774E-02 5.6735907E-02 6.1427537E-02 6.6551827E-02 7.2162196E-02 7.8306176E-02 8.5051000E-02 9.2458420E-02 0.1006124 0.1095902 0.1194921 0.1304046 0.1424302 0.1556260 0.1700165 0.1854954 0.2017704 0.2182214
5.8913138E-03 6.1860248E-03 6.5022050E-03 6.8406519E-03 7.2042858E-03 7.5942068E-03 8.0137346E-03 8.4643317E-03 8.9498991E-03 9.4722714E-03 1.0035931E-02 1.0643297E-02 1.1299570E-02 1.2007818E-02 1.2774057E-02 1.3602122E-02 1.4499103E-02 1.5469688E-02 1.6522210E-02 1.7662430E-02 1.8900098E-02 2.0242324E-02 2.1700531E-02 2.3283398E-02 2.5004499E-02 2.6874337E-02 2.8909110E-02 3.1122770E-02 3.3535492E-02 3.6157794E-02 3.9017726E-02 4.2132847E-02 4.5534484E-02 4.9245715E-02 5.3304669E-02 5.7742111E-02 6.2605694E-02 6.7936704E-02 7.3796004E-02 8.0239519E-02 8.7346517E-02 9.5193222E-02 0.1038843 0.1135239 0.1242506 0.1362042 0.1495633 0.1644993 0.1812123 0.1998424 0.2204209 0.2426206 0.2655140
6.8838960E-03 7.1892068E-03 7.5164558E-03 7.8679686E-03 8.2454160E-03 8.6515127E-03 9.0882955E-03 9.5590549E-03 1.0066276E-02 1.0613832E-02 1.1204815E-02 1.1843813E-02 1.2534599E-02 1.3282686E-02 1.4092670E-02 1.4971100E-02 1.5923617E-02 1.6958015E-02 1.8081188E-02 1.9302400E-02 2.0630019E-02 2.2075167E-02 2.3647958E-02 2.5361693E-02 2.7228730E-02 2.9265007E-02 3.1485576E-02 3.3908654E-02 3.6551878E-02 3.9444737E-02 4.2605415E-02 4.6065863E-02 4.9852706E-02 5.4005533E-02 5.8559742E-02 6.3565351E-02 6.9070056E-02 7.5138845E-02 8.1836857E-02 8.9250751E-02 9.7471274E-02 0.1066169 0.1168163 0.1282357 0.1410609 0.1555303 0.1719156 0.1905617 0.2118511 0.2362231 0.2640372 0.2952183 0.3281510
7.9467520E-03 8.2611153E-03 8.6011020E-03 8.9641279E-03 9.3571981E-03 9.7779362E-03 1.0234059E-02 1.0723469E-02 1.1254745E-02 1.1826132E-02 1.2447210E-02 1.3116733E-02 1.3845382E-02 1.4632590E-02 1.5490474E-02 1.6419191E-02 1.7432515E-02 1.8531596E-02 1.9732215E-02 2.1036725E-02 2.2463199E-02 2.4015609E-02 2.5714792E-02 2.7566638E-02 2.9595418E-02 3.1809457E-02 3.4237232E-02 3.6891464E-02 3.9806671E-02 4.2992916E-02 4.6495646E-02 5.0334033E-02 5.4560356E-02 5.9202358E-02 6.4324461E-02 6.9966875E-02 7.6211505E-02 8.3117008E-02 9.0790816E-02 9.9319533E-02 0.1088490 0.1195093 0.1315061 0.1450400 0.1604139 0.1779483 0.1981132 0.2214430 0.2487085 0.2808228 0.3189061 0.3635114 0.4117334
9.0106064E-03 9.3365815E-03 9.6866954E-03 1.0063932E-02 1.0469959E-02 1.0908340E-02 1.1381057E-02 1.1892427E-02 1.2445044E-02 1.3043971E-02 1.3692584E-02 1.4396909E-02 1.5161068E-02 1.5992485E-02 1.6896382E-02 1.7881505E-02 1.8954474E-02 2.0125853E-02 2.1403933E-02 2.2801382E-02 2.4328494E-02 2.6000680E-02 2.7830625E-02 2.9836996E-02 3.2035645E-02 3.4449171E-02 3.7097335E-02 4.0006787E-02 4.3201264E-02 4.6721864E-02 5.0594669E-02 5.4866418E-02 5.9575167E-02 6.4780340E-02 7.0533887E-02 7.6913357E-02 8.3991110E-02 9.1871850E-02 0.1006588 0.1104986 0.1215433 0.1340061 0.1481202 0.1642117 0.1826564 0.2039860 0.2288517 0.2581989 0.2932502 0.3357566 0.3875858 0.4485287 0.5102344
1.0002107E-02 1.0337773E-02 1.0699876E-02 1.1089425E-02 1.1510444E-02 1.1964420E-02 1.2456005E-02 1.2987344E-02 1.3563910E-02 1.4188494E-02 1.4867662E-02 1.5605042E-02 1.6408458E-02 1.7282728E-02 1.8237159E-02 1.9278027E-02 2.0416459E-02 2.1660537E-02 2.3023706E-02 2.4516115E-02 2.6154114E-02 2.7950471E-02 2.9925045E-02 3.2093994E-02 3.4481429E-02 3.7107691E-02 4.0002551E-02 4.3192975E-02 4.6716742E-02 5.0600376E-02 5.4895878E-02 5.9643175E-02 6.4905137E-02 7.0736282E-02 7.7218249E-02 8.4427126E-02 9.2473008E-02 0.1014650 0.1115573 0.1229118 0.1357538 0.1503334 0.1669983 0.1861563 0.2083816 0.2343927 0.2652290 0.3022776 0.3475598 0.4034388 0.4705854 0.5419207 0.6056342
1.0885678E-02 1.1232030E-02 1.1604872E-02 1.2007817E-02 1.2442529E-02 1.2913383E-02 1.3422611E-02 1.3975388E-02 1.4574751E-02 1.5226774E-02 1.5935471E-02 1.6708223E-02 1.7550163E-02 1.8470274E-02 1.9475160E-02 2.0575782E-02 2.1780554E-02 2.3102824E-02 2.4553405E-02 2.6148569E-02 2.7902002E-02 2.9833712E-02 3.1960875E-02 3.4308191E-02 3.6897443E-02 3.9758917E-02 4.2920340E-02 4.6418197E-02 5.0286800E-02 5.4580864E-02 5.9340358E-02 6.4630106E-02 7.0507646E-02 7.7057593E-02 8.4360085E-02 9.2528984E-02 0.1016789 0.1119695 0.1235704 0.1367156 0.1516676 0.1687886 0.1885081 0.2114273 0.2383051 0.2702369 0.3086967 0.3558316 0.4141965 0.4847672 0.5608932 0.6311328 0.6896697
1.1656484E-02 1.2012263E-02 1.2396816E-02 1.2811795E-02 1.3261369E-02 1.3747778E-02 1.4275896E-02 1.4848818E-02 1.5472456E-02 1.6150700E-02 1.6890844E-02 1.7697992E-02 1.8580899E-02 1.9546276E-02 2.0604949E-02 2.1765498E-02 2.3041205E-02 2.4443155E-02 2.5987746E-02 2.7689097E-02 2.9567525E-02 3.1641081E-02 3.3934783E-02 3.6471628E-02 3.9282937E-02 4.2397767E-02 4.5855470E-02 4.9694635E-02 5.3965941E-02 5.8710620E-02 6.3998654E-02 6.9890477E-02 7.6473787E-02 8.3832219E-02 9.2083201E-02 0.1013458 0.1117842 0.1235744 0.1369569 0.1522029 0.1696853 0.1898475 0.2133089 0.2408530 0.2736081 0.3130946 0.3615218 0.4215365 0.4942484 0.5731736 0.6470499 0.7101571 0.7615415
1.2318314E-02 1.2684279E-02 1.3079331E-02 1.3507226E-02 1.3970323E-02 1.4473242E-02 1.5018938E-02 1.5613141E-02 1.6259776E-02 1.6965671E-02 1.7736111E-02 1.8579481E-02 1.9502508E-02 2.0515747E-02 2.1627868E-02 2.2852015E-02 2.4199354E-02 2.5686255E-02 2.7327290E-02 2.9142730E-02 3.1151269E-02 3.3378445E-02 3.5848044E-02 3.8592201E-02 4.1641418E-02 4.5035966E-02 4.8815213E-02 5.3028684E-02 5.7726156E-02 6.2981047E-02 6.8853885E-02 7.5434811E-02 8.2810618E-02 9.1102310E-02 0.1004329 0.1109708 0.1228967 0.1364566 0.1519287 0.1696929 0.1902031 0.2140899 0.2421532 0.2755408 0.3158006 0.3651770 0.4263677 0.5005434 0.5812915 0.6574393 0.7233444 0.7780739 0.8221159
1.2880214E-02 1.3255165E-02 1.3661357E-02 1.4100889E-02 1.4578247E-02 1.5096334E-02 1.5660513E-02 1.6274611E-02 1.6945293E-02 1.7677553E-02 1.8479630E-02 1.9358084E-02 2.0323113E-02 2.1383418E-02 2.2551743E-02 2.3839464E-02 2.5262557E-02 2.6835777E-02 2.8579500E-02 3.0512674E-02 3.2661073E-02 3.5049267E-02 3.7709892E-02 4.0674675E-02 4.3985032E-02 4.7681913E-02 5.1818296E-02 5.6448780E-02 6.1642643E-02 6.7461923E-02 7.4002936E-02 8.1355825E-02 8.9645252E-02 9.8997965E-02 0.1095864 0.1215956 0.1352763 0.1509120 0.1688886 0.1896670 0.2138861 0.2423561 0.2762376 0.3170947 0.3671918 0.4292533 0.5044792 0.5864975 0.6641871 0.7319483 0.7888752 0.8354485 0.8723463
1.3350103E-02 1.3734592E-02 1.4150659E-02 1.4602422E-02 1.5092691E-02 1.5626581E-02 1.6207753E-02 1.6842527E-02 1.7535811E-02 1.8295364E-02 1.9127699E-02 2.0042572E-02 2.1048438E-02 2.2157753E-02 2.3381623E-02 2.4735896E-02 2.6235100E-02 2.7899398E-02 2.9748037E-02 3.1806573E-02 3.4100201E-02 3.6661800E-02 3.9524090E-02 4.2729277E-02 4.6319969E-02 5.0350223E-02 5.4875776E-02 5.9964892E-02 6.5689512E-02 7.2150089E-02 7.9437137E-02 8.7678559E-02 9.7004876E-02 0.1075926 0.1196313 0.1333759 0.1491147 0.1672385 0.1882140 0.2126862 0.2414725 0.2757414 0.3170680 0.3677280 0.4304615 0.5064866 0.5894561 0.6682729 0.7373550 0.7958197 0.8441593 0.8830431 0.9131104
1.3736798E-02 1.4129573E-02 1.4555953E-02 1.5018540E-02 1.5522207E-02 1.6070418E-02 1.6669130E-02 1.7323008E-02 1.8039491E-02 1.8824762E-02 1.9688213E-02 2.0637918E-02 2.1685923E-02 2.2842981E-02 2.4124440E-02 2.5544723E-02 2.7123390E-02 2.8879600E-02 3.0838801E-02 3.3026099E-02 3.5474580E-02 3.8217492E-02 4.1297588E-02 4.4758629E-02 4.8656162E-02 5.3047687E-02 5.8005691E-02 6.3607626E-02 6.9950067E-02 7.7125609E-02 8.5269764E-02 9.4517134E-02 0.1050490 0.1170592 0.1308076 0.1465869 0.1647930 0.1858972 0.2105498 0.2395734 0.2741428 0.3158393 0.3669467 0.4302136 0.5068683 0.5905756 0.6702482 0.7403183 0.7999234 0.8495620 0.8899009 0.9215640 0.9450207
1.4046300E-02 1.4447705E-02 1.4883014E-02 1.5356783E-02 1.5872315E-02 1.6435204E-02 1.7049843E-02 1.7723201E-02 1.8461162E-02 1.9272560E-02 2.0165287E-02 2.1150595E-02 2.2238934E-02 2.3444979E-02 2.4782650E-02 2.6271081E-02 2.7928747E-02 2.9780710E-02 3.1851940E-02 3.4175031E-02 3.6783431E-02 3.9720111E-02 4.3029569E-02 4.6768211E-02 5.0995283E-02 5.5784736E-02 6.1215606E-02 6.7383818E-02 7.4393719E-02 8.2386091E-02 9.1496959E-02 0.1019119 0.1138299 0.1275158 0.1432678 0.1614865 0.1826486 0.2074087 0.2365948 0.2713858 0.3133686 0.3648311 0.4285283 0.5056935 0.5899985 0.6703628 0.7412291 0.8017411 0.8523936 0.8938574 0.9267539 0.9515421 0.9685851
1.4284853E-02 1.4693522E-02 1.5138036E-02 1.5621502E-02 1.6149091E-02 1.6724953E-02 1.7355628E-02 1.8046586E-02 1.8806186E-02 1.9641751E-02 2.0563981E-02 2.1582806E-02 2.2711983E-02 2.3964977E-02 2.5359940E-02 2.6914962E-02 2.8653910E-02 3.0601317E-02 3.2789126E-02 3.5250414E-02 3.8027663E-02 4.1165706E-02 4.4721153E-02 4.8754506E-02 5.3341161E-02 5.8562431E-02 6.4519234E-02 7.1323067E-02 7.9110786E-02 8.8022128E-02 9.8252274E-02 0.1100061 0.1235547 0.1392026 0.1573560 0.1784973 0.2032865 0.2325564 0.2674906 0.3096800 0.3614167 0.4254590 0.5030439 0.5878464 0.6687887 0.7403163 0.8015714 0.8530506 0.8954325 0.9293329 0.9552005 0.9733839 0.9840673
