T2-onemodel/GL31.grd
DSAA
         100         100
  -20.00000       20.00000    
  -20.00000       20.00000    
 -3.9094170E-03  0.9934316    
[rows 72 to 95 of 100, columns 0 to 52 of 100]
1.8569584E-03 2.1752203E-03 2.5191426E-03 2.8905326E-03 3.2929573E-03 3.7288149E-03 4.2024436E-03 4.7170301E-03 5.2778753E-03 5.8891671E-03 6.5574646E-03 7.2882497E-03 8.0896532E-03 8.9687668E-03 9.9356724E-03 1.0999414E-02 1.2172330E-02 1.3465675E-02 1.4894172E-02 1.6471066E-02 1.8212965E-02 2.0134022E-02 2.2250878E-02 2.4575636E-02 2.7120834E-02 2.9891005E-02 3.2888036E-02 3.6103878E-02 3.9525576E-02 4.3106731E-02 4.6819072E-02 5.0608106E-02 5.4421503E-02 5.8192596E-02 6.1860405E-02 6.5357104E-02 6.8623699E-02 7.1599409E-02 7.4234121E-02 7.6478869E-02 7.8296334E-02 7.9652466E-02 8.0526195E-02 8.0902107E-02 8.0780186E-02 8.0168292E-02 7.9091541E-02 7.7578329E-02 7.5681373E-02 7.3464908E-02 7.0978202E-02 6.8289198E-02 6.5452240E-02
1.4718319E-03 1.7783033E-03 2.1082524E-03 2.4646358E-03 2.8493369E-03 3.2659178E-03 3.7168327E-03 4.2063775E-03 4.7377436E-03 5.3161616E-03 5.9457626E-03 6.6329036E-03 7.3828474E-03 8.2033342E-03 9.1009708E-03 1.0085071E-02 1.1163694E-02 1.2347778E-02 1.3646725E-02 1.5072739E-02 1.6635859E-02 1.8348495E-02 2.0219555E-02 2.2259241E-02 2.4472082E-02 2.6862036E-02 2.9424455E-02 3.2149781E-02 3.5016652E-02 3.8016584E-02 4.1106820E-02 4.4253156E-02 4.7406413E-02 5.0522380E-02 5.3547092E-02 5.6433242E-02 5.9128795E-02 6.1590213E-02 6.3772738E-02 6.5641291E-02 6.7161940E-02 6.8311475E-02 6.9069684E-02 6.9428504E-02 6.9384560E-02 6.8948142E-02 6.8134926E-02 6.6978537E-02 6.5508321E-02 6.3757576E-02 6.1781578E-02 5.9621140E-02 5.7326671E-02
1.1168595E-03 1.4108646E-03 1.7275069E-03 2.0682332E-03 2.4360158E-03 2.8327361E-03 3.2619191E-03 3.7259972E-03 4.2292005E-03 4.7746329E-03 5.3673685E-03 6.0113138E-03 6.7125238E-03 7.4758539E-03 8.3084675E-03 9.2162201E-03 1.0207389E-02 1.1288718E-02 1.2469399E-02 1.3756598E-02 1.5159724E-02 1.6685309E-02 1.8341504E-02 2.0132199E-02 2.2061870E-02 2.4128787E-02 2.6330613E-02 2.8658805E-02 3.1103721E-02 3.3630967E-02 3.6225300E-02 3.8851719E-02 4.1480049E-02 4.4068586E-02 4.6581361E-02 4.8975393E-02 5.1214669E-02 5.3259708E-02 5.5079155E-02 5.6640733E-02 5.7921197E-02 5.8898259E-02 5.9559606E-02 5.9895307E-02 5.9906378E-02 5.9596892E-02 5.8982220E-02 5.8076218E-02 5.6910347E-02 5.5522501E-02 5.3937349E-02 5.2195475E-02 5.0327558E-02
7.8724377E-04 1.0694427E-03 1.3722265E-03 1.6980815E-03 2.0484610E-03 2.4262790E-03 2.8333887E-03 3.2732452E-03 3.7482062E-03 4.2623463E-03 4.8186048E-03 5.4217707E-03 6.0754432E-03 6.7852219E-03 7.5553940E-03 8.3923545E-03 9.3009835E-03 1.0288313E-02 1.1359532E-02 1.2521866E-02 1.3780102E-02 1.5140745E-02 1.6606919E-02 1.8182874E-02 1.9868176E-02 2.1662688E-02 2.3559993E-02 2.5551336E-02 2.7619982E-02 2.9762687E-02 3.1949069E-02 3.4158900E-02 3.6360200E-02 3.8526911E-02 4.0624470E-02 4.2624395E-02 4.4493020E-02 4.6203528E-02 4.7726490E-02 4.9040113E-02 5.0121903E-02 5.0957724E-02 5.1534127E-02 5.1846709E-02 5.1892590E-02 5.1678505E-02 5.1212713E-02 5.0516475E-02 4.9604565E-02 4.8494000E-02 4.7219172E-02 4.5802392E-02 4.4275019E-02
4.8033922E-04 7.5025315E-04 1.0399419E-03 1.3505076E-03 1.6843969E-03 2.0430167E-03 2.4292215E-03 2.8447944E-03 3.2930642E-03 3.7762281E-03 4.2981450E-03 4.8614871E-03 5.4707020E-03 6.1289459E-03 6.8412400E-03 7.6111495E-03 8.4441463E-03 9.3439994E-03 1.0316359E-02 1.1364724E-02 1.2494309E-02 1.3707534E-02 1.5008199E-02 1.6396387E-02 1.7873105E-02 1.9434514E-02 2.1077303E-02 2.2794019E-02 2.4577886E-02 2.6402494E-02 2.8259959E-02 3.0126464E-02 3.1984184E-02 3.3805698E-02 3.5569455E-02 3.7247404E-02 3.8817622E-02 4.0254131E-02 4.1537583E-02 4.2646501E-02 4.3566603E-02 4.4282891E-02 4.4788055E-02 4.5074999E-02 4.5144744E-02 4.4998661E-02 4.4646252E-02 4.4093441E-02 4.3360066E-02 4.2469747E-02 4.1434444E-02 4.0279645E-02 3.9022882E-02
1.9266068E-04 4.5102037E-04 7.2724454E-04 1.0233872E-03 1.3405284E-03 1.6810409E-03 2.0462766E-03 2.4389774E-03 2.8607978E-03 3.3148793E-03 3.8032150E-03 4.3293792E-03 4.8957122E-03 5.5062114E-03 6.1634942E-03 6.8718935E-03 7.6341517E-03 8.4547494E-03 9.3362490E-03 1.0282859E-02 1.1296408E-02 1.2380197E-02 1.3534489E-02 1.4760751E-02 1.6056586E-02 1.7420487E-02 1.8846143E-02 2.0326301E-02 2.1847896E-02 2.3410909E-02 2.4992771E-02 2.6581328E-02 2.8154723E-02 2.9697379E-02 3.1186264E-02 3.2604165E-02 3.3928730E-02 3.5143543E-02 3.6228936E-02 3.7171524E-02 3.7956085E-02 3.8574077E-02 3.9016102E-02 3.9279733E-02 3.9362174E-02 3.9267842E-02 3.9000709E-02 3.8574915E-02 3.7997384E-02 3.7276573E-02 3.6435105E-02 3.5485182E-02 3.4447089E-02
-7.7445533E-05 1.6902636E-04 4.3260254E-04 7.1408576E-04 1.0154891E-03 1.3378236E-03 1.6833753E-03 2.0533821E-03 2.4504354E-03 2.8760193E-03 3.3330559E-03 3.8232703E-03 4.3498948E-03 4.9148537E-03 5.5216262E-03 6.1722207E-03 6.8702279E-03 7.6175216E-03 8.4175374E-03 9.2716226E-03 1.0182617E-02 1.1150793E-02 1.2177767E-02 1.3261967E-02 1.4403008E-02 1.5596619E-02 1.6839709E-02 1.8126210E-02 1.9451583E-02 2.0794965E-02 2.2152888E-02 2.3508400E-02 2.4850946E-02 2.6161702E-02 2.7427711E-02 2.8630022E-02 2.9755317E-02 3.0786052E-02 3.1710412E-02 3.2513782E-02 3.3187494E-02 3.3721123E-02 3.4110375E-02 3.4349866E-02 3.4440473E-02 3.4382030E-02 3.4180589E-02 3.3837788E-02 3.3366874E-02 3.2783289E-02 3.2092199E-02 3.1310331E-02 3.0447692E-02
-3.3252075E-04 -9.7170290E-05 1.5353147E-04 4.2129037E-04 7.0686918E-04 1.0121892E-03 1.3381741E-03 1.6869830E-03 2.0597170E-03 2.4587880E-03 2.8854748E-03 3.3424231E-03 3.8310422E-03 4.3541673E-03 4.9132612E-03 5.5112508E-03 6.1494885E-03 6.8308078E-03 7.5561902E-03 8.3280606E-03 9.1466382E-03 1.0013524E-02 1.0927641E-02 1.1889208E-02 1.2895223E-02 1.3943930E-02 1.5029738E-02 1.6146889E-02 1.7285105E-02 1.8446401E-02 1.9613389E-02 2.0778840E-02 2.1927178E-02 2.3049118E-02 2.4128729E-02 2.5155609E-02 2.6114441E-02 2.6995251E-02 2.7784536E-02 2.8474178E-02 2.9053599E-02 2.9517705E-02 2.9859655E-02 3.0078193E-02 3.0170647E-02 3.0140065E-02 2.9987987E-02 2.9724404E-02 2.9351935E-02 2.8874351E-02 2.8307354E-02 2.7657419E-02 2.6938163E-02
-5.7354243E-04 -3.4953517E-04 -1.1083943E-04 1.4309552E-04 4.1391485E-04 7.0229068E-04 1.0100435E-03 1.3379840E-03 1.6881310E-03 2.0614187E-03 2.4600513E-03 2.8850462E-03 3.3387484E-03 3.8222056E-03 4.3378444E-03 4.8866305E-03 5.4709213E-03 6.0914066E-03 6.7501767E-03 7.4473610E-03 8.1844823E-03 8.9607481E-03 9.7767077E-03 1.0630183E-02 1.1520340E-02 1.2443148E-02 1.3396072E-02 1.4374333E-02 1.5375067E-02 1.6381364E-02 1.7392479E-02 1.8395901E-02 1.9385530E-02 2.0347919E-02 2.1275343E-02 2.2154532E-02 2.2977456E-02 2.3731910E-02 2.4410771E-02 2.5003808E-02 2.5505839E-02 2.5909377E-02 2.6211997E-02 2.6409423E-02 2.6502514E-02 2.6490254E-02 2.6376743E-02 2.6161294E-02 2.5853254E-02 2.5463225E-02 2.4992635E-02 2.4452955E-02 2.3849787E-02
-8.0241368E-04 -5.8894366E-04 -3.6237075E-04 -1.2129191E-04 1.3478697E-04 4.0741210E-04 6.9716998E-04 1.0057649E-03 1.3338806E-03 1.6833616E-03 2.0549477E-03 2.4505868E-03 2.8710330E-03 3.3183051E-03 3.7930890E-03 4.2973650E-03 4.8316005E-03 5.3975931E-03 5.9954040E-03 6.6264332E-03 7.2900583E-03 7.9870038E-03 8.7156277E-03 9.4756633E-03 1.0264101E-02 1.1079365E-02 1.1916702E-02 1.2771628E-02 1.3635964E-02 1.4512984E-02 1.5388884E-02 1.6259545E-02 1.7113449E-02 1.7945182E-02 1.8743291E-02 1.9501587E-02 2.0209214E-02 2.0860212E-02 2.1445025E-02 2.1958821E-02 2.2393992E-02 2.2747613E-02 2.3014508E-02 2.3194188E-02 2.3284143E-02 2.3286650E-02 2.3201918E-02 2.3037400E-02 2.2793336E-02 2.2470936E-02 2.2081617E-02 2.1628570E-02 2.1121282E-02
-1.0197368E-03 -8.1692921E-04 -6.0159242E-04 -3.7338279E-04 -1.3096833E-04 1.2606470E-04 3.9917332E-04 6.8884034E-04 9.9663751E-04 1.3230834E-03 1.6698278E-03 2.0373922E-03 2.4274804E-03 2.8405623E-03 3.2783237E-03 3.7410599E-03 4.2303265E-03 4.7461167E-03 5.2897087E-03 5.8605843E-03 6.4595328E-03 7.0852861E-03 7.7379248E-03 8.4151477E-03 9.1160955E-03 9.8371888E-03 1.0576499E-02 1.1330307E-02 1.2096955E-02 1.2862454E-02 1.3627763E-02 1.4383347E-02 1.5125868E-02 1.5845371E-02 1.6537374E-02 1.7192261E-02 1.7805306E-02 1.8367734E-02 1.8875351E-02 1.9320741E-02 1.9700939E-02 2.0010352E-02 2.0247744E-02 2.0409638E-02 2.0496905E-02 2.0508140E-02 2.0446280E-02 2.0309415E-02 2.0104524E-02 1.9839218E-02 1.9512882E-02 1.9133724E-02 1.8704705E-02
-1.2269421E-03 -1.0339906E-03 -8.2993560E-04 -6.1362889E-04 -3.8478282E-04 -1.4214609E-04 1.1461767E-04 3.8685341E-04 6.7491684E-04 9.8021701E-04 1.3031032E-03 1.6450303E-03 2.0062993E-03 2.3883597E-03 2.7913777E-03 3.2167097E-03 3.6642849E-03 4.1352673E-03 4.6292054E-03 5.1469016E-03 5.6873378E-03 6.2508075E-03 6.8355137E-03 7.4410546E-03 8.0646547E-03 8.7050525E-03 9.3582608E-03 1.0020819E-02 1.0686142E-02 1.1358268E-02 1.2025935E-02 1.2687018E-02 1.3332681E-02 1.3959957E-02 1.4560321E-02 1.5130241E-02 1.5661748E-02 1.6151404E-02 1.6592190E-02 1.6981371E-02 1.7313261E-02 1.7586317E-02 1.7796492E-02 1.7943807E-02 1.8025950E-02 1.8044746E-02 1.7999673E-02 1.7896613E-02 1.7734483E-02 1.7513087E-02 1.7241124E-02 1.6919851E-02 1.6556120E-02
-1.4243255E-03 -1.2412978E-03 -1.0476471E-03 -8.4319606E-04 -6.2684767E-04 -3.9838970E-04 -1.5665151E-04 9.8591074E-05 3.6855758E-04 6.5346196E-04 9.5456518E-04 1.2720388E-03 1.6071390E-03 1.9599302E-03 2.3316066E-03 2.7220512E-03 3.1323130E-03 3.5619822E-03 4.0118545E-03 4.4810786E-03 4.9700779E-03 5.4774103E-03 6.0029859E-03 6.5446040E-03 7.1015391E-03 7.6706926E-03 8.2506789E-03 8.8386266E-03 9.4337584E-03 1.0024253E-02 1.0612120E-02 1.1189856E-02 1.1755896E-02 1.2302614E-02 1.2827599E-02 1.3323629E-02 1.3788071E-02 1.4214375E-02 1.4600218E-02 1.4940028E-02 1.5232231E-02 1.5472515E-02 1.5660426E-02 1.5793048E-02 1.5871288E-02 1.5893586E-02 1.5862176E-02 1.5774537E-02 1.5636172E-02 1.5452793E-02 1.5222669E-02 1.4951907E-02 1.4641896E-02
-1.6130619E-03 -1.4391624E-03 -1.2559150E-03 -1.0623590E-03 -8.5836818E-04 -6.4292317E-04 -4.1589496E-04 -1.7622215E-04 7.6209821E-05 3.4249836E-04 6.2272284E-04 9.1798109E-04 1.2282600E-03 1.5546137E-03 1.8968895E-03 2.2560400E-03 2.6316778E-03 3.0245711E-03 3.4339970E-03 3.8604427E-03 4.3027275E-03 4.7609620E-03 5.2333777E-03 5.7196040E-03 6.2171603E-03 6.7251185E-03 7.2401548E-03 7.7596200E-03 8.2781194E-03 8.8001173E-03 9.3161892E-03 9.8255081E-03 1.0321094E-02 1.0801552E-02 1.1260316E-02 1.1695543E-02 1.2101172E-02 1.2475372E-02 1.2812805E-02 1.3112060E-02 1.3368748E-02 1.3582221E-02 1.3749204E-02 1.3870048E-02 1.3942644E-02 1.3968549E-02 1.3946856E-02 1.3882429E-02 1.3773488E-02 1.3619067E-02 1.3426065E-02 1.3194611E-02 1.2929824E-02
-1.7932692E-03 -1.6285297E-03 -1.4548154E-03 -1.2720736E-03 -1.0794000E-03 -8.7674632E-04 -6.6317670E-04 -4.3865578E-04 -2.0221570E-04 4.6147852E-05 3.0740636E-04 5.8148638E-04 8.6932594E-04 1.1707419E-03 1.4866027E-03 1.8165394E-03 2.1612786E-03 2.5201908E-03 2.8938011E-03 3.2811151E-03 3.6823752E-03 4.0961313E-03 4.5222621E-03 4.9587516E-03 5.4050605E-03 5.8585419E-03 6.3182618E-03 6.7820018E-03 7.2495979E-03 7.7108718E-03 8.1684757E-03 8.6163469E-03 9.0540731E-03 9.4756233E-03 9.8799150E-03 1.0261332E-02 1.0618586E-02 1.0946611E-02 1.1244277E-02 1.1507252E-02 1.1734874E-02 1.1923691E-02 1.2073751E-02 1.2182556E-02 1.2251060E-02 1.2277646E-02 1.2264158E-02 1.2207799E-02 1.2113090E-02 1.1984490E-02 1.1819708E-02 1.1623453E-02 1.1396143E-02
-1.9659621E-03 -1.8095943E-03 -1.6453797E-03 -1.4725196E-03 -1.2910183E-03 -1.1000489E-03 -8.9963380E-04 -6.8891631E-04 -4.6794585E-04 -2.3585974E-04 7.2286198E-06 2.6215610E-04 5.2871625E-04 8.0769992E-04 1.0987557E-03 1.4025698E-03 1.7185775E-03 2.0473157E-03 2.3879393E-03 2.7407673E-03 3.1045910E-03 3.4794591E-03 3.8637142E-03 4.2570811E-03 4.6573882E-03 5.0640055E-03 5.4741520E-03 5.8857901E-03 6.2944279E-03 6.7047356E-03 7.1086711E-03 7.5062644E-03 7.8918431E-03 8.2650241E-03 8.6205881E-03 8.9577818E-03 9.2718285E-03 9.5619345E-03 9.8239044E-03 1.0057182E-02 1.0258263E-02 1.0427066E-02 1.0560872E-02 1.0660251E-02 1.0723267E-02 1.0751341E-02 1.0743376E-02 1.0703537E-02 1.0629676E-02 1.0520447E-02 1.0381506E-02 1.0212311E-02 1.0016806E-02
-2.1310844E-03 -1.9830922E-03 -1.8275398E-03 -1.6644781E-03 -1.4931645E-03 -1.3136676E-03 -1.1252242E-03 -9.2792441E-04 -7.2099501E-04 -5.0458236E-04 -2.7793067E-04 -4.1266176E-05 2.0613743E-04 4.6393552E-04 7.3277770E-04 1.0121517E-03 1.3025906E-03 1.6033567E-03 1.9148228E-03 2.2359609E-03 2.5669364E-03 2.9063660E-03 3.2541647E-03 3.6085299E-03 3.9691096E-03 4.3336446E-03 4.7015497E-03 5.0710998E-03 5.4425616E-03 5.8070347E-03 6.1675576E-03 6.5191081E-03 6.8620211E-03 7.1913847E-03 7.5069750E-03 7.8042839E-03 8.0828834E-03 8.3387401E-03 8.5714962E-03 8.7776659E-03 8.9571662E-03 9.1071548E-03 9.2279995E-03 9.3175285E-03 9.3767326E-03 9.4040316E-03 9.4009899E-03 9.3647325E-03 9.2991274E-03 9.2077749E-03 9.0881037E-03 8.9438707E-03 8.7749111E-03
-2.2895108E-03 -2.1491386E-03 -2.0022134E-03 -1.8480666E-03 -1.6868005E-03 -1.5177286E-03 -1.3409742E-03 -1.1558412E-03 -9.6249772E-04 -7.6025818E-04 -5.4935907E-04 -3.2913830E-04 -9.9926583E-05 1.3888266E-04 3.8682082E-04 6.4441079E-04 9.1099698E-04 1.1869803E-03 1.4714776E-03 1.7647279E-03 2.0655617E-03 2.3740316E-03 2.6886230E-03 3.0091773E-03 3.3338014E-03 3.6621066E-03 3.9917468E-03 4.3211496E-03 4.6465201E-03 4.9725985E-03 5.2923975E-03 5.6065079E-03 5.9101996E-03 6.2037492E-03 6.4828782E-03 6.7475368E-03 6.9938581E-03 7.2217216E-03 7.4277157E-03 7.6118326E-03 7.7711884E-03 7.9060709E-03 8.0141556E-03 8.0961762E-03 8.1503661E-03 8.1780273E-03 8.1779882E-03 8.1539350E-03 8.1035523E-03 8.0252979E-03 7.9239374E-03 7.7985572E-03 7.6522869E-03
-2.4411783E-03 -2.3084288E-03 -2.1693313E-03 -2.0240187E-03 -1.8718662E-03 -1.7130232E-03 -1.5468564E-03 -1.3735542E-03 -1.1924880E-03 -1.0039025E-03 -8.0718717E-04 -6.0266774E-04 -3.8977244E-04 -1.6893755E-04 6.0345265E-05 2.9748571E-04 5.4289808E-04 7.9581095E-04 1.0565165E-03 1.3240071E-03 1.5984311E-03 1.8785051E-03 2.1642074E-03 2.4539416E-03 2.7475161E-03 3.0429896E-03 3.3400482E-03 3.6373413E-03 3.9354367E-03 4.2264578E-03 4.5136428E-03 4.7927336E-03 5.0645471E-03 5.3249798E-03 5.5743619E-03 5.8089779E-03 6.0289688E-03 6.2310146E-03 6.4152479E-03 6.5787844E-03 6.7219171E-03 6.8422365E-03 6.9403411E-03 7.0143091E-03 7.0651355E-03 7.0913052E-03 7.0942221E-03 7.0710215E-03 7.0250942E-03 6.9594299E-03 6.8713664E-03 6.7639938E-03 6.6368002E-03
-2.5868400E-03 -2.4609880E-03 -2.3296862E-03 -2.1923711E-03 -2.0492058E-03 -1.8996130E-03 -1.7437941E-03 -1.5811721E-03 -1.4119932E-03 -1.2356988E-03 -1.0526016E-03 -8.6216722E-04 -6.6480273E-04 -4.6002207E-04 -2.4835858E-04 -2.9393270E-05 1.9618771E-04 4.2870868E-04 6.6729635E-04 9.1216096E-04 1.1622008E-03 1.4174976E-03 1.6766911E-03 1.9397276E-03 2.2049525E-03 2.4721664E-03 2.7393722E-03 3.0053635E-03 3.2668896E-03 3.5286611E-03 3.7845066E-03 4.0353816E-03 4.2772531E-03 4.5108204E-03 4.7324980E-03 4.9426989E-03 5.1381965E-03 5.3192945E-03 5.4831435E-03 5.6300964E-03 5.7577109E-03 5.8665266E-03 5.9545231E-03 6.0225157E-03 6.0688811E-03 6.0948678E-03 6.0992753E-03 6.0854186E-03 6.0509210E-03 5.9941853E-03 5.9193294E-03 5.8252299E-03 5.7144500E-03
-2.7263500E-03 -2.6073998E-03 -2.4831395E-03 -2.3537499E-03 -2.2186956E-03 -2.0781879E-03 -1.9316942E-03 -1.7794674E-03 -1.6209837E-03 -1.4565535E-03 -1.2856682E-03 -1.1087162E-03 -9.2522980E-04 -7.3569862E-04 -5.3970743E-04 -3.3786942E-04 -1.2984422E-04 8.3599771E-05 3.0271886E-04 5.2655477E-04 7.5526431E-04 9.8767749E-04 1.2238410E-03 1.4623362E-03 1.7030993E-03 1.9444549E-03 2.1862995E-03 2.4275833E-03 2.6690725E-03 2.9036948E-03 3.1347747E-03 3.3586407E-03 3.5764140E-03 3.7845925E-03 3.9838697E-03 4.1711028E-03 4.3467893E-03 4.5081256E-03 4.6555665E-03 4.7866609E-03 4.9019582E-03 4.9993722E-03 5.0796266E-03 5.1410003E-03 5.1845126E-03 5.2087135E-03 5.2148686E-03 5.2001840E-03 5.1677087E-03 5.1199980E-03 5.0543915E-03 4.9735061E-03 4.8766304E-03
-2.8604302E-03 -2.7477015E-03 -2.6304570E-03 -2.5082075E-03 -2.3811625E-03 -2.2488304E-03 -2.1114664E-03 -1.9685826E-03 -1.8204793E-03 -1.6666804E-03 -1.5075502E-03 -1.3426453E-03 -1.1724161E-03 -9.9645683E-04 -8.1532187E-04 -6.2866177E-04 -4.3716084E-04 -2.4053379E-04 -3.9620056E-05 1.6578655E-04 3.7467154E-04 5.8715750E-04 8.0201635E-04 1.0192794E-03 1.2374958E-03 1.4566263E-03 1.6749626E-03 1.8915738E-03 2.1036211E-03 2.3157250E-03 2.5223691E-03 2.7247427E-03 2.9193414E-03 3.1071464E-03 3.2850725E-03 3.4538228E-03 3.6106450E-03 3.7561185E-03 3.8878056E-03 4.0063006E-03 4.1094897E-03 4.1980566E-03 4.2702141E-03 4.3268534E-03 4.3664677E-03 4.3902341E-03 4.3969587E-03 4.3896823E-03 4.3660514E-03 4.3244679E-03 4.2685606E-03 4.1971048E-03 4.1122488E-03
-2.9889278E-03 -2.8824310E-03 -2.7714912E-03 -2.6563259E-03 -2.5364738E-03 -2.4121890E-03 -2.2830181E-03 -2.1492525E-03 -2.0104430E-03 -1.8669352E-03 -1.7183053E-03 -1.5649763E-03 -1.4065494E-03 -1.2435338E-03 -1.0755741E-03 -9.0328697E-04 -7.2636991E-04 -5.4556725E-04 -3.6063427E-04 -1.7246410E-04 1.9121841E-05 2.1305497E-04 4.0943662E-04 6.0700235E-04 8.0580625E-04 1.0044009E-03 1.2028371E-03 1.4002693E-03 1.5975985E-03 1.7884243E-03 1.9760821E-03 2.1573505E-03 2.3335463E-03 2.5016165E-03 2.6624803E-03 2.8134189E-03 2.9551648E-03 3.0852919E-03 3.2044784E-03 3.3105928E-03 3.4043272E-03 3.4838528E-03 3.5499893E-03 3.6011722E-03 3.6384023E-03 3.6602935E-03 3.6680354E-03 3.6589373E-03 3.6357769E-03 3.6007820E-03 3.5513600E-03 3.4897639E-03 3.4151659E-03
-3.1124924E-03 -3.0115775E-03 -2.9069239E-03 -2.7981049E-03 -2.6853692E-03 -2.5682922E-03 -2.4471590E-03 -2.3215436E-03 -2.1917766E-03 -2.0574534E-03 -1.9189691E-03 -1.7759397E-03 -1.6288325E-03 -1.4772951E-03 -1.3218853E-03 -1.1622909E-03 -9.9917862E-04 -8.3228049E-04 -6.6238490E-04 -4.8927596E-04 -3.1389378E-04 -1.3608196E-04 4.3052369E-05 2.2362496E-04 4.0436551E-04 5.8535213E-04 7.6508836E-04 9.4285054E-04 1.1161452E-03 1.2894728E-03 1.4578432E-03 1.6225929E-03 1.7806224E-03 1.9330793E-03 2.0772635E-03 2.2140660E-03 2.3410788E-03 2.4590762E-03 2.5659290E-03 2.6623672E-03 2.7465296E-03 2.8192175E-03 2.8788194E-03 2.9262383E-03 2.9600677E-03 2.9814481E-03 2.9892256E-03 2.9862109E-03 2.9700939E-03 2.9393225E-03 2.8971448E-03 2.8422901E-03 2.7765988E-03
