T2-onemodel/GL31.grd
DSAA
         100         100
  -20.00000       20.00000    
  -20.00000       20.00000    
 -3.9094170E-03  0.9934316    
[rows 0 to 23 of 100, columns 0 to 52 of 100]
-3.9094170E-03 -3.8468505E-03 -3.7824363E-03 -3.7160050E-03 -3.6476362E-03 -3.5771832E-03 -3.5047641E-03 -3.4302019E-03 -3.3536176E-03 -3.2748368E-03 -3.1940194E-03 -3.1109871E-03 -3.0259283E-03 -2.9386533E-03 -2.8493742E-03 -2.7578901E-03 -2.6644559E-03 -2.5688678E-03 -2.4714279E-03 -2.3719203E-03 -2.2706946E-03 -2.1675238E-03 -2.0628199E-03 -1.9563443E-03 -1.8485865E-03 -1.7392940E-03 -1.6290486E-03 -1.5179431E-03 -1.4069740E-03 -1.2938268E-03 -1.1809235E-03 -1.0670951E-03 -9.5406256E-04 -8.4067479E-04 -7.2862447E-04 -6.1684457E-04 -5.0703867E-04 -3.9818068E-04 -2.9201139E-04 -1.8752768E-04 -8.6508648E-05 1.2042267E-05 1.0628691E-04 1.9725868E-04 2.8306484E-04 3.6480828E-04 4.4054285E-04 5.1213556E-04 5.7689525E-04 6.3484727E-04 6.8581162E-04 7.2967727E-04 7.6520053E-04
-3.8225960E-03 -3.7570121E-03 -3.6892903E-03 -3.6195060E-03 -3.5475004E-03 -3.4733848E-03 -3.3969712E-03 -3.3183708E-03 -3.2373969E-03 -3.1542003E-03 -3.0685875E-03 -2.9807375E-03 -2.8904483E-03 -2.7979193E-03 -2.7029375E-03 -2.6057395E-03 -2.5061141E-03 -2.4043443E-03 -2.3002033E-03 -2.1940225E-03 -2.0855665E-03 -1.9752271E-03 -1.8627607E-03 -1.7486349E-03 -1.6325894E-03 -1.5151660E-03 -1.3960671E-03 -1.2755492E-03 -1.1529662E-03 -1.0311173E-03 -9.0798154E-04 -7.8525872E-04 -6.6170981E-04 -5.3909258E-04 -4.1629179E-04 -2.9507122E-04 -1.7437548E-04 -5.6005210E-05 6.1059785E-05 1.7497616E-04 2.8673810E-04 3.9444340E-04 4.9910403E-04 5.9876184E-04 6.9446268E-04 7.8414025E-04 8.6889107E-04 9.4590423E-04 1.0170798E-03 1.0815412E-03 1.1387008E-03 1.1879198E-03 1.2298143E-03
-3.7323290E-03 -3.6634377E-03 -3.5923612E-03 -3.5189313E-03 -3.4432462E-03 -3.3651134E-03 -3.2846301E-03 -3.2016004E-03 -3.1161590E-03 -3.0281052E-03 -2.9375998E-03 -2.8444321E-03 -2.7487832E-03 -2.6504316E-03 -2.5495943E-03 -2.4460484E-03 -2.3400565E-03 -2.2313832E-03 -2.1203349E-03 -2.0066693E-03 -1.8907521E-03 -1.7723343E-03 -1.6518581E-03 -1.5290598E-03 -1.4044526E-03 -1.2777618E-03 -1.1496125E-03 -1.0201042E-03 -8.9030224E-04 -7.5778482E-04 -6.2511017E-04 -4.9105933E-04 -3.5747880E-04 -2.2319153E-04 -9.0021269E-05 4.3123939E-05 1.7439084E-04 3.0481306E-04 4.3249436E-04 5.5842771E-04 6.8065006E-04 8.0015481E-04 9.1491867E-04 1.0259418E-03 1.1311050E-03 1.2314941E-03 1.3249553E-03 1.4133590E-03 1.4937447E-03 1.5660701E-03 1.6300166E-03 1.6853891E-03 1.7307515E-03
-3.6382554E-03 -3.5660143E-03 -3.4912915E-03 -3.4141785E-03 -3.3344657E-03 -3.2522439E-03 -3.1673042E-03 -3.0797690E-03 -2.9894244E-03 -2.8964169E-03 -2.8005217E-03 -2.7019067E-03 -2.6003346E-03 -2.4960046E-03 -2.3886811E-03 -2.2786059E-03 -2.1655303E-03 -2.0497378E-03 -1.9309719E-03 -1.8095751E-03 -1.6852870E-03 -1.5585212E-03 -1.4290074E-03 -1.2972293E-03 -1.1629015E-03 -1.0265996E-03 -8.8800938E-04 -7.4741349E-04 -6.0413766E-04 -4.6113270E-04 -3.1627828E-04 -1.7139480E-04 -2.5209112E-05 1.2039102E-04 2.6655072E-04 4.1135625E-04 5.5587786E-04 6.9815601E-04 8.3919783E-04 9.7697554E-04 1.1124754E-03 1.2436049E-03 1.3713324E-03 1.4934659E-03 1.6110158E-03 1.7216951E-03 1.8265489E-03 1.9224714E-03 2.0113771E-03 2.0921931E-03 2.1642030E-03 2.2265972E-03 2.2799666E-03
-3.5403345E-03 -3.4644636E-03 -3.3860661E-03 -3.3049269E-03 -3.2211212E-03 -3.1344322E-03 -3.0449668E-03 -2.9524986E-03 -2.8571573E-03 -2.7587072E-03 -2.6572952E-03 -2.5526732E-03 -2.4450207E-03 -2.3340872E-03 -2.2200914E-03 -2.1027711E-03 -1.9823848E-03 -1.8586626E-03 -1.7319171E-03 -1.6018749E-03 -1.4689217E-03 -1.3327760E-03 -1.1938858E-03 -1.0519587E-03 -9.0753584E-04 -7.6032121E-04 -6.1097747E-04 -4.5960658E-04 -3.0733645E-04 -1.5161866E-04 4.8282918E-06 1.6326482E-04 3.2171432E-04 4.8139165E-04 6.4032705E-04 7.9963089E-04 9.5729245E-04 1.1143379E-03 1.2686803E-03 1.4213059E-03 1.5700550E-03 1.7158736E-03 1.8564931E-03 1.9928701E-03 2.1226485E-03 2.2468485E-03 2.3630385E-03 2.4730843E-03 2.5737032E-03 2.6647309E-03 2.7456654E-03 2.8162031E-03 2.8746447E-03
-3.4381861E-03 -3.3586577E-03 -3.2762492E-03 -3.1910245E-03 -3.1027540E-03 -3.0115310E-03 -2.9171177E-03 -2.8196275E-03 -2.7188077E-03 -2.6147896E-03 -2.5073090E-03 -2.3965274E-03 -2.2821762E-03 -2.1644533E-03 -2.0430763E-03 -1.9182827E-03 -1.7897822E-03 -1.6578613E-03 -1.5222264E-03 -1.3832337E-03 -1.2405856E-03 -1.0946953E-03 -9.4525586E-04 -7.9277338E-04 -6.3693250E-04 -4.7833915E-04 -3.1665407E-04 -1.5217351E-04 1.5817788E-05 1.8419954E-04 3.5518286E-04 5.2682497E-04 7.0045260E-04 8.7403302E-04 1.0487390E-03 1.2225027E-03 1.3963898E-03 1.5682527E-03 1.7390930E-03 1.9066823E-03 2.0719613E-03 2.2325800E-03 2.3894582E-03 2.5401507E-03 2.6855923E-03 2.8231924E-03 2.9539310E-03 3.0743538E-03 3.1863309E-03 3.2885352E-03 3.3800912E-03 3.4599372E-03 3.5286015E-03
-3.3317611E-03 -3.2482492E-03 -3.1617761E-03 -3.0721037E-03 -2.9793091E-03 -2.8831412E-03 -2.7836978E-03 -2.6807114E-03 -2.5742953E-03 -2.4641680E-03 -2.3504703E-03 -2.2329190E-03 -2.1116866E-03 -1.9864738E-03 -1.8574886E-03 -1.7244237E-03 -1.5875347E-03 -1.4465099E-03 -1.3016684E-03 -1.1526964E-03 -9.9996966E-04 -8.4316207E-04 -6.8273715E-04 -5.1836786E-04 -3.5061533E-04 -1.7915182E-04 -4.6669629E-06 1.7274826E-04 3.5189628E-04 5.3544907E-04 7.2052947E-04 9.0845610E-04 1.0971138E-03 1.2877558E-03 1.4782626E-03 1.6697497E-03 1.8600191E-03 2.0500983E-03 2.2376999E-03 2.4237637E-03 2.6058708E-03 2.7849136E-03 2.9583608E-03 3.1270778E-03 3.2883936E-03 3.4432446E-03 3.5888653E-03 3.7270475E-03 3.8541176E-03 3.9697448E-03 4.0731560E-03 4.1638808E-03 4.2398865E-03
-3.2206429E-03 -3.1330998E-03 -3.0422069E-03 -2.9480334E-03 -2.8503102E-03 -2.7491194E-03 -2.6441796E-03 -2.5355839E-03 -2.4230350E-03 -2.3066548E-03 -2.1861366E-03 -2.0616353E-03 -1.9328279E-03 -1.7998962E-03 -1.6625103E-03 -1.5208963E-03 -1.3747178E-03 -1.2242625E-03 -1.0691892E-03 -9.0983813E-04 -7.4585690E-04 -5.7767000E-04 -4.0492247E-04 -2.2813556E-04 -4.6953079E-05 1.3800162E-04 3.2711425E-04 5.2006595E-04 7.1761751E-04 9.1647502E-04 1.1189732E-03 1.3230391E-03 1.5300537E-03 1.7378390E-03 1.9475885E-03 2.1570483E-03 2.3673004E-03 2.5759959E-03 2.7841011E-03 2.9891238E-03 3.1919510E-03 3.3899616E-03 3.5839819E-03 3.7712355E-03 3.9525563E-03 4.1249921E-03 4.2893868E-03 4.4418536E-03 4.5841685E-03 4.7146538E-03 4.8321988E-03 4.9354183E-03 5.0247172E-03
-3.1047007E-03 -3.0127824E-03 -2.9174278E-03 -2.8183595E-03 -2.7156391E-03 -2.6089705E-03 -2.4984302E-03 -2.3837031E-03 -2.2648899E-03 -2.1416659E-03 -2.0141581E-03 -1.8820262E-03 -1.7454220E-03 -1.6039932E-03 -1.4579325E-03 -1.3068784E-03 -1.1510843E-03 -9.9018333E-04 -8.2447083E-04 -6.5357133E-04 -4.7785990E-04 -2.9695779E-04 -1.1133369E-04 7.9392230E-05 2.7465096E-04 4.7482346E-04 6.7919382E-04 8.8768103E-04 1.0990283E-03 1.3160614E-03 1.5357406E-03 1.7594501E-03 1.9849373E-03 2.2134932E-03 2.4428221E-03 2.6740660E-03 2.9048375E-03 3.1361370E-03 3.3654189E-03 3.5935745E-03 3.8179124E-03 4.0392261E-03 4.2546438E-03 4.4649234E-03 4.6670111E-03 4.8616831E-03 5.0457544E-03 5.2208854E-03 5.3828941E-03 5.5312049E-03 5.6646825E-03 5.7826042E-03 5.8824806E-03
-2.9834148E-03 -2.8870897E-03 -2.7868908E-03 -2.6828700E-03 -2.5747090E-03 -2.4624714E-03 -2.3458228E-03 -2.2248437E-03 -2.0991862E-03 -1.9689584E-03 -1.8337924E-03 -1.6938164E-03 -1.5486474E-03 -1.3984520E-03 -1.2428373E-03 -1.0820195E-03 -9.1560261E-04 -7.4384466E-04 -5.6632952E-04 -3.8339250E-04 -1.9461788E-04 -4.2564366E-07 1.9960184E-04 4.0494773E-04 6.1603414E-04 8.3222549E-04 1.0539561E-03 1.2809040E-03 1.5138983E-03 1.7494737E-03 1.9900999E-03 2.2335795E-03 2.4813563E-03 2.7310858E-03 2.9840108E-03 3.2376952E-03 3.4932150E-03 3.7479673E-03 4.0028836E-03 4.2552007E-03 4.5057153E-03 4.7514602E-03 4.9931500E-03 5.2276119E-03 5.4555000E-03 5.6734080E-03 5.8819782E-03 6.0767680E-03 6.2593729E-03 6.4276583E-03 6.5801730E-03 6.7150700E-03 6.8325428E-03
-2.8566592E-03 -2.7555537E-03 -2.6504642E-03 -2.5410592E-03 -2.4273808E-03 -2.3090793E-03 -2.1862155E-03 -2.0584196E-03 -1.9257746E-03 -1.7878911E-03 -1.6448662E-03 -1.4962931E-03 -1.3423042E-03 -1.1824785E-03 -1.0169931E-03 -8.4541889E-04 -6.6797400E-04 -4.8420604E-04 -2.9439706E-04 -9.8100238E-05 1.0432427E-04 3.1333065E-04 5.2846543E-04 7.5018749E-04 9.7792887E-04 1.2121355E-03 1.4520756E-03 1.6977100E-03 1.9477339E-03 2.2051483E-03 2.4667531E-03 2.7340162E-03 3.0045328E-03 3.2796648E-03 3.5569503E-03 3.8375498E-03 4.1188360E-03 4.4017895E-03 4.6836063E-03 4.9651023E-03 5.2432395E-03 5.5187056E-03 5.7882280E-03 6.0523720E-03 6.3076089E-03 6.5544909E-03 6.7892806E-03 7.0134196E-03 7.2220815E-03 7.4143261E-03 7.5884946E-03 7.7434932E-03 7.8762062E-03
-2.7238333E-03 -2.6179131E-03 -2.5075113E-03 -2.3926569E-03 -2.2729787E-03 -2.1485183E-03 -2.0188864E-03 -1.8841418E-03 -1.7438693E-03 -1.5981415E-03 -1.4465194E-03 -1.2891050E-03 -1.1254468E-03 -9.5568458E-04 -7.7935070E-04 -5.9662224E-04 -4.0700912E-04 -2.1074274E-04 -7.3311335E-06 2.0291912E-04 4.2050783E-04 6.4504740E-04 8.7704184E-04 1.1159945E-03 1.3624079E-03 1.6156470E-03 1.8762316E-03 2.1438564E-03 2.4194412E-03 2.6993565E-03 2.9862302E-03 3.2777416E-03 3.5754323E-03 3.8768114E-03 4.1831662E-03 4.4918461E-03 4.8039267E-03 5.1165684E-03 5.4306472E-03 5.7430700E-03 6.0545383E-03 6.3616862E-03 6.6650384E-03 6.9609326E-03 7.2497809E-03 7.5275954E-03 7.7947085E-03 8.0459779E-03 8.2826940E-03 8.5020754E-03 8.7021878E-03 8.8805314E-03 9.0369424E-03
-2.5847345E-03 -2.4735939E-03 -2.3578319E-03 -2.2370641E-03 -2.1113092E-03 -1.9801564E-03 -1.8436426E-03 -1.7013282E-03 -1.5532578E-03 -1.3989657E-03 -1.2385179E-03 -1.0714337E-03 -8.9781382E-04 -7.1715593E-04 -5.2958954E-04 -3.3458543E-04 -1.3232321E-04 7.7733115E-05 2.9533930E-04 5.2104262E-04 7.5452309E-04 9.9633785E-04 1.2460675E-03 1.5042686E-03 1.7703945E-03 2.0449888E-03 2.3273341E-03 2.6174563E-03 2.9140189E-03 3.2202336E-03 3.5327484E-03 3.8531518E-03 4.1789180E-03 4.5114872E-03 4.8482083E-03 5.1902761E-03 5.5348491E-03 5.8828886E-03 6.2312805E-03 6.5807686E-03 6.9279340E-03 7.2732889E-03 7.6130675E-03 7.9475921E-03 8.2727307E-03 8.5887052E-03 8.8910814E-03 9.1809342E-03 9.4525926E-03 9.7045731E-03 9.9344831E-03 1.0140657E-02 1.0319111E-02
-2.4385848E-03 -2.3221923E-03 -2.2006207E-03 -2.0738787E-03 -1.9415284E-03 -1.8035872E-03 -1.6595902E-03 -1.5095561E-03 -1.3529890E-03 -1.1899265E-03 -1.0198477E-03 -8.4282242E-04 -6.5830752E-04 -4.6638877E-04 -2.6649403E-04 -5.8749218E-05 1.5742911E-04 3.8185410E-04 6.1513280E-04 8.5701107E-04 1.1081069E-03 1.3680800E-03 1.6375515E-03 1.9160620E-03 2.2042347E-03 2.5014707E-03 2.8084053E-03 3.1247747E-03 3.4516237E-03 3.7851753E-03 4.1282685E-03 4.4784904E-03 4.8375032E-03 5.2026608E-03 5.5753249E-03 5.9526628E-03 6.3357740E-03 6.7215404E-03 7.1108043E-03 7.5001172E-03 7.8900317E-03 8.2767121E-03 8.6604450E-03 9.0369657E-03 9.4063431E-03 9.7638573E-03 1.0109385E-02 1.0436863E-02 1.0747093E-02 1.1036403E-02 1.1302138E-02 1.1540874E-02 1.1751884E-02
-2.2850973E-03 -2.1630167E-03 -2.0355941E-03 -1.9023763E-03 -1.7633546E-03 -1.6180415E-03 -1.4664326E-03 -1.3080018E-03 -1.1427529E-03 -9.7013591E-04 -7.9017790E-04 -6.0230243E-04 -4.0654876E-04 -2.0229955E-04 1.0369690E-05 2.3209579E-04 4.6275309E-04 7.0300151E-04 9.5266552E-04 1.2124225E-03 1.4820158E-03 1.7621379E-03 2.0524240E-03 2.3535716E-03 2.6650934E-03 2.9876728E-03 3.3206337E-03 3.6641054E-03 4.0167524E-03 4.3820594E-03 4.7565578E-03 5.1419945E-03 5.5357190E-03 5.9393002E-03 6.3499436E-03 6.7689167E-03 7.1931453E-03 7.6236078E-03 8.0568735E-03 8.4935846E-03 8.9298859E-03 9.3660820E-03 9.7978273E-03 1.0225106E-02 1.0643046E-02 1.1051394E-02 1.1444796E-02 1.1823770E-02 1.2181517E-02 1.2515763E-02 1.2823054E-02 1.3100883E-02 1.3344022E-02
-2.1233587E-03 -1.9955668E-03 -1.8618067E-03 -1.7220570E-03 -1.5758012E-03 -1.4230126E-03 -1.2631358E-03 -1.0961472E-03 -9.2145888E-04 -7.3906418E-04 -5.4834381E-04 -3.4929943E-04 -1.4126551E-04 7.5734104E-05 3.0238982E-04 5.3863716E-04 7.8519539E-04 1.0419624E-03 1.3096859E-03 1.5881903E-03 1.8782432E-03 2.1795824E-03 2.4929885E-03 2.8180857E-03 3.1556610E-03 3.5051911E-03 3.8674695E-03 4.2423224E-03 4.6309764E-03 5.0295526E-03 5.4411525E-03 5.8632852E-03 6.2977979E-03 6.7419489E-03 7.1972338E-03 7.6606385E-03 8.1333416E-03 8.6119669E-03 9.0973172E-03 9.5855584E-03 1.0077097E-02 1.0567552E-02 1.1056913E-02 1.1540188E-02 1.2016978E-02 1.2481611E-02 1.2933315E-02 1.3364816E-02 1.3776160E-02 1.4162428E-02 1.4519918E-02 1.4843865E-02 1.5132601E-02
-1.9529039E-03 -1.8189370E-03 -1.6788110E-03 -1.5319926E-03 -1.3784237E-03 -1.2175305E-03 -1.0492561E-03 -8.7297970E-04 -6.8865909E-04 -4.9563724E-04 -2.9387057E-04 -8.2651401E-05 1.3805144E-04 3.6897635E-04 6.1012479E-04 8.6227915E-04 1.1254057E-03 1.4003249E-03 1.6869515E-03 1.9861278E-03 2.2976988E-03 2.6225303E-03 2.9603692E-03 3.3121028E-03 3.6773437E-03 4.0569659E-03 4.4503878E-03 4.8579038E-03 5.2782437E-03 5.7152319E-03 6.1653019E-03 6.6304458E-03 7.1079633E-03 7.5996271E-03 8.1025232E-03 8.6180754E-03 9.1430182E-03 9.6783703E-03 1.0220387E-02 1.0769647E-02 1.1321812E-02 1.1876961E-02 1.2430068E-02 1.2980690E-02 1.3523018E-02 1.4056146E-02 1.4573517E-02 1.5074833E-02 1.5551766E-02 1.6000880E-02 1.6417196E-02 1.6796885E-02 1.7132897E-02
-1.7725992E-03 -1.6324476E-03 -1.4854356E-03 -1.3314937E-03 -1.1700088E-03 -1.0009058E-03 -8.2352909E-04 -6.3780270E-04 -4.4302855E-04 -2.3912670E-04 -2.5337373E-05 1.9841219E-04 4.3292213E-04 6.7824678E-04 9.3523477E-04 1.2039274E-03 1.4852156E-03 1.7791007E-03 2.0865141E-03 2.4073950E-03 2.7427149E-03 3.0923348E-03 3.4572582E-03 3.8372343E-03 4.2332737E-03 4.6449779E-03 5.0733816E-03 5.5184667E-03 5.9817238E-03 6.4592017E-03 6.9543691E-03 7.4647493E-03 7.9924688E-03 8.5347332E-03 9.0932846E-03 9.6649919E-03 1.0251181E-02 1.0848242E-02 1.1457020E-02 1.2073292E-02 1.2697341E-02 1.3324186E-02 1.3953476E-02 1.4579341E-02 1.5200766E-02 1.5810885E-02 1.6408019E-02 1.6983286E-02 1.7535595E-02 1.8058252E-02 1.8545970E-02 1.8991984E-02 1.9393126E-02
-1.5817442E-03 -1.4349135E-03 -1.2809937E-03 -1.1193503E-03 -9.4987755E-04 -7.7189028E-04 -5.8528414E-04 -3.8932069E-04 -1.8387949E-04 3.1840602E-05 2.5796462E-04 4.9534079E-04 7.4408524E-04 1.0051104E-03 1.2785252E-03 1.5653027E-03 1.8655225E-03 2.1802054E-03 2.5093989E-03 2.8541684E-03 3.2145022E-03 3.5915179E-03 3.9851107E-03 4.3964246E-03 4.8252344E-03 5.2726897E-03 5.7383720E-03 6.2228343E-03 6.7249211E-03 7.2489232E-03 7.7912793E-03 8.3543370E-03 8.9354105E-03 9.5366174E-03 1.0155018E-02 1.0792291E-02 1.1445047E-02 1.2114470E-02 1.2796551E-02 1.3491867E-02 1.4195616E-02 1.4907660E-02 1.5622200E-02 1.6338281E-02 1.7048964E-02 1.7752483E-02 1.8440716E-02 1.9112160E-02 1.9756405E-02 2.0368282E-02 2.0940535E-02 2.1467319E-02 2.1938859E-02
-1.3788920E-03 -1.2253893E-03 -1.0640051E-03 -8.9462043E-04 -7.1651168E-04 -5.2954938E-04 -3.3295856E-04 -1.2658269E-04 9.0423768E-05 3.1823193E-04 5.5774534E-04 8.0913067E-04 1.0733639E-03 1.3506259E-03 1.6419622E-03 1.9475401E-03 2.2684690E-03 2.6048934E-03 2.9579911E-03 3.3278649E-03 3.7157587E-03 4.1217147E-03 4.5470204E-03 4.9916194E-03 5.4568364E-03 5.9424872E-03 6.4499378E-03 6.9794129E-03 7.5327740E-03 8.1061171E-03 8.7034116E-03 9.3222829E-03 9.9653052E-03 1.0629761E-02 1.1317759E-02 1.2026176E-02 1.2756638E-02 1.3505419E-02 1.4273532E-02 1.5056440E-02 1.5854383E-02 1.6661782E-02 1.7477928E-02 1.8295968E-02 1.9114135E-02 1.9924065E-02 2.0722840E-02 2.1499434E-02 2.2251057E-02 2.2968447E-02 2.3643928E-02 2.4267729E-02 2.4834234E-02
-1.1630242E-03 -1.0023186E-03 -8.3346496E-04 -6.5572141E-04 -4.6892327E-04 -2.7226348E-04 -6.5556094E-05 1.5209202E-04 3.8088896E-04 6.2179239E-04 8.7502535E-04 1.1416223E-03 1.4218282E-03 1.7167631E-03 2.0266795E-03 2.3527762E-03 2.6952948E-03 3.0555178E-03 3.4336778E-03 3.8311335E-03 4.2480808E-03 4.6859514E-03 5.1448694E-03 5.6263288E-03 6.1303545E-03 6.6584786E-03 7.2105480E-03 7.7874833E-03 8.3883880E-03 9.0181576E-03 9.6733579E-03 1.0356868E-02 1.1066188E-02 1.1803930E-02 1.2567297E-02 1.3358420E-02 1.4173958E-02 1.5015450E-02 1.5878771E-02 1.6764676E-02 1.7667968E-02 1.8588396E-02 1.9519389E-02 2.0459460E-02 2.1400344E-02 2.2339163E-02 2.3265794E-02 2.4177013E-02 2.5059549E-02 2.5905645E-02 2.6704660E-02 2.7447553E-02 2.8120421E-02
-9.3219907E-04 -7.6431793E-04 -5.8740500E-04 -4.0128644E-04 -2.0511076E-04 1.3342110E-06 2.1897808E-04 4.4806860E-04 6.8961829E-04 9.4389054E-04 1.2119906E-03 1.4942155E-03 1.7917657E-03 2.1049655E-03 2.4351082E-03 2.7825311E-03 3.1486202E-03 3.5337254E-03 3.9393436E-03 4.3658027E-03 4.8146956E-03 5.2863169E-03 5.7823421E-03 6.3030059E-03 6.8500652E-03 7.4236435E-03 8.0255847E-03 8.6564878E-03 9.3187615E-03 1.0008664E-02 1.0730890E-02 1.1483347E-02 1.2269252E-02 1.3086148E-02 1.3936785E-02 1.4818247E-02 1.5732739E-02 1.6676622E-02 1.7651355E-02 1.8652266E-02 1.9679783E-02 2.0727836E-02 2.1795506E-02 2.2874895E-02 2.3963414E-02 2.5050901E-02 2.6132794E-02 2.7195239E-02 2.8232940E-02 2.9232904E-02 3.0183814E-02 3.1071277E-02 3.1885665E-02
-6.8492029E-04 -5.0930132E-04 -3.2435299E-04 -1.2920576E-04 7.6387922E-05 2.9339344E-04 5.2209402E-04 7.6354190E-04 1.0180541E-03 1.2867902E-03 1.5701086E-03 1.8692760E-03 2.1846872E-03 2.5177260E-03 2.8688258E-03 3.2394787E-03 3.6301417E-03 4.0424373E-03 4.4768532E-03 4.9351151E-03 5.4177004E-03 5.9264656E-03 6.4618662E-03 7.0258649E-03 7.6188543E-03 8.2428874E-03 8.8982228E-03 9.5863286E-03 1.0306716E-02 1.1065139E-02 1.1858470E-02 1.2690361E-02 1.3558704E-02 1.4466928E-02 1.5412623E-02 1.6398720E-02 1.7422210E-02 1.8485352E-02 1.9584192E-02 2.0720018E-02 2.1887517E-02 2.3086617E-02 2.4310125E-02 2.5556143E-02 2.6814992E-02 2.8082531E-02 2.9346112E-02 3.0600149E-02 3.1827416E-02 3.3016294E-02 3.4151036E-02 3.5217553E-02 3.6195431E-02
-4.1859102E-04 -2.3529780E-04 -4.1691230E-05 1.6247931E-04 3.7822881E-04 6.0586596E-04 8.4648503E-04 1.1004455E-03 1.3689609E-03 1.6524391E-03 1.9522215E-03 2.2687670E-03 2.6035432E-03 2.9570640E-03 3.3309353E-03 3.7257224E-03 4.1431691E-03 4.5838961E-03 5.0497954E-03 5.5415039E-03 6.0610641E-03 6.6091400E-03 7.1879234E-03 7.7980566E-03 8.4418813E-03 9.1199847E-03 9.8348763E-03 1.0587723E-02 1.1381697E-02 1.2213437E-02 1.3088621E-02 1.4005695E-02 1.4968863E-02 1.5976241E-02 1.7031601E-02 1.8132612E-02 1.9282486E-02 2.0478094E-02 2.1721806E-02 2.3009256E-02 2.4341535E-02 2.5712462E-02 2.7121281E-02 2.8559240E-02 3.0023068E-02 3.1500582E-02 3.2985240E-02 3.4459498E-02 3.5914466E-02 3.7331764E-02 3.8694408E-02 3.9980792E-02 4.1174591E-02
