T2-onemodel/GL31.grd
DSAA
         100         100
  -20.00000       20.00000    
  -20.00000       20.00000    
  7.7374175E-02   93.75840    
[rows 0 to 27 of 100, columns 0 to 61 of 100]
7.7374175E-02 8.1906185E-02 8.6571574E-02 9.1382347E-02 9.6332863E-02 0.1014325 0.1066723 0.1120643 0.1175998 0.1232900 0.1291228 0.1351091 0.1412354 0.1475133 0.1539270 0.1604887 0.1671791 0.1740098 0.1809583 0.1880369 0.1952196 0.2025185 0.2099034 0.2173865 0.2249317 0.2325525 0.2402074 0.2479112 0.2556154 0.2633365 0.2710190 0.2786511 0.2861196 0.2936555 0.3010177 0.3083237 0.3154019 0.3223671 0.3290551 0.3355738 0.3417632 0.3477273 0.3533080 0.3586089 0.3634756 0.3680109 0.3720613 0.3757311 0.3788199 0.3813888 0.3835891 0.3853323 0.3865763 0.3871619 0.3872796 0.3867788 0.3858091 0.3842238 0.3821810 0.3795347 0.3764563 0.3727973
8.3515927E-02 8.8270843E-02 9.3180463E-02 9.8239630E-02 0.1034586 0.1088292 0.1143641 0.1200558 0.1259159 0.1319336 0.1381206 0.1444641 0.1509768 0.1576439 0.1644783 0.1714623 0.1786079 0.1858940 0.1933336 0.2009018 0.2086115 0.2164335 0.2243806 0.2324178 0.2405583 0.2487623 0.2570437 0.2653556 0.2737135 0.2820628 0.2904209 0.2987565 0.3071413 0.3152913 0.3234035 0.3313050 0.3391186 0.3466704 0.3540723 0.3611553 0.3680255 0.3745162 0.3807317 0.3865090 0.3919507 0.3968951 0.4014475 0.4054521 0.4090700 0.4121955 0.4146371 0.4164546 0.4176653 0.4184120 0.4184872 0.4180384 0.4169122 0.4152657 0.4129499 0.4101340 0.4066696 0.4027413
8.9892760E-02 9.4891690E-02 0.1000500 0.1053784 0.1108698 0.1165375 0.1223750 0.1283947 0.1345870 0.1409642 0.1475150 0.1542523 0.1611632 0.1682611 0.1755299 0.1829824 0.1905990 0.1983933 0.2063423 0.2144591 0.2227165 0.2311273 0.2396586 0.2483234 0.2570836 0.2659528 0.2748857 0.2838967 0.2929329 0.3020099 0.3110667 0.3200896 0.3289556 0.3379040 0.3466773 0.3553956 0.3638731 0.3722262 0.3802771 0.3881339 0.3956212 0.4028440 0.4096303 0.4160826 0.4220296 0.4275753 0.4325522 0.4370646 0.4408927 0.4440988 0.4468383 0.4490125 0.4505738 0.4513531 0.4515480 0.4509988 0.4498621 0.4479839 0.4455315 0.4423547 0.4386357 0.4342211
9.6528910E-02 0.1017760 0.1072033 0.1128045 0.1185940 0.1245659 0.1307338 0.1370888 0.1436446 0.1503906 0.1573412 0.1644842 0.1718346 0.1793772 0.1871264 0.1950638 0.2032042 0.2115261 0.2200438 0.2287314 0.2376029 0.2466267 0.2558168 0.2651364 0.2745996 0.2841626 0.2938398 0.3035796 0.3133970 0.3232328 0.3331035 0.3429724 0.3529119 0.3626190 0.3722979 0.3817611 0.3911331 0.4002257 0.4091508 0.4177228 0.4260488 0.4339466 0.4415189 0.4485843 0.4552458 0.4613257 0.4669287 0.4718809 0.4763497 0.4802158 0.4832713 0.4855753 0.4871422 0.4881186 0.4882838 0.4877910 0.4864785 0.4845115 0.4817358 0.4783313 0.4741440 0.4693723
0.1034252 0.1089404 0.1146403 0.1205397 0.1266340 0.1329376 0.1394428 0.1461642 0.1530925 0.1602431 0.1676053 0.1751950 0.1829988 0.1910321 0.1992782 0.2077533 0.2164375 0.2253464 0.2344560 0.2437810 0.2532924 0.2630043 0.2728827 0.2829417 0.2931400 0.3034916 0.3139474 0.3245217 0.3351568 0.3458681 0.3565878 0.3672984 0.3778670 0.3885419 0.3990468 0.4095033 0.4197107 0.4297851 0.4395312 0.4490578 0.4581728 0.4669791 0.4752847 0.4831913 0.4905104 0.4973435 0.5035034 0.5090953 0.5138782 0.5179117 0.5213534 0.5240930 0.5260754 0.5271187 0.5274274 0.5268319 0.5254956 0.5232587 0.5202975 0.5164558 0.5119292 0.5065631
0.1106057 0.1163919 0.1223888 0.1285923 0.1350181 0.1416595 0.1485322 0.1556282 0.1629642 0.1705307 0.1783449 0.1863949 0.1946976 0.2032381 0.2120337 0.2210668 0.2303543 0.2398741 0.2496426 0.2596324 0.2698593 0.2802915 0.2909441 0.3017779 0.3128077 0.3239867 0.3353293 0.3467801 0.3583538 0.3699850 0.3816884 0.3934221 0.4052590 0.4168751 0.4284807 0.4398728 0.4511764 0.4621849 0.4730102 0.4834497 0.4936074 0.5032796 0.5125673 0.5212700 0.5294870 0.5370189 0.5439696 0.5501452 0.5557148 0.5605430 0.5644018 0.5673481 0.5693913 0.5706802 0.5709791 0.5704469 0.5689134 0.5665520 0.5632017 0.5590545 0.5539548 0.5481184
0.1180722 0.1241533 0.1304525 0.1369863 0.1437492 0.1507580 0.1580061 0.1655113 0.1732658 0.1812878 0.1895672 0.1981224 0.2069402 0.2160398 0.2254054 0.2350556 0.2449706 0.2551682 0.2656237 0.2763543 0.2873306 0.2985693 0.3100340 0.3217403 0.3336443 0.3457608 0.3580375 0.3704885 0.3830512 0.3957391 0.4084778 0.4212463 0.4338999 0.4466957 0.4593368 0.4719458 0.4843025 0.4965234 0.5083945 0.5200217 0.5311900 0.5419992 0.5522368 0.5619993 0.5710742 0.5795606 0.5872487 0.5942397 0.6002659 0.6053828 0.6097479 0.6132356 0.6157804 0.6171857 0.6176620 0.6170285 0.6154559 0.6127748 0.6091732 0.6044921 0.5989437 0.5923708
0.1258516 0.1322322 0.1388590 0.1457277 0.1528566 0.1602402 0.1678975 0.1758222 0.1840340 0.1925244 0.2013135 0.2103899 0.2197744 0.2294535 0.2394478 0.2497398 0.2603489 0.2712533 0.2824722 0.2939784 0.3057911 0.3178767 0.3302523 0.3428771 0.3557672 0.3688732 0.3822102 0.3957183 0.4094113 0.4232174 0.4371504 0.4511618 0.4653244 0.4792916 0.4932792 0.5070654 0.5207755 0.5341833 0.5473980 0.5601925 0.5726668 0.5845953 0.5960725 0.6068716 0.6170875 0.6264957 0.6351938 0.6429622 0.6499702 0.6560604 0.6609810 0.6647835 0.6674693 0.6691881 0.6696867 0.6691285 0.6673321 0.6644800 0.6604068 0.6553199 0.6490607 0.6418632
0.1339490 0.1406532 0.1476117 0.1548436 0.1623450 0.1701361 0.1782120 0.1865939 0.1952752 0.2042774 0.2135913 0.2232394 0.2332104 0.2435271 0.2541743 0.2651739 0.2765066 0.2881937 0.3002115 0.3125809 0.3252719 0.3383038 0.3516391 0.3652958 0.3792282 0.3934523 0.4079121 0.4226222 0.4375140 0.4526007 0.4678003 0.4830877 0.4983055 0.5137189 0.5290080 0.5442956 0.5593411 0.5742581 0.5888079 0.6030913 0.6168694 0.6302354 0.6429476 0.6550967 0.6664419 0.6770738 0.6867529 0.6955736 0.7032344 0.7097833 0.7153748 0.7198629 0.7231683 0.7250758 0.7258001 0.7251464 0.7232912 0.7200588 0.7156503 0.7099025 0.7030447 0.6949225
0.1423950 0.1494265 0.1567442 0.1643450 0.1722508 0.1804580 0.1889894 0.1978400 0.2070332 0.2165616 0.2264498 0.2366888 0.2473034 0.2582812 0.2696464 0.2813828 0.2935140 0.3060197 0.3189234 0.3321986 0.3458676 0.3598962 0.3743053 0.3890530 0.4041576 0.4195670 0.4352974 0.4512846 0.4675426 0.4839935 0.5006491 0.5174541 0.5344810 0.5513573 0.5683051 0.5850819 0.6018111 0.6182407 0.6344749 0.6502612 0.6656921 0.6805111 0.6948048 0.7083157 0.7211275 0.7329822 0.7439678 0.7538311 0.7627376 0.7705020 0.7768416 0.7817987 0.7853621 0.7876791 0.7884746 0.7879147 0.7858071 0.7823457 0.7773575 0.7710665 0.7633154 0.7543622
0.1511948 0.1585803 0.1662618 0.1742623 0.1825799 0.1912390 0.2002361 0.2095964 0.2193148 0.2294176 0.2398982 0.2507837 0.2620645 0.2737676 0.2858795 0.2984267 0.3113923 0.3248030 0.3386361 0.3529167 0.3676152 0.3827555 0.3983000 0.4142702 0.4306185 0.4473636 0.4644462 0.4818820 0.4995978 0.5176060 0.5358170 0.5542003 0.5725849 0.5912452 0.6098362 0.6284787 0.6469059 0.6652271 0.6831767 0.7008476 0.7179686 0.7346234 0.7505367 0.7657857 0.7800929 0.7935352 0.8058354 0.8170745 0.8269101 0.8353757 0.8426171 0.8484604 0.8528075 0.8554187 0.8565100 0.8558708 0.8536849 0.8497654 0.8443274 0.8372068 0.8286564 0.8185245
0.1603849 0.1681278 0.1762030 0.1846094 0.1933735 0.2024933 0.2119960 0.2218783 0.2321686 0.2428625 0.2539900 0.2655437 0.2775537 0.2900093 0.3029407 0.3163339 0.3302192 0.3445780 0.3594393 0.3747775 0.3906203 0.4069351 0.4237472 0.4410141 0.4587583 0.4769253 0.4955344 0.5145177 0.5338902 0.5535676 0.5735605 0.5938058 0.6143761 0.6348718 0.6555198 0.6760513 0.6965866 0.7168466 0.7369275 0.7565431 0.7757756 0.7943320 0.8122840 0.8293334 0.8455471 0.8606244 0.8746361 0.8872861 0.8987302 0.9087436 0.9170035 0.9235362 0.9283118 0.9314696 0.9327090 0.9321974 0.9297267 0.9254999 0.9193407 0.9114927 0.9018012 0.8905548
0.1699739 0.1781028 0.1865763 0.1954221 0.2046402 0.2142594 0.2242784 0.2347277 0.2456052 0.2569431 0.2687374 0.2810204 0.2937852 0.3070647 0.3208491 0.3351723 0.3500197 0.3654242 0.3813656 0.3978751 0.4149259 0.4325477 0.4507037 0.4694208 0.4886509 0.5084170 0.5286580 0.5493924 0.5705421 0.5921198 0.6140282 0.6362330 0.6585478 0.6812564 0.7039835 0.7268472 0.7495533 0.7722040 0.7944996 0.8165221 0.8379623 0.8588864 0.8789760 0.8982882 0.9164981 0.9336608 0.9494495 0.9639246 0.9766870 0.9877474 0.9972348 1.004937 1.010729 1.014339 1.015981 1.015422 1.012849 1.008067 1.001306 0.9924005 0.9816333 0.9688632
0.1800067 0.1885249 0.1974289 0.2067200 0.2164292 0.2265569 0.2371355 0.2481654 0.2596810 0.2716812 0.2842017 0.2972382 0.3108273 0.3249628 0.3396827 0.3549769 0.3708824 0.3873838 0.4045177 0.4222623 0.4406527 0.4596587 0.4793122 0.4995721 0.5204666 0.5419417 0.5640215 0.5866349 0.6097994 0.6334250 0.6575225 0.6820221 0.7069955 0.7320125 0.7573042 0.7825763 0.8079427 0.8330910 0.8581064 0.8826639 0.9068267 0.9302570 0.9530029 0.9747147 0.9954329 1.014802 1.032864 1.049266 1.064141 1.077214 1.088106 1.096819 1.103293 1.107653 1.109563 1.109185 1.106295 1.101105 1.093432 1.083547 1.071302 1.057025
0.1904943 0.1994326 0.2087715 0.2185437 0.2287512 0.2394287 0.2505785 0.2622377 0.2744080 0.2871277 0.3003962 0.3142534 0.3286968 0.3437685 0.3594631 0.3758219 0.3928350 0.4105437 0.4289328 0.4480425 0.4678500 0.4883931 0.5096382 0.5316197 0.5542924 0.5776858 0.6017384 0.6264732 0.6518092 0.6777616 0.7042260 0.7311641 0.7583739 0.7861493 0.8140839 0.8422926 0.8704478 0.8986426 0.9265376 0.9541968 0.9812627 1.007778 1.033368 1.058061 1.081468 1.103613 1.124100 1.142956 1.159706 1.174326 1.186914 1.197204 1.205032 1.210081 1.212554 1.212189 1.209175 1.203302 1.194819 1.183567 1.169863 1.153586
0.2014904 0.2108519 0.2206600 0.2309184 0.2416640 0.2529009 0.2646689 0.2769719 0.2898516 0.3033105 0.3173918 0.3320972 0.3474726 0.3635171 0.3802770 0.3977478 0.4159761 0.4349531 0.4547253 0.4752766 0.4966520 0.5188262 0.5418411 0.5656599 0.5903202 0.6157704 0.6420411 0.6690617 0.6968547 0.7253268 0.7544900 0.7842681 0.8147337 0.8454260 0.8765808 0.9078733 0.9394116 0.9708440 1.002239 1.033224 1.063836 1.093680 1.122771 1.150691 1.177443 1.202594 1.226143 1.247658 1.267237 1.284528 1.299081 1.310855 1.319744 1.325845 1.328773 1.328681 1.325318 1.318904 1.309255 1.296671 1.281022 1.262689
0.2130156 0.2228324 0.2331126 0.2438949 0.2551855 0.2670265 0.2794242 0.2924233 0.3060294 0.3202893 0.3352083 0.3508364 0.3671774 0.3842825 0.4021524 0.4208398 0.4403417 0.4607117 0.4819414 0.5040828 0.5271193 0.5511011 0.5760015 0.6018667 0.6286564 0.6564099 0.6850691 0.7146657 0.7451181 0.7764473 0.8085437 0.8413675 0.8747014 0.9088522 0.9433798 0.9783965 1.013538 1.048882 1.084044 1.119063 1.153522 1.187429 1.220338 1.252233 1.282644 1.311538 1.338433 1.363298 1.385558 1.405130 1.422061 1.436008 1.446745 1.453894 1.457634 1.457660 1.454156 1.446896 1.436152 1.421773 1.404126 1.383123
0.2251332 0.2354067 0.2461951 0.2575063 0.2693848 0.2818391 0.2949167 0.3086263 0.3230180 0.3381007 0.3539287 0.3705102 0.3879012 0.4061078 0.4251885 0.4451474 0.4660440 0.4878783 0.5107102 0.5345320 0.5594028 0.5853066 0.6122996 0.6403531 0.6695180 0.6997485 0.7310883 0.7634701 0.7969262 0.8313627 0.8667969 0.9031495 0.9404970 0.9783459 1.016942 1.055927 1.095401 1.134966 1.174670 1.214082 1.253205 1.291571 1.329146 1.365424 1.400348 1.433383 1.464461 1.493041 1.519158 1.542355 1.562076 1.578210 1.590585 1.599244 1.603735 1.604187 1.600311 1.592339 1.580080 1.563877 1.543628 1.519785
0.2378750 0.2486392 0.2599383 0.2718187 0.2842914 0.2974067 0.3111754 0.3256515 0.3408473 0.3568207 0.3735847 0.3911997 0.4096777 0.4290827 0.4494251 0.4707720 0.4931304 0.5165691 0.5410897 0.5667607 0.5935771 0.6216064 0.6508322 0.6813176 0.7130319 0.7460313 0.7802656 0.8157803 0.8524987 0.8904523 0.9295307 0.9696969 1.010722 1.052931 1.095850 1.139588 1.183740 1.228369 1.273033 1.317741 1.362003 1.405779 1.448530 1.490174 1.530129 1.568287 1.604038 1.637262 1.667245 1.693812 1.716923 1.736121 1.751086 1.761348 1.767039 1.767793 1.763779 1.754749 1.741001 1.722400 1.699381 1.671909
0.2513193 0.2625743 0.2744222 0.2868757 0.2999877 0.3137717 0.3282846 0.3435419 0.3596060 0.3764930 0.3942692 0.4129507 0.4326076 0.4532568 0.4749725 0.4977693 0.5217243 0.5468490 0.5732218 0.6008490 0.6298096 0.6601008 0.6917993 0.7248895 0.7594430 0.7954264 0.8329031 0.8718154 0.9122121 0.9540048 0.9972242 1.041793 1.087799 1.134717 1.182806 1.231674 1.281414 1.331577 1.382189 1.432745 1.483207 1.533009 1.582052 1.629713 1.675845 1.719775 1.761332 1.799816 1.835164 1.866761 1.893895 1.916349 1.933835 1.946312 1.953229 1.954665 1.950284 1.940317 1.924571 1.903442 1.876875 1.845427
0.2655130 0.2772948 0.2896925 0.3027615 0.3165176 0.3310206 0.3462887 0.3623881 0.3793390 0.3972120 0.4160281 0.4358631 0.4567398 0.4787392 0.5018842 0.5262599 0.5518874 0.5788553 0.6071815 0.6369570 0.6681929 0.7009804 0.7353201 0.7712997 0.8089059 0.8482193 0.8892050 0.9319320 0.9763354 1.022468 1.070226 1.119585 1.170308 1.222747 1.276397 1.331369 1.387215 1.443985 1.501172 1.558747 1.616131 1.673217 1.729347 1.784345 1.837481 1.888525 1.936691 1.981724 2.022706 2.059313 2.091365 2.118231 2.139444 2.154394 2.163128 2.165189 2.160711 2.149413 2.131621 2.107230 2.076771 2.040298
0.2805578 0.2928645 0.3058519 0.3195378 0.3339852 0.3492142 0.3652948 0.3822502 0.4001561 0.4190374 0.4389754 0.4599988 0.4821952 0.5055949 0.5302913 0.5563148 0.5837647 0.6126696 0.6431334 0.6751813 0.7089191 0.7443646 0.7816233 0.8207011 0.8617003 0.9046082 0.9495180 0.9963917 1.045307 1.096191 1.149099 1.203967 1.260902 1.319356 1.379610 1.441243 1.504346 1.568419 1.633459 1.698881 1.764588 1.829898 1.894619 1.957973 2.019683 2.078880 2.135237 2.187827 2.236419 2.280165 2.318122 2.349891 2.375006 2.393282 2.404012 2.407193 2.402408 2.389875 2.369404 2.341463 2.306073 2.263943
0.2965257 0.3093948 0.3229706 0.3373175 0.3524592 0.3684679 0.3853705 0.4032457 0.4221233 0.4420896 0.4631784 0.4854839 0.5090429 0.5339574 0.5602667 0.5880799 0.6174368 0.6484542 0.6811712 0.7157081 0.7521009 0.7904727 0.8308508 0.8733584 0.9180093 0.9649202 1.014084 1.065606 1.119448 1.175695 1.234267 1.295162 1.358151 1.423627 1.491061 1.560579 1.631696 1.704450 1.778268 1.853078 1.928193 2.003422 2.077952 2.151477 2.223058 2.292292 2.358135 2.420122 2.477027 2.528299 2.573521 2.611791 2.642410 2.664546 2.678095 2.682456 2.677694 2.663476 2.640162 2.607700 2.566753 2.517521
0.3135492 0.3269759 0.3411807 0.3561881 0.3720741 0.3888673 0.4066504 0.4254569 0.4453777 0.4664515 0.4887783 0.5124012 0.5374303 0.5639129 0.5919679 0.6216463 0.6530764 0.6863114 0.7214873 0.7586561 0.7979605 0.8394490 0.8832670 0.9294538 0.9781547 1.029392 1.083304 1.139888 1.199268 1.261404 1.326392 1.394198 1.464972 1.538153 1.614066 1.692272 1.772873 1.855322 1.939594 2.025014 2.111419 2.197985 2.284395 2.369663 2.453328 2.534245 2.611842 2.684857 2.752791 2.814435 2.868486 2.914253 2.950971 2.978210 2.995021 3.001249 2.996348 2.980509 2.953541 2.916013 2.868072 2.810654
0.3317339 0.3457565 0.3605862 0.3763003 0.3929308 0.4105631 0.4292332 0.4490370 0.4700169 0.4922788 0.5158718 0.5409121 0.5674552 0.5956296 0.6254961 0.6571947 0.6907917 0.7264382 0.7642033 0.8042474 0.8466405 0.8915516 0.9390460 0.9892965 1.042359 1.098405 1.157471 1.219721 1.285159 1.353931 1.425994 1.501398 1.579941 1.662087 1.747301 1.835747 1.926917 2.020856 2.116929 2.215022 2.314330 2.414560 2.514702 2.614271 2.712046 2.807357 2.898789 2.985542 3.065937 3.139038 3.204044 3.259615 3.304670 3.338020 3.359297 3.367665 3.363064 3.345080 3.314109 3.270182 3.214164 3.146489
0.3512590 0.3658696 0.3813670 0.3977835 0.4152089 0.4336811 0.4532994 0.4741096 0.4962234 0.5196938 0.5446448 0.5711375 0.5993094 0.6292304 0.6610523 0.6948528 0.7307977 0.7689717 0.8095546 0.8526356 0.8984072 0.9469615 0.9984993 1.053109 1.110999 1.172245 1.237054 1.305480 1.377718 1.453786 1.533855 1.617947 1.706286 1.798327 1.894474 1.994293 2.097932 2.204813 2.314911 2.427467 2.542251 2.658269 2.775055 2.891345 3.006417 3.118732 3.227344 3.330487 3.427220 3.515763 3.594242 3.661468 3.716184 3.757537 3.784184 3.795703 3.791344 3.771232 3.735178 3.683894 3.617736 3.537980
0.3722828 0.3875209 0.4036773 0.4208431 0.4390587 0.4584270 0.4789960 0.5008814 0.5241411 0.5489042 0.5752388 0.6032889 0.6331331 0.6649331 0.6987783 0.7348479 0.7732412 0.8141553 0.8576998 0.9040890 0.9534407 1.005985 1.061842 1.121256 1.184345 1.251358 1.322404 1.397729 1.477415 1.561696 1.650609 1.744288 1.842598 1.946118 2.054345 2.167525 2.285163 2.407352 2.533419 2.663235 2.795876 2.930939 3.067180 3.203874 3.339414 3.472742 3.601893 3.725534 3.841278 3.947559 4.042914 4.125289 4.192958 4.244133 4.277998 4.293326 4.289832 4.266971 4.225187 4.164642 4.086509 3.991602
0.3950526 0.4109051 0.4277637 0.4456686 0.4647266 0.4849870 0.5065694 0.5295342 0.5540172 0.5800893 0.6079035 0.6375430 0.6691803 0.7029138 0.7389359 0.7773587 0.8183961 0.8621752 0.9089335 0.9588109 1.012067 1.068853 1.129449 1.194012 1.262841 1.336091 1.414070 1.496921 1.584951 1.678274 1.777178 1.881792 1.992464 2.108715 2.231085 2.359203 2.493319 2.632877 2.777901 2.927582 3.081648 3.238939 3.398805 3.559640 3.720360 3.878866 4.033637 4.182128 4.322664 4.452532 4.568913 4.669762 4.752979 4.816981 4.859769 4.880463 4.877975 4.852313 4.803290 4.731844 4.638662 4.525556
