T2-onemodel/GL31.grd
DSAA
         100         100
  -20.00000       20.00000    
  -20.00000       20.00000    
  7.7374175E-02   93.75840    
[rows 56 to 83 of 100, columns 0 to 61 of 100]
1.346916 1.375182 1.405965 1.439521 1.476206 1.516372 1.560473 1.608986 1.662513 1.721723 1.787409 1.860509 1.942121 2.033575 2.136430 2.252621 2.384410 2.534688 2.706895 2.905488 3.135892 3.405329 3.722832 4.100782 4.555364 5.109625 5.795624 6.661810 7.781699 9.276162 11.34527 14.31533 18.62197 24.53615 31.50444 38.44409 44.79561 50.45835 55.46521 59.86769 63.71411 67.04023 69.87363 72.22855 74.10957 75.50401 76.38203 76.68346 76.30933 75.09538 72.79146 69.06982 63.66660 56.83107 49.69118 43.26992 37.77989 33.11480 29.12584 25.69511 22.72524 20.14461
1.267216 1.295233 1.325739 1.358979 1.395317 1.435076 1.478730 1.526717 1.579675 1.638195 1.703135 1.775321 1.855945 1.946176 2.047693 2.162220 2.292172 2.440150 2.609790 2.805140 3.031897 3.296693 3.608927 3.980169 4.427165 4.971947 5.647870 6.503277 7.617840 9.125928 11.28147 14.54008 19.36621 25.39216 31.57672 37.33818 42.54499 47.20507 51.35067 55.01669 58.22940 61.01109 63.37403 65.32500 66.85793 67.95590 68.58018 68.66553 68.09700 66.68085 64.08762 59.87948 54.05660 47.67082 41.79882 36.71396 32.35319 28.59615 25.34398 22.51232 20.03872 17.86892
1.177249 1.204832 1.235120 1.267837 1.303864 1.342987 1.386207 1.433403 1.485752 1.543269 1.607360 1.678253 1.757677 1.846202 1.946018 2.058230 2.185730 2.330479 2.496516 2.687224 2.908537 3.166389 3.470112 3.830473 4.263506 4.790183 5.441682 6.264530 7.332759 8.778235 10.84907 14.00277 18.42145 23.38519 28.24404 32.77954 36.93418 40.70223 44.09089 47.10958 49.76889 52.07435 54.03106 55.63441 56.87681 57.73341 58.16940 58.11533 57.46865 56.03684 53.50767 49.51845 44.50927 39.54477 35.07682 31.15494 27.71945 24.70980 22.06255 19.73191 17.67218 15.85149
1.083134 1.110519 1.140222 1.172650 1.207969 1.246675 1.289017 1.335629 1.386871 1.443561 1.506227 1.575947 1.653502 1.740339 1.837637 1.947402 2.071405 2.212536 2.373556 2.558762 2.772585 3.021749 3.313702 3.659618 4.072830 4.573544 5.188034 5.957726 6.942856 8.246447 10.03543 12.54227 15.76741 19.34639 22.95094 26.41719 29.67047 32.67409 35.41129 37.87215 40.05297 41.94901 43.55688 44.86752 45.86895 46.53767 46.84025 46.72038 46.09537 44.83370 42.76002 39.78521 36.26875 32.73554 29.43948 26.44796 23.76080 21.35739 19.21103 17.29517 15.58482 14.05739
0.9930550 1.019956 1.049251 1.081074 1.115854 1.153794 1.195420 1.241043 1.291326 1.346719 1.408080 1.476066 1.551816 1.636293 1.731042 1.837504 1.957836 2.094214 2.249776 2.427894 2.633304 2.871419 3.149747 3.477381 3.866969 4.334743 4.903752 5.605440 6.485791 7.609849 9.065631 10.93397 13.20827 15.74899 18.39171 21.01296 23.53407 25.90544 28.09604 30.08536 31.85962 33.40808 34.72110 35.78758 36.59325 37.11787 37.33295 37.19817 36.65904 35.64779 34.10495 32.05193 29.66151 27.17587 24.75666 22.48517 20.38968 18.47715 16.74046 15.16978 13.75118 12.47231
0.9108450 0.9373296 0.9660361 0.9973155 1.031350 1.068572 1.109245 1.153913 1.202950 1.257055 1.316766 1.382990 1.456503 1.538523 1.630177 1.733141 1.849069 1.980334 2.129432 2.299828 2.495371 2.721324 2.983825 3.291214 3.653663 4.085032 4.602893 5.231212 6.000659 6.950681 8.123775 9.551155 11.22211 13.08215 15.04651 17.03580 18.98580 20.84963 22.59294 24.19127 25.62624 26.88368 27.95103 28.81604 29.46468 29.87993 30.04017 29.91865 29.48424 28.70782 27.57863 26.13085 24.45749 22.67484 20.88673 19.15755 17.52483 16.00418 14.60184 13.31549 12.14105 11.07095
0.8374500 0.8633696 0.8915386 0.9221052 0.9554391 0.9917520 1.031500 1.074988 1.122792 1.175345 1.233383 1.297522 1.368735 1.447899 1.536325 1.635280 1.746569 1.872052 2.014292 2.176059 2.361103 2.573647 2.819342 3.104788 3.438745 3.831721 4.297491 4.852586 5.517580 6.314830 7.265961 8.382694 9.660078 11.06610 12.55708 14.08269 15.59744 17.06233 18.44687 19.72663 20.88287 21.90005 22.76513 23.46565 23.98908 24.32148 24.44752 24.35037 24.01436 23.42941 22.59956 21.55265 20.34177 19.03646 17.69741 16.37436 15.09827 13.88938 12.75656 11.70449 10.73223 9.838129
0.7723693 0.7977691 0.8252622 0.8551571 0.8876320 0.9230661 0.9617077 1.004035 1.050394 1.101389 1.157508 1.219530 1.288142 1.364377 1.449203 1.544019 1.650207 1.769695 1.904495 2.057324 2.231142 2.429874 2.657933 2.921084 3.225945 3.580990 3.995935 4.482654 5.053887 5.723089 6.500844 7.392058 8.389868 9.479487 10.63262 11.81801 13.00298 14.15848 15.25874 16.28277 17.21273 18.03416 18.73423 19.30167 19.72537 19.99462 20.09847 20.02700 19.77246 19.33304 18.71704 17.94583 17.05342 16.07876 15.06443 14.04347 13.04275 12.07884 11.16359 10.30219 9.497977 8.750449
0.7148657 0.7396293 0.7664852 0.7955762 0.8272244 0.8616307 0.8991919 0.9401857 0.9851118 1.034353 1.088544 1.148218 1.214200 1.287231 1.368402 1.458753 1.559749 1.672864 1.800105 1.943576 2.106069 2.290608 2.501117 2.741928 3.018532 3.336975 3.704610 4.129155 4.619094 5.181825 5.823090 6.544077 7.341344 8.201378 9.108271 10.04036 10.97563 11.89172 12.76889 13.58914 14.33751 15.00066 15.56744 16.02757 16.37205 16.59228 16.68090 16.63179 16.44201 16.11289 15.65198 15.07447 14.40269 13.66501 12.88677 12.09341 11.30368 10.53327 9.791621 9.086123 8.419847 7.795202
0.6639183 0.6880834 0.7141911 0.7425122 0.7732109 0.8066190 0.8429593 0.8826436 0.9259774 0.9734778 1.025563 1.082891 1.146037 1.215858 1.293142 1.379015 1.474568 1.581306 1.700747 1.834918 1.985935 2.156547 2.349678 2.569024 2.818518 3.102940 3.427199 3.796820 4.216803 4.691770 5.224174 5.814001 6.456390 7.145266 7.867545 8.609151 9.353490 10.08469 10.78683 11.44599 12.04919 12.58550 13.04495 13.41911 13.70029 13.88212 13.95917 13.92802 13.78732 13.53950 13.19152 12.75497 12.24533 11.67919 11.07680 10.45459 9.828444 9.209471 8.607406 8.027868 7.475690 6.952709
0.6186910 0.6421630 0.6675580 0.6950060 0.7247885 0.7570829 0.7922319 0.8304785 0.8722469 0.9178647 0.9678659 1.022694 1.083029 1.149473 1.222900 1.304130 1.394300 1.494524 1.606303 1.731139 1.871008 2.027932 2.204483 2.403298 2.627614 2.880658 3.166155 3.487488 3.848080 4.250191 4.695133 5.181944 5.708167 6.266057 6.848300 7.443904 8.041658 8.628977 9.194244 9.725871 10.21380 10.64855 11.02214 11.32727 11.55797 11.70906 11.77690 11.75916 11.65594 11.46959 11.20518 10.87084 10.47757 10.03932 9.567892 9.076893 8.576781 8.077807 7.586782 7.110041 6.651024 6.213040
0.5782861 0.6011016 0.6256964 0.6523067 0.6810770 0.7122929 0.7461471 0.7829899 0.8230807 0.8668529 0.9146523 0.9670223 1.024426 1.087549 1.157011 1.233689 1.318403 1.412283 1.516419 1.632255 1.761221 1.905152 2.065866 2.245619 2.446601 2.671389 2.922306 3.201845 3.511804 3.853659 4.227483 4.632226 5.064320 5.520755 5.994120 6.477178 6.960749 7.436045 7.893507 8.324565 8.720677 9.074553 9.379278 9.629215 9.819273 9.945701 10.00558 9.997646 9.921911 9.780556 9.578064 9.320818 9.016666 8.673526 8.302226 7.911276 7.510036 7.105261 6.703793 6.309914 5.927933 5.559980
0.5420425 0.5641266 0.5879576 0.6136502 0.6414463 0.6714975 0.7040966 0.7394461 0.7779032 0.8197371 0.8653885 0.9152116 0.9697546 1.029484 1.095087 1.167176 1.246612 1.334194 1.431004 1.538064 1.656718 1.788242 1.934254 2.096271 2.276124 2.475430 2.696013 2.939230 3.206382 3.497882 3.813688 4.152493 4.512567 4.888797 5.277368 5.671957 6.066440 6.453421 6.826114 7.177264 7.500549 7.789676 8.039436 8.244923 8.402384 8.508596 8.561647 8.560441 8.505556 8.398688 8.242779 8.042287 7.803095 7.532871 7.237473 6.924655 6.600251 6.270795 5.940691 5.614670 5.295469 4.986125
0.5092800 0.5306699 0.5536697 0.5784840 0.6052334 0.6341631 0.6654323 0.6993375 0.7360880 0.7760440 0.8194800 0.8668345 0.9184648 0.9749131 1.036640 1.104316 1.178527 1.260100 1.349778 1.448560 1.557362 1.677369 1.809651 1.955540 2.116178 2.292911 2.486746 2.698750 2.929395 3.178991 3.446922 3.732053 4.031727 4.344370 4.665257 4.990339 5.314116 5.631553 5.936792 6.224652 6.489657 6.727193 6.932699 7.102579 7.233526 7.323298 7.370159 7.373576 7.333663 7.251871 7.130949 6.974508 6.786771 6.571713 6.335646 6.083123 5.819862 5.549860 5.277765 5.006492 4.739403 4.478268
0.4795328 0.5001700 0.5223783 0.5462523 0.5720004 0.5997463 0.6297380 0.6621386 0.6972455 0.7352708 0.7765716 0.8214200 0.8702502 0.9234108 0.9814281 1.044742 1.113988 1.189714 1.272680 1.363548 1.463206 1.572419 1.692176 1.823293 1.966782 2.123380 2.293944 2.478895 2.678644 2.892944 3.121372 3.362736 3.615849 3.877070 4.144304 4.413591 4.681414 4.943201 5.194937 5.432039 5.650618 5.846591 6.016676 6.157659 6.267212 6.343277 6.384771 6.391046 6.362598 6.300458 6.206234 6.082421 5.932346 5.760565 5.570041 5.365463 5.150111 4.928218 4.702518 4.476400 4.251797 4.031177
0.4523104 0.4722348 0.4935986 0.5165780 0.5412714 0.5678862 0.5965503 0.6275108 0.6609316 0.6971061 0.7362429 0.7786936 0.8247226 0.8747494 0.9291044 0.9882868 1.052701 1.122936 1.199476 1.282997 1.374055 1.473397 1.581614 1.699473 1.827518 1.966429 2.116553 2.278301 2.451600 2.636345 2.831786 3.036947 3.249825 3.469636 3.693138 3.917957 4.140587 4.358063 4.566669 4.763275 4.944354 5.107048 5.248376 5.366099 5.458053 5.522885 5.559472 5.567555 5.547139 5.499112 5.425171 5.327415 5.208196 5.069521 4.915331 4.748098 4.571460 4.387762 4.200173 4.010572 3.821479 3.634179
0.4272982 0.4464635 0.4670277 0.4890667 0.5127575 0.5381992 0.5655982 0.5950825 0.6268945 0.6611948 0.6982708 0.7383240 0.7816929 0.8286263 0.8795212 0.9346804 0.9945646 1.059532 1.130108 1.206698 1.289877 1.380075 1.477885 1.583707 1.698082 1.821284 1.953687 2.095294 2.246149 2.405801 2.573779 2.749102 2.930978 3.116694 3.305102 3.493568 3.680015 3.861482 4.035563 4.199296 4.350300 4.485910 4.604096 4.702739 4.780412 4.835750 4.868121 4.877068 4.862950 4.826345 4.768095 4.689610 4.592859 4.480719 4.354654 4.217654 4.071557 3.919185 3.762197 3.603009 3.442904 3.283799
0.4041459 0.4225962 0.4423207 0.4634701 0.4861219 0.5104508 0.5365549 0.5646369 0.5948209 0.6273435 0.6623596 0.7001442 0.7408860 0.7849045 0.8324273 0.8838208 0.9393514 0.9994320 1.064362 1.134591 1.210435 1.292357 1.380652 1.475754 1.577873 1.687335 1.804173 1.928498 2.060036 2.198558 2.343362 2.493670 2.647957 2.805911 2.965187 3.124368 3.281103 3.433618 3.579471 3.716765 3.843182 3.956968 4.056149 4.139349 4.205123 4.252653 4.281167 4.290531 4.280651 4.252062 4.205846 4.143250 4.065614 3.973908 3.870739 3.757439 3.636420 3.509039 3.377499 3.242968 3.107315 2.971410
0.3826496 0.4003489 0.4192828 0.4395104 0.4611813 0.4843707 0.5092494 0.5359122 0.5645572 0.5953022 0.6283745 0.6639165 0.7021889 0.7433625 0.7877336 0.8355002 0.8869925 0.9424316 1.002175 1.066455 1.135640 1.209947 1.289726 1.375136 1.466457 1.563726 1.667082 1.776353 1.891446 2.011884 2.137253 2.266780 2.399957 2.534690 2.670391 2.805223 2.937948 3.066571 3.189638 3.305174 3.411732 3.507531 3.591325 3.661694 3.717766 3.758610 3.783853 3.793139 3.786732 3.764938 3.728156 3.677199 3.613275 3.538306 3.452943 3.359188 3.258048 3.151468 3.040426 2.926667 2.811001 2.694906
0.3625560 0.3795518 0.3976664 0.4170277 0.4376939 0.4598097 0.4834476 0.5087737 0.5358788 0.5649514 0.5961002 0.6295391 0.6653973 0.7039159 0.7452438 0.7896476 0.8372920 0.8884643 0.9433357 1.002202 1.065225 1.132688 1.204710 1.281530 1.363181 1.449806 1.541294 1.637628 1.738481 1.843616 1.952428 2.064321 2.178116 2.293789 2.409581 2.524644 2.637336 2.746593 2.850753 2.948664 3.038761 3.119972 3.190962 3.250891 3.298769 3.334108 3.356349 3.365428 3.361197 3.343978 3.314494 3.273507 3.221786 3.159735 3.089178 3.010797 2.926262 2.836327 2.742568 2.645679 2.547061 2.447266
0.3437364 0.3600025 0.3773503 0.3958237 0.4155466 0.4365740 0.4590469 0.4830340 0.5086943 0.5361096 0.5654584 0.5968373 0.6304454 0.6663941 0.7049022 0.7460916 0.7901962 0.8373426 0.8877726 0.9416034 0.9990687 1.060257 1.125370 1.194434 1.267588 1.344753 1.425958 1.510971 1.599662 1.691595 1.786437 1.883592 1.982748 2.082246 2.181839 2.280195 2.376587 2.469615 2.558405 2.641598 2.718314 2.787333 2.847899 2.899033 2.940208 2.970767 2.990495 2.999104 2.996797 2.983724 2.960040 2.926214 2.883014 2.831796 2.772761 2.707310 2.635963 2.560108 2.480291 2.397804 2.313127 2.227400
0.3260069 0.3415929 0.3581536 0.3757961 0.3945614 0.4145705 0.4358745 0.4586088 0.4828347 0.5087023 0.5362839 0.5657457 0.5971704 0.6307396 0.6665434 0.7047748 0.7455264 0.7889979 0.8352749 0.8845513 0.9368906 0.9924654 1.051295 1.113505 1.179042 1.247954 1.320074 1.395339 1.473431 1.554144 1.636976 1.721478 1.806724 1.892870 1.978549 2.063270 2.145843 2.225637 2.301479 2.372676 2.438136 2.497215 2.548980 2.592927 2.628358 2.654984 2.672388 2.680551 2.679297 2.668832 2.649663 2.622268 2.587086 2.544211 2.494981 2.439702 2.379578 2.314997 2.247120 2.176331 2.103698 2.029540
0.3092885 0.3241749 0.3400020 0.3567992 0.3746714 0.3936562 0.4138698 0.4353574 0.4582468 0.4825909 0.5085307 0.5361269 0.5655316 0.5968108 0.6301259 0.6655440 0.7032316 0.7432503 0.7857630 0.8308142 0.8785521 0.9289877 0.9822373 1.038257 1.097108 1.158663 1.222906 1.289594 1.358607 1.429563 1.502211 1.576090 1.651031 1.725683 1.800012 1.873021 1.944298 2.012825 2.078086 2.139111 2.195378 2.246022 2.290593 2.328394 2.359116 2.382274 2.397759 2.405327 2.405150 2.397289 2.381761 2.358837 2.329028 2.293334 2.251706 2.205170 2.153952 2.099080 2.040829 1.980177 1.917381 1.853334
0.2934426 0.3076796 0.3227586 0.3387702 0.3557424 0.3737748 0.3929007 0.4132290 0.4347992 0.4577305 0.4820679 0.5079398 0.5353940 0.5645663 0.5955051 0.6283506 0.6631461 0.7000300 0.7390322 0.7802802 0.8237786 0.8696327 0.9178059 0.9683634 1.021208 1.076346 1.133596 1.192887 1.253932 1.316566 1.380380 1.445036 1.509795 1.574927 1.639338 1.702763 1.764305 1.823607 1.879811 1.932512 1.980924 2.024666 2.063068 2.095834 2.122454 2.142769 2.156455 2.163523 2.163791 2.157396 2.144715 2.126056 2.101665 2.071460 2.036473 1.996787 1.953306 1.906193 1.856329 1.803895 1.749723 1.693972
0.2784212 0.2919943 0.3063802 0.3215982 0.3377355 0.3548152 0.3729320 0.3921132 0.4124623 0.4340106 0.4568688 0.4810700 0.5067301 0.5338829 0.5626478 0.5930545 0.6252211 0.6591664 0.6950012 0.7327245 0.7724311 0.8140891 0.8577644 0.9033778 0.9509538 1.000349 1.051531 1.104274 1.158476 1.213815 1.270107 1.326996 1.384413 1.441232 1.497553 1.552603 1.606171 1.657490 1.706272 1.751802 1.793779 1.831570 1.864919 1.893308 1.916570 1.934334 1.946556 1.953029 1.953908 1.949202 1.938852 1.923014 1.902041 1.876708 1.846823 1.813171 1.775803 1.735505 1.692380 1.647188 1.600039 1.551641
0.2641156 0.2770756 0.2907595 0.3052435 0.3205435 0.3367415 0.3538567 0.3719781 0.3911281 0.4114015 0.4328214 0.4554870 0.4794208 0.5047259 0.5314211 0.5596087 0.5892985 0.6205875 0.6534706 0.6880327 0.7242448 0.7621711 0.8017464 0.8430040 0.8858296 0.9302142 0.9759809 1.023068 1.071221 1.120319 1.170029 1.220098 1.269926 1.319851 1.368971 1.417167 1.463745 1.508520 1.550843 1.590493 1.626881 1.659796 1.688737 1.713543 1.733826 1.749512 1.760340 1.766342 1.767340 1.763428 1.754905 1.741974 1.724765 1.703103 1.677813 1.648850 1.616917 1.582036 1.544897 1.505551 1.464658 1.422270
0.2505021 0.2628395 0.2758761 0.2896216 0.3041486 0.3194688 0.3356603 0.3527377 0.3707838 0.3898131 0.4099120 0.4310940 0.4534486 0.4769867 0.5017977 0.5278844 0.5553324 0.5841327 0.6143627 0.6459940 0.6790890 0.7135916 0.7495406 0.7868422 0.8255040 0.8653830 0.9064469 0.9484927 0.9914423 1.035025 1.079112 1.123427 1.167969 1.211781 1.255044 1.297144 1.337998 1.377010 1.414038 1.448534 1.480341 1.508978 1.534310 1.555942 1.573796 1.587579 1.597290 1.602750 1.604100 1.601324 1.594321 1.583180 1.568156 1.549872 1.528061 1.503345 1.475668 1.445654 1.413294 1.379198 1.343374 1.306401
0.2374957 0.2492606 0.2616438 0.2747095 0.2884640 0.3029765 0.3182552 0.3343731 0.3513383 0.3692261 0.3880438 0.4078692 0.4287074 0.4506367 0.4736553 0.4978386 0.5231754 0.5497351 0.5774913 0.6065022 0.6367192 0.6681837 0.7008172 0.7346374 0.7695279 0.8054758 0.8423172 0.8800038 0.9183174 0.9571725 0.9962943 1.035497 1.074284 1.113030 1.150976 1.188100 1.223845 1.258141 1.290477 1.320752 1.348508 1.373643 1.395769 1.414813 1.430469 1.442716 1.451340 1.456386 1.457682 1.455301 1.449489 1.440386 1.428051 1.412258 1.393692 1.372231 1.348441 1.322259 1.294238 1.264348 1.233126 1.200550
