T2-onemodel/GL32.grd
DSAA
         100         100
  -20.00000       20.00000    
  -20.00000       20.00000    
 -1.4652413E-03   1.061170    
[rows 72 to 95 of 100, columns 0 to 52 of 100]
3.7629760E-03 4.0326850E-03 4.3220841E-03 4.6330062E-03 4.9673817E-03 5.3274496E-03 5.7155932E-03 6.1345850E-03 6.5873815E-03 7.0774034E-03 7.6083401E-03 8.1844348E-03 8.8103199E-03 9.4912834E-03 1.0233124E-02 1.1042461E-02 1.1926527E-02 1.2893566E-02 1.3952605E-02 1.5113791E-02 1.6388185E-02 1.7788084E-02 1.9326657E-02 2.1018174E-02 2.2877460E-02 2.4919804E-02 2.7160043E-02 2.9611934E-02 3.2286599E-02 3.5191178E-02 3.8326677E-02 4.1686021E-02 4.5253992E-02 4.9004629E-02 5.2887939E-02 5.6852583E-02 6.0838938E-02 6.4777821E-02 6.8596333E-02 7.2221212E-02 7.5581707E-02 7.8612298E-02 8.1253864E-02 8.3455503E-02 8.5174441E-02 8.6377673E-02 8.7041527E-02 8.7154798E-02 8.6714827E-02 8.5732758E-02 8.4235005E-02 8.2261741E-02 7.9861656E-02
3.3950955E-03 3.6552667E-03 3.9341142E-03 4.2332234E-03 4.5544701E-03 4.8998022E-03 5.2714944E-03 5.6719459E-03 6.1039459E-03 6.5704449E-03 7.0748487E-03 7.6208119E-03 8.2125263E-03 8.8545159E-03 9.5519181E-03 1.0310312E-02 1.1135991E-02 1.2035774E-02 1.3017299E-02 1.4088769E-02 1.5259273E-02 1.6538434E-02 1.7936641E-02 1.9464590E-02 2.1133365E-02 2.2953711E-02 2.4935836E-02 2.7088309E-02 2.9417446E-02 3.1925805E-02 3.4611117E-02 3.7464727E-02 4.0468670E-02 4.3595929E-02 4.6821639E-02 5.0103396E-02 5.3390581E-02 5.6629714E-02 5.9764475E-02 6.2737875E-02 6.5494664E-02 6.7982756E-02 7.0155248E-02 7.1970858E-02 7.3395610E-02 7.4402496E-02 7.4973203E-02 7.5096563E-02 7.4774101E-02 7.4016646E-02 7.2844014E-02 7.1286656E-02 6.9388554E-02
3.0575569E-03 3.3082231E-03 3.5764687E-03 3.8638401E-03 4.1719559E-03 4.5026909E-03 4.8580095E-03 5.2401745E-03 5.6515820E-03 6.0949731E-03 6.5732771E-03 7.0898132E-03 7.6481514E-03 8.2523236E-03 8.9066671E-03 9.6160555E-03 1.0385692E-02 1.1221399E-02 1.2129362E-02 1.3116388E-02 1.4189633E-02 1.5356781E-02 1.6625706E-02 1.8004552E-02 1.9501241E-02 2.1123378E-02 2.2877555E-02 2.4768984E-02 2.6800545E-02 2.8972138E-02 3.1279657E-02 3.3714164E-02 3.6262792E-02 3.8907152E-02 4.1612793E-02 4.4347953E-02 4.7076978E-02 4.9758364E-02 5.2348271E-02 5.4802231E-02 5.7076655E-02 5.9130542E-02 6.0926247E-02 6.2431104E-02 6.3617438E-02 6.4464197E-02 6.4956479E-02 6.5088160E-02 6.4857818E-02 6.4272635E-02 6.3349329E-02 6.2111977E-02 6.0587838E-02
2.7461259E-03 2.9872707E-03 3.2450096E-03 3.5206757E-03 3.8158265E-03 4.1320743E-03 4.4712792E-03 4.8353849E-03 5.2266237E-03 5.6473408E-03 6.1002099E-03 6.5880539E-03 7.1140793E-03 7.6816692E-03 8.2946448E-03 8.9570358E-03 9.6733207E-03 1.0448221E-02 1.1286923E-02 1.2194799E-02 1.3177644E-02 1.4241324E-02 1.5391931E-02 1.6635360E-02 1.7977379E-02 1.9423008E-02 2.0976480E-02 2.2640459E-02 2.4415782E-02 2.6300605E-02 2.8289972E-02 3.0375073E-02 3.2541294E-02 3.4768958E-02 3.7042882E-02 3.9335672E-02 4.1615300E-02 4.3848854E-02 4.6001811E-02 4.8039075E-02 4.9926393E-02 5.1631033E-02 5.3123310E-02 5.4376774E-02 5.5369705E-02 5.6084730E-02 5.6510314E-02 5.6639127E-02 5.6472793E-02 5.6018468E-02 5.5287953E-02 5.4299336E-02 5.3079423E-02
2.4572876E-03 2.6890200E-03 2.9363050E-03 3.2004355E-03 3.4827483E-03 3.7847748E-03 4.1081058E-03 4.4545596E-03 4.8260405E-03 5.2247080E-03 5.6528207E-03 6.1129373E-03 6.6077346E-03 7.1402239E-03 7.7135582E-03 8.3312346E-03 8.9968843E-03 9.7145038E-03 1.0488200E-02 1.1322386E-02 1.2221491E-02 1.3190146E-02 1.4232795E-02 1.5353830E-02 1.6557131E-02 1.7846063E-02 1.9222954E-02 2.0688945E-02 2.2243373E-02 2.3883555E-02 2.5604192E-02 2.7397079E-02 2.9252244E-02 3.1156765E-02 3.3085961E-02 3.5019405E-02 3.6934879E-02 3.8806383E-02 4.0606581E-02 4.2307761E-02 4.3882594E-02 4.5305252E-02 4.6551809E-02 4.7601447E-02 4.8436407E-02 4.9043227E-02 4.9412362E-02 4.9540348E-02 4.9425740E-02 4.9072601E-02 4.8491292E-02 4.7696270E-02 4.6702769E-02
2.1881047E-03 2.4104901E-03 2.6474977E-03 2.9002267E-03 3.1699596E-03 3.4579975E-03 3.7658394E-03 4.0950272E-03 4.4473261E-03 4.8245559E-03 5.2287751E-03 5.6621134E-03 6.1269691E-03 6.6258283E-03 7.1614506E-03 7.7366685E-03 8.3545865E-03 9.0183755E-03 9.7314464E-03 1.0497189E-02 1.1319150E-02 1.2200736E-02 1.3145329E-02 1.4155925E-02 1.5235216E-02 1.6385144E-02 1.7606905E-02 1.8900417E-02 2.0264281E-02 2.1695253E-02 2.3188096E-02 2.4735201E-02 2.6325136E-02 2.7943460E-02 2.9581027E-02 3.1219469E-02 3.2837640E-02 3.4414522E-02 3.5928253E-02 3.7356645E-02 3.8678050E-02 3.9871659E-02 4.0918604E-02 4.1801915E-02 4.2507693E-02 4.3024689E-02 4.3345511E-02 4.3464977E-02 4.3384407E-02 4.3108359E-02 4.2643663E-02 4.2001080E-02 4.1197505E-02
1.9361248E-03 2.1493360E-03 2.3762020E-03 2.6177822E-03 2.8751630E-03 3.1495742E-03 3.4422842E-03 3.7547350E-03 4.0884041E-03 4.4449605E-03 4.8261201E-03 5.2337982E-03 5.6699757E-03 6.1368449E-03 6.6366424E-03 7.1718083E-03 7.7448105E-03 8.3583109E-03 9.0149445E-03 9.7174551E-03 1.0468477E-02 1.1270641E-02 1.2126287E-02 1.3037558E-02 1.4006061E-02 1.5032901E-02 1.6118303E-02 1.7261572E-02 1.8460726E-02 1.9712416E-02 2.1011617E-02 2.2351507E-02 2.3724647E-02 2.5122009E-02 2.6525367E-02 2.7921235E-02 2.9295415E-02 3.0631080E-02 3.1910691E-02 3.3116531E-02 3.4231100E-02 3.5237920E-02 3.6121622E-02 3.6868870E-02 3.7468139E-02 3.7910793E-02 3.8190585E-02 3.8305540E-02 3.8254105E-02 3.8038358E-02 3.7664752E-02 3.7142083E-02 3.6478754E-02
1.6993443E-03 1.9035168E-03 2.1204769E-03 2.3511215E-03 2.5964789E-03 2.8575915E-03 3.1356453E-03 3.4318483E-03 3.7475666E-03 4.0841820E-03 4.4432483E-03 4.8263464E-03 5.2352408E-03 5.6717037E-03 6.1376775E-03 6.6351076E-03 7.1660820E-03 7.7326689E-03 8.3370255E-03 8.9811981E-03 9.6672606E-03 1.0397047E-02 1.1172275E-02 1.1994255E-02 1.2863982E-02 1.3781786E-02 1.4747396E-02 1.5759587E-02 1.6816214E-02 1.7913867E-02 1.9047869E-02 2.0212064E-02 2.1397598E-02 2.2593779E-02 2.3795338E-02 2.4989605E-02 2.6162155E-02 2.7299166E-02 2.8386418E-02 2.9409533E-02 3.0354556E-02 3.1208033E-02 3.1957828E-02 3.2592908E-02 3.3104308E-02 3.3484645E-02 3.3729080E-02 3.3833757E-02 3.3799760E-02 3.3630028E-02 3.3328414E-02 3.2901384E-02 3.2359976E-02
1.4760839E-03 1.6714403E-03 1.8786968E-03 2.0987098E-03 2.3323456E-03 2.5805894E-03 2.8444296E-03 3.1249858E-03 3.4233911E-03 3.7409074E-03 4.0788110E-03 4.4385204E-03 4.8214635E-03 5.2291974E-03 5.6632617E-03 6.1253249E-03 6.6170101E-03 7.1400376E-03 7.6960153E-03 8.2865814E-03 8.9131938E-03 9.5772352E-03 1.0279772E-02 1.1021665E-02 1.1803285E-02 1.2624586E-02 1.3484827E-02 1.4382611E-02 1.5315620E-02 1.6280634E-02 1.7273340E-02 1.8288311E-02 1.9320117E-02 2.0362483E-02 2.1401579E-02 2.2428352E-02 2.3433574E-02 2.4406096E-02 2.5334347E-02 2.6206752E-02 2.7011879E-02 2.7739041E-02 2.8378185E-02 2.8920660E-02 2.9358890E-02 2.9687272E-02 2.9901603E-02 3.0000836E-02 2.9983403E-02 2.9850192E-02 2.9605329E-02 2.9254243E-02 2.8801423E-02
1.2649116E-03 1.4516354E-03 1.6494673E-03 1.8591211E-03 2.0814233E-03 2.3171883E-03 2.5673443E-03 2.8328146E-03 3.1146402E-03 3.4138479E-03 3.7316028E-03 4.0690494E-03 4.4274521E-03 4.8080403E-03 5.2121584E-03 5.6410967E-03 6.0962243E-03 6.5788226E-03 7.0902063E-03 7.6315301E-03 8.2039190E-03 8.8082403E-03 9.4452305E-03 1.0115249E-02 1.0818388E-02 1.1554180E-02 1.2321742E-02 1.3119465E-02 1.3945119E-02 1.4795608E-02 1.5667029E-02 1.6554536E-02 1.7451301E-02 1.8349301E-02 1.9245787E-02 2.0131808E-02 2.0997265E-02 2.1832831E-02 2.2629039E-02 2.3376353E-02 2.4065627E-02 2.4687987E-02 2.5235482E-02 2.5700828E-02 2.6078179E-02 2.6362576E-02 2.6550792E-02 2.6639864E-02 2.6630735E-02 2.6525376E-02 2.6325870E-02 2.6036143E-02 2.5663726E-02
1.0646571E-03 1.2430074E-03 1.4316578E-03 1.6313001E-03 1.8426165E-03 2.0663776E-03 2.3033374E-03 2.5543589E-03 2.8202848E-03 3.1020632E-03 3.4006254E-03 3.7170043E-03 4.0521924E-03 4.4072755E-03 4.7832895E-03 5.1813410E-03 5.6024524E-03 6.0476810E-03 6.5179593E-03 7.0142001E-03 7.5371172E-03 8.0873324E-03 8.6651770E-03 9.2708021E-03 9.9039394E-03 1.0564010E-02 1.1249903E-02 1.1960052E-02 1.2692229E-02 1.3443620E-02 1.4210691E-02 1.4989214E-02 1.5775282E-02 1.6564559E-02 1.7346283E-02 1.8114328E-02 1.8862624E-02 1.9583616E-02 2.0269515E-02 2.0912604E-02 2.1505265E-02 2.2040429E-02 2.2511393E-02 2.2912474E-02 2.3238594E-02 2.3486059E-02 2.3651985E-02 2.3735920E-02 2.3736347E-02 2.3653470E-02 2.3490023E-02 2.3249434E-02 2.2933904E-02
8.7430823E-04 1.0445017E-03 1.2242867E-03 1.4142272E-03 1.6149755E-03 1.8271542E-03 2.0514776E-03 2.2886370E-03 2.5394193E-03 2.8045769E-03 3.0849664E-03 3.3813904E-03 3.6947362E-03 4.0258393E-03 4.3756017E-03 4.7448440E-03 5.1344302E-03 5.5451072E-03 5.9776306E-03 6.4325780E-03 6.9104829E-03 7.4116373E-03 7.9362206E-03 8.4840767E-03 9.0548471E-03 9.6477382E-03 1.0261661E-02 1.0894983E-02 1.1545664E-02 1.2211067E-02 1.2888039E-02 1.3572816E-02 1.4260104E-02 1.4943800E-02 1.5622815E-02 1.6290704E-02 1.6940184E-02 1.7564829E-02 1.8158223E-02 1.8713918E-02 1.9225791E-02 1.9687859E-02 2.0094849E-02 2.0441862E-02 2.0725012E-02 2.0940889E-02 2.1087332E-02 2.1161975E-02 2.1165689E-02 2.1099869E-02 2.0965571E-02 2.0765189E-02 2.0504078E-02
6.9303159E-04 8.5535186E-04 1.0265431E-03 1.2071542E-03 1.3977061E-03 1.5987941E-03 1.8109895E-03 2.0349419E-03 2.2712704E-03 2.5206811E-03 2.7838368E-03 3.0614631E-03 3.3542393E-03 3.6629040E-03 3.9881249E-03 4.3306090E-03 4.6909605E-03 5.0698016E-03 5.4676156E-03 5.8848471E-03 6.3217552E-03 6.7785229E-03 7.2550704E-03 7.7511729E-03 8.2662720E-03 8.7995911E-03 9.3499394E-03 9.9158147E-03 1.0495245E-02 1.1085883E-02 1.1684899E-02 1.2289030E-02 1.2895504E-02 1.3501354E-02 1.4098022E-02 1.4681299E-02 1.5247193E-02 1.5790490E-02 1.6305858E-02 1.6788049E-02 1.7231869E-02 1.7632566E-02 1.7985603E-02 1.8287176E-02 1.8533792E-02 1.8722998E-02 1.8852783E-02 1.8923072E-02 1.8932434E-02 1.8880693E-02 1.8769739E-02 1.8601781E-02 1.8377693E-02
5.2009866E-04 6.7478471E-04 8.3771406E-04 1.0093186E-03 1.1901022E-03 1.3805374E-03 1.5811682E-03 1.7925018E-03 2.0151245E-03 2.2495827E-03 2.4964828E-03 2.7563742E-03 3.0298701E-03 3.3175130E-03 3.6198879E-03 3.9374898E-03 4.2708293E-03 4.6203057E-03 4.9863043E-03 5.3690439E-03 5.7687033E-03 6.1852466E-03 6.6185463E-03 7.0681963E-03 7.5336467E-03 8.0140121E-03 8.5081942E-03 9.0146959E-03 9.5317597E-03 1.0057208E-02 1.0588536E-02 1.1122842E-02 1.1655975E-02 1.2183242E-02 1.2704635E-02 1.3215398E-02 1.3710161E-02 1.4184432E-02 1.4633775E-02 1.5053741E-02 1.5440141E-02 1.5788894E-02 1.6096437E-02 1.6359391E-02 1.6575141E-02 1.6741306E-02 1.6856411E-02 1.6918516E-02 1.6928444E-02 1.6887257E-02 1.6795387E-02 1.6654316E-02 1.6468015E-02
3.5488632E-04 5.0223450E-04 6.5718731E-04 8.2016410E-04 9.9156226E-04 1.1718373E-03 1.3614120E-03 1.5607715E-03 1.7703676E-03 1.9907085E-03 2.2222484E-03 2.4654940E-03 2.7208920E-03 2.9889273E-03 3.2700058E-03 3.5645566E-03 3.8729052E-03 4.1953819E-03 4.5321793E-03 4.8834602E-03 5.2492199E-03 5.6293877E-03 6.0236724E-03 6.4316806E-03 6.8527516E-03 7.2860667E-03 7.7304957E-03 8.1847012E-03 8.6470107E-03 9.1155088E-03 9.5879622E-03 1.0061852E-02 1.0535243E-02 1.1006151E-02 1.1467592E-02 1.1916678E-02 1.2350790E-02 1.2766286E-02 1.3159441E-02 1.3526616E-02 1.3864209E-02 1.4168982E-02 1.4437787E-02 1.4668033E-02 1.4857290E-02 1.5003900E-02 1.5106441E-02 1.5165075E-02 1.5178465E-02 1.5146227E-02 1.5069740E-02 1.4950467E-02 1.4788501E-02
1.9685204E-04 3.3711403E-04 4.8442124E-04 6.3910114E-04 8.0154359E-04 9.7209797E-04 1.1511717E-03 1.3391358E-03 1.5364219E-03 1.7434041E-03 1.9605088E-03 2.1881005E-03 2.4265882E-03 2.6763030E-03 2.9376091E-03 3.2107737E-03 3.4960797E-03 3.7936920E-03 4.1037640E-03 4.4263019E-03 4.7612786E-03 5.1084808E-03 5.4676277E-03 5.8382181E-03 6.2196460E-03 6.6110408E-03 7.0113922E-03 7.4193981E-03 7.8335851E-03 8.2521932E-03 8.6732442E-03 9.0944953E-03 9.5126703E-03 9.9240942E-03 1.0329467E-02 1.0725215E-02 1.1107289E-02 1.1472498E-02 1.1817710E-02 1.2139794E-02 1.2435866E-02 1.2703070E-02 1.2938950E-02 1.3141138E-02 1.3307859E-02 1.3437409E-02 1.3528772E-02 1.3580301E-02 1.3592806E-02 1.3567133E-02 1.3503365E-02 1.3402420E-02 1.3267353E-02
4.5547415E-05 1.7901776E-04 3.1896937E-04 4.6573029E-04 6.1959663E-04 7.8091171E-04 9.4998005E-04 1.1271659E-03 1.3127854E-03 1.5071942E-03 1.7106978E-03 1.9236377E-03 2.1462876E-03 2.3789557E-03 2.6218642E-03 2.8752552E-03 3.1392709E-03 3.4140514E-03 3.6996126E-03 3.9959513E-03 4.3029096E-03 4.6202908E-03 4.9477112E-03 5.2847164E-03 5.6306366E-03 5.9846947E-03 6.3458821E-03 6.7130537E-03 7.0848204E-03 7.4596419E-03 7.8357542E-03 8.2112215E-03 8.5847294E-03 8.9549739E-03 9.3161454E-03 9.6662613E-03 1.0003640E-02 1.0325693E-02 1.0629760E-02 1.0913294E-02 1.1173761E-02 1.1408905E-02 1.1616493E-02 1.1794753E-02 1.1941949E-02 1.2056962E-02 1.2138745E-02 1.2187624E-02 1.2202360E-02 1.2182466E-02 1.2129004E-02 1.2042964E-02 1.1923976E-02
-9.9460194E-05 2.7468779E-05 1.6039527E-04 2.9956416E-04 4.4527359E-04 5.9777277E-04 7.5736764E-04 9.2432433E-04 1.0989482E-03 1.2814888E-03 1.4722405E-03 1.6714277E-03 1.8793115E-03 2.0960767E-03 2.3219357E-03 2.5570055E-03 2.8014164E-03 3.0551862E-03 3.3183317E-03 3.5907330E-03 3.8722507E-03 4.1625905E-03 4.4614137E-03 4.7681918E-03 5.0823344E-03 5.4030451E-03 5.7294411E-03 6.0604108E-03 6.3947495E-03 6.7310380E-03 7.0677213E-03 7.4030706E-03 7.7344668E-03 8.0589810E-03 8.3777616E-03 8.6880857E-03 8.9868326E-03 9.2716785E-03 9.5403856E-03 9.7907316E-03 1.0020685E-02 1.0228203E-02 1.0411584E-02 1.0569134E-02 1.0699633E-02 1.0801830E-02 1.0875009E-02 1.0917762E-02 1.0930877E-02 1.0915077E-02 1.0870234E-02 1.0796905E-02 1.0697545E-02
-2.3852267E-04 -1.1784094E-04 8.3469386E-06 1.4029483E-04 2.7821507E-04 4.2236134E-04 5.7295617E-04 7.3026324E-04 8.9449267E-04 1.0658916E-03 1.2446517E-03 1.4309927E-03 1.6250705E-03 1.8270656E-03 2.0370805E-03 2.2552339E-03 2.4815451E-03 2.7160358E-03 2.9586235E-03 3.2092077E-03 3.4675580E-03 3.7334221E-03 4.0063849E-03 4.2859879E-03 4.5716050E-03 4.8625437E-03 5.1579247E-03 5.4567894E-03 5.7579987E-03 6.0603190E-03 6.3623688E-03 6.6626593E-03 6.9603180E-03 7.2545279E-03 7.5403587E-03 7.8164693E-03 8.0818040E-03 8.3344914E-03 8.5726222E-03 8.7943869E-03 8.9979544E-03 9.1817342E-03 9.3441317E-03 9.4839092E-03 9.5998039E-03 9.6910419E-03 9.7568519E-03 9.7976634E-03 9.8123243E-03 9.8003093E-03 9.7624697E-03 9.6994918E-03 9.6107516E-03
-3.7199259E-04 -2.5731040E-04 -1.3753616E-04 -1.2492358E-05 1.1803746E-04 2.5423456E-04 3.9632875E-04 5.4449827E-04 6.9895509E-04 8.5985690E-04 1.0273977E-03 1.2017036E-03 1.3829339E-03 1.5711725E-03 1.7665266E-03 1.9690192E-03 2.1786762E-03 2.3954345E-03 2.6192295E-03 2.8498741E-03 3.0871818E-03 3.3308258E-03 3.5804466E-03 3.8355459E-03 4.0955869E-03 4.3598586E-03 4.6276045E-03 4.8979009E-03 5.1697674E-03 5.4420666E-03 5.7135797E-03 5.9829750E-03 6.2481174E-03 6.5066316E-03 6.7599639E-03 7.0059886E-03 7.2422405E-03 7.4670082E-03 7.6786815E-03 7.8756493E-03 8.0564506E-03 8.2196165E-03 8.3639501E-03 8.4882118E-03 8.5915541E-03 8.6730402E-03 8.7321615E-03 8.7676868E-03 8.7803910E-03 8.7709185E-03 8.7390002E-03 8.6849881E-03 8.6109210E-03
-5.0011941E-04 -3.9114940E-04 -2.7751210E-04 -1.5902503E-04 -3.5538764E-05 9.3144154E-05 2.2717821E-04 3.6674493E-04 5.1197788E-04 6.6304283E-04 8.2004844E-04 9.8313065E-04 1.1523627E-03 1.3278354E-03 1.5095765E-03 1.6976174E-03 1.8919042E-03 2.0923985E-03 2.2989535E-03 2.5114224E-03 2.7295491E-03 2.9530558E-03 3.1815388E-03 3.4145764E-03 3.6515996E-03 3.8920026E-03 4.1350364E-03 4.3799165E-03 4.6257102E-03 4.8714355E-03 5.1160147E-03 5.3582932E-03 5.5977148E-03 5.8338153E-03 6.0623446E-03 6.2823966E-03 6.4933430E-03 6.6938298E-03 6.8824692E-03 7.0579438E-03 7.2189155E-03 7.3642638E-03 7.4928133E-03 7.6036947E-03 7.6959659E-03 7.7690976E-03 7.8225043E-03 7.8566801E-03 7.8705614E-03 7.8636007E-03 7.8365104E-03 7.7897962E-03 7.7226828E-03
-6.2319660E-04 -5.1969837E-04 -4.1189403E-04 -2.9966590E-04 -1.8284313E-04 -6.1293751E-05 6.5142493E-05 1.9657698E-04 3.3315487E-04 4.7496517E-04 6.2212988E-04 7.7470846E-04 9.3278452E-04 1.0963771E-03 1.2655284E-03 1.4401918E-03 1.6203444E-03 1.8058710E-03 1.9966592E-03 2.1925024E-03 2.3931877E-03 2.5983842E-03 2.8077608E-03 3.0208593E-03 3.2371967E-03 3.4561553E-03 3.6771090E-03 3.8992919E-03 4.1219085E-03 4.3440536E-03 4.5647742E-03 4.7830236E-03 4.9970448E-03 5.2048927E-03 5.4081748E-03 5.6051961E-03 5.7939738E-03 5.9732432E-03 6.1418237E-03 6.2985145E-03 6.4422786E-03 6.5720300E-03 6.6869170E-03 6.7860167E-03 6.8687345E-03 6.9343504E-03 6.9825035E-03 7.0121028E-03 7.0239049E-03 7.0184921E-03 6.9955382E-03 6.9552539E-03 6.8993578E-03
-7.4145681E-04 -6.4316147E-04 -5.4093357E-04 -4.3463378E-04 -3.2414560E-04 -2.0932728E-04 -9.0085166E-05 3.3705925E-05 1.6212430E-04 2.9527469E-04 4.3320924E-04 5.7600171E-04 7.2366663E-04 8.7624794E-04 1.0337112E-03 1.1960407E-03 1.3631469E-03 1.5349438E-03 1.7112625E-03 1.8919399E-03 2.0767057E-03 2.2652966E-03 2.4573402E-03 2.6524507E-03 2.8501207E-03 3.0498409E-03 3.2509875E-03 3.4529099E-03 3.6548530E-03 3.8560443E-03 4.0556281E-03 4.2527011E-03 4.4469512E-03 4.6381592E-03 4.8225927E-03 4.9996609E-03 5.1690415E-03 5.3297477E-03 5.4807407E-03 5.6210631E-03 5.7497285E-03 5.8659259E-03 5.9687784E-03 6.0576699E-03 6.1318823E-03 6.1910525E-03 6.2347292E-03 6.2634512E-03 6.2762247E-03 6.2725074E-03 6.2529258E-03 6.2178490E-03 6.1664167E-03
-8.5513084E-04 -7.6181587E-04 -6.6487672E-04 -5.6421955E-04 -4.5971299E-04 -3.5127849E-04 -2.3880594E-04 -1.2223130E-04 -1.4586917E-06 1.2355382E-04 2.5287687E-04 3.8651703E-04 5.2451750E-04 6.6685322E-04 8.1351667E-04 9.6443360E-04 1.1195430E-03 1.2787019E-03 1.4417870E-03 1.6085762E-03 1.7788579E-03 1.9523271E-03 2.1286791E-03 2.3074928E-03 2.4883540E-03 2.6707454E-03 2.8541428E-03 3.0379100E-03 3.2214166E-03 3.4039370E-03 3.5847137E-03 3.7629248E-03 3.9371084E-03 4.1056308E-03 4.2701922E-03 4.4294260E-03 4.5817159E-03 4.7260998E-03 4.8616971E-03 4.9876217E-03 5.1031159E-03 5.2073644E-03 5.2997530E-03 5.3795832E-03 5.4464382E-03 5.4997471E-03 5.5392641E-03 5.5640074E-03 5.5747093E-03 5.5719120E-03 5.5552595E-03 5.5248546E-03 5.4822052E-03
