T2-onemodel/GL32.grd
DSAA
         100         100
  -20.00000       20.00000    
  -20.00000       20.00000    
 -1.4652413E-03   1.061170    
[rows 24 to 47 of 100, columns 0 to 52 of 100]
2.2635979E-03 2.4581507E-03 2.6642252E-03 2.8825661E-03 3.1140300E-03 3.3594798E-03 3.6198976E-03 3.8962786E-03 4.1897590E-03 4.5014657E-03 4.8326966E-03 5.1847566E-03 5.5591259E-03 5.9573087E-03 6.3809874E-03 6.8318676E-03 7.3118703E-03 7.8229317E-03 8.3672134E-03 8.9468993E-03 9.5644128E-03 1.0222202E-02 1.0922948E-02 1.1669348E-02 1.2464350E-02 1.3310862E-02 1.4212032E-02 1.5170936E-02 1.6190823E-02 1.7274817E-02 1.8426076E-02 1.9647500E-02 2.0941354E-02 2.2309370E-02 2.3755651E-02 2.5280802E-02 2.6884569E-02 2.8565811E-02 3.0322110E-02 3.2148857E-02 3.4039512E-02 3.5984438E-02 3.7971389E-02 3.9984170E-02 4.2003613E-02 4.4006199E-02 4.5965426E-02 4.7848161E-02 4.9627718E-02 5.1274884E-02 5.2754115E-02 5.4034721E-02 5.5089321E-02
2.5679157E-03 2.7703398E-03 2.9849675E-03 3.2126722E-03 3.4543378E-03 3.7109638E-03 3.9835814E-03 4.2733513E-03 4.5814537E-03 4.9092262E-03 5.2580391E-03 5.6294301E-03 6.0249902E-03 6.4464947E-03 6.8957689E-03 7.3748529E-03 7.8858417E-03 8.4310770E-03 9.0129487E-03 9.6341232E-03 1.0297328E-02 1.1005568E-02 1.1761930E-02 1.2569789E-02 1.3432577E-02 1.4354018E-02 1.5337896E-02 1.6388236E-02 1.7509075E-02 1.8704651E-02 1.9979114E-02 2.1336647E-02 2.2781750E-02 2.4318771E-02 2.5948634E-02 2.7674438E-02 2.9498240E-02 3.1420480E-02 3.3439603E-02 3.5552118E-02 3.7751459E-02 4.0028132E-02 4.2368226E-02 4.4753909E-02 4.7161855E-02 4.9564574E-02 5.1929433E-02 5.4223683E-02 5.6402322E-02 5.8420368E-02 6.0239922E-02 6.1821312E-02 6.3127831E-02
2.8997518E-03 3.1101631E-03 3.3335595E-03 3.5708114E-03 3.8229609E-03 4.0910346E-03 4.3762308E-03 4.6797609E-03 5.0030034E-03 5.3473604E-03 5.7144444E-03 6.1058947E-03 6.5235728E-03 6.9693900E-03 7.4455044E-03 7.9541430E-03 8.4977951E-03 9.0790344E-03 9.7007472E-03 1.0365894E-02 1.1077790E-02 1.1839852E-02 1.2655857E-02 1.3529710E-02 1.4465696E-02 1.5468201E-02 1.6542045E-02 1.7692110E-02 1.8923670E-02 2.0242045E-02 2.1652834E-02 2.3161568E-02 2.4773343E-02 2.6492909E-02 2.8327728E-02 3.0281691E-02 3.2357901E-02 3.4558419E-02 3.6883745E-02 3.9331570E-02 4.1896760E-02 4.4569593E-02 4.7335882E-02 5.0174955E-02 5.3060297E-02 5.5957533E-02 5.8825895E-02 6.1614085E-02 6.4276248E-02 6.6762015E-02 6.9013238E-02 7.0978202E-02 7.2610661E-02
3.2635226E-03 3.4821020E-03 3.7143964E-03 3.9614299E-03 4.2242664E-03 4.5041065E-03 4.8021846E-03 5.1198979E-03 5.4587019E-03 5.8202343E-03 6.2061884E-03 6.6184881E-03 7.0591113E-03 7.5303148E-03 8.0344267E-03 8.5740732E-03 9.1519719E-03 9.7711897E-03 1.0434914E-02 1.1146699E-02 1.1910266E-02 1.2729757E-02 1.3609482E-02 1.4554215E-02 1.5568952E-02 1.6659150E-02 1.7830545E-02 1.9089343E-02 2.0441981E-02 2.1895412E-02 2.3456760E-02 2.5133524E-02 2.6933866E-02 2.8866136E-02 3.0935373E-02 3.3149280E-02 3.5514671E-02 3.8036771E-02 4.0718585E-02 4.3560721E-02 4.6559673E-02 4.9707424E-02 5.2989122E-02 5.6382846E-02 5.9856981E-02 6.3371114E-02 6.6874474E-02 7.0312098E-02 7.3610865E-02 7.6695740E-02 7.9499751E-02 8.1954949E-02 8.3999768E-02
3.6644384E-03 3.8912673E-03 4.1326378E-03 4.3895994E-03 4.6633766E-03 4.9552019E-03 5.2664992E-03 5.5987313E-03 5.9535755E-03 6.3327523E-03 6.7382418E-03 7.1720718E-03 7.6365564E-03 8.1341090E-03 8.6674597E-03 9.2394678E-03 9.8533193E-03 1.0512386E-02 1.1220460E-02 1.1981484E-02 1.2799916E-02 1.3680427E-02 1.4628227E-02 1.5648803E-02 1.6748251E-02 1.7932983E-02 1.9210113E-02 2.0587085E-02 2.2072062E-02 2.3673622E-02 2.5401022E-02 2.7263876E-02 2.9271824E-02 3.1434640E-02 3.3765554E-02 3.6274515E-02 3.8971152E-02 4.1864343E-02 4.4961579E-02 4.8267160E-02 5.1781707E-02 5.5499449E-02 5.9407435E-02 6.3481927E-02 6.7687854E-02 7.1975134E-02 7.6279663E-02 8.0518275E-02 8.4609322E-02 8.8462457E-02 9.1977499E-02 9.5064431E-02 9.7644024E-02
4.1086869E-03 4.3439046E-03 4.5944485E-03 4.8615336E-03 5.1464033E-03 5.4504904E-03 5.7752542E-03 6.1223856E-03 6.4936448E-03 6.8910141E-03 7.3165777E-03 7.7726869E-03 8.2618138E-03 8.7867631E-03 9.3504805E-03 9.9562882E-03 1.0607678E-02 1.1308606E-02 1.2063250E-02 1.2876285E-02 1.3752699E-02 1.4698064E-02 1.5718289E-02 1.6819993E-02 1.8010234E-02 1.9296834E-02 2.0688176E-02 2.2193491E-02 2.3822647E-02 2.5586501E-02 2.7496602E-02 2.9565487E-02 3.1807043E-02 3.4236103E-02 3.6864776E-02 3.9708894E-02 4.2784169E-02 4.6105549E-02 4.9686171E-02 5.3537041E-02 5.7664387E-02 6.2068380E-02 6.6739067E-02 7.1654305E-02 7.6774314E-02 8.2040608E-02 8.7372348E-02 9.2673607E-02 9.7817503E-02 0.1026704 0.1071087 0.1110118 0.1142749
4.6034926E-03 4.8471345E-03 5.1069986E-03 5.3842911E-03 5.6804633E-03 5.9969639E-03 6.3354932E-03 6.6977907E-03 7.0858784E-03 7.5018462E-03 7.9480913E-03 8.4270919E-03 8.9417184E-03 9.4949584E-03 1.0090243E-02 1.0731151E-02 1.1421766E-02 1.2166413E-02 1.2969997E-02 1.3837697E-02 1.4775396E-02 1.5789358E-02 1.6886644E-02 1.8074783E-02 1.9362288E-02 2.0758228E-02 2.2272851E-02 2.3917072E-02 2.5703151E-02 2.7644258E-02 2.9755037E-02 3.2051161E-02 3.4549296E-02 3.7267208E-02 4.0227581E-02 4.3450791E-02 4.6958391E-02 5.0772563E-02 5.4915495E-02 5.9407014E-02 6.4263642E-02 6.9494292E-02 7.5097688E-02 8.1055209E-02 8.7326683E-02 9.3841620E-02 0.1004967 0.1071482 0.1136411 0.1198018 0.1254455 0.1304099 0.1345589
5.1571932E-03 5.4093665E-03 5.6785704E-03 5.9662242E-03 6.2737796E-03 6.6029183E-03 6.9553796E-03 7.3331743E-03 7.7383793E-03 8.1734173E-03 8.6407866E-03 9.1433683E-03 9.6841725E-03 1.0266688E-02 1.0894567E-02 1.1571974E-02 1.2303324E-02 1.3093677E-02 1.3948395E-02 1.4873570E-02 1.5875725E-02 1.6962271E-02 1.8141147E-02 1.9421354E-02 2.0812599E-02 2.2325853E-02 2.3973003E-02 2.5767434E-02 2.7723679E-02 2.9858144E-02 3.2188673E-02 3.4735214E-02 3.7520241E-02 4.0568698E-02 4.3904107E-02 4.7555923E-02 5.1555585E-02 5.5936180E-02 6.0731389E-02 6.5975212E-02 7.1698502E-02 7.7926680E-02 8.4672511E-02 9.1930009E-02 9.9661574E-02 0.1077889 0.1161807 0.1246579 0.1329768 0.1408746 0.1481070 0.1544527 0.1597356
5.7790214E-03 6.0397051E-03 6.3183582E-03 6.6163857E-03 6.9354936E-03 7.2773490E-03 7.6439758E-03 8.0374312E-03 8.4601240E-03 8.9145275E-03 9.4035575E-03 9.9302018E-03 1.0497979E-02 1.1110538E-02 1.1772134E-02 1.2487222E-02 1.3260937E-02 1.4098749E-02 1.5006949E-02 1.5992187E-02 1.7062157E-02 1.8225085E-02 1.9490356E-02 2.0868143E-02 2.2370022E-02 2.4008567E-02 2.5798125E-02 2.7754299E-02 2.9894898E-02 3.2239463E-02 3.4810189E-02 3.7631504E-02 4.0730461E-02 4.4136994E-02 4.7888514E-02 5.2022517E-02 5.6580972E-02 6.1610125E-02 6.7160577E-02 7.3285051E-02 8.0037639E-02 8.7468185E-02 9.5617153E-02 0.1045020 0.1141025 0.1243353 0.1350325 0.1459207 0.1566670 0.1668951 0.1762326 0.1843791 0.1911158
6.4789541E-03 6.7482074E-03 7.0362641E-03 7.3447758E-03 7.6754200E-03 8.0301696E-03 8.4110266E-03 8.8203894E-03 9.2607308E-03 9.7348951E-03 1.0245900E-02 1.0797201E-02 1.1392473E-02 1.2035968E-02 1.2732143E-02 1.3486197E-02 1.4303637E-02 1.5190825E-02 1.6154565E-02 1.7202655E-02 1.8343531E-02 1.9586869E-02 2.0943131E-02 2.2424340E-02 2.4043612E-02 2.5815915E-02 2.7757771E-02 2.9888006E-02 3.2227471E-02 3.4800060E-02 3.7632372E-02 4.0754858E-02 4.4202399E-02 4.8014909E-02 5.2233472E-02 5.6909185E-02 6.2099520E-02 6.7869261E-02 7.4290276E-02 8.1443012E-02 8.9413553E-02 9.8292150E-02 0.1081636 0.1190950 0.1311068 0.1441339 0.1579707 0.1722423 0.1863884 0.1997976 0.2119416 0.2224201 0.2309814
7.2663985E-03 7.5440975E-03 7.8416178E-03 8.1605287E-03 8.5028186E-03 8.8704089E-03 9.2656855E-03 9.6909963E-03 1.0149249E-02 1.0643322E-02 1.1176731E-02 1.1753016E-02 1.2376459E-02 1.3051450E-02 1.3783226E-02 1.4577230E-02 1.5439900E-02 1.6378015E-02 1.7399544E-02 1.8512908E-02 1.9728005E-02 2.1055464E-02 2.2507606E-02 2.4097819E-02 2.5841633E-02 2.7756028E-02 2.9860703E-02 3.2177351E-02 3.4731138E-02 3.7550125E-02 4.0666863E-02 4.4117887E-02 4.7945045E-02 5.2195858E-02 5.6929797E-02 6.2210687E-02 6.8113327E-02 7.4724399E-02 8.2145393E-02 9.0492286E-02 9.9898949E-02 0.1105137 0.1224974 0.1360051 0.1511551 0.1679520 0.1861667 0.2051937 0.2241166 0.2419243 0.2577990 0.2712525 0.2820545
8.1481719E-03 8.4344214E-03 8.7412223E-03 9.0706050E-03 9.4243903E-03 9.8049575E-03 1.0214532E-02 1.0656005E-02 1.1132143E-02 1.1646459E-02 1.2202361E-02 1.2804132E-02 1.3456019E-02 1.4163287E-02 1.4931259E-02 1.5766408E-02 1.6675375E-02 1.7666209E-02 1.8747287E-02 1.9928625E-02 2.1220781E-02 2.2636378E-02 2.4188800E-02 2.5893986E-02 2.7769143E-02 2.9834488E-02 3.2112271E-02 3.4628533E-02 3.7412163E-02 4.0497210E-02 4.3921821E-02 4.7730941E-02 5.1976494E-02 5.6719869E-02 6.2027518E-02 6.7983240E-02 7.4684627E-02 8.2248062E-02 9.0810575E-02 0.1005379 0.1116263 0.1243121 0.1388710 0.1556173 0.1748681 0.1968466 0.2214138 0.2476434 0.2736733 0.2976190 0.3183637 0.3354690 0.3488803
9.1226837E-03 9.4173560E-03 9.7333193E-03 1.0073153E-02 1.0438314E-02 1.0831844E-02 1.1255639E-02 1.1713329E-02 1.2207351E-02 1.2742025E-02 1.3320535E-02 1.3948094E-02 1.4628741E-02 1.5368829E-02 1.6173575E-02 1.7050780E-02 1.8007116E-02 1.9052174E-02 2.0194588E-02 2.1446269E-02 2.2818351E-02 2.4325794E-02 2.5983006E-02 2.7808905E-02 2.9822338E-02 3.2047406E-02 3.4508914E-02 3.7238095E-02 4.0267773E-02 4.3639064E-02 4.7396183E-02 5.1594030E-02 5.6292444E-02 6.1565764E-02 6.7502193E-02 7.4206509E-02 8.1800155E-02 9.0435788E-02 0.1002950 0.1116070 0.1246517 0.1397866 0.1574592 0.1782412 0.2028325 0.2319962 0.2660961 0.3036068 0.3403051 0.3725643 0.3992793 0.4205426 0.4367661
1.0165215E-02 1.0469272E-02 1.0793163E-02 1.1144435E-02 1.1519696E-02 1.1927282E-02 1.2363977E-02 1.2839051E-02 1.3349634E-02 1.3906008E-02 1.4505863E-02 1.5160706E-02 1.5868923E-02 1.6643632E-02 1.7484194E-02 1.8405696E-02 1.9408777E-02 2.0510931E-02 2.1714685E-02 2.3040557E-02 2.4493538E-02 2.6098125E-02 2.7862648E-02 2.9816708E-02 3.1973377E-02 3.4368917E-02 3.7022855E-02 3.9980602E-02 4.3270759E-02 4.6951372E-02 5.1064413E-02 5.5685636E-02 6.0877733E-02 6.6743843E-02 7.3372677E-02 8.0907837E-02 8.9491345E-02 9.9331595E-02 0.1106526 0.1237754 0.1390743 0.1570811 0.1784696 0.2042075 0.2356234 0.2745556 0.3228354 0.3779204 0.4293795 0.4713454 0.5043836 0.5297656 0.5486434
1.1210188E-02 1.1521420E-02 1.1855163E-02 1.2215497E-02 1.2602931E-02 1.3022063E-02 1.3473910E-02 1.3963738E-02 1.4493308E-02 1.5068638E-02 1.5692474E-02 1.6371837E-02 1.7110592E-02 1.7917154E-02 1.8796969E-02 1.9760106E-02 2.0813989E-02 2.1970870E-02 2.3240974E-02 2.4639262E-02 2.6179479E-02 2.7880456E-02 2.9760677E-02 3.1843904E-02 3.4155205E-02 3.6724970E-02 3.9587289E-02 4.2781930E-02 4.6355247E-02 5.0360698E-02 5.4862678E-02 5.9934039E-02 6.5665364E-02 7.2158746E-02 7.9550989E-02 8.7992266E-02 9.7683460E-02 0.1088570 0.1218341 0.1369967 0.1548945 0.1762158 0.2020076 0.2336905 0.2735795 0.3249004 0.3907566 0.4637922 0.5276158 0.5774565 0.6155601 0.6442593 0.6651680
1.2181891E-02 1.2498403E-02 1.2843495E-02 1.3210956E-02 1.3612082E-02 1.4040729E-02 1.4509285E-02 1.5011795E-02 1.5562002E-02 1.6154205E-02 1.6803794E-02 1.7505568E-02 1.8276840E-02 1.9113246E-02 2.0034527E-02 2.1037523E-02 2.2144908E-02 2.3355188E-02 2.4694990E-02 2.6165135E-02 2.7797064E-02 2.9595153E-02 3.1597223E-02 3.3812515E-02 3.6287237E-02 3.9037529E-02 4.2121183E-02 4.5564290E-02 4.9440317E-02 5.3790610E-02 5.8711268E-02 6.4266257E-02 7.0586421E-02 7.7773035E-02 8.6004831E-02 9.5442958E-02 0.1063583 0.1190176 0.1338473 0.1513197 0.1721728 0.1973285 0.2282478 0.2670173 0.3170243 0.3827823 0.4643052 0.5462547 0.6146250 0.6681001 0.7089077 0.7394803 0.7614731
1.3043076E-02 1.3369582E-02 1.3720599E-02 1.4100161E-02 1.4509266E-02 1.4952681E-02 1.5431901E-02 1.5952652E-02 1.6517101E-02 1.7132096E-02 1.7800696E-02 1.8531268E-02 1.9327972E-02 2.0201175E-02 2.1156589E-02 2.2207083E-02 2.3360407E-02 2.4632737E-02 2.6034711E-02 2.7586726E-02 2.9303204E-02 3.1210456E-02 3.3328157E-02 3.5690442E-02 3.8324226E-02 4.1274417E-02 4.4578426E-02 4.8296023E-02 5.2479640E-02 5.7210937E-02 6.2564790E-02 6.8655245E-02 7.5591125E-02 8.3536252E-02 9.2661440E-02 0.1032140 0.1154593 0.1297936 0.1466708 0.1667771 0.1909643 0.2205699 0.2574354 0.3046177 0.3664722 0.4470140 0.5376836 0.6205164 0.6885114 0.7421069 0.7834005 0.8142704 0.8363309
1.3790756E-02 1.4126061E-02 1.4483652E-02 1.4873970E-02 1.5291719E-02 1.5748417E-02 1.6239055E-02 1.6776418E-02 1.7355964E-02 1.7991956E-02 1.8680586E-02 1.9437993E-02 2.0261357E-02 2.1169242E-02 2.2160349E-02 2.3256237E-02 2.4457647E-02 2.5789978E-02 2.7257077E-02 2.8889254E-02 3.0694595E-02 3.2710139E-02 3.4949895E-02 3.7459858E-02 4.0262636E-02 4.3416284E-02 4.6955816E-02 5.0956439E-02 5.5471286E-02 6.0600437E-02 6.6424750E-02 7.3081441E-02 8.0696061E-02 8.9465767E-02 9.9583410E-02 0.1113447 0.1250761 0.1412521 0.1604474 0.1835000 0.2115324 0.2462368 0.2901498 0.3472109 0.4225209 0.5146653 0.6069978 0.6866742 0.7518187 0.8035594 0.8436465 0.8735926 0.8946995
1.4431838E-02 1.4770771E-02 1.5139508E-02 1.5535090E-02 1.5966265E-02 1.6430471E-02 1.6937526E-02 1.7485360E-02 1.8085243E-02 1.8735679E-02 1.9449854E-02 2.0227214E-02 2.1083120E-02 2.2018477E-02 2.3051627E-02 2.4185406E-02 2.5441809E-02 2.6826508E-02 2.8366605E-02 3.0071471E-02 3.1974919E-02 3.4091894E-02 3.6465164E-02 3.9117515E-02 4.2104017E-02 4.5458734E-02 4.9254131E-02 5.3540763E-02 5.8415886E-02 6.3955300E-02 7.0293240E-02 7.7544488E-02 8.5899711E-02 9.5537134E-02 0.1067475 0.1198211 0.1352116 0.1534237 0.1752409 0.2016227 0.2340927 0.2747422 0.3270228 0.3957354 0.4842223 0.5815307 0.6704581 0.7454508 0.8066363 0.8554627 0.8932641 0.9213733 0.9407448
1.4970505E-02 1.5315937E-02 1.5692035E-02 1.6095918E-02 1.6536439E-02 1.7011270E-02 1.7530363E-02 1.8091967E-02 1.8707424E-02 1.9375915E-02 2.0110456E-02 2.0911574E-02 2.1794429E-02 2.2761442E-02 2.3830617E-02 2.5006967E-02 2.6312016E-02 2.7754491E-02 2.9360969E-02 3.1145124E-02 3.3140134E-02 3.5367001E-02 3.7867889E-02 4.0674016E-02 4.3840159E-02 4.7412179E-02 5.1463008E-02 5.6059774E-02 6.1301723E-02 6.7288384E-02 7.4158937E-02 8.2063116E-02 9.1204472E-02 0.1018170 0.1142049 0.1287480 0.1459507 0.1664734 0.1912159 0.2214543 0.2590262 0.3067856 0.3689865 0.4507597 0.5484345 0.6443917 0.7278131 0.7974221 0.8541929 0.8994450 0.9343609 0.9599416 0.9770220
1.5415648E-02 1.5770590E-02 1.6150033E-02 1.6565254E-02 1.7010916E-02 1.7499560E-02 1.8026080E-02 1.8604754E-02 1.9230925E-02 1.9920735E-02 2.0670496E-02 2.1498747E-02 2.2403089E-02 2.3405259E-02 2.4504676E-02 2.5727244E-02 2.7075022E-02 2.8579257E-02 3.0246189E-02 3.2114197E-02 3.4195337E-02 3.6537774E-02 3.9162006E-02 4.2129766E-02 4.5473874E-02 4.9274951E-02 5.3584352E-02 5.8509991E-02 6.4130887E-02 7.0595652E-02 7.8026883E-02 8.6635865E-02 9.6614905E-02 0.1082774 0.1219452 0.1381135 0.1573331 0.1804561 0.2085352 0.2432246 0.2868277 0.3430744 0.4170431 0.5108017 0.6110346 0.7018299 0.7791146 0.8432069 0.8954068 0.9367776 0.9684036 0.9910370 1.005379
1.5779587E-02 1.6138464E-02 1.6526006E-02 1.6946631E-02 1.7402312E-02 1.7898334E-02 1.8437546E-02 1.9026231E-02 1.9668542E-02 2.0372147E-02 2.1142833E-02 2.1990074E-02 2.2921907E-02 2.3950312E-02 2.5086418E-02 2.6345581E-02 2.7742997E-02 2.9298672E-02 3.1033872E-02 3.2974880E-02 3.5151239E-02 3.7598230E-02 4.0357191E-02 4.3476176E-02 4.7013413E-02 5.1035482E-02 5.5625439E-02 6.0877290E-02 6.6910714E-02 7.3862046E-02 8.1907839E-02 9.1251165E-02 0.1021623 0.1149588 0.1300652 0.1480054 0.1695186 0.1955514 0.2275145 0.2673658 0.3182378 0.3846390 0.4714020 0.5722809 0.6692829 0.7536300 0.8246197 0.8832962 0.9307950 0.9681805 0.9962350 1.015669 1.026902
1.6067324E-02 1.6428621E-02 1.6824653E-02 1.7249051E-02 1.7715067E-02 1.8216671E-02 1.8768691E-02 1.9365512E-02 2.0023938E-02 2.0739168E-02 2.1530492E-02 2.2394389E-02 2.3353133E-02 2.4405273E-02 2.5577135E-02 2.6870245E-02 2.8316107E-02 2.9920487E-02 3.1722482E-02 3.3734012E-02 3.6004122E-02 3.8554050E-02 4.1446827E-02 4.4717491E-02 4.8448969E-02 5.2696660E-02 5.7572745E-02 6.3163653E-02 6.9624655E-02 7.7090912E-02 8.5784592E-02 9.5919520E-02 0.1078257 0.1218518 0.1385268 0.1584554 0.1825372 0.2119246 0.2483741 0.2944082 0.3539913 0.4323797 0.5299000 0.6312180 0.7221037 0.7997225 0.8646045 0.9180018 0.9608954 0.9942083 1.018593 1.034595 1.042524
1.6281096E-02 1.6649952E-02 1.7048024E-02 1.7481508E-02 1.7950928E-02 1.8463667E-02 1.9020911E-02 1.9631609E-02 2.0297963E-02 2.1030826E-02 2.1833859E-02 2.2720532E-02 2.3696473E-02 2.4778673E-02 2.5975665E-02 2.7309202E-02 2.8791841E-02 3.0451842E-02 3.2307975E-02 3.4397516E-02 3.6747869E-02 3.9409377E-02 4.2422216E-02 4.5855418E-02 4.9768385E-02 5.4257244E-02 5.9410561E-02 6.5365218E-02 7.2254278E-02 8.0277592E-02 8.9639798E-02 0.1006419 0.1136101 0.1290217 0.1474153 0.1696001 0.1965743 0.2298716 0.2715803 0.3250912 0.3951587 0.4859718 0.5886089 0.6853465 0.7693269 0.8402845 0.8993645 0.9475939 0.9859791 1.015192 1.035854 1.048274 1.052704
