T2-onemodel/GL32.grd
DSAA
         100         100
  -20.00000       20.00000    
  -20.00000       20.00000    
  9.6388303E-02   103.2993    
[rows 28 to 55 of 100, columns 0 to 62 of 100]
0.5253106 0.5452353 0.5664443 0.5890372 0.6131167 0.6388001 0.6662067 0.6954751 0.7267463 0.7601823 0.7959508 0.8342406 0.8752490 0.9191995 0.9663232 1.016882 1.071147 1.129423 1.192031 1.259323 1.331671 1.409486 1.493197 1.583276 1.680213 1.784543 1.896821 2.017643 2.147617 2.287393 2.437616 2.598957 2.772056 2.957515 3.155794 3.367608 3.593311 3.832991 4.086550 4.353560 4.633145 4.923903 5.223767 5.529964 5.838902 6.146173 6.446413 6.734573 7.004790 7.250833 7.467015 7.648130 7.789761 7.888453 7.941673 7.947654 7.905984 7.817167 7.682642 7.504788 7.286906 7.033191 6.748663
0.5606930 0.5813536 0.6033759 0.6268597 0.6519250 0.6786915 0.7072977 0.7378870 0.7706245 0.8056797 0.8432469 0.8835273 0.9267514 0.9731590 1.023022 1.076625 1.134287 1.196348 1.263184 1.335194 1.412823 1.496539 1.586862 1.684339 1.789576 1.903206 2.025927 2.158460 2.301594 2.456137 2.622960 2.802933 2.996974 3.206003 3.431006 3.672545 3.931299 4.207844 4.502408 4.814818 5.144391 5.489742 5.848678 6.217970 6.593330 6.969372 7.339928 7.697044 8.032831 8.339671 8.610017 8.837132 9.015302 9.139987 9.208012 9.217786 9.168598 9.061031 8.896840 8.678946 8.411411 8.099456 7.749427
0.5998620 0.6212685 0.6441081 0.6684967 0.6945575 0.7224275 0.7522500 0.7841911 0.8184229 0.8551410 0.8945506 0.9368851 0.9823907 1.031346 1.084046 1.140821 1.202025 1.268052 1.339325 1.416313 1.499520 1.589506 1.686865 1.792264 1.906407 2.030077 2.164101 2.309391 2.466908 2.637701 2.822864 3.023572 3.241028 3.476455 3.730990 4.006107 4.302949 4.622406 4.965171 5.331530 5.721146 6.132871 6.564435 7.012245 7.471099 7.934070 8.392354 8.836880 9.257208 9.642443 9.982604 10.26882 10.49380 10.65206 10.73982 10.75466 10.69609 10.56494 10.36339 10.09495 9.764550 9.378609 8.945081
0.6434715 0.6656237 0.6892896 0.7145873 0.7416575 0.7706401 0.8017017 0.8350127 0.8707713 0.9091827 0.9504836 0.9949205 1.042779 1.094357 1.149997 1.210060 1.274954 1.345116 1.421042 1.503255 1.592352 1.688967 1.793812 1.907652 2.031344 2.165803 2.312054 2.471183 2.644407 2.833012 3.038419 3.262121 3.505746 3.771019 4.059832 4.373727 4.714485 5.083856 5.483284 5.913769 6.375665 6.868302 7.389643 7.935765 8.500545 9.075377 9.649495 10.20896 10.73934 11.22654 11.65708 12.01939 12.30422 12.50472 12.61644 12.63732 12.56676 12.40581 12.15706 11.82464 11.41439 10.93402 10.39342
0.6922641 0.7151658 0.7396572 0.7658722 0.7939542 0.8240645 0.8563733 0.8910768 0.9283809 0.9685203 1.011745 1.058339 1.108604 1.162886 1.221551 1.285019 1.353735 1.428207 1.508984 1.596680 1.691962 1.795580 1.908346 2.031177 2.165059 2.311103 2.470518 2.644647 2.834950 3.043055 3.270719 3.519884 3.792635 4.091210 4.417902 4.775532 5.166740 5.594078 6.060037 6.566774 7.115758 7.707357 8.340167 9.010334 9.710680 10.43009 11.15313 11.86230 12.53747 13.15818 13.70626 14.16657 14.52767 14.78177 14.92411 14.95224 14.86611 14.66728 14.35880 13.94532 13.43343 12.83212 12.15339
0.7471032 0.7707490 0.7960692 0.8231986 0.8522996 0.8835388 0.9171088 0.9532130 0.9920859 1.033973 1.079159 1.127945 1.180675 1.237719 1.299500 1.366471 1.439146 1.518081 1.603914 1.697327 1.799100 1.910078 2.031221 2.163573 2.308317 2.466744 2.640315 2.830626 3.039475 3.268838 3.520932 3.798181 4.103305 4.439302 4.809567 5.217356 5.666465 6.160972 6.704934 7.302229 7.956221 8.669088 9.441021 10.26887 11.14479 12.05485 12.97884 13.88944 14.75737 15.55441 16.25566 16.84178 17.29918 17.61932 17.79776 17.83335 17.72655 17.47944 17.09540 16.57931 15.93806 15.18150 14.32364
0.8089179 0.8333085 0.8594486 0.8874954 0.9176108 0.9499851 0.9848153 1.022334 1.062781 1.106440 1.153606 1.204622 1.259856 1.319728 1.384690 1.455265 1.532009 1.615566 1.706633 1.806004 1.914547 2.033252 2.163200 2.305628 2.461891 2.633530 2.822253 3.029991 3.258888 3.511382 3.790174 4.098333 4.439266 4.816791 5.235066 5.699172 6.214417 6.786504 7.421647 8.126306 8.906767 9.768477 10.71473 11.74478 12.85096 14.01557 15.20868 16.39164 17.51991 18.55127 19.45199 20.19826 20.77546 21.17614 21.39765 21.44001 21.30537 20.99662 20.51727 19.87173 19.06624 18.11039 17.01923
0.8786997 0.9038220 0.9307813 0.9597321 0.9908625 1.024362 1.060458 1.099385 1.141420 1.186852 1.236021 1.289285 1.347063 1.409801 1.478017 1.552268 1.633196 1.721500 1.817984 1.923521 2.039119 2.165883 2.305080 2.458107 2.626565 2.812230 3.017140 3.243558 3.494085 3.771629 4.079536 4.421558 4.802023 5.225862 5.698816 6.226953 6.817536 7.478875 8.220209 9.051681 9.984146 11.02840 12.19380 13.48524 14.89828 16.41215 17.98394 19.54823 21.03348 22.37756 23.53598 24.48257 25.20490 25.69936 25.96740 26.01305 25.84037 25.45305 24.85415 24.04643 23.03366 21.82273 20.42726
0.9573091 0.9831566 1.010917 1.040768 1.072895 1.107519 1.144866 1.185203 1.228816 1.276031 1.327203 1.382738 1.443075 1.508721 1.580228 1.658233 1.743426 1.836604 1.938649 2.050564 2.173461 2.308623 2.457468 2.621628 2.802926 3.003452 3.225564 3.471964 3.745707 4.050324 4.389828 4.768859 5.192740 5.667615 6.200493 6.800024 7.475927 8.239449 9.103809 10.08436 11.19865 12.46618 13.90713 15.53890 17.36796 19.37382 21.48911 23.60071 25.58310 27.34226 28.82668 30.01574 30.90672 31.50570 31.82179 31.86374 31.63894 31.15195 30.40441 29.39561 28.12381 26.58896 24.79746
1.045226 1.071774 1.100333 1.131058 1.164180 1.199901 1.238496 1.280221 1.325413 1.374391 1.427577 1.485372 1.548291 1.616850 1.691698 1.773490 1.863034 1.961169 2.068924 2.187375 2.317824 2.461665 2.620567 2.796340 2.991134 3.207309 3.447674 3.715324 4.013944 4.347663 4.721380 5.140656 5.612110 6.143421 6.743845 7.423729 8.195906 9.075757 10.08183 11.23643 12.56680 14.10564 15.89169 17.96743 20.36947 23.09680 26.04448 28.97483 31.65016 33.94471 35.82234 37.28846 38.36284 39.06817 39.42511 39.45029 39.15432 38.54191 37.61183 36.35713 34.76642 32.82583 30.52445
1.141739 1.168937 1.198306 1.229849 1.263983 1.300743 1.340605 1.383656 1.430450 1.481134 1.536361 1.596359 1.661904 1.733333 1.811585 1.897145 1.991140 2.094253 2.207881 2.332956 2.471218 2.623946 2.793329 2.981112 3.190083 3.422621 3.682320 3.972432 4.297658 4.662488 5.073178 5.535983 6.059411 6.652308 7.326404 8.094992 8.975273 9.986646 11.15502 12.51116 14.09619 15.96118 18.17502 20.82478 24.01753 27.83118 32.10951 36.27733 39.86834 42.79750 45.10665 46.86083 48.11515 48.91679 49.29966 49.28838 48.89648 48.12821 46.97710 45.42679 43.45090 41.01276 38.06921
1.243072 1.270808 1.301055 1.333302 1.368513 1.406191 1.447389 1.491637 1.540108 1.592365 1.649715 1.711783 1.780044 1.854221 1.935985 2.025198 2.123791 2.231804 2.351509 2.483195 2.629565 2.791279 2.971593 3.171675 3.395532 3.645033 3.925195 4.238890 4.592519 4.990423 5.440963 5.950639 6.530697 7.191036 7.947467 8.814839 9.815957 10.97534 12.32826 13.91611 15.79808 18.05069 20.78521 24.16063 28.40527 33.76951 39.94607 45.64161 50.20409 53.75603 56.46778 58.47967 59.88502 60.75450 61.13542 61.05887 60.54105 59.58112 58.16752 56.26732 53.83744 50.80407 47.08097
1.341221 1.369810 1.400558 1.433837 1.469726 1.508667 1.550775 1.596588 1.646282 1.700495 1.759490 1.824044 1.894520 1.971885 2.056644 2.150007 2.252664 2.366136 2.491389 2.630349 2.784339 2.955857 3.146711 3.360154 3.598694 3.866606 4.167377 4.506714 4.889505 5.323519 5.815717 6.376881 7.017145 7.751878 8.596151 9.573284 10.70728 12.03408 13.59395 15.44835 17.67162 20.38150 23.73648 28.00113 33.54219 40.65695 48.40296 55.09547 60.32290 64.31567 67.32371 69.51534 71.01854 71.91034 72.25385 72.07552 71.39672 70.20528 68.48406 66.17827 63.22268 59.49981 54.86360
1.429995 1.459354 1.490626 1.524844 1.561432 1.601529 1.644576 1.691831 1.742780 1.798817 1.859492 1.926380 1.999116 2.079509 2.167328 2.264667 2.371491 2.490255 2.621212 2.767305 2.929175 3.110420 3.312247 3.539114 3.793059 4.079709 4.402287 4.768077 5.182024 5.653809 6.190983 6.806739 7.512733 8.327740 9.270272 10.36781 11.65048 13.16281 14.95777 17.11309 19.73206 22.97128 27.06551 32.38167 39.39187 47.91204 56.25645 63.19445 68.65104 72.83760 75.98378 78.25583 79.78020 80.64110 80.89631 80.57805 79.69427 78.23250 76.15139 73.38663 69.82841 65.32841 59.65503
1.507427 1.537032 1.569294 1.603892 1.641669 1.682329 1.726825 1.774891 1.827624 1.884814 1.947727 2.016235 2.091819 2.174485 2.265986 2.366507 2.478167 2.601397 2.738805 2.891186 3.061795 3.251956 3.465793 3.705380 3.976062 4.280992 4.627200 5.019464 5.467228 5.977686 6.563883 7.236735 8.014833 8.915136 9.965076 11.19269 12.64157 14.35930 16.42071 18.91668 21.99281 25.84877 30.81708 37.36125 45.79647 55.01080 63.28337 70.08155 75.46729 79.64110 82.77502 85.02405 86.49080 87.26146 87.37961 86.87641 85.74531 83.96616 81.47626 78.18885 73.95702 68.58002 61.77032
1.572959 1.603104 1.635972 1.671264 1.709808 1.751359 1.796845 1.846070 1.900091 1.958797 2.023407 2.093924 2.171764 2.257116 2.351660 2.455815 2.571612 2.699817 2.842933 3.002207 3.180781 3.380608 3.605692 3.858995 4.145761 4.470373 4.839865 5.260713 5.742535 6.295002 6.931627 7.666990 8.520772 9.515691 10.68191 12.05575 13.68593 15.63661 17.99491 20.88474 24.48477 29.07401 35.06960 42.97519 52.41412 61.61818 69.50640 75.96748 81.12427 85.13639 88.14857 90.27879 91.62122 92.23800 92.17211 91.43357 90.01411 87.86526 84.91611 81.03610 76.05292 69.69467 61.66334
1.627196 1.658179 1.691262 1.727540 1.766445 1.809190 1.855225 1.905911 1.960753 2.021286 2.087084 2.159919 2.239475 2.327823 2.424823 2.532933 2.652246 2.785752 2.933930 3.100450 3.286350 3.496254 3.732021 3.999594 4.302047 4.647196 5.039946 5.490812 6.007462 6.604446 7.293745 8.096124 9.030563 10.12791 11.41906 12.95324 14.78456 16.99650 19.69236 23.03480 27.25081 32.70904 39.91241 49.06237 58.82294 67.60089 74.99244 81.03636 85.87694 89.63915 92.44723 94.38982 95.54579 95.95956 95.66119 94.64557 92.88770 90.32248 86.84917 82.30930 76.47401 69.03940 59.76711
1.671335 1.702601 1.736369 1.773048 1.812800 1.856102 1.903192 1.954660 2.010847 2.072460 2.139998 2.214338 2.296185 2.386635 2.486694 2.597771 2.721252 2.858980 3.012917 3.185507 3.379517 3.598262 3.845636 4.126218 4.445577 4.810117 5.227870 5.707998 6.262197 6.903866 7.650396 8.521872 9.544909 10.75094 12.18274 13.89163 15.95064 18.45371 21.54056 25.40535 30.35908 36.85008 45.35869 55.25765 64.74556 72.94440 79.78559 85.38091 89.85257 93.31629 95.86151 97.56847 98.48659 98.65480 98.07635 96.74176 94.59565 91.56116 87.49567 82.21199 75.42011 66.82082 56.54976
1.705971 1.737372 1.771869 1.808788 1.849416 1.893099 1.941270 1.993314 2.050847 2.113316 2.182570 2.258168 2.342237 2.434524 2.537532 2.651275 2.778754 2.920371 3.079850 3.258173 3.460015 3.687262 3.945956 4.239313 4.575354 4.959312 5.402125 5.912150 6.504661 7.192941 7.999026 8.944128 10.06129 11.38530 12.96821 14.87097 17.18349 20.02033 23.55662 28.04363 33.87675 41.58017 51.18520 61.15709 70.07232 77.64792 83.93963 89.07520 93.15845 96.28944 98.53982 99.97057 100.6173 100.4989 99.60700 97.90596 95.32756 91.75783 87.03110 80.89745 73.04935 63.30239 52.65080
1.731431 1.763485 1.798065 1.835764 1.876574 1.921201 1.969693 2.022895 2.080955 2.144880 2.214953 2.292420 2.377732 2.472472 2.577348 2.694381 2.824652 2.970794 3.134470 3.319169 3.527360 3.763805 4.032202 4.339129 4.690179 5.094634 5.560990 6.102621 6.732550 7.470547 8.336897 9.361657 10.57733 12.03175 13.77980 15.90193 18.49801 21.72185 25.78224 31.01820 37.90485 46.86068 56.99305 66.52934 74.78385 81.73081 87.48595 92.15593 95.84504 98.62373 100.5592 101.6861 102.0337 101.5948 100.3514 98.24084 95.17663 91.00642 85.52740 78.43921 69.45247 58.89118 48.62132
1.748609 1.781084 1.815872 1.854084 1.895204 1.940467 1.989412 2.043427 2.102131 2.167114 2.238118 2.316983 2.403638 2.500271 2.607095 2.726757 2.859870 3.009749 3.177643 3.367761 3.582299 3.826809 4.104910 4.424120 4.790295 5.213890 5.704254 6.276392 6.945134 7.732722 8.662960 9.769875 11.09258 12.68562 14.61616 16.97953 19.90289 23.57182 28.26305 34.39565 42.50073 52.39718 62.40138 71.28475 78.86171 85.20651 90.43996 94.65967 97.94968 100.3734 101.9762 102.7859 102.8070 102.0253 100.3926 97.83410 94.22115 89.37991 83.04121 74.89716 64.84868 54.15830 44.78494
1.758015 1.790349 1.825795 1.863914 1.905802 1.951054 2.000916 2.055038 2.114859 2.180124 2.252520 2.331928 2.420374 2.517952 2.627136 2.748352 2.884688 3.037075 3.209496 3.403632 3.624740 3.875702 4.163651 4.493339 4.874736 5.315570 5.830211 6.431171 7.139731 7.976329 8.973548 10.16521 11.60326 13.34594 15.48164 18.11702 21.41837 25.61198 31.06304 38.27246 47.55735 57.76731 67.21874 75.39754 82.31210 88.08420 92.81183 96.59274 99.48846 101.5560 102.8202 103.2993 102.9773 101.8243 99.76862 96.71109 92.48987 86.88300 79.58308 70.32179 59.64729 49.55109 41.21262
1.759350 1.791915 1.827502 1.865921 1.908009 1.953652 2.003800 2.058433 2.118675 2.184633 2.257638 2.338003 2.427337 2.526257 2.636760 2.759907 2.898241 3.053470 3.228956 3.427380 3.653306 3.910914 4.206596 4.546862 4.941004 5.399206 5.935353 6.565649 7.311466 8.199001 9.262270 10.54462 12.10237 14.01032 16.36758 19.31562 23.05181 27.87990 34.24348 42.66150 52.70967 62.61737 71.36231 78.83360 85.12355 90.34534 94.59676 97.95077 100.4662 102.1770 103.1050 103.2418 102.5658 101.0154 98.50731 94.89651 89.99687 83.52151 75.16324 64.94318 54.37735 45.28083 37.91279
1.752666 1.785706 1.821056 1.860006 1.901884 1.948139 1.998126 2.053486 2.113640 2.180476 2.253525 2.334987 2.424571 2.524908 2.635993 2.761052 2.900506 3.058416 3.235922 3.438274 3.667730 3.931346 4.233180 4.583060 4.988010 5.462245 6.017745 6.675891 7.457108 8.394864 9.524397 10.90029 12.58491 14.67261 17.28078 20.58744 24.84012 30.43049 37.88363 47.37453 57.52222 66.78378 74.79125 81.58162 87.27939 91.97987 95.77390 98.71889 100.8641 102.2285 102.8194 102.6134 101.5673 99.59999 96.59433 92.37888 86.70842 79.26965 69.83106 59.19176 49.39691 41.35864 34.86281
1.738221 1.771074 1.806723 1.845496 1.887722 1.933812 1.984212 2.039435 2.100099 2.166855 2.240545 2.322026 2.412450 2.512974 2.625204 2.750746 2.891830 3.050733 3.230667 3.434910 3.668138 3.935256 4.243234 4.599597 5.015027 5.501400 6.075608 6.757010 7.573138 8.556637 9.754029 11.22227 13.04345 15.32201 18.21302 21.92932 26.80502 33.31113 41.93027 51.97777 61.66447 70.17218 77.44704 83.59702 88.72903 92.94090 96.29871 98.85894 100.6465 101.6785 101.9362 101.3893 99.96217 97.55882 94.01777 89.13287 82.60002 74.11422 63.85406 53.55513 44.83174 37.76639 32.04279
1.715367 1.747938 1.783840 1.822327 1.864828 1.910627 1.961329 2.016275 2.077280 2.143781 2.217876 2.299156 2.390085 2.490510 2.603416 2.729056 2.871114 3.030472 3.211900 3.417273 3.652945 3.922471 4.234684 4.595936 5.019118 5.515381 6.104512 6.806245 7.652531 8.679005 9.940141 11.50208 13.46315 15.95221 19.16190 23.36600 28.98481 36.56475 46.10069 56.02663 64.97987 72.71236 79.28644 84.82603 89.42660 93.17299 96.12093 98.31254 99.76515 100.4758 100.4162 99.52756 97.71917 94.85104 90.73510 85.09939 77.62182 68.12883 57.68354 48.30850 40.65668 34.46568 29.41588
1.683226 1.716094 1.751518 1.790306 1.832289 1.878410 1.928550 1.983830 2.044229 2.111099 2.184541 2.266222 2.356462 2.457369 2.569577 2.695819 2.837228 2.997432 3.178386 3.385062 3.620722 3.892461 4.205744 4.571100 4.997820 5.502254 6.100609 6.819679 7.688711 8.754244 10.07140 11.72610 13.82742 16.54495 20.10954 24.89110 31.39610 40.04287 49.88853 59.19467 67.33502 74.30013 80.21027 85.16728 89.26854 92.57476 95.14133 96.98848 98.12926 98.53907 98.17853 96.96015 94.76875 91.42233 86.68557 80.23059 71.75520 61.63007 51.75834 43.51319 36.84029 31.42265 26.97096
1.641584 1.674380 1.709560 1.748249 1.789955 1.835930 1.885754 1.940845 2.000873 2.067490 2.140506 2.221857 2.311606 2.412097 2.523754 2.649491 2.790299 2.949927 3.130282 3.336385 3.571611 3.843014 4.156430 4.522270 4.950706 5.458026 6.062324 6.790904 7.677305 8.770867 10.13746 11.87369 14.11754 17.07412 21.05321 26.51115 34.01279 43.34703 52.82627 61.29510 68.60139 74.83006 80.10095 84.51035 88.13576 91.03381 93.23992 94.77293 95.62434 95.76457 95.12385 93.60096 91.03072 87.19707 81.78642 74.45780 65.11577 55.08084 46.27806 39.12541 33.33539 28.59773 24.68554
