T2-onemodel/GL32.grd
DSAA
         100         100
  -20.00000       20.00000    
  -20.00000       20.00000    
  9.6388303E-02   103.2993    
[rows 0 to 27 of 100, columns 0 to 62 of 100]
9.6388303E-02 0.1020517 0.1078944 0.1139205 0.1201335 0.1265383 0.1331356 0.1399268 0.1469142 0.1541007 0.1614851 0.1690684 0.1768498 0.1848301 0.1930058 0.2013744 0.2099310 0.2186730 0.2275936 0.2366873 0.2459440 0.2553557 0.2649084 0.2745914 0.2843887 0.2942863 0.3042634 0.3143038 0.3243828 0.3344795 0.3445655 0.3546165 0.3645985 0.3744679 0.3841436 0.3936931 0.4030839 0.4122410 0.4211260 0.4296993 0.4379207 0.4457539 0.4531570 0.4600960 0.4665261 0.4723982 0.4775891 0.4822195 0.4862926 0.4897052 0.4924373 0.4944639 0.4957743 0.4963927 0.4963187 0.4954417 0.4938122 0.4914507 0.4883744 0.4845959 0.4801380 0.4750227 0.4692784
0.1039415 0.1098870 0.1160272 0.1223660 0.1289095 0.1356606 0.1426214 0.1497938 0.1571829 0.1647889 0.1726137 0.1806575 0.1889227 0.1974075 0.2061112 0.2150294 0.2241612 0.2335013 0.2430458 0.2527861 0.2627156 0.2728221 0.2830956 0.2935212 0.3040867 0.3147716 0.3255606 0.3364299 0.3473590 0.3583189 0.3692862 0.3802263 0.3911115 0.4019209 0.4126697 0.4232159 0.4335164 0.4435698 0.4533350 0.4627692 0.4718298 0.4804707 0.4886517 0.4963233 0.5034503 0.5100056 0.5160415 0.5213646 0.5259089 0.5297226 0.5327747 0.5350497 0.5365270 0.5371558 0.5369227 0.5359374 0.5341521 0.5315617 0.5281744 0.5240121 0.5190946 0.5134516 0.5071142
0.1117906 0.1180328 0.1244849 0.1311538 0.1380446 0.1451610 0.1525045 0.1600814 0.1678942 0.1759458 0.1842373 0.1927726 0.2015519 0.2105761 0.2198425 0.2293512 0.2390985 0.2490828 0.2592970 0.2697364 0.2803904 0.2912507 0.3023037 0.3135386 0.3249370 0.3364837 0.3481569 0.3599365 0.3717944 0.3837069 0.3956402 0.4075649 0.4194413 0.4312204 0.4428104 0.4542755 0.4655755 0.4766245 0.4873738 0.4977733 0.5077729 0.5173253 0.5263761 0.5348800 0.5427816 0.5500187 0.5564526 0.5622036 0.5672659 0.5715220 0.5749454 0.5775049 0.5791823 0.5800005 0.5799574 0.5789345 0.5769858 0.5741349 0.5704023 0.5658047 0.5603719 0.5541335 0.5471272
0.1199497 0.1265018 0.1332823 0.1402978 0.1475544 0.1550540 0.1628031 0.1708063 0.1790683 0.1875911 0.1963799 0.2054369 0.2147651 0.2243633 0.2342330 0.2443727 0.2547823 0.2654571 0.2763942 0.2875854 0.2990244 0.3106989 0.3226002 0.3347118 0.3470201 0.3595046 0.3721473 0.3849208 0.3978021 0.4107580 0.4237598 0.4367677 0.4497491 0.4626768 0.4755599 0.4882421 0.5006714 0.5128374 0.5246878 0.5361689 0.5472263 0.5578003 0.5678372 0.5772751 0.5860659 0.5941699 0.6016334 0.6082407 0.6139112 0.6186876 0.6225310 0.6254172 0.6273177 0.6281766 0.6279763 0.6268307 0.6246905 0.6215520 0.6174264 0.6123418 0.6063251 0.5994158 0.5916553
0.1284334 0.1353114 0.1424363 0.1498168 0.1574562 0.1653609 0.1735371 0.1819915 0.1907275 0.1997513 0.2090671 0.2186800 0.2285910 0.2388031 0.2493165 0.2601335 0.2712516 0.2826702 0.2943836 0.3063877 0.3186727 0.3312315 0.3440507 0.3571181 0.3704152 0.3839265 0.3976265 0.4114929 0.4254945 0.4396030 0.4537791 0.4679889 0.4821868 0.4963140 0.5102671 0.5241069 0.5377824 0.5511938 0.5642797 0.5769778 0.5892234 0.6009539 0.6121000 0.6226023 0.6323884 0.6413810 0.6494210 0.6566234 0.6629703 0.6683281 0.6726595 0.6759217 0.6780900 0.6791837 0.6791965 0.6780025 0.6756592 0.6721925 0.6676276 0.6619885 0.6553137 0.6476434 0.6390280
0.1372586 0.1444775 0.1519649 0.1597267 0.1677694 0.1761001 0.1847278 0.1936573 0.2028963 0.2124502 0.2223268 0.2325291 0.2430623 0.2539282 0.2651316 0.2766724 0.2885523 0.3007685 0.3133198 0.3261988 0.3394010 0.3529155 0.3667333 0.3808378 0.3952160 0.4098455 0.4247059 0.4397678 0.4550047 0.4703785 0.4858558 0.5013916 0.5169464 0.5324839 0.5480065 0.5633426 0.5784277 0.5932400 0.6077139 0.6217807 0.6353694 0.6484028 0.6608112 0.6725140 0.6834457 0.6935511 0.7028643 0.7111403 0.7182815 0.7243224 0.7292092 0.7329066 0.7353776 0.7365570 0.7364215 0.7350889 0.7325077 0.7286757 0.7236095 0.7173456 0.7099215 0.7013890 0.6918048
0.1464415 0.1540188 0.1618847 0.1700469 0.1785127 0.1872932 0.1963953 0.2058277 0.2155976 0.2257145 0.2361844 0.2470145 0.2582085 0.2697737 0.2817126 0.2940298 0.3067249 0.3198002 0.3332514 0.3470767 0.3612681 0.3758205 0.3907196 0.4059554 0.4215094 0.4373638 0.4534918 0.4698696 0.4864612 0.5032346 0.5201459 0.5371555 0.5542083 0.5712360 0.5881221 0.6049218 0.6215703 0.6379514 0.6539879 0.6696001 0.6847038 0.6992182 0.7130533 0.7261291 0.7383526 0.7496249 0.7597575 0.7688579 0.7768924 0.7837039 0.7892388 0.7934405 0.7962743 0.7977518 0.7978611 0.7964675 0.7936308 0.7893813 0.7837511 0.7767734 0.7684994 0.7589846 0.7482964
0.1560044 0.1639552 0.1722172 0.1807980 0.1897099 0.1989620 0.2085649 0.2185268 0.2288594 0.2395709 0.2506714 0.2621669 0.2740665 0.2863757 0.2991022 0.3122487 0.3258204 0.3398166 0.3542392 0.3690835 0.3843476 0.4000216 0.4160983 0.4325631 0.4494024 0.4665927 0.4841135 0.5019323 0.5200195 0.5383332 0.5568359 0.5754750 0.5942017 0.6129712 0.6317787 0.6504320 0.6688517 0.6870024 0.7048009 0.7221577 0.7389809 0.7551717 0.7706363 0.7852706 0.7989855 0.8117011 0.8234333 0.8339024 0.8429871 0.8507056 0.8569844 0.8617739 0.8650225 0.8666515 0.8666305 0.8650804 0.8619459 0.8572286 0.8509525 0.8431653 0.8339194 0.8232846 0.8113376
0.1659644 0.1743060 0.1829813 0.1920030 0.2013824 0.2111317 0.2212607 0.2317828 0.2427087 0.2540510 0.2658186 0.2780226 0.2906713 0.3037755 0.3173414 0.3313774 0.3458866 0.3608748 0.3763413 0.3922876 0.4087086 0.4256011 0.4429544 0.4607599 0.4789985 0.4976537 0.5166977 0.5361044 0.5558354 0.5758557 0.5961159 0.6165686 0.6371493 0.6577793 0.6783268 0.6988379 0.7192322 0.7393725 0.7591614 0.7784959 0.7972680 0.8153713 0.8326885 0.8491126 0.8645210 0.8787822 0.8916729 0.9032867 0.9135641 0.9223162 0.9294680 0.9349425 0.9386879 0.9407049 0.9409739 0.9393479 0.9358902 0.9306366 0.9236281 0.9149117 0.9045560 0.8926378 0.8792477
0.1763481 0.1850962 0.1942055 0.2036880 0.2135585 0.2238282 0.2345122 0.2456234 0.2571773 0.2691850 0.2816609 0.2946153 0.3080625 0.3220120 0.3364761 0.3514618 0.3669786 0.3830299 0.3996224 0.4167550 0.4344295 0.4526401 0.4713831 0.4906451 0.5104146 0.5306689 0.5513876 0.5725365 0.5940848 0.6159871 0.6382000 0.6606627 0.6833186 0.7061126 0.7290290 0.7518531 0.7744878 0.7968796 0.8189219 0.8404989 0.8614920 0.8817717 0.9012145 0.9196824 0.9370517 0.9532093 0.9681460 0.9815341 0.9932171 1.003190 1.011352 1.017630 1.021950 1.024217 1.024389 1.022587 1.018754 1.012895 1.005044 0.9952661 0.9836344 0.9702429 0.9551966
0.1871781 0.1963521 0.2059138 0.2158795 0.2262627 0.2370803 0.2483468 0.2600803 0.2722951 0.2850078 0.2982319 0.3119846 0.3262788 0.3411308 0.3565516 0.3725550 0.3891491 0.4063449 0.4241469 0.4425618 0.4615894 0.4812317 0.5014815 0.5223333 0.5437709 0.5657796 0.5883322 0.6114029 0.6349519 0.6589409 0.6833147 0.7080189 0.7329803 0.7581069 0.7832490 0.8084424 0.8335868 0.8585202 0.8831175 0.9072474 0.9307696 0.9535438 0.9754162 0.9962407 1.015853 1.034081 1.050652 1.065633 1.078929 1.090307 1.099659 1.106879 1.111890 1.114675 1.115203 1.113311 1.109066 1.102510 1.093697 1.082695 1.069595 1.054504 1.037548
0.1984852 0.2081017 0.2181368 0.2286059 0.2395277 0.2509187 0.2627993 0.2751863 0.2880995 0.3015552 0.3155734 0.3301707 0.3453671 0.3611779 0.3776216 0.3947108 0.4124614 0.4308835 0.4499897 0.4697853 0.4902790 0.5114702 0.5333605 0.5559405 0.5792035 0.6031292 0.6276996 0.6528814 0.6786440 0.7049381 0.7317163 0.7589111 0.7864565 0.8142853 0.8423704 0.8704714 0.8984698 0.9262879 0.9537895 0.9808258 1.007242 1.032870 1.057542 1.081073 1.103294 1.124044 1.143275 1.160594 1.175795 1.188837 1.199579 1.207911 1.213730 1.216913 1.217402 1.215316 1.210592 1.203243 1.193319 1.180907 1.166109 1.149055 1.129893
0.2102981 0.2203765 0.2309036 0.2418999 0.2533840 0.2653780 0.2779016 0.2909773 0.3046247 0.3188663 0.3337228 0.3492173 0.3653699 0.3822031 0.3997350 0.4179867 0.4369735 0.4567145 0.4772213 0.4985091 0.5205851 0.5434580 0.5671272 0.5915938 0.6168469 0.6428764 0.6696587 0.6971709 0.7253733 0.7542264 0.7836707 0.8136463 0.8440701 0.8748364 0.9057756 0.9369123 0.9681216 0.9992091 1.030017 1.060376 1.090105 1.119017 1.146907 1.173575 1.198801 1.222354 1.243892 1.263440 1.280851 1.295829 1.308217 1.317864 1.324657 1.328552 1.329495 1.327307 1.322054 1.313790 1.302587 1.288537 1.271771 1.252437 1.230715
0.2226565 0.2332141 0.2442556 0.2558010 0.2678750 0.2804992 0.2936991 0.3074970 0.3219190 0.3369883 0.3527327 0.3691758 0.3863449 0.4042630 0.4229568 0.4424476 0.4627600 0.4839131 0.5059291 0.5288227 0.5526114 0.5773033 0.6029087 0.6294266 0.6568573 0.6851872 0.7144040 0.7444792 0.7753832 0.8070674 0.8394821 0.8725539 0.9062088 0.9403677 0.9749906 1.009810 1.044678 1.079490 1.114071 1.148231 1.181768 1.214457 1.246074 1.276368 1.305106 1.332060 1.357119 1.379803 1.399835 1.417116 1.431444 1.442654 1.450599 1.455116 1.456119 1.453722 1.447855 1.438542 1.425851 1.409903 1.390842 1.368856 1.344154
0.2355971 0.2466539 0.2582292 0.2703487 0.2830372 0.2963219 0.3102286 0.3247862 0.3400213 0.3559649 0.3726451 0.3900936 0.4083384 0.4274114 0.4473400 0.4681555 0.4898837 0.5125539 0.5361896 0.5608167 0.5864532 0.6131189 0.6408243 0.6695805 0.6993863 0.7302409 0.7621291 0.7950339 0.8289199 0.8637501 0.8994644 0.9359990 0.9732625 1.011137 1.049433 1.088160 1.127164 1.166213 1.205108 1.243633 1.281550 1.318609 1.354535 1.389056 1.421871 1.452662 1.480994 1.506826 1.529928 1.549914 1.566554 1.579630 1.588970 1.594487 1.596098 1.593593 1.587041 1.576508 1.562091 1.543921 1.522184 1.497094 1.468905
0.2491699 0.2607436 0.2728755 0.2855918 0.2989227 0.3128964 0.3275449 0.3428977 0.3589898 0.3758523 0.3935220 0.4120313 0.4314179 0.4517149 0.4729601 0.4951864 0.5184307 0.5427244 0.5681033 0.5945947 0.6222298 0.6510300 0.6810193 0.7122093 0.7446133 0.7782298 0.8130581 0.8490774 0.8862669 0.9245821 0.9639761 1.004373 1.045693 1.087849 1.130788 1.174209 1.217937 1.261829 1.305669 1.349210 1.392186 1.434299 1.475245 1.514685 1.552290 1.587734 1.620816 1.650931 1.677694 1.700919 1.720309 1.735619 1.746628 1.753115 1.754950 1.752234 1.744887 1.732944 1.716503 1.695736 1.670853 1.642121 1.609840
0.2634242 0.2755355 0.2882441 0.3015828 0.3155819 0.3302763 0.3456987 0.3618870 0.3788764 0.3967075 0.4154178 0.4350501 0.4556428 0.4772407 0.4998831 0.5236154 0.5484768 0.5745122 0.6017598 0.6302615 0.6600509 0.6911652 0.7236302 0.7574742 0.7927118 0.8293586 0.8674133 0.9068722 0.9477106 0.9899011 1.033388 1.078110 1.123971 1.170845 1.218522 1.266998 1.316087 1.365514 1.415030 1.464356 1.513180 1.561170 1.607957 1.653162 1.696369 1.737140 1.774901 1.809506 1.840600 1.867667 1.890361 1.908359 1.921402 1.929334 1.932018 1.929208 1.920966 1.907373 1.888566 1.864737 1.836152 1.803124 1.766019
0.2784253 0.2910916 0.3044004 0.3183840 0.3330802 0.3485244 0.3647574 0.3818179 0.3997506 0.4185970 0.4384053 0.4592194 0.4810901 0.5040638 0.5281931 0.5535261 0.5801167 0.6080129 0.6372691 0.6679302 0.7000475 0.7336618 0.7688172 0.8055457 0.8438818 0.8838433 0.9254487 0.9686951 1.013578 1.060065 1.108121 1.157675 1.208649 1.260950 1.314517 1.369019 1.424249 1.480024 1.536072 1.592078 1.647693 1.702521 1.756147 1.808107 1.857938 1.905170 1.949462 1.990027 2.026322 2.058018 2.084677 2.105924 2.121425 2.130866 2.134050 2.131048 2.121765 2.106249 2.084648 2.057207 2.024235 1.986121 1.943308
0.2942387 0.3074812 0.3214099 0.3360647 0.3514835 0.3677104 0.3847870 0.4027615 0.4216798 0.4415941 0.4625546 0.4846171 0.5078349 0.5322679 0.5579726 0.5850116 0.6134433 0.6433331 0.6747389 0.7077255 0.7423490 0.7786705 0.8167398 0.8566114 0.8983245 0.9419207 0.9874225 1.034851 1.084203 1.135470 1.188613 1.243583 1.300291 1.358608 1.418311 1.479383 1.541609 1.604668 1.668248 1.731994 1.795501 1.858325 1.919965 1.979894 2.037535 2.092268 2.143316 2.190367 2.232875 2.270121 2.301582 2.326772 2.345289 2.356868 2.361285 2.358235 2.347769 2.329987 2.305086 2.273349 2.235163 2.190996 2.141392
0.3109538 0.3247894 0.3393613 0.3547092 0.3708805 0.3879191 0.4058769 0.4248028 0.4447543 0.4657854 0.4879584 0.5113322 0.5359739 0.5619470 0.5893243 0.6181731 0.6485698 0.6805851 0.7142974 0.7497778 0.7871049 0.8263470 0.8675790 0.9108629 0.9562654 1.003835 1.053622 1.105655 1.159960 1.216530 1.275355 1.336384 1.399554 1.464778 1.531997 1.600855 1.671116 1.742557 1.814841 1.887570 1.960288 2.032472 2.103552 2.172889 2.239825 2.303675 2.363883 2.419393 2.469418 2.513404 2.550686 2.580685 2.602888 2.616830 2.622208 2.619034 2.607187 2.586740 2.557909 2.521053 2.476635 2.425233 2.367513
0.3286585 0.3431075 0.3583415 0.3744090 0.3913576 0.4092416 0.4281137 0.4480339 0.4690621 0.4912645 0.5147068 0.5394617 0.5656008 0.5932040 0.6223491 0.6531225 0.6856070 0.7198939 0.7560703 0.7942311 0.8344633 0.8768630 0.9215155 0.9685123 1.017931 1.069853 1.124341 1.181456 1.241233 1.303702 1.368858 1.436683 1.507111 1.580028 1.655210 1.732646 1.812095 1.893190 1.975553 2.058739 2.142224 2.225416 2.307634 2.388146 2.466134 2.540709 2.610793 2.675806 2.734905 2.787055 2.831452 2.867343 2.894104 2.911282 2.918519 2.915410 2.901981 2.878367 2.844848 2.801848 2.749948 2.689853 2.622384
0.3474746 0.3625532 0.3784722 0.3952810 0.4130368 0.4317945 0.4516184 0.4725710 0.4947245 0.5181485 0.5429229 0.5691247 0.5968423 0.6261613 0.6571789 0.6899889 0.7246956 0.7614000 0.8002139 0.8412427 0.8846032 0.9304035 0.9787618 1.029784 1.083585 1.140260 1.199912 1.262619 1.328456 1.397470 1.469697 1.545129 1.623743 1.705481 1.790307 1.877858 1.967885 2.060127 2.154186 2.249568 2.345686 2.441848 2.537277 2.631084 2.722323 2.809988 2.893190 2.970463 3.040634 3.102788 3.155896 3.199046 3.231434 3.252352 3.261317 3.258241 3.242961 3.215582 3.176426 3.126026 3.065092 2.994499 2.915261
0.3675306 0.3832583 0.3998803 0.4174554 0.4360421 0.4557066 0.4765150 0.4985428 0.5218650 0.5465661 0.5727303 0.6004514 0.6298238 0.6609531 0.6939443 0.7289134 0.7659744 0.8052553 0.8468800 0.8909835 0.9376981 0.9871668 1.039525 1.094919 1.153483 1.215357 1.280667 1.349537 1.422069 1.498358 1.578464 1.662431 1.750246 1.841843 1.937030 2.035825 2.137985 2.243113 2.350771 2.460418 2.571387 2.682897 2.794025 2.903744 3.010881 3.114146 3.212000 3.303433 3.387119 3.461527 3.525386 3.577518 3.616924 3.642849 3.654704 3.651932 3.634511 3.602617 3.556663 3.497294 3.425398 3.342056 3.248528
0.3889885 0.4053796 0.4227262 0.4410873 0.4605334 0.4811317 0.5029616 0.5261018 0.5506418 0.5766700 0.6042879 0.6335952 0.6647071 0.6977360 0.7328109 0.7700577 0.8096184 0.8516330 0.8962572 0.9436432 0.9939600 1.047371 1.104053 1.164177 1.227926 1.295468 1.366984 1.442629 1.522565 1.606922 1.695823 1.789343 1.887537 1.990423 2.098031 2.210029 2.326187 2.446241 2.569746 2.696110 2.824601 2.954315 3.084198 3.213004 3.339362 3.461780 3.578837 3.688433 3.788771 3.878338 3.955506 4.018815 4.066978 4.098886 4.113764 4.111350 4.091407 4.054086 3.999874 3.929584 3.844307 3.745397 3.634430
0.4120318 0.4291042 0.4471911 0.4663626 0.4866900 0.5082543 0.5311369 0.5554315 0.5812316 0.6086426 0.6377716 0.6687394 0.7016681 0.7366948 0.7739577 0.8136119 0.8558116 0.9007308 0.9485427 0.9994375 1.053606 1.111257 1.172595 1.237844 1.307217 1.380946 1.459247 1.542348 1.630452 1.723766 1.822460 1.926691 2.036556 2.152093 2.273196 2.399972 2.532233 2.669594 2.811593 2.957605 3.106814 3.258212 3.410552 3.562390 3.712033 3.857574 3.996755 4.127856 4.248760 4.357112 4.450877 4.528159 4.587337 4.627153 4.646639 4.644988 4.622096 4.578197 4.513913 4.430239 4.328544 4.210517 4.078133
0.4368939 0.4546599 0.4735068 0.4935057 0.5147410 0.5372957 0.5612667 0.5867506 0.6138579 0.6426999 0.6734038 0.7060978 0.7409286 0.7780430 0.8176082 0.8597923 0.9047841 0.9527746 1.003978 1.058606 1.116899 1.179092 1.245448 1.316226 1.391707 1.472164 1.557893 1.649172 1.746294 1.849527 1.959138 2.075350 2.198370 2.328364 2.465508 2.609577 2.760443 2.917907 3.081534 3.250678 3.424470 3.601759 3.781131 3.960846 4.138906 4.313056 4.481028 4.639686 4.786206 4.918054 5.032593 5.127440 5.200499 5.250004 5.274693 5.274017 5.247617 5.195717 5.119063 5.018907 4.896946 4.755307 4.596478
0.4638310 0.4823065 0.5019263 0.5227743 0.5449371 0.5685121 0.5935991 0.6203117 0.6487660 0.6790927 0.7114270 0.7459211 0.7827310 0.8220325 0.8640061 0.9088542 0.9567837 1.008026 1.062819 1.121425 1.184112 1.251176 1.322919 1.399668 1.481754 1.569534 1.663364 1.763620 1.870670 1.984893 2.106642 2.236269 2.374072 2.520288 2.675006 2.838532 3.010842 3.191674 3.380631 3.577085 3.780107 3.988446 4.200456 4.414116 4.626965 4.836132 5.038199 5.230244 5.408803 5.570126 5.710856 5.827888 5.918556 5.980762 6.012928 6.013849 5.983287 5.921574 5.829657 5.709076 5.561965 5.390990 5.199287
0.4931791 0.5123730 0.5327826 0.5544939 0.5776075 0.6022239 0.6284593 0.6564320 0.6862769 0.7181334 0.7521594 0.7885165 0.8273893 0.8689668 0.9134632 0.9611000 1.012124 1.066791 1.125388 1.188209 1.255583 1.327847 1.405373 1.488545 1.577778 1.673499 1.776167 1.886245 2.004225 2.130588 2.265839 2.410447 2.564886 2.729596 2.905039 3.091249 3.288354 3.496379 3.715050 3.943794 4.181688 4.427363 4.678984 4.934139 5.189903 5.442822 5.689202 5.924183 6.143147 6.341772 6.515669 6.660869 6.773915 6.851964 6.892978 6.895958 6.860373 6.786570 6.675696 6.529683 6.351183 6.143545 5.910745
