T2-onemodel/GL32.grd
DSAA
         100         100
  -20.00000       20.00000    
  -20.00000       20.00000    
 -1.4652413E-03   1.061170    
[rows 48 to 71 of 100, columns 0 to 52 of 100]
1.6428653E-02 1.6802762E-02 1.7203998E-02 1.7643953E-02 1.8117901E-02 1.8638788E-02 1.9202445E-02 1.9823546E-02 2.0498980E-02 2.1245459E-02 2.2061298E-02 2.2966115E-02 2.3960264E-02 2.5067098E-02 2.6290130E-02 2.7657775E-02 2.9178010E-02 3.0886253E-02 3.2797437E-02 3.4956470E-02 3.7388328E-02 4.0152013E-02 4.3287385E-02 4.6873599E-02 5.0973382E-02 5.5695660E-02 6.1137971E-02 6.7454502E-02 7.4796900E-02 8.3390214E-02 9.3473740E-02 0.1053877 0.1195196 0.1364112 0.1567370 0.1814361 0.2117708 0.2495916 0.2976587 0.3601574 0.4423939 0.5425546 0.6437999 0.7338412 0.8108168 0.8754598 0.9289587 0.9722815 1.006242 1.031440 1.048305 1.057090 1.057824
1.6514355E-02 1.6887976E-02 1.7296866E-02 1.7737137E-02 1.8220233E-02 1.8742638E-02 1.9317362E-02 1.9941710E-02 2.0630857E-02 2.1383135E-02 2.2216445E-02 2.3130709E-02 2.4147656E-02 2.5269557E-02 2.6522988E-02 2.7914122E-02 2.9476102E-02 3.1220719E-02 3.3190668E-02 3.5406075E-02 3.7923153E-02 4.0774733E-02 4.4036638E-02 4.7761317E-02 5.2053675E-02 5.6996498E-02 6.2738895E-02 6.9411203E-02 7.7230886E-02 8.6405464E-02 9.7262643E-02 0.1101398 0.1255549 0.1440836 0.1665914 0.1941410 0.2283834 0.2715641 0.3273211 0.4006499 0.4947107 0.5979894 0.6936424 0.7765204 0.8466992 0.9053879 0.9535579 0.9921626 1.021803 1.043040 1.056106 1.061170 1.058063
1.6534766E-02 1.6911559E-02 1.7322909E-02 1.7767325E-02 1.8253786E-02 1.8781597E-02 1.9361043E-02 1.9992642E-02 2.0688448E-02 2.1450588E-02 2.2293380E-02 2.3221288E-02 2.4251843E-02 2.5392883E-02 2.6666239E-02 2.8084764E-02 2.9676393E-02 3.1461108E-02 3.3475872E-02 3.5751209E-02 3.8337134E-02 4.1280266E-02 4.4650149E-02 4.8517965E-02 5.2983146E-02 5.8154766E-02 6.4178959E-02 7.1224838E-02 7.9512514E-02 8.9308985E-02 0.1009569 0.1148893 0.1316622 0.1520142 0.1769319 0.2078021 0.2465746 0.2962672 0.3612924 0.4468192 0.5485860 0.6488711 0.7374386 0.8131686 0.8769737 0.9299754 0.9731379 1.007189 1.032708 1.050017 1.059334 1.060577 1.053538
1.6490251E-02 1.6872652E-02 1.7282559E-02 1.7733406E-02 1.8218998E-02 1.8754449E-02 1.9333977E-02 1.9974861E-02 2.0672176E-02 2.1445898E-02 2.2292405E-02 2.3235209E-02 2.4272913E-02 2.5433714E-02 2.6719563E-02 2.8165339E-02 2.9777899E-02 3.1601377E-02 3.3650752E-02 3.5983142E-02 3.8626079E-02 4.1656192E-02 4.5120645E-02 4.9125511E-02 5.3749401E-02 5.9143912E-02 6.5438710E-02 7.2857656E-02 8.1614375E-02 9.2051394E-02 0.1045259 0.1195838 0.1378448 0.1602391 0.1879084 0.2226157 0.2668055 0.3243571 0.4004878 0.4969163 0.5998073 0.6937098 0.7749277 0.8438166 0.9016106 0.9492530 0.9876462 1.017349 1.038848 1.052339 1.057896 1.055298 1.044125
1.6383855E-02 1.6765110E-02 1.7178882E-02 1.7628893E-02 1.8119222E-02 1.8654317E-02 1.9239634E-02 1.9881008E-02 2.0585662E-02 2.1361196E-02 2.2217296E-02 2.3163991E-02 2.4214622E-02 2.5382666E-02 2.6686572E-02 2.8145090E-02 2.9783729E-02 3.1628996E-02 3.3717312E-02 3.6086690E-02 3.8789973E-02 4.1883171E-02 4.5444347E-02 4.9558204E-02 5.4342650E-02 5.9928700E-02 6.6498876E-02 7.4261054E-02 8.3504766E-02 9.4568990E-02 0.1079279 0.1241538 0.1440587 0.1686693 0.1995185 0.2386822 0.2894516 0.3564898 0.4445751 0.5468190 0.6452948 0.7317941 0.8057580 0.8682512 0.9203302 0.9629631 0.9967989 1.022403 1.040020 1.049817 1.051623 1.045154 1.029695
1.6209707E-02 1.6588872E-02 1.7005913E-02 1.7454024E-02 1.7948035E-02 1.8481554E-02 1.9071283E-02 1.9711651E-02 2.0421693E-02 2.1197187E-02 2.2060227E-02 2.3008430E-02 2.4068343E-02 2.5240613E-02 2.6557518E-02 2.8024716E-02 2.9682539E-02 3.1544082E-02 3.3661928E-02 3.6060870E-02 3.8811423E-02 4.1957766E-02 4.5598101E-02 4.9807955E-02 5.4730218E-02 6.0492761E-02 6.7311890E-02 7.5405546E-02 8.5114732E-02 9.6816190E-02 0.1110714 0.1285497 0.1502319 0.1773829 0.2118722 0.2563907 0.3150715 0.3933009 0.4909600 0.5923318 0.6837461 0.7626916 0.8297700 0.8862056 0.9329418 0.9708171 1.000382 1.022043 1.035969 1.042141 1.040286 1.029854 1.009982
1.5960231E-02 1.6342800E-02 1.6755765E-02 1.7207704E-02 1.7697468E-02 1.8235238E-02 1.8820692E-02 1.9465938E-02 2.0171778E-02 2.0953096E-02 2.1812294E-02 2.2767775E-02 2.3824705E-02 2.5006512E-02 2.6322367E-02 2.7802853E-02 2.9463189E-02 3.1344436E-02 3.3471704E-02 3.5901524E-02 3.8674798E-02 4.1872445E-02 4.5561161E-02 4.9860928E-02 5.4882489E-02 6.0810704E-02 6.7832850E-02 7.6246142E-02 8.6375356E-02 9.8719500E-02 0.1138596 0.1326749 0.1562531 0.1862612 0.2249591 0.2759365 0.3441458 0.4336650 0.5349704 0.6306046 0.7142546 0.7857945 0.8464075 0.8971012 0.9388400 0.9722210 0.9977842 1.015725 1.026164 1.028846 1.023397 1.008983 0.9845374
1.5634043E-02 1.6016431E-02 1.6427498E-02 1.6879046E-02 1.7366838E-02 1.7904112E-02 1.8487474E-02 1.9132122E-02 1.9835901E-02 2.0616595E-02 2.1473885E-02 2.2428920E-02 2.3484435E-02 2.4666427E-02 2.5982095E-02 2.7464181E-02 2.9126815E-02 3.1012837E-02 3.3147436E-02 3.5588648E-02 3.8379539E-02 4.1602321E-02 4.5329776E-02 4.9683917E-02 5.4788504E-02 6.0834151E-02 6.8035670E-02 7.6707304E-02 8.7232955E-02 0.1001599 0.1162012 0.1363659 0.1620509 0.1952710 0.2390088 0.2976946 0.3768008 0.4740447 0.5724189 0.6602806 0.7360573 0.8005738 0.8550195 0.9003548 0.9373518 0.9665685 0.9883454 1.002842 1.009950 1.009360 1.000375 0.9820329 0.9527798
1.5224964E-02 1.5601329E-02 1.6014842E-02 1.6459720E-02 1.6949879E-02 1.7479816E-02 1.8065395E-02 1.8701896E-02 1.9407729E-02 2.0179370E-02 2.1038543E-02 2.1983517E-02 2.3040917E-02 2.4211910E-02 2.5529621E-02 2.7000064E-02 2.8665595E-02 3.0540144E-02 3.2679938E-02 3.5111874E-02 3.7913870E-02 4.1134648E-02 4.4887062E-02 4.9258363E-02 5.4420948E-02 6.0532156E-02 6.7871682E-02 7.6731570E-02 8.7596312E-02 0.1010305 0.1179351 0.1394555 0.1673923 0.2042257 0.2539096 0.3217585 0.4108326 0.5091739 0.6004286 0.6799763 0.7480437 0.8058882 0.8544862 0.8947787 0.9273357 0.9526678 0.9709526 0.9822715 0.9863399 0.9826818 0.9703695 0.9481169 0.9140056
1.4719438E-02 1.5094549E-02 1.5503911E-02 1.5947165E-02 1.6432352E-02 1.6960116E-02 1.7539803E-02 1.8173417E-02 1.8872166E-02 1.9640049E-02 2.0490628E-02 2.1430841E-02 2.2477757E-02 2.3642741E-02 2.4947835E-02 2.6410794E-02 2.8061246E-02 2.9926902E-02 3.2049291E-02 3.4471821E-02 3.7255034E-02 4.0468596E-02 4.4205103E-02 4.8579320E-02 5.3741284E-02 5.9888124E-02 6.7279130E-02 7.6272957E-02 8.7352127E-02 0.1012180 0.1188480 0.1417247 0.1719971 0.2130328 0.2696578 0.3473604 0.4415439 0.5346424 0.6171608 0.6882604 0.7489572 0.8003780 0.8434913 0.8789942 0.9074534 0.9291592 0.9442926 0.9526994 0.9540706 0.9476259 0.9322907 0.9062688 0.8672468
1.4109745E-02 1.4485410E-02 1.4887244E-02 1.5330450E-02 1.5807057E-02 1.6333997E-02 1.6903725E-02 1.7535502E-02 1.8222535E-02 1.8987184E-02 1.9823872E-02 2.0758996E-02 2.1789275E-02 2.2946635E-02 2.4231443E-02 2.5683496E-02 2.7309084E-02 2.9159481E-02 3.1251267E-02 3.3653155E-02 3.6399022E-02 3.9586004E-02 4.3278638E-02 4.7622368E-02 5.2739110E-02 5.8863014E-02 6.6230662E-02 7.5254723E-02 8.6422578E-02 0.1005487 0.1187326 0.1427970 0.1754494 0.2210608 0.2855149 0.3706944 0.4627211 0.5469356 0.6201802 0.6829656 0.7365478 0.7818572 0.8197603 0.8507985 0.8754346 0.8938605 0.9061410 0.9120458 0.9110848 0.9023381 0.8843667 0.8550121 0.8111725
1.3392233E-02 1.3760685E-02 1.4161430E-02 1.4596209E-02 1.5070874E-02 1.5587806E-02 1.6154464E-02 1.6774252E-02 1.7456636E-02 1.8206615E-02 1.9036554E-02 1.9953590E-02 2.0974208E-02 2.2108870E-02 2.3380008E-02 2.4803152E-02 2.6409352E-02 2.8222425E-02 3.0286871E-02 3.2639831E-02 3.5347346E-02 3.8469508E-02 4.2108826E-02 4.6366856E-02 5.1411889E-02 5.7426389E-02 6.4708464E-02 7.3615007E-02 8.4733754E-02 9.8853804E-02 0.1173245 0.1421936 0.1770860 0.2274603 0.2990102 0.3852029 0.4688989 0.5427814 0.6065424 0.6612768 0.7079638 0.7474988 0.7804561 0.8073654 0.8284661 0.8439637 0.8537337 0.8575526 0.8547280 0.8442755 0.8243662 0.7923954 0.7443285
1.2557937E-02 1.2919352E-02 1.3317276E-02 1.3743774E-02 1.4214336E-02 1.4721394E-02 1.5282267E-02 1.5889956E-02 1.6564324E-02 1.7299382E-02 1.8118160E-02 1.9016510E-02 2.0021662E-02 2.1132430E-02 2.2382002E-02 2.3774017E-02 2.5350101E-02 2.7121667E-02 2.9143492E-02 3.1440031E-02 3.4086451E-02 3.7130065E-02 4.0680438E-02 4.4826586E-02 4.9740236E-02 5.5592604E-02 6.2679708E-02 7.1353830E-02 8.2198553E-02 9.6038707E-02 0.1142873 0.1393413 0.1755689 0.2297179 0.3034217 0.3824199 0.4544119 0.5173343 0.5717393 0.6186412 0.6587836 0.6928200 0.7211934 0.7442497 0.7621850 0.7750523 0.7827426 0.7848861 0.7808363 0.7693853 0.7486606 0.7153838 0.6648666
1.1609694E-02 1.1970042E-02 1.2357596E-02 1.2781948E-02 1.3240265E-02 1.3743722E-02 1.4289880E-02 1.4892012E-02 1.5548389E-02 1.6275145E-02 1.7071668E-02 1.7957777E-02 1.8934807E-02 2.0027824E-02 2.1241158E-02 2.2607351E-02 2.4135621E-02 2.5869470E-02 2.7826639E-02 3.0067343E-02 3.2623764E-02 3.5583258E-02 3.9003961E-02 4.3019950E-02 4.7739215E-02 5.3382970E-02 6.0163986E-02 6.8488352E-02 7.8823239E-02 9.2049994E-02 0.1094284 0.1335159 0.1689257 0.2222000 0.2886781 0.3541974 0.4131660 0.4650469 0.5104539 0.5498760 0.5838815 0.6127734 0.6369239 0.6564608 0.6715666 0.6821554 0.6881420 0.6890804 0.6843891 0.6728678 0.6527042 0.6205758 0.5714681
1.0586632E-02 1.0941542E-02 1.1321915E-02 1.1739293E-02 1.2188659E-02 1.2683097E-02 1.3217945E-02 1.3808302E-02 1.4450280E-02 1.5161520E-02 1.5939338E-02 1.6804779E-02 1.7757144E-02 1.8822206E-02 2.0002417E-02 2.1330168E-02 2.2812972E-02 2.4492994E-02 2.6386235E-02 2.8549649E-02 3.1013507E-02 3.3858627E-02 3.7140466E-02 4.0980440E-02 4.5481320E-02 5.0839640E-02 5.7254579E-02 6.5079115E-02 7.4737988E-02 8.6973377E-02 0.1028713 0.1244552 0.1552166 0.1985505 0.2492471 0.2991090 0.3451810 0.3866974 0.4236932 0.4562453 0.4845704 0.5087906 0.5290740 0.5454817 0.5580660 0.5667478 0.5713667 0.5715722 0.5667908 0.5560918 0.5379597 0.5100334 0.4691075
9.5634414E-03 9.9100266E-03 1.0284920E-02 1.0692155E-02 1.1134230E-02 1.1616107E-02 1.2141222E-02 1.2715836E-02 1.3344765E-02 1.4035969E-02 1.4796118E-02 1.5635611E-02 1.6563825E-02 1.7594649E-02 1.8741356E-02 2.0022945E-02 2.1458566E-02 2.3074843E-02 2.4900151E-02 2.6972955E-02 2.9336292E-02 3.2048024E-02 3.5175737E-02 3.8810469E-02 4.3063570E-02 4.8086621E-02 5.4075018E-02 6.1302122E-02 7.0142709E-02 8.1146970E-02 9.5126890E-02 0.1133176 0.1373625 0.1681077 0.2033884 0.2396101 0.2744927 0.3069519 0.3365098 0.3629525 0.3862068 0.4062529 0.4230990 0.4367412 0.4471482 0.4542302 0.4578168 0.4576201 0.4531963 0.4438913 0.4287704 0.4066806 0.3769048
8.6053787E-03 8.9447265E-03 9.3118679E-03 9.7100073E-03 1.0142216E-02 1.0612534E-02 1.1124985E-02 1.1684775E-02 1.2297248E-02 1.2969132E-02 1.3707601E-02 1.4521595E-02 1.5420837E-02 1.6417384E-02 1.7524673E-02 1.8759353E-02 2.0140246E-02 2.1690805E-02 2.3438258E-02 2.5416462E-02 2.7665701E-02 3.0236593E-02 3.3190757E-02 3.6606640E-02 4.0582366E-02 4.5245118E-02 5.0758984E-02 5.7341721E-02 6.5282896E-02 7.4974917E-02 8.6941436E-02 0.1018433 0.1203372 0.1425866 0.1676732 0.1940303 0.2202406 0.2453168 0.2686461 0.2898581 0.3087340 0.3251430 0.3390023 0.3502460 0.3588008 0.3645647 0.3673855 0.3670449 0.3632334 0.3555520 0.3435418 0.3268391 0.3055802
7.7373288E-03 8.0690114E-03 8.4277717E-03 8.8162925E-03 9.2378734E-03 9.6959546E-03 1.0194769E-02 1.0738828E-02 1.1333597E-02 1.1984996E-02 1.2700205E-02 1.3487138E-02 1.4355324E-02 1.5315508E-02 1.6380630E-02 1.7565517E-02 1.8887984E-02 2.0368822E-02 2.2033304E-02 2.3911271E-02 2.6039271E-02 2.8461281E-02 3.1231724E-02 3.4417253E-02 3.8101435E-02 4.2388353E-02 4.7410216E-02 5.3333879E-02 6.0371529E-02 6.8787597E-02 7.8899145E-02 9.1042936E-02 0.1054694 0.1221537 0.1406877 0.1603029 0.1801491 0.1995043 0.2178222 0.2347150 0.2499149 0.2632379 0.2745532 0.2837580 0.2907580 0.2954488 0.2977037 0.2973615 0.2942315 0.2881036 0.2787988 0.2662853 0.2508765
6.9610188E-03 7.2847735E-03 7.6345280E-03 8.0130287E-03 8.4232120E-03 8.8685444E-03 9.3528023E-03 9.8804515E-03 1.0456399E-02 1.1086428E-02 1.1776966E-02 1.2535641E-02 1.3371021E-02 1.4293267E-02 1.5313975E-02 1.6446972E-02 1.7708106E-02 1.9116467E-02 2.0694289E-02 2.2468403E-02 2.4470510E-02 2.6739156E-02 2.9320484E-02 3.2270961E-02 3.5658978E-02 3.9568562E-02 4.4101950E-02 4.9383864E-02 5.5563223E-02 6.2812932E-02 7.1318924E-02 8.1251733E-02 9.2713349E-02 0.1056600 0.1198188 0.1347648 0.1499965 0.1650192 0.1794085 0.1928255 0.2050117 0.2157731 0.2249624 0.2324633 0.2381742 0.2419979 0.2438318 0.2435679 0.2410911 0.2363039 0.2291659 0.2197577 0.2083432
6.2696831E-03 6.5850164E-03 6.9254395E-03 7.2933622E-03 7.6917373E-03 8.1236446E-03 8.5928291E-03 9.1032563E-03 9.6597057E-03 1.0267358E-02 1.0932392E-02 1.1661600E-02 1.2463088E-02 1.3345931E-02 1.4320914E-02 1.5400247E-02 1.6598459E-02 1.7932275E-02 1.9421645E-02 2.1089721E-02 2.2964260E-02 2.5077855E-02 2.7469596E-02 3.0185737E-02 3.3281792E-02 3.6823351E-02 4.0888257E-02 4.5566693E-02 5.0961185E-02 5.7181768E-02 6.4336054E-02 7.2508566E-02 8.1726991E-02 9.1928996E-02 0.1029676 0.1145784 0.1264320 0.1381905 0.1495383 0.1602033 0.1699609 0.1786318 0.1860733 0.1921695 0.1968234 0.1999477 0.2014621 0.2012901 0.1993720 0.1956737 0.1902127 0.1830911 0.1745328
5.6539807E-03 5.9606591E-03 6.2913001E-03 6.6483440E-03 7.0343912E-03 7.4525056E-03 7.9059908E-03 8.3987406E-03 8.9349858E-03 9.5197065E-03 1.0158391E-02 1.0857476E-02 1.1624133E-02 1.2466812E-02 1.3395000E-02 1.4419878E-02 1.5554134E-02 1.6812742E-02 1.8212885E-02 1.9774828E-02 2.1522000E-02 2.3482079E-02 2.5687147E-02 2.8175002E-02 3.0989343E-02 3.4180887E-02 3.7807241E-02 4.1932806E-02 4.6626352E-02 5.1957048E-02 5.7985730E-02 6.4752318E-02 7.2261997E-02 8.0467537E-02 8.9238703E-02 9.8402053E-02 0.1077453 0.1170334 0.1260353 0.1345394 0.1423616 0.1493474 0.1553687 0.1603203 0.1641138 0.1666751 0.1679412 0.1678635 0.1664076 0.1635685 0.1593847 0.1539529 0.1474306
5.1041041E-03 5.4017780E-03 5.7224226E-03 6.0681878E-03 6.4416486E-03 6.8455213E-03 7.2830068E-03 7.7575599E-03 8.2732504E-03 8.8344831E-03 9.4464347E-03 1.0114799E-02 1.0846251E-02 1.1648190E-02 1.2529305E-02 1.3499330E-02 1.4569621E-02 1.5753068E-02 1.7064705E-02 1.8521642E-02 2.0143846E-02 2.1954069E-02 2.3978714E-02 2.6247745E-02 2.8795455E-02 3.1660009E-02 3.4883726E-02 3.8511384E-02 4.2588707E-02 4.7157951E-02 5.2252337E-02 5.7887644E-02 6.4050213E-02 7.0689783E-02 7.7733494E-02 8.5056849E-02 9.2504151E-02 9.9907525E-02 0.1070965 0.1139089 0.1201982 0.1258361 0.1307136 0.1347390 0.1378365 0.1399437 0.1410117 0.1410046 0.1399084 0.1377328 0.1345184 0.1303455 0.1253435
4.6109245E-03 4.8994385E-03 5.2097961E-03 5.5441093E-03 5.9046694E-03 6.2940964E-03 6.7152418E-03 7.1714032E-03 7.6661785E-03 8.2037337E-03 8.7886266E-03 9.4261430E-03 1.0122137E-02 1.0883383E-02 1.1717412E-02 1.2632958E-02 1.3639779E-02 1.4749178E-02 1.5973859E-02 1.7328434E-02 1.8829372E-02 2.0495517E-02 2.2347955E-02 2.4410477E-02 2.6709253E-02 2.9272934E-02 3.2131776E-02 3.5316728E-02 3.8857255E-02 4.2778589E-02 4.7097370E-02 5.1816676E-02 5.6922931E-02 6.2380090E-02 6.8111412E-02 7.4028067E-02 8.0023564E-02 8.5975468E-02 9.1757067E-02 9.7244442E-02 0.1023221 0.1068864 0.1108470 0.1141273 0.1166631 0.1184039 0.1193113 0.1193628 0.1185494 0.1168835 0.1144031 0.1111739 0.1072834
4.1662371E-03 4.4453805E-03 4.7453353E-03 5.0679790E-03 5.4155169E-03 5.7902732E-03 6.1949748E-03 6.6325334E-03 7.1063396E-03 7.6200538E-03 8.1779230E-03 8.7845633E-03 9.4453264E-03 1.0166086E-02 1.0953622E-02 1.1815409E-02 1.2760038E-02 1.3797057E-02 1.4937365E-02 1.6193045E-02 1.7577820E-02 1.9106830E-02 2.0797009E-02 2.2666704E-02 2.4735929E-02 2.7025597E-02 2.9557271E-02 3.2351654E-02 3.5427451E-02 3.8798712E-02 4.2472288E-02 4.6444353E-02 5.0695091E-02 5.5187386E-02 5.9879839E-02 6.4703099E-02 6.9572300E-02 7.4396022E-02 7.9078540E-02 8.3524816E-02 8.7644540E-02 9.1354840E-02 9.4582528E-02 9.7264260E-02 9.9347949E-02 0.1007918 0.1015663 0.1016525 0.1010493 9.9771030E-02 9.7848736E-02 9.5333152E-02 9.2298813E-02
