T2-onemodel/GL32.grd
DSAA
         100         100
  -20.00000       20.00000    
  -20.00000       20.00000    
  9.6388303E-02   103.2993    
[rows 56 to 83 of 100, columns 0 to 62 of 100]
1.589723 1.621884 1.657265 1.695240 1.737115 1.782288 1.832239 1.886407 1.946509 2.012058 2.085065 2.165172 2.254799 2.353823 2.465213 2.589205 2.729551 2.887094 3.066755 3.270373 3.504658 3.773171 4.085505 4.448255 4.875938 5.380805 5.986358 6.716097 7.611336 8.719916 10.12234 11.92412 14.30055 17.50313 21.94123 28.17539 36.54192 45.86991 54.54117 62.10280 68.58095 74.10146 78.76067 82.65122 85.82941 88.34704 90.22432 91.47282 92.06936 91.97225 91.09142 89.29538 86.37773 82.05568 75.95832 67.77026 58.07212 48.86498 41.26041 35.10948 30.10334 25.97668 22.54673
1.526339 1.558348 1.593290 1.631056 1.672400 1.717294 1.766594 1.820385 1.879681 1.944726 2.016717 2.096143 2.184494 2.282598 2.392349 2.515093 2.653315 2.809160 2.986040 3.187339 3.417955 3.683331 3.990824 4.349407 4.770856 5.270572 5.868768 6.593650 7.483249 8.594258 10.00764 11.85319 14.33086 17.77876 22.71007 29.72275 38.41172 47.05949 54.73546 61.36116 67.03622 71.86846 75.94955 79.34499 82.10928 84.27179 85.85376 86.84685 87.22995 86.93648 85.87075 83.85698 80.65044 75.87188 69.11030 60.33904 51.08947 43.12138 36.65944 31.41765 27.10883 23.53498 20.53825
1.450951 1.483001 1.517169 1.554918 1.595367 1.640153 1.688405 1.741969 1.800017 1.864651 1.935139 2.013924 2.100422 2.197547 2.304969 2.426254 2.561495 2.715183 2.888158 3.086296 3.311685 3.572404 3.872753 4.224469 4.635960 5.125545 5.709820 6.420167 7.291271 8.384435 9.781346 11.62707 14.15431 17.78677 23.16538 30.59937 38.80445 46.36258 52.96695 58.66006 63.55393 67.72827 71.25877 74.19186 76.56965 78.41149 79.72864 80.50774 80.71601 80.28523 79.09898 76.96648 73.57417 68.47211 61.24314 52.59027 44.50584 37.85231 32.44755 28.01721 24.34035 21.26048 18.65977
1.364165 1.395502 1.429555 1.466458 1.506702 1.550478 1.598400 1.650741 1.708287 1.771415 1.841163 1.918059 2.003480 2.098195 2.204055 2.322207 2.455176 2.604692 2.774348 2.966799 3.187271 3.440024 3.732963 4.073162 4.473228 4.945570 5.511718 6.195232 7.036741 8.086883 9.435957 11.21823 13.69845 17.35173 22.86980 29.89993 36.91614 43.20904 48.71508 53.50534 57.64569 61.20127 64.21173 66.71859 68.73952 70.29501 71.37828 71.98177 72.06010 71.55294 70.33338 68.21302 64.84233 59.71008 52.61746 45.01867 38.44290 33.03714 28.59119 24.88649 21.77775 19.14213 16.89925
1.267770 1.298427 1.332198 1.368292 1.408137 1.450933 1.498288 1.549424 1.606172 1.667804 1.736434 1.811430 1.895289 1.987538 2.091201 2.206084 2.335932 2.481026 2.646174 2.832466 3.046317 3.290221 3.573163 3.900175 4.284630 4.736381 5.276951 5.926288 6.722957 7.711177 8.972822 10.62638 12.90415 16.22326 21.02654 26.67735 32.15862 37.15291 41.60379 45.53889 48.97854 51.95675 54.49109 56.60512 58.30705 59.60588 60.49380 60.95550 60.95263 60.42445 59.26750 57.31034 54.27253 49.74268 43.87784 38.01964 32.95481 28.68280 25.08133 22.02450 19.41783 17.18247 15.25829
1.167980 1.198326 1.231324 1.266991 1.305890 1.348101 1.394290 1.444623 1.499913 1.560444 1.627216 1.700695 1.782143 1.872286 1.972760 2.084680 2.210217 2.351078 2.510254 2.690377 2.895704 3.130376 3.400721 3.713439 4.078420 4.506996 5.015641 5.624789 6.364395 7.275071 8.418837 9.889363 11.83858 14.49099 17.97808 21.97241 25.99882 29.81373 33.31947 36.48272 39.29192 41.74793 43.85408 45.61547 47.03447 48.10969 48.83281 49.18615 49.13905 48.64072 47.61562 45.94808 43.48314 40.08582 35.99289 31.86088 28.10005 24.79463 21.91978 19.42529 17.25986 15.37750 13.73776
1.072863 1.102706 1.135024 1.170042 1.208091 1.249463 1.294574 1.343814 1.397719 1.456809 1.521780 1.593336 1.672400 1.759939 1.857200 1.965534 2.086655 2.222480 2.375443 2.548324 2.744659 2.968610 3.225486 3.521724 3.865635 4.267599 4.741286 5.304384 5.980814 6.802839 7.815460 9.080904 10.68262 12.70939 15.18603 17.98726 20.90575 23.77490 26.49136 28.99677 31.25842 33.25873 34.98804 36.44092 37.61269 38.49731 39.08494 39.35926 39.29562 38.85863 37.99986 36.65929 34.78084 32.36715 29.57302 26.68107 23.91744 21.38579 19.11393 17.09534 15.31036 13.73522 12.34604
0.9861707 1.015419 1.047049 1.081318 1.118496 1.158911 1.202909 1.250913 1.303380 1.360854 1.423937 1.493352 1.569907 1.654568 1.748434 1.852827 1.969263 2.099584 2.245937 2.410936 2.597689 2.810018 3.052539 3.331001 3.652487 4.025940 4.462616 4.976956 5.587460 6.318127 7.199616 8.270080 9.571965 11.13973 12.97216 15.01354 17.16691 19.33136 21.42670 23.39569 25.19987 26.81376 28.22061 29.40877 30.36918 31.09295 31.56951 31.78554 31.72316 31.35938 30.66763 29.62287 28.21533 26.47624 24.50039 22.42477 20.37673 18.43862 16.65052 15.02555 13.56195 12.25060 11.07909
0.9086100 0.9372092 0.9681219 1.001573 1.037841 1.077216 1.120047 1.166714 1.217667 1.273400 1.334501 1.401620 1.475534 1.557114 1.647410 1.747603 1.859118 1.983594 2.123014 2.279685 2.456418 2.656540 2.884124 3.144063 3.442409 3.786520 4.185564 4.650783 5.196145 5.838601 6.598364 7.497776 8.558275 9.792954 11.19710 12.73879 14.36557 16.01790 17.63965 19.18474 20.61767 21.91230 23.04951 24.01515 24.79798 25.38814 25.77583 25.94983 25.89759 25.60570 25.06155 24.25803 23.20173 21.92269 20.47926 18.95029 17.41109 15.91926 14.51116 13.20552 12.00902 10.92095 9.936393
0.8397011 0.8676237 0.8977670 0.9303641 0.9656612 1.003949 1.045540 1.090810 1.140163 1.194079 1.253085 1.317808 1.388945 1.467323 1.553875 1.649711 1.756090 1.874524 2.006749 2.154851 2.321262 2.508910 2.721249 2.962458 3.237509 3.552424 3.914383 4.332023 4.815475 5.376503 6.027963 6.782852 7.651745 8.639094 9.738109 10.93032 12.18486 13.46357 14.72815 15.94380 17.08133 18.11728 19.03331 19.81504 20.45093 20.93113 21.24654 21.38876 21.34946 21.12103 20.69860 20.08297 19.28474 18.32850 17.25305 16.10477 14.93180 13.77448 12.66181 11.61202 10.63475 9.733507 8.907844
0.7785836 0.8057882 0.8351367 0.8668329 0.9011238 0.9382688 0.9785779 1.022384 1.070081 1.122099 1.178945 1.241177 1.309455 1.384515 1.467227 1.558571 1.659706 1.771949 1.896870 2.036263 2.192271 2.367371 2.564515 2.787141 3.039338 3.325857 3.652298 4.025058 4.451430 4.939301 5.496812 6.131280 6.847822 7.647188 8.524235 9.464855 10.44866 11.45121 12.44594 13.40731 14.31234 15.14149 15.87857 16.51040 17.02617 17.41689 17.67498 17.79347 17.76669 17.59089 17.26512 16.79307 16.18520 15.45971 14.64254 13.76581 12.86080 11.95541 11.07180 10.22564 9.426790 8.680535 7.988789
0.7242779 0.7507446 0.7792599 0.8100294 0.8432710 0.8792422 0.9182177 0.9605216 1.006505 1.056581 1.111199 1.170888 1.236232 1.307919 1.386714 1.473514 1.569330 1.675350 1.792924 1.923631 2.069283 2.232004 2.414222 2.618787 2.848943 3.108446 3.401513 3.732876 4.107609 4.530996 5.008001 5.542707 6.137222 6.790593 7.497331 8.248572 9.030522 9.825639 10.61517 11.38023 12.10319 12.76828 13.36195 13.87277 14.29122 14.60939 14.82065 14.92000 14.90377 14.76996 14.51935 14.15632 13.68977 13.13384 12.50709 11.82976 11.12393 10.40978 9.704062 9.019566 8.365269 7.746809 7.167231
0.6758604 0.7015598 0.7292239 0.7590328 0.7912043 0.8259641 0.8635809 0.9043416 0.9485839 0.9966727 1.049035 1.106134 1.168520 1.236791 1.311652 1.393883 1.484393 1.584205 1.694507 1.816635 1.952147 2.102792 2.270599 2.457838 2.667108 2.901273 3.163524 3.457238 3.785957 4.153078 4.561625 5.013651 5.509773 6.048451 6.625820 7.233899 7.862485 8.499616 9.131659 9.744666 10.32511 10.86054 11.33992 11.75368 12.09377 12.35354 12.52777 12.61222 12.60424 12.50316 12.31037 12.02998 11.66924 11.23832 10.75021 10.22071 9.664911 9.097184 8.530165 7.974091 7.436649 6.923218 6.437174
0.6324711 0.6573901 0.6841772 0.7130126 0.7440857 0.7776189 0.8138474 0.8530497 0.8955211 0.9416087 0.9916865 1.046192 1.105599 1.170463 1.241391 1.319092 1.404342 1.498046 1.601208 1.714982 1.840653 1.979692 2.133722 2.304585 2.494281 2.705017 2.939118 3.199017 3.487076 3.805491 4.155950 4.539400 4.955567 5.402607 5.876477 6.372178 6.882288 7.397435 7.907555 8.402120 8.870795 9.303810 9.692307 10.02848 10.30568 10.51834 10.66201 10.73375 10.73182 10.65582 10.50725 10.28965 10.00870 9.672465 9.290687 8.873380 8.431967 7.977298 7.518993 7.065148 6.622199 6.194932 5.786694
0.5933792 0.6174987 0.6434011 0.6712416 0.7012084 0.7334947 0.7683293 0.8059539 0.8466526 0.8907259 0.9385271 0.9904335 1.046886 1.108361 1.175413 1.248642 1.328743 1.416477 1.512715 1.618412 1.734653 1.862624 2.003652 2.159167 2.330736 2.519991 2.728650 2.958382 3.210783 3.487160 3.788429 4.114799 4.465638 4.839196 5.232728 5.641170 6.058665 6.478643 6.893483 7.295239 7.675923 8.027914 8.344161 8.618380 8.845157 9.020021 9.139596 9.201226 9.203547 9.146625 9.031828 8.862040 8.641726 8.376581 8.073626 7.741488 7.388139 7.021480 6.648854 6.276676 5.910223 5.553656 5.210052
0.5579408 0.5812567 0.6062588 0.6331025 0.6619493 0.6929880 0.7264173 0.7624697 0.8013902 0.8434639 0.8889946 0.9383336 0.9918589 1.050007 1.113245 1.182115 1.257198 1.339161 1.428722 1.526697 1.633960 1.751490 1.880327 2.021606 2.176500 2.346242 2.532034 2.735045 2.956268 3.196480 3.456037 3.734800 4.031894 4.345589 4.672947 5.010937 5.355144 5.700048 6.039841 6.368365 6.679465 6.967157 7.225866 7.450568 7.636895 7.781208 7.880584 7.933290 7.938403 7.895874 7.806856 7.673663 7.499724 7.289732 7.049123 6.783173 6.498288 6.200654 5.895960 5.589267 5.284907 4.986394 4.696489
0.5256314 0.5481331 0.5722365 0.5980743 0.6258052 0.6555920 0.6876257 0.7221076 0.7592696 0.7993562 0.8426515 0.8894563 0.9401164 0.9950015 1.054534 1.119166 1.189411 1.265819 1.349007 1.439633 1.538430 1.646165 1.763677 1.891821 2.031502 2.183595 2.348969 2.528375 2.722440 2.931531 3.155719 3.394604 3.647300 3.912316 4.187734 4.470134 4.755889 5.041120 5.321294 5.591676 5.847441 6.083905 6.296657 6.481690 6.635518 6.755256 6.838781 6.884379 6.891248 6.859564 6.790271 6.685180 6.546966 6.378863 6.184838 5.969965 5.738698 5.495594 5.245057 4.991122 4.737298 4.486557 4.241293
0.4959920 0.5176835 0.5408832 0.5657220 0.5923356 0.6208828 0.6515272 0.6844596 0.7198793 0.7580155 0.7991104 0.8434401 0.8912982 0.9430190 0.9989558 1.059510 1.125103 1.196214 1.273340 1.357038 1.447883 1.546505 1.653538 1.769653 1.895502 2.031733 2.178918 2.337555 2.507971 2.690314 2.884426 3.089836 3.305624 3.530379 3.761959 3.998470 4.237130 4.474477 4.706973 4.930866 5.142394 5.337852 5.513753 5.666909 5.794528 5.894272 5.964240 6.003401 6.011219 5.987673 5.933502 5.850127 5.739597 5.604714 5.448643 5.274251 5.085336 4.885592 4.678492 4.467237 4.254698 4.043348 3.835256
0.4686596 0.4895388 0.5118435 0.5356853 0.5611965 0.5885122 0.6177899 0.6491914 0.6829050 0.7191253 0.7580758 0.7999905 0.8451359 0.8937910 0.9462717 1.002908 1.064070 1.130143 1.201552 1.278736 1.362171 1.452338 1.549742 1.654871 1.768219 1.890219 2.021267 2.161638 2.311499 2.470809 2.639329 2.816511 3.001524 3.193199 3.390210 3.590151 3.790668 3.989372 4.183441 4.369946 4.545894 4.708366 4.854588 4.982019 5.088442 5.172018 5.231422 5.265511 5.273770 5.256342 5.213813 5.147282 5.058348 4.948873 4.821169 4.678392 4.523122 4.358084 4.186001 4.009447 3.830750 3.651979 3.474892
0.4433143 0.4633908 0.4848038 0.5076630 0.5320811 0.5581883 0.5861178 0.6160233 0.6480636 0.6824201 0.7192814 0.7588612 0.8013813 0.8470931 0.8962564 0.9491618 1.006108 1.067427 1.133455 1.204559 1.281105 1.363479 1.452054 1.547206 1.649269 1.758555 1.875292 1.999638 2.131608 2.271091 2.417758 2.571091 2.730285 2.894247 3.061399 3.230552 3.399889 3.567137 3.730059 3.886290 4.033468 4.169261 4.291463 4.398050 4.487239 4.557531 4.607670 4.637054 4.645350 4.632506 4.598967 4.545591 4.473605 4.384736 4.280887 4.163621 4.035296 3.898198 3.754507 3.606283 3.455441 3.303689 3.152530
0.4197068 0.4389850 0.4595219 0.4814092 0.5047567 0.5296741 0.5562885 0.5847289 0.6151446 0.6476872 0.6825312 0.7198530 0.7598549 0.8027418 0.8487459 0.8981014 0.9510675 1.007907 1.068905 1.134343 1.204522 1.279726 1.360247 1.446345 1.538266 1.636195 1.740274 1.850543 1.966959 2.089324 2.217317 2.350405 2.487895 2.628903 2.772518 2.916996 3.060761 3.202298 3.339792 3.471376 3.595149 3.709252 3.811918 3.901527 3.976661 4.036139 4.079145 4.104886 4.113008 4.103614 4.077052 4.033985 3.975379 3.902310 3.816163 3.718998 3.612342 3.497872 3.377310 3.252332 3.124496 2.995232 2.865802
0.3976144 0.4161100 0.4357808 0.4567181 0.4790131 0.5027712 0.5280986 0.5551183 0.5839536 0.6147467 0.6476406 0.6827976 0.7203824 0.7605801 0.8035763 0.8495781 0.8987892 0.9514353 1.007736 1.067925 1.132225 1.200864 1.274044 1.351961 1.434765 1.522579 1.615452 1.713376 1.816235 1.923825 2.035794 2.151670 2.270802 2.392352 2.515151 2.638458 2.761055 2.881401 2.998035 3.109427 3.214057 3.310429 3.397123 3.472843 3.536437 3.586931 3.623482 3.645747 3.653511 3.646698 3.625570 3.590645 3.542665 3.482730 3.412017 3.331358 3.242273 3.146222 3.044608 2.938780 2.830028 2.719533 2.608368
0.3768652 0.3945878 0.4134134 0.4334172 0.4546881 0.4773131 0.5013947 0.5270332 0.5543457 0.5834482 0.6144735 0.6475530 0.6828362 0.7204720 0.7606259 0.8034592 0.8491506 0.8978727 0.9498118 1.005140 1.064040 1.126668 1.193184 1.263707 1.338342 1.417138 1.500108 1.587182 1.678234 1.773024 1.871235 1.972408 2.075991 2.181326 2.287792 2.394093 2.499145 2.601975 2.701382 2.796149 2.885034 2.966833 3.040405 3.104698 3.158792 3.201926 3.233595 3.253231 3.260578 3.255712 3.238839 3.210359 3.170865 3.120978 3.061543 2.993968 2.919168 2.838197 2.752169 2.662195 2.569327 2.474557 2.378784
0.3573051 0.3742741 0.3922698 0.4113663 0.4316367 0.4531653 0.4760355 0.5003439 0.5261851 0.5536678 0.5828989 0.6139993 0.6470892 0.6823019 0.7197667 0.7596266 0.8020177 0.8470889 0.8949775 0.9458271 0.9997637 1.056914 1.117376 1.181238 1.248545 1.319320 1.393522 1.471073 1.551809 1.635513 1.721859 1.810456 1.900787 1.992220 2.083872 2.175296 2.265663 2.353895 2.439017 2.520011 2.595880 2.665642 2.728373 2.783224 2.829439 2.866379 2.893461 2.910499 2.917354 2.913941 2.900411 2.877079 2.844401 2.803101 2.753928 2.697294 2.634210 2.565639 2.492503 2.415702 2.336112 2.254555 2.171796
0.3388133 0.3550432 0.3722336 0.3904446 0.4097477 0.4302115 0.4519160 0.4749394 0.4993714 0.5252987 0.5528207 0.5820342 0.6130479 0.6459661 0.6809039 0.7179707 0.7572856 0.7989578 0.8431037 0.8898233 0.9392199 0.9913724 1.046355 1.104208 1.164958 1.228583 1.295035 1.364201 1.435930 1.509992 1.586104 1.663891 1.742924 1.822716 1.902850 1.982338 2.060421 2.136468 2.209666 2.279203 2.344254 2.404023 2.457757 2.504761 2.544431 2.576270 2.599968 2.615099 2.621477 2.619162 2.608273 2.589054 2.561879 2.527097 2.485234 2.437297 2.383834 2.325517 2.263082 2.197278 2.128823 2.058409 1.986679
0.3212827 0.3367957 0.3532000 0.3705550 0.3889186 0.4083575 0.4289359 0.4507283 0.4738062 0.4982510 0.5241419 0.5515676 0.5806130 0.6113718 0.6439317 0.6783899 0.7148336 0.7533571 0.7940412 0.8369698 0.8822073 0.9298163 0.9798318 1.032281 1.087152 1.144418 1.203999 1.265792 1.329628 1.395306 1.462547 1.531036 1.600371 1.670071 1.739461 1.808292 1.875990 1.941778 2.004992 2.064941 2.120959 2.172390 2.218617 2.259076 2.293264 2.320752 2.341122 2.354289 2.360165 2.358663 2.349866 2.333972 2.311264 2.282237 2.247378 2.206854 2.161364 2.111558 2.058054 2.001461 1.942383 1.881393 1.819043
0.3046251 0.3194387 0.3350839 0.3516078 0.3690680 0.3875167 0.4070166 0.4276262 0.4494136 0.4724424 0.4967872 0.5225165 0.5497075 0.5784311 0.6087667 0.6407849 0.6745628 0.7101653 0.7476621 0.7871051 0.8285476 0.8720191 0.9175460 0.9651237 1.014737 1.066329 1.119830 1.175116 1.232040 1.290396 1.349950 1.410398 1.471413 1.532635 1.593791 1.654109 1.713048 1.770196 1.824994 1.876892 1.925329 1.969769 2.009705 2.044672 2.074266 2.098155 2.116153 2.127933 2.133353 2.132463 2.125335 2.112120 2.093055 2.068330 2.038277 2.003646 1.964763 1.922060 1.876032 1.827192 1.776033 1.723047 1.668692
0.2887623 0.3029008 0.3178084 0.3335333 0.3501202 0.3676205 0.3860830 0.4055647 0.4261179 0.4478039 0.4706794 0.4948086 0.5202489 0.5470657 0.5753163 0.6050643 0.6363626 0.6692681 0.7038246 0.7400762 0.7780486 0.8177658 0.8592271 0.9024255 0.9473213 0.9938647 1.041965 1.091516 1.142362 1.194328 1.247184 1.300680 1.354506 1.408295 1.461523 1.514069 1.565533 1.615339 1.663029 1.708127 1.750175 1.788728 1.823366 1.853710 1.879418 1.900193 1.915730 1.926005 1.930966 1.930524 1.924729 1.913703 1.897626 1.876850 1.851700 1.822197 1.788843 1.752087 1.712351 1.670051 1.625611 1.579435 1.531919
