T2-onemodel/GL32.grd
DSAA
         100         100
  -20.00000       20.00000    
  -20.00000       20.00000    
 -1.4652413E-03   1.061170    
[rows 0 to 23 of 100, columns 0 to 52 of 100]
-1.4652413E-03 -1.3999578E-03 -1.3325743E-03 -1.2630525E-03 -1.1913340E-03 -1.1173744E-03 -1.0411423E-03 -9.6263009E-04 -8.8178960E-04 -7.9860032E-04 -7.1304670E-04 -6.2512822E-04 -5.3482148E-04 -4.4213311E-04 -3.4706763E-04 -2.4966657E-04 -1.4994739E-04 -4.7956011E-05 5.6272122E-05 1.6265399E-04 2.7112404E-04 3.8156734E-04 4.9387867E-04 6.0790830E-04 7.2353083E-04 8.4055302E-04 9.5879874E-04 1.0780457E-03 1.1980733E-03 1.3186035E-03 1.4393623E-03 1.5600245E-03 1.6799767E-03 1.7985504E-03 1.9165409E-03 2.0332919E-03 2.1481111E-03 2.2605162E-03 2.3700923E-03 2.4763206E-03 2.5787822E-03 2.6769270E-03 2.7703564E-03 2.8584825E-03 2.9409400E-03 3.0171108E-03 3.0865544E-03 3.1475725E-03 3.2012500E-03 3.2482932E-03 3.2872844E-03 3.3179168E-03 3.3403672E-03
-1.3778952E-03 -1.3093823E-03 -1.2386056E-03 -1.1655026E-03 -1.0900153E-03 -1.0120872E-03 -9.3170512E-04 -8.4881909E-04 -7.6338853E-04 -6.7537883E-04 -5.8478111E-04 -4.9156067E-04 -3.9570522E-04 -2.9719801E-04 -1.9606241E-04 -9.2304326E-05 1.4045769E-05 1.2297169E-04 2.3441273E-04 3.4831848E-04 4.6459466E-04 5.8315671E-04 7.0386851E-04 8.2661712E-04 9.5123326E-04 1.0775495E-03 1.2053546E-03 1.3344454E-03 1.4645468E-03 1.5953963E-03 1.7266795E-03 1.8580687E-03 1.9894827E-03 2.1208639E-03 2.2506071E-03 2.3785329E-03 2.5044528E-03 2.6279348E-03 2.7484372E-03 2.8654821E-03 2.9784723E-03 3.0869388E-03 3.1902445E-03 3.2879305E-03 3.3793300E-03 3.4640718E-03 3.5416228E-03 3.6128075E-03 3.6756438E-03 3.7285942E-03 3.7723933E-03 3.8067400E-03 3.8309433E-03
-1.2870900E-03 -1.2151996E-03 -1.1408537E-03 -1.0639906E-03 -9.8452845E-04 -9.0243673E-04 -8.1766694E-04 -7.3016493E-04 -6.3987303E-04 -5.4676988E-04 -4.5080800E-04 -3.5196100E-04 -2.5018811E-04 -1.4549277E-04 -3.7863982E-05 7.2682553E-05 1.8615249E-04 3.0250664E-04 4.2171733E-04 5.4371066E-04 6.6842540E-04 7.9574640E-04 9.2557678E-04 1.0577692E-03 1.1921792E-03 1.3286049E-03 1.4668665E-03 1.6067018E-03 1.7478596E-03 1.8900296E-03 2.0328893E-03 2.1760543E-03 2.3188468E-03 2.4605186E-03 2.6018403E-03 2.7420497E-03 2.8803539E-03 3.0161596E-03 3.1489362E-03 3.2780389E-03 3.4029302E-03 3.5229188E-03 3.6374596E-03 3.7458136E-03 3.8474889E-03 3.9417008E-03 4.0278700E-03 4.1040839E-03 4.1713780E-03 4.2303945E-03 4.2795376E-03 4.3184059E-03 4.3470897E-03
-1.1926421E-03 -1.1172076E-03 -1.0391251E-03 -9.5829973E-04 -8.7467325E-04 -7.8819360E-04 -6.9880113E-04 -6.0641585E-04 -5.1099726E-04 -4.1248757E-04 -3.1084329E-04 -2.0600397E-04 -9.7948003E-05 1.3354393E-05 1.2790544E-04 2.4573138E-04 3.6681697E-04 4.9115840E-04 6.1870896E-04 7.4943056E-04 8.8323490E-04 1.0200465E-03 1.1597415E-03 1.3022036E-03 1.4472493E-03 1.5947191E-03 1.7443794E-03 1.8959928E-03 2.0492612E-03 2.2038836E-03 2.3594929E-03 2.5157088E-03 2.6724120E-03 2.8294828E-03 2.9851631E-03 3.1391957E-03 3.2913005E-03 3.4409270E-03 3.5873970E-03 3.7301041E-03 3.8683042E-03 4.0013683E-03 4.1284859E-03 4.2490489E-03 4.3622102E-03 4.4674338E-03 4.5640343E-03 4.6527493E-03 4.7313208E-03 4.7979914E-03 4.8534507E-03 4.8972657E-03 4.9286168E-03
-1.0943901E-03 -1.0152502E-03 -9.3323411E-04 -8.4825885E-04 -7.6025422E-04 -6.6916301E-04 -5.7488523E-04 -4.7735817E-04 -3.7651017E-04 -2.7228438E-04 -1.6459843E-04 -5.3407177E-05 6.1343591E-05 1.7967453E-04 3.0163350E-04 4.2723192E-04 5.5649213E-04 6.8939262E-04 8.2592835E-04 9.6603786E-04 1.1096731E-03 1.2567355E-03 1.4071420E-03 1.5607359E-03 1.7173814E-03 1.8768749E-03 2.0390088E-03 2.2035015E-03 2.3700783E-03 2.5383828E-03 2.7080427E-03 2.8786282E-03 3.0493827E-03 3.2194513E-03 3.3895683E-03 3.5588613E-03 3.7264018E-03 3.8914548E-03 4.0533491E-03 4.2112875E-03 4.3645659E-03 4.5122998E-03 4.6537677E-03 4.7880397E-03 4.9144221E-03 5.0319312E-03 5.1397919E-03 5.2357912E-03 5.3208801E-03 5.3956206E-03 5.4581705E-03 5.5079679E-03 5.5450085E-03
-9.9211244E-04 -9.0908370E-04 -8.2295091E-04 -7.3362124E-04 -6.4103032E-04 -5.4507155E-04 -4.4565625E-04 -3.4269618E-04 -2.3611920E-04 -1.2582660E-04 -1.1745710E-05 1.0620117E-04 2.2805903E-04 3.5389661E-04 4.8375205E-04 6.1767839E-04 7.5568026E-04 8.9778524E-04 1.0439673E-03 1.1942084E-03 1.3484407E-03 1.5066145E-03 1.6686100E-03 1.8343177E-03 2.0035719E-03 2.1762005E-03 2.3519502E-03 2.5305755E-03 2.7117468E-03 2.8951212E-03 3.0802870E-03 3.2668202E-03 3.4545371E-03 3.6432405E-03 3.8310108E-03 4.0174909E-03 4.2022811E-03 4.3846807E-03 4.5638545E-03 4.7390242E-03 4.9092425E-03 5.0736782E-03 5.2313097E-03 5.3813048E-03 5.5225785E-03 5.6543867E-03 5.7757953E-03 5.8873990E-03 5.9866155E-03 6.0714069E-03 6.1423369E-03 6.1987964E-03 6.2398100E-03
-8.8560610E-04 -7.9851126E-04 -7.0806086E-04 -6.1418203E-04 -5.1676168E-04 -4.1569181E-04 -3.1086101E-04 -2.0218239E-04 -8.9539528E-05 2.7160884E-05 1.4802821E-04 2.7313095E-04 4.0256171E-04 5.3638400E-04 6.7468220E-04 8.1749435E-04 9.6487819E-04 1.1168446E-03 1.2734152E-03 1.4345545E-03 1.6002494E-03 1.7704230E-03 1.9450015E-03 2.1238546E-03 2.3068611E-03 2.4937997E-03 2.6844661E-03 2.8785656E-03 3.0757939E-03 3.2757558E-03 3.4780463E-03 3.6821761E-03 3.8872876E-03 4.0924111E-03 4.2982502E-03 4.5037833E-03 4.7079185E-03 4.9097552E-03 5.1084501E-03 5.3029964E-03 5.4924674E-03 5.6757471E-03 5.8518737E-03 6.0196389E-03 6.1781066E-03 6.3260016E-03 6.4622588E-03 6.5842872E-03 6.6929203E-03 6.7885485E-03 6.8689939E-03 6.9334963E-03 6.9818874E-03
-7.7462790E-04 -6.8326981E-04 -5.8831926E-04 -4.8966345E-04 -3.8717859E-04 -2.8072722E-04 -1.7020633E-04 -5.5483666E-05 6.3556254E-05 1.8704889E-04 3.1509381E-04 4.4780667E-04 5.8527722E-04 7.2762190E-04 8.7491452E-04 1.0272458E-03 1.1846627E-03 1.3472297E-03 1.5149530E-03 1.6878556E-03 1.8659072E-03 2.0490829E-03 2.2372887E-03 2.4304548E-03 2.6284140E-03 2.8310015E-03 3.0379717E-03 3.2490673E-03 3.4639307E-03 3.6821966E-03 3.9034171E-03 4.1271015E-03 4.3529910E-03 4.5808195E-03 4.8084864E-03 5.0355080E-03 5.2613337E-03 5.4850937E-03 5.7057454E-03 5.9222803E-03 6.1334921E-03 6.3382979E-03 6.5353708E-03 6.7235930E-03 6.9015622E-03 7.0682112E-03 7.2222706E-03 7.3641427E-03 7.4908002E-03 7.5997952E-03 7.6915133E-03 7.7651055E-03 7.8193489E-03
-6.5890595E-04 -5.6311383E-04 -4.6345621E-04 -3.5980524E-04 -2.5199723E-04 -1.3990921E-04 -2.3392095E-05 9.7686992E-05 2.2349173E-04 3.5414923E-04 4.8980612E-04 6.3057628E-04 7.7660801E-04 9.2800835E-04 1.0849102E-03 1.2473970E-03 1.4155755E-03 1.5894965E-03 1.7692298E-03 1.9547893E-03 2.1462031E-03 2.3434260E-03 2.5464410E-03 2.7551407E-03 2.9694168E-03 3.1890736E-03 3.4139187E-03 3.6436438E-03 3.8779362E-03 4.1163843E-03 4.3585445E-03 4.6038497E-03 4.8513496E-03 5.0999643E-03 5.3503388E-03 5.6012794E-03 5.8515090E-03 6.0999263E-03 6.3454597E-03 6.5868297E-03 6.8228403E-03 7.0520565E-03 7.2731911E-03 7.4846842E-03 7.6852385E-03 7.8731654E-03 8.0470247E-03 8.2037374E-03 8.3438884E-03 8.4675932E-03 8.5722515E-03 8.6567942E-03 8.7207975E-03
-5.3812796E-04 -4.3770843E-04 -3.3313833E-04 -2.2424199E-04 -1.1086683E-04 7.1498453E-06 1.2995925E-04 2.5774873E-04 3.9067640E-04 5.2891677E-04 6.7261618E-04 8.2194823E-04 9.7705808E-04 1.1381151E-03 1.3052470E-03 1.4786022E-03 1.6582800E-03 1.8443976E-03 2.0370206E-03 2.2362310E-03 2.4420461E-03 2.6544984E-03 2.8735492E-03 3.0991563E-03 3.3311888E-03 3.5695180E-03 3.8139108E-03 4.0641152E-03 4.3197777E-03 4.5805234E-03 4.8458562E-03 5.1152222E-03 5.3883120E-03 5.6647761E-03 5.9423028E-03 6.2202644E-03 6.4979424E-03 6.7742537E-03 7.0478814E-03 7.3175337E-03 7.5816815E-03 7.8388853E-03 8.0874376E-03 8.3258199E-03 8.5521704E-03 8.7649813E-03 8.9625455E-03 9.1449264E-03 9.3084788E-03 9.4502252E-03 9.5702615E-03 9.6673546E-03 9.7399307E-03
-4.1200488E-04 -3.0677140E-04 -1.9705424E-04 -8.2684703E-05 3.6525162E-05 1.6074356E-04 2.9017913E-04 4.2501619E-04 5.6546321E-04 7.1169419E-04 8.6391496E-04 1.0223032E-03 1.1870681E-03 1.3583786E-03 1.5364314E-03 1.7213728E-03 1.9133717E-03 2.1125493E-03 2.3190444E-03 2.5329373E-03 2.7543232E-03 2.9832323E-03 3.2196990E-03 3.4636650E-03 3.7150797E-03 3.9737881E-03 4.2396239E-03 4.5123040E-03 4.7915340E-03 5.0768913E-03 5.3678928E-03 5.6639249E-03 5.9639495E-03 6.2667583E-03 6.5729292E-03 6.8810885E-03 7.1897404E-03 7.4975360E-03 7.8031076E-03 8.1048533E-03 8.4012132E-03 8.6903367E-03 8.9705093E-03 9.2396736E-03 9.4960099E-03 9.7373063E-03 9.9615734E-03 1.0165037E-02 1.0347898E-02 1.0509870E-02 1.0647732E-02 1.0759952E-02 1.0845723E-02
-2.8015088E-04 -1.6988420E-04 -5.4807762E-05 6.5286345E-05 1.9058844E-04 3.2132425E-04 4.5770581E-04 5.9996895E-04 7.4832240E-04 9.0300018E-04 1.0642158E-03 1.2322140E-03 1.4072096E-03 1.5894418E-03 1.7791095E-03 1.9764374E-03 2.1815982E-03 2.3947959E-03 2.6161745E-03 2.8459001E-03 3.0840733E-03 3.3308107E-03 3.5861393E-03 3.8500917E-03 4.1226074E-03 4.4036121E-03 4.6929191E-03 4.9903262E-03 5.2955039E-03 5.6080776E-03 5.9275306E-03 6.2532770E-03 6.5849526E-03 6.9221272E-03 7.2622718E-03 7.6046041E-03 7.9482095E-03 8.2917279E-03 8.6335251E-03 8.9719463E-03 9.3050404E-03 9.6309120E-03 9.9473232E-03 1.0252187E-02 1.0543031E-02 1.0817744E-02 1.1073959E-02 1.1311215E-02 1.1525047E-02 1.1711722E-02 1.1870845E-02 1.2000627E-02 1.2098982E-02
-1.4216799E-04 -2.6674772E-05 9.3994851E-05 2.2004808E-04 3.5173495E-04 4.8928766E-04 6.3297036E-04 7.8302174E-04 9.3971088E-04 1.1032801E-03 1.2740156E-03 1.4521695E-03 1.6380317E-03 1.8318495E-03 2.0339021E-03 2.2444231E-03 2.4636763E-03 2.6918766E-03 2.9292619E-03 3.1760093E-03 3.4323221E-03 3.6983190E-03 3.9741267E-03 4.2597842E-03 4.5553297E-03 4.8606782E-03 5.1757465E-03 5.5003101E-03 5.8341194E-03 6.1767693E-03 6.5277829E-03 6.8865186E-03 7.2518624E-03 7.6224860E-03 7.9989154E-03 8.3795814E-03 8.7627377E-03 9.1467267E-03 9.5298449E-03 9.9100703E-03 1.0285384E-02 1.0653389E-02 1.1011763E-02 1.1357768E-02 1.1688910E-02 1.2002198E-02 1.2294854E-02 1.2562152E-02 1.2803691E-02 1.3018528E-02 1.3202556E-02 1.3353559E-02 1.3470145E-02
2.4352864E-06 1.2337153E-04 2.4984905E-04 3.8213210E-04 5.2047870E-04 6.6517876E-04 8.1649900E-04 9.7473990E-04 1.1401789E-03 1.3131346E-03 1.4939033E-03 1.6828176E-03 1.8801766E-03 2.0863144E-03 2.3015232E-03 2.5261345E-03 2.7604261E-03 3.0047165E-03 3.2592646E-03 3.5243565E-03 3.8002091E-03 4.0870570E-03 4.3850425E-03 4.6943231E-03 5.0149402E-03 5.3469292E-03 5.6902068E-03 6.0446598E-03 6.4100190E-03 6.7859623E-03 7.1719983E-03 7.5675398E-03 7.9721939E-03 8.3854748E-03 8.8046463E-03 9.2287743E-03 9.6567012E-03 1.0086759E-02 1.0516932E-02 1.0945119E-02 1.1368826E-02 1.1785542E-02 1.2192303E-02 1.2586271E-02 1.2964126E-02 1.3322869E-02 1.3659192E-02 1.3971842E-02 1.4255179E-02 1.4504377E-02 1.4718272E-02 1.4894231E-02 1.5029388E-02
1.5417536E-04 2.8074783E-04 4.1328004E-04 5.5204245E-04 6.9735642E-04 8.4951107E-04 1.0088404E-03 1.1756528E-03 1.3503029E-03 1.5331234E-03 1.7244943E-03 1.9247603E-03 2.1343108E-03 2.3534975E-03 2.5827151E-03 2.8223160E-03 3.0726905E-03 3.3341788E-03 3.6071637E-03 3.8919584E-03 4.1889059E-03 4.4982648E-03 4.8203175E-03 5.1552402E-03 5.5032130E-03 5.8642915E-03 6.2385299E-03 6.6258176E-03 7.0260065E-03 7.4387710E-03 7.8636985E-03 8.3001647E-03 8.7470217E-03 9.2028603E-03 9.6681891E-03 1.0141234E-02 1.0619973E-02 1.1102417E-02 1.1586458E-02 1.2069572E-02 1.2549130E-02 1.3022007E-02 1.3485078E-02 1.3934701E-02 1.4367392E-02 1.4779058E-02 1.5165790E-02 1.5521515E-02 1.5844861E-02 1.6133850E-02 1.6383097E-02 1.6589336E-02 1.6750233E-02
3.1366112E-04 4.4609781E-04 5.8491161E-04 7.3043839E-04 8.8300189E-04 1.0429583E-03 1.2106496E-03 1.3864628E-03 1.5707696E-03 1.7639874E-03 1.9665130E-03 2.1787835E-03 2.4012113E-03 2.6342538E-03 2.8783323E-03 3.1339156E-03 3.4014261E-03 3.6813377E-03 3.9740675E-03 4.2800675E-03 4.5997188E-03 4.9334341E-03 5.2815340E-03 5.6443471E-03 6.0220961E-03 6.4150007E-03 6.8231481E-03 7.2465772E-03 7.6851645E-03 8.1387181E-03 8.6068418E-03 9.0890108E-03 9.5848786E-03 1.0093963E-02 1.0613351E-02 1.1141957E-02 1.1678386E-02 1.2220653E-02 1.2766296E-02 1.3312669E-02 1.3856571E-02 1.4394686E-02 1.4923111E-02 1.5437955E-02 1.5934689E-02 1.6409051E-02 1.6856374E-02 1.7274164E-02 1.7655086E-02 1.7992692E-02 1.8284602E-02 1.8526869E-02 1.8715428E-02
4.8158050E-04 6.2008051E-04 7.6543295E-04 9.1797672E-04 1.0781053E-03 1.2461814E-03 1.4226285E-03 1.6078472E-03 1.8023016E-03 2.0064234E-03 2.2207117E-03 2.4456228E-03 2.6816851E-03 2.9293788E-03 3.1892555E-03 3.4618194E-03 3.7476337E-03 4.0472136E-03 4.3611308E-03 4.6898825E-03 5.0340211E-03 5.3940108E-03 5.7703475E-03 6.1634192E-03 6.5736426E-03 7.0012906E-03 7.4466383E-03 7.9097766E-03 8.3907638E-03 8.8894498E-03 9.4055738E-03 9.9386256E-03 1.0487521E-02 1.1050843E-02 1.1629136E-02 1.2220462E-02 1.2822556E-02 1.3433088E-02 1.4049497E-02 1.4668633E-02 1.5287112E-02 1.5900875E-02 1.6505733E-02 1.7096773E-02 1.7669115E-02 1.8217104E-02 1.8735167E-02 1.9215265E-02 1.9654481E-02 2.0049213E-02 2.0392146E-02 2.0678367E-02 2.0904094E-02
6.5878028E-04 8.0357568E-04 9.5569168E-04 1.1155397E-03 1.2835183E-03 1.4600743E-03 1.6456435E-03 1.8407217E-03 2.0457860E-03 2.2613781E-03 2.4880141E-03 2.7262699E-03 2.9767032E-03 3.2399292E-03 3.5165364E-03 3.8071794E-03 4.1124681E-03 4.4330847E-03 4.7696582E-03 5.1228660E-03 5.4933289E-03 5.8817095E-03 6.2885750E-03 6.7145322E-03 7.1600773E-03 7.6257088E-03 8.1117814E-03 8.6186165E-03 9.1463504E-03 9.6950382E-03 1.0264501E-02 1.0854410E-02 1.1464586E-02 1.2094654E-02 1.2741605E-02 1.3404291E-02 1.4081147E-02 1.4769871E-02 1.5467523E-02 1.6170790E-02 1.6875625E-02 1.7577695E-02 1.8271826E-02 1.8952666E-02 1.9613996E-02 2.0249726E-02 2.0853167E-02 2.1419903E-02 2.1940077E-02 2.2404823E-02 2.2809783E-02 2.3148946E-02 2.3416359E-02
8.4619084E-04 9.9747849E-04 1.1566167E-03 1.3240206E-03 1.5001741E-03 1.6855357E-03 1.8806349E-03 2.0859870E-03 2.3021756E-03 2.5297641E-03 2.7693890E-03 3.0216638E-03 3.2872788E-03 3.5668944E-03 3.8612508E-03 4.1710609E-03 4.4971090E-03 4.8401435E-03 5.2009840E-03 5.5803922E-03 5.9792022E-03 6.3981651E-03 6.8380875E-03 7.2996859E-03 7.7837110E-03 8.2907742E-03 8.8215014E-03 9.3763322E-03 9.9556716E-03 1.0559697E-02 1.1188458E-02 1.1841732E-02 1.2518640E-02 1.3217906E-02 1.3940271E-02 1.4683755E-02 1.5445940E-02 1.6224202E-02 1.7015506E-02 1.7816002E-02 1.8621406E-02 1.9426486E-02 2.0225620E-02 2.1012144E-02 2.1779228E-02 2.2518937E-02 2.3223206E-02 2.3881081E-02 2.4487197E-02 2.5035376E-02 2.5515316E-02 2.5919510E-02 2.6241811E-02
1.0449318E-03 1.2029419E-03 1.3693214E-03 1.5445721E-03 1.7291864E-03 1.9237212E-03 2.1287233E-03 2.3448127E-03 2.5726042E-03 2.8127767E-03 3.0660087E-03 3.3330491E-03 3.6146329E-03 3.9115818E-03 4.2246957E-03 4.5548701E-03 4.9029626E-03 5.2699265E-03 5.6566712E-03 6.0641910E-03 6.4934222E-03 6.9453791E-03 7.4209939E-03 7.9212710E-03 8.4471060E-03 8.9994185E-03 9.5789963E-03 1.0186606E-02 1.0822821E-02 1.1488141E-02 1.2182808E-02 1.2906898E-02 1.3660609E-02 1.4443879E-02 1.5253803E-02 1.6089354E-02 1.6948944E-02 1.7830057E-02 1.8729284E-02 1.9642649E-02 2.0565117E-02 2.1491056E-02 2.2413632E-02 2.3325505E-02 2.4218064E-02 2.5082527E-02 2.5909156E-02 2.6690533E-02 2.7413005E-02 2.8063962E-02 2.8635819E-02 2.9119257E-02 2.9505279E-02
1.2562934E-03 1.4212171E-03 1.5950960E-03 1.7784405E-03 1.9718418E-03 2.1758752E-03 2.3911931E-03 2.6184430E-03 2.8583617E-03 3.1116714E-03 3.3791831E-03 3.6616966E-03 3.9601098E-03 4.2753094E-03 4.6082828E-03 4.9600042E-03 5.3315442E-03 5.7239579E-03 6.1383946E-03 6.5759714E-03 7.0378976E-03 7.5253369E-03 8.0395378E-03 8.5816737E-03 9.1529852E-03 9.7545981E-03 1.0387676E-02 1.1053207E-02 1.1752164E-02 1.2485292E-02 1.3253218E-02 1.4056257E-02 1.4894019E-02 1.5765650E-02 1.6672356E-02 1.7612381E-02 1.8583387E-02 1.9582616E-02 2.0606678E-02 2.1651052E-02 2.2710457E-02 2.3778215E-02 2.4846848E-02 2.5907349E-02 2.6950074E-02 2.7963739E-02 2.8936539E-02 2.9853107E-02 3.0704144E-02 3.1479269E-02 3.2163482E-02 3.2745045E-02 3.3213954E-02
1.4818542E-03 1.6539089E-03 1.8354960E-03 2.0272208E-03 2.2296906E-03 2.4435867E-03 2.6695898E-03 2.9084717E-03 3.1610036E-03 3.4280522E-03 3.7104792E-03 4.0092450E-03 4.3253154E-03 4.6597673E-03 5.0136731E-03 5.3882282E-03 5.7846112E-03 6.2041222E-03 6.6480525E-03 7.1178018E-03 7.6147481E-03 8.1403889E-03 8.6961752E-03 9.2836544E-03 9.9043055E-03 1.0559678E-02 1.1251210E-02 1.1980360E-02 1.2748405E-02 1.3556588E-02 1.4405898E-02 1.5297146E-02 1.6231257E-02 1.7208869E-02 1.8227540E-02 1.9286744E-02 2.0385211E-02 2.1520479E-02 2.2688914E-02 2.3885980E-02 2.5105610E-02 2.6340656E-02 2.7582189E-02 2.8820176E-02 3.0042605E-02 3.1236697E-02 3.2388121E-02 3.3484697E-02 3.4506839E-02 3.5435989E-02 3.6259230E-02 3.6961801E-02 3.7529707E-02
1.7234008E-03 1.9027613E-03 2.0923037E-03 2.2926442E-03 2.5045029E-03 2.7285765E-03 2.9656771E-03 3.2166075E-03 3.4822926E-03 3.7636366E-03 4.0616705E-03 4.3774187E-03 4.7120447E-03 5.0667101E-03 5.4427199E-03 5.8413697E-03 6.2641012E-03 6.7123570E-03 7.1877325E-03 7.6917987E-03 8.2262959E-03 8.7929359E-03 9.3935765E-03 1.0030027E-02 1.0704243E-02 1.1418086E-02 1.2173531E-02 1.2972396E-02 1.3816562E-02 1.4707697E-02 1.5647404E-02 1.6636955E-02 1.7676909E-02 1.8767308E-02 1.9910365E-02 2.1105038E-02 2.2349548E-02 2.3641452E-02 2.4977401E-02 2.6352433E-02 2.7760353E-02 2.9192878E-02 3.0640280E-02 3.2090381E-02 3.3529557E-02 3.4941591E-02 3.6308944E-02 3.7609410E-02 3.8827214E-02 3.9945032E-02 4.0940199E-02 4.1793972E-02 4.2489901E-02
1.9831324E-03 2.1700112E-03 2.3677056E-03 2.5769402E-03 2.7984474E-03 3.0330596E-03 3.2816173E-03 3.5450722E-03 3.8243856E-03 4.1206367E-03 4.4349181E-03 4.7684507E-03 5.1224851E-03 5.4984135E-03 5.8976472E-03 6.3217557E-03 6.7723175E-03 7.2510974E-03 7.7598719E-03 8.3005792E-03 8.8751968E-03 9.4858650E-03 1.0134730E-02 1.0824111E-02 1.1556313E-02 1.2333784E-02 1.3158926E-02 1.4034230E-02 1.4962086E-02 1.5944917E-02 1.6984928E-02 1.8084208E-02 1.9245004E-02 2.0469293E-02 2.1755747E-02 2.3105035E-02 2.4516869E-02 2.5989555E-02 2.7519828E-02 2.9103033E-02 3.0732341E-02 3.2399118E-02 3.4091923E-02 3.5797197E-02 3.7498135E-02 3.9176062E-02 4.0809531E-02 4.2378642E-02 4.3854300E-02 4.5208186E-02 4.6418313E-02 4.7460780E-02 4.8313219E-02
