T2-onemodel/GL33.grd
DSAA
         100         100
  -20.00000       20.00000    
  -20.00000       20.00000    
  9.6386217E-02   103.2993    
[rows 0 to 27 of 100, columns 0 to 62 of 100]
0.1090724 0.1154010 0.1219382 0.1286883 0.1356538 0.1428384 0.1502433 0.1578715 0.1657227 0.1737982 0.1820957 0.1906148 0.1993510 0.2083017 0.2174599 0.2268203 0.2363727 0.2461086 0.2560143 0.2660775 0.2762802 0.2866064 0.2970334 0.3075411 0.3181018 0.3286915 0.3392775 0.3498317 0.3603168 0.3707013 0.3809434 0.3910093 0.4008526 0.4104137 0.4195655 0.4284285 0.4369755 0.4450957 0.4527499 0.4598922 0.4664885 0.4725026 0.4779019 0.4826580 0.4867421 0.4901238 0.4927311 0.4946389 0.4958622 0.4963502 0.4961025 0.4951227 0.4934181 0.4910631 0.4880912 0.4843414 0.4799133 0.4748618 0.4692243 0.4630297 0.4563164 0.4491177 0.4414742
0.1172629 0.1239270 0.1308193 0.1379434 0.1453044 0.1529049 0.1607491 0.1688385 0.1771761 0.1857615 0.1945958 0.2036766 0.2130029 0.2225696 0.2323734 0.2424057 0.2526601 0.2631244 0.2737884 0.2846352 0.2956504 0.3068123 0.3181018 0.3294916 0.3409581 0.3524684 0.3639939 0.3754961 0.3869420 0.3982875 0.4094958 0.4205185 0.4313168 0.4418627 0.4521964 0.4621024 0.4715181 0.4804664 0.4888988 0.4967750 0.5040493 0.5106829 0.5166391 0.5218823 0.5263867 0.5301347 0.5331612 0.5353600 0.5366960 0.5372115 0.5369068 0.5357878 0.5338664 0.5310951 0.5274779 0.5232266 0.5182928 0.5126817 0.5064229 0.4995596 0.4921273 0.4841712 0.4757318
0.1257733 0.1327912 0.1400568 0.1475765 0.1553544 0.1633964 0.1717054 0.1802862 0.1891403 0.1982710 0.2076779 0.2173619 0.2273201 0.2375511 0.2480488 0.2588088 0.2698211 0.2810775 0.2925633 0.3042658 0.3161651 0.3282435 0.3404751 0.3528368 0.3652966 0.3778256 0.3903850 0.4029407 0.4154471 0.4278651 0.4401433 0.4522380 0.4640923 0.4756344 0.4867202 0.4974675 0.5078382 0.5177050 0.5270171 0.5357161 0.5437550 0.5510865 0.5576682 0.5634629 0.5684327 0.5725408 0.5757060 0.5780036 0.5794473 0.5799828 0.5796105 0.5783356 0.5761691 0.5731938 0.5694506 0.5647755 0.5592800 0.5530301 0.5460733 0.5384497 0.5302100 0.5213977 0.5120651
0.1346186 0.1420079 0.1496678 0.1576041 0.1658240 0.1743323 0.1831356 0.1922374 0.2016430 0.2113541 0.2213744 0.2317030 0.2423410 0.2532846 0.2645321 0.2760759 0.2879104 0.3000236 0.3124050 0.3250372 0.3379043 0.3509827 0.3642506 0.3776772 0.3912344 0.4048839 0.4185911 0.4323098 0.4459989 0.4596049 0.4730811 0.4863672 0.4994130 0.5121790 0.5246977 0.5367290 0.5481943 0.5591075 0.5694054 0.5790348 0.5879353 0.5960546 0.6033440 0.6097575 0.6152598 0.6198258 0.6234867 0.6261265 0.6277054 0.6282670 0.6278127 0.6263507 0.6238971 0.6204067 0.6158895 0.6105780 0.6044296 0.5974579 0.5897041 0.5812238 0.5720667 0.5622911 0.5519500
0.1438141 0.1515944 0.1596681 0.1680445 0.1767299 0.1857328 0.1950586 0.2047150 0.2147060 0.2250377 0.2357119 0.2467324 0.2580981 0.2698100 0.2818636 0.2942563 0.3069789 0.3200240 0.3333772 0.3470253 0.3609474 0.3751238 0.3895261 0.4041276 0.4188914 0.4337831 0.4487573 0.4637714 0.4787711 0.4937066 0.5085148 0.5231397 0.5375102 0.5515389 0.5650608 0.5781883 0.5908670 0.6029483 0.6143655 0.6250433 0.6349198 0.6439308 0.6520196 0.6591367 0.6652330 0.6702614 0.6741307 0.6769150 0.6786253 0.6792037 0.6786514 0.6769769 0.6741960 0.6704025 0.6656473 0.6597649 0.6528843 0.6450856 0.6364304 0.6269730 0.6167800 0.6059111 0.5944335
0.1533751 0.1615651 0.1700754 0.1789145 0.1880928 0.1976177 0.2074989 0.2177430 0.2283586 0.2393504 0.2507251 0.2624847 0.2746332 0.2871695 0.3000942 0.3134018 0.3270883 0.3411427 0.3555557 0.3703093 0.3853874 0.4007644 0.4164160 0.4323078 0.4484071 0.4646692 0.4810524 0.4975017 0.5139659 0.5303798 0.5466838 0.5628029 0.5786716 0.5942350 0.6095142 0.6242391 0.6383105 0.6517268 0.6644055 0.6762751 0.6872565 0.6972793 0.7062770 0.7141890 0.7209665 0.7265738 0.7310362 0.7342265 0.7360991 0.7366987 0.7360279 0.7340986 0.7309335 0.7264915 0.7207910 0.7140907 0.7063572 0.6976182 0.6879295 0.6773648 0.6659908 0.6538852 0.6411192
0.1633178 0.1719387 0.1809067 0.1902342 0.1999311 0.2100090 0.2204770 0.2313462 0.2426244 0.2543214 0.2664425 0.2789950 0.2919814 0.3054064 0.3192680 0.3335664 0.3482946 0.3634475 0.3790115 0.3949742 0.4113140 0.4280106 0.4450327 0.4623503 0.4799215 0.4977058 0.5156493 0.5337008 0.5517938 0.5698664 0.5878403 0.6056437 0.6231870 0.6403623 0.6569772 0.6731351 0.6887611 0.7036776 0.7177948 0.7310150 0.7432542 0.7544279 0.7644584 0.7732775 0.7808210 0.7870281 0.7917935 0.7951888 0.7972220 0.7978309 0.7970175 0.7947958 0.7911882 0.7863040 0.7802080 0.7727353 0.7640370 0.7542152 0.7433508 0.7315176 0.7188035 0.7052890 0.6910639
0.1736609 0.1827325 0.1921825 0.2020228 0.2122677 0.2229283 0.2340189 0.2455498 0.2575341 0.2699805 0.2829003 0.2962996 0.3101872 0.3245656 0.3394391 0.3548056 0.3706649 0.3870081 0.4038281 0.4211080 0.4388321 0.4569738 0.4755074 0.4943945 0.5135980 0.5330662 0.5527494 0.5725816 0.5925004 0.6124249 0.6322801 0.6519719 0.6714151 0.6905332 0.7093306 0.7274995 0.7449139 0.7615505 0.7772991 0.7920617 0.8057337 0.8182194 0.8294297 0.8392805 0.8477051 0.8546525 0.8601392 0.8640229 0.8662516 0.8668707 0.8658850 0.8633116 0.8591834 0.8534663 0.8461935 0.8376548 0.8278309 0.8167700 0.8045516 0.7912726 0.7770243 0.7619091 0.7460233
0.1844242 0.1939691 0.2039235 0.2143040 0.2251246 0.2364020 0.2481494 0.2603832 0.2731157 0.2863617 0.3001319 0.3144391 0.3292905 0.3446955 0.3606570 0.3771800 0.3942618 0.4119006 0.4300857 0.4488069 0.4680437 0.4877757 0.5079702 0.5285943 0.5496008 0.5709433 0.5925584 0.6143843 0.6363404 0.6583495 0.6803142 0.7021424 0.7237203 0.7449132 0.7654934 0.7855484 0.8049745 0.8235577 0.8411752 0.8576971 0.8730088 0.8869962 0.8995544 0.9105891 0.9200124 0.9277446 0.9336625 0.9378324 0.9402573 0.9408702 0.9396756 0.9366941 0.9319602 0.9256030 0.9177074 0.9081151 0.8970069 0.8845129 0.8707432 0.8558008 0.8398013 0.8228549 0.8050796
0.1956288 0.2056676 0.2161522 0.2270990 0.2385272 0.2504533 0.2628967 0.2758732 0.2894018 0.3034968 0.3181761 0.3334516 0.3493381 0.3658440 0.3829804 0.4007505 0.4191593 0.4382026 0.4578776 0.4781704 0.4990680 0.5205440 0.5425726 0.5651125 0.5881225 0.6115438 0.6353180 0.6593671 0.6836138 0.7079597 0.7323092 0.7565440 0.7805526 0.8042306 0.8275580 0.8501784 0.8719270 0.8927514 0.9125027 0.9310452 0.9482368 0.9639474 0.9780543 0.9904438 1.001021 1.009713 1.016521 1.021286 1.023946 1.024548 1.023100 1.019627 1.014177 1.006728 0.9973347 0.9863299 0.9737166 0.9595712 0.9440067 0.9271553 0.9091418 0.8901028 0.8701677
0.2072978 0.2178544 0.2288928 0.2404352 0.2525007 0.2651120 0.2782885 0.2920526 0.3064236 0.3214233 0.3370692 0.3533814 0.3703744 0.3880654 0.4064647 0.4255843 0.4454274 0.4659994 0.4872947 0.5093081 0.5320224 0.5554197 0.5794669 0.6041303 0.6293585 0.6550987 0.6812781 0.7078224 0.7346351 0.7616195 0.7886548 0.8156222 0.8423768 0.8687479 0.8944628 0.9195837 0.9439653 0.9673433 0.9895511 1.010413 1.029769 1.047464 1.063352 1.077304 1.089199 1.098928 1.106344 1.111504 1.114403 1.114969 1.113213 1.109163 1.102873 1.094498 1.084155 1.071698 1.057353 1.041288 1.023654 1.004595 0.9842686 0.9628244 0.9404199
0.2194578 0.2305533 0.2421726 0.2543376 0.2670740 0.2804047 0.2943560 0.3089511 0.3242168 0.3401755 0.3568531 0.3742701 0.3924502 0.4114111 0.4311724 0.4517461 0.4731454 0.4953746 0.5184382 0.5423289 0.5670386 0.5925451 0.6188241 0.6458341 0.6735311 0.7018501 0.7307239 0.7600605 0.7897663 0.8197209 0.8498034 0.8798640 0.9097569 0.9393394 0.9685570 0.9969901 1.024422 1.050754 1.075784 1.099325 1.121179 1.141165 1.159113 1.174866 1.188290 1.199280 1.207814 1.213708 1.216890 1.217407 1.215274 1.210528 1.203239 1.193407 1.181118 1.166762 1.150378 1.132086 1.112046 1.090439 1.067439 1.043231 1.017991
0.2321357 0.2437946 0.2560190 0.2688372 0.2822756 0.2963641 0.3111301 0.3266047 0.3428156 0.3597941 0.3775671 0.3961649 0.4156127 0.4359382 0.4571623 0.4793079 0.5023891 0.5264212 0.5514084 0.5773542 0.6042488 0.6320800 0.6608191 0.6904334 0.7208701 0.7520713 0.7839552 0.8164343 0.8493935 0.8827133 0.9162435 0.9498308 0.9832893 1.016401 1.048833 1.080608 1.111525 1.141249 1.169550 1.196185 1.220934 1.243577 1.263912 1.281755 1.296940 1.309317 1.318703 1.325138 1.328610 1.329040 1.326445 1.320874 1.312402 1.301228 1.287512 1.271136 1.252385 1.231488 1.208654 1.184084 1.157995 1.130595 1.102095
0.2453677 0.2576117 0.2704687 0.2839679 0.2981432 0.3130255 0.3286506 0.3450507 0.3622631 0.3803204 0.3992599 0.4191140 0.4399189 0.4617047 0.4845043 0.5083426 0.5332465 0.5592325 0.5863180 0.6145066 0.6438010 0.6741874 0.7056484 0.7381456 0.7716360 0.8060508 0.8413146 0.8773221 0.9139610 0.9510851 0.9885417 1.026141 1.063692 1.101001 1.137963 1.174075 1.209047 1.242716 1.274800 1.305035 1.333148 1.358881 1.381994 1.402265 1.419504 1.433558 1.444372 1.451729 1.455539 1.455852 1.452691 1.446116 1.436230 1.423068 1.406766 1.387792 1.366243 1.342301 1.316198 1.288185 1.258507 1.227418 1.195156
0.2591844 0.2720379 0.2855523 0.2997642 0.3147087 0.3304252 0.3469511 0.3643285 0.3825962 0.4017980 0.4219738 0.4431679 0.4654196 0.4887720 0.5132617 0.5389275 0.5657994 0.5939093 0.6232764 0.6539196 0.6858427 0.7190467 0.7535113 0.7892118 0.8260978 0.8641108 0.9031618 0.9431513 0.9839442 1.025394 1.067314 1.109508 1.151737 1.193718 1.235038 1.275661 1.315306 1.353538 1.390036 1.424462 1.456501 1.485844 1.512200 1.535308 1.554933 1.570866 1.582874 1.590971 1.595128 1.595262 1.591403 1.583626 1.572049 1.556930 1.538494 1.516676 1.491845 1.464319 1.434393 1.402353 1.368502 1.333126 1.296517
0.2736346 0.2871189 0.3013185 0.3162712 0.3320207 0.3486083 0.3660812 0.3844839 0.4038667 0.4242761 0.4457650 0.4683813 0.4921785 0.5172042 0.5435107 0.5711414 0.6001433 0.6305526 0.6624067 0.6957282 0.7305387 0.7668403 0.8046303 0.8438813 0.8845574 0.9265913 0.9699046 1.014380 1.059886 1.106246 1.153271 1.200720 1.248342 1.295875 1.343141 1.389526 1.434636 1.478210 1.519855 1.559190 1.595827 1.629401 1.659563 1.685994 1.708421 1.726620 1.740485 1.749751 1.754307 1.754204 1.749482 1.740237 1.726621 1.708731 1.686776 1.661341 1.632608 1.600860 1.566430 1.529678 1.490947 1.450588 1.408933
0.2887602 0.3028997 0.3178086 0.3335336 0.3501203 0.3676201 0.3860826 0.4055641 0.4261178 0.4478046 0.4706807 0.4948096 0.5202498 0.5470665 0.5753170 0.6050646 0.6363624 0.6692672 0.7038228 0.7400729 0.7780448 0.8177618 0.8592235 0.9024222 0.9473194 0.9938636 1.041965 1.091516 1.142362 1.194327 1.247183 1.300678 1.354503 1.408292 1.461519 1.514062 1.565523 1.615327 1.663016 1.708112 1.750159 1.788713 1.823353 1.853699 1.879409 1.900188 1.915728 1.926006 1.930968 1.930527 1.924734 1.913709 1.897635 1.876860 1.851713 1.822214 1.788864 1.752110 1.712376 1.670075 1.625634 1.579455 1.531937
0.3046220 0.3194368 0.3350824 0.3516072 0.3690672 0.3875160 0.4070154 0.4276250 0.4494126 0.4724422 0.4967875 0.5225170 0.5497077 0.5784315 0.6087671 0.6407856 0.6745630 0.7101653 0.7476609 0.7871031 0.8285444 0.8720161 0.9175428 0.9651210 1.014734 1.066328 1.119830 1.175116 1.232040 1.290396 1.349949 1.410397 1.471412 1.532634 1.593790 1.654106 1.713042 1.770188 1.824984 1.876882 1.925318 1.969758 2.009695 2.044664 2.074260 2.098151 2.116153 2.127936 2.133357 2.132469 2.125342 2.112129 2.093065 2.068341 2.038290 2.003662 1.964782 1.922082 1.876056 1.827216 1.776056 1.723068 1.668710
0.3212769 0.3367904 0.3531956 0.3705512 0.3889156 0.4083544 0.4289332 0.4507253 0.4738037 0.4982489 0.5241406 0.5515665 0.5806121 0.6113705 0.6439312 0.6783893 0.7148334 0.7533564 0.7940402 0.8369676 0.8822046 0.9298127 0.9798283 1.032277 1.087149 1.144415 1.203997 1.265791 1.329628 1.395305 1.462547 1.531036 1.600370 1.670071 1.739463 1.808294 1.875991 1.941776 2.004988 2.064937 2.120955 2.172385 2.218612 2.259072 2.293263 2.320752 2.341126 2.354295 2.360174 2.358671 2.349877 2.333984 2.311276 2.282248 2.247389 2.206866 2.161379 2.111576 2.058075 2.001482 1.942405 1.881414 1.819062
0.3388091 0.3550398 0.3722306 0.3904425 0.4097458 0.4302100 0.4519146 0.4749382 0.4993698 0.5252973 0.5528197 0.5820337 0.6130474 0.6459655 0.6809033 0.7179707 0.7572857 0.7989582 0.8431036 0.8898230 0.9392183 0.9913700 1.046352 1.104205 1.164956 1.228581 1.295033 1.364200 1.435930 1.509992 1.586104 1.663891 1.742924 1.822717 1.902853 1.982343 2.060427 2.136473 2.209669 2.279205 2.344254 2.404023 2.457756 2.504761 2.544434 2.576275 2.599973 2.615107 2.621485 2.619171 2.608283 2.589066 2.561890 2.527106 2.485242 2.437304 2.383842 2.325528 2.263096 2.197294 2.128839 2.058425 1.986693
0.3572995 0.3742688 0.3922655 0.4113627 0.4316339 0.4531628 0.4760337 0.5003420 0.5261835 0.5536657 0.5828972 0.6139981 0.6470883 0.6823006 0.7197658 0.7596258 0.8020179 0.8470892 0.8949778 0.9458267 0.9997625 1.056912 1.117373 1.181235 1.248542 1.319317 1.393519 1.471071 1.551808 1.635512 1.721859 1.810456 1.900788 1.992221 2.083874 2.175301 2.265671 2.353904 2.439025 2.520017 2.595886 2.665647 2.728378 2.783228 2.829446 2.866387 2.893471 2.910509 2.917366 2.913954 2.900425 2.877093 2.844414 2.803113 2.753938 2.697301 2.634217 2.565647 2.492515 2.415715 2.336127 2.254569 2.171809
0.3768605 0.3945839 0.4134099 0.4334147 0.4546860 0.4773119 0.5013933 0.5270322 0.5543445 0.5834470 0.6144717 0.6475515 0.6828350 0.7204713 0.7606246 0.8034585 0.8491501 0.8978729 0.9498116 1.005140 1.064038 1.126666 1.193180 1.263703 1.338337 1.417134 1.500104 1.587179 1.678232 1.773024 1.871235 1.972408 2.075990 2.181327 2.287795 2.394099 2.499155 2.601987 2.701394 2.796160 2.885043 2.966842 3.040412 3.104704 3.158799 3.201935 3.233605 3.253242 3.260589 3.255725 3.238853 3.210372 3.170878 3.120988 3.061550 2.993972 2.919169 2.838199 2.752172 2.662203 2.569336 2.474567 2.378794
0.3976093 0.4161048 0.4357766 0.4567146 0.4790106 0.5027692 0.5280972 0.5551166 0.5839522 0.6147448 0.6476388 0.6827958 0.7203811 0.7605786 0.8035754 0.8495767 0.8987887 0.9514350 1.007736 1.067925 1.132224 1.200862 1.274041 1.351957 1.434761 1.522575 1.615448 1.713372 1.816233 1.923824 2.035793 2.151669 2.270801 2.392352 2.515153 2.638462 2.761064 2.881413 2.998049 3.109440 3.214068 3.310438 3.397131 3.472850 3.536443 3.586937 3.623491 3.645756 3.653521 3.646709 3.625582 3.590657 3.542677 3.482740 3.412024 3.331361 3.242273 3.146219 3.044607 2.938782 2.830034 2.719539 2.608375
0.4197024 0.4389811 0.4595185 0.4814072 0.5047556 0.5296735 0.5562879 0.5847284 0.6151438 0.6476864 0.6825299 0.7198520 0.7598535 0.8027409 0.8487450 0.8981003 0.9510666 1.007906 1.068905 1.134343 1.204521 1.279724 1.360244 1.446341 1.538261 1.636190 1.740270 1.850539 1.966956 2.089322 2.217315 2.350403 2.487893 2.628903 2.772518 2.916999 3.060767 3.202308 3.339803 3.471389 3.595159 3.709260 3.811925 3.901534 3.976665 4.036145 4.079152 4.104893 4.113016 4.103623 4.077062 4.033994 3.975388 3.902318 3.816170 3.719001 3.612340 3.497869 3.377306 3.252332 3.124498 2.995236 2.865806
0.4433103 0.4633868 0.4848005 0.5076606 0.5320799 0.5581878 0.5861176 0.6160230 0.6480633 0.6824195 0.7192808 0.7588602 0.8013805 0.8470920 0.8962554 0.9491606 1.006107 1.067426 1.133455 1.204558 1.281104 1.363478 1.452051 1.547202 1.649265 1.758550 1.875287 1.999633 2.131604 2.271087 2.417755 2.571088 2.730283 2.894244 3.061397 3.230551 3.399891 3.567143 3.730067 3.886300 4.033477 4.169268 4.291468 4.398054 4.487243 4.557532 4.607673 4.637056 4.645354 4.632510 4.598972 4.545597 4.473611 4.384741 4.280892 4.163624 4.035295 3.898192 3.754500 3.606276 3.455438 3.303689 3.152530
0.4686558 0.4895352 0.5118398 0.5356827 0.5611944 0.5885113 0.6177890 0.6491912 0.6829044 0.7191245 0.7580747 0.7999895 0.8451344 0.8937900 0.9462704 1.002908 1.064069 1.130142 1.201551 1.278736 1.362171 1.452337 1.549739 1.654868 1.768215 1.890215 2.021263 2.161634 2.311495 2.470806 2.639325 2.816508 3.001520 3.193195 3.390203 3.590144 3.790662 3.989367 4.183438 4.369945 4.545893 4.708362 4.854581 4.982011 5.088433 5.172006 5.231409 5.265499 5.273757 5.256330 5.213801 5.147271 5.058339 4.948865 4.821162 4.678386 4.523113 4.358073 4.185987 4.009433 3.830738 3.651972 3.474887
0.4959872 0.5176787 0.5408790 0.5657183 0.5923333 0.6208811 0.6515267 0.6844593 0.7198792 0.7580154 0.7991104 0.8434395 0.8912977 0.9430183 0.9989554 1.059509 1.125103 1.196213 1.273341 1.357039 1.447884 1.546505 1.653537 1.769651 1.895500 2.031730 2.178915 2.337552 2.507968 2.690311 2.884423 3.089833 3.305621 3.530373 3.761950 3.998456 4.237115 4.474462 4.706959 4.930855 5.142383 5.337841 5.513738 5.666892 5.794508 5.894250 5.964216 6.003376 6.011194 5.987648 5.933478 5.850105 5.739576 5.604696 5.448629 5.274240 5.085326 4.885579 4.678477 4.467219 4.254683 4.043334 3.835247
0.5256265 0.5481289 0.5722321 0.5980709 0.6258024 0.6555903 0.6876248 0.7221072 0.7592686 0.7993557 0.8426507 0.8894556 0.9401152 0.9950005 1.054533 1.119166 1.189410 1.265818 1.349006 1.439634 1.538430 1.646166 1.763676 1.891820 2.031499 2.183592 2.348966 2.528371 2.722437 2.931528 3.155715 3.394601 3.647296 3.912310 4.187723 4.470119 4.755869 5.041098 5.321272 5.591656 5.847422 6.083886 6.296634 6.481666 6.635491 6.755229 6.838750 6.884346 6.891215 6.859531 6.790238 6.685148 6.546936 6.378837 6.184818 5.969951 5.738685 5.495579 5.245040 4.991103 4.737278 4.486540 4.241279
