T2-onemodel/GL33.grd
DSAA
         100         100
  -20.00000       20.00000    
  -20.00000       20.00000    
 -1.4652751E-03   1.061170    
[rows 24 to 47 of 100, columns 0 to 52 of 100]
2.7460943E-03 2.9872390E-03 3.2449760E-03 3.5206501E-03 3.8158111E-03 4.1320696E-03 4.4712769E-03 4.8353863E-03 5.2266223E-03 5.6473380E-03 6.1002020E-03 6.5880464E-03 7.1140691E-03 7.6816636E-03 8.2946401E-03 8.9570321E-03 9.6733170E-03 1.0448226E-02 1.1286925E-02 1.2194802E-02 1.3177642E-02 1.4241312E-02 1.5391904E-02 1.6635323E-02 1.7977325E-02 1.9422952E-02 2.0976426E-02 2.2640407E-02 2.4415739E-02 2.6300570E-02 2.8289935E-02 3.0375028E-02 3.2541230E-02 3.4768872E-02 3.7042763E-02 3.9335553E-02 4.1615188E-02 4.3848768E-02 4.6001747E-02 4.8039027E-02 4.9926329E-02 5.1630951E-02 5.3123210E-02 5.4376658E-02 5.5369578E-02 5.6084599E-02 5.6510195E-02 5.6639023E-02 5.6472704E-02 5.6018401E-02 5.5287909E-02 5.4299314E-02 5.3079423E-02
3.0575346E-03 3.3081966E-03 3.5764445E-03 3.8638171E-03 4.1719466E-03 4.5026899E-03 4.8580151E-03 5.2401749E-03 5.6515872E-03 6.0949735E-03 6.5732752E-03 7.0898049E-03 7.6481397E-03 8.2523134E-03 8.9066615E-03 9.6160425E-03 1.0385681E-02 1.1221382E-02 1.2129351E-02 1.3116375E-02 1.4189615E-02 1.5356757E-02 1.6625669E-02 1.8004498E-02 1.9501176E-02 2.1123305E-02 2.2877486E-02 2.4768915E-02 2.6800474E-02 2.8972078E-02 3.1279594E-02 3.3714090E-02 3.6262698E-02 3.8907010E-02 4.1612603E-02 4.4347718E-02 4.7076728E-02 4.9758121E-02 5.2348044E-02 5.4802019E-02 5.7076439E-02 5.9130296E-02 6.0925983E-02 6.2430806E-02 6.3617140E-02 6.4463884E-02 6.4956151E-02 6.5087855E-02 6.4857528E-02 6.4272352E-02 6.3349083E-02 6.2111761E-02 6.0587659E-02
3.3950491E-03 3.6552195E-03 3.9340616E-03 4.2331787E-03 4.5544361E-03 4.8997784E-03 5.2714739E-03 5.6719356E-03 6.1039315E-03 6.5704300E-03 7.0748297E-03 7.6207942E-03 8.2125114E-03 8.8544972E-03 9.5519004E-03 1.0310297E-02 1.1135976E-02 1.2035760E-02 1.3017286E-02 1.4088759E-02 1.5259264E-02 1.6538421E-02 1.7936612E-02 1.9464551E-02 2.1133311E-02 2.2953648E-02 2.4935771E-02 2.7088245E-02 2.9417381E-02 3.1925742E-02 3.4611054E-02 3.7464656E-02 4.0468570E-02 4.3595802E-02 4.6821449E-02 5.0103150E-02 5.3390298E-02 5.6629423E-02 5.9764188E-02 6.2737606E-02 6.5494388E-02 6.7982472E-02 7.0154935E-02 7.1970522E-02 7.3395260E-02 7.4402124E-02 7.4972816E-02 7.5096190E-02 7.4773729E-02 7.4016303E-02 7.2843693E-02 7.1286350E-02 6.9388293E-02
3.7629260E-03 4.0326337E-03 4.3220362E-03 4.6329624E-03 4.9673468E-03 5.3274222E-03 5.7155797E-03 6.1345738E-03 6.5873726E-03 7.0773927E-03 7.6083308E-03 8.1844255E-03 8.8103060E-03 9.4912658E-03 1.0233114E-02 1.1042448E-02 1.1926512E-02 1.2893554E-02 1.3952596E-02 1.5113782E-02 1.6388182E-02 1.7788077E-02 1.9326644E-02 2.1018146E-02 2.2877419E-02 2.4919752E-02 2.7159991E-02 2.9611878E-02 3.2286536E-02 3.5191119E-02 3.8326625E-02 4.1685950E-02 4.5253921E-02 4.9004536E-02 5.2887809E-02 5.6852393E-02 6.0838696E-02 6.4777553E-02 6.8596065E-02 7.2220959E-02 7.5581461E-02 7.8612037E-02 8.1253588E-02 8.3455198E-02 8.5174114E-02 8.6377323E-02 8.7041155E-02 8.7154403E-02 8.6714454E-02 8.5732386E-02 8.4234655E-02 8.2261391E-02 7.9861343E-02
4.1661644E-03 4.4453042E-03 4.7452655E-03 5.0679138E-03 5.4154620E-03 5.7902322E-03 6.1949445E-03 6.6325092E-03 7.1063237E-03 7.6200408E-03 8.1779072E-03 8.7845493E-03 9.4453115E-03 1.0166075E-02 1.0953610E-02 1.1815403E-02 1.2760034E-02 1.3797051E-02 1.4937364E-02 1.6193047E-02 1.7577831E-02 1.9106844E-02 2.0797009E-02 2.2666691E-02 2.4735909E-02 2.7025560E-02 2.9557217E-02 3.2351598E-02 3.5427384E-02 3.8798649E-02 4.2472210E-02 4.6444271E-02 5.0695010E-02 5.5187300E-02 5.9879728E-02 6.4702936E-02 6.9572076E-02 7.4395746E-02 7.9078257E-02 8.3524510E-02 8.7644249E-02 9.1354556E-02 9.4582208E-02 9.7263910E-02 9.9347569E-02 0.1007914 0.1015658 0.1016520 0.1010488 9.9770561E-02 9.7848281E-02 9.5332719E-02 9.2298388E-02
4.6108705E-03 4.8993835E-03 5.2097389E-03 5.5440571E-03 5.9046270E-03 6.2940642E-03 6.7152181E-03 7.1713901E-03 7.6661711E-03 8.2037253E-03 8.7886173E-03 9.4261328E-03 1.0122133E-02 1.0883366E-02 1.1717404E-02 1.2632953E-02 1.3639769E-02 1.4749172E-02 1.5973853E-02 1.7328434E-02 1.8829379E-02 2.0495525E-02 2.2347961E-02 2.4410475E-02 2.6709236E-02 2.9272906E-02 3.2131732E-02 3.5316683E-02 3.8857203E-02 4.2778526E-02 4.7097303E-02 5.1816598E-02 5.6922857E-02 6.2380008E-02 6.8111330E-02 7.4027956E-02 8.0023378E-02 8.5975230E-02 9.1756776E-02 9.7244151E-02 0.1023218 0.1068861 0.1108467 0.1141269 0.1166628 0.1184036 0.1193109 0.1193623 0.1185490 0.1168830 0.1144027 0.1111735 0.1072830
5.1040598E-03 5.4017226E-03 5.7223644E-03 6.0681389E-03 6.4416062E-03 6.8454905E-03 7.2829798E-03 7.7575468E-03 8.2732365E-03 8.8344840E-03 9.4464347E-03 1.0114801E-02 1.0846245E-02 1.1648193E-02 1.2529303E-02 1.3499329E-02 1.4569617E-02 1.5753068E-02 1.7064704E-02 1.8521650E-02 2.0143852E-02 2.1954086E-02 2.3978725E-02 2.6247755E-02 2.8795449E-02 3.1659998E-02 3.4883689E-02 3.8511351E-02 4.2588651E-02 4.7157895E-02 5.2252274E-02 5.7887573E-02 6.4050123E-02 7.0689693E-02 7.7733390E-02 8.5056745E-02 9.2503987E-02 9.9907301E-02 0.1070962 0.1139086 0.1201979 0.1258358 0.1307133 0.1347387 0.1378362 0.1399433 0.1410113 0.1410042 0.1399080 0.1377324 0.1345180 0.1303452 0.1253431
5.6539490E-03 5.9606126E-03 6.2912540E-03 6.6482932E-03 7.0343469E-03 7.4524661E-03 7.9059638E-03 8.3987117E-03 8.9349700E-03 9.5196860E-03 1.0158379E-02 1.0857455E-02 1.1624122E-02 1.2466790E-02 1.3394974E-02 1.4419856E-02 1.5554109E-02 1.6812716E-02 1.8212864E-02 1.9774806E-02 2.1521987E-02 2.3482064E-02 2.5687143E-02 2.8174998E-02 3.0989325E-02 3.4180857E-02 3.7807204E-02 4.1932747E-02 4.6626288E-02 5.1956970E-02 5.7985649E-02 6.4752206E-02 7.2261870E-02 8.0467388E-02 8.9238524E-02 9.8401874E-02 0.1077451 0.1170331 0.1260349 0.1345389 0.1423612 0.1493470 0.1553683 0.1603198 0.1641133 0.1666746 0.1679406 0.1678629 0.1664070 0.1635679 0.1593842 0.1539524 0.1474301
6.2696626E-03 6.5849908E-03 6.9253980E-03 7.2933156E-03 7.6916898E-03 8.1236074E-03 8.5927863E-03 9.1032283E-03 9.6596749E-03 1.0267340E-02 1.0932361E-02 1.1661578E-02 1.2463069E-02 1.3345918E-02 1.4320882E-02 1.5400224E-02 1.6598426E-02 1.7932249E-02 1.9421611E-02 2.1089699E-02 2.2964247E-02 2.5077842E-02 2.7469585E-02 3.0185733E-02 3.3281785E-02 3.6823329E-02 4.0888220E-02 4.5566648E-02 5.0961126E-02 5.7181697E-02 6.4335950E-02 7.2508454E-02 8.1726849E-02 9.1928825E-02 0.1029674 0.1145781 0.1264317 0.1381901 0.1495379 0.1602027 0.1699603 0.1786312 0.1860727 0.1921690 0.1968228 0.1999470 0.2014614 0.2012894 0.1993713 0.1956730 0.1902120 0.1830904 0.1745322
6.9610151E-03 7.2847605E-03 7.6345014E-03 8.0129942E-03 8.4231691E-03 8.8685025E-03 9.3527623E-03 9.8804254E-03 1.0456365E-02 1.1086397E-02 1.1776933E-02 1.2535614E-02 1.3370984E-02 1.4293238E-02 1.5313938E-02 1.6446942E-02 1.7708067E-02 1.9116413E-02 2.0694248E-02 2.2468355E-02 2.4470473E-02 2.6739132E-02 2.9320456E-02 3.2270949E-02 3.5658959E-02 3.9568521E-02 4.4101913E-02 4.9383819E-02 5.5563163E-02 6.2812865E-02 7.1318820E-02 8.1251599E-02 9.2713185E-02 0.1056597 0.1198185 0.1347645 0.1499961 0.1650188 0.1794080 0.1928249 0.2050110 0.2157723 0.2249617 0.2324626 0.2381735 0.2419971 0.2438310 0.2435671 0.2410902 0.2363030 0.2291651 0.2197569 0.2083425
7.7373218E-03 8.0690086E-03 8.4277606E-03 8.8162571E-03 9.2378343E-03 9.6959164E-03 1.0194719E-02 1.0738784E-02 1.1333550E-02 1.1984959E-02 1.2700165E-02 1.3487101E-02 1.4355295E-02 1.5315479E-02 1.6380616E-02 1.7565491E-02 1.8887948E-02 2.0368787E-02 2.2033269E-02 2.3911227E-02 2.6039230E-02 2.8461248E-02 3.1231698E-02 3.4417246E-02 3.8101416E-02 4.2388331E-02 4.7410194E-02 5.3333849E-02 6.0371473E-02 6.8787538E-02 7.8899056E-02 9.1042817E-02 0.1054692 0.1221535 0.1406874 0.1603025 0.1801486 0.1995037 0.2178216 0.2347142 0.2499141 0.2632370 0.2745523 0.2837571 0.2907571 0.2954478 0.2977028 0.2973605 0.2942306 0.2881026 0.2787978 0.2662844 0.2508757
8.6053843E-03 8.9447144E-03 9.3118548E-03 9.7099757E-03 1.0142176E-02 1.0612495E-02 1.1124942E-02 1.1684722E-02 1.2297176E-02 1.2969079E-02 1.3707538E-02 1.4521533E-02 1.5420775E-02 1.6417328E-02 1.7524622E-02 1.8759295E-02 2.0140182E-02 2.1690736E-02 2.3438180E-02 2.5416378E-02 2.7665628E-02 3.0236535E-02 3.3190701E-02 3.6606587E-02 4.0582314E-02 4.5245085E-02 5.0758932E-02 5.7341646E-02 6.5282807E-02 7.4974820E-02 8.6941309E-02 0.1018432 0.1203369 0.1425862 0.1676728 0.1940298 0.2202399 0.2453161 0.2686453 0.2898572 0.3087330 0.3251419 0.3390011 0.3502448 0.3587996 0.3645635 0.3673843 0.3670437 0.3632322 0.3555508 0.3435407 0.3268380 0.3055792
9.5634526E-03 9.9100312E-03 1.0284909E-02 1.0692134E-02 1.1134195E-02 1.1616066E-02 1.2141178E-02 1.2715795E-02 1.3344720E-02 1.4035922E-02 1.4796065E-02 1.5635565E-02 1.6563777E-02 1.7594591E-02 1.8741315E-02 2.0022890E-02 2.1458521E-02 2.3074789E-02 2.4900082E-02 2.6972886E-02 2.9336216E-02 3.2047950E-02 3.5175685E-02 3.8810417E-02 4.3063533E-02 4.8086580E-02 5.4074973E-02 6.1302081E-02 7.0142642E-02 8.1146859E-02 9.5126763E-02 0.1133174 0.1373622 0.1681073 0.2033878 0.2396093 0.2744918 0.3069509 0.3365087 0.3629514 0.3862055 0.4062515 0.4230976 0.4367397 0.4471468 0.4542287 0.4578154 0.4576186 0.4531949 0.4438899 0.4287690 0.4066793 0.3769037
1.0586649E-02 1.0941557E-02 1.1321932E-02 1.1739305E-02 1.2188659E-02 1.2683083E-02 1.3217920E-02 1.3808279E-02 1.4450261E-02 1.5161489E-02 1.5939295E-02 1.6804760E-02 1.7757108E-02 1.8822176E-02 2.0002387E-02 2.1330133E-02 2.2812949E-02 2.4492936E-02 2.6386194E-02 2.8549617E-02 3.1013461E-02 3.3858575E-02 3.7140422E-02 4.0980417E-02 4.5481283E-02 5.0839592E-02 5.7254557E-02 6.5079086E-02 7.4737951E-02 8.6973302E-02 0.1028712 0.1244550 0.1552164 0.1985501 0.2492464 0.2991081 0.3451800 0.3866963 0.4236919 0.4562440 0.4845690 0.5087891 0.5290722 0.5454800 0.5580643 0.5667461 0.5713651 0.5715707 0.5667890 0.5560901 0.5379581 0.5100318 0.4691062
1.1609740E-02 1.1970071E-02 1.2357616E-02 1.2781960E-02 1.3240277E-02 1.3743736E-02 1.4289869E-02 1.4892001E-02 1.5548389E-02 1.6275125E-02 1.7071642E-02 1.7957749E-02 1.8934794E-02 2.0027798E-02 2.1241151E-02 2.2607308E-02 2.4135612E-02 2.5869459E-02 2.7826611E-02 3.0067299E-02 3.2623712E-02 3.5583213E-02 3.9003942E-02 4.3019939E-02 4.7739193E-02 5.3382967E-02 6.0163967E-02 6.8488337E-02 7.8823224E-02 9.2049964E-02 0.1094284 0.1335158 0.1689256 0.2221998 0.2886778 0.3541969 0.4131652 0.4650460 0.5104529 0.5498750 0.5838803 0.6127721 0.6369226 0.6564593 0.6715652 0.6821539 0.6881405 0.6890790 0.6843876 0.6728665 0.6527027 0.6205744 0.5714668
1.2557943E-02 1.2919387E-02 1.3317280E-02 1.3743790E-02 1.4214359E-02 1.4721387E-02 1.5282252E-02 1.5889969E-02 1.6564282E-02 1.7299371E-02 1.8118143E-02 1.9016506E-02 2.0021629E-02 2.1132387E-02 2.2382008E-02 2.3773996E-02 2.5350068E-02 2.7121635E-02 2.9143468E-02 3.1439997E-02 3.4086421E-02 3.7130065E-02 4.0680412E-02 4.4826586E-02 4.9740221E-02 5.5592611E-02 6.2679715E-02 7.1353868E-02 8.2198583E-02 9.6038707E-02 0.1142873 0.1393413 0.1755688 0.2297179 0.3034216 0.3824197 0.4544115 0.5173338 0.5717387 0.6186403 0.6587827 0.6928191 0.7211922 0.7442486 0.7621838 0.7750511 0.7827413 0.7848848 0.7808351 0.7693841 0.7486595 0.7153826 0.6648653
1.3392258E-02 1.3760717E-02 1.4161459E-02 1.4596226E-02 1.5070875E-02 1.5587842E-02 1.6154451E-02 1.6774235E-02 1.7456628E-02 1.8206602E-02 1.9036537E-02 1.9953582E-02 2.0974193E-02 2.2108871E-02 2.3379974E-02 2.4803147E-02 2.6409348E-02 2.8222425E-02 3.0286891E-02 3.2639820E-02 3.5347346E-02 3.8469505E-02 4.2108785E-02 4.6366841E-02 5.1411860E-02 5.7426397E-02 6.4708479E-02 7.3615037E-02 8.4733777E-02 9.8853819E-02 0.1173245 0.1421936 0.1770860 0.2274604 0.2990104 0.3852030 0.4688989 0.5427812 0.6065421 0.6612764 0.7079633 0.7474982 0.7804552 0.8073645 0.8284652 0.8439628 0.8537328 0.8575517 0.8547271 0.8442746 0.8243651 0.7923945 0.7443275
1.4109771E-02 1.4485392E-02 1.4887256E-02 1.5330458E-02 1.5807059E-02 1.6334012E-02 1.6903726E-02 1.7535500E-02 1.8222557E-02 1.8987190E-02 1.9823853E-02 2.0758992E-02 2.1789243E-02 2.2946630E-02 2.4231428E-02 2.5683479E-02 2.7309090E-02 2.9159488E-02 3.1251281E-02 3.3653151E-02 3.6398996E-02 3.9586019E-02 4.3278631E-02 4.7622342E-02 5.2739117E-02 5.8863044E-02 6.6230685E-02 7.5254783E-02 8.6422615E-02 0.1005487 0.1187326 0.1427970 0.1754494 0.2210609 0.2855152 0.3706947 0.4627213 0.5469356 0.6201801 0.6829654 0.7365476 0.7818568 0.8197599 0.8507981 0.8754339 0.8938597 0.9061403 0.9120451 0.9110839 0.9023374 0.8843659 0.8550113 0.8111715
1.4719459E-02 1.5094570E-02 1.5503946E-02 1.5947176E-02 1.6432391E-02 1.6960150E-02 1.7539812E-02 1.8173439E-02 1.8872198E-02 1.9640060E-02 2.0490641E-02 2.1430830E-02 2.2477787E-02 2.3642767E-02 2.4947802E-02 2.6410788E-02 2.8061286E-02 2.9926918E-02 3.2049332E-02 3.4471858E-02 3.7255052E-02 4.0468592E-02 4.4205107E-02 4.8579317E-02 5.3741321E-02 5.9888139E-02 6.7279167E-02 7.6272994E-02 8.7352186E-02 0.1012180 0.1188480 0.1417248 0.1719972 0.2130330 0.2696581 0.3473607 0.4415442 0.5346426 0.6171609 0.6882605 0.7489572 0.8003777 0.8434911 0.8789938 0.9074528 0.9291587 0.9442920 0.9526988 0.9540699 0.9476252 0.9322900 0.9062679 0.8672460
1.5225008E-02 1.5601369E-02 1.6014891E-02 1.6459793E-02 1.6949907E-02 1.7479850E-02 1.8065412E-02 1.8701915E-02 1.9407768E-02 2.0179380E-02 2.1038551E-02 2.1983542E-02 2.3040922E-02 2.4211939E-02 2.5529604E-02 2.7000090E-02 2.8665597E-02 3.0540092E-02 3.2679949E-02 3.5111871E-02 3.7913863E-02 4.1134626E-02 4.4887047E-02 4.9258336E-02 5.4420915E-02 6.0532123E-02 6.7871682E-02 7.6731548E-02 8.7596312E-02 0.1010305 0.1179351 0.1394556 0.1673923 0.2042258 0.2539098 0.3217588 0.4108330 0.5091744 0.6004288 0.6799765 0.7480437 0.8058881 0.8544860 0.8947785 0.9273354 0.9526674 0.9709521 0.9822710 0.9863394 0.9826811 0.9703687 0.9481162 0.9140049
1.5634043E-02 1.6016422E-02 1.6427498E-02 1.6879046E-02 1.7366802E-02 1.7904149E-02 1.8487474E-02 1.9132121E-02 1.9835899E-02 2.0616587E-02 2.1473873E-02 2.2428928E-02 2.3484429E-02 2.4666443E-02 2.5982073E-02 2.7464209E-02 2.9126797E-02 3.1012816E-02 3.3147451E-02 3.5588633E-02 3.8379516E-02 4.1602354E-02 4.5329757E-02 4.9683895E-02 5.4788489E-02 6.0834136E-02 6.8035699E-02 7.6707333E-02 8.7232985E-02 0.1001600 0.1162013 0.1363660 0.1620510 0.1952711 0.2390091 0.2976949 0.3768012 0.4740452 0.5724194 0.6602810 0.7360576 0.8005739 0.8550195 0.9003549 0.9373517 0.9665682 0.9883451 1.002842 1.009949 1.009359 1.000375 0.9820323 0.9527790
1.5960239E-02 1.6342828E-02 1.6755791E-02 1.7207669E-02 1.7697459E-02 1.8235238E-02 1.8820688E-02 1.9465931E-02 2.0171780E-02 2.0953063E-02 2.1812299E-02 2.2767762E-02 2.3824675E-02 2.5006482E-02 2.6322355E-02 2.7802806E-02 2.9463185E-02 3.1344391E-02 3.3471689E-02 3.5901479E-02 3.8674787E-02 4.1872390E-02 4.5561127E-02 4.9860895E-02 5.4882482E-02 6.0810652E-02 6.7832857E-02 7.6246157E-02 8.6375393E-02 9.8719500E-02 0.1138597 0.1326750 0.1562532 0.1862613 0.2249593 0.2759368 0.3441463 0.4336656 0.5349709 0.6306050 0.7142550 0.7857948 0.8464078 0.8971013 0.9388401 0.9722210 0.9977840 1.015725 1.026164 1.028845 1.023396 1.008983 0.9845366
1.6209763E-02 1.6588898E-02 1.7005922E-02 1.7454028E-02 1.7948020E-02 1.8481558E-02 1.9071300E-02 1.9711660E-02 2.0421749E-02 2.1197192E-02 2.2060230E-02 2.3008473E-02 2.4068328E-02 2.5240611E-02 2.6557533E-02 2.8024733E-02 2.9682549E-02 3.1544097E-02 3.3661939E-02 3.6060870E-02 3.8811415E-02 4.1957758E-02 4.5598097E-02 4.9807947E-02 5.4730214E-02 6.0492743E-02 6.7311898E-02 7.5405575E-02 8.5114725E-02 9.6816212E-02 0.1110715 0.1285498 0.1502320 0.1773830 0.2118724 0.2563909 0.3150718 0.3933014 0.4909606 0.5923323 0.6837466 0.7626920 0.8297703 0.8862059 0.9329419 0.9708173 1.000382 1.022043 1.035969 1.042140 1.040286 1.029853 1.009982
1.6383901E-02 1.6765120E-02 1.7178899E-02 1.7628904E-02 1.8119190E-02 1.8654348E-02 1.9239632E-02 1.9881004E-02 2.0585639E-02 2.1361174E-02 2.2217283E-02 2.3163985E-02 2.4214592E-02 2.5382685E-02 2.6686568E-02 2.8145080E-02 2.9783737E-02 3.1628970E-02 3.3717316E-02 3.6086682E-02 3.8789988E-02 4.1883204E-02 4.5444373E-02 4.9558211E-02 5.4342657E-02 5.9928708E-02 6.6498913E-02 7.4261092E-02 8.3504811E-02 9.4569057E-02 0.1079280 0.1241539 0.1440588 0.1686695 0.1995187 0.2386824 0.2894519 0.3564904 0.4445758 0.5468197 0.6452954 0.7317946 0.8057584 0.8682514 0.9203305 0.9629632 0.9967990 1.022403 1.040020 1.049817 1.051623 1.045154 1.029694
