T2-onemodel/GL33.grd
DSAA
         100         100
  -20.00000       20.00000    
  -20.00000       20.00000    
  9.6386217E-02   103.2993    
[rows 28 to 55 of 100, columns 0 to 62 of 100]
0.5579360 0.5812514 0.6062540 0.6330978 0.6619455 0.6929850 0.7264157 0.7624684 0.8013894 0.8434626 0.8889936 0.9383322 0.9918579 1.050005 1.113244 1.182114 1.257197 1.339160 1.428722 1.526696 1.633960 1.751490 1.880328 2.021606 2.176499 2.346239 2.532032 2.735041 2.956264 3.196476 3.456034 3.734796 4.031889 4.345582 4.672936 5.010920 5.355122 5.700022 6.039813 6.368337 6.679438 6.967129 7.225837 7.450536 7.636860 7.781171 7.880545 7.933248 7.938360 7.895830 7.806815 7.673622 7.499686 7.289695 7.049093 6.783148 6.498270 6.200636 5.895942 5.589247 5.284884 4.986374 4.696473
0.5933748 0.6174945 0.6433961 0.6712376 0.7012047 0.7334920 0.7683269 0.8059525 0.8466508 0.8907250 0.9385254 0.9904318 1.046884 1.108360 1.175411 1.248640 1.328741 1.416476 1.512714 1.618411 1.734653 1.862624 2.003652 2.159166 2.330734 2.519989 2.728647 2.958379 3.210779 3.487156 3.788424 4.114795 4.465632 4.839190 5.232720 5.641158 6.058648 6.478620 6.893457 7.295210 7.675895 8.027888 8.344135 8.618350 8.845123 9.019988 9.139558 9.201189 9.203507 9.146585 9.031788 8.862002 8.641689 8.376548 8.073593 7.741462 7.388119 7.021464 6.648839 6.276659 5.910204 5.553637 5.210036
0.6324664 0.6573845 0.6841716 0.7130070 0.7440807 0.7776138 0.8138437 0.8530465 0.8955188 0.9416064 0.9916850 1.046190 1.105597 1.170460 1.241390 1.319089 1.404340 1.498045 1.601207 1.714982 1.840653 1.979692 2.133724 2.304586 2.494281 2.705016 2.939116 3.199014 3.487074 3.805488 4.155946 4.539395 4.955562 5.402602 5.876472 6.372171 6.882277 7.397417 7.907533 8.402095 8.870772 9.303788 9.692287 10.02846 10.30565 10.51831 10.66198 10.73372 10.73178 10.65578 10.50722 10.28962 10.00867 9.672436 9.290658 8.873352 8.431947 7.977283 7.518980 7.065134 6.622182 6.194914 5.786677
0.6758575 0.7015564 0.7292196 0.7590292 0.7912003 0.8259603 0.8635782 0.9043396 0.9485821 0.9966708 1.049033 1.106134 1.168518 1.236789 1.311650 1.393880 1.484390 1.584202 1.694505 1.816633 1.952145 2.102791 2.270598 2.457838 2.667107 2.901272 3.163521 3.457235 3.785954 4.153074 4.561619 5.013645 5.509766 6.048444 6.625811 7.233891 7.862474 8.499600 9.131636 9.744639 10.32508 10.86052 11.33989 11.75365 12.09374 12.35351 12.52774 12.61218 12.60420 12.50312 12.31033 12.02994 11.66920 11.23828 10.75018 10.22068 9.664881 9.097161 8.530147 7.974073 7.436633 6.923200 6.437156
0.7242760 0.7507418 0.7792563 0.8100254 0.8432673 0.8792387 0.9182141 0.9605184 1.006503 1.056579 1.111198 1.170887 1.236232 1.307918 1.386713 1.473513 1.569328 1.675348 1.792921 1.923629 2.069282 2.232003 2.414222 2.618787 2.848943 3.108445 3.401511 3.732874 4.107606 4.530992 5.007996 5.542702 6.137214 6.790583 7.497320 8.248561 9.030509 9.825621 10.61514 11.38019 12.10315 12.76824 13.36191 13.87273 14.29118 14.60935 14.82060 14.91995 14.90372 14.76991 14.51930 14.15627 13.68972 13.13380 12.50705 11.82972 11.12390 10.40975 9.704039 9.019548 8.365250 7.746789 7.167212
0.7785822 0.8057856 0.8351334 0.8668287 0.9011197 0.9382650 0.9785740 1.022380 1.070078 1.122096 1.178943 1.241174 1.309453 1.384513 1.467225 1.558570 1.659703 1.771946 1.896867 2.036260 2.192268 2.367370 2.564515 2.787141 3.039338 3.325856 3.652297 4.025056 4.451427 4.939297 5.496807 6.131272 6.847812 7.647176 8.524220 9.464837 10.44864 11.45119 12.44591 13.40727 14.31230 15.14145 15.87853 16.51035 17.02612 17.41685 17.67493 17.79341 17.76663 17.59084 17.26506 16.79302 16.18515 15.45967 14.64250 13.76577 12.86076 11.95538 11.07178 10.22562 9.426776 8.680522 7.988775
0.8396987 0.8676201 0.8977635 0.9303596 0.9656557 1.003944 1.045536 1.090805 1.140159 1.194075 1.253082 1.317805 1.388942 1.467321 1.553873 1.649707 1.756087 1.874520 2.006746 2.154848 2.321259 2.508908 2.721247 2.962457 3.237510 3.552423 3.914383 4.332020 4.815473 5.376497 6.027957 6.782842 7.651735 8.639080 9.738091 10.93030 12.18484 13.46354 14.72812 15.94375 17.08128 18.11723 19.03325 19.81498 20.45087 20.93107 21.24648 21.38870 21.34940 21.12097 20.69854 20.08291 19.28469 18.32845 17.25300 16.10473 14.93176 13.77445 12.66179 11.61201 10.63474 9.733498 8.907835
0.9086104 0.9372098 0.9681212 1.001572 1.037838 1.077210 1.120043 1.166710 1.217664 1.273396 1.334498 1.401615 1.475530 1.557112 1.647407 1.747601 1.859114 1.983591 2.123010 2.279681 2.456415 2.656537 2.884121 3.144062 3.442408 3.786519 4.185563 4.650781 5.196143 5.838595 6.598357 7.497766 8.558261 9.792938 11.19708 12.73876 14.36554 16.01786 17.63961 19.18468 20.61760 21.91223 23.04944 24.01507 24.79790 25.38807 25.77576 25.94976 25.89751 25.60563 25.06148 24.25795 23.20166 21.92263 20.47921 18.95025 17.41104 15.91923 14.51113 13.20550 12.00901 10.92095 9.936385
0.9861701 1.015418 1.047047 1.081315 1.118493 1.158907 1.202905 1.250908 1.303374 1.360848 1.423933 1.493348 1.569902 1.654564 1.748430 1.852823 1.969261 2.099580 2.245933 2.410931 2.597685 2.810014 3.052536 3.330998 3.652485 4.025939 4.462614 4.976954 5.587456 6.318122 7.199609 8.270069 9.571953 11.13971 12.97213 15.01350 17.16686 19.33131 21.42664 23.39563 25.19980 26.81367 28.22051 29.40868 30.36909 31.09285 31.56942 31.78544 31.72308 31.35929 30.66754 29.62279 28.21525 26.47617 24.50034 22.42472 20.37669 18.43859 16.65049 15.02553 13.56195 12.25059 11.07909
1.072863 1.102706 1.135023 1.170041 1.208088 1.249460 1.294569 1.343812 1.397714 1.456806 1.521775 1.593331 1.672395 1.759934 1.857195 1.965531 2.086649 2.222477 2.375438 2.548320 2.744653 2.968605 3.225482 3.521721 3.865633 4.267599 4.741284 5.304381 5.980809 6.802833 7.815452 9.080893 10.68261 12.70937 15.18599 17.98721 20.90569 23.77483 26.49128 28.99669 31.25833 33.25862 34.98793 36.44080 37.61257 38.49719 39.08482 39.35915 39.29550 38.85852 37.99975 36.65919 34.78074 32.36707 29.57294 26.68102 23.91739 21.38576 19.11390 17.09532 15.31035 13.73522 12.34604
1.167981 1.198328 1.231326 1.266991 1.305891 1.348098 1.394289 1.444623 1.499910 1.560442 1.627216 1.700692 1.782142 1.872283 1.972760 2.084679 2.210216 2.351075 2.510253 2.690373 2.895702 3.130373 3.400719 3.713438 4.078419 4.506996 5.015641 5.624787 6.364392 7.275066 8.418831 9.889353 11.83856 14.49097 17.97804 21.97235 25.99874 29.81363 33.31937 36.48260 39.29180 41.74780 43.85394 45.61531 47.03431 48.10954 48.83265 49.18600 49.13890 48.64058 47.61547 45.94793 43.48301 40.08570 35.99280 31.86081 28.10000 24.79459 21.91975 19.42526 17.25984 15.37749 13.73775
1.267771 1.298429 1.332201 1.368294 1.408136 1.450932 1.498285 1.549424 1.606170 1.667802 1.736433 1.811431 1.895285 1.987536 2.091197 2.206084 2.335929 2.481024 2.646172 2.832465 3.046313 3.290219 3.573159 3.900173 4.284624 4.736379 5.276948 5.926287 6.722950 7.711172 8.972813 10.62636 12.90413 16.22324 21.02650 26.67729 32.15854 37.15282 41.60366 45.53876 48.97840 51.95660 54.49092 56.60495 58.30688 59.60571 60.49363 60.95533 60.95245 60.42427 59.26732 57.31018 54.27237 49.74253 43.87771 38.01955 32.95473 28.68274 25.08128 22.02446 19.41779 17.18245 15.25827
1.364166 1.395503 1.429554 1.466458 1.506700 1.550477 1.598399 1.650738 1.708285 1.771416 1.841162 1.918058 2.003477 2.098196 2.204054 2.322204 2.455174 2.604691 2.774345 2.966797 3.187270 3.440024 3.732959 4.073159 4.473228 4.945570 5.511717 6.195229 7.036739 8.086882 9.435951 11.21822 13.69844 17.35172 22.86979 29.89990 36.91609 43.20898 48.71500 53.50525 57.64560 61.20116 64.21162 66.71845 68.73940 70.29487 71.37815 71.98164 72.05995 71.55279 70.33324 68.21289 64.84219 59.70994 52.61733 45.01856 38.44281 33.03708 28.59113 24.88644 21.77771 19.14211 16.89923
1.450951 1.483003 1.517169 1.554918 1.595365 1.640151 1.688402 1.741966 1.800015 1.864652 1.935137 2.013925 2.100419 2.197545 2.304965 2.426254 2.561492 2.715181 2.888154 3.086295 3.311683 3.572404 3.872749 4.224467 4.635959 5.125546 5.709819 6.420169 7.291268 8.384435 9.781341 11.62707 14.15431 17.78677 23.16538 30.59938 38.80445 46.36255 52.96690 58.66001 63.55386 67.72820 71.25869 74.19177 76.56954 78.41138 79.72853 80.50763 80.71590 80.28512 79.09886 76.96636 73.57404 68.47199 61.24300 52.59014 44.50574 37.85223 32.44748 28.01716 24.34030 21.26044 18.65974
1.526341 1.558348 1.593291 1.631058 1.672400 1.717292 1.766593 1.820384 1.879680 1.944719 2.016716 2.096142 2.184493 2.282597 2.392346 2.515092 2.653315 2.809155 2.986038 3.187340 3.417953 3.683327 3.990824 4.349408 4.770856 5.270571 5.868769 6.593652 7.483247 8.594259 10.00764 11.85319 14.33086 17.77876 22.71008 29.72276 38.41174 47.05949 54.73545 61.36113 67.03618 71.86842 75.94950 79.34492 82.10921 84.27169 85.85366 86.84675 87.22985 86.93636 85.87064 83.85686 80.65032 75.87174 69.11017 60.33890 51.08936 43.12128 36.65936 31.41758 27.10878 23.53493 20.53821
1.589724 1.621886 1.657268 1.695242 1.737116 1.782287 1.832240 1.886409 1.946507 2.012055 2.085063 2.165170 2.254799 2.353823 2.465209 2.589204 2.729548 2.887091 3.066755 3.270368 3.504658 3.773168 4.085502 4.448251 4.875933 5.380803 5.986357 6.716097 7.611335 8.719916 10.12234 11.92412 14.30056 17.50313 21.94124 28.17541 36.54195 45.86994 54.54119 62.10280 68.58093 74.10144 78.76064 82.65118 85.82936 88.34697 90.22425 91.47274 92.06928 91.97218 91.09133 89.29529 86.37765 82.05559 75.95821 67.77013 58.07200 48.86488 41.26032 35.10941 30.10327 25.97663 22.54668
1.641581 1.674379 1.709562 1.748246 1.789954 1.835931 1.885754 1.940844 2.000873 2.067488 2.140505 2.221856 2.311608 2.412097 2.523751 2.649492 2.790295 2.949926 3.130281 3.336384 3.571611 3.843013 4.156429 4.522274 4.950704 5.458025 6.062325 6.790905 7.677307 8.770867 10.13746 11.87369 14.11754 17.07413 21.05322 26.51118 34.01283 43.34706 52.82630 61.29513 68.60139 74.83006 80.10094 84.51033 88.13573 91.03376 93.23986 94.77288 95.62428 95.76451 95.12376 93.60088 91.03063 87.19699 81.78631 74.45769 65.11565 55.08072 46.27797 39.12533 33.33532 28.59767 24.68549
1.683228 1.716095 1.751519 1.790308 1.832290 1.878409 1.928551 1.983832 2.044230 2.111099 2.184541 2.266223 2.356463 2.457369 2.569580 2.695822 2.837229 2.997433 3.178390 3.385060 3.620722 3.892463 4.205748 4.571104 4.997821 5.502252 6.100610 6.819682 7.688712 8.754250 10.07141 11.72611 13.82743 16.54496 20.10955 24.89112 31.39614 40.04292 49.88859 59.19471 67.33504 74.30015 80.21028 85.16728 89.26854 92.57474 95.14130 96.98844 98.12921 98.53902 98.17847 96.96008 94.76868 91.42225 86.68549 80.23050 71.75508 61.62995 51.75824 43.51310 36.84021 31.42259 26.97091
1.715367 1.747938 1.783842 1.822327 1.864828 1.910627 1.961328 2.016272 2.077278 2.143779 2.217877 2.299154 2.390085 2.490507 2.603415 2.729053 2.871113 3.030473 3.211899 3.417272 3.652943 3.922472 4.234682 4.595937 5.019121 5.515383 6.104513 6.806247 7.652535 8.679008 9.940145 11.50209 13.46316 15.95223 19.16192 23.36602 28.98484 36.56479 46.10075 56.02670 64.97991 72.71239 79.28646 84.82605 89.42662 93.17300 96.12092 98.31252 99.76513 100.4758 100.4161 99.52753 97.71913 94.85098 90.73504 85.09932 77.62173 68.12874 57.68344 48.30841 40.65662 34.46562 29.41583
1.738219 1.771074 1.806722 1.845494 1.887720 1.933810 1.984209 2.039431 2.100096 2.166856 2.240545 2.322026 2.412449 2.512974 2.625202 2.750748 2.891830 3.050736 3.230667 3.434910 3.668139 3.935260 4.243236 4.599597 5.015026 5.501402 6.075607 6.757012 7.573141 8.556640 9.754034 11.22228 13.04345 15.32202 18.21303 21.92934 26.80506 33.31117 41.93033 51.97783 61.66453 70.17223 77.44708 83.59705 88.72905 92.94091 96.29873 98.85895 100.6464 101.6785 101.9362 101.3893 99.96214 97.55879 94.01772 89.13281 82.59996 74.11411 63.85397 53.55504 44.83167 37.76633 32.04275
1.752667 1.785704 1.821056 1.860006 1.901884 1.948138 1.998127 2.053483 2.113638 2.180475 2.253526 2.334988 2.424569 2.524908 2.635993 2.761051 2.900503 3.058414 3.235921 3.438275 3.667729 3.931345 4.233181 4.583062 4.988015 5.462247 6.017747 6.675893 7.457108 8.394868 9.524404 10.90030 12.58492 14.67262 17.28080 20.58746 24.84014 30.43053 37.88369 47.37460 57.52229 66.78383 74.79131 81.58166 87.27941 91.97989 95.77393 98.71892 100.8641 102.2285 102.8194 102.6134 101.5673 99.59998 96.59431 92.37885 86.70837 79.26958 69.83098 59.19169 49.39684 41.35859 34.86277
1.759353 1.791915 1.827507 1.865920 1.908011 1.953653 2.003801 2.058435 2.118673 2.184633 2.257639 2.338002 2.427337 2.526256 2.636760 2.759908 2.898239 3.053466 3.228957 3.427377 3.653308 3.910909 4.206595 4.546862 4.941002 5.399203 5.935356 6.565648 7.311469 8.199002 9.262274 10.54463 12.10238 14.01033 16.36759 19.31563 23.05183 27.87993 34.24352 42.66156 52.70974 62.61743 71.36237 78.83363 85.12357 90.34536 94.59677 97.95078 100.4662 102.1770 103.1050 103.2418 102.5658 101.0153 98.50729 94.89648 89.99683 83.52147 75.16318 64.94311 54.37730 45.28078 37.91275
1.758018 1.790351 1.825797 1.863918 1.905803 1.951060 2.000918 2.055037 2.114861 2.180121 2.252524 2.331929 2.420376 2.517953 2.627136 2.748351 2.884690 3.037072 3.209496 3.403630 3.624738 3.875705 4.163650 4.493339 4.874736 5.315568 5.830209 6.431169 7.139731 7.976330 8.973552 10.16522 11.60327 13.34594 15.48165 18.11703 21.41838 25.61200 31.06307 38.27252 47.55742 57.76738 67.21880 75.39760 82.31213 88.08422 92.81187 96.59277 99.48846 101.5560 102.8202 103.2993 102.9773 101.8243 99.76862 96.71107 92.48985 86.88295 79.58303 70.32173 59.64722 49.55102 41.21257
1.748614 1.781087 1.815880 1.854088 1.895205 1.940467 1.989413 2.043431 2.102135 2.167117 2.238120 2.316985 2.403641 2.500274 2.607096 2.726760 2.859871 3.009752 3.177644 3.367762 3.582301 3.826803 4.104908 4.424121 4.790294 5.213892 5.704254 6.276392 6.945137 7.732722 8.662964 9.769878 11.09258 12.68563 14.61617 16.97954 19.90291 23.57184 28.26308 34.39569 42.50079 52.39726 62.40145 71.28481 78.86176 85.20655 90.43998 94.65970 97.94970 100.3734 101.9762 102.7860 102.8070 102.0253 100.3926 97.83408 94.22113 89.37988 83.04116 74.89710 64.84860 54.15824 44.78489
1.731434 1.763490 1.798067 1.835767 1.876575 1.921201 1.969693 2.022900 2.080955 2.144883 2.214954 2.292422 2.377735 2.472473 2.577348 2.694381 2.824650 2.970795 3.134470 3.319167 3.527361 3.763800 4.032201 4.339126 4.690181 5.094634 5.560990 6.102624 6.732550 7.470544 8.336900 9.361662 10.57734 12.03176 13.77981 15.90195 18.49804 21.72188 25.78228 31.01825 37.90491 46.86077 56.99313 66.52942 74.78391 81.73088 87.48600 92.15598 95.84508 98.62377 100.5592 101.6861 102.0337 101.5948 100.3514 98.24084 95.17661 91.00641 85.52737 78.43915 69.45240 58.89110 48.62126
1.705973 1.737374 1.771872 1.808790 1.849418 1.893103 1.941272 1.993316 2.050848 2.113319 2.182573 2.258172 2.342241 2.434526 2.537537 2.651279 2.778757 2.920373 3.079851 3.258172 3.460017 3.687262 3.945956 4.239311 4.575352 4.959310 5.402123 5.912149 6.504661 7.192940 7.999028 8.944131 10.06130 11.38531 12.96823 14.87100 17.18352 20.02036 23.55665 28.04368 33.87682 41.58025 51.18529 61.15717 70.07240 77.64799 83.93969 89.07526 93.15850 96.28949 98.53985 99.97060 100.6174 100.4989 99.60701 97.90596 95.32756 91.75782 87.03107 80.89741 73.04930 63.30233 52.65073
1.671342 1.702609 1.736374 1.773054 1.812803 1.856105 1.903199 1.954661 2.010853 2.072461 2.140000 2.214337 2.296184 2.386637 2.486697 2.597770 2.721250 2.858977 3.012916 3.185507 3.379518 3.598258 3.845634 4.126217 4.445574 4.810118 5.227870 5.707999 6.262193 6.903868 7.650397 8.521874 9.544915 10.75095 12.18276 13.89165 15.95068 18.45374 21.54061 25.40540 30.35914 36.85017 45.35879 55.25776 64.74566 72.94449 79.78568 85.38100 89.85264 93.31635 95.86158 97.56853 98.48663 98.65485 98.07639 96.74179 94.59566 91.56117 87.49567 82.21198 75.42008 66.82077 56.54969
1.627200 1.658182 1.691266 1.727544 1.766450 1.809190 1.855228 1.905915 1.960758 2.021289 2.087088 2.159920 2.239480 2.327826 2.424825 2.532935 2.652250 2.785754 2.933933 3.100453 3.286351 3.496256 3.732022 3.999596 4.302052 4.647201 5.039948 5.490818 6.007463 6.604451 7.293751 8.096130 9.030572 10.12792 11.41908 12.95326 14.78459 16.99654 19.69240 23.03485 27.25087 32.70912 39.91251 49.06248 58.82305 67.60099 74.99255 81.03645 85.87702 89.63923 92.44730 94.38991 95.54588 95.95963 95.66125 94.64561 92.88773 90.32251 86.84920 82.30932 76.47401 69.03938 59.76707
