T2-onemodel/GL33.grd
DSAA
         100         100
  -20.00000       20.00000    
  -20.00000       20.00000    
  9.6386217E-02   103.2993    
[rows 56 to 83 of 100, columns 0 to 62 of 100]
1.572961 1.603109 1.635975 1.671265 1.709812 1.751361 1.796849 1.846070 1.900093 1.958802 2.023411 2.093927 2.171769 2.257121 2.351662 2.455819 2.571616 2.699821 2.842935 3.002212 3.180783 3.380608 3.605697 3.858999 4.145766 4.470377 4.839867 5.260716 5.742538 6.295003 6.931631 7.666996 8.520776 9.515700 10.68192 12.05577 13.68595 15.63664 17.99495 20.88478 24.48482 29.07407 35.06967 42.97530 52.41422 61.61828 69.50650 75.96758 81.12436 85.13647 88.14864 90.27888 91.62128 92.23808 92.17218 91.43364 90.01415 87.86532 84.91615 81.03613 76.05293 69.69468 61.66333
1.507426 1.537031 1.569296 1.603894 1.641670 1.682331 1.726825 1.774891 1.827626 1.884816 1.947730 2.016237 2.091823 2.174487 2.265988 2.366511 2.478168 2.601398 2.738808 2.891188 3.061800 3.251961 3.465794 3.705385 3.976065 4.280993 4.627209 5.019465 5.467234 5.977691 6.563886 7.236742 8.014837 8.915142 9.965086 11.19270 12.64159 14.35933 16.42075 18.91672 21.99286 25.84882 30.81716 37.36135 45.79659 55.01092 63.28350 70.08166 75.46740 79.64120 82.77513 85.02417 86.49091 87.26157 87.37970 86.87650 85.74538 83.96622 81.47633 78.18891 73.95707 68.58006 61.77035
1.429991 1.459352 1.490625 1.524844 1.561433 1.601529 1.644577 1.691832 1.742781 1.798820 1.859493 1.926382 1.999120 2.079514 2.167334 2.264673 2.371494 2.490259 2.621219 2.767308 2.929179 3.110424 3.312251 3.539120 3.793065 4.079716 4.402292 4.768081 5.182033 5.653813 6.190989 6.806744 7.512740 8.327744 9.270282 10.36782 11.65049 13.16284 14.95780 17.11313 19.73210 22.97133 27.06557 32.38176 39.39197 47.91216 56.25658 63.19458 68.65115 72.83772 75.98389 78.25595 79.78033 80.64123 80.89643 80.57817 79.69438 78.23260 76.15148 73.38672 69.82850 65.32848 59.65508
1.341218 1.369808 1.400556 1.433837 1.469726 1.508667 1.550776 1.596589 1.646283 1.700496 1.759492 1.824045 1.894521 1.971888 2.056647 2.150011 2.252667 2.366140 2.491391 2.630351 2.784342 2.955858 3.146715 3.360160 3.598702 3.866612 4.167383 4.506718 4.889509 5.323524 5.815724 6.376888 7.017150 7.751882 8.596155 9.573291 10.70728 12.03409 13.59397 15.44838 17.67165 20.38154 23.73653 28.00119 33.54227 40.65705 48.40308 55.09560 60.32304 64.31580 67.32384 69.51547 71.01869 71.91048 72.25400 72.07567 71.39687 70.20541 68.48418 66.17841 63.22280 59.49992 54.86369
1.243070 1.270808 1.301054 1.333301 1.368512 1.406191 1.447390 1.491639 1.540110 1.592366 1.649714 1.711784 1.780046 1.854221 1.935988 2.025200 2.123793 2.231807 2.351511 2.483195 2.629566 2.791281 2.971595 3.171679 3.395538 3.645037 3.925200 4.238894 4.592525 4.990427 5.440967 5.950642 6.530702 7.191042 7.947470 8.814842 9.815960 10.97534 12.32827 13.91612 15.79811 18.05072 20.78525 24.16068 28.40534 33.76960 39.94619 45.64175 50.20425 53.75620 56.46796 58.47984 59.88520 60.75468 61.13560 61.05904 60.54123 59.58128 58.16769 56.26747 53.83758 50.80421 47.08109
1.141737 1.168935 1.198304 1.229848 1.263983 1.300743 1.340606 1.383657 1.430451 1.481136 1.536362 1.596360 1.661905 1.733336 1.811589 1.897145 1.991142 2.094255 2.207883 2.332959 2.471221 2.623950 2.793331 2.981116 3.190089 3.422625 3.682324 3.972437 4.297662 4.662492 5.073181 5.535986 6.059415 6.652309 7.326404 8.094991 8.975269 9.986640 11.15502 12.51116 14.09620 15.96120 18.17504 20.82482 24.01758 27.83125 32.10960 36.27744 39.86847 42.79764 45.10678 46.86097 48.11529 48.91693 49.29981 49.28854 48.89664 48.12837 46.97726 45.42693 43.45104 41.01288 38.06932
1.045225 1.071774 1.100332 1.131057 1.164180 1.199901 1.238497 1.280221 1.325414 1.374393 1.427579 1.485372 1.548293 1.616852 1.691699 1.773491 1.863035 1.961171 2.068925 2.187376 2.317825 2.461666 2.620568 2.796341 2.991136 3.207312 3.447675 3.715327 4.013947 4.347665 4.721382 5.140657 5.612111 6.143421 6.743844 7.423725 8.195899 9.075750 10.08182 11.23643 12.56681 14.10565 15.89171 17.96745 20.36950 23.09685 26.04454 28.97491 31.65025 33.94481 35.82245 37.28857 38.36296 39.06829 39.42523 39.45041 39.15445 38.54204 37.61195 36.35725 34.76653 32.82593 30.52453
0.9573079 0.9831561 1.010917 1.040769 1.072897 1.107521 1.144868 1.185207 1.228819 1.276035 1.327207 1.382742 1.443078 1.508724 1.580230 1.658236 1.743427 1.836606 1.938651 2.050565 2.173464 2.308625 2.457469 2.621630 2.802928 3.003454 3.225567 3.471967 3.745708 4.050327 4.389829 4.768861 5.192741 5.667617 6.200495 6.800025 7.475927 8.239446 9.103805 10.08436 11.19865 12.46620 13.90715 15.53893 17.36799 19.37387 21.48916 23.60077 25.58317 27.34234 28.82676 30.01583 30.90681 31.50579 31.82188 31.86385 31.63904 31.15206 30.40451 29.39571 28.12390 26.58904 24.79753
0.8787004 0.9038230 0.9307824 0.9597347 0.9908654 1.024365 1.060461 1.099388 1.141424 1.186855 1.236025 1.289289 1.347067 1.409804 1.478020 1.552270 1.633198 1.721502 1.817986 1.923523 2.039121 2.165884 2.305081 2.458106 2.626567 2.812230 3.017141 3.243559 3.494085 3.771630 4.079536 4.421558 4.802025 5.225863 5.698819 6.226957 6.817539 7.478877 8.220209 9.051683 9.984153 11.02841 12.19382 13.48526 14.89832 16.41219 17.98398 19.54828 21.03354 22.37762 23.53605 24.48264 25.20497 25.69943 25.96747 26.01313 25.84045 25.45314 24.85423 24.04651 23.03374 21.82280 20.42732
0.8089190 0.8333108 0.8594508 0.8874987 0.9176145 0.9499899 0.9848204 1.022339 1.062787 1.106445 1.153611 1.204628 1.259860 1.319731 1.384694 1.455269 1.532011 1.615569 1.706635 1.806006 1.914548 2.033253 2.163201 2.305628 2.461891 2.633531 2.822253 3.029993 3.258889 3.511384 3.790175 4.098334 4.439268 4.816795 5.235070 5.699180 6.214425 6.786512 7.421651 8.126310 8.906775 9.768489 10.71475 11.74480 12.85099 14.01560 15.20872 16.39168 17.51996 18.55132 19.45205 20.19832 20.77552 21.17620 21.39771 21.44007 21.30543 20.99669 20.51733 19.87180 19.06630 18.11045 17.01928
0.7471041 0.7707502 0.7960708 0.8232002 0.8523031 0.8835423 0.9171135 0.9532175 0.9920914 1.033978 1.079164 1.127949 1.180680 1.237724 1.299504 1.366474 1.439148 1.518083 1.603917 1.697327 1.799100 1.910078 2.031220 2.163571 2.308316 2.466743 2.640315 2.830625 3.039475 3.268838 3.520932 3.798181 4.103305 4.439303 4.809571 5.217363 5.666476 6.160983 6.704943 7.302237 7.956229 8.669101 9.441039 10.26890 11.14482 12.05488 12.97887 13.88948 14.75741 15.55446 16.25571 16.84183 17.29923 17.61937 17.79781 17.83340 17.72660 17.47949 17.09546 16.57936 15.93811 15.18154 14.32367
0.6922662 0.7151687 0.7396594 0.7658752 0.7939570 0.8240680 0.8563775 0.8910816 0.9283853 0.9685250 1.011750 1.058344 1.108608 1.162890 1.221554 1.285022 1.353737 1.428209 1.508985 1.596680 1.691960 1.795579 1.908345 2.031174 2.165056 2.311102 2.470516 2.644646 2.834949 3.043055 3.270719 3.519884 3.792635 4.091213 4.417906 4.775540 5.166752 5.594093 6.060052 6.566787 7.115771 7.707372 8.340186 9.010360 9.710711 10.43012 11.15316 11.86234 12.53751 13.15823 13.70631 14.16662 14.52772 14.78182 14.92416 14.95228 14.86615 14.66732 14.35884 13.94537 13.43347 12.83216 12.15342
0.6434751 0.6656266 0.6892930 0.7145910 0.7416613 0.7706440 0.8017062 0.8350173 0.8707765 0.9091872 0.9504889 0.9949260 1.042785 1.094363 1.150002 1.210064 1.274958 1.345119 1.421045 1.503257 1.592353 1.688966 1.793811 1.907650 2.031343 2.165802 2.312052 2.471183 2.644407 2.833012 3.038419 3.262121 3.505747 3.771021 4.059836 4.373734 4.714496 5.083869 5.483299 5.913783 6.375679 6.868315 7.389658 7.935785 8.500571 9.075406 9.649526 10.20899 10.73938 11.22658 11.65712 12.01943 12.30427 12.50476 12.61647 12.63736 12.56679 12.40584 12.15709 11.82468 11.41442 10.93405 10.39345
0.5998624 0.6212694 0.6441089 0.6684982 0.6945581 0.7224287 0.7522519 0.7841941 0.8184253 0.8551438 0.8945540 0.9368893 0.9823947 1.031351 1.084050 1.140826 1.202028 1.268055 1.339327 1.416315 1.499520 1.589506 1.686864 1.792263 1.906406 2.030075 2.164099 2.309390 2.466908 2.637702 2.822865 3.023573 3.241028 3.476456 3.730992 4.006111 4.302956 4.622416 4.965184 5.331542 5.721157 6.132881 6.564445 7.012259 7.471117 7.934093 8.392379 8.836905 9.257236 9.642472 9.982634 10.26885 10.49383 10.65210 10.73985 10.75469 10.69611 10.56496 10.36341 10.09498 9.764577 9.378635 8.945107
0.5606924 0.5813531 0.6033755 0.6268589 0.6519248 0.6786911 0.7072979 0.7378874 0.7706257 0.8056806 0.8432488 0.8835292 0.9267546 0.9731624 1.023026 1.076628 1.134291 1.196351 1.263187 1.335196 1.412824 1.496539 1.586861 1.684338 1.789575 1.903205 2.025926 2.158459 2.301593 2.456138 2.622961 2.802934 2.996975 3.206005 3.431009 3.672548 3.931305 4.207853 4.502421 4.814832 5.144404 5.489755 5.848690 6.217983 6.593349 6.969397 7.339955 7.697075 8.032865 8.339705 8.610054 8.837170 9.015342 9.140024 9.208050 9.217821 9.168632 9.061061 8.896868 8.678975 8.411443 8.099488 7.749456
0.5253102 0.5452346 0.5664437 0.5890370 0.6131167 0.6388001 0.6662067 0.6954754 0.7267468 0.7601838 0.7959523 0.8342432 0.8752521 0.9192034 0.9663277 1.016887 1.071151 1.129428 1.192035 1.259327 1.331674 1.409489 1.493199 1.583277 1.680213 1.784544 1.896821 2.017644 2.147619 2.287396 2.437619 2.598960 2.772059 2.957519 3.155799 3.367613 3.593319 3.833001 4.086564 4.353576 4.633161 4.923918 5.223781 5.529979 5.838920 6.146196 6.446441 6.734605 7.004824 7.250872 7.467055 7.648171 7.789803 7.888494 7.941713 7.947691 7.906020 7.817199 7.682673 7.504818 7.286936 7.033225 6.748695
0.4931784 0.5123715 0.5327815 0.5544928 0.5776069 0.6022229 0.6284585 0.6564309 0.6862767 0.7181332 0.7521598 0.7885173 0.8273908 0.8689688 0.9134666 0.9611036 1.012128 1.066795 1.125392 1.188212 1.255586 1.327849 1.405375 1.488544 1.577778 1.673497 1.776166 1.886245 2.004225 2.130588 2.265840 2.410449 2.564888 2.729598 2.905042 3.091253 3.288359 3.496386 3.715061 3.943808 4.181704 4.427378 4.678995 4.934150 5.189913 5.442835 5.689222 5.924206 6.143174 6.341802 6.515699 6.660900 6.773947 6.851996 6.893008 6.895987 6.860400 6.786594 6.675718 6.529702 6.351203 6.143568 5.910770
0.4638304 0.4823059 0.5019253 0.5227737 0.5449364 0.5685116 0.5935981 0.6203108 0.6487647 0.6790920 0.7114267 0.7459214 0.7827317 0.8220338 0.8640082 0.9088572 0.9567868 1.008030 1.062823 1.121428 1.184114 1.251179 1.322920 1.399669 1.481753 1.569534 1.663363 1.763621 1.870670 1.984893 2.106643 2.236271 2.374074 2.520292 2.675009 2.838536 3.010847 3.191679 3.380640 3.577098 3.780121 3.988461 4.200469 4.414127 4.626975 4.836143 5.038212 5.230261 5.408823 5.570147 5.710879 5.827912 5.918581 5.980788 6.012951 6.013872 5.983307 5.921594 5.829672 5.709089 5.561977 5.391005 5.199305
0.4368915 0.4546572 0.4735039 0.4935029 0.5147386 0.5372934 0.5612648 0.5867482 0.6138557 0.6426975 0.6734025 0.7060972 0.7409287 0.7780440 0.8176104 0.8597955 0.9047880 0.9527790 1.003982 1.058610 1.116902 1.179096 1.245451 1.316228 1.391708 1.472164 1.557893 1.649171 1.746294 1.849527 1.959139 2.075351 2.198372 2.328366 2.465509 2.609579 2.760445 2.917910 3.081539 3.250686 3.424481 3.601771 3.781142 3.960855 4.138913 4.313062 4.481033 4.639693 4.786214 4.918063 5.032603 5.127451 5.200511 5.250017 5.274705 5.274028 5.247627 5.195725 5.119070 5.018909 4.896947 4.755308 4.596482
0.4120330 0.4291059 0.4471922 0.4663638 0.4866909 0.5082557 0.5311383 0.5554330 0.5812322 0.6086435 0.6377723 0.6687405 0.7016693 0.7366969 0.7739606 0.8136154 0.8558155 0.9007354 0.9485469 0.9994422 1.053610 1.111261 1.172598 1.237846 1.307218 1.380946 1.459246 1.542347 1.630451 1.723766 1.822460 1.926691 2.036556 2.152093 2.273194 2.399970 2.532230 2.669592 2.811591 2.957605 3.106817 3.258217 3.410557 3.562392 3.712033 3.857571 3.996750 4.127849 4.248752 4.357107 4.450870 4.528153 4.587333 4.627149 4.646636 4.644986 4.622092 4.578193 4.513908 4.430232 4.328534 4.210507 4.078125
0.3889899 0.4053808 0.4227272 0.4410883 0.4605345 0.4811330 0.5029635 0.5261037 0.5506436 0.5766714 0.6042895 0.6335971 0.6647097 0.6977395 0.7328153 0.7700627 0.8096241 0.8516389 0.8962636 0.9436495 0.9939663 1.047376 1.104058 1.164181 1.227929 1.295470 1.366985 1.442629 1.522566 1.606923 1.695824 1.789343 1.887537 1.990422 2.098029 2.210026 2.326183 2.446237 2.569741 2.696105 2.824600 2.954317 3.084201 3.213005 3.339361 3.461776 3.578831 3.688423 3.788762 3.878328 3.955496 4.018806 4.066970 4.098879 4.113759 4.111345 4.091402 4.054080 3.999868 3.929575 3.844296 3.745384 3.634420
0.3675315 0.3832595 0.3998811 0.4174563 0.4360423 0.4557071 0.4765154 0.4985437 0.5218654 0.5465665 0.5727300 0.6004517 0.6298244 0.6609551 0.6939468 0.7289171 0.7659789 0.8052605 0.8468850 0.8909888 0.9377030 0.9871718 1.039529 1.094923 1.153485 1.215358 1.280666 1.349536 1.422067 1.498357 1.578463 1.662428 1.750243 1.841840 1.937026 2.035819 2.137977 2.243104 2.350762 2.460409 2.571380 2.682894 2.794025 2.903744 3.010879 3.114141 3.211991 3.303422 3.387107 3.461514 3.525373 3.577506 3.616913 3.642838 3.654696 3.651925 3.634505 3.602611 3.556655 3.497286 3.425386 3.342042 3.248514
0.3474769 0.3625550 0.3784743 0.3952826 0.4130384 0.4317959 0.4516200 0.4725726 0.4947262 0.5181497 0.5429237 0.5691254 0.5968435 0.6261632 0.6571821 0.6899926 0.7247006 0.7614052 0.8002194 0.8412480 0.8846085 0.9304083 0.9787661 1.029787 1.083587 1.140261 1.199912 1.262617 1.328454 1.397468 1.469694 1.545126 1.623739 1.705476 1.790301 1.877851 1.967875 2.060117 2.154176 2.249556 2.345675 2.441839 2.537272 2.631081 2.722319 2.809982 2.893180 2.970450 3.040620 3.102774 3.155881 3.199032 3.231421 3.252339 3.261306 3.258232 3.242955 3.215575 3.176418 3.126019 3.065083 2.994487 2.915247
0.3286606 0.3431098 0.3583438 0.3744116 0.3913600 0.4092442 0.4281159 0.4480368 0.4690646 0.4912672 0.5147089 0.5394639 0.5656028 0.5932069 0.6223528 0.6531276 0.6856126 0.7199007 0.7560774 0.7942382 0.8344702 0.8768697 0.9215214 0.9685180 1.017936 1.069857 1.124343 1.181457 1.241232 1.303701 1.368856 1.436680 1.507107 1.580024 1.655205 1.732640 1.812087 1.893179 1.975540 2.058725 2.142209 2.225402 2.307623 2.388138 2.466126 2.540699 2.610780 2.675792 2.734889 2.787040 2.831436 2.867328 2.894090 2.911269 2.918507 2.915400 2.901974 2.878362 2.844843 2.801843 2.749942 2.689847 2.622375
0.3109550 0.3247902 0.3393624 0.3547103 0.3708818 0.3879204 0.4058783 0.4248042 0.4447562 0.4657870 0.4879600 0.5113333 0.5359753 0.5619490 0.5893273 0.6181772 0.6485752 0.6805912 0.7143046 0.7497851 0.7871124 0.8263540 0.8675858 0.9108690 0.9562706 1.003839 1.053625 1.105657 1.159960 1.216529 1.275354 1.336382 1.399551 1.464774 1.531991 1.600848 1.671107 1.742545 1.814827 1.887554 1.960272 2.032455 2.103538 2.172878 2.239816 2.303665 2.363872 2.419381 2.469404 2.513391 2.550673 2.580673 2.602877 2.616821 2.622200 2.619028 2.607183 2.586738 2.557908 2.521052 2.476634 2.425231 2.367509
0.2942407 0.3074833 0.3214117 0.3360667 0.3514857 0.3677129 0.3847894 0.4027641 0.4216824 0.4415969 0.4625568 0.4846191 0.5078365 0.5322699 0.5579746 0.5850148 0.6134473 0.6433381 0.6747448 0.7077320 0.7423553 0.7786769 0.8167458 0.8566167 0.8983290 0.9419246 0.9874251 1.034853 1.084203 1.135470 1.188612 1.243581 1.300288 1.358603 1.418303 1.479373 1.541598 1.604654 1.668231 1.731976 1.795482 1.858305 1.919946 1.979878 2.037522 2.092257 2.143305 2.190355 2.232862 2.270109 2.301571 2.326762 2.345280 2.356861 2.361281 2.358234 2.347769 2.329990 2.305090 2.273354 2.235168 2.191001 2.141394
0.2784269 0.2910927 0.3044018 0.3183854 0.3330821 0.3485261 0.3647595 0.3818199 0.3997530 0.4185993 0.4384075 0.4592210 0.4810916 0.5040646 0.5281944 0.5535278 0.5801196 0.6080168 0.6372742 0.6679360 0.7000540 0.7336681 0.7688237 0.8055516 0.8438875 0.8838481 0.9254531 0.9686983 1.013580 1.060066 1.108121 1.157674 1.208647 1.260947 1.314512 1.369011 1.424238 1.480011 1.536057 1.592060 1.647673 1.702500 1.756125 1.808088 1.857922 1.905156 1.949451 1.990016 2.026312 2.058009 2.084669 2.105917 2.121419 2.130862 2.134050 2.131050 2.121770 2.106256 2.084658 2.057217 2.024246 1.986131 1.943318
0.2634267 0.2755377 0.2882462 0.3015850 0.3155840 0.3302785 0.3457006 0.3618892 0.3788786 0.3967099 0.4154198 0.4350515 0.4556434 0.4772407 0.4998825 0.5236151 0.5484771 0.5745137 0.6017622 0.6302649 0.6600548 0.6911694 0.7236339 0.7574779 0.7927150 0.8293618 0.8674156 0.9068744 0.9477122 0.9899018 1.033387 1.078108 1.123968 1.170842 1.218517 1.266990 1.316075 1.365500 1.415013 1.464336 1.513158 1.561147 1.607933 1.653138 1.696349 1.737124 1.774888 1.809495 1.840590 1.867658 1.890354 1.908353 1.921397 1.929331 1.932018 1.929212 1.920973 1.907383 1.888578 1.864752 1.836168 1.803140 1.766034
