T2-onemodel/GL33.grd
DSAA
         100         100
  -20.00000       20.00000    
  -20.00000       20.00000    
 -1.4652751E-03   1.061170    
[rows 48 to 71 of 100, columns 0 to 52 of 100]
1.6490348E-02 1.6872710E-02 1.7282581E-02 1.7733419E-02 1.8219026E-02 1.8754475E-02 1.9334000E-02 1.9974858E-02 2.0672161E-02 2.1445895E-02 2.2292430E-02 2.3235222E-02 2.4272906E-02 2.5433714E-02 2.6719574E-02 2.8165342E-02 2.9777886E-02 3.1601373E-02 3.3650730E-02 3.5983112E-02 3.8626082E-02 4.1656192E-02 4.5120653E-02 4.9125489E-02 5.3749382E-02 5.9143901E-02 6.5438703E-02 7.2857633E-02 8.1614360E-02 9.2051424E-02 0.1045260 0.1195839 0.1378449 0.1602392 0.1879085 0.2226158 0.2668058 0.3243575 0.4004883 0.4969169 0.5998079 0.6937103 0.7749281 0.8438169 0.9016107 0.9492531 0.9876464 1.017349 1.038848 1.052339 1.057896 1.055298 1.044125
1.6534783E-02 1.6911604E-02 1.7322939E-02 1.7767342E-02 1.8253768E-02 1.8781610E-02 1.9361079E-02 1.9992674E-02 2.0688474E-02 2.1450603E-02 2.2293378E-02 2.3221312E-02 2.4251828E-02 2.5392879E-02 2.6666241E-02 2.8084790E-02 2.9676372E-02 3.1461101E-02 3.3475854E-02 3.5751201E-02 3.8337111E-02 4.1280266E-02 4.4650167E-02 4.8517969E-02 5.2983154E-02 5.8154766E-02 6.4178966E-02 7.1224853E-02 7.9512537E-02 8.9309037E-02 0.1009570 0.1148894 0.1316623 0.1520143 0.1769320 0.2078023 0.2465749 0.2962675 0.3612929 0.4468199 0.5485867 0.6488718 0.7374392 0.8131689 0.8769740 0.9299757 0.9731381 1.007189 1.032708 1.050017 1.059334 1.060577 1.053538
1.6514400E-02 1.6888026E-02 1.7296921E-02 1.7737197E-02 1.8220257E-02 1.8742623E-02 1.9317396E-02 1.9941738E-02 2.0630870E-02 2.1383161E-02 2.2216467E-02 2.3130776E-02 2.4147678E-02 2.5269574E-02 2.6523001E-02 2.7914155E-02 2.9476106E-02 3.1220717E-02 3.3190690E-02 3.5406094E-02 3.7923176E-02 4.0774722E-02 4.4036623E-02 4.7761288E-02 5.2053679E-02 5.6996506E-02 6.2738895E-02 6.9411196E-02 7.7230886E-02 8.6405508E-02 9.7262703E-02 0.1101399 0.1255550 0.1440838 0.1665916 0.1941412 0.2283837 0.2715645 0.3273215 0.4006506 0.4947115 0.5979902 0.6936430 0.7765208 0.8466998 0.9053884 0.9535584 0.9921630 1.021803 1.043040 1.056106 1.061170 1.058063
1.6428722E-02 1.6802816E-02 1.7204041E-02 1.7643981E-02 1.8117938E-02 1.8638808E-02 1.9202476E-02 1.9823603E-02 2.0498950E-02 2.1245485E-02 2.2061327E-02 2.2966141E-02 2.3960281E-02 2.5067113E-02 2.6290141E-02 2.7657809E-02 2.9178020E-02 3.0886255E-02 3.2797411E-02 3.4956437E-02 3.7388328E-02 4.0151995E-02 4.3287378E-02 4.6873614E-02 5.0973378E-02 5.5695642E-02 6.1137967E-02 6.7454495E-02 7.4796908E-02 8.3390221E-02 9.3473807E-02 0.1053878 0.1195197 0.1364114 0.1567373 0.1814364 0.2117711 0.2495921 0.2976592 0.3601580 0.4423948 0.5425555 0.6438007 0.7338420 0.8108175 0.8754603 0.9289593 0.9722819 1.006243 1.031440 1.048305 1.057090 1.057824
1.6281104E-02 1.6649960E-02 1.7048018E-02 1.7481524E-02 1.7950915E-02 1.8463667E-02 1.9020887E-02 1.9631624E-02 2.0297939E-02 2.1030836E-02 2.1833856E-02 2.2720542E-02 2.3696482E-02 2.4778694E-02 2.5975682E-02 2.7309211E-02 2.8791796E-02 3.0451832E-02 3.2307956E-02 3.4397516E-02 3.6747858E-02 3.9409373E-02 4.2422198E-02 4.5855418E-02 4.9768418E-02 5.4257266E-02 5.9410602E-02 6.5365225E-02 7.2254263E-02 8.0277637E-02 8.9639865E-02 0.1006420 0.1136102 0.1290218 0.1474156 0.1696005 0.1965747 0.2298721 0.2715808 0.3250918 0.3951595 0.4859728 0.5886099 0.6853474 0.7693276 0.8402852 0.8993652 0.9475945 0.9859796 1.015192 1.035855 1.048274 1.052704
1.6067354E-02 1.6428629E-02 1.6824689E-02 1.7249066E-02 1.7715115E-02 1.8216666E-02 1.8768689E-02 1.9365508E-02 2.0023972E-02 2.0739181E-02 2.1530500E-02 2.2394402E-02 2.3353176E-02 2.4405273E-02 2.5577199E-02 2.6870230E-02 2.8316092E-02 2.9920457E-02 3.1722479E-02 3.3734001E-02 3.6004122E-02 3.8554028E-02 4.1446857E-02 4.4717479E-02 4.8448961E-02 5.2696645E-02 5.7572734E-02 6.3163660E-02 6.9624647E-02 7.7090912E-02 8.5784622E-02 9.5919564E-02 0.1078258 0.1218519 0.1385270 0.1584557 0.1825376 0.2119249 0.2483746 0.2944087 0.3539921 0.4323805 0.5299010 0.6312189 0.7221045 0.7997233 0.8646052 0.9180025 0.9608960 0.9942088 1.018593 1.034595 1.042524
1.5779637E-02 1.6138526E-02 1.6526038E-02 1.6946705E-02 1.7402356E-02 1.7898373E-02 1.8437566E-02 1.9026268E-02 1.9668577E-02 2.0372206E-02 2.1142870E-02 2.1990113E-02 2.2921951E-02 2.3950310E-02 2.5086466E-02 2.6345624E-02 2.7743036E-02 2.9298659E-02 3.1033881E-02 3.2974921E-02 3.5151258E-02 3.7598230E-02 4.0357172E-02 4.3476183E-02 4.7013413E-02 5.1035523E-02 5.5625439E-02 6.0877319E-02 6.6910721E-02 7.3862046E-02 8.1907891E-02 9.1251239E-02 0.1021624 0.1149589 0.1300653 0.1480056 0.1695190 0.1955517 0.2275150 0.2673663 0.3182385 0.3846398 0.4714030 0.5722820 0.6692839 0.7536310 0.8246204 0.8832969 0.9307956 0.9681810 0.9962354 1.015670 1.026903
1.5415671E-02 1.5770625E-02 1.6150063E-02 1.6565310E-02 1.7010959E-02 1.7499607E-02 1.8026154E-02 1.8604783E-02 1.9230962E-02 1.9920768E-02 2.0670526E-02 2.1498805E-02 2.2403156E-02 2.3405338E-02 2.4504732E-02 2.5727307E-02 2.7075067E-02 2.8579274E-02 3.0246191E-02 3.2114215E-02 3.4195375E-02 3.6537841E-02 3.9162043E-02 4.2129792E-02 4.5473877E-02 4.9274947E-02 5.3584382E-02 5.8510005E-02 6.4130865E-02 7.0595689E-02 7.8026928E-02 8.6635880E-02 9.6615002E-02 0.1082775 0.1219454 0.1381137 0.1573334 0.1804564 0.2085357 0.2432252 0.2868283 0.3430752 0.4170440 0.5108027 0.6110357 0.7018309 0.7791156 0.8432078 0.8954076 0.9367784 0.9684043 0.9910374 1.005379
1.4970494E-02 1.5315987E-02 1.5692066E-02 1.6095968E-02 1.6536476E-02 1.7011331E-02 1.7530389E-02 1.8092005E-02 1.8707417E-02 1.9375937E-02 2.0110475E-02 2.0911638E-02 2.1794433E-02 2.2761500E-02 2.3830626E-02 2.5006996E-02 2.6312023E-02 2.7754538E-02 2.9360957E-02 3.1145139E-02 3.3140142E-02 3.5367008E-02 3.7867896E-02 4.0674027E-02 4.3840189E-02 4.7412217E-02 5.1463023E-02 5.6059793E-02 6.1301738E-02 6.7288414E-02 7.4158952E-02 8.2063146E-02 9.1204509E-02 0.1018170 0.1142050 0.1287481 0.1459509 0.1664737 0.1912163 0.2214547 0.2590266 0.3067861 0.3689873 0.4507606 0.5484353 0.6443925 0.7278139 0.7974229 0.8541936 0.8994457 0.9343615 0.9599423 0.9770225
1.4431856E-02 1.4770784E-02 1.5139511E-02 1.5535098E-02 1.5966289E-02 1.6430488E-02 1.6937548E-02 1.7485358E-02 1.8085247E-02 1.8735697E-02 1.9449873E-02 2.0227239E-02 2.1083143E-02 2.2018492E-02 2.3051655E-02 2.4185432E-02 2.5441833E-02 2.6826520E-02 2.8366603E-02 3.0071475E-02 3.1974912E-02 3.4091931E-02 3.6465194E-02 3.9117493E-02 4.2104021E-02 4.5458756E-02 4.9254138E-02 5.3540777E-02 5.8415901E-02 6.3955352E-02 7.0293240E-02 7.7544510E-02 8.5899748E-02 9.5537163E-02 0.1067475 0.1198212 0.1352118 0.1534239 0.1752412 0.2016230 0.2340930 0.2747428 0.3270234 0.3957362 0.4842234 0.5815318 0.6704591 0.7454517 0.8066372 0.8554636 0.8932648 0.9213741 0.9407455
1.3790771E-02 1.4126090E-02 1.4483669E-02 1.4873978E-02 1.5291736E-02 1.5748454E-02 1.6239082E-02 1.6776463E-02 1.7355982E-02 1.7991990E-02 1.8680600E-02 1.9438041E-02 2.0261372E-02 2.1169269E-02 2.2160387E-02 2.3256291E-02 2.4457688E-02 2.5790019E-02 2.7257109E-02 2.8889287E-02 3.0694636E-02 3.2710209E-02 3.4949962E-02 3.7459955E-02 4.0262695E-02 4.3416325E-02 4.6955861E-02 5.0956499E-02 5.5471301E-02 6.0600471E-02 6.6424780E-02 7.3081471E-02 8.0696084E-02 8.9465812E-02 9.9583402E-02 0.1113447 0.1250762 0.1412522 0.1604476 0.1835002 0.2115327 0.2462371 0.2901503 0.3472116 0.4225217 0.5146663 0.6069989 0.6866752 0.7518197 0.8035603 0.8436474 0.8735934 0.8947003
1.3043053E-02 1.3369591E-02 1.3720639E-02 1.4100166E-02 1.4509285E-02 1.4952718E-02 1.5431940E-02 1.5952652E-02 1.6517136E-02 1.7132115E-02 1.7800726E-02 1.8531309E-02 1.9328006E-02 2.0201208E-02 2.1156609E-02 2.2207117E-02 2.3360454E-02 2.4632782E-02 2.6034739E-02 2.7586758E-02 2.9303210E-02 3.1210506E-02 3.3328187E-02 3.5690453E-02 3.8324278E-02 4.1274462E-02 4.4578452E-02 4.8296079E-02 5.2479647E-02 5.7210967E-02 6.2564828E-02 6.8655238E-02 7.5591132E-02 8.3536252E-02 9.2661411E-02 0.1032140 0.1154593 0.1297936 0.1466708 0.1667773 0.1909644 0.2205702 0.2574358 0.3046181 0.3664728 0.4470148 0.5376844 0.6205172 0.6885123 0.7421077 0.7834013 0.8142713 0.8363317
1.2181905E-02 1.2498383E-02 1.2843507E-02 1.3210941E-02 1.3612084E-02 1.4040730E-02 1.4509283E-02 1.5011791E-02 1.5561999E-02 1.6154192E-02 1.6803790E-02 1.7505581E-02 1.8276857E-02 1.9113256E-02 2.0034540E-02 2.1037530E-02 2.2144908E-02 2.3355193E-02 2.4695003E-02 2.6165130E-02 2.7797084E-02 2.9595161E-02 3.1597249E-02 3.3812519E-02 3.6287230E-02 3.9037529E-02 4.2121191E-02 4.5564286E-02 4.9440358E-02 5.3790618E-02 5.8711264E-02 6.4266242E-02 7.0586473E-02 7.7773012E-02 8.6004801E-02 9.5442899E-02 0.1063582 0.1190176 0.1338473 0.1513198 0.1721729 0.1973287 0.2282481 0.2670178 0.3170249 0.3827832 0.4643062 0.5462556 0.6146260 0.6681011 0.7089087 0.7394814 0.7614743
1.1210144E-02 1.1521352E-02 1.1855138E-02 1.2215466E-02 1.2602921E-02 1.3022047E-02 1.3473909E-02 1.3963735E-02 1.4493298E-02 1.5068664E-02 1.5692469E-02 1.6371839E-02 1.7110597E-02 1.7917188E-02 1.8796980E-02 1.9760115E-02 2.0813983E-02 2.1970879E-02 2.3240987E-02 2.4639262E-02 2.6179494E-02 2.7880481E-02 2.9760674E-02 3.1843938E-02 3.4155216E-02 3.6725014E-02 3.9587330E-02 4.2781934E-02 4.6355292E-02 5.0360736E-02 5.4862712E-02 5.9934057E-02 6.5665394E-02 7.2158746E-02 7.9550989E-02 8.7992229E-02 9.7683415E-02 0.1088570 0.1218341 0.1369968 0.1548947 0.1762160 0.2020078 0.2336908 0.2735800 0.3249011 0.3907575 0.4637933 0.5276170 0.5774578 0.6155614 0.6442607 0.6651695
1.0165200E-02 1.0469279E-02 1.0793171E-02 1.1144435E-02 1.1519704E-02 1.1927294E-02 1.2364013E-02 1.2839067E-02 1.3349671E-02 1.3906056E-02 1.4505892E-02 1.5160738E-02 1.5868945E-02 1.6643668E-02 1.7484235E-02 1.8405734E-02 1.9408796E-02 2.0510959E-02 2.1714725E-02 2.3040591E-02 2.4493575E-02 2.6098156E-02 2.7862672E-02 2.9816769E-02 3.1973429E-02 3.4368955E-02 3.7022907E-02 3.9980661E-02 4.3270808E-02 4.6951424E-02 5.1064450E-02 5.5685688E-02 6.0877774E-02 6.6743888E-02 7.3372722E-02 8.0907889E-02 8.9491352E-02 9.9331625E-02 0.1106526 0.1237754 0.1390745 0.1570812 0.1784698 0.2042078 0.2356238 0.2745562 0.3228363 0.3779215 0.4293808 0.4713469 0.5043852 0.5297672 0.5486450
9.1226660E-03 9.4173318E-03 9.7332997E-03 1.0073133E-02 1.0438313E-02 1.0831842E-02 1.1255647E-02 1.1713341E-02 1.2207370E-02 1.2742050E-02 1.3320569E-02 1.3948125E-02 1.4628767E-02 1.5368850E-02 1.6173605E-02 1.7050814E-02 1.8007129E-02 1.9052181E-02 2.0194605E-02 2.1446288E-02 2.2818381E-02 2.4325797E-02 2.5983032E-02 2.7808921E-02 2.9822370E-02 3.2047424E-02 3.4508955E-02 3.7238132E-02 4.0267807E-02 4.3639082E-02 4.7396209E-02 5.1594060E-02 5.6292478E-02 6.1565816E-02 6.7502268E-02 7.4206583E-02 8.1800230E-02 9.0435825E-02 0.1002951 0.1116071 0.1246518 0.1397868 0.1574595 0.1782415 0.2028330 0.2319968 0.2660969 0.3036077 0.3403062 0.3725655 0.3992806 0.4205440 0.4367675
8.1481785E-03 8.4344111E-03 8.7412195E-03 9.0706069E-03 9.4244042E-03 9.8049762E-03 1.0214558E-02 1.0656037E-02 1.1132182E-02 1.1646499E-02 1.2202404E-02 1.2804171E-02 1.3456071E-02 1.4163327E-02 1.4931300E-02 1.5766442E-02 1.6675411E-02 1.7666245E-02 1.8747332E-02 1.9928649E-02 2.1220803E-02 2.2636386E-02 2.4188824E-02 2.5894014E-02 2.7769163E-02 2.9834524E-02 3.2112312E-02 3.4628578E-02 3.7412200E-02 4.0497255E-02 4.3921862E-02 4.7730993E-02 5.1976562E-02 5.6719955E-02 6.2027629E-02 6.7983374E-02 7.4684747E-02 8.2248181E-02 9.0810701E-02 0.1005380 0.1116265 0.1243124 0.1388714 0.1556177 0.1748685 0.1968471 0.2214144 0.2476442 0.2736743 0.2976200 0.3183648 0.3354701 0.3488815
7.2663799E-03 7.5440896E-03 7.8416206E-03 8.1605278E-03 8.5028224E-03 8.8704079E-03 9.2656966E-03 9.6910223E-03 1.0149276E-02 1.0643354E-02 1.1176765E-02 1.1753043E-02 1.2376487E-02 1.3051465E-02 1.3783252E-02 1.4577257E-02 1.5439929E-02 1.6378047E-02 1.7399555E-02 1.8512916E-02 1.9728022E-02 2.1055464E-02 2.2507610E-02 2.4097819E-02 2.5841638E-02 2.7756032E-02 2.9860711E-02 3.2177355E-02 3.4731153E-02 3.7550140E-02 4.0666886E-02 4.4117909E-02 4.7945075E-02 5.2195929E-02 5.6929890E-02 6.2210798E-02 6.8113461E-02 7.4724518E-02 8.2145505E-02 9.0492398E-02 9.9899083E-02 0.1105139 0.1224977 0.1360054 0.1511555 0.1679524 0.1861673 0.2051943 0.2241173 0.2419251 0.2577999 0.2712534 0.2820554
6.4789713E-03 6.7482251E-03 7.0362715E-03 7.3447935E-03 7.6754331E-03 8.0301892E-03 8.4110564E-03 8.8204388E-03 9.2607662E-03 9.7349435E-03 1.0245939E-02 1.0797249E-02 1.1392524E-02 1.2036007E-02 1.2732184E-02 1.3486248E-02 1.4303681E-02 1.5190868E-02 1.6154591E-02 1.7202677E-02 1.8343551E-02 1.9586885E-02 2.0943146E-02 2.2424359E-02 2.4043627E-02 2.5815940E-02 2.7757797E-02 2.9888034E-02 3.2227494E-02 3.4800097E-02 3.7632409E-02 4.0754907E-02 4.4202439E-02 4.8014972E-02 5.2233554E-02 5.6909312E-02 6.2099665E-02 6.7869410E-02 7.4290425E-02 8.1443153E-02 8.9413702E-02 9.8292336E-02 0.1081638 0.1190953 0.1311071 0.1441343 0.1579712 0.1722428 0.1863890 0.1997983 0.2119423 0.2224209 0.2309822
5.7790419E-03 6.0397149E-03 6.3183689E-03 6.6164020E-03 6.9355094E-03 7.2773756E-03 7.6440154E-03 8.0374638E-03 8.4601594E-03 8.9145657E-03 9.4035994E-03 9.9302502E-03 1.0498025E-02 1.1110581E-02 1.1772177E-02 1.2487257E-02 1.3260976E-02 1.4098782E-02 1.5006969E-02 1.5992206E-02 1.7062167E-02 1.8225085E-02 1.9490359E-02 2.0868136E-02 2.2370016E-02 2.4008563E-02 2.5798125E-02 2.7754309E-02 2.9894911E-02 3.2239486E-02 3.4810219E-02 3.7631530E-02 4.0730495E-02 4.4137031E-02 4.7888584E-02 5.2022617E-02 5.6581121E-02 6.1610293E-02 6.7160748E-02 7.3285200E-02 8.0037788E-02 8.7468363E-02 9.5617384E-02 0.1045023 0.1141029 0.1243357 0.1350329 0.1459212 0.1566675 0.1668957 0.1762332 0.1843797 0.1911164
5.1572090E-03 5.4093841E-03 5.6785862E-03 5.9662438E-03 6.2737931E-03 6.6029471E-03 6.9554066E-03 7.3332107E-03 7.7384193E-03 8.1734657E-03 8.6408341E-03 9.1434186E-03 9.6842274E-03 1.0266752E-02 1.0894623E-02 1.1572029E-02 1.2303371E-02 1.3093724E-02 1.3948430E-02 1.4873600E-02 1.5875736E-02 1.6962277E-02 1.8141141E-02 1.9421348E-02 2.0812586E-02 2.2325849E-02 2.3972996E-02 2.5767438E-02 2.7723687E-02 2.9858163E-02 3.2188676E-02 3.4735236E-02 3.7520252E-02 4.0568728E-02 4.3904137E-02 4.7555991E-02 5.1555682E-02 5.5936314E-02 6.0731523E-02 6.5975346E-02 7.1698636E-02 7.7926807E-02 8.4672682E-02 9.1930233E-02 9.9661864E-02 0.1077892 0.1161810 0.1246582 0.1329772 0.1408751 0.1481075 0.1544532 0.1597362
4.6034930E-03 4.8471312E-03 5.1069953E-03 5.3842789E-03 5.6804544E-03 5.9969518E-03 6.3354890E-03 6.6977912E-03 7.0858947E-03 7.5018606E-03 7.9481099E-03 8.4271105E-03 8.9417482E-03 9.4949901E-03 1.0090279E-02 1.0731178E-02 1.1421797E-02 1.2166436E-02 1.2970017E-02 1.3837706E-02 1.4775403E-02 1.5789350E-02 1.6886631E-02 1.8074766E-02 1.9362265E-02 2.0758206E-02 2.2272833E-02 2.3917058E-02 2.5703147E-02 2.7644265E-02 2.9755052E-02 3.2051172E-02 3.4549318E-02 3.7267223E-02 4.0227603E-02 4.3450832E-02 4.6958469E-02 5.0772674E-02 5.4915633E-02 5.9407145E-02 6.4263746E-02 6.9494389E-02 7.5097799E-02 8.1055358E-02 8.7326892E-02 9.3841866E-02 0.1004969 0.1071485 0.1136414 0.1198021 0.1254459 0.1304103 0.1345593
4.1086948E-03 4.3439143E-03 4.5944564E-03 4.8615439E-03 5.1464080E-03 5.4504960E-03 5.7752607E-03 6.1224024E-03 6.4936629E-03 6.8910387E-03 7.3166015E-03 7.7727204E-03 8.2618520E-03 8.7868134E-03 9.3505317E-03 9.9563431E-03 1.0607723E-02 1.1308650E-02 1.2063287E-02 1.2876323E-02 1.3752722E-02 1.4698077E-02 1.5718294E-02 1.6819993E-02 1.8010231E-02 1.9296834E-02 2.0688171E-02 2.2193497E-02 2.3822654E-02 2.5586523E-02 2.7496625E-02 2.9565521E-02 3.1807069E-02 3.4236148E-02 3.6864825E-02 3.9708961E-02 4.2784270E-02 4.6105675E-02 4.9686335E-02 5.3537223E-02 5.7664555E-02 6.2068548E-02 6.6739224E-02 7.1654484E-02 7.6774538E-02 8.2040876E-02 8.7372661E-02 9.2673935E-02 9.7817838E-02 0.1026708 0.1071091 0.1110122 0.1142753
3.6644286E-03 3.8912494E-03 4.1326229E-03 4.3895855E-03 4.6633654E-03 4.9551860E-03 5.2664871E-03 5.5987244E-03 5.9535746E-03 6.3327560E-03 6.7382539E-03 7.1720881E-03 7.6365857E-03 8.1341472E-03 8.6675109E-03 9.2395172E-03 9.8533714E-03 1.0512437E-02 1.1220509E-02 1.1981528E-02 1.2799958E-02 1.3680454E-02 1.4628248E-02 1.5648812E-02 1.6748259E-02 1.7932987E-02 1.9210121E-02 2.0587090E-02 2.2072082E-02 2.3673639E-02 2.5401052E-02 2.7263913E-02 2.9271862E-02 3.1434681E-02 3.3765618E-02 3.6274590E-02 3.8971245E-02 4.1864462E-02 4.4961751E-02 4.8267353E-02 5.1781904E-02 5.5499632E-02 5.9407610E-02 6.3482113E-02 6.7688055E-02 7.1975395E-02 7.6279968E-02 8.0518603E-02 8.4609680E-02 8.8462837E-02 9.1977887E-02 9.5064841E-02 9.7644448E-02
