T2-onemodel/GL33.grd
DSAA
         100         100
  -20.00000       20.00000    
  -20.00000       20.00000    
 -1.4652751E-03   1.061170    
[rows 72 to 95 of 100, columns 0 to 52 of 100]
3.2635233E-03 3.4821036E-03 3.7143929E-03 3.9614337E-03 4.2242664E-03 4.5041149E-03 4.8021874E-03 5.1199077E-03 5.4587102E-03 5.8202478E-03 6.2062070E-03 6.6185151E-03 7.0591471E-03 7.5303637E-03 8.0344807E-03 8.5741356E-03 9.1520343E-03 9.7712539E-03 1.0434974E-02 1.1146756E-02 1.1910315E-02 1.2729801E-02 1.3609511E-02 1.4554235E-02 1.5568955E-02 1.6659155E-02 1.7830547E-02 1.9089343E-02 2.0441990E-02 2.1895427E-02 2.3456773E-02 2.5133543E-02 2.6933879E-02 2.8866157E-02 3.0935405E-02 3.3149324E-02 3.5514720E-02 3.8036849E-02 4.0718686E-02 4.3560859E-02 4.6559818E-02 4.9707562E-02 5.2989241E-02 5.6382954E-02 5.9857093E-02 6.3371263E-02 6.6874675E-02 7.0312351E-02 7.3611133E-02 7.6696031E-02 7.9500072E-02 8.1955284E-02 8.4000111E-02
2.8997506E-03 3.1101611E-03 3.3335576E-03 3.5708088E-03 3.8229618E-03 4.0910365E-03 4.3762415E-03 4.6797656E-03 5.0030071E-03 5.3473660E-03 5.7144584E-03 6.1059119E-03 6.5235989E-03 6.9694193E-03 7.4455515E-03 7.9541914E-03 8.4978491E-03 9.0790838E-03 9.7007984E-03 1.0365942E-02 1.1077836E-02 1.1839886E-02 1.2655891E-02 1.3529727E-02 1.4465702E-02 1.5468201E-02 1.6542044E-02 1.7692106E-02 1.8923672E-02 2.0242045E-02 2.1652842E-02 2.3161575E-02 2.4773354E-02 2.6492905E-02 2.8327720E-02 3.0281687E-02 3.2357901E-02 3.4558415E-02 3.6883768E-02 3.9331630E-02 4.1896842E-02 4.4569671E-02 4.7335945E-02 5.0174993E-02 5.3060338E-02 5.5957586E-02 5.8825999E-02 6.1614245E-02 6.4276457E-02 6.6762254E-02 6.9013491E-02 7.0978492E-02 7.2610974E-02
2.5679199E-03 2.7703410E-03 2.9849671E-03 3.2126710E-03 3.4543369E-03 3.7109719E-03 3.9835880E-03 4.2733573E-03 4.5814575E-03 4.9092313E-03 5.2580447E-03 5.6294450E-03 6.0250084E-03 6.4465213E-03 6.8958024E-03 7.3748967E-03 7.8858873E-03 8.4311254E-03 9.0129990E-03 9.6341725E-03 1.0297370E-02 1.1005610E-02 1.1761964E-02 1.2569810E-02 1.3432587E-02 1.4354021E-02 1.5337888E-02 1.6388230E-02 1.7509069E-02 1.8704651E-02 1.9979110E-02 2.1336647E-02 2.2781745E-02 2.4318757E-02 2.5948606E-02 2.7674405E-02 2.9498205E-02 3.1420454E-02 3.3439588E-02 3.5552125E-02 3.7751503E-02 4.0028192E-02 4.2368274E-02 4.4753943E-02 4.7161870E-02 4.9564600E-02 5.1929485E-02 5.4223787E-02 5.6402467E-02 5.8420546E-02 6.0240131E-02 6.1821543E-02 6.3128091E-02
2.2635809E-03 2.4581342E-03 2.6642100E-03 2.8825474E-03 3.1140158E-03 3.3594652E-03 3.6198897E-03 3.8962679E-03 4.1897483E-03 4.5014541E-03 4.8326901E-03 5.1847561E-03 5.5591390E-03 5.9573250E-03 6.3810134E-03 6.8319049E-03 7.3119137E-03 7.8229783E-03 8.3672656E-03 8.9469487E-03 9.5644630E-03 1.0222243E-02 1.0922988E-02 1.1669378E-02 1.2464370E-02 1.3310865E-02 1.4212031E-02 1.5170929E-02 1.6190819E-02 1.7274808E-02 1.8426068E-02 1.9647490E-02 2.0941339E-02 2.2309348E-02 2.3755617E-02 2.5280749E-02 2.6884513E-02 2.8565744E-02 3.0322047E-02 3.2148808E-02 3.4039497E-02 3.5984445E-02 3.7971400E-02 3.9984155E-02 4.2003572E-02 4.4006132E-02 4.5965359E-02 4.7848105E-02 4.9627692E-02 5.1274873E-02 5.2754130E-02 5.4034755E-02 5.5089381E-02
1.9831313E-03 2.1700093E-03 2.3677011E-03 2.5769332E-03 2.7984383E-03 3.0330569E-03 3.2816124E-03 3.5450701E-03 3.8243816E-03 4.1206330E-03 4.4349129E-03 4.7684549E-03 5.1224972E-03 5.4984353E-03 5.8976789E-03 6.3217976E-03 6.7723668E-03 7.2511518E-03 7.7599259E-03 8.3006388E-03 8.8752527E-03 9.4859200E-03 1.0134776E-02 1.0824151E-02 1.1556338E-02 1.2333794E-02 1.3158922E-02 1.4034222E-02 1.4962073E-02 1.5944900E-02 1.6984912E-02 1.8084193E-02 1.9244982E-02 2.0469263E-02 2.1755701E-02 2.3104968E-02 2.4516787E-02 2.5989469E-02 2.7519736E-02 2.9102953E-02 3.0732283E-02 3.2399092E-02 3.4091912E-02 3.5797179E-02 3.7498094E-02 3.9175995E-02 4.0809449E-02 4.2378552E-02 4.3854211E-02 4.5208108E-02 4.6418238E-02 4.7460727E-02 4.8313189E-02
1.7233988E-03 1.9027551E-03 2.0922988E-03 2.2926368E-03 2.5044959E-03 2.7285665E-03 2.9656729E-03 3.2166047E-03 3.4822910E-03 3.7636294E-03 4.0616649E-03 4.3774168E-03 4.7120512E-03 5.0667268E-03 5.4427492E-03 5.8414075E-03 6.2641497E-03 6.7124092E-03 7.1877902E-03 7.6918569E-03 8.2263583E-03 8.7929927E-03 9.3936324E-03 1.0030073E-02 1.0704284E-02 1.1418110E-02 1.2173542E-02 1.2972395E-02 1.3816558E-02 1.4707689E-02 1.5647396E-02 1.6636938E-02 1.7676894E-02 1.8767292E-02 1.9910339E-02 2.1104990E-02 2.2349481E-02 2.3641374E-02 2.4977315E-02 2.6352344E-02 2.7760278E-02 2.9192837E-02 3.0640269E-02 3.2090370E-02 3.3529527E-02 3.4941528E-02 3.6308847E-02 3.7609294E-02 3.8827091E-02 3.9944902E-02 4.0940076E-02 4.1793853E-02 4.2489801E-02
1.4818674E-03 1.6539232E-03 1.8355041E-03 2.0272294E-03 2.2296964E-03 2.4435932E-03 2.6695931E-03 2.9084780E-03 3.1610075E-03 3.4280561E-03 3.7104760E-03 4.0092440E-03 4.3253168E-03 4.6597780E-03 5.0136941E-03 5.3882622E-03 5.7846513E-03 6.2041716E-03 6.6481028E-03 7.1178572E-03 7.6148016E-03 8.1404457E-03 8.6962236E-03 9.2836991E-03 9.9043380E-03 1.0559702E-02 1.1251218E-02 1.1980356E-02 1.2748390E-02 1.3556571E-02 1.4405875E-02 1.5297121E-02 1.6231226E-02 1.7208839E-02 1.8227503E-02 1.9286698E-02 2.0385135E-02 2.1520387E-02 2.2688812E-02 2.3885874E-02 2.5105497E-02 2.6340576E-02 2.7582139E-02 2.8820144E-02 3.0042559E-02 3.1236622E-02 3.2388013E-02 3.3484560E-02 3.4506679E-02 3.5435826E-02 3.6259063E-02 3.6961634E-02 3.7529543E-02
1.2563018E-03 1.4212172E-03 1.5950975E-03 1.7784378E-03 1.9718413E-03 2.1758692E-03 2.3911912E-03 2.6184393E-03 2.8583598E-03 3.1116635E-03 3.3791747E-03 3.6616828E-03 3.9600991E-03 4.2753019E-03 4.6082884E-03 4.9600191E-03 5.3315731E-03 5.7239928E-03 6.1384393E-03 6.5760151E-03 7.0379446E-03 7.5253788E-03 8.0395807E-03 8.5817073E-03 9.1530150E-03 9.7546140E-03 1.0387682E-02 1.1053196E-02 1.1752144E-02 1.2485259E-02 1.3253183E-02 1.4056213E-02 1.4893969E-02 1.5765578E-02 1.6672265E-02 1.7612271E-02 1.8583257E-02 1.9582454E-02 2.0606497E-02 2.1650854E-02 2.2710253E-02 2.3778016E-02 2.4846679E-02 2.5907204E-02 2.6949931E-02 2.7963573E-02 2.8936340E-02 2.9852875E-02 3.0703887E-02 3.1478997E-02 3.2163210E-02 3.2744776E-02 3.3213705E-02
1.0449502E-03 1.2029599E-03 1.3693357E-03 1.5445852E-03 1.7291979E-03 1.9237347E-03 2.1287361E-03 2.3448297E-03 2.5726187E-03 2.8127918E-03 3.0660173E-03 3.3330536E-03 3.6146315E-03 3.9115809E-03 4.2247018E-03 4.5548878E-03 4.9029905E-03 5.2699675E-03 5.6567197E-03 6.0642450E-03 6.4934753E-03 6.9454303E-03 7.4210414E-03 7.9213157E-03 8.4471395E-03 8.9994418E-03 9.5790066E-03 1.0186604E-02 1.0822804E-02 1.1488112E-02 1.2182769E-02 1.2906858E-02 1.3660554E-02 1.4443805E-02 1.5253698E-02 1.6089229E-02 1.6948795E-02 1.7829880E-02 1.8729081E-02 1.9642428E-02 2.0564880E-02 2.1490823E-02 2.2413414E-02 2.3325318E-02 2.4217896E-02 2.5082344E-02 2.5908949E-02 2.6690301E-02 2.7412754E-02 2.8063701E-02 2.8635560E-02 2.9119004E-02 2.9505037E-02
8.4620097E-04 9.9748501E-04 1.1566246E-03 1.3240272E-03 1.5001810E-03 1.6855432E-03 1.8806468E-03 2.0860024E-03 2.3021956E-03 2.5297820E-03 2.7694055E-03 3.0216724E-03 3.2872811E-03 3.5668926E-03 3.8612541E-03 4.1710706E-03 4.4971332E-03 4.8401766E-03 5.2010305E-03 5.5804444E-03 5.9792562E-03 6.3982159E-03 6.8381368E-03 7.2997292E-03 7.7837501E-03 8.2908021E-03 8.8215219E-03 9.3763415E-03 9.9556660E-03 1.0559675E-02 1.1188429E-02 1.1841694E-02 1.2518597E-02 1.3217843E-02 1.3940181E-02 1.4683633E-02 1.5445802E-02 1.6224032E-02 1.7015308E-02 1.7815774E-02 1.8621171E-02 1.9426243E-02 2.0225387E-02 2.1011939E-02 2.1779053E-02 2.2518767E-02 2.3223022E-02 2.3880875E-02 2.4486979E-02 2.5035148E-02 2.5515094E-02 2.5919290E-02 2.6241604E-02
6.5880182E-04 8.0359716E-04 9.5571118E-04 1.1155618E-03 1.2835375E-03 1.4600975E-03 1.6456678E-03 1.8407534E-03 2.0458195E-03 2.2614137E-03 2.4880413E-03 2.7262913E-03 2.9767125E-03 3.2399325E-03 3.5165364E-03 3.8071850E-03 4.1124811E-03 4.4331113E-03 4.7696927E-03 5.1229126E-03 5.4933769E-03 5.8817547E-03 6.2886146E-03 6.7145699E-03 7.1601076E-03 7.6257344E-03 8.1117991E-03 8.6186277E-03 9.1463486E-03 9.6950205E-03 1.0264469E-02 1.0854374E-02 1.1464535E-02 1.2094581E-02 1.2741496E-02 1.3404147E-02 1.4080979E-02 1.4769684E-02 1.5467299E-02 1.6170537E-02 1.6875353E-02 1.7577415E-02 1.8271543E-02 1.8952405E-02 1.9613765E-02 2.0249518E-02 2.0852961E-02 2.1419683E-02 2.1939846E-02 2.2404592E-02 2.2809558E-02 2.3148727E-02 2.3416154E-02
4.8159447E-04 6.2008819E-04 7.6544349E-04 9.1798592E-04 1.0781166E-03 1.2461913E-03 1.4226444E-03 1.6078671E-03 1.8023294E-03 2.0064516E-03 2.2207391E-03 2.4456400E-03 2.6816940E-03 2.9293781E-03 3.1892539E-03 3.4618170E-03 3.7476425E-03 4.0472322E-03 4.3611629E-03 4.6899221E-03 5.0340691E-03 5.3940550E-03 5.7703913E-03 6.1634574E-03 6.5736803E-03 7.0013232E-03 7.4466681E-03 7.9097990E-03 8.3907824E-03 8.8894544E-03 9.4055654E-03 9.9386070E-03 1.0487493E-02 1.1050787E-02 1.1629042E-02 1.2220323E-02 1.2822388E-02 1.3432895E-02 1.4049280E-02 1.4668377E-02 1.5286830E-02 1.5900580E-02 1.6505439E-02 1.7096484E-02 1.7668853E-02 1.8216869E-02 1.8734954E-02 1.9215049E-02 1.9654267E-02 2.0049006E-02 2.0391947E-02 2.0678176E-02 2.0903917E-02
3.1368196E-04 4.4611187E-04 5.8492296E-04 7.3045283E-04 8.8301336E-04 1.0429701E-03 1.2106600E-03 1.3864790E-03 1.5707893E-03 1.7640122E-03 1.9665337E-03 2.1787996E-03 2.4012155E-03 2.6342496E-03 2.8783202E-03 3.1339042E-03 3.4014189E-03 3.6813428E-03 3.9740829E-03 4.2800941E-03 4.5997510E-03 4.9334704E-03 5.2815638E-03 5.6443759E-03 6.0221227E-03 6.4150309E-03 6.8231751E-03 7.2466056E-03 7.6851877E-03 8.1387348E-03 8.6068437E-03 9.0890070E-03 9.5848683E-03 1.0093941E-02 1.0613292E-02 1.1141856E-02 1.1678251E-02 1.2220496E-02 1.2766114E-02 1.3312452E-02 1.3856318E-02 1.4394414E-02 1.4922828E-02 1.5437674E-02 1.5934419E-02 1.6408809E-02 1.6856158E-02 1.7273968E-02 1.7654900E-02 1.7992523E-02 1.8284444E-02 1.8526718E-02 1.8715283E-02
1.5420689E-04 2.8076573E-04 4.1329538E-04 5.5205805E-04 6.9737405E-04 8.4952405E-04 1.0088527E-03 1.1756625E-03 1.3503191E-03 1.5331421E-03 1.7245164E-03 1.9247760E-03 2.1343201E-03 2.3534948E-03 2.5827065E-03 2.8223004E-03 3.0726781E-03 3.3341716E-03 3.6071700E-03 3.8919700E-03 4.1889255E-03 4.4982852E-03 4.8203394E-03 5.1552542E-03 5.5032275E-03 5.8643073E-03 6.2385504E-03 6.6258386E-03 7.0260307E-03 7.4387896E-03 7.8637116E-03 8.3001712E-03 8.7470300E-03 9.2028677E-03 9.6681835E-03 1.0141194E-02 1.0619903E-02 1.1102317E-02 1.1586344E-02 1.2069426E-02 1.2548954E-02 1.3021801E-02 1.3484868E-02 1.3934487E-02 1.4367187E-02 1.4778874E-02 1.5165643E-02 1.5521402E-02 1.5844774E-02 1.6133782E-02 1.6383044E-02 1.6589278E-02 1.6750183E-02
2.4879605E-06 1.2340915E-04 2.4987431E-04 3.8215690E-04 5.2050053E-04 6.6519907E-04 8.1651058E-04 9.7474805E-04 1.1401838E-03 1.3131452E-03 1.4939152E-03 1.6828306E-03 1.8801796E-03 2.0863090E-03 2.3015058E-03 2.5261131E-03 2.7604017E-03 3.0046969E-03 3.2592507E-03 3.5243530E-03 3.8002082E-03 4.0870602E-03 4.3850443E-03 4.6943212E-03 5.0149327E-03 5.3469264E-03 5.6902096E-03 6.0446700E-03 6.4100302E-03 6.7859758E-03 7.1720080E-03 7.5675482E-03 7.9722051E-03 8.3854944E-03 8.8046677E-03 9.2287799E-03 9.6566761E-03 1.0086710E-02 1.0516861E-02 1.0945030E-02 1.1368706E-02 1.1785394E-02 1.2192138E-02 1.2586106E-02 1.2963961E-02 1.3322718E-02 1.3659067E-02 1.3971750E-02 1.4255112E-02 1.4504332E-02 1.4718237E-02 1.4894200E-02 1.5029349E-02
-1.4211456E-04 -2.6642234E-05 9.4012568E-05 2.2005304E-04 3.5173932E-04 4.8928504E-04 6.3296518E-04 7.8300625E-04 9.3969377E-04 1.1032625E-03 1.2740046E-03 1.4521588E-03 1.6380197E-03 1.8318272E-03 2.0338742E-03 2.2443866E-03 2.4636402E-03 2.6918389E-03 2.9292339E-03 3.1759886E-03 3.4323107E-03 3.6983073E-03 3.9741206E-03 4.2597745E-03 4.5553190E-03 4.8606675E-03 5.1757456E-03 5.5003171E-03 5.8341357E-03 6.1767851E-03 6.5278020E-03 6.8865372E-03 7.2518853E-03 7.6225116E-03 7.9989517E-03 8.3796121E-03 8.7627517E-03 9.1467137E-03 9.5298104E-03 9.9100154E-03 1.0285309E-02 1.0653282E-02 1.1011631E-02 1.1357627E-02 1.1688768E-02 1.2002056E-02 1.2294728E-02 1.2562048E-02 1.2803606E-02 1.3018453E-02 1.3202491E-02 1.3353495E-02 1.3470075E-02
-2.8008604E-04 -1.6983312E-04 -5.4778237E-05 6.5300395E-05 1.9059010E-04 3.2132494E-04 4.5769991E-04 5.9995806E-04 7.4830290E-04 9.0298342E-04 1.0642010E-03 1.2322058E-03 1.4071998E-03 1.5894310E-03 1.7790906E-03 1.9764130E-03 2.1815656E-03 2.3947638E-03 2.6161447E-03 2.8458803E-03 3.0840610E-03 3.3308067E-03 3.5861367E-03 3.8500936E-03 4.1226051E-03 4.4036135E-03 4.6929251E-03 4.9903444E-03 5.2955272E-03 5.6081070E-03 5.9275609E-03 6.2533123E-03 6.5849880E-03 6.9221677E-03 7.2623170E-03 7.6046572E-03 7.9482486E-03 8.2917474E-03 8.6335149E-03 8.9719146E-03 9.3049835E-03 9.6308300E-03 9.9472068E-03 1.0252049E-02 1.0542881E-02 1.0817586E-02 1.1073800E-02 1.1311066E-02 1.1524905E-02 1.1711587E-02 1.1870710E-02 1.2000493E-02 1.2098838E-02
-4.1192918E-04 -3.0671040E-04 -1.9700557E-04 -8.2658255E-05 3.6537680E-05 1.6074663E-04 2.9018067E-04 4.2501051E-04 5.6545378E-04 7.1167899E-04 8.6390413E-04 1.0222945E-03 1.1870653E-03 1.3583741E-03 1.5364239E-03 1.7213556E-03 1.9133501E-03 2.1125218E-03 2.3190205E-03 2.5329171E-03 2.7543164E-03 2.9832330E-03 3.2197065E-03 3.4636720E-03 3.7150895E-03 3.9737942E-03 4.2396346E-03 4.5123217E-03 4.7915634E-03 5.0769229E-03 5.3679305E-03 5.6639658E-03 5.9639970E-03 6.2668053E-03 6.5729851E-03 6.8811509E-03 7.1898075E-03 7.4975831E-03 7.8031337E-03 8.1048515E-03 8.4011909E-03 8.6902920E-03 8.9704385E-03 9.2395684E-03 9.4958898E-03 9.7371712E-03 9.9614300E-03 1.0164889E-02 1.0347753E-02 1.0509723E-02 1.0647585E-02 1.0759797E-02 1.0845562E-02
-5.3805689E-04 -4.3764897E-04 -3.3309191E-04 -2.2420892E-04 -1.1085643E-04 7.1496088E-06 1.2995205E-04 2.5774093E-04 3.9066092E-04 5.2889780E-04 6.7259331E-04 8.2193094E-04 9.7704283E-04 1.1381035E-03 1.3052297E-03 1.4785805E-03 1.6582467E-03 1.8443598E-03 2.0369785E-03 2.2361935E-03 2.4420128E-03 2.6544782E-03 2.8735318E-03 3.0991430E-03 3.3311744E-03 3.5695033E-03 3.8138912E-03 4.0641022E-03 4.3197717E-03 4.5805266E-03 4.8458599E-03 5.1152343E-03 5.3883279E-03 5.6647989E-03 5.9423284E-03 6.2203007E-03 6.4979852E-03 6.7742923E-03 7.0478991E-03 7.3175300E-03 7.5816498E-03 7.8388369E-03 8.0873640E-03 8.3257146E-03 8.5520335E-03 8.7648304E-03 8.9623788E-03 9.1447476E-03 9.3082888E-03 9.4500380E-03 9.5700668E-03 9.6671563E-03 9.7397231E-03
-6.5883360E-04 -5.6305999E-04 -4.6341374E-04 -3.5977637E-04 -2.5198329E-04 -1.3991346E-04 -2.3401190E-05 9.7673765E-05 2.2347663E-04 3.5412467E-04 4.8978085E-04 6.3055119E-04 7.7658863E-04 9.2799019E-04 1.0848937E-03 1.2473749E-03 1.4155481E-03 1.5894593E-03 1.7691931E-03 1.9547502E-03 2.1461698E-03 2.3434029E-03 2.5464301E-03 2.7551302E-03 2.9694107E-03 3.1890634E-03 3.4139075E-03 3.6436289E-03 3.8779317E-03 4.1163880E-03 4.3585547E-03 4.6038637E-03 4.8513757E-03 5.0999955E-03 5.3503783E-03 5.6013251E-03 5.8515673E-03 6.0999845E-03 6.3455054E-03 6.5868511E-03 6.8228380E-03 7.0520258E-03 7.2731436E-03 7.4846069E-03 7.6851291E-03 7.8730322E-03 8.0468841E-03 8.2035810E-03 8.3437208E-03 8.4674219E-03 8.5720811E-03 8.6566154E-03 8.7206103E-03
-7.7455601E-04 -6.8320235E-04 -5.8827316E-04 -4.8962655E-04 -3.8715609E-04 -2.8071908E-04 -1.7021164E-04 -5.5490280E-05 6.3545383E-05 1.8703508E-04 3.1507149E-04 4.4778539E-04 5.8525713E-04 7.2760665E-04 8.7489781E-04 1.0272304E-03 1.1846403E-03 1.3472028E-03 1.5149195E-03 1.6878252E-03 1.8658775E-03 2.0490638E-03 2.2372815E-03 2.4304560E-03 2.6284149E-03 2.8310046E-03 3.0379689E-03 3.2490625E-03 3.4639267E-03 3.6822064E-03 3.9034344E-03 4.1271271E-03 4.3530264E-03 4.5808717E-03 4.8085470E-03 5.0355801E-03 5.2614170E-03 5.4851901E-03 5.7058367E-03 5.9223566E-03 6.1335433E-03 6.3383225E-03 6.5353713E-03 6.7235739E-03 6.9015082E-03 7.0681279E-03 7.2221714E-03 7.3640333E-03 7.4906726E-03 7.5996602E-03 7.6913727E-03 7.7649602E-03 7.8191906E-03
-8.8555849E-04 -7.9845707E-04 -7.0801959E-04 -6.1415782E-04 -5.1674282E-04 -4.1568786E-04 -3.1086680E-04 -2.0219573E-04 -8.9549685E-05 2.7147065E-05 1.4801073E-04 2.7310828E-04 4.0254375E-04 5.3636933E-04 6.7467365E-04 8.1748608E-04 9.6487167E-04 1.1168309E-03 1.2733989E-03 1.4345363E-03 1.6002364E-03 1.7704123E-03 1.9450049E-03 2.1238660E-03 2.3068753E-03 2.4938111E-03 2.6844770E-03 2.8785672E-03 3.0757934E-03 3.2757598E-03 3.4780637E-03 3.6822003E-03 3.8873223E-03 4.0924558E-03 4.2983089E-03 4.5038499E-03 4.7079995E-03 4.9098488E-03 5.1085535E-03 5.3030867E-03 5.4925410E-03 5.6757922E-03 5.8518960E-03 6.0196389E-03 6.1780810E-03 6.3259401E-03 6.4621749E-03 6.5841912E-03 6.6928179E-03 6.7884303E-03 6.8688705E-03 6.9333650E-03 6.9817505E-03
-9.9209393E-04 -9.0904284E-04 -8.2291506E-04 -7.3359959E-04 -6.4102071E-04 -5.4506707E-04 -4.4566733E-04 -3.4271379E-04 -2.3613952E-04 -1.2584384E-04 -1.1770748E-05 1.0617105E-04 2.2802537E-04 3.5387004E-04 4.8372819E-04 6.1765854E-04 7.5565930E-04 8.9776312E-04 1.0439374E-03 1.1941786E-03 1.3484117E-03 1.5065916E-03 1.6685912E-03 1.8343121E-03 2.0035682E-03 2.1761956E-03 2.3519392E-03 2.5305592E-03 2.7117196E-03 2.8950956E-03 3.0802693E-03 3.2668167E-03 3.4545406E-03 3.6432573E-03 3.8310390E-03 4.0175347E-03 4.2023351E-03 4.3847514E-03 4.5639360E-03 4.7391080E-03 4.9093068E-03 5.0737229E-03 5.2313241E-03 5.3812978E-03 5.5225459E-03 5.6543220E-03 5.7756943E-03 5.8872793E-03 5.9864800E-03 6.0712574E-03 6.1421706E-03 6.1986255E-03 6.2396289E-03
-1.0943861E-03 -1.0152246E-03 -9.3319453E-04 -8.4823347E-04 -7.6024042E-04 -6.6915614E-04 -5.7488494E-04 -4.7737118E-04 -3.7652469E-04 -2.7229893E-04 -1.6461237E-04 -5.3430915E-05 6.1316779E-05 1.7964761E-04 3.0161519E-04 4.2721585E-04 5.5648031E-04 6.8937772E-04 8.2591170E-04 9.6601539E-04 1.1096552E-03 1.2567213E-03 1.4071340E-03 1.5607338E-03 1.7173887E-03 1.8768781E-03 2.0390088E-03 2.2034913E-03 2.3700595E-03 2.5383537E-03 2.7080197E-03 2.8786161E-03 3.0493862E-03 3.2194664E-03 3.3896039E-03 3.5589121E-03 3.7264694E-03 3.8915367E-03 4.0534497E-03 4.2113950E-03 4.3646684E-03 4.5123822E-03 4.6538310E-03 4.7880760E-03 4.9144407E-03 5.0319210E-03 5.1397486E-03 5.2357125E-03 5.3207846E-03 5.3955051E-03 5.4580402E-03 5.5078217E-03 5.5448529E-03
