T2-onemodel/GL33.grd
DSAA
         100         100
  -20.00000       20.00000    
  -20.00000       20.00000    
 -1.4652751E-03   1.061170    
[rows 0 to 23 of 100, columns 0 to 52 of 100]
-1.2678574E-03 -1.1921093E-03 -1.1137896E-03 -1.0328575E-03 -9.4926066E-04 -8.6296984E-04 -7.7394414E-04 -6.8216835E-04 -5.8761728E-04 -4.9029541E-04 -3.9020021E-04 -2.8736226E-04 -1.8180347E-04 -7.3584270E-05 3.7240985E-05 1.5057440E-04 2.6632386E-04 3.8434760E-04 5.0450786E-04 6.2661147E-04 7.5047015E-04 8.7583647E-04 1.0024660E-03 1.1300511E-03 1.2582901E-03 1.3868170E-03 1.5152700E-03 1.6432257E-03 1.7702640E-03 1.8959189E-03 2.0197059E-03 2.1411206E-03 2.2590950E-03 2.3724481E-03 2.4829225E-03 2.5895936E-03 2.6913043E-03 2.7874860E-03 2.8776280E-03 2.9612100E-03 3.0378154E-03 3.1069743E-03 3.1683596E-03 3.2215535E-03 3.2663501E-03 3.3023912E-03 3.3295499E-03 3.3470117E-03 3.3554637E-03 3.3553934E-03 3.3464043E-03 3.3285159E-03 3.3029239E-03
-1.1706193E-03 -1.0908045E-03 -1.0081916E-03 -9.2271389E-04 -8.3432364E-04 -7.4296241E-04 -6.4859568E-04 -5.5117725E-04 -4.5069063E-04 -3.4710887E-04 -2.4043942E-04 -1.3068347E-04 -1.7875971E-05 9.7952608E-05 2.1673010E-04 3.3838849E-04 4.6280940E-04 5.8987906E-04 7.1942731E-04 8.5128448E-04 9.8522205E-04 1.1210095E-03 1.2583524E-03 1.3969544E-03 1.5364519E-03 1.6764799E-03 1.8166078E-03 1.9563995E-03 2.0953610E-03 2.2329891E-03 2.3687507E-03 2.5020880E-03 2.6329895E-03 2.7615300E-03 2.8847486E-03 3.0024347E-03 3.1146330E-03 3.2207835E-03 3.3202989E-03 3.4126379E-03 3.4972334E-03 3.5736531E-03 3.6413919E-03 3.7001283E-03 3.7494339E-03 3.7891446E-03 3.8189876E-03 3.8395196E-03 3.8498833E-03 3.8495590E-03 3.8390555E-03 3.8185832E-03 3.7872654E-03
-1.0695412E-03 -9.8545395E-04 -8.9830748E-04 -8.0803852E-04 -7.1456755E-04 -6.1784184E-04 -5.1779387E-04 -4.1438252E-04 -3.0755744E-04 -1.9730060E-04 -8.3584891E-05 3.3578606E-05 1.5418953E-04 2.7820125E-04 4.0557710E-04 5.3622702E-04 6.7006482E-04 8.0694904E-04 9.4673707E-04 1.0892240E-03 1.2342033E-03 1.3813985E-03 1.5305296E-03 1.6812438E-03 1.8331823E-03 1.9859110E-03 2.1389911E-03 2.2919092E-03 2.4441432E-03 2.5951148E-03 2.7442158E-03 2.8908094E-03 3.0336513E-03 3.1713671E-03 3.3056955E-03 3.4355198E-03 3.5594807E-03 3.6768510E-03 3.7869622E-03 3.8891395E-03 3.9828094E-03 4.0673590E-03 4.1423445E-03 4.2072330E-03 4.2617293E-03 4.3053930E-03 4.3380400E-03 4.3587801E-03 4.3683262E-03 4.3671946E-03 4.3549943E-03 4.3317834E-03 4.2988877E-03
-9.6443534E-04 -8.7584602E-04 -7.8393181E-04 -6.8859599E-04 -5.8976247E-04 -4.8734286E-04 -3.8127351E-04 -2.7147704E-04 -1.5790825E-04 -4.0512325E-05 8.0731988E-05 2.0585174E-04 3.3483477E-04 4.6767443E-04 6.0431741E-04 7.4471033E-04 8.8874478E-04 1.0363122E-03 1.1872406E-03 1.3413531E-03 1.4984019E-03 1.6581317E-03 1.8202082E-03 1.9842917E-03 2.1499558E-03 2.3167643E-03 2.4842001E-03 2.6517282E-03 2.8187423E-03 2.9846125E-03 3.1486659E-03 3.3101940E-03 3.4690620E-03 3.6252218E-03 3.7753738E-03 3.9191451E-03 4.0564286E-03 4.1864845E-03 4.3085422E-03 4.4218861E-03 4.5257667E-03 4.6195826E-03 4.7026803E-03 4.7746170E-03 4.8348457E-03 4.8831212E-03 4.9190982E-03 4.9433215E-03 4.9548768E-03 4.9532284E-03 4.9389373E-03 4.9122735E-03 4.8723603E-03
-8.5514941E-04 -7.6183554E-04 -6.6488975E-04 -5.6421652E-04 -4.5970306E-04 -3.5126242E-04 -2.3879176E-04 -1.2221713E-04 -1.4521960E-06 1.2355429E-04 2.5286587E-04 3.8650370E-04 5.2449928E-04 6.6683412E-04 8.1349659E-04 9.6441747E-04 1.1195276E-03 1.2786945E-03 1.4417823E-03 1.6085784E-03 1.7788631E-03 1.9523356E-03 2.1286802E-03 2.3074937E-03 2.4883568E-03 2.6707551E-03 2.8541589E-03 3.0379428E-03 3.2214618E-03 3.4039940E-03 3.5847733E-03 3.7629881E-03 3.9371680E-03 4.1056923E-03 4.2702612E-03 4.4295187E-03 4.5818295E-03 4.7262413E-03 4.8618731E-03 4.9878354E-03 5.1033585E-03 5.2076201E-03 5.3000059E-03 5.3798277E-03 5.4466650E-03 5.4999646E-03 5.5394717E-03 5.5642040E-03 5.5748937E-03 5.5720890E-03 5.5554206E-03 5.5250055E-03 5.4823374E-03
-7.4147066E-04 -6.4318534E-04 -5.4095470E-04 -4.3464560E-04 -3.2414289E-04 -2.0931913E-04 -9.0071349E-05 3.3717617E-05 1.6213492E-04 2.9527681E-04 4.3320580E-04 5.7599129E-04 7.2365801E-04 8.7623525E-04 1.0337011E-03 1.1960331E-03 1.3631457E-03 1.5349486E-03 1.7112800E-03 1.8919624E-03 2.0767385E-03 2.2653334E-03 2.4573787E-03 2.6524828E-03 2.8501565E-03 3.0498800E-03 3.2510336E-03 3.4529653E-03 3.6549254E-03 3.8561274E-03 4.0557194E-03 4.2527933E-03 4.4470443E-03 4.6382430E-03 4.8226784E-03 4.9997568E-03 5.1691630E-03 5.3298892E-03 5.4809130E-03 5.6212689E-03 5.7499711E-03 5.8661900E-03 5.9690489E-03 6.0579325E-03 6.1321333E-03 6.1912891E-03 6.2349597E-03 6.2636724E-03 6.2764436E-03 6.2727188E-03 6.2531298E-03 6.2180366E-03 6.1665955E-03
-6.2320894E-04 -5.1971606E-04 -4.1192013E-04 -2.9968491E-04 -1.8285139E-04 -6.1289378E-05 6.5150409E-05 1.9658856E-04 3.3316005E-04 4.7496613E-04 6.2212092E-04 7.7469414E-04 9.3276275E-04 1.0963536E-03 1.2654981E-03 1.4401658E-03 1.6203200E-03 1.8058548E-03 1.9966515E-03 2.1925059E-03 2.3931949E-03 2.5984026E-03 2.8077816E-03 3.0208796E-03 3.2372100E-03 3.4561721E-03 3.6771272E-03 3.8993182E-03 4.1219443E-03 4.3441057E-03 4.5648320E-03 4.7830883E-03 4.9971072E-03 5.2049500E-03 5.4082200E-03 5.6052450E-03 5.7940367E-03 5.9733288E-03 6.1419276E-03 6.2986524E-03 6.4424500E-03 6.5722321E-03 6.6871303E-03 6.7862291E-03 6.8689352E-03 6.9345403E-03 6.9826818E-03 7.0122764E-03 7.0240730E-03 7.0186607E-03 6.9957017E-03 6.9554113E-03 6.8995049E-03
-5.0012092E-04 -3.9115830E-04 -2.7752615E-04 -1.5904263E-04 -3.5544315E-05 9.3149232E-05 2.2719262E-04 3.6675885E-04 5.1199133E-04 6.6304737E-04 8.2004769E-04 9.8311878E-04 1.1523427E-03 1.3278070E-03 1.5095434E-03 1.6975793E-03 1.8918708E-03 2.0923659E-03 2.2989304E-03 2.5114077E-03 2.7295435E-03 2.9530555E-03 3.1815472E-03 3.4145825E-03 3.6516024E-03 3.8919996E-03 4.1350373E-03 4.3799188E-03 4.6257223E-03 4.8714611E-03 5.1160543E-03 5.3583374E-03 5.5977665E-03 5.8338651E-03 6.0623926E-03 6.2824390E-03 6.4933971E-03 6.6939020E-03 6.8825609E-03 7.0580570E-03 7.2190668E-03 7.3644440E-03 7.4930196E-03 7.6039047E-03 7.6961722E-03 7.7692890E-03 7.8226859E-03 7.8568496E-03 7.8707263E-03 7.8637572E-03 7.8366669E-03 7.7899466E-03 7.7228248E-03
-3.7199419E-04 -2.5731185E-04 -1.3754467E-04 -1.2502397E-05 1.1803037E-04 2.5424178E-04 3.9634292E-04 5.4451695E-04 6.9896918E-04 8.5986883E-04 1.0273985E-03 1.2016961E-03 1.3829126E-03 1.5711444E-03 1.7664901E-03 1.9689780E-03 2.1786315E-03 2.3953945E-03 2.6191927E-03 2.8498508E-03 3.0871660E-03 3.3308193E-03 3.5804459E-03 3.8355510E-03 4.0955860E-03 4.3598549E-03 4.6275971E-03 4.8978967E-03 5.1697660E-03 5.4420787E-03 5.7136049E-03 5.9830109E-03 6.2481570E-03 6.5066814E-03 6.7600124E-03 7.0060347E-03 7.2422847E-03 7.4670715E-03 7.6787625E-03 7.8757498E-03 8.0565792E-03 8.2197823E-03 8.3641419E-03 8.4884241E-03 8.5917674E-03 8.6732488E-03 8.7323608E-03 8.7678824E-03 8.7805800E-03 8.7711047E-03 8.7391846E-03 8.6851763E-03 8.6110989E-03
-2.3853453E-04 -1.1785771E-04 8.3315845E-06 1.4027533E-04 2.7819994E-04 4.2235272E-04 5.7295948E-04 7.3026924E-04 8.9450215E-04 1.0658965E-03 1.2446521E-03 1.4309824E-03 1.6250543E-03 1.8270419E-03 2.0370546E-03 2.2551990E-03 2.4815062E-03 2.7159972E-03 2.9585939E-03 3.2091865E-03 3.4675521E-03 3.7334238E-03 4.0063960E-03 4.2860024E-03 4.5716232E-03 4.8625548E-03 5.1579345E-03 5.4567945E-03 5.7580066E-03 6.0603316E-03 6.3623949E-03 6.6626952E-03 6.9603631E-03 7.2545749E-03 7.5404150E-03 7.8165233E-03 8.0818580E-03 8.3345538E-03 8.5727070E-03 8.7944865E-03 8.9980783E-03 9.1818897E-03 9.3443226E-03 9.4841244E-03 9.6000303E-03 9.6912645E-03 9.7570717E-03 9.7978748E-03 9.8125348E-03 9.8005142E-03 9.7626746E-03 9.6996957E-03 9.6109556E-03
-9.9464618E-05 2.7466063E-05 1.6038925E-04 2.9955979E-04 4.4526596E-04 5.9777254E-04 7.5737416E-04 9.2433987E-04 1.0989638E-03 1.2815063E-03 1.4722494E-03 1.6714305E-03 1.8793033E-03 2.0960632E-03 2.3219108E-03 2.5569731E-03 2.8013741E-03 3.0551439E-03 3.3182886E-03 3.5906998E-03 3.8722269E-03 4.1625807E-03 4.4614100E-03 4.7681956E-03 5.0823395E-03 5.4030498E-03 5.7294387E-03 6.0604070E-03 6.3947421E-03 6.7310333E-03 7.0677227E-03 7.4030855E-03 7.7344873E-03 8.0590062E-03 8.3777849E-03 8.6881109E-03 8.9868503E-03 9.2716962E-03 9.5404135E-03 9.7907791E-03 1.0020748E-02 1.0228292E-02 1.0411703E-02 1.0569286E-02 1.0699801E-02 1.0802002E-02 1.0875174E-02 1.0917922E-02 1.0931029E-02 1.0915230E-02 1.0870379E-02 1.0797055E-02 1.0697698E-02
4.5545996E-05 1.7901234E-04 3.1896294E-04 4.6571699E-04 6.1958103E-04 7.8089273E-04 9.4996957E-04 1.1271595E-03 1.3127833E-03 1.5071896E-03 1.7106917E-03 1.9236221E-03 2.1462662E-03 2.3789213E-03 2.6218223E-03 2.8752021E-03 3.1392113E-03 3.4139857E-03 3.6995488E-03 3.9958889E-03 4.3028593E-03 4.6202512E-03 4.9476875E-03 5.2847005E-03 5.6306277E-03 5.9846849E-03 6.3458723E-03 6.7130388E-03 7.0848051E-03 7.4596219E-03 7.8357412E-03 8.2112141E-03 8.5847303E-03 8.9549702E-03 9.3161371E-03 9.6662464E-03 1.0003622E-02 1.0325663E-02 1.0629738E-02 1.0913288E-02 1.1173774E-02 1.1408933E-02 1.1616556E-02 1.1794847E-02 1.1942076E-02 1.2057099E-02 1.2138885E-02 1.2187760E-02 1.2202493E-02 1.2182598E-02 1.2129141E-02 1.2043105E-02 1.1924132E-02
1.9684968E-04 3.3711616E-04 4.8441935E-04 6.3909794E-04 8.0153381E-04 9.7208802E-04 1.1511628E-03 1.3391357E-03 1.5364239E-03 1.7434099E-03 1.9605120E-03 2.1881023E-03 2.4265801E-03 2.6762884E-03 2.9375807E-03 3.2107381E-03 3.4960324E-03 3.7936363E-03 4.1037011E-03 4.4262405E-03 4.7612195E-03 5.1084328E-03 5.4675899E-03 5.8381916E-03 6.2196245E-03 6.6110212E-03 7.0113679E-03 7.4193706E-03 7.8335516E-03 8.2521578E-03 8.6732022E-03 9.0944562E-03 9.5126322E-03 9.9240514E-03 1.0329405E-02 1.0725142E-02 1.1107204E-02 1.1472401E-02 1.1817601E-02 1.2139698E-02 1.2435781E-02 1.2703004E-02 1.2938907E-02 1.3141128E-02 1.3307881E-02 1.3437460E-02 1.3528827E-02 1.3580359E-02 1.3592861E-02 1.3567190E-02 1.3503428E-02 1.3402495E-02 1.3267445E-02
3.5487756E-04 5.0223118E-04 6.5718603E-04 8.2015654E-04 9.9155225E-04 1.1718203E-03 1.3613973E-03 1.5607600E-03 1.7703661E-03 1.9907099E-03 2.2222560E-03 2.4655000E-03 2.7208980E-03 2.9889250E-03 3.2699991E-03 3.5645410E-03 3.8728830E-03 4.1953484E-03 4.5321402E-03 4.8834169E-03 5.2491813E-03 5.6293551E-03 6.0236542E-03 6.4316727E-03 6.8527549E-03 7.2860718E-03 7.7305012E-03 8.1847012E-03 8.6470079E-03 9.1154976E-03 9.5879463E-03 1.0061828E-02 1.0535218E-02 1.1006109E-02 1.1467530E-02 1.1916585E-02 1.2350682E-02 1.2766158E-02 1.3159296E-02 1.3526461E-02 1.3864071E-02 1.4168857E-02 1.4437680E-02 1.4667950E-02 1.4857240E-02 1.5003881E-02 1.5106445E-02 1.5165081E-02 1.5178472E-02 1.5146234E-02 1.5069759E-02 1.4950500E-02 1.4788558E-02
5.2007515E-04 6.7477545E-04 8.3770772E-04 1.0093121E-03 1.1900889E-03 1.3805192E-03 1.5811441E-03 1.7924831E-03 2.0151127E-03 2.2495799E-03 2.4964816E-03 2.7563774E-03 3.0298710E-03 3.3175123E-03 3.6198802E-03 3.9374758E-03 4.2708064E-03 4.6202741E-03 4.9862610E-03 5.3689973E-03 5.7686539E-03 6.1852047E-03 6.6185109E-03 7.0681763E-03 7.5336387E-03 8.0140149E-03 8.5081970E-03 9.0147024E-03 9.5317597E-03 1.0057204E-02 1.0588525E-02 1.1122827E-02 1.1655953E-02 1.2183210E-02 1.2704575E-02 1.3215310E-02 1.3710046E-02 1.4184304E-02 1.4633624E-02 1.5053578E-02 1.5439983E-02 1.5788754E-02 1.6096313E-02 1.6359290E-02 1.6575066E-02 1.6741272E-02 1.6856413E-02 1.6918538E-02 1.6928475E-02 1.6887292E-02 1.6795436E-02 1.6654387E-02 1.6468106E-02
6.9301663E-04 8.5534842E-04 1.0265517E-03 1.2071602E-03 1.3977067E-03 1.5987825E-03 1.8109716E-03 2.0349196E-03 2.2712571E-03 2.5206720E-03 2.7838328E-03 3.0614585E-03 3.3542360E-03 3.6628959E-03 3.9881151E-03 4.3305913E-03 4.6909382E-03 5.0697685E-03 5.4675718E-03 5.8847922E-03 6.3216966E-03 6.7784628E-03 7.2550182E-03 7.7511314E-03 8.2662487E-03 8.7995771E-03 9.3499357E-03 9.9158119E-03 1.0495245E-02 1.1085877E-02 1.1684893E-02 1.2289019E-02 1.2895495E-02 1.3501343E-02 1.4098000E-02 1.4681252E-02 1.5247121E-02 1.5790401E-02 1.6305760E-02 1.6787937E-02 1.7231762E-02 1.7632475E-02 1.7985534E-02 1.8287124E-02 1.8533774E-02 1.8723015E-02 1.8852849E-02 1.8923178E-02 1.8932562E-02 1.8880831E-02 1.8769894E-02 1.8601950E-02 1.8377881E-02
8.7427796E-04 1.0444880E-03 1.2242842E-03 1.4142307E-03 1.6149747E-03 1.8271480E-03 2.0514629E-03 2.2886223E-03 2.5394077E-03 2.8045785E-03 3.0849727E-03 3.3814008E-03 3.6947478E-03 4.0258537E-03 4.3756142E-03 4.7448562E-03 5.1344363E-03 5.5451081E-03 5.9776180E-03 6.4325542E-03 6.9104494E-03 7.4116043E-03 7.9361871E-03 8.4840544E-03 9.0548340E-03 9.6477419E-03 1.0261673E-02 1.0895001E-02 1.1545680E-02 1.2211083E-02 1.2888048E-02 1.3572826E-02 1.4260113E-02 1.4943823E-02 1.5622842E-02 1.6290719E-02 1.6940171E-02 1.7564800E-02 1.8158175E-02 1.8713860E-02 1.9225718E-02 1.9687796E-02 2.0094803E-02 2.0441838E-02 2.0725003E-02 2.0940920E-02 2.1087406E-02 2.1162096E-02 2.1165838E-02 2.1100041E-02 2.0965751E-02 2.0765385E-02 2.0504279E-02
1.0646244E-03 1.2429848E-03 1.4316487E-03 1.6312960E-03 1.8426131E-03 2.0663640E-03 2.3033193E-03 2.5543338E-03 2.8202641E-03 3.1020476E-03 3.4006194E-03 3.7170001E-03 4.0521910E-03 4.4072750E-03 4.7832928E-03 5.1813419E-03 5.6024520E-03 6.0476749E-03 6.5179458E-03 7.0141731E-03 7.5370800E-03 8.0872895E-03 8.6651389E-03 9.2707667E-03 9.9039162E-03 1.0563999E-02 1.1249906E-02 1.1960061E-02 1.2692243E-02 1.3443631E-02 1.4210701E-02 1.4989221E-02 1.5775297E-02 1.6564591E-02 1.7346341E-02 1.8114384E-02 1.8862668E-02 1.9583637E-02 2.0269521E-02 2.0912593E-02 2.1505246E-02 2.2040408E-02 2.2511387E-02 2.2912487E-02 2.3238629E-02 2.3486113E-02 2.3652086E-02 2.3736056E-02 2.3736516E-02 2.3653656E-02 2.3490222E-02 2.3249637E-02 2.2934111E-02
1.2648747E-03 1.4516118E-03 1.6494518E-03 1.8591150E-03 2.0814196E-03 2.3171862E-03 2.5673369E-03 2.8328053E-03 3.1146277E-03 3.4138435E-03 3.7316054E-03 4.0690578E-03 4.4274591E-03 4.8080506E-03 5.2121705E-03 5.6411126E-03 6.0962387E-03 6.5788343E-03 7.0902086E-03 7.6315221E-03 8.2038958E-03 8.8082124E-03 9.4451997E-03 1.0115225E-02 1.0818363E-02 1.1554167E-02 1.2321740E-02 1.3119473E-02 1.3945129E-02 1.4795621E-02 1.5667038E-02 1.6554549E-02 1.7451318E-02 1.8349333E-02 1.9245842E-02 2.0131893E-02 2.0997349E-02 2.1832900E-02 2.2629084E-02 2.3376392E-02 2.4065651E-02 2.4688004E-02 2.5235504E-02 2.5700869E-02 2.6078237E-02 2.6362650E-02 2.6550902E-02 2.6640005E-02 2.6630901E-02 2.6525553E-02 2.6326060E-02 2.6036341E-02 2.5663914E-02
1.4760514E-03 1.6714149E-03 1.8786797E-03 2.0986982E-03 2.3323419E-03 2.5805852E-03 2.8444261E-03 3.1249775E-03 3.4233814E-03 3.7408960E-03 4.0788059E-03 4.4385171E-03 4.8214607E-03 5.2291891E-03 5.6632580E-03 6.1253239E-03 6.6170134E-03 7.1400357E-03 7.6960088E-03 8.2865627E-03 8.9131631E-03 9.5771942E-03 1.0279728E-02 1.1021618E-02 1.1803241E-02 1.2624548E-02 1.3484800E-02 1.4382593E-02 1.5315612E-02 1.6280625E-02 1.7273335E-02 1.8288307E-02 1.9320121E-02 2.0362504E-02 2.1401631E-02 2.2428438E-02 2.3433680E-02 2.4406197E-02 2.5334435E-02 2.6206823E-02 2.7011946E-02 2.7739102E-02 2.8378248E-02 2.8920738E-02 2.9358985E-02 2.9687384E-02 2.9901747E-02 3.0001011E-02 2.9983606E-02 2.9850410E-02 2.9605562E-02 2.9254476E-02 2.8801648E-02
1.6993061E-03 1.9034857E-03 2.1204532E-03 2.3511052E-03 2.5964684E-03 2.8575871E-03 3.1356402E-03 3.4318466E-03 3.7475612E-03 4.0841768E-03 4.4432459E-03 4.8263501E-03 5.2352455E-03 5.6717088E-03 6.1376817E-03 6.6351173E-03 7.1660946E-03 7.7326819E-03 8.3370330E-03 8.9811981E-03 9.6672475E-03 1.0397022E-02 1.1172238E-02 1.1994218E-02 1.2863943E-02 1.3781751E-02 1.4747365E-02 1.5759567E-02 1.6816201E-02 1.7913859E-02 1.9047858E-02 2.0212056E-02 2.1397600E-02 2.2593804E-02 2.3795392E-02 2.4989696E-02 2.6162283E-02 2.7299309E-02 2.8386552E-02 2.9409651E-02 3.0354662E-02 3.1208141E-02 3.1957932E-02 3.2593016E-02 3.3104438E-02 3.3484794E-02 3.3729248E-02 3.3833951E-02 3.3799980E-02 3.3630267E-02 3.3328664E-02 3.2901634E-02 3.2360222E-02
1.9360966E-03 2.1493102E-03 2.3761855E-03 2.6177713E-03 2.8751581E-03 3.1495725E-03 3.4422872E-03 3.7547362E-03 4.0884046E-03 4.4449563E-03 4.8261164E-03 5.2337945E-03 5.6699771E-03 6.1368444E-03 6.6366438E-03 7.1718097E-03 7.7448203E-03 8.3583202E-03 9.0149539E-03 9.7174598E-03 1.0468474E-02 1.1270626E-02 1.2126263E-02 1.3037527E-02 1.4006031E-02 1.5032872E-02 1.6118281E-02 1.7261555E-02 1.8460721E-02 1.9712415E-02 2.1011619E-02 2.2351509E-02 2.3724658E-02 2.5122028E-02 2.6525414E-02 2.7921317E-02 2.9295538E-02 3.0631229E-02 3.1910844E-02 3.3116661E-02 3.4231212E-02 3.5238028E-02 3.6121722E-02 3.6868960E-02 3.7468228E-02 3.7910897E-02 3.8190704E-02 3.8305663E-02 3.8254242E-02 3.8038500E-02 3.7664913E-02 3.7142243E-02 3.6478907E-02
2.1880653E-03 2.4104549E-03 2.6474660E-03 2.9002053E-03 3.1699433E-03 3.4579893E-03 3.7658291E-03 4.0950226E-03 4.4473181E-03 4.8245452E-03 5.2287569E-03 5.6620967E-03 6.1269528E-03 6.6258172E-03 7.1614352E-03 7.7366550E-03 8.3545754E-03 9.0183700E-03 9.7314389E-03 1.0497179E-02 1.1319132E-02 1.2200709E-02 1.3145285E-02 1.4155872E-02 1.5235160E-02 1.6385091E-02 1.7606851E-02 1.8900374E-02 2.0264244E-02 2.1695226E-02 2.3188069E-02 2.4735177E-02 2.6325110E-02 2.7943438E-02 2.9581016E-02 3.1219486E-02 3.2837693E-02 3.4414608E-02 3.5928346E-02 3.7356731E-02 3.8678106E-02 3.9871704E-02 4.0918641E-02 4.1801933E-02 4.2507708E-02 4.3024719E-02 4.3345556E-02 4.3465026E-02 4.3384470E-02 4.3108430E-02 4.2643748E-02 4.2001177E-02 4.1197602E-02
2.4572650E-03 2.6889918E-03 2.9362836E-03 3.2004195E-03 3.4827413E-03 3.7847732E-03 4.1081081E-03 4.4545615E-03 4.8260433E-03 5.2247047E-03 5.6528165E-03 6.1129248E-03 6.6077248E-03 7.1402136E-03 7.7135502E-03 8.3312234E-03 8.9968769E-03 9.7144973E-03 1.0488199E-02 1.1322375E-02 1.2221478E-02 1.3190116E-02 1.4232755E-02 1.5353777E-02 1.6557069E-02 1.7845998E-02 1.9222895E-02 2.0688886E-02 2.2243323E-02 2.3883509E-02 2.5604149E-02 2.7397033E-02 2.9252192E-02 3.1156700E-02 3.3085898E-02 3.5019349E-02 3.6934853E-02 3.8806386E-02 4.0606603E-02 4.2307779E-02 4.3882594E-02 4.5305226E-02 4.6551775E-02 4.7601409E-02 4.8436355E-02 4.9043182E-02 4.9412336E-02 4.9540337E-02 4.9425747E-02 4.9072616E-02 4.8491333E-02 4.7696322E-02 4.6702836E-02
