T2-onemodel/model.grd
DSAA
         100         100
  -20.00000       20.00000    
  -20.00000       20.00000    
  -3.260731       961.3666    
[rows 0 to 27 of 100, columns 0 to 62 of 100]
4.365770 4.447731 4.531932 4.618383 4.707074 4.797997 4.891110 4.986388 5.083782 5.183249 5.284703 5.388070 5.493246 5.600132 5.708593 5.818501 5.929684 6.041986 6.155207 6.269153 6.383590 6.498290 6.612981 6.727405 6.841256 6.954244 7.066040 7.176322 7.284743 7.390948 7.494571 7.595092 7.692197 7.785709 7.874685 7.959812 8.040204 8.115653 8.185483 8.249710 8.307680 8.359487 8.404485 8.442837 8.473906 8.497780 8.513690 8.522725 8.523993 8.517923 8.504504 8.483848 8.455778 8.420430 8.378460 8.328881 8.272611 8.209689 8.140783 8.065816 7.985513 7.899809 7.809503
4.440588 4.527290 4.616469 4.708124 4.802263 4.898863 4.997909 5.099365 5.203204 5.309356 5.417760 5.528325 5.640965 5.755558 5.871984 5.990086 6.109709 6.230661 6.352757 6.475762 6.599448 6.723543 6.847779 6.971844 7.095435 7.218207 7.339823 7.459907 7.578089 7.693979 7.807185 7.917451 8.024308 8.127148 8.226143 8.319805 8.408276 8.491013 8.567991 8.638496 8.702553 8.759464 8.809336 8.851501 8.886175 8.912898 8.932167 8.942638 8.945095 8.939019 8.924446 8.901356 8.870112 8.830840 8.783197 8.728614 8.666630 8.597753 8.521914 8.439860 8.351552 8.257809 8.158597
4.517767 4.609517 4.703983 4.801186 4.901124 5.003799 5.109187 5.217274 5.328016 5.441365 5.557243 5.675582 5.796278 5.919221 6.044267 6.171276 6.300063 6.430451 6.562214 6.695127 6.828919 6.963321 7.098016 7.232693 7.366990 7.500559 7.633000 7.763924 7.892899 8.019494 8.143252 8.263561 8.380019 8.492364 8.599523 8.702146 8.799225 8.890466 8.975077 9.053006 9.123487 9.186554 9.241467 9.288338 9.326444 9.355841 9.375678 9.387078 9.389073 9.382118 9.366193 9.341427 9.307648 9.265025 9.214292 9.154445 9.086499 9.010560 8.927390 8.836983 8.740181 8.636991 8.528332
4.597301 4.694403 4.794497 4.897600 5.003733 5.112892 5.225075 5.340261 5.458422 5.579499 5.703440 5.830160 5.959572 6.091543 6.225950 6.362623 6.501395 6.642054 6.784383 6.928117 7.072990 7.218684 7.364882 7.511219 7.657328 7.802797 7.947214 8.090126 8.231071 8.369572 8.505140 8.637427 8.765859 8.889713 9.009085 9.122313 9.229458 9.329865 9.423421 9.509285 9.587406 9.656971 9.718014 9.769767 9.812406 9.845393 9.869213 9.882411 9.885791 9.878792 9.861453 9.833765 9.796125 9.748695 9.691155 9.625068 9.550007 9.466570 9.374761 9.275447 9.168673 9.055396 8.935680
4.679211 4.781998 4.888067 4.997463 5.110198 5.226293 5.345743 5.468544 5.594662 5.724064 5.856688 5.992466 6.131290 6.273055 6.417607 6.564801 6.714435 6.866311 7.020173 7.175763 7.332767 7.490874 7.649710 7.808906 7.968034 8.126668 8.284327 8.440530 8.594755 8.746460 8.895086 9.039897 9.180382 9.316164 9.446012 9.570515 9.688511 9.799583 9.902797 9.998004 10.08431 10.16164 10.22914 10.28686 10.33396 10.37044 10.39536 10.40987 10.41290 10.40494 10.38595 10.35609 10.31519 10.26346 10.20173 10.12900 10.04640 9.954121 9.853057 9.743286 9.625803 9.500726 9.369141
4.763456 4.872270 4.984704 5.100794 5.220580 5.344078 5.471312 5.602271 5.736948 5.875302 6.017297 6.162847 6.311869 6.464235 6.619820 6.778446 6.939930 7.104039 7.270526 7.439089 7.609422 7.781158 7.953926 8.127289 8.300812 8.473996 8.646343 8.817293 8.986283 9.152720 9.315990 9.475635 9.630939 9.781031 9.925903 10.06369 10.19433 10.31701 10.43151 10.53684 10.63281 10.71847 10.79376 10.85778 10.91064 10.95170 10.98142 10.99821 11.00289 10.99485 10.97413 10.94072 10.89508 10.83740 10.76742 10.68684 10.59529 10.49350 10.38157 10.26052 10.13051 9.992691 9.847252
4.850024 4.965246 5.084440 5.207664 5.334960 5.466380 5.601938 5.741655 5.885522 6.033526 6.185615 6.341733 6.501781 6.665662 6.833222 7.004308 7.178704 7.356191 7.536481 7.719285 7.904243 8.090995 8.279103 8.468126 8.657558 8.846881 9.035514 9.222864 9.408286 9.591113 9.770648 9.946007 10.11652 10.28167 10.44004 10.59210 10.73651 10.87268 10.99951 11.11670 11.22316 11.31872 11.40236 11.47401 11.53271 11.57838 11.60993 11.62856 11.63308 11.62400 11.60125 11.56503 11.51517 11.45197 11.37634 11.28731 11.18615 11.07319 10.94948 10.81522 10.67162 10.51893 10.35844
4.938853 5.060868 5.187250 5.318059 5.453379 5.593253 5.737733 5.886838 6.040593 6.198974 6.361966 6.529497 6.701504 6.877868 7.058464 7.243109 7.431612 7.623711 7.819141 8.017560 8.218623 8.421899 8.626956 8.833280 9.040350 9.247561 9.454309 9.659907 9.863662 10.06483 10.26265 10.45651 10.64552 10.82861 11.00564 11.17447 11.33489 11.48590 11.62709 11.75726 11.87609 11.98241 12.07605 12.15591 12.22201 12.27359 12.31103 12.33260 12.33913 12.32994 12.30504 12.26448 12.20875 12.13811 12.05235 11.95335 11.84085 11.71572 11.57822 11.42956 11.27008 11.10116 10.92316
5.029878 5.159104 5.293113 5.432010 5.575876 5.724797 5.878822 6.038012 6.202383 6.371956 6.546701 6.726591 6.911543 7.101475 7.296241 7.495684 7.699577 7.907688 8.119703 8.335300 8.554070 8.775592 8.999363 9.224859 9.451476 9.678585 9.905484 10.13144 10.35566 10.57732 10.79554 11.00925 11.21758 11.41982 11.61430 11.80136 11.97940 12.14762 12.30466 12.45003 12.58244 12.70151 12.80602 12.89575 12.96957 13.02726 13.06758 13.09173 13.09840 13.08807 13.06070 13.01647 12.95528 12.87748 12.78412 12.67428 12.54942 12.41004 12.25741 12.09193 11.91503 11.72719 11.52998
5.122979 5.259840 5.401965 5.549461 5.702455 5.861032 6.025290 6.195287 6.371087 6.552703 6.740152 6.933397 7.132401 7.337059 7.547263 7.762832 7.983568 8.209202 8.439442 8.673910 8.912216 9.153869 9.398364 9.645097 9.893442 10.14268 10.39205 10.64074 10.88786 11.13252 11.37375 11.61072 11.84232 12.06725 12.28516 12.49358 12.69208 12.87940 13.05490 13.21711 13.36547 13.49859 13.61607 13.71660 13.80005 13.86545 13.91314 13.94116 13.95033 13.93989 13.90986 13.86027 13.79170 13.70450 13.59853 13.47592 13.33653 13.18146 13.01114 12.82709 12.62988 12.42118 12.20161
5.218046 5.363014 5.513748 5.670408 5.833122 6.002030 6.177233 6.358840 6.546915 6.741523 6.942678 7.150394 7.364621 7.585303 7.812310 8.045498 8.284642 8.529505 8.779748 9.035016 9.294856 9.558787 9.826224 10.09655 10.36905 10.64296 10.91742 11.19154 11.46434 11.73478 12.00177 12.26399 12.52031 12.76977 13.01037 13.24226 13.46349 13.67298 13.86904 14.05093 14.21703 14.36674 14.49852 14.61199 14.70570 14.77931 14.83136 14.86300 14.87277 14.86114 14.82804 14.77369 14.69801 14.60146 14.48528 14.34861 14.19320 14.01976 13.82984 13.62412 13.40438 13.17138 12.92703
5.314885 5.468430 5.628317 5.794713 5.967804 6.147737 6.334672 6.528723 6.730012 6.938610 7.154587 7.377954 7.608717 7.846806 8.092143 8.344562 8.603880 8.869823 9.142086 9.420258 9.703907 9.992479 10.28539 10.58192 10.88134 11.18277 11.48531 11.78793 12.08956 12.38905 12.68519 12.97690 13.26277 13.54118 13.81150 14.07084 14.31847 14.55277 14.77280 14.97670 15.16364 15.33184 15.48065 15.60844 15.71484 15.79866 15.86009 15.89690 15.90990 15.89819 15.86178 15.80073 15.71570 15.60715 15.47506 15.32188 15.14765 14.95375 14.74093 14.51106 14.26505 14.00496 13.73179
5.413299 5.575938 5.745527 5.922291 6.106431 6.298158 6.497640 6.705058 6.920545 7.144238 7.376216 7.616549 7.865242 8.122289 8.387598 8.661057 8.942464 9.231578 9.528060 9.831528 10.14148 10.45739 10.77857 11.10431 11.43374 11.76596 12.09994 12.43456 12.76862 13.10081 13.42976 13.75382 14.07154 14.38161 14.68162 14.97143 15.24864 15.51178 15.75875 15.98842 16.19875 16.38878 16.55661 16.70151 16.82174 16.91667 16.98456 17.02650 17.04080 17.02790 16.98769 16.92041 16.82605 16.70522 16.55938 16.38780 16.19259 15.97477 15.73629 15.47821 15.20275 14.91111 14.60569
5.513006 5.685263 5.865156 6.052933 6.248860 6.453165 6.666091 6.887838 7.118612 7.358563 7.607846 7.866540 8.134724 8.412387 8.699513 8.995971 9.301613 9.616179 9.939368 10.27075 10.60986 10.95608 11.30873 11.66700 12.02999 12.39668 12.76596 13.13657 13.50717 13.87634 14.24253 14.60431 14.95990 15.30725 15.64536 15.97080 16.28242 16.57813 16.85654 17.11530 17.35313 17.56778 17.75821 17.92234 18.05951 18.16815 18.24824 18.29721 18.31579 18.30293 18.25858 18.18285 18.07651 17.94017 17.77398 17.58080 17.36093 17.11619 16.84771 16.55786 16.24804 15.92087 15.57788
5.613691 5.796134 5.986942 6.186433 6.394900 6.612648 6.839948 7.077081 7.324278 7.581774 7.849743 8.128349 8.417686 8.717826 9.028747 9.350400 9.682622 10.02521 10.37784 10.74012 11.11152 11.49144 11.87913 12.27375 12.67429 13.07966 13.48861 13.89978 14.31166 14.72262 15.13092 15.53448 15.93145 16.32004 16.69730 17.06268 17.41318 17.74682 18.06089 18.35375 18.62278 18.86652 19.08251 19.26960 19.42557 19.54942 19.63902 19.69530 19.71627 19.70232 19.65326 19.56937 19.45071 19.29809 19.11327 18.89577 18.64812 18.37183 18.06940 17.74239 17.39368 17.02505 16.63961
5.714960 5.908159 6.110545 6.322464 6.544295 6.776376 7.019071 7.272690 7.537563 7.813956 8.102139 8.402307 8.714646 9.039252 9.376192 9.725420 10.08685 10.46028 10.84543 11.24189 11.64915 12.06656 12.49335 12.92859 13.37125 13.82007 14.27373 14.73068 15.18927 15.64768 16.10397 16.55625 17.00222 17.43932 17.86600 18.27812 18.67397 19.05080 19.40660 19.73832 20.04409 20.32099 20.56738 20.78061 20.95951 21.10204 21.20783 21.27384 21.30066 21.28701 21.23280 21.13812 21.00393 20.83101 20.61980 20.37367 20.09336 19.78121 19.43896 19.06969 18.67548 18.25974 17.82471
5.816340 6.020916 6.235546 6.460670 6.696705 6.944091 7.203229 7.474543 7.758400 8.055180 8.365192 8.688750 9.026074 9.377365 9.742717 10.12219 10.51571 10.92315 11.34422 11.77857 12.22566 12.68486 13.15532 13.63609 14.12600 14.62377 15.12787 15.63663 16.14818 16.66047 17.17129 17.67803 18.17825 18.66956 19.14828 19.61328 20.06079 20.48807 20.89161 21.26902 21.61688 21.93302 22.21421 22.45867 22.66347 22.82708 22.94683 23.02336 23.05428 23.03984 22.97976 22.87432 22.72371 22.52902 22.29242 22.01375 21.69621 21.34195 20.95422 20.53539 20.08920 19.61830 19.12673
5.917252 6.133820 6.361418 6.600531 6.851686 7.115370 7.392105 7.682364 7.986641 8.305373 8.639007 8.987896 9.352398 9.732759 10.12920 10.54182 10.97065 11.41558 11.87643 12.35280 12.84422 13.35001 13.86935 14.40117 14.94428 15.49722 16.05837 16.62585 17.19760 17.77132 18.34455 18.91481 19.47914 20.03423 20.57783 21.10486 21.61280 22.09801 22.55759 22.98756 23.38514 23.74648 24.06913 24.34955 24.58587 24.77532 24.91701 25.00727 25.04641 25.03282 24.96630 24.84698 24.67597 24.45437 24.18301 23.86593 23.50451 23.10190 22.66068 22.18493 21.67771 21.14354 20.58570
6.017019 6.246244 6.487535 6.741489 7.008690 7.289756 7.585267 7.895839 8.222039 8.564448 8.923584 9.299953 9.693982 10.10607 10.53650 10.98551 11.45319 11.93953 12.44438 12.96745 13.50824 14.06612 14.64020 15.22942 15.83245 16.44776 17.07354 17.70774 18.34805 18.99188 19.63641 20.27833 20.91445 21.54156 22.15502 22.75286 23.33024 23.88338 24.40766 24.89964 25.35474 25.76978 26.14042 26.46393 26.73641 26.95554 27.11779 27.22337 27.26931 27.25558 27.18178 27.04817 26.85512 26.60407 26.29776 25.93660 25.52467 25.06504 24.56210 24.01932 23.44171 22.83315 22.19905
6.114819 6.357359 6.613122 6.882769 7.167022 7.466568 7.782144 8.114443 8.464205 8.832094 9.218803 9.624935 10.05109 10.49776 10.96541 11.45435 11.96483 12.49691 13.05057 13.62553 14.22141 14.83754 15.47308 16.12688 16.79758 17.48348 18.18266 18.89282 19.61142 20.33555 21.06205 21.78770 22.50864 23.22060 23.92032 24.60147 25.26040 25.89220 26.49274 27.05671 27.58005 28.05756 28.48558 28.85932 29.17583 29.43128 29.62396 29.74928 29.80709 29.79527 29.71345 29.56176 29.34156 29.05434 28.70150 28.28809 27.81638 27.29068 26.71483 26.09432 25.43368 24.73899 24.01508
6.209692 6.466255 6.737261 7.023521 7.325833 7.645053 7.982007 8.337577 8.712601 9.107946 9.524414 9.962818 10.42388 10.90831 11.41667 11.94949 12.50711 13.08979 13.69757 14.33033 14.98770 15.66912 16.37371 17.10035 17.84757 18.61359 19.39627 20.19314 21.00131 21.81756 22.63825 23.45920 24.27618 25.08487 25.87934 26.65643 27.40986 28.13436 28.82374 29.47304 30.07609 30.62815 31.12334 31.55748 31.92526 32.22309 32.44626 32.59423 32.66311 32.65249 32.56166 32.39088 32.14073 31.81318 31.41181 30.93781 30.39658 29.79259 29.13178 28.41929 27.66196 26.86549 26.03722
6.300471 6.571741 6.858819 7.162601 7.484063 7.824157 8.183917 8.564336 8.966475 9.391335 9.839956 10.31330 10.81234 11.33793 11.89089 12.47189 13.08153 13.72017 14.38807 15.08520 15.81136 16.56601 17.34837 18.15726 18.99121 19.84829 20.72622 21.62226 22.53323 23.45552 24.38509 25.31766 26.24823 27.17119 28.08193 28.97240 29.83734 30.67009 31.46475 32.21407 32.91216 33.55188 34.12775 34.63315 35.06348 35.41332 35.67968 35.85657 35.94307 35.93632 35.83561 35.64100 35.35422 34.97732 34.51258 33.96641 33.34249 32.64682 31.88511 31.06492 30.19289 29.27743 28.32560
6.385808 6.672519 6.976474 7.298754 7.640445 8.002709 8.386713 8.793691 9.224854 9.681468 10.16475 10.67596 11.21624 11.78676 12.38853 13.02252 13.68950 14.39014 15.12483 15.89380 16.69694 17.53390 18.40391 19.30590 20.23829 21.19914 22.18593 23.19571 24.22493 25.26956 26.32495 27.38571 28.44627 29.50080 30.54156 31.56377 32.55908 33.52013 34.43852 35.30708 36.11730 36.86221 37.53359 38.12515 38.62938 39.04081 39.35288 39.56380 39.66831 39.66529 39.55354 39.33323 39.00526 38.57237 38.03931 37.40861 36.68752 35.88260 35.00212 34.05370 33.04681 31.98986 30.89304
6.464064 6.766911 7.088604 7.430333 7.793406 8.179133 8.588927 9.024198 9.486447 9.977142 10.49783 11.04997 11.63509 12.25458 12.90982 13.60202 14.33232 15.10161 15.91062 16.75977 17.64922 18.57875 19.54779 20.55527 21.59970 22.67898 23.79053 24.93106 26.09672 27.28296 28.48462 29.69610 30.91078 32.12128 33.32110 34.49978 35.64981 36.76204 37.82799 38.83765 39.78241 40.65231 41.43916 42.13353 42.72834 43.21568 43.59053 43.84477 43.97616 43.98063 43.85684 43.60479 43.22660 42.72522 42.10427 41.37220 40.53479 39.60062 38.57817 37.47810 36.31020 35.08621 33.81655
6.533323 6.853051 7.193298 7.555487 7.941074 8.351634 8.788765 9.254191 9.749637 10.27692 10.83786 11.43430 12.06806 12.74096 13.45470 14.21093 15.01109 15.85651 16.74821 17.68699 18.67326 19.70712 20.78813 21.91543 23.08753 24.30237 25.55717 26.84844 28.17192 29.52252 30.89436 32.28044 33.67339 35.06527 36.44591 37.80813 39.14071 40.43330 41.67430 42.85333 43.95847 44.97941 45.90447 46.72407 47.42739 48.00599 48.45043 48.75677 48.91763 48.93056 48.79354 48.50653 48.07087 47.49048 46.77192 45.91979 44.94421 43.85491 42.66367 41.38176 40.02262 38.59861 37.12410
6.591304 6.928595 7.288262 7.671874 8.081164 8.517904 8.984016 9.481466 10.01236 10.57881 11.18307 11.82733 12.51389 13.24495 14.02273 14.84929 15.72660 16.65639 17.64019 18.67919 19.77425 20.92575 22.13363 23.39718 24.71513 26.08539 27.50515 28.97063 30.47723 32.01928 33.59018 35.18257 36.78770 38.39569 39.99736 41.57895 43.12965 44.63675 46.08803 47.46947 48.76847 49.97083 51.06424 52.03508 52.87229 53.56414 54.10222 54.47503 54.67803 54.70511 54.55386 54.22398 53.71824 53.04095 52.19787 51.20063 50.05836 48.78362 47.38907 45.88998 44.30080 42.63826 40.91770
6.635308 6.990884 7.370770 7.776813 8.210949 8.675279 9.171988 9.703438 10.27205 10.88042 11.53116 12.22703 12.97076 13.76516 14.61293 15.51679 16.47921 17.50258 18.58896 19.74014 20.95745 22.24183 23.59358 25.01240 26.49722 28.04612 29.65625 31.32368 33.04336 34.80905 36.61323 38.44683 40.30001 42.16188 44.01884 45.86026 47.67081 49.43581 51.13902 52.76536 54.29786 55.72122 57.01854 58.17516 59.17511 60.00518 60.65122 61.10566 61.35748 61.40193 61.23540 60.85746 60.27005 59.47902 58.49388 57.32268 55.98013 54.48091 52.84214 51.08058 49.21548 47.26503 45.24981
6.662137 7.036638 7.437571 7.866980 8.327144 8.820417 9.349405 9.916800 10.52552 11.17858 11.87918 12.63058 13.43618 14.29938 15.22365 16.21231 17.26865 18.39573 19.59641 20.87313 22.22800 23.66252 25.17768 26.77362 28.44974 30.20436 32.03475 33.93687 35.90533 37.93325 40.01223 42.13258 44.28260 46.44893 48.61851 50.77282 52.89633 54.97110 56.97942 58.90147 60.71864 62.41047 63.95839 65.34225 66.54477 67.54794 68.33770 68.89691 69.21690 69.28796 69.10557 68.66882 67.98141 67.05006 65.88418 64.50063 62.91418 61.14362 59.20821 57.13000 54.93033 52.63309 50.26093
