T2-onemodel/model.grd
DSAA
         100         100
  -20.00000       20.00000    
  -20.00000       20.00000    
  -4.424105       1005.924    
[rows 0 to 27 of 100, columns 0 to 62 of 100]
3.300339 3.401728 3.505956 3.613042 3.722988 3.835787 3.951405 4.069814 4.190968 4.314820 4.441283 4.570274 4.701679 4.835385 4.971241 5.109097 5.248762 5.390048 5.532723 5.676558 5.821277 5.966606 6.112224 6.257813 6.403014 6.547455 6.690725 6.832285 6.971810 7.109252 7.243672 7.374887 7.501784 7.624310 7.742496 7.855798 7.963303 8.064844 8.159667 8.247664 8.328098 8.400926 8.465438 8.521675 8.568950 8.607394 8.636219 8.655592 8.665486 8.666066 8.656915 8.638177 8.609895 8.572351 8.525339 8.468944 8.403799 8.329879 8.247836 8.157692 8.060194 7.955394 7.844131
3.391257 3.498490 3.608856 3.722369 3.839044 3.958867 4.081827 4.207894 4.337042 4.469203 4.604312 4.742270 4.882985 5.026320 5.172143 5.320271 5.470532 5.622702 5.776563 5.931839 6.088266 6.245516 6.403271 6.561162 6.718815 6.875822 7.031788 7.186399 7.339091 7.488979 7.636065 7.779553 7.919588 8.055219 8.185396 8.309670 8.427980 8.539512 8.644088 8.740891 8.829803 8.910035 8.981551 9.043593 9.096230 9.138769 9.171551 9.194022 9.205923 9.206895 9.197282 9.176950 9.145982 9.104303 9.052455 8.990782 8.919147 8.838198 8.747962 8.649200 8.541994 8.427198 8.304923
3.484962 3.598412 3.715301 3.835659 3.959499 4.086832 4.217643 4.351926 4.489640 4.630739 4.775146 4.922787 5.073548 5.227314 5.383923 5.543217 5.704985 5.869022 6.035068 6.202860 6.372081 6.542410 6.713472 6.884892 7.056240 7.227077 7.396912 7.565106 7.731246 7.895206 8.055917 8.213104 8.365500 8.512958 8.655418 8.792210 8.922271 9.045328 9.160486 9.267533 9.365599 9.454549 9.533546 9.602554 9.660775 9.708282 9.744188 9.768625 9.781522 9.783035 9.772702 9.750681 9.717007 9.672014 9.615513 9.547632 9.469091 9.379930 9.280903 9.172122 9.054459 8.928066 8.793927
3.581444 3.701488 3.825314 3.952952 4.084443 4.219791 4.359012 4.502089 4.649006 4.799705 4.954138 5.112216 5.273847 5.438890 5.607211 5.778617 5.952922 6.129880 6.309244 6.490707 6.673954 6.858614 7.044310 7.230608 7.417064 7.603192 7.788509 7.972605 8.154811 8.334114 8.510424 8.682799 8.851306 9.014827 9.172147 9.322678 9.466247 9.601883 9.729284 9.847477 9.956233 10.05461 10.14247 10.21892 10.28395 10.33676 10.37764 10.40594 10.42136 10.42348 10.41264 10.38870 10.35176 10.30176 10.23930 10.16481 10.07818 9.980190 9.870940 9.751327 9.621540 9.482594 9.334721
3.680701 3.807746 3.938937 4.074336 4.213979 4.357899 4.506109 4.658622 4.815408 4.976444 5.141673 5.311028 5.484400 5.661675 5.842690 6.027281 6.215223 6.406291 6.600194 6.796634 6.995245 7.195658 7.397438 7.600139 7.803256 8.006261 8.208557 8.409400 8.608262 8.804915 8.998131 9.187508 9.371599 9.550129 9.722918 9.889129 10.04751 10.19764 10.33845 10.46959 10.59001 10.69944 10.79689 10.88222 10.95448 11.01366 11.05875 11.08982 11.10674 11.10966 11.09805 11.07207 11.03177 10.97754 10.90921 10.82697 10.73164 10.62337 10.50303 10.37085 10.22787 10.07440 9.911585
3.782681 3.917146 4.056178 4.199832 4.348176 4.501245 4.659087 4.821701 4.989100 5.161251 5.338128 5.519650 5.705737 5.896254 6.091069 6.289986 6.492806 6.699264 6.909082 7.121912 7.337399 7.555117 7.774624 7.995409 8.216951 8.438657 8.659939 8.880282 9.098884 9.314560 9.527107 9.735415 9.939420 10.13781 10.32916 10.51270 10.68810 10.85419 11.01049 11.15585 11.28987 11.41140 11.52017 11.61512 11.69611 11.76221 11.81363 11.84961 11.86976 11.87358 11.86145 11.83317 11.78887 11.72852 11.65279 11.56219 11.45673 11.33727 11.20406 11.05816 10.89992 10.73055 10.55047
3.887335 4.029685 4.177042 4.329494 4.487108 4.649964 4.818100 4.991560 5.170349 5.354478 5.543903 5.738584 5.938419 6.143313 6.353109 6.567640 6.786672 7.009961 7.237181 7.468004 7.702017 7.938797 8.177834 8.418612 8.660517 8.902927 9.145121 9.386219 9.625552 9.862758 10.09641 10.32597 10.54973 10.76726 10.97821 11.18154 11.37575 11.56023 11.73366 11.89552 12.04451 12.18020 12.30138 12.40775 12.49818 12.57255 12.62965 12.66950 12.69188 12.69689 12.68395 12.65322 12.60474 12.53897 12.45578 12.35544 12.23893 12.10648 11.95917 11.79738 11.62237 11.43463 11.23558
3.994564 4.145274 4.301485 4.463288 4.630802 4.804103 4.983272 5.168353 5.359398 5.556408 5.759386 5.968272 6.183015 6.403496 6.629597 6.861122 7.097866 7.339540 7.585847 7.836405 8.090814 8.348580 8.609197 8.872065 9.136556 9.401968 9.667585 9.932752 10.19650 10.45744 10.71523 10.96854 11.21712 11.45944 11.69376 11.91912 12.13495 12.33983 12.53306 12.71320 12.87964 13.03099 13.16677 13.28568 13.38746 13.47092 13.53620 13.58238 13.60896 13.61535 13.60189 13.56838 13.51499 13.44166 13.34922 13.23826 13.10888 12.96217 12.79851 12.61920 12.42480 12.21677 11.99579
4.104273 4.263857 4.429461 4.601231 4.779291 4.963763 5.154731 5.352293 5.556498 5.767396 5.984980 6.209246 6.440126 6.677551 6.921377 7.171446 7.427517 7.689334 7.956560 8.228826 8.505672 8.786613 9.071062 9.358409 9.647941 9.938898 10.23042 10.52146 10.81117 11.09902 11.38335 11.66340 11.93719 12.20404 12.46342 12.71396 12.95388 13.18229 13.39758 13.59894 13.78479 13.95445 14.10642 14.24020 14.35440 14.44871 14.52173 14.57331 14.60316 14.61130 14.59706 14.56059 14.50195 14.42168 14.31968 14.19635 14.05283 13.88956 13.70781 13.50821 13.29230 13.06083 12.81553
4.216293 4.385268 4.560859 4.743227 4.932544 5.128938 5.332555 5.543492 5.761858 5.987698 6.221068 6.461956 6.710351 6.966164 7.229306 7.499582 7.776801 8.060670 8.350877 8.647002 8.948601 9.255118 9.565968 9.880445 10.19782 10.51725 10.83784 11.15879 11.47892 11.79661 12.11130 12.42138 12.72639 13.02445 13.31352 13.59229 13.85994 14.11466 14.35547 14.58056 14.78903 14.97914 15.15016 15.30046 15.42954 15.53595 15.61965 15.67954 15.71496 15.72516 15.71050 15.67070 15.60596 15.51626 15.40257 15.26561 15.10566 14.92401 14.72130 14.49912 14.25832 14.00072 13.72730
4.330434 4.509374 4.695562 4.889217 5.090521 5.299667 5.516809 5.742112 5.975686 6.217644 6.468045 6.726941 6.994313 7.270134 7.554291 7.846653 8.146991 8.455061 8.770503 9.092928 9.421823 9.756647 10.09673 10.44136 10.78970 11.14084 11.49373 11.84713 12.19999 12.55155 12.89985 13.24385 13.58121 13.91097 14.23227 14.54340 14.84214 15.12726 15.39673 15.64939 15.88326 16.09731 16.28968 16.45952 16.60513 16.72593 16.82023 16.88769 16.92787 16.94069 16.92534 16.88198 16.81064 16.71198 16.58597 16.43317 16.25496 16.05198 15.82586 15.57752 15.30887 15.02102 14.71616
4.446423 4.635908 4.833359 5.039006 5.253103 5.475856 5.707494 5.948193 6.198136 6.457450 6.726266 7.004639 7.292623 7.590183 7.897272 8.213738 8.539419 8.874029 9.217251 9.568642 9.927723 10.29387 10.66643 11.04457 11.42744 11.81401 12.20324 12.59409 12.98514 13.37448 13.76125 14.14352 14.52052 14.88997 15.24935 15.59696 15.93158 16.25095 16.55365 16.83741 17.10091 17.34196 17.55942 17.75126 17.91660 18.05366 18.16214 18.24068 18.28836 18.30427 18.28871 18.24133 18.16239 18.05188 17.91094 17.74051 17.54107 17.31422 17.06094 16.78321 16.48228 16.16045 15.81916
4.563974 4.764639 4.974026 5.192439 5.420152 5.657454 5.904592 6.161824 6.429354 6.707395 6.996088 7.295575 7.605911 7.927145 8.259224 8.602075 8.955503 9.319289 9.693077 10.07646 10.46891 10.86982 11.27844 11.69393 12.11531 12.54151 12.97128 13.40311 13.83570 14.26800 14.69767 15.12332 15.54216 15.95281 16.35402 16.74358 17.11873 17.47776 17.81808 18.13804 18.43512 18.70781 18.95370 19.17153 19.35910 19.51550 19.63861 19.72781 19.78242 19.80224 19.78626 19.73461 19.64732 19.52518 19.36826 19.17733 18.95408 18.69950 18.41561 18.10377 17.76641 17.40515 17.02277
4.682693 4.895175 5.117233 5.349200 5.591435 5.844255 6.107997 6.382951 6.669413 6.967621 7.277814 7.600150 7.934783 8.281770 8.641149 9.012839 9.396729 9.792569 10.20007 10.61879 11.04823 11.48771 11.93647 12.39360 12.85808 13.32870 13.80420 14.28328 14.76421 15.24470 15.72356 16.19840 16.66805 17.12969 17.58022 18.01740 18.43945 18.84350 19.22756 19.58871 19.92505 20.23375 20.51311 20.76052 20.97463 21.15313 21.29536 21.39955 21.46447 21.48895 21.47318 21.41674 21.31990 21.18271 21.00653 20.79258 20.54163 20.25571 19.93624 19.58576 19.20607 18.80013 18.37003
4.802122 5.027116 5.262592 5.508974 5.766657 6.036058 6.317553 6.611530 6.918332 7.238302 7.571710 7.918827 8.279834 8.654895 9.044062 9.447353 9.864654 10.29580 10.74048 11.19832 11.66875 12.15113 12.64462 13.14830 13.66101 14.18147 14.70822 15.23943 15.77347 16.30892 16.84300 17.37383 17.89802 18.41367 18.91899 19.41110 19.88654 20.34290 20.77687 21.18610 21.56732 21.91832 22.23599 22.51844 22.76281 22.96764 23.13024 23.24957 23.32464 23.35498 23.33934 23.27780 23.17036 23.01798 22.82088 22.58012 22.29781 21.97540 21.61550 21.22002 20.79215 20.33422 19.84982
4.921681 5.159884 5.409589 5.671262 5.945405 6.232481 6.532979 6.847344 7.176034 7.519441 7.877966 8.251922 8.641614 9.047243 9.468983 9.906871 10.36090 10.83092 11.31670 11.81782 12.33380 12.86392 13.40738 13.96312 14.52997 15.10653 15.69126 16.28256 16.87832 17.47579 18.07332 18.66794 19.25796 19.83986 20.40975 20.96465 21.50206 22.01827 22.51047 22.97486 23.40872 23.80835 24.17126 24.49400 24.77452 25.00977 25.19856 25.33855 25.42802 25.46543 25.45081 25.38359 25.26409 25.09240 24.87020 24.59906 24.28019 23.91619 23.50910 23.06224 22.57820 22.06084 21.51313
5.040708 5.292876 5.557627 5.835542 6.127177 6.433120 6.753925 7.090165 7.442365 7.811057 8.196711 8.599779 9.020633 9.459610 9.916934 10.39278 10.88718 11.40008 11.93127 12.48043 13.04703 13.63041 14.22968 14.84380 15.47148 16.11121 16.76122 17.41935 18.08356 18.75198 19.42121 20.08878 20.75055 21.40388 22.04625 22.67390 23.28239 23.86838 24.42755 24.95659 25.45115 25.90810 26.32327 26.69386 27.01609 27.28771 27.50520 27.66691 27.77131 27.81761 27.80416 27.73094 27.59791 27.40625 27.15638 26.84979 26.48916 26.07657 25.61542 25.10852 24.56001 23.97323 23.35290
5.158359 5.425244 5.705926 6.001045 6.311292 6.637329 6.979852 7.339515 7.717000 8.112926 8.527924 8.962534 9.417291 9.892612 10.38889 10.90636 11.44520 12.00541 12.58690 13.18935 13.81234 14.45516 15.11697 15.79662 16.49280 17.20388 17.92801 18.66324 19.40698 20.15591 20.90779 21.65893 22.40690 23.14729 23.87514 24.58650 25.27784 25.94431 26.58195 27.18575 27.75182 28.27524 28.75237 29.17857 29.55076 29.86486 30.11881 30.30946 30.43439 30.49148 30.48051 30.40068 30.25233 30.03562 29.75268 29.40555 28.99606 28.52763 28.00318 27.42711 26.80311 26.13630 25.43094
5.273693 5.556110 5.853607 6.166968 6.496968 6.844425 7.210124 7.594897 7.999526 8.424818 8.871512 9.340341 9.831943 10.34694 10.88581 11.44900 12.03676 12.64926 13.28646 13.94819 14.63401 15.34333 16.07525 16.82865 17.60208 18.39384 19.20182 20.02346 20.85619 21.69760 22.54352 23.39070 24.23399 25.06980 25.89462 26.70345 27.49055 28.25128 28.97992 29.67177 30.32104 30.92319 31.47260 31.96514 32.39566 32.76074 33.05568 33.27784 33.42497 33.49566 33.48772 33.40098 33.23529 32.99213 32.67221 32.27760 31.81183 31.27788 30.68027 30.02301 29.31162 28.55088 27.74709
5.385506 5.684253 5.999516 6.332165 6.683146 7.053374 7.443829 7.855460 8.289260 8.746163 9.227128 9.733023 10.26473 10.82299 11.40854 12.02192 12.66362 13.33390 14.03293 14.76059 15.51660 16.30037 17.11108 17.94755 18.80833 19.69158 20.59514 21.51661 22.45286 23.39984 24.35458 25.31241 26.26997 27.22161 28.16098 29.08278 29.98205 30.85235 31.68815 32.48272 33.23049 33.92479 34.56033 35.13075 35.63144 36.05676 36.40337 36.66687 36.84380 36.93115 36.92828 36.83402 36.64875 36.37273 36.00866 35.55931 35.02739 34.41749 33.73381 32.98222 32.16799 31.29803 30.37840
5.492437 5.808375 6.142348 6.495403 6.868601 7.263060 7.679893 8.120278 8.585357 9.076314 9.594273 10.14037 10.71567 11.32118 11.95782 12.62639 13.32755 14.06182 14.82947 15.63062 16.46507 17.33237 18.23172 19.16201 20.12169 21.10886 22.12108 23.15531 24.20839 25.27720 26.35661 27.44234 28.52793 29.60848 30.67911 31.73315 32.76308 33.76244 34.72353 35.63972 36.50313 37.30719 38.04420 38.70807 39.29162 39.78964 40.19565 40.50555 40.71588 40.82429 40.82779 40.72585 40.51825 40.20682 39.79276 39.27901 38.67023 37.97078 37.18674 36.32384 35.38957 34.39071 33.33582
5.592799 5.926762 6.280448 6.655024 7.051762 7.471929 7.916883 8.387972 8.886613 9.414182 9.972113 10.56175 11.18448 11.84154 12.53417 13.26340 14.03020 14.83530 15.67928 16.56238 17.48466 18.44578 19.44508 20.48146 21.55343 22.65895 23.79556 24.96040 26.14966 27.35844 28.58278 29.81677 31.05577 32.29249 33.51869 34.72718 35.91107 37.06166 38.17118 39.23050 40.23165 41.16543 42.02411 42.79884 43.48265 44.06756 44.54824 44.91841 45.17289 45.30738 45.32047 45.21042 44.97763 44.62255 44.14874 43.56002 42.86044 42.05624 41.15349 40.16017 39.08380 37.93377 36.71869
5.684641 6.037518 6.411898 6.809176 7.230779 7.678232 8.153079 8.656966 9.191533 9.758491 10.35952 10.99635 11.67061 12.38396 13.13791 13.93389 14.77315 15.65679 16.58564 17.56031 18.58102 19.64773 20.75986 21.91651 23.11614 24.35672 25.63552 26.94899 28.29330 29.66442 31.05604 32.46250 33.87560 35.28864 36.69487 38.08533 39.44998 40.77981 42.06438 43.29425 44.45861 45.54790 46.55140 47.46004 48.26364 48.95423 49.52257 49.96222 50.26777 50.43534 50.46069 50.34271 50.08099 49.67799 49.13564 48.45822 47.65213 46.72371 45.68134 44.53322 43.28954 41.95996 40.55617
5.765576 6.138212 6.534326 6.955464 7.403331 7.879646 8.386273 8.925098 9.498128 10.10736 10.75488 11.44275 12.17306 12.94779 13.76895 14.63833 15.55766 16.52838 17.55178 18.62878 19.76002 20.94567 22.18549 23.47866 24.82384 26.21896 27.66130 29.14753 30.67311 32.23207 33.81919 35.42695 37.04893 38.67563 40.29620 41.90087 43.47992 45.02159 46.51490 47.94731 49.30738 50.58230 51.76070 52.83000 53.77962 54.59802 55.27665 55.80616 56.17867 56.38773 56.43061 56.30470 56.01041 55.54853 54.92396 54.14225 53.20950 52.13444 50.92587 49.59477 48.15181 46.60983 44.98106
5.832845 6.226132 6.644970 7.091188 7.566694 8.073536 8.613836 9.189872 9.803961 10.45856 11.15612 11.89921 12.69034 13.53206 14.42681 15.37697 16.38472 17.45211 18.58085 19.77241 21.02781 22.34772 23.73218 25.18072 26.69213 28.26444 29.89478 31.57913 33.31290 35.09101 36.90558 38.74915 40.61117 42.48245 44.35358 46.21240 48.04533 49.83981 51.58151 53.25698 54.85118 56.35032 57.73912 59.00405 60.13035 61.10565 61.91633 62.55210 63.00428 63.26637 63.33199 63.19910 62.86705 62.33932 61.61918 60.71310 59.63029 58.38012 56.97433 55.42464 53.74502 51.94908 50.05284
5.883082 6.297851 6.740450 7.212912 7.717488 8.256491 8.832454 9.447982 10.10589 10.80903 11.56043 12.36312 13.22026 14.13494 15.11028 16.14925 17.25474 18.42938 19.67560 20.99542 22.39056 23.86212 25.41077 27.03636 28.73809 30.51414 32.36182 34.27742 36.25561 38.28917 40.37130 42.49226 44.64319 46.81152 48.98270 51.14327 53.27958 55.37548 57.41549 59.38226 61.25941 63.02884 64.67387 66.17626 67.51991 68.68750 69.66520 70.43855 70.99510 71.32457 71.42194 71.28311 70.90851 70.29978 69.46419 68.41022 67.14748 65.68861 64.04642 62.23616 60.27279 58.17381 55.95639
5.912393 6.349501 6.816824 7.316738 7.851755 8.424616 9.038193 9.695606 10.40010 11.15514 11.96428 12.83127 13.75988 14.75401 15.81746 16.95408 18.16749 19.46120 20.83840 22.30199 23.85439 25.49757 27.23276 29.06056 30.98056 32.99139 35.09036 37.27322 39.53466 41.86835 44.26446 46.71302 49.20021 51.71325 54.23891 56.76039 59.25916 61.71753 64.11575 66.43476 68.65358 70.75226 72.70891 74.50324 76.11337 77.51977 78.70157 79.64178 80.32587 80.74253 80.88161 80.73940 80.31496 79.61375 78.64179 77.40966 75.93134 74.22116 72.29590 70.17221 67.86910 65.40533 62.80261
5.916056 6.376273 6.869305 7.397783 7.964653 8.572990 9.226195 9.927839 10.68180 11.49212 12.36312 13.29924 14.30516 15.38557 16.54530 17.78907 19.12160 20.54735 22.07064 23.69532 25.42491 27.26230 29.20979 31.26875 33.43967 35.72170 38.11271 40.60905 43.20478 45.89125 48.65957 51.49702 54.39116 57.32484 60.27813 63.23214 66.16752 69.06196 71.89370 74.63869 77.27374 79.77332 82.11299 84.26611 86.20773 87.91126 89.35370 90.51149 91.36371 91.89312 92.09003 91.94770 91.46679 90.65096 89.51237 88.06531 86.32574 84.31290 82.04575 79.54534 76.83228 73.92966 70.86086
