T2-onemodel/model.grd
DSAA
         100         100
  -20.00000       20.00000    
  -20.00000       20.00000    
  -3.260731       961.3666    
[rows 56 to 83 of 100, columns 0 to 62 of 100]
1.494967 2.232073 3.047880 3.951815 4.957609 6.078491 7.332757 8.738915 10.32166 12.10675 14.12734 16.41870 19.02497 21.99341 25.38127 29.24969 33.67073 38.72108 44.48943 51.07013 58.57202 67.11288 76.83007 87.87706 100.4374 114.7244 131.0015 149.5897 170.8998 195.4553 223.9318 257.1219 295.7249 339.5684 386.8196 435.6479 484.5956 530.3206 571.1663 608.2099 642.7540 675.9521 708.6302 740.8978 770.1440 792.7213 808.0544 816.8341 819.4470 815.7463 805.0463 786.1342 757.7153 719.6890 674.3097 623.5806 569.7464 518.2337 471.6393 428.6893 387.5937 346.4672 303.6479
1.989127 2.713827 3.515119 4.402520 5.388919 6.487523 7.715560 9.091373 10.63827 12.38153 14.35250 16.58561 19.12248 22.00886 25.29856 29.05033 33.33150 38.21520 43.78396 50.12740 57.34689 65.55473 74.87998 85.47092 97.50327 111.1879 126.7852 144.6259 165.1418 188.9253 216.7878 249.7007 287.8755 329.6442 373.2422 418.0635 461.5742 500.7158 535.5973 567.4193 597.2676 625.9872 654.3475 682.7996 710.4200 733.4347 749.2808 758.2247 760.7510 756.7794 745.4370 725.1602 695.3387 658.0670 615.3213 567.7938 519.7582 475.9684 436.5347 400.0114 364.8542 329.6511 292.9069
2.564866 3.275534 4.059462 4.927946 5.891113 6.963875 8.160374 9.500493 11.00390 12.69716 14.60729 16.76949 19.22005 22.00473 25.17065 28.77547 32.87805 37.54898 42.86022 48.89716 55.74796 63.51872 72.32209 82.29731 93.59876 106.4236 121.0024 137.6434 156.7353 178.8373 204.7067 235.1727 269.7388 306.8182 346.0188 385.9902 423.1167 455.9621 485.4429 512.5262 538.0297 562.5666 586.7473 611.0447 635.4968 657.7984 674.0367 683.1613 685.7867 682.0065 671.0810 651.6728 624.3314 590.9952 551.7779 508.9164 468.1122 431.6502 398.5830 367.6999 337.8092 307.8624 276.6669
3.204037 3.897930 4.663169 5.509190 6.447009 7.489276 8.650847 9.948892 11.40348 13.03772 14.87861 16.95680 19.30783 21.97146 24.99301 28.42221 32.31470 36.73071 41.73716 47.40594 53.81783 61.06091 69.23667 78.45894 88.86347 100.6075 113.8858 128.9328 146.0512 165.6196 188.1106 213.8838 242.7573 274.4606 308.6650 342.4872 372.9337 400.0495 424.6341 447.4141 468.8841 489.5143 509.6683 529.7670 550.0134 569.6526 585.2644 594.2183 596.8689 593.6650 584.3474 568.3980 546.0585 517.4425 482.7715 446.5728 413.3994 383.5095 356.0706 330.1236 304.9120 279.6056 253.4293
3.870686 4.546018 5.290641 6.111838 7.021604 8.030112 9.152946 10.40428 11.80452 13.37308 15.13655 17.12095 19.36035 21.88853 24.74786 27.98035 31.63686 35.76768 40.43250 45.69044 51.61161 58.26711 65.74198 74.12561 83.52654 94.06264 105.8782 119.1342 134.0259 150.7680 169.5870 190.6562 214.0780 239.9696 267.6119 294.2909 318.4966 340.4962 360.7336 379.6128 397.4215 414.4240 430.8241 446.8306 462.5364 477.6642 490.3198 497.9055 500.1645 497.5435 490.0775 477.5941 459.9433 436.6898 408.8391 380.6422 354.5223 330.4117 307.8371 286.2297 265.1007 243.9088 222.1506
4.515451 5.171474 5.893013 6.688163 7.566758 8.539598 9.619659 10.82138 12.16192 13.66041 15.33924 17.22332 19.34126 21.72449 24.40830 27.43082 30.83378 34.66165 38.96247 43.78702 49.19025 55.23097 61.97350 69.48808 77.85250 87.15247 97.48267 108.9461 121.6513 135.7071 151.2067 168.2103 186.7227 206.6394 227.2895 247.4267 266.3372 283.9626 300.4258 315.8753 330.4377 344.2160 357.2793 369.6501 381.2481 391.7368 400.1931 405.3851 406.8397 404.5891 398.6323 388.9014 375.3186 357.8904 337.6666 316.8082 296.6354 277.3991 258.9749 241.1096 223.5218 205.9066 187.9671
5.091079 5.726215 6.423568 7.190687 8.036587 8.971234 10.00640 11.15526 12.43321 13.85741 15.44773 17.22610 19.21752 21.44919 23.95133 26.75629 29.89905 33.41644 37.34769 41.73359 46.61752 52.04478 58.06383 64.72566 72.08484 80.19817 89.12476 98.92255 109.6453 121.3346 134.0101 147.6550 162.1926 177.4239 192.9721 208.3269 223.1167 237.1781 250.4724 263.0052 274.7941 285.8437 296.1346 305.5985 314.0881 321.3173 326.8240 330.0889 330.7859 328.7755 323.9982 316.4294 306.1163 293.3093 278.6720 263.2014 247.6525 232.3651 217.4053 202.7095 188.1508 173.5831 158.8656
5.577359 6.190635 6.862619 7.600480 8.412222 9.307130 10.29561 11.38971 12.60290 13.95060 15.44995 17.12028 18.98280 21.06096 23.37998 25.96706 28.85074 32.06124 35.62963 39.58828 43.97028 48.80997 54.14230 60.00332 66.42920 73.45585 81.11684 89.44129 98.44947 108.1477 118.5206 129.5201 141.0528 152.9705 165.0472 177.0398 188.7314 199.9769 210.6882 220.8139 230.3124 239.1414 247.2395 254.5162 260.8320 265.9882 269.7313 271.8073 272.0096 270.2134 266.3594 260.4532 252.5854 242.9816 232.0595 220.3264 208.2338 196.0597 183.9330 171.8784 159.8693 147.8544 135.7939
5.974032 6.564575 7.210457 7.918047 8.694766 9.548810 10.48966 11.52784 12.67539 13.94561 15.35353 16.91554 18.64985 20.57596 22.71504 25.08923 27.72190 30.63698 33.85919 37.41328 41.32449 45.61777 50.31816 55.44986 61.03623 67.09811 73.65301 80.71207 88.27778 96.33949 104.8692 113.8168 123.1043 132.6176 142.2252 151.7726 161.1245 170.1667 178.8126 186.9911 194.6424 201.7035 208.1046 213.7569 218.5504 222.3496 225.0040 226.3584 226.2906 224.7149 221.5939 216.9431 210.8490 203.4873 195.1086 186.0227 176.5039 166.7605 156.9165 147.0367 137.1418 127.2390 117.3375
6.288297 6.855650 7.474796 8.151646 8.892721 9.705497 10.59823 11.58034 12.66219 13.85543 15.17278 16.62834 18.23722 20.01582 21.98134 24.15196 26.54622 29.18323 32.08199 35.26156 38.74050 42.53699 46.66814 51.15004 55.99664 61.21926 66.82500 72.81518 79.18304 85.91151 92.97034 100.3127 107.8751 115.5807 123.3315 131.0338 138.5885 145.9078 152.9130 159.5367 165.7140 171.3826 176.4736 180.9119 184.6106 187.4744 189.4027 190.3058 190.1029 188.7415 186.2020 182.5072 177.7264 171.9788 165.4372 158.2851 150.7094 142.8594 134.8455 126.7371 118.5807 110.4071 102.2523
6.529732 7.073508 7.665715 8.311520 9.016887 9.788309 10.63320 11.55963 12.57673 13.69434 14.92344 16.27572 17.76393 19.40143 21.20238 23.18124 25.35291 27.73217 30.33381 33.17199 36.26050 39.61202 43.23825 47.14913 51.35265 55.85363 60.65328 65.74731 71.12511 76.76782 82.64709 88.72476 94.95135 101.2641 107.5994 113.8803 120.0371 126.0000 131.7053 137.0910 142.0996 146.6720 150.7496 154.2684 157.1631 159.3646 160.8068 161.4234 161.1669 160.0050 157.9302 154.9624 151.1561 146.5997 141.4019 135.6961 129.6045 123.2390 116.6865 110.0163 103.2780 96.51572 89.77062
6.708206 7.228379 7.793540 8.408437 9.078238 9.808792 10.60645 11.47835 12.43219 13.47653 14.62047 15.87392 17.24728 18.75163 20.39826 22.19888 24.16509 26.30850 28.64021 31.17095 33.91049 36.86780 40.05031 43.46405 47.11267 50.99730 55.11538 59.46020 64.01958 68.77531 73.70215 78.76672 83.92889 89.14475 94.35918 99.52229 104.5762 109.4663 114.1375 118.5392 122.6193 126.3289 129.6164 132.4317 134.7221 136.4369 137.5266 137.9532 137.6823 136.6954 134.9912 132.5896 129.5311 125.8754 121.7057 117.1044 112.1644 106.9671 101.5857 96.07809 90.49558 84.88067 79.27747
6.833010 7.329596 7.867965 8.452215 9.087032 9.777411 10.52900 11.34784 12.24063 13.21448 14.27718 15.43682 16.70208 18.08183 19.58530 21.22163 23.00004 24.92932 27.01803 29.27388 31.70398 34.31418 37.10927 40.09220 43.26415 46.62365 50.16647 53.88455 57.76585 61.79352 65.94568 70.19585 74.51208 78.85545 83.18906 87.46574 91.64348 95.67727 99.52422 103.1398 106.4823 109.5085 112.1776 114.4476 116.2792 117.6338 118.4784 118.7800 118.5191 117.6847 116.2784 114.3155 111.8279 108.8625 105.4724 101.7264 97.68688 93.41779 88.97466 84.40974 79.76639 75.08694 70.40956
6.912531 7.385840 7.897734 8.451945 9.052473 9.703795 10.41068 11.17841 12.01260 12.91934 13.90500 14.97642 16.14056 17.40472 18.77616 20.26223 21.86994 23.60618 25.47719 27.48869 29.64547 31.95147 34.40921 37.01993 39.78292 42.69547 45.75226 48.94516 52.26261 55.68958 59.20713 62.79185 66.41721 70.05558 73.67159 77.23502 80.70840 84.05614 87.24090 90.22769 92.98003 95.46394 97.64435 99.48904 100.9656 102.0451 102.7005 102.9146 102.6713 101.9646 100.7976 99.18476 97.14938 94.72379 91.95294 88.87885 85.55346 82.02413 78.33823 74.53664 70.65963 66.74220 62.82037
6.954121 7.404489 7.890503 8.415340 8.982608 9.596083 10.25998 10.97871 11.75713 12.60024 13.51347 14.50229 15.57253 16.72993 17.98040 19.32957 20.78299 22.34575 24.02257 25.81740 27.73358 29.77334 31.93795 34.22719 36.63945 39.17114 41.81672 44.56816 47.41496 50.34369 53.33818 56.37994 59.44733 62.51427 65.55741 68.54513 71.45042 74.24321 76.89485 79.37461 81.65421 83.70397 85.49706 87.00603 88.20706 89.07747 89.59947 89.75488 89.53562 88.93778 87.96501 86.62749 84.94455 82.94316 80.65168 78.11007 75.35312 72.41971 69.34515 66.16586 62.91355 59.62072 56.31615
6.964168 7.392158 7.852903 8.349293 8.884368 9.461491 10.08418 10.75629 11.48182 12.26505 13.11036 14.02237 15.00568 16.06502 17.20493 18.42994 19.74418 21.15158 22.65545 24.25863 25.96312 27.77020 29.67999 31.69162 33.80267 36.00937 38.30607 40.68531 43.13749 45.65088 48.21149 50.80260 53.40589 56.00301 58.56976 61.08678 63.52863 65.87153 68.08993 70.16034 72.05772 73.75949 75.24219 76.48531 77.46843 78.17442 78.58746 78.69961 78.50244 77.99446 77.17900 76.06601 74.66947 73.00800 71.10838 68.99362 66.69540 64.24261 61.66629 58.99398 56.25465 53.47361 50.67744
6.948131 7.354296 7.790598 8.259468 8.763635 9.305904 9.889382 10.51724 11.19293 11.91993 12.70196 13.54267 14.44591 15.41531 16.45460 17.56715 18.75621 20.02456 21.37468 22.80832 24.32674 25.93030 27.61860 29.39008 31.24215 33.17080 35.17075 37.23499 39.35500 41.52047 43.71942 45.93870 48.16314 50.37451 52.55737 54.68954 56.75311 58.72753 60.59359 62.33020 63.91845 65.33823 66.57204 67.60197 68.41325 68.99209 69.32857 69.41164 69.23803 68.80642 68.12006 67.18557 66.01527 64.62567 63.03296 61.26234 59.33435 57.27378 55.10330 52.84786 50.52937 48.17128 45.79393
6.910662 7.295735 7.708399 8.150855 8.625381 9.134477 9.680694 10.26681 10.89561 11.57010 12.29323 13.06808 13.89762 14.78487 15.73261 16.74356 17.82004 18.96417 20.17753 21.46131 22.81600 24.24154 25.73694 27.30047 28.92928 30.61957 32.36624 34.16302 36.00222 37.87487 39.77058 41.67716 43.58165 45.47147 47.32937 49.14277 50.89381 52.56639 54.14281 55.60732 56.94274 58.13417 59.16586 60.02474 60.69759 61.17397 61.44410 61.50446 61.35018 60.98126 60.40041 59.61446 58.63210 57.46460 56.12912 54.63876 53.01402 51.27319 49.43699 47.52381 45.55393 43.54496 41.51593
6.855709 7.220386 7.610362 8.027476 8.473773 8.951305 9.462329 10.00909 10.59403 11.21951 11.88806 12.60208 13.36405 14.17624 15.04093 15.96007 16.93546 17.96850 19.06032 20.21145 21.42206 22.69157 24.01883 25.40182 26.83785 28.32312 29.85303 31.42182 33.02275 34.64791 36.28843 37.93480 39.57613 41.19931 42.79397 44.34403 45.83745 47.25993 48.59854 49.83863 50.96761 51.97174 52.83962 53.55931 54.12164 54.51784 54.74232 54.78777 54.65312 54.33786 53.84455 53.17752 52.34487 51.35729 50.22436 48.96304 47.58584 46.10915 44.54769 42.91866 41.23695 39.51918 37.77946
6.786612 7.131714 7.499910 7.892872 8.312278 8.759959 9.237746 9.747612 10.29150 10.87145 11.48943 12.14747 12.84746 13.59127 14.38055 15.21685 16.10137 17.03517 18.01880 19.05254 20.13609 21.26875 22.44908 23.67514 24.94417 26.25272 27.59647 28.97032 30.36823 31.78333 33.20787 34.63280 36.04880 37.44709 38.81507 40.14452 41.42264 42.63838 43.77931 44.83482 45.79300 46.64400 47.37709 47.98389 48.45562 48.78576 48.96792 49.00087 48.88147 48.61018 48.18905 47.62287 46.91716 46.07899 45.11998 44.04763 42.87589 41.61657 40.28388 38.89003 37.44930 35.97375 34.47699
6.706182 7.032473 7.379903 7.749829 8.143774 8.563214 9.009775 9.485030 9.990672 10.52830 11.09959 11.70609 12.34938 13.03082 13.75175 14.51322 15.31616 16.16113 17.04848 17.97810 18.94957 19.96190 21.01370 22.10293 23.22704 24.38275 25.56620 26.77274 27.99710 29.23324 30.47450 31.71395 32.94367 34.15402 35.33797 36.48360 37.58275 38.62532 39.60255 40.50414 41.32162 42.04552 42.66836 43.18202 43.58074 43.85878 44.01299 44.03819 43.93428 43.70108 43.34048 42.85532 42.25114 41.53514 40.71307 39.79694 38.79448 37.71684 36.57370 35.37710 34.13708 32.86551 31.57210
6.616807 6.925155 7.252750 7.600842 7.970651 8.363510 8.780711 9.223646 9.693633 10.19206 10.72020 11.27938 11.87073 12.49541 13.15431 13.84828 14.57782 15.34334 16.14483 16.98209 17.85443 18.76088 19.69991 20.66966 21.66762 22.69085 23.73577 24.79832 25.87374 26.95681 28.04167 29.12155 30.18961 31.23971 32.26243 33.25246 34.20044 35.09872 35.93841 36.71233 37.41212 38.03122 38.56218 38.99961 39.33746 39.57164 39.69775 39.71576 39.62342 39.42136 39.11106 38.69597 38.17963 37.56660 36.86509 36.07932 35.21909 34.29221 33.30861 32.27647 31.20596 30.10528 28.98429
6.520491 6.811680 7.120455 7.447811 7.794869 8.162680 8.552405 8.965119 9.401987 9.864064 10.35245 10.86812 11.41202 11.98495 12.58764 13.22057 13.88415 14.57844 15.30338 16.05849 16.84312 17.65613 18.49614 19.36123 20.24917 21.15719 22.08214 23.02029 23.96754 24.91926 25.87043 26.81595 27.74999 28.66533 29.55725 30.41667 31.23809 32.01426 32.73919 33.40552 34.00759 34.53867 34.99389 35.36756 35.65605 35.85550 35.96418 35.97818 35.89790 35.72322 35.45555 35.09673 34.65068 34.12242 33.51540 32.83842 32.09631 31.29683 30.44641 29.55362 28.62527 27.66990 26.69421
6.418933 6.693823 6.984696 7.292480 7.618050 7.962369 8.326332 8.710907 9.116968 9.545449 9.997151 10.47290 10.97337 11.49921 12.05085 12.62869 13.23283 13.86330 14.51979 15.20185 15.90865 16.63916 17.39192 18.16523 18.95693 19.76457 20.58523 21.41568 22.25222 23.09081 23.92703 24.75574 25.57189 26.37115 27.14636 27.89416 28.60758 29.28127 29.90878 30.48524 31.00465 31.46264 31.85394 32.17503 32.42167 32.59124 32.68055 32.69025 32.61860 32.46624 32.23422 31.92508 31.54112 31.08533 30.56371 29.97847 29.33676 28.64376 27.90661 27.13080 26.32367 25.49084 24.63951
6.313545 6.572906 6.846856 7.136117 7.441499 7.763741 8.103657 8.461975 8.839482 9.236852 9.654796 10.09387 10.55466 11.03755 11.54291 12.07087 12.62152 13.19465 13.78998 14.40688 15.04460 15.70202 16.37786 17.07041 17.77779 18.49768 19.22753 19.96439 20.70505 21.44595 22.18327 22.91327 23.63160 24.33277 25.01363 25.66715 26.28961 26.87573 27.42144 27.92136 28.37169 28.76760 29.10585 29.38241 29.59497 29.74087 29.81923 29.82695 29.76465 29.63223 29.43074 29.16135 28.82692 28.43105 27.97573 27.46770 26.90987 26.30783 25.66583 24.99012 24.28529 23.55763 22.81174
6.205534 6.450199 6.708104 6.979928 7.266294 7.567883 7.885302 8.219217 8.570199 8.938849 9.325656 9.731112 10.15557 10.59937 11.06265 11.54553 12.04789 12.56954 13.11004 13.66883 14.24505 14.83771 15.44550 16.06694 16.70019 17.34325 17.99374 18.64911 19.30646 19.96269 20.61441 21.25768 21.88876 22.50458 23.09958 23.67177 24.21585 24.72807 25.20363 25.63925 26.03052 26.37455 26.66750 26.90711 27.09029 27.21535 27.27990 27.28493 27.22903 27.11277 26.93694 26.70342 26.41372 26.06982 25.67623 25.23391 24.74820 24.22262 23.66238 23.07117 22.45441 21.81594 21.16110
6.095885 6.326591 6.569372 6.824739 7.093279 7.375495 7.671957 7.983138 8.309563 8.651637 9.009805 9.384363 9.775624 10.18374 10.60883 11.05085 11.50967 11.98496 12.47634 12.98314 13.50460 14.03970 14.58727 15.14586 15.71389 16.28943 16.87047 17.45464 18.03943 18.62210 19.19973 19.76956 20.32830 20.87173 21.39780 21.90095 22.37869 22.82712 23.24347 23.62374 23.96540 24.26486 24.52002 24.72792 24.88713 24.99576 25.05343 25.05759 25.00897 24.90746 24.75381 24.54879 24.29452 23.99367 23.64728 23.26067 22.83553 22.37596 21.88477 21.36659 20.82454 20.26332 19.68610
5.985454 6.202982 6.431454 6.671368 6.923148 7.187277 7.464156 7.754234 8.057862 8.375421 8.707173 9.053406 9.414255 9.789862 10.18020 10.58521 11.00466 11.43825 11.88548 12.34579 12.81834 13.30224 13.79634 14.29937 14.80979 15.32597 15.84600 16.36786 16.88926 17.40780 17.92090 18.42550 18.91878 19.39860 19.86057 20.30361 20.72363 21.11797 21.48304 21.81660 22.11537 22.37743 22.59992 22.78141 22.91959 23.01336 23.06087 23.06327 23.01935 22.92967 22.79476 22.61609 22.39462 22.13165 21.83070 21.49191 21.11943 20.71560 20.28433 19.82810 19.35098 18.85560 18.34599
