T2-onemodel/model.grd
DSAA
         100         100
  -20.00000       20.00000    
  -20.00000       20.00000    
  -4.424105       1005.924    
[rows 56 to 83 of 100, columns 0 to 62 of 100]
0.8909332 1.862275 2.941015 4.140998 5.481037 6.980237 8.663674 10.55760 12.69541 15.11255 17.85291 20.96343 24.50078 28.52564 33.10958 38.32912 44.27275 51.03516 58.72486 67.45820 77.36843 88.60027 101.3202 115.7122 131.9895 150.3909 171.1950 194.7157 221.3266 251.4589 285.6116 324.3420 368.0974 416.5721 467.9046 520.2758 572.2615 620.5568 663.5370 702.3034 738.1682 772.2769 805.4256 837.6685 866.3107 887.5951 900.8184 906.5535 905.1246 896.4539 880.1229 855.3665 821.3788 778.3124 728.4825 673.8737 616.6642 562.1938 512.9611 467.5954 424.2149 380.8519 335.7729
1.229264 2.191573 3.260223 4.449406 5.777532 7.264174 8.933997 10.81386 12.93677 15.33897 18.06394 21.15950 24.68187 28.69267 33.26287 38.47007 44.40224 51.15582 58.83974 67.57404 77.49527 88.75682 101.5349 116.0320 132.4833 151.1632 172.3919 196.5462 224.0572 255.4252 291.2007 331.8168 376.9359 424.6918 473.3868 522.5217 569.6519 611.8011 649.1516 682.9581 714.3375 744.1387 773.1027 801.6130 828.6285 850.1957 863.5125 868.5845 865.6947 854.7455 835.2292 806.5270 769.0024 725.0868 676.6888 624.3850 572.3252 525.1127 482.7004 443.4954 405.8219 368.1495 328.8766
1.632003 2.582652 3.636906 4.811379 6.121657 7.589832 9.237632 11.09452 13.19039 15.56414 18.25589 21.31611 24.79724 28.76344 33.28152 38.43151 44.29705 50.97755 58.57840 67.22464 77.05238 88.22533 100.9272 115.3823 131.8509 150.6530 172.1646 196.8375 225.1905 257.7880 295.0461 336.6185 380.6124 425.4051 470.9925 516.2183 557.6317 593.9647 626.2708 655.6238 682.9016 708.7480 733.7520 758.3250 782.3564 803.2952 816.8017 821.2742 816.7844 803.2106 780.2645 748.5761 710.7811 668.8256 622.4410 573.7209 528.1688 487.8038 451.4281 417.6137 384.9904 352.3463 318.3378
2.108112 3.042842 4.080098 5.234117 6.522316 7.964102 9.583063 11.40565 13.46361 15.79231 18.43369 21.43391 24.84706 28.73207 33.15714 38.19605 43.93391 50.46328 57.89196 66.33885 75.94592 86.87444 99.32291 113.5254 129.7795 148.4479 169.9971 194.9817 224.0143 257.5370 295.1999 335.0674 375.5537 416.8911 459.0779 499.2715 534.7102 565.7755 593.5125 618.8268 642.3134 664.5074 685.7781 706.5146 726.7971 745.6001 758.8336 762.6973 756.4086 740.0668 714.7508 683.4969 648.4154 608.9476 565.1916 521.8564 483.1915 448.9588 417.9330 388.8531 360.7339 332.5373 303.2843
2.662483 3.578387 4.594734 5.724101 6.984513 8.393592 9.975217 11.75382 13.76098 16.02963 18.60083 21.51780 24.83266 28.60066 32.88674 37.76023 43.30157 49.59838 56.75262 64.87879 74.11289 84.61494 96.58113 110.2558 125.9527 144.0873 165.2134 190.0311 219.1647 252.3353 287.5425 323.0897 359.2948 396.9654 434.6740 468.8810 498.6680 524.9371 548.5554 570.1417 590.1541 608.9232 626.7273 643.7687 660.1540 675.4720 687.1531 690.1481 682.0151 663.9886 639.7896 612.1280 580.6071 543.9242 504.5231 467.9306 435.7185 406.9772 380.6327 355.7820 331.6325 307.4355 282.4086
3.290789 4.185790 5.176891 6.278202 7.504819 8.875689 10.41136 12.13713 14.08062 16.27510 18.75671 21.56805 24.75517 28.37137 32.47400 37.12878 42.40680 48.39000 55.16895 62.84990 71.55495 81.43266 92.66286 105.4762 120.1735 137.1728 157.0706 180.6634 208.2240 238.0275 268.0450 298.2715 329.6581 362.5117 394.1589 422.1652 446.7843 468.7304 488.6099 506.8004 523.6149 539.2317 553.8151 567.4076 580.0094 591.2648 599.7581 601.1423 592.1230 575.6924 555.6324 532.5250 505.0692 472.7929 439.9655 410.3535 383.9569 360.0491 337.8311 316.7162 296.0911 275.4538 254.1926
3.964677 4.835522 5.798720 6.867493 8.056193 9.382463 10.86565 12.52919 14.39881 16.50499 18.88099 21.56544 24.60008 28.03259 31.91416 36.30280 41.26089 46.85978 53.17747 60.30507 68.34556 77.42381 87.68710 99.32362 112.5695 127.7500 145.2972 165.7165 188.7227 212.7177 236.8802 261.4614 286.9697 313.0784 337.8176 360.0942 380.1154 398.2322 414.7596 429.9047 443.8290 456.6115 468.2923 478.8076 488.0052 495.4448 500.1091 499.4748 491.7930 479.2834 463.7757 445.3364 423.2011 397.9171 372.7093 349.4583 328.1518 308.4243 289.8273 271.9782 254.4768 236.9679 219.0493
4.617755 5.462034 6.394520 7.427318 8.574007 9.850654 11.27530 12.86914 14.65581 16.66254 18.91939 21.46040 24.32258 27.54725 31.17887 35.26667 39.86354 45.02846 50.82558 57.32753 64.61535 72.78308 81.93854 92.20996 103.7471 116.7263 131.3289 147.6392 165.3663 183.9063 202.8701 222.2031 241.8755 261.5052 280.3294 297.8432 313.9665 328.7780 342.3796 354.8528 366.2470 376.5686 385.7722 393.7364 400.2300 404.8328 406.8179 405.1613 399.4249 390.3206 378.5896 364.4132 347.8077 329.4347 310.7402 292.7357 275.6844 259.5132 244.0347 229.0254 214.2510 199.4744 184.4600
5.191623 6.007300 6.906698 7.900673 9.001987 10.22497 11.58629 13.10466 14.80151 16.70058 18.82860 21.21473 23.89121 26.89270 30.25695 34.02417 38.23796 42.94481 48.19531 54.04395 60.55058 67.78027 75.80437 84.69930 94.54449 105.4131 117.3504 130.3278 144.1855 158.6608 173.5453 188.6850 203.9261 219.0114 233.6047 247.4467 260.4114 272.4558 283.5758 293.7687 303.0209 311.2896 318.4944 324.4977 329.0884 331.9562 332.7009 330.9304 326.5179 319.7098 310.8098 300.0394 287.6250 274.0410 259.9760 245.9898 232.3566 219.1453 206.3066 193.7394 181.3138 168.8958 156.3541
5.666625 6.452196 7.316486 8.269583 9.322844 10.48935 11.78379 13.22293 14.82534 16.61189 18.60537 20.83082 23.31513 26.08735 29.17815 32.62022 36.44770 40.69686 45.40547 50.61340 56.36212 62.69477 69.65471 77.28406 85.61909 94.68301 104.4728 114.9407 125.9907 137.4991 149.3172 161.3094 173.3234 185.1906 196.7340 207.7935 218.2523 228.0381 237.1004 245.3986 252.8846 259.4966 265.1454 269.7100 273.0278 274.9003 275.1127 273.5045 270.0418 264.8124 257.9867 249.7428 240.3115 230.0034 219.1884 208.2003 197.2586 186.4624 175.8318 165.3336 154.9119 144.4985 134.0349
6.043530 6.797680 7.625592 8.536184 9.539804 10.64789 11.87356 13.23127 14.73727 16.40923 18.26665 20.33030 22.62264 25.16717 27.98877 31.11303 34.56664 38.37676 42.57135 47.17835 52.22595 57.74120 63.74944 70.27161 77.32162 84.90106 92.99384 101.5617 110.5388 119.8309 129.3461 138.9761 148.6118 158.1309 167.4078 176.3327 184.8153 192.7801 200.1666 206.9176 212.9761 218.2744 222.7327 226.2519 228.7181 230.0058 230.0025 228.6291 225.8704 221.7889 216.4837 210.0948 202.7885 194.7789 186.3012 177.5659 168.7282 159.8857 151.0800 142.3192 133.5869 124.8614 116.1235
6.330816 7.052824 7.843413 8.710714 9.663726 10.71268 11.86881 13.14478 14.55429 16.11246 17.83542 19.74053 21.84594 24.17075 26.73452 29.55739 32.65953 36.06134 39.78277 43.84340 48.26150 53.05378 58.23380 63.81075 69.78693 76.15520 82.89590 89.97320 97.33864 104.9365 112.6887 120.5176 128.3336 136.0502 143.5826 150.8468 157.7650 164.2714 170.3044 175.8079 180.7232 184.9894 188.5371 191.2917 193.1718 194.0994 194.0070 192.8582 190.6545 187.4291 183.2587 178.2405 172.5042 166.1920 159.4542 152.4336 145.2483 137.9780 130.6734 123.3575 116.0404 108.7230 101.4119
6.539212 7.228570 7.981549 8.805188 9.707550 10.69738 11.78454 12.97968 14.29457 15.74169 17.33458 19.08725 21.01457 23.13161 25.45389 27.99678 30.77569 33.80545 37.10043 40.67373 44.53725 48.70047 53.17007 57.94838 63.03231 68.41149 74.06731 79.97284 86.08942 92.36456 98.74845 105.1784 111.5930 117.9229 124.0980 130.0533 135.7291 141.0667 146.0129 150.5142 154.5195 157.9741 160.8233 163.0087 164.4746 165.1688 165.0537 164.1074 162.3321 159.7615 156.4451 152.4584 147.8873 142.8364 137.4138 131.7197 125.8375 119.8355 113.7593 107.6415 101.5012 95.35512 89.21887
6.679793 7.336512 8.051862 8.832163 9.684300 10.61598 11.63550 12.75203 13.97531 15.31587 16.78465 18.39324 20.15337 22.07716 24.17654 26.46346 28.94928 31.64496 34.56042 37.70456 41.08448 44.70540 48.56948 52.67558 57.01781 61.58508 66.35983 71.31673 76.42554 81.65382 86.95455 92.28234 97.58335 102.8071 107.9028 112.8180 117.4999 121.9010 125.9733 129.6721 132.9515 135.7678 138.0753 139.8314 140.9944 141.5307 141.4143 140.6361 139.2033 137.1352 134.4742 131.2718 127.5972 123.5211 119.1179 114.4605 109.6161 104.6373 99.56790 94.43867 89.27589 84.09973 78.93298
6.762926 7.387185 8.065402 8.802976 9.606003 10.48096 11.43505 12.47586 13.61166 14.85099 16.20296 17.67675 19.28192 21.02783 22.92390 24.97904 27.20186 29.60010 32.18075 34.94939 37.91025 41.06542 44.41474 47.95488 51.67914 55.57659 59.63200 63.82626 68.13380 72.52082 76.95746 81.40462 85.82550 90.17662 94.41361 98.49428 102.3787 106.0252 109.3951 112.4489 115.1496 117.4599 119.3449 120.7706 121.7082 122.1330 122.0306 121.3939 120.2276 118.5529 116.3970 113.8018 110.8122 107.4841 103.8747 100.0386 96.02401 91.87611 87.63029 83.31826 78.96450 74.59314 70.22573
6.798011 7.390382 8.032143 8.728105 9.483397 10.30368 11.19491 12.16361 13.21648 14.36069 15.60352 16.95250 18.41506 19.99870 21.71052 23.55741 25.54555 27.68059 29.96708 32.40856 35.00704 37.76291 40.67437 43.73726 46.94450 50.28588 53.74754 57.31114 60.95628 64.66227 68.39815 72.13547 75.83929 79.47782 83.01842 86.42638 89.66564 92.70331 95.50536 98.04049 100.2766 102.1847 103.7358 104.9051 105.6698 106.0135 105.9244 105.4008 104.4493 103.0815 101.3223 99.20009 96.75370 94.02129 91.04355 87.86198 84.51762 81.04485 77.47630 73.83826 70.15616 66.45127 62.74643
6.793251 7.354400 7.960754 8.616362 9.325736 10.09357 10.92502 11.82539 12.80037 13.85570 14.99739 16.23135 17.56361 18.99986 20.54570 22.20614 23.98581 25.88850 27.91728 30.07401 32.35945 34.77269 37.31123 39.97040 42.74341 45.62087 48.59098 51.63995 54.74990 57.89754 61.06373 64.22250 67.35035 70.41837 73.39694 76.25773 78.97395 81.51664 83.85923 85.97420 87.83678 89.42197 90.70817 91.67471 92.30580 92.58823 92.51600 92.08621 91.30302 90.17984 88.73222 86.98460 84.96168 82.69561 80.21959 77.56596 74.76414 71.84447 68.83233 65.75300 62.62746 59.47737 56.32165
6.755778 7.286664 7.858732 8.475567 9.140924 9.858896 10.63370 11.46985 12.37193 13.34475 14.39305 15.52166 16.73520 18.03822 19.43484 20.92891 22.52361 24.22161 26.02467 27.93371 29.94841 32.06733 34.28737 36.60395 39.01053 41.49864 44.05761 46.67388 49.33311 52.02147 54.71741 57.40213 60.05172 62.64528 65.16106 67.57558 69.86391 72.00369 73.97136 75.74574 77.30508 78.63056 79.70357 80.50928 81.03415 81.26966 81.20934 80.85370 80.20751 79.27775 78.07966 76.62946 74.95048 73.06458 70.99570 68.76900 66.41103 63.94447 61.39283 58.77594 56.11433 53.42547 50.72812
6.691657 7.193261 7.732408 8.312079 8.935577 9.606255 10.32774 11.10369 11.93797 12.83438 13.79686 14.82914 15.93493 17.11764 18.38050 19.72618 21.15702 22.67463 24.28004 25.97329 27.75363 29.61903 31.56641 33.59115 35.68730 37.84726 40.06196 42.32131 44.61242 46.91851 49.22686 51.51942 53.78066 55.99057 58.12879 60.17592 62.11392 63.92270 65.58431 67.07986 68.39297 69.50699 70.40833 71.08395 71.52470 71.72284 71.67568 71.38174 70.84386 70.07085 69.07175 67.86157 66.45448 64.87028 63.12939 61.25219 59.25732 57.16551 54.99450 52.76323 50.48772 48.18512 45.87012
6.606073 7.079573 7.587154 8.131467 8.715217 9.341327 10.01273 10.73255 11.50385 12.32984 13.21354 14.15803 15.16609 16.24043 17.38333 18.59684 19.88240 21.24107 22.67312 24.17825 25.75517 27.40179 29.11489 30.89019 32.72216 34.60399 36.52749 38.48245 40.45857 42.44638 44.43027 46.39743 48.33089 50.21655 52.03962 53.78398 55.43218 56.96906 58.37829 59.64569 60.75648 61.69844 62.45933 63.03005 63.40206 63.57058 63.53164 63.28626 62.83766 62.19000 61.35302 60.33630 59.15474 57.82139 56.35110 54.75987 53.06549 51.28315 49.42967 47.51933 45.56773 43.58805 41.59475
6.503381 6.949914 7.427443 7.938135 8.484374 9.068521 9.693120 10.36065 11.07372 11.83480 12.64643 13.51091 14.43052 15.40717 16.44266 17.53829 18.69508 19.91343 21.19335 22.53403 23.93412 25.39132 26.90260 28.46387 30.07019 31.71548 33.39281 35.09472 36.81168 38.53127 40.24491 41.93958 43.60491 45.22660 46.79035 48.28268 49.69141 51.00248 52.20382 53.28232 54.22718 55.02714 55.67353 56.15779 56.47444 56.61847 56.58879 56.38432 56.00696 55.46252 54.75646 53.89842 52.89677 51.76435 50.51438 49.16021 47.71394 46.19002 44.60075 42.96003 41.27952 39.57225 37.84912
6.387251 6.808094 7.257007 7.735923 8.246769 8.791616 9.372479 9.991499 10.65070 11.35217 12.09783 12.88957 13.72904 14.61777 15.55692 16.54747 17.58989 18.68434 19.83039 21.02716 22.27304 23.56587 24.90264 26.27970 27.69244 29.13552 30.60257 32.08588 33.57785 35.07198 36.55661 38.02290 39.45840 40.85351 42.19804 43.48075 44.68923 45.81319 46.84119 47.76372 48.57058 49.25381 49.80512 50.21877 50.48913 50.61338 50.58882 50.41647 50.09855 49.63749 49.03974 48.31115 47.46167 46.49941 45.43387 44.27559 43.03687 41.72799 40.36099 38.94603 37.49469 36.01657 34.52260
6.260745 6.657094 7.078923 7.527794 8.005422 8.513440 9.053616 9.627603 10.23715 10.88382 11.56924 12.29477 13.06174 13.87119 14.72400 15.62069 16.56151 17.54626 18.57443 19.64486 20.75604 21.90575 23.09128 24.30916 25.55535 26.82504 28.11292 29.41341 30.71941 32.02149 33.31380 34.58680 35.83343 37.04331 38.20618 39.31256 40.35417 41.32107 42.20507 42.99700 43.68966 44.27530 44.74828 45.10279 45.33545 45.44286 45.42464 45.27990 45.00984 44.61849 44.10911 43.48822 42.76081 41.93561 41.02147 40.02744 38.96148 37.83385 36.65306 35.42929 34.17090 32.88762 31.58736
6.126446 6.499578 6.895751 7.316364 7.762776 8.236438 8.738717 9.271054 9.834769 10.43120 11.06153 11.72689 12.42817 13.16621 13.94147 14.75432 15.60467 16.49225 17.41628 18.37568 19.36881 20.39367 21.44762 22.52758 23.62985 24.75018 25.88366 27.02433 28.16661 29.30596 30.43353 31.54311 32.62540 33.67380 34.68120 35.63971 36.54034 37.37603 38.13867 38.82185 39.41842 39.92310 40.33015 40.63589 40.83641 40.93007 40.91481 40.79163 40.56203 40.22739 39.79218 39.26002 38.63785 37.93080 37.14513 36.28794 35.36799 34.39225 33.36948 32.30680 31.21281 30.09442 28.95981
5.986514 6.337612 6.709605 7.103605 7.520824 7.962387 8.429502 8.923256 9.444795 9.995091 10.57514 11.18571 11.82754 12.50110 13.20675 13.94452 14.71429 15.51554 16.34751 17.20900 18.09852 19.01407 19.95331 20.91335 21.89094 22.88230 23.88331 24.88981 25.89642 26.89584 27.88412 28.85410 29.80102 30.71718 31.59509 32.42797 33.21021 33.93465 34.59570 35.18683 35.70324 36.13941 36.49170 36.75599 36.93017 37.01183 37.00097 36.89677 36.69999 36.41351 36.03930 35.58191 35.04434 34.43270 33.75314 33.01193 32.21436 31.36784 30.47825 29.55313 28.59837 27.62128 26.62754
5.842728 6.173026 6.522197 6.891248 7.281115 7.692809 8.127236 8.585361 9.068013 9.576037 10.11011 10.67087 11.25877 11.87416 12.51715 13.18772 13.88550 14.61001 15.36035 16.13541 16.93368 17.75337 18.59224 19.44776 20.31692 21.19639 22.08235 22.97016 23.85566 24.73573 25.60350 26.45460 27.28193 28.08093 28.84665 29.57341 30.25464 30.88546 31.46000 31.97394 32.42213 32.80107 33.10665 33.33652 33.48785 33.55968 33.55041 33.46090 33.29222 33.04514 32.72281 32.32753 31.86430 31.33641 30.74808 30.10416 29.41103 28.67347 27.89791 27.08933 26.25416 25.39733 24.52502
5.696576 6.007200 6.334930 6.680541 7.044889 7.428728 7.832876 8.258031 8.704921 9.174127 9.666224 10.18160 10.72063 11.28342 11.87003 12.48025 13.11373 13.76982 14.44771 15.14624 15.86405 16.59938 17.35028 18.11436 18.88903 19.67128 20.45794 21.24588 22.03098 22.80750 23.57282 24.32149 25.05029 25.75343 26.42533 27.06110 27.65693 28.20757 28.70922 29.15710 29.54801 29.87793 30.14448 30.34467 30.47721 30.54028 30.53410 30.45791 30.31219 30.09904 29.81968 29.47735 29.07383 28.61356 28.10088 27.54027 26.93522 26.29121 25.61228 24.90407 24.17072 23.41778 22.64930
5.549298 5.841403 6.148942 6.472633 6.813114 7.171077 7.547110 7.941841 8.355767 8.789400 9.243089 9.717173 10.21179 10.72705 11.26281 11.81885 12.39471 12.98978 13.60319 14.23388 14.88049 15.54150 16.21501 16.89897 17.59096 18.28834 18.98812 19.68668 20.38087 21.06861 21.74445 22.40532 23.04569 23.66244 24.25206 24.81049 25.33275 25.81553 26.25447 26.64663 26.98824 27.27698 27.50983 27.68528 27.80121 27.85711 27.85165 27.78561 27.65977 27.47450 27.23212 26.93406 26.58408 26.18428 25.73753 25.24719 24.71803 24.15331 23.55784 22.93509 22.28992 21.62583 20.94755
