T2-onemodel/model.grd
DSAA
         100         100
  -20.00000       20.00000    
  -20.00000       20.00000    
  -3.260731       961.3666    
[rows 28 to 55 of 100, columns 0 to 62 of 100]
6.668027 7.062109 7.484827 7.938559 8.425844 8.949457 9.512335 10.11769 10.76888 11.46953 12.22340 13.03448 13.90685 14.84474 15.85238 16.93405 18.09386 19.33587 20.66379 22.08108 23.59066 25.19502 26.89587 28.69418 30.58990 32.58192 34.66772 36.84336 39.10312 41.43951 43.84306 46.30196 48.80288 51.33077 53.86704 56.39594 58.89611 61.34653 63.72424 66.00716 68.17099 70.19289 72.04806 73.71395 75.16642 76.38431 77.34567 78.03636 78.43896 78.54432 78.34579 77.84193 77.03580 75.93655 74.55893 72.91726 71.03400 68.93190 66.63637 64.17236 61.56744 58.84818 56.04396
6.648483 7.062700 7.507947 7.986853 8.502366 9.057600 9.656012 10.30125 10.99732 11.74843 12.55912 13.43410 14.37839 15.39708 16.49550 17.67891 18.95262 20.32174 21.79128 23.36578 25.04945 26.84584 28.75788 30.78751 32.93571 35.20207 37.58473 40.07993 42.68192 45.38264 48.17155 51.03588 53.95980 56.92483 59.91215 62.89620 65.85426 68.76072 71.58986 74.31327 76.90366 79.33124 81.56796 83.58356 85.35063 86.84079 88.03005 88.89139 89.40824 89.56406 89.35016 88.76409 87.81119 86.50253 84.85458 82.89373 80.64481 78.13718 75.40034 72.46637 69.36619 66.13348 62.80114
6.598283 7.033184 7.501578 8.006497 8.551210 9.139346 9.774791 10.46185 11.20511 12.00959 12.88058 13.82381 14.84524 15.95117 17.14805 18.44254 19.84123 21.35079 22.97758 24.72779 26.60705 28.62055 30.77265 33.06686 35.50545 38.08932 40.81752 43.68703 46.69224 49.82470 53.07272 56.42089 59.85099 63.34161 66.86651 70.40196 73.91744 77.38239 80.76397 84.03004 87.14572 90.07720 92.78786 95.24277 97.40456 99.23859 100.7092 101.7897 102.4508 102.6743 102.4471 101.7654 100.6341 99.06904 97.09533 94.73983 92.03934 89.03076 85.75261 82.24153 78.53605 74.67349 70.69504
6.511273 6.967269 7.459413 7.991027 8.565888 9.188029 9.861983 10.59262 11.38534 12.24593 13.18073 14.19646 15.30035 16.49999 17.80335 19.21859 20.75410 22.41821 24.21928 26.16528 28.26398 30.52246 32.94725 35.54378 38.31643 41.26784 44.39884 47.70757 51.18922 54.83532 58.63326 62.56625 66.61243 70.74536 74.93676 79.14977 83.35033 87.50105 91.56444 95.50008 99.26848 102.8267 106.1327 109.1407 111.8066 114.0838 115.9305 117.3006 118.1618 118.4835 118.2476 117.4480 116.0925 114.2018 111.8072 108.9550 105.6900 102.0608 98.11338 93.89331 89.44306 84.80747 80.03197
6.380367 6.857847 7.374165 7.933125 8.538877 9.196076 9.909781 10.68567 11.52989 12.44926 13.45113 14.54354 15.73506 17.03492 18.45277 19.99876 21.68322 23.51681 25.51009 27.67362 30.01756 32.55180 35.28545 38.22689 41.38322 44.75997 48.36048 52.18526 56.23111 60.49026 64.94951 69.58911 74.38338 79.30048 84.30089 89.34681 94.39243 99.39223 104.2991 109.0674 113.6482 117.9932 122.0491 125.7620 129.0728 131.9227 134.2498 136.0027 137.1272 137.5853 137.3494 136.4092 134.7732 132.4710 129.5517 126.0709 122.0960 117.6907 112.9143 107.8183 102.4519 96.86174 91.10125
6.197440 6.696609 7.237494 7.824228 8.461551 9.154601 9.909203 10.73172 11.62933 12.60979 13.68181 14.85473 16.13885 17.54512 19.08537 20.77189 22.61763 24.63581 26.84001 29.24369 31.86044 34.70342 37.78554 41.11887 44.71461 48.58230 52.72949 57.16039 61.87519 66.86832 72.12718 77.63090 83.34848 89.23923 95.25662 101.3421 107.4408 113.4961 119.4541 125.2594 130.8586 136.1934 141.2034 145.8199 149.9707 153.5758 156.5566 158.8285 160.3242 160.9819 160.7616 159.6459 157.6469 154.8062 151.1924 146.8995 142.0194 136.6388 130.8297 124.6519 118.1541 111.3856 104.3997
5.953513 6.474548 7.040168 7.655046 8.324348 9.053926 9.850233 10.72059 11.67305 12.71669 13.86143 15.11834 16.49944 18.01791 19.68782 21.52429 23.54307 25.76077 28.19435 30.86122 33.77891 36.96516 40.43750 44.21332 48.30925 52.74092 57.52200 62.66316 68.17054 74.04369 80.27301 86.83644 93.69779 100.8050 108.0891 115.4798 122.8998 130.2777 137.5479 144.6514 151.5281 158.1168 164.3461 170.1359 175.3899 180.0018 183.8540 186.8379 188.8442 189.7897 189.6121 188.2818 185.8094 182.2569 177.7351 172.3787 166.3317 159.7146 152.6175 145.1008 137.2095 128.9823 120.4699
5.639002 6.181856 6.772316 7.415422 8.117004 8.883454 9.722104 10.64106 11.64959 12.75787 13.97750 15.32114 16.80299 18.43849 20.24453 22.23919 24.44181 26.87268 29.55314 32.50507 35.75124 39.31478 43.21958 47.48968 52.14953 57.22307 62.73349 68.70150 75.14399 82.07101 89.48194 97.36014 105.6650 114.3263 123.2488 132.3134 141.4127 150.4553 159.3701 168.0964 176.5798 184.7582 192.5590 199.8863 206.6207 212.6118 217.6917 221.6801 224.4264 225.8008 225.7124 224.1104 221.0010 216.4699 210.6903 203.9003 196.3234 188.1295 179.4220 170.2546 160.6492 150.6219 140.2010
5.244641 5.809217 6.424359 7.095698 7.829526 8.633025 9.514208 10.48227 11.54746 12.72148 14.01735 15.44978 17.03507 18.79138 20.73850 22.89810 25.29331 27.94899 30.89122 34.14755 37.74668 41.71878 46.09523 50.90908 56.19472 61.98792 68.32529 75.24340 82.77701 90.95643 99.80218 109.3154 119.4629 130.1538 141.2238 152.4779 163.7386 174.8883 185.8582 196.6078 207.1013 217.2968 227.1285 236.4988 245.2556 253.1849 260.0102 265.4511 269.2611 271.2704 271.3513 269.4157 265.4385 259.5251 251.9725 243.1972 233.5819 223.3645 212.6500 201.4560 189.7577 177.5167 164.7144
4.763478 5.349417 5.989023 6.688261 7.454174 8.294470 9.218159 10.23525 11.35735 12.59738 13.97022 15.49239 17.18274 19.06202 21.15350 23.48240 26.07638 28.96500 32.18016 35.75538 39.72670 44.13206 49.01233 54.41106 60.37557 66.95660 74.20941 82.19302 90.97066 100.6080 111.1700 122.7116 135.2485 148.6892 162.7455 176.9796 191.0688 204.8829 218.4022 231.6433 244.6277 257.3593 269.8144 281.9161 293.5053 304.2772 313.7455 321.3547 326.7363 329.6871 330.0685 327.7373 322.5733 314.6292 304.4030 292.7635 280.3903 267.5787 254.3784 240.7222 226.4914 211.5543 195.7938
4.196081 4.802925 5.466512 6.193161 6.990663 7.867263 8.832973 9.898642 11.07723 12.38293 13.83252 15.44436 17.23995 19.24274 21.47958 23.97949 26.77489 29.90046 33.39423 37.29642 41.65098 46.50460 51.90863 57.91875 64.59697 72.01196 80.24155 89.37379 99.51015 110.7696 123.2921 137.2453 152.8070 170.0544 188.4728 206.9139 224.7216 241.8665 258.4859 274.7336 290.7368 306.5969 322.3788 338.1002 353.6709 368.7404 382.3565 393.2429 400.8544 405.1513 406.0459 403.3273 396.6555 385.7277 371.3281 355.4615 339.3666 323.2675 307.0349 290.4265 273.1751 254.9947 235.6094
3.562812 4.189655 4.876842 5.629893 6.458516 7.370282 8.377458 9.490430 10.72487 12.09482 13.62039 15.32034 17.22030 19.34487 21.72617 24.39535 27.39149 30.75261 34.52508 38.75394 43.49349 48.79730 54.72990 61.35696 68.75842 77.01868 86.24207 96.54420 108.0712 120.9983 135.5582 152.0653 170.9604 192.7717 217.0378 241.1624 263.6734 284.8453 305.1164 324.8833 344.4272 364.0096 383.8359 404.1189 424.9588 446.0786 465.5700 480.7737 491.3035 497.4339 499.1486 496.2071 488.0451 473.6143 453.5236 431.8477 410.9685 390.8258 370.9783 350.8875 330.0931 308.0732 284.3400
2.911142 3.557863 4.267111 5.046310 5.904298 6.850809 7.897449 9.057072 10.34502 11.77822 13.37697 15.16351 17.16437 19.40845 21.92977 24.76484 27.95594 31.54772 35.59141 40.14011 45.25494 50.99927 57.44719 64.67651 72.78094 81.86098 92.04218 103.4637 116.3074 130.7879 147.2060 165.9529 187.6219 212.9482 242.0290 272.0423 299.9472 325.7345 350.1517 373.8954 397.4384 421.2515 445.7072 471.2585 498.1482 525.6788 550.4672 569.8497 583.8825 592.4659 595.3417 592.5070 583.4617 566.9882 542.6972 515.0164 488.5559 463.6705 439.6121 415.4925 390.5973 364.1208 335.2850
2.290450 2.956066 3.686327 4.490478 5.376527 6.356323 7.440755 8.645199 9.984465 11.47857 13.14756 15.01752 17.11518 19.47429 22.12976 25.12424 28.50176 32.31473 36.61720 41.47186 46.94378 53.10809 60.04389 67.84335 76.60661 86.45197 97.51332 109.9524 123.9616 139.7827 157.7238 178.1930 201.7426 229.0511 260.6123 295.0176 328.4320 359.2472 388.2490 416.3337 444.2743 472.6866 502.2048 533.3750 566.3344 598.9305 627.3896 650.6516 668.5458 679.6624 683.6262 681.0479 671.7845 654.9627 629.5352 597.7275 565.4771 535.2913 506.4004 477.7107 448.1015 416.5441 381.8231
1.736650 2.419294 3.170100 3.997013 4.910366 5.920836 7.041907 8.287994 9.676870 11.22789 12.96454 14.91273 17.10326 19.57041 22.35391 25.49797 29.05246 33.07255 37.61930 42.75960 48.56660 55.12104 62.51087 70.83524 80.20325 90.74139 102.5916 115.9242 130.9351 147.8703 167.0230 188.7785 213.6090 242.1287 274.9146 311.8410 350.0776 386.2265 420.1666 452.9508 485.5972 518.9397 553.7982 590.7341 628.9979 665.0325 696.3709 722.6359 742.2842 753.9759 758.1887 755.6550 746.4364 729.8523 704.8792 671.5123 634.2854 598.3267 564.0286 530.1351 495.2010 457.8329 416.4774
1.267994 1.966596 2.736304 3.584556 4.523182 5.562468 6.717646 8.002857 9.438073 11.04261 12.84265 14.86431 17.14185 19.71021 22.61351 25.89716 29.61666 33.82914 38.60273 44.00694 50.12351 57.03608 64.84232 73.64375 83.55983 94.71741 107.2683 121.3786 137.2507 155.1153 175.2592 198.0226 223.8346 253.2088 286.7476 324.8749 366.5108 407.9521 447.1752 485.0247 522.6793 561.2699 601.6833 644.1738 686.3281 724.5806 757.6743 784.1152 802.5090 813.1308 816.7996 814.0028 804.7363 788.4774 764.2857 731.2107 690.9013 649.1060 608.8132 569.0140 528.0579 484.0735 435.2910
0.8858181 1.599886 2.385935 3.254697 4.215544 5.282316 6.467850 7.790280 9.267220 10.92245 12.77998 14.87100 17.22791 19.89137 22.90417 26.31837 30.18869 34.58009 39.56068 45.20892 51.60716 58.84877 67.03213 76.26836 86.67665 98.39210 111.5639 126.3626 142.9832 161.6521 182.6373 206.2542 232.8914 263.0132 297.1894 335.9941 379.5251 425.4783 470.2913 513.5785 556.6315 600.7719 646.8820 694.0510 738.5604 777.8066 810.1123 834.1886 850.3960 859.5822 862.3773 859.0795 849.5927 833.4754 809.8609 777.6528 736.3802 689.6725 642.8208 596.3837 548.5313 497.0687 440.1539
0.5860021 1.313009 2.114567 3.000844 3.982613 5.073277 6.287275 7.642463 9.158383 10.85878 12.76988 14.92328 17.35396 20.10352 23.21786 26.75064 30.76044 35.31462 40.48589 46.35615 53.01286 60.55349 69.08139 78.71167 89.56719 101.7860 115.5179 130.9344 148.2255 167.6144 189.3540 213.7490 241.1527 271.9995 306.8123 346.2173 390.7549 439.8275 490.1287 539.2908 588.2032 638.2222 689.7814 740.1096 785.3633 823.2102 852.4800 873.6797 887.7646 895.4913 897.2958 893.3236 883.4341 867.2001 843.8524 812.2820 771.2609 721.4938 668.0194 614.1128 558.3607 498.4574 433.3863
0.3610011 1.098989 1.914396 2.815736 3.816199 4.927614 6.167142 7.551128 9.102139 10.84260 12.80221 15.01140 17.50918 20.33628 23.54328 27.18347 31.32079 36.02287 41.36872 47.44106 54.33440 62.14732 70.99052 80.97974 92.24450 104.9220 119.1673 135.1484 153.0579 173.1117 195.5602 220.6930 248.8532 280.4567 315.9965 356.0912 401.4151 452.3647 507.2852 562.7181 617.9716 674.1213 730.0406 781.4915 825.0068 859.4171 885.3958 904.0648 916.3036 922.6634 923.4415 918.6801 908.2125 891.5855 868.1146 836.7052 796.0078 744.8995 685.7851 623.5836 558.8657 489.7129 417.7736
0.2035279 0.9515597 1.777807 2.692747 3.708266 4.838338 6.098896 7.508697 9.089276 10.86571 12.86694 15.12642 17.68273 20.58010 23.86907 27.60697 31.85837 36.69549 42.19872 48.45595 55.56376 63.62625 72.75648 83.07539 94.71474 107.8158 122.5353 139.0435 157.5340 178.2223 201.3590 227.2301 256.1758 288.5912 324.9725 365.9105 412.1465 464.4195 522.6892 584.2447 646.3284 708.1906 766.2990 816.0290 855.8793 886.7393 909.9352 926.4974 937.1071 942.1816 941.9047 936.2586 925.0165 907.7469 883.7363 851.9767 811.0338 759.2272 696.0817 625.4179 550.6281 472.5365 396.6593
0.1083992 0.8644820 1.699389 2.625351 3.653065 4.798437 6.076293 7.507598 9.112862 10.91977 12.95635 15.25912 17.86596 20.82472 24.18555 28.01003 32.36269 37.32079 42.96508 49.38923 56.69057 64.97967 74.37046 84.99086 96.97324 110.4661 125.6264 142.6321 161.6764 182.9829 206.8013 233.4240 263.1908 296.5102 333.8670 375.8630 423.2478 476.9091 537.6107 604.3550 673.1130 738.8242 795.8417 841.8841 878.0903 906.0497 927.0146 941.8174 951.0037 954.8754 953.5325 946.9067 934.7221 916.5182 891.5674 858.8659 816.9579 763.9781 697.9166 619.6642 534.6440 450.2467 374.9745
7.2164088E-02 0.8331822 1.675448 2.608644 3.646567 4.802580 6.094870 7.541869 9.167807 10.99794 13.06440 15.40143 18.05158 21.06062 24.48393 28.38127 32.82311 37.88521 43.65488 50.22469 57.69930 66.18851 75.81430 86.70434 98.99990 112.8501 128.4217 145.8946 165.4736 187.3860 211.8949 239.3019 269.9591 304.2816 342.7767 386.0638 434.9173 490.2986 553.2120 623.6755 696.8405 762.7800 816.4862 859.0040 892.3344 918.0584 937.2287 950.5557 958.4667 961.1872 958.7594 951.0409 937.7242 918.2858 891.9727 857.7030 814.0109 758.8517 689.7846 605.6455 513.4827 427.9790 356.3320
9.1684423E-02 0.8562414 1.702643 2.641005 3.685077 4.848788 6.150351 7.608946 9.249023 11.09677 13.18482 15.54866 18.23161 21.28111 24.75368 28.71120 33.22560 38.37524 44.24927 50.94340 58.56457 67.22654 77.05431 88.18079 100.7517 114.9234 130.8694 148.7799 168.8694 191.3794 216.5868 244.8098 276.4229 311.8742 351.6926 396.5442 447.2336 504.7452 569.9063 641.9119 714.2877 777.3315 827.9266 867.8487 899.1041 923.1306 940.8798 952.9606 959.7395 961.3666 957.8247 948.9131 934.2606 913.2655 885.1091 848.6023 802.1805 743.6940 670.8779 583.8265 491.9994 409.6822 341.6434
0.1667989 0.9331388 1.780591 2.721661 3.767940 4.935891 6.241625 7.707087 9.354604 11.21348 13.31439 15.69631 18.40077 21.47908 24.98629 28.98857 33.55658 38.77335 44.72715 51.51874 59.25470 68.05469 78.04469 89.36517 102.1653 116.6122 132.8869 151.1948 171.7639 194.8567 220.7717 249.8580 282.5206 319.2391 360.6046 407.3195 460.2334 520.1099 586.7355 656.4869 723.1113 782.0386 830.4693 868.7501 898.6136 921.4106 938.0483 949.0928 954.8473 955.4216 950.7231 940.4916 924.2548 901.3481 870.7873 831.2954 781.1071 718.3314 642.2884 557.7158 473.3095 396.0456 330.6653
0.2997139 1.064726 1.911404 2.851263 3.897030 5.064212 6.370156 7.835906 9.485247 11.34665 13.45248 15.84107 18.55596 21.64799 25.17455 29.20154 33.80222 39.05949 45.06448 51.91817 59.73066 68.62277 78.72569 90.18349 103.1541 117.8126 134.3547 153.0011 174.0029 197.6474 224.2672 254.2455 288.0396 326.1904 369.3408 418.2375 473.5671 535.1669 600.4229 664.2460 723.3691 777.4426 824.1633 861.6199 890.6979 912.6820 928.4973 938.6899 943.5450 943.1063 937.2188 925.5290 907.4611 882.1979 848.6201 805.2668 750.5084 683.7965 608.3041 531.2006 456.9005 386.1377 322.9785
0.4935204 1.254627 2.098086 3.033308 4.075149 5.236950 6.538343 7.998142 9.642589 11.49794 13.59926 15.98268 18.69471 21.78408 25.31136 29.34030 33.94754 39.21376 45.23372 52.10634 59.94600 68.87261 79.02369 90.54549 103.6067 118.3908 135.1124 154.0106 175.3680 199.5069 226.8081 257.7142 292.7437 332.5022 377.6831 428.8973 485.9706 546.7924 607.4033 663.8867 715.7967 764.4410 808.9618 846.1146 874.9521 896.5366 911.8020 921.3387 925.4023 923.9935 916.8752 903.5598 883.3425 855.2147 817.9060 770.0013 711.1501 643.7202 573.2739 505.5596 441.1368 378.0753 317.9444
0.7526658 1.508642 2.345004 3.273549 4.306527 5.459762 6.750104 8.199036 9.829889 11.67176 13.75664 16.12375 18.81634 21.88649 25.39117 29.39763 33.97855 39.21825 45.20705 52.04799 59.85123 68.74236 78.85650 90.34952 103.3926 118.1869 134.9592 153.9813 175.5661 200.0933 228.0024 259.8191 296.1457 337.6593 384.9117 437.7158 494.1447 551.3428 605.6091 654.8943 700.3717 743.5159 784.7625 821.4245 850.5070 872.0765 887.0768 896.1467 899.5569 897.2504 888.8742 873.7920 851.0762 819.5400 777.9606 726.1207 666.1801 601.8867 538.9633 480.4902 424.8546 369.7519 314.3425
1.084174 1.832220 2.659263 3.577439 4.598310 5.737950 7.012516 8.443634 10.05389 11.87244 13.93047 16.26707 18.92469 21.95487 25.41370 29.36735 33.88741 39.05642 44.96349 51.70940 59.40375 68.17040 78.14645 89.48888 102.3771 117.0205 133.6675 152.6150 174.2263 198.9432 227.3097 259.9640 297.6038 340.7849 389.3023 441.2842 494.5899 546.5490 593.9587 636.7787 676.4930 714.4828 751.5724 786.7205 816.1893 838.1299 853.1620 861.9802 864.8903 861.7921 852.1754 835.1706 809.5984 774.3198 729.2162 676.4957 618.6652 559.9636 505.3897 455.1664 407.2870 359.5482 310.2687
