T2-onemodel/model.grd
DSAA
         100         100
  -20.00000       20.00000    
  -20.00000       20.00000    
  -4.424105       1005.924    
[rows 28 to 55 of 100, columns 0 to 62 of 100]
5.888623 6.372727 6.892342 7.450518 8.050534 8.695991 9.390739 10.13900 10.94526 11.81434 12.75134 13.76166 14.85089 16.02487 17.28948 18.65073 20.11448 21.68658 23.37257 25.17772 27.10682 29.16418 31.35332 33.67696 36.13664 38.73256 41.46316 44.32464 47.31133 50.41560 53.62510 56.92632 60.30051 63.72935 67.19371 70.66979 74.13181 77.55484 80.91164 84.17568 87.31794 90.31000 93.12070 95.71969 98.07379 100.1516 101.9197 103.3485 104.4124 105.0903 105.3646 105.2281 104.6798 103.7298 102.3902 100.6804 98.62350 96.24266 93.56238 90.60596 87.39836 83.96412 80.33141
5.823584 6.332227 6.879295 7.468160 8.102611 8.786689 9.524893 10.32204 11.18342 12.11467 13.12190 14.21148 15.39028 16.66530 18.04393 19.53351 21.14155 22.87543 24.74242 26.74942 28.90306 31.20932 33.67362 36.30034 39.09280 42.05267 45.17982 48.47178 51.92275 55.52280 59.26040 63.11833 67.07847 71.11634 75.20322 79.31168 83.41374 87.47840 91.47545 95.37231 99.13704 102.7346 106.1298 109.2839 112.1581 114.7101 116.9002 118.6878 120.0347 120.9093 121.2915 121.1692 120.5436 119.4240 117.8340 115.8009 113.3540 110.5247 107.3415 103.8329 100.0254 95.94714 91.62753
5.713533 6.247355 6.822598 7.443122 8.113128 8.837289 9.620673 10.46892 11.38809 12.38488 13.46640 14.64037 15.91492 17.29871 18.80065 20.42999 22.19603 24.10823 26.17589 28.40816 30.81386 33.40141 36.17855 39.15224 42.32816 45.71037 49.30065 53.09759 57.09660 61.28937 65.66044 70.19083 74.85353 79.62034 84.46165 89.34187 94.22386 99.07243 103.8509 108.5237 113.0527 117.3997 121.5216 125.3739 128.9059 132.0662 134.7976 137.0461 138.7620 139.9027 140.4335 140.3389 139.6182 138.2927 136.3912 133.9541 131.0249 127.6438 123.8474 119.6668 115.1316 110.2694 105.1126
5.549838 6.109321 6.713425 7.366385 8.073007 8.838492 9.668705 10.57001 11.54953 12.61493 13.77471 15.03791 16.41437 17.91445 19.54913 21.32972 23.26796 25.37566 27.66485 30.14735 32.83503 35.73930 38.87127 42.24124 45.85854 49.73073 53.86314 58.25780 62.91175 67.81541 72.95440 78.30449 83.83696 89.51282 95.28619 101.1137 106.9530 112.7610 118.4976 124.1217 129.5936 134.8689 139.9006 144.6338 149.0089 152.9565 156.4053 159.2789 161.5016 163.0075 163.7507 163.7041 162.8705 161.2754 158.9726 156.0238 152.4900 148.4268 143.8781 138.8797 133.4590 127.6433 121.4613
5.323093 5.908686 6.542136 7.228251 7.972313 8.780261 9.658640 10.61482 11.65686 12.79376 14.03532 15.39232 16.87636 18.49998 20.27640 22.21962 24.34405 26.66465 29.19660 31.95535 34.95637 38.21529 41.74750 45.56818 49.69162 54.13082 58.89633 63.99476 69.42776 75.19021 81.26469 87.62376 94.22385 101.0142 107.9404 114.9419 121.9611 128.9489 135.8597 142.6530 149.2864 155.7157 161.8882 167.7432 173.2050 178.1869 182.5863 186.2953 189.2086 191.2292 192.2776 192.3126 191.3328 189.3902 186.5637 182.9527 178.6524 173.7382 168.2651 162.2684 155.7722 148.7942 141.3572
5.023097 5.635039 6.298272 7.018006 7.800218 8.651453 9.579177 10.59162 11.69810 12.90884 14.23531 15.69001 17.28673 19.04031 20.96679 23.08306 25.40697 27.95704 30.75253 33.81310 37.15915 40.81142 44.79129 49.12031 53.82016 58.91168 64.41425 70.34389 76.71036 83.51323 90.74066 98.35957 106.3178 114.5379 122.9260 131.3976 139.8819 148.3212 156.6722 164.8971 172.9610 180.8221 188.4308 195.7189 202.5999 208.9592 214.6607 219.5455 223.4461 226.2092 227.7155 227.8884 226.7248 224.2967 220.7547 216.2666 210.9779 204.9950 198.3810 191.1680 183.3658 174.9756 166.0000
4.640147 5.278636 5.971834 6.725558 7.546328 8.441514 9.419341 10.48918 11.66144 12.94792 14.36166 15.91724 17.63070 19.51962 21.60302 23.90134 26.43618 29.23047 32.30810 35.69413 39.41473 43.49744 47.97106 52.86598 58.21381 64.04708 70.39822 77.29759 84.77158 92.83794 101.4946 110.7119 120.4113 130.4691 140.7391 151.0807 161.3934 171.6200 181.7275 191.6972 201.5104 211.1432 220.5553 229.6848 238.4335 246.6605 254.1663 260.7077 266.0298 269.8959 272.1054 272.5211 271.1044 267.9882 263.4349 257.7477 251.1644 243.8279 235.8058 227.1128 217.7325 207.6314 196.7765
4.166623 4.831626 5.554888 6.342684 7.202274 8.141679 9.170122 10.29794 11.53693 12.90027 14.40292 16.06147 17.89454 19.92254 22.16792 24.65485 27.40939 30.45923 33.83388 37.56442 41.68421 46.22870 51.23625 56.74827 62.80979 69.46934 76.77917 84.79410 93.56920 103.1545 113.5886 124.8697 136.9153 149.5015 162.3039 175.0695 187.6766 200.0907 212.3218 224.3911 236.3214 248.1223 259.7870 271.2755 282.5037 293.3081 303.4166 312.4246 319.8775 325.4111 328.7477 329.6274 327.8918 323.7000 317.6169 310.2342 301.9264 292.8692 283.1105 272.6267 261.3506 249.1926 236.0538
3.602706 4.294140 5.047283 5.869151 6.767441 7.751153 8.830229 10.01628 11.32221 12.76295 14.35509 16.11764 18.07158 20.24061 22.65049 25.32973 28.30883 31.62106 35.30171 39.38904 43.92402 48.95164 54.52094 60.68676 67.51025 75.06043 83.41549 92.66373 102.9068 114.2601 126.8479 140.7832 156.0587 172.2686 188.6197 204.5809 220.0545 235.1137 249.8664 264.4182 278.8596 293.2665 307.6926 322.1652 336.6604 351.0562 365.0020 377.7448 388.3725 396.3955 401.5519 403.4042 401.3174 395.3505 386.8116 376.9616 366.3412 355.1003 343.2130 330.5783 317.0461 302.4388 286.5549
2.968684 3.686359 4.468988 5.324717 6.261304 7.289142 8.418422 9.662535 11.03498 12.55293 14.23413 16.10051 18.17489 20.48489 23.05901 25.93088 29.13488 32.71078 36.69923 41.14674 46.10154 51.61954 57.76022 64.59380 72.19775 80.66489 90.10172 100.6388 112.4332 125.6853 140.6624 157.7142 177.2208 198.7067 220.0902 240.1948 259.1741 277.3492 295.0278 312.4359 329.7797 347.2215 364.9258 383.0282 401.6661 420.8763 440.3764 458.6645 473.6664 485.0580 492.9793 496.8081 494.6415 485.6005 473.0349 459.6360 445.9521 431.9790 417.5094 402.3226 386.1320 368.6486 349.5094
2.323682 3.067066 3.878768 4.767775 5.742164 6.813457 7.992338 9.293682 10.73180 12.32589 14.09492 16.06359 18.25657 20.70525 23.44083 26.50200 29.92682 33.76176 38.05234 42.85376 48.22064 54.22039 60.92123 68.40946 76.77559 86.13667 96.62079 108.3986 121.6696 136.7175 153.9082 173.8018 197.1041 223.7933 250.9628 276.0034 299.0661 320.7927 341.7673 362.3689 382.9609 403.8058 425.2206 447.4734 470.9268 495.7940 521.6127 545.4902 564.8100 579.9426 591.2768 597.5392 595.1626 582.4472 564.5756 546.4847 528.9170 511.6064 494.0569 475.8804 456.5970 435.7786 412.8475
1.734459 2.502223 3.343105 4.263890 5.276126 6.389096 7.617428 8.973901 10.47724 12.14477 14.00058 16.06786 18.37734 20.95943 23.85262 27.09533 30.73442 34.81702 39.39918 44.53781 50.30009 56.75648 63.99038 72.09321 81.17429 91.35928 102.8010 115.6849 130.2425 146.7759 165.6872 187.5396 213.0302 242.5930 274.4030 304.6427 332.2006 357.8658 382.4408 406.5366 430.6448 455.1894 480.6042 507.3410 535.8843 566.4056 597.2245 624.5410 647.1212 665.6586 679.7313 686.5708 683.0590 668.2123 645.7466 622.2620 600.0801 578.7900 557.6568 536.0038 513.1822 488.5223 461.2603
1.229428 2.021896 2.890046 3.842805 4.890678 6.045370 7.320619 8.731882 10.29734 12.03734 13.97589 16.13969 18.56004 21.27150 24.31406 27.73114 31.57224 35.89047 40.74594 46.20236 52.33264 59.21464 66.93925 75.60549 85.33228 96.25208 108.5291 122.3508 137.9594 155.6449 175.7934 198.8859 225.5468 256.3340 290.8340 325.7827 358.1284 388.0590 416.5161 444.3613 472.2126 500.6871 530.3127 561.7275 595.3850 630.8026 664.6476 694.0922 719.2452 740.0057 754.2299 759.4705 754.6660 739.2992 714.4799 685.8933 658.5145 632.6303 607.3774 581.7419 554.8911 525.8600 493.6733
0.8130022 1.629256 2.523689 3.507327 4.589633 5.784651 7.105185 8.569427 10.19475 12.00469 14.02264 16.27916 18.80526 21.64017 24.82405 28.40610 32.43662 36.97574 42.08500 47.83652 54.30500 61.57777 69.74722 78.92238 89.22221 100.7886 113.7819 128.3960 144.8569 163.4424 184.4941 208.4348 235.7872 267.1257 302.7587 341.1093 378.3044 412.7915 445.4455 477.2599 509.1041 541.6931 575.7638 611.9721 650.5659 689.4879 725.0223 756.1417 782.7811 803.1065 815.1042 818.2794 812.4494 797.1639 772.0623 739.9720 707.1323 676.1172 646.1310 616.0120 584.5511 550.6024 512.7961
0.4797882 1.317910 2.238415 3.250750 4.367005 5.599811 6.964832 8.478950 10.16274 12.03866 14.13369 16.47761 19.10548 22.05629 25.37484 29.11078 33.31982 38.06337 43.40924 49.43163 56.21186 63.83981 72.41400 82.04552 92.85739 104.9915 118.6072 133.8922 151.0617 170.3782 192.1426 216.7362 244.6021 276.2939 312.3116 352.4720 393.9167 433.2599 470.4189 506.4984 542.5734 579.5374 618.2700 659.3906 702.1985 743.1695 779.8427 811.8252 837.4623 855.0280 864.3586 865.7072 859.0538 843.8873 819.4739 786.0906 748.4615 711.7952 676.4920 641.2636 604.6047 565.0396 520.9069
0.2204546 1.079604 2.024611 3.064515 4.212894 5.481994 6.889257 8.451271 10.19071 12.12987 14.29823 16.72557 19.45004 22.51082 25.95654 29.83740 34.21386 39.14831 44.71440 50.98754 58.05571 66.00957 74.95438 85.00020 96.27567 108.9178 123.0887 138.9654 156.7583 176.7022 199.0854 224.2378 252.5692 284.5649 320.7928 361.6418 406.0176 450.2195 492.2394 532.9471 573.5511 615.2137 658.8522 704.7447 750.4942 792.5338 829.5837 860.0840 882.5237 896.9672 903.9483 903.7590 896.3190 881.1564 857.4561 824.4067 783.7592 741.3181 700.0861 659.0390 616.4877 570.5051 519.2505
2.5397912E-02 0.9052003 1.872368 2.939259 4.117054 5.421610 6.867926 8.476579 10.26786 12.26843 14.50547 17.01354 19.82865 22.99534 26.56035 30.57990 35.11300 40.22890 46.00025 52.51007 59.84553 68.10506 77.39239 87.82422 99.52580 112.6380 127.3157 143.7338 162.0910 182.6158 205.5710 231.2657 260.0734 292.4384 328.9105 370.0504 415.9446 464.2853 511.5146 557.2571 602.8172 649.5300 698.2895 748.1910 795.5138 837.6388 872.8547 899.8204 918.8042 930.5339 935.5254 933.9680 925.7275 910.3741 887.0902 854.8419 813.2149 765.8734 718.1202 670.5053 621.1751 567.8984 508.7887
-0.1130357 0.7850958 1.773858 2.865082 4.071439 5.408381 6.892582 8.544370 10.38589 12.44379 14.74733 17.33130 20.23409 23.50081 27.18096 31.33186 36.01569 41.30354 47.27169 54.00563 61.59636 70.14497 79.75831 90.55508 102.6614 116.2184 131.3783 148.3147 167.2170 188.3045 211.8273 238.0800 267.4073 300.2319 337.0640 378.5153 425.1177 476.2689 528.6610 579.9279 630.9618 683.1220 736.8433 789.3514 836.7934 876.8193 908.2305 931.4874 947.4937 956.9429 960.1960 957.3577 948.2562 932.4675 909.2462 877.5157 836.0758 785.6502 731.2845 676.2491 619.1157 557.5561 490.5261
-0.2027238 0.7119762 1.720922 2.834414 4.067633 5.434511 6.954556 8.646633 10.53598 12.64790 15.01513 17.67124 20.65845 24.02089 27.81238 32.08957 36.91957 42.37314 48.53233 55.48257 63.32109 72.14882 82.07869 93.22818 105.7283 119.7169 135.3488 152.7905 172.2324 193.8881 217.9997 244.8515 274.7748 308.1740 345.5312 387.4568 434.6157 487.3975 544.1421 601.3876 658.4393 716.3703 774.0490 827.2305 872.4360 908.4797 936.0111 956.1259 969.6656 977.1428 978.8289 974.7321 964.6797 948.2171 924.6693 892.9569 851.7468 799.9272 739.9072 676.6020 610.5734 539.8887 466.1808
-0.2503317 0.6801812 1.706631 2.841337 4.098346 5.493814 7.046243 8.776923 10.71026 12.87431 15.30107 18.02719 21.09447 24.55041 28.44879 32.84999 37.82160 43.43862 49.78402 56.94793 65.02893 74.13262 84.37323 95.87215 108.7610 123.1801 139.2840 157.2408 177.2384 199.4848 224.2252 251.7342 282.3443 316.4415 354.5105 397.1307 445.0342 498.9520 558.8364 621.9702 685.5897 748.9387 808.4780 859.5742 900.7147 932.7752 957.0662 974.5964 986.0306 991.7677 991.9683 986.6112 975.4593 958.0856 933.7864 901.5643 859.9930 807.3992 743.3093 671.5421 595.4833 515.9490 438.4462
-0.2602495 0.6842970 1.726324 2.880123 4.158621 5.580210 7.162328 8.928818 10.90318 13.11626 15.59937 18.39239 21.53657 25.08309 29.08541 33.60818 38.71891 44.49750 51.02709 58.40336 66.72516 76.10407 86.65435 98.50336 111.7821 126.6364 143.2192 161.7024 182.2733 205.1491 230.5678 258.8141 290.2139 325.1633 364.1365 407.7247 456.6673 511.8420 574.0037 642.1464 712.2331 779.1951 837.3767 884.4872 921.6553 950.4594 972.1400 987.5205 997.1335 1001.272 1000.039 993.3573 980.9623 962.3979 936.9435 903.6045 860.9323 807.0665 739.9980 660.6159 574.3386 488.5511 411.7506
-0.2353828 0.7202478 1.776836 2.946311 4.244936 5.688778 7.298901 9.096889 11.11027 13.36780 15.90521 18.76040 21.97958 25.61219 29.71712 34.35749 39.60685 45.54381 52.25814 59.84438 68.40858 78.06133 88.92437 101.1243 114.7996 130.0957 147.1736 166.2069 187.3901 210.9380 237.1038 266.1732 298.4878 334.4494 374.5511 419.3993 469.7567 526.5738 590.8446 662.5775 736.9143 803.9188 858.5729 901.9122 935.9283 962.1925 981.7508 995.3066 1003.288 1005.924 1003.256 995.1584 981.3283 961.2571 934.2061 899.1022 854.4866 798.3179 728.1554 642.8327 549.3936 462.5161 389.3940
-0.1786970 0.7866949 1.854828 3.038259 4.353493 5.817400 7.451482 9.278409 11.32634 13.62545 16.21237 19.12683 22.41626 26.13230 30.33541 35.09135 40.47559 46.56979 53.46589 61.26196 70.06659 79.99437 91.17004 103.7248 117.8013 133.5503 151.1378 170.7433 192.5699 216.8471 243.8329 273.8325 307.1990 344.3637 385.8409 432.2817 484.4775 543.4006 609.8669 683.0609 756.4976 820.4641 871.8328 912.3691 944.0692 968.3630 986.1965 998.1799 1004.681 1005.860 1001.722 992.0786 976.5875 954.6650 925.5075 887.9401 840.4059 780.7579 706.7299 618.4119 525.2577 441.5470 372.0442
-9.0879016E-02 0.8825725 1.959277 3.154463 4.482757 5.963976 7.617877 9.470410 11.54818 13.88504 16.51633 19.48589 22.84020 26.63543 30.93142 35.79894 41.31302 47.56078 54.63407 62.63681 71.67795 81.87865 93.36497 106.2759 120.7570 136.9690 155.0836 175.2945 197.8127 222.8792 250.7742 281.8200 316.4036 354.9831 398.1281 446.5245 501.0067 562.3251 630.2542 701.1595 768.7768 828.5241 877.5895 916.3071 946.3982 969.2040 985.6272 996.2353 1001.345 1001.088 995.3930 984.0431 966.5920 942.4098 910.5396 869.7197 818.1931 754.0703 676.6675 590.7147 504.8983 426.1857 359.3110
2.9379129E-02 1.007679 2.091120 3.294225 4.633122 6.127075 7.797623 9.670380 11.77406 14.14244 16.81344 19.83115 23.24500 27.11180 31.49480 36.46564 42.10319 48.49567 55.73922 63.93931 73.20992 83.67469 95.46626 108.7280 123.6146 140.2942 158.9512 179.7888 203.0383 228.9633 257.8634 290.0946 326.0781 366.3261 411.4596 462.2035 519.2284 582.3588 648.9688 713.9582 774.0485 828.8766 876.1246 913.8655 942.9690 964.7071 979.9981 989.3915 993.1866 991.4576 984.1010 970.8094 951.0713 924.1141 888.8516 843.8466 787.4775 719.1938 642.1592 563.5294 487.7037 415.4013 350.6774
0.1836991 1.164061 2.251620 3.459111 4.805210 6.307478 7.990328 9.877821 12.00195 14.39519 17.09920 20.15701 23.62234 27.55119 32.01151 37.07440 42.82383 49.34775 56.74788 65.13007 74.61488 85.32775 97.41013 111.0100 126.2945 143.4410 162.6516 184.1474 208.1813 235.0365 265.0544 298.6263 336.2312 378.4355 425.8984 479.2098 538.1788 600.6830 662.7534 720.4644 773.3589 822.7300 867.7020 905.0092 933.6807 954.7573 969.1577 977.4714 979.9768 976.7208 967.5312 952.0163 929.5481 899.1947 859.7383 809.7865 748.9954 679.7239 607.5160 538.0967 472.0000 407.2729 345.4657
0.3748541 1.355672 2.443101 3.652606 5.000641 6.507832 8.196441 10.09396 12.23040 14.64214 17.36901 20.45855 23.96272 27.94263 32.46453 37.60518 43.44693 50.08394 57.61673 66.15852 75.82971 86.76567 99.11021 113.0257 128.6861 146.2896 166.0517 188.2202 213.0734 240.9421 272.1965 307.2949 346.7623 391.2195 441.1823 496.4372 555.0458 614.1476 670.0379 720.6629 767.1872 811.0711 852.7279 889.4406 918.1784 938.9709 952.7305 960.0818 961.3112 956.4223 945.1777 927.0734 901.3373 866.8896 822.5716 768.1955 705.9175 639.4626 574.5202 514.1308 456.6422 399.7134 342.4748
0.6084386 1.586366 2.670855 3.878006 5.224079 6.730481 8.419466 10.31949 12.46088 14.88116 17.62088 20.72893 24.25838 28.27182 32.83699 38.03220 43.94180 50.66180 58.29562 66.95928 76.77848 87.89374 100.4588 114.6459 130.6467 148.6765 168.9795 191.8337 217.5570 246.5148 279.1505 315.9690 357.5573 404.3831 456.1913 511.0977 566.9617 621.1199 670.3789 714.7041 755.5770 794.3654 831.8669 866.9988 895.9678 916.8582 930.2244 936.7150 936.6387 929.9711 916.3679 895.2160 865.5693 826.4684 777.8790 722.0199 661.3762 600.1406 543.2531 490.8740 440.9355 391.1782 339.8745
