T1-compare/WRECTAN/model-t.grd
DSAA
         300         300
      -15.000000       15.000000
      -15.000000       15.000000
    7.077141E-01       99.352127
[rows 54 to 80 of 300, columns 0 to 60 of 300]
1.183491 1.201554 1.219880 1.238624 1.257709 1.277260 1.297109 1.317389 1.338056 1.359061 1.380580 1.402475 1.424781 1.447601 1.470819 1.494588 1.518703 1.543458 1.568634 1.594307 1.620581 1.647317 1.674662 1.702505 1.730944 1.760022 1.789670 1.819943 1.850835 1.882491 1.914664 1.947613 1.981192 2.015521 2.050554 2.086388 2.122961 2.160296 2.198471 2.237418 2.277267 2.317987 2.359518 2.401956 2.445406 2.489710 2.534958 2.581233 2.628591 2.676870 2.726240 2.776742 2.828280 2.881021 2.934855 2.989826 3.045996 3.103522 3.162178 3.222132 3.283397
1.193649 1.211963 1.230588 1.249610 1.268991 1.288754 1.308976 1.329453 1.350480 1.371870 1.393682 1.415899 1.438625 1.461802 1.485375 1.509476 1.534083 1.559156 1.584849 1.610978 1.637653 1.664879 1.692702 1.721032 1.750086 1.779665 1.809813 1.840635 1.872152 1.904381 1.937216 1.970724 2.005051 2.040077 2.075833 2.112337 2.149671 2.187865 2.226826 2.266618 2.307288 2.348880 2.391421 2.434806 2.479202 2.524541 2.570913 2.618300 2.666768 2.716247 2.766906 2.818634 2.871448 2.925554 2.980844 3.037320 3.095084 3.154091 3.214359 3.276025 3.339040
1.203851 1.222369 1.241388 1.260598 1.280296 1.300376 1.320850 1.341690 1.362992 1.384733 1.406807 1.429448 1.452483 1.476009 1.500028 1.524525 1.549553 1.575083 1.601094 1.627666 1.654835 1.682552 1.710802 1.739688 1.769206 1.799336 1.830124 1.861521 1.893614 1.926404 1.959849 1.994106 2.029070 2.064717 2.101195 2.138521 2.176612 2.215591 2.255346 2.296060 2.337651 2.380150 2.423587 2.467978 2.513395 2.559766 2.607259 2.655793 2.705407 2.756134 2.807975 2.861027 2.915241 2.970759 3.027386 3.085401 3.144744 3.205317 3.267302 3.330713 3.395526
1.214077 1.232942 1.252144 1.271676 1.291644 1.311990 1.332769 1.353953 1.375547 1.397604 1.420056 1.442999 1.466385 1.490310 1.514706 1.539627 1.565078 1.590927 1.617437 1.644453 1.672104 1.700241 1.729059 1.758410 1.788471 1.819193 1.850468 1.882481 1.915147 1.948539 1.982683 2.017616 2.053213 2.089644 2.126832 2.164905 2.203791 2.243502 2.284190 2.325711 2.368169 2.411624 2.456055 2.501467 2.547914 2.595392 2.643990 2.693578 2.744425 2.796432 2.849543 2.903953 2.959537 3.016388 3.074549 3.134099 3.195003 3.257277 3.321014 3.386125 3.452817
1.224314 1.243468 1.262895 1.282752 1.302981 1.323627 1.344652 1.366171 1.388086 1.410524 1.433334 1.456581 1.480411 1.504677 1.529450 1.554695 1.580548 1.606950 1.633855 1.661307 1.689431 1.718139 1.747363 1.777260 1.807863 1.839023 1.871018 1.903607 1.936876 1.970866 2.005648 2.041165 2.077576 2.114667 2.152664 2.191432 2.231140 2.271744 2.313188 2.355627 2.399080 2.443426 2.488837 2.535226 2.582728 2.631322 2.681011 2.731891 2.783865 2.837077 2.891555 2.947268 3.004294 3.062626 3.122318 3.183424 3.245885 3.309917 3.375349 3.442335 3.510951
1.234642 1.254016 1.273661 1.293835 1.314317 1.335366 1.356668 1.378474 1.400713 1.423400 1.446621 1.470265 1.494388 1.519023 1.544277 1.569979 1.596184 1.622988 1.650371 1.678297 1.706843 1.736011 1.765783 1.796236 1.827371 1.859089 1.891560 1.924754 1.958612 1.993344 2.028712 2.065004 2.102024 2.139914 2.178607 2.218208 2.258698 2.300120 2.342470 2.385865 2.430096 2.475473 2.521859 2.569263 2.617919 2.667562 2.718390 2.770485 2.823735 2.878210 2.934039 2.991089 3.049592 3.109401 3.170606 3.233316 3.297530 3.363253 3.430452 3.499357 3.569841
1.244955 1.264501 1.284570 1.304950 1.325780 1.347010 1.368655 1.390778 1.413383 1.436423 1.459893 1.483975 1.508473 1.533532 1.559094 1.585202 1.611812 1.639045 1.666857 1.695311 1.724257 1.753976 1.784297 1.815222 1.846838 1.879228 1.912254 1.946040 1.980602 2.015909 2.052043 2.088946 2.126677 2.165313 2.204779 2.245162 2.286471 2.328698 2.372004 2.416176 2.461447 2.507750 2.555190 2.603696 2.653299 2.704170 2.756234 2.809400 2.863949 2.919773 2.976886 3.035423 3.095348 3.156628 3.219483 3.283841 3.349730 3.417176 3.486251 3.557069 3.629493
1.255201 1.275115 1.295396 1.316068 1.337144 1.358711 1.380719 1.403111 1.426075 1.449420 1.473270 1.497693 1.522617 1.547988 1.573950 1.600456 1.627602 1.655205 1.683497 1.712356 1.741868 1.772026 1.802884 1.834333 1.866510 1.899418 1.933079 1.967520 2.002648 2.038583 2.075380 2.112984 2.151463 2.190784 2.231083 2.272275 2.314390 2.357511 2.401657 2.446769 2.493017 2.540322 2.588773 2.638367 2.689055 2.741008 2.794271 2.848747 2.904554 2.961722 3.020217 3.080173 3.141607 3.204482 3.268880 3.334869 3.402540 3.471808 3.542780 3.615493 3.689964
1.265551 1.285682 1.306209 1.327173 1.348582 1.370476 1.392759 1.415554 1.438766 1.462496 1.486742 1.511483 1.536766 1.562540 1.588966 1.615849 1.643330 1.671457 1.700157 1.729523 1.759477 1.790125 1.821500 1.853524 1.886251 1.919757 1.953974 1.988985 2.024794 2.061383 2.098894 2.137187 2.176402 2.216446 2.257515 2.299514 2.342484 2.386497 2.431521 2.477650 2.524798 2.573165 2.622602 2.673241 2.725102 2.778214 2.832695 2.888414 2.945502 3.003999 3.063963 3.125385 3.188310 3.252787 3.318815 3.386532 3.455918 3.527027 3.599964 3.674659 3.751209
1.275878 1.296248 1.317126 1.338376 1.360055 1.382220 1.404808 1.427858 1.451471 1.475590 1.500150 1.525264 1.550904 1.577137 1.603893 1.631165 1.659101 1.687703 1.716903 1.746665 1.777153 1.808332 1.840173 1.872762 1.906039 1.940144 1.974934 2.010616 2.047042 2.084336 2.122488 2.161468 2.201459 2.242326 2.284102 2.326957 2.370809 2.415601 2.461590 2.508581 2.556792 2.606145 2.656678 2.708387 2.761457 2.815775 2.871448 2.928408 2.986874 3.046685 3.108113 3.170974 3.235499 3.301550 3.369315 3.438744 3.509928 3.582937 3.657799 3.734580 3.813242
1.286200 1.306865 1.327982 1.349510 1.371516 1.393941 1.416879 1.440274 1.464222 1.488671 1.513545 1.539063 1.565166 1.591632 1.618823 1.646567 1.674981 1.703975 1.733626 1.763925 1.794949 1.826586 1.858996 1.892076 1.925956 1.960586 1.996000 2.032302 2.069375 2.107323 2.146154 2.185923 2.226575 2.268241 2.310877 2.354565 2.399258 2.445016 2.491869 2.539861 2.589070 2.639406 2.690999 2.743877 2.798062 2.853573 2.910434 2.968772 3.028551 3.089825 3.152638 3.217047 3.283105 3.350829 3.420238 3.491475 3.564506 3.639446 3.716278 3.795128 3.875988
1.296531 1.317456 1.338846 1.360746 1.382969 1.405698 1.428988 1.452711 1.476981 1.501702 1.527047 1.552869 1.579301 1.606309 1.633925 1.662040 1.690850 1.720300 1.750443 1.781169 1.812655 1.844866 1.877771 1.911446 1.945905 1.981112 2.017190 2.054102 2.091820 2.130450 2.169971 2.210495 2.251858 2.294283 2.337742 2.382223 2.427834 2.474508 2.522312 2.571253 2.621485 2.672842 2.725502 2.779588 2.834863 2.891663 2.949800 3.009399 3.070601 3.133259 3.197567 3.263507 3.331184 3.400564 3.471677 3.544693 3.619665 3.696522 3.775430 3.856371 3.939433
1.306836 1.328090 1.349757 1.371869 1.394504 1.417530 1.441103 1.465116 1.489764 1.514837 1.540532 1.566802 1.593578 1.620954 1.648884 1.677564 1.706774 1.736720 1.767232 1.798487 1.830540 1.863189 1.896653 1.930912 1.965890 2.001714 2.038404 2.075954 2.114369 2.153682 2.193909 2.235096 2.277311 2.320574 2.364764 2.410115 2.456530 2.504157 2.552912 2.602837 2.654041 2.706568 2.760283 2.815458 2.871973 2.929947 2.989448 3.050355 3.112889 3.177053 3.242892 3.310336 3.379616 3.450748 3.523662 3.598515 3.675349 3.754216 3.835224 3.918313 4.003661
1.317168 1.338695 1.360631 1.383009 1.405987 1.429302 1.453211 1.477596 1.502553 1.527992 1.554028 1.580636 1.607785 1.635532 1.663971 1.693004 1.722704 1.753086 1.784122 1.815836 1.848342 1.881594 1.915533 1.950378 1.985976 2.022406 2.059636 2.097887 2.136925 2.176959 2.217841 2.259832 2.302838 2.346835 2.391948 2.438106 2.485437 2.533953 2.583683 2.634581 2.686855 2.740376 2.795295 2.851597 2.909338 2.968584 3.029342 3.091645 3.155622 3.221151 3.288504 3.357612 3.428542 3.501307 3.576095 3.652820 3.731560 3.812496 3.895586 3.980906 4.068521
1.327516 1.349256 1.371505 1.394232 1.417454 1.441101 1.465288 1.490039 1.515357 1.541143 1.567523 1.594449 1.622077 1.650287 1.679023 1.708501 1.738632 1.769481 1.800991 1.833265 1.866267 1.900010 1.934579 1.969885 2.006094 2.043118 2.081043 2.119869 2.159571 2.200263 2.241965 2.284698 2.328429 2.373200 2.419173 2.466187 2.514500 2.563905 2.614519 2.666517 2.719797 2.774472 2.830469 2.887896 2.946909 3.007403 3.069454 3.133199 3.198541 3.265597 3.334500 3.405205 3.477830 3.552328 3.628934 3.707511 3.788306 3.871270 3.956550 4.044083 4.134062
1.337781 1.359840 1.382384 1.405414 1.428821 1.452894 1.477453 1.502459 1.528080 1.554245 1.581011 1.608370 1.636305 1.664919 1.694157 1.724060 1.754674 1.785941 1.817955 1.850679 1.884166 1.918431 1.953580 1.989438 2.026196 2.063867 2.102423 2.141917 2.182292 2.223734 2.266171 2.309583 2.354091 2.399725 2.446456 2.494415 2.543567 2.593988 2.645614 2.698570 2.752894 2.808648 2.865873 2.924471 2.984733 3.046470 3.109913 3.174973 3.241740 3.310345 3.380805 3.453142 3.527446 3.603800 3.682169 3.762749 3.845518 3.930619 4.018069 4.107862 4.200247
1.348116 1.370426 1.393178 1.416542 1.440321 1.464619 1.489491 1.514948 1.540903 1.567421 1.594504 1.622226 1.650622 1.679632 1.709250 1.739632 1.770619 1.802395 1.834854 1.868119 1.902133 1.936932 1.972576 2.009039 2.046398 2.084644 2.123831 2.164032 2.205060 2.247200 2.290370 2.334602 2.379876 2.426310 2.473939 2.522729 2.572850 2.624144 2.676821 2.730782 2.786176 2.843019 2.901355 2.961203 3.022658 3.085737 3.150496 3.216930 3.285246 3.355346 3.427388 3.501467 3.577423 3.655589 3.735896 3.818409 3.903223 3.990430 4.080085 4.172283 4.267110
1.358433 1.380999 1.404080 1.427682 1.451784 1.476404 1.501620 1.527368 1.553661 1.580553 1.608056 1.636134 1.664880 1.694277 1.724379 1.755128 1.786620 1.818847 1.851814 1.885549 1.920091 1.955391 1.991646 2.028704 2.066641 2.105513 2.145361 2.186117 2.227887 2.270715 2.314658 2.359609 2.405738 2.453023 2.501486 2.551197 2.602183 2.654429 2.708052 2.763097 2.819570 2.877526 2.937012 2.998106 3.060804 3.125250 3.191333 3.259266 3.329039 3.400669 3.474339 3.550018 3.627787 3.707747 3.789937 3.874481 3.961349 4.050720 4.142664 4.237261 4.334498
1.368659 1.391523 1.414939 1.438810 1.463229 1.488150 1.513664 1.539757 1.566432 1.593689 1.621503 1.650029 1.679209 1.708944 1.739472 1.770682 1.802630 1.835297 1.868791 1.902998 1.938060 1.973975 2.010717 2.048308 2.086877 2.126415 2.166812 2.208265 2.250777 2.294322 2.338975 2.384684 2.431616 2.479728 2.529065 2.579595 2.631546 2.684782 2.739492 2.795557 2.853157 2.912203 2.972887 3.035175 3.099190 3.164849 3.232381 3.301721 3.372973 3.446221 3.521503 3.598893 3.678456 3.760249 3.844365 3.930924 4.019904 4.111510 4.205751 4.302705 4.402524
1.378905 1.402090 1.425732 1.449978 1.474656 1.499921 1.525726 1.552157 1.579154 1.606769 1.635027 1.663852 1.693417 1.723674 1.754568 1.786229 1.818574 1.851736 1.885696 1.920479 1.955987 1.992447 2.029778 2.067945 2.107135 2.147277 2.188376 2.230515 2.273698 2.317907 2.363272 2.409879 2.457593 2.506531 2.556690 2.608178 2.661072 2.715295 2.770926 2.828111 2.886765 2.946960 3.008878 3.072334 3.137614 3.204685 3.273563 3.344372 3.417204 3.491975 3.568905 3.648039 3.729383 3.813052 3.899132 3.987738 4.078902 4.172702 4.269258 4.368690 4.471049
1.389175 1.412594 1.436610 1.461009 1.486040 1.511655 1.537793 1.564492 1.591893 1.619870 1.648485 1.677680 1.707684 1.738303 1.769695 1.801760 1.834595 1.868280 1.902659 1.937896 1.974056 2.010999 2.048860 2.087653 2.127443 2.168180 2.209919 2.252693 2.296587 2.341563 2.387730 2.435021 2.483515 2.533371 2.584379 2.636813 2.690586 2.745848 2.802540 2.860679 2.920473 2.981856 3.044905 3.109679 3.176260 3.244667 3.314978 3.387266 3.461559 3.537980 3.616554 3.697418 3.780588 3.866168 3.954257 4.044907 4.138199 4.234275 4.333234 4.435112 4.540079
1.399342 1.423040 1.447319 1.472119 1.497405 1.523351 1.549816 1.576877 1.604534 1.632904 1.661909 1.691539 1.721900 1.752935 1.784726 1.817288 1.850541 1.884703 1.919592 1.955375 1.991935 2.029505 2.067988 2.107285 2.147675 2.189059 2.231467 2.274958 2.319522 2.365244 2.412150 2.460216 2.509581 2.560240 2.612148 2.665528 2.720230 2.776443 2.834155 2.893439 2.954311 3.016827 3.081136 3.147111 3.214993 3.284783 3.356512 3.430264 3.506107 3.584172 3.664426 3.747016 3.832046 3.919523 4.009654 4.102382 4.197848 4.296223 4.397600 4.501960 4.609605
1.409506 1.433527 1.458051 1.483155 1.508769 1.534999 1.561835 1.589148 1.617269 1.645973 1.675308 1.705366 1.736088 1.767518 1.799751 1.832739 1.866475 1.901083 1.936485 1.972765 2.009947 2.048044 2.087037 2.126981 2.167962 2.209981 2.253010 2.297167 2.342470 2.388886 2.436522 2.485413 2.535574 2.587088 2.639935 2.694186 2.749906 2.807082 2.865841 2.926156 2.988164 3.051893 3.117407 3.184674 3.253890 3.325001 3.398195 3.473448 3.550886 3.630480 3.712512 3.796850 3.883727 3.973157 4.065252 4.160103 4.257881 4.358560 4.462316 4.569263 4.679520
1.419653 1.443969 1.468805 1.494143 1.520039 1.546636 1.573784 1.601507 1.629920 1.658951 1.688710 1.719126 1.750302 1.782182 1.814798 1.848215 1.882404 1.917520 1.953416 1.990173 2.027837 2.066491 2.106036 2.146690 2.188201 2.230886 2.274576 2.319439 2.365381 2.412633 2.460986 2.510680 2.561651 2.614006 2.667730 2.722902 2.779579 2.837755 2.897549 2.958993 3.022116 3.087042 3.153698 3.222303 3.292780 3.365320 3.439967 3.516704 3.595724 3.677036 3.760728 3.846874 3.935631 4.027039 4.121156 4.218164 4.318144 4.421151 4.527392 4.636900 4.749812
1.429775 1.454298 1.479428 1.505096 1.531368 1.558184 1.585677 1.613803 1.642540 1.671965 1.702078 1.732855 1.764427 1.796687 1.829778 1.863655 1.898310 1.933877 1.970257 2.007594 2.045760 2.084922 2.125123 2.166252 2.208436 2.251686 2.296088 2.341635 2.388318 2.436232 2.485445 2.535902 2.587760 2.640896 2.695536 2.751617 2.809288 2.868452 2.929269 2.991831 3.056066 3.122137 3.190074 3.259954 3.331801 3.405734 3.481818 3.560101 3.640676 3.723662 3.809050 3.897028 3.987622 4.081040 4.177215 4.276415 4.378633 4.484074 4.592761 4.704884 4.820548
1.439902 1.464667 1.490073 1.516026 1.542616 1.569735 1.597537 1.625996 1.655113 1.684900 1.715372 1.746592 1.778502 1.811246 1.844766 1.879045 1.914197 1.950204 1.987100 2.024856 2.063640 2.103352 2.144074 2.185832 2.228638 2.272587 2.317590 2.363822 2.411224 2.459902 2.509823 2.561071 2.613755 2.667762 2.723316 2.780347 2.838960 2.899202 2.961091 3.024657 3.090081 3.157335 3.226500 3.297642 3.370897 3.446219 3.523738 3.603579 3.685719 3.770352 3.857522 3.947328 4.039834 4.135208 4.233536 4.334874 4.439413 4.547159 4.658411 4.773121 4.891569
1.449922 1.474972 1.500673 1.526942 1.553793 1.581311 1.609443 1.638188 1.667626 1.697770 1.728655 1.760260 1.792601 1.825658 1.859690 1.894372 1.930013 1.966505 2.003867 2.042187 2.081517 2.121769 2.163027 2.205392 2.248801 2.293358 2.339093 2.385949 2.434122 2.483504 2.534223 2.586292 2.639813 2.694729 2.751126 2.809094 2.868688 2.929895 2.992843 3.057552 3.124113 3.192601 3.262980 3.335421 3.410007 3.486718 3.565759 3.647066 3.730895 3.817162 3.906060 3.997741 4.092154 4.189520 4.289923 4.393483 4.500288 4.610487 4.724235 4.841677 4.962829
