T1-compare/WRECTAN/model-t.grd
DSAA
         300         300
      -15.000000       15.000000
      -15.000000       15.000000
    7.077141E-01       99.352127
[rows 135 to 161 of 300, columns 61 to 121 of 300]
8.237227 8.498158 8.769835 9.052795 9.347649 9.654943 9.975326 10.309486 10.658145 11.022087 11.402046 11.798933 12.213673 12.647188 13.100530 13.574816 14.071201 14.590907 15.135249 15.705728 16.303776 16.931047 17.589260 18.280256 19.006073 19.768805 20.570751 21.414398 22.302404 23.237648 24.223301 25.262625 26.359398 27.517517 28.741364 30.035650 31.405468 32.856441 34.394642 36.026611 37.759308 39.599987 41.555801 43.633327 45.837326 48.168873 50.622112 53.180470 55.813080 58.475277 61.115486 63.686180 66.152527 68.494392 70.703445 72.779198 74.725578 76.548706 78.255653 79.853600 81.349480
8.259195 8.520977 8.793507 9.077402 9.373141 9.681420 10.002793 10.337996 10.687720 11.052759 11.433888 11.831968 12.247931 12.682744 13.137413 13.613066 14.110847 14.632004 15.177896 15.749922 16.349566 16.978485 17.638388 18.331158 19.058741 19.823309 20.627172 21.472754 22.362761 23.300068 24.287767 25.329245 26.428164 27.588524 28.814610 30.111181 31.483337 32.936684 34.477306 36.111694 37.846825 39.689960 41.648277 43.728321 45.934841 48.268913 50.724709 53.285583 55.920727 58.585457 61.228161 63.801350 66.270187 68.614548 70.825981 72.904083 74.852837 76.678314 78.387535 79.987732 81.485786
8.279610 8.542155 8.815524 9.100215 9.396824 9.705975 10.028268 10.364452 10.715177 11.081214 11.463421 11.862636 12.279722 12.715693 13.171614 13.648527 14.147611 14.670120 15.217392 15.790841 16.391968 17.022406 17.683886 18.378248 19.107500 19.873764 20.679365 21.526737 22.418558 23.357769 24.347349 25.390772 26.491713 27.654095 28.882267 30.180922 31.555229 33.010735 34.553539 36.190140 37.927532 39.772923 41.733505 43.815842 46.024696 48.361042 50.819126 53.382336 56.019817 58.686844 61.331856 63.907303 66.378433 68.724953 70.938675 73.018967 74.969879 76.797424 78.508743 80.110947 81.611031
8.298465 8.561711 8.835805 9.121298 9.418715 9.728645 10.051801 10.388865 10.740479 11.107500 11.490695 11.890873 12.309017 12.746082 13.203110 13.681184 14.181480 14.705225 15.253749 15.828508 16.431013 17.062836 17.725740 18.421583 19.152359 19.920187 20.727360 21.576370 22.469872 23.410765 24.402132 25.447329 26.550066 27.714306 28.944347 30.244930 31.621168 33.078636 34.623466 36.262104 38.001499 39.848953 41.811607 43.896030 46.106979 48.445446 50.905647 53.470936 56.110508 58.779648 61.426743 64.004280 66.477448 68.826019 71.041702 73.124016 75.076851 76.906380 78.619576 80.223671 81.725525
8.315776 8.579655 8.854420 9.140574 9.438702 9.749427 10.073374 10.411235 10.763687 11.131556 11.515646 11.916769 12.335860 12.773937 13.231991 13.711102 14.212468 14.737351 15.287070 15.863014 16.466705 17.099806 17.764025 18.461218 19.193340 19.962595 20.771214 21.621710 22.516731 23.459160 24.452099 25.498955 26.603336 27.769243 29.000990 30.303307 31.681316 33.140579 34.687199 36.327637 38.068916 39.918209 41.882751 43.969070 46.181892 48.522278 50.984356 53.551563 56.193027 58.864063 61.513027 64.092461 66.567474 68.917908 71.135429 73.219505 75.174126 77.005386 78.720314 80.326042 81.829544
8.331501 8.596005 8.871365 9.158145 9.456923 9.768321 10.092997 10.431539 10.784798 11.153418 11.538308 11.940284 12.360249 12.799209 13.258161 13.738246 14.240613 14.766493 15.317253 15.894290 16.499125 17.133341 17.798738 18.497120 19.230522 20.001003 20.810942 21.662785 22.559168 23.503004 24.497402 25.545656 26.651560 27.818960 29.052261 30.356134 31.735691 33.196598 34.744823 36.386921 38.129841 39.980824 41.947044 44.035015 46.249577 48.591644 51.055466 53.624390 56.267555 58.940273 61.590942 64.172043 66.648720 69.000793 71.219933 73.305672 75.261894 77.094681 78.811119 80.418358 81.923386
8.345678 8.610687 8.886580 9.173968 9.473309 9.785323 10.110607 10.449830 10.803756 11.173108 11.558688 11.961421 12.382157 12.821947 13.281730 13.762648 14.265918 14.792701 15.344389 15.922404 16.528231 17.163488 17.829927 18.529390 19.263880 20.035542 20.846628 21.699665 22.597267 23.542345 24.537971 25.587574 26.694771 27.863539 29.098202 30.403481 31.784452 33.246777 34.796432 36.440002 38.184414 40.036858 42.004608 44.094093 46.310165 48.653728 51.119072 53.689499 56.334190 59.008408 61.660591 64.243179 66.721352 69.074936 71.295509 73.382668 75.340248 77.174461 78.892288 80.500877 82.007172
8.358243 8.623744 8.900134 9.187993 9.487904 9.800442 10.126298 10.466069 10.820609 11.190562 11.576814 11.980195 12.401644 12.842095 13.302625 13.784334 14.288359 14.815953 15.368500 15.947339 16.554043 17.190199 17.857605 18.558012 19.293489 20.066133 20.878269 21.732309 22.631004 23.577190 24.573975 25.624710 26.733082 27.903034 29.138905 30.445381 31.827629 33.291210 34.842148 36.487019 38.232712 40.086491 42.055531 44.146332 46.363754 48.708668 51.175312 53.747070 56.393066 59.068676 61.722141 64.306068 66.785522 69.140373 71.362244 73.450668 75.409492 77.244949 78.963943 80.573700 82.081161
8.369265 8.635173 8.911963 9.200283 9.500626 9.813663 10.139977 10.480308 10.835331 11.205838 11.592666 11.996623 12.418677 12.859754 13.320927 13.803280 14.307979 14.836291 15.389522 15.969146 16.576603 17.213568 17.881750 18.583000 19.319315 20.092844 20.905865 21.760880 22.660471 23.607641 24.605362 25.657099 26.766464 27.937454 29.174362 30.481939 31.865252 33.329922 34.881985 36.527946 38.274780 40.129704 42.099865 44.191845 46.410366 48.756493 51.224293 53.797218 56.444393 59.121094 61.775745 64.360802 66.841385 69.197365 71.420341 73.509834 75.469780 77.306259 79.026344 80.637093 82.145561
8.378692 8.644940 8.922152 9.210809 9.511549 9.824975 10.151738 10.492505 10.847968 11.218962 11.606227 12.010695 12.433257 12.874866 13.336595 13.819507 14.324780 14.853708 15.407563 15.987799 16.595917 17.233566 17.902424 18.604370 19.341434 20.115700 20.929482 21.785275 22.685686 23.633625 24.632210 25.684792 26.795031 27.966913 29.204727 30.513180 31.897411 33.363014 34.915993 36.562927 38.310715 40.166584 42.137733 44.230717 46.450230 48.797310 51.266109 53.840023 56.488152 59.165859 61.821491 64.407494 66.889069 69.245972 71.469910 73.560333 75.521156 77.358543 79.079506 80.691185 82.200447
8.386578 8.653129 8.930588 9.219578 9.520662 9.834424 10.161503 10.502622 10.858516 11.229857 11.617542 12.022437 12.445412 12.887464 13.349629 13.833020 14.338803 14.868187 15.422559 16.003325 16.611984 17.250195 17.919634 18.622185 19.359844 20.134703 20.949144 21.805569 22.706656 23.655291 24.654533 25.707825 26.818779 27.991383 29.229923 30.539150 31.924141 33.390507 34.944283 36.591999 38.340595 40.197262 42.169216 44.262997 46.483326 48.831226 51.300842 53.875553 56.524521 59.203037 61.859459 64.446243 66.928604 69.286324 71.511017 73.602249 75.563828 77.401962 79.123627 80.736008 82.246002
8.392859 8.659645 8.937375 9.226597 9.527953 9.841969 10.169363 10.510766 10.866914 11.238596 11.626581 12.031775 12.455104 12.897532 13.360043 13.843827 14.349974 14.879793 15.434570 16.015732 16.624847 17.263498 17.933378 18.636387 19.374544 20.149927 20.964859 21.821766 22.723402 23.672560 24.672363 25.726208 26.837744 28.010929 29.250053 30.559877 31.945486 33.412445 34.966850 36.615196 38.364418 40.221745 42.194332 44.288754 46.509712 48.858261 51.328506 53.903919 56.553516 59.232655 61.889732 64.477165 66.960190 69.318520 71.543861 73.635643 75.597870 77.436562 79.158821 80.771805 82.282318
8.397628 8.664541 8.942441 9.231891 9.533396 9.847640 10.175225 10.516829 10.873217 11.245111 11.633368 12.038823 12.462383 12.905069 13.367883 13.851914 14.358356 14.888464 15.443562 16.025034 16.634472 17.273441 17.943693 18.647064 19.385555 20.161312 20.976608 21.833933 22.735920 23.685499 24.685722 25.739998 26.851954 28.025551 29.265137 30.575403 31.961452 33.428894 34.983757 36.632565 38.382259 40.240051 42.213135 44.308022 46.529480 48.878490 51.349262 53.925137 56.575214 59.254864 61.912392 64.500313 66.983772 69.342567 71.568382 73.660629 75.623322 77.462486 79.185150 80.798531 82.309509
8.400751 8.667803 8.945838 9.235376 9.537063 9.851411 10.179136 10.520891 10.877407 11.249482 11.637907 12.043509 12.467242 12.910086 13.373086 13.857300 14.363947 14.894256 15.449542 16.031258 16.640905 17.280081 17.950525 18.654160 19.392889 20.168900 20.984442 21.842003 22.744282 23.694105 24.694620 25.749149 26.861404 28.035299 29.275183 30.585724 31.972082 33.439823 34.995007 36.644115 38.394123 40.252224 42.225628 44.320824 46.542629 48.891953 51.363049 53.939251 56.589645 59.269600 61.927464 64.515739 66.999519 69.358627 71.584724 73.677322 75.640251 77.479729 79.202698 80.816338 82.327614
8.402325 8.669449 8.947536 9.237168 9.538876 9.853322 10.181108 10.522928 10.879512 11.251668 11.640157 12.045834 12.469690 12.912615 13.375679 13.860010 14.366740 14.897156 15.452544 16.034348 16.644089 17.283396 17.953970 18.657679 19.396544 20.172688 20.988359 21.846037 22.748447 23.698425 24.699083 25.753777 26.866129 28.040186 29.280178 30.590914 31.977406 33.445290 35.000622 36.649902 38.400082 40.258327 42.231903 44.327255 46.549217 48.898724 51.369926 53.946281 56.596870 59.276993 61.935017 64.523430 67.007355 69.366600 71.592873 73.685600 75.648705 77.488297 79.211411 80.825226 82.336617
8.402317 8.669452 8.947525 9.237138 9.538852 9.853282 10.181098 10.522915 10.879522 11.251647 11.640126 12.045850 12.469665 12.912613 13.375688 13.860013 14.366712 14.897138 15.452537 16.034342 16.644104 17.283400 17.953979 18.657721 19.396555 20.172682 20.988358 21.846056 22.748476 23.698435 24.699083 25.753738 26.866146 28.040163 29.280216 30.590891 31.977392 33.445335 35.000622 36.649906 38.400066 40.258343 42.231899 44.327274 46.549232 48.898727 51.369968 53.946289 56.596882 59.276966 61.934986 64.523407 67.007355 69.366600 71.592857 73.685600 75.648674 77.488281 79.211418 80.825226 82.336624
8.400737 8.667801 8.945839 9.235400 9.537034 9.851398 10.179152 10.520886 10.877423 11.249479 11.637886 12.043503 12.467240 12.910105 13.373059 13.857319 14.363940 14.894238 15.449546 16.031239 16.640871 17.280067 17.950567 18.654156 19.392864 20.168882 20.984440 21.842014 22.744280 23.694115 24.694609 25.749178 26.861412 28.035299 29.275177 30.585752 31.972086 33.439819 34.994991 36.644127 38.394123 40.252247 42.225662 44.320854 46.542641 48.891983 51.363045 53.939232 56.589664 59.269604 61.927471 64.515717 66.999519 69.358627 71.584740 73.677307 75.640251 77.479729 79.202690 80.816330 82.327599
8.397598 8.664543 8.942468 9.231885 9.533393 9.847641 10.175242 10.516848 10.873227 11.245124 11.633367 12.038814 12.462379 12.905066 13.367867 13.851913 14.358342 14.888469 15.443548 16.025053 16.634474 17.273445 17.943680 18.647062 19.385546 20.161283 20.976604 21.833933 22.735939 23.685509 24.685732 25.739979 26.851963 28.025551 29.265162 30.575401 31.961443 33.428875 34.983753 36.632557 38.382236 40.240028 42.213123 44.308033 46.529499 48.878498 51.349258 53.925117 56.575222 59.254837 61.912384 64.500320 66.983765 69.342567 71.568382 73.660645 75.623299 77.462479 79.185173 80.798538 82.309532
8.392890 8.659657 8.937374 9.226630 9.527935 9.841965 10.169355 10.510738 10.866902 11.238573 11.626584 12.031801 12.455122 12.897521 13.360047 13.843815 14.349959 14.879798 15.434579 16.015759 16.624842 17.263493 17.933378 18.636400 19.374544 20.149906 20.964817 21.821774 22.723398 23.672558 24.672375 25.726252 26.837761 28.010914 29.250055 30.559868 31.945492 33.412441 34.966877 36.615196 38.364407 40.221737 42.194336 44.288754 46.509735 48.858265 51.328518 53.903904 56.553513 59.232670 61.889713 64.477158 66.960152 69.318504 71.543823 73.635651 75.597832 77.436592 79.158813 80.771782 82.282310
8.386580 8.653103 8.930602 9.219591 9.520667 9.834427 10.161534 10.502663 10.858483 11.229867 11.617531 12.022402 12.445397 12.887434 13.349622 13.833022 14.338786 14.868189 15.422559 16.003342 16.611992 17.250183 17.919622 18.622168 19.359846 20.134712 20.949120 21.805563 22.706661 23.655262 24.654530 25.707819 26.818789 27.991358 29.229912 30.539139 31.924118 33.390491 34.944275 36.591991 38.340553 40.197269 42.169216 44.262989 46.483341 48.831196 51.300831 53.875557 56.524517 59.203030 61.859440 64.446281 66.928650 69.286346 71.511032 73.602249 75.563835 77.401978 79.123665 80.736023 82.246017
8.378708 8.644952 8.922122 9.210797 9.511568 9.824986 10.151729 10.492481 10.847955 11.218932 11.606240 12.010718 12.433269 12.874881 13.336585 13.819501 14.324797 14.853700 15.407558 15.987803 16.595934 17.233538 17.902393 18.604364 19.341413 20.115711 20.929489 21.785267 22.685675 23.633638 24.632195 25.684797 26.795046 27.966888 29.204720 30.513174 31.897411 33.362995 34.915985 36.562916 38.310696 40.166599 42.137741 44.230694 46.450226 48.797302 51.266090 53.840008 56.488159 59.165871 61.821465 64.407494 66.889084 69.245956 71.469940 73.560349 75.521172 77.358559 79.079491 80.691162 82.200455
8.369298 8.635146 8.911973 9.200280 9.500625 9.813660 10.139997 10.480316 10.835350 11.205855 11.592668 11.996636 12.418679 12.859750 13.320912 13.803270 14.307983 14.836289 15.389555 15.969133 16.576595 17.213560 17.881725 18.582979 19.319300 20.092842 20.905872 21.760841 22.660480 23.607607 24.605377 25.657103 26.766487 27.937469 29.174389 30.481932 31.865250 33.329926 34.881947 36.527935 38.274765 40.129677 42.099850 44.191853 46.410397 48.756489 51.224270 53.797218 56.444374 59.121113 61.775753 64.360786 66.841377 69.197365 71.420357 73.509834 75.469765 77.306252 79.026299 80.637100 82.145538
8.358230 8.623727 8.900126 9.187994 9.487875 9.800445 10.126265 10.466086 10.820609 11.190561 11.576831 11.980203 12.401647 12.842113 13.302660 13.784320 14.288359 14.815982 15.368498 15.947330 16.554064 17.190224 17.857567 18.558004 19.293459 20.066139 20.878254 21.732347 22.631041 23.577200 24.573971 25.624697 26.733068 27.902996 29.138895 30.445393 31.827635 33.291206 34.842125 36.486973 38.232697 40.086487 42.055527 44.146347 46.363743 48.708614 51.175293 53.747086 56.393105 59.068676 61.722153 64.306053 66.785522 69.140396 71.362267 73.450653 75.409531 77.244942 78.963951 80.573700 82.081169
8.345672 8.610681 8.886608 9.173952 9.473310 9.785325 10.110609 10.449841 10.803747 11.173126 11.558718 11.961432 12.382184 12.821922 13.281716 13.762666 14.265906 14.792727 15.344391 15.922374 16.528231 17.163483 17.829905 18.529390 19.263872 20.035526 20.846598 21.699665 22.597252 23.542334 24.537996 25.587595 26.694780 27.863535 29.098225 30.403481 31.784485 33.246796 34.796463 36.440022 38.184437 40.036873 42.004620 44.094109 46.310177 48.653728 51.119072 53.689533 56.334194 59.008419 61.660572 64.243187 66.721352 69.074898 71.295517 73.382652 75.340225 77.174469 78.892265 80.500877 82.007156
8.331495 8.595974 8.871345 9.158134 9.456950 9.768344 10.092983 10.431561 10.784760 11.153450 11.538297 11.940289 12.360258 12.799214 13.258183 13.738256 14.240609 14.766493 15.317272 15.894300 16.499130 17.133385 17.798737 18.497122 19.230492 20.001026 20.810961 21.662788 22.559162 23.503002 24.497402 25.545658 26.651529 27.818937 29.052256 30.356138 31.735722 33.196590 34.744812 36.386902 38.129856 39.980843 41.947071 44.035072 46.249580 48.591660 51.055454 53.624371 56.267532 58.940273 61.590935 64.172028 66.648720 69.000816 71.219948 73.305702 75.261841 77.094681 78.811119 80.418373 81.923386
8.315766 8.579655 8.854426 9.140574 9.438711 9.749455 10.073378 10.411212 10.763725 11.131581 11.515647 11.916776 12.335869 12.773947 13.231981 13.711113 14.212468 14.737357 15.287073 15.862997 16.466715 17.099840 17.764038 18.461199 19.193344 19.962578 20.771191 21.621696 22.516722 23.459164 24.452114 25.498951 26.603334 27.769220 29.001005 30.303307 31.681313 33.140579 34.687172 36.327641 38.068909 39.918213 41.882763 43.969074 46.181900 48.522247 50.984398 53.551571 56.193008 58.864063 61.513042 64.092461 66.567474 68.917900 71.135422 73.219536 75.174141 77.005379 78.720322 80.326065 81.829544
8.298463 8.561727 8.835817 9.121275 9.418675 9.728654 10.051828 10.388864 10.740509 11.107524 11.490664 11.890891 12.309053 12.746110 13.203145 13.681187 14.181471 14.705239 15.253792 15.828545 16.431032 17.062841 17.725740 18.421585 19.152351 19.920204 20.727371 21.576365 22.469862 23.410767 24.402138 25.447355 26.550087 27.714300 28.944340 30.244940 31.621161 33.078690 34.623474 36.262123 38.001503 39.848949 41.811630 43.896015 46.106976 48.445438 50.905647 53.470955 56.110519 58.779629 61.426743 64.004265 66.477448 68.826057 71.041733 73.124039 75.076874 76.906387 78.619576 80.223679 81.725525
