T1-compare/WRECTAN/model-f.grd
DSAA
         200         200
  -15.00000       15.00000    
  -15.00000       15.00000    
  0.8349183       99.48388    
[rows 28 to 55 of 200, columns 63 to 125 of 200]
4.915801 5.020026 5.124660 5.229518 5.334405 5.439116 5.543438 5.647149 5.750022 5.851829 5.952332 6.051295 6.148483 6.243660 6.336596 6.427062 6.514837 6.599707 6.681465 6.759912 6.834862 6.906138 6.973572 7.037009 7.096305 7.151328 7.201960 7.248087 7.289616 7.326457 7.358536 7.385790 7.408159 7.425606 7.438091 7.445590 7.448093 7.445590 7.438090 7.425604 7.408159 7.385788 7.358536 7.326455 7.289615 7.248086 7.201959 7.151328 7.096304 7.037008 6.973572 6.906138 6.834862 6.759912 6.681466 6.599708 6.514837 6.427063 6.336599 6.243662 6.148486 6.051297 5.952333
5.102347 5.213593 5.325364 5.437458 5.549662 5.661755 5.773499 5.884656 5.994973 6.104199 6.212070 6.318332 6.422719 6.524977 6.624848 6.722084 6.816439 6.907681 6.995581 7.079926 7.160511 7.237142 7.309638 7.377833 7.441570 7.500712 7.555123 7.604693 7.649315 7.688897 7.723359 7.752634 7.776663 7.795400 7.808808 7.816864 7.819551 7.816864 7.808808 7.795399 7.776661 7.752632 7.723359 7.688895 7.649313 7.604692 7.555123 7.500710 7.441570 7.377832 7.309638 7.237141 7.160510 7.079926 6.995582 6.907681 6.816439 6.722084 6.624850 6.524978 6.422721 6.318333 6.212072
5.298097 5.416922 5.536407 5.656331 5.776464 5.896561 6.016364 6.135605 6.254012 6.371305 6.487194 6.601395 6.713621 6.823585 6.931005 7.035608 7.137127 7.235301 7.329885 7.420640 7.507348 7.589797 7.667790 7.741149 7.809706 7.873311 7.931822 7.985118 8.033089 8.075637 8.112678 8.144139 8.169959 8.190094 8.204500 8.213154 8.216042 8.213154 8.204499 8.190091 8.169958 8.144135 8.112676 8.075635 8.033089 7.985116 7.931820 7.873308 7.809705 7.741147 7.667789 7.589796 7.507348 7.420639 7.329883 7.235300 7.137126 7.035608 6.931005 6.823584 6.713621 6.601395 6.487193
5.503561 5.630577 5.758408 5.886816 6.015547 6.144331 6.272887 6.400921 6.528130 6.654204 6.778825 6.901677 7.022441 7.140804 7.256453 7.369083 7.478404 7.584128 7.685986 7.783720 7.877086 7.965859 8.049826 8.128792 8.202578 8.271023 8.333979 8.391313 8.442909 8.488667 8.528496 8.562322 8.590081 8.611724 8.627209 8.636512 8.639615 8.636512 8.627209 8.611723 8.590080 8.562321 8.528495 8.488666 8.442907 8.391310 8.333977 8.271023 8.202578 8.128790 8.049826 7.965858 7.877085 7.783719 7.685985 7.584126 7.478403 7.369083 7.256453 7.140804 7.022442 6.901677 6.778825
5.719298 5.855173 5.992044 6.129651 6.267715 6.405942 6.544020 6.681627 6.818424 6.954070 7.088214 7.220502 7.350584 7.478110 7.602734 7.724123 7.841951 7.955906 8.065688 8.171022 8.271637 8.367290 8.457749 8.542808 8.622269 8.695967 8.763740 8.825450 8.880974 8.930206 8.973053 9.009435 9.039289 9.062562 9.079213 9.089215 9.092552 9.089215 9.079213 9.062561 9.039289 9.009434 8.973051 8.930204 8.880972 8.825448 8.763737 8.695966 8.622269 8.542805 8.457748 8.367288 8.271637 8.171021 8.065689 7.955906 7.841950 7.724123 7.602736 7.478110 7.350586 7.220503 7.088214
5.945872 6.091337 6.238007 6.385598 6.533805 6.682306 6.830757 6.978795 7.126053 7.272145 7.416686 7.559282 7.699541 7.837078 7.971504 8.102456 8.229571 8.352506 8.470935 8.584548 8.693058 8.796197 8.893717 8.985395 9.071024 9.150419 9.223415 9.289867 9.349644 9.402636 9.448747 9.487894 9.520012 9.545047 9.562958 9.573716 9.577304 9.573716 9.562958 9.545046 9.520011 9.487892 9.448746 9.402634 9.349643 9.289865 9.223413 9.150417 9.071023 8.985394 8.893716 8.796195 8.693057 8.584547 8.470933 8.352505 8.229569 8.102455 7.971505 7.837076 7.699542 7.559282 7.416686
6.183896 6.339751 6.497053 6.655494 6.814738 6.974430 7.134188 7.293613 7.452296 7.609807 7.765715 7.919582 8.070974 8.219459 8.364607 8.506013 8.643276 8.776020 8.903882 9.026528 9.143643 9.254936 9.360141 9.459015 9.551341 9.636921 9.715582 9.787171 9.851555 9.908616 9.958255 10.00039 10.03496 10.06189 10.08116 10.09274 10.09660 10.09274 10.08116 10.06189 10.03495 10.00039 9.958254 9.908614 9.851553 9.787170 9.715580 9.636920 9.551340 9.459014 9.360140 9.254935 9.143642 9.026526 8.903881 8.776017 8.643276 8.506012 8.364608 8.219457 8.070974 7.919582 7.765714
6.434000 6.601121 6.769971 6.940215 7.111482 7.283380 7.455483 7.627354 7.798532 7.968539 8.136893 8.303108 8.466694 8.627167 8.784056 8.936903 9.085271 9.228736 9.366906 9.499411 9.625910 9.746088 9.859655 9.966356 10.06596 10.15825 10.24306 10.32021 10.38958 10.45104 10.50450 10.54986 10.58707 10.61606 10.63680 10.64925 10.65341 10.64925 10.63680 10.61606 10.58707 10.54986 10.50450 10.45104 10.38958 10.32021 10.24305 10.15825 10.06596 9.966353 9.859653 9.746085 9.625908 9.499409 9.366904 9.228734 9.085269 8.936902 8.784055 8.627166 8.466693 8.303106 8.136892
6.696857 6.876208 7.057616 7.240711 7.425088 7.610316 7.795921 7.981415 8.166280 8.349988 8.531990 8.711747 8.888706 9.062332 9.232093 9.397482 9.558006 9.713208 9.862649 10.00593 10.14266 10.27253 10.39520 10.51042 10.61792 10.71751 10.80897 10.89216 10.96692 11.03315 11.09073 11.13958 11.17964 11.21085 11.23317 11.24657 11.25104 11.24657 11.23317 11.21085 11.17964 11.13958 11.09073 11.03315 10.96692 10.89216 10.80897 10.71750 10.61792 10.51042 10.39520 10.27252 10.14266 10.00592 9.862647 9.713206 9.558006 9.397481 9.232092 9.062332 8.888706 8.711746 8.531990
6.973159 7.165793 7.360865 7.557971 7.756669 7.956471 8.156860 8.357285 8.557167 8.755912 8.952909 9.147541 9.339194 9.527266 9.711159 9.890306 10.06417 10.23222 10.39400 10.54905 10.69697 10.83739 10.96999 11.09447 11.21057 11.31806 11.41675 11.50646 11.58707 11.65844 11.72047 11.77309 11.81622 11.84982 11.87385 11.88827 11.89308 11.88827 11.87384 11.84982 11.81622 11.77308 11.72047 11.65844 11.58706 11.50646 11.41674 11.31806 11.21056 11.09447 10.96999 10.83739 10.69697 10.54904 10.39399 10.23222 10.06416 9.890302 9.711156 9.527262 9.339192 9.147537 8.952905
7.263626 7.470701 7.680660 7.893060 8.107413 8.323178 8.539780 8.756598 8.972982 9.188268 9.401756 9.612760 9.820583 10.02454 10.22398 10.41824 10.60674 10.78889 10.96418 11.13211 11.29225 11.44420 11.58761 11.72217 11.84760 11.96367 12.07019 12.16698 12.25390 12.33082 12.39767 12.45434 12.50079 12.53696 12.56283 12.57835 12.58353 12.57835 12.56282 12.53696 12.50079 12.45434 12.39766 12.33082 12.25389 12.16697 12.07019 11.96367 11.84759 11.72216 11.58760 11.44420 11.29225 11.13211 10.96418 10.78889 10.60673 10.41824 10.22397 10.02454 9.820580 9.612757 9.401753
7.569007 7.791800 8.017994 8.247109 8.478601 8.711876 8.946282 9.181129 9.415686 9.649190 9.880861 10.10991 10.33556 10.55703 10.77357 10.98447 11.18906 11.38669 11.57679 11.75883 11.93232 12.09685 12.25204 12.39756 12.53314 12.65852 12.77352 12.87796 12.97170 13.05463 13.12665 13.18770 13.23772 13.27667 13.30450 13.32122 13.32679 13.32122 13.30450 13.27667 13.23772 13.18770 13.12665 13.05462 12.97170 12.87796 12.77352 12.65852 12.53313 12.39756 12.25204 12.09685 11.93232 11.75882 11.57679 11.38669 11.18905 10.98447 10.77357 10.55702 10.33556 10.10991 9.880857
7.890073 8.129982 8.373900 8.621302 8.871588 9.124096 9.378096 9.632808 9.887403 10.14102 10.39277 10.64175 10.88708 11.12788 11.36330 11.59253 11.81482 12.02947 12.23582 12.43331 12.62141 12.79968 12.96770 13.12516 13.27175 13.40723 13.53141 13.64412 13.74522 13.83463 13.91224 13.97800 14.03185 14.07378 14.10374 14.12172 14.12772 14.12172 14.10373 14.07378 14.03185 13.97799 13.91224 13.83462 13.74522 13.64411 13.53140 13.40723 13.27174 13.12515 12.96770 12.79967 12.62141 12.43330 12.23582 12.02946 11.81482 11.59253 11.36330 11.12788 10.88708 10.64175 10.39277
8.227608 8.486174 8.749463 9.016896 9.287818 9.561487 9.837084 10.11373 10.39047 10.66634 10.94031 11.21136 11.47847 11.74064 11.99691 12.24638 12.48818 12.72154 12.94575 13.16018 13.36426 13.55752 13.73954 13.90997 14.06852 14.21494 14.34906 14.47070 14.57976 14.67613 14.75975 14.83057 14.88856 14.93368 14.96591 14.98526 14.99171 14.98526 14.96591 14.93367 14.88855 14.83057 14.75975 14.67613 14.57975 14.47070 14.34906 14.21494 14.06851 13.90997 13.73954 13.55752 13.36426 13.16017 12.94574 12.72153 12.48818 12.24637 11.99691 11.74063 11.47847 11.21135 10.94030
8.582415 8.861334 9.145812 9.435222 9.728837 10.02583 10.32528 10.62618 10.92746 11.22799 11.52661 11.82214 12.11340 12.39927 12.67863 12.95045 13.21379 13.46777 13.71160 13.94460 14.16618 14.37582 14.57308 14.75762 14.92915 15.08743 15.23228 15.36356 15.48118 15.58505 15.67514 15.75139 15.81380 15.86234 15.89702 15.91783 15.92476 15.91783 15.89702 15.86234 15.81380 15.75139 15.67513 15.58505 15.48118 15.36356 15.23227 15.08742 14.92914 14.75762 14.57308 14.37581 14.16618 13.94460 13.71159 13.46776 13.21378 12.95045 12.67862 12.39926 12.11340 11.82213 11.52661
8.955280 9.256414 9.564096 9.877641 10.19625 10.51899 10.84484 11.17264 11.50116 11.82911 12.15514 12.47789 12.79601 13.10817 13.41314 13.70972 13.99686 14.27357 14.53899 14.79239 15.03311 15.26063 15.47450 15.67438 15.85997 16.03107 16.18751 16.32919 16.45602 16.56795 16.66497 16.74705 16.81419 16.86640 16.90368 16.92605 16.93351 16.92605 16.90368 16.86640 16.81419 16.74704 16.66496 16.56795 16.45601 16.32918 16.18751 16.03106 15.85997 15.67437 15.47450 15.26062 15.03311 14.79238 14.53899 14.27356 13.99685 13.70972 13.41313 13.10817 12.79600 12.47789 12.15514
9.346994 9.672398 10.00551 10.34560 10.69178 11.04301 11.39814 11.75583 12.11469 12.47320 12.82979 13.18290 13.53093 13.87239 14.20581 14.52986 14.84333 15.14514 15.43434 15.71012 15.97180 16.21884 16.45079 16.66732 16.86815 17.05310 17.22205 17.37490 17.51163 17.63221 17.73665 17.82495 17.89716 17.95328 17.99335 18.01739 18.02540 18.01739 17.99335 17.95328 17.89716 17.82495 17.73664 17.63221 17.51163 17.37490 17.22204 17.05310 16.86814 16.66731 16.45079 16.21884 15.97180 15.71011 15.43433 15.14513 14.84333 14.52986 14.20580 13.87238 13.53093 13.18289 12.82979
9.758308 10.11023 10.47124 10.84056 11.21720 11.60002 11.98769 12.37871 12.77143 13.16409 13.55488 13.94193 14.32341 14.69755 15.06267 15.41725 15.75992 16.08945 16.40483 16.70519 16.98983 17.25817 17.50979 17.74437 17.96169 18.16159 18.34399 18.50886 18.65620 18.78603 18.89840 18.99336 19.07096 19.13126 19.17429 19.20009 19.20870 19.20009 19.17429 19.13125 19.07096 18.99335 18.89840 18.78603 18.65620 18.50886 18.34399 18.16158 17.96168 17.74436 17.50978 17.25816 16.98982 16.70518 16.40483 16.08945 15.75991 15.41724 15.06266 14.69754 14.32340 13.94192 13.55487
10.18992 10.57084 10.96248 11.36400 11.77436 12.19228 12.61622 13.04447 13.47512 13.90610 14.33526 14.76041 15.17938 15.59009 15.99062 16.37919 16.75426 17.11447 17.45872 17.78607 18.09581 18.38738 18.66037 18.91452 19.14964 19.36564 19.56251 19.74025 19.89894 20.03865 20.15948 20.26152 20.34486 20.40959 20.45577 20.48346 20.49269 20.48346 20.45577 20.40959 20.34486 20.26152 20.15948 20.03865 19.89894 19.74025 19.56250 19.36564 19.14963 18.91451 18.66036 18.38737 18.09580 17.78606 17.45871 17.11446 16.75425 16.37918 15.99061 15.59008 15.17937 14.76040 14.33525
10.64247 11.05508 11.48036 11.91744 12.36517 12.82215 13.28663 13.75664 14.22992 14.70404 15.17643 15.64449 16.10563 16.55742 16.99757 17.42407 17.83515 18.22933 18.60539 18.96239 19.29958 19.61645 19.91265 20.18795 20.44226 20.67558 20.88794 21.07946 21.25027 21.40051 21.53032 21.63989 21.72931 21.79874 21.84826 21.87794 21.88783 21.87794 21.84826 21.79874 21.72931 21.63988 21.53032 21.40050 21.25026 21.07945 20.88793 20.67557 20.44226 20.18794 19.91264 19.61645 19.29957 18.96238 18.60538 18.22932 17.83514 17.42406 16.99756 16.55740 16.10562 15.64447 15.17642
11.11646 11.56371 12.02595 12.50230 12.99154 13.49210 14.00202 14.51900 15.04039 15.56328 16.08459 16.60118 17.10995 17.60800 18.09265 18.56155 19.01273 19.44453 19.85568 20.24520 20.61239 20.95678 21.27811 21.57625 21.85120 22.10308 22.33202 22.53823 22.72193 22.88335 23.02271 23.14023 23.23610 23.31050 23.36353 23.39532 23.40591 23.39532 23.36353 23.31050 23.23610 23.14023 23.02270 22.88334 22.72192 22.53822 22.33201 22.10307 21.85120 21.57624 21.27810 20.95678 20.61238 20.24519 19.85567 19.44452 19.01271 18.56154 18.09263 17.60798 17.10994 16.60116 16.08458
11.61225 12.09734 12.60020 13.11995 13.65533 14.20464 14.76564 15.33567 15.91158 16.48988 17.06681 17.63855 18.20134 18.75169 19.28643 19.80285 20.29869 20.77221 21.22203 21.64721 22.04712 22.42139 22.76988 23.09261 23.38971 23.66143 23.90804 24.12986 24.32724 24.50049 24.64994 24.77587 24.87854 24.95816 25.01491 25.04890 25.06022 25.04890 25.01490 24.95815 24.87854 24.77587 24.64994 24.50049 24.32724 24.12986 23.90803 23.66142 23.38970 23.09260 22.76987 22.42138 22.04711 21.64720 21.22202 20.77219 20.29868 19.80283 19.28641 18.75167 18.20133 17.63853 17.06679
12.13000 12.65638 13.20383 13.77157 14.35831 14.96224 15.58085 16.21104 16.84905 17.49063 18.13116 18.76591 19.39027 19.99998 20.59128 21.16103 21.70671 22.22645 22.71887 23.18308 23.61861 24.02524 24.40301 24.75212 25.07291 25.36577 25.63116 25.86953 26.08137 26.26712 26.42719 26.56196 26.67176 26.75687 26.81750 26.85382 26.86591 26.85382 26.81750 26.75687 26.67176 26.56195 26.42718 26.26711 26.08137 25.86953 25.63115 25.36576 25.07291 24.75212 24.40300 24.02523 23.61860 23.18307 22.71885 22.22643 21.70670 21.16101 20.59126 19.99996 19.39025 18.76589 18.13114
12.66960 13.24094 13.83730 14.45807 15.10203 15.76728 16.45107 17.14978 17.85891 18.57321 19.28691 19.99410 20.68899 21.36637 22.02173 22.65145 23.25275 23.82367 24.36293 24.86979 25.34398 25.78555 26.19477 26.57211 26.91811 27.23343 27.51868 27.77453 28.00159 28.20047 28.37168 28.51572 28.63298 28.72383 28.78853 28.82727 28.84017 28.82727 28.78853 28.72383 28.63298 28.51571 28.37168 28.20046 28.00159 27.77452 27.51867 27.23342 26.91811 26.57209 26.19476 25.78554 25.34397 24.86977 24.36291 23.82365 23.25272 22.65142 22.02171 21.36635 20.68898 19.99407 19.28689
13.23062 13.85078 14.50066 15.17996 15.88765 16.62184 17.37957 18.15668 18.94773 19.74619 20.54472 21.33573 22.11192 22.86676 23.59486 24.29207 24.95540 25.58294 26.17357 26.72687 27.24289 27.72202 28.16489 28.57228 28.94504 29.28407 29.59026 29.86447 30.10751 30.32012 30.50298 30.65668 30.78173 30.87856 30.94749 30.98875 31.00248 30.98875 30.94748 30.87856 30.78173 30.65667 30.50297 30.32011 30.10750 29.86446 29.59025 29.28407 28.94503 28.57226 28.16487 27.72200 27.24287 26.72685 26.17355 25.58291 24.95538 24.29205 23.59484 22.86673 22.11189 21.33570 20.54469
13.81221 14.48516 15.19343 15.93716 16.71572 17.52745 18.36927 19.23646 20.12248 21.01907 21.91672 22.80550 23.67593 24.51982 25.33069 26.10387 26.83630 27.52626 28.17303 28.77668 29.33772 29.85704 30.33572 30.77495 31.17595 31.53993 31.86807 32.16149 32.42119 32.64811 32.84309 33.00683 33.13996 33.24299 33.31630 33.36017 33.37477 33.36017 33.31630 33.24298 33.13995 33.00682 32.84308 32.64810 32.42118 32.16148 31.86807 31.53992 31.17594 30.77494 30.33571 29.85703 29.33770 28.77666 28.17301 27.52623 26.83628 26.10384 25.33067 24.51979 23.67590 22.80547 21.91669
14.41304 15.14278 15.91440 16.72877 17.58594 18.48473 19.42225 20.39333 21.39012 22.40208 23.41658 24.42027 25.40062 26.34722 27.25233 28.11088 28.91999 29.67847 30.38628 31.04419 31.65342 32.21549 32.73206 33.20482 33.63544 34.02552 34.37656 34.68996 34.96697 35.20873 35.41624 35.59037 35.73185 35.84127 35.91910 35.96567 35.98117 35.96566 35.91910 35.84127 35.73184 35.59036 35.41623 35.20871 34.96696 34.68995 34.37655 34.02551 33.63543 33.20480 32.73204 32.21547 31.65340 31.04416 30.38626 29.67844 28.91996 28.11085 27.25230 26.34718 25.40059 24.42024 23.41654
15.03121 15.82163 16.66152 17.55281 18.49664 19.49283 20.53909 21.63016 22.75677 23.90538 25.05882 26.19861 27.30776 28.37295 29.38513 30.33920 31.23292 32.06610 32.83977 33.55573 34.21614 34.82336 35.37973 35.88759 36.34909 36.76630 37.14108 37.47514 37.77003 38.02709 38.24752 38.43233 38.58239 38.69839 38.78086 38.83020 38.84661 38.83019 38.78085 38.69838 38.58239 38.43233 38.24751 38.02708 37.77003 37.47514 37.14107 36.76629 36.34908 35.88757 35.37972 34.82334 34.21612 33.55570 32.83974 32.06607 31.23289 30.33916 29.38510 28.37290 27.30773 26.19857 25.05878
