T1-compare/WRECTAN/model-f.grd
DSAA
         200         200
  -15.00000       15.00000    
  -15.00000       15.00000    
  0.8349183       99.48388    
[rows 84 to 111 of 200, columns 63 to 125 of 200]
28.57270 30.55157 32.71158 35.07368 37.66112 40.49847 43.60864 47.00523 50.67555 54.55385 58.50481 62.35934 65.98633 69.32433 72.36303 75.11681 77.60863 79.86276 81.90193 83.74649 85.41438 86.92118 88.28056 89.50437 90.60292 91.58524 92.45915 93.23146 93.90804 94.49398 94.99355 95.41042 95.74752 96.00731 96.19157 96.30162 96.33822 96.30162 96.19156 96.00730 95.74751 95.41039 94.99353 94.49395 93.90803 93.23142 92.45912 91.58521 90.60288 89.50431 88.28051 86.92114 85.41430 83.74642 81.90185 79.86268 77.60854 75.11669 72.36291 69.32420 65.98620 62.35918 58.50465
28.75680 30.74505 32.91472 35.28672 37.88424 40.73186 43.85244 47.25952 50.94039 54.82926 58.79076 62.65575 66.29308 69.64127 72.68992 75.45342 77.95469 80.21794 82.26588 84.11883 85.79468 87.30905 88.67555 89.90602 91.01077 91.99880 92.87794 93.65498 94.33582 94.92548 95.42829 95.84792 96.18726 96.44878 96.63431 96.74509 96.78195 96.74509 96.63431 96.44878 96.18725 95.84789 95.42829 94.92545 94.33578 93.65495 92.87791 91.99877 91.01073 89.90596 88.67549 87.30900 85.79462 84.11874 82.26579 80.21784 77.95458 75.45331 72.68980 69.64113 66.29295 62.65559 58.79060
28.92594 30.92266 33.10103 35.48191 38.08851 40.94534 44.07524 47.49174 51.18207 55.08039 59.05132 62.92567 66.57227 69.92956 72.98713 75.75935 78.26907 80.54050 82.59630 84.45678 86.13982 87.66100 89.03390 90.27037 91.38070 92.37390 93.25774 94.03908 94.72375 95.31681 95.82256 96.24467 96.58606 96.84916 97.03581 97.14728 97.18435 97.14728 97.03580 96.84916 96.58606 96.24464 95.82256 95.31676 94.72372 94.03905 93.25771 92.37387 91.38067 90.27031 89.03385 87.66095 86.13976 84.45671 82.59622 80.54041 78.26897 75.75924 72.98701 69.92941 66.57213 62.92551 59.05116
29.08061 31.08495 33.27111 35.65998 38.27469 41.13977 44.27801 47.70292 51.40169 55.30846 59.28782 63.17052 66.82538 70.19079 73.25635 76.03635 78.55362 80.83237 82.89521 84.76243 86.45189 87.97917 89.35783 90.59969 91.71503 92.71288 93.60098 94.38615 95.07429 95.67040 96.17883 96.60316 96.94639 97.21094 97.39861 97.51070 97.54798 97.51069 97.39860 97.21092 96.94639 96.60313 96.17880 95.67039 95.07426 94.38612 93.60094 92.71285 91.71500 90.59964 89.35779 87.97912 86.45184 84.76236 82.89512 80.83228 78.55353 76.03623 73.25623 70.19066 66.82524 63.17036 59.28765
29.22128 31.23243 33.42557 35.82155 38.44351 41.31594 44.46162 47.89401 51.60030 55.51460 59.50145 63.39159 67.05379 70.42643 73.49908 76.28600 78.81000 81.09526 83.16437 85.03761 86.73282 88.26555 89.64934 90.89602 92.01585 93.01784 93.90975 94.69839 95.38963 95.98848 96.49928 96.92564 97.27052 97.53635 97.72493 97.83758 97.87505 97.83757 97.72493 97.53635 97.27052 96.92561 96.49926 95.98846 95.38960 94.69836 93.90973 93.01781 92.01581 90.89597 89.64928 88.26549 86.73276 85.03754 83.16428 81.09518 78.80991 76.28587 73.49895 70.42630 67.05364 63.39143 59.50128
29.34834 31.36555 33.56490 35.96721 38.59560 41.47456 44.62683 48.06585 51.77880 55.69975 59.69323 63.58995 67.25865 70.63770 73.71664 76.50967 79.03965 81.33068 83.40535 85.28393 86.98422 88.52180 89.91014 91.16111 92.28496 93.29063 94.18594 94.97766 95.67165 96.27296 96.78590 97.21404 97.56039 97.82737 98.01678 98.12992 98.16755 98.12992 98.01678 97.82737 97.56039 97.21400 96.78587 96.27295 95.67162 94.97762 94.18591 93.29059 92.28491 91.16105 89.91008 88.52174 86.98416 85.28385 83.40527 81.33058 79.03954 76.50957 73.71651 70.63757 67.25852 63.58978 59.69307
29.46219 31.48476 33.68958 36.09748 38.73155 41.61625 44.77432 48.21920 51.93800 55.86482 59.86413 63.76664 67.44106 70.82574 73.91020 76.70863 79.24386 81.53998 83.61954 85.50282 87.20761 88.74943 90.14182 91.39657 92.52394 93.53288 94.43121 95.22565 95.92210 96.52557 97.04037 97.47012 97.81779 98.08579 98.27592 98.38950 98.42726 98.38949 98.27592 98.08578 97.81779 97.47011 97.04035 96.52554 95.92207 95.22562 94.43116 93.53287 92.52391 91.39653 90.14178 88.74939 87.20755 85.50275 83.61947 81.53988 79.24377 76.70853 73.91008 70.82561 67.44092 63.76647 59.86396
29.56316 31.59043 33.80005 36.21283 38.85186 41.74159 44.90474 48.35471 52.07864 56.01056 60.01496 63.92252 67.60194 70.99153 74.08080 76.88396 79.42375 81.72431 83.80815 85.69556 87.40425 88.94981 90.34571 91.60378 92.73424 93.74606 94.64700 95.44384 96.14243 96.74781 97.26426 97.69543 98.04422 98.31313 98.50391 98.61785 98.65577 98.61784 98.50390 98.31313 98.04422 97.69540 97.26424 96.74778 96.14240 95.44379 94.64696 93.74603 92.73421 91.60375 90.34567 88.94975 87.40419 85.69547 83.80808 81.72421 79.42366 76.88383 74.08068 70.99139 67.60179 63.92234 60.01479
29.65155 31.68288 33.89665 36.31366 38.95698 41.85105 45.01858 48.47295 52.20130 56.13764 60.14643 64.05836 67.74207 71.13591 74.22934 77.03656 79.58031 81.88469 83.97224 85.86317 87.57527 89.12405 90.52303 91.78395 92.91708 93.93136 94.83459 95.63350 96.33397 96.94097 97.45886 97.89124 98.24105 98.51072 98.70206 98.81635 98.85435 98.81635 98.70203 98.51070 98.24104 97.89120 97.45884 96.94095 96.33392 95.63347 94.83456 93.93134 92.91705 91.78389 90.52296 89.12400 87.57521 85.86310 83.97215 81.88459 79.58021 77.03643 74.22923 71.13577 67.74193 64.05818 60.14626
29.72762 31.76242 33.97972 36.40033 39.04732 41.94508 45.11634 48.57446 52.30656 56.24665 60.25916 64.17480 67.86216 71.25961 74.35657 77.16724 79.71436 82.02200 84.11269 86.00664 87.72163 89.27315 90.67472 91.93808 93.07349 94.08990 94.99505 95.79572 96.49776 97.10619 97.62531 98.05872 98.40939 98.67971 98.87152 98.98610 99.02421 98.98610 98.87152 98.67971 98.40938 98.05872 97.62530 97.10617 96.49776 95.79570 94.99502 94.08987 93.07346 91.93803 90.67466 89.27311 87.72157 86.00655 84.11260 82.02190 79.71426 77.16711 74.35645 71.25948 67.86203 64.17461 60.25899
29.79161 31.82930 34.04956 36.47317 39.12319 42.02403 45.19839 48.65964 52.39486 56.33807 60.35369 64.27240 67.96281 71.36327 74.46317 77.27671 79.82662 82.13696 84.23027 86.12675 87.84413 89.39795 90.80168 92.06708 93.20438 94.22255 95.12933 95.93149 96.63485 97.24445 97.76458 98.19886 98.55023 98.82113 99.01333 99.12814 99.16633 99.12812 99.01332 98.82113 98.55022 98.19884 97.76456 97.24443 96.63483 95.93145 95.12930 94.22253 93.20435 92.06702 90.80163 89.39790 87.84408 86.12666 84.23019 82.13688 79.82652 77.27659 74.46306 71.36312 67.96268 64.27223 60.35353
29.84369 31.88373 34.10637 36.53240 39.18488 42.08821 45.26508 48.72884 52.46658 56.41231 60.43045 64.35163 68.04450 71.44737 74.54965 77.36551 79.91767 82.23021 84.32563 86.22414 87.94347 89.49913 90.90459 92.17163 93.31049 94.33008 95.23817 96.04150 96.74593 97.35649 97.87746 98.31243 98.66438 98.93571 99.12824 99.24325 99.28150 99.24325 99.12824 98.93570 98.66437 98.31242 97.87744 97.35648 96.74591 96.04147 95.23813 94.33003 93.31044 92.17159 90.90454 89.49907 87.94340 86.22405 84.32554 82.23011 79.91757 77.36539 74.54953 71.44724 68.04437 64.35147 60.43028
29.88406 31.92589 34.15037 36.57827 39.23265 42.13788 45.31668 48.78239 52.52206 56.46973 60.48979 64.41289 68.10766 71.51238 74.61648 77.43412 79.98802 82.30225 84.39929 86.29935 88.02018 89.57725 90.98407 92.25239 93.39240 94.41310 95.32218 96.12645 96.83170 97.44301 97.96461 98.40012 98.75252 99.02420 99.21696 99.33212 99.37041 99.33212 99.21696 99.02420 98.75249 98.40011 97.96458 97.44297 96.83169 96.12640 95.32215 94.41307 93.39238 92.25233 90.98402 89.57721 88.02011 86.29927 84.39920 82.30215 79.98793 77.43401 74.61636 71.51224 68.10751 64.41273 60.48962
29.91280 31.95591 34.18169 36.61091 39.26663 42.17323 45.35339 48.82046 52.56152 56.51055 60.53198 64.45643 68.15254 71.55858 74.66397 77.48288 80.03801 82.35343 84.45161 86.35279 88.07466 89.63277 91.04052 92.30974 93.45059 94.47207 95.38188 96.18680 96.89263 97.50444 98.02649 98.46240 98.81512 99.08704 99.27997 99.39525 99.43356 99.39523 99.27996 99.08702 98.81511 98.46237 98.02647 97.50443 96.89262 96.18676 95.38184 94.47204 93.45056 92.30968 91.04047 89.63271 88.07462 86.35271 84.45153 82.35332 80.03791 77.48276 74.66386 71.55845 68.15240 64.45627 60.53182
29.93000 31.97388 34.20044 36.63045 39.28697 42.19437 45.37535 48.84324 52.58512 56.53497 60.55722 64.48248 68.17937 71.58621 74.69237 77.51202 80.06789 82.38401 84.48290 86.38473 88.10725 89.66593 91.07428 92.34402 93.48537 94.50732 95.41755 96.22284 96.92904 97.54118 98.06349 98.49962 98.85252 99.12458 99.31763 99.43295 99.47130 99.43295 99.31763 99.12457 98.85251 98.49959 98.06347 97.54115 96.92903 96.22282 95.41752 94.50728 93.48535 92.34396 91.07422 89.66589 88.10719 86.38464 84.48281 82.38393 80.06779 77.51191 74.69225 71.58607 68.17924 64.48232 60.55705
29.93573 31.97986 34.20668 36.63696 39.29374 42.20142 45.38266 48.85083 52.59299 56.54310 60.56562 64.49114 68.18831 71.59540 74.70182 77.52174 80.07785 82.39420 84.49331 86.39536 88.11809 89.67698 91.08549 92.35544 93.49696 94.51904 95.42943 96.23485 96.94116 97.55340 98.07580 98.51200 98.86496 99.13708 99.33017 99.44551 99.48388 99.44550 99.33015 99.13708 98.86496 98.51198 98.07577 97.55338 96.94114 96.23481 95.42937 94.51902 93.49693 92.35538 91.08544 89.67692 88.11803 86.39529 84.49323 82.39411 80.07774 77.52161 74.70170 71.59526 68.18818 64.49098 60.56544
29.93000 31.97387 34.20043 36.63045 39.28696 42.19437 45.37535 48.84324 52.58512 56.53497 60.55722 64.48248 68.17937 71.58620 74.69237 77.51202 80.06789 82.38401 84.48290 86.38473 88.10724 89.66592 91.07426 92.34402 93.48537 94.50731 95.41755 96.22284 96.92904 97.54118 98.06348 98.49963 98.85252 99.12458 99.31763 99.43295 99.47130 99.43295 99.31763 99.12457 98.85249 98.49960 98.06347 97.54115 96.92903 96.22281 95.41752 94.50728 93.48535 92.34396 91.07422 89.66589 88.10719 86.38464 84.48281 82.38393 80.06779 77.51192 74.69225 71.58607 68.17924 64.48231 60.55705
29.91279 31.95591 34.18169 36.61091 39.26663 42.17322 45.35338 48.82045 52.56152 56.51054 60.53198 64.45644 68.15253 71.55857 74.66396 77.48287 80.03801 82.35342 84.45161 86.35279 88.07466 89.63274 91.04051 92.30972 93.45059 94.47207 95.38188 96.18679 96.89262 97.50444 98.02647 98.46239 98.81511 99.08702 99.27996 99.39523 99.43356 99.39523 99.27996 99.08701 98.81509 98.46236 98.02647 97.50441 96.89260 96.18675 95.38184 94.47204 93.45056 92.30967 91.04047 89.63271 88.07460 86.35271 84.45152 82.35332 80.03790 77.48276 74.66384 71.55844 68.15240 64.45626 60.53181
29.88406 31.92589 34.15037 36.57827 39.23265 42.13788 45.31667 48.78238 52.52206 56.46972 60.48978 64.41289 68.10764 71.51237 74.61647 77.43411 79.98801 82.30224 84.39928 86.29934 88.02016 89.57725 90.98407 92.25237 93.39240 94.41309 95.32218 96.12643 96.83170 97.44301 97.96458 98.40012 98.75249 99.02418 99.21696 99.33211 99.37040 99.33209 99.21694 99.02418 98.75249 98.40009 97.96458 97.44296 96.83169 96.12640 95.32214 94.41306 93.39236 92.25233 90.98401 89.57719 88.02011 86.29926 84.39920 82.30215 79.98792 77.43400 74.61635 71.51224 68.10751 64.41271 60.48961
29.84369 31.88373 34.10637 36.53240 39.18488 42.08821 45.26508 48.72884 52.46658 56.41231 60.43044 64.35162 68.04450 71.44737 74.54964 77.36550 79.91767 82.23021 84.32563 86.22413 87.94346 89.49913 90.90459 92.17165 93.31047 94.33006 95.23815 96.04150 96.74593 97.35649 97.87744 98.31242 98.66438 98.93571 99.12824 99.24325 99.28148 99.24325 99.12823 98.93568 98.66437 98.31240 97.87743 97.35646 96.74591 96.04146 95.23811 94.33003 93.31044 92.17157 90.90453 89.49905 87.94340 86.22406 84.32554 82.23011 79.91757 77.36539 74.54951 71.44722 68.04436 64.35146 60.43028
29.79161 31.82930 34.04955 36.47317 39.12318 42.02403 45.19839 48.65963 52.39486 56.33805 60.35368 64.27239 67.96281 71.36325 74.46315 77.27670 79.82661 82.13696 84.23026 86.12674 87.84412 89.39793 90.80166 92.06706 93.20438 94.22254 95.12933 95.93147 96.63483 97.24443 97.76456 98.19884 98.55022 98.82111 99.01331 99.12812 99.16630 99.12812 99.01330 98.82110 98.55021 98.19882 97.76454 97.24442 96.63480 95.93143 95.12928 94.22251 93.20434 92.06700 90.80162 89.39790 87.84406 86.12665 84.23017 82.13686 79.82652 77.27659 74.46304 71.36311 67.96267 64.27222 60.35352
29.72762 31.76242 33.97972 36.40033 39.04731 41.94508 45.11633 48.57445 52.30656 56.24664 60.25916 64.17478 67.86216 71.25961 74.35656 77.16724 79.71435 82.02199 84.11266 86.00664 87.72163 89.27315 90.67471 91.93807 93.07348 94.08989 94.99504 95.79572 96.49776 97.10618 97.62530 98.05872 98.40938 98.67971 98.87151 98.98610 99.02421 98.98608 98.87151 98.67970 98.40938 98.05870 97.62530 97.10616 96.49774 95.79568 94.99502 94.08986 93.07345 91.93802 90.67465 89.27309 87.72156 86.00655 84.11259 82.02190 79.71425 77.16711 74.35645 71.25946 67.86203 64.17461 60.25899
29.65154 31.68287 33.89664 36.31365 38.95698 41.85105 45.01858 48.47295 52.20130 56.13763 60.14642 64.05833 67.74205 71.13590 74.22932 77.03655 79.58030 81.88467 83.97222 85.86316 87.57526 89.12405 90.52299 91.78394 92.91705 93.93136 94.83456 95.63347 96.33392 96.94094 97.45884 97.89122 98.24102 98.51070 98.70203 98.81631 98.85433 98.81631 98.70202 98.51069 98.24101 97.89120 97.45882 96.94093 96.33391 95.63344 94.83453 93.93133 92.91702 91.78388 90.52296 89.12399 87.57520 85.86308 83.97213 81.88457 79.58018 77.03642 74.22920 71.13576 67.74191 64.05817 60.14625
29.56316 31.59043 33.80005 36.21283 38.85186 41.74158 44.90473 48.35471 52.07864 56.01054 60.01495 63.92252 67.60193 70.99153 74.08080 76.88396 79.42374 81.72430 83.80814 85.69553 87.40425 88.94981 90.34571 91.60378 92.73423 93.74605 94.64699 95.44382 96.14243 96.74779 97.26426 97.69540 98.04422 98.31310 98.50390 98.61784 98.65575 98.61784 98.50388 98.31310 98.04421 97.69538 97.26423 96.74777 96.14240 95.44378 94.64694 93.74603 92.73420 91.60372 90.34567 88.94975 87.40419 85.69545 83.80807 81.72420 79.42365 76.88383 74.08068 70.99139 67.60179 63.92234 60.01479
29.46219 31.48476 33.68958 36.09747 38.73155 41.61625 44.77432 48.21920 51.93800 55.86481 59.86412 63.76664 67.44106 70.82574 73.91019 76.70863 79.24385 81.53996 83.61953 85.50281 87.20760 88.74943 90.14181 91.39657 92.52393 93.53288 94.43118 95.22563 95.92207 96.52554 97.04035 97.47011 97.81778 98.08577 98.27590 98.38948 98.42725 98.38948 98.27590 98.08577 97.81778 97.47010 97.04034 96.52552 95.92205 95.22559 94.43114 93.53285 92.52389 91.39651 90.14176 88.74937 87.20753 85.50274 83.61945 81.53986 79.24375 76.70852 73.91007 70.82560 67.44092 63.76646 59.86396
29.34834 31.36555 33.56490 35.96721 38.59560 41.47456 44.62682 48.06585 51.77880 55.69975 59.69322 63.58995 67.25865 70.63770 73.71663 76.50967 79.03964 81.33067 83.40533 85.28393 86.98421 88.52177 89.91014 91.16111 92.28493 93.29061 94.18594 94.97764 95.67164 96.27295 96.78587 97.21403 97.56039 97.82735 98.01678 98.12991 98.16752 98.12989 98.01675 97.82735 97.56037 97.21400 96.78585 96.27293 95.67162 94.97760 94.18589 93.29059 92.28489 91.16104 89.91008 88.52174 86.98415 85.28384 83.40525 81.33058 79.03954 76.50956 73.71650 70.63756 67.25851 63.58978 59.69306
29.22128 31.23243 33.42557 35.82155 38.44351 41.31594 44.46162 47.89401 51.60030 55.51459 59.50143 63.39158 67.05376 70.42643 73.49907 76.28599 78.81000 81.09525 83.16436 85.03761 86.73280 88.26553 89.64931 90.89600 92.01582 93.01782 93.90974 94.69839 95.38961 95.98846 96.49927 96.92561 97.27050 97.53632 97.72491 97.83756 97.87503 97.83757 97.72491 97.53633 97.27050 96.92560 96.49925 95.98844 95.38959 94.69835 93.90971 93.01779 92.01579 90.89594 89.64928 88.26549 86.73274 85.03753 83.16427 81.09515 78.80990 76.28587 73.49895 70.42628 67.05363 63.39141 59.50127
29.08061 31.08495 33.27111 35.65997 38.27469 41.13977 44.27801 47.70291 51.40169 55.30846 59.28782 63.17052 66.82537 70.19079 73.25635 76.03634 78.55362 80.83235 82.89520 84.76243 86.45189 87.97917 89.35783 90.59968 91.71503 92.71288 93.60098 94.38615 95.07429 95.67039 96.17882 96.60315 96.94639 97.21094 97.39860 97.51069 97.54796 97.51068 97.39859 97.21091 96.94638 96.60315 96.17880 95.67036 95.07426 94.38612 93.60094 92.71284 91.71499 90.59962 89.35777 87.97912 86.45183 84.76236 82.89512 80.83227 78.55353 76.03622 73.25623 70.19066 66.82523 63.17036 59.28765
