T1-compare/WRECTAN/model-f.grd
DSAA
         200         200
  -15.00000       15.00000    
  -15.00000       15.00000    
  0.8349183       99.48388    
[rows 168 to 195 of 200, columns 126 to 188 of 200]
6.371309 6.254017 6.135610 6.016367 5.896564 5.776468 5.656333 5.536408 5.416924 5.298100 5.180141 5.063233 4.947552 4.833255 4.720480 4.609358 4.499999 4.392496 4.286935 4.183383 4.081898 3.982525 3.885296 3.790238 3.697363 3.606681 3.518189 3.431880 3.347742 3.265754 3.185896 3.108138 3.032449 2.958799 2.887148 2.817460 2.749693 2.683810 2.619763 2.557513 2.497016 2.438229 2.381107 2.325607 2.271685 2.219299 2.168405 2.118963 2.070931 2.024268 1.978933 1.934890 1.892098 1.850521 1.810122 1.770867 1.732720 1.695648 1.659619 1.624599 1.590559 1.557468 1.525298
6.104205 5.994980 5.884662 5.773505 5.661759 5.549666 5.437460 5.325366 5.213596 5.102352 4.991821 4.882180 4.773587 4.666194 4.560130 4.455517 4.352463 4.251058 4.151385 4.053512 3.957496 3.863385 3.771213 3.681011 3.592797 3.506583 3.422371 3.340161 3.259944 3.181710 3.105438 3.031108 2.958697 2.888177 2.819515 2.752681 2.687641 2.624358 2.562796 2.502918 2.444684 2.388057 2.332998 2.279467 2.227424 2.176834 2.127654 2.079849 2.033380 1.988210 1.944302 1.901622 1.860134 1.819802 1.780594 1.742478 1.705419 1.669389 1.634356 1.600290 1.567162 1.534945 1.503610
5.851837 5.750031 5.647157 5.543445 5.439123 5.334411 5.229523 5.124665 5.020032 4.915808 4.812166 4.709271 4.607271 4.506306 4.406499 4.307966 4.210808 4.115115 4.020964 3.928427 3.837557 3.748404 3.661007 3.575396 3.491592 3.409612 3.329464 3.251150 3.174667 3.100007 3.027159 2.956107 2.886830 2.819307 2.753512 2.689420 2.626999 2.566220 2.507049 2.449457 2.393409 2.338869 2.285804 2.234179 2.183957 2.135107 2.087590 2.041374 1.996424 1.952707 1.910188 1.868836 1.828617 1.789500 1.751454 1.714449 1.678455 1.643443 1.609385 1.576252 1.544018 1.512657 1.482143
5.613227 5.518252 5.422234 5.325384 5.227910 5.130012 5.031886 4.933720 4.835693 4.737975 4.640728 4.544101 4.448235 4.353258 4.259288 4.166434 4.074794 3.984451 3.895484 3.807959 3.721932 3.637453 3.554560 3.473287 3.393658 3.315692 3.239399 3.164788 3.091857 3.020605 2.951023 2.883100 2.816821 2.752169 2.689122 2.627659 2.567755 2.509383 2.452517 2.397128 2.343186 2.290662 2.239524 2.189742 2.141284 2.094120 2.048216 2.003542 1.960068 1.917762 1.876594 1.836535 1.797553 1.759620 1.722707 1.686788 1.651833 1.617816 1.584711 1.552492 1.521133 1.490611 1.460900
5.387458 5.298779 5.209084 5.118567 5.027416 4.935815 4.843942 4.751972 4.660068 4.568387 4.477077 4.386279 4.296122 4.206728 4.118207 4.030662 3.944185 3.858857 3.774754 3.691940 3.610471 3.530397 3.451755 3.374583 3.298904 3.224741 3.152107 3.081013 3.011463 2.943456 2.876989 2.812054 2.748641 2.686736 2.626323 2.567382 2.509895 2.453839 2.399188 2.345921 2.294012 2.243432 2.194156 2.146156 2.099403 2.053872 2.009531 1.966354 1.924313 1.883379 1.843524 1.804722 1.766944 1.730165 1.694358 1.659497 1.625556 1.592511 1.560338 1.529011 1.498509 1.468808 1.439885
5.173709 5.090838 5.006979 4.922311 4.837004 4.751227 4.665145 4.578914 4.492689 4.406612 4.320820 4.235446 4.150608 4.066421 3.982988 3.900406 3.818764 3.738138 3.658600 3.580216 3.503037 3.427113 3.352484 3.279186 3.207246 3.136687 3.067524 2.999772 2.933436 2.868520 2.805023 2.742941 2.682266 2.622991 2.565099 2.508578 2.453410 2.399578 2.347059 2.295835 2.245883 2.197180 2.149702 2.103424 2.058322 2.014370 1.971544 1.929818 1.889166 1.849564 1.810985 1.773407 1.736801 1.701145 1.666415 1.632586 1.599635 1.567539 1.536276 1.505822 1.476157 1.447259 1.419108
4.971202 4.893695 4.815231 4.735970 4.656070 4.575686 4.494967 4.414061 4.333106 4.252235 4.171577 4.091252 4.011372 3.932044 3.853365 3.775427 3.698312 3.622097 3.546846 3.472625 3.399485 3.327475 3.256633 3.186997 3.118594 3.051450 2.985581 2.921002 2.857723 2.795750 2.735084 2.675724 2.617667 2.560905 2.505429 2.451226 2.398285 2.346588 2.296119 2.246862 2.198796 2.151901 2.106158 2.061543 2.018036 1.975615 1.934254 1.893934 1.854631 1.816322 1.778982 1.742592 1.707127 1.672564 1.638882 1.606060 1.574073 1.542903 1.512529 1.482928 1.454081 1.425969 1.398571
4.779221 4.706673 4.633198 4.558941 4.484048 4.408661 4.332918 4.256952 4.180893 4.104864 4.028984 3.953364 3.878108 3.803318 3.729083 3.655490 3.582619 3.510540 3.439318 3.369012 3.299676 3.231354 3.164088 3.097914 3.032858 2.968948 2.906204 2.844639 2.784267 2.725095 2.667128 2.610366 2.554808 2.500451 2.447286 2.395306 2.344499 2.294853 2.246355 2.198990 2.152740 2.107588 2.063519 2.020510 1.978544 1.937602 1.897661 1.858703 1.820706 1.783651 1.747515 1.712279 1.677922 1.644423 1.611763 1.579919 1.548874 1.518607 1.489099 1.460331 1.432284 1.404940 1.378280
4.597097 4.529140 4.460283 4.390663 4.320411 4.249659 4.178533 4.107158 4.035651 3.964128 3.892697 3.821464 3.750524 3.679973 3.609895 3.540372 3.471478 3.403280 3.335843 3.269222 3.203467 3.138625 3.074734 3.011831 2.949944 2.889100 2.829319 2.770617 2.713009 2.656504 2.601108 2.546824 2.493654 2.441595 2.390642 2.340791 2.292032 2.244356 2.197750 2.152204 2.107702 2.064231 2.021775 1.980317 1.939839 1.900327 1.861759 1.824120 1.787390 1.751550 1.716582 1.682468 1.649188 1.616724 1.585056 1.554167 1.524038 1.494652 1.465990 1.438034 1.410768 1.384174 1.358236
4.424231 4.360525 4.295949 4.230626 4.164681 4.098231 4.031395 3.964287 3.897015 3.829688 3.762405 3.695264 3.628355 3.561767 3.495579 3.429867 3.364704 3.300152 3.236271 3.173117 3.110737 3.049176 2.988473 2.928663 2.869775 2.811834 2.754864 2.698881 2.643901 2.589934 2.536988 2.485068 2.434177 2.384315 2.335479 2.287667 2.240871 2.195084 2.150297 2.106499 2.063680 2.021827 1.980926 1.940964 1.901924 1.863793 1.826554 1.790190 1.754687 1.720026 1.686191 1.653166 1.620931 1.589472 1.558771 1.528811 1.499574 1.471045 1.443208 1.416045 1.389542 1.363681 1.338447
4.260045 4.200279 4.139672 4.078339 4.016391 3.953939 3.891092 3.827953 3.764626 3.701208 3.637794 3.574473 3.511331 3.448450 3.385903 3.323765 3.262101 3.200973 3.140437 3.080545 3.021346 2.962881 2.905188 2.848302 2.792251 2.737064 2.682760 2.629360 2.576878 2.525326 2.474714 2.425049 2.376334 2.328572 2.281761 2.235902 2.190987 2.147013 2.103972 2.061856 2.020656 1.980360 1.940958 1.902438 1.864787 1.827991 1.792036 1.756908 1.722592 1.689074 1.656337 1.624367 1.593149 1.562667 1.532905 1.503848 1.475481 1.447788 1.420754 1.394365 1.368605 1.343460 1.318914
4.104010 4.047900 3.990979 3.933350 3.875118 3.816383 3.757246 3.697805 3.638153 3.578382 3.518578 3.458826 3.399206 3.339793 3.280659 3.221871 3.163493 3.105582 3.048191 2.991373 2.935171 2.879627 2.824778 2.770657 2.717294 2.664715 2.612941 2.561993 2.511886 2.462633 2.414244 2.366729 2.320091 2.274336 2.229463 2.185472 2.142361 2.100126 2.058761 2.018260 1.978617 1.939821 1.901864 1.864734 1.828422 1.792915 1.758201 1.724268 1.691101 1.658689 1.627018 1.596073 1.565841 1.536307 1.507458 1.479280 1.451758 1.424879 1.398629 1.372993 1.347959 1.323512 1.299639
3.955637 3.902923 3.849425 3.795240 3.740463 3.685188 3.629507 3.573511 3.517285 3.460917 3.404485 3.348070 3.291745 3.235581 3.179645 3.124000 3.068707 3.013819 2.959390 2.905465 2.852090 2.799303 2.747140 2.695636 2.644816 2.594709 2.545336 2.496716 2.448868 2.401803 2.355533 2.310068 2.265413 2.221575 2.178554 2.136352 2.094969 2.054401 2.014645 1.975698 1.937551 1.900198 1.863632 1.827843 1.792823 1.758561 1.725046 1.692267 1.660214 1.628873 1.598233 1.568281 1.539006 1.510394 1.482432 1.455108 1.428409 1.402322 1.376835 1.351933 1.327606 1.303840 1.280623
3.814474 3.764917 3.714602 3.663621 3.612061 3.560007 3.507546 3.454762 3.401734 3.348544 3.295264 3.241969 3.188728 3.135608 3.082670 3.029976 2.977581 2.925538 2.873894 2.822697 2.771987 2.721803 2.672180 2.623149 2.574739 2.526975 2.479880 2.433472 2.387770 2.342787 2.298536 2.255025 2.212264 2.170257 2.129007 2.088518 2.048790 2.009821 1.971609 1.934152 1.897444 1.861480 1.826254 1.791757 1.757982 1.724922 1.692565 1.660903 1.629925 1.599622 1.569981 1.540992 1.512645 1.484927 1.457826 1.431333 1.405433 1.380117 1.355372 1.331186 1.307548 1.284447 1.261870
3.680089 3.633467 3.586116 3.538117 3.489552 3.440501 3.391044 3.341257 3.291217 3.240996 3.190664 3.140289 3.089937 3.039671 2.989546 2.939623 2.889953 2.840585 2.791566 2.742939 2.694744 2.647019 2.599796 2.553106 2.506978 2.461436 2.416502 2.372196 2.328535 2.285534 2.243205 2.201558 2.160603 2.120346 2.080791 2.041941 2.003798 1.966362 1.929632 1.893607 1.858282 1.823654 1.789717 1.756465 1.723892 1.691991 1.660752 1.630169 1.600232 1.570932 1.542259 1.514204 1.486757 1.459906 1.433643 1.407955 1.382833 1.358266 1.334244 1.310755 1.287789 1.265335 1.243383
3.552092 3.508203 3.463611 3.418390 3.372617 3.326368 3.279714 3.232727 3.185477 3.138033 3.090459 3.042820 2.995175 2.947584 2.900102 2.852782 2.805673 2.758823 2.712276 2.666073 2.620252 2.574849 2.529895 2.485422 2.441454 2.398019 2.355137 2.312827 2.271107 2.229992 2.189494 2.149626 2.110395 2.071809 2.033873 1.996591 1.959967 1.924001 1.888693 1.854042 1.820047 1.786703 1.754007 1.721955 1.690540 1.659757 1.629598 1.600057 1.571127 1.542798 1.515061 1.487911 1.461336 1.435327 1.409875 1.384971 1.360604 1.336766 1.313447 1.290637 1.268325 1.246503 1.225159
3.430114 3.388771 3.346749 3.304120 3.260953 3.217318 3.173280 3.128910 3.084270 3.039423 2.994432 2.949356 2.904251 2.859172 2.814170 2.769297 2.724599 2.680120 2.635902 2.591985 2.548406 2.505197 2.462390 2.420014 2.378095 2.336658 2.295722 2.255309 2.215436 2.176116 2.137364 2.099190 2.061604 2.024615 1.988227 1.952447 1.917277 1.882720 1.848775 1.815445 1.782726 1.750618 1.719117 1.688219 1.657921 1.628216 1.599100 1.570566 1.542607 1.515218 1.488389 1.462114 1.436384 1.411191 1.386527 1.362384 1.338752 1.315622 1.292987 1.270836 1.249162 1.227954 1.207204
3.313805 3.274836 3.235213 3.195001 3.154267 3.113073 3.071482 3.029558 2.987360 2.944946 2.902375 2.859702 2.816979 2.774259 2.731588 2.689016 2.646587 2.604341 2.562320 2.520560 2.479097 2.437962 2.397186 2.356796 2.316818 2.277276 2.238190 2.199579 2.161461 2.123851 2.086761 2.050203 2.014188 1.978724 1.943817 1.909472 1.875695 1.842488 1.809852 1.777788 1.746297 1.715376 1.685024 1.655239 1.626016 1.597352 1.569241 1.541680 1.514661 1.488179 1.462228 1.436801 1.411890 1.387489 1.363589 1.340184 1.317265 1.294824 1.272853 1.251345 1.230291 1.209682 1.189511
3.202852 3.166098 3.128713 3.090760 3.052297 3.013386 2.974083 2.934448 2.894536 2.854402 2.814100 2.773681 2.733194 2.692689 2.652211 2.611804 2.571511 2.531370 2.491420 2.451697 2.412233 2.373059 2.334204 2.295696 2.257559 2.219814 2.182484 2.145586 2.109138 2.073154 2.037649 2.002633 1.968117 1.934109 1.900617 1.867648 1.835204 1.803290 1.771909 1.741062 1.710749 1.680970 1.651724 1.623009 1.594823 1.567162 1.540021 1.513399 1.487288 1.461685 1.436582 1.411976 1.387859 1.364224 1.341066 1.318377 1.296150 1.274378 1.253054 1.232171 1.211720 1.191694 1.172087
3.096952 3.062265 3.026971 2.991127 2.954789 2.918013 2.880852 2.843360 2.805590 2.767593 2.729419 2.691115 2.652730 2.614308 2.575891 2.537523 2.499242 2.461086 2.423091 2.385290 2.347715 2.310397 2.273361 2.236635 2.200242 2.164204 2.128541 2.093272 2.058413 2.023978 1.989982 1.956436 1.923351 1.890735 1.858597 1.826941 1.795775 1.765102 1.734923 1.705244 1.676063 1.647382 1.619200 1.591516 1.564328 1.537633 1.511429 1.485713 1.460479 1.435725 1.411444 1.387632 1.364283 1.341392 1.318952 1.296959 1.275404 1.254282 1.233586 1.213310 1.193446 1.173989 1.154930
2.995822 2.963067 2.929728 2.895857 2.861507 2.826728 2.791572 2.756089 2.720327 2.684335 2.648158 2.611842 2.575431 2.538967 2.502491 2.466043 2.429658 2.393374 2.357224 2.321239 2.285451 2.249887 2.214574 2.179538 2.144799 2.110381 2.076302 2.042580 2.009233 1.976274 1.943716 1.911573 1.879853 1.848567 1.817722 1.787325 1.757381 1.727896 1.698872 1.670313 1.642220 1.614593 1.587435 1.560743 1.534516 1.508754 1.483453 1.458611 1.434225 1.410290 1.386804 1.363760 1.341156 1.318985 1.297242 1.275922 1.255020 1.234529 1.214444 1.194758 1.175466 1.156561 1.138036
2.899207 2.868258 2.836747 2.804722 2.772232 2.739326 2.706048 2.672448 2.638570 2.604459 2.570157 2.535709 2.501155 2.466535 2.431885 2.397245 2.362649 2.328131 2.293723 2.259455 2.225356 2.191453 2.157772 2.124336 2.091167 2.058286 2.025712 1.993463 1.961554 1.930000 1.898813 1.868007 1.837592 1.807575 1.777967 1.748774 1.720002 1.691655 1.663738 1.636254 1.609205 1.582592 1.556418 1.530680 1.505380 1.480516 1.456086 1.432088 1.408520 1.385378 1.362659 1.340359 1.318475 1.297001 1.275934 1.255268 1.234999 1.215121 1.195628 1.176517 1.157780 1.139412 1.121407
2.806862 2.777603 2.747802 2.717506 2.686759 2.655606 2.624089 2.592256 2.560145 2.527801 2.495263 2.462571 2.429763 2.396877 2.363949 2.331014 2.298106 2.265254 2.232492 2.199847 2.167346 2.135015 2.102880 2.070962 2.039282 2.007862 1.976718 1.945869 1.915329 1.885113 1.855234 1.825704 1.796533 1.767731 1.739305 1.711264 1.683613 1.656358 1.629501 1.603050 1.577003 1.551365 1.526137 1.501319 1.476910 1.452912 1.429321 1.406138 1.383360 1.360983 1.339007 1.317427 1.296240 1.275442 1.255029 1.234997 1.215341 1.196058 1.177142 1.158588 1.140391 1.122546 1.105047
2.718553 2.690875 2.662677 2.634000 2.604887 2.575378 2.545515 2.515338 2.484889 2.454204 2.423323 2.392283 2.361119 2.329868 2.298562 2.267235 2.235918 2.204642 2.173434 2.142323 2.111335 2.080494 2.049823 2.019345 1.989079 1.959045 1.929261 1.899743 1.870507 1.841566 1.812933 1.784620 1.756638 1.728995 1.701700 1.674761 1.648184 1.621974 1.596136 1.570674 1.545592 1.520890 1.496572 1.472638 1.449088 1.425924 1.403143 1.380745 1.358729 1.337093 1.315834 1.294949 1.274437 1.254293 1.234514 1.215097 1.196037 1.177331 1.158974 1.140961 1.123289 1.105952 1.088946
2.634063 2.607867 2.581170 2.554011 2.526430 2.498464 2.470153 2.441534 2.412645 2.383521 2.354199 2.324714 2.295099 2.265388 2.235611 2.205801 2.175988 2.146199 2.116462 2.086803 2.057246 2.027815 1.998533 1.969421 1.940497 1.911781 1.883290 1.855039 1.827044 1.799318 1.771874 1.744722 1.717875 1.691341 1.665128 1.639243 1.613695 1.588487 1.563625 1.539113 1.514955 1.491153 1.467710 1.444627 1.421905 1.399544 1.377544 1.355904 1.334625 1.313703 1.293137 1.272925 1.253066 1.233555 1.214390 1.195569 1.177086 1.158940 1.141126 1.123640 1.106478 1.089636 1.073109
2.553192 2.528386 2.503097 2.477363 2.451219 2.424703 2.397849 2.370694 2.343272 2.315616 2.287762 2.259741 2.231585 2.203326 2.174993 2.146616 2.118222 2.089839 2.061492 2.033206 2.005006 1.976913 1.948948 1.921131 1.893482 1.866018 1.838756 1.811711 1.784898 1.758330 1.732019 1.705976 1.680213 1.654737 1.629559 1.604684 1.580120 1.555872 1.531946 1.508347 1.485077 1.462140 1.439538 1.417274 1.395347 1.373761 1.352513 1.331604 1.311035 1.290803 1.270908 1.251347 1.232119 1.213221 1.194651 1.176407 1.158485 1.140881 1.123594 1.106619 1.089953 1.073591 1.057531
2.475757 2.452254 2.428286 2.403888 2.379095 2.353940 2.328456 2.302676 2.276634 2.250361 2.223888 2.197247 2.170466 2.143577 2.116605 2.089580 2.062528 2.035474 2.008443 1.981458 1.954542 1.927716 1.901001 1.874415 1.847976 1.821702 1.795610 1.769713 1.744025 1.718560 1.693330 1.668346 1.643618 1.619155 1.594965 1.571056 1.547435 1.524109 1.501080 1.478356 1.455939 1.433833 1.412040 1.390563 1.369404 1.348563 1.328040 1.307837 1.287953 1.268388 1.249140 1.230208 1.211591 1.193287 1.175293 1.157608 1.140229 1.123153 1.106377 1.089898 1.073713 1.057819 1.042211
2.401577 2.379296 2.356569 2.333427 2.309902 2.286026 2.261830 2.237345 2.212602 2.187630 2.162459 2.137118 2.111635 2.086038 2.060353 2.034605 2.008822 1.983025 1.957239 1.931486 1.905788 1.880164 1.854633 1.829216 1.803927 1.778785 1.753805 1.729000 1.704385 1.679973 1.655774 1.631799 1.608060 1.584565 1.561321 1.538337 1.515620 1.493175 1.471008 1.449123 1.427525 1.406218 1.385203 1.364484 1.344062 1.323940 1.304116 1.284594 1.265372 1.246450 1.227827 1.209503 1.191478 1.173747 1.156312 1.139169 1.122315 1.105750 1.089471 1.073473 1.057756 1.042316 1.027149
