T1-compare/WRECTAN/model-t.grd
DSAA
         300         300
      -15.000000       15.000000
      -15.000000       15.000000
    7.077141E-01       99.352127
[rows 27 to 53 of 300, columns 0 to 60 of 300]
9.238013E-01 9.357776E-01 9.479712E-01 9.602620E-01 9.728580E-01 9.855489E-01 9.983922E-01 1.011569 1.024924 1.038422 1.052133 1.066114 1.080257 1.094667 1.109225 1.124038 1.139098 1.154387 1.169921 1.185683 1.201715 1.217909 1.234410 1.251235 1.268200 1.285552 1.302989 1.320800 1.338886 1.357302 1.375890 1.394858 1.414007 1.433582 1.453297 1.473397 1.493723 1.514481 1.535433 1.556714 1.578361 1.600242 1.622536 1.645057 1.667936 1.691189 1.714742 1.738674 1.762910 1.787377 1.812295 1.837539 1.863145 1.889054 1.915318 1.941936 1.968909 1.996188 2.023861 2.051878 2.080222
9.326943E-01 9.449030E-01 9.572169E-01 9.697305E-01 9.824386E-01 9.954358E-01 1.008576 1.021937 1.035479 1.049256 1.063247 1.077386 1.091790 1.106555 1.121354 1.136411 1.151797 1.167311 1.183162 1.199193 1.215575 1.232119 1.248911 1.266019 1.283356 1.300932 1.318879 1.337110 1.355544 1.374339 1.393269 1.412609 1.432195 1.452186 1.472360 1.492897 1.513727 1.534825 1.556303 1.578071 1.600277 1.622719 1.645514 1.668581 1.691995 1.715838 1.739972 1.764426 1.789267 1.814432 1.840001 1.865887 1.892179 1.918766 1.945751 1.973083 2.000802 2.028893 2.057348 2.086110 2.115285
9.417214E-01 9.540514E-01 9.665887E-01 9.793065E-01 9.923205E-01 1.005513 1.018747 1.032398 1.046218 1.060162 1.074413 1.088813 1.103480 1.118373 1.133518 1.149001 1.164520 1.180401 1.196508 1.212847 1.229578 1.246412 1.263535 1.281026 1.298727 1.316667 1.334867 1.353495 1.372278 1.391411 1.410863 1.430636 1.450572 1.471019 1.491649 1.512584 1.533954 1.555573 1.577574 1.599755 1.622477 1.645415 1.668761 1.692408 1.716458 1.740824 1.765525 1.790691 1.816082 1.841994 1.868147 1.894723 1.921636 1.949050 1.976740 2.004770 2.033242 2.062066 2.091361 2.120995 2.150932
9.507625E-01 9.633167E-01 9.760592E-01 9.889816E-01 1.002192 1.015479 1.029206 1.042932 1.056920 1.071225 1.085635 1.100388 1.115296 1.130432 1.145912 1.161516 1.177451 1.193537 1.210003 1.226691 1.243658 1.260873 1.278326 1.296126 1.314151 1.332546 1.351152 1.370063 1.389323 1.408834 1.428665 1.448848 1.469298 1.490085 1.511211 1.532631 1.554376 1.576514 1.598934 1.621767 1.644993 1.668528 1.692359 1.716595 1.741215 1.766194 1.791549 1.817260 1.843350 1.869851 1.896739 1.924030 1.951659 1.979721 2.008164 2.037001 2.066261 2.095968 2.126034 2.156484 2.187330
9.598097E-01 9.725811E-01 9.855181E-01 9.987509E-01 1.012147 1.025723 1.039526 1.053523 1.067781 1.082347 1.097009 1.111901 1.127142 1.142612 1.158315 1.174234 1.190435 1.206877 1.223640 1.240614 1.257858 1.275454 1.293278 1.311399 1.329866 1.348562 1.367500 1.386847 1.406493 1.426420 1.446658 1.467250 1.488150 1.509377 1.530985 1.552890 1.575149 1.597754 1.620783 1.644064 1.667779 1.691856 1.716353 1.741103 1.766340 1.791928 1.817935 1.844287 1.871012 1.898190 1.925797 1.953759 1.982142 2.011011 2.040191 2.069808 2.099901 2.130373 2.161309 2.192609 2.224412
9.689707E-01 9.819379E-01 9.951863E-01 1.008504 1.022191 1.035946 1.050019 1.064276 1.078795 1.093511 1.108413 1.123752 1.139124 1.154816 1.170833 1.187120 1.203564 1.220364 1.237361 1.254662 1.272287 1.290199 1.308332 1.326853 1.345619 1.364709 1.384080 1.403760 1.423820 1.444112 1.464857 1.485884 1.507172 1.528940 1.551030 1.573394 1.596115 1.619337 1.642809 1.666677 1.690920 1.715526 1.740541 1.766006 1.791796 1.817979 1.844674 1.871717 1.899112 1.927015 1.955286 1.983994 2.013177 2.042776 2.072802 2.103246 2.134045 2.165427 2.197268 2.229425 2.262117
9.781895E-01 9.913666E-01 1.004803 1.018412 1.032278 1.046293 1.060536 1.075054 1.089827 1.104785 1.119930 1.135501 1.151287 1.167203 1.183474 1.199962 1.216804 1.233839 1.251264 1.268892 1.286844 1.305064 1.323556 1.342416 1.361521 1.381042 1.400846 1.420886 1.441360 1.462157 1.483245 1.504718 1.526531 1.548676 1.571233 1.594108 1.617392 1.641041 1.665107 1.689560 1.714339 1.739601 1.765236 1.791247 1.817640 1.844505 1.871833 1.899541 1.927716 1.956264 1.985287 2.014749 2.044717 2.075053 2.105847 2.137152 2.168917 2.201106 2.233783 2.266922 2.300549
9.875563E-01 1.000924 1.014551 1.028330 1.042366 1.056654 1.071148 1.085919 1.100832 1.116135 1.131603 1.147397 1.163368 1.179628 1.196266 1.213039 1.230125 1.247536 1.265197 1.283192 1.301440 1.320069 1.338909 1.358107 1.377654 1.397543 1.417706 1.438158 1.459032 1.480232 1.501803 1.523761 1.546010 1.568722 1.591723 1.615105 1.638875 1.663075 1.687722 1.712645 1.738137 1.763913 1.790090 1.816812 1.843932 1.871375 1.899322 1.927752 1.956631 1.985987 2.015695 2.045998 2.076633 2.107844 2.139554 2.171665 2.204279 2.237359 2.271033 2.305098 2.339693
9.969130E-01 1.010462 1.024271 1.038324 1.052624 1.067074 1.081821 1.096836 1.112083 1.127620 1.143414 1.159381 1.175695 1.192221 1.209052 1.226160 1.243623 1.261321 1.279286 1.297699 1.316304 1.335128 1.354447 1.373983 1.393948 1.414206 1.434789 1.455742 1.476955 1.498636 1.520650 1.543080 1.565791 1.588955 1.612421 1.636389 1.660706 1.685432 1.710545 1.736190 1.762129 1.788556 1.815439 1.842730 1.870433 1.898654 1.927308 1.956448 1.985964 2.016112 2.046665 2.077680 2.109195 2.141223 2.173733 2.206737 2.240245 2.274302 2.308893 2.343930 2.379528
1.006217 1.020040 1.034124 1.048350 1.062904 1.077610 1.092602 1.107861 1.123343 1.139091 1.155161 1.171422 1.188003 1.204925 1.222030 1.239486 1.257224 1.275174 1.293558 1.312165 1.331166 1.350479 1.370084 1.390100 1.410381 1.430985 1.451977 1.473379 1.495082 1.517141 1.539676 1.562464 1.585727 1.609353 1.633351 1.657862 1.682703 1.708054 1.733733 1.759933 1.786468 1.813585 1.840992 1.868977 1.897391 1.926273 1.955643 1.985515 2.015829 2.046715 2.078036 2.109872 2.142238 2.175122 2.208516 2.242469 2.276857 2.311886 2.347389 2.383483 2.420089
1.015738 1.029747 1.043985 1.058467 1.073187 1.088127 1.103455 1.118951 1.134657 1.150683 1.166997 1.183575 1.200440 1.217647 1.235050 1.252770 1.270873 1.289243 1.307880 1.326935 1.346273 1.365860 1.385892 1.406262 1.426951 1.447974 1.469453 1.491181 1.513373 1.535900 1.558841 1.582190 1.605912 1.630129 1.654617 1.679599 1.705011 1.730924 1.757155 1.783948 1.811180 1.838880 1.866965 1.895554 1.924737 1.954319 1.984388 2.015002 2.046138 2.077696 2.109883 2.142577 2.175802 2.209563 2.243860 2.278735 2.314139 2.350084 2.386647 2.423731 2.461431
1.025240 1.039518 1.053922 1.068651 1.083618 1.098897 1.114361 1.130072 1.146096 1.162440 1.179009 1.195873 1.212984 1.230479 1.248195 1.266294 1.284703 1.303316 1.322350 1.341740 1.361414 1.381427 1.401815 1.422602 1.443697 1.465155 1.487021 1.509184 1.531782 1.554888 1.578287 1.602031 1.626342 1.651036 1.676052 1.701613 1.727635 1.754046 1.780878 1.808312 1.836124 1.864447 1.893245 1.922549 1.952375 1.982703 2.013547 2.044899 2.076804 2.109273 2.142220 2.175806 2.209875 2.244572 2.279785 2.315578 2.351953 2.388989 2.426557 2.464687 2.503505
1.034817 1.049253 1.063907 1.078885 1.094091 1.109608 1.125288 1.141330 1.157611 1.174149 1.191018 1.208230 1.225668 1.243388 1.261472 1.279824 1.298540 1.317600 1.336971 1.356685 1.376735 1.397113 1.417917 1.439048 1.460539 1.482432 1.504773 1.527403 1.550476 1.573976 1.597881 1.622211 1.646958 1.672177 1.697811 1.723876 1.750455 1.777517 1.804974 1.832946 1.861427 1.890419 1.919877 1.949870 1.980398 2.011458 2.043137 2.075241 2.107972 2.141235 2.175080 2.209464 2.244451 2.280080 2.316254 2.353012 2.390432 2.428464 2.467111 2.506423 2.546312
1.044464 1.059048 1.073953 1.089172 1.104607 1.120354 1.136406 1.152593 1.169134 1.186022 1.203127 1.220616 1.238383 1.256471 1.274861 1.293520 1.312582 1.331928 1.351685 1.371724 1.392240 1.412923 1.434121 1.455646 1.477621 1.499888 1.522654 1.545809 1.569274 1.593279 1.617667 1.642481 1.667752 1.693495 1.719684 1.746355 1.773528 1.801174 1.829268 1.857853 1.887052 1.916688 1.946906 1.977584 2.008841 2.040628 2.073025 2.106002 2.139522 2.173638 2.208366 2.243673 2.279636 2.316130 2.353312 2.391120 2.429568 2.468644 2.508414 2.548738 2.589835
1.054058 1.068998 1.084044 1.099494 1.115263 1.131168 1.147430 1.163979 1.180820 1.197947 1.215382 1.233099 1.251184 1.269579 1.288277 1.307272 1.326670 1.346454 1.366474 1.386992 1.407750 1.428939 1.450491 1.472451 1.494799 1.517488 1.540717 1.564263 1.588283 1.612782 1.637652 1.662988 1.688780 1.715076 1.741867 1.769130 1.796835 1.825051 1.853869 1.883119 1.912929 1.943321 1.974210 2.005634 2.037614 2.070218 2.103410 2.137193 2.171560 2.206553 2.242210 2.278386 2.315271 2.352755 2.390941 2.429781 2.469316 2.509509 2.550397 2.591933 2.634180
1.063705 1.078891 1.094273 1.109946 1.125876 1.142157 1.158631 1.175420 1.192541 1.209959 1.227673 1.245710 1.264104 1.282745 1.301792 1.321175 1.340859 1.360958 1.381395 1.402165 1.423480 1.445013 1.466988 1.489331 1.512153 1.535306 1.558936 1.582985 1.607497 1.632464 1.657804 1.683723 1.710066 1.736912 1.764252 1.792095 1.820419 1.849317 1.878694 1.908644 1.939144 1.970176 2.001795 2.034042 2.066782 2.100197 2.134192 2.168806 2.204057 2.239935 2.276455 2.313648 2.351528 2.390010 2.429183 2.469155 2.509759 2.551012 2.593052 2.635834 2.679328
1.073513 1.088822 1.104543 1.120391 1.136585 1.153057 1.169887 1.186919 1.204322 1.222062 1.240046 1.258392 1.277085 1.296076 1.315410 1.335131 1.355182 1.375658 1.396500 1.417614 1.439223 1.461241 1.483599 1.506354 1.529637 1.553242 1.577323 1.601852 1.626844 1.652292 1.678202 1.704670 1.731510 1.759006 1.786924 1.815295 1.844297 1.873802 1.903826 1.934473 1.965661 1.997420 2.029818 2.062719 2.096370 2.130533 2.165365 2.200870 2.237040 2.273736 2.311206 2.349400 2.388221 2.427797 2.468044 2.509079 2.550748 2.593259 2.636498 2.680467 2.725231
1.083258 1.098898 1.114783 1.130950 1.147390 1.164130 1.181129 1.198508 1.216183 1.234195 1.252491 1.271139 1.290132 1.309462 1.329124 1.349213 1.369580 1.390463 1.411560 1.433171 1.455162 1.477553 1.500335 1.523551 1.547185 1.571393 1.595852 1.620922 1.646444 1.672399 1.698868 1.725782 1.753271 1.781241 1.809734 1.838770 1.868378 1.898589 1.929308 1.960651 1.992513 2.024984 2.058096 2.091853 2.126247 2.161295 2.196912 2.233291 2.270377 2.308080 2.346506 2.385687 2.425534 2.466126 2.507493 2.549597 2.592507 2.636119 2.680641 2.725833 2.771923
1.093137 1.109006 1.125050 1.141526 1.158224 1.175189 1.192487 1.210180 1.228090 1.246405 1.264953 1.283942 1.303225 1.322884 1.342978 1.363334 1.384109 1.405247 1.426881 1.448825 1.471202 1.494016 1.517300 1.540877 1.564951 1.589599 1.614638 1.640137 1.666063 1.692576 1.719591 1.747153 1.775113 1.803770 1.832828 1.862529 1.892739 1.923530 1.955044 1.987007 2.019641 2.052874 2.086787 2.121347 2.156532 2.192399 2.228988 2.266228 2.304175 2.342869 2.382276 2.422489 2.463370 2.505026 2.547546 2.590794 2.634849 2.679736 2.725435 2.771997 2.819395
1.103012 1.119134 1.135388 1.152115 1.169051 1.186305 1.203931 1.221850 1.240065 1.258633 1.277536 1.296868 1.316483 1.336462 1.356825 1.377589 1.398712 1.420286 1.442216 1.464584 1.487375 1.510549 1.534246 1.558314 1.582930 1.607954 1.633524 1.659426 1.686012 1.713030 1.740579 1.768624 1.797322 1.826478 1.856147 1.886449 1.917401 1.948883 1.981026 2.013697 2.047089 2.081133 2.115794 2.151129 2.187140 2.223886 2.261332 2.299519 2.338412 2.378145 2.418591 2.459770 2.501709 2.544523 2.588142 2.632631 2.677916 2.724024 2.771034 2.818908 2.867661
1.112993 1.129277 1.145877 1.162742 1.179971 1.197506 1.215400 1.233535 1.252149 1.271023 1.290209 1.309825 1.329772 1.350125 1.370836 1.391898 1.413420 1.435330 1.457736 1.480418 1.503683 1.527259 1.551397 1.575956 1.600999 1.626492 1.652477 1.678987 1.706079 1.733631 1.761764 1.790329 1.819538 1.849355 1.879686 1.910627 1.942257 1.974416 2.007214 2.040704 2.074852 2.109630 2.145127 2.181297 2.218173 2.255822 2.294182 2.333313 2.373190 2.413844 2.455313 2.497556 2.540649 2.584607 2.629410 2.675021 2.721582 2.769007 2.817323 2.866584 2.916774
1.122931 1.139524 1.156316 1.173478 1.190980 1.208785 1.226900 1.245384 1.264206 1.283366 1.302990 1.322878 1.343138 1.363791 1.384914 1.406326 1.428225 1.450513 1.473233 1.496441 1.520047 1.544128 1.568655 1.593644 1.619217 1.645126 1.671708 1.698724 1.726247 1.754331 1.783036 1.812274 1.842081 1.872458 1.903466 1.935094 1.967350 2.000225 2.033788 2.068032 2.102862 2.138483 2.174750 2.211781 2.249568 2.288078 2.327367 2.367437 2.408332 2.450068 2.492585 2.535938 2.580118 2.625267 2.671198 2.718130 2.765951 2.814725 2.864382 2.915034 2.966697
1.132944 1.149673 1.166815 1.184241 1.201977 1.220147 1.238512 1.257247 1.276356 1.295855 1.315755 1.335960 1.356533 1.377538 1.399053 1.420856 1.443082 1.465797 1.488922 1.512535 1.536493 1.561057 1.585963 1.611522 1.637513 1.663979 1.691016 1.718566 1.746712 1.775277 1.804553 1.834389 1.864754 1.895819 1.927463 1.959766 1.992684 2.026261 2.060577 2.095562 2.131221 2.167622 2.204747 2.242648 2.281332 2.320727 2.360952 2.402049 2.443959 2.486699 2.530322 2.574757 2.620134 2.666406 2.713652 2.761837 2.810963 2.861084 2.912125 2.964305 3.017433
1.142976 1.159996 1.177366 1.195082 1.213073 1.231457 1.250166 1.269192 1.288643 1.308359 1.328577 1.349148 1.370116 1.391424 1.413230 1.435403 1.458059 1.481182 1.504673 1.528680 1.553121 1.578064 1.603542 1.629468 1.655967 1.682979 1.710449 1.738531 1.767209 1.796386 1.826270 1.856653 1.887654 1.919354 1.951621 1.984586 2.018267 2.052595 2.087650 2.123362 2.159861 2.197066 2.235109 2.273840 2.313419 2.353798 2.395006 2.437052 2.479985 2.523815 2.568528 2.614144 2.660740 2.708181 2.756738 2.806172 2.856638 2.908137 2.960699 3.014349 3.068989
1.153028 1.170331 1.187921 1.205896 1.224207 1.242837 1.261789 1.281161 1.300934 1.321021 1.341507 1.362323 1.383649 1.405391 1.427518 1.450112 1.473138 1.496567 1.520494 1.544946 1.569819 1.595234 1.621131 1.647566 1.674550 1.702058 1.730112 1.758715 1.787863 1.817688 1.848080 1.879099 1.910785 1.943108 1.976036 2.009763 2.044092 2.079209 2.114949 2.151475 2.188789 2.226848 2.265692 2.305417 2.345875 2.387224 2.429389 2.472504 2.516474 2.561349 2.607239 2.654031 2.701792 2.750577 2.800327 2.851158 2.903007 2.955920 3.009958 3.065051 3.121335
1.163108 1.180748 1.198500 1.216797 1.235295 1.254275 1.273514 1.293160 1.313257 1.333656 1.354440 1.375666 1.397368 1.419446 1.441945 1.464860 1.488235 1.512111 1.536537 1.561311 1.586619 1.612493 1.638901 1.665783 1.693212 1.721242 1.749819 1.778995 1.808741 1.839074 1.870152 1.901755 1.934065 1.967047 2.000737 2.035060 2.070127 2.105978 2.142533 2.179884 2.217998 2.256907 2.296628 2.337242 2.378717 2.420981 2.464202 2.508311 2.553424 2.599422 2.646432 2.694385 2.743396 2.793482 2.844572 2.896782 2.950040 3.004422 3.060009 3.116701 3.174564
1.173307 1.191010 1.209180 1.227669 1.246521 1.265739 1.285257 1.305230 1.325579 1.346393 1.367427 1.388982 1.411021 1.433475 1.456339 1.479655 1.503429 1.527746 1.552505 1.577805 1.603524 1.629861 1.656706 1.684135 1.712039 1.740604 1.769651 1.799427 1.829721 1.860690 1.892353 1.924629 1.957548 1.991191 2.025528 2.060587 2.096439 2.133013 2.170380 2.208478 2.247492 2.287288 2.327947 2.369475 2.411863 2.455128 2.499401 2.544589 2.590782 2.637947 2.686125 2.735323 2.785581 2.836952 2.889416 2.942989 2.997711 3.053649 3.110717 3.168992 3.228590
