T1-compare/WRECTAN/model-f.grd
DSAA
         200         200
  -15.00000       15.00000    
  -15.00000       15.00000    
  0.8349183       99.48388    
[rows 0 to 27 of 200, columns 0 to 62 of 200]
0.8568081 0.8684946 0.8803917 0.8925021 0.9048293 0.9173755 0.9301437 0.9431367 0.9563571 0.9698073 0.9834900 0.9974074 1.011562 1.025956 1.040590 1.055468 1.070591 1.085960 1.101578 1.117444 1.133560 1.149927 1.166546 1.183416 1.200538 1.217911 1.235534 1.253408 1.271530 1.289898 1.308511 1.327366 1.346461 1.365791 1.385352 1.405141 1.425153 1.445381 1.465820 1.486463 1.507303 1.528331 1.549539 1.570917 1.592457 1.614146 1.635974 1.657927 1.679995 1.702161 1.724413 1.746734 1.769109 1.791520 1.813951 1.836383 1.858796 1.881171 1.903488 1.925726 1.947861 1.969873 1.991738
0.8676476 0.8796371 0.8918461 0.9042779 0.9169357 0.9298223 0.9429410 0.9562947 0.9698865 0.9837187 0.9977944 1.012117 1.026687 1.041509 1.056584 1.071915 1.087504 1.103353 1.119462 1.135834 1.152471 1.169373 1.186540 1.203974 1.221675 1.239643 1.257877 1.276376 1.295140 1.314167 1.333455 1.353002 1.372805 1.392860 1.413164 1.433713 1.454502 1.475524 1.496774 1.518246 1.539932 1.561822 1.583910 1.606185 1.628637 1.651255 1.674027 1.696941 1.719982 1.743137 1.766390 1.789726 1.813128 1.836579 1.860058 1.883548 1.907028 1.930477 1.953874 1.977197 2.000422 2.023525 2.046483
0.8786443 0.8909442 0.9034733 0.9162344 0.9292317 0.9424675 0.9559459 0.9696702 0.9836434 0.9978684 1.012349 1.027087 1.042086 1.057349 1.072878 1.088676 1.104746 1.121088 1.137706 1.154602 1.171776 1.189230 1.206966 1.224984 1.243285 1.261868 1.280735 1.299884 1.319314 1.339025 1.359015 1.379281 1.399821 1.420631 1.441709 1.463050 1.484649 1.506500 1.528599 1.550936 1.573506 1.596300 1.619308 1.642522 1.665931 1.689523 1.713286 1.737207 1.761273 1.785467 1.809775 1.834179 1.858663 1.883207 1.907793 1.932400 1.957007 1.981591 2.006130 2.030601 2.054978 2.079237 2.103353
0.8898016 0.9024197 0.9152763 0.9283754 0.9417205 0.9553149 0.9691628 0.9832675 0.9976326 1.012262 1.027158 1.042324 1.057764 1.073482 1.089479 1.105758 1.122323 1.139176 1.156319 1.173754 1.191484 1.209510 1.227834 1.246456 1.265378 1.284600 1.304123 1.323945 1.344068 1.364489 1.385208 1.406222 1.427529 1.449126 1.471010 1.493176 1.515621 1.538338 1.561321 1.584564 1.608059 1.631798 1.655771 1.679969 1.704381 1.728995 1.753798 1.778778 1.803920 1.829207 1.854625 1.880154 1.905779 1.931477 1.957230 1.983016 2.008812 2.034596 2.060343 2.086028 2.111626 2.137110 2.162451
0.9011163 0.9140604 0.9272527 0.9406977 0.9543996 0.9683620 0.9825889 0.9970844 1.011852 1.026896 1.042220 1.057827 1.073721 1.089906 1.106385 1.123161 1.140236 1.157615 1.175301 1.193294 1.211598 1.230215 1.249146 1.268394 1.287960 1.307844 1.328046 1.348568 1.369409 1.390568 1.412045 1.433837 1.455942 1.478359 1.501082 1.524110 1.547436 1.571057 1.594965 1.619154 1.643616 1.668344 1.693327 1.718556 1.744020 1.769707 1.795604 1.821696 1.847969 1.874407 1.900993 1.927708 1.954534 1.981450 2.008435 2.035466 2.062520 2.089572 2.116597 2.143568 2.170459 2.197240 2.223882
0.9125881 0.9258656 0.9394020 0.9532018 0.9672695 0.9816092 0.9962252 1.011122 1.026303 1.041773 1.057536 1.073597 1.089958 1.106625 1.123600 1.140887 1.158490 1.176412 1.194656 1.213226 1.232123 1.251351 1.270912 1.290807 1.311039 1.331609 1.352517 1.373765 1.395351 1.417277 1.439541 1.462142 1.485079 1.508348 1.531947 1.555872 1.580120 1.604683 1.629558 1.654736 1.680211 1.705974 1.732016 1.758326 1.784894 1.811706 1.838750 1.866012 1.893476 1.921125 1.948941 1.976906 2.004999 2.033200 2.061485 2.089832 2.118215 2.146609 2.174986 2.203320 2.231580 2.259736 2.287758
0.9242205 0.9378396 0.9517285 0.9658920 0.9803348 0.9950613 1.010077 1.025385 1.040991 1.056899 1.073114 1.089640 1.106483 1.123645 1.141131 1.158945 1.177091 1.195574 1.214396 1.233560 1.253071 1.272930 1.293142 1.313707 1.334629 1.355909 1.377548 1.399549 1.421909 1.444632 1.467714 1.491157 1.514958 1.539115 1.563627 1.588488 1.613695 1.639243 1.665127 1.691340 1.717874 1.744720 1.771871 1.799314 1.827040 1.855034 1.883284 1.911775 1.940491 1.969414 1.998526 2.027808 2.057239 2.086795 2.116455 2.146192 2.175981 2.205794 2.235604 2.265380 2.295092 2.324707 2.354193
0.9360136 0.9499824 0.9642320 0.9787681 0.9935952 1.008718 1.024143 1.039874 1.055916 1.072274 1.088954 1.105959 1.123296 1.140968 1.158980 1.177338 1.196044 1.215104 1.234521 1.254300 1.274444 1.294956 1.315840 1.337100 1.358736 1.380752 1.403149 1.425930 1.449094 1.472643 1.496577 1.520895 1.545596 1.570678 1.596139 1.621976 1.648186 1.674763 1.701701 1.728995 1.756637 1.784619 1.812931 1.841563 1.870503 1.899739 1.929256 1.959040 1.989073 2.019338 2.049817 2.080487 2.111329 2.142317 2.173428 2.204635 2.235912 2.267228 2.298555 2.329861 2.361113 2.392277 2.423317
0.9479622 0.9622892 0.9769083 0.9918255 1.007047 1.022577 1.038421 1.054585 1.071075 1.087896 1.105052 1.122550 1.140395 1.158593 1.177147 1.196063 1.215347 1.235002 1.255034 1.275447 1.296245 1.317432 1.339012 1.360989 1.383365 1.406144 1.429327 1.452917 1.476915 1.501323 1.526141 1.551369 1.577007 1.603052 1.629503 1.656358 1.683614 1.711264 1.739305 1.767730 1.796532 1.825702 1.855232 1.885110 1.915325 1.945864 1.976713 2.007856 2.039277 2.070956 2.102873 2.135009 2.167339 2.199840 2.232486 2.265248 2.298099 2.331007 2.363942 2.396870 2.429757 2.462565 2.495257
0.9600697 0.9747624 0.9897597 1.005067 1.020692 1.036638 1.052913 1.069523 1.086471 1.103766 1.121413 1.139417 1.157785 1.176523 1.195634 1.215127 1.235005 1.255274 1.275940 1.297007 1.318481 1.340365 1.362665 1.385384 1.408526 1.432094 1.456092 1.480522 1.505386 1.530686 1.556422 1.582596 1.609209 1.636257 1.663740 1.691657 1.720003 1.748775 1.777968 1.807576 1.837591 1.868006 1.898812 1.929997 1.961551 1.993459 2.025708 2.058282 2.091162 2.124331 2.157766 2.191448 2.225351 2.259449 2.293718 2.328126 2.362644 2.397240 2.431880 2.466528 2.501150 2.535705 2.570153
0.9723370 0.9874040 1.002788 1.018496 1.034534 1.050907 1.067623 1.084688 1.102109 1.119891 1.138041 1.156566 1.175471 1.194764 1.214449 1.234535 1.255025 1.275928 1.297248 1.318990 1.341162 1.363766 1.386810 1.410296 1.434231 1.458618 1.483459 1.508760 1.534522 1.560748 1.587440 1.614598 1.642224 1.670316 1.698875 1.727898 1.757384 1.787327 1.817724 1.848568 1.879854 1.911573 1.943716 1.976273 2.009231 2.042578 2.076300 2.110378 2.144796 2.179534 2.214571 2.249884 2.285448 2.321236 2.357220 2.393370 2.429655 2.466039 2.502488 2.538964 2.575429 2.611840 2.648156
0.9847613 1.000211 1.015991 1.032108 1.048569 1.065380 1.082548 1.100081 1.117985 1.136267 1.154934 1.173992 1.193451 1.213314 1.233590 1.254286 1.275408 1.296963 1.318957 1.341396 1.364287 1.387636 1.411448 1.435729 1.460484 1.485717 1.511433 1.537637 1.564331 1.591519 1.619202 1.647384 1.676064 1.705244 1.734924 1.765101 1.795774 1.826940 1.858595 1.890733 1.923348 1.956433 1.989978 2.023973 2.058407 2.093266 2.128535 2.164198 2.200235 2.236628 2.273354 2.310389 2.347708 2.385282 2.423083 2.461078 2.499234 2.537514 2.575882 2.614299 2.652721 2.691107 2.729411
0.9973406 1.013182 1.029366 1.045902 1.062796 1.080055 1.097687 1.115698 1.134098 1.152893 1.172091 1.191698 1.211724 1.232175 1.253059 1.274383 1.296154 1.318381 1.341070 1.364228 1.387863 1.411980 1.436587 1.461689 1.487292 1.513403 1.540026 1.567165 1.594826 1.623012 1.651727 1.680972 1.710750 1.741063 1.771909 1.803290 1.835203 1.867646 1.900616 1.934107 1.968114 2.002630 2.037645 2.073150 2.109133 2.145581 2.182478 2.219808 2.257552 2.295689 2.334198 2.373052 2.412226 2.451689 2.491413 2.531363 2.571503 2.611796 2.652203 2.692681 2.733186 2.773673 2.814093
1.010077 1.026318 1.042917 1.059880 1.077217 1.094935 1.113041 1.131544 1.150452 1.169773 1.189515 1.209686 1.230295 1.251349 1.272857 1.294828 1.317269 1.340188 1.363593 1.387493 1.411894 1.436805 1.462232 1.488183 1.514665 1.541683 1.569244 1.597355 1.626019 1.655241 1.685026 1.715377 1.746297 1.777788 1.809851 1.842486 1.875694 1.909470 1.943814 1.978721 2.014185 2.050200 2.086756 2.123846 2.161456 2.199574 2.238184 2.277270 2.316812 2.356789 2.397179 2.437955 2.479090 2.520554 2.562313 2.604334 2.646580 2.689009 2.731581 2.774251 2.816972 2.859696 2.902370
1.022967 1.039617 1.056639 1.074041 1.091831 1.110018 1.128610 1.147617 1.167046 1.186906 1.207206 1.227956 1.249164 1.270838 1.292989 1.315624 1.338754 1.362386 1.386530 1.411193 1.436386 1.462116 1.488392 1.515220 1.542610 1.570568 1.599102 1.628218 1.657922 1.688221 1.719118 1.750618 1.782726 1.815444 1.848774 1.882717 1.917274 1.952444 1.988224 2.024611 2.061600 2.099185 2.137359 2.176110 2.215430 2.255303 2.295716 2.336650 2.378087 2.420006 2.462382 2.505188 2.548398 2.591977 2.635894 2.680112 2.724591 2.769288 2.814161 2.859163 2.904242 2.949348 2.994425
1.036011 1.053078 1.070532 1.088381 1.106635 1.125303 1.144392 1.163914 1.183877 1.204290 1.225164 1.246506 1.268329 1.290641 1.313452 1.336771 1.360609 1.384976 1.409880 1.435331 1.461340 1.487915 1.515067 1.542802 1.571131 1.600062 1.629602 1.659760 1.690543 1.721958 1.754010 1.786705 1.820048 1.854043 1.888693 1.924000 1.959966 1.996590 2.033871 2.071806 2.110392 2.149623 2.189492 2.229988 2.271103 2.312822 2.355132 2.398013 2.441449 2.485416 2.529889 2.574842 2.620246 2.666066 2.712270 2.758817 2.805666 2.852775 2.900095 2.947577 2.995168 3.042813 3.090453
1.049206 1.066699 1.084595 1.102902 1.121630 1.140788 1.160387 1.180436 1.200946 1.221926 1.243387 1.265339 1.287793 1.310759 1.334248 1.358270 1.382837 1.407959 1.433646 1.459910 1.486761 1.514208 1.542263 1.570936 1.600236 1.630172 1.660755 1.691993 1.723894 1.756467 1.789718 1.823654 1.858282 1.893606 1.929631 1.966360 2.003795 2.041938 2.080787 2.120342 2.160599 2.201554 2.243200 2.285528 2.328529 2.372189 2.416495 2.461428 2.506970 2.553098 2.599787 2.647011 2.694736 2.742931 2.791557 2.840576 2.889944 2.939614 2.989538 3.039661 3.089929 3.140282 3.190656
1.062549 1.080478 1.098825 1.117599 1.136811 1.156472 1.176592 1.197181 1.218251 1.239811 1.261874 1.284450 1.307552 1.331190 1.355376 1.380121 1.405437 1.431337 1.457831 1.484931 1.512649 1.540996 1.569985 1.599625 1.629929 1.660906 1.692568 1.724924 1.757985 1.791759 1.826255 1.861481 1.897444 1.934151 1.971608 2.009819 2.048787 2.088515 2.129004 2.170253 2.212260 2.255021 2.298531 2.342782 2.387765 2.433466 2.479873 2.526968 2.574732 2.623142 2.672172 2.721796 2.771979 2.822689 2.873886 2.925529 2.977573 3.029967 3.082661 3.135598 3.188719 3.241961 3.295256
1.076041 1.094414 1.113221 1.132472 1.152180 1.172354 1.193007 1.214148 1.235791 1.257947 1.280627 1.303843 1.327609 1.351937 1.376838 1.402326 1.428413 1.455112 1.482436 1.510398 1.539011 1.568286 1.598237 1.628877 1.660218 1.692271 1.725050 1.758564 1.792826 1.827846 1.863634 1.900199 1.937552 1.975698 2.014645 2.054400 2.094968 2.136351 2.178552 2.221573 2.265411 2.310064 2.355530 2.401799 2.448863 2.496712 2.545331 2.594704 2.644811 2.695629 2.747135 2.799297 2.852084 2.905460 2.959384 3.013814 3.068700 3.123994 3.179638 3.235574 3.291739 3.348065 3.404481
1.089679 1.108505 1.127782 1.147521 1.167734 1.188433 1.209630 1.231336 1.253566 1.276330 1.299642 1.323515 1.347962 1.372997 1.398633 1.424883 1.451763 1.479285 1.507463 1.536311 1.565845 1.596077 1.627022 1.658694 1.691106 1.724271 1.758204 1.792918 1.828425 1.864736 1.901865 1.939821 1.978617 2.018260 2.058759 2.100123 2.142358 2.185469 2.229460 2.274333 2.320088 2.366725 2.414240 2.462627 2.511880 2.561987 2.612935 2.664708 2.717287 2.770650 2.824770 2.879619 2.935164 2.991365 3.048184 3.105574 3.163485 3.221863 3.280651 3.339785 3.399198 3.458818 3.518571
1.103460 1.122747 1.142502 1.162739 1.183468 1.204703 1.226456 1.248741 1.271570 1.294957 1.318917 1.343461 1.368607 1.394368 1.420757 1.447791 1.475483 1.503850 1.532907 1.562669 1.593151 1.624369 1.656339 1.689075 1.722593 1.756909 1.792036 1.827991 1.864787 1.902438 1.940958 1.980358 2.020653 2.061853 2.103968 2.147008 2.190983 2.235896 2.281756 2.328566 2.376328 2.425042 2.474708 2.525319 2.576870 2.629352 2.682752 2.737055 2.792243 2.848292 2.905178 2.962871 3.021336 3.080536 3.140428 3.200963 3.262091 3.323755 3.385893 3.448439 3.511322 3.574464 3.637785
1.117379 1.137137 1.157381 1.178125 1.199382 1.221164 1.243485 1.266361 1.289803 1.313828 1.338450 1.363683 1.389545 1.416049 1.443211 1.471049 1.499577 1.528813 1.558774 1.589475 1.620935 1.653168 1.686194 1.720028 1.754689 1.790192 1.826555 1.863794 1.901924 1.940963 1.980926 2.021826 2.063678 2.106496 2.150293 2.195079 2.240866 2.287662 2.335474 2.384310 2.434171 2.485062 2.536981 2.589926 2.643893 2.698874 2.754856 2.811826 2.869766 2.928653 2.988464 3.049167 3.110728 3.173107 3.236262 3.300142 3.364694 3.429857 3.495569 3.561756 3.628346 3.695255 3.762396
1.131438 1.151675 1.172417 1.193678 1.215472 1.237813 1.260715 1.284193 1.308263 1.332940 1.358240 1.384178 1.410772 1.438039 1.465994 1.494656 1.524043 1.554171 1.585061 1.616728 1.649193 1.682473 1.716587 1.751554 1.787394 1.824124 1.861763 1.900329 1.939842 1.980319 2.021776 2.064232 2.107703 2.152203 2.197750 2.244354 2.292030 2.340789 2.390640 2.441592 2.493651 2.546821 2.601104 2.656500 2.713005 2.770613 2.829314 2.889095 2.949940 3.011826 3.074729 3.138619 3.203462 3.269216 3.335838 3.403275 3.471472 3.540366 3.609889 3.679966 3.750519 3.821458 3.892693
1.145630 1.166356 1.187606 1.209394 1.231736 1.254647 1.278141 1.302236 1.326946 1.352290 1.378283 1.404942 1.432287 1.460334 1.489102 1.518610 1.548877 1.579922 1.611765 1.644426 1.677925 1.712282 1.747517 1.783653 1.820708 1.858704 1.897662 1.937602 1.978544 2.020510 2.063518 2.107587 2.152738 2.198987 2.246352 2.294849 2.344494 2.395301 2.447281 2.500445 2.554803 2.610359 2.667121 2.725088 2.784260 2.844631 2.906195 2.968939 3.032849 3.097904 3.164078 3.231344 3.299666 3.369002 3.439308 3.510529 3.582608 3.655479 3.729072 3.803307 3.878098 3.953353 4.028974
1.159953 1.181176 1.202942 1.225268 1.248169 1.271661 1.295760 1.320483 1.345848 1.371872 1.398574 1.425971 1.454084 1.482931 1.512531 1.542906 1.574076 1.606062 1.638885 1.672567 1.707129 1.742594 1.778985 1.816323 1.854633 1.893936 1.934255 1.975615 2.018037 2.061543 2.106158 2.151900 2.198795 2.246860 2.296116 2.346583 2.398281 2.451222 2.505424 2.560900 2.617662 2.675719 2.735078 2.795743 2.857717 2.920995 2.985573 3.051441 3.118587 3.186988 3.256624 3.327466 3.399477 3.472616 3.546838 3.622087 3.698303 3.775418 3.853355 3.932034 4.011363 4.091242 4.171568
1.174403 1.196132 1.218424 1.241297 1.264768 1.288852 1.313567 1.338932 1.364966 1.391685 1.419111 1.447262 1.476161 1.505826 1.536279 1.567543 1.599639 1.632589 1.666419 1.701149 1.736805 1.773410 1.810990 1.849567 1.889169 1.929821 1.971546 2.014372 2.058323 2.103425 2.149702 2.197180 2.245883 2.295834 2.347057 2.399574 2.453407 2.508575 2.565096 2.622987 2.682263 2.742936 2.805018 2.868514 2.933430 2.999766 3.067518 3.136680 3.207240 3.279179 3.352478 3.427106 3.503030 3.580208 3.658594 3.738131 3.818756 3.900398 3.982979 4.066413 4.150600 4.235438 4.320814
1.188976 1.211220 1.234048 1.257478 1.281528 1.306216 1.331559 1.357579 1.384294 1.411723 1.439889 1.468811 1.498513 1.529016 1.560341 1.592515 1.625560 1.659501 1.694362 1.730168 1.766948 1.804725 1.843527 1.883381 1.924316 1.966357 2.009533 2.053874 2.099405 2.146157 2.194157 2.243432 2.294010 2.345920 2.399186 2.453835 2.509892 2.567379 2.626319 2.686733 2.748637 2.812049 2.876984 2.943450 3.011457 3.081008 3.152101 3.224734 3.298898 3.374575 3.451748 3.530389 3.610465 3.691933 3.774748 3.858850 3.944177 4.030654 4.118200 4.206720 4.296115 4.386272 4.477071
1.203669 1.226435 1.249807 1.273805 1.298445 1.323747 1.349732 1.376418 1.403828 1.431983 1.460903 1.490612 1.521135 1.552494 1.584713 1.617818 1.651835 1.686790 1.722710 1.759622 1.797555 1.836536 1.876596 1.917763 1.960069 2.003543 2.048215 2.094119 2.141283 2.189741 2.239522 2.290659 2.343183 2.397124 2.452512 2.509377 2.567749 2.627653 2.689116 2.752162 2.816814 2.883093 2.951015 3.020596 3.091849 3.164779 3.239389 3.315682 3.393649 3.473277 3.554549 3.637442 3.721922 3.807948 3.895473 3.984441 4.074782 4.166423 4.259277 4.353246 4.448224 4.544090 4.640718
