T1-compare/WRECTAN/model-t.grd
DSAA
         300         300
      -15.000000       15.000000
      -15.000000       15.000000
    7.077141E-01       99.352127
[rows 243 to 269 of 300, columns 61 to 121 of 300]
3.461776 3.529556 3.598825 3.669608 3.741997 3.815929 3.891521 3.968787 4.047744 4.128385 4.210761 4.294860 4.380731 4.468435 4.557913 4.649238 4.742376 4.837476 4.934339 5.033083 5.133664 5.236196 5.340556 5.446704 5.554693 5.664608 5.776248 5.889540 6.004632 6.121456 6.239817 6.359739 6.481128 6.603947 6.728050 6.853509 6.979988 7.107608 7.236010 7.365187 7.495239 7.625688 7.756417 7.887388 8.018545 8.149571 8.280316 8.410640 8.540428 8.669345 8.797282 8.924163 9.049701 9.173569 9.296069 9.416647 9.535093 9.651671 9.765715 9.877352 9.986389
3.403427 3.469264 3.536528 3.605274 3.675472 3.747195 3.820482 3.895360 3.971780 4.049840 4.129495 4.210819 4.293875 4.378534 4.464900 4.553086 4.642894 4.734537 4.827822 4.922887 5.019775 5.118314 5.218600 5.320621 5.424290 5.529702 5.636764 5.745342 5.855578 5.967388 6.080602 6.195312 6.311279 6.428567 6.547099 6.666625 6.787379 6.908801 7.031269 7.154294 7.277961 7.402112 7.526290 7.650898 7.775541 7.899933 8.024088 8.147688 8.270823 8.393146 8.514473 8.634760 8.753811 8.871495 8.987565 9.101874 9.214291 9.324662 9.432763 9.538711 9.642241
3.345975 3.409936 3.475247 3.541919 3.610054 3.679584 3.750621 3.823108 3.897105 3.972685 4.049730 4.128364 4.208600 4.290419 4.373858 4.458939 4.545621 4.633855 4.723756 4.815338 4.908530 5.003332 5.099755 5.197720 5.297286 5.398430 5.501073 5.605236 5.710846 5.817884 5.926208 6.035833 6.146707 6.258793 6.371889 6.486092 6.601133 6.716951 6.833553 6.950700 7.068477 7.186434 7.304747 7.423283 7.541677 7.659842 7.777772 7.895314 8.012129 8.128265 8.243496 8.357630 8.470734 8.582201 8.692423 8.800771 8.907367 9.012235 9.114878 9.215188 9.313402
3.289342 3.351434 3.414879 3.479590 3.545686 3.613097 3.681983 3.752212 3.823842 3.897029 3.971498 4.047597 4.125127 4.204170 4.284712 4.366722 4.450387 4.535490 4.622082 4.710280 4.799998 4.891149 4.983824 5.078031 5.173675 5.270653 5.369229 5.469035 5.570200 5.672681 5.776423 5.881287 5.987308 6.094376 6.202429 6.311359 6.421102 6.531684 6.642882 6.754588 6.866549 6.979003 7.091626 7.204329 7.316855 7.429244 7.541247 7.652946 7.763932 7.874269 7.983640 8.092052 8.199312 8.305182 8.409795 8.512553 8.613800 8.713219 8.810785 8.906138 8.999320
3.233581 3.293897 3.355463 3.418323 3.482410 3.547800 3.614494 3.682508 3.751934 3.822740 3.894866 3.968469 4.043281 4.119679 4.197445 4.276677 4.357296 4.439326 4.522883 4.607769 4.693983 4.781831 4.870838 4.961407 5.053275 5.146419 5.240877 5.336667 5.433599 5.531720 5.631041 5.731442 5.832734 5.935176 6.038354 6.142431 6.247199 6.352691 6.458712 6.565118 6.671825 6.778907 6.886212 6.993463 7.100544 7.207523 7.313911 7.420064 7.525667 7.630428 7.734385 7.837318 7.939198 8.039804 8.139023 8.236848 8.332897 8.427321 8.519893 8.610436 8.698947
3.178698 3.237325 3.297047 3.358034 3.420172 3.483626 3.548291 3.614142 3.681414 3.749857 3.819651 3.890732 3.963174 4.037006 4.112103 4.188507 4.266253 4.345428 4.425804 4.507598 4.590666 4.675089 4.760724 4.847730 4.936051 5.025396 5.116186 5.207976 5.300833 5.395061 5.490141 5.586164 5.683084 5.780948 5.879633 5.979070 6.079167 6.179683 6.280880 6.382322 6.484144 6.586083 6.688346 6.790297 6.892320 6.994018 7.095419 7.196381 7.296755 7.396361 7.495173 7.593017 7.689764 7.785545 7.879696 7.972647 8.063945 8.153677 8.241552 8.327473 8.411683
3.124764 3.181623 3.239623 3.298768 3.359074 3.420583 3.483266 3.547086 3.612118 3.678435 3.745903 3.814766 3.884698 3.955963 4.028474 4.102253 4.177286 4.253544 4.331060 4.409897 4.489904 4.571017 4.653553 4.737120 4.821917 4.907787 4.994807 5.082868 5.172134 5.262210 5.353323 5.445223 5.537960 5.631744 5.725968 5.820873 5.916443 6.012560 6.109232 6.206029 6.303000 6.400192 6.497581 6.594749 6.692044 6.788795 6.885341 6.981387 7.076842 7.171594 7.265604 7.358674 7.450692 7.541500 7.631346 7.719609 7.806129 7.891510 7.975010 8.056905 8.136527
3.071664 3.126812 3.183162 3.240588 3.298993 3.358661 3.419353 3.481240 3.544207 3.608378 3.673681 3.740235 3.807892 3.876691 3.946691 4.017935 4.090337 4.163851 4.238621 4.314471 4.391485 4.469628 4.548939 4.629382 4.710863 4.793351 4.876847 4.961345 5.046894 5.133335 5.220527 5.308636 5.397478 5.487069 5.577212 5.667978 5.759368 5.851252 5.943364 6.035560 6.128476 6.220971 6.313873 6.406675 6.499165 6.591090 6.683261 6.774580 6.865385 6.955677 7.045051 7.133656 7.221285 7.307648 7.392751 7.476642 7.559261 7.640330 7.719730 7.797525 7.873524
3.019334 3.072983 3.127639 3.183354 3.240095 3.297854 3.356747 3.416621 3.477584 3.539778 3.602959 3.667266 3.732669 3.799155 3.866841 3.935492 4.005307 4.076222 4.148351 4.221393 4.295611 4.370800 4.447085 4.524419 4.602740 4.682042 4.762159 4.843288 4.925370 5.008097 5.091839 5.176215 5.261243 5.346904 5.433348 5.520057 5.607576 5.695258 5.783083 5.871175 5.959743 6.048198 6.136648 6.224952 6.313360 6.401196 6.488850 6.575697 6.662274 6.748082 6.833240 6.917586 7.000638 7.082869 7.164274 7.243774 7.322390 7.399551 7.475085 7.549068 7.621420
2.967940 3.019974 3.073043 3.127063 3.182110 3.238140 3.295197 3.353283 3.412308 3.472383 3.533541 3.595782 3.658994 3.723186 3.788565 3.854863 3.922246 3.990682 4.060181 4.130492 4.202070 4.274383 4.347797 4.422260 4.497422 4.573649 4.650544 4.728570 4.807274 4.886747 4.966846 5.047799 5.129245 5.211320 5.293793 5.376984 5.460392 5.544137 5.628308 5.712365 5.796857 5.881499 5.965840 6.049952 6.134066 6.218140 6.301514 6.384498 6.466826 6.548627 6.629697 6.709774 6.789334 6.867258 6.944867 7.020609 7.095478 7.168651 7.240662 7.310880 7.379739
2.917375 2.967922 3.019393 3.071880 3.125286 3.179524 3.234780 3.291067 3.348270 3.406519 3.465607 3.525710 3.586811 3.648965 3.712007 3.776059 3.841128 3.907099 3.974076 4.041994 4.110784 4.180506 4.251079 4.322691 4.394959 4.468195 4.542175 4.616924 4.692527 4.768708 4.845525 4.923017 5.001227 5.079640 5.158938 5.238371 5.318203 5.398298 5.478510 5.559186 5.639803 5.720304 5.801064 5.881312 5.961600 6.041649 6.121063 6.200183 6.278762 6.356799 6.434065 6.510548 6.586026 6.660449 6.734069 6.806332 6.877436 6.947236 7.015614 7.082665 7.148105
2.867664 2.916762 2.966781 3.017611 3.069361 3.122037 3.175615 3.230143 3.285470 3.341806 3.399080 3.457201 3.516347 3.576358 3.637315 3.699038 3.761828 3.825569 3.889985 3.955503 4.021785 4.089009 4.156909 4.225755 4.295372 4.365766 4.436853 4.508651 4.581144 4.654341 4.727893 4.802214 4.877145 4.952510 5.028122 5.104276 5.180558 5.257359 5.334122 5.411000 5.488114 5.565015 5.641806 5.718843 5.795362 5.871798 5.947479 6.022877 6.097861 6.172165 6.245848 6.318480 6.390528 6.461572 6.531454 6.600481 6.668054 6.734815 6.799824 6.863535 6.925931
2.818743 2.866473 2.914920 2.964396 3.014614 3.065627 3.117563 3.170373 3.224041 3.278525 3.333866 3.390171 3.447271 3.505205 3.564133 3.623937 3.684499 3.745821 3.808128 3.871175 3.935134 3.999659 4.065111 4.131442 4.198363 4.266050 4.334271 4.403279 4.472946 4.543175 4.613853 4.685047 4.756764 4.829025 4.901465 4.974411 5.047333 5.120700 5.194318 5.268007 5.341549 5.415151 5.488629 5.561789 5.634888 5.707838 5.780089 5.852256 5.923629 5.994449 6.064520 6.134241 6.202668 6.270199 6.337087 6.402721 6.467430 6.530559 6.592779 6.653516 6.712979
2.770757 2.817017 2.864157 2.912001 2.960761 3.010238 3.060604 3.111733 3.163738 3.216416 3.270068 3.324522 3.379735 3.435813 3.492657 3.550292 3.608807 3.668028 3.727994 3.788950 3.850438 3.912794 3.975797 4.039483 4.103807 4.168959 4.234697 4.301039 4.367790 4.435091 4.502990 4.571426 4.640138 4.709346 4.778862 4.848479 4.918667 4.988620 5.058971 5.129344 5.199916 5.270032 5.340441 5.410401 5.480366 5.549677 5.618991 5.687551 5.755854 5.823462 5.890429 5.956678 6.022165 6.086402 6.150022 6.212949 6.274230 6.334735 6.393786 6.451709 6.508473
2.723541 2.768500 2.814287 2.860739 2.907939 2.955965 3.004806 3.054261 3.104621 3.155696 3.207599 3.260166 3.313654 3.367800 3.422800 3.478426 3.534899 3.592098 3.650014 3.708699 3.768008 3.828014 3.888663 3.949990 4.012053 4.074543 4.137659 4.201424 4.265574 4.330415 4.395640 4.461234 4.527163 4.593547 4.660133 4.727032 4.794096 4.861081 4.928528 4.995869 5.063294 5.130260 5.197386 5.264530 5.331024 5.397689 5.463541 5.529253 5.594316 5.658707 5.722619 5.785608 5.847907 5.909897 5.970506 6.030123 6.088866 6.146360 6.202700 6.258135 6.311770
2.677108 2.720780 2.765188 2.810291 2.856122 2.902725 2.949920 2.997931 3.046711 3.096223 3.146389 3.197261 3.248886 3.301376 3.354449 3.408185 3.462727 3.517921 3.573719 3.630296 3.687596 3.745315 3.803793 3.862849 3.922528 3.982650 4.043406 4.104645 4.166371 4.228643 4.291124 4.353955 4.417339 4.481065 4.544688 4.608739 4.673188 4.737541 4.801872 4.866384 4.930862 4.994920 5.059414 5.123332 5.187119 5.250585 5.313599 5.376383 5.438526 5.500103 5.561059 5.621346 5.681117 5.739842 5.797575 5.854485 5.910625 5.965607 6.019092 6.071924 6.123349
2.631610 2.673989 2.717074 2.760878 2.805319 2.850448 2.896258 2.942799 2.989973 3.037904 3.086484 3.135796 3.185668 3.236345 3.287685 3.339666 3.392309 3.445464 3.499383 3.553926 3.609098 3.664801 3.721133 3.778057 3.835516 3.893350 3.951885 4.010623 4.069952 4.129727 4.189779 4.250165 4.310971 4.372001 4.433123 4.494606 4.556077 4.617965 4.679480 4.741400 4.802897 4.864535 4.926146 4.987215 5.047989 5.108824 5.169111 5.228827 5.288307 5.347231 5.405502 5.463026 5.519957 5.575832 5.631042 5.685390 5.739212 5.791461 5.842795 5.893141 5.942182
2.586885 2.628029 2.669864 2.712323 2.755380 2.799180 2.843646 2.888710 2.934457 2.980787 3.027872 3.075579 3.123826 3.172850 3.222471 3.272654 3.323484 3.374849 3.426911 3.479543 3.532706 3.586472 3.640782 3.695508 3.750746 3.806452 3.862761 3.919330 3.976255 4.033762 4.091395 4.149530 4.207711 4.266262 4.325090 4.383958 4.442961 4.501995 4.561163 4.620388 4.679410 4.738523 4.797112 4.855924 4.913908 4.972256 5.029610 5.086979 5.143641 5.199751 5.255464 5.310610 5.364873 5.418235 5.470971 5.523014 5.573824 5.623932 5.672921 5.721002 5.767646
2.542911 2.582855 2.623451 2.664688 2.706511 2.748988 2.791996 2.835689 2.880026 2.924938 2.970441 3.016689 3.063386 3.110739 3.158578 3.207201 3.256226 3.305864 3.356136 3.406860 3.458182 3.509952 3.562286 3.615078 3.668125 3.721914 3.775974 3.830480 3.885342 3.940472 3.995930 4.051743 4.107783 4.163823 4.220249 4.276663 4.333461 4.390112 4.446578 4.503225 4.560000 4.616398 4.672540 4.728779 4.784611 4.839875 4.895217 4.949819 5.004031 5.057732 5.110870 5.163401 5.215200 5.266635 5.316663 5.366586 5.414911 5.462745 5.509588 5.555587 5.600312
2.499685 2.538527 2.577912 2.617952 2.658545 2.699677 2.741511 2.783755 2.826657 2.870183 2.914311 2.959018 3.004147 3.049993 3.096305 3.143190 3.190652 3.238605 3.287050 3.335944 3.385509 3.435348 3.485869 3.536610 3.588054 3.639673 3.691728 3.744033 3.796845 3.849840 3.903223 3.956678 4.010492 4.064488 4.118464 4.172674 4.227108 4.281274 4.335781 4.390108 4.444132 4.498302 4.552202 4.605704 4.659079 4.712222 4.764999 4.817370 4.869363 4.920680 4.971564 5.021693 5.071106 5.120303 5.168309 5.215850 5.262288 5.307993 5.352471 5.396277 5.438819
2.457297 2.495020 2.533172 2.572132 2.611494 2.651373 2.691897 2.732851 2.774536 2.816688 2.859261 2.902541 2.946299 2.990537 3.035284 3.080696 3.126451 3.172841 3.219610 3.266803 3.314608 3.362741 3.411286 3.460397 3.509778 3.559480 3.609607 3.659983 3.710732 3.761744 3.813114 3.864378 3.916120 3.967928 4.019943 4.072044 4.124022 4.176263 4.228086 4.280219 4.332298 4.384141 4.435630 4.486940 4.538022 4.589207 4.639481 4.689619 4.739293 4.788497 4.836968 4.885132 4.932416 4.979520 5.025144 5.070487 5.115239 5.158587 5.201256 5.243342 5.283995
2.415690 2.452356 2.489412 2.527162 2.565260 2.604013 2.643366 2.683046 2.723399 2.764167 2.805522 2.847386 2.889669 2.932463 2.975880 3.019586 3.063937 3.108649 3.153821 3.199409 3.245555 3.292002 3.338859 3.386047 3.433598 3.481475 3.529740 3.578320 3.627142 3.676158 3.725596 3.775033 3.824677 3.874346 3.924258 3.974244 4.024150 4.074365 4.124223 4.174111 4.224117 4.273797 4.322933 4.372216 4.421201 4.470168 4.518528 4.566309 4.613771 4.660870 4.707460 4.753157 4.798777 4.843557 4.887419 4.930559 4.973042 5.014671 5.055686 5.095555 5.134513
2.374844 2.410370 2.446416 2.482957 2.520034 2.557648 2.595744 2.634242 2.673293 2.712879 2.752802 2.793338 2.834291 2.875786 2.917719 2.960042 3.002819 3.045986 3.089650 3.133690 3.178102 3.222936 3.268194 3.313583 3.359559 3.405633 3.452155 3.498933 3.545786 3.593146 3.640398 3.688075 3.735777 3.783598 3.831440 3.879580 3.927462 3.975393 4.023625 4.071336 4.119035 4.166643 4.214096 4.261577 4.308131 4.354954 4.401174 4.447109 4.492640 4.537709 4.582311 4.626327 4.669629 4.712154 4.754376 4.795642 4.836399 4.876410 4.915452 4.953617 4.990657
2.334686 2.369210 2.404284 2.439761 2.475733 2.512131 2.549098 2.586417 2.624265 2.662578 2.701381 2.740552 2.780194 2.820318 2.860856 2.901799 2.943045 2.984800 3.027033 3.069556 3.112482 3.155602 3.199276 3.243229 3.287295 3.331868 3.376643 3.421688 3.466775 3.512298 3.557979 3.603743 3.649436 3.695396 3.741473 3.787565 3.833750 3.879905 3.925954 3.971722 4.017698 4.063477 4.108865 4.154249 4.199002 4.243910 4.288006 4.332054 4.375658 4.418797 4.461301 4.503604 4.545149 4.586070 4.626386 4.665885 4.704500 4.742640 4.780097 4.816745 4.852325
2.295262 2.328789 2.362850 2.397307 2.432192 2.467578 2.503369 2.539577 2.576288 2.613381 2.650933 2.688917 2.727364 2.766072 2.805280 2.844845 2.884875 2.925128 2.965884 3.006962 3.048334 3.090030 3.132159 3.174461 3.217088 3.260054 3.302971 3.346540 3.389996 3.433712 3.477560 3.521564 3.565682 3.609856 3.654088 3.698542 3.742945 3.787241 3.831239 3.875518 3.919581 3.963247 4.006829 4.050195 4.093278 4.136354 4.178876 4.220840 4.262596 4.303902 4.344766 4.384915 4.424806 4.463655 4.502601 4.540547 4.577663 4.614047 4.649965 4.684836 4.718791
2.256526 2.289155 2.322203 2.355662 2.389542 2.423888 2.458524 2.493789 2.529300 2.565291 2.601589 2.638313 2.675517 2.713068 2.750951 2.789300 2.827800 2.866926 2.906247 2.945795 2.985903 3.026085 3.066682 3.107457 3.148666 3.190006 3.231519 3.273240 3.315238 3.357426 3.399547 3.441947 3.484332 3.527020 3.569625 3.611890 3.654702 3.697250 3.739694 3.781928 3.824173 3.866296 3.908187 3.949706 3.991232 4.032147 4.072895 4.113314 4.153308 4.192949 4.232025 4.270768 4.308681 4.346170 4.382999 4.419328 4.455251 4.490070 4.524168 4.557666 4.590243
2.218668 2.250284 2.282385 2.314923 2.347801 2.380992 2.414705 2.448784 2.483228 2.518075 2.553325 2.588904 2.624902 2.661219 2.697859 2.734866 2.772269 2.810026 2.848011 2.886322 2.924870 2.963753 3.002904 3.042293 3.082083 3.121787 3.162012 3.202034 3.242500 3.283010 3.323853 3.364580 3.405430 3.446179 3.487250 3.528185 3.568897 3.609805 3.650489 3.691240 3.731784 3.772074 3.812436 3.852191 3.892256 3.931621 3.970634 4.009289 4.047728 4.085603 4.123141 4.160310 4.196642 4.232476 4.268163 4.302711 4.336996 4.370349 4.403144 4.434843 4.466102
