T1-compare/0.2/model.grd
DSAA
          90          90
  -15.00000       15.00000    
  -15.00000       15.00000    
  0.1011221       18.05779    
[rows 54 to 80 of 90, columns 0 to 60 of 90]
0.2624328 0.2795772 0.2983660 0.3188812 0.3414437 0.3661829 0.3934962 0.4235784 0.4569352 0.4938528 0.5349816 0.5807416 0.6319847 0.6893277 0.7539095 0.8266349 0.9090630 1.002534 1.109229 1.231162 1.371463 1.533217 1.721067 1.939859 2.196777 2.499778 2.860654 3.293435 3.819389 4.466070 5.275907 6.298891 7.545975 8.827056 9.902369 10.74353 11.39926 11.91494 12.32021 12.63745 12.88042 13.06059 13.18419 13.25692 13.28057 13.25692 13.18418 13.06059 12.88042 12.63745 12.32021 11.91494 11.39927 10.74353 9.902372 8.827058 7.545979 6.298894 5.275910 4.466076 3.819395
0.2586559 0.2753717 0.2936670 0.3136246 0.3355440 0.3595522 0.3860184 0.4151312 0.4473584 0.4829748 0.5225809 0.5665715 0.6157323 0.6706378 0.7323296 0.8016444 0.8799994 0.9686185 1.069469 1.184367 1.316111 1.467443 1.642460 1.845397 2.082494 2.360553 2.689590 3.081265 3.553115 4.127306 4.837862 5.724701 6.797561 7.898379 8.827057 9.561054 10.13954 10.59877 10.96241 11.24877 11.46910 11.63305 11.74581 11.81228 11.83390 11.81227 11.74581 11.63305 11.46910 11.24877 10.96241 10.59877 10.13955 9.561055 8.827060 7.898382 6.797565 5.724704 4.837866 4.127310 3.553120
0.2546178 0.2708881 0.2886519 0.3080309 0.3292624 0.3525111 0.3780749 0.4061813 0.4372126 0.4714799 0.5094787 0.5516374 0.5986117 0.6509967 0.7096676 0.7754622 0.8495757 0.9331957 1.027979 1.135639 1.258521 1.399133 1.560871 1.747483 1.964037 2.216300 2.512119 2.860778 3.275131 3.770974 4.369893 5.093513 5.937451 6.797563 7.545978 8.157710 8.651967 9.050884 9.370831 9.624860 9.821793 9.968869 10.07053 10.13044 10.15007 10.13044 10.07053 9.968869 9.821791 9.624861 9.370832 9.050884 8.651971 8.157711 7.545979 6.797564 5.937455 5.093516 4.369895 3.770977 3.275135
0.2503466 0.2661477 0.2833591 0.3021310 0.3226472 0.3451017 0.3697312 0.3967894 0.4265842 0.4594512 0.4957952 0.5360612 0.5807887 0.6305800 0.6861591 0.7483473 0.8181346 0.8966532 0.9852735 1.085579 1.199491 1.329256 1.477607 1.647770 1.843691 2.070069 2.332668 2.638370 2.995538 3.413737 3.902892 4.467976 5.093514 5.724702 6.298893 6.790772 7.201736 7.540789 7.817193 8.038986 8.212500 8.342724 8.433242 8.486606 8.504214 8.486605 8.433242 8.342724 8.212500 8.038986 7.817194 7.540790 7.201738 6.790773 6.298893 5.724704 5.093515 4.467977 3.902894 3.413739 2.995541
0.2458701 0.2611763 0.2778240 0.2959585 0.3157458 0.3373718 0.3610495 0.3870195 0.4155580 0.4469794 0.4816448 0.5199673 0.5624254 0.6095679 0.6620336 0.7205603 0.7860097 0.8593825 0.9418516 1.034788 1.139800 1.258778 1.393941 1.547891 1.723683 1.924866 2.155533 2.420281 2.724041 3.071455 3.465318 3.902893 4.369894 4.837866 5.275910 5.665631 6.001596 6.285239 6.520435 6.711508 6.862388 6.976369 7.055986 7.103047 7.118614 7.103047 7.055985 6.976368 6.862388 6.711509 6.520436 6.285240 6.001597 5.665632 5.275911 4.837866 4.369895 3.902894 3.465320 3.071455 2.724043
0.2412094 0.2560054 0.2720749 0.2895545 0.3085966 0.3293747 0.3520827 0.3769432 0.4042070 0.4341610 0.4671310 0.5034900 0.5436656 0.5881478 0.6374991 0.6923694 0.7535060 0.8217742 0.8981718 0.9838555 1.080159 1.188624 1.311021 1.449375 1.605978 1.783382 1.984335 2.211654 2.467883 2.754653 3.071454 3.413738 3.770976 4.127308 4.466075 4.774960 5.047750 5.282751 5.480747 5.643584 5.773380 5.872111 5.941421 5.982513 5.996130 5.982514 5.941421 5.872111 5.773380 5.643584 5.480747 5.282751 5.047751 4.774961 4.466075 4.127308 3.770977 3.413738 3.071455 2.754654 2.467885
0.2363895 0.2506638 0.2661444 0.2829571 0.3012431 0.3211607 0.3428886 0.3666282 0.3926087 0.4210876 0.4523590 0.4867551 0.5246561 0.5664937 0.6127612 0.6640211 0.7209185 0.7841870 0.8546670 0.9333152 1.021219 1.119610 1.229866 1.353516 1.492223 1.647734 1.821794 2.015961 2.231302 2.467884 2.724042 2.995540 3.275134 3.553119 3.819394 4.065843 4.287250 4.481068 4.646623 4.784310 4.895031 4.979823 5.039632 5.075206 5.087011 5.075206 5.039632 4.979822 4.895032 4.784312 4.646623 4.481069 4.287250 4.065843 3.819395 3.553120 3.275135 2.995541 2.724043 2.467884 2.231303
0.2314344 0.2451800 0.2600644 0.2762037 0.2937265 0.3127786 0.3335220 0.3561394 0.3808365 0.4078459 0.4374286 0.4698798 0.5055332 0.5447680 0.5880097 0.6357432 0.6885147 0.7469427 0.8117216 0.8836327 0.9635447 1.052422 1.151310 1.261334 1.383653 1.519414 1.669640 1.835081 2.015960 2.211654 2.420281 2.638371 2.860780 3.081267 3.293438 3.491678 3.671898 3.831588 3.969518 4.085337 4.179209 4.251538 4.302790 4.333363 4.343523 4.333362 4.302790 4.251537 4.179209 4.085337 3.969518 3.831588 3.671899 3.491679 3.293439 3.081267 2.860780 2.638372 2.420282 2.211655 2.015962
0.2263685 0.2395810 0.2538658 0.2693289 0.2860880 0.3042748 0.3240363 0.3455373 0.3689623 0.3945174 0.4224349 0.4529737 0.4864260 0.5231189 0.5634193 0.6077383 0.6565357 0.7103232 0.7696693 0.8352003 0.9076002 0.9876060 1.075997 1.173570 1.281109 1.399321 1.528747 1.669641 1.821795 1.984336 2.155534 2.332669 2.512121 2.689592 2.860658 3.021411 3.168738 3.300457 3.415226 3.512358 3.591613 3.653012 3.696691 3.722819 3.731512 3.722819 3.696691 3.653011 3.591613 3.512358 3.415226 3.300457 3.168738 3.021410 2.860658 2.689593 2.512122 2.332669 2.155534 1.984337 1.821795
0.2212149 0.2338935 0.2475787 0.2623670 0.2783652 0.2956930 0.3144819 0.3348799 0.3570507 0.3811775 0.4074638 0.4361365 0.4674478 0.5016794 0.5391430 0.5801844 0.6251855 0.6745660 0.7287837 0.7883341 0.8537447 0.9255698 1.004372 1.090703 1.185065 1.287860 1.399320 1.519414 1.647734 1.783382 1.924866 2.070070 2.216301 2.360554 2.499780 2.631102 2.752126 2.861032 2.956560 3.037917 3.104669 3.156615 3.193700 3.215933 3.223341 3.215933 3.193700 3.156615 3.104669 3.037917 2.956561 2.861032 2.752127 2.631102 2.499780 2.360554 2.216301 2.070070 1.924866 1.783383 1.647735
0.2159966 0.2281433 0.2412322 0.2553509 0.2705963 0.2870754 0.3049066 0.3242210 0.3451639 0.3678961 0.3925956 0.4194587 0.4487028 0.4805671 0.5153147 0.5532335 0.5946374 0.6398661 0.6892838 0.7432756 0.8022424 0.8665907 0.9367177 1.012988 1.095705 1.185065 1.281110 1.383654 1.492223 1.605980 1.723684 1.843693 1.964039 2.082497 2.196780 2.304794 2.404704 2.495029 2.574655 2.642801 2.698960 2.742826 2.774234 2.793100 2.799392 2.793101 2.774234 2.742826 2.698960 2.642801 2.574655 2.495029 2.404704 2.304793 2.196780 2.082497 1.964039 1.843693 1.723684 1.605980 1.492224
0.2107347 0.2223539 0.2348528 0.2483108 0.2628146 0.2784603 0.2953531 0.3136092 0.3333562 0.3547351 0.3778998 0.4030194 0.4302792 0.4598818 0.4920461 0.5270103 0.5650290 0.6063746 0.6513315 0.7001963 0.7532660 0.8108331 0.8731669 0.9404975 1.012988 1.090703 1.173570 1.261335 1.353517 1.449376 1.547892 1.647771 1.747485 1.845399 1.939861 2.029254 2.112140 2.187317 2.253832 2.310968 2.358217 2.395233 2.421798 2.437781 2.443115 2.437781 2.421798 2.395233 2.358217 2.310968 2.253832 2.187317 2.112140 2.029254 1.939862 1.845399 1.747485 1.647771 1.547892 1.449377 1.353517
0.2054494 0.2165478 0.2284659 0.2412746 0.2550517 0.2698828 0.2858611 0.3030886 0.3216776 0.3417496 0.3634379 0.3868868 0.4122535 0.4397070 0.4694293 0.5016141 0.5364671 0.5742025 0.6150413 0.6592056 0.7069126 0.7583653 0.8137395 0.8731672 0.9367183 1.004373 1.075997 1.151312 1.229867 1.311022 1.393942 1.477609 1.560874 1.642463 1.721070 1.795479 1.864570 1.927373 1.983084 2.031071 2.070857 2.102099 2.124561 2.138093 2.142613 2.138093 2.124561 2.102099 2.070857 2.031070 1.983083 1.927373 1.864570 1.795479 1.721070 1.642463 1.560874 1.477609 1.393942 1.311022 1.229867
0.2001595 0.2107462 0.2220944 0.2342681 0.2473363 0.2613748 0.2764656 0.2926986 0.3101707 0.3289873 0.3492624 0.3711187 0.3946877 0.4201105 0.4475356 0.4771205 0.5090281 0.5434259 0.5804816 0.6203599 0.6632140 0.7091804 0.7583650 0.8108333 0.8665914 0.9255707 0.9876067 1.052423 1.119611 1.188625 1.258779 1.329258 1.399134 1.467445 1.533220 1.595484 1.653343 1.706009 1.752810 1.793202 1.826756 1.853150 1.872153 1.883613 1.887443 1.883613 1.872153 1.853150 1.826756 1.793201 1.752810 1.706008 1.653343 1.595484 1.533219 1.467445 1.399134 1.329257 1.258779 1.188625 1.119611
0.1948825 0.2049682 0.2157602 0.2273150 0.2396944 0.2529650 0.2671987 0.2824736 0.2988739 0.3164898 0.3354183 0.3557627 0.3776330 0.4011451 0.4264202 0.4535837 0.4827642 0.5140898 0.5476865 0.5836725 0.6221530 0.6632143 0.7069127 0.7532667 0.8022432 0.8537461 0.9076013 0.9635465 1.021221 1.080161 1.139802 1.199494 1.258525 1.316116 1.371468 1.423832 1.472501 1.516836 1.556280 1.590367 1.618722 1.641056 1.657152 1.666866 1.670113 1.666866 1.657152 1.641055 1.618722 1.590367 1.556279 1.516836 1.472501 1.423832 1.371467 1.316116 1.258524 1.199494 1.139802 1.080160 1.021221
0.1896347 0.1992319 0.2094825 0.2204370 0.2321495 0.2446789 0.2580877 0.2724437 0.2878190 0.3042911 0.3219416 0.3408571 0.3611284 0.3828505 0.4061206 0.4310385 0.4577033 0.4862123 0.5166572 0.5491210 0.5836720 0.6203597 0.6592052 0.7001963 0.7432759 0.7883348 0.8352008 0.8836333 0.9333157 0.9838564 1.034788 1.085581 1.135642 1.184370 1.231165 1.275408 1.316524 1.353989 1.387343 1.416192 1.440212 1.459147 1.472805 1.481051 1.483809 1.481051 1.472805 1.459147 1.440212 1.416192 1.387343 1.353989 1.316524 1.275408 1.231164 1.184370 1.135641 1.085580 1.034788 0.9838566 0.9333160
0.1844307 0.1935529 0.2032786 0.2136524 0.2247220 0.2365382 0.2491562 0.2626339 0.2770331 0.2924193 0.3088613 0.3264309 0.3452028 0.3652537 0.3866614 0.4095033 0.4338556 0.4597901 0.4873723 0.5166573 0.5476863 0.5804816 0.6150412 0.6513318 0.6892843 0.7287847 0.7696701 0.8117225 0.8546677 0.8981729 0.9418526 0.9852753 1.027982 1.069473 1.109233 1.146782 1.181661 1.213443 1.241744 1.266234 1.286636 1.302728 1.314341 1.321355 1.323701 1.321356 1.314341 1.302728 1.286636 1.266233 1.241743 1.213443 1.181661 1.146782 1.109232 1.069473 1.027982 0.9852749 0.9418527 0.8981731 0.8546679
0.1792836 0.1879458 0.1971642 0.2069781 0.2174293 0.2285623 0.2404242 0.2530651 0.2665373 0.2808963 0.2961992 0.3125053 0.3298754 0.3483712 0.3680535 0.3889824 0.4112147 0.4348024 0.4597900 0.4862121 0.5140894 0.5434257 0.5742022 0.6063745 0.6398665 0.6745669 0.7103238 0.7469435 0.7841874 0.8217750 0.8593830 0.8966547 0.9331977 0.9686214 1.002537 1.034540 1.064247 1.091308 1.115404 1.136260 1.153639 1.167351 1.177249 1.183230 1.185230 1.183230 1.177249 1.167351 1.153639 1.136259 1.115404 1.091308 1.064247 1.034539 1.002537 0.9686211 0.9331976 0.8966545 0.8593832 0.8217751 0.7841877
0.1742056 0.1824232 0.1911526 0.2004284 0.2102870 0.2207668 0.2319084 0.2437543 0.2563491 0.2697389 0.2839713 0.2990946 0.3151581 0.3322102 0.3502987 0.3694687 0.3897621 0.4112147 0.4338555 0.4577032 0.4827639 0.5090280 0.5364669 0.5650292 0.5946380 0.6251866 0.6565365 0.6885159 0.7209193 0.7535070 0.7860106 0.8181362 0.8495781 0.8800026 0.9090658 0.9364518 0.9618524 0.9849787 1.005567 1.023384 1.038233 1.049950 1.058409 1.063521 1.065231 1.063521 1.058409 1.049950 1.038233 1.023384 1.005566 0.9849784 0.9618524 0.9364516 0.9090655 0.8800022 0.8495778 0.8181359 0.7860106 0.7535071 0.7209193
0.1692065 0.1769958 0.1852553 0.1940154 0.2033073 0.2131645 0.2236214 0.2347143 0.2464805 0.2589585 0.2721873 0.2862062 0.3010543 0.3167698 0.3333889 0.3509453 0.3694684 0.3889821 0.4095029 0.4310381 0.4535832 0.4771200 0.5016136 0.5270101 0.5532336 0.5801851 0.6077388 0.6357439 0.6640218 0.6923698 0.7205607 0.7483484 0.7754641 0.8016465 0.8266370 0.8501615 0.8719614 0.8917961 0.9094469 0.9247187 0.9374446 0.9474867 0.9547368 0.9591177 0.9605833 0.9591178 0.9547369 0.9474867 0.9374446 0.9247186 0.9094469 0.8917962 0.8719617 0.8501617 0.8266373 0.8016466 0.7754644 0.7483486 0.7205612 0.6923704 0.6640224
0.1642959 0.1716735 0.1794826 0.1877493 0.1965010 0.2057661 0.2155739 0.2259551 0.2369408 0.2485629 0.2608531 0.2738429 0.2875631 0.3020433 0.3173105 0.3333888 0.3502983 0.3680531 0.3866609 0.4061202 0.4264196 0.4475350 0.4694287 0.4920459 0.5153148 0.5391435 0.5634198 0.5880103 0.6127613 0.6374993 0.6620336 0.6861597 0.7096685 0.7323309 0.7539105 0.7741937 0.7929707 0.8100427 0.8252264 0.8383591 0.8493000 0.8579322 0.8641640 0.8679297 0.8691891 0.8679297 0.8641640 0.8579322 0.8492998 0.8383591 0.8252264 0.8100427 0.7929709 0.7741939 0.7539106 0.7323309 0.7096687 0.6861600 0.6620341 0.6374998 0.6127618
0.1594812 0.1664642 0.1738423 0.1816386 0.1898761 0.1985794 0.2077732 0.2174833 0.2277354 0.2385556 0.2499695 0.2620023 0.2746777 0.2880182 0.3020432 0.3167697 0.3322098 0.3483709 0.3652532 0.3828501 0.4011446 0.4201098 0.4397064 0.4598815 0.4805673 0.5016801 0.5231193 0.5447684 0.5664939 0.5881479 0.6095680 0.6305805 0.6509973 0.6706386 0.6893290 0.7068786 0.7231088 0.7378527 0.7509581 0.7622879 0.7717238 0.7791668 0.7845396 0.7877856 0.7888716 0.7877858 0.7845396 0.7791668 0.7717238 0.7622877 0.7509580 0.7378528 0.7231090 0.7068787 0.6893291 0.6706387 0.6509975 0.6305808 0.6095682 0.5881483 0.5664943
0.1547692 0.1613743 0.1683412 0.1756894 0.1834387 0.1916101 0.2002243 0.2093026 0.2188664 0.2289368 0.2395343 0.2506784 0.2623874 0.2746777 0.2875632 0.3010543 0.3151578 0.3298753 0.3452026 0.3611281 0.3776326 0.3946874 0.4122531 0.4302794 0.4487032 0.4674487 0.4864267 0.5055343 0.5246565 0.5436661 0.5624257 0.5807902 0.5986135 0.6157348 0.6319875 0.6472247 0.6613006 0.6740770 0.6854252 0.6952311 0.7033942 0.7098319 0.7144778 0.7172846 0.7182233 0.7172847 0.7144778 0.7098320 0.7033943 0.6952310 0.6854251 0.6740769 0.6613007 0.6472248 0.6319875 0.6157348 0.5986135 0.5807902 0.5624260 0.5436664 0.5246568
0.1501651 0.1564095 0.1629845 0.1699069 0.1771936 0.1848621 0.1929299 0.2014147 0.2103337 0.2197041 0.2295418 0.2398619 0.2506781 0.2620020 0.2738425 0.2862059 0.2990941 0.3125049 0.3264303 0.3408565 0.3557619 0.3711179 0.3868860 0.4030190 0.4194587 0.4361368 0.4529737 0.4698800 0.4867550 0.5034901 0.5199672 0.5360619 0.5516393 0.5665738 0.5807438 0.5940155 0.6062632 0.6173699 0.6272284 0.6357418 0.6428261 0.6484110 0.6524407 0.6548748 0.6556890 0.6548749 0.6524409 0.6484113 0.6428264 0.6357419 0.6272286 0.6173702 0.6062635 0.5940159 0.5807443 0.5665742 0.5516397 0.5360624 0.5199678 0.5034909 0.4867558
0.1456732 0.1515737 0.1577761 0.1642945 0.1711435 0.1783376 0.1858914 0.1938193 0.2021354 0.2108530 0.2199847 0.2295418 0.2395341 0.2499693 0.2608529 0.2721871 0.2839709 0.2961988 0.3088608 0.3219411 0.3354177 0.3492618 0.3634372 0.3778995 0.3925958 0.4074645 0.4224353 0.4374290 0.4523590 0.4671310 0.4816451 0.4957960 0.5094807 0.5225834 0.5349848 0.5465819 0.5572723 0.5669581 0.5755488 0.5829632 0.5891301 0.5939900 0.5974956 0.5996127 0.6003208 0.5996128 0.5974957 0.5939901 0.5891302 0.5829633 0.5755489 0.5669583 0.5572724 0.5465822 0.5349850 0.5225837 0.5094810 0.4957963 0.4816455 0.4671317 0.4523596
0.1412975 0.1468707 0.1527191 0.1588550 0.1652903 0.1720375 0.1791082 0.1865143 0.1942670 0.2023768 0.2108532 0.2197042 0.2289367 0.2385556 0.2485629 0.2589585 0.2697387 0.2808962 0.2924190 0.3042907 0.3164892 0.3289869 0.3417490 0.3547350 0.3678965 0.3811784 0.3945181 0.4078466 0.4210879 0.4341612 0.4469797 0.4594528 0.4714820 0.4829781 0.4938561 0.5040198 0.5133793 0.5218517 0.5293607 0.5358372 0.5412215 0.5454630 0.5485218 0.5503687 0.5509865 0.5503688 0.5485219 0.5454632 0.5412216 0.5358373 0.5293608 0.5218518 0.5133795 0.5040199 0.4938563 0.4829783 0.4714821 0.4594530 0.4469801 0.4341617 0.4210884
0.1370401 0.1423022 0.1478152 0.1535891 0.1596343 0.1659607 0.1725781 0.1794959 0.1867229 0.1942672 0.2021357 0.2103340 0.2188665 0.2277354 0.2369409 0.2464805 0.2563490 0.2665372 0.2770328 0.2878187 0.2988733 0.3101701 0.3216770 0.3333562 0.3451643 0.3570516 0.3689629 0.3808372 0.3926089 0.4042072 0.4155584 0.4265856 0.4372146 0.4473613 0.4569381 0.4658722 0.4740907 0.4815236 0.4881062 0.4937804 0.4984952 0.5022079 0.5048845 0.5065004 0.5070407 0.5065005 0.5048846 0.5022080 0.4984953 0.4937805 0.4881063 0.4815237 0.4740909 0.4658725 0.4569383 0.4473615 0.4372148 0.4265859 0.4155588 0.4042076 0.3926094
