T1-compare/0.2/model.grd
DSAA
          90          90
  -15.00000       15.00000    
  -15.00000       15.00000    
  0.1011221       18.05779    
[rows 27 to 53 of 90, columns 0 to 60 of 90]
0.2314338 0.2451792 0.2600638 0.2762030 0.2937260 0.3127783 0.3335213 0.3561388 0.3808360 0.4078454 0.4374282 0.4698794 0.5055330 0.5447676 0.5880095 0.6357431 0.6885148 0.7469428 0.8117218 0.8836328 0.9635450 1.052422 1.151311 1.261334 1.383653 1.519414 1.669640 1.835080 2.015960 2.211653 2.420280 2.638370 2.860777 3.081264 3.293434 3.491674 3.671894 3.831583 3.969513 4.085332 4.179204 4.251532 4.302783 4.333356 4.343516 4.333355 4.302783 4.251532 4.179204 4.085332 3.969514 3.831583 3.671895 3.491675 3.293435 3.081264 2.860778 2.638370 2.420281 2.211654 2.015961
0.2363893 0.2506634 0.2661442 0.2829568 0.3012430 0.3211604 0.3428882 0.3666279 0.3926086 0.4210876 0.4523586 0.4867548 0.5246556 0.5664934 0.6127610 0.6640211 0.7209185 0.7841868 0.8546669 0.9333152 1.021219 1.119610 1.229866 1.353516 1.492222 1.647734 1.821794 2.015960 2.231301 2.467882 2.724040 2.995537 3.275131 3.553115 3.819389 4.065838 4.287242 4.481062 4.646616 4.784303 4.895024 4.979815 5.039624 5.075198 5.087003 5.075198 5.039624 4.979815 4.895025 4.784303 4.646616 4.481063 4.287243 4.065838 3.819389 3.553115 3.275132 2.995538 2.724041 2.467883 2.231302
0.2412090 0.2560050 0.2720746 0.2895539 0.3085963 0.3293742 0.3520823 0.3769428 0.4042065 0.4341606 0.4671307 0.5034897 0.5436651 0.5881476 0.6374989 0.6923690 0.7535059 0.8217742 0.8981720 0.9838558 1.080159 1.188624 1.311021 1.449375 1.605978 1.783381 1.984335 2.211653 2.467882 2.754653 3.071453 3.413736 3.770973 4.127304 4.466070 4.774956 5.047746 5.282745 5.480742 5.643578 5.773375 5.872105 5.941414 5.982507 5.996123 5.982507 5.941414 5.872105 5.773375 5.643578 5.480742 5.282745 5.047748 4.774956 4.466070 4.127305 3.770973 3.413737 3.071454 2.754653 2.467883
0.2458697 0.2611757 0.2778234 0.2959580 0.3157451 0.3373714 0.3610490 0.3870190 0.4155574 0.4469788 0.4816445 0.5199669 0.5624245 0.6095675 0.6620334 0.7205601 0.7860093 0.8593825 0.9418517 1.034788 1.139800 1.258778 1.393941 1.547891 1.723683 1.924866 2.155533 2.420280 2.724040 3.071453 3.465318 3.902891 4.369891 4.837862 5.275905 5.665627 6.001591 6.285234 6.520429 6.711502 6.862381 6.976362 7.055979 7.103040 7.118607 7.103040 7.055979 6.976362 6.862383 6.711503 6.520431 6.285234 6.001592 5.665627 5.275907 4.837862 4.369893 3.902892 3.465318 3.071455 2.724042
0.2503462 0.2661470 0.2833587 0.3021305 0.3226470 0.3451015 0.3697309 0.3967891 0.4265845 0.4594511 0.4957951 0.5360609 0.5807888 0.6305800 0.6861593 0.7483476 0.8181352 0.8966536 0.9852741 1.085580 1.199492 1.329257 1.477608 1.647771 1.843692 2.070069 2.332668 2.638370 2.995538 3.413736 3.902891 4.467975 5.093512 5.724699 6.298890 6.790769 7.201732 7.540785 7.817189 8.038981 8.212495 8.342719 8.433236 8.486599 8.504210 8.486599 8.433236 8.342719 8.212495 8.038981 7.817190 7.540786 7.201735 6.790769 6.298891 5.724701 5.093513 4.467976 3.902892 3.413738 2.995540
0.2546173 0.2708874 0.2886513 0.3080308 0.3292624 0.3525105 0.3780750 0.4061811 0.4372127 0.4714799 0.5094788 0.5516377 0.5986118 0.6509965 0.7096673 0.7754626 0.8495764 0.9331959 1.027980 1.135640 1.258522 1.399133 1.560871 1.747483 1.964037 2.216300 2.512119 2.860777 3.275130 3.770973 4.369890 5.093512 5.937449 6.797559 7.545973 8.157707 8.651962 9.050879 9.370825 9.624854 9.821785 9.968863 10.07052 10.13043 10.15006 10.13043 10.07052 9.968863 9.821784 9.624855 9.370827 9.050880 8.651964 8.157708 7.545975 6.797561 5.937451 5.093514 4.369894 3.770976 3.275134
0.2586558 0.2753714 0.2936665 0.3136245 0.3355438 0.3595519 0.3860181 0.4151308 0.4473586 0.4829747 0.5225811 0.5665715 0.6157321 0.6706375 0.7323298 0.8016446 0.8799998 0.9686188 1.069470 1.184368 1.316112 1.467443 1.642460 1.845397 2.082494 2.360552 2.689589 3.081264 3.553114 4.127305 4.837862 5.724700 6.797558 7.898377 8.827053 9.561051 10.13954 10.59877 10.96241 11.24876 11.46910 11.63305 11.74581 11.81227 11.83390 11.81227 11.74580 11.63305 11.46910 11.24876 10.96241 10.59877 10.13954 9.561052 8.827055 7.898380 6.797562 5.724703 4.837865 4.127308 3.553118
0.2624325 0.2795771 0.2983654 0.3188813 0.3414433 0.3661827 0.3934963 0.4235784 0.4569349 0.4938526 0.5349819 0.5807414 0.6319845 0.6893280 0.7539092 0.8266352 0.9090630 1.002535 1.109229 1.231162 1.371464 1.533217 1.721068 1.939860 2.196777 2.499778 2.860654 3.293435 3.819389 4.466070 5.275905 6.298891 7.545974 8.827054 9.902367 10.74352 11.39926 11.91494 12.32021 12.63745 12.88042 13.06059 13.18418 13.25692 13.28056 13.25692 13.18418 13.06058 12.88042 12.63745 12.32021 11.91494 11.39926 10.74352 9.902369 8.827056 7.545978 6.298893 5.275910 4.466075 3.819394
0.2659278 0.2834742 0.3027216 0.3237606 0.3469235 0.3723502 0.4004563 0.4314533 0.4658687 0.5040159 0.5465783 0.5940129 0.6472215 0.7068775 0.7741925 0.8501603 0.9364490 1.034537 1.146779 1.275406 1.423828 1.595482 1.795477 2.029252 2.304790 2.631100 3.021406 3.491675 4.065838 4.774956 5.665627 6.790769 8.157707 9.561050 10.74352 11.67013 12.39143 12.95689 13.39983 13.74543 14.00944 14.20475 14.33854 14.41717 14.44274 14.41717 14.33854 14.20475 14.00944 13.74543 13.39983 12.95690 12.39144 11.67013 10.74353 9.561052 8.157710 6.790773 5.665631 4.774960 4.065843
0.2691195 0.2870368 0.3067074 0.3282285 0.3519455 0.3780078 0.4068474 0.4386899 0.4740871 0.5133751 0.5572694 0.6062602 0.6612971 0.7231077 0.7929701 0.8719596 0.9618494 1.064244 1.181658 1.316522 1.472497 1.653341 1.864568 2.112138 2.404701 2.752124 3.168734 3.671895 4.287242 5.047746 6.001591 7.201733 8.651960 10.13954 11.39926 12.39143 13.16588 13.77334 14.24897 14.61967 14.90257 15.11159 15.25469 15.33870 15.36603 15.33870 15.25469 15.11159 14.90257 14.61968 14.24898 13.77334 13.16588 12.39144 11.39926 10.13954 8.651967 7.201736 6.001596 5.047751 4.287249
0.2719888 0.2902421 0.3102947 0.3322533 0.3564720 0.3831121 0.4126170 0.4452299 0.4815200 0.5218484 0.5669553 0.6173671 0.6740738 0.7378522 0.8100417 0.8917944 0.9849761 1.091305 1.213439 1.353987 1.516831 1.706005 1.927370 2.187315 2.495026 2.861030 3.300453 3.831583 4.481062 5.282746 6.285234 7.540785 9.050879 10.59877 11.91494 12.95689 13.77334 14.41516 14.91827 15.31050 15.60983 15.83091 15.98223 16.07104 16.09995 16.07104 15.98223 15.83091 15.60983 15.31050 14.91827 14.41516 13.77334 12.95690 11.91494 10.59877 9.050884 7.540790 6.285239 5.282751 4.481069
0.2745163 0.2930658 0.3134579 0.3358054 0.3604696 0.3876224 0.4177190 0.4510173 0.4881036 0.5293570 0.5755459 0.6272259 0.6854220 0.7509572 0.8252258 0.9094449 1.005564 1.115402 1.241740 1.387340 1.556275 1.752807 1.983080 2.253829 2.574651 2.956557 3.415220 3.969513 4.646616 5.480742 6.520430 7.817189 9.370825 10.96241 12.32021 13.39983 14.24897 14.91827 15.44387 15.85403 16.16725 16.39862 16.55703 16.64998 16.68024 16.64998 16.55703 16.39862 16.16725 15.85403 15.44388 14.91827 14.24898 13.39983 12.32021 10.96241 9.370831 7.817193 6.520435 5.480747 4.646623
0.2766841 0.2954903 0.3161747 0.3388577 0.3639061 0.3915032 0.4221111 0.4560028 0.4937776 0.5358340 0.5829602 0.6357394 0.6952273 0.7622870 0.8383579 0.9247168 1.023381 1.136256 1.266229 1.416189 1.590361 1.793199 2.031066 2.310965 2.642797 3.037914 3.512353 4.085332 4.784303 5.643577 6.711501 8.038981 9.624854 11.24876 12.63745 13.74543 14.61967 15.31050 15.85403 16.27872 16.60332 16.84322 17.00754 17.10395 17.13536 17.10395 17.00754 16.84322 16.60332 16.27872 15.85403 15.31050 14.61968 13.74543 12.63745 11.24876 9.624860 8.038986 6.711508 5.643583 4.784310
0.2784782 0.2974973 0.3184258 0.3413866 0.3667560 0.3947216 0.4257572 0.4601428 0.4984917 0.5412177 0.5891269 0.6428232 0.7033908 0.7717224 0.8492986 0.9374421 1.038229 1.153635 1.286632 1.440208 1.618716 1.826753 2.070852 2.358213 2.698955 3.104664 3.591607 4.179203 4.895024 5.773374 6.862381 8.212495 9.821784 11.46910 12.88042 14.00944 14.90257 15.60983 16.16725 16.60332 16.93694 17.18366 17.35271 17.45192 17.48425 17.45192 17.35271 17.18365 16.93695 16.60332 16.16725 15.60983 14.90258 14.00945 12.88042 11.46910 9.821791 8.212500 6.862389 5.773381 4.895032
0.2798873 0.2990742 0.3201934 0.3433749 0.3689965 0.3972535 0.4286248 0.4634013 0.5022041 0.5454583 0.5939860 0.6484074 0.7098281 0.7791652 0.8579307 0.9474840 1.049946 1.167347 1.302724 1.459144 1.641049 1.853146 2.102095 2.395229 2.742822 3.156611 3.653005 4.251532 4.979815 5.872106 6.976362 8.342720 9.968863 11.63305 13.06059 14.20475 15.11159 15.83091 16.39862 16.84323 17.18365 17.43553 17.60821 17.70955 17.74259 17.70955 17.60821 17.43553 17.18366 16.84323 16.39863 15.83091 15.11160 14.20475 13.06059 11.63305 9.968868 8.342724 6.976368 5.872112 4.979822
0.2809011 0.3002081 0.3214668 0.3448060 0.3706103 0.3990773 0.4306920 0.4657494 0.5048804 0.5485170 0.5974917 0.6524370 0.7144734 0.7845374 0.8641620 0.9547334 1.058405 1.177245 1.314337 1.472801 1.657146 1.872149 2.124557 2.421793 2.774229 3.193696 3.696686 4.302784 5.039625 5.941414 7.055980 8.433237 10.07052 11.74581 13.18418 14.33854 15.25469 15.98223 16.55703 17.00754 17.35271 17.60821 17.78342 17.88628 17.91982 17.88628 17.78342 17.60821 17.35271 17.00754 16.55704 15.98224 15.25469 14.33855 13.18418 11.74581 10.07053 8.433242 7.055986 5.941421 5.039634
0.2815115 0.3008919 0.3222331 0.3456689 0.3715830 0.4001778 0.4319392 0.4671674 0.5064957 0.5503637 0.5996079 0.6548710 0.7172800 0.7877839 0.8679276 0.9591143 1.063517 1.183225 1.321350 1.481047 1.666859 1.883609 2.138089 2.437777 2.793096 3.215929 3.722812 4.333356 5.075199 5.982507 7.103040 8.486598 10.13043 11.81227 13.25692 14.41717 15.33870 16.07104 16.64998 17.10395 17.45192 17.70955 17.88628 17.99003 18.02386 17.99003 17.88628 17.70955 17.45192 17.10395 16.64999 16.07104 15.33871 14.41718 13.25692 11.81227 10.13044 8.486606 7.103047 5.982514 5.075206
0.2817164 0.3011208 0.3224902 0.3459573 0.3719091 0.4005453 0.4323566 0.4676413 0.5070367 0.5509816 0.6003166 0.6556851 0.7182193 0.7888694 0.8691872 0.9605799 1.065227 1.185226 1.323697 1.483805 1.670106 1.887438 2.142608 2.443111 2.799388 3.223336 3.731506 4.343516 5.087002 5.996124 7.118607 8.504210 10.15006 11.83390 13.28056 14.44274 15.36603 16.09995 16.68024 17.13536 17.48425 17.74259 17.91982 18.02386 18.05779 18.02386 17.91982 17.74259 17.48425 17.13536 16.68025 16.09995 15.36604 14.44274 13.28057 11.83390 10.15007 8.504214 7.118613 5.996131 5.087011
0.2815115 0.3008922 0.3222333 0.3456688 0.3715835 0.4001782 0.4319395 0.4671674 0.5064957 0.5503641 0.5996085 0.6548715 0.7172801 0.7877840 0.8679276 0.9591146 1.063517 1.183226 1.321351 1.481047 1.666859 1.883609 2.138088 2.437776 2.793096 3.215929 3.722812 4.333356 5.075198 5.982507 7.103040 8.486599 10.13043 11.81227 13.25692 14.41717 15.33870 16.07104 16.64998 17.10395 17.45192 17.70955 17.88628 17.99003 18.02386 17.99003 17.88628 17.70955 17.45192 17.10395 16.64998 16.07104 15.33871 14.41717 13.25692 11.81227 10.13044 8.486605 7.103047 5.982514 5.075207
0.2809010 0.3002083 0.3214666 0.3448059 0.3706103 0.3990775 0.4306921 0.4657493 0.5048805 0.5485174 0.5974918 0.6524372 0.7144738 0.7845377 0.8641622 0.9547334 1.058405 1.177245 1.314336 1.472801 1.657145 1.872150 2.124555 2.421793 2.774229 3.193696 3.696685 4.302783 5.039624 5.941413 7.055979 8.433236 10.07052 11.74581 13.18418 14.33854 15.25469 15.98223 16.55703 17.00754 17.35271 17.60821 17.78342 17.88628 17.91982 17.88628 17.78342 17.60821 17.35271 17.00754 16.55704 15.98224 15.25469 14.33854 13.18418 11.74581 10.07053 8.433242 7.055986 5.941421 5.039632
0.2798876 0.2990743 0.3201932 0.3433750 0.3689967 0.3972536 0.4286252 0.4634016 0.5022042 0.5454586 0.5939861 0.6484081 0.7098283 0.7791651 0.8579307 0.9474841 1.049946 1.167348 1.302724 1.459144 1.641049 1.853146 2.102095 2.395229 2.742822 3.156611 3.653005 4.251533 4.979815 5.872105 6.976362 8.342719 9.968863 11.63305 13.06058 14.20475 15.11159 15.83091 16.39862 16.84322 17.18365 17.43553 17.60821 17.70955 17.74259 17.70955 17.60821 17.43553 17.18365 16.84323 16.39863 15.83091 15.11160 14.20475 13.06059 11.63305 9.968869 8.342724 6.976368 5.872112 4.979823
0.2784790 0.2974978 0.3184261 0.3413870 0.3667564 0.3947218 0.4257578 0.4601427 0.4984920 0.5412178 0.5891273 0.6428237 0.7033908 0.7717223 0.8492986 0.9374418 1.038229 1.153636 1.286632 1.440209 1.618716 1.826752 2.070853 2.358213 2.698955 3.104664 3.591608 4.179204 4.895024 5.773375 6.862381 8.212496 9.821784 11.46910 12.88042 14.00944 14.90257 15.60983 16.16725 16.60332 16.93695 17.18366 17.35271 17.45192 17.48425 17.45192 17.35271 17.18366 16.93695 16.60332 16.16725 15.60983 14.90258 14.00945 12.88042 11.46910 9.821791 8.212501 6.862389 5.773380 4.895032
0.2766840 0.2954903 0.3161747 0.3388575 0.3639061 0.3915030 0.4221114 0.4560030 0.4937772 0.5358337 0.5829601 0.6357397 0.6952275 0.7622870 0.8383580 0.9247167 1.023380 1.136256 1.266229 1.416189 1.590361 1.793198 2.031066 2.310965 2.642797 3.037914 3.512353 4.085332 4.784303 5.643578 6.711501 8.038981 9.624855 11.24876 12.63745 13.74543 14.61967 15.31050 15.85403 16.27872 16.60332 16.84323 17.00754 17.10395 17.13536 17.10395 17.00754 16.84323 16.60332 16.27872 15.85404 15.31050 14.61968 13.74543 12.63745 11.24877 9.624860 8.038986 6.711508 5.643584 4.784312
0.2745165 0.2930660 0.3134582 0.3358057 0.3604695 0.3876222 0.4177190 0.4510175 0.4881036 0.5293573 0.5755461 0.6272260 0.6854224 0.7509573 0.8252252 0.9094446 1.005563 1.115401 1.241740 1.387340 1.556274 1.752807 1.983080 2.253829 2.574651 2.956557 3.415220 3.969513 4.646616 5.480742 6.520430 7.817189 9.370827 10.96241 12.32021 13.39983 14.24897 14.91827 15.44388 15.85404 16.16725 16.39863 16.55704 16.64998 16.68025 16.64998 16.55704 16.39863 16.16725 15.85404 15.44388 14.91828 14.24898 13.39983 12.32021 10.96241 9.370832 7.817194 6.520436 5.480749 4.646623
0.2719889 0.2902420 0.3102952 0.3322536 0.3564720 0.3831123 0.4126172 0.4452301 0.4815205 0.5218486 0.5669556 0.6173673 0.6740739 0.7378521 0.8100422 0.8917944 0.9849759 1.091305 1.213439 1.353986 1.516831 1.706005 1.927370 2.187315 2.495026 2.861030 3.300453 3.831583 4.481063 5.282745 6.285234 7.540786 9.050880 10.59877 11.91494 12.95690 13.77334 14.41516 14.91827 15.31050 15.60983 15.83091 15.98224 16.07104 16.09995 16.07104 15.98224 15.83091 15.60983 15.31050 14.91828 14.41516 13.77334 12.95690 11.91494 10.59877 9.050886 7.540790 6.285239 5.282751 4.481069
0.2691200 0.2870371 0.3067081 0.3282290 0.3519459 0.3780081 0.4068477 0.4386907 0.4740877 0.5133756 0.5572695 0.6062609 0.6612980 0.7231083 0.7929706 0.8719598 0.9618499 1.064245 1.181658 1.316521 1.472497 1.653341 1.864568 2.112139 2.404701 2.752124 3.168735 3.671896 4.287244 5.047748 6.001592 7.201735 8.651964 10.13954 11.39926 12.39144 13.16588 13.77334 14.24898 14.61968 14.90258 15.11160 15.25469 15.33871 15.36604 15.33871 15.25469 15.11160 14.90258 14.61968 14.24898 13.77334 13.16589 12.39144 11.39927 10.13955 8.651968 7.201738 6.001597 5.047752 4.287251
0.2659277 0.2834740 0.3027218 0.3237604 0.3469236 0.3723502 0.4004569 0.4314533 0.4658687 0.5040158 0.5465783 0.5940125 0.6472213 0.7068775 0.7741924 0.8501594 0.9364483 1.034536 1.146778 1.275405 1.423827 1.595482 1.795476 2.029252 2.304790 2.631100 3.021407 3.491675 4.065838 4.774957 5.665627 6.790770 8.157707 9.561052 10.74352 11.67013 12.39144 12.95690 13.39983 13.74543 14.00945 14.20475 14.33855 14.41718 14.44274 14.41718 14.33855 14.20475 14.00945 13.74543 13.39984 12.95690 12.39144 11.67013 10.74353 9.561057 8.157712 6.790773 5.665632 4.774961 4.065844
