T1-compare/0.2/model_t.grd
DSAA
          90          90
      -15.000000       15.000000
      -15.000000       15.000000
    9.122904E-02       18.028996
[rows 50 to 74 of 90, columns 0 to 56 of 90]
2.543693E-01 2.722755E-01 2.918828E-01 3.134170E-01 3.370920E-01 3.631976E-01 3.920475E-01 4.239996E-01 4.594816E-01 4.989916E-01 5.430968E-01 5.924771E-01 6.479315E-01 7.104166E-01 7.810263E-01 8.611125E-01 9.522687E-01 1.056430 1.175913 1.313547 1.472795 1.657899 1.874115 2.127995 2.427765 2.783842 3.209587 3.722351 4.344976 5.108023 6.052532 7.230662 8.682901 10.314896 11.826215 13.056643 14.028546 14.794783 15.398739 15.872336 16.238775 16.514824 16.712479 16.839977 16.902481 16.902483 16.839975 16.712479 16.514824 16.238771 15.872338 15.398739 14.794779 14.028548 13.056643 11.826215 10.314898
2.521470E-01 2.697916E-01 2.891066E-01 3.102916E-01 3.335826E-01 3.592428E-01 3.875819E-01 4.189353E-01 4.537288E-01 4.924372E-01 5.356095E-01 5.838942E-01 6.380720E-01 6.990314E-01 7.678610E-01 8.458298E-01 9.344738E-01 1.035628 1.151524 1.284864 1.438940 1.617817 1.826521 2.071322 2.360109 2.702932 3.112717 3.606359 4.206262 4.942677 5.856599 7.000576 8.416099 10.010365 11.484756 12.680759 13.621870 14.361553 14.943270 15.398739 15.750807 16.015886 16.205629 16.327999 16.387989 16.387987 16.327997 16.205629 16.015879 15.750808 15.398739 14.943273 14.361555 13.621869 12.680759 11.484756 10.010362
2.495874E-01 2.669302E-01 2.859161E-01 3.067133E-01 3.295655E-01 3.547138E-01 3.824568E-01 4.131410E-01 4.471542E-01 4.849460E-01 5.270523E-01 5.740979E-01 6.268127E-01 6.860604E-01 7.528601E-01 8.284226E-01 9.142146E-01 1.011959 1.123777 1.252211 1.400380 1.572122 1.772172 2.006452 2.282438 2.609641 3.000381 3.470832 4.042663 4.745425 5.619728 6.718372 8.084211 9.626945 11.051145 12.201056 13.101883 13.807633 14.361555 14.794781 15.129492 15.381467 15.561831 15.678168 15.735202 15.735198 15.678168 15.561832 15.381459 15.129484 14.794779 14.361555 13.807637 13.101884 12.201053 11.051145 9.626951
2.467103E-01 2.637250E-01 2.823261E-01 3.027019E-01 3.250546E-01 3.496401E-01 3.767327E-01 4.066674E-01 4.398044E-01 4.765838E-01 5.175108E-01 5.631803E-01 6.142789E-01 6.716261E-01 7.361776E-01 8.090867E-01 8.917115E-01 9.856898E-01 1.092984 1.215983 1.357587 1.521366 1.711733 1.934173 2.195630 2.504948 2.873586 3.316682 3.854659 4.515710 5.339255 6.377771 7.675678 9.146966 10.502072 11.590163 12.438732 13.101884 13.621872 14.028546 14.342869 14.579644 14.749232 14.858671 14.912338 14.912339 14.858669 14.749232 14.579643 14.342869 14.028548 13.621869 13.101885 12.438737 11.590165 10.502072 9.146964
2.435372E-01 2.601862E-01 2.783712E-01 2.982804E-01 3.200957E-01 3.440591E-01 3.704442E-01 3.995569E-01 4.317405E-01 4.674200E-01 5.070732E-01 5.512425E-01 6.005897E-01 6.558679E-01 7.180008E-01 7.880262E-01 8.672267E-01 9.571182E-01 1.059514 1.176622 1.311101 1.466220 1.646005 1.855455 2.100870 2.390261 2.733978 3.145709 3.643977 4.254552 5.014115 5.972944 7.176376 8.545722 9.803660 10.808511 11.590162 12.201052 12.680752 13.056642 13.347747 13.567409 13.724962 13.826738 13.876693 13.876690 13.826739 13.724958 13.567409 13.347745 13.056643 12.680760 12.201055 11.590166 10.808509 9.803663 8.545723
2.400839E-01 2.563430E-01 2.740918E-01 2.934780E-01 3.147163E-01 3.380154E-01 3.636382E-01 3.918739E-01 4.230468E-01 4.575447E-01 4.958203E-01 5.383984E-01 5.858713E-01 6.389639E-01 6.984976E-01 7.654691E-01 8.410323E-01 9.265872E-01 1.023786 1.134632 1.261531 1.407430 1.575925 1.771483 1.999649 2.267457 2.583929 2.960878 3.414194 3.965864 4.647242 5.502134 6.572461 7.791347 8.909802 9.803671 10.502075 11.051149 11.484759 11.826212 12.091719 12.292720 12.437242 12.530756 12.576692 12.576695 12.530756 12.437241 12.292717 12.091722 11.826216 11.484758 11.051146 10.502072 9.803661 8.909802 7.791354
2.363714E-01 2.522193E-01 2.694844E-01 2.883377E-01 3.089559E-01 3.315574E-01 3.563692E-01 3.836697E-01 4.137692E-01 4.470313E-01 4.838638E-01 5.247622E-01 5.702724E-01 6.210649E-01 6.778866E-01 7.416539E-01 8.134206E-01 8.944380E-01 9.862127E-01 1.090531 1.209534 1.345825 1.502553 1.683587 1.893700 2.138829 2.426491 2.766355 3.171032 3.657515 4.249034 4.976456 5.866812 6.866772 7.791358 8.545723 9.146962 9.626951 10.010364 10.314895 10.553241 10.734540 10.865376 10.950239 10.991987 10.991982 10.950236 10.865374 10.734541 10.553245 10.314896 10.010365 9.626953 9.146963 8.545720 7.791351 6.866775
2.324352E-01 2.478305E-01 2.646030E-01 2.828885E-01 3.028591E-01 3.247280E-01 3.486916E-01 3.750175E-01 4.039950E-01 4.359637E-01 4.712994E-01 5.104515E-01 5.539330E-01 6.023380E-01 6.563598E-01 7.168232E-01 7.846791E-01 8.610401E-01 9.472544E-01 1.044879 1.155808 1.282282 1.426995 1.593229 1.784925 2.006941 2.265224 2.567182 2.922009 3.341246 3.838960 4.430201 5.119987 5.866805 6.572449 7.176383 7.675688 8.084206 8.416102 8.682898 8.893539 9.054811 9.171714 9.247784 9.285275 9.285273 9.247783 9.171718 9.054816 8.893541 8.682901 8.416098 8.084208 7.675683 7.176384 6.572445 5.866806
2.282725E-01 2.432195E-01 2.594700E-01 2.771605E-01 2.964688E-01 3.175601E-01 3.406564E-01 3.659819E-01 3.937998E-01 4.244339E-01 4.582232E-01 4.955878E-01 5.369865E-01 5.829558E-01 6.341341E-01 6.912271E-01 7.551090E-01 8.267621E-01 9.073444E-01 9.982325E-01 1.101033 1.217665 1.350376 1.501843 1.675274 1.874421 2.103798 2.368672 2.675174 3.030078 3.440020 3.908805 4.430195 4.976460 5.502131 5.972958 6.377769 6.718376 7.000581 7.230659 7.414198 7.555783 7.658961 7.726353 7.759622 7.759622 7.726353 7.658960 7.555780 7.414199 7.230661 7.000581 6.718376 6.377769 5.972956 5.502134 4.976452
2.239245E-01 2.383987E-01 2.541102E-01 2.712035E-01 2.898143E-01 3.101213E-01 3.323109E-01 3.566075E-01 3.832463E-01 4.125302E-01 4.447544E-01 4.802960E-01 5.195885E-01 5.630977E-01 6.113861E-01 6.651064E-01 7.250088E-01 7.919466E-01 8.669335E-01 9.511194E-01 1.045896 1.152826 1.273767 1.410854 1.566563 1.743739 1.945584 2.175640 2.437583 2.734766 3.069333 3.440022 3.838964 4.249032 4.647240 5.014121 5.339256 5.619728 5.856600 6.052534 6.210541 6.333408 6.423479 6.482529 6.511759 6.511762 6.482527 6.423477 6.333412 6.210545 6.052530 5.856599 5.619730 5.339258 5.014116 4.647242 4.249031
2.194162E-01 2.334000E-01 2.485642E-01 2.650295E-01 2.829376E-01 3.024447E-01 3.237233E-01 3.469775E-01 3.724250E-01 4.003253E-01 4.309733E-01 4.646885E-01 5.018610E-01 5.429087E-01 5.883341E-01 6.386963E-01 6.946489E-01 7.569342E-01 8.264133E-01 9.040548E-01 9.910011E-01 1.088543 1.198147 1.321477 1.460411 1.616985 1.793382 1.991799 2.214211 2.461918 2.734779 3.030086 3.341248 3.657518 3.965857 4.254550 4.515711 4.745422 4.942683 5.108019 5.242758 5.348371 5.426250 5.477509 5.502942 5.502940 5.477510 5.426250 5.348374 5.242759 5.108016 4.942685 4.745422 4.515713 4.254546 3.965860 3.657520
2.147615E-01 2.282487E-01 2.428514E-01 2.586845E-01 2.758855E-01 2.945794E-01 3.149338E-01 3.371411E-01 3.613867E-01 3.879173E-01 4.169796E-01 4.488777E-01 4.839405E-01 5.225540E-01 5.651451E-01 6.122038E-01 6.642972E-01 7.220364E-01 7.861654E-01 8.574762E-01 9.369050E-01 1.025484 1.124346 1.234768 1.358108 1.495775 1.649187 1.819595 2.007872 2.214213 2.437590 2.675184 2.922011 3.171030 3.414199 3.643976 3.854649 4.042668 4.206256 4.344981 4.459077 4.549185 4.615994 4.660139 4.682091 4.682092 4.660144 4.615995 4.549182 4.459079 4.344980 4.206257 4.042666 3.854653 3.643974 3.414199 3.171030
2.099780E-01 2.229730E-01 2.370114E-01 2.522113E-01 2.686873E-01 2.865750E-01 3.060033E-01 3.271579E-01 3.502096E-01 3.753676E-01 4.028690E-01 4.329617E-01 4.659600E-01 5.021744E-01 5.419992E-01 5.858368E-01 6.341770E-01 6.875345E-01 7.465146E-01 8.117905E-01 8.840867E-01 9.642065E-01 1.053047 1.151523 1.260599 1.381225 1.514239 1.660276 1.819586 1.991796 2.175640 2.368665 2.567175 2.766346 2.960893 3.145719 3.316676 3.470832 3.606356 3.722347 3.818528 3.894979 3.951951 3.989736 4.008568 4.008568 3.989737 3.951949 3.894984 3.818530 3.722351 3.606360 3.470834 3.316677 3.145714 2.960885 2.766348
2.051093E-01 2.175948E-01 2.310708E-01 2.456324E-01 2.613906E-01 2.784576E-01 2.969761E-01 3.170874E-01 3.389561E-01 3.627617E-01 3.887196E-01 4.170500E-01 4.480204E-01 4.819084E-01 5.190357E-01 5.597680E-01 6.044922E-01 6.536586E-01 7.077503E-01 7.673130E-01 8.329043E-01 9.051733E-01 9.847520E-01 1.072319 1.168536 1.273986 1.389135 1.514238 1.649180 1.793383 1.945593 2.103806 2.265231 2.426493 2.583929 2.733966 2.873580 3.000385 3.112719 3.209585 3.290445 3.355064 3.403442 3.435621 3.451679 3.451682 3.435622 3.403440 3.355064 3.290444 3.209583 3.112715 3.000387 2.873582 2.733966 2.583928 2.426486
2.001553E-01 2.121391E-01 2.250425E-01 2.389757E-01 2.540163E-01 2.702880E-01 2.879002E-01 3.069807E-01 3.276823E-01 3.501611E-01 3.746125E-01 4.012255E-01 4.302253E-01 4.618620E-01 4.963988E-01 5.341514E-01 5.754337E-01 6.206223E-01 6.701038E-01 7.243117E-01 7.836816E-01 8.486880E-01 9.198176E-01 9.975319E-01 1.082250 1.174331 1.273985 1.381220 1.495769 1.616989 1.743740 1.874429 2.006939 2.138822 2.267446 2.390252 2.504944 2.609641 2.702926 2.783839 2.851729 2.906242 2.947190 2.974503 2.988163 2.988165 2.974505 2.947195 2.906248 2.851728 2.783838 2.702926 2.609637 2.504946 2.390258 2.267446 2.138819
1.951510E-01 2.066232E-01 2.189767E-01 2.322835E-01 2.466185E-01 2.620950E-01 2.788117E-01 2.968802E-01 3.164454E-01 3.376441E-01 3.606204E-01 3.855671E-01 4.126674E-01 4.421337E-01 4.742012E-01 5.091037E-01 5.471370E-01 5.885782E-01 6.337497E-01 6.829782E-01 7.366082E-01 7.949916E-01 8.584628E-01 9.273298E-01 1.001866 1.082249 1.168533 1.260609 1.358105 1.460413 1.566573 1.675285 1.784924 1.893696 1.999637 2.100864 2.195637 2.282434 2.360104 2.427763 2.484758 2.530705 2.565316 2.588452 2.600038 2.600036 2.588453 2.565316 2.530707 2.484758 2.427764 2.360103 2.282434 2.195633 2.100861 1.999640 1.893701
1.901043E-01 2.010820E-01 2.128871E-01 2.255664E-01 2.392125E-01 2.539080E-01 2.697465E-01 2.868363E-01 3.052919E-01 3.252286E-01 3.468001E-01 3.701401E-01 3.954280E-01 4.228247E-01 4.525317E-01 4.847611E-01 5.197235E-01 5.576629E-01 5.988291E-01 6.434644E-01 6.918338E-01 7.441965E-01 8.007715E-01 8.617676E-01 9.273267E-01 9.975283E-01 1.072323 1.151525 1.234759 1.321475 1.410847 1.501831 1.593223 1.683594 1.771475 1.855456 1.934178 2.006458 2.071325 2.127997 2.175908 2.214617 2.243855 2.263436 2.273255 2.273258 2.263437 2.243855 2.214614 2.175907 2.127999 2.071322 2.006456 1.934179 1.855454 1.771479 1.683590
1.850476E-01 1.955369E-01 2.067845E-01 2.188670E-01 2.318295E-01 2.457594E-01 2.607556E-01 2.768937E-01 2.942693E-01 3.130085E-01 3.332130E-01 3.550189E-01 3.785683E-01 4.040077E-01 4.314840E-01 4.611864E-01 4.932806E-01 5.279660E-01 5.654197E-01 6.058484E-01 6.494301E-01 6.963485E-01 7.467541E-01 8.007727E-01 8.584561E-01 9.198166E-01 9.847537E-01 1.053041 1.124340 1.198141 1.273775 1.350360 1.426995 1.502552 1.575942 1.645991 1.711739 1.772178 1.826524 1.874121 1.914431 1.947100 1.971809 1.988376 1.996687 1.996690 1.988378 1.971813 1.947098 1.914435 1.874119 1.826527 1.772177 1.711740 1.645993 1.575937 1.502554
1.799876E-01 1.899965E-01 2.007135E-01 2.121882E-01 2.244960E-01 2.376972E-01 2.518577E-01 2.670683E-01 2.834176E-01 3.009902E-01 3.198987E-01 3.402427E-01 3.621388E-01 3.857193E-01 4.111072E-01 4.384454E-01 4.678786E-01 4.995453E-01 5.335958E-01 5.701770E-01 6.094157E-01 6.514460E-01 6.963481E-01 7.441962E-01 7.949930E-01 8.486915E-01 9.051647E-01 9.642025E-01 1.025473 1.088546 1.152831 1.217668 1.282272 1.345828 1.407442 1.466242 1.521387 1.572124 1.617815 1.657892 1.691917 1.719493 1.740401 1.754444 1.761480 1.761484 1.754441 1.740406 1.719495 1.691914 1.657888 1.617812 1.572121 1.521386 1.466246 1.407441 1.345825
1.749421E-01 1.844871E-01 1.946767E-01 2.055838E-01 2.172389E-01 2.297232E-01 2.430878E-01 2.574134E-01 2.727664E-01 2.892341E-01 3.068986E-01 3.258523E-01 3.461987E-01 3.680279E-01 3.914616E-01 4.165889E-01 4.435485E-01 4.724371E-01 5.033742E-01 5.364602E-01 5.717765E-01 6.094249E-01 6.494309E-01 6.918359E-01 7.366115E-01 7.836844E-01 8.329096E-01 8.840942E-01 9.369154E-01 9.910159E-01 1.045911 1.101039 1.155821 1.209532 1.261524 1.311086 1.357577 1.400389 1.438938 1.472794 1.501556 1.524911 1.542628 1.554515 1.560499 1.560501 1.554512 1.542627 1.524912 1.501552 1.472794 1.438938 1.400385 1.357581 1.311092 1.261526 1.209532
1.699275E-01 1.790078E-01 1.887012E-01 1.990362E-01 2.100790E-01 2.218660E-01 2.344665E-01 2.479472E-01 2.623491E-01 2.777499E-01 2.942419E-01 3.118854E-01 3.307582E-01 3.509585E-01 3.725531E-01 3.956514E-01 4.203245E-01 4.466649E-01 4.747577E-01 5.046666E-01 5.364555E-01 5.701813E-01 6.058460E-01 6.434607E-01 6.829731E-01 7.243106E-01 7.673106E-01 8.117829E-01 8.574767E-01 9.040468E-01 9.511120E-01 9.982170E-01 1.044868 1.090536 1.134629 1.176633 1.215991 1.252226 1.284872 1.313547 1.337932 1.357747 1.372797 1.382909 1.387978 1.387984 1.382911 1.372794 1.357750 1.337934 1.313545 1.284871 1.252223 1.215992 1.176631 1.134635 1.090534
1.649554E-01 1.735942E-01 1.827881E-01 1.925892E-01 2.030323E-01 2.141591E-01 2.260201E-01 2.386771E-01 2.521770E-01 2.665910E-01 2.819633E-01 2.983646E-01 3.158661E-01 3.345329E-01 3.544274E-01 3.756335E-01 3.982110E-01 4.222149E-01 4.477130E-01 4.747570E-01 5.033695E-01 5.335962E-01 5.654233E-01 5.988248E-01 6.337510E-01 6.701090E-01 7.077572E-01 7.465144E-01 7.861600E-01 8.264128E-01 8.669394E-01 9.073461E-01 9.472460E-01 9.862138E-01 1.023766 1.059512 1.092969 1.123762 1.151528 1.175918 1.196642 1.213512 1.226310 1.234919 1.239248 1.239247 1.234919 1.226312 1.213509 1.196641 1.175919 1.151527 1.123763 1.092971 1.059506 1.023766 9.862203E-01
1.600410E-01 1.682513E-01 1.769701E-01 1.862458E-01 1.961116E-01 2.065975E-01 2.177678E-01 2.296393E-01 2.422881E-01 2.557451E-01 2.700687E-01 2.853173E-01 3.015240E-01 3.187706E-01 3.370879E-01 3.565444E-01 3.771934E-01 3.990604E-01 4.222128E-01 4.466623E-01 4.724419E-01 4.995452E-01 5.279608E-01 5.576648E-01 5.885853E-01 6.206254E-01 6.536617E-01 6.875348E-01 7.220379E-01 7.569449E-01 7.919599E-01 8.267660E-01 8.610314E-01 8.944363E-01 9.265699E-01 9.571284E-01 9.856735E-01 1.011962 1.035620 1.056423 1.074112 1.088509 1.099428 1.106778 1.110473 1.110475 1.106775 1.099424 1.088507 1.074118 1.056427 1.035615 1.011958 9.856740E-01 9.571337E-01 9.265713E-01 8.944378E-01
1.551947E-01 1.629823E-01 1.712507E-01 1.800165E-01 1.893319E-01 1.992184E-01 2.097127E-01 2.208565E-01 2.326880E-01 2.452474E-01 2.585835E-01 2.727354E-01 2.877496E-01 3.036628E-01 3.205285E-01 3.383874E-01 3.572510E-01 3.771891E-01 3.982067E-01 4.203263E-01 4.435472E-01 4.678814E-01 4.932764E-01 5.197237E-01 5.471399E-01 5.754420E-01 6.044901E-01 6.341842E-01 6.642978E-01 6.946489E-01 7.250032E-01 7.551252E-01 7.846940E-01 8.134106E-01 8.410240E-01 8.672194E-01 8.917083E-01 9.142224E-01 9.344571E-01 9.522684E-01 9.674120E-01 9.797102E-01 9.890615E-01 9.953549E-01 9.985206E-01 9.985180E-01 9.953513E-01 9.890640E-01 9.797105E-01 9.674153E-01 9.522684E-01 9.344563E-01 9.142181E-01 8.917063E-01 8.672158E-01 8.410277E-01 8.134158E-01
1.504243E-01 1.578149E-01 1.656369E-01 1.739231E-01 1.827099E-01 1.920116E-01 2.018748E-01 2.123062E-01 2.233788E-01 2.350951E-01 2.475102E-01 2.606417E-01 2.745347E-01 2.892312E-01 3.047512E-01 3.211165E-01 3.383846E-01 3.565425E-01 3.756333E-01 3.956475E-01 4.165891E-01 4.384423E-01 4.611856E-01 4.847663E-01 5.091044E-01 5.341486E-01 5.597724E-01 5.858402E-01 6.122044E-01 6.386954E-01 6.651007E-01 6.912091E-01 7.168155E-01 7.416480E-01 7.654687E-01 7.880347E-01 8.090892E-01 8.284143E-01 8.458335E-01 8.611137E-01 8.741070E-01 8.846737E-01 8.927104E-01 8.981094E-01 9.008061E-01 9.008068E-01 8.981080E-01 8.927068E-01 8.846718E-01 8.741058E-01 8.611083E-01 8.458342E-01 8.284122E-01 8.090910E-01 7.880430E-01 7.654641E-01 7.416524E-01
