T1-compare/0.2/model_t.grd
DSAA
          90          90
      -15.000000       15.000000
      -15.000000       15.000000
    9.122904E-02       18.028996
[rows 0 to 24 of 90, columns 0 to 56 of 90]
9.123216E-02 9.438439E-02 9.767502E-02 1.010589E-01 1.045607E-01 1.081876E-01 1.118922E-01 1.157436E-01 1.197094E-01 1.237819E-01 1.279510E-01 1.322364E-01 1.366434E-01 1.411474E-01 1.457393E-01 1.504268E-01 1.552052E-01 1.600518E-01 1.649579E-01 1.699343E-01 1.749365E-01 1.799805E-01 1.850355E-01 1.900997E-01 1.951547E-01 2.001504E-01 2.051109E-01 2.099822E-01 2.147639E-01 2.194161E-01 2.239221E-01 2.282791E-01 2.324274E-01 2.363797E-01 2.400846E-01 2.435417E-01 2.467133E-01 2.495876E-01 2.521457E-01 2.543704E-01 2.562557E-01 2.577652E-01 2.589171E-01 2.596874E-01 2.600749E-01 2.600777E-01 2.596924E-01 2.589204E-01 2.577710E-01 2.562576E-01 2.543693E-01 2.521470E-01 2.495874E-01 2.467103E-01 2.435423E-01 2.400839E-01 2.363765E-01
9.440474E-02 9.774606E-02 1.012182E-01 1.048376E-01 1.085432E-01 1.124038E-01 1.163952E-01 1.204832E-01 1.247336E-01 1.290829E-01 1.335686E-01 1.381787E-01 1.429299E-01 1.477765E-01 1.527394E-01 1.578200E-01 1.629861E-01 1.682523E-01 1.735974E-01 1.790071E-01 1.844850E-01 1.899922E-01 1.955313E-01 2.010888E-01 2.066171E-01 2.121358E-01 2.175869E-01 2.229636E-01 2.282520E-01 2.333941E-01 2.384009E-01 2.432215E-01 2.478311E-01 2.522253E-01 2.563527E-01 2.601986E-01 2.637253E-01 2.669375E-01 2.697908E-01 2.722767E-01 2.743753E-01 2.760759E-01 2.773515E-01 2.782151E-01 2.786505E-01 2.786487E-01 2.782148E-01 2.773502E-01 2.760666E-01 2.743703E-01 2.722755E-01 2.697916E-01 2.669302E-01 2.637250E-01 2.601862E-01 2.563430E-01 2.522193E-01
9.767502E-02 1.012182E-01 1.049207E-01 1.087423E-01 1.127221E-01 1.168047E-01 1.210461E-01 1.254553E-01 1.299641E-01 1.346508E-01 1.394717E-01 1.444447E-01 1.495267E-01 1.547706E-01 1.601399E-01 1.656436E-01 1.712466E-01 1.769704E-01 1.827890E-01 1.887088E-01 1.946646E-01 2.007152E-01 2.067973E-01 2.128835E-01 2.189805E-01 2.250437E-01 2.310695E-01 2.370097E-01 2.428527E-01 2.485557E-01 2.541086E-01 2.594655E-01 2.646028E-01 2.694903E-01 2.740823E-01 2.783800E-01 2.823240E-01 2.859117E-01 2.891027E-01 2.918924E-01 2.942305E-01 2.961312E-01 2.975733E-01 2.985402E-01 2.990171E-01 2.990262E-01 2.985400E-01 2.975764E-01 2.961397E-01 2.942337E-01 2.918879E-01 2.891066E-01 2.859161E-01 2.823312E-01 2.783712E-01 2.740918E-01 2.694844E-01
1.010589E-01 1.048376E-01 1.087423E-01 1.128146E-01 1.170351E-01 1.213950E-01 1.259326E-01 1.306070E-01 1.354659E-01 1.404806E-01 1.456553E-01 1.510086E-01 1.565043E-01 1.621627E-01 1.679683E-01 1.739339E-01 1.800163E-01 1.862421E-01 1.925774E-01 1.990312E-01 2.055769E-01 2.122027E-01 2.188616E-01 2.255625E-01 2.322804E-01 2.389820E-01 2.456328E-01 2.522119E-01 2.586945E-01 2.650348E-01 2.712001E-01 2.771627E-01 2.828963E-01 2.883387E-01 2.934806E-01 2.982781E-01 3.027010E-01 3.067096E-01 3.102907E-01 3.134072E-01 3.160517E-01 3.181830E-01 3.197976E-01 3.208848E-01 3.214259E-01 3.214219E-01 3.208794E-01 3.197966E-01 3.181840E-01 3.160484E-01 3.134119E-01 3.102916E-01 3.067133E-01 3.027019E-01 2.982753E-01 2.934780E-01 2.883377E-01
1.045811E-01 1.085432E-01 1.127221E-01 1.170351E-01 1.215115E-01 1.261759E-01 1.310034E-01 1.360126E-01 1.412154E-01 1.466078E-01 1.521643E-01 1.579228E-01 1.638400E-01 1.699513E-01 1.762472E-01 1.827048E-01 1.893234E-01 1.961067E-01 2.030255E-01 2.100738E-01 2.172280E-01 2.244948E-01 2.318302E-01 2.392113E-01 2.466198E-01 2.540285E-01 2.613896E-01 2.686868E-01 2.758774E-01 2.829378E-01 2.898082E-01 2.964715E-01 3.028736E-01 3.089659E-01 3.147148E-01 3.200932E-01 3.250566E-01 3.295617E-01 3.335915E-01 3.370880E-01 3.400560E-01 3.424611E-01 3.442730E-01 3.454987E-01 3.461134E-01 3.461117E-01 3.454947E-01 3.442793E-01 3.424567E-01 3.400600E-01 3.370920E-01 3.335826E-01 3.295655E-01 3.250546E-01 3.200906E-01 3.147163E-01 3.089559E-01
1.081876E-01 1.124038E-01 1.168047E-01 1.213950E-01 1.261657E-01 1.311209E-01 1.362931E-01 1.416500E-01 1.472267E-01 1.530032E-01 1.589797E-01 1.651797E-01 1.715821E-01 1.781906E-01 1.849847E-01 1.920118E-01 1.992121E-01 2.065993E-01 2.141517E-01 2.218581E-01 2.297187E-01 2.376924E-01 2.457686E-01 2.539003E-01 2.620914E-01 2.702953E-01 2.784637E-01 2.865677E-01 2.945735E-01 3.024484E-01 3.101203E-01 3.175588E-01 3.247219E-01 3.315622E-01 3.380261E-01 3.440602E-01 3.496474E-01 3.547182E-01 3.592473E-01 3.632041E-01 3.665420E-01 3.692518E-01 3.713074E-01 3.726806E-01 3.733762E-01 3.733706E-01 3.726815E-01 3.713053E-01 3.692550E-01 3.665445E-01 3.631976E-01 3.592428E-01 3.547189E-01 3.496401E-01 3.440591E-01 3.380205E-01 3.315574E-01
1.119126E-01 1.163748E-01 1.210461E-01 1.259326E-01 1.310136E-01 1.362931E-01 1.418139E-01 1.475419E-01 1.534980E-01 1.597103E-01 1.661420E-01 1.728206E-01 1.797207E-01 1.868677E-01 1.942484E-01 2.018629E-01 2.097019E-01 2.177560E-01 2.260261E-01 2.344661E-01 2.430810E-01 2.518581E-01 2.607577E-01 2.697392E-01 2.788118E-01 2.878963E-01 2.969762E-01 3.060017E-01 3.149398E-01 3.237268E-01 3.323117E-01 3.406475E-01 3.486922E-01 3.563775E-01 3.636413E-01 3.704495E-01 3.767332E-01 3.824559E-01 3.875742E-01 3.920471E-01 3.958328E-01 3.988966E-01 4.012136E-01 4.027741E-01 4.035509E-01 4.035558E-01 4.027707E-01 4.012089E-01 3.988909E-01 3.958271E-01 3.920475E-01 3.875819E-01 3.824568E-01 3.767327E-01 3.704442E-01 3.636382E-01 3.563641E-01
1.157436E-01 1.204832E-01 1.254451E-01 1.306070E-01 1.360228E-01 1.416601E-01 1.475419E-01 1.536702E-01 1.600712E-01 1.667231E-01 1.736481E-01 1.808366E-01 1.882974E-01 1.960217E-01 2.040508E-01 2.123208E-01 2.208398E-01 2.296453E-01 2.386785E-01 2.479326E-01 2.574085E-01 2.670740E-01 2.768848E-01 2.868394E-01 2.968805E-01 3.069784E-01 3.170907E-01 3.271574E-01 3.371429E-01 3.469764E-01 3.566093E-01 3.659814E-01 3.750239E-01 3.836667E-01 3.918629E-01 3.995571E-01 4.066678E-01 4.131374E-01 4.189406E-01 4.240066E-01 4.282833E-01 4.317646E-01 4.344026E-01 4.361711E-01 4.370579E-01 4.370499E-01 4.361621E-01 4.343957E-01 4.317600E-01 4.282881E-01 4.239996E-01 4.189404E-01 4.131410E-01 4.066623E-01 3.995518E-01 3.918739E-01 3.836697E-01
1.197094E-01 1.247234E-01 1.299743E-01 1.354659E-01 1.412154E-01 1.472267E-01 1.535082E-01 1.600814E-01 1.669204E-01 1.740535E-01 1.815152E-01 1.892602E-01 1.973116E-01 2.056945E-01 2.143757E-01 2.233764E-01 2.326812E-01 2.422969E-01 2.521868E-01 2.623502E-01 2.727719E-01 2.834261E-01 2.942718E-01 3.052933E-01 3.164474E-01 3.276834E-01 3.389586E-01 3.502126E-01 3.613820E-01 3.724273E-01 3.832450E-01 3.938006E-01 4.039919E-01 4.137760E-01 4.230412E-01 4.317454E-01 4.398013E-01 4.471551E-01 4.537301E-01 4.594821E-01 4.643542E-01 4.683111E-01 4.713055E-01 4.733171E-01 4.743325E-01 4.743312E-01 4.733267E-01 4.713078E-01 4.683097E-01 4.643579E-01 4.594816E-01 4.537288E-01 4.471542E-01 4.398044E-01 4.317405E-01 4.230468E-01 4.137692E-01
1.237819E-01 1.290930E-01 1.346406E-01 1.404806E-01 1.466078E-01 1.530032E-01 1.597002E-01 1.667231E-01 1.740535E-01 1.817214E-01 1.897350E-01 1.980863E-01 2.068009E-01 2.158704E-01 2.252952E-01 2.350885E-01 2.452517E-01 2.557373E-01 2.665824E-01 2.777633E-01 2.892196E-01 3.009966E-01 3.130039E-01 3.252415E-01 3.376409E-01 3.501673E-01 3.627626E-01 3.753695E-01 3.879142E-01 4.003299E-01 4.125219E-01 4.244340E-01 4.359585E-01 4.470306E-01 4.575418E-01 4.674295E-01 4.765740E-01 4.849415E-01 4.924394E-01 4.989908E-01 5.045479E-01 5.090510E-01 5.124720E-01 5.147648E-01 5.159187E-01 5.159281E-01 5.147745E-01 5.124702E-01 5.090519E-01 5.045474E-01 4.989865E-01 4.924372E-01 4.849460E-01 4.765889E-01 4.674200E-01 4.575447E-01 4.470313E-01
1.279510E-01 1.335686E-01 1.394717E-01 1.456655E-01 1.521541E-01 1.589899E-01 1.661318E-01 1.736379E-01 1.815152E-01 1.897350E-01 1.983545E-01 2.073665E-01 2.167825E-01 2.266070E-01 2.368472E-01 2.475098E-01 2.585725E-01 2.700688E-01 2.819639E-01 2.942443E-01 3.068931E-01 3.198978E-01 3.332163E-01 3.468026E-01 3.606217E-01 3.746135E-01 3.887167E-01 4.028712E-01 4.169735E-01 4.309748E-01 4.447566E-01 4.582290E-01 4.712955E-01 4.838715E-01 4.958200E-01 5.070686E-01 5.175137E-01 5.270461E-01 5.356079E-01 5.431027E-01 5.494442E-01 5.546048E-01 5.585176E-01 5.611457E-01 5.624683E-01 5.624660E-01 5.611448E-01 5.585192E-01 5.546086E-01 5.494499E-01 5.430917E-01 5.356044E-01 5.270523E-01 5.175108E-01 5.070732E-01 4.958203E-01 4.838638E-01
1.322466E-01 1.381787E-01 1.444345E-01 1.510086E-01 1.579127E-01 1.651797E-01 1.728104E-01 1.808264E-01 1.892602E-01 1.980863E-01 2.073665E-01 2.170873E-01 2.272573E-01 2.379133E-01 2.490251E-01 2.606409E-01 2.727334E-01 2.853067E-01 2.983585E-01 3.118831E-01 3.258531E-01 3.402364E-01 3.550095E-01 3.701480E-01 3.855647E-01 4.012241E-01 4.170476E-01 4.329637E-01 4.488706E-01 4.646872E-01 4.802880E-01 4.955877E-01 5.104538E-01 5.247554E-01 5.383922E-01 5.512414E-01 5.631773E-01 5.740928E-01 5.838949E-01 5.924748E-01 5.997681E-01 6.056812E-01 6.101727E-01 6.131846E-01 6.147044E-01 6.147074E-01 6.131889E-01 6.101683E-01 6.056823E-01 5.997646E-01 5.924822E-01 5.838942E-01 5.740979E-01 5.631752E-01 5.512425E-01 5.383933E-01 5.247622E-01
1.366434E-01 1.429197E-01 1.495369E-01 1.564941E-01 1.638400E-01 1.715821E-01 1.797207E-01 1.882974E-01 1.973218E-01 2.068009E-01 2.167723E-01 2.272472E-01 2.382558E-01 2.498020E-01 2.618800E-01 2.745387E-01 2.877499E-01 3.015293E-01 3.158617E-01 3.307636E-01 3.461827E-01 3.621428E-01 3.785678E-01 3.954267E-01 4.126745E-01 4.302220E-01 4.480248E-01 4.659574E-01 4.839499E-01 5.018494E-01 5.195826E-01 5.369917E-01 5.539270E-01 5.702778E-01 5.858781E-01 6.005887E-01 6.142750E-01 6.268111E-01 6.380634E-01 6.479352E-01 6.563168E-01 6.631272E-01 6.682950E-01 6.717662E-01 6.735125E-01 6.735099E-01 6.717702E-01 6.682908E-01 6.631241E-01 6.563133E-01 6.479366E-01 6.380770E-01 6.268127E-01 6.142738E-01 6.005897E-01 5.858713E-01 5.702724E-01
1.411372E-01 1.477765E-01 1.547706E-01 1.621729E-01 1.699615E-01 1.781906E-01 1.868575E-01 1.960319E-01 2.056843E-01 2.158806E-01 2.265968E-01 2.379133E-01 2.498020E-01 2.623030E-01 2.754520E-01 2.892232E-01 3.036647E-01 3.187645E-01 3.345235E-01 3.509509E-01 3.680218E-01 3.857224E-01 4.039977E-01 4.228248E-01 4.421355E-01 4.618594E-01 4.819070E-01 5.021796E-01 5.225481E-01 5.429085E-01 5.630925E-01 5.829526E-01 6.023304E-01 6.210655E-01 6.389543E-01 6.558768E-01 6.716189E-01 6.860573E-01 6.990324E-01 7.104097E-01 7.200782E-01 7.279396E-01 7.339059E-01 7.379189E-01 7.399329E-01 7.399328E-01 7.379161E-01 7.339029E-01 7.279372E-01 7.200806E-01 7.104115E-01 6.990314E-01 6.860604E-01 6.716210E-01 6.558679E-01 6.389639E-01 6.210649E-01
1.457292E-01 1.527293E-01 1.601501E-01 1.679582E-01 1.762472E-01 1.849847E-01 1.942586E-01 2.040406E-01 2.143757E-01 2.253054E-01 2.368472E-01 2.490251E-01 2.618901E-01 2.754520E-01 2.897221E-01 3.047486E-01 3.205256E-01 3.370846E-01 3.544316E-01 3.725575E-01 3.914545E-01 4.111117E-01 4.314822E-01 4.525318E-01 4.742031E-01 4.964078E-01 5.190325E-01 5.419973E-01 5.651404E-01 5.883283E-01 6.113895E-01 6.341225E-01 6.563643E-01 6.778913E-01 6.984965E-01 7.179974E-01 7.361804E-01 7.528553E-01 7.678608E-01 7.810228E-01 7.922157E-01 8.013169E-01 8.082218E-01 8.128737E-01 8.152042E-01 8.152052E-01 8.128678E-01 8.082222E-01 8.013149E-01 7.922192E-01 7.810263E-01 7.678610E-01 7.528551E-01 7.361776E-01 7.180008E-01 6.984976E-01 6.778866E-01
1.504167E-01 1.578098E-01 1.656436E-01 1.739339E-01 1.827048E-01 1.920118E-01 2.018730E-01 2.123106E-01 2.233764E-01 2.350987E-01 2.474996E-01 2.606409E-01 2.745387E-01 2.892232E-01 3.047384E-01 3.211212E-01 3.383714E-01 3.565422E-01 3.756387E-01 3.956507E-01 4.165930E-01 4.384502E-01 4.611857E-01 4.847553E-01 5.091141E-01 5.341392E-01 5.597605E-01 5.858347E-01 6.122005E-01 6.386978E-01 6.651084E-01 6.912283E-01 7.168286E-01 7.416589E-01 7.654727E-01 7.880262E-01 8.090855E-01 8.284222E-01 8.458335E-01 8.611134E-01 8.741066E-01 8.846716E-01 8.926979E-01 8.980950E-01 9.008079E-01 9.008071E-01 8.980974E-01 8.926982E-01 8.846713E-01 8.741071E-01 8.611125E-01 8.458298E-01 8.284226E-01 8.090867E-01 7.880262E-01 7.654691E-01 7.416539E-01
1.551950E-01 1.629759E-01 1.712466E-01 1.800163E-01 1.893336E-01 1.992223E-01 2.097121E-01 2.208499E-01 2.326812E-01 2.452517E-01 2.585725E-01 2.727334E-01 2.877499E-01 3.036647E-01 3.205256E-01 3.383816E-01 3.572539E-01 3.771896E-01 3.982047E-01 4.203235E-01 4.435458E-01 4.678737E-01 4.932878E-01 5.197257E-01 5.471325E-01 5.754306E-01 6.044932E-01 6.341723E-01 6.642923E-01 6.946557E-01 7.250110E-01 7.551035E-01 7.846684E-01 8.134138E-01 8.410340E-01 8.672313E-01 8.917113E-01 9.142089E-01 9.344702E-01 9.522707E-01 9.674046E-01 9.797193E-01 9.890666E-01 9.953591E-01 9.985192E-01 9.985222E-01 9.953559E-01 9.890704E-01 9.797185E-01 9.674096E-01 9.522738E-01 9.344738E-01 9.142094E-01 8.917115E-01 8.672267E-01 8.410323E-01 8.134206E-01
1.600416E-01 1.682523E-01 1.769704E-01 1.862421E-01 1.960965E-01 2.065993E-01 2.177560E-01 2.296453E-01 2.422867E-01 2.557373E-01 2.700586E-01 2.853067E-01 3.015293E-01 3.187645E-01 3.370846E-01 3.565422E-01 3.771896E-01 3.990661E-01 4.222126E-01 4.466650E-01 4.724480E-01 4.995520E-01 5.279589E-01 5.576701E-01 5.885829E-01 6.206221E-01 6.536629E-01 6.875389E-01 7.220350E-01 7.569374E-01 7.919402E-01 8.267581E-01 8.610412E-01 8.944399E-01 9.265870E-01 9.571181E-01 9.856880E-01 1.011961 1.035630 1.056427 1.074118 1.088507 1.099430 1.106775 1.110471 1.110471 1.106776 1.099430 1.088503 1.074122 1.056430 1.035628 1.011959 9.856898E-01 9.571182E-01 9.265820E-01 8.944380E-01
1.649579E-01 1.735974E-01 1.827992E-01 1.925876E-01 2.030153E-01 2.141517E-01 2.260261E-01 2.386785E-01 2.521766E-01 2.665926E-01 2.819639E-01 2.983585E-01 3.158719E-01 3.345337E-01 3.544316E-01 3.756387E-01 3.982047E-01 4.222228E-01 4.477097E-01 4.747508E-01 5.033842E-01 5.336037E-01 5.654210E-01 5.988224E-01 6.337500E-01 6.700987E-01 7.077562E-01 7.465131E-01 7.861599E-01 8.264101E-01 8.669319E-01 9.073411E-01 9.472545E-01 9.862143E-01 1.023779 1.059517 1.092982 1.123776 1.151527 1.175913 1.196652 1.213511 1.226312 1.234918 1.239244 1.239244 1.234920 1.226312 1.213507 1.196649 1.175913 1.151529 1.123777 1.092984 1.059514 1.023786 9.862177E-01
1.699241E-01 1.790071E-01 1.886986E-01 1.990312E-01 2.100738E-01 2.218581E-01 2.344661E-01 2.479326E-01 2.623400E-01 2.777633E-01 2.942443E-01 3.118831E-01 3.307636E-01 3.509509E-01 3.725575E-01 3.956507E-01 4.203235E-01 4.466650E-01 4.747610E-01 5.046666E-01 5.364500E-01 5.701753E-01 6.058537E-01 6.434690E-01 6.829823E-01 7.243100E-01 7.673079E-01 8.117874E-01 8.574786E-01 9.040604E-01 9.511243E-01 9.982292E-01 1.044879 1.090528 1.134625 1.176621 1.215982 1.252210 1.284864 1.313552 1.337930 1.357753 1.372794 1.382901 1.387982 1.387980 1.382904 1.372789 1.357750 1.337934 1.313542 1.284864 1.252211 1.215983 1.176617 1.134632 1.090531
1.749467E-01 1.844748E-01 1.946646E-01 2.055769E-01 2.172382E-01 2.297085E-01 2.430912E-01 2.574187E-01 2.727617E-01 2.892298E-01 3.068931E-01 3.258531E-01 3.461929E-01 3.680218E-01 3.914545E-01 4.165930E-01 4.435560E-01 4.724378E-01 5.033740E-01 5.364602E-01 5.717880E-01 6.094176E-01 6.494334E-01 6.918352E-01 7.366142E-01 7.836802E-01 8.329164E-01 8.840783E-01 9.369137E-01 9.909935E-01 1.045900 1.101038 1.155805 1.209532 1.261526 1.311099 1.357590 1.400383 1.438942 1.472793 1.501553 1.524907 1.542625 1.554520 1.560495 1.560498 1.554522 1.542622 1.524910 1.501554 1.472790 1.438940 1.400380 1.357592 1.311101 1.261531 1.209534
1.799906E-01 1.900024E-01 2.007152E-01 2.122027E-01 2.244948E-01 2.376924E-01 2.518581E-01 2.670638E-01 2.834159E-01 3.009865E-01 3.198978E-01 3.402364E-01 3.621428E-01 3.857224E-01 4.111015E-01 4.384502E-01 4.678737E-01 4.995418E-01 5.336037E-01 5.701855E-01 6.094176E-01 6.514529E-01 6.963605E-01 7.441922E-01 7.949928E-01 8.486944E-01 9.051707E-01 9.642143E-01 1.025479 1.088537 1.152827 1.217666 1.282272 1.345828 1.407428 1.466221 1.521369 1.572121 1.617818 1.657898 1.691913 1.719502 1.740404 1.754434 1.761481 1.761481 1.754436 1.740405 1.719498 1.691909 1.657899 1.617817 1.572122 1.521366 1.466220 1.407430 1.345825
1.850457E-01 1.955313E-01 2.067973E-01 2.188616E-01 2.318404E-01 2.457686E-01 2.607577E-01 2.768848E-01 2.942718E-01 3.130039E-01 3.332061E-01 3.550197E-01 3.785678E-01 4.039977E-01 4.314822E-01 4.611857E-01 4.932878E-01 5.279589E-01 5.654210E-01 6.058537E-01 6.494334E-01 6.963503E-01 7.467576E-01 8.007732E-01 8.584626E-01 9.198209E-01 9.847465E-01 1.053042 1.124344 1.198138 1.273769 1.350375 1.426995 1.502558 1.575929 1.646002 1.711732 1.772175 1.826521 1.874116 1.914438 1.947097 1.971807 1.988378 1.996689 1.996691 1.988376 1.971808 1.947096 1.914436 1.874115 1.826521 1.772172 1.711733 1.646005 1.575925 1.502553
1.901099E-01 2.010888E-01 2.128835E-01 2.255625E-01 2.392214E-01 2.539105E-01 2.697493E-01 2.868394E-01 3.052933E-01 3.252415E-01 3.468026E-01 3.701480E-01 3.954267E-01 4.228248E-01 4.525419E-01 4.847553E-01 5.197257E-01 5.576701E-01 5.988325E-01 6.434690E-01 6.918352E-01 7.441922E-01 8.007732E-01 8.617690E-01 9.273390E-01 9.975291E-01 1.072325 1.151530 1.234775 1.321481 1.410854 1.501848 1.593222 1.683593 1.771484 1.855458 1.934174 2.006454 2.071323 2.127997 2.175901 2.214616 2.243852 2.263433 2.273252 2.273250 2.263433 2.243852 2.214613 2.175904 2.127995 2.071322 2.006457 1.934173 1.855455 1.771483 1.683587
1.951445E-01 2.066374E-01 2.189805E-01 2.322702E-01 2.466096E-01 2.620914E-01 2.788017E-01 2.968805E-01 3.164474E-01 3.376307E-01 3.606217E-01 3.855749E-01 4.126643E-01 4.421355E-01 4.741929E-01 5.091141E-01 5.471325E-01 5.885829E-01 6.337500E-01 6.829823E-01 7.366142E-01 7.949928E-01 8.584524E-01 9.273288E-01 1.001862 1.082248 1.168532 1.260598 1.358105 1.460414 1.566567 1.675269 1.784927 1.893695 1.999648 2.100871 2.195632 2.282438 2.360112 2.427764 2.484765 2.530699 2.565313 2.588452 2.600036 2.600037 2.588450 2.565312 2.530704 2.484761 2.427765 2.360109 2.282438 2.195630 2.100870 1.999649 1.893700
