T1-compare/0.2/model.grd
DSAA
          90          90
  -15.00000       15.00000    
  -15.00000       15.00000    
  0.1011221       18.05779    
[rows 0 to 26 of 90, columns 0 to 60 of 90]
0.1073160 0.1106155 0.1140311 0.1175647 0.1212177 0.1249913 0.1288861 0.1329024 0.1370397 0.1412972 0.1456729 0.1501645 0.1547685 0.1594805 0.1642951 0.1692058 0.1742048 0.1792829 0.1844299 0.1896340 0.1948819 0.2001588 0.2054488 0.2107342 0.2159962 0.2212145 0.2263679 0.2314338 0.2363890 0.2412091 0.2458695 0.2503460 0.2546172 0.2586558 0.2624325 0.2659276 0.2691198 0.2719890 0.2745160 0.2766843 0.2784789 0.2798878 0.2809011 0.2815119 0.2817159 0.2815118 0.2809009 0.2798877 0.2784789 0.2766843 0.2745161 0.2719890 0.2691198 0.2659277 0.2624328 0.2586563 0.2546178 0.2503465 0.2458701 0.2412095 0.2363895
0.1106154 0.1141143 0.1177412 0.1214986 0.1253886 0.1294130 0.1335729 0.1378691 0.1423018 0.1468703 0.1515734 0.1564089 0.1613736 0.1664634 0.1716728 0.1769952 0.1824224 0.1879452 0.1935523 0.1992313 0.2049677 0.2107457 0.2165474 0.2223535 0.2281430 0.2338933 0.2395806 0.2451795 0.2506634 0.2560050 0.2611759 0.2661473 0.2708875 0.2753714 0.2795770 0.2834743 0.2870373 0.2902417 0.2930659 0.2954902 0.2974977 0.2990741 0.3002084 0.3008921 0.3011206 0.3008921 0.3002083 0.2990740 0.2974977 0.2954902 0.2930659 0.2902417 0.2870373 0.2834743 0.2795770 0.2753716 0.2708878 0.2661476 0.2611761 0.2560052 0.2506637
0.1140312 0.1177413 0.1215927 0.1255884 0.1297312 0.1340237 0.1384675 0.1430643 0.1478147 0.1527187 0.1577757 0.1629839 0.1683405 0.1738416 0.1794818 0.1852547 0.1911518 0.1971635 0.2032779 0.2094817 0.2157595 0.2220938 0.2284652 0.2348523 0.2412317 0.2475783 0.2538652 0.2600637 0.2661440 0.2720745 0.2778234 0.2833586 0.2886514 0.2936664 0.2983656 0.3027221 0.3067075 0.3102947 0.3134579 0.3161749 0.3184257 0.3201939 0.3214663 0.3222336 0.3224900 0.3222336 0.3214662 0.3201939 0.3184257 0.3161750 0.3134581 0.3102948 0.3067077 0.3027223 0.2983659 0.2936668 0.2886519 0.2833592 0.2778239 0.2720750 0.2661445
0.1175648 0.1214988 0.1255884 0.1298377 0.1342501 0.1388290 0.1435770 0.1484964 0.1535887 0.1588546 0.1642942 0.1699063 0.1756887 0.1816379 0.1877487 0.1940148 0.2004278 0.2069775 0.2136519 0.2204364 0.2273145 0.2342676 0.2412740 0.2483104 0.2553506 0.2623668 0.2693283 0.2762031 0.2829570 0.2895543 0.2959581 0.3021307 0.3080309 0.3136244 0.3188807 0.3237605 0.3282290 0.3322537 0.3358054 0.3388574 0.3413871 0.3433750 0.3448060 0.3456691 0.3459575 0.3456691 0.3448060 0.3433750 0.3413871 0.3388575 0.3358054 0.3322537 0.3282290 0.3237606 0.3188808 0.3136246 0.3080312 0.3021310 0.2959584 0.2895546 0.2829573
0.1212177 0.1253887 0.1297312 0.1342500 0.1389498 0.1438345 0.1489081 0.1541737 0.1596337 0.1652898 0.1711430 0.1771929 0.1834379 0.1898752 0.1965002 0.2033066 0.2102862 0.2174286 0.2247213 0.2321488 0.2396938 0.2473356 0.2550511 0.2628141 0.2705960 0.2783651 0.2860873 0.2937261 0.3012428 0.3085965 0.3157454 0.3226469 0.3292621 0.3355442 0.3414439 0.3469239 0.3519457 0.3564724 0.3604697 0.3639068 0.3667568 0.3689974 0.3706107 0.3715839 0.3719092 0.3715839 0.3706107 0.3689974 0.3667568 0.3639068 0.3604698 0.3564725 0.3519458 0.3469240 0.3414442 0.3355446 0.3292626 0.3226475 0.3157459 0.3085971 0.3012435
0.1249914 0.1294132 0.1340238 0.1388290 0.1438347 0.1490461 0.1544680 0.1601048 0.1659602 0.1720371 0.1783373 0.1848616 0.1916094 0.1985787 0.2057654 0.2131639 0.2207661 0.2285618 0.2365377 0.2446783 0.2529643 0.2613741 0.2698821 0.2784598 0.2870750 0.2956926 0.3042741 0.3127781 0.3211603 0.3293743 0.3373713 0.3451016 0.3525106 0.3595519 0.3661825 0.3723503 0.3780081 0.3831121 0.3876224 0.3915027 0.3947220 0.3972538 0.3990774 0.4001776 0.4005454 0.4001776 0.3990774 0.3972538 0.3947220 0.3915028 0.3876224 0.3831122 0.3780083 0.3723504 0.3661827 0.3595522 0.3525109 0.3451019 0.3373717 0.3293746 0.3211607
0.1288863 0.1335731 0.1384677 0.1435770 0.1489083 0.1544680 0.1602624 0.1662972 0.1725776 0.1791078 0.1858911 0.1929294 0.2002236 0.2077726 0.2155733 0.2236208 0.2319077 0.2404237 0.2491557 0.2580871 0.2671981 0.2764650 0.2858604 0.2953525 0.3049062 0.3144817 0.3240358 0.3335214 0.3428882 0.3520826 0.3610491 0.3697311 0.3780749 0.3860183 0.3934963 0.4004568 0.4068471 0.4126171 0.4177192 0.4221116 0.4257573 0.4286258 0.4306924 0.4319395 0.4323565 0.4319395 0.4306924 0.4286258 0.4257573 0.4221115 0.4177191 0.4126170 0.4068471 0.4004568 0.3934963 0.3860185 0.3780750 0.3697312 0.3610494 0.3520828 0.3428886
0.1329024 0.1378693 0.1430644 0.1484964 0.1541738 0.1601048 0.1662972 0.1727585 0.1794954 0.1865140 0.1938190 0.2014143 0.2093020 0.2174827 0.2259546 0.2347138 0.2437537 0.2530646 0.2626333 0.2724431 0.2824730 0.2926979 0.3030878 0.3136085 0.3242204 0.3348795 0.3455367 0.3561388 0.3666279 0.3769429 0.3870189 0.3967893 0.4061813 0.4151310 0.4235782 0.4314528 0.4386900 0.4452299 0.4510174 0.4560026 0.4601427 0.4634013 0.4657498 0.4671673 0.4676413 0.4671673 0.4657499 0.4634013 0.4601428 0.4560026 0.4510174 0.4452299 0.4386902 0.4314529 0.4235784 0.4151311 0.4061815 0.3967894 0.3870192 0.3769432 0.3666283
0.1370397 0.1423018 0.1478147 0.1535886 0.1596337 0.1659601 0.1725775 0.1794953 0.1867224 0.1942665 0.2021349 0.2103332 0.2188657 0.2277346 0.2369401 0.2464798 0.2563483 0.2665367 0.2770323 0.2878183 0.2988730 0.3101698 0.3216765 0.3333555 0.3451633 0.3570503 0.3689616 0.3808361 0.3926081 0.4042066 0.4155575 0.4265842 0.4372126 0.4473587 0.4569349 0.4658689 0.4740874 0.4815207 0.4881034 0.4937776 0.4984920 0.5022042 0.5048804 0.5064962 0.5070363 0.5064962 0.5048805 0.5022044 0.4984922 0.4937777 0.4881036 0.4815208 0.4740876 0.4658691 0.4569351 0.4473588 0.4372129 0.4265845 0.4155580 0.4042071 0.3926087
0.1412972 0.1468704 0.1527188 0.1588546 0.1652899 0.1720370 0.1791078 0.1865139 0.1942666 0.2023764 0.2108526 0.2197036 0.2289361 0.2385549 0.2485623 0.2589580 0.2697382 0.2808957 0.2924186 0.3042905 0.3164890 0.3289866 0.3417487 0.3547344 0.3678956 0.3811773 0.3945170 0.4078457 0.4210873 0.4341608 0.4469790 0.4594514 0.4714798 0.4829752 0.4938527 0.5040160 0.5133757 0.5218484 0.5293576 0.5358340 0.5412180 0.5454590 0.5485173 0.5503639 0.5509816 0.5503641 0.5485174 0.5454590 0.5412180 0.5358340 0.5293574 0.5218483 0.5133758 0.5040160 0.4938526 0.4829751 0.4714798 0.4594513 0.4469790 0.4341609 0.4210876
0.1456732 0.1515737 0.1577760 0.1642944 0.1711434 0.1783375 0.1858913 0.1938192 0.2021352 0.2108528 0.2199845 0.2295415 0.2395338 0.2499691 0.2608526 0.2721868 0.2839707 0.2961987 0.3088607 0.3219411 0.3354177 0.3492619 0.3634371 0.3778991 0.3925952 0.4074636 0.4224344 0.4374283 0.4523588 0.4671310 0.4816447 0.4957951 0.5094790 0.5225810 0.5349819 0.5465787 0.5572693 0.5669554 0.5755463 0.5829606 0.5891271 0.5939866 0.5974918 0.5996087 0.6003166 0.5996087 0.5974919 0.5939867 0.5891271 0.5829606 0.5755461 0.5669554 0.5572693 0.5465787 0.5349818 0.5225809 0.5094789 0.4957950 0.4816447 0.4671310 0.4523589
0.1501646 0.1564090 0.1629840 0.1699064 0.1771931 0.1848616 0.1929295 0.2014143 0.2103333 0.2197037 0.2295413 0.2398615 0.2506777 0.2620015 0.2738421 0.2862056 0.2990938 0.3125046 0.3264301 0.3408564 0.3557619 0.3711179 0.3868859 0.4030187 0.4194581 0.4361361 0.4529730 0.4698795 0.4867547 0.5034900 0.5199669 0.5360611 0.5516378 0.5665715 0.5807411 0.5940126 0.6062605 0.6173674 0.6272259 0.6357394 0.6428235 0.6484079 0.6524373 0.6548710 0.6556850 0.6548711 0.6524374 0.6484080 0.6428235 0.6357394 0.6272260 0.6173674 0.6062607 0.5940127 0.5807413 0.5665715 0.5516379 0.5360612 0.5199673 0.5034904 0.4867552
0.1547685 0.1613737 0.1683406 0.1756887 0.1834380 0.1916094 0.2002236 0.2093019 0.2188657 0.2289361 0.2395335 0.2506776 0.2623865 0.2746769 0.2875623 0.3010535 0.3151571 0.3298747 0.3452019 0.3611276 0.3776321 0.3946868 0.4122525 0.4302785 0.4487021 0.4674475 0.4864254 0.5055331 0.5246556 0.5436652 0.5624247 0.5807888 0.5986115 0.6157323 0.6319846 0.6472216 0.6612977 0.6740742 0.6854225 0.6952283 0.7033912 0.7098285 0.7144740 0.7172806 0.7182192 0.7172807 0.7144741 0.7098286 0.7033913 0.6952283 0.6854226 0.6740742 0.6612980 0.6472219 0.6319847 0.6157325 0.5986118 0.5807890 0.5624253 0.5436658 0.5246562
0.1594807 0.1664637 0.1738418 0.1816380 0.1898755 0.1985788 0.2077726 0.2174828 0.2277348 0.2385551 0.2499689 0.2620016 0.2746770 0.2880175 0.3020427 0.3167692 0.3322094 0.3483706 0.3652531 0.3828499 0.4011445 0.4201097 0.4397063 0.4598813 0.4805667 0.5016794 0.5231186 0.5447678 0.5664935 0.5881476 0.6095676 0.6305801 0.6509966 0.6706377 0.6893280 0.7068775 0.7231080 0.7378521 0.7509575 0.7622872 0.7717227 0.7791654 0.7845377 0.7877836 0.7888694 0.7877836 0.7845377 0.7791654 0.7717225 0.7622869 0.7509573 0.7378518 0.7231078 0.7068775 0.6893278 0.6706375 0.6509964 0.6305799 0.6095678 0.5881476 0.5664935
0.1642952 0.1716728 0.1794820 0.1877487 0.1965004 0.2057654 0.2155733 0.2259545 0.2369403 0.2485622 0.2608524 0.2738421 0.2875624 0.3020425 0.3173098 0.3333883 0.3502979 0.3680528 0.3866608 0.4061201 0.4264195 0.4475350 0.4694285 0.4920456 0.5153144 0.5391429 0.5634191 0.5880096 0.6127610 0.6374990 0.6620334 0.6861594 0.7096679 0.7323301 0.7539095 0.7741930 0.7929701 0.8100422 0.8252258 0.8383584 0.8492990 0.8579308 0.8641623 0.8679276 0.8691872 0.8679277 0.8641622 0.8579308 0.8492987 0.8383582 0.8252257 0.8100420 0.7929701 0.7741929 0.7539093 0.7323298 0.7096677 0.6861593 0.6620336 0.6374992 0.6127611
0.1692059 0.1769952 0.1852548 0.1940148 0.2033067 0.2131639 0.2236208 0.2347138 0.2464800 0.2589580 0.2721866 0.2862055 0.3010535 0.3167691 0.3333883 0.3509448 0.3694680 0.3889818 0.4095028 0.4310380 0.4535831 0.4771200 0.5016136 0.5270098 0.5532332 0.5801845 0.6077381 0.6357432 0.6640211 0.6923691 0.7205601 0.7483475 0.7754629 0.8016447 0.8266351 0.8501594 0.8719594 0.8917944 0.9094450 0.9247167 0.9374422 0.9474838 0.9547336 0.9591142 0.9605798 0.9591142 0.9547336 0.9474838 0.9374420 0.9247162 0.9094446 0.8917940 0.8719593 0.8501592 0.8266348 0.8016444 0.7754626 0.7483472 0.7205601 0.6923691 0.6640212
0.1742047 0.1824224 0.1911519 0.2004277 0.2102863 0.2207660 0.2319076 0.2437535 0.2563483 0.2697381 0.2839704 0.2990937 0.3151571 0.3322092 0.3502977 0.3694678 0.3897613 0.4112141 0.4338551 0.4577028 0.4827635 0.5090276 0.5364664 0.5650286 0.5946372 0.6251855 0.6565354 0.6885148 0.7209181 0.7535058 0.7860094 0.8181347 0.8495761 0.8799999 0.9090627 0.9364489 0.9618496 0.9849758 1.005563 1.023381 1.038229 1.049946 1.058405 1.063517 1.065226 1.063517 1.058405 1.049946 1.038229 1.023381 1.005563 0.9849755 0.9618496 0.9364487 0.9090626 0.8799997 0.8495759 0.8181346 0.7860096 0.7535060 0.7209183
0.1792830 0.1879451 0.1971636 0.2069775 0.2174287 0.2285617 0.2404237 0.2530645 0.2665368 0.2808957 0.2961985 0.3125046 0.3298747 0.3483705 0.3680529 0.3889819 0.4112143 0.4348022 0.4597900 0.4862123 0.5140895 0.5434259 0.5742022 0.6063743 0.6398662 0.6745665 0.7103233 0.7469428 0.7841868 0.8217743 0.8593824 0.8966538 0.9331961 0.9686189 1.002534 1.034537 1.064245 1.091305 1.115401 1.136256 1.153635 1.167347 1.177245 1.183225 1.185225 1.183225 1.177245 1.167347 1.153635 1.136256 1.115401 1.091305 1.064244 1.034536 1.002534 0.9686185 0.9331956 0.8966533 0.8593821 0.8217741 0.7841868
0.1844299 0.1935522 0.2032780 0.2136517 0.2247212 0.2365376 0.2491556 0.2626331 0.2770323 0.2924185 0.3088605 0.3264300 0.3452020 0.3652529 0.3866606 0.4095027 0.4338551 0.4597898 0.4873721 0.5166571 0.5476862 0.5804815 0.6150409 0.6513315 0.6892838 0.7287841 0.7696694 0.8117217 0.8546668 0.8981721 0.9418517 0.9852740 1.027980 1.069470 1.109229 1.146779 1.181658 1.213440 1.241740 1.266230 1.286632 1.302724 1.314336 1.321351 1.323696 1.321351 1.314336 1.302724 1.286632 1.266230 1.241740 1.213439 1.181658 1.146779 1.109229 1.069469 1.027980 0.9852736 0.9418517 0.8981720 0.8546669
0.1896341 0.1992313 0.2094819 0.2204364 0.2321490 0.2446783 0.2580872 0.2724431 0.2878185 0.3042905 0.3219410 0.3408565 0.3611278 0.3828499 0.4061202 0.4310382 0.4577030 0.4862123 0.5166574 0.5491213 0.5836723 0.6203600 0.6592054 0.7001964 0.7432758 0.7883347 0.8352005 0.8836330 0.9333153 0.9838559 1.034788 1.085580 1.135640 1.184368 1.231162 1.275405 1.316521 1.353987 1.387340 1.416189 1.440209 1.459144 1.472801 1.481047 1.483804 1.481047 1.472801 1.459144 1.440208 1.416188 1.387340 1.353986 1.316521 1.275405 1.231161 1.184367 1.135640 1.085579 1.034788 0.9838558 0.9333152
0.1948819 0.2049677 0.2157597 0.2273145 0.2396939 0.2529644 0.2671981 0.2824730 0.2988731 0.3164890 0.3354175 0.3557619 0.3776321 0.4011443 0.4264194 0.4535830 0.4827636 0.5140893 0.5476860 0.5836722 0.6221527 0.6632138 0.7069122 0.7532660 0.8022424 0.8537449 0.9076000 0.9635450 1.021219 1.080159 1.139800 1.199492 1.258522 1.316113 1.371463 1.423828 1.472497 1.516832 1.556275 1.590362 1.618717 1.641050 1.657146 1.666859 1.670106 1.666860 1.657146 1.641050 1.618716 1.590362 1.556274 1.516831 1.472497 1.423827 1.371463 1.316112 1.258522 1.199492 1.139800 1.080159 1.021219
0.2001589 0.2107457 0.2220939 0.2342676 0.2473357 0.2613743 0.2764650 0.2926979 0.3101699 0.3289866 0.3492617 0.3711179 0.3946870 0.4201097 0.4475349 0.4771201 0.5090279 0.5434259 0.5804816 0.6203599 0.6632141 0.7091807 0.7583652 0.8108332 0.8665911 0.9255702 0.9876062 1.052422 1.119610 1.188625 1.258778 1.329257 1.399133 1.467443 1.533218 1.595482 1.653341 1.706006 1.752807 1.793199 1.826753 1.853146 1.872149 1.883609 1.887438 1.883609 1.872149 1.853146 1.826752 1.793198 1.752807 1.706005 1.653341 1.595481 1.533217 1.467442 1.399132 1.329256 1.258778 1.188624 1.119610
0.2054490 0.2165474 0.2284654 0.2412740 0.2550512 0.2698821 0.2858603 0.3030878 0.3216767 0.3417487 0.3634371 0.3868859 0.4122526 0.4397062 0.4694285 0.5016136 0.5364667 0.5742022 0.6150411 0.6592054 0.7069125 0.7583652 0.8137392 0.8731668 0.9367177 1.004372 1.075996 1.151311 1.229866 1.311021 1.393941 1.477608 1.560872 1.642461 1.721068 1.795477 1.864568 1.927370 1.983080 2.031067 2.070853 2.102094 2.124556 2.138088 2.142608 2.138088 2.124556 2.102094 2.070853 2.031066 1.983080 1.927370 1.864567 1.795476 1.721067 1.642460 1.560871 1.477607 1.393941 1.311021 1.229866
0.2107344 0.2223536 0.2348525 0.2483104 0.2628142 0.2784599 0.2953525 0.3136085 0.3333556 0.3547344 0.3778991 0.4030187 0.4302786 0.4598813 0.4920456 0.5270099 0.5650288 0.6063745 0.6513316 0.7001964 0.7532662 0.8108333 0.8731670 0.9404973 1.012988 1.090703 1.173570 1.261334 1.353516 1.449376 1.547891 1.647771 1.747484 1.845397 1.939860 2.029252 2.112138 2.187315 2.253829 2.310965 2.358213 2.395229 2.421793 2.437776 2.443111 2.437776 2.421793 2.395229 2.358213 2.310965 2.253829 2.187314 2.112138 2.029251 1.939859 1.845397 1.747484 1.647770 1.547891 1.449376 1.353516
0.2159963 0.2281429 0.2412319 0.2553506 0.2705959 0.2870749 0.3049061 0.3242204 0.3451633 0.3678954 0.3925950 0.4194580 0.4487021 0.4805666 0.5153142 0.5532331 0.5946373 0.6398661 0.6892838 0.7432758 0.8022425 0.8665908 0.9367175 1.012987 1.095704 1.185064 1.281109 1.383653 1.492222 1.605978 1.723683 1.843692 1.964037 2.082494 2.196777 2.304791 2.404701 2.495026 2.574651 2.642797 2.698955 2.742822 2.774229 2.793096 2.799387 2.793096 2.774229 2.742822 2.698956 2.642797 2.574651 2.495026 2.404701 2.304790 2.196777 2.082494 1.964037 1.843692 1.723683 1.605978 1.492223
0.2212143 0.2338932 0.2475783 0.2623667 0.2783648 0.2956925 0.3144815 0.3348794 0.3570501 0.3811771 0.4074634 0.4361360 0.4674474 0.5016791 0.5391427 0.5801844 0.6251857 0.6745664 0.7287841 0.7883346 0.8537451 0.9255702 1.004372 1.090703 1.185064 1.287860 1.399320 1.519414 1.647734 1.783382 1.924865 2.070069 2.216300 2.360553 2.499778 2.631100 2.752124 2.861030 2.956557 3.037914 3.104665 3.156611 3.193696 3.215929 3.223336 3.215929 3.193696 3.156611 3.104665 3.037914 2.956558 2.861030 2.752124 2.631100 2.499778 2.360552 2.216300 2.070069 1.924865 1.783382 1.647734
0.2263679 0.2395804 0.2538654 0.2693283 0.2860873 0.3042741 0.3240357 0.3455367 0.3689616 0.3945169 0.4224342 0.4529729 0.4864253 0.5231185 0.5634191 0.6077381 0.6565356 0.7103232 0.7696695 0.8352004 0.9076002 0.9876060 1.075996 1.173570 1.281109 1.399320 1.528747 1.669640 1.821794 1.984335 2.155533 2.332668 2.512119 2.689590 2.860654 3.021407 3.168734 3.300453 3.415220 3.512353 3.591608 3.653005 3.696685 3.722812 3.731506 3.722812 3.696685 3.653005 3.591608 3.512353 3.415220 3.300453 3.168734 3.021407 2.860654 2.689589 2.512119 2.332668 2.155533 1.984335 1.821794
