T1-compare/0.2/model_t.grd
DSAA
          90          90
      -15.000000       15.000000
      -15.000000       15.000000
    9.122904E-02       18.028996
[rows 25 to 49 of 90, columns 0 to 56 of 90]
2.001504E-01 2.121358E-01 2.250437E-01 2.389718E-01 2.540183E-01 2.702953E-01 2.878963E-01 3.069784E-01 3.276732E-01 3.501673E-01 3.746135E-01 4.012241E-01 4.302220E-01 4.618492E-01 4.963976E-01 5.341494E-01 5.754306E-01 6.206221E-01 6.700987E-01 7.243100E-01 7.836802E-01 8.486944E-01 9.198209E-01 9.975291E-01 1.082248 1.174334 1.273987 1.381228 1.495779 1.616985 1.743738 1.874420 2.006938 2.138830 2.267457 2.390257 2.504946 2.609643 2.702935 2.783838 2.851732 2.906241 2.947191 2.974502 2.988163 2.988165 2.974509 2.947190 2.906242 2.851728 2.783842 2.702932 2.609641 2.504948 2.390261 2.267457 2.138829
2.051007E-01 2.175971E-01 2.310695E-01 2.456328E-01 2.613896E-01 2.784637E-01 2.969762E-01 3.170907E-01 3.389484E-01 3.627626E-01 3.887167E-01 4.170578E-01 4.480248E-01 4.819070E-01 5.190427E-01 5.597706E-01 6.044932E-01 6.536629E-01 7.077562E-01 7.673079E-01 8.329062E-01 9.051707E-01 9.847566E-01 1.072325 1.168532 1.273987 1.389136 1.514236 1.649186 1.793383 1.945589 2.103795 2.265228 2.426498 2.583927 2.733977 2.873583 3.000379 3.112723 3.209587 3.290443 3.355065 3.403440 3.435617 3.451679 3.451683 3.435616 3.403435 3.355067 3.290441 3.209587 3.112717 3.000381 2.873584 2.733978 2.583929 2.426491
2.099822E-01 2.229737E-01 2.370097E-01 2.522119E-01 2.686868E-01 2.865677E-01 3.060017E-01 3.271574E-01 3.502126E-01 3.753695E-01 4.028610E-01 4.329637E-01 4.659574E-01 5.021796E-01 5.419973E-01 5.858347E-01 6.341723E-01 6.875287E-01 7.465131E-01 8.117874E-01 8.840783E-01 9.642143E-01 1.053042 1.151520 1.260608 1.381223 1.514236 1.660274 1.819588 1.991802 2.175642 2.368678 2.567176 2.766348 2.960881 3.145715 3.316682 3.470830 3.606356 3.722351 3.818529 3.894980 3.951952 3.989734 4.008563 4.008564 3.989738 3.951952 3.894982 3.818530 3.722351 3.606359 3.470834 3.316682 3.145709 2.960878 2.766355
2.147639E-01 2.282418E-01 2.428527E-01 2.586843E-01 2.758876E-01 2.945735E-01 3.149398E-01 3.371429E-01 3.613921E-01 3.879142E-01 4.169837E-01 4.488808E-01 4.839499E-01 5.225583E-01 5.651506E-01 6.122107E-01 6.642923E-01 7.220350E-01 7.861599E-01 8.574786E-01 9.369137E-01 1.025479 1.124344 1.234765 1.358105 1.495774 1.649186 1.819588 2.007872 2.214211 2.437576 2.675175 2.922006 3.171032 3.414194 3.643979 3.854659 4.042661 4.206257 4.344979 4.459078 4.549185 4.615997 4.660141 4.682093 4.682095 4.660147 4.615994 4.549182 4.459084 4.344976 4.206262 4.042665 3.854662 3.643977 3.414194 3.171032
2.194060E-01 2.334043E-01 2.485659E-01 2.650246E-01 2.829378E-01 3.024484E-01 3.237268E-01 3.469764E-01 3.724273E-01 4.003299E-01 4.309646E-01 4.646974E-01 5.018596E-01 5.429085E-01 5.883384E-01 6.386978E-01 6.946557E-01 7.569374E-01 8.264101E-01 9.040604E-01 9.910037E-01 1.088537 1.198148 1.321476 1.460409 1.616985 1.793383 1.991802 2.214211 2.461912 2.734774 3.030078 3.341243 3.657514 3.965860 4.254558 4.515704 4.745425 4.942674 5.108026 5.242759 5.348372 5.426250 5.477511 5.502943 5.502946 5.477513 5.426249 5.348376 5.242760 5.108023 4.942677 4.745428 4.515710 4.254552 3.965864 3.657515
2.239323E-01 2.383907E-01 2.541086E-01 2.712001E-01 2.898082E-01 3.101203E-01 3.323117E-01 3.566093E-01 3.832552E-01 4.125321E-01 4.447566E-01 4.802982E-01 5.195826E-01 5.630925E-01 6.113895E-01 6.651084E-01 7.250110E-01 7.919402E-01 8.669218E-01 9.511243E-01 1.045890 1.152827 1.273769 1.410854 1.566562 1.743738 1.945589 2.175642 2.437576 2.734774 3.069336 3.440019 3.838967 4.249034 4.647241 5.014114 5.339252 5.619730 5.856599 6.052535 6.210539 6.333408 6.423479 6.482530 6.511759 6.511758 6.482529 6.423476 6.333410 6.210542 6.052535 5.856599 5.619728 5.339255 5.014115 4.647242 4.249034
2.282791E-01 2.432215E-01 2.594655E-01 2.771627E-01 2.964715E-01 3.175690E-01 3.406475E-01 3.659712E-01 3.938006E-01 4.244340E-01 4.582290E-01 4.955877E-01 5.369917E-01 5.829628E-01 6.341327E-01 6.912385E-01 7.551035E-01 8.267581E-01 9.073411E-01 9.982292E-01 1.101043 1.217666 1.350370 1.501848 1.675269 1.874420 2.103795 2.368678 2.675175 3.030078 3.440019 3.908812 4.430197 4.976458 5.502131 5.972943 6.377774 6.718376 7.000579 7.230659 7.414199 7.555779 7.658962 7.726349 7.759624 7.759621 7.726346 7.658960 7.555776 7.414203 7.230662 7.000576 6.718372 6.377771 5.972944 5.502134 4.976453
2.324274E-01 2.478413E-01 2.646028E-01 2.828963E-01 3.028635E-01 3.247219E-01 3.486922E-01 3.750239E-01 4.040021E-01 4.359585E-01 4.713057E-01 5.104538E-01 5.539270E-01 6.023406E-01 6.563643E-01 7.168286E-01 7.846786E-01 8.610412E-01 9.472545E-01 1.044879 1.155810 1.282277 1.426995 1.593222 1.784922 2.006938 2.265228 2.567176 2.922006 3.341243 3.838967 4.430202 5.119980 5.866813 6.572460 7.176374 7.675684 8.084210 8.416101 8.682901 8.893544 9.054812 9.171720 9.247790 9.285275 9.285272 9.247787 9.171721 9.054819 8.893546 8.682901 8.416099 8.084211 7.675678 7.176376 6.572461 5.866812
2.363797E-01 2.522253E-01 2.694903E-01 2.883387E-01 3.089659E-01 3.315520E-01 3.563775E-01 3.836667E-01 4.137659E-01 4.470306E-01 4.838613E-01 5.247554E-01 5.702778E-01 6.210655E-01 6.778913E-01 7.416589E-01 8.134138E-01 8.944399E-01 9.862092E-01 1.090528 1.209537 1.345823 1.502558 1.683593 1.893700 2.138825 2.426498 2.766348 3.171032 3.657514 4.249039 4.976458 5.866808 6.866768 7.791347 8.545724 9.146962 9.626945 10.010362 10.314896 10.553233 10.734544 10.865374 10.950235 10.991981 10.991982 10.950239 10.865373 10.734545 10.553234 10.314896 10.010365 9.626945 9.146966 8.545722 7.791347 6.866772
2.400846E-01 2.563527E-01 2.740924E-01 2.934806E-01 3.147148E-01 3.380261E-01 3.636413E-01 3.918629E-01 4.230412E-01 4.575418E-01 4.958200E-01 5.383922E-01 5.858781E-01 6.389645E-01 6.984965E-01 7.654625E-01 8.410340E-01 9.265870E-01 1.023784 1.134625 1.261531 1.407428 1.575929 1.771479 1.999648 2.267457 2.583932 2.960886 3.414194 3.965860 4.647241 5.502131 6.572460 7.791352 8.909802 9.803663 10.502072 11.051149 11.484760 11.826207 12.091721 12.292716 12.437233 12.530751 12.576689 12.576689 12.530754 12.437233 12.292715 12.091721 11.826215 11.484756 11.051145 10.502072 9.803658 8.909802 7.791358
2.435417E-01 2.601884E-01 2.783800E-01 2.982679E-01 3.201034E-01 3.440602E-01 3.704394E-01 3.995571E-01 4.317454E-01 4.674193E-01 5.070686E-01 5.512414E-01 6.005887E-01 6.558768E-01 7.179974E-01 7.880262E-01 8.672262E-01 9.571181E-01 1.059517 1.176621 1.311099 1.466216 1.646002 1.855458 2.100876 2.390257 2.733977 3.145715 3.643974 4.254558 5.014120 5.972943 7.176374 8.545724 9.803663 10.808517 11.590159 12.201056 12.680755 13.056643 13.347750 13.567410 13.724963 13.826742 13.876690 13.876690 13.826742 13.724962 13.567405 13.347745 13.056646 12.680759 12.201056 11.590161 10.808511 9.803669 8.545723
2.467133E-01 2.637253E-01 2.823240E-01 3.027010E-01 3.250566E-01 3.496372E-01 3.767434E-01 4.066576E-01 4.398013E-01 4.765740E-01 5.175137E-01 5.631773E-01 6.142852E-01 6.716189E-01 7.361804E-01 8.090855E-01 8.917113E-01 9.856880E-01 1.092982 1.215982 1.357585 1.521374 1.711732 1.934174 2.195632 2.504946 2.873583 3.316682 3.854654 4.515709 5.339252 6.377769 7.675684 9.146968 10.502072 11.590159 12.438729 13.101884 13.621869 14.028543 14.342868 14.579644 14.749232 14.858668 14.912339 14.912339 14.858667 14.749227 14.579643 14.342865 14.028546 13.621870 13.101883 12.438732 11.590162 10.502078 9.146962
2.495876E-01 2.669375E-01 2.859117E-01 3.067096E-01 3.295617E-01 3.547182E-01 3.824660E-01 4.131374E-01 4.471551E-01 4.849415E-01 5.270461E-01 5.741030E-01 6.268111E-01 6.860573E-01 7.528553E-01 8.284222E-01 9.142089E-01 1.011961 1.123776 1.252215 1.400383 1.572121 1.772175 2.006454 2.282438 2.609643 3.000379 3.470830 4.042661 4.745425 5.619724 6.718376 8.084210 9.626945 11.051149 12.201056 13.101884 13.807635 14.361557 14.794784 15.129493 15.381467 15.561831 15.678167 15.735199 15.735202 15.678167 15.561829 15.381465 15.129491 14.794783 14.361555 13.807635 13.101884 12.201052 11.051149 9.626951
2.521457E-01 2.697908E-01 2.891027E-01 3.102907E-01 3.335915E-01 3.592473E-01 3.875844E-01 4.189406E-01 4.537301E-01 4.924394E-01 5.356079E-01 5.838949E-01 6.380634E-01 6.990324E-01 7.678557E-01 8.458284E-01 9.344752E-01 1.035630 1.151527 1.284864 1.438942 1.617818 1.826516 2.071323 2.360112 2.702935 3.112718 3.606356 4.206257 4.942678 5.856599 7.000579 8.416101 10.010362 11.484760 12.680755 13.621869 14.361557 14.943270 15.398744 15.750808 16.015890 16.205627 16.327993 16.387985 16.387981 16.327997 16.205629 16.015886 15.750808 15.398739 14.943273 14.361555 13.621869 12.680752 11.484756 10.010364
2.543704E-01 2.722767E-01 2.918822E-01 3.134072E-01 3.370982E-01 3.632041E-01 3.920471E-01 4.240066E-01 4.594821E-01 4.989908E-01 5.431027E-01 5.924850E-01 6.479352E-01 7.104097E-01 7.810228E-01 8.611084E-01 9.522707E-01 1.056427 1.175913 1.313547 1.472793 1.657893 1.874116 2.127997 2.427764 2.783843 3.209587 3.722351 4.344979 5.108026 6.052540 7.230659 8.682901 10.314896 11.826212 13.056643 14.028543 14.794784 15.398739 15.872336 16.238771 16.514828 16.712482 16.839975 16.902481 16.902481 16.839977 16.712477 16.514826 16.238771 15.872339 15.398739 14.794784 14.028546 13.056642 11.826212 10.314898
2.562456E-01 2.743753E-01 2.942407E-01 3.160415E-01 3.400560E-01 3.665420E-01 3.958328E-01 4.282833E-01 4.643542E-01 5.045479E-01 5.494543E-01 5.997681E-01 6.563168E-01 7.200782E-01 7.922157E-01 8.741066E-01 9.674097E-01 1.074118 1.196647 1.337930 1.501553 1.691907 1.914433 2.175901 2.484765 2.851727 3.290443 3.818529 4.459078 5.242759 6.210539 7.414199 8.893544 10.553233 12.091721 13.347745 14.342868 15.129493 15.750808 16.238771 16.616732 16.901680 17.105804 17.237509 17.302086 17.302090 17.237511 17.105803 16.901680 16.616734 16.238775 15.750807 15.129492 14.342866 13.347750 12.091717 10.553241
2.577652E-01 2.760657E-01 2.961414E-01 3.181830E-01 3.424611E-01 3.692518E-01 3.988966E-01 4.317646E-01 4.683111E-01 5.090612E-01 5.545996E-01 6.056812E-01 6.631221E-01 7.279345E-01 8.013169E-01 8.846767E-01 9.797193E-01 1.088507 1.213511 1.357753 1.524907 1.719497 1.947097 2.214616 2.530699 2.906241 3.355070 3.894980 4.549185 5.348372 6.333408 7.555779 9.054817 10.734544 12.292716 13.567410 14.579644 15.381467 16.015890 16.514822 16.901680 17.193550 17.402737 17.537754 17.603964 17.603966 17.537750 17.402737 17.193552 16.901682 16.514824 16.015888 15.381467 14.579647 13.567409 12.292720 10.734540
2.589171E-01 2.773515E-01 2.975733E-01 3.197874E-01 3.442730E-01 3.713074E-01 4.012136E-01 4.344026E-01 4.713055E-01 5.124720E-01 5.585176E-01 6.101727E-01 6.682950E-01 7.339059E-01 8.082218E-01 8.926979E-01 9.890666E-01 1.099430 1.226312 1.372794 1.542620 1.740404 1.971807 2.243857 2.565313 2.947191 3.403440 3.951952 4.615997 5.426250 6.423479 7.658962 9.171720 10.865374 12.437233 13.724963 14.749232 15.561831 16.205622 16.712482 17.105810 17.402737 17.615644 17.753103 17.820526 17.820526 17.753107 17.615644 17.402739 17.105804 16.712477 16.205629 15.561831 14.749232 13.724962 12.437242 10.865376
2.596874E-01 2.782151E-01 2.985402E-01 3.208848E-01 3.454987E-01 3.726806E-01 4.027741E-01 4.361711E-01 4.733171E-01 5.147699E-01 5.611457E-01 6.131846E-01 6.717662E-01 7.379189E-01 8.128737E-01 8.981000E-01 9.953591E-01 1.106780 1.234918 1.382901 1.554520 1.754434 1.988378 2.263438 2.588452 2.974502 3.435617 3.989734 4.660141 5.477511 6.482530 7.726344 9.247790 10.950235 12.530751 13.826742 14.858668 15.678167 16.327993 16.839975 17.237509 17.537754 17.753103 17.892168 17.960386 17.960382 17.892170 17.753103 17.537750 17.237509 16.839977 16.327999 15.678171 14.858668 13.826738 12.530756 10.950239
2.600749E-01 2.786505E-01 2.990171E-01 3.214259E-01 3.461134E-01 3.733762E-01 4.035509E-01 4.370579E-01 4.743325E-01 5.159238E-01 5.624683E-01 6.147044E-01 6.735125E-01 7.399329E-01 8.152042E-01 9.008079E-01 9.985192E-01 1.110471 1.239244 1.387977 1.560495 1.761481 1.996684 2.273252 2.600036 2.988163 3.451684 4.008563 4.682093 5.502943 6.511759 7.759624 9.285275 10.991981 12.576689 13.876690 14.912339 15.735199 16.387985 16.902481 17.302090 17.603964 17.820526 17.960386 18.028996 18.028994 17.960384 17.820522 17.603968 17.302090 16.902479 16.387989 15.735202 14.912338 13.876693 12.576692 10.991984
2.600777E-01 2.786487E-01 2.990262E-01 3.214219E-01 3.461016E-01 3.733706E-01 4.035558E-01 4.370550E-01 4.743312E-01 5.159281E-01 5.624660E-01 6.147074E-01 6.735099E-01 7.399328E-01 8.152052E-01 9.008122E-01 9.985222E-01 1.110471 1.239244 1.387980 1.560498 1.761481 1.996691 2.273250 2.600037 2.988160 3.451683 4.008564 4.682095 5.502946 6.511758 7.759621 9.285272 10.991982 12.576689 13.876690 14.912334 15.735197 16.387981 16.902481 17.302090 17.603966 17.820526 17.960382 18.028994 18.028994 17.960384 17.820526 17.603964 17.302090 16.902483 16.387987 15.735201 14.912337 13.876690 12.576695 10.991980
2.596924E-01 2.782148E-01 2.985400E-01 3.208794E-01 3.455048E-01 3.726815E-01 4.027656E-01 4.361621E-01 4.733216E-01 5.147745E-01 5.611499E-01 6.131889E-01 6.717651E-01 7.379161E-01 8.128678E-01 8.980974E-01 9.953559E-01 1.106776 1.234920 1.382899 1.554517 1.754436 1.988371 2.263433 2.588450 2.974504 3.435616 3.989738 4.660147 5.477513 6.482529 7.726346 9.247787 10.950239 12.530754 13.826742 14.858667 15.678167 16.327997 16.839977 17.237511 17.537750 17.753103 17.892170 17.960384 17.960384 17.892166 17.753103 17.537750 17.237509 16.839975 16.327999 15.678166 14.858667 13.826737 12.530756 10.950235
2.589204E-01 2.773502E-01 2.975764E-01 3.197966E-01 3.442742E-01 3.713053E-01 4.012089E-01 4.343957E-01 4.713078E-01 5.124753E-01 5.585192E-01 6.101733E-01 6.682908E-01 7.339029E-01 8.082273E-01 8.926982E-01 9.890704E-01 1.099430 1.226312 1.372789 1.542622 1.740405 1.971808 2.243852 2.565312 2.947190 3.403440 3.951957 4.615994 5.426249 6.423476 7.658960 9.171721 10.865373 12.437233 13.724962 14.749227 15.561829 16.205629 16.712477 17.105803 17.402737 17.615643 17.753103 17.820522 17.820526 17.753105 17.615643 17.402737 17.105799 16.712479 16.205627 15.561831 14.749232 13.724958 12.437238 10.865373
2.577710E-01 2.760768E-01 2.961295E-01 3.181789E-01 3.424618E-01 3.692550E-01 3.988909E-01 4.317600E-01 4.683097E-01 5.090519E-01 5.546086E-01 6.056823E-01 6.631241E-01 7.279372E-01 8.013149E-01 8.846765E-01 9.797185E-01 1.088503 1.213507 1.357750 1.524910 1.719498 1.947090 2.214613 2.530704 2.906242 3.355067 3.894982 4.549182 5.348376 6.333410 7.555776 9.054819 10.734545 12.292715 13.567405 14.579643 15.381465 16.015882 16.514826 16.901680 17.193552 17.402737 17.537750 17.603964 17.603964 17.537748 17.402737 17.193552 16.901684 16.514826 16.015879 15.381462 14.579643 13.567409 12.292719 10.734540
2.562474E-01 2.743703E-01 2.942337E-01 3.160535E-01 3.400600E-01 3.665394E-01 3.958271E-01 4.282881E-01 4.643579E-01 5.045474E-01 5.494499E-01 5.997646E-01 6.563133E-01 7.200806E-01 7.922192E-01 8.741071E-01 9.674096E-01 1.074122 1.196649 1.337934 1.501549 1.691909 1.914436 2.175904 2.484761 2.851728 3.290441 3.818530 4.459084 5.242760 6.210542 7.414203 8.893546 10.553234 12.091721 13.347745 14.342865 15.129491 15.750808 16.238773 16.616734 16.901682 17.105804 17.237511 17.302090 17.302088 17.237509 17.105803 16.901684 16.616735 16.238773 15.750805 15.129487 14.342869 13.347749 12.091722 10.553243
