T1-compare/0.2/mt-f.grd
DSAA
90 90
-15 15
-15 15
-1.035706 1.01142
[rows 30 to 59 of 90, columns 0 to 65 of 90]
-0.02194 -0.02279 -0.02371 -0.02476 -0.02594 -0.02725 -0.02874 -0.03041 -0.0323 -0.03445 -0.03689 -0.03967 -0.04284 -0.04648 -0.05064 -0.05545 -0.061 -0.06744 -0.07493 -0.08366 -0.09391 -0.106 -0.1202 -0.137 -0.1571 -0.1811 -0.2099 -0.2446 -0.2865 -0.3367 -0.396 -0.4629 -0.5309 -0.5888 -0.6287 -0.6515 -0.6623 -0.6655 -0.6638 -0.659 -0.6518 -0.643 -0.6325 -0.6205 -0.6068 -0.5913 -0.5734 -0.5529 -0.529 -0.501 -0.4679 -0.4286 -0.3819 -0.3264 -0.2618 -0.1906 -0.1209 -0.06393 -0.0253 -0.002122 0.01074 0.01731 0.02011 0.02073 0.02006 0.01868
-0.02207 -0.02293 -0.02389 -0.02497 -0.02618 -0.02753 -0.02908 -0.03082 -0.03278 -0.03502 -0.03757 -0.04047 -0.0438 -0.04762 -0.05203 -0.05711 -0.06303 -0.0699 -0.07793 -0.08735 -0.09845 -0.1116 -0.1272 -0.1459 -0.1684 -0.1956 -0.2289 -0.2697 -0.3204 -0.3837 -0.4629 -0.5592 -0.6633 -0.7482 -0.7968 -0.8178 -0.824 -0.8224 -0.8166 -0.8083 -0.7983 -0.7869 -0.7743 -0.7603 -0.7446 -0.727 -0.7069 -0.6838 -0.6567 -0.6248 -0.5865 -0.5402 -0.4834 -0.413 -0.3259 -0.2226 -0.1171 -0.03777 0.005913 0.02629 0.03455 0.03681 0.036 0.03374 0.03074 0.02751
-0.02219 -0.02305 -0.02405 -0.02513 -0.0264 -0.02779 -0.02938 -0.03116 -0.03321 -0.03552 -0.03817 -0.04118 -0.04468 -0.04866 -0.0533 -0.05863 -0.0649 -0.07215 -0.08073 -0.09076 -0.1027 -0.1169 -0.1339 -0.1543 -0.1791 -0.2094 -0.2469 -0.2936 -0.3531 -0.4297 -0.5309 -0.6633 -0.8175 -0.9307 -0.9735 -0.9813 -0.9763 -0.9667 -0.9547 -0.942 -0.9282 -0.9141 -0.8988 -0.8826 -0.8648 -0.8452 -0.8227 -0.7971 -0.767 -0.7313 -0.6879 -0.6348 -0.5678 -0.482 -0.3696 -0.2251 -0.07064 0.02647 0.0603 0.06799 0.06612 0.06123 0.05505 0.04893 0.0429 0.03744
-0.02228 -0.02315 -0.02418 -0.02529 -0.02658 -0.028 -0.02964 -0.03146 -0.03359 -0.03594 -0.03872 -0.04182 -0.04545 -0.04957 -0.05444 -0.05999 -0.06659 -0.07418 -0.08326 -0.09384 -0.1066 -0.1216 -0.1399 -0.1618 -0.1888 -0.2217 -0.2631 -0.3149 -0.3821 -0.4698 -0.5888 -0.7482 -0.9308 -1.032 -1.036 -1.015 -0.9926 -0.9718 -0.952 -0.9339 -0.9159 -0.8985 -0.8804 -0.862 -0.8419 -0.8203 -0.7956 -0.7677 -0.7346 -0.6955 -0.6475 -0.5884 -0.5126 -0.4141 -0.2813 -0.107 0.06921 0.1421 0.1386 0.1217 0.1044 0.08976 0.07675 0.06594 0.05632 0.0483
-0.02235 -0.02322 -0.02427 -0.0254 -0.02673 -0.02816 -0.02986 -0.03172 -0.03389 -0.03631 -0.03916 -0.04235 -0.04611 -0.05036 -0.05541 -0.06117 -0.06803 -0.07595 -0.08544 -0.09654 -0.1099 -0.1258 -0.1451 -0.1684 -0.1971 -0.2323 -0.2767 -0.3325 -0.4052 -0.5002 -0.6287 -0.7968 -0.9735 -1.036 -0.9926 -0.9399 -0.8972 -0.8638 -0.8354 -0.8112 -0.7887 -0.7679 -0.7469 -0.7262 -0.7039 -0.6802 -0.6534 -0.6233 -0.5877 -0.5457 -0.494 -0.4302 -0.3481 -0.2414 -0.09871 0.08275 0.2454 0.2736 0.2262 0.1812 0.1465 0.1208 0.1002 0.08415 0.07066 0.05978
-0.02239 -0.02329 -0.02434 -0.02549 -0.02682 -0.02829 -0.03002 -0.0319 -0.03412 -0.0366 -0.03951 -0.04277 -0.04663 -0.051 -0.0562 -0.06213 -0.06922 -0.07742 -0.08726 -0.09879 -0.1127 -0.1293 -0.1495 -0.1738 -0.2039 -0.2408 -0.2874 -0.346 -0.4219 -0.5204 -0.6515 -0.8178 -0.9813 -1.015 -0.9399 -0.8616 -0.8013 -0.7558 -0.7191 -0.6888 -0.6617 -0.6373 -0.6136 -0.5904 -0.5661 -0.5405 -0.5118 -0.4798 -0.442 -0.3977 -0.3432 -0.2761 -0.1904 -0.07997 0.06498 0.2426 0.388 0.3856 0.3073 0.2392 0.1887 0.1523 0.1243 0.1029 0.08546 0.07161
-0.02241 -0.02331 -0.02438 -0.02553 -0.02689 -0.02837 -0.0301 -0.03203 -0.03429 -0.0368 -0.03976 -0.04308 -0.04701 -0.05149 -0.05679 -0.06287 -0.07014 -0.07856 -0.08868 -0.1005 -0.1149 -0.132 -0.1528 -0.178 -0.2091 -0.2472 -0.2952 -0.3552 -0.4326 -0.532 -0.6623 -0.824 -0.9763 -0.9926 -0.8972 -0.8013 -0.7272 -0.6715 -0.6271 -0.5911 -0.5597 -0.5319 -0.5055 -0.48 -0.4537 -0.4264 -0.396 -0.3624 -0.3229 -0.2768 -0.2204 -0.1515 -0.064 0.04729 0.1909 0.3625 0.495 0.474 0.3762 0.2915 0.2285 0.1828 0.1479 0.1214 0.1002 0.0835
-0.0224 -0.0233 -0.02438 -0.02554 -0.02691 -0.02839 -0.03015 -0.03209 -0.03436 -0.03691 -0.03991 -0.04326 -0.04726 -0.05179 -0.05719 -0.06337 -0.07077 -0.07934 -0.08966 -0.1018 -0.1164 -0.1339 -0.1552 -0.1809 -0.2126 -0.2514 -0.3001 -0.3608 -0.4384 -0.5373 -0.6655 -0.8224 -0.9667 -0.9718 -0.8638 -0.7558 -0.6715 -0.6075 -0.5567 -0.5157 -0.4803 -0.4494 -0.4204 -0.3929 -0.3648 -0.3358 -0.3041 -0.2691 -0.2284 -0.181 -0.1235 -0.05361 0.0343 0.145 0.2861 0.4524 0.5761 0.5434 0.4331 0.337 0.2644 0.2111 0.1704 0.1394 0.1146 0.09512
-0.02237 -0.02327 -0.02436 -0.02551 -0.02688 -0.02838 -0.03013 -0.03208 -0.03437 -0.03692 -0.03994 -0.04333 -0.04736 -0.05192 -0.05737 -0.06362 -0.07109 -0.07977 -0.09021 -0.1025 -0.1173 -0.135 -0.1566 -0.1825 -0.2145 -0.2536 -0.3025 -0.3632 -0.4404 -0.5381 -0.6638 -0.8166 -0.9547 -0.952 -0.8354 -0.7191 -0.6271 -0.5567 -0.5006 -0.4553 -0.4164 -0.3827 -0.3514 -0.322 -0.2923 -0.262 -0.229 -0.193 -0.1514 -0.1032 -0.04514 0.025 0.1126 0.222 0.3605 0.5223 0.6395 0.5989 0.4801 0.3759 0.2961 0.2367 0.1911 0.1562 0.1283 0.1063
-0.02231 -0.02321 -0.02429 -0.02545 -0.02681 -0.0283 -0.03006 -0.032 -0.0343 -0.03684 -0.03986 -0.04325 -0.04729 -0.05188 -0.05734 -0.06361 -0.07111 -0.07983 -0.09032 -0.1026 -0.1176 -0.1353 -0.157 -0.183 -0.215 -0.2541 -0.3028 -0.363 -0.4393 -0.5356 -0.659 -0.8083 -0.942 -0.9339 -0.8112 -0.6888 -0.5911 -0.5157 -0.4553 -0.4064 -0.3645 -0.3284 -0.2951 -0.264 -0.2329 -0.2015 -0.1676 -0.1307 -0.08849 -0.03995 0.01831 0.08824 0.1751 0.2831 0.4192 0.5775 0.69 0.6439 0.5191 0.409 0.3237 0.2596 0.21 0.1717 0.141 0.1168
-0.02223 -0.02312 -0.02419 -0.02535 -0.0267 -0.02818 -0.02992 -0.03186 -0.03414 -0.03667 -0.03967 -0.04306 -0.04707 -0.05164 -0.05708 -0.06334 -0.07082 -0.07952 -0.08998 -0.1023 -0.1172 -0.1348 -0.1564 -0.1823 -0.2142 -0.2529 -0.3012 -0.3607 -0.4359 -0.5306 -0.6518 -0.7983 -0.9282 -0.9159 -0.7887 -0.6617 -0.5597 -0.4803 -0.4164 -0.3645 -0.3202 -0.282 -0.2469 -0.2144 -0.1822 -0.1498 -0.1152 -0.07785 -0.03527 0.01341 0.07153 0.141 0.2269 0.3334 0.4673 0.6226 0.7315 0.681 0.5518 0.4372 0.3477 0.2799 0.2269 0.1858 0.1528 0.1265
-0.02212 -0.02301 -0.02405 -0.02519 -0.02654 -0.028 -0.02973 -0.03164 -0.03389 -0.0364 -0.03939 -0.04273 -0.04671 -0.05123 -0.05661 -0.06281 -0.07023 -0.07884 -0.08921 -0.1014 -0.1161 -0.1336 -0.155 -0.1806 -0.2121 -0.2504 -0.2979 -0.3566 -0.4306 -0.5237 -0.643 -0.7869 -0.914 -0.8985 -0.7679 -0.6373 -0.5319 -0.4494 -0.3827 -0.3284 -0.282 -0.242 -0.2055 -0.1718 -0.1386 -0.1056 -0.07046 -0.03279 0.009892 0.05845 0.1162 0.185 0.2699 0.3749 0.5068 0.6597 0.7657 0.7121 0.5794 0.4613 0.3685 0.2976 0.242 0.1984 0.1634 0.1355
-0.02198 -0.02286 -0.02389 -0.02502 -0.02634 -0.02777 -0.02948 -0.03135 -0.03357 -0.03604 -0.03897 -0.04226 -0.04618 -0.05063 -0.05594 -0.06204 -0.06934 -0.07782 -0.08803 -0.1 -0.1145 -0.1317 -0.1527 -0.1779 -0.2089 -0.2465 -0.2932 -0.3508 -0.4236 -0.5152 -0.6325 -0.7743 -0.8988 -0.8804 -0.7469 -0.6136 -0.5055 -0.4204 -0.3514 -0.2951 -0.2469 -0.2055 -0.1678 -0.1332 -0.09929 -0.06575 -0.03031 0.007434 0.05003 0.09826 0.1554 0.2234 0.3071 0.4107 0.5408 0.6914 0.7948 0.7385 0.603 0.4821 0.3866 0.3132 0.2553 0.2097 0.173 0.1435
-0.02182 -0.02268 -0.02369 -0.02478 -0.02608 -0.0275 -0.02917 -0.031 -0.03318 -0.03559 -0.03846 -0.04169 -0.04551 -0.04986 -0.05505 -0.06101 -0.06816 -0.07644 -0.08643 -0.09815 -0.1123 -0.1292 -0.1497 -0.1743 -0.2046 -0.2414 -0.2872 -0.3436 -0.4151 -0.505 -0.6205 -0.7603 -0.8826 -0.862 -0.7262 -0.5904 -0.48 -0.3929 -0.322 -0.264 -0.2144 -0.1718 -0.1332 -0.09786 -0.06347 -0.02965 0.00589 0.04355 0.08583 0.1336 0.19 0.257 0.3395 0.4415 0.5698 0.7185 0.8198 0.7612 0.6233 0.5 0.4023 0.3268 0.2669 0.2197 0.1814 0.1507
-0.02164 -0.02247 -0.02347 -0.02453 -0.0258 -0.02717 -0.02881 -0.03058 -0.0327 -0.03506 -0.03785 -0.04098 -0.04471 -0.04894 -0.05398 -0.05977 -0.06671 -0.07475 -0.08445 -0.09583 -0.1096 -0.126 -0.1459 -0.1699 -0.1994 -0.2352 -0.2798 -0.335 -0.4049 -0.4932 -0.6068 -0.7446 -0.8648 -0.8419 -0.7039 -0.5661 -0.4537 -0.3648 -0.2923 -0.2329 -0.1822 -0.1386 -0.09929 -0.06347 -0.02879 0.005134 0.04056 0.07793 0.1197 0.1667 0.2222 0.288 0.3692 0.4696 0.5961 0.7428 0.8419 0.7811 0.641 0.5156 0.4159 0.3386 0.2771 0.2283 0.1888 0.1569
-0.02143 -0.02224 -0.02321 -0.02425 -0.02548 -0.02681 -0.02838 -0.03011 -0.03216 -0.03444 -0.03714 -0.04016 -0.04377 -0.04785 -0.05272 -0.0583 -0.06499 -0.07276 -0.08211 -0.09307 -0.1064 -0.1221 -0.1414 -0.1645 -0.1931 -0.2278 -0.2711 -0.3248 -0.3931 -0.4796 -0.5913 -0.727 -0.8452 -0.8203 -0.6802 -0.5405 -0.4264 -0.3358 -0.262 -0.2015 -0.1498 -0.1056 -0.06575 -0.02965 0.005134 0.03896 0.0741 0.111 0.152 0.1981 0.2525 0.3169 0.3965 0.4952 0.6198 0.7644 0.8615 0.7987 0.6566 0.5292 0.4277 0.3487 0.2857 0.2357 0.1951 0.1623
-0.02121 -0.02199 -0.02293 -0.02393 -0.02511 -0.0264 -0.02793 -0.02959 -0.03156 -0.03374 -0.03634 -0.03925 -0.04271 -0.04662 -0.05129 -0.05664 -0.06305 -0.07047 -0.07942 -0.0899 -0.1026 -0.1177 -0.1362 -0.1584 -0.1858 -0.2192 -0.2611 -0.313 -0.3795 -0.4639 -0.5734 -0.7069 -0.8227 -0.7956 -0.6534 -0.5118 -0.396 -0.3041 -0.229 -0.1676 -0.1152 -0.07046 -0.03032 0.00589 0.04056 0.0741 0.1087 0.1449 0.185 0.23 0.2829 0.3458 0.4235 0.5201 0.6426 0.7849 0.8797 0.8145 0.6704 0.5411 0.4379 0.3574 0.293 0.2419 0.2003 0.1667
-0.02097 -0.02172 -0.02262 -0.02358 -0.02472 -0.02595 -0.02742 -0.02901 -0.0309 -0.03298 -0.03547 -0.03823 -0.04154 -0.04526 -0.0497 -0.05479 -0.06088 -0.06792 -0.07641 -0.08635 -0.09843 -0.1127 -0.1303 -0.1514 -0.1775 -0.2094 -0.2496 -0.2996 -0.3638 -0.4459 -0.5529 -0.6838 -0.7971 -0.7677 -0.6233 -0.4798 -0.3624 -0.2691 -0.193 -0.1307 -0.07785 -0.03279 0.007433 0.04355 0.07793 0.111 0.1449 0.1801 0.2191 0.2626 0.3138 0.3747 0.4502 0.5445 0.6644 0.8042 0.8965 0.829 0.6826 0.5514 0.4464 0.3645 0.2989 0.2468 0.2044 0.1701
-0.02071 -0.02142 -0.0223 -0.02321 -0.02429 -0.02547 -0.02687 -0.02838 -0.03018 -0.03217 -0.03452 -0.03714 -0.04027 -0.04379 -0.04798 -0.05277 -0.05851 -0.06513 -0.07313 -0.08246 -0.09381 -0.1073 -0.1238 -0.1436 -0.1683 -0.1984 -0.2365 -0.2842 -0.3458 -0.425 -0.529 -0.6567 -0.767 -0.7346 -0.5877 -0.442 -0.3229 -0.2284 -0.1514 -0.08849 -0.03527 0.009892 0.05003 0.08583 0.1197 0.152 0.185 0.2191 0.2566 0.2984 0.3476 0.406 0.4789 0.5702 0.687 0.8236 0.9127 0.8423 0.6934 0.56 0.4533 0.37 0.3034 0.2504 0.2073 0.1725
-0.02044 -0.02112 -0.02194 -0.0228 -0.02385 -0.02496 -0.02628 -0.02771 -0.02942 -0.03129 -0.03351 -0.03598 -0.03891 -0.04221 -0.04614 -0.05061 -0.05597 -0.06213 -0.06958 -0.07825 -0.08881 -0.1013 -0.1166 -0.1351 -0.158 -0.1862 -0.2219 -0.2668 -0.3252 -0.4008 -0.501 -0.6248 -0.7313 -0.6955 -0.5457 -0.3977 -0.2768 -0.181 -0.1032 -0.03995 0.01341 0.05845 0.09826 0.1336 0.1667 0.1981 0.23 0.2626 0.2984 0.338 0.3847 0.4403 0.5098 0.5974 0.7103 0.843 0.9284 0.8546 0.7027 0.567 0.4584 0.3737 0.3062 0.2525 0.2089 0.1738
-0.02015 -0.02079 -0.02158 -0.02239 -0.02338 -0.02442 -0.02567 -0.02702 -0.02862 -0.03037 -0.03245 -0.03475 -0.03749 -0.04054 -0.0442 -0.04833 -0.05329 -0.05897 -0.06583 -0.07379 -0.08348 -0.09491 -0.109 -0.1258 -0.1469 -0.1727 -0.2056 -0.2472 -0.3016 -0.3727 -0.4679 -0.5865 -0.6879 -0.6475 -0.494 -0.3432 -0.2204 -0.1235 -0.04514 0.0183 0.07153 0.1162 0.1554 0.19 0.2222 0.2525 0.2829 0.3138 0.3476 0.3847 0.4285 0.4805 0.5458 0.6287 0.7364 0.8638 0.9441 0.8657 0.7102 0.5718 0.4614 0.3755 0.3071 0.253 0.2092 0.1739
-0.01984 -0.02045 -0.02119 -0.02196 -0.02289 -0.02387 -0.02504 -0.02629 -0.02779 -0.02941 -0.03135 -0.03347 -0.036 -0.03882 -0.04218 -0.04596 -0.0505 -0.05568 -0.06191 -0.06912 -0.07789 -0.08819 -0.1008 -0.116 -0.1349 -0.1581 -0.1877 -0.2252 -0.2748 -0.3401 -0.4286 -0.5402 -0.6348 -0.5884 -0.4302 -0.2761 -0.1515 -0.05361 0.025 0.08824 0.141 0.185 0.2234 0.257 0.288 0.3169 0.3458 0.3747 0.406 0.4403 0.4805 0.5281 0.5882 0.665 0.7658 0.886 0.9595 0.8753 0.7153 0.5739 0.4616 0.3747 0.3059 0.2517 0.2079 0.1728
-0.01953 -0.02011 -0.02079 -0.02152 -0.02238 -0.02329 -0.02439 -0.02555 -0.02693 -0.02843 -0.03022 -0.03216 -0.03449 -0.03705 -0.04011 -0.04354 -0.04764 -0.05229 -0.05788 -0.06431 -0.07212 -0.08122 -0.0924 -0.1057 -0.1223 -0.1425 -0.1684 -0.2011 -0.2446 -0.3023 -0.3819 -0.4834 -0.5678 -0.5126 -0.3481 -0.1904 -0.064 0.03429 0.1126 0.1751 0.2269 0.2699 0.3071 0.3395 0.3692 0.3965 0.4235 0.4502 0.4789 0.5098 0.5458 0.5882 0.6417 0.7104 0.8018 0.9116 0.975 0.8825 0.7168 0.572 0.4582 0.3708 0.3021 0.2483 0.2049 0.1703
-0.01922 -0.01975 -0.0204 -0.02106 -0.02187 -0.02271 -0.02372 -0.02479 -0.02606 -0.02743 -0.02907 -0.03083 -0.03294 -0.03525 -0.03801 -0.04107 -0.04474 -0.04885 -0.05379 -0.05942 -0.06624 -0.07412 -0.08374 -0.09508 -0.1092 -0.1262 -0.1478 -0.175 -0.2112 -0.2592 -0.3264 -0.413 -0.482 -0.4141 -0.2414 -0.07997 0.04729 0.145 0.222 0.2831 0.3334 0.3749 0.4107 0.4415 0.4696 0.4952 0.5201 0.5445 0.5702 0.5974 0.6287 0.665 0.7104 0.7686 0.8466 0.941 0.9893 0.8849 0.7121 0.5643 0.4499 0.363 0.2953 0.2425 0.2002 0.1664
-0.0189 -0.01939 -0.01999 -0.0206 -0.02135 -0.02212 -0.02305 -0.02402 -0.02519 -0.02643 -0.02791 -0.0295 -0.03139 -0.03346 -0.03591 -0.03861 -0.04184 -0.04542 -0.04971 -0.05454 -0.06036 -0.067 -0.07506 -0.0844 -0.09591 -0.1095 -0.1267 -0.1477 -0.1754 -0.2115 -0.2618 -0.3259 -0.3696 -0.2813 -0.09871 0.06498 0.1909 0.2861 0.3605 0.4192 0.4673 0.5068 0.5408 0.5698 0.5961 0.6198 0.6426 0.6644 0.687 0.7103 0.7364 0.7658 0.8018 0.8466 0.9061 0.9766 0.9997 0.8775 0.697 0.548 0.4352 0.3505 0.2851 0.2342 0.1935 0.161
-0.01857 -0.01903 -0.01958 -0.02015 -0.02083 -0.02154 -0.02238 -0.02326 -0.02431 -0.02543 -0.02676 -0.02817 -0.02986 -0.03167 -0.03383 -0.03618 -0.03897 -0.04203 -0.04568 -0.04973 -0.05458 -0.06001 -0.06654 -0.07391 -0.08285 -0.0931 -0.1057 -0.1204 -0.1389 -0.1614 -0.1906 -0.2226 -0.2251 -0.107 0.08275 0.2426 0.3625 0.4524 0.5223 0.5774 0.6226 0.6597 0.6914 0.7185 0.7428 0.7644 0.7849 0.8042 0.8236 0.843 0.8638 0.886 0.9116 0.941 0.9766 1.011 0.9938 0.8477 0.6643 0.5199 0.4127 0.3329 0.2713 0.2234 0.1849 0.1542
-0.01825 -0.01867 -0.01917 -0.01969 -0.02031 -0.02095 -0.02171 -0.02251 -0.02344 -0.02445 -0.02561 -0.02688 -0.02834 -0.02993 -0.03178 -0.03381 -0.03616 -0.03876 -0.04177 -0.04511 -0.04899 -0.05331 -0.05832 -0.0639 -0.07034 -0.07747 -0.08563 -0.09442 -0.1041 -0.1135 -0.1209 -0.1171 -0.07064 0.06921 0.2454 0.388 0.495 0.5761 0.6395 0.69 0.7314 0.7657 0.7948 0.8198 0.8419 0.8615 0.8797 0.8965 0.9128 0.9284 0.9441 0.9595 0.975 0.9893 0.9997 0.9938 0.9293 0.7733 0.6066 0.4781 0.3824 0.3103 0.2542 0.2102 0.1748 0.1462
-0.01791 -0.01832 -0.01876 -0.01924 -0.01979 -0.02037 -0.02104 -0.02177 -0.02259 -0.02349 -0.0245 -0.02561 -0.02686 -0.02824 -0.0298 -0.03152 -0.03346 -0.03561 -0.03802 -0.0407 -0.04368 -0.04697 -0.05061 -0.05454 -0.05877 -0.06313 -0.06744 -0.07119 -0.07353 -0.07249 -0.06393 -0.03777 0.02647 0.1421 0.2736 0.3856 0.474 0.5434 0.5989 0.6439 0.681 0.7121 0.7385 0.7612 0.7811 0.7987 0.8145 0.829 0.8423 0.8546 0.8657 0.8753 0.8825 0.8849 0.8775 0.8477 0.7733 0.652 0.5273 0.4252 0.3457 0.2836 0.2345 0.1952 0.1633 0.1372
-0.0176 -0.01796 -0.01835 -0.0188 -0.01928 -0.01981 -0.02039 -0.02104 -0.02176 -0.02255 -0.02342 -0.02438 -0.02544 -0.02661 -0.0279 -0.02933 -0.0309 -0.03262 -0.03451 -0.03656 -0.03877 -0.04111 -0.04357 -0.04605 -0.04841 -0.05045 -0.05174 -0.05161 -0.04887 -0.04138 -0.0253 0.005912 0.0603 0.1386 0.2262 0.3073 0.3762 0.4331 0.4801 0.5192 0.5518 0.5794 0.603 0.6233 0.641 0.6566 0.6704 0.6826 0.6934 0.7027 0.7102 0.7153 0.7168 0.7121 0.697 0.6643 0.6066 0.5273 0.4435 0.3686 0.306 0.2549 0.2131 0.1789 0.1507 0.1274
-0.01728 -0.01761 -0.01796 -0.01835 -0.01878 -0.01925 -0.01977 -0.02034 -0.02096 -0.02163 -0.02238 -0.02319 -0.02408 -0.02505 -0.02611 -0.02726 -0.0285 -0.02983 -0.03124 -0.03274 -0.03426 -0.0358 -0.03725 -0.03852 -0.03941 -0.03964 -0.03875 -0.03601 -0.0303 -0.01989 -0.002121 0.02628 0.06799 0.1217 0.1812 0.2392 0.2915 0.337 0.3759 0.4089 0.4372 0.4613 0.4821 0.5 0.5156 0.5292 0.5411 0.5514 0.56 0.567 0.5718 0.5738 0.572 0.5643 0.548 0.5199 0.4781 0.4252 0.3686 0.3147 0.2669 0.2259 0.1913 0.1622 0.1378 0.1172
