T1-compare/0.2/mt-f.grd
DSAA
90 90
-15 15
-15 15
-1.035706 1.01142
[rows 0 to 29 of 90, columns 0 to 65 of 90]
-0.01608 -0.01623 -0.01636 -0.01651 -0.01666 -0.0168 -0.01699 -0.01716 -0.01733 -0.01752 -0.01772 -0.01793 -0.01813 -0.01833 -0.01856 -0.01878 -0.019 -0.01923 -0.01947 -0.0197 -0.01995 -0.02018 -0.02041 -0.02063 -0.02084 -0.02106 -0.02126 -0.02145 -0.02163 -0.02179 -0.02195 -0.02207 -0.02219 -0.02228 -0.02235 -0.02239 -0.02241 -0.0224 -0.02237 -0.02231 -0.02222 -0.02212 -0.02198 -0.02182 -0.02164 -0.02143 -0.02121 -0.02097 -0.02071 -0.02043 -0.02015 -0.01984 -0.01953 -0.01922 -0.01889 -0.01857 -0.01824 -0.01792 -0.0176 -0.01728 -0.01697 -0.01667 -0.01639 -0.01611 -0.01584 -0.01558
-0.01621 -0.01637 -0.01652 -0.01666 -0.01685 -0.01701 -0.01718 -0.01739 -0.01757 -0.01779 -0.018 -0.01823 -0.01844 -0.01869 -0.01893 -0.01918 -0.01944 -0.01969 -0.01995 -0.02022 -0.02048 -0.02075 -0.02102 -0.02126 -0.02153 -0.02176 -0.02199 -0.02222 -0.02241 -0.02261 -0.02278 -0.02293 -0.02306 -0.02315 -0.02322 -0.02328 -0.02331 -0.0233 -0.02328 -0.02321 -0.02312 -0.023 -0.02286 -0.02268 -0.02247 -0.02224 -0.02199 -0.02172 -0.02143 -0.02112 -0.02079 -0.02045 -0.02011 -0.01975 -0.01939 -0.01903 -0.01867 -0.01831 -0.01796 -0.01761 -0.01726 -0.01693 -0.01661 -0.0163 -0.01601 -0.01573
-0.01636 -0.01652 -0.01667 -0.01685 -0.01701 -0.01722 -0.01742 -0.01761 -0.01785 -0.01807 -0.0183 -0.01854 -0.01881 -0.01907 -0.01934 -0.01961 -0.01991 -0.02019 -0.02049 -0.02077 -0.02109 -0.02138 -0.02167 -0.02197 -0.02225 -0.02253 -0.0228 -0.02305 -0.02329 -0.02352 -0.02371 -0.02389 -0.02405 -0.02418 -0.02428 -0.02434 -0.02438 -0.02438 -0.02436 -0.02428 -0.0242 -0.02406 -0.02389 -0.02369 -0.02347 -0.02321 -0.02293 -0.02262 -0.02229 -0.02194 -0.02157 -0.02119 -0.02079 -0.02039 -0.01999 -0.01958 -0.01917 -0.01876 -0.01835 -0.01796 -0.01758 -0.01721 -0.01685 -0.01651 -0.01619 -0.01588
-0.01651 -0.01666 -0.01685 -0.01702 -0.01722 -0.01743 -0.01764 -0.01789 -0.01812 -0.01837 -0.01864 -0.0189 -0.01918 -0.01948 -0.01978 -0.02008 -0.02041 -0.02074 -0.02107 -0.02141 -0.02174 -0.02206 -0.02241 -0.02275 -0.02307 -0.02338 -0.0237 -0.02399 -0.02426 -0.02452 -0.02476 -0.02497 -0.02513 -0.02529 -0.0254 -0.02548 -0.02553 -0.02554 -0.02551 -0.02545 -0.02534 -0.02519 -0.02501 -0.02478 -0.02453 -0.02425 -0.02393 -0.02358 -0.0232 -0.02281 -0.02239 -0.02196 -0.02152 -0.02106 -0.02061 -0.02015 -0.01969 -0.01924 -0.01879 -0.01836 -0.01793 -0.01752 -0.01712 -0.01673 -0.01638 -0.01603
-0.01664 -0.01685 -0.01701 -0.01721 -0.01744 -0.01766 -0.0179 -0.01816 -0.01842 -0.01868 -0.01898 -0.01927 -0.0196 -0.01992 -0.02025 -0.0206 -0.02096 -0.02132 -0.0217 -0.02207 -0.02247 -0.02284 -0.02322 -0.0236 -0.02398 -0.02434 -0.0247 -0.02504 -0.02537 -0.02566 -0.02594 -0.02618 -0.02639 -0.02658 -0.02673 -0.02683 -0.02689 -0.02691 -0.02688 -0.02682 -0.0267 -0.02654 -0.02634 -0.02609 -0.0258 -0.02547 -0.02512 -0.02472 -0.0243 -0.02385 -0.02338 -0.02289 -0.02238 -0.02187 -0.02135 -0.02083 -0.02031 -0.01978 -0.01928 -0.01878 -0.01831 -0.01784 -0.0174 -0.01698 -0.01658 -0.0162
-0.0168 -0.01701 -0.01722 -0.01743 -0.01767 -0.01793 -0.01817 -0.01845 -0.01873 -0.01903 -0.01936 -0.01968 -0.02003 -0.02039 -0.02078 -0.02115 -0.02155 -0.02196 -0.02239 -0.02282 -0.02325 -0.02368 -0.02411 -0.02456 -0.02498 -0.0254 -0.02581 -0.02621 -0.02659 -0.02693 -0.02725 -0.02754 -0.02779 -0.02799 -0.02816 -0.02829 -0.02836 -0.02839 -0.02838 -0.0283 -0.02818 -0.028 -0.02777 -0.0275 -0.02717 -0.02681 -0.0264 -0.02595 -0.02547 -0.02496 -0.02442 -0.02387 -0.02329 -0.02271 -0.02212 -0.02153 -0.02095 -0.02038 -0.01981 -0.01925 -0.01872 -0.0182 -0.0177 -0.01724 -0.01679 -0.01637
-0.01697 -0.0172 -0.01742 -0.01764 -0.01789 -0.01817 -0.01845 -0.01876 -0.01908 -0.0194 -0.01975 -0.02011 -0.0205 -0.0209 -0.02132 -0.02176 -0.02221 -0.02267 -0.02313 -0.02362 -0.02412 -0.02461 -0.0251 -0.02561 -0.02609 -0.02659 -0.02706 -0.02752 -0.02795 -0.02836 -0.02874 -0.02908 -0.02938 -0.02964 -0.02986 -0.03001 -0.03011 -0.03016 -0.03015 -0.03006 -0.02992 -0.02973 -0.02948 -0.02917 -0.02881 -0.02838 -0.02792 -0.02742 -0.02687 -0.02628 -0.02567 -0.02504 -0.02439 -0.02372 -0.02305 -0.02238 -0.02171 -0.02104 -0.02039 -0.01977 -0.01917 -0.01858 -0.01803 -0.01751 -0.01701 -0.01654
-0.01716 -0.01739 -0.01762 -0.01789 -0.01815 -0.01844 -0.01876 -0.01909 -0.01942 -0.01979 -0.02017 -0.02058 -0.021 -0.02146 -0.0219 -0.02239 -0.02291 -0.02342 -0.02395 -0.02451 -0.02506 -0.02562 -0.0262 -0.02677 -0.02734 -0.0279 -0.02845 -0.02898 -0.02948 -0.02997 -0.03041 -0.03081 -0.03116 -0.03146 -0.03172 -0.0319 -0.03202 -0.03209 -0.03208 -0.032 -0.03186 -0.03164 -0.03135 -0.031 -0.03058 -0.03012 -0.02959 -0.02901 -0.02838 -0.02771 -0.02702 -0.02629 -0.02555 -0.02479 -0.02403 -0.02326 -0.02251 -0.02178 -0.02104 -0.02034 -0.01965 -0.019 -0.01838 -0.01779 -0.01724 -0.01673
-0.01733 -0.01758 -0.01784 -0.01812 -0.01842 -0.01873 -0.01907 -0.01941 -0.0198 -0.02021 -0.02062 -0.02107 -0.02155 -0.02204 -0.02256 -0.0231 -0.02367 -0.02424 -0.02485 -0.02547 -0.0261 -0.02674 -0.0274 -0.02806 -0.02872 -0.02937 -0.03 -0.03062 -0.03123 -0.03178 -0.03231 -0.03278 -0.03322 -0.03358 -0.03389 -0.03412 -0.03429 -0.03437 -0.03437 -0.0343 -0.03414 -0.03389 -0.03357 -0.03318 -0.0327 -0.03216 -0.03155 -0.0309 -0.03018 -0.02942 -0.02862 -0.02779 -0.02693 -0.02606 -0.02519 -0.02431 -0.02344 -0.02259 -0.02176 -0.02096 -0.02018 -0.01945 -0.01875 -0.01809 -0.01748 -0.01691
-0.01752 -0.01778 -0.01808 -0.01837 -0.01868 -0.01903 -0.01941 -0.01979 -0.02021 -0.02066 -0.02112 -0.02162 -0.02214 -0.02268 -0.02327 -0.02387 -0.02449 -0.02516 -0.02584 -0.02653 -0.02727 -0.02799 -0.02874 -0.02949 -0.03025 -0.03101 -0.03175 -0.03248 -0.03317 -0.03383 -0.03446 -0.03502 -0.03552 -0.03594 -0.03631 -0.03659 -0.0368 -0.03691 -0.03692 -0.03684 -0.03667 -0.03641 -0.03605 -0.0356 -0.03506 -0.03444 -0.03374 -0.03299 -0.03217 -0.03129 -0.03037 -0.02941 -0.02843 -0.02743 -0.02643 -0.02543 -0.02445 -0.02349 -0.02255 -0.02163 -0.02076 -0.01993 -0.01915 -0.01842 -0.01773 -0.01709
-0.01772 -0.01801 -0.0183 -0.01863 -0.01899 -0.01935 -0.01976 -0.02018 -0.02062 -0.02112 -0.02163 -0.02218 -0.02275 -0.02336 -0.02401 -0.02468 -0.0254 -0.02613 -0.0269 -0.0277 -0.02852 -0.02936 -0.03022 -0.0311 -0.03197 -0.03285 -0.03372 -0.03456 -0.03539 -0.03616 -0.03689 -0.03757 -0.03818 -0.03871 -0.03916 -0.03951 -0.03976 -0.03991 -0.03994 -0.03986 -0.03968 -0.03938 -0.03897 -0.03846 -0.03785 -0.03714 -0.03635 -0.03547 -0.03452 -0.03351 -0.03245 -0.03135 -0.03022 -0.02907 -0.02791 -0.02676 -0.02562 -0.0245 -0.02342 -0.02238 -0.02139 -0.02045 -0.01957 -0.01874 -0.01798 -0.01728
-0.01792 -0.01823 -0.01855 -0.0189 -0.01928 -0.01968 -0.02012 -0.02059 -0.02107 -0.02162 -0.02217 -0.02277 -0.02342 -0.02409 -0.02482 -0.02556 -0.02636 -0.0272 -0.02807 -0.02897 -0.02991 -0.03088 -0.03188 -0.03287 -0.03389 -0.03491 -0.03593 -0.03692 -0.03788 -0.0388 -0.03968 -0.04047 -0.04118 -0.04182 -0.04235 -0.04277 -0.04308 -0.04327 -0.04333 -0.04326 -0.04306 -0.04273 -0.04226 -0.04169 -0.04098 -0.04016 -0.03925 -0.03824 -0.03714 -0.03597 -0.03474 -0.03347 -0.03216 -0.03084 -0.0295 -0.02818 -0.02688 -0.02561 -0.02437 -0.02319 -0.02207 -0.021 -0.02001 -0.01909 -0.01823 -0.01745
-0.01813 -0.01845 -0.0188 -0.01919 -0.0196 -0.02003 -0.0205 -0.021 -0.02154 -0.02214 -0.02276 -0.02343 -0.02413 -0.02487 -0.02568 -0.02651 -0.02741 -0.02835 -0.02934 -0.03036 -0.03145 -0.03254 -0.03368 -0.03485 -0.03603 -0.03723 -0.0384 -0.03958 -0.04071 -0.04182 -0.04284 -0.0438 -0.04468 -0.04545 -0.04611 -0.04663 -0.04702 -0.04726 -0.04736 -0.04729 -0.04707 -0.0467 -0.04618 -0.04551 -0.04471 -0.04377 -0.0427 -0.04154 -0.04027 -0.03892 -0.03749 -0.036 -0.03449 -0.03295 -0.03139 -0.02986 -0.02834 -0.02686 -0.02544 -0.02408 -0.0228 -0.02159 -0.02047 -0.01943 -0.01848 -0.01761
-0.01834 -0.01869 -0.01907 -0.01947 -0.01991 -0.02039 -0.02092 -0.02145 -0.02205 -0.02267 -0.02337 -0.02409 -0.02488 -0.02571 -0.02659 -0.02755 -0.02854 -0.02961 -0.03073 -0.0319 -0.03312 -0.03439 -0.03571 -0.03706 -0.03843 -0.03982 -0.04121 -0.04259 -0.04395 -0.04524 -0.04648 -0.04763 -0.04867 -0.04957 -0.05037 -0.051 -0.05149 -0.05179 -0.05193 -0.05188 -0.05164 -0.05123 -0.05063 -0.04986 -0.04894 -0.04785 -0.04662 -0.04526 -0.04379 -0.04221 -0.04055 -0.03882 -0.03705 -0.03526 -0.03346 -0.03167 -0.02993 -0.02824 -0.02661 -0.02505 -0.02358 -0.02221 -0.02094 -0.01977 -0.0187 -0.01775
-0.01857 -0.01894 -0.01933 -0.01979 -0.02025 -0.02078 -0.02131 -0.02191 -0.02256 -0.02326 -0.02401 -0.02482 -0.02567 -0.02659 -0.02759 -0.02864 -0.02977 -0.03097 -0.03223 -0.03356 -0.03497 -0.03642 -0.03795 -0.03951 -0.04111 -0.04274 -0.04439 -0.04601 -0.04762 -0.04917 -0.05064 -0.05204 -0.0533 -0.05444 -0.05541 -0.0562 -0.05679 -0.05719 -0.05736 -0.05734 -0.05708 -0.05661 -0.05594 -0.05505 -0.05398 -0.05272 -0.05129 -0.04971 -0.04798 -0.04614 -0.0442 -0.04218 -0.04012 -0.03802 -0.03591 -0.03383 -0.03178 -0.0298 -0.0279 -0.02611 -0.02443 -0.02286 -0.02142 -0.02011 -0.01892 -0.01784
-0.01879 -0.01919 -0.01961 -0.02008 -0.0206 -0.02115 -0.02175 -0.0224 -0.0231 -0.02386 -0.02469 -0.02556 -0.02651 -0.02755 -0.02865 -0.02982 -0.0311 -0.03244 -0.03386 -0.03539 -0.03699 -0.03867 -0.04043 -0.04225 -0.04412 -0.04605 -0.04798 -0.04991 -0.05182 -0.05367 -0.05545 -0.05712 -0.05863 -0.05999 -0.06116 -0.06213 -0.06287 -0.06337 -0.06361 -0.0636 -0.06334 -0.06281 -0.06204 -0.06102 -0.05977 -0.05831 -0.05664 -0.05479 -0.05277 -0.05061 -0.04833 -0.04596 -0.04354 -0.04107 -0.03861 -0.03618 -0.03381 -0.03152 -0.02933 -0.02726 -0.02532 -0.02354 -0.0219 -0.02042 -0.01908 -0.0179
-0.01901 -0.01945 -0.01991 -0.02041 -0.02095 -0.02154 -0.0222 -0.0229 -0.02367 -0.02449 -0.0254 -0.02636 -0.02741 -0.02854 -0.02977 -0.03109 -0.03251 -0.03402 -0.03565 -0.03738 -0.03922 -0.04115 -0.04318 -0.0453 -0.0475 -0.04975 -0.05204 -0.05434 -0.05663 -0.05885 -0.061 -0.06303 -0.06491 -0.06659 -0.06803 -0.06922 -0.07014 -0.07077 -0.07109 -0.07111 -0.07082 -0.07023 -0.06934 -0.06816 -0.06671 -0.06499 -0.06305 -0.06088 -0.05851 -0.05597 -0.05329 -0.0505 -0.04764 -0.04474 -0.04184 -0.03897 -0.03616 -0.03345 -0.0309 -0.0285 -0.02627 -0.02422 -0.02236 -0.02069 -0.0192 -0.01789
-0.01924 -0.01969 -0.02019 -0.02074 -0.02133 -0.02196 -0.02267 -0.02342 -0.02425 -0.02516 -0.02614 -0.0272 -0.02835 -0.02961 -0.03097 -0.03244 -0.03402 -0.03574 -0.03758 -0.03955 -0.04164 -0.04387 -0.04624 -0.0487 -0.05128 -0.05394 -0.05666 -0.0594 -0.06215 -0.06484 -0.06744 -0.0699 -0.07215 -0.07418 -0.07595 -0.07742 -0.07856 -0.07934 -0.07977 -0.07983 -0.07952 -0.07884 -0.07782 -0.07645 -0.07475 -0.07275 -0.07047 -0.06792 -0.06513 -0.06213 -0.05897 -0.05568 -0.05228 -0.04885 -0.04542 -0.04204 -0.03876 -0.03561 -0.03262 -0.02983 -0.02725 -0.02491 -0.02279 -0.02091 -0.01924 -0.01779
-0.01947 -0.01995 -0.02048 -0.02106 -0.02171 -0.02239 -0.02313 -0.02395 -0.02486 -0.02583 -0.0269 -0.02807 -0.02933 -0.03072 -0.03223 -0.03386 -0.03565 -0.03757 -0.03966 -0.04191 -0.0443 -0.04688 -0.04962 -0.05251 -0.05553 -0.05869 -0.06191 -0.06521 -0.06851 -0.07176 -0.07492 -0.07793 -0.08073 -0.08326 -0.08545 -0.08726 -0.08868 -0.08966 -0.09021 -0.09032 -0.08998 -0.08921 -0.08802 -0.08643 -0.08445 -0.08211 -0.07942 -0.07641 -0.07313 -0.06958 -0.06583 -0.06191 -0.05788 -0.0538 -0.04971 -0.04568 -0.04176 -0.03802 -0.03451 -0.03124 -0.02825 -0.02556 -0.02315 -0.02103 -0.01918 -0.01758
-0.01971 -0.02022 -0.02078 -0.02141 -0.02208 -0.02282 -0.02362 -0.02451 -0.02548 -0.02653 -0.0277 -0.02897 -0.03036 -0.0319 -0.03356 -0.03539 -0.03738 -0.03955 -0.0419 -0.04445 -0.04722 -0.05018 -0.05335 -0.05673 -0.06029 -0.06402 -0.06789 -0.07185 -0.07584 -0.0798 -0.08366 -0.08735 -0.09076 -0.09384 -0.09654 -0.09878 -0.1005 -0.1018 -0.1025 -0.1026 -0.1023 -0.1014 -0.1 -0.09815 -0.09582 -0.09307 -0.0899 -0.08635 -0.08246 -0.07825 -0.0738 -0.06912 -0.06431 -0.05942 -0.05454 -0.04973 -0.04511 -0.0407 -0.03656 -0.03274 -0.02926 -0.02616 -0.02341 -0.02102 -0.01896 -0.01722
-0.01994 -0.02049 -0.0211 -0.02174 -0.02246 -0.02326 -0.02411 -0.02505 -0.02611 -0.02726 -0.02852 -0.02991 -0.03144 -0.03312 -0.03496 -0.03699 -0.03921 -0.04165 -0.04431 -0.04721 -0.05036 -0.0538 -0.05748 -0.06143 -0.06563 -0.07006 -0.07468 -0.07947 -0.08431 -0.08917 -0.0939 -0.09845 -0.1027 -0.1066 -0.1099 -0.1127 -0.1149 -0.1164 -0.1173 -0.1176 -0.1172 -0.1161 -0.1145 -0.1123 -0.1096 -0.1064 -0.1026 -0.09843 -0.09381 -0.08881 -0.08348 -0.07789 -0.07212 -0.06624 -0.06036 -0.05458 -0.04899 -0.04368 -0.03877 -0.03426 -0.03022 -0.02664 -0.02351 -0.02084 -0.01856 -0.01666
-0.02017 -0.02074 -0.02138 -0.02206 -0.02284 -0.02368 -0.02461 -0.02563 -0.02675 -0.028 -0.02936 -0.03088 -0.03254 -0.03439 -0.03643 -0.03867 -0.04115 -0.04388 -0.04688 -0.05017 -0.0538 -0.05773 -0.062 -0.06664 -0.0716 -0.07688 -0.08244 -0.08821 -0.09413 -0.1001 -0.106 -0.1116 -0.1169 -0.1216 -0.1258 -0.1293 -0.132 -0.1339 -0.135 -0.1353 -0.1348 -0.1336 -0.1317 -0.1292 -0.126 -0.1221 -0.1177 -0.1127 -0.1073 -0.1013 -0.09491 -0.08819 -0.08122 -0.07411 -0.067 -0.06001 -0.05331 -0.04697 -0.04111 -0.0358 -0.03107 -0.02694 -0.0234 -0.0204 -0.0179 -0.01584
-0.0204 -0.02102 -0.02167 -0.02241 -0.02321 -0.02411 -0.0251 -0.0262 -0.0274 -0.02874 -0.03023 -0.03187 -0.03368 -0.03571 -0.03795 -0.04043 -0.04318 -0.04624 -0.04962 -0.05335 -0.05748 -0.06201 -0.06698 -0.07239 -0.07826 -0.08455 -0.09125 -0.09827 -0.1055 -0.1129 -0.1202 -0.1272 -0.1339 -0.1399 -0.1451 -0.1495 -0.1528 -0.1552 -0.1566 -0.157 -0.1564 -0.155 -0.1527 -0.1497 -0.1459 -0.1414 -0.1362 -0.1303 -0.1238 -0.1166 -0.109 -0.1008 -0.0924 -0.08374 -0.07506 -0.06654 -0.05832 -0.05061 -0.04357 -0.03725 -0.03172 -0.02696 -0.02295 -0.01962 -0.0169 -0.0147
-0.02062 -0.02126 -0.02197 -0.02275 -0.02359 -0.02455 -0.0256 -0.02677 -0.02806 -0.02949 -0.0311 -0.03287 -0.03485 -0.03706 -0.0395 -0.04225 -0.0453 -0.0487 -0.0525 -0.05673 -0.06143 -0.06664 -0.07239 -0.07873 -0.08565 -0.09317 -0.1012 -0.1098 -0.1187 -0.1279 -0.137 -0.1459 -0.1543 -0.1618 -0.1684 -0.1738 -0.178 -0.1809 -0.1825 -0.183 -0.1823 -0.1806 -0.1779 -0.1743 -0.1699 -0.1645 -0.1584 -0.1514 -0.1436 -0.1351 -0.1258 -0.116 -0.1057 -0.09508 -0.0844 -0.07391 -0.0639 -0.05454 -0.04605 -0.03852 -0.03204 -0.02657 -0.02205 -0.01838 -0.01546 -0.01317
-0.02085 -0.02151 -0.02225 -0.02308 -0.02399 -0.02498 -0.0261 -0.02734 -0.02872 -0.03026 -0.03197 -0.03388 -0.03604 -0.03843 -0.04112 -0.04412 -0.0475 -0.05128 -0.05553 -0.06029 -0.06563 -0.0716 -0.07827 -0.08566 -0.09384 -0.1028 -0.1126 -0.1231 -0.1341 -0.1456 -0.1571 -0.1684 -0.1791 -0.1888 -0.1971 -0.2039 -0.2091 -0.2126 -0.2145 -0.215 -0.2142 -0.2121 -0.2089 -0.2046 -0.1994 -0.1931 -0.1858 -0.1775 -0.1683 -0.158 -0.1469 -0.1349 -0.1223 -0.1092 -0.09591 -0.08285 -0.07034 -0.05877 -0.04841 -0.03941 -0.03182 -0.02555 -0.02051 -0.01653 -0.01345 -0.01112
-0.02106 -0.02176 -0.02253 -0.02339 -0.02435 -0.0254 -0.02659 -0.0279 -0.02938 -0.03101 -0.03285 -0.03491 -0.03723 -0.03983 -0.04275 -0.04604 -0.04976 -0.05394 -0.05869 -0.06402 -0.07006 -0.07688 -0.08455 -0.09317 -0.1028 -0.1135 -0.1253 -0.1382 -0.152 -0.1664 -0.1811 -0.1956 -0.2094 -0.2217 -0.2323 -0.2408 -0.2472 -0.2514 -0.2536 -0.2541 -0.2529 -0.2504 -0.2465 -0.2414 -0.2352 -0.2278 -0.2192 -0.2094 -0.1984 -0.1862 -0.1727 -0.1581 -0.1425 -0.1262 -0.1095 -0.0931 -0.07747 -0.06313 -0.05044 -0.03964 -0.03075 -0.02364 -0.01809 -0.01387 -0.01073 -0.008454
-0.02127 -0.02198 -0.0228 -0.0237 -0.0247 -0.02581 -0.02706 -0.02845 -0.03001 -0.03175 -0.03372 -0.03592 -0.0384 -0.04121 -0.04438 -0.04797 -0.05204 -0.05666 -0.06191 -0.06789 -0.07469 -0.08244 -0.09124 -0.1012 -0.1126 -0.1253 -0.1396 -0.1554 -0.1726 -0.191 -0.2099 -0.2289 -0.2469 -0.2631 -0.2767 -0.2874 -0.2952 -0.3001 -0.3025 -0.3028 -0.3012 -0.2979 -0.2932 -0.2872 -0.2798 -0.2711 -0.2611 -0.2496 -0.2365 -0.2219 -0.2056 -0.1877 -0.1684 -0.1478 -0.1267 -0.1057 -0.08563 -0.06744 -0.05174 -0.03875 -0.02841 -0.02045 -0.01451 -0.01019 -0.007125 -0.005038
-0.02145 -0.02221 -0.02305 -0.02399 -0.02504 -0.02621 -0.02752 -0.02898 -0.03062 -0.03248 -0.03457 -0.03692 -0.03958 -0.04259 -0.04601 -0.04991 -0.05434 -0.05941 -0.06521 -0.07185 -0.07947 -0.08821 -0.09827 -0.1098 -0.123 -0.1382 -0.1554 -0.1748 -0.1964 -0.2199 -0.2446 -0.2697 -0.2936 -0.3149 -0.3326 -0.346 -0.3552 -0.3608 -0.3632 -0.363 -0.3607 -0.3566 -0.3508 -0.3436 -0.335 -0.3248 -0.313 -0.2996 -0.2842 -0.2668 -0.2472 -0.2252 -0.2011 -0.175 -0.1477 -0.1204 -0.09442 -0.07119 -0.05161 -0.03601 -0.02416 -0.01549 -0.009365 -0.005179 -0.002434 -0.000724
-0.02163 -0.02242 -0.02329 -0.02427 -0.02536 -0.02659 -0.02795 -0.02948 -0.03122 -0.03317 -0.03537 -0.03787 -0.04071 -0.04394 -0.04761 -0.05181 -0.05663 -0.06215 -0.06851 -0.07584 -0.08431 -0.09413 -0.1055 -0.1188 -0.1341 -0.152 -0.1726 -0.1964 -0.2234 -0.2537 -0.2865 -0.3204 -0.3531 -0.3821 -0.4052 -0.4219 -0.4326 -0.4384 -0.4404 -0.4393 -0.4359 -0.4306 -0.4236 -0.4151 -0.4049 -0.3931 -0.3795 -0.3638 -0.3458 -0.3252 -0.3016 -0.2748 -0.2446 -0.2112 -0.1754 -0.1389 -0.1041 -0.07353 -0.04887 -0.0303 -0.01709 -0.008089 -0.002209 0.001446 0.003548 0.004588
-0.0218 -0.0226 -0.02351 -0.02453 -0.02566 -0.02693 -0.02836 -0.02997 -0.03178 -0.03383 -0.03617 -0.03879 -0.04181 -0.04524 -0.04916 -0.05367 -0.05885 -0.06484 -0.07176 -0.0798 -0.08916 -0.1001 -0.1129 -0.1279 -0.1456 -0.1664 -0.191 -0.2199 -0.2537 -0.2927 -0.3367 -0.3837 -0.4297 -0.4698 -0.5002 -0.5204 -0.532 -0.5373 -0.5381 -0.5356 -0.5306 -0.5237 -0.5152 -0.505 -0.4932 -0.4796 -0.4639 -0.4459 -0.425 -0.4008 -0.3727 -0.3401 -0.3023 -0.2592 -0.2115 -0.1614 -0.1135 -0.07249 -0.04138 -0.01989 -0.005965 0.002557 0.00746 0.01 0.01101 0.01103
