T1-compare/0.2/mt-f.grd
DSAA
90 90
-15 15
-15 15
-1.035706 1.01142
[rows 60 to 89 of 90, columns 0 to 65 of 90]
-0.01697 -0.01726 -0.01758 -0.01793 -0.01831 -0.01872 -0.01917 -0.01965 -0.02018 -0.02076 -0.02139 -0.02207 -0.0228 -0.02358 -0.02443 -0.02532 -0.02627 -0.02725 -0.02825 -0.02926 -0.03022 -0.03107 -0.03172 -0.03204 -0.03181 -0.03075 -0.02841 -0.02416 -0.01709 -0.005966 0.01074 0.03455 0.06611 0.1044 0.1465 0.1887 0.2285 0.2644 0.2961 0.3237 0.3477 0.3685 0.3866 0.4023 0.4159 0.4277 0.4379 0.4464 0.4533 0.4584 0.4614 0.4616 0.4582 0.4499 0.4352 0.4127 0.3824 0.3457 0.306 0.2669 0.2306 0.1982 0.17 0.1456 0.1248 0.1069
-0.01667 -0.01693 -0.01721 -0.01752 -0.01784 -0.0182 -0.01859 -0.019 -0.01945 -0.01993 -0.02045 -0.021 -0.02159 -0.02221 -0.02286 -0.02354 -0.02422 -0.02491 -0.02556 -0.02616 -0.02664 -0.02694 -0.02696 -0.02657 -0.02554 -0.02364 -0.02045 -0.01549 -0.008088 0.002559 0.01731 0.03681 0.06123 0.08976 0.1208 0.1523 0.1828 0.2111 0.2367 0.2596 0.2799 0.2976 0.3132 0.3268 0.3386 0.3487 0.3574 0.3645 0.37 0.3737 0.3755 0.3747 0.3708 0.363 0.3505 0.3329 0.3102 0.2836 0.2549 0.2259 0.1982 0.1728 0.15 0.1298 0.1121 0.09677
-0.01639 -0.01661 -0.01685 -0.01712 -0.0174 -0.0177 -0.01803 -0.01838 -0.01875 -0.01915 -0.01957 -0.02001 -0.02047 -0.02094 -0.02142 -0.0219 -0.02236 -0.02279 -0.02315 -0.02341 -0.02351 -0.0234 -0.02295 -0.02205 -0.02051 -0.0181 -0.01451 -0.009365 -0.002209 0.00746 0.02011 0.036 0.05505 0.07675 0.1002 0.1243 0.1479 0.1704 0.1911 0.21 0.2269 0.242 0.2553 0.2669 0.2771 0.2857 0.293 0.2989 0.3034 0.3062 0.3071 0.3059 0.3021 0.2953 0.2851 0.2713 0.2542 0.2345 0.2131 0.1913 0.17 0.1499 0.1315 0.1149 0.1001 0.08703
-0.01611 -0.0163 -0.01651 -0.01673 -0.01697 -0.01724 -0.01751 -0.01779 -0.01809 -0.01842 -0.01874 -0.01909 -0.01943 -0.01977 -0.02011 -0.02042 -0.02069 -0.02091 -0.02103 -0.02102 -0.02084 -0.0204 -0.01962 -0.01838 -0.01653 -0.01387 -0.01018 -0.005176 0.001446 0.01 0.02073 0.03374 0.04893 0.06594 0.08415 0.1029 0.1215 0.1394 0.1562 0.1717 0.1858 0.1984 0.2097 0.2197 0.2283 0.2357 0.2419 0.2468 0.2504 0.2525 0.253 0.2517 0.2483 0.2425 0.2342 0.2234 0.2102 0.1952 0.1789 0.1622 0.1456 0.1298 0.1149 0.1013 0.08892 0.07783
-0.01584 -0.016 -0.01619 -0.01638 -0.01658 -0.01679 -0.01701 -0.01724 -0.01748 -0.01774 -0.01798 -0.01823 -0.01848 -0.01871 -0.01892 -0.01908 -0.0192 -0.01924 -0.01918 -0.01896 -0.01856 -0.0179 -0.0169 -0.01546 -0.01345 -0.01073 -0.007125 -0.002434 0.003546 0.01101 0.02006 0.03074 0.0429 0.05632 0.07067 0.08546 0.1002 0.1146 0.1283 0.141 0.1528 0.1634 0.173 0.1814 0.1888 0.1951 0.2003 0.2044 0.2073 0.2089 0.2092 0.2079 0.2049 0.2002 0.1935 0.1849 0.1748 0.1633 0.1507 0.1378 0.1248 0.1121 0.1001 0.08892 0.07863 0.06926
-0.01558 -0.01573 -0.01588 -0.01603 -0.0162 -0.01637 -0.01654 -0.01673 -0.01691 -0.01709 -0.01728 -0.01745 -0.01761 -0.01775 -0.01784 -0.01791 -0.01789 -0.0178 -0.01758 -0.01722 -0.01666 -0.01584 -0.0147 -0.01317 -0.01112 -0.008454 -0.005037 -0.000726 0.004588 0.01104 0.01868 0.02751 0.03744 0.0483 0.05978 0.07161 0.0835 0.09512 0.1063 0.1168 0.1265 0.1355 0.1435 0.1507 0.1569 0.1623 0.1667 0.1701 0.1725 0.1738 0.1739 0.1728 0.1703 0.1664 0.161 0.1542 0.1462 0.1372 0.1274 0.1172 0.1069 0.09677 0.08703 0.07783 0.06926 0.06136
-0.01535 -0.01547 -0.01558 -0.01571 -0.01584 -0.01597 -0.01611 -0.01625 -0.01639 -0.01652 -0.01664 -0.01675 -0.01683 -0.01688 -0.0169 -0.01685 -0.01674 -0.01654 -0.01621 -0.01574 -0.01508 -0.01417 -0.01297 -0.0114 -0.009392 -0.006845 -0.003674 0.000213 0.004892 0.01045 0.0169 0.02422 0.03235 0.04113 0.0504 0.05998 0.06961 0.07908 0.08824 0.09693 0.1051 0.1125 0.1193 0.1253 0.1306 0.1352 0.1389 0.1418 0.1438 0.1448 0.1449 0.1439 0.1419 0.1387 0.1344 0.129 0.1227 0.1156 0.1079 0.09983 0.09161 0.08345 0.07553 0.06795 0.06081 0.05416
-0.01511 -0.01521 -0.01531 -0.0154 -0.01551 -0.01562 -0.01571 -0.0158 -0.0159 -0.01598 -0.01605 -0.0161 -0.01612 -0.0161 -0.01605 -0.01593 -0.01575 -0.01546 -0.01506 -0.01451 -0.01378 -0.01283 -0.01161 -0.01006 -0.008135 -0.005754 -0.002853 0.000618 0.004729 0.009516 0.015 0.0211 0.02786 0.03511 0.04272 0.05051 0.0584 0.06617 0.07371 0.08092 0.08767 0.09395 0.09966 0.1048 0.1092 0.1131 0.1162 0.1187 0.1203 0.1212 0.1213 0.1205 0.1188 0.1163 0.1128 0.1085 0.1034 0.09774 0.09158 0.08515 0.07854 0.07192 0.06544 0.05919 0.05322 0.04763
-0.01489 -0.01497 -0.01505 -0.01513 -0.0152 -0.01527 -0.01534 -0.01541 -0.01546 -0.0155 -0.01552 -0.01552 -0.01549 -0.01543 -0.01531 -0.01514 -0.01489 -0.01454 -0.01409 -0.0135 -0.01274 -0.01177 -0.01056 -0.00907 -0.00725 -0.005055 -0.002437 0.000656 0.004252 0.008385 0.01303 0.01817 0.02375 0.02971 0.03597 0.04241 0.04889 0.05529 0.06153 0.06752 0.07319 0.07844 0.08325 0.08758 0.09137 0.09462 0.09729 0.09935 0.1008 0.1015 0.1016 0.101 0.09962 0.09755 0.09478 0.09132 0.0873 0.08279 0.07787 0.07267 0.06733 0.06193 0.0566 0.05142 0.04645 0.04173
-0.01469 -0.01474 -0.01481 -0.01485 -0.01491 -0.01496 -0.015 -0.01503 -0.01505 -0.01506 -0.01504 -0.015 -0.01493 -0.01482 -0.01466 -0.01445 -0.01415 -0.01378 -0.01328 -0.01266 -0.0119 -0.01093 -0.009774 -0.00836 -0.006664 -0.00465 -0.002291 0.0004609 0.0036 0.007159 0.01112 0.01546 0.02018 0.02516 0.03036 0.03568 0.04105 0.0464 0.0516 0.0566 0.06134 0.06576 0.06982 0.07346 0.07669 0.07945 0.08171 0.08348 0.0847 0.08536 0.08545 0.08495 0.08386 0.08217 0.07993 0.07716 0.07389 0.07025 0.06624 0.06206 0.0577 0.05328 0.0489 0.04457 0.04041 0.03641
-0.0145 -0.01455 -0.01458 -0.01462 -0.01464 -0.01467 -0.01469 -0.01469 -0.01468 -0.01467 -0.01462 -0.01455 -0.01444 -0.0143 -0.01411 -0.01385 -0.01353 -0.01313 -0.01261 -0.01199 -0.01123 -0.0103 -0.009195 -0.007871 -0.006311 -0.004474 -0.00236 6.04e-005 0.002809 0.005874 0.009259 0.01294 0.01689 0.02106 0.0254 0.02985 0.03433 0.03878 0.04313 0.04731 0.0513 0.05502 0.05846 0.06155 0.06428 0.06663 0.06857 0.07007 0.07111 0.0717 0.0718 0.07143 0.07056 0.06921 0.0674 0.06516 0.06255 0.0596 0.05636 0.05293 0.04938 0.04575 0.04212 0.03853 0.03503 0.03164
-0.01433 -0.01435 -0.01438 -0.01439 -0.0144 -0.0144 -0.0144 -0.01439 -0.01436 -0.01431 -0.01424 -0.01414 -0.01401 -0.01384 -0.01363 -0.01335 -0.013 -0.01259 -0.01208 -0.01146 -0.01072 -0.00983 -0.008779 -0.00755 -0.006116 -0.004458 -0.002567 -0.0004291 0.001973 0.004638 0.007556 0.01069 0.01405 0.01759 0.02123 0.02497 0.02872 0.03245 0.03612 0.03966 0.043 0.04616 0.04906 0.05169 0.05402 0.05602 0.05767 0.05896 0.05987 0.06038 0.06051 0.06022 0.05952 0.05843 0.05697 0.05514 0.05302 0.05059 0.04796 0.04517 0.04223 0.03922 0.03619 0.03318 0.03024 0.02737
-0.01416 -0.01417 -0.01418 -0.01418 -0.01418 -0.01417 -0.01414 -0.01412 -0.01406 -0.01399 -0.0139 -0.01378 -0.01363 -0.01344 -0.01321 -0.01292 -0.01257 -0.01215 -0.01164 -0.01104 -0.01032 -0.009483 -0.008506 -0.007364 -0.006053 -0.004561 -0.002875 -0.0009811 0.001119 0.003438 0.005949 0.00863 0.01145 0.01443 0.0175 0.02068 0.02382 0.02698 0.03005 0.03304 0.03588 0.03856 0.04102 0.04326 0.04524 0.04695 0.04837 0.04947 0.05027 0.05073 0.05086 0.05064 0.05011 0.04922 0.04807 0.04657 0.04486 0.04289 0.04076 0.03845 0.03602 0.03352 0.031 0.02847 0.02599 0.02355
-0.01401 -0.01401 -0.014 -0.014 -0.01398 -0.01395 -0.01391 -0.01386 -0.01379 -0.01371 -0.0136 -0.01347 -0.0133 -0.01311 -0.01286 -0.01256 -0.01222 -0.01179 -0.0113 -0.01071 -0.01004 -0.009239 -0.008337 -0.007286 -0.006094 -0.004743 -0.003249 -0.00156 0.000276 0.002279 0.004442 0.006777 0.00923 0.01176 0.01439 0.01706 0.01975 0.02243 0.02501 0.02755 0.02997 0.03222 0.03432 0.03624 0.03794 0.0394 0.04061 0.04158 0.04227 0.0427 0.04282 0.04266 0.04226 0.04154 0.04058 0.03938 0.03795 0.03635 0.03457 0.03264 0.03062 0.02856 0.02645 0.02431 0.02221 0.02013
-0.01387 -0.01386 -0.01385 -0.01383 -0.01379 -0.01375 -0.0137 -0.01365 -0.01356 -0.01347 -0.01334 -0.0132 -0.01303 -0.01281 -0.01256 -0.01227 -0.01191 -0.01151 -0.01103 -0.01047 -0.009831 -0.009093 -0.008243 -0.00728 -0.00621 -0.004995 -0.003647 -0.00217 -0.0005569 0.001196 0.003067 0.005049 0.007147 0.009317 0.01156 0.01384 0.01612 0.01837 0.02061 0.02275 0.02481 0.02674 0.02855 0.03018 0.03162 0.03288 0.03394 0.03477 0.03537 0.03575 0.03588 0.03579 0.03544 0.0349 0.03413 0.03313 0.03198 0.03065 0.02917 0.0276 0.02593 0.0242 0.02242 0.02063 0.01884 0.01705
-0.01375 -0.01372 -0.0137 -0.01367 -0.01363 -0.01357 -0.01351 -0.01345 -0.01335 -0.01325 -0.01312 -0.01296 -0.01278 -0.01258 -0.01232 -0.01203 -0.01168 -0.01128 -0.01083 -0.01029 -0.00968 -0.008996 -0.008227 -0.007348 -0.006364 -0.005285 -0.004081 -0.002766 -0.001352 0.00018 0.001819 0.00356 0.005356 0.007244 0.009155 0.01112 0.01306 0.01501 0.01691 0.01874 0.02049 0.02216 0.02369 0.02509 0.02634 0.02742 0.02833 0.02906 0.0296 0.02993 0.03007 0.03001 0.02975 0.02929 0.02868 0.02784 0.02688 0.02577 0.02457 0.02324 0.02184 0.02037 0.01888 0.01735 0.01583 0.01433
-0.01363 -0.0136 -0.01356 -0.01353 -0.01348 -0.01342 -0.01335 -0.01327 -0.01318 -0.01307 -0.01292 -0.01277 -0.01259 -0.01237 -0.01212 -0.01182 -0.0115 -0.0111 -0.01066 -0.01017 -0.009611 -0.00897 -0.008251 -0.007457 -0.006574 -0.005587 -0.00452 -0.003368 -0.002092 -0.0007618 0.0006577 0.002153 0.00371 0.005345 0.006979 0.008654 0.01033 0.01199 0.01361 0.01517 0.01668 0.0181 0.01942 0.02063 0.02171 0.02265 0.02343 0.02406 0.02453 0.02485 0.02498 0.02496 0.02477 0.02441 0.02389 0.02323 0.02247 0.02154 0.02052 0.01942 0.01825 0.01703 0.01574 0.01447 0.01317 0.01185
-0.01353 -0.01349 -0.01345 -0.0134 -0.01335 -0.01329 -0.01321 -0.01313 -0.01303 -0.0129 -0.01275 -0.01259 -0.01242 -0.01221 -0.01195 -0.01167 -0.01135 -0.01098 -0.01056 -0.0101 -0.009558 -0.008982 -0.008317 -0.007594 -0.006794 -0.005914 -0.004963 -0.003921 -0.002826 -0.001631 -0.00039 0.0009201 0.002301 0.003707 0.005124 0.006556 0.008 0.009436 0.01083 0.01218 0.0135 0.0147 0.01585 0.01689 0.01783 0.01864 0.01933 0.01987 0.02029 0.02058 0.02069 0.0207 0.02054 0.02024 0.01983 0.01929 0.01864 0.01788 0.01701 0.01609 0.01511 0.01404 0.01299 0.01187 0.01076 0.00964
-0.01343 -0.01339 -0.01334 -0.01329 -0.01323 -0.01316 -0.01308 -0.01299 -0.01289 -0.01276 -0.01262 -0.01245 -0.01226 -0.01205 -0.01181 -0.01154 -0.01124 -0.01087 -0.0105 -0.01005 -0.009564 -0.009017 -0.008415 -0.007758 -0.007031 -0.006236 -0.005383 -0.004478 -0.003489 -0.002455 -0.001352 -0.0002203 0.0009608 0.002192 0.003419 0.004683 0.005915 0.007142 0.008336 0.009521 0.01065 0.01169 0.01266 0.01356 0.01437 0.01508 0.01568 0.01617 0.01655 0.01681 0.01693 0.01693 0.01683 0.0166 0.01628 0.01582 0.0153 0.01464 0.01393 0.01316 0.01232 0.01144 0.01051 0.009588 0.008629 0.007667
-0.01334 -0.0133 -0.01325 -0.01318 -0.01312 -0.01306 -0.01297 -0.01288 -0.01277 -0.01263 -0.01249 -0.01234 -0.01214 -0.01194 -0.01171 -0.01146 -0.01115 -0.01082 -0.01045 -0.01005 -0.009592 -0.009092 -0.008528 -0.007936 -0.007278 -0.006578 -0.005804 -0.004966 -0.004101 -0.003179 -0.002232 -0.001233 -0.0001877 0.0008979 0.001966 0.003062 0.00412 0.005191 0.006238 0.007253 0.008223 0.009144 0.01001 0.01078 0.01148 0.01209 0.01263 0.01307 0.01339 0.01361 0.01372 0.01375 0.01366 0.01348 0.01322 0.01284 0.01239 0.01184 0.01123 0.01059 0.009897 0.009143 0.008364 0.007536 0.006702 0.005876
-0.01327 -0.01321 -0.01316 -0.0131 -0.01304 -0.01295 -0.01287 -0.01277 -0.01266 -0.01254 -0.01239 -0.01223 -0.01206 -0.01186 -0.01163 -0.01139 -0.0111 -0.01078 -0.01044 -0.01007 -0.009633 -0.009186 -0.00867 -0.008139 -0.007514 -0.006906 -0.00619 -0.005497 -0.004681 -0.003871 -0.003041 -0.002161 -0.001244 -0.0003178 0.0006066 0.001536 0.00248 0.0034 0.004356 0.005191 0.006033 0.00686 0.007604 0.008269 0.008879 0.00943 0.009894 0.01028 0.01057 0.01075 0.01087 0.01093 0.01084 0.0107 0.01047 0.01018 0.009829 0.009384 0.008864 0.008313 0.007724 0.007095 0.00637 0.005723 0.00497 0.004305
-0.0132 -0.01314 -0.01308 -0.01303 -0.01295 -0.01288 -0.01279 -0.0127 -0.01258 -0.01245 -0.01233 -0.01217 -0.01199 -0.01179 -0.01157 -0.01134 -0.01107 -0.01078 -0.01046 -0.01009 -0.009711 -0.009275 -0.008823 -0.008316 -0.007772 -0.00719 -0.006574 -0.005908 -0.005258 -0.004529 -0.003792 -0.002999 -0.002199 -0.00135 -0.0005368 0.0002845 0.001077 0.001899 0.002735 0.003463 0.004199 0.0049 0.005563 0.006143 0.0067 0.007175 0.00757 0.00791 0.008155 0.008345 0.008442 0.00852 0.008447 0.008319 0.008161 0.007916 0.007598 0.007183 0.006774 0.006286 0.005781 0.005232 0.004693 0.00408 0.003475 0.002839
-0.01313 -0.01308 -0.01302 -0.01297 -0.01288 -0.01281 -0.01272 -0.01261 -0.01251 -0.01239 -0.01225 -0.01209 -0.01194 -0.01175 -0.01155 -0.01132 -0.01105 -0.01079 -0.01048 -0.01014 -0.009788 -0.009392 -0.008965 -0.008508 -0.008023 -0.007495 -0.006958 -0.006363 -0.005752 -0.005108 -0.004467 -0.00378 -0.003081 -0.002356 -0.001653 -0.000914 -0.0001948 0.0005043 0.001233 0.001879 0.0025 0.003126 0.003703 0.004222 0.004684 0.005098 0.005465 0.005765 0.00599 0.006149 0.006264 0.006329 0.006267 0.0062 0.006042 0.005831 0.005588 0.005263 0.004909 0.004502 0.004088 0.003618 0.003127 0.002587 0.002083 0.001526
-0.01308 -0.01303 -0.01296 -0.0129 -0.01282 -0.01275 -0.01267 -0.01256 -0.01245 -0.01233 -0.0122 -0.01205 -0.01189 -0.01171 -0.01151 -0.01129 -0.01105 -0.01079 -0.01052 -0.01021 -0.009883 -0.009514 -0.009119 -0.00872 -0.00827 -0.007804 -0.007291 -0.006776 -0.006214 -0.005673 -0.005034 -0.004402 -0.003806 -0.003187 -0.002539 -0.001882 -0.001296 -0.0006837 -6.38e-005 0.000525 0.001106 0.001642 0.002139 0.002584 0.002996 0.003374 0.003682 0.003954 0.004168 0.004332 0.004406 0.004447 0.004419 0.004358 0.004283 0.004089 0.003848 0.003604 0.003331 0.002959 0.00254 0.00217 0.001725 0.00129 0.0008178 0.0003484
-0.01304 -0.01298 -0.01293 -0.01286 -0.01277 -0.0127 -0.01261 -0.01251 -0.0124 -0.01228 -0.01216 -0.01202 -0.01186 -0.01169 -0.01149 -0.0113 -0.01107 -0.01083 -0.01056 -0.0103 -0.00998 -0.009636 -0.0093 -0.008912 -0.008507 -0.00809 -0.007619 -0.00716 -0.006652 -0.006181 -0.005646 -0.005125 -0.004545 -0.003971 -0.003398 -0.002841 -0.002281 -0.001769 -0.001227 -0.0007142 -0.0002068 0.0002403 0.0006958 0.001094 0.001466 0.001791 0.00207 0.002313 0.002484 0.002642 0.002725 0.002767 0.002759 0.002744 0.002632 0.002499 0.002312 0.002071 0.001771 0.001506 0.001171 0.0008727 0.0004802 9.68e-005 -0.0003225 -0.0007238
-0.013 -0.01294 -0.01289 -0.01281 -0.01274 -0.01266 -0.01257 -0.01247 -0.01237 -0.01226 -0.01212 -0.012 -0.01183 -0.01168 -0.0115 -0.0113 -0.0111 -0.01087 -0.01062 -0.01035 -0.01007 -0.009776 -0.009451 -0.009099 -0.008741 -0.008349 -0.007948 -0.007522 -0.0071 -0.006607 -0.00616 -0.005634 -0.005198 -0.004678 -0.004187 -0.003689 -0.003149 -0.002668 -0.002194 -0.001756 -0.001313 -0.0008964 -0.0005448 -0.0001788 0.0001667 0.0004604 0.0006926 0.0008856 0.001098 0.00122 0.001291 0.001355 0.001354 0.001315 0.001185 0.001072 0.0009087 0.0006959 0.0005336 0.0002479 -1.59e-005 -0.0003447 -0.0006438 -0.0009898 -0.001337 -0.0017
-0.01297 -0.01292 -0.01285 -0.01278 -0.01271 -0.01263 -0.01254 -0.01245 -0.01234 -0.01223 -0.01211 -0.01198 -0.01183 -0.01168 -0.01151 -0.01133 -0.01113 -0.01093 -0.01068 -0.01046 -0.01017 -0.009922 -0.009587 -0.009294 -0.008949 -0.00862 -0.008252 -0.007852 -0.007451 -0.007042 -0.006631 -0.006197 -0.005788 -0.005323 -0.004859 -0.004399 -0.004019 -0.003552 -0.003151 -0.002738 -0.002356 -0.002012 -0.001683 -0.001341 -0.001085 -0.0008213 -0.0005738 -0.0004023 -0.0002476 -0.0001051 -1.98e-005 1.31e-005 3.67e-005 -3.26e-005 -3.89e-005 -0.0001578 -0.0003017 -0.0004993 -0.0006587 -0.000881 -0.00111 -0.001385 -0.001649 -0.001971 -0.002273 -0.002559
-0.01295 -0.01288 -0.01282 -0.01275 -0.01269 -0.01261 -0.01251 -0.01242 -0.01232 -0.01221 -0.0121 -0.01197 -0.01184 -0.01169 -0.01153 -0.01136 -0.01117 -0.01098 -0.01077 -0.01053 -0.01029 -0.01003 -0.009776 -0.009478 -0.009174 -0.008859 -0.008501 -0.008187 -0.007829 -0.007411 -0.007083 -0.006669 -0.006293 -0.005894 -0.005514 -0.005055 -0.004711 -0.004299 -0.003977 -0.003582 -0.003248 -0.002946 -0.00264 -0.002366 -0.002107 -0.001882 -0.001679 -0.001505 -0.001372 -0.001238 -0.001161 -0.001157 -0.001093 -0.001143 -0.001169 -0.001307 -0.00141 -0.001555 -0.001695 -0.001918 -0.002068 -0.002348 -0.002589 -0.002804 -0.003115 -0.003382
-0.01292 -0.01286 -0.0128 -0.01274 -0.01266 -0.01258 -0.0125 -0.01241 -0.0123 -0.01221 -0.01209 -0.01198 -0.01185 -0.01171 -0.01155 -0.01139 -0.01122 -0.01103 -0.01083 -0.01063 -0.01039 -0.01016 -0.009903 -0.009648 -0.009367 -0.009063 -0.008772 -0.008444 -0.008125 -0.007833 -0.007455 -0.00713 -0.006777 -0.006417 -0.006068 -0.005751 -0.005385 -0.005035 -0.004739 -0.004414 -0.004118 -0.003825 -0.003549 -0.003287 -0.003071 -0.002874 -0.002677 -0.002531 -0.002412 -0.002321 -0.002238 -0.002209 -0.002178 -0.002195 -0.002261 -0.002292 -0.00238 -0.002506 -0.002658 -0.002795 -0.003012 -0.003172 -0.00338 -0.003614 -0.003846 -0.004112
-0.0129 -0.01285 -0.01279 -0.01271 -0.01265 -0.01258 -0.01249 -0.0124 -0.01231 -0.01222 -0.01209 -0.01199 -0.01187 -0.01173 -0.01159 -0.01143 -0.01127 -0.01109 -0.01093 -0.01073 -0.01051 -0.01029 -0.01005 -0.009813 -0.009568 -0.009293 -0.009027 -0.008767 -0.008462 -0.00813 -0.007837 -0.007582 -0.007226 -0.006873 -0.006552 -0.006245 -0.005958 -0.005651 -0.005351 -0.00508 -0.0048 -0.004571 -0.004302 -0.004107 -0.003879 -0.003691 -0.003561 -0.003395 -0.003298 -0.003196 -0.003131 -0.003084 -0.003082 -0.003098 -0.003103 -0.003162 -0.003256 -0.003393 -0.003554 -0.003639 -0.00377 -0.003967 -0.004182 -0.004355 -0.004542 -0.00477
