T1-compare/300/model-f.grd
DSAA
         300         300
  -15.00000       15.00000    
  -15.00000       15.00000    
   1.225434       99.78107    
[rows 140 to 167 of 300, columns 0 to 62 of 300]
2.343739 2.379707 2.416663 2.454648 2.493687 2.533817 2.575076 2.617499 2.661120 2.705982 2.752136 2.799613 2.848467 2.898745 2.950491 3.003764 3.058609 3.115089 3.173261 3.233178 3.294924 3.358544 3.424127 3.491724 3.561423 3.633300 3.707433 3.783914 3.862835 3.944280 4.028362 4.115177 4.204821 4.297421 4.393094 4.491953 4.594145 4.699795 4.809050 4.922048 5.038955 5.159935 5.285154 5.414798 5.549063 5.688137 5.832242 5.981585 6.136398 6.296930 6.463444 6.636204 6.815493 7.001614 7.194883 7.395621 7.604189 7.820954 8.046307 8.280655 8.524443 8.778113 9.042172
2.345535 2.381561 2.418570 2.456618 2.495714 2.535910 2.577229 2.619720 2.663407 2.708350 2.754575 2.802130 2.851064 2.901421 2.953257 3.006620 3.061557 3.118139 3.176404 3.236428 3.298275 3.362014 3.427705 3.495425 3.565243 3.637253 3.711521 3.788142 3.867204 3.948805 4.033043 4.120015 4.209833 4.302604 4.398458 4.497507 4.599895 4.705749 4.815216 4.928431 5.045572 5.166790 5.292255 5.422153 5.556682 5.696033 5.840427 5.990066 6.145192 6.306049 6.472896 6.646011 6.825663 7.012155 7.205814 7.406960 7.615947 7.833153 8.058963 8.293784 8.538060 8.792237 9.056824
2.347138 2.383209 2.420273 2.458364 2.497522 2.537768 2.579147 2.621701 2.665452 2.710449 2.756745 2.804370 2.853376 2.903802 2.955721 3.009161 3.064182 3.120838 3.179201 3.239317 3.301265 3.365098 3.430897 3.498718 3.568652 3.640772 3.715160 3.791906 3.871102 3.952829 4.037208 4.124324 4.214287 4.307217 4.403237 4.502455 4.605013 4.711052 4.820704 4.934122 5.051462 5.172883 5.298573 5.428699 5.563471 5.703063 5.847712 5.997617 6.153019 6.314163 6.481311 6.654733 6.834708 7.021536 7.215542 7.417050 7.626408 7.844002 8.070223 8.305462 8.550174 8.804802 9.069856
2.348538 2.384656 2.421759 2.459902 2.499102 2.539400 2.580829 2.623429 2.667235 2.712300 2.758646 2.806333 2.855399 2.905895 2.957880 3.011391 3.066480 3.123216 3.181651 3.241850 3.303876 3.367800 3.433688 3.501610 3.571637 3.643860 3.718350 3.795198 3.874509 3.956353 4.040855 4.128103 4.218194 4.311261 4.407419 4.506785 4.609503 4.715691 4.825510 4.939097 5.056615 5.178226 5.304104 5.434433 5.569410 5.709220 5.854095 6.004231 6.159873 6.321270 6.488677 6.662370 6.842626 7.029746 7.224061 7.425885 7.635567 7.853503 8.080070 8.315681 8.560766 8.815793 9.081258
2.349742 2.385890 2.423035 2.461214 2.500459 2.540798 2.582268 2.624918 2.668775 2.713876 2.760276 2.808012 2.857135 2.907685 2.959725 3.013296 3.068452 3.125251 3.183755 3.244019 3.306119 3.370116 3.436085 3.504082 3.574190 3.646500 3.721081 3.798027 3.877429 3.959382 4.043986 4.131336 4.221539 4.314727 4.411008 4.510499 4.613344 4.719669 4.829632 4.943365 5.061035 5.182803 5.308847 5.439346 5.574501 5.714500 5.859563 6.009899 6.165753 6.327362 6.494995 6.668919 6.849412 7.036788 7.231359 7.433452 7.643422 7.861643 8.088515 8.324434 8.569853 8.825214 9.091028
2.350752 2.386929 2.424108 2.462319 2.501594 2.541967 2.583478 2.626159 2.670050 2.715200 2.761643 2.809420 2.858585 2.909185 2.961273 3.014893 3.070098 3.126955 3.185511 3.245833 3.307996 3.372056 3.438080 3.506146 3.576326 3.648707 3.723366 3.800390 3.879873 3.961908 4.046596 4.134045 4.224342 4.317624 4.414001 4.513598 4.616551 4.722998 4.833072 4.946929 5.064725 5.186630 5.312809 5.443448 5.578750 5.718901 5.864124 6.014634 6.170658 6.332446 6.500265 6.674381 6.855079 7.042660 7.237448 7.439767 7.649969 7.868436 8.095558 8.331738 8.577424 8.833071 9.099177
2.351548 2.387753 2.424954 2.463197 2.502496 2.542898 2.584436 2.627145 2.671070 2.716248 2.762728 2.810542 2.859743 2.910381 2.962504 3.016162 3.071410 3.128309 3.186913 3.247282 3.309487 3.373601 3.439680 3.507793 3.578033 3.650469 3.725189 3.802275 3.881826 3.963917 4.048680 4.136200 4.226573 4.319930 4.416396 4.516077 4.619113 4.725648 4.835819 4.949769 5.067673 5.189684 5.315975 5.446730 5.582149 5.722423 5.867772 6.018410 6.174572 6.336508 6.504473 6.678746 6.859608 7.047353 7.242318 7.444811 7.655203 7.873863 8.101191 8.337580 8.583485 8.839347 9.105689
2.352156 2.388373 2.425598 2.463857 2.503184 2.543602 2.585163 2.627898 2.671845 2.717046 2.763546 2.811389 2.860619 2.911281 2.963436 3.017126 3.072402 3.129331 3.187968 3.248371 3.310616 3.374767 3.440884 3.509041 3.579322 3.651800 3.726563 3.803698 3.883295 3.965442 4.050252 4.137826 4.228258 4.321672 4.418198 4.517938 4.621048 4.727648 4.837890 4.951916 5.069896 5.191985 5.318355 5.449192 5.584701 5.725073 5.870522 6.021257 6.177522 6.339562 6.507640 6.682033 6.863010 7.050884 7.245975 7.448607 7.659137 7.877944 8.105419 8.341964 8.588032 8.844067 9.110581
2.352561 2.388792 2.426023 2.464296 2.503628 2.544068 2.585642 2.628392 2.672354 2.717576 2.764092 2.811949 2.861194 2.911876 2.964050 3.017762 3.073063 3.130014 3.188670 3.249096 3.311362 3.375533 3.441684 3.509868 3.580173 3.652684 3.727475 3.804638 3.884271 3.966453 4.051293 4.138904 4.229374 4.322831 4.419395 4.519179 4.622333 4.728972 4.839264 4.953342 5.071365 5.193508 5.319936 5.450837 5.586402 5.726830 5.872341 6.023146 6.179479 6.341591 6.509745 6.684217 6.865273 7.053227 7.248409 7.451131 7.661757 7.880656 8.108232 8.344884 8.591058 8.847206 9.113836
2.352757 2.388997 2.426237 2.464514 2.503856 2.544302 2.585877 2.628639 2.672609 2.717836 2.764363 2.812228 2.861480 2.912176 2.964362 3.018076 3.073386 3.130350 3.189020 3.249458 3.311736 3.375921 3.442080 3.510279 3.580603 3.653122 3.727931 3.805109 3.884757 3.966953 4.051819 4.139443 4.229934 4.323411 4.419992 4.519797 4.622969 4.729638 4.839952 4.954052 5.072104 5.194274 5.320729 5.451656 5.587253 5.727707 5.873253 6.024088 6.180457 6.342609 6.510798 6.685303 6.866406 7.054403 7.249625 7.452393 7.663064 7.882013 8.109641 8.346341 8.592572 8.848776 9.115465
2.352752 2.388995 2.426236 2.464511 2.503860 2.544304 2.585879 2.628636 2.672603 2.717833 2.764364 2.812226 2.861483 2.912178 2.964357 3.018079 3.073387 3.130349 3.189017 3.249459 3.311738 3.375924 3.442083 3.510279 3.580601 3.653125 3.727930 3.805108 3.884758 3.966954 4.051820 4.139439 4.229934 4.323407 4.419993 4.519799 4.622966 4.729642 4.839955 4.954052 5.072104 5.194274 5.320733 5.451656 5.587253 5.727712 5.873256 6.024092 6.180461 6.342611 6.510800 6.685305 6.866406 7.054405 7.249627 7.452394 7.663064 7.882015 8.109641 8.346345 8.592574 8.848775 9.115467
2.352554 2.388787 2.426023 2.464290 2.503630 2.544066 2.585642 2.628392 2.672348 2.717569 2.764091 2.811943 2.861190 2.911879 2.964048 3.017758 3.073056 3.130010 3.188669 3.249093 3.311357 3.375532 3.441678 3.509864 3.580174 3.652682 3.727475 3.804633 3.884263 3.966450 4.051296 4.138903 4.229373 4.322831 4.419393 4.519175 4.622325 4.728971 4.839260 4.953337 5.071364 5.193508 5.319938 5.450828 5.586398 5.726827 5.872339 6.023143 6.179480 6.341592 6.509745 6.684210 6.865269 7.053228 7.248407 7.451126 7.661757 7.880654 8.108233 8.344880 8.591058 8.847206 9.113839
2.352154 2.388373 2.425598 2.463855 2.503179 2.543595 2.585158 2.627894 2.671841 2.717042 2.763545 2.811384 2.860612 2.911277 2.963431 3.017123 3.072395 3.129331 3.187966 3.248368 3.310610 3.374761 3.440881 3.509040 3.579317 3.651800 3.726562 3.803691 3.883291 3.965437 4.050249 4.137821 4.228255 4.321671 4.418193 4.517936 4.621045 4.727644 4.837887 4.951913 5.069891 5.191978 5.318354 5.449193 5.584700 5.725069 5.870514 6.021254 6.177520 6.339561 6.507638 6.682024 6.863004 7.050882 7.245969 7.448601 7.659133 7.877937 8.105415 8.341959 8.588027 8.844060 9.110576
2.351547 2.387751 2.424956 2.463193 2.502495 2.542894 2.584431 2.627148 2.671069 2.716247 2.762728 2.810539 2.859743 2.910380 2.962501 3.016161 3.071408 3.128307 3.186910 3.247281 3.309489 3.373599 3.439678 3.507797 3.578034 3.650471 3.725185 3.802276 3.881824 3.963924 4.048677 4.136195 4.226577 4.319933 4.416394 4.516072 4.619114 4.725649 4.835824 4.949772 5.067676 5.189685 5.315977 5.446730 5.582146 5.722424 5.867778 6.018411 6.174573 6.336507 6.504475 6.678746 6.859610 7.047359 7.242315 7.444811 7.655206 7.873865 8.101191 8.337579 8.583486 8.839351 9.105690
2.350747 2.386930 2.424106 2.462319 2.501590 2.541966 2.583478 2.626158 2.670051 2.715198 2.761637 2.809417 2.858587 2.909186 2.961269 3.014891 3.070097 3.126950 3.185508 3.245829 3.307995 3.372056 3.438080 3.506146 3.576328 3.648706 3.723366 3.800388 3.879879 3.961905 4.046596 4.134039 4.224336 4.317619 4.413999 4.513595 4.616545 4.722995 4.833072 4.946924 5.064727 5.186629 5.312808 5.443448 5.578750 5.718898 5.864124 6.014628 6.170657 6.332445 6.500261 6.674378 6.855079 7.042662 7.237448 7.439767 7.649969 7.868435 8.095558 8.331738 8.577423 8.833069 9.099177
2.349745 2.385895 2.423036 2.461219 2.500460 2.540799 2.582271 2.624920 2.668776 2.713880 2.760280 2.808010 2.857139 2.907691 2.959724 3.013300 3.068456 3.125252 3.183760 3.244026 3.306122 3.370121 3.436086 3.504082 3.574192 3.646502 3.721086 3.798029 3.877435 3.959383 4.043989 4.131341 4.221541 4.314726 4.411004 4.510500 4.613345 4.719676 4.829634 4.943361 5.061036 5.182808 5.308849 5.439350 5.574502 5.714497 5.859561 6.009900 6.165753 6.327362 6.494997 6.668921 6.849413 7.036789 7.231362 7.433450 7.643420 7.861650 8.088519 8.324439 8.569855 8.825212 9.091028
2.348537 2.384651 2.421761 2.459899 2.499102 2.539396 2.580831 2.623427 2.667235 2.712297 2.758646 2.806329 2.855393 2.905895 2.957876 3.011386 3.066482 3.123220 3.181649 3.241846 3.303877 3.367798 3.433686 3.501607 3.571630 3.643860 3.718349 3.795197 3.874506 3.956354 4.040855 4.128100 4.218191 4.311256 4.407416 4.506783 4.609501 4.715689 4.825508 4.939094 5.056612 5.178226 5.304105 5.434430 5.569401 5.709220 5.854089 6.004229 6.159873 6.321270 6.488677 6.662368 6.842622 7.029744 7.224060 7.425879 7.635564 7.853503 8.080070 8.315675 8.560764 8.815789 9.081255
2.347137 2.383209 2.420272 2.458366 2.497520 2.537771 2.579149 2.621695 2.665451 2.710450 2.756745 2.804366 2.853376 2.903804 2.955721 3.009161 3.064181 3.120840 3.179202 3.239316 3.301265 3.365099 3.430898 3.498719 3.568653 3.640776 3.715162 3.791907 3.871104 3.952832 4.037208 4.124326 4.214288 4.307220 4.403239 4.502456 4.605015 4.711054 4.820704 4.934119 5.051462 5.172887 5.298576 5.428699 5.563471 5.703064 5.847712 5.997620 6.153022 6.314167 6.481311 6.654736 6.834712 7.021540 7.215545 7.417054 7.626410 7.844006 8.070224 8.305464 8.550175 8.804803 9.069860
2.345536 2.381558 2.418569 2.456618 2.495716 2.535907 2.577232 2.619719 2.663409 2.708346 2.754577 2.802128 2.851061 2.901419 2.953259 3.006622 3.061559 3.118134 3.176404 3.236427 3.298271 3.362010 3.427707 3.495423 3.565247 3.637250 3.711518 3.788138 3.867204 3.948801 4.033042 4.120015 4.209830 4.302603 4.398461 4.497510 4.599893 4.705746 4.815211 4.928430 5.045572 5.166787 5.292255 5.422147 5.556677 5.696032 5.840424 5.990064 6.145194 6.306046 6.472896 6.646005 6.825656 7.012154 7.205814 7.406960 7.615946 7.833151 8.058962 8.293778 8.538056 8.792233 9.056825
2.343737 2.379707 2.416664 2.454648 2.493688 2.533817 2.575074 2.617495 2.661115 2.705983 2.752136 2.799612 2.848468 2.898742 2.950495 3.003765 3.058610 3.115088 3.173261 3.233179 3.294922 3.358550 3.424129 3.491724 3.561422 3.633300 3.707433 3.783913 3.862837 3.944281 4.028366 4.115174 4.204822 4.297416 4.393094 4.491955 4.594147 4.699794 4.809052 4.922048 5.038957 5.159937 5.285157 5.414798 5.549064 5.688136 5.832238 5.981581 6.136396 6.296928 6.463442 6.636202 6.815493 7.001616 7.194880 7.395623 7.604185 7.820949 8.046311 8.280655 8.524443 8.778111 9.042171
2.341736 2.377646 2.414540 2.452465 2.491436 2.531498 2.572685 2.615030 2.658574 2.703361 2.749427 2.796819 2.845586 2.895768 2.947424 3.000600 3.055341 3.111713 3.169772 3.229576 3.291201 3.354703 3.420151 3.487623 3.557177 3.628910 3.702896 3.779217 3.857983 3.939262 4.023170 4.109802 4.199260 4.291664 4.387140 4.485791 4.587764 4.693189 4.802205 4.914958 5.031611 5.152327 5.277270 5.406631 5.540601 5.679365 5.823151 5.972162 6.126627 6.286801 6.452945 6.625319 6.804207 6.989905 7.182741 7.383028 7.591122 7.807400 8.032251 8.266074 8.509315 8.762419 9.025893
2.339550 2.375389 2.412219 2.450067 2.488968 2.528951 2.570060 2.612321 2.655784 2.700482 2.746464 2.793761 2.842429 2.892510 2.944057 2.997122 3.051749 3.108012 3.165945 3.225626 3.287120 3.350481 3.415795 3.483112 3.552520 3.624091 3.697912 3.774069 3.852656 3.933751 4.017469 4.103902 4.193154 4.285348 4.380604 4.479021 4.580757 4.685931 4.794691 4.907174 5.023552 5.143977 5.268624 5.397667 5.531312 5.669738 5.813168 5.961811 6.115898 6.275680 6.441411 6.613360 6.791802 6.977041 7.169398 7.369184 7.576767 7.792506 8.016801 8.250048 8.492685 8.745166 9.007989
2.337162 2.372926 2.409681 2.447451 2.486271 2.526174 2.567196 2.609374 2.652737 2.697341 2.743224 2.790414 2.838980 2.888949 2.940384 2.993330 3.047837 3.103964 3.161770 3.221313 3.282662 3.345881 3.411037 3.478194 3.547436 3.618843 3.692483 3.768455 3.846847 3.927742 4.011254 4.097474 4.186502 4.278464 4.373471 4.471644 4.573115 4.678022 4.786500 4.898694 5.014763 5.134872 5.259191 5.387894 5.521174 5.659237 5.802284 5.950528 6.104203 6.263550 6.428835 6.600315 6.778275 6.963012 7.154844 7.354093 7.561108 7.776261 7.999952 8.232560 8.474543 8.726339 8.988458
2.334578 2.370270 2.406940 2.444630 2.483363 2.523177 2.564104 2.606182 2.649451 2.693952 2.739723 2.786804 2.835252 2.885105 2.936420 2.989232 3.043610 3.099600 3.157261 3.216656 3.277847 3.340909 3.405899 3.472884 3.541946 3.613166 3.686618 3.762382 3.840572 3.921253 4.004539 4.090522 4.179316 4.271020 4.365770 4.463667 4.564858 4.669467 4.777642 4.889516 5.005262 5.125027 5.248989 5.377318 5.510222 5.647881 5.790514 5.938323 6.091553 6.250434 6.415232 6.586210 6.763643 6.947835 7.139098 7.337758 7.544166 7.758682 7.981708 8.213628 8.454903 8.705958 8.967310
2.331801 2.367412 2.403995 2.441592 2.480239 2.519951 2.560778 2.602756 2.645919 2.690308 2.735965 2.782926 2.831247 2.880976 2.932156 2.984831 3.039065 3.094909 3.152413 3.211648 3.272673 3.335563 3.400378 3.467178 3.536042 3.607072 3.680310 3.755867 3.833823 3.914274 3.997319 4.083057 4.171583 4.263023 4.357485 4.455092 4.555980 4.660279 4.768124 4.879660 4.995044 5.114444 5.238022 5.365957 5.498444 5.635673 5.777853 5.925207 6.077950 6.236328 6.400598 6.571033 6.747902 6.931507 7.122160 7.320189 7.525928 7.739762 7.962076 8.193258 8.433764 8.684022 8.944542
2.328834 2.364352 2.400844 2.438343 2.476888 2.516500 2.557218 2.599087 2.642134 2.686405 2.731940 2.778774 2.826968 2.876555 2.927593 2.980122 3.034201 3.089886 3.147226 3.206291 3.267144 3.329848 3.394471 3.461071 3.529733 3.600544 3.673561 3.748884 3.826608 3.906810 3.989595 4.075063 4.163314 4.254458 4.348629 4.445922 4.546485 4.650444 4.757934 4.869109 4.984113 5.103121 5.226287 5.353795 5.485843 5.622610 5.764315 5.911163 6.063388 6.221223 6.384941 6.554796 6.731057 6.914031 7.104031 7.301375 7.506409 7.719511 7.941055 8.171449 8.411120 8.660524 8.920154
2.325672 2.361097 2.397491 2.434890 2.473325 2.512833 2.553437 2.595188 2.638111 2.682253 2.727657 2.774358 2.822410 2.871849 2.922736 2.975108 3.029024 3.084540 3.141710 3.200589 3.261253 3.323764 3.388182 3.454572 3.523019 3.593596 3.666384 3.741460 3.818928 3.898865 3.981379 4.066560 4.154513 4.245350 4.339199 4.436160 4.536376 4.639973 4.747094 4.857879 4.972484 5.091066 5.213797 5.340849 5.472421 5.608699 5.749894 5.896212 6.047883 6.205147 6.368263 6.537493 6.713114 6.895413 7.084716 7.281330 7.485610 7.697923 7.918655 8.148194 8.386987 8.635475 8.894148
2.322326 2.357648 2.393938 2.431229 2.469555 2.508941 2.549428 2.591049 2.633847 2.677855 2.723122 2.769679 2.817584 2.866863 2.917587 2.969801 3.023542 3.078878 3.135862 3.194547 3.255014 3.317314 3.381518 3.447687 3.515902 3.586237 3.658773 3.733592 3.810789 3.890443 3.972668 4.057546 4.145184 4.235693 4.329206 4.425813 4.525659 4.628876 4.735602 4.845973 4.960145 5.078284 5.200555 5.327124 5.458195 5.593950 5.734600 5.880356 6.031439 6.188095 6.350575 6.519142 6.694072 6.875663 7.064218 7.260057 7.463537 7.675015 7.894880 8.123511 8.361364 8.608877 8.866538
