T1-compare/300/model-f.grd
DSAA
         300         300
  -15.00000       15.00000    
  -15.00000       15.00000    
   1.225434       99.78107    
[rows 252 to 279 of 300, columns 189 to 251 of 300]
7.005615 6.923956 6.841656 6.758807 6.675498 6.591817 6.507855 6.423698 6.339428 6.255131 6.170883 6.086764 6.002849 5.919207 5.835908 5.753016 5.670596 5.588703 5.507394 5.426721 5.346732 5.267471 5.188981 5.111300 5.034461 4.958496 4.883436 4.809305 4.736125 4.663918 4.592700 4.522485 4.453288 4.385115 4.317977 4.251880 4.186826 4.122818 4.059858 3.997944 3.937072 3.877240 3.818444 3.760675 3.703928 3.648196 3.593468 3.539734 3.486986 3.435211 3.384398 3.334537 3.285614 3.237615 3.190529 3.144342 3.099041 3.054610 3.011039 2.968312 2.926414 2.885332 2.845053
6.814279 6.736471 6.658040 6.579067 6.499638 6.419836 6.339745 6.259444 6.179012 6.098527 6.018066 5.937699 5.857498 5.777530 5.697859 5.618547 5.539653 5.461234 5.383340 5.306022 5.229327 5.153297 5.077972 5.003390 4.929585 4.856585 4.784421 4.713120 4.642700 4.573184 4.504590 4.436930 4.370222 4.304470 4.239689 4.175882 4.113056 4.051213 3.990355 3.930483 3.871594 3.813686 3.756757 3.700800 3.645811 3.591782 3.538707 3.486576 3.435381 3.385112 3.335759 3.287312 3.239760 3.193089 3.147289 3.102350 3.058256 3.014996 2.972558 2.930930 2.890096 2.850046 2.810766
6.630227 6.556060 6.481283 6.405975 6.330215 6.254079 6.177649 6.100997 6.024200 5.947326 5.870452 5.793642 5.716964 5.640481 5.564256 5.488344 5.412803 5.337687 5.263042 5.188921 5.115365 5.042416 4.970112 4.898490 4.827583 4.757419 4.688028 4.619434 4.551660 4.484725 4.418648 4.353444 4.289126 4.225704 4.163190 4.101590 4.040911 3.981154 3.922326 3.864424 3.807450 3.751403 3.696281 3.642077 3.588791 3.536413 3.484941 3.434365 3.384677 3.335871 3.287937 3.240865 3.194645 3.149267 3.104721 3.060996 3.018080 2.975962 2.934630 2.894074 2.854280 2.815237 2.776933
6.453133 6.382406 6.311085 6.239240 6.166948 6.094284 6.021317 5.948120 5.874763 5.801312 5.727838 5.654401 5.581066 5.507892 5.434937 5.362257 5.289905 5.217930 5.146380 5.075304 5.004740 4.934730 4.865309 4.796515 4.728376 4.660924 4.594187 4.528188 4.462948 4.398489 4.334829 4.271981 4.209961 4.148779 4.088447 4.028972 3.970360 3.912616 3.855744 3.799747 3.744623 3.690374 3.636998 3.584492 3.532854 3.482077 3.432158 3.383090 3.334867 3.287480 3.240924 3.195189 3.150267 3.106146 3.062820 3.020279 2.978510 2.937505 2.897253 2.857743 2.818964 2.780905 2.743555
6.282672 6.215198 6.147143 6.078577 6.009569 5.940188 5.870502 5.800577 5.730480 5.660274 5.590023 5.519785 5.449624 5.379591 5.309745 5.240137 5.170817 5.101833 5.033230 4.965055 4.897344 4.830136 4.763469 4.697374 4.631885 4.567027 4.502829 4.439314 4.376504 4.314419 4.253078 4.192493 4.132682 4.073654 4.015421 3.957992 3.901372 3.845568 3.790585 3.736424 3.683088 3.630576 3.578891 3.528027 3.477984 3.428758 3.380345 3.332740 3.285936 3.239929 3.194711 3.150275 3.106615 3.063718 3.021580 2.980190 2.939540 2.899620 2.860420 2.821931 2.784142 2.747044 2.710627
6.118551 6.054155 5.989193 5.923730 5.857830 5.791557 5.724979 5.658155 5.591148 5.524019 5.456827 5.389626 5.322477 5.255430 5.188538 5.121852 5.055417 4.989281 4.923485 4.858074 4.793084 4.728551 4.664513 4.600998 4.538041 4.475664 4.413897 4.352763 4.292282 4.232474 4.173357 4.114947 4.057258 4.000301 3.944089 3.888628 3.833929 3.779995 3.726833 3.674446 3.622837 3.572004 3.521953 3.472677 3.424179 3.376455 3.329501 3.283314 3.237889 3.193220 3.149302 3.106130 3.063694 3.021989 2.981006 2.940739 2.901178 2.862314 2.824141 2.786649 2.749826 2.713666 2.678159
5.960475 5.898993 5.836960 5.774434 5.711479 5.648154 5.584519 5.520636 5.456560 5.392348 5.328059 5.263743 5.199456 5.135246 5.071164 5.007256 4.943567 4.880142 4.817021 4.754246 4.691852 4.629874 4.568345 4.507297 4.446759 4.386758 4.327318 4.268464 4.210215 4.152592 4.095612 4.039289 3.983640 3.928674 3.874405 3.820842 3.767992 3.715861 3.664456 3.613781 3.563838 3.514629 3.466156 3.418419 3.371416 3.325146 3.279607 3.234795 3.190706 3.147336 3.104682 3.062736 3.021492 2.980945 2.941087 2.901911 2.863412 2.825578 2.788405 2.751883 2.716004 2.680760 2.646142
5.808184 5.749461 5.690200 5.630458 5.570292 5.509760 5.448918 5.387823 5.326529 5.265088 5.203555 5.141978 5.080411 5.018898 4.957487 4.896224 4.835151 4.774309 4.713738 4.653476 4.593558 4.534018 4.474888 4.416197 4.357975 4.300246 4.243034 4.186365 4.130256 4.074728 4.019798 3.965481 3.911793 3.858742 3.806344 3.754606 3.703538 3.653145 3.603435 3.554412 3.506079 3.458438 3.411492 3.365242 3.319686 3.274825 3.230656 3.187177 3.144386 3.102277 3.060848 3.020093 2.980008 2.940587 2.901822 2.863711 2.826243 2.789413 2.753215 2.717641 2.682682 2.648331 2.614581
5.661419 5.605312 5.548678 5.491575 5.434054 5.376171 5.317979 5.259529 5.200873 5.142064 5.083148 5.024176 4.965193 4.906246 4.847378 4.788632 4.730050 4.671669 4.613528 4.555664 4.498110 4.440897 4.384059 4.327621 4.271614 4.216060 4.160983 4.106407 4.052350 3.998833 3.945871 3.893480 3.841675 3.790467 3.739869 3.689889 3.640538 3.591820 3.543744 3.496315 3.449537 3.403410 3.357941 3.313129 3.268974 3.225477 3.182635 3.140449 3.098914 3.058029 3.017790 2.978193 2.939233 2.900906 2.863206 2.826129 2.789667 2.753815 2.718567 2.683915 2.649853 2.616374 2.583472
5.519942 5.466312 5.412172 5.357570 5.302558 5.247188 5.191509 5.135571 5.079422 5.023111 4.966684 4.910185 4.853662 4.797154 4.740707 4.684359 4.628150 4.572115 4.516293 4.460716 4.405418 4.350430 4.295781 4.241498 4.187609 4.134137 4.081104 4.028535 3.976447 3.924858 3.873785 3.823245 3.773250 3.723814 3.674947 3.626661 3.578963 3.531860 3.485361 3.439470 3.394192 3.349530 3.305487 3.262065 3.219266 3.177089 3.135534 3.094599 3.054284 3.014585 2.975501 2.937028 2.899162 2.861899 2.825233 2.789162 2.753680 2.718779 2.684456 2.650705 2.617518 2.584889 2.552813
5.383513 5.332233 5.280456 5.228228 5.175597 5.122612 5.069320 5.015769 4.962000 4.908064 4.854002 4.799857 4.745673 4.691490 4.637347 4.583282 4.529334 4.475537 4.421926 4.368532 4.315390 4.262527 4.209970 4.157750 4.105888 4.054409 4.003335 3.952689 3.902488 3.852750 3.803492 3.754729 3.706476 3.658742 3.611543 3.564886 3.518781 3.473235 3.428257 3.383851 3.340021 3.296774 3.254111 3.212034 3.170545 3.129647 3.089337 3.049616 3.010484 2.971936 2.933973 2.896592 2.859788 2.823559 2.787900 2.752808 2.718278 2.684304 2.650883 2.618009 2.585674 2.553875 2.522605
5.251923 5.202874 5.153338 5.103364 5.052993 5.002273 4.951249 4.899962 4.848458 4.796778 4.744967 4.693061 4.641103 4.589131 4.537184 4.485295 4.433503 4.381840 4.330338 4.279030 4.227945 4.177112 4.126558 4.076308 4.026386 3.976817 3.927620 3.878817 3.830426 3.782465 3.734949 3.687895 3.641315 3.595220 3.549624 3.504537 3.459967 3.415921 3.372409 3.329435 3.287005 3.245123 3.203794 3.163018 3.122799 3.083138 3.044034 3.005489 2.967502 2.930072 2.893196 2.856874 2.821103 2.785878 2.751198 2.717059 2.683456 2.650384 2.617841 2.585820 2.554317 2.523327 2.492845
5.124961 5.078028 5.030622 4.982787 4.934563 4.885995 4.837124 4.787992 4.738639 4.689107 4.639435 4.589661 4.539823 4.489958 4.440100 4.390288 4.340551 4.290923 4.241436 4.192118 4.143000 4.094107 4.045467 3.997103 3.949040 3.901299 3.853900 3.806865 3.760211 3.713955 3.668112 3.622698 3.577727 3.533209 3.489156 3.445580 3.402488 3.359890 3.317792 3.276201 3.235121 3.194559 3.154517 3.114999 3.076007 3.037544 2.999609 2.962204 2.925328 2.888980 2.853160 2.817867 2.783097 2.748849 2.715120 2.681906 2.649205 2.617012 2.585324 2.554136 2.523443 2.493241 2.463526
5.002437 4.957513 4.912129 4.866326 4.820141 4.773617 4.726794 4.679710 4.632404 4.584915 4.537279 4.489532 4.441713 4.393855 4.345992 4.298157 4.250381 4.202696 4.155131 4.107715 4.060476 4.013439 3.966629 3.920070 3.873786 3.827796 3.782121 3.736782 3.691793 3.647173 3.602938 3.559101 3.515676 3.472673 3.430107 3.387986 3.346319 3.305115 3.264381 3.224124 3.184349 3.145061 3.106264 3.067962 3.030158 2.992854 2.956050 2.919748 2.883949 2.848652 2.813856 2.779561 2.745765 2.712466 2.679661 2.647347 2.615524 2.584185 2.553329 2.522952 2.493049 2.463616 2.434649
4.884151 4.841137 4.797674 4.753801 4.709556 4.664978 4.620101 4.574966 4.529608 4.484062 4.438366 4.392553 4.346657 4.300712 4.254749 4.208801 4.162897 4.117067 4.071338 4.025740 3.980297 3.935034 3.889977 3.845146 3.800565 3.756253 3.712231 3.668517 3.625128 3.582080 3.539388 3.497066 3.455128 3.413585 3.372449 3.331729 3.291435 3.251575 3.212157 3.173187 3.134671 3.096614 3.059021 3.021895 2.985239 2.949057 2.913349 2.878116 2.843361 2.809083 2.775280 2.741955 2.709104 2.676725 2.644818 2.613381 2.582411 2.551904 2.521858 2.492271 2.463136 2.434453 2.406216
4.769941 4.728741 4.687104 4.645068 4.602665 4.559935 4.516912 4.473630 4.430125 4.386431 4.342582 4.298609 4.254548 4.210426 4.166276 4.122128 4.078010 4.033951 3.989976 3.946114 3.902389 3.858823 3.815442 3.772267 3.729317 3.686614 3.644176 3.602022 3.560167 3.518628 3.477419 3.436553 3.396046 3.355906 3.316146 3.276777 3.237805 3.199241 3.161092 3.123364 3.086064 3.049196 3.012766 2.976777 2.941233 2.906136 2.871489 2.837293 2.803549 2.770257 2.737419 2.705033 2.673100 2.641617 2.610583 2.579997 2.549856 2.520159 2.490902 2.462083 2.433698 2.405744 2.378219
4.659630 4.620155 4.580254 4.539963 4.499314 4.458343 4.417083 4.375567 4.333827 4.291895 4.249805 4.207588 4.165274 4.122891 4.080472 4.038041 3.995629 3.953261 3.910963 3.868761 3.826678 3.784736 3.742960 3.701368 3.659983 3.618820 3.577902 3.537244 3.496861 3.456772 3.416988 3.377523 3.338390 3.299601 3.261166 3.223096 3.185400 3.148085 3.111159 3.074631 3.038504 3.002785 2.967479 2.932589 2.898120 2.864075 2.830455 2.797261 2.764498 2.732164 2.700261 2.668787 2.637745 2.607131 2.576945 2.547187 2.517854 2.488943 2.460454 2.432384 2.404729 2.377486 2.350655
4.553056 4.515221 4.476973 4.438342 4.399363 4.360066 4.320484 4.280648 4.240589 4.200338 4.159926 4.119381 4.078733 4.038011 3.997241 3.956452 3.915668 3.874916 3.834220 3.793605 3.753093 3.712706 3.672466 3.632391 3.592504 3.552820 3.513359 3.474137 3.435169 3.396470 3.358056 3.319937 3.282128 3.244637 3.207479 3.170661 3.134193 3.098083 3.062338 3.026966 2.991972 2.957362 2.923143 2.889316 2.855887 2.822858 2.790232 2.758011 2.726198 2.694792 2.663795 2.633208 2.603029 2.573260 2.543899 2.514944 2.486396 2.458251 2.430510 2.403168 2.376224 2.349675 2.323519
4.450068 4.413794 4.377117 4.340068 4.302676 4.264975 4.226991 4.188756 4.150300 4.111650 4.072837 4.033888 3.994830 3.955692 3.916498 3.877275 3.838048 3.798840 3.759677 3.720580 3.681571 3.642672 3.603902 3.565283 3.526831 3.488565 3.450501 3.412657 3.375047 3.337686 3.300587 3.263762 3.227225 3.190986 3.155056 3.119444 3.084159 3.049210 3.014605 2.980349 2.946450 2.912913 2.879743 2.846943 2.814520 2.782475 2.750812 2.719533 2.688640 2.658134 2.628017 2.598289 2.568950 2.540000 2.511439 2.483267 2.455482 2.428082 2.401067 2.374435 2.348183 2.322309 2.296812
4.350522 4.315733 4.280552 4.245009 4.209130 4.172947 4.136487 4.099777 4.062849 4.025726 3.988438 3.951011 3.913471 3.875845 3.838156 3.800429 3.762690 3.724959 3.687260 3.649616 3.612046 3.574571 3.537212 3.499985 3.462910 3.426003 3.389282 3.352760 3.316454 3.280377 3.244542 3.208963 3.173651 3.138615 3.103868 3.069418 3.035275 3.001446 2.967939 2.934761 2.901918 2.869416 2.837261 2.805455 2.774005 2.742912 2.712182 2.681814 2.651813 2.622180 2.592915 2.564021 2.535497 2.507343 2.479560 2.452147 2.425104 2.398428 2.372121 2.346179 2.320602 2.295386 2.270531
4.254279 4.220904 4.187148 4.153039 4.118601 4.083864 4.048855 4.013602 3.978128 3.942463 3.906630 3.870655 3.834564 3.798381 3.762130 3.725833 3.689515 3.653196 3.616899 3.580644 3.544452 3.508342 3.472332 3.436441 3.400686 3.365083 3.329648 3.294397 3.259343 3.224500 3.189882 3.155499 3.121365 3.087488 3.053880 3.020550 2.987506 2.954756 2.922310 2.890172 2.858350 2.826848 2.795672 2.764828 2.734319 2.704148 2.674320 2.644836 2.615699 2.586911 2.558473 2.530388 2.502655 2.475274 2.448246 2.421572 2.395250 2.369279 2.343660 2.318390 2.293468 2.268893 2.244663
4.161207 4.129179 4.096779 4.064035 4.030972 3.997614 3.963990 3.930122 3.896038 3.861761 3.827317 3.792730 3.758022 3.723218 3.688340 3.653411 3.618452 3.583484 3.548528 3.513603 3.478731 3.443927 3.409211 3.374600 3.340111 3.305758 3.271559 3.237528 3.203677 3.170021 3.136571 3.103340 3.070339 3.037577 3.005067 2.972816 2.940832 2.909124 2.877700 2.846566 2.815729 2.785193 2.754966 2.725050 2.695451 2.666173 2.637218 2.608590 2.580290 2.552322 2.524686 2.497386 2.470419 2.443789 2.417496 2.391538 2.365918 2.340632 2.315682 2.291066 2.266783 2.242833 2.219212
4.071180 4.040435 4.009330 3.977887 3.946132 3.914091 3.881786 3.849242 3.816483 3.783533 3.750414 3.717151 3.683765 3.650279 3.616714 3.583091 3.549433 3.515756 3.482084 3.448433 3.414824 3.381272 3.347797 3.314414 3.281139 3.247986 3.214973 3.182113 3.149419 3.116902 3.084576 3.052453 3.020543 2.988856 2.957402 2.926190 2.895229 2.864525 2.834087 2.803923 2.774036 2.744434 2.715123 2.686105 2.657387 2.628972 2.600863 2.573062 2.545575 2.518401 2.491544 2.465004 2.438782 2.412880 2.387300 2.362039 2.337100 2.312481 2.288182 2.264202 2.240541 2.217198 2.194171
3.984079 3.954557 3.924684 3.894483 3.863977 3.833190 3.802144 3.770863 3.739369 3.707685 3.675833 3.643835 3.611712 3.579485 3.547175 3.514803 3.482387 3.449948 3.417504 3.385074 3.352674 3.320323 3.288036 3.255830 3.223721 3.191721 3.159847 3.128112 3.096528 3.065107 3.033863 3.002805 2.971946 2.941293 2.910857 2.880647 2.850671 2.820936 2.791451 2.762222 2.733254 2.704555 2.676128 2.647979 2.620113 2.592533 2.565243 2.538245 2.511544 2.485140 2.459037 2.433235 2.407737 2.382543 2.357654 2.333071 2.308794 2.284822 2.261157 2.237797 2.214741 2.191989 2.169540
3.899789 3.871434 3.842737 3.813720 3.784405 3.754814 3.724970 3.694895 3.664608 3.634133 3.603491 3.572701 3.541785 3.510762 3.479653 3.448476 3.417251 3.385996 3.354728 3.323466 3.292227 3.261026 3.229879 3.198803 3.167811 3.136917 3.106137 3.075483 3.044966 3.014600 2.984396 2.954364 2.924515 2.894858 2.865402 2.836158 2.807132 2.778332 2.749766 2.721440 2.693359 2.665531 2.637960 2.610651 2.583609 2.556838 2.530340 2.504120 2.478180 2.452523 2.427151 2.402066 2.377269 2.352762 2.328545 2.304620 2.280987 2.257645 2.234595 2.211838 2.189371 2.167195 2.145310
3.818197 3.790954 3.763378 3.735491 3.707313 3.678864 3.650168 3.621243 3.592110 3.562791 3.533304 3.503670 3.473908 3.444037 3.414076 3.384044 3.353958 3.323836 3.293696 3.263553 3.233425 3.203327 3.173274 3.143281 3.113363 3.083532 3.053802 3.024186 2.994696 2.965343 2.936140 2.907094 2.878219 2.849521 2.821011 2.792697 2.764588 2.736689 2.709010 2.681556 2.654332 2.627346 2.600602 2.574106 2.547861 2.521871 2.496141 2.470674 2.445472 2.420539 2.395875 2.371485 2.347369 2.323529 2.299965 2.276679 2.253671 2.230942 2.208491 2.186320 2.164427 2.142812 2.121474
3.739202 3.713020 3.686515 3.659706 3.632612 3.605255 3.577655 3.549829 3.521799 3.493583 3.465202 3.436671 3.408013 3.379244 3.350383 3.321446 3.292451 3.263415 3.234354 3.205285 3.176223 3.147182 3.118179 3.089226 3.060338 3.031527 3.002807 2.974189 2.945686 2.917308 2.889066 2.860971 2.833033 2.805259 2.777660 2.750244 2.723018 2.695989 2.669166 2.642553 2.616158 2.589986 2.564041 2.538330 2.512856 2.487625 2.462637 2.437899 2.413413 2.389180 2.365205 2.341489 2.318033 2.294840 2.271910 2.249245 2.226845 2.204711 2.182843 2.161242 2.139907 2.118838 2.098035
3.662708 3.637539 3.612055 3.586275 3.560218 3.533902 3.507348 3.480573 3.453597 3.426436 3.399111 3.371637 3.344035 3.316320 3.288511 3.260622 3.232673 3.204677 3.176651 3.148610 3.120570 3.092544 3.064548 3.036593 3.008694 2.980863 2.953113 2.925455 2.897901 2.870461 2.843146 2.815965 2.788929 2.762046 2.735325 2.708774 2.682400 2.656211 2.630214 2.604414 2.578819 2.553433 2.528261 2.503310 2.478583 2.454084 2.429816 2.405784 2.381991 2.358438 2.335130 2.312068 2.289253 2.266688 2.244374 2.222312 2.200503 2.178947 2.157646 2.136600 2.115807 2.095270 2.074987
