T1-compare/300/model-f.grd
DSAA
         300         300
  -15.00000       15.00000    
  -15.00000       15.00000    
   1.225434       99.78107    
[rows 56 to 83 of 300, columns 189 to 251 of 300]
9.121742 8.992937 8.863355 8.733171 8.602556 8.471682 8.340719 8.209826 8.079163 7.948878 7.819122 7.690028 7.561731 7.434351 7.308006 7.182803 7.058838 6.936208 6.814991 6.695266 6.577099 6.460550 6.345671 6.232509 6.121102 6.011483 5.903681 5.797715 5.693602 5.591353 5.490975 5.392469 5.295837 5.201069 5.108160 5.017099 4.927872 4.840461 4.754851 4.671020 4.588946 4.508606 4.429979 4.353033 4.277747 4.204091 4.132039 4.061561 3.992628 3.925213 3.859285 3.794818 3.731779 3.670139 3.609871 3.550945 3.493334 3.437005 3.381934 3.328092 3.275451 3.223985 3.173667
9.409430 9.273588 9.136957 8.999723 8.862073 8.724193 8.586265 8.448462 8.310957 8.173909 8.037477 7.901809 7.767043 7.633311 7.500737 7.369432 7.239503 7.111044 6.984142 6.858875 6.735314 6.613517 6.493539 6.375428 6.259219 6.144943 6.032630 5.922297 5.813958 5.707623 5.603294 5.500971 5.400650 5.302322 5.205977 5.111599 5.019173 4.928676 4.840090 4.753389 4.668550 4.585543 4.504344 4.424922 4.347249 4.271292 4.197023 4.124408 4.053417 3.984017 3.916178 3.849867 3.785052 3.721700 3.659782 3.599266 3.540119 3.482312 3.425816 3.370599 3.316632 3.263886 3.212335
9.709723 9.566382 9.422235 9.277488 9.132343 8.987004 8.841662 8.696510 8.551731 8.407496 8.263982 8.121337 7.979717 7.839260 7.700096 7.562344 7.426115 7.291508 7.158616 7.027516 6.898281 6.770972 6.645646 6.522343 6.401104 6.281960 6.164932 6.050040 5.937293 5.826699 5.718257 5.611964 5.507812 5.405787 5.305877 5.208062 5.112323 5.018633 4.926970 4.837307 4.749611 4.663855 4.580006 4.498033 4.417902 4.339580 4.263031 4.188221 4.115117 4.043682 3.973882 3.905682 3.839050 3.773945 3.710337 3.648194 3.587481 3.528163 3.470210 3.413590 3.358270 3.304221 3.251411
10.02331 9.871963 9.719798 9.567039 9.413904 9.260613 9.107378 8.954402 8.801886 8.650014 8.498971 8.348926 8.200038 8.052456 7.906318 7.761751 7.618869 7.477778 7.338571 7.201330 7.066130 6.933031 6.802088 6.673346 6.546843 6.422600 6.300649 6.180997 6.063654 5.948623 5.835901 5.725479 5.617347 5.511487 5.407880 5.306506 5.207336 5.110345 5.015503 4.922779 4.832137 4.743545 4.656968 4.572367 4.489708 4.408953 4.330063 4.253001 4.177727 4.104204 4.032395 3.962261 3.893764 3.826867 3.761533 3.697728 3.635413 3.574552 3.515113 3.457061 3.400362 3.344982 3.290892
10.35092 10.19103 10.03030 9.868993 9.707334 9.545564 9.383912 9.222603 9.061848 8.901853 8.742811 8.584906 8.428308 8.273175 8.119654 7.967877 7.817967 7.670032 7.524167 7.380461 7.238986 7.099804 6.962969 6.828526 6.696507 6.566937 6.439838 6.315218 6.193084 6.073431 5.956256 5.841542 5.729278 5.619437 5.511999 5.406936 5.304220 5.203814 5.105688 5.009804 4.916123 4.824609 4.735221 4.647918 4.562659 4.479404 4.398110 4.318734 4.241236 4.165573 4.091704 4.019590 3.949188 3.880456 3.813358 3.747853 3.683903 3.621467 3.560512 3.501000 3.442894 3.386160 3.330765
10.69333 10.52430 10.35443 10.18398 10.01321 9.842394 9.671765 9.501571 9.332042 9.163398 8.995852 8.829597 8.664816 8.501675 8.340336 8.180934 8.023597 7.868437 7.715556 7.565040 7.416966 7.271394 7.128376 6.987956 6.850164 6.715022 6.582547 6.452744 6.325615 6.201153 6.079344 5.960172 5.843616 5.729647 5.618240 5.509360 5.402974 5.299040 5.197523 5.098381 5.001568 4.907043 4.814762 4.724678 4.636748 4.550925 4.467162 4.385414 4.305635 4.227779 4.151803 4.077662 4.005311 3.934704 3.865802 3.798562 3.732942 3.668900 3.606400 3.545399 3.485861 3.427747 3.371022
11.05139 10.87258 10.69292 10.51270 10.33220 10.15171 9.971496 9.791822 9.612938 9.435082 9.258486 9.083352 8.909882 8.738250 8.568624 8.401150 8.235963 8.073176 7.912897 7.755210 7.600194 7.447907 7.298405 7.151721 7.007886 6.866918 6.728829 6.593619 6.461285 6.331815 6.205189 6.081384 5.960378 5.842130 5.726611 5.613783 5.503601 5.396024 5.291007 5.188503 5.088463 4.990839 4.895581 4.802639 4.711964 4.623504 4.537210 4.453028 4.370912 4.290811 4.212678 4.136463 4.062118 3.989596 3.918853 3.849842 3.782519 3.716839 3.652763 3.590246 3.529248 3.469730 3.411653
11.42597 11.23669 11.04655 10.85587 10.66496 10.47413 10.28367 10.09387 9.905005 9.717330 9.531096 9.346519 9.163815 8.983171 8.804763 8.628747 8.455257 8.284420 8.116338 7.951101 7.788784 7.629444 7.473136 7.319889 7.169731 7.022673 6.878724 6.737877 6.600121 6.465440 6.333809 6.205195 6.079571 5.956890 5.837115 5.720201 5.606101 5.494761 5.386135 5.280167 5.176803 5.075989 4.977673 4.881793 4.788299 4.697134 4.608243 4.521569 4.437059 4.354661 4.274320 4.195985 4.119605 4.045126 3.972502 3.901685 3.832626 3.765276 3.699594 3.635534 3.573050 3.512104 3.452652
11.81802 11.61752 11.41615 11.21426 11.01219 10.81029 10.60887 10.40826 10.20874 10.01059 9.814083 9.619457 9.426939 9.236728 9.049008 8.863946 8.681680 8.502339 8.326028 8.152839 7.982844 7.816099 7.652651 7.492531 7.335757 7.182336 7.032269 6.885547 6.742147 6.602047 6.465215 6.331613 6.201200 6.073928 5.949749 5.828614 5.710465 5.595243 5.482897 5.373361 5.266577 5.162483 5.061020 4.962125 4.865738 4.771800 4.680246 4.591020 4.504062 4.419313 4.336715 4.256215 4.177755 4.101280 4.026739 3.954079 3.883250 3.814200 3.746883 3.681251 3.617257 3.554857 3.494008
12.22859 12.01603 11.80261 11.58869 11.37467 11.16091 10.94776 10.73556 10.52465 10.31532 10.10787 9.902539 9.699583 9.499210 9.301615 9.106971 8.915423 8.727100 8.542113 8.360549 8.182479 8.007957 7.837023 7.669703 7.506010 7.345942 7.189496 7.036649 6.887376 6.741643 6.599410 6.460632 6.325259 6.193235 6.064504 5.939007 5.816679 5.697456 5.581273 5.468065 5.357762 5.250297 5.145605 5.043615 4.944262 4.847479 4.753201 4.661361 4.571898 4.484744 4.399842 4.317130 4.236547 4.158036 4.081539 4.007003 3.934371 3.863588 3.794609 3.727378 3.661847 3.597972 3.535702
12.65875 12.43325 12.20687 11.98004 11.75318 11.52669 11.30097 11.07638 10.85329 10.63202 10.41287 10.19614 9.982076 9.770904 9.562830 9.358035 9.156670 8.958864 8.764726 8.574343 8.387784 8.205096 8.026315 7.851457 7.680530 7.513523 7.350423 7.191199 7.035816 6.884232 6.736395 6.592251 6.451743 6.314803 6.181366 6.051367 5.924729 5.801380 5.681251 5.564264 5.450344 5.339415 5.231408 5.126244 5.023850 4.924155 4.827087 4.732574 4.640549 4.550941 4.463683 4.378715 4.295968 4.215380 4.136890 4.060441 3.985975 3.913430 3.842758 3.773903 3.706811 3.641434 3.577724
13.10970 12.87026 12.62994 12.38923 12.14857 11.90841 11.66920 11.43133 11.19519 10.96115 10.72953 10.50064 10.27475 10.05210 9.832909 9.617357 9.405605 9.197783 8.993996 8.794329 8.598846 8.407588 8.220582 8.037838 7.859352 7.685102 7.515069 7.349205 7.187472 7.029814 6.876165 6.726462 6.580641 6.438618 6.300322 6.165675 6.034597 5.907001 5.782809 5.661938 5.544302 5.429819 5.318412 5.209992 5.104486 5.001810 4.901887 4.804642 4.710000 4.617884 4.528226 4.440955 4.356001 4.273297 4.192779 4.114383 4.038048 3.963713 3.891320 3.820814 3.752137 3.685238 3.620063
13.58270 13.32824 13.07292 12.81725 12.56174 12.30689 12.05318 11.80106 11.55095 11.30323 11.05829 10.81642 10.57794 10.34309 10.11209 9.885142 9.662402 9.443999 9.230040 9.020602 8.815742 8.615492 8.419870 8.228876 8.042495 7.860692 7.683436 7.510672 7.342340 7.178373 7.018703 6.863247 6.711929 6.564656 6.421348 6.281912 6.146255 6.014289 5.885921 5.761058 5.639608 5.521481 5.406587 5.294835 5.186140 5.080416 4.977577 4.877541 4.780225 4.685552 4.593443 4.503825 4.416624 4.331766 4.249181 4.168808 4.090574 4.014417 3.940277 3.868094 3.797807 3.729361 3.662702
14.07913 13.80847 13.53695 13.26515 12.99364 12.72297 12.45367 12.18624 11.92113 11.65878 11.39958 11.14387 10.89196 10.64413 10.40060 10.16158 9.927215 9.697643 9.472961 9.253242 9.038531 8.828852 8.624208 8.424590 8.229969 8.040293 7.855519 7.675578 7.500396 7.329894 7.163985 7.002577 6.845580 6.692889 6.544410 6.400040 6.259676 6.123214 5.990555 5.861595 5.736233 5.614369 5.495905 5.380742 5.268787 5.159947 5.054128 4.951242 4.851200 4.753918 4.659313 4.567304 4.477814 4.390764 4.306079 4.223693 4.143532 4.065524 3.989609 3.915724 3.843803 3.773791 3.705627
14.60048 14.31230 14.02327 13.73405 13.44528 13.15755 12.87147 12.58757 12.30637 12.02832 11.75387 11.48337 11.21716 10.95551 10.69868 10.44685 10.20020 9.958831 9.722850 9.492315 9.267263 9.047701 8.833620 8.624992 8.421771 8.223898 8.031305 7.843909 7.661622 7.484347 7.311986 7.144426 6.981565 6.823287 6.669480 6.520031 6.374825 6.233744 6.096680 5.963519 5.834147 5.708457 5.586339 5.467687 5.352402 5.240378 5.131518 5.025725 4.922903 4.822962 4.725816 4.631375 4.539557 4.450275 4.363457 4.279026 4.196903 4.117019 4.039304 3.963693 3.890118 3.818516 3.748828
15.14833 14.84118 14.53320 14.22514 13.91770 13.61155 13.30737 13.00574 12.70724 12.41236 12.12158 11.83527 11.55380 11.27747 11.00650 10.74111 10.48146 10.22765 9.979764 9.737860 9.501956 9.272039 9.048089 8.830054 8.617875 8.411468 8.210751 8.015620 7.825969 7.641685 7.462649 7.288739 7.119830 6.955792 6.796503 6.641832 6.491650 6.345829 6.204248 6.066780 5.933301 5.803693 5.677842 5.555627 5.436938 5.321667 5.209705 5.100948 4.995296 4.892649 4.792914 4.695998 4.601813 4.510267 4.421280 4.334772 4.250663 4.168873 4.089334 4.011973 3.936718 3.863508 3.792276
15.72445 15.39672 15.06819 14.73971 14.41205 14.08599 13.76226 13.44152 13.12441 12.81145 12.50317 12.19997 11.90223 11.61025 11.32428 11.04452 10.77112 10.50418 10.24377 9.989919 9.742636 9.501883 9.267620 9.039774 8.818264 8.602983 8.393828 8.190678 7.993403 7.801870 7.615943 7.435478 7.260338 7.090374 6.925444 6.765406 6.610119 6.459435 6.313224 6.171348 6.033668 5.900057 5.770389 5.644532 5.522374 5.403790 5.288667 5.176891 5.068357 4.962956 4.860590 4.761160 4.664570 4.570724 4.479537 4.390922 4.304796 4.221074 4.139686 4.060552 3.983599 3.908759 3.835966
16.33070 15.98060 15.62975 15.27908 14.92950 14.58186 14.23699 13.89563 13.55846 13.22608 12.89904 12.57777 12.26267 11.95404 11.65214 11.35716 11.06923 10.78845 10.51486 10.24848 9.989267 9.737185 9.492158 9.254086 9.022871 8.798374 8.580470 8.369013 8.163852 7.964830 7.771793 7.584576 7.403020 7.226958 7.056236 6.890691 6.730165 6.574502 6.423553 6.277164 6.135190 5.997489 5.863926 5.734359 5.608661 5.486702 5.368360 5.253514 5.142048 5.033849 4.928810 4.826825 4.727792 4.631613 4.538194 4.447443 4.359274 4.273596 4.190335 4.109406 4.030735 3.954247 3.879875
16.96916 16.59469 16.21952 15.84472 15.47130 15.10025 14.73248 14.36883 14.01004 13.65677 13.30960 12.96899 12.63537 12.30902 11.99022 11.67912 11.37586 11.08049 10.79305 10.51351 10.24182 9.977897 9.721643 9.472933 9.231627 8.997567 8.770599 8.550549 8.337239 8.130493 7.930129 7.735958 7.547805 7.365482 7.188814 7.017622 6.851733 6.690969 6.535173 6.384177 6.237818 6.095945 5.958408 5.825056 5.695755 5.570362 5.448745 5.330777 5.216332 5.105288 4.997536 4.892960 4.791451 4.692904 4.597222 4.504309 4.414069 4.326411 4.241253 4.158512 4.078102 3.999949 3.923980
17.64208 17.24098 16.83926 16.43813 16.03876 15.64225 15.24965 14.86186 14.47974 14.10398 13.73521 13.37392 13.02052 12.67533 12.33859 12.01044 11.69100 11.38028 11.07828 10.78496 10.50022 10.22394 9.955997 9.696222 9.444446 9.200476 8.964129 8.735200 8.513484 8.298776 8.090866 7.889549 7.694622 7.505873 7.323111 7.146137 6.974757 6.808783 6.648034 6.492332 6.341500 6.195372 6.053788 5.916585 5.783617 5.654730 5.529786 5.408645 5.291174 5.177247 5.066740 4.959534 4.855517 4.754573 4.656600 4.561497 4.469163 4.379502 4.292428 4.207851 4.125683 4.045849 3.968267
18.35190 17.92165 17.49087 17.06095 16.63324 16.20900 15.78940 15.37547 14.96813 14.56815 14.17619 13.79276 13.41828 13.05305 12.69728 12.35112 12.01460 11.68774 11.37048 11.06273 10.76436 10.47521 10.19511 9.923843 9.661215 9.406990 9.160954 8.922862 8.692483 8.469577 8.253913 8.045257 7.843379 7.648047 7.459044 7.276155 7.099166 6.927867 6.762067 6.601565 6.446176 6.295716 6.150014 6.008893 5.872195 5.739760 5.611435 5.487074 5.366537 5.249682 5.136384 5.026516 4.919956 4.816587 4.716295 4.618976 4.524526 4.432839 4.343828 4.257397 4.173456 4.091922 4.012714
19.10131 18.63904 18.17636 17.71488 17.25615 16.80164 16.35265 15.91036 15.47575 15.04967 14.63280 14.22568 13.82872 13.44219 13.06628 12.70107 12.34658 12.00276 11.66952 11.34669 11.03411 10.73157 10.43883 10.15566 9.881797 9.616978 9.360939 9.113410 8.874114 8.642790 8.419166 8.202980 7.993983 7.791912 7.596529 7.407598 7.224880 7.048153 6.877202 6.711815 6.551785 6.396918 6.247028 6.101926 5.961442 5.825406 5.693652 5.566026 5.442376 5.322559 5.206436 5.093873 4.984741 4.878915 4.776282 4.676723 4.580132 4.486402 4.395435 4.307133 4.221402 4.138154 4.057304
19.89322 19.39568 18.89787 18.40168 17.90894 17.42130 16.94027 16.46715 16.00303 15.54881 15.10521 14.67276 14.25183 13.84269 13.44546 13.06017 12.68678 12.32519 11.97521 11.63666 11.30929 10.99282 10.68699 10.39149 10.10603 9.830276 9.563939 9.306696 9.058242 8.818275 8.586491 8.362597 8.146317 7.937360 7.735462 7.540364 7.351809 7.169550 6.993356 6.822995 6.658248 6.498903 6.344760 6.195619 6.051294 5.911605 5.776377 5.645444 5.518646 5.395830 5.276847 5.161556 5.049827 4.941520 4.836517 4.734698 4.635947 4.540152 4.447212 4.357025 4.269485 4.184511 4.102007
20.73083 20.19429 19.65767 19.12321 18.59305 18.06909 17.55306 17.04642 16.55034 16.06579 15.59349 15.13396 14.68754 14.25441 13.83466 13.42822 13.03500 12.65479 12.28736 11.93242 11.58967 11.25878 10.93940 10.63117 10.33373 10.04672 9.769791 9.502575 9.244727 8.995904 8.755772 8.523998 8.300278 8.084290 7.875751 7.674369 7.479870 7.291982 7.110458 6.935046 6.765507 6.601617 6.443160 6.289923 6.141707 5.998318 5.859575 5.725293 5.595310 5.469458 5.347586 5.229542 5.115184 5.004373 4.896979 4.792879 4.691950 4.594074 4.499144 4.407052 4.317697 4.230980 4.146813
21.61761 21.03778 20.45813 19.88133 19.30988 18.74602 18.19172 17.64858 17.11789 16.60065 16.09758 15.60913 15.13561 14.67710 14.23359 13.80494 13.39093 12.99128 12.60566 12.23370 11.87501 11.52918 11.19580 10.87444 10.56469 10.26611 9.978304 9.700867 9.433399 9.175517 8.926849 8.687037 8.455727 8.232576 8.017274 7.809502 7.608957 7.415350 7.228413 7.047874 6.873477 6.704981 6.542152 6.384767 6.232609 6.085479 5.943175 5.805513 5.672310 5.543394 5.418602 5.297778 5.180773 5.067434 4.957630 4.851231 4.748104 4.648128 4.551195 4.457189 4.366002 4.277534 4.191690
22.55725 21.92921 21.30167 20.67786 20.06075 19.45297 18.85675 18.27387 17.70572 17.15327 16.61724 16.09799 15.59571 15.11039 14.64189 14.18994 13.75421 13.33430 12.92977 12.54017 12.16499 11.80375 11.45594 11.12107 10.79867 10.48821 10.18927 9.901375 9.624074 9.356949 9.099579 8.851567 8.612531 8.382096 8.159916 7.945649 7.738969 7.539560 7.347133 7.161397 6.982078 6.808917 6.641668 6.480086 6.323946 6.173032 6.027135 5.886052 5.749599 5.617590 5.489856 5.366229 5.246550 5.130663 5.018432 4.909714 4.804377 4.702290 4.603340 4.507406 4.414376 4.324146 4.236616
23.55366 22.87169 22.19067 21.51451 20.84678 20.19058 19.54843 18.92229 18.31360 17.72332 17.15205 16.60005 16.06735 15.55379 15.05906 14.58275 14.12439 13.68343 13.25931 12.85145 12.45926 12.08214 11.71951 11.37078 11.03540 10.71280 10.40248 10.10390 9.816569 9.540019 9.273788 9.017436 8.770548 8.532713 8.303553 8.082701 7.869797 7.664510 7.466525 7.275529 7.091230 6.913352 6.741633 6.575811 6.415650 6.260917 6.111390 5.966864 5.827131 5.692006 5.561303 5.434852 5.312480 5.194032 5.079351 4.968302 4.860740 4.756528 4.655550 4.557677 4.462794 4.370794 4.281569
24.61079 23.86828 23.12729 22.39267 21.66872 20.95910 20.26665 19.59348 18.94103 18.31017 17.70135 17.11464 16.54986 16.00664 15.48449 14.98280 14.50092 14.03816 13.59380 13.16712 12.75743 12.36401 11.98617 11.62325 11.27460 10.93960 10.61766 10.30820 10.01066 9.724533 9.449299 9.184479 8.929625 8.684281 8.448050 8.220523 8.001325 7.790091 7.586486 7.390172 7.200844 7.018204 6.841972 6.671871 6.507651 6.349068 6.195888 6.047884 5.904851 5.766585 5.632895 5.503600 5.378521 5.257493 5.140353 5.026958 4.917158 4.810810 4.707794 4.607975 4.511231 4.417452 4.326528
