T1-compare/300/model-f.grd
DSAA
         300         300
  -15.00000       15.00000    
  -15.00000       15.00000    
   1.225434       99.78107    
[rows 168 to 195 of 300, columns 189 to 251 of 300]
58.37471 55.72517 53.10526 50.55965 48.11913 45.80029 43.60893 41.54399 39.60069 37.77244 36.05206 34.43224 32.90605 31.46693 30.10879 28.82602 27.61348 26.46645 25.38058 24.35188 23.37672 22.45165 21.57362 20.73971 19.94725 19.19377 18.47698 17.79474 17.14505 16.52608 15.93608 15.37343 14.83665 14.32428 13.83504 13.36767 12.92101 12.49397 12.08552 11.69471 11.32061 10.96238 10.61923 10.29038 9.975142 9.672833 9.382823 9.104505 8.837321 8.580744 8.334262 8.097407 7.869730 7.650789 7.440199 7.237574 7.042553 6.854782 6.673954 6.499749 6.331877 6.170073 6.014068
58.21676 55.57101 52.95490 50.41310 47.97638 45.66134 43.47376 41.41257 39.47298 37.64842 35.93169 34.31548 32.79285 31.35722 30.00253 28.72314 27.51393 26.37014 25.28746 24.26189 23.28975 22.36766 21.49252 20.66142 19.87171 19.12088 18.40668 17.72694 17.07969 16.46307 15.87536 15.31492 14.78027 14.26998 13.78273 13.31729 12.87249 12.44724 12.04052 11.65138 11.27889 10.92221 10.58055 10.25314 9.939281 9.638309 9.349579 9.072494 8.806496 8.551057 8.305676 8.069877 7.843213 7.625249 7.415592 7.213872 7.019717 6.832776 6.652749 6.479313 6.312185 6.151089 5.995762
58.04831 55.40664 52.79464 50.25695 47.82432 45.51336 43.32985 41.27270 39.33712 37.51653 35.80372 34.19139 32.67258 31.24072 29.88972 28.61398 27.40832 26.26802 25.18875 24.16651 23.19763 22.27872 21.40666 20.57857 19.79178 19.04380 18.33236 17.65530 17.01064 16.39653 15.81124 15.25316 14.72078 14.21268 13.72755 13.26416 12.82133 12.39798 11.99311 11.60573 11.23494 10.87990 10.53983 10.21393 9.901538 9.601973 9.314595 9.038817 8.774072 8.519838 8.275611 8.040925 7.815331 7.598395 7.389721 7.188953 6.995711 6.809648 6.630461 6.457837 6.291481 6.131132 5.976524
57.86897 55.23171 52.62413 50.09085 47.66263 45.35608 43.17693 41.12413 39.19288 37.37654 35.66795 34.05979 32.54508 31.11725 29.77023 28.49837 27.29653 26.15998 25.08435 24.06568 23.10028 22.18475 21.31600 20.49111 19.70744 18.96249 18.25398 17.57977 16.93786 16.32642 15.74372 15.18812 14.65815 14.15238 13.66950 13.20827 12.76754 12.34621 11.94327 11.55776 11.18877 10.83547 10.49706 10.17278 9.861921 9.563842 9.277889 9.003482 8.740055 8.487091 8.244082 8.010569 7.786100 7.570244 7.362614 7.162840 6.970552 6.785415 6.607114 6.435339 6.269801 6.110240 5.956382
57.67834 55.04582 52.44299 49.91446 47.49100 45.18917 43.01473 40.96659 39.03997 37.22823 35.52416 33.92047 32.41015 30.98666 29.64387 28.37619 27.17842 26.04586 24.97415 23.95928 22.99759 22.08568 21.22044 20.39897 19.61862 18.87688 18.17149 17.50030 16.86132 16.25271 15.67275 15.11980 14.59238 14.08907 13.60856 13.14963 12.71110 12.29189 11.89101 11.50747 11.14038 10.78890 10.45225 10.12965 9.820428 9.523909 9.239463 8.966488 8.704456 8.452821 8.211097 7.978811 7.755519 7.540799 7.334269 7.135530 6.944252 6.760079 6.582707 6.411820 6.247134 6.088389 5.935333
57.47598 54.84856 52.25084 49.72742 47.30906 45.01231 42.84292 40.79981 38.87815 37.07132 35.37211 33.77319 32.26760 30.84873 29.51050 28.24726 27.05387 25.92557 24.85801 23.84720 22.88947 21.98141 21.11991 20.30208 19.52525 18.78693 18.08485 17.41687 16.78098 16.17538 15.59830 15.04815 14.52343 14.02272 13.54472 13.08821 12.65201 12.23504 11.83631 11.45485 11.08976 10.74021 10.40540 10.08458 9.777058 9.482181 9.199306 8.927857 8.667274 8.417039 8.176650 7.945659 7.723603 7.510071 7.304675 7.107041 6.916813 6.733644 6.557246 6.387290 6.223503 6.065618 5.913377
57.26143 54.63950 52.04726 49.52933 47.11644 44.82516 42.66119 40.62345 38.70712 36.90557 35.21156 33.61777 32.11721 30.70330 29.36993 28.11145 26.92271 25.79896 24.73584 23.72936 22.77583 21.87186 21.01434 20.20036 19.42727 18.69258 17.99401 17.32942 16.69682 16.09438 15.52037 14.97316 14.45129 13.95332 13.47797 13.02400 12.59025 12.17565 11.77919 11.39991 11.03692 10.68938 10.35651 10.03756 9.731825 9.438668 9.157446 8.887581 8.628522 8.379742 8.140763 7.911116 7.690355 7.478067 7.273861 7.077371 6.888244 6.706131 6.530736 6.361759 6.198903 6.041913 5.890536
57.03419 54.41816 51.83182 49.31978 46.91278 44.62733 42.46919 40.43723 38.52661 36.73069 35.04226 33.45396 31.95879 30.55017 29.22198 27.96859 26.78481 25.66590 24.60751 23.60563 22.65658 21.75695 20.90365 20.09377 19.32465 18.59379 17.89894 17.23793 16.60880 16.00970 15.43892 14.89483 14.37596 13.88088 13.40831 12.95702 12.52585 12.11372 11.71964 11.34265 10.98186 10.63644 10.30560 9.988598 9.684742 9.393380 9.113881 8.845673 8.588205 8.340958 8.103443 7.875199 7.655793 7.444795 7.241833 7.046537 6.858551 6.677539 6.503201 6.335238 6.173347 6.017292 5.866810
56.79373 54.18402 51.60401 49.09831 46.69760 44.41845 42.26654 40.24076 38.33626 36.54640 34.86392 33.28149 31.79209 30.38911 29.06647 27.81849 26.64000 25.52625 24.47289 23.47589 22.53160 21.63659 20.78776 19.98222 19.21729 18.49050 17.79957 17.14235 16.51688 15.92132 15.35393 14.81312 14.29740 13.80536 13.33572 12.88724 12.45877 12.04924 11.65766 11.28307 10.92458 10.58138 10.25266 9.937699 9.635798 9.346316 9.068624 8.802143 8.546332 8.300680 8.064691 7.837917 7.619911 7.410268 7.208596 7.014545 6.827748 6.647879 6.474643 6.307721 6.146848 5.991764 5.842201
56.53947 53.93654 51.36333 48.86442 46.47049 44.19808 42.05286 40.03371 38.13577 36.35238 34.67627 33.10011 31.61686 30.21993 28.90319 27.66099 26.48813 25.37988 24.33185 23.34005 22.40080 21.51068 20.66660 19.86564 19.10516 18.38266 17.69587 17.04266 16.42104 15.82919 15.26538 14.72802 14.21562 13.72677 13.26019 12.81466 12.38903 11.98222 11.59326 11.22118 10.86510 10.52420 10.19771 9.884874 9.585024 9.297498 9.021683 8.757007 8.502928 8.258928 8.024531 7.799281 7.582740 7.374496 7.174174 6.981409 6.795852 6.617169 6.445066 6.279242 6.119419 5.965331 5.816742
56.27080 53.67514 51.10923 48.61761 46.23096 43.96576 41.82772 39.81567 37.92475 36.14829 34.47900 32.90954 31.43287 30.04239 28.73195 27.49590 26.32904 25.22662 24.18427 23.19799 22.26408 21.37915 20.54009 19.74398 18.98819 18.27021 17.58780 16.93880 16.32124 15.73330 15.17327 14.63952 14.13060 13.64510 13.18175 12.73930 12.31663 11.91267 11.52644 11.15698 10.80342 10.46494 10.14076 9.830142 9.532413 9.246932 8.973075 8.710274 8.457992 8.215719 7.982975 7.759304 7.544288 7.337498 7.138567 6.947144 6.762871 6.585416 6.414499 6.249802 6.091063 5.938016 5.790428
55.98703 53.39920 50.84113 48.35733 45.97848 43.72104 41.59069 39.58625 37.70285 35.93380 34.27182 32.70951 31.23987 29.85625 28.55253 27.32302 26.16254 25.06633 24.03001 23.04958 22.12135 21.24190 20.40814 19.61717 18.86633 18.15313 17.47532 16.83076 16.21747 15.63364 15.07755 14.54761 14.04234 13.56035 13.10035 12.66114 12.24158 11.84059 11.45721 11.09049 10.73955 10.40358 10.08181 9.773506 9.477995 9.194633 8.922814 8.661959 8.411546 8.171060 7.940029 7.718007 7.504558 7.299280 7.101803 6.911759 6.728816 6.552634 6.382935 6.219416 6.061796 5.909833 5.763275
55.68746 53.10804 50.55839 48.08300 45.71251 43.46338 41.34128 39.34501 37.46966 35.70854 34.05436 32.49971 31.03757 29.66127 28.36471 27.14217 25.98848 24.89886 23.86894 22.89471 21.97248 21.09884 20.27069 19.48513 18.73951 18.03135 17.35839 16.71849 16.10969 15.53018 14.97823 14.45227 13.95082 13.47250 13.01603 12.58019 12.16386 11.76598 11.38557 11.02170 10.67350 10.34015 10.02089 9.714981 9.421766 9.140613 8.870902 8.612069 8.363589 8.124963 7.895711 7.675385 7.463572 7.259856 7.063869 6.875268 6.693697 6.518838 6.350403 6.188084 6.031628 5.880780 5.735285
55.37133 52.80095 50.26033 47.79397 45.43247 43.19228 41.07902 39.09149 37.22477 35.47215 33.82630 32.27983 30.82570 29.45722 28.16827 26.95315 25.80667 24.72405 23.70092 22.73326 21.81738 20.94988 20.12766 19.34781 18.60770 17.90483 17.23697 16.60197 15.99788 15.42290 14.87530 14.35350 13.85606 13.38157 12.92877 12.49645 12.08350 11.68885 11.31155 10.95064 10.60528 10.27465 9.957994 9.654581 9.363755 9.084888 8.817364 8.560630 8.314161 8.077449 7.850037 7.631473 7.421346 7.219245 7.024806 6.837686 6.657533 6.484036 6.316902 6.155839 6.000577 5.850877 5.706479
55.03781 52.47715 49.94625 47.48958 45.13773 42.90713 40.80336 38.82521 36.96774 35.22421 33.58728 32.04956 30.60396 29.24382 27.96298 26.75576 25.61694 24.54176 23.52582 22.56511 21.65596 20.79495 19.97897 19.20515 18.47084 17.77355 17.11104 16.48119 15.88204 15.31179 14.76874 14.25131 13.75804 13.28755 12.83859 12.40995 12.00051 11.60923 11.23514 10.87733 10.53492 10.20711 9.893152 9.592335 9.303985 9.027478 8.762224 8.507660 8.263263 8.028540 7.803027 7.586289 7.377899 7.177467 6.984630 6.799034 6.620347 6.448250 6.282459 6.122685 5.968655 5.820137 5.676876
54.68603 52.13581 49.61537 47.16912 44.82766 42.60734 40.51377 38.54568 36.69811 34.96432 33.33694 31.80855 30.37206 29.02082 27.74863 26.54980 25.41912 24.35182 23.34351 22.39017 21.48812 20.63396 19.82458 19.05710 18.32888 17.63745 16.98057 16.35612 15.76215 15.19686 14.65857 14.14568 13.65678 13.19047 12.74550 12.32068 11.91490 11.52712 11.15639 10.80177 10.46242 10.13754 9.826390 9.528246 9.242457 8.968409 8.705500 8.453171 8.210919 7.978253 7.754699 7.539835 7.333246 7.134532 6.943341 6.759323 6.582147 6.411493 6.247085 6.088638 5.935881 5.788574 5.646482
54.31503 51.77606 49.26686 46.83184 44.50153 42.29228 40.20965 38.25236 36.41541 34.69205 33.07488 31.55647 30.12972 28.78794 27.52497 26.33506 25.21304 24.15409 23.15386 22.20831 21.31376 20.46683 19.66440 18.90360 18.18180 17.49652 16.84554 16.22674 15.63819 15.07810 14.54476 14.03664 13.55228 13.09032 12.64951 12.22867 11.82669 11.44255 11.07529 10.72399 10.38782 10.06598 9.757721 9.462350 9.179212 8.907694 8.647198 8.397190 8.157152 7.926594 7.705071 7.492145 7.287403 7.090464 6.900967 6.718573 6.542947 6.373783 6.210796 6.053711 5.902254 5.756203 5.615306
53.92377 51.39693 48.89985 46.47691 44.15859 41.96125 39.89038 37.94468 36.11913 34.40694 32.80071 31.29297 29.87661 28.54494 27.29175 26.11135 24.99851 23.94844 22.95675 22.01944 21.13282 20.29351 19.49840 18.74463 18.02956 17.35074 16.70594 16.09307 15.51018 14.95550 14.42736 13.92418 13.44457 12.98713 12.55065 12.13394 11.73591 11.35554 10.99188 10.64402 10.31113 9.992427 9.687174 9.394665 9.114261 8.845358 8.587365 8.339743 8.101983 7.873612 7.654171 7.443237 7.240406 7.045287 6.857529 6.676802 6.502777 6.335137 6.173615 6.017928 5.867815 5.723044 5.583377
53.51117 50.99739 48.51337 46.10345 43.79807 41.61354 39.55532 37.62208 35.80877 34.10855 32.51402 31.01769 29.61243 28.29152 27.04878 25.87847 24.77537 23.73469 22.75206 21.82346 20.94521 20.11392 19.32652 18.58013 17.87213 17.20008 16.56176 15.95508 15.37811 14.82909 14.30635 13.80834 13.33365 12.88092 12.44894 12.03651 11.64258 11.26611 10.90618 10.56189 10.23239 9.916930 9.614778 9.325220 9.047643 8.781432 8.526012 8.280850 8.045439 7.819316 7.602016 7.393131 7.192254 6.999012 6.813052 6.634037 6.461644 6.295572 6.135553 5.981300 5.832563 5.689104 5.550703
53.07605 50.57636 48.10644 45.71056 43.41913 41.24839 39.20379 37.28394 35.48376 33.79639 32.21440 30.73027 29.33686 28.02744 26.79580 25.63622 24.54346 23.51275 22.53969 21.62029 20.75086 19.92804 19.14874 18.41010 17.70952 17.04456 16.41302 15.81280 15.24202 14.69889 14.18178 13.68914 13.21957 12.77173 12.34440 11.93643 11.54673 11.17431 10.81823 10.47762 10.15164 9.839521 9.540561 9.254052 8.979383 8.715946 8.463179 8.220545 7.987549 7.763729 7.548638 7.341857 7.142999 6.951675 6.767549 6.590295 6.419582 6.255120 6.096634 5.943858 5.796526 5.654418 5.517302
52.61708 50.13264 47.67795 45.29723 43.02085 40.86500 38.83506 36.92962 35.14355 33.46997 31.90142 30.43034 29.04959 27.75241 26.53260 25.38442 24.30264 23.28247 22.31955 21.40984 20.54972 19.73580 18.96501 18.23451 17.54170 16.88416 16.25970 15.66624 15.10189 14.56491 14.05365 13.56659 13.10234 12.65957 12.23707 11.83370 11.44839 11.08015 10.72806 10.39124 10.06888 9.760218 9.464547 9.181181 8.909503 8.648924 8.398878 8.158845 7.928333 7.706881 7.494056 7.289433 7.092633 6.903282 6.721043 6.545585 6.376596 6.213780 6.056875 5.905599 5.759708 5.618979 5.483182
52.13291 49.66496 47.22674 44.86242 42.60230 40.46251 38.44839 36.55846 34.78758 33.12881 31.57465 30.11755 28.75031 27.46620 26.25897 25.12290 24.05276 23.04376 22.09153 21.19208 20.34175 19.53719 18.77533 18.05336 17.36869 16.71890 16.10183 15.51542 14.95779 14.42719 13.92202 13.44075 12.98202 12.54450 12.12700 11.72839 11.34762 10.98369 10.63571 10.30281 9.984179 9.679070 9.386788 9.106648 8.838049 8.580404 8.333158 8.095794 7.867829 7.648810 7.438298 7.235894 7.041211 6.853876 6.673563 6.499952 6.332725 6.171592 6.016289 5.866560 5.722142 5.582822 5.448380
51.62200 49.17191 46.75154 44.40498 42.16245 40.04002 38.04297 36.16978 34.41524 32.77237 31.23366 29.79151 28.43872 27.16853 25.97470 24.85150 23.79370 22.79651 21.85558 20.96693 20.12691 19.33218 18.57970 17.86666 17.19050 16.54882 15.93946 15.36038 14.80972 14.28577 13.78691 13.31165 12.85863 12.42655 12.01422 11.62053 11.24443 10.88496 10.54122 10.21235 9.897562 9.596112 9.307314 9.030492 8.765048 8.510420 8.266042 8.031418 7.806062 7.589530 7.381396 7.181256 6.988739 6.803474 6.625136 6.453403 6.287977 6.128564 5.974916 5.826753 5.683843 5.545962 5.412894
51.08274 48.65203 46.25104 43.92372 41.70025 39.59661 37.61802 35.76288 34.02594 32.40018 30.87803 29.45189 28.11454 26.85920 25.67963 24.57009 23.52536 22.54066 21.61166 20.73438 19.90521 19.12080 18.37815 17.67446 17.00718 16.37395 15.77262 15.20118 14.65777 14.14071 13.64841 13.17937 12.73226 12.30579 11.89880 11.51019 11.13891 10.78403 10.44465 10.11993 9.809088 9.511395 9.226171 8.952751 8.690557 8.439012 8.197580 7.965755 7.743075 7.529091 7.323391 7.125566 6.935261 6.752107 6.575787 6.405982 6.242390 6.084740 5.932767 5.786206 5.644833 5.508422 5.376760
50.51332 48.10372 45.72376 43.41735 41.21457 39.13130 37.17267 35.33703 33.61906 32.01170 30.50734 29.09836 27.77750 26.53798 25.37358 24.27854 23.24765 22.27616 21.35974 20.49443 19.67664 18.90306 18.17070 17.47678 16.81878 16.19435 15.60138 15.03787 14.50199 13.99207 13.50654 13.04394 12.60293 12.18227 11.78079 11.39740 11.03109 10.68093 10.34604 10.02558 9.718794 9.424957 9.143398 8.873471 8.614598 8.366213 8.127792 7.898840 7.678891 7.467512 7.264291 7.068841 6.880794 6.699794 6.525531 6.357692 6.195979 6.040120 5.889855 5.744938 5.605125 5.470212 5.339979
49.91182 47.52518 45.16815 42.88451 40.70420 38.64304 36.70604 34.89150 33.19400 31.60645 30.12120 28.73059 27.42735 26.20471 25.05643 23.97676 22.96053 22.00298 21.09982 20.24710 19.44126 18.67902 17.95742 17.27369 16.62536 16.01009 15.42581 14.87052 14.34245 13.83992 13.36141 12.90545 12.47075 12.05607 11.66025 11.28224 10.92106 10.57574 10.24545 9.929376 9.626741 9.336856 9.059056 8.792701 8.537229 8.292078 8.056737 7.830712 7.613560 7.404842 7.204156 7.011125 6.825379 6.646583 6.474418 6.308578 6.148779 5.994744 5.846229 5.702978 5.564758 5.431365 5.302585
49.27612 46.91457 44.58255 42.32372 40.16790 38.13077 36.21725 34.42554 32.75016 31.18395 29.71922 28.34830 27.06390 25.85924 24.72809 23.66473 22.66398 21.72115 20.83193 19.99244 19.19913 18.44875 17.73837 17.06528 16.42701 15.82127 15.24599 14.69924 14.17924 13.68436 13.21308 12.76398 12.33578 11.92725 11.53727 11.16480 10.80885 10.46852 10.14295 9.831362 9.532988 9.247151 8.973192 8.710494 8.458493 8.216648 7.984454 7.761424 7.547116 7.341112 7.143014 6.952443 6.769051 6.592493 6.422464 6.258667 6.100812 5.948638 5.801895 5.660340 5.523743 5.391899 5.264605
48.60393 46.26981 43.96516 41.73346 39.60436 37.59341 35.70541 33.93844 32.28696 30.74375 29.30108 27.95125 26.68697 25.50146 24.38851 23.34242 22.35805 21.43070 20.55615 19.73053 18.95033 18.21235 17.51368 16.85166 16.22384 15.62798 15.06204 14.52412 14.01247 13.52548 13.06166 12.61963 12.19811 11.79591 11.41193 11.04513 10.69457 10.35934 10.03862 9.731614 9.437595 9.155890 8.885863 8.626895 8.378441 8.139974 7.910985 7.691007 7.479605 7.276369 7.080903 6.892843 6.711836 6.537560 6.369706 6.207983 6.052108 5.901824 5.756887 5.617052 5.482102 5.351835 5.226046
