T0-Fulltest/fault3d/GL11n.grd
DSAA
         130         130
  -50.00000       50.00000    
  -50.00000       50.00000    
 -0.4290053       108.9419    
[rows 100 to 124 of 130, columns 0 to 57 of 130]
5.9524518E-02 6.1812498E-02 6.4193793E-02 6.6699721E-02 6.9309995E-02 7.2057322E-02 7.4921101E-02 7.7935778E-02 8.1079677E-02 8.4389456E-02 8.7843023E-02 9.1478340E-02 9.5273800E-02 9.9268764E-02 0.1034408 0.1078312 0.1124170 0.1172408 0.1222789 0.1275771 0.1331086 0.1389218 0.1449887 0.1513580 0.1580005 0.1649656 0.1722209 0.1798173 0.1877181 0.1959742 0.2045442 0.2134783 0.2227283 0.2323428 0.2422648 0.2525402 0.2631018 0.2739919 0.2851301 0.2965539 0.3081672 0.3200020 0.3319444 0.3440206 0.3560970 0.3681961 0.3801630 0.3920189 0.4035864 0.4148915 0.4257324 0.4361484 0.4459143 0.4550961 0.4634357 0.4710543 0.4776562 0.4835410
5.8919523E-02 6.1113440E-02 6.3420154E-02 6.5819383E-02 6.8342268E-02 7.0968285E-02 7.3729791E-02 7.6605961E-02 7.9630055E-02 8.2781382E-02 8.6094782E-02 8.9548573E-02 9.3180075E-02 9.6966654E-02 0.1009470 0.1050977 0.1094594 0.1140074 0.1187840 0.1237644 0.1289909 0.1344379 0.1401500 0.1460976 0.1523276 0.1588079 0.1655855 0.1726255 0.1799752 0.1875949 0.1955322 0.2037417 0.2122698 0.2210638 0.2301683 0.2395218 0.2491664 0.2590301 0.2691517 0.2794459 0.2899475 0.3005565 0.3113037 0.3220723 0.3328901 0.3436223 0.3542961 0.3647573 0.3750360 0.3849581 0.3945630 0.4036542 0.4122928 0.4202552 0.4276370 0.4341732 0.4400102 0.4447309
5.8246825E-02 6.0373288E-02 6.2582344E-02 6.4902872E-02 6.7315206E-02 6.9849476E-02 7.2485298E-02 7.5254209E-02 7.8135043E-02 8.1161395E-02 8.4311344E-02 8.7619469E-02 9.1064177E-02 9.4681010E-02 9.8447397E-02 0.1024005 0.1065169 0.1108350 0.1153304 0.1200437 0.1249474 0.1300850 0.1354271 0.1410164 0.1468229 0.1528898 0.1591833 0.1657481 0.1725462 0.1796222 0.1869339 0.1945249 0.2023464 0.2104417 0.2187542 0.2273252 0.2360896 0.2450865 0.2542399 0.2635861 0.2730364 0.2826244 0.2922474 0.3019367 0.3115744 0.3211913 0.3306528 0.3399922 0.3490571 0.3578888 0.3663151 0.3743916 0.3819259 0.3890003 0.3953911 0.4012324 0.4062641 0.4107851
5.7561476E-02 5.9598442E-02 6.1736494E-02 6.3956045E-02 6.6285849E-02 6.8705767E-02 7.1245521E-02 7.3884562E-02 7.6653756E-02 7.9532586E-02 8.2552746E-02 8.5692868E-02 8.8986903E-02 9.2412107E-02 9.6003659E-02 9.9738061E-02 0.1036518 0.1077201 0.1119811 0.1164089 0.1210419 0.1258537 0.1308834 0.1361013 0.1415487 0.1471927 0.1530747 0.1591593 0.1654883 0.1720213 0.1788007 0.1857805 0.1930021 0.2004137 0.2080557 0.2158681 0.2238905 0.2320540 0.2403957 0.2488364 0.2574113 0.2660293 0.2747242 0.2833915 0.2920651 0.3006263 0.3091109 0.3173848 0.3254893 0.3332740 0.3407915 0.3478720 0.3545897 0.3607500 0.3664595 0.3714847 0.3759788 0.3795617
5.6823578E-02 5.8796439E-02 6.0842060E-02 6.2987365E-02 6.5212891E-02 6.7546614E-02 6.9968469E-02 7.2507568E-02 7.5143293E-02 7.7906333E-02 8.0775023E-02 8.3781235E-02 8.6903252E-02 9.0173557E-02 9.3569405E-02 9.7124867E-02 0.1008160 0.1046778 0.1086855 0.1128755 0.1172207 0.1217593 0.1264618 0.1313667 0.1364429 0.1417294 0.1471916 0.1528698 0.1587255 0.1647986 0.1710468 0.1775095 0.1841384 0.1909729 0.1979583 0.2051329 0.2124346 0.2199004 0.2274592 0.2351467 0.2428817 0.2506993 0.2585066 0.2663390 0.2740916 0.2818013 0.2893497 0.2967783 0.3039540 0.3109275 0.3175493 0.3238857 0.3297679 0.3352879 0.3402478 0.3447878 0.3486746 0.3522026
5.6083500E-02 5.7971600E-02 5.9950277E-02 6.2000412E-02 6.4148441E-02 6.6374831E-02 6.8707094E-02 7.1125023E-02 7.3657252E-02 7.6283388E-02 7.9032749E-02 8.1884019E-02 8.4868439E-02 8.7963156E-02 9.1200441E-02 9.4556950E-02 9.8065816E-02 0.1017022 0.1055008 0.1094355 0.1135410 0.1177904 0.1222192 0.1267972 0.1315616 0.1364795 0.1415884 0.1468523 0.1523091 0.1579187 0.1637194 0.1696661 0.1757966 0.1820605 0.1884955 0.1950445 0.2017444 0.2085306 0.2154392 0.2223968 0.2294393 0.2364837 0.2435663 0.2505931 0.2576023 0.2644882 0.2712925 0.2778969 0.2843499 0.2905195 0.2964667 0.3020421 0.3073271 0.3121493 0.3166214 0.3205324 0.3240384 0.3267885
5.5302244E-02 5.7129867E-02 5.9021283E-02 6.1001666E-02 6.3051723E-02 6.5197639E-02 6.7419730E-02 6.9744930E-02 7.2153144E-02 7.4672751E-02 7.7282220E-02 8.0011040E-02 8.2837574E-02 8.5791573E-02 8.8850498E-02 9.2045791E-02 9.5353328E-02 9.8805197E-02 0.1023766 0.1061003 0.1099495 0.1139589 0.1180987 0.1224041 0.1268440 0.1314537 0.1361987 0.1411155 0.1461665 0.1513876 0.1567373 0.1622519 0.1678846 0.1736718 0.1795613 0.1855893 0.1916968 0.1979198 0.2041917 0.2105486 0.2169155 0.2233292 0.2297054 0.2360821 0.2423652 0.2485959 0.2546685 0.2606302 0.2663629 0.2719238 0.2771804 0.2822051 0.2868474 0.2912045 0.2950985 0.2986710 0.3017097 0.3045018
5.4527353E-02 5.6275062E-02 5.8103766E-02 5.9994772E-02 6.1972503E-02 6.4018056E-02 6.6157155E-02 6.8369731E-02 7.0682816E-02 7.3075786E-02 7.5575918E-02 7.8162320E-02 8.0863528E-02 8.3657108E-02 8.6572818E-02 8.9587785E-02 9.2731908E-02 9.5980808E-02 9.9366181E-02 0.1028616 0.1064997 0.1102526 0.1141533 0.1181717 0.1223418 0.1266306 0.1310727 0.1356325 0.1403447 0.1451701 0.1501438 0.1552222 0.1604406 0.1657505 0.1711873 0.1766973 0.1823156 0.1879816 0.1937310 0.1994959 0.2053127 0.2111056 0.2169124 0.2226484 0.2283544 0.2339355 0.2394374 0.2447543 0.2499397 0.2548755 0.2596276 0.2640624 0.2682654 0.2720810 0.2756243 0.2787029 0.2814717 0.2836042
5.3720526E-02 5.5411577E-02 5.7158351E-02 5.8984131E-02 6.0870133E-02 6.2841184E-02 6.4877778E-02 6.7004919E-02 6.9203220E-02 7.1498387E-02 7.3869728E-02 7.6344542E-02 7.8901209E-02 8.1567556E-02 8.4321246E-02 8.7191373E-02 9.0153590E-02 9.3238138E-02 9.6419811E-02 9.9728778E-02 0.1031389 0.1066814 0.1103274 0.1141089 0.1179950 0.1220186 0.1261455 0.1304092 0.1347730 0.1392703 0.1438605 0.1485777 0.1533769 0.1582924 0.1632746 0.1683582 0.1734875 0.1786975 0.1839265 0.1892104 0.1944803 0.1997738 0.2050141 0.2102412 0.2153699 0.2204441 0.2253685 0.2301938 0.2348139 0.2392897 0.2435017 0.2475263 0.2512269 0.2547030 0.2577921 0.2606359 0.2630377 0.2652767
5.2925430E-02 5.4541335E-02 5.6229368E-02 5.7971384E-02 5.9790403E-02 6.1667953E-02 6.3627802E-02 6.5650523E-02 6.7761332E-02 6.9939770E-02 7.2211504E-02 7.4555866E-02 7.6999150E-02 7.9519488E-02 8.2144439E-02 8.4851265E-02 8.7667741E-02 9.0570003E-02 9.3586825E-02 9.6692234E-02 9.9916875E-02 0.1032326 0.1066699 0.1101995 0.1138526 0.1175969 0.1214642 0.1254199 0.1294964 0.1336553 0.1379297 0.1422776 0.1467322 0.1512472 0.1558567 0.1605095 0.1652401 0.1699916 0.1747992 0.1796001 0.1844312 0.1892227 0.1940137 0.1987270 0.2034051 0.2079618 0.2124452 0.2167598 0.2209620 0.2249448 0.2287768 0.2323368 0.2357122 0.2387605 0.2415973 0.2440445 0.2462548 0.2479220
5.2106049E-02 5.3669084E-02 5.5280387E-02 5.6962013E-02 5.8695458E-02 6.0504071E-02 6.2368870E-02 6.4313166E-02 6.6318020E-02 6.8407342E-02 7.0560805E-02 7.2803937E-02 7.5115286E-02 7.7520929E-02 7.9998836E-02 8.2576178E-02 8.5228778E-02 8.7984800E-02 9.0819396E-02 9.3760468E-02 9.6782677E-02 9.9914148E-02 0.1031270 0.1064512 0.1098560 0.1133719 0.1169661 0.1206694 0.1244463 0.1283282 0.1322758 0.1363215 0.1404223 0.1446107 0.1488397 0.1531431 0.1574684 0.1618499 0.1662299 0.1706445 0.1750299 0.1794243 0.1837572 0.1880699 0.1922843 0.1964462 0.2004688 0.2044050 0.2081584 0.2117916 0.2151959 0.2184493 0.2214262 0.2242265 0.2267003 0.2289869 0.2309033 0.2327200
5.1304214E-02 5.2796718E-02 5.4353464E-02 5.5956621E-02 5.7627920E-02 5.9349608E-02 6.1143763E-02 6.2991388E-02 6.4916275E-02 6.6898063E-02 6.8960965E-02 7.1084641E-02 7.3293567E-02 7.5566456E-02 7.7929020E-02 8.0358841E-02 8.2881540E-02 8.5474163E-02 8.8163152E-02 9.0922944E-02 9.3782462E-02 9.6713364E-02 9.9744789E-02 0.1028478 0.1060514 0.1093243 0.1126964 0.1161338 0.1196670 0.1232591 0.1269412 0.1306733 0.1344871 0.1383384 0.1422602 0.1462041 0.1502035 0.1542052 0.1582444 0.1622623 0.1662963 0.1702817 0.1742584 0.1781553 0.1820161 0.1857621 0.1894425 0.1929702 0.1964032 0.1996432 0.2027602 0.2056428 0.2083784 0.2108356 0.2131286 0.2150913 0.2168728 0.2181843
5.0483145E-02 5.1926404E-02 5.3411264E-02 5.4958463E-02 5.6550238E-02 5.8208413E-02 5.9914388E-02 6.1690312E-02 6.3517436E-02 6.5418109E-02 6.7372710E-02 6.9404900E-02 7.1493708E-02 7.3663697E-02 7.5893126E-02 7.8207284E-02 8.0582790E-02 8.3045989E-02 8.5572064E-02 8.8187568E-02 9.0867341E-02 9.3637399E-02 9.6471034E-02 9.9396177E-02 0.1023828 0.1054596 0.1085947 0.1118172 0.1150925 0.1184506 0.1218539 0.1253332 0.1288475 0.1324280 0.1360302 0.1396868 0.1433483 0.1470488 0.1507344 0.1544410 0.1581091 0.1617774 0.1653807 0.1689609 0.1724461 0.1758829 0.1791918 0.1824266 0.1854988 0.1884717 0.1912452 0.1938975 0.1963122 0.1985886 0.2005868 0.2024430 0.2039855 0.2054756
4.9682558E-02 5.1059816E-02 5.2494202E-02 5.3968456E-02 5.5503022E-02 5.7080552E-02 5.8722049E-02 6.0408823E-02 6.2163126E-02 6.3965313E-02 6.5837935E-02 6.7761101E-02 6.9757871E-02 7.1807355E-02 7.3933616E-02 7.6114856E-02 7.8375094E-02 8.0691561E-02 8.3089359E-02 8.5543387E-02 8.8080361E-02 9.0673089E-02 9.3349047E-02 9.6080080E-02 9.8893106E-02 0.1017582 0.1047033 0.1076957 0.1107642 0.1138738 0.1170539 0.1202662 0.1235411 0.1268369 0.1301850 0.1335402 0.1369349 0.1403194 0.1437284 0.1471072 0.1504927 0.1538252 0.1571448 0.1603857 0.1635920 0.1666911 0.1697330 0.1726374 0.1754628 0.1781183 0.1806742 0.1830269 0.1852631 0.1872601 0.1891305 0.1907181 0.1921682 0.1932072
4.8867639E-02 5.0199274E-02 5.1566571E-02 5.2989159E-02 5.4449711E-02 5.5969119E-02 5.7529114E-02 5.9150439E-02 6.0814984E-02 6.2543631E-02 6.4317048E-02 6.6157781E-02 6.8045214E-02 7.0002519E-02 7.2008505E-02 7.4086964E-02 7.6214693E-02 7.8416832E-02 8.0669209E-02 8.2996272E-02 8.5373849E-02 8.7826654E-02 9.0328433E-02 9.2905611E-02 9.5528826E-02 9.8225594E-02 0.1009649 0.1037743 0.1066206 0.1095326 0.1124740 0.1154745 0.1184950 0.1215656 0.1246442 0.1277626 0.1308742 0.1340128 0.1371276 0.1402543 0.1433374 0.1464158 0.1494286 0.1524180 0.1553173 0.1581738 0.1609135 0.1635907 0.1661233 0.1685748 0.1708517 0.1730316 0.1750058 0.1768721 0.1784994 0.1800207 0.1812737 0.1825113
4.8076097E-02 4.9345981E-02 5.0666645E-02 5.2021317E-02 5.3429499E-02 5.4874323E-02 5.6375429E-02 5.7914712E-02 5.9513196E-02 6.1151396E-02 6.2850878E-02 6.4592220E-02 6.6397108E-02 6.8245195E-02 7.0159182E-02 7.2117627E-02 7.4143194E-02 7.6213956E-02 7.8353256E-02 8.0536582E-02 8.2789533E-02 8.5085548E-02 8.7450571E-02 8.9857124E-02 9.2330873E-02 9.4842881E-02 9.7419798E-02 0.1000298 0.1027008 0.1053989 0.1081525 0.1109249 0.1137455 0.1165745 0.1194426 0.1223070 0.1251996 0.1280738 0.1309636 0.1338178 0.1366732 0.1394740 0.1422604 0.1449708 0.1476498 0.1502298 0.1527608 0.1551680 0.1575101 0.1597021 0.1618136 0.1637479 0.1655902 0.1672256 0.1687642 0.1700583 0.1712493 0.1720766
4.7273960E-02 4.8501719E-02 4.9759913E-02 5.1067267E-02 5.2406978E-02 5.3798702E-02 5.5224661E-02 5.6704465E-02 5.8220387E-02 5.9792198E-02 6.1401099E-02 6.3068397E-02 6.4774029E-02 6.6539757E-02 6.8344980E-02 7.0212089E-02 7.2118700E-02 7.4088469E-02 7.6097898E-02 7.8169994E-02 8.0281429E-02 8.2455665E-02 8.4666930E-02 8.6940363E-02 8.9247838E-02 9.1615327E-02 9.4012961E-02 9.6467055E-02 9.8945901E-02 0.1014770 0.1040256 0.1066203 0.1092237 0.1118655 0.1145053 0.1171744 0.1198289 0.1225020 0.1251459 0.1277956 0.1303997 0.1329964 0.1355289 0.1380392 0.1404652 0.1428539 0.1451361 0.1473664 0.1494677 0.1515030 0.1533850 0.1551898 0.1568152 0.1583573 0.1596922 0.1609489 0.1619741 0.1630113
4.6497289E-02 4.7667507E-02 4.8882887E-02 5.0127272E-02 5.1419016E-02 5.2741706E-02 5.4114033E-02 5.5518243E-02 5.6974441E-02 5.8463503E-02 6.0005803E-02 6.1582621E-02 6.3214310E-02 6.4881131E-02 6.6604480E-02 6.8363599E-02 7.0179842E-02 7.2031930E-02 7.3942028E-02 7.5886041E-02 7.7888884E-02 7.9924352E-02 8.2016870E-02 8.4140383E-02 8.6319134E-02 8.8525057E-02 9.0783834E-02 9.3064919E-02 9.5395006E-02 9.7741604E-02 0.1001319 0.1025310 0.1049675 0.1074034 0.1098689 0.1123232 0.1147977 0.1172483 0.1197087 0.1221306 0.1245504 0.1269160 0.1292669 0.1315458 0.1337967 0.1359565 0.1380749 0.1400822 0.1420361 0.1438572 0.1456137 0.1472147 0.1487435 0.1500919 0.1513670 0.1524288 0.1534145 0.1540758
4.5713272E-02 4.6844732E-02 4.8002027E-02 4.9203031E-02 5.0431240E-02 5.1705524E-02 5.3008504E-02 5.4358911E-02 5.5739406E-02 5.7168428E-02 5.8628034E-02 6.0138408E-02 6.1679859E-02 6.3273259E-02 6.4898320E-02 6.6576488E-02 6.8285756E-02 7.0048958E-02 7.1842879E-02 7.3689714E-02 7.5566992E-02 7.7496305E-02 7.9453237E-02 8.1461824E-02 8.3494566E-02 8.5576557E-02 8.7679185E-02 8.9827545E-02 9.1991156E-02 9.4196521E-02 9.6410312E-02 9.8660335E-02 0.1009110 0.1031911 0.1054623 0.1077554 0.1100284 0.1123141 0.1145675 0.1168232 0.1190325 0.1212334 0.1233725 0.1254916 0.1275321 0.1295408 0.1314530 0.1333223 0.1350765 0.1367773 0.1383426 0.1398471 0.1411940 0.1424771 0.1435787 0.1446243 0.1454677 0.1463445
4.4955648E-02 4.6033524E-02 4.7151681E-02 4.8294254E-02 4.9478799E-02 5.0689384E-02 5.1943801E-02 5.3224772E-02 5.4551180E-02 5.5904448E-02 5.7304297E-02 5.8732226E-02 6.0207702E-02 6.1711434E-02 6.3263848E-02 6.4844638E-02 6.6474222E-02 6.8131916E-02 6.9838740E-02 7.1571641E-02 7.3353894E-02 7.5160198E-02 7.7014327E-02 7.8890644E-02 8.0812551E-02 8.2753152E-02 8.4737107E-02 8.6734824E-02 8.8772155E-02 9.0817973E-02 9.2898481E-02 9.4980404E-02 9.7091556E-02 9.9195763E-02 0.1013224 0.1034327 0.1055574 0.1076549 0.1097583 0.1118219 0.1138819 0.1158890 0.1178824 0.1198080 0.1217095 0.1235274 0.1253109 0.1269942 0.1286343 0.1301560 0.1316267 0.1329599 0.1342372 0.1353556 0.1364195 0.1372950 0.1381155 0.1386425
4.4193007E-02 4.5235395E-02 4.6299580E-02 4.7402542E-02 4.8528392E-02 4.9695004E-02 5.0885584E-02 5.2117772E-02 5.3374708E-02 5.4674134E-02 5.5998448E-02 5.7366978E-02 5.8760487E-02 6.0198896E-02 6.1662540E-02 6.3171767E-02 6.4705230E-02 6.6284664E-02 6.7887776E-02 6.9535434E-02 7.1205951E-02 7.2920233E-02 7.4654348E-02 7.6431438E-02 7.8225143E-02 8.0059476E-02 8.1906810E-02 8.3791532E-02 8.5684277E-02 8.7610759E-02 8.9538850E-02 9.1495566E-02 9.3447097E-02 9.5421419E-02 9.7382031E-02 9.9358767E-02 0.1013121 0.1032741 0.1052022 0.1071304 0.1090129 0.1108870 0.1127023 0.1145001 0.1162250 0.1179233 0.1195340 0.1211097 0.1225823 0.1240127 0.1253225 0.1265848 0.1277076 0.1287823 0.1296967 0.1305725 0.1312701 0.1320169
4.3457713E-02 4.4450242E-02 4.5478616E-02 4.6527423E-02 4.7613561E-02 4.8721440E-02 4.9868017E-02 5.1036436E-02 5.2244835E-02 5.3474922E-02 5.4745663E-02 5.6039158E-02 5.7373777E-02 5.8731001E-02 6.0130298E-02 6.1551727E-02 6.3014790E-02 6.4499579E-02 6.6026129E-02 6.7571983E-02 6.9159918E-02 7.0764981E-02 7.2410099E-02 7.4070714E-02 7.5769059E-02 7.7479213E-02 7.9225123E-02 8.0978483E-02 8.2764067E-02 8.4552005E-02 8.6367659E-02 8.8179208E-02 9.0013877E-02 9.1837041E-02 9.3677312E-02 9.5497765E-02 9.7328730E-02 9.9130616E-02 0.1009360 0.1027016 0.1044630 0.1061734 0.1078715 0.1095062 0.1111207 0.1126586 0.1141685 0.1155880 0.1169731 0.1182524 0.1194915 0.1206083 0.1216824 0.1226154 0.1235089 0.1242351 0.1249232 0.1253442
4.2718716E-02 4.3678749E-02 4.4657033E-02 4.5669805E-02 4.6701767E-02 4.7769915E-02 4.8857734E-02 4.9982332E-02 5.1126987E-02 5.2308690E-02 5.3510617E-02 5.4751065E-02 5.6011319E-02 5.7310604E-02 5.8629736E-02 5.9987821E-02 6.1364487E-02 6.2780581E-02 6.4214237E-02 6.5685913E-02 6.7174278E-02 6.8699434E-02 7.0238464E-02 7.1813338E-02 7.3398642E-02 7.5017698E-02 7.6643951E-02 7.8300953E-02 7.9960443E-02 8.1647240E-02 8.3330661E-02 8.5036933E-02 8.6733736E-02 8.8448398E-02 9.0146050E-02 9.1855869E-02 9.3540318E-02 9.5230862E-02 9.6886910E-02 9.8542117E-02 0.1001528 0.1017558 0.1033034 0.1048360 0.1063015 0.1077453 0.1091093 0.1104454 0.1116885 0.1128983 0.1140003 0.1150659 0.1160071 0.1169129 0.1176759 0.1184145 0.1189947 0.1196363
4.2007338E-02 4.2920925E-02 4.3866444E-02 4.4829063E-02 4.5825098E-02 4.6838965E-02 4.7886968E-02 4.8952859E-02 5.0053716E-02 5.1172148E-02 5.2326221E-02 5.3498395E-02 5.4706421E-02 5.5932231E-02 5.7194401E-02 5.8473293E-02 5.9788171E-02 6.1119333E-02 6.2486079E-02 6.3866861E-02 6.5283321E-02 6.6711694E-02 6.8173595E-02 6.9645457E-02 7.1148954E-02 7.2658837E-02 7.4198380E-02 7.5740531E-02 7.7309154E-02 7.8875385E-02 8.0464050E-02 8.2044505E-02 8.3643362E-02 8.5227624E-02 8.6825125E-02 8.8400632E-02 8.9983970E-02 9.1537431E-02 9.3092911E-02 9.4609417E-02 9.6121944E-02 9.7585924E-02 9.9039361E-02 0.1004337 0.1018113 0.1031187 0.1044035 0.1056064 0.1067822 0.1078628 0.1089125 0.1098528 0.1107612 0.1115438 0.1122990 0.1129041 0.1134847 0.1138208
4.1293345E-02 4.2177297E-02 4.3076470E-02 4.4006567E-02 4.4952493E-02 4.5930319E-02 4.6924248E-02 4.7950741E-02 4.8993368E-02 5.0068606E-02 5.1159915E-02 5.2284863E-02 5.3425368E-02 5.4599840E-02 5.5789459E-02 5.7012629E-02 5.8249723E-02 5.9520494E-02 6.0803983E-02 6.2120087E-02 6.3447945E-02 6.4806864E-02 6.6174656E-02 6.7572780E-02 6.8976335E-02 7.0407905E-02 7.1842395E-02 7.3302537E-02 7.4760854E-02 7.6241463E-02 7.7714987E-02 7.9206839E-02 8.0686219E-02 8.2179807E-02 8.3654307E-02 8.5138299E-02 8.6595938E-02 8.8057928E-02 8.9485712E-02 9.0912379E-02 9.2296250E-02 9.3673438E-02 9.4998397E-02 9.6310981E-02 9.7561479E-02 9.8794505E-02 9.9954955E-02 0.1010935 0.1021481 0.1031770 0.1041092 0.1050140 0.1058077 0.1065764 0.1072173 0.1078448 0.1083310 0.1088883
