T0-Fulltest/fault3d/GL11n.grd
DSAA
         130         130
  -50.00000       50.00000    
  -50.00000       50.00000    
 -0.4290053       108.9419    
[rows 0 to 24 of 130, columns 58 to 115 of 130]
8.7294273E-02 8.6077712E-02 8.4935769E-02 8.4949605E-02 8.4919110E-02 8.4886752E-02 8.4756337E-02 8.4591873E-02 8.4354319E-02 8.4069714E-02 8.3730593E-02 8.3686732E-02 8.5128397E-02 8.5510425E-02 8.4908053E-02 8.4370553E-02 8.3686337E-02 8.3034769E-02 8.2282588E-02 8.1543989E-02 8.0724761E-02 7.9910710E-02 7.9028107E-02 7.8147285E-02 7.7208444E-02 7.6272026E-02 7.5286828E-02 7.4305505E-02 7.3283173E-02 7.2267026E-02 7.1217500E-02 7.0177093E-02 6.9109410E-02 6.8052828E-02 6.6974178E-02 6.5908991E-02 6.4826980E-02 6.3761167E-02 6.2683098E-02 6.1622493E-02 6.0552593E-02 5.9502240E-02 5.8446702E-02 5.7412330E-02 5.6375332E-02 5.5360589E-02 5.4345403E-02 5.3353414E-02 5.2363351E-02 5.1397413E-02 5.0435364E-02 4.9498089E-02 4.8565589E-02 4.7657963E-02 4.6756595E-02 4.5880541E-02 4.5011673E-02 4.4168551E-02
9.1822132E-02 9.3428187E-02 9.4840653E-02 9.4956800E-02 9.4996348E-02 9.4913878E-02 9.4804771E-02 9.4606608E-02 9.4362400E-02 9.4045699E-02 9.3668915E-02 9.2883624E-02 9.0478912E-02 8.9045398E-02 8.8508219E-02 8.7803736E-02 8.7153710E-02 8.6381629E-02 8.5628495E-02 8.4782682E-02 8.3943971E-02 8.3028473E-02 8.2114518E-02 8.1135020E-02 8.0156453E-02 7.9122990E-02 7.8092113E-02 7.7015311E-02 7.5943232E-02 7.4833304E-02 7.3731363E-02 7.2599053E-02 7.1477368E-02 7.0331134E-02 6.9197975E-02 6.8045847E-02 6.6909678E-02 6.5759867E-02 6.4628392E-02 6.3486874E-02 6.2365025E-02 6.1237160E-02 6.0131501E-02 5.9023138E-02 5.7938114E-02 5.6852926E-02 5.5792026E-02 5.4733206E-02 5.3699933E-02 5.2670915E-02 5.1668201E-02 5.0671369E-02 4.9700841E-02 4.8737124E-02 4.7800343E-02 4.6871569E-02 4.5969825E-02 4.5077313E-02
9.5026121E-02 9.3790464E-02 9.2624523E-02 9.2646606E-02 9.2614710E-02 9.2572965E-02 9.2422433E-02 9.2229135E-02 9.1952696E-02 9.1619767E-02 9.1223039E-02 9.1125414E-02 9.2558704E-02 9.2888653E-02 9.2193320E-02 9.1559216E-02 9.0768136E-02 9.0005741E-02 8.9134373E-02 8.8272564E-02 8.7323822E-02 8.6377196E-02 8.5356809E-02 8.4335849E-02 8.3252855E-02 8.2170673E-02 8.1036910E-02 7.9906441E-02 7.8733288E-02 7.7566504E-02 7.6365501E-02 7.5174324E-02 7.3955774E-02 7.2749898E-02 7.1522705E-02 7.0311032E-02 6.9083847E-02 6.7875266E-02 6.6655971E-02 6.5457106E-02 6.4251170E-02 6.3067988E-02 6.1882071E-02 6.0720671E-02 5.9559211E-02 5.8423530E-02 5.7290267E-02 5.6183666E-02 5.5081915E-02 5.4008037E-02 5.2940771E-02 5.1901888E-02 5.0870672E-02 4.9867850E-02 4.8874088E-02 4.7909003E-02 4.6953883E-02 4.6027746E-02
0.1000949 0.1017808 0.1032581 0.1033870 0.1034276 0.1033334 0.1032032 0.1029725 0.1026859 0.1023161 0.1018759 0.1010058 9.8455131E-02 9.6900403E-02 9.6264891E-02 9.5450394E-02 9.4686255E-02 9.3790583E-02 9.2909142E-02 9.1926895E-02 9.0947904E-02 8.9886054E-02 8.8822693E-02 8.7689079E-02 8.6554490E-02 8.5361414E-02 8.4169835E-02 8.2930304E-02 8.1695460E-02 8.0421567E-02 7.9156272E-02 7.7860206E-02 7.6576181E-02 7.5268231E-02 7.3975526E-02 7.2665013E-02 7.1373075E-02 7.0069209E-02 6.8786576E-02 6.7496233E-02 6.6229194E-02 6.4958766E-02 6.3714109E-02 6.2469620E-02 6.1252359E-02 6.0038019E-02 5.8851957E-02 5.7671051E-02 5.6519710E-02 5.5375878E-02 5.4262195E-02 5.3157531E-02 5.2083187E-02 5.1018711E-02 4.9984857E-02 4.8962101E-02 4.7969867E-02 4.6989717E-02
0.1038371 0.1025904 0.1014054 0.1014386 0.1014056 0.1013524 0.1011775 0.1009494 0.1006261 0.1002351 9.9768259E-02 9.9600948E-02 0.1010079 0.1012660 0.1004576 9.9706419E-02 9.8786794E-02 9.7890966E-02 9.6876606E-02 9.5866777E-02 9.4762653E-02 9.3657210E-02 9.2472278E-02 9.1284357E-02 9.0030335E-02 8.8775270E-02 8.7465815E-02 8.6159348E-02 8.4808558E-02 8.3464518E-02 8.2085624E-02 8.0717809E-02 7.9323031E-02 7.7943057E-02 7.6543033E-02 7.5161248E-02 7.3765807E-02 7.2392158E-02 7.1009994E-02 6.9652036E-02 6.8290085E-02 6.6954710E-02 6.5619640E-02 6.4313352E-02 6.3010402E-02 6.1737482E-02 6.0470570E-02 5.9234649E-02 5.8007136E-02 5.6811955E-02 5.5626761E-02 5.4474115E-02 5.3332828E-02 5.2223850E-02 5.1127423E-02 5.0063606E-02 4.9012888E-02 4.7995053E-02
0.1095416 0.1113211 0.1128732 0.1130176 0.1130597 0.1129513 0.1127958 0.1125262 0.1121882 0.1117535 0.1112351 0.1102614 0.1075378 0.1058373 0.1050815 0.1041334 0.1032312 0.1021863 0.1011499 0.1000036 9.8856218E-02 9.7619206E-02 9.6377432E-02 9.5060557E-02 9.3740344E-02 9.2357777E-02 9.0975724E-02 8.9543544E-02 8.8116266E-02 8.6649053E-02 8.5191503E-02 8.3703324E-02 8.2229242E-02 8.0732420E-02 7.9253659E-02 7.7759124E-02 7.6286465E-02 7.4804276E-02 7.3347136E-02 7.1885556E-02 7.0451632E-02 6.9017723E-02 6.7614101E-02 6.6214390E-02 6.4846501E-02 6.3485406E-02 6.2157363E-02 6.0838483E-02 5.9554063E-02 5.8281146E-02 5.7042655E-02 5.5817217E-02 5.4626677E-02 5.3449590E-02 5.2307744E-02 5.1180553E-02 5.0088182E-02 4.9011432E-02
0.1139124 0.1126571 0.1114535 0.1114998 0.1114658 0.1113991 0.1111948 0.1109238 0.1105431 0.1100808 0.1095285 0.1092762 0.1106444 0.1108134 0.1098685 0.1089750 0.1079002 0.1068429 0.1056561 0.1044681 0.1031775 0.1018813 0.1004995 9.9112041E-02 9.7653627E-02 9.6192501E-02 9.4674170E-02 9.3158662E-02 9.1597602E-02 9.0044171E-02 8.8455617E-02 8.6880080E-02 8.5278496E-02 8.3694555E-02 8.2092613E-02 8.0512598E-02 7.8921467E-02 7.7356316E-02 7.5786099E-02 7.4244864E-02 7.2703443E-02 7.1193613E-02 6.9688097E-02 6.8216480E-02 6.6752449E-02 6.5323651E-02 6.3905276E-02 6.2523395E-02 6.1154291E-02 5.9822388E-02 5.8504689E-02 5.7224773E-02 5.5960260E-02 5.4732937E-02 5.3522438E-02 5.2349173E-02 5.1192869E-02 5.0073769E-02
0.1203658 0.1222506 0.1238865 0.1240495 0.1240933 0.1239677 0.1237805 0.1234628 0.1230621 0.1225484 0.1219355 0.1208392 0.1179169 0.1160455 0.1151435 0.1140334 0.1129634 0.1117377 0.1105135 0.1091693 0.1078185 0.1063705 0.1049140 0.1033770 0.1018343 0.1002254 9.8616406E-02 9.6955344E-02 9.5299698E-02 9.3603499E-02 9.1918737E-02 9.0204082E-02 8.8506401E-02 8.6788058E-02 8.5091688E-02 8.3382450E-02 8.1699558E-02 8.0010772E-02 7.8352056E-02 7.6693036E-02 7.5067095E-02 7.3445633E-02 7.1860008E-02 7.0283063E-02 6.8743594E-02 6.7215845E-02 6.5727167E-02 6.4252608E-02 6.2817894E-02 6.1399531E-02 6.0021244E-02 5.8660604E-02 5.7340339E-02 5.6038171E-02 5.4776493E-02 5.3533692E-02 5.2330472E-02 5.1146850E-02
0.1254860 0.1242275 0.1230081 0.1230708 0.1230355 0.1229515 0.1227111 0.1223879 0.1219369 0.1213873 0.1207311 0.1203736 0.1216849 0.1217409 0.1206304 0.1195633 0.1182996 0.1170457 0.1156497 0.1142459 0.1127298 0.1112033 0.1095843 0.1079567 0.1062533 0.1045455 0.1027779 0.1010131 9.9201761E-02 9.7399719E-02 9.5563173E-02 9.3742460E-02 9.1897711E-02 9.0074629E-02 8.8236630E-02 8.6425357E-02 8.4606864E-02 8.2819626E-02 8.1031725E-02 7.9278693E-02 7.7530473E-02 7.5819977E-02 7.4119039E-02 7.2458342E-02 7.0810571E-02 6.9204591E-02 6.7614615E-02 6.6067345E-02 6.4538255E-02 6.3052669E-02 6.1586339E-02 6.0163833E-02 5.8762010E-02 5.7402987E-02 5.6065712E-02 5.4770995E-02 5.3497747E-02 5.2266814E-02
0.1328250 0.1348280 0.1365570 0.1367424 0.1367875 0.1366410 0.1364149 0.1360379 0.1355593 0.1349485 0.1342205 0.1329771 0.1298272 0.1277542 0.1266742 0.1253673 0.1240921 0.1226462 0.1211938 0.1196093 0.1180118 0.1163083 0.1145922 0.1127895 0.1109789 0.1090982 0.1072171 0.1052823 0.1033544 0.1013864 9.9432655E-02 9.7450726E-02 9.5489733E-02 9.3511216E-02 9.1559857E-02 8.9599691E-02 8.7671772E-02 8.5742719E-02 8.3850123E-02 8.1962667E-02 8.0115199E-02 7.8278035E-02 7.6483779E-02 7.4704178E-02 7.2969139E-02 7.1251974E-02 6.9581024E-02 6.7930236E-02 6.6326223E-02 6.4744338E-02 6.3209161E-02 6.1697494E-02 6.0232479E-02 5.8791030E-02 5.7396185E-02 5.6025233E-02 5.4699626E-02 5.3398240E-02
0.1388504 0.1375975 0.1363675 0.1364507 0.1364138 0.1363084 0.1360233 0.1356351 0.1350969 0.1344400 0.1336564 0.1331666 0.1343955 0.1343066 0.1329933 0.1317133 0.1302183 0.1287234 0.1270722 0.1254049 0.1236144 0.1218076 0.1199009 0.1179822 0.1159832 0.1139788 0.1119120 0.1098492 0.1077395 0.1056419 0.1035113 0.1014004 9.9268563E-02 9.7163968E-02 9.5048897E-02 9.2966817E-02 9.0882801E-02 8.8837005E-02 8.6796395E-02 8.4798127E-02 8.2811251E-02 8.0869921E-02 7.8944810E-02 7.7067770E-02 7.5210512E-02 7.3402978E-02 7.1618408E-02 6.9884121E-02 6.8174519E-02 6.6515952E-02 6.4883113E-02 6.3301057E-02 6.1745871E-02 6.0240366E-02 5.8762230E-02 5.7333052E-02 5.5930659E-02 5.4576363E-02
0.1472447 0.1493847 0.1512207 0.1514333 0.1514801 0.1513078 0.1510337 0.1505834 0.1500083 0.1492776 0.1484071 0.1469844 0.1435656 0.1412495 0.1399497 0.1384010 0.1368729 0.1351568 0.1334241 0.1315458 0.1296468 0.1276322 0.1256005 0.1234763 0.1213421 0.1191345 0.1169266 0.1146641 0.1124108 0.1101187 0.1078448 0.1055460 0.1032736 0.1009886 9.8737419E-02 9.6483178E-02 9.4268732E-02 9.2059657E-02 8.9895129E-02 8.7743029E-02 8.5639641E-02 8.3554097E-02 8.1520110E-02 7.9508498E-02 7.7550292E-02 7.5617671E-02 7.3739856E-02 7.1889579E-02 7.0094444E-02 6.8328746E-02 6.6617541E-02 6.4936623E-02 6.3310079E-02 6.1713386E-02 6.0170423E-02 5.8657441E-02 5.7196371E-02 5.5765189E-02
0.1543582 0.1531175 0.1518795 0.1519883 0.1519498 0.1518182 0.1514779 0.1510085 0.1503618 0.1495709 0.1486287 0.1479748 0.1490947 0.1488244 0.1472614 0.1457181 0.1439377 0.1421458 0.1401809 0.1381903 0.1360641 0.1339154 0.1316587 0.1293871 0.1270300 0.1246669 0.1222398 0.1198183 0.1173509 0.1148996 0.1124185 0.1099629 0.1074912 0.1050540 0.1026126 0.1002125 9.7817600E-02 9.5469967E-02 9.3135454E-02 9.0852976E-02 8.8590309E-02 8.6382993E-02 8.4200457E-02 8.2075849E-02 7.9979651E-02 7.7942789E-02 7.5937189E-02 7.3991351E-02 7.2078362E-02 7.0225187E-02 6.8405360E-02 6.6644914E-02 6.4918332E-02 6.3249454E-02 6.1614897E-02 6.0036652E-02 5.8491610E-02 5.7001565E-02
0.1640373 0.1663398 0.1683012 0.1685480 0.1685971 0.1683931 0.1680583 0.1675158 0.1668194 0.1659378 0.1648886 0.1632435 0.1595006 0.1568869 0.1553130 0.1534638 0.1516220 0.1495715 0.1474926 0.1452529 0.1429839 0.1405885 0.1381713 0.1356550 0.1331271 0.1305230 0.1279199 0.1252625 0.1226181 0.1199378 0.1172818 0.1146055 0.1119636 0.1093158 0.1067110 0.1041111 0.1015609 9.9024989E-02 9.6544288E-02 9.4085410E-02 9.1686174E-02 8.9314491E-02 8.7005287E-02 8.4728055E-02 8.2515039E-02 8.0337062E-02 7.8224413E-02 7.6148547E-02 7.4137695E-02 7.2164863E-02 7.0256144E-02 6.8385825E-02 6.6578642E-02 6.4809360E-02 6.3102074E-02 6.1431915E-02 5.9821445E-02 5.8247283E-02
0.1724830 0.1712798 0.1700509 0.1701936 0.1701544 0.1699896 0.1695793 0.1690073 0.1682239 0.1672641 0.1661211 0.1652533 0.1662066 0.1656935 0.1638171 0.1619439 0.1598086 0.1576473 0.1552938 0.1529038 0.1503643 0.1477949 0.1451091 0.1424053 0.1396120 0.1368131 0.1339495 0.1310950 0.1281970 0.1253213 0.1224207 0.1195539 0.1166782 0.1138470 0.1110204 0.1082461 0.1054869 0.1027868 0.1001103 9.7497940E-02 9.4916366E-02 9.2402451E-02 8.9924157E-02 8.7515809E-02 8.5146636E-02 8.2848616E-02 8.0592304E-02 7.8406923E-02 7.6264165E-02 7.4191965E-02 7.2162434E-02 7.0202067E-02 6.8284512E-02 6.6434160E-02 6.4626068E-02 6.2883042E-02 6.1180558E-02 5.9541032E-02
0.1837067 0.1862014 0.1883097 0.1885999 0.1886519 0.1884080 0.1879964 0.1873373 0.1864876 0.1854154 0.1841398 0.1822170 0.1780840 0.1751037 0.1731849 0.1709598 0.1687256 0.1662588 0.1637496 0.1610622 0.1583357 0.1554710 0.1525794 0.1495828 0.1465737 0.1434866 0.1404034 0.1372677 0.1341510 0.1310036 0.1278892 0.1247624 0.1216807 0.1186026 0.1155798 0.1125728 0.1096288 0.1067108 0.1038616 0.1010464 9.8304667E-02 9.5602810E-02 9.2977069E-02 9.0395413E-02 8.7891281E-02 8.5434012E-02 8.3054729E-02 8.0723397E-02 7.8469150E-02 7.6263562E-02 7.4133240E-02 7.2051220E-02 7.0043050E-02 6.8081886E-02 6.6192463E-02 6.4348571E-02 6.2573344E-02 6.0842168E-02
0.1937827 0.1926370 0.1914286 0.1916153 0.1915754 0.1913685 0.1908701 0.1901678 0.1892103 0.1880359 0.1866382 0.1854967 0.1862273 0.1854019 0.1831312 0.1808431 0.1782628 0.1756393 0.1728016 0.1699145 0.1668625 0.1637729 0.1605578 0.1573223 0.1539939 0.1506622 0.1472669 0.1438864 0.1404676 0.1370803 0.1336763 0.1303176 0.1269606 0.1236615 0.1203790 0.1171636 0.1139766 0.1108636 0.1077880 0.1047921 0.1018410 9.8972909E-02 9.6154280E-02 9.3420573E-02 9.0739504E-02 8.8143997E-02 8.5602917E-02 8.3146356E-02 8.0744497E-02 7.8425936E-02 7.6161280E-02 7.3977776E-02 7.1847543E-02 6.9795549E-02 6.7795217E-02 6.5870069E-02 6.3994274E-02 6.2190592E-02
0.2069015 0.2096352 0.2119241 0.2122707 0.2123268 0.2120331 0.2115239 0.2107162 0.2096706 0.2083556 0.2067917 0.2045155 0.1998956 0.1964529 0.1940961 0.1913970 0.1886680 0.1856785 0.1826301 0.1793837 0.1760870 0.1726396 0.1691608 0.1655713 0.1619704 0.1582917 0.1546223 0.1509050 0.1472163 0.1435053 0.1398397 0.1361730 0.1325662 0.1289766 0.1254584 0.1219709 0.1185635 0.1151976 0.1119177 0.1086878 0.1055490 0.1024657 9.9475518E-02 9.6544690E-02 9.3707949E-02 9.0932608E-02 8.8250607E-02 8.5630290E-02 8.3101615E-02 8.0634326E-02 7.8255944E-02 7.5937651E-02 7.3705800E-02 7.1531609E-02 6.9440462E-02 6.7404769E-02 6.5448195E-02 6.3544534E-02
0.2189768 0.2179217 0.2167548 0.2169992 0.2169600 0.2166995 0.2160885 0.2152193 0.2140397 0.2125911 0.2108680 0.2093732 0.2097983 0.2085657 0.2057947 0.2029804 0.1998383 0.1966315 0.1931851 0.1896744 0.1859819 0.1822441 0.1783724 0.1744794 0.1704919 0.1665059 0.1624602 0.1584387 0.1543876 0.1503811 0.1463702 0.1424207 0.1384879 0.1346311 0.1308075 0.1270703 0.1233792 0.1197819 0.1162399 0.1127975 0.1094179 0.1061407 0.1029304 9.9823743E-02 9.6786514E-02 9.3852289E-02 9.0988070E-02 8.8225029E-02 8.5531302E-02 8.2936198E-02 8.0408551E-02 7.7976219E-02 7.5609364E-02 7.3333457E-02 7.1120530E-02 6.8994537E-02 6.6928104E-02 6.4944595E-02
0.2344182 0.2374352 0.2399361 0.2403540 0.2404155 0.2400581 0.2394232 0.2384249 0.2371276 0.2355001 0.2335668 0.2308464 0.2256360 0.2216204 0.2187067 0.2154059 0.2120490 0.2083984 0.2046691 0.2007198 0.1967084 0.1925337 0.1883241 0.1839994 0.1796668 0.1752594 0.1708705 0.1664422 0.1620565 0.1576618 0.1533301 0.1490139 0.1447778 0.1405776 0.1364705 0.1324143 0.1284605 0.1245686 0.1207853 0.1170727 0.1134731 0.1099493 0.1065398 0.1032089 9.9992104E-02 9.6854575E-02 9.3829192E-02 9.0882346E-02 8.8044643E-02 8.5283719E-02 8.2627803E-02 8.0046050E-02 7.7565111E-02 7.5154722E-02 7.2840713E-02 7.0593677E-02 6.8438098E-02 6.6345759E-02
0.2489896 0.2480638 0.2469630 0.2472823 0.2472450 0.2469156 0.2461591 0.2450735 0.2436059 0.2418022 0.2396598 0.2377091 0.2377266 0.2359663 0.2325566 0.2290693 0.2252115 0.2212631 0.2170455 0.2127472 0.2082491 0.2036982 0.1990061 0.1942939 0.1894885 0.1846935 0.1798473 0.1750398 0.1702169 0.1654577 0.1607123 0.1560508 0.1514270 0.1469036 0.1424364 0.1380809 0.1337950 0.1296286 0.1255413 0.1215787 0.1177021 0.1139524 0.1102915 0.1067573 0.1033131 9.9993445E-02 9.6762992E-02 9.3653835E-02 9.0631664E-02 8.7726213E-02 8.4904529E-02 8.2194783E-02 7.9564907E-02 7.7041335E-02 7.4593797E-02 7.2246991E-02 6.9971643E-02 6.7791320E-02
0.2673340 0.2707061 0.2734706 0.2739821 0.2740513 0.2736118 0.2728125 0.2715654 0.2699401 0.2679068 0.2654941 0.2622010 0.2562458 0.2514986 0.2478663 0.2437930 0.2396310 0.2351363 0.2305400 0.2256989 0.2207838 0.2156931 0.2105662 0.2053230 0.2000795 0.1947692 0.1894923 0.1841908 0.1789525 0.1737252 0.1685858 0.1634856 0.1584930 0.1535622 0.1487535 0.1440226 0.1394236 0.1349138 0.1305416 0.1262665 0.1221327 0.1180998 0.1142078 0.1104183 0.1067675 0.1032181 9.9803880E-02 9.6488565E-02 9.3303166E-02 9.0213068E-02 8.7247282E-02 8.4372140E-02 8.1615023E-02 7.8943685E-02 7.6384172E-02 7.3905073E-02 7.1531340E-02 6.9232792E-02
0.2850474 0.2843162 0.2833243 0.2837445 0.2837107 0.2832907 0.2823441 0.2809751 0.2791306 0.2768622 0.2741712 0.2716179 0.2710731 0.2686113 0.2643738 0.2600166 0.2552377 0.2503370 0.2451337 0.2398317 0.2343114 0.2287329 0.2230082 0.2172690 0.2114430 0.2056425 0.1998057 0.1940298 0.1882604 0.1825825 0.1769450 0.1714226 0.1659676 0.1606460 0.1554114 0.1503223 0.1453342 0.1404987 0.1357730 0.1312044 0.1267510 0.1224549 0.1182755 0.1142510 0.1103423 0.1065843 0.1029392 9.9439226E-02 9.6047722E-02 9.2794850E-02 8.9644998E-02 8.6626641E-02 8.3705455E-02 8.0908388E-02 7.8202568E-02 7.5613268E-02 7.3109202E-02 7.0714228E-02
0.3070405 0.3108616 0.3139560 0.3145919 0.3146714 0.3141247 0.3131093 0.3115346 0.3094767 0.3069088 0.3038658 0.2998254 0.2929218 0.2872304 0.2826610 0.2775856 0.2723811 0.2667984 0.2610880 0.2551063 0.2490390 0.2427862 0.2364999 0.2301008 0.2237159 0.2172795 0.2109001 0.2045199 0.1982337 0.1919883 0.1858661 0.1798167 0.1739127 0.1681059 0.1624601 0.1569282 0.1515666 0.1463297 0.1412680 0.1363375 0.1315834 0.1269625 0.1225153 0.1182002 0.1140542 0.1100369 0.1061824 0.1024517 9.8875947E-02 9.5417544E-02 9.2106223E-02 8.8905349E-02 8.5842557E-02 8.2883373E-02 8.0053858E-02 7.7320419E-02 7.4708477E-02 7.2185293E-02
0.3287435 0.3282949 0.3274700 0.3280262 0.3279990 0.3274596 0.3262609 0.3245161 0.3221724 0.3192891 0.3158731 0.3125190 0.3112037 0.3078064 0.3024855 0.2969915 0.2910145 0.2848792 0.2784037 0.2718105 0.2649816 0.2580927 0.2510580 0.2440214 0.2369125 0.2298542 0.2227850 0.2158105 0.2088757 0.2020720 0.1953471 0.1887804 0.1823221 0.1760418 0.1698907 0.1639294 0.1581105 0.1524876 0.1470145 0.1417393 0.1366168 0.1316897 0.1269138 0.1223280 0.1178897 0.1136342 0.1095203 0.1055805 0.1017748 9.8133594E-02 9.4618633E-02 9.1257945E-02 8.8014722E-02 8.4916413E-02 8.1927009E-02 7.9072483E-02 7.6318860E-02 7.3690452E-02
