T0-Fulltest/fault3d/GL11n.grd
DSAA
         130         130
  -50.00000       50.00000    
  -50.00000       50.00000    
 -0.4290053       108.9419    
[rows 50 to 74 of 130, columns 58 to 115 of 130]
7.617390 7.889073 8.086559 8.210103 8.249395 8.202775 8.069250 7.850339 7.549212 7.172614 6.731278 6.242388 5.731735 5.206203 4.685734 4.191577 3.732951 3.316304 2.942364 2.610510 2.317359 2.059753 1.833419 1.634983 1.460619 1.307510 1.172587 1.053710 0.9485170 0.8554432 0.7726951 0.6991534 0.6334519 0.5747999 0.5221476 0.4749420 0.4323647 0.3940358 0.3593088 0.3279261 0.2993699 0.2734717 0.2498073 0.2282742 0.2085208 0.1904908 0.1738891 0.1586927 0.1446493 0.1317621 0.1198110 0.1088174 9.8588899E-02 8.9159116E-02 8.0357954E-02 7.2228074E-02 6.4616181E-02 5.7572778E-02
9.500246 9.894232 10.18577 10.36061 10.42175 10.36660 10.19474 9.906047 9.503338 8.993367 8.389932 7.713325 6.986230 6.257546 5.557623 4.903371 4.309740 3.780707 3.316170 2.910975 2.559635 2.255113 1.991604 1.762979 1.564594 1.391739 1.241023 1.108971 0.9931951 0.8911517 0.8011824 0.7214127 0.6506991 0.5876421 0.5314566 0.4810796 0.4359762 0.3953264 0.3587709 0.3256623 0.2957676 0.2685672 0.2439137 0.2213837 0.2008933 0.1820893 0.1649347 0.1491294 0.1346689 0.1212966 0.1090298 9.7644813E-02 8.7176867E-02 7.7427238E-02 6.8444610E-02 6.0050048E-02 5.2301202E-02 4.5036655E-02
12.02674 12.56264 12.95674 13.20736 13.30223 13.24016 13.01903 12.63750 12.09473 11.39554 10.55541 9.608453 8.611815 7.605934 6.643367 5.766203 4.989093 4.314944 3.735928 3.242127 2.821262 2.462902 2.156727 1.894802 1.669614 1.475656 1.307654 1.161896 1.034684 0.9235322 0.8258151 0.7398655 0.6637865 0.5964591 0.5364817 0.4831050 0.4352700 0.3924828 0.3539248 0.3192740 0.2878870 0.2595611 0.2337774 0.2104195 0.1890599 0.1696418 0.1518092 0.1355461 0.1205490 0.1068341 9.4136804E-02 8.2494982E-02 7.1677141E-02 6.1735425E-02 5.2464575E-02 4.3926947E-02 3.5937887E-02 2.8567718E-02
15.50311 16.30589 16.90119 17.26937 17.41948 17.35350 17.07155 16.56751 15.83328 14.86412 13.67179 12.29772 10.81645 9.354076 8.002605 6.807175 5.783837 4.921597 4.201631 3.600928 3.099665 2.679431 2.326098 2.027128 1.773320 1.556390 1.370447 1.209975 1.071188 0.9503345 0.8449596 0.7524449 0.6711885 0.5993122 0.5357671 0.4791699 0.4288356 0.3837227 0.3433894 0.3070272 0.2743633 0.2447565 0.2180459 0.1937121 0.1716740 0.1515011 0.1331690 0.1163127 0.1009466 8.6758390E-02 7.3788390E-02 6.1763231E-02 5.0744280E-02 4.0488601E-02 3.1070333E-02 2.2271279E-02 1.4175632E-02 6.5851384E-03
20.35395 21.54768 22.42198 22.97505 23.21183 23.15048 22.79489 22.13413 21.14267 19.79111 18.06724 16.02095 13.81273 11.64428 9.696789 8.050951 6.697824 5.599094 4.707523 3.982532 3.388998 2.900456 2.494969 2.156595 1.871878 1.631222 1.426188 1.250906 1.099903 0.9695175 0.8560816 0.7572721 0.6705494 0.5944244 0.5270798 0.4675609 0.4145255 0.3673708 0.3250788 0.2872707 0.2531574 0.2225159 0.1947122 0.1696318 0.1467555 0.1260405 0.1070548 8.9802876E-02 7.3918454E-02 5.9443008E-02 4.6054821E-02 3.3820562E-02 2.2459567E-02 1.2053976E-02 2.3520531E-03 -6.5534115E-03 -1.4887543E-02 -2.2550661E-02
27.24877 29.22712 30.65889 31.51724 31.89108 31.84631 31.40678 30.55300 29.23000 27.35162 24.82662 21.64318 18.05830 14.64272 11.77661 9.499261 7.722472 6.334187 5.243291 4.376606 3.681980 3.118647 2.658211 2.277730 1.961411 1.695770 1.471722 1.280956 1.118089 0.9777531 0.8566862 0.7512768 0.6595216 0.5788931 0.5081605 0.4454885 0.3901315 0.3407190 0.2968148 0.2573529 0.2221072 0.1902287 0.1616240 0.1356003 0.1121550 9.0706587E-02 7.1316466E-02 5.3484507E-02 3.7313394E-02 2.2370229E-02 8.7814955E-03 -3.8361754E-03 -1.5334785E-02 -2.6059438E-02 -3.5852686E-02 -4.5027390E-02 -5.3417597E-02 -6.1311286E-02
36.98155 40.66378 43.25333 44.63150 45.20641 45.19304 44.66253 43.58551 41.86357 39.30724 35.63257 30.48490 24.16910 18.46601 14.22247 11.11274 8.826073 7.102477 5.791893 4.769989 3.969137 3.326197 2.809922 2.385324 2.037794 1.746175 1.503861 1.297018 1.123085 0.9723667 0.8444227 0.7320479 0.6359406 0.5504738 0.4769575 0.4108157 0.3536744 0.3016976 0.2566642 0.2152529 0.1793093 0.1459082 0.1168955 8.9652158E-02 6.5998606E-02 4.3551255E-02 2.4089349E-02 5.4217633E-03 -1.0727239E-02 -2.6384689E-02 -3.9887536E-02 -5.3126287E-02 -6.4493552E-02 -7.5765558E-02 -8.5396394E-02 -9.5061541E-02 -0.1032668 -0.1116043
49.20108 56.53308 61.76098 63.89220 64.73608 64.74944 64.13509 62.81364 60.66117 57.33335 52.25725 44.14283 32.42903 22.82874 16.88872 12.78005 9.966680 7.862095 6.342501 5.143402 4.249620 3.512717 2.952868 2.473152 2.105198 1.778437 1.527314 1.296404 1.119764 0.9515229 0.8241596 0.6983308 0.6045962 0.5083312 0.4381478 0.3630187 0.3097086 0.2500315 0.2090616 0.1608959 0.1290818 8.9644194E-02 6.4736255E-02 3.2018386E-02 1.2399042E-02 -1.5071062E-02 -3.0606981E-02 -5.3924341E-02 -6.6266060E-02 -8.6266644E-02 -9.6091159E-02 -0.1134108 -0.1212286 -0.1363495 -0.1425580 -0.1558767 -0.1607742 -0.1725828
60.42313 70.55390 77.75993 80.55209 81.63757 81.68187 80.98087 79.42485 76.85419 72.79027 66.40588 55.73115 39.77995 26.96184 19.43990 14.39972 11.06457 8.601377 6.869439 5.505993 4.515221 3.693497 3.086194 2.558476 2.166486 1.810388 1.547086 1.296993 1.114490 0.9329288 0.8031884 0.6675925 0.5734535 0.4696749 0.4002160 0.3190655 0.2671272 0.2024547 0.1632276 0.1107967 8.0920272E-02 3.7754372E-02 1.4877033E-02 -2.1160392E-02 -3.8715899E-02 -6.9189414E-02 -8.2668133E-02 -0.1087322 -0.1190493 -0.1415919 -0.1494370 -0.1691272 -0.1750198 -0.1923629 -0.1967030 -0.2121208 -0.2152033 -0.2289979
68.52799 79.73207 87.66382 90.85432 92.10651 92.17789 91.39093 89.63052 86.69725 82.03403 74.68114 62.52171 44.74120 30.27927 21.61914 15.85662 12.05746 9.291283 7.355028 5.851901 4.762429 3.870743 3.211994 2.646838 2.226332 1.849110 1.569172 1.306631 1.113985 0.9248238 0.7886572 0.6482778 0.5499219 0.4430579 0.3707428 0.2875586 0.2336298 0.1675985 0.1269433 7.3594064E-02 4.2668220E-02 -1.1221163E-03 -2.4792466E-02 -6.1253618E-02 -7.9420552E-02 -0.1101781 -0.1241406 -0.1503926 -0.1610995 -0.1837615 -0.1919279 -0.2116895 -0.2178513 -0.2352293 -0.2397991 -0.2552268 -0.2585092 -0.2722948
74.08503 85.86862 94.22093 97.64697 99.00933 99.09255 98.23191 96.30390 93.08658 87.98286 79.98663 66.95737 48.14386 32.73702 23.35123 17.06637 12.90768 9.892554 7.785016 6.160758 4.986113 4.032250 3.328841 2.729982 2.284876 1.888454 1.594369 1.320388 1.119305 0.9230422 0.7816806 0.6367293 0.5350869 0.4251764 0.3507387 0.2654602 0.2101361 0.1426210 0.1010437 4.6611756E-02 1.5067911E-02 -2.9531268E-02 -5.3611796E-02 -9.0695091E-02 -0.1091297 -0.1403775 -0.1545119 -0.1811581 -0.1919687 -0.2149535 -0.2231778 -0.2432107 -0.2493935 -0.2670026 -0.2715715 -0.2872007 -0.2904606 -0.3044230
77.81475 89.88211 98.43927 102.0060 103.4358 103.5222 102.6016 100.5464 97.12185 91.71479 83.30686 69.77203 50.42417 34.49159 24.64886 18.01060 13.58940 10.38560 8.142085 6.420898 5.175758 4.171088 3.429911 2.803435 2.337252 1.925221 1.618872 1.335736 1.127229 0.9254128 0.7793882 0.6309659 0.5262938 0.4141591 0.3376881 0.2509550 0.1942224 0.1257385 8.3160907E-02 2.8076863E-02 -4.1976194E-03 -4.9241044E-02 -7.3866971E-02 -0.1112529 -0.1301084 -0.1615614 -0.1760243 -0.2028062 -0.2138820 -0.2369560 -0.2453938 -0.2654814 -0.2718447 -0.2894840 -0.2942066 -0.3098460 -0.3132388 -0.3272004
80.26096 92.51871 101.2196 104.8722 106.3430 106.4275 105.4628 103.3176 99.75200 94.14687 85.48284 71.64046 51.94701 35.68768 25.56445 18.69582 14.09664 10.75850 8.416260 6.622281 5.324165 4.280246 3.510327 2.862180 2.379954 1.955543 1.639936 1.349462 1.135429 0.9291024 0.7796770 0.6283839 0.5215601 0.4075373 0.3296713 0.2416579 0.1840033 0.1146273 7.1428888E-02 1.5704475E-02 -1.6991001E-02 -6.2505059E-02 -8.7420620E-02 -0.1251595 -0.1442148 -0.1759393 -0.1905388 -0.2175350 -0.2287045 -0.2519495 -0.2604486 -0.2806784 -0.2870807 -0.3048373 -0.3095828 -0.3253215 -0.3287264 -0.3427721
81.73398 94.08372 102.8524 106.5534 108.0469 108.1286 107.1349 104.9330 101.2807 95.55723 86.74463 72.73197 52.86551 36.43138 26.14543 19.14002 14.43071 11.00777 8.601173 6.759438 5.425690 4.355539 3.565945 2.903241 2.409916 1.977213 1.655143 1.359797 1.141868 0.9325897 0.7807316 0.6275950 0.5192024 0.4039990 0.3250893 0.2363006 0.1779310 0.1080386 6.4334996E-02 8.2600359E-03 -2.4797736E-02 -7.0553146E-02 -9.5739201E-02 -0.1336456 -0.1529046 -0.1847439 -0.1995014 -0.2265786 -0.2378719 -0.2611710 -0.2697723 -0.2900375 -0.2965244 -0.3143050 -0.3191180 -0.3348723 -0.3383354 -0.3523892
82.43011 94.82890 103.6349 107.3583 108.8621 108.9419 107.9339 105.7047 102.0112 96.23259 87.35176 73.26000 53.30558 36.78762 26.42732 19.35777 14.59633 11.13223 8.694227 6.828695 5.477257 4.393827 3.594399 2.924251 2.425382 1.988407 1.663125 1.365250 1.145403 0.9345739 0.7815362 0.6274176 0.5182791 0.4024330 0.3230385 0.2338184 0.1751281 0.1049357 6.1013348E-02 4.7267415E-03 -2.8479449E-02 -7.4388675E-02 -9.9679001E-02 -0.1377017 -0.1570307 -0.1889600 -0.2037685 -0.2309141 -0.2422416 -0.2655971 -0.2742212 -0.2945324 -0.3010348 -0.3188514 -0.3236769 -0.3394616 -0.3429311 -0.3570104
82.43013 94.82891 103.6350 107.3583 108.8621 108.9419 107.9339 105.7047 102.0113 96.23259 87.35176 73.26002 53.30559 36.78763 26.42733 19.35778 14.59633 11.13223 8.694227 6.828696 5.477259 4.393828 3.594400 2.924254 2.425383 1.988410 1.663127 1.365252 1.145406 0.9345763 0.7815384 0.6274198 0.5182819 0.4024356 0.3230414 0.2338200 0.1751317 0.1049362 6.1017152E-02 4.7303722E-03 -2.8479606E-02 -7.4388869E-02 -9.9676892E-02 -0.1377013 -0.1570304 -0.1889601 -0.2037687 -0.2309152 -0.2422415 -0.2655975 -0.2742226 -0.2945335 -0.3010360 -0.3188535 -0.3236786 -0.3394638 -0.3429317 -0.3570121
81.73403 94.08378 102.8524 106.5535 108.0470 108.1287 107.1349 104.9331 101.2807 95.55727 86.74467 72.73202 52.86554 36.43141 26.14546 19.14004 14.43072 11.00778 8.601179 6.759443 5.425694 4.355542 3.565947 2.903243 2.409919 1.977215 1.655144 1.359799 1.141870 0.9325915 0.7807335 0.6275974 0.5192049 0.4040011 0.3250909 0.2363035 0.1779333 0.1080391 6.4336210E-02 8.2615577E-03 -2.4798360E-02 -7.0552565E-02 -9.5739551E-02 -0.1336457 -0.1529067 -0.1847471 -0.1995053 -0.2265820 -0.2378753 -0.2611747 -0.2697766 -0.2900433 -0.2965302 -0.3143110 -0.3191257 -0.3348781 -0.3383398 -0.3523943
80.26105 92.51881 101.2197 104.8723 106.3432 106.4276 105.4629 103.3177 99.75210 94.14697 85.48290 71.64052 51.94707 35.68774 25.56450 18.69585 14.09667 10.75852 8.416271 6.622289 5.324172 4.280250 3.510329 2.862183 2.379957 1.955545 1.639937 1.349462 1.135430 0.9291027 0.7796761 0.6283845 0.5215605 0.4075374 0.3296731 0.2416567 0.1840046 0.1146271 7.1429342E-02 1.5706157E-02 -1.6990200E-02 -6.2505268E-02 -8.7422259E-02 -0.1251640 -0.1442192 -0.1759440 -0.1905435 -0.2175416 -0.2287089 -0.2519550 -0.2604558 -0.2806856 -0.2870896 -0.3048456 -0.3095899 -0.3253292 -0.3287321 -0.3427782
77.81490 89.88229 98.43945 102.0062 103.4360 103.5224 102.6018 100.5466 97.12203 91.71494 83.30701 69.77216 50.42427 34.49167 24.64893 18.01065 13.58944 10.38562 8.142105 6.420914 5.175767 4.171098 3.429919 2.803443 2.337258 1.925226 1.618875 1.335738 1.127227 0.9254119 0.7793862 0.6309640 0.5262915 0.4141571 0.3376853 0.2509513 0.1942209 0.1257384 8.3160184E-02 2.8075242E-02 -4.1974634E-03 -4.9241468E-02 -7.3870897E-02 -0.1112571 -0.1301141 -0.1615660 -0.1760288 -0.2028114 -0.2138867 -0.2369602 -0.2453995 -0.2654883 -0.2718521 -0.2894923 -0.2942127 -0.3098526 -0.3132440 -0.3272053
74.08527 85.86889 94.22121 97.64724 99.00961 99.09286 98.23220 96.30418 93.08686 87.98311 79.98685 66.95757 48.14400 32.73714 23.35131 17.06643 12.90773 9.892591 7.785045 6.160780 4.986130 4.032264 3.328851 2.729991 2.284884 1.888458 1.594372 1.320388 1.119302 0.9230389 0.7816759 0.6367235 0.5350836 0.4251698 0.3507357 0.2654567 0.2101346 0.1426194 0.1010399 4.6609860E-02 1.5067286E-02 -2.9533397E-02 -5.3614233E-02 -9.0699971E-02 -0.1091348 -0.1403832 -0.1545181 -0.1811637 -0.1919740 -0.2149594 -0.2231836 -0.2432171 -0.2494016 -0.2670097 -0.2715793 -0.2872069 -0.2904667 -0.3044294
68.52834 79.73247 87.66424 90.85477 92.10696 92.17834 91.39140 89.63098 86.69768 82.03443 74.68150 62.52201 44.74142 30.27943 21.61925 15.85670 12.05752 9.291324 7.355057 5.851924 4.762444 3.870754 3.212003 2.646846 2.226338 1.849115 1.569172 1.306630 1.113983 0.9248208 0.7886546 0.6482733 0.5499170 0.4430526 0.3707389 0.2875543 0.2336246 0.1675958 0.1269410 7.3592991E-02 4.2664591E-02 -1.1247128E-03 -2.4797011E-02 -6.1261389E-02 -7.9428107E-02 -0.1101857 -0.1241485 -0.1504008 -0.1611080 -0.1837699 -0.1919368 -0.2116985 -0.2178606 -0.2352377 -0.2398086 -0.2552343 -0.2585165 -0.2723008
60.42364 70.55452 77.76060 80.55278 81.63827 81.68259 80.98158 79.42554 76.85487 72.79089 66.40645 55.73162 39.78027 26.96204 19.44003 14.39981 11.06463 8.601418 6.869469 5.506014 4.515235 3.693506 3.086200 2.558480 2.166488 1.810390 1.547085 1.296990 1.114486 0.9329240 0.8031839 0.6675879 0.5734469 0.4696694 0.4002113 0.3190614 0.2671241 0.2024526 0.1632258 0.1107943 8.0917433E-02 3.7751812E-02 1.4872269E-02 -2.1166131E-02 -3.8722292E-02 -6.9196008E-02 -8.2675509E-02 -0.1087397 -0.1190578 -0.1415992 -0.1494450 -0.1691352 -0.1750281 -0.1923707 -0.1967107 -0.2121280 -0.2152101 -0.2290041
49.20175 56.53396 61.76202 63.89328 64.73717 64.75053 64.13617 62.81471 60.66222 57.33435 52.25818 44.14359 32.42949 22.82898 16.88887 12.78015 9.966746 7.862142 6.342535 5.143424 4.249637 3.512727 2.952874 2.473155 2.105201 1.778438 1.527312 1.296400 1.119758 0.9515169 0.8241536 0.6983255 0.6045899 0.5083256 0.4381439 0.3630163 0.3097073 0.2500305 0.2090600 0.1608948 0.1290794 8.9641400E-02 6.4732172E-02 3.2013308E-02 1.2392806E-02 -1.5077486E-02 -3.0613650E-02 -5.3931162E-02 -6.6273689E-02 -8.6274363E-02 -9.6098341E-02 -0.1134175 -0.1212369 -0.1363560 -0.1425657 -0.1558828 -0.1607802 -0.1725878
36.98216 40.66454 43.25418 44.63239 45.20733 45.19395 44.66344 43.58640 41.86445 39.30807 35.63333 30.48552 24.16949 18.46624 14.22262 11.11283 8.826139 7.102522 5.791926 4.770012 3.969153 3.326205 2.809927 2.385327 2.037796 1.746175 1.503859 1.297013 1.123080 0.9723603 0.8444172 0.7320411 0.6359348 0.5504680 0.4769522 0.4108111 0.3536712 0.3016946 0.2566626 0.2152508 0.1793078 0.1459040 0.1168911 8.9646228E-02 6.5992922E-02 4.3544639E-02 2.4083747E-02 5.4149604E-03 -1.0733789E-02 -2.6392449E-02 -3.9894368E-02 -5.3133566E-02 -6.4500526E-02 -7.5772323E-02 -8.5402817E-02 -9.5068321E-02 -0.1032721 -0.1116096
27.24920 29.22760 30.65941 31.51778 31.89162 31.84686 31.40732 30.55353 29.23051 27.35210 24.82705 21.64353 18.05857 14.64291 11.77674 9.499352 7.722538 6.334234 5.243327 4.376631 3.681997 3.118658 2.658218 2.277734 1.961413 1.695771 1.471720 1.280953 1.118084 0.9777475 0.8566803 0.7512706 0.6595144 0.5788865 0.5081545 0.4454836 0.3901281 0.3407167 0.2968131 0.2573512 0.2221050 0.1902266 0.1616208 0.1355967 0.1121507 9.0702526E-02 7.1312286E-02 5.3480189E-02 3.7308529E-02 2.2365209E-02 8.7758247E-03 -3.8415047E-03 -1.5340591E-02 -2.6064571E-02 -3.5858270E-02 -4.5032427E-02 -5.3421896E-02 -6.1315127E-02
