T0-Fulltest/fault3d/GL11n.grd
DSAA
         130         130
  -50.00000       50.00000    
  -50.00000       50.00000    
 -0.4290053       108.9419    
[rows 100 to 124 of 130, columns 58 to 115 of 130]
0.4886729 0.4948249 0.4996046 0.5009479 0.5010951 0.4999611 0.4977334 0.4943180 0.4898284 0.4842700 0.4777194 0.4695936 0.4577273 0.4469886 0.4373205 0.4268425 0.4160465 0.4046929 0.3931245 0.3812148 0.3692217 0.3570620 0.3449441 0.3328035 0.3208127 0.3089139 0.2972501 0.2857650 0.2745781 0.2636324 0.2530266 0.2427028 0.2327429 0.2230876 0.2138061 0.2048379 0.1962417 0.1879576 0.1800356 0.1724165 0.1651442 0.1581607 0.1515043 0.1451196 0.1390418 0.1332162 0.1276753 0.1223669 0.1173207 0.1124881 0.1078968 0.1034997 9.9323235E-02 9.5322505E-02 9.1523424E-02 8.7882861E-02 8.4426150E-02 8.1112638E-02
0.4482662 0.4488049 0.4485958 0.4495943 0.4495990 0.4486865 0.4466932 0.4437511 0.4398188 0.4349870 0.4292884 0.4234047 0.4195741 0.4132188 0.4045506 0.3955505 0.3859014 0.3760023 0.3656820 0.3552148 0.3444948 0.3337385 0.3228693 0.3120658 0.3012652 0.2906164 0.2800618 0.2697262 0.2595547 0.2496519 0.2399621 0.2305737 0.2214303 0.2126063 0.2040454 0.1958106 0.1878455 0.1802047 0.1728319 0.1657746 0.1589781 0.1524839 0.1462379 0.1402784 0.1345537 0.1290974 0.1238595 0.1188712 0.1140849 0.1095303 0.1051615 0.1010059 9.7019747E-02 9.3229078E-02 8.9592479E-02 8.6134814E-02 8.2817040E-02 7.9663336E-02
0.4147775 0.4199241 0.4239808 0.4250108 0.4251283 0.4242542 0.4225616 0.4199566 0.4165361 0.4122938 0.4072872 0.4009500 0.3912247 0.3826773 0.3752338 0.3671020 0.3587245 0.3498568 0.3408036 0.3314285 0.3219586 0.3123021 0.3026427 0.2929097 0.2832574 0.2736246 0.2641411 0.2547506 0.2455637 0.2365258 0.2277298 0.2191222 0.2107819 0.2026550 0.1948094 0.1871915 0.1798594 0.1727605 0.1659452 0.1593613 0.1530536 0.1469708 0.1411524 0.1355494 0.1301980 0.1250495 0.1201369 0.1154140 0.1109114 0.1065852 0.1024636 9.8504268E-02 9.4733737E-02 9.1111340E-02 8.7663069E-02 8.4349819E-02 8.1196927E-02 7.8167289E-02
0.3821808 0.3821369 0.3815607 0.3823032 0.3822908 0.3815957 0.3800613 0.3778073 0.3747869 0.3710757 0.3666932 0.3622687 0.3598996 0.3552497 0.3485021 0.3415090 0.3339542 0.3261982 0.3180639 0.3097959 0.3012806 0.2927105 0.2840023 0.2753154 0.2665834 0.2579404 0.2493275 0.2408590 0.2324807 0.2242899 0.2162337 0.2083958 0.2007239 0.1932897 0.1860420 0.1790429 0.1722413 0.1656916 0.1593438 0.1532451 0.1473470 0.1416914 0.1362303 0.1310026 0.1259618 0.1211420 0.1164987 0.1120638 0.1077940 0.1037197 9.9799402E-02 9.6060582E-02 9.2463389E-02 8.9034230E-02 8.5735381E-02 8.2591563E-02 7.9567440E-02 7.6686628E-02
0.3553648 0.3597621 0.3632765 0.3640806 0.3641782 0.3634946 0.3621916 0.3601767 0.3575352 0.3542523 0.3503734 0.3453503 0.3372234 0.3303023 0.3245032 0.3181148 0.3115416 0.3045389 0.2973814 0.2899280 0.2823822 0.2746460 0.2668840 0.2590211 0.2511965 0.2433472 0.2355910 0.2278711 0.2202895 0.2127932 0.2054691 0.1982665 0.1912605 0.1844011 0.1777538 0.1712697 0.1650056 0.1589140 0.1530448 0.1473508 0.1418768 0.1365769 0.1314908 0.1265744 0.1218639 0.1173157 0.1129631 0.1087644 0.1047501 0.1008808 9.7184978E-02 9.3623698E-02 9.0223767E-02 8.6948387E-02 8.3823025E-02 8.0812149E-02 7.7940822E-02 7.5174794E-02
0.3287403 0.3282913 0.3274669 0.3280246 0.3280019 0.3274669 0.3262695 0.3245204 0.3221697 0.3192819 0.3158681 0.3125156 0.3112016 0.3078059 0.3024898 0.2969965 0.2910155 0.2848762 0.2783999 0.2718079 0.2649827 0.2580970 0.2510640 0.2440276 0.2369187 0.2298593 0.2227892 0.2158133 0.2088775 0.2020725 0.1953471 0.1887801 0.1823222 0.1760414 0.1698902 0.1639287 0.1581100 0.1524874 0.1470152 0.1417399 0.1366176 0.1316900 0.1269139 0.1223276 0.1178893 0.1136330 0.1095184 0.1055776 0.1017713 9.8129399E-02 9.4614506E-02 9.1253936E-02 8.8011377E-02 8.4913030E-02 8.1924237E-02 7.9069681E-02 7.6316759E-02 7.3688880E-02
0.3070478 0.3108722 0.3139690 0.3146074 0.3146907 0.3141488 0.3131338 0.3115552 0.3094900 0.3069179 0.3038756 0.2998348 0.2929271 0.2872342 0.2826677 0.2775927 0.2723829 0.2667964 0.2610841 0.2551036 0.2490393 0.2427901 0.2365050 0.2301064 0.2237209 0.2172838 0.2109034 0.2045224 0.1982350 0.1919890 0.1858660 0.1798170 0.1739128 0.1681060 0.1624595 0.1569278 0.1515659 0.1463299 0.1412687 0.1363388 0.1315843 0.1269632 0.1225154 0.1182003 0.1140538 0.1100361 0.1061806 0.1024494 9.8872572E-02 9.5413938E-02 9.2102334E-02 8.8902034E-02 8.5839354E-02 8.2880773E-02 8.0051363E-02 7.7318393E-02 7.4706689E-02 7.2184540E-02
0.2850661 0.2843394 0.2833516 0.2837742 0.2837446 0.2833289 0.2823829 0.2810096 0.2791581 0.2768845 0.2741941 0.2716376 0.2710860 0.2686195 0.2643840 0.2600261 0.2552418 0.2503364 0.2451314 0.2398298 0.2343128 0.2287371 0.2230138 0.2172741 0.2114476 0.2056459 0.1998086 0.1940319 0.1882619 0.1825831 0.1769457 0.1714232 0.1659686 0.1606464 0.1554118 0.1503223 0.1453344 0.1404992 0.1357745 0.1312058 0.1267523 0.1224556 0.1182760 0.1142509 0.1103419 0.1065831 0.1029375 9.9436514E-02 9.6044287E-02 9.2790522E-02 8.9641139E-02 8.6622775E-02 8.3702162E-02 8.0905445E-02 7.8200154E-02 7.5610839E-02 7.3107652E-02 7.0713073E-02
0.2673586 0.2707365 0.2735051 0.2740197 0.2740926 0.2736581 0.2728593 0.2716082 0.2699749 0.2679368 0.2655236 0.2622264 0.2562625 0.2515097 0.2478778 0.2438041 0.2396360 0.2351368 0.2305382 0.2256980 0.2207853 0.2156977 0.2105715 0.2053281 0.2000836 0.1947727 0.1894948 0.1841929 0.1789537 0.1737262 0.1685864 0.1634868 0.1584944 0.1535638 0.1487545 0.1440237 0.1394242 0.1349148 0.1305429 0.1262682 0.1221337 0.1181007 0.1142081 0.1104184 0.1067669 0.1032172 9.9801831E-02 9.6485883E-02 9.3299478E-02 9.0209067E-02 8.7243080E-02 8.4368438E-02 8.1611432E-02 7.8940876E-02 7.6381139E-02 7.3902629E-02 7.1529239E-02 6.9231547E-02
0.2490173 0.2480983 0.2470032 0.2473253 0.2472918 0.2469663 0.2462104 0.2451205 0.2436461 0.2418376 0.2396953 0.2377391 0.2377461 0.2359782 0.2325692 0.2290809 0.2252175 0.2212640 0.2170443 0.2127458 0.2082505 0.2037022 0.1990114 0.1942986 0.1894927 0.1846969 0.1798503 0.1750423 0.1702190 0.1654590 0.1607137 0.1560523 0.1514292 0.1469053 0.1424378 0.1380816 0.1337956 0.1296292 0.1255426 0.1215799 0.1177032 0.1139527 0.1102917 0.1067569 0.1033126 9.9991925E-02 9.6760951E-02 9.3650706E-02 9.0627916E-02 8.7721586E-02 8.4900409E-02 8.2190588E-02 7.9561196E-02 7.7037945E-02 7.4590810E-02 7.2244041E-02 6.9969557E-02 6.7789681E-02
0.2344454 0.2374682 0.2399731 0.2403934 0.2404580 0.2401049 0.2394700 0.2384680 0.2371637 0.2355323 0.2335991 0.2308750 0.2256551 0.2216337 0.2187206 0.2154194 0.2120564 0.2084011 0.2046689 0.2007197 0.1967105 0.1925385 0.1883294 0.1840044 0.1796705 0.1752627 0.1708732 0.1664451 0.1620587 0.1576637 0.1533316 0.1490159 0.1447798 0.1405795 0.1364715 0.1324150 0.1284605 0.1245689 0.1207859 0.1170736 0.1134734 0.1099495 0.1065397 0.1032087 9.9991091E-02 9.6853115E-02 9.3826741E-02 9.0879440E-02 8.8040695E-02 8.5279390E-02 8.2623482E-02 8.0042049E-02 7.7560976E-02 7.5151563E-02 7.2837420E-02 7.0591025E-02 6.8435848E-02 6.6344306E-02
0.2190002 0.2179458 0.2167801 0.2170253 0.2169893 0.2167326 0.2161222 0.2152490 0.2140630 0.2126103 0.2108886 0.2093921 0.2098138 0.2085786 0.2058095 0.2029946 0.1998472 0.1966354 0.1931866 0.1896756 0.1859856 0.1822496 0.1783786 0.1744842 0.1704957 0.1665089 0.1624631 0.1584413 0.1543900 0.1503828 0.1463720 0.1424225 0.1384905 0.1346332 0.1308092 0.1270712 0.1233797 0.1197818 0.1162405 0.1127979 0.1094181 0.1061403 0.1029302 9.9822901E-02 9.6785456E-02 9.3850359E-02 9.0985633E-02 8.8221639E-02 8.5527502E-02 8.2931466E-02 8.0404274E-02 7.7971689E-02 7.5605206E-02 7.3329814E-02 7.1117155E-02 6.8991326E-02 6.6925883E-02 6.4942658E-02
0.2069233 0.2096570 0.2119454 0.2122928 0.2123511 0.2120609 0.2115515 0.2107407 0.2096892 0.2083715 0.2068088 0.2045321 0.1999096 0.1964655 0.1941102 0.1914113 0.1886769 0.1856830 0.1826316 0.1793851 0.1760899 0.1726446 0.1691658 0.1655756 0.1619733 0.1582944 0.1546247 0.1509079 0.1472187 0.1435076 0.1398417 0.1361756 0.1325691 0.1289795 0.1254603 0.1219724 0.1185641 0.1151981 0.1119183 0.1086887 0.1055491 0.1024658 9.9475183E-02 9.6544415E-02 9.3707085E-02 9.0931386E-02 8.8248365E-02 8.5627630E-02 8.3098061E-02 8.0630407E-02 7.8251988E-02 7.5934038E-02 7.3702030E-02 7.1528710E-02 6.9437362E-02 6.7402221E-02 6.5446094E-02 6.3543431E-02
0.1938125 0.1926709 0.1914654 0.1916524 0.1916145 0.1914102 0.1909124 0.1902066 0.1892443 0.1880673 0.1866711 0.1855259 0.1862479 0.1854163 0.1831464 0.1808579 0.1782729 0.1756445 0.1728044 0.1699165 0.1668660 0.1637773 0.1605622 0.1573251 0.1539958 0.1506634 0.1472686 0.1438884 0.1404698 0.1370820 0.1336784 0.1303199 0.1269637 0.1236643 0.1203815 0.1171652 0.1139779 0.1108644 0.1077892 0.1047929 0.1018415 9.8972678E-02 9.6154116E-02 9.3419909E-02 9.0738870E-02 8.8142559E-02 8.5600846E-02 8.3143264E-02 8.0741026E-02 7.8421600E-02 7.6157443E-02 7.3973879E-02 7.1844138E-02 6.9792502E-02 6.7792401E-02 6.5867260E-02 6.3992448E-02 6.2189303E-02
0.1837451 0.1862491 0.1883631 0.1886542 0.1887071 0.1884662 0.1880549 0.1873933 0.1865383 0.1854644 0.1841897 0.1822608 0.1781119 0.1751213 0.1732017 0.1709765 0.1687372 0.1662660 0.1637540 0.1610662 0.1583401 0.1554760 0.1525833 0.1495849 0.1465741 0.1434869 0.1404038 0.1372689 0.1341523 0.1310053 0.1278910 0.1247649 0.1216837 0.1186060 0.1155826 0.1125754 0.1096307 0.1067124 0.1038628 0.1010474 9.8304696E-02 9.5602557E-02 9.2976309E-02 9.0394542E-02 8.7889917E-02 8.5432395E-02 8.3051980E-02 8.0720127E-02 7.8465082E-02 7.6259188E-02 7.4128963E-02 7.2047457E-02 7.0039436E-02 6.8079270E-02 6.6189520E-02 6.4346202E-02 6.2571548E-02 6.0841322E-02
0.1725199 0.1713212 0.1700948 0.1702371 0.1701986 0.1700359 0.1696265 0.1690518 0.1682642 0.1673030 0.1661616 0.1652886 0.1662318 0.1657105 0.1638338 0.1619602 0.1598205 0.1576546 0.1552989 0.1529076 0.1503686 0.1477990 0.1451122 0.1424062 0.1396119 0.1368127 0.1339498 0.1310958 0.1281984 0.1253225 0.1224225 0.1195560 0.1166813 0.1138501 0.1110233 0.1082483 0.1054888 0.1027878 0.1001114 9.7498357E-02 9.4916344E-02 9.2401609E-02 8.9923277E-02 8.7514266E-02 8.5145116E-02 8.2846336E-02 8.0589265E-02 7.8402802E-02 7.6259792E-02 7.4186772E-02 7.2157755E-02 7.0197411E-02 6.8280526E-02 6.6430561E-02 6.4622685E-02 6.2879801E-02 6.1178450E-02 5.9539489E-02
0.1640727 0.1663802 0.1683435 0.1685899 0.1686387 0.1684368 0.1681023 0.1675580 0.1668579 0.1659760 0.1649282 0.1632787 0.1595248 0.1569034 0.1553287 0.1534797 0.1516335 0.1495792 0.1474976 0.1452569 0.1429874 0.1405919 0.1381731 0.1356553 0.1331260 0.1305223 0.1279196 0.1252634 0.1226191 0.1199392 0.1172832 0.1146077 0.1119662 0.1093188 0.1067132 0.1041130 0.1015620 9.9025764E-02 9.6544586E-02 9.4085626E-02 9.1685526E-02 8.9313678E-02 8.7003969E-02 8.4726639E-02 8.2513191E-02 8.0334984E-02 7.8221112E-02 7.6144800E-02 7.4133269E-02 7.2160207E-02 7.0251457E-02 6.8381615E-02 6.6574484E-02 6.4806081E-02 6.3098609E-02 6.1429199E-02 5.9819397E-02 5.8246329E-02
0.1543938 0.1531635 0.1519325 0.1520400 0.1520012 0.1518708 0.1515312 0.1510600 0.1504111 0.1496203 0.1486806 0.1480205 0.1491217 0.1488394 0.1472764 0.1457330 0.1439496 0.1421536 0.1401865 0.1381945 0.1360682 0.1339183 0.1316604 0.1293863 0.1270284 0.1246652 0.1222392 0.1198185 0.1173519 0.1149006 0.1124199 0.1099644 0.1074935 0.1050562 0.1026146 0.1002137 9.7818576E-02 9.5470175E-02 9.3135856E-02 9.0852804E-02 8.8589840E-02 8.6381890E-02 8.4199458E-02 8.2074158E-02 7.9977922E-02 7.7940293E-02 7.5934179E-02 7.3987454E-02 7.2074227E-02 7.0220202E-02 6.8400994E-02 6.6640295E-02 6.4914159E-02 6.3245900E-02 6.1611768E-02 6.0033932E-02 5.8490168E-02 5.7000499E-02
0.1472666 0.1494093 0.1512451 0.1514555 0.1515006 0.1513297 0.1510559 0.1506049 0.1500278 0.1492988 0.1484320 0.1470080 0.1435812 0.1412605 0.1399619 0.1384147 0.1368837 0.1351647 0.1334296 0.1315504 0.1296505 0.1276349 0.1256012 0.1234752 0.1213397 0.1191328 0.1169256 0.1146645 0.1124116 0.1101201 0.1078463 0.1055479 0.1032758 0.1009912 9.8739393E-02 9.6484870E-02 9.4269648E-02 9.2060283E-02 8.9895368E-02 8.7743171E-02 8.5638970E-02 8.3553322E-02 8.1518903E-02 7.9507060E-02 7.7548340E-02 7.5615615E-02 7.3736854E-02 7.1886346E-02 7.0090622E-02 6.8324700E-02 6.6613607E-02 6.4932965E-02 6.3306324E-02 6.1710838E-02 6.0167816E-02 5.8655858E-02 5.7195466E-02 5.5765040E-02
0.1388583 0.1376040 0.1363717 0.1364510 0.1364119 0.1363070 0.1360229 0.1356340 0.1350953 0.1344409 0.1336631 0.1331747 0.1344019 0.1343120 0.1330021 0.1317244 0.1302278 0.1287304 0.1270778 0.1254090 0.1236176 0.1218090 0.1199007 0.1179800 0.1159806 0.1139765 0.1119112 0.1098492 0.1077404 0.1056430 0.1035130 0.1014023 9.9271439E-02 9.7166918E-02 9.5051758E-02 9.2968918E-02 9.0884648E-02 8.8837944E-02 8.6797222E-02 8.4798269E-02 8.2811058E-02 8.0869056E-02 7.8943856E-02 7.7066056E-02 7.5208895E-02 7.3400855E-02 7.1615823E-02 6.9880813E-02 6.8171337E-02 6.6512167E-02 6.4879887E-02 6.3297741E-02 6.1743006E-02 6.0237963E-02 5.8760285E-02 5.7331547E-02 5.5930287E-02 5.4576300E-02
0.1328254 0.1348267 0.1365522 0.1367334 0.1367748 0.1366285 0.1364031 0.1360266 0.1355479 0.1349415 0.1342202 0.1329798 0.1298292 0.1277566 0.1266802 0.1253771 0.1241006 0.1226532 0.1211992 0.1196136 0.1180142 0.1163089 0.1145903 0.1127859 0.1109744 0.1090948 0.1072146 0.1052815 0.1033544 0.1013873 9.9433899E-02 9.7452737E-02 9.5492162E-02 9.3514346E-02 9.1562606E-02 8.9602426E-02 8.7673917E-02 8.5744560E-02 8.3851293E-02 8.1963599E-02 8.0115356E-02 7.8278035E-02 7.6483086E-02 7.4703157E-02 7.2967671E-02 7.1250506E-02 6.9578715E-02 6.7927800E-02 6.6323400E-02 6.4741582E-02 6.3206583E-02 6.1695274E-02 6.0230289E-02 5.8789924E-02 5.7395071E-02 5.6025174E-02 5.4700203E-02 5.3399481E-02
0.1254822 0.1242213 0.1229988 0.1230561 0.1230167 0.1229321 0.1226929 0.1223702 0.1219206 0.1213759 0.1207280 0.1203734 0.1216852 0.1217415 0.1206358 0.1195727 0.1183087 0.1170534 0.1156567 0.1142511 0.1127332 0.1112038 0.1095822 0.1079519 0.1062481 0.1045410 0.1027747 0.1010112 9.9201165E-02 9.7399779E-02 9.5564373E-02 9.3743987E-02 9.1900170E-02 9.0077505E-02 8.8239945E-02 8.6428344E-02 8.4609978E-02 8.2822047E-02 8.1033908E-02 7.9280019E-02 7.7531494E-02 7.5820245E-02 7.4119061E-02 7.2457373E-02 7.0809498E-02 6.9202922E-02 6.7612670E-02 6.6064730E-02 6.4535722E-02 6.3049659E-02 6.1584104E-02 6.0161486E-02 5.8760192E-02 5.7401899E-02 5.6065209E-02 5.4771174E-02 5.3499181E-02 5.2268274E-02
0.1203518 0.1222311 0.1238602 0.1240177 0.1240563 0.1239303 0.1237441 0.1234280 0.1230288 0.1225214 0.1219170 0.1208264 0.1179095 0.1160422 0.1151453 0.1140406 0.1129706 0.1117447 0.1105198 0.1091744 0.1078207 0.1063700 0.1049104 0.1033715 0.1018282 0.1002205 9.8612346E-02 9.6952975E-02 9.5298097E-02 9.3603179E-02 9.1919124E-02 9.0205528E-02 8.8508479E-02 8.6791202E-02 8.5094839E-02 8.3385877E-02 8.1702568E-02 8.0013432E-02 7.8353800E-02 7.6694436E-02 7.5067751E-02 7.3446110E-02 7.1859658E-02 7.0282243E-02 6.8742231E-02 6.7214534E-02 6.5725103E-02 6.4250536E-02 6.2815696E-02 6.1397579E-02 6.0019411E-02 5.8659274E-02 5.7339113E-02 5.6037996E-02 5.4776389E-02 5.3534832E-02 5.2332267E-02 5.1149227E-02
0.1138966 0.1126369 0.1114284 0.1114683 0.1114294 0.1113610 0.1111579 0.1108886 0.1105111 0.1100553 0.1095121 0.1092650 0.1106369 0.1108088 0.1098695 0.1089808 0.1079072 0.1068496 0.1056625 0.1044725 0.1031793 0.1018797 0.1004954 9.9105723E-02 9.7647458E-02 9.6187100E-02 9.4670281E-02 9.3156040E-02 9.1596358E-02 9.0043642E-02 8.8456370E-02 8.6881295E-02 8.5280657E-02 8.3697096E-02 8.2095668E-02 8.0515459E-02 7.8924559E-02 7.7358760E-02 7.5788356E-02 7.4246451E-02 7.2705001E-02 7.1194552E-02 6.9688760E-02 6.8216264E-02 6.6752128E-02 6.5322757E-02 6.3904271E-02 6.2521979E-02 6.1153159E-02 5.9820954E-02 5.8503840E-02 5.7223745E-02 5.5959698E-02 5.4732818E-02 5.3523060E-02 5.2350495E-02 5.1195338E-02 5.0076224E-02
0.1095287 0.1113046 0.1128512 0.1129895 0.1130259 0.1129159 0.1127608 0.1124937 0.1121592 0.1117315 0.1112210 0.1102526 0.1075315 0.1058338 0.1050823 0.1041390 0.1032379 0.1021934 0.1011561 0.1000083 9.8857559E-02 9.7617351E-02 9.6372195E-02 9.5053539E-02 9.3732886E-02 9.2351601E-02 9.0970688E-02 8.9540459E-02 8.8114195E-02 8.6648367E-02 8.5191675E-02 8.3704412E-02 8.2230568E-02 8.0734573E-02 7.9255886E-02 7.7761739E-02 7.6288842E-02 7.4806593E-02 7.3348805E-02 7.1887188E-02 7.0452839E-02 6.9018915E-02 6.7614570E-02 6.6214502E-02 6.4845875E-02 6.3484728E-02 6.2156323E-02 6.0837861E-02 5.9553228E-02 5.8280535E-02 5.7042167E-02 5.5816967E-02 5.4626316E-02 5.3450394E-02 5.2308992E-02 5.1183149E-02 5.0091442E-02 4.9015019E-02
