T0-Fulltest/fault3d/GL12.grd
DSAA
         130         130
  -50.00000       50.00000    
  -50.00000       50.00000    
 -0.4251652       102.8400    
[rows 0 to 25 of 130, columns 0 to 57 of 130]
3.7518308E-02 3.8265023E-02 3.8923744E-02 3.9703470E-02 4.0391479E-02 4.1204076E-02 4.1921102E-02 4.2766873E-02 4.3512683E-02 4.4391602E-02 4.5166444E-02 4.6079028E-02 4.6881624E-02 4.7826350E-02 4.8655931E-02 4.9632419E-02 5.0486919E-02 5.1493827E-02 5.2371301E-02 5.3406775E-02 5.4305360E-02 5.5367611E-02 5.6284253E-02 5.7371330E-02 5.8301803E-02 5.9408844E-02 6.0349286E-02 6.1473764E-02 6.2418111E-02 6.3556038E-02 6.4499840E-02 6.5645561E-02 6.6580661E-02 6.7729212E-02 6.8648912E-02 6.9794670E-02 7.0690133E-02 7.1827069E-02 7.2689168E-02 7.3811010E-02 7.4628502E-02 7.5729385E-02 7.6491348E-02 7.7566572E-02 7.8259289E-02 7.9305753E-02 7.9913698E-02 8.0931395E-02 8.1430733E-02 8.2420059E-02 8.2733534E-02 8.3527759E-02 8.2725011E-02 8.3494604E-02 8.3739653E-02 8.4416121E-02 8.4642440E-02 8.5155532E-02
3.8191918E-02 3.8864300E-02 3.9658599E-02 4.0362388E-02 4.1191738E-02 4.1926891E-02 4.2791743E-02 4.3558113E-02 4.4458658E-02 4.5256939E-02 4.6193987E-02 4.7023077E-02 4.7995280E-02 4.8854582E-02 4.9861904E-02 5.0749641E-02 5.1790930E-02 5.2705649E-02 5.3779315E-02 5.4719284E-02 5.5823680E-02 5.6785956E-02 5.7919465E-02 5.8900315E-02 6.0058121E-02 6.1053652E-02 6.2233523E-02 6.3237742E-02 6.4435452E-02 6.5444380E-02 6.6654362E-02 6.7659698E-02 6.8876952E-02 6.9872022E-02 7.1090639E-02 7.2066605E-02 7.3280267E-02 7.4227929E-02 7.5429648E-02 7.6337479E-02 7.7520639E-02 7.8377731E-02 7.9536341E-02 8.0329008E-02 8.1458345E-02 8.2171738E-02 8.3269201E-02 8.3883993E-02 8.4954746E-02 8.5452557E-02 8.6557187E-02 8.7088950E-02 8.9153305E-02 8.9529172E-02 9.0342894E-02 9.0618268E-02 9.1248997E-02 9.1479287E-02
3.8782656E-02 3.9590660E-02 4.0309258E-02 4.1154474E-02 4.1906781E-02 4.2789847E-02 4.3575868E-02 4.4497177E-02 4.5317948E-02 4.6278656E-02 4.7133293E-02 4.8132244E-02 4.9020413E-02 5.0057925E-02 5.0978240E-02 5.2053384E-02 5.3004775E-02 5.4116216E-02 5.5097084E-02 5.6243472E-02 5.7251144E-02 5.8431130E-02 5.9462279E-02 6.0671151E-02 6.1721869E-02 6.2957652E-02 6.4022265E-02 6.5280616E-02 6.6355519E-02 6.7631245E-02 6.8708144E-02 6.9996059E-02 7.1068317E-02 7.2362475E-02 7.3421396E-02 7.4715197E-02 7.5751476E-02 7.7037305E-02 7.8039058E-02 7.9309590E-02 8.0265999E-02 8.1514291E-02 8.2411446E-02 8.3631247E-02 8.4454477E-02 8.5640542E-02 8.6371094E-02 8.7522179E-02 8.8135079E-02 8.9250274E-02 8.9663558E-02 9.0568699E-02 8.9823425E-02 9.0694442E-02 9.1016836E-02 9.1780268E-02 9.2069097E-02 9.2650212E-02
3.9485198E-02 4.0217690E-02 4.1077886E-02 4.1846357E-02 4.2746730E-02 4.3551430E-02 4.4492565E-02 4.5334760E-02 4.6318214E-02 4.7197416E-02 4.8222207E-02 4.9138363E-02 5.0205261E-02 5.1157322E-02 5.2265540E-02 5.3252861E-02 5.4401439E-02 5.5422500E-02 5.6610480E-02 5.7663124E-02 5.8889359E-02 5.9970614E-02 6.1230667E-02 6.2336665E-02 6.3628852E-02 6.4754426E-02 6.6074274E-02 6.7216024E-02 6.8558827E-02 6.9708526E-02 7.1068965E-02 7.2220214E-02 7.3592320E-02 7.4736379E-02 7.6113425E-02 7.7241175E-02 7.8614935E-02 7.9714015E-02 8.1076771E-02 8.2136497E-02 8.3480336E-02 8.4486581E-02 8.5803866E-02 8.6741783E-02 8.8025481E-02 8.8877000E-02 9.0123057E-02 9.0867877E-02 9.2080221E-02 9.2696436E-02 9.3934819E-02 9.4577178E-02 9.6794888E-02 9.7264968E-02 9.8182753E-02 9.8534651E-02 9.9249341E-02 9.9541716E-02
4.0101014E-02 4.0975239E-02 4.1758809E-02 4.2675503E-02 4.3497853E-02 4.4457816E-02 4.5320369E-02 4.6325505E-02 4.7228165E-02 4.8277721E-02 4.9220845E-02 5.0316226E-02 5.1298905E-02 5.2439265E-02 5.3461578E-02 5.4646496E-02 5.5706829E-02 5.6935791E-02 5.8032658E-02 5.9304673E-02 6.0435519E-02 6.1746534E-02 6.2907591E-02 6.4256318E-02 6.5442987E-02 6.6824801E-02 6.8034008E-02 6.9444843E-02 7.0668153E-02 7.2102696E-02 7.3334470E-02 7.4786678E-02 7.6017797E-02 7.7480890E-02 7.8702718E-02 8.0168039E-02 8.1367813E-02 8.2827449E-02 8.3994523E-02 8.5439458E-02 8.6559504E-02 8.7981328E-02 8.9039251E-02 9.0429172E-02 9.1407172E-02 9.2758328E-02 9.3636461E-02 9.4945967E-02 9.5695056E-02 9.6959211E-02 9.7494446E-02 9.8533362E-02 9.7863600E-02 9.8855369E-02 9.9270292E-02 0.1001361 0.1005027 0.1011659
4.0832024E-02 4.1629665E-02 4.2561647E-02 4.3400571E-02 4.4378415E-02 4.5260336E-02 4.6286188E-02 4.7211140E-02 4.8284490E-02 4.9253438E-02 5.0376195E-02 5.1388353E-02 5.2559771E-02 5.3615991E-02 5.4836273E-02 5.5934757E-02 5.7203788E-02 5.8343925E-02 5.9660893E-02 6.0840528E-02 6.2201981E-02 6.3417599E-02 6.4822577E-02 6.6070043E-02 6.7513898E-02 6.8790562E-02 7.0270032E-02 7.1567290E-02 7.3077090E-02 7.4390627E-02 7.5924650E-02 7.7244565E-02 7.8796335E-02 8.0114678E-02 8.1675008E-02 8.2978800E-02 8.4539793E-02 8.5818209E-02 8.7369747E-02 8.8608354E-02 9.0141423E-02 9.1325000E-02 9.2829399E-02 9.3939863E-02 9.5406368E-02 9.6424162E-02 9.7846940E-02 9.8747335E-02 0.1001277 0.1008881 0.1022866 0.1030626 0.1054581 0.1060413 0.1070824 0.1075297 0.1083465 0.1087145
4.1472726E-02 4.2418927E-02 4.3273158E-02 4.4267613E-02 4.5167558E-02 4.6212763E-02 4.7158465E-02 4.8254177E-02 4.9247522E-02 5.0396159E-02 5.1436402E-02 5.2637808E-02 5.3726569E-02 5.4981031E-02 5.6116499E-02 5.7424624E-02 5.8606982E-02 5.9968092E-02 6.1195627E-02 6.2606871E-02 6.3876435E-02 6.5337308E-02 6.6645078E-02 6.8150938E-02 6.9494992E-02 7.1043372E-02 7.2414935E-02 7.4000880E-02 7.5396992E-02 7.7014290E-02 7.8424484E-02 8.0067195E-02 8.1484169E-02 8.3142489E-02 8.4553249E-02 8.6219721E-02 8.7613277E-02 8.9276582E-02 9.0638414E-02 9.2289180E-02 9.3603842E-02 9.5230557E-02 9.6479587E-02 9.8070920E-02 9.9234805E-02 0.1007823 0.1018367 0.1033347 0.1042497 0.1056923 0.1063748 0.1075721 0.1069976 0.1081330 0.1086629 0.1096534 0.1101151 0.1108769
4.2231392E-02 4.3099642E-02 4.4109385E-02 4.5025934E-02 4.6089228E-02 4.7054444E-02 4.8171364E-02 4.9187858E-02 5.0361179E-02 5.1428203E-02 5.2658472E-02 5.3778436E-02 5.5065822E-02 5.6237049E-02 5.7583150E-02 5.8806468E-02 6.0210530E-02 6.1484817E-02 6.2944785E-02 6.4267173E-02 6.5783150E-02 6.7150407E-02 6.8717830E-02 7.0128702E-02 7.1746007E-02 7.3191866E-02 7.4854501E-02 7.6333582E-02 7.8035057E-02 7.9536639E-02 8.1271976E-02 8.2789183E-02 8.4547997E-02 8.6068198E-02 8.7843589E-02 8.9355588E-02 9.1135234E-02 9.2624597E-02 9.4398849E-02 9.5849849E-02 9.7606219E-02 9.9000290E-02 0.1007260 0.1020435 0.1037278 0.1049444 0.1065784 0.1076688 0.1092507 0.1101853 0.1117747 0.1127132 0.1153176 0.1160413 0.1172329 0.1177975 0.1187369 0.1191987
4.2894837E-02 4.3918632E-02 4.4850320E-02 4.5930322E-02 4.6913628E-02 4.8050366E-02 4.9088363E-02 5.0284870E-02 5.1377039E-02 5.2634537E-02 5.3783983E-02 5.5102807E-02 5.6308158E-02 5.7690661E-02 5.8953367E-02 6.0398929E-02 6.1718360E-02 6.3225850E-02 6.4599752E-02 6.6169798E-02 6.7595571E-02 6.9224007E-02 7.0700906E-02 7.2386824E-02 7.3906809E-02 7.5646102E-02 7.7208258E-02 7.8994490E-02 8.0588073E-02 8.2417332E-02 8.4036052E-02 8.5897565E-02 8.7529324E-02 8.9416668E-02 9.1050088E-02 9.2950448E-02 9.4571449E-02 9.6474938E-02 9.8067500E-02 9.9960737E-02 0.1015062 0.1033754 0.1048538 0.1066858 0.1080723 0.1098551 0.1111247 0.1128487 0.1139639 0.1156208 0.1164846 0.1178745 0.1174258 0.1187372 0.1194087 0.1205490 0.1211284 0.1220100
4.3679968E-02 4.4625409E-02 4.5720652E-02 4.6720531E-02 4.7875587E-02 4.8933417E-02 5.0151490E-02 5.1267143E-02 5.2550100E-02 5.3727210E-02 5.5075798E-02 5.6313533E-02 5.7730597E-02 5.9030898E-02 6.0516346E-02 6.1879180E-02 6.3432746E-02 6.4856581E-02 6.6479266E-02 6.7962177E-02 6.9650508E-02 7.1192324E-02 7.2946049E-02 7.4539430E-02 7.6354921E-02 7.7999689E-02 7.9870999E-02 8.1556730E-02 8.3480783E-02 8.5201994E-02 8.7167963E-02 8.8913038E-02 9.0914950E-02 9.2672408E-02 9.4697319E-02 9.6453756E-02 9.8491587E-02 0.1002307 0.1022674 0.1039705 0.1059915 0.1076381 0.1096282 0.1111932 0.1131382 0.1145966 0.1164832 0.1178022 0.1196267 0.1207746 0.1225938 0.1237312 0.1265835 0.1274793 0.1288517 0.1295612 0.1306505 0.1312308
4.4365350E-02 4.5474309E-02 4.6489071E-02 4.7660720E-02 4.8736643E-02 4.9974576E-02 5.1111855E-02 5.2418526E-02 5.3621411E-02 5.4998003E-02 5.6266278E-02 5.7716202E-02 5.9052173E-02 6.0575850E-02 6.1980296E-02 6.3578218E-02 6.5050170E-02 6.6723920E-02 6.8262272E-02 7.0009030E-02 7.1614221E-02 7.3434539E-02 7.5100116E-02 7.6990828E-02 7.8717299E-02 8.0673419E-02 8.2450978E-02 8.4470056E-02 8.6294055E-02 8.8365592E-02 9.0225078E-02 9.2343628E-02 9.4227254E-02 9.6379966E-02 9.8275058E-02 0.1004519 0.1023419 0.1045284 0.1063948 0.1085754 0.1103975 0.1125557 0.1143079 0.1164275 0.1180845 0.1201487 0.1216777 0.1236748 0.1250350 0.1269502 0.1280365 0.1296604 0.1293721 0.1308960 0.1317434 0.1330679 0.1337962 0.1348283
4.5175590E-02 4.6203557E-02 4.7390085E-02 4.8482273E-02 4.9738385E-02 5.0895438E-02 5.2223992E-02 5.3450733E-02 5.4853354E-02 5.6150056E-02 5.7630938E-02 5.9000440E-02 6.0560264E-02 6.2004220E-02 6.3644454E-02 6.5162294E-02 6.6885024E-02 6.8476796E-02 7.0280038E-02 7.1946636E-02 7.3831916E-02 7.5568005E-02 7.7532716E-02 7.9339504E-02 8.1379578E-02 8.3248124E-02 8.5361980E-02 8.7288521E-02 8.9465976E-02 9.1440395E-02 9.3676947E-02 9.5688179E-02 9.7971141E-02 0.1000075 0.1023271 0.1043720 0.1067136 0.1087488 0.1110964 0.1131009 0.1154369 0.1173851 0.1196916 0.1215573 0.1238146 0.1255651 0.1277578 0.1293566 0.1314740 0.1328834 0.1349815 0.1363632 0.1395106 0.1406203 0.1422153 0.1431079 0.1443841 0.1451129
4.5879368E-02 4.7079116E-02 4.8185650E-02 4.9458109E-02 5.0632924E-02 5.1981375E-02 5.3229768E-02 5.4656353E-02 5.5979110E-02 5.7488699E-02 5.8889437E-02 6.0483065E-02 6.1964083E-02 6.3644394E-02 6.5205701E-02 6.6975154E-02 6.8617970E-02 7.0475630E-02 7.2201386E-02 7.4149683E-02 7.5954303E-02 7.7991344E-02 7.9876706E-02 8.1999406E-02 8.3957553E-02 8.6165302E-02 8.8193588E-02 9.0476759E-02 9.2565998E-02 9.4921261E-02 9.7060919E-02 9.9476010E-02 0.1016555 0.1041211 0.1063240 0.1088256 0.1110343 0.1135555 0.1157489 0.1182716 0.1204240 0.1229289 0.1250135 0.1274783 0.1294619 0.1318677 0.1337139 0.1360413 0.1377026 0.1399333 0.1412955 0.1432070 0.1431265 0.1449123 0.1459814 0.1475346 0.1484493 0.1496690
4.6711545E-02 4.7830544E-02 4.9117409E-02 5.0307862E-02 5.1674064E-02 5.2941807E-02 5.4390006E-02 5.5736437E-02 5.7272188E-02 5.8701593E-02 6.0326595E-02 6.1842002E-02 6.3559815E-02 6.5161914E-02 6.6975564E-02 6.8666756E-02 7.0576400E-02 7.2358757E-02 7.4367672E-02 7.6238327E-02 7.8345597E-02 8.0307290E-02 8.2510777E-02 8.4556662E-02 8.6856820E-02 8.8985361E-02 9.1373466E-02 9.3576781E-02 9.6050806E-02 9.8318979E-02 0.1008673 0.1031911 0.1058049 0.1081683 0.1108338 0.1132201 0.1159209 0.1183090 0.1210264 0.1233907 0.1261045 0.1284179 0.1311038 0.1333326 0.1359691 0.1380767 0.1406403 0.1425835 0.1450599 0.1467934 0.1492338 0.1509199 0.1544243 0.1558028 0.1576744 0.1587969 0.1603068 0.1612278
4.7432154E-02 4.8731472E-02 4.9935449E-02 5.1317237E-02 5.2602079E-02 5.4069627E-02 5.5437181E-02 5.6996718E-02 5.8452141E-02 6.0105938E-02 6.1652951E-02 6.3405588E-02 6.5045580E-02 6.6900559E-02 6.8637095E-02 7.0595838E-02 7.2431773E-02 7.4498467E-02 7.6432101E-02 7.8606799E-02 8.0642015E-02 8.2923763E-02 8.5054852E-02 8.7445274E-02 8.9672096E-02 9.2163734E-02 9.4479710E-02 9.7071894E-02 9.9468119E-02 0.1021499 0.1046184 0.1073820 0.1099076 0.1127400 0.1153072 0.1181923 0.1207802 0.1236993 0.1262826 0.1292148 0.1317662 0.1346862 0.1371718 0.1400557 0.1424384 0.1452586 0.1474948 0.1502272 0.1522610 0.1548796 0.1565869 0.1588547 0.1590443 0.1611569 0.1625048 0.1643443 0.1654993 0.1669525
4.8283298E-02 4.9498726E-02 5.0893899E-02 5.2193459E-02 5.3678010E-02 5.5064168E-02 5.6644898E-02 5.8123667E-02 5.9803464E-02 6.1379042E-02 6.3163534E-02 6.4838231E-02 6.6731438E-02 6.8510070E-02 7.0514709E-02 7.2400883E-02 7.4522130E-02 7.6515488E-02 7.8754395E-02 8.0859862E-02 8.3216988E-02 8.5430302E-02 8.7908313E-02 9.0230674E-02 9.2823572E-02 9.5249876E-02 9.7958602E-02 0.1004814 0.1032958 0.1059084 0.1088222 0.1115106 0.1145118 0.1172621 0.1203354 0.1231271 0.1262539 0.1290623 0.1322217 0.1350197 0.1381856 0.1409397 0.1440863 0.1467584 0.1498550 0.1524011 0.1554193 0.1577874 0.1607047 0.1628418 0.1657045 0.1677711 0.1717111 0.1734275 0.1756449 0.1770627 0.1788640 0.1800219
4.9014118E-02 5.0420493E-02 5.1732291E-02 5.3231429E-02 5.4633506E-02 5.6232840E-02 5.7732023E-02 5.9435017E-02 6.1035942E-02 6.2849224E-02 6.4555399E-02 6.6483527E-02 6.8300843E-02 7.0347995E-02 7.2280787E-02 7.4453063E-02 7.6502405E-02 7.8802079E-02 8.0974042E-02 8.3403073E-02 8.5695021E-02 8.8257380E-02 9.0671897E-02 9.3363218E-02 9.5896885E-02 9.8719686E-02 0.1013667 0.1043121 0.1070672 0.1101305 0.1129814 0.1161521 0.1190865 0.1223506 0.1253490 0.1286882 0.1317269 0.1351210 0.1381736 0.1415961 0.1446291 0.1480531 0.1510279 0.1544197 0.1572918 0.1606192 0.1633360 0.1665661 0.1690632 0.1721615 0.1743016 0.1770134 0.1775517 0.1800734 0.1817791 0.1839766 0.1854305 0.1871748
4.9879376E-02 5.1200863E-02 5.2712042E-02 5.4127254E-02 5.5742372E-02 5.7258885E-02 5.8981985E-02 6.0605012E-02 6.2443651E-02 6.4177878E-02 6.6137485E-02 6.7989796E-02 7.0075877E-02 7.2051406E-02 7.4270934E-02 7.6372154E-02 7.8728706E-02 8.0963150E-02 8.3460085E-02 8.5826494E-02 8.8469259E-02 9.0971813E-02 9.3757823E-02 9.6395038E-02 9.9328503E-02 0.1020963 0.1051700 0.1080650 0.1112762 0.1142881 0.1176280 0.1207462 0.1242024 0.1274089 0.1309641 0.1342369 0.1378717 0.1411853 0.1448736 0.1481950 0.1519090 0.1551993 0.1589037 0.1621181 0.1657777 0.1688634 0.1724401 0.1753362 0.1787990 0.1814413 0.1848295 0.1873754 0.1918537 0.1940024 0.1966541 0.1984417 0.2006079 0.2020705
5.0616585E-02 5.2137282E-02 5.3562883E-02 5.5190928E-02 5.6721706E-02 5.8461815E-02 6.0103603E-02 6.1964296E-02 6.3722953E-02 6.5710507E-02 6.7593835E-02 6.9714986E-02 7.1729012E-02 7.3991634E-02 7.6140344E-02 7.8549430E-02 8.0841765E-02 8.3402202E-02 8.5838333E-02 8.8557072E-02 9.1142960E-02 9.4019324E-02 9.6755646E-02 9.9795729E-02 0.1026801 0.1058787 0.1089100 0.1122663 0.1154365 0.1189439 0.1222446 0.1258925 0.1293075 0.1330804 0.1365896 0.1404696 0.1440490 0.1480105 0.1516281 0.1556434 0.1592607 0.1632938 0.1668661 0.1708792 0.1743530 0.1783036 0.1816166 0.1854623 0.1885384 0.1922335 0.1949192 0.1981886 0.1991822 0.2022187 0.2043740 0.2070205 0.2088584 0.2109738
5.1488906E-02 5.2922122E-02 5.4560144E-02 5.6102045E-02 5.7856023E-02 5.9513122E-02 6.1392333E-02 6.3171692E-02 6.5183192E-02 6.7093268E-02 6.9245338E-02 7.1293280E-02 7.3594399E-02 7.5785905E-02 7.8242749E-02 8.0587804E-02 8.3206683E-02 8.5707337E-02 8.8496849E-02 9.1160730E-02 9.4122335E-02 9.6952446E-02 0.1000942 0.1030902 0.1064090 0.1095721 0.1130698 0.1163945 0.1200665 0.1235469 0.1273850 0.1310070 0.1349979 0.1387441 0.1428719 0.1467203 0.1509609 0.1548812 0.1592075 0.1631621 0.1675380 0.1714829 0.1758694 0.1797505 0.1841013 0.1878555 0.1921227 0.1956772 0.1998182 0.2030946 0.2071381 0.2102887 0.2154318 0.2181243 0.2213209 0.2235837 0.2262157 0.2280764
5.2222233E-02 5.3867407E-02 5.5417333E-02 5.7182096E-02 5.8851108E-02 6.0745370E-02 6.2541492E-02 6.4573169E-02 6.6505693E-02 6.8684496E-02 7.0761763E-02 7.3096752E-02 7.5326234E-02 7.7825852E-02 8.0218211E-02 8.2890317E-02 8.5450038E-02 8.8304877E-02 9.1040969E-02 9.4082288E-02 9.7000271E-02 0.1002379 0.1033397 0.1067734 0.1100627 0.1136964 0.1171704 0.1210024 0.1246579 0.1286830 0.1325091 0.1367164 0.1406988 0.1450751 0.1491937 0.1537171 0.1579444 0.1625890 0.1668890 0.1716197 0.1759496 0.1807269 0.1850327 0.1898077 0.1940258 0.1987464 0.2028027 0.2074140 0.2112163 0.2156574 0.2190333 0.2230031 0.2245811 0.2282663 0.2310002 0.2342214 0.2365603 0.2391566
5.3093981E-02 5.4648753E-02 5.6421105E-02 5.8098469E-02 6.0004208E-02 6.1813094E-02 6.3860871E-02 6.5811649E-02 6.8012677E-02 7.0114546E-02 7.2478645E-02 7.4740961E-02 7.7277996E-02 7.9711892E-02 8.2431555E-02 8.5044153E-02 8.7958120E-02 9.0759896E-02 9.3874454E-02 9.6873425E-02 0.1002002 0.1034007 0.1069427 0.1103511 0.1141146 0.1177314 0.1217177 0.1255428 0.1297503 0.1337759 0.1381966 0.1424121 0.1470357 0.1514239 0.1562316 0.1607683 0.1657364 0.1703879 0.1754833 0.1802089 0.1853922 0.1901389 0.1953604 0.2000646 0.2052695 0.2098565 0.2149832 0.2193639 0.2243544 0.2284337 0.2333025 0.2372205 0.2431953 0.2465878 0.2504829 0.2533647 0.2566001 0.2589763
5.3815138E-02 5.5591885E-02 5.7274070E-02 5.9187703E-02 6.1005414E-02 6.3065335E-02 6.5029919E-02 6.7248717E-02 6.9370255E-02 7.1758516E-02 7.4048229E-02 7.6617070E-02 7.9086609E-02 8.1847966E-02 8.4506929E-02 8.7473586E-02 9.0334274E-02 9.3515322E-02 9.6587993E-02 9.9996880E-02 0.1032887 0.1069315 0.1104517 0.1143375 0.1180896 0.1222234 0.1262109 0.1305942 0.1348132 0.1394416 0.1438850 0.1487520 0.1534067 0.1584976 0.1633434 0.1686374 0.1736438 0.1791105 0.1842395 0.1898412 0.1950422 0.2007299 0.2059404 0.2116570 0.2168016 0.2224805 0.2274690 0.2330402 0.2377626 0.2431462 0.2474031 0.2522656 0.2546101 0.2591281 0.2626153 0.2665811 0.2695719 0.2727951
5.4674074E-02 5.6357555E-02 5.8275484E-02 6.0098078E-02 6.2166080E-02 6.4139962E-02 6.6371806E-02 6.8508200E-02 7.0915371E-02 7.3226765E-02 7.5821787E-02 7.8320786E-02 8.1117593E-02 8.3816186E-02 8.6828731E-02 8.9741141E-02 9.2981286E-02 9.6119814E-02 9.9603005E-02 0.1029779 0.1067135 0.1103366 0.1143365 0.1182150 0.1224879 0.1266291 0.1311800 0.1355839 0.1404128 0.1450769 0.1501816 0.1550974 0.1604681 0.1656200 0.1712394 0.1766011 0.1824427 0.1879800 0.1940093 0.1996752 0.2058448 0.2115789 0.2178313 0.2235584 0.2298247 0.2354553 0.2416596 0.2470865 0.2531509 0.2582549 0.2641746 0.2690807 0.2761115 0.2804153 0.2852166 0.2889068 0.2929300 0.2959984
5.5369727E-02 5.7288393E-02 5.9112024E-02 6.1184160E-02 6.3162871E-02 6.5403171E-02 6.7549288E-02 6.9970265E-02 7.2297454E-02 7.4912995E-02 7.7435248E-02 8.0261037E-02 8.2992285E-02 8.6043663E-02 8.9000046E-02 9.2291445E-02 9.5487416E-02 9.9036567E-02 0.1024854 0.1063047 0.1100212 0.1141256 0.1181206 0.1225226 0.1268074 0.1315164 0.1360954 0.1411158 0.1459916 0.1513263 0.1564956 0.1621397 0.1675918 0.1735329 0.1792469 0.1854635 0.1914107 0.1978728 0.2040106 0.2106740 0.2169451 0.2237537 0.2300854 0.2369699 0.2432737 0.2501540 0.2563211 0.2631060 0.2690017 0.2755871 0.2809811 0.2869945 0.2903522 0.2959529 0.3004264 0.3053653 0.3092280 0.3132778
5.6203227E-02 5.8023948E-02 6.0096279E-02 6.2075391E-02 6.4319603E-02 6.6470459E-02 6.8900049E-02 7.1237415E-02 7.3867738E-02 7.6406904E-02 7.9255052E-02 8.2011841E-02 8.5094698E-02 8.8087074E-02 9.1421530E-02 9.4666205E-02 9.8272339E-02 0.1017857 0.1056788 0.1094784 0.1136770 0.1177777 0.1222983 0.1267154 0.1315713 0.1363141 0.1415152 0.1465915 0.1521459 0.1575582 0.1634666 0.1692102 0.1754662 0.1815266 0.1881149 0.1944696 0.2013658 0.2079780 0.2151427 0.2219602 0.2293406 0.2362949 0.2438239 0.2508289 0.2584247 0.2653722 0.2729377 0.2796965 0.2871298 0.2935523 0.3008218 0.3070106 0.3153976 0.3208936 0.3268797 0.3316491 0.3367130 0.3406960
