T0-Fulltest/fault3d/GL12n.grd
DSAA
         130         130
  -50.00000       50.00000    
  -50.00000       50.00000    
 -0.4114312       103.7202    
[rows 104 to 129 of 130, columns 0 to 56 of 130]
4.9989607E-02 5.1725131E-02 5.3552434E-02 5.5441935E-02 5.7430878E-02 5.9488226E-02 6.1652806E-02 6.3893519E-02 6.6250294E-02 6.8690896E-02 7.1256950E-02 7.3914729E-02 7.6707862E-02 7.9600841E-02 8.2638927E-02 8.5785463E-02 8.9087486E-02 9.2506021E-02 9.6089840E-02 9.9798642E-02 0.1036825 0.1076983 0.1118971 0.1162327 0.1207593 0.1254256 0.1302870 0.1352896 0.1404892 0.1458253 0.1513552 0.1570126 0.1628560 0.1688113 0.1749386 0.1811553 0.1875218 0.1939450 0.2004868 0.2070433 0.2136794 0.2202780 0.2269076 0.2334371 0.2399422 0.2462745 0.2525201 0.2585119 0.2643533 0.2698526 0.2751416 0.2799922 0.2845817 0.2885892 0.2921877 0.2942812 0.2952555
4.9289647E-02 5.0975081E-02 5.2715465E-02 5.4546244E-02 5.6437556E-02 5.8425687E-02 6.0480904E-02 6.2640995E-02 6.4874552E-02 6.7221239E-02 6.9648221E-02 7.2196886E-02 7.4832939E-02 7.7598915E-02 8.0459580E-02 8.3459042E-02 8.6560346E-02 8.9808688E-02 9.3165718E-02 9.6678615E-02 0.1003062 0.1040971 0.1080060 0.1120850 0.1162855 0.1206591 0.1251553 0.1298273 0.1346181 0.1395824 0.1446583 0.1499014 0.1552435 0.1607418 0.1663208 0.1720389 0.1778110 0.1836968 0.1896022 0.1955899 0.2015543 0.2075616 0.2134936 0.2194227 0.2252161 0.2309546 0.2364893 0.2419151 0.2470623 0.2520477 0.2566745 0.2610969 0.2650771 0.2688640 0.2722313 0.2761895 0.2803164
4.8602331E-02 5.0207995E-02 5.1895980E-02 5.3637583E-02 5.5467099E-02 5.7355508E-02 5.9339110E-02 6.1387219E-02 6.3537464E-02 6.5758221E-02 6.8088531E-02 7.0495643E-02 7.3019281E-02 7.5625956E-02 7.8356922E-02 8.1176765E-02 8.4128492E-02 8.7174430E-02 9.0359934E-02 9.3645118E-02 9.7076647E-02 0.1006106 0.1042961 0.1080876 0.1120333 0.1160856 0.1202952 0.1246086 0.1290775 0.1336441 0.1383617 0.1431666 0.1481136 0.1531330 0.1582812 0.1634802 0.1687874 0.1741168 0.1795290 0.1849282 0.1903779 0.1957713 0.2011775 0.2064770 0.2117460 0.2168510 0.2218798 0.2266810 0.2313596 0.2357421 0.2399610 0.2438082 0.2474584 0.2506162 0.2534508 0.2549346 0.2554396
4.7876377E-02 4.9435128E-02 5.1041298E-02 5.2727655E-02 5.4465894E-02 5.6290530E-02 5.8172066E-02 6.0146052E-02 6.2182005E-02 6.4316869E-02 6.6519335E-02 6.8826824E-02 7.1206979E-02 7.3699273E-02 7.6268792E-02 7.8957178E-02 8.1727624E-02 8.4623113E-02 8.7605514E-02 9.0719312E-02 9.3922742E-02 9.7261056E-02 0.1006923 0.1042616 0.1079236 0.1117268 0.1156205 0.1196544 0.1237738 0.1280297 0.1323626 0.1368251 0.1413523 0.1459984 0.1506916 0.1554874 0.1603063 0.1652071 0.1701017 0.1750521 0.1799603 0.1848927 0.1897410 0.1945777 0.1992816 0.2039352 0.2084020 0.2127784 0.2169095 0.2209131 0.2246090 0.2281499 0.2313170 0.2343523 0.2370464 0.2403617 0.2438994
4.7168206E-02 4.8651837E-02 5.0208718E-02 5.1811568E-02 5.3492926E-02 5.5224519E-02 5.7040129E-02 5.8910266E-02 6.0869690E-02 6.2888771E-02 6.5003067E-02 6.7180797E-02 6.9460087E-02 7.1806736E-02 7.4260399E-02 7.6786146E-02 7.9423986E-02 8.2137734E-02 8.4969588E-02 8.7880470E-02 9.0911694E-02 9.4024256E-02 9.7261332E-02 0.1005787 0.1040233 0.1075470 0.1111974 0.1149228 0.1187718 0.1226887 0.1267241 0.1308170 0.1350197 0.1392656 0.1436083 0.1479742 0.1524198 0.1568642 0.1613670 0.1658386 0.1703424 0.1747797 0.1792195 0.1835516 0.1878531 0.1920012 0.1960845 0.1999642 0.2037460 0.2072707 0.2106696 0.2137504 0.2166851 0.2191973 0.2214534 0.2224835 0.2226478
4.6428710E-02 4.7868285E-02 4.9348596E-02 5.0900456E-02 5.2496672E-02 5.4169465E-02 5.5890307E-02 5.7692103E-02 5.9546292E-02 6.1487421E-02 6.3483946E-02 6.5572403E-02 6.7720152E-02 6.9964118E-02 7.2271720E-02 7.4680254E-02 7.7155136E-02 7.9736181E-02 8.2387052E-02 8.5146323E-02 8.7975889E-02 9.0918876E-02 9.3931429E-02 9.7058676E-02 0.1002552 0.1035665 0.1069437 0.1104329 0.1139823 0.1176400 0.1213489 0.1251590 0.1290085 0.1329489 0.1369121 0.1409519 0.1449942 0.1490957 0.1531746 0.1572907 0.1613542 0.1654305 0.1694194 0.1733930 0.1772403 0.1810430 0.1846766 0.1882365 0.1915810 0.1948262 0.1978055 0.2006689 0.2032131 0.2056715 0.2078509 0.2106672 0.2137439
4.5711692E-02 4.7080811E-02 4.8515324E-02 4.9988944E-02 5.1532608E-02 5.3118769E-02 5.4778598E-02 5.6484364E-02 5.8269460E-02 6.0103398E-02 6.2020388E-02 6.3990019E-02 6.6046447E-02 6.8158880E-02 7.0362821E-02 7.2624736E-02 7.4982353E-02 7.7401191E-02 7.9918876E-02 8.2497030E-02 8.5178316E-02 8.7920785E-02 9.0766236E-02 9.3672872E-02 9.6683286E-02 9.9751972E-02 0.1029223 0.1061461 0.1094689 0.1128373 0.1162988 0.1197963 0.1233787 0.1269832 0.1306609 0.1343434 0.1380847 0.1418099 0.1455757 0.1492996 0.1530438 0.1567170 0.1603865 0.1639519 0.1674889 0.1708848 0.1742266 0.1773874 0.1804708 0.1833296 0.1860925 0.1885814 0.1909622 0.1929772 0.1947869 0.1954742 0.1953849
4.4969235E-02 4.6297375E-02 4.7660004E-02 4.9086850E-02 5.0551344E-02 5.2083235E-02 5.3655297E-02 5.5299647E-02 5.6987278E-02 5.8750283E-02 6.0559850E-02 6.2448345E-02 6.4385705E-02 6.6406533E-02 6.8477884E-02 7.0636109E-02 7.2847389E-02 7.5149313E-02 7.7503860E-02 7.9951391E-02 8.2453385E-02 8.5048273E-02 8.7696902E-02 9.0439767E-02 9.3234099E-02 9.6121132E-02 9.9055260E-02 0.1020803 0.1051459 0.1082974 0.1114813 0.1147445 0.1180286 0.1213826 0.1247426 0.1281604 0.1315668 0.1350161 0.1384317 0.1418732 0.1452565 0.1486456 0.1519479 0.1552349 0.1584033 0.1615342 0.1645119 0.1674311 0.1701599 0.1728124 0.1752340 0.1775699 0.1796301 0.1816403 0.1834186 0.1858392 0.1885448
4.4251699E-02 4.5513667E-02 4.6834432E-02 4.8188616E-02 4.9604662E-02 5.1056013E-02 5.2573062E-02 5.4128669E-02 5.5752985E-02 5.7418231E-02 5.9155758E-02 6.0935784E-02 6.2792130E-02 6.4692669E-02 6.6672325E-02 6.8698131E-02 7.0806436E-02 7.2961614E-02 7.5200208E-02 7.7487379E-02 7.9858981E-02 8.2277671E-02 8.4782101E-02 8.7331854E-02 8.9966714E-02 9.2642635E-02 9.5402464E-02 9.8198168E-02 0.1010733 0.1039775 0.1069559 0.1099534 0.1130175 0.1160882 0.1192154 0.1223343 0.1254974 0.1286333 0.1317989 0.1349164 0.1380469 0.1411047 0.1441574 0.1471103 0.1500390 0.1528379 0.1555936 0.1581874 0.1607216 0.1630584 0.1653237 0.1673499 0.1692991 0.1709266 0.1723898 0.1728162 0.1725417
4.3513320E-02 4.4737663E-02 4.5991693E-02 4.7302723E-02 4.8644923E-02 5.0046925E-02 5.1483043E-02 5.2982338E-02 5.4517306E-02 5.6118712E-02 5.7757325E-02 5.9465554E-02 6.1212711E-02 6.3031830E-02 6.4891659E-02 6.6826016E-02 6.8802573E-02 7.0854485E-02 7.2949007E-02 7.5121149E-02 7.7334225E-02 7.9625823E-02 8.1956849E-02 8.4366553E-02 8.6811893E-02 8.9334428E-02 9.1889098E-02 9.4517179E-02 9.7170956E-02 9.9894233E-02 0.1026349 0.1054386 0.1082492 0.1111145 0.1139740 0.1168780 0.1197601 0.1226743 0.1255488 0.1284414 0.1312732 0.1341077 0.1368580 0.1395943 0.1422205 0.1448162 0.1472736 0.1496854 0.1519282 0.1541137 0.1560963 0.1580179 0.1596987 0.1613573 0.1628228 0.1649311 0.1673405
4.2802569E-02 4.3965455E-02 4.5180928E-02 4.6424072E-02 4.7721934E-02 4.9049731E-02 5.0435830E-02 5.1853158E-02 5.3331353E-02 5.4842498E-02 5.6416996E-02 5.8026049E-02 5.9700590E-02 6.1411228E-02 6.3189387E-02 6.5004990E-02 6.6889763E-02 6.8811238E-02 7.0804499E-02 7.2833307E-02 7.4934237E-02 7.7069469E-02 7.9277202E-02 8.1516370E-02 8.3826184E-02 8.6165026E-02 8.8571787E-02 9.1001354E-02 9.3495585E-02 9.6005924E-02 9.8575510E-02 0.1011522 0.1037814 0.1064068 0.1090762 0.1117281 0.1144133 0.1170657 0.1197398 0.1223629 0.1249944 0.1275549 0.1301094 0.1325701 0.1350106 0.1373329 0.1396212 0.1417644 0.1438621 0.1457857 0.1476570 0.1493184 0.1509259 0.1522499 0.1534406 0.1536686 0.1532538
4.2075694E-02 4.3204125E-02 4.4357121E-02 4.5560539E-02 4.6790030E-02 4.8073314E-02 4.9384166E-02 5.0750732E-02 5.2146535E-02 5.3600259E-02 5.5084586E-02 5.6628827E-02 5.8204815E-02 5.9842594E-02 6.1512910E-02 6.3247420E-02 6.5013409E-02 6.6845670E-02 6.8709128E-02 7.0638657E-02 7.2598368E-02 7.4624471E-02 7.6678872E-02 7.8797713E-02 8.0942720E-02 8.3150759E-02 8.5379101E-02 8.7667480E-02 8.9970611E-02 9.2329577E-02 9.4695494E-02 9.7111590E-02 9.9525429E-02 0.1019823 0.1044251 0.1069018 0.1093511 0.1118248 0.1142553 0.1166988 0.1190816 0.1214653 0.1237686 0.1260601 0.1282500 0.1304159 0.1324567 0.1344626 0.1363182 0.1381316 0.1397662 0.1413584 0.1427397 0.1441195 0.1453366 0.1471890 0.1493522
4.1377787E-02 4.2448543E-02 4.3565951E-02 4.4706173E-02 4.5895875E-02 4.7110114E-02 4.8375424E-02 4.9666695E-02 5.1011145E-02 5.2382585E-02 5.3809121E-02 5.5263389E-02 5.6774676E-02 5.8313914E-02 5.9912756E-02 6.1539032E-02 6.3225999E-02 6.4940855E-02 6.6715933E-02 6.8517990E-02 7.0380591E-02 7.2268829E-02 7.4216232E-02 7.6186650E-02 7.8215972E-02 8.0263160E-02 8.2366332E-02 8.4482603E-02 8.6651668E-02 8.8827193E-02 9.1050684E-02 9.3272664E-02 9.5536783E-02 9.7789258E-02 0.1000762 0.1023397 0.1046295 0.1068825 0.1091521 0.1113695 0.1135931 0.1157476 0.1178972 0.1199591 0.1220055 0.1239434 0.1258555 0.1276374 0.1293861 0.1309799 0.1325369 0.1339081 0.1352451 0.1363284 0.1373048 0.1373819 0.1368692
4.0666729E-02 4.1705702E-02 4.2764727E-02 4.3869164E-02 4.4995490E-02 4.6168812E-02 4.7365010E-02 4.8610356E-02 4.9879316E-02 5.1199310E-02 5.2543346E-02 5.3940203E-02 5.5361196E-02 5.6837093E-02 5.8337528E-02 5.9893157E-02 6.1473940E-02 6.3109815E-02 6.4769641E-02 6.6485062E-02 6.8223059E-02 7.0016332E-02 7.1829073E-02 7.3697194E-02 7.5581007E-02 7.7517241E-02 7.9464808E-02 8.1462279E-02 8.3465591E-02 8.5514776E-02 8.7562829E-02 8.9652017E-02 9.1731302E-02 9.3845233E-02 9.5938928E-02 9.8060168E-02 0.1001497 0.1022587 0.1043225 0.1063967 0.1084113 0.1104265 0.1123656 0.1142959 0.1161322 0.1179503 0.1196549 0.1213345 0.1228793 0.1243947 0.1257502 0.1270796 0.1282212 0.1293784 0.1303967 0.1320423 0.1340021
3.9985590E-02 4.0970590E-02 4.1997302E-02 4.3043382E-02 4.4132993E-02 4.5242630E-02 4.6397861E-02 4.7573712E-02 4.8796818E-02 5.0040990E-02 5.1333901E-02 5.2648127E-02 5.4012530E-02 5.5399142E-02 5.6836121E-02 5.8295462E-02 5.9805751E-02 6.1336897E-02 6.2919654E-02 6.4521700E-02 6.6175804E-02 6.7846380E-02 6.9568545E-02 7.1304768E-02 7.3090144E-02 7.4885376E-02 7.6727495E-02 7.8575037E-02 8.0466166E-02 8.2356557E-02 8.4286638E-02 8.6208455E-02 8.8164479E-02 9.0103179E-02 9.2069723E-02 9.4009139E-02 9.5969588E-02 9.7891316E-02 9.9826217E-02 0.1017095 0.1035976 0.1054197 0.1072383 0.1089751 0.1107002 0.1123264 0.1139342 0.1154244 0.1168915 0.1182195 0.1195234 0.1206617 0.1217802 0.1226703 0.1234720 0.1234274 0.1228358
3.9293043E-02 4.0248882E-02 4.1221656E-02 4.2235021E-02 4.3265823E-02 4.4338971E-02 4.5430146E-02 4.6565071E-02 4.7718577E-02 4.8917029E-02 5.0134540E-02 5.1397927E-02 5.2681133E-02 5.4010797E-02 5.5359859E-02 5.6756552E-02 5.8171116E-02 5.9634060E-02 6.1113182E-02 6.2641114E-02 6.4183466E-02 6.5773368E-02 6.7376025E-02 6.9024742E-02 7.0682295E-02 7.2383434E-02 7.4089676E-02 7.5837180E-02 7.7584207E-02 7.9369329E-02 8.1147648E-02 8.2959294E-02 8.4756248E-02 8.6580940E-02 8.8382214E-02 9.0205722E-02 9.1995783E-02 9.3801148E-02 9.5561579E-02 9.7330198E-02 9.9041127E-02 0.1007530 0.1023936 0.1040279 0.1055756 0.1071107 0.1085429 0.1099576 0.1112509 0.1125246 0.1136559 0.1147727 0.1157222 0.1166990 0.1175573 0.1190321 0.1208239
3.8630810E-02 3.9536659E-02 4.0480383E-02 4.1439429E-02 4.2437639E-02 4.3451723E-02 4.4506252E-02 4.5577303E-02 4.6689760E-02 4.7819257E-02 4.8991028E-02 5.0180007E-02 5.1412381E-02 5.2661169E-02 5.3954687E-02 5.5263557E-02 5.6617610E-02 5.7985548E-02 5.9398644E-02 6.0824975E-02 6.2294848E-02 6.3776262E-02 6.5300807E-02 6.6833474E-02 6.8406723E-02 6.9984414E-02 7.1601443E-02 7.3217995E-02 7.4870989E-02 7.6518267E-02 7.8198045E-02 7.9865113E-02 8.1559919E-02 8.3234131E-02 8.4931396E-02 8.6599447E-02 8.8284589E-02 8.9930199E-02 9.1586880E-02 9.3192905E-02 9.4803512E-02 9.6351564E-02 9.7898044E-02 9.9368334E-02 0.1008310 0.1022031 0.1035628 0.1048160 0.1060540 0.1071673 0.1082666 0.1092171 0.1101598 0.1108949 0.1115589 0.1114249 0.1107810
3.7959669E-02 3.8839664E-02 3.9733198E-02 4.0662922E-02 4.1606542E-02 4.2587668E-02 4.3583475E-02 4.4617608E-02 4.5666724E-02 4.6755314E-02 4.7858495E-02 4.9002361E-02 5.0160185E-02 5.1359694E-02 5.2572701E-02 5.3827573E-02 5.5094741E-02 5.6403376E-02 5.7724304E-02 5.9085324E-02 6.0456395E-02 6.1868131E-02 6.3287005E-02 6.4744256E-02 6.6204831E-02 6.7703083E-02 6.9200784E-02 7.0733368E-02 7.2260842E-02 7.3820144E-02 7.5368203E-02 7.6943949E-02 7.8501292E-02 8.0082238E-02 8.1637315E-02 8.3210930E-02 8.4749565E-02 8.6301550E-02 8.7808885E-02 8.9323699E-02 9.0783305E-02 9.2245109E-02 9.3639657E-02 9.5030755E-02 9.6341819E-02 9.7645134E-02 9.8854557E-02 0.1000531 0.1011418 0.1022196 0.1031686 0.1041134 0.1049068 0.1057381 0.1064667 0.1077994 0.1094469
3.7319154E-02 3.8152542E-02 3.9019518E-02 3.9898675E-02 4.0812593E-02 4.1739639E-02 4.2702343E-02 4.3677978E-02 4.4690743E-02 4.5715932E-02 4.6779033E-02 4.7854297E-02 4.8968215E-02 5.0094064E-02 5.1258519E-02 5.2434228E-02 5.3647943E-02 5.4872729E-02 5.6135189E-02 5.7405803E-02 5.8715064E-02 6.0030170E-02 6.1381999E-02 6.2736094E-02 6.4126059E-02 6.5515451E-02 6.6938132E-02 6.8356067E-02 6.9804899E-02 7.1243666E-02 7.2709784E-02 7.4159443E-02 7.5632885E-02 7.7083424E-02 7.8553431E-02 7.9992525E-02 8.1446595E-02 8.2861274E-02 8.4285557E-02 8.5660927E-02 8.7041400E-02 8.8362388E-02 8.9683428E-02 9.0933725E-02 9.2179999E-02 9.3343347E-02 9.4499685E-02 9.5558785E-02 9.6610010E-02 9.7548120E-02 9.8480865E-02 9.9278614E-02 0.1000784 0.1006885 0.1012401 0.1010351 0.1003518
3.6671914E-02 3.7481468E-02 3.8301736E-02 3.9154265E-02 4.0018171E-02 4.0915690E-02 4.1824024E-02 4.2767260E-02 4.3721329E-02 4.4710565E-02 4.5710601E-02 4.6746306E-02 4.7792677E-02 4.8874583E-02 4.9966719E-02 5.1094335E-02 5.2230928E-02 5.3403847E-02 5.4583013E-02 5.5798639E-02 5.7018932E-02 5.8274280E-02 5.9531450E-02 6.0822174E-02 6.2112544E-02 6.3434616E-02 6.4752221E-02 6.6099629E-02 6.7438103E-02 6.8803355E-02 7.0154153E-02 7.1528628E-02 7.2882809E-02 7.4256845E-02 7.5603560E-02 7.6966107E-02 7.8293845E-02 7.9632886E-02 8.0928430E-02 8.2231350E-02 8.3481722E-02 8.4735028E-02 8.5925683E-02 8.7115467E-02 8.8231660E-02 8.9344181E-02 9.0370551E-02 9.1391698E-02 9.2313237E-02 9.3230754E-02 9.4031505E-02 9.4835781E-02 9.5503554E-02 9.6216030E-02 9.6839301E-02 9.8052837E-02 9.9579200E-02
3.6054309E-02 3.6820535E-02 3.7616815E-02 3.8422678E-02 3.9260238E-02 4.0107131E-02 4.0986426E-02 4.1875534E-02 4.2797219E-02 4.3728504E-02 4.4692852E-02 4.5666520E-02 4.6673432E-02 4.7689002E-02 4.8738394E-02 4.9794644E-02 5.0885532E-02 5.1981740E-02 5.3111762E-02 5.4245792E-02 5.5412821E-02 5.6581821E-02 5.7781868E-02 5.8981631E-02 6.0211729E-02 6.1437573E-02 6.2691942E-02 6.3938484E-02 6.5210991E-02 6.6470660E-02 6.7753740E-02 6.9018722E-02 7.0303664E-02 7.1564324E-02 7.2841473E-02 7.4087664E-02 7.5346723E-02 7.6566994E-02 7.7796414E-02 7.8979142E-02 8.0167294E-02 8.1299581E-02 8.2433641E-02 8.3502099E-02 8.4569752E-02 8.5560851E-02 8.6549252E-02 8.7449349E-02 8.8347115E-02 8.9142025E-02 8.9938253E-02 9.0612143E-02 9.1295421E-02 9.1804102E-02 9.2265166E-02 9.2006646E-02 9.1299720E-02
3.5430849E-02 3.6175504E-02 3.6928196E-02 3.7710574E-02 3.8501229E-02 3.9321907E-02 4.0151380E-02 4.1011244E-02 4.1879479E-02 4.2778578E-02 4.3685544E-02 4.4624042E-02 4.5569576E-02 4.6547178E-02 4.7530342E-02 4.8545912E-02 4.9566343E-02 5.0618134E-02 5.1673468E-02 5.2759528E-02 5.3847723E-02 5.4965027E-02 5.6081511E-02 5.7227373E-02 5.8369029E-02 5.9538022E-02 6.0699876E-02 6.1887071E-02 6.3062489E-02 6.4261071E-02 6.5443404E-02 6.6645905E-02 6.7826502E-02 6.9024317E-02 7.0194215E-02 7.1378298E-02 7.2527602E-02 7.3687568E-02 7.4805714E-02 7.5931348E-02 7.7006869E-02 7.8086473E-02 7.9107419E-02 8.0130056E-02 8.1084289E-02 8.2038283E-02 8.2913518E-02 8.3788358E-02 8.4572114E-02 8.5357592E-02 8.6036719E-02 8.6726174E-02 8.7290674E-02 8.7906413E-02 8.8444121E-02 8.9559898E-02 9.0986222E-02
3.4837298E-02 3.5541344E-02 3.6273051E-02 3.7012067E-02 3.7778996E-02 3.8553666E-02 3.9356884E-02 4.0167220E-02 4.1006710E-02 4.1852571E-02 4.2728361E-02 4.3609940E-02 4.4521514E-02 4.5437973E-02 4.6384443E-02 4.7335390E-02 4.8315562E-02 4.9298931E-02 5.0310988E-02 5.1324617E-02 5.2366521E-02 5.3406529E-02 5.4474931E-02 5.5539370E-02 5.6629911E-02 5.7713766E-02 5.8822341E-02 5.9920032E-02 6.1040498E-02 6.2146302E-02 6.3272446E-02 6.4378724E-02 6.5502644E-02 6.6601314E-02 6.7715034E-02 6.8797521E-02 6.9891825E-02 7.0948601E-02 7.2014384E-02 7.3035233E-02 7.4061997E-02 7.5036168E-02 7.6014154E-02 7.6930903E-02 7.7849455E-02 7.8697659E-02 7.9547182E-02 8.0315478E-02 8.1086278E-02 8.1762753E-02 8.2446501E-02 8.3018020E-02 8.3605222E-02 8.4031127E-02 8.4418751E-02 8.4121875E-02 8.3401024E-02
3.4237880E-02 3.4922961E-02 3.5614420E-02 3.6332030E-02 3.7056204E-02 3.7807427E-02 3.8564492E-02 3.9349277E-02 4.0139243E-02 4.0957265E-02 4.1780420E-02 4.2631418E-02 4.3486740E-02 4.4370014E-02 4.5257069E-02 4.6171758E-02 4.7088940E-02 4.8033502E-02 4.8978467E-02 4.9951088E-02 5.0921295E-02 5.1918190E-02 5.2911725E-02 5.3930167E-02 5.4942179E-02 5.5978268E-02 5.7004362E-02 5.8052644E-02 5.9087623E-02 6.0142897E-02 6.1180230E-02 6.2235296E-02 6.3267559E-02 6.4315274E-02 6.5334998E-02 6.6367321E-02 6.7365870E-02 6.8374641E-02 6.9343030E-02 7.0318833E-02 7.1247242E-02 7.2181202E-02 7.3060282E-02 7.3942870E-02 7.4762233E-02 7.5584494E-02 7.6334022E-02 7.7086948E-02 7.7756055E-02 7.8431740E-02 7.9010010E-02 7.9603374E-02 8.0082178E-02 8.0616362E-02 8.1082277E-02 8.2112543E-02 8.3447441E-02
3.3668004E-02 3.4315716E-02 3.4988068E-02 3.5665791E-02 3.6369108E-02 3.7077319E-02 3.7811678E-02 3.8550541E-02 3.9315432E-02 4.0084891E-02 4.0880386E-02 4.1679427E-02 4.2504799E-02 4.3333098E-02 4.4187743E-02 4.5044065E-02 4.5926645E-02 4.6808742E-02 4.7717281E-02 4.8623636E-02 4.9554739E-02 5.0482873E-02 5.1434997E-02 5.2380763E-02 5.3349763E-02 5.4309726E-02 5.5291194E-02 5.6260515E-02 5.7249878E-02 5.8223099E-02 5.9214059E-02 6.0184333E-02 6.1170321E-02 6.2131207E-02 6.3105345E-02 6.4048849E-02 6.5003566E-02 6.5921873E-02 6.6848792E-02 6.7732818E-02 6.8623737E-02 6.9465324E-02 7.0311978E-02 7.1101554E-02 7.1895421E-02 7.2624005E-02 7.3357038E-02 7.4015215E-02 7.4679777E-02 7.5257987E-02 7.5847454E-02 7.6333404E-02 7.6839462E-02 7.7195309E-02 7.7519894E-02 7.7189244E-02 7.6455757E-02
3.3093791E-02 3.3724412E-02 3.4359388E-02 3.5018481E-02 3.5681769E-02 3.6369625E-02 3.7061498E-02 3.7777625E-02 3.8497575E-02 3.9242201E-02 3.9989490E-02 4.0761705E-02 4.1536033E-02 4.2335387E-02 4.3135706E-02 4.3961108E-02 4.4785593E-02 4.5634884E-02 4.6482485E-02 4.7353208E-02 4.8220865E-02 4.9111821E-02 4.9996596E-02 5.0903615E-02 5.1802427E-02 5.2722167E-02 5.3630613E-02 5.4558717E-02 5.5472180E-02 5.6403380E-02 5.7315711E-02 5.8243867E-02 5.9149265E-02 6.0068619E-02 6.0959999E-02 6.1863348E-02 6.2733851E-02 6.3614130E-02 6.4455435E-02 6.5304600E-02 6.6109188E-02 6.6920236E-02 6.7679673E-02 6.8444550E-02 6.9150604E-02 6.9862135E-02 7.0506454E-02 7.1157254E-02 7.1730986E-02 7.2314851E-02 7.2808474E-02 7.3321052E-02 7.3727563E-02 7.4192688E-02 7.4596763E-02 7.5550810E-02 7.6803818E-02
