T0-Fulltest/fault3d/GL12.grd
DSAA
         130         130
  -50.00000       50.00000    
  -50.00000       50.00000    
 -0.4251652       102.8400    
[rows 104 to 129 of 130, columns 0 to 57 of 130]
5.9170678E-02 6.1182108E-02 6.3475691E-02 6.5674298E-02 6.8169862E-02 7.0573434E-02 7.3290527E-02 7.5918034E-02 7.8876704E-02 8.1749119E-02 8.4971026E-02 8.8109799E-02 9.1617972E-02 9.5044903E-02 9.8862968E-02 0.1026017 0.1067516 0.1108238 0.1153297 0.1197562 0.1246390 0.1294401 0.1347178 0.1399064 0.1455923 0.1511775 0.1572787 0.1632620 0.1697756 0.1761461 0.1830580 0.1897905 0.1970703 0.2041244 0.2117260 0.2190405 0.2268957 0.2343856 0.2424043 0.2499614 0.2580312 0.2655233 0.2735128 0.2807844 0.2885438 0.2954187 0.3027909 0.3090754 0.3159108 0.3214060 0.3276626 0.3325101 0.3400568 0.3439484 0.3477999 0.3505368 0.3530332 0.3546607
5.8243353E-02 6.0358386E-02 6.2376369E-02 6.4672507E-02 6.6873685E-02 6.9367930E-02 7.1768753E-02 7.4478425E-02 7.7096887E-02 8.0040798E-02 8.2895570E-02 8.6093351E-02 8.9202911E-02 9.2674822E-02 9.6059479E-02 9.9824063E-02 0.1035020 0.1075806 0.1115698 0.1159799 0.1202981 0.1250551 0.1297130 0.1348288 0.1398346 0.1453159 0.1506721 0.1565172 0.1622152 0.1684139 0.1744337 0.1809617 0.1872715 0.1940929 0.2006438 0.2077037 0.2144273 0.2216534 0.2284617 0.2357622 0.2425471 0.2498145 0.2564479 0.2635573 0.2698925 0.2767104 0.2825845 0.2889759 0.2942082 0.3000419 0.3043545 0.3091843 0.3104706 0.3143282 0.3171782 0.3200307 0.3219841 0.3236336
5.7469498E-02 5.9324838E-02 6.1441321E-02 6.3460752E-02 6.5754831E-02 6.7952648E-02 7.0439167E-02 7.2831005E-02 7.5526610E-02 7.8128658E-02 8.1050150E-02 8.3878100E-02 8.7042853E-02 9.0114214E-02 9.3537897E-02 9.6868195E-02 0.1005697 0.1041745 0.1081686 0.1120631 0.1163632 0.1205565 0.1251729 0.1296726 0.1346117 0.1394205 0.1446815 0.1497927 0.1553683 0.1607659 0.1666363 0.1722956 0.1784330 0.1843141 0.1906742 0.1967222 0.2032466 0.2093894 0.2160030 0.2221520 0.2287665 0.2348161 0.2413277 0.2471556 0.2534512 0.2589206 0.2648836 0.2698460 0.2753713 0.2796758 0.2847601 0.2885763 0.2950151 0.2980753 0.3011986 0.3033491 0.3053848 0.3066869
5.6516543E-02 5.8470841E-02 6.0326699E-02 6.2440544E-02 6.4456128E-02 6.6742346E-02 6.8931371E-02 7.1404837E-02 7.3781319E-02 7.6456293E-02 7.9033785E-02 8.1925094E-02 8.4718511E-02 8.7839819E-02 9.0862617E-02 9.4230585E-02 9.7496107E-02 0.1011229 0.1046445 0.1085420 0.1123272 0.1165046 0.1205604 0.1250234 0.1293525 0.1341012 0.1386984 0.1437276 0.1485803 0.1538735 0.1589622 0.1644982 0.1697902 0.1755330 0.1809842 0.1868863 0.1924374 0.1984374 0.2040156 0.2100410 0.2155588 0.2215229 0.2268785 0.2326860 0.2377640 0.2433139 0.2479885 0.2531834 0.2573142 0.2620598 0.2654134 0.2693168 0.2699334 0.2730575 0.2752916 0.2776233 0.2791753 0.2805358
5.5716343E-02 5.7424679E-02 5.9375972E-02 6.1227620E-02 6.3333616E-02 6.5340802E-02 6.7614935E-02 6.9789663E-02 7.2243907E-02 7.4597970E-02 7.7245153E-02 7.9791144E-02 8.2643531E-02 8.5393496E-02 8.8465273E-02 9.1430463E-02 9.4731942E-02 9.7924024E-02 0.1014658 0.1048912 0.1086814 0.1123466 0.1163903 0.1202976 0.1245953 0.1287412 0.1332895 0.1376634 0.1424488 0.1470358 0.1520414 0.1568142 0.1620115 0.1669349 0.1722846 0.1773091 0.1827610 0.1878269 0.1933212 0.1983561 0.2038204 0.2087389 0.2140928 0.2187974 0.2239541 0.2283388 0.2332129 0.2371621 0.2416794 0.2450761 0.2492600 0.2522908 0.2578607 0.2602870 0.2628541 0.2645567 0.2662322 0.2672778
5.4752611E-02 5.6556929E-02 5.8260839E-02 6.0204268E-02 6.2047884E-02 6.4142600E-02 6.6136234E-02 6.8392396E-02 7.0546508E-02 7.2975330E-02 7.5300567E-02 7.7912949E-02 8.0420077E-02 8.3227903E-02 8.5926376E-02 8.8938862E-02 9.1838948E-02 9.5065340E-02 9.8172672E-02 0.1016202 0.1049402 0.1086133 0.1121487 0.1160485 0.1197965 0.1239205 0.1278725 0.1322097 0.1363543 0.1408913 0.1452055 0.1499198 0.1543751 0.1592335 0.1637891 0.1687508 0.1733571 0.1783727 0.1829696 0.1879784 0.1924941 0.1974285 0.2017806 0.2065661 0.2106650 0.2152269 0.2189741 0.2232410 0.2265253 0.2304304 0.2330522 0.2362425 0.2363653 0.2389273 0.2406897 0.2426139 0.2438519 0.2449878
5.3940658E-02 5.5511139E-02 5.7307661E-02 5.9003863E-02 6.0936805E-02 6.2767781E-02 6.4845860E-02 6.6820838E-02 6.9053821E-02 7.1181819E-02 7.3579423E-02 7.5869858E-02 7.8442007E-02 8.0903113E-02 8.3658129E-02 8.6298771E-02 8.9244694E-02 9.2069864E-02 9.5213018E-02 9.8227479E-02 0.1015720 0.1047784 0.1083256 0.1117220 0.1154703 0.1190495 0.1229899 0.1267431 0.1308648 0.1347728 0.1390581 0.1430976 0.1475183 0.1516555 0.1561785 0.1603720 0.1649563 0.1691563 0.1737508 0.1778968 0.1824446 0.1864670 0.1909046 0.1947276 0.1989900 0.2025290 0.2065524 0.2097167 0.2134497 0.2161472 0.2196304 0.2220559 0.2269377 0.2288756 0.2310061 0.2323589 0.2337559 0.2346025
5.2977219E-02 5.4640695E-02 5.6203831E-02 5.7990506E-02 5.9674896E-02 6.1592452E-02 6.3406296E-02 6.5463163E-02 6.7414217E-02 6.9619000E-02 7.1715444E-02 7.4076630E-02 7.6325834E-02 7.8850776E-02 8.1260189E-02 8.3956048E-02 8.6530127E-02 8.9402325E-02 9.2145406E-02 9.5197842E-02 9.8112389E-02 0.1013464 0.1044311 0.1078457 0.1110946 0.1146827 0.1180888 0.1218417 0.1253890 0.1292922 0.1329618 0.1369920 0.1407556 0.1448854 0.1487084 0.1529040 0.1567448 0.1609628 0.1647706 0.1689634 0.1726789 0.1767921 0.1803512 0.1843283 0.1876582 0.1914424 0.1944655 0.1980051 0.2006317 0.2038783 0.2059328 0.2085663 0.2083221 0.2104418 0.2118358 0.2134445 0.2144398 0.2153916
5.2163821E-02 5.3606585E-02 5.5260848E-02 5.6812886E-02 5.8585338E-02 6.0253993E-02 6.2152058E-02 6.3944139E-02 6.5975428E-02 6.7897916E-02 7.0069760E-02 7.2129279E-02 7.4448057E-02 7.6650850E-02 7.9123095E-02 8.1473216E-02 8.4103450E-02 8.6604953E-02 8.9396968E-02 9.2051923E-02 9.5007032E-02 9.7814560E-02 0.1009322 0.1038876 0.1071621 0.1102597 0.1136842 0.1169106 0.1204730 0.1238127 0.1274939 0.1309232 0.1347002 0.1381902 0.1420350 0.1455506 0.1494265 0.1529252 0.1567924 0.1602235 0.1640351 0.1673443 0.1710517 0.1741763 0.1777294 0.1806032 0.1839548 0.1865046 0.1896190 0.1917696 0.1946994 0.1966514 0.2009746 0.2025287 0.2043193 0.2054010 0.2065711 0.2072569
5.1210780E-02 5.2745007E-02 5.4177340E-02 5.5818457E-02 5.7356123E-02 5.9110753E-02 6.0759541E-02 6.2634416E-02 6.4400539E-02 6.6402055E-02 6.8291388E-02 7.0425004E-02 7.2442621E-02 7.4714363E-02 7.6864243E-02 7.9277866E-02 8.1563585E-02 8.4122822E-02 8.6546212E-02 8.9252181E-02 9.1812678E-02 9.4665326E-02 9.7359143E-02 0.1003539 0.1031765 0.1063078 0.1092479 0.1125056 0.1155505 0.1189190 0.1220488 0.1255087 0.1286989 0.1322271 0.1354483 0.1390136 0.1422301 0.1457990 0.1489674 0.1524997 0.1555738 0.1590277 0.1619537 0.1652853 0.1680060 0.1711721 0.1736245 0.1765872 0.1786966 0.1814224 0.1830349 0.1852282 0.1847097 0.1864846 0.1875923 0.1889445 0.1897457 0.1905540
5.0406050E-02 5.1729951E-02 5.3251926E-02 5.4671042E-02 5.6295760E-02 5.7815168E-02 5.9548669E-02 6.1173916E-02 6.3021742E-02 6.4757906E-02 6.6724829E-02 6.8576179E-02 7.0667572E-02 7.2638020E-02 7.4857272E-02 7.6949872E-02 7.9300478E-02 8.1516795E-02 8.3999686E-02 8.6339466E-02 8.8955030E-02 9.1415264E-02 9.4159633E-02 9.6736558E-02 9.9605411E-02 0.1022896 0.1052743 0.1080553 0.1111430 0.1140040 0.1171786 0.1200988 0.1233409 0.1262958 0.1295790 0.1325383 0.1358344 0.1387609 0.1420353 0.1448896 0.1481064 0.1508422 0.1539628 0.1565307 0.1595163 0.1618621 0.1646778 0.1667412 0.1693641 0.1710860 0.1735762 0.1751577 0.1790312 0.1802856 0.1817999 0.1826666 0.1836606 0.1842135
4.9470697E-02 5.0884329E-02 5.2195951E-02 5.3702738E-02 5.5105042E-02 5.6710422E-02 5.8208365E-02 5.9917215E-02 6.1515283E-02 6.3331790E-02 6.5033570E-02 6.6962466E-02 6.8771616E-02 7.0816115E-02 7.2735354E-02 7.4898496E-02 7.6929249E-02 7.9211913E-02 8.1354015E-02 8.3756886E-02 8.6007997E-02 8.8527791E-02 9.0884820E-02 9.3518063E-02 9.5973067E-02 9.8712705E-02 0.1012569 0.1040923 0.1067115 0.1096291 0.1123058 0.1152891 0.1180028 0.1210297 0.1237544 0.1268010 0.1295048 0.1325412 0.1351907 0.1381861 0.1407411 0.1436618 0.1460796 0.1488911 0.1511248 0.1537946 0.1557923 0.1582939 0.1599951 0.1623043 0.1635687 0.1654133 0.1646906 0.1661849 0.1670661 0.1682188 0.1688609 0.1695485
4.8680659E-02 4.9894731E-02 5.1294290E-02 5.2590504E-02 5.4079667E-02 5.5462454E-02 5.7045426E-02 5.8518771E-02 6.0199216E-02 6.1766151E-02 6.3548401E-02 6.5212227E-02 6.7099139E-02 6.8862490E-02 7.0856743E-02 7.2720714E-02 7.4823283E-02 7.6787978E-02 7.8999542E-02 8.1062973E-02 8.3380923E-02 8.5540660E-02 8.7962098E-02 9.0211295E-02 9.2730552E-02 9.5062114E-02 9.7670175E-02 0.1000719 0.1027574 0.1052145 0.1079636 0.1104586 0.1132525 0.1157636 0.1185819 0.1210812 0.1238983 0.1263574 0.1291467 0.1315309 0.1342631 0.1365355 0.1391800 0.1412998 0.1438272 0.1457497 0.1481345 0.1498116 0.1520391 0.1534200 0.1555564 0.1568406 0.1603361 0.1613520 0.1626501 0.1633404 0.1641870 0.1646377
4.7767911E-02 4.9069773E-02 5.0269593E-02 5.1653061E-02 5.2931447E-02 5.4400172E-02 5.5760521E-02 5.7317704E-02 5.8762759E-02 6.0412325E-02 6.1944999E-02 6.3689470E-02 6.5312363E-02 6.7154139E-02 6.8867974E-02 7.0808195E-02 7.2613306E-02 7.4652463E-02 7.6547123E-02 7.8683265E-02 8.0665596E-02 8.2896248E-02 8.4960312E-02 8.7280899E-02 8.9420907E-02 9.1823861E-02 9.4029270E-02 9.6505038E-02 9.8763518E-02 0.1013002 0.1035968 0.1061788 0.1084947 0.1111043 0.1134157 0.1160309 0.1183135 0.1209115 0.1231351 0.1256904 0.1278233 0.1303087 0.1323151 0.1347042 0.1365453 0.1388143 0.1404486 0.1425778 0.1439527 0.1459272 0.1469164 0.1484808 0.1476106 0.1488850 0.1495804 0.1505661 0.1510857 0.1516781
4.6997223E-02 4.8109271E-02 4.9396418E-02 5.0579894E-02 5.1944673E-02 5.3202566E-02 5.4647736E-02 5.5982459E-02 5.7511680E-02 5.8925789E-02 6.0541201E-02 6.2037252E-02 6.3741110E-02 6.5319434E-02 6.7112975E-02 6.8774216E-02 7.0657656E-02 7.2400242E-02 7.4372254E-02 7.6194696E-02 7.8253128E-02 8.0150373E-02 8.2291529E-02 8.4258743E-02 8.6476192E-02 8.8504329E-02 9.0790041E-02 9.2868842E-02 9.5212758E-02 9.7329065E-02 9.9717930E-02 0.1018560 0.1042746 0.1064136 0.1088431 0.1109625 0.1133832 0.1154566 0.1178463 0.1198462 0.1221808 0.1240759 0.1263319 0.1280884 0.1302436 0.1318260 0.1338612 0.1352276 0.1371357 0.1382441 0.1400929 0.1411414 0.1443250 0.1451443 0.1462612 0.1468156 0.1475458 0.1479106
4.6110883E-02 4.7310133E-02 4.8407216E-02 4.9677283E-02 5.0842069E-02 5.2185398E-02 5.3420004E-02 5.4839894E-02 5.6146573E-02 5.7644900E-02 5.9026130E-02 6.0604997E-02 6.2060717E-02 6.3721403E-02 6.5252587E-02 6.6995099E-02 6.8600282E-02 7.0423812E-02 7.2101839E-02 7.4004486E-02 7.5751066E-02 7.7729948E-02 7.9541065E-02 8.1590563E-02 8.3458409E-02 8.5571922E-02 8.7487817E-02 8.9656621E-02 9.1609053E-02 9.3821906E-02 9.5797598E-02 9.8041341E-02 0.1000222 0.1022810 0.1042495 0.1065060 0.1084390 0.1106739 0.1125475 0.1147396 0.1165265 0.1186549 0.1203258 0.1223702 0.1238939 0.1258356 0.1271758 0.1290022 0.1301142 0.1318141 0.1325810 0.1339140 0.1329259 0.1340163 0.1345682 0.1354214 0.1358389 0.1363519
4.5363385E-02 4.6381798E-02 4.7565360E-02 4.8645493E-02 4.9895968E-02 5.1039673E-02 5.2360091E-02 5.3569295E-02 5.4961111E-02 5.6238163E-02 5.7703525E-02 5.9048139E-02 6.0588315E-02 6.2001832E-02 6.3616574E-02 6.5097466E-02 6.6786394E-02 6.8333805E-02 7.0095219E-02 7.1705543E-02 7.3537283E-02 7.5207122E-02 7.7104211E-02 7.8826718E-02 8.0783665E-02 8.2551591E-02 8.4560946E-02 8.6364202E-02 8.8416390E-02 9.0243839E-02 9.2327543E-02 9.4163395E-02 9.6265025E-02 9.8094217E-02 0.1001986 0.1020008 0.1040912 0.1058458 0.1079035 0.1095865 0.1115934 0.1131793 0.1151165 0.1165778 0.1184277 0.1197333 0.1214832 0.1225981 0.1242439 0.1251328 0.1267458 0.1276021 0.1305225 0.1311890 0.1321616 0.1326029 0.1332364 0.1335334
4.4506211E-02 4.5610700E-02 4.6613630E-02 4.7779348E-02 4.8840273E-02 5.0070066E-02 5.1190652E-02 5.2485451E-02 5.3667773E-02 5.5029862E-02 5.6273576E-02 5.7704184E-02 5.9010994E-02 6.0509536E-02 6.1877813E-02 6.3444465E-02 6.4873420E-02 6.6506498E-02 6.7993261E-02 6.9691308E-02 7.1232922E-02 7.2991468E-02 7.4582078E-02 7.6396570E-02 7.8029983E-02 7.9894021E-02 8.1561409E-02 8.3466835E-02 8.5158892E-02 8.7096013E-02 8.8798769E-02 9.0755850E-02 9.2456371E-02 9.4420008E-02 9.6100442E-02 9.8056428E-02 9.9699110E-02 0.1016308 0.1032146 0.1051060 0.1066085 0.1084424 0.1098393 0.1115995 0.1128639 0.1145375 0.1156390 0.1172166 0.1181167 0.1195932 0.1201830 0.1213310 0.1202642 0.1212078 0.1216407 0.1223842 0.1227211 0.1231721
4.3784589E-02 4.4716958E-02 4.5805141E-02 4.6790443E-02 4.7937371E-02 4.8977185E-02 5.0183445E-02 5.1279414E-02 5.2547287E-02 5.3699274E-02 5.5029977E-02 5.6239847E-02 5.7632498E-02 5.8898527E-02 6.0353965E-02 6.1675303E-02 6.3191675E-02 6.4566381E-02 6.6142775E-02 6.7567937E-02 6.9200411E-02 7.0671193E-02 7.2356008E-02 7.3867016E-02 7.5598516E-02 7.7142082E-02 7.8913398E-02 8.0481634E-02 8.2284376E-02 8.3864912E-02 8.5688941E-02 8.7270707E-02 8.9104220E-02 9.0671666E-02 9.2502676E-02 9.4040476E-02 9.5854126E-02 9.7343519E-02 9.9125490E-02 0.1005468 0.1022816 0.1036133 0.1052864 0.1065054 0.1081042 0.1091839 0.1106981 0.1116092 0.1130403 0.1137512 0.1151701 0.1158718 0.1185681 0.1191075 0.1199602 0.1203123 0.1208694 0.1211141
4.2958252E-02 4.3975417E-02 4.4891618E-02 4.5962673E-02 4.6928793E-02 4.8054215E-02 4.9071502E-02 5.0253294E-02 5.1321864E-02 5.2561302E-02 5.3682830E-02 5.4979056E-02 5.6152083E-02 5.7506189E-02 5.8729678E-02 6.0139872E-02 6.1412692E-02 6.2878154E-02 6.4197384E-02 6.5715052E-02 6.7076817E-02 6.8643354E-02 7.0042849E-02 7.1653187E-02 7.3083639E-02 7.4732080E-02 7.6186746E-02 7.7865988E-02 7.9334162E-02 8.1035562E-02 8.2507722E-02 8.4220953E-02 8.5683510E-02 8.7398276E-02 8.8837788E-02 9.0540819E-02 9.1940559E-02 9.3618952E-02 9.4961695E-02 9.6601941E-02 9.7868904E-02 9.9457778E-02 0.1006287 0.1021542 0.1032057 0.1046571 0.1055642 0.1069373 0.1076649 0.1089568 0.1094041 0.1103987 0.1092731 0.1100951 0.1104337 0.1110892 0.1113627 0.1117613
4.2264383E-02 4.3117415E-02 4.4118844E-02 4.5017485E-02 4.6068814E-02 4.7014304E-02 4.8117340E-02 4.9109820E-02 5.0265826E-02 5.1306665E-02 5.2514814E-02 5.3603083E-02 5.4864541E-02 5.5998825E-02 5.7312161E-02 5.8492064E-02 5.9856031E-02 6.1078668E-02 6.2491432E-02 6.3753679E-02 6.5211982E-02 6.6509627E-02 6.8009019E-02 6.9335915E-02 7.0871770E-02 7.2222397E-02 7.3788352E-02 7.5153597E-02 7.6742277E-02 7.8113452E-02 7.9715617E-02 8.1080936E-02 8.2687549E-02 8.4035106E-02 8.5634634E-02 8.6949758E-02 8.8530637E-02 8.9798361E-02 9.1348924E-02 9.2552587E-02 9.4060622E-02 9.5182300E-02 9.6636578E-02 9.7655736E-02 9.9045821E-02 9.9941097E-02 0.1012615 0.1020063 0.1032603 0.1038282 0.1050871 0.1056631 0.1081685 0.1086062 0.1093621 0.1096439 0.1101371 0.1103347
4.1469667E-02 4.2407144E-02 4.3243956E-02 4.4227261E-02 4.5107137E-02 4.6138108E-02 4.7061045E-02 4.8140611E-02 4.9107835E-02 5.0235528E-02 5.1246468E-02 5.2423351E-02 5.3476367E-02 5.4701231E-02 5.5796497E-02 5.7067748E-02 5.8202401E-02 5.9519429E-02 6.0690869E-02 6.2050205E-02 6.3254930E-02 6.4652823E-02 6.5885112E-02 6.7317784E-02 6.8573184E-02 7.0035048E-02 7.1305715E-02 7.2790362E-02 7.4068159E-02 7.5567402E-02 7.6842338E-02 7.8348339E-02 7.9609983E-02 8.1112839E-02 8.2348302E-02 8.3837494E-02 8.5033610E-02 8.6498916E-02 8.7640658E-02 8.9070871E-02 9.0142578E-02 9.1527410E-02 9.2511043E-02 9.3840577E-02 9.4717428E-02 9.5985368E-02 9.6732989E-02 9.7936779E-02 9.8524712E-02 9.9664375E-02 9.9996626E-02 0.1008654 9.9700809E-02 0.1004247 0.1006895 0.1012722 0.1014906 0.1018419
4.0803451E-02 4.1583683E-02 4.2504534E-02 4.3324273E-02 4.4289105E-02 4.5148380E-02 4.6157856E-02 4.7057778E-02 4.8111819E-02 4.9051885E-02 5.0151281E-02 5.1130190E-02 5.2273851E-02 5.3291768E-02 5.4478247E-02 5.5532515E-02 5.6761704E-02 5.7850074E-02 5.9118621E-02 6.0238194E-02 6.1542924E-02 6.2688485E-02 6.4026333E-02 6.5194204E-02 6.6560127E-02 6.7743495E-02 6.9132067E-02 7.0323586E-02 7.1727574E-02 7.2918765E-02 7.4331418E-02 7.5513102E-02 7.6925747E-02 7.8086391E-02 7.9489626E-02 8.0617681E-02 8.2002275E-02 8.3084270E-02 8.4440209E-02 8.5462280E-02 8.6780056E-02 8.7726444E-02 8.8996902E-02 8.9851096E-02 9.1067739E-02 9.1810770E-02 9.2969641E-02 9.3578637E-02 9.4685584E-02 9.5136896E-02 9.6262842E-02 9.6737690E-02 9.9081136E-02 9.9439114E-02 0.1001148 0.1003358 0.1007715 0.1009286
4.0041354E-02 4.0904805E-02 4.1669272E-02 4.2573240E-02 4.3374117E-02 4.4319265E-02 4.5157526E-02 4.6143916E-02 4.7019057E-02 4.8047233E-02 4.8958365E-02 5.0027471E-02 5.0974555E-02 5.2083466E-02 5.3064179E-02 5.4212704E-02 5.5225041E-02 5.6410335E-02 5.7451852E-02 5.8671024E-02 5.9737131E-02 6.0987785E-02 6.2075183E-02 6.3352689E-02 6.4455621E-02 6.5755494E-02 6.6867433E-02 6.8183273E-02 6.9296785E-02 7.0622705E-02 7.1729727E-02 7.3058046E-02 7.4148342E-02 7.5470820E-02 7.6534212E-02 7.7842407E-02 7.8866862E-02 8.0152087E-02 8.1125423E-02 8.2378715E-02 8.3286926E-02 8.4500059E-02 8.5328482E-02 8.6494647E-02 8.7226748E-02 8.8340975E-02 8.8957295E-02 9.0019763E-02 9.0492822E-02 9.1505431E-02 9.1745228E-02 9.2511006E-02 9.1324039E-02 9.1966130E-02 9.2166439E-02 9.2683569E-02 9.2854775E-02 9.3166940E-02
3.9403871E-02 4.0117517E-02 4.0965427E-02 4.1712712E-02 4.2598698E-02 4.3380462E-02 4.4304613E-02 4.5120262E-02 4.6082996E-02 4.6932019E-02 4.7932658E-02 4.8814867E-02 4.9852639E-02 5.0765958E-02 5.1840410E-02 5.2783005E-02 5.3891797E-02 5.4861698E-02 5.6002192E-02 5.6995351E-02 5.8165751E-02 5.9179176E-02 6.0375243E-02 6.1404128E-02 6.2622130E-02 6.3660607E-02 6.4894892E-02 6.5936320E-02 6.7181706E-02 6.8219222E-02 6.9468841E-02 7.0493206E-02 7.1739934E-02 7.2742119E-02 7.3978253E-02 7.4947625E-02 7.6165564E-02 7.7091411E-02 7.8282900E-02 7.9152606E-02 8.0310069E-02 8.1110589E-02 8.2227223E-02 8.2943968E-02 8.4014617E-02 8.4631316E-02 8.5654579E-02 8.6150914E-02 8.7133877E-02 8.7488867E-02 8.8501789E-02 8.8891976E-02 9.1091730E-02 9.1379106E-02 9.1982856E-02 9.2152536E-02 9.2541210E-02 9.2664883E-02
3.8674198E-02 3.9470516E-02 4.0168602E-02 4.1000150E-02 4.1730043E-02 4.2596888E-02 4.3357864E-02 4.4260319E-02 4.5052268E-02 4.5989897E-02 4.6812471E-02 4.7784783E-02 4.8636146E-02 4.9642414E-02 5.0520968E-02 5.1559240E-02 5.2463416E-02 5.3531516E-02 5.4457534E-02 5.5553939E-02 5.6499291E-02 5.7620179E-02 5.8580749E-02 5.9723008E-02 6.0693506E-02 6.1852172E-02 6.2826797E-02 6.3997276E-02 6.4970203E-02 6.6146567E-02 6.7109257E-02 6.8285063E-02 6.9229536E-02 7.0397772E-02 7.1314640E-02 7.2468698E-02 7.3348500E-02 7.4480854E-02 7.5312160E-02 7.6415673E-02 7.7186830E-02 7.8255042E-02 7.8953236E-02 7.9981044E-02 8.0592386E-02 8.1577055E-02 8.2083806E-02 8.3026379E-02 8.3403595E-02 8.4307246E-02 8.4468648E-02 8.5144207E-02 8.3939575E-02 8.4508471E-02 8.4654897E-02 8.5117638E-02 8.5249372E-02 8.5527770E-02
