T0-Fulltest/fault3d/GL12.grd
DSAA
         130         130
  -50.00000       50.00000    
  -50.00000       50.00000    
 -0.4251652       102.8400    
[rows 26 to 51 of 130, columns 0 to 57 of 130]
5.6855150E-02 5.8923844E-02 6.0899034E-02 6.3142739E-02 6.5293364E-02 6.7726530E-02 7.0068359E-02 7.2707728E-02 7.5257435E-02 7.8121260E-02 8.0896392E-02 8.4003255E-02 8.7023467E-02 9.0392686E-02 9.3676977E-02 9.7330853E-02 0.1008986 0.1048555 0.1087272 0.1130089 0.1172034 0.1218305 0.1263672 0.1313577 0.1362513 0.1416202 0.1468838 0.1526453 0.1582878 0.1644487 0.1704720 0.1770328 0.1834299 0.1903825 0.1971382 0.2044652 0.2115500 0.2192185 0.2265872 0.2345504 0.2421404 0.2503349 0.2580647 0.2664099 0.2741733 0.2825689 0.2902347 0.2985653 0.3059692 0.3140988 0.3209692 0.3284754 0.3331736 0.3401917 0.3459803 0.3522062 0.3572246 0.3623794
5.7643164E-02 5.9610162E-02 6.1848979E-02 6.3994505E-02 6.6426165E-02 6.8766937E-02 7.1409471E-02 7.3963434E-02 7.6836281E-02 7.9622507E-02 8.2745872E-02 8.5785657E-02 8.9181162E-02 9.2495814E-02 9.6187875E-02 9.9799633E-02 0.1038095 0.1077420 0.1120950 0.1163707 0.1210915 0.1257342 0.1308454 0.1358751 0.1413974 0.1468330 0.1527868 0.1586442 0.1650429 0.1713312 0.1781833 0.1849038 0.1922094 0.1993555 0.2071055 0.2146564 0.2228261 0.2307455 0.2392962 0.2475296 0.2564043 0.2648768 0.2739987 0.2826089 0.2918784 0.3004977 0.3097953 0.3182640 0.3274559 0.3355891 0.3446103 0.3524805 0.3626317 0.3697149 0.3772689 0.3834721 0.3899274 0.3951479
5.8230914E-02 6.0460664E-02 6.2596306E-02 6.5021597E-02 6.7355752E-02 6.9995776E-02 7.2547510E-02 7.5422883E-02 7.8212798E-02 8.1345327E-02 8.4396444E-02 8.7809637E-02 9.1145128E-02 9.4865642E-02 9.8510817E-02 0.1025627 0.1065438 0.1109561 0.1152997 0.1201006 0.1248346 0.1300517 0.1352016 0.1408614 0.1464523 0.1525816 0.1586364 0.1652560 0.1717917 0.1789185 0.1859455 0.1935885 0.2011099 0.2092700 0.2172753 0.2259380 0.2344015 0.2435380 0.2524154 0.2619779 0.2712036 0.2811223 0.2906030 0.3007825 0.3103948 0.3207150 0.3303006 0.3406148 0.3499722 0.3601061 0.3689151 0.3783853 0.3848853 0.3937814 0.4013204 0.4092687 0.4158524 0.4224928
5.8952145E-02 6.1073378E-02 6.3487567E-02 6.5809816E-02 6.8441793E-02 7.0985176E-02 7.3856525E-02 7.6643027E-02 7.9777196E-02 8.2831331E-02 8.6253583E-02 8.9600340E-02 9.3339205E-02 9.7006910E-02 0.1010896 0.1051070 0.1095657 0.1139634 0.1188301 0.1236400 0.1289472 0.1342005 0.1399806 0.1457085 0.1519949 0.1582277 0.1650487 0.1718117 0.1791933 0.1865066 0.1944680 0.2023452 0.2108982 0.2193409 0.2284826 0.2374773 0.2471911 0.2567062 0.2669560 0.2769382 0.2876650 0.2980319 0.3091487 0.3197858 0.3311763 0.3419314 0.3534473 0.3641252 0.3755957 0.3859672 0.3972809 0.4073716 0.4198352 0.4290324 0.4386863 0.4468330 0.4551651 0.4620792
5.9447300E-02 6.1845966E-02 6.4151116E-02 6.6769749E-02 6.9298722E-02 7.2159983E-02 7.4935973E-02 7.8064598E-02 8.1113562E-02 8.4536463E-02 8.7885231E-02 9.1632634E-02 9.5311843E-02 9.9414103E-02 0.1034554 0.1079476 0.1123851 0.1173030 0.1221728 0.1275535 0.1328923 0.1387743 0.1446195 0.1510426 0.1574320 0.1644329 0.1714002 0.1790141 0.1865899 0.1948466 0.2030563 0.2119797 0.2208375 0.2304383 0.2399449 0.2502204 0.2603592 0.2712878 0.2820207 0.2935578 0.3048172 0.3168883 0.3285725 0.3410702 0.3530371 0.3658167 0.3778769 0.3907576 0.4026660 0.4154226 0.4267935 0.4388624 0.4477863 0.4592009 0.4691145 0.4793910 0.4881199 0.4968058
6.0068134E-02 6.2351312E-02 6.4951450E-02 6.7460254E-02 7.0305362E-02 7.3064119E-02 7.6180048E-02 7.9215936E-02 8.2631074E-02 8.5972652E-02 8.9718908E-02 9.3398765E-02 9.7509310E-02 0.1015621 0.1060747 0.1105377 0.1154918 0.1204051 0.1258423 0.1312481 0.1372127 0.1431543 0.1496929 0.1562157 0.1633729 0.1705196 0.1783401 0.1861519 0.1946772 0.2031915 0.2124584 0.2217039 0.2317375 0.2417304 0.2525444 0.2632853 0.2748754 0.2863442 0.2986833 0.3108310 0.3238616 0.3366039 0.3502331 0.3634431 0.3775368 0.3910374 0.4054178 0.4189749 0.4334245 0.4467506 0.4610988 0.4741597 0.4897082 0.5017717 0.5142683 0.5250808 0.5359978 0.5452658
6.0432341E-02 6.3009202E-02 6.5492168E-02 6.8315357E-02 7.1050279E-02 7.4146777E-02 7.7161841E-02 8.0561362E-02 8.3886646E-02 8.7622575E-02 9.1292553E-02 9.5400341E-02 9.9452399E-02 0.1039724 0.1084466 0.1134220 0.1183623 0.1238388 0.1292924 0.1353198 0.1413363 0.1479678 0.1545997 0.1618879 0.1691871 0.1771869 0.1852050 0.1939694 0.2027570 0.2123361 0.2219367 0.2323718 0.2428186 0.2541411 0.2654540 0.2776792 0.2898591 0.3029810 0.3160010 0.3299838 0.3437818 0.3585529 0.3730233 0.3884659 0.4034499 0.4193971 0.4346730 0.4509023 0.4661707 0.4823948 0.4971879 0.5127404 0.5249663 0.5397926 0.5529635 0.5664474 0.5781588 0.5896893
6.0911678E-02 6.3363612E-02 6.6159420E-02 6.8864152E-02 7.1934715E-02 7.4921586E-02 7.8297563E-02 8.1597857E-02 8.5314058E-02 8.8963963E-02 9.3058050E-02 9.7097076E-02 0.1016119 0.1060830 0.1110646 0.1160154 0.1215137 0.1269960 0.1330660 0.1391352 0.1458365 0.1525521 0.1599451 0.1673681 0.1755176 0.1837104 0.1926809 0.2017071 0.2115630 0.2214817 0.2322813 0.2431438 0.2549373 0.2667847 0.2796097 0.2924660 0.3063406 0.3202050 0.3351192 0.3499568 0.3658641 0.3815966 0.3984051 0.4148992 0.4324626 0.4495189 0.4676268 0.4849654 0.5033454 0.5206078 0.5390115 0.5560796 0.5757822 0.5917755 0.6081887 0.6227100 0.6372284 0.6498136
6.1094534E-02 6.3858025E-02 6.6526808E-02 6.9565393E-02 7.2517067E-02 7.5862385E-02 7.9129264E-02 8.2817242E-02 8.6436912E-02 9.0507016E-02 9.4521254E-02 9.9018410E-02 0.1034725 0.1084457 0.1133907 0.1188935 0.1243853 0.1304778 0.1365773 0.1433249 0.1500985 0.1575692 0.1650863 0.1733545 0.1816884 0.1908302 0.2000576 0.2101517 0.2203470 0.2314692 0.2427035 0.2549243 0.2672604 0.2806411 0.2941293 0.3087150 0.3233835 0.3391944 0.3550400 0.3720614 0.3890393 0.4072116 0.4252225 0.4444294 0.4633048 0.4833595 0.5028448 0.5234805 0.5432142 0.5640685 0.5834823 0.6037614 0.6205434 0.6400719 0.6577764 0.6757347 0.6916546 0.7072186
6.1375082E-02 6.4002492E-02 6.7003459E-02 6.9913298E-02 7.3221125E-02 7.6446757E-02 8.0098189E-02 8.3678335E-02 8.7714374E-02 9.1692522E-02 9.6160151E-02 0.1005837 0.1055342 0.1104572 0.1159476 0.1214298 0.1275247 0.1336320 0.1404021 0.1472074 0.1547281 0.1623088 0.1706636 0.1791035 0.1883800 0.1977685 0.2080595 0.2184868 0.2298855 0.2414426 0.2540410 0.2668138 0.2806980 0.2947643 0.3100089 0.3254289 0.3420878 0.3588946 0.3769902 0.3951786 0.4146910 0.4342035 0.4550565 0.4757661 0.4978096 0.5195003 0.5424955 0.5648415 0.5884559 0.6110166 0.6349081 0.6574591 0.6828512 0.7043086 0.7261868 0.7459446 0.7655746 0.7829225
6.1308783E-02 6.4267077E-02 6.7129016E-02 7.0392981E-02 7.3569946E-02 7.7177353E-02 8.0709010E-02 8.4701866E-02 8.8633150E-02 9.3060128E-02 9.7440414E-02 0.1023548 0.1072404 0.1127021 0.1181564 0.1242339 0.1303271 0.1370964 0.1439072 0.1514501 0.1590636 0.1674723 0.1759823 0.1853554 0.1948633 0.2053075 0.2159196 0.2275452 0.2393717 0.2522927 0.2654437 0.2797717 0.2943533 0.3101944 0.3263014 0.3437460 0.3614516 0.3805644 0.3999081 0.4207155 0.4416899 0.4641654 0.4866962 0.5107393 0.5346619 0.5600787 0.5851133 0.6115968 0.6373188 0.6644223 0.6901438 0.7169147 0.7400506 0.7661393 0.7902446 0.8145573 0.8365253 0.8579156
6.1311606E-02 6.4120010E-02 6.7334414E-02 7.0455708E-02 7.4011937E-02 7.7486895E-02 8.1427842E-02 8.5302241E-02 8.9677878E-02 9.4002619E-02 9.8867960E-02 0.1037014 0.1091188 0.1145274 0.1205688 0.1266264 0.1333721 0.1401629 0.1477007 0.1553165 0.1637467 0.1722905 0.1817218 0.1913067 0.2018589 0.2126063 0.2244068 0.2364459 0.2496302 0.2630953 0.2778011 0.2928276 0.3091934 0.3259122 0.3440674 0.3625945 0.3826499 0.4030750 0.4251093 0.4474820 0.4715281 0.4958368 0.5218569 0.5480031 0.5758653 0.6036350 0.6330878 0.6621200 0.6927740 0.7225396 0.7539415 0.7840797 0.8173668 0.8465290 0.8761673 0.9034519 0.9304734 0.9547932
6.0900345E-02 6.4060137E-02 6.7119546E-02 7.0618138E-02 7.4028589E-02 7.7909827E-02 8.1717752E-02 8.6032398E-02 9.0290144E-02 9.5094480E-02 9.9861875E-02 0.1052203 0.1105661 0.1165535 0.1225550 0.1292552 0.1360011 0.1435073 0.1510955 0.1595151 0.1680567 0.1775078 0.1871268 0.1977412 0.2085733 0.2204951 0.2326877 0.2460726 0.2597838 0.2747959 0.2901904 0.3070009 0.3242462 0.3430251 0.3622825 0.3831894 0.4046025 0.4277742 0.4514558 0.4769922 0.5030037 0.5309420 0.5592650 0.5895529 0.6200575 0.6525220 0.6849291 0.7192423 0.7530734 0.7887033 0.8231345 0.8589383 0.8910545 0.9264510 0.9597504 0.9932531 1.024078 1.054067
6.0514122E-02 6.3506112E-02 6.6941388E-02 7.0280269E-02 7.4094549E-02 7.7827536E-02 8.2072087E-02 8.6252220E-02 9.0984270E-02 9.5672540E-02 0.1009582 0.1062253 0.1121415 0.1180674 0.1247012 0.1313781 0.1388272 0.1463587 0.1547364 0.1632407 0.1726736 0.1822843 0.1929154 0.2037811 0.2157696 0.2280556 0.2415767 0.2554631 0.2707063 0.2863865 0.3035556 0.3212343 0.3405399 0.3604243 0.3820769 0.4043673 0.4285657 0.4534436 0.4803613 0.5079687 0.5377292 0.5681410 0.6007882 0.6339778 0.6694410 0.7052384 0.7432910 0.7813293 0.8215451 0.8612146 0.9030256 0.9438099 0.9882362 1.028446 1.069300 1.107605 1.145541 1.180287
5.9618913E-02 6.2986098E-02 6.6247195E-02 6.9988236E-02 7.3638484E-02 7.7805214E-02 8.1898108E-02 8.6548299E-02 9.1145493E-02 9.6346132E-02 0.1015199 0.1073495 0.1131814 0.1197295 0.1263150 0.1336828 0.1411298 0.1494360 0.1578686 0.1672468 0.1768076 0.1874106 0.1982595 0.2102604 0.2225785 0.2361706 0.2501594 0.2655559 0.2814360 0.2988723 0.3168847 0.3366117 0.3570091 0.3792891 0.4023302 0.4274259 0.4533641 0.4815284 0.5105934 0.5420440 0.5744151 0.6093073 0.6450788 0.6834668 0.7226024 0.7643920 0.8066660 0.8515535 0.8964692 0.9438637 0.9904709 1.039023 1.084020 1.132845 1.179591 1.226659 1.270734 1.313694
5.8678415E-02 6.1856218E-02 6.5518565E-02 6.9079012E-02 7.3160902E-02 7.7157766E-02 8.1716999E-02 8.6212523E-02 9.1316752E-02 9.6383490E-02 0.1021125 0.1078335 0.1142778 0.1207511 0.1280151 0.1353514 0.1435580 0.1518868 0.1611753 0.1706459 0.1811778 0.1919608 0.2039208 0.2162110 0.2298089 0.2438271 0.2592982 0.2752905 0.2928997 0.3111415 0.3311789 0.3519675 0.3747458 0.3983982 0.4242457 0.4510888 0.4803402 0.5106961 0.5436705 0.5778316 0.6148072 0.6530037 0.6941797 0.7365332 0.7819790 0.8284408 0.8780283 0.9282953 0.9816257 1.035058 1.091479 1.147410 1.207809 1.264128 1.321509 1.376287 1.430696 1.481399
5.7095777E-02 6.0675137E-02 6.4139575E-02 6.8130679E-02 7.2023809E-02 7.6484501E-02 8.0868416E-02 8.5866779E-02 9.0814136E-02 9.6429929E-02 0.1020250 0.1083496 0.1146911 0.1218313 0.1290328 0.1371140 0.1453088 0.1544752 0.1638179 0.1742376 0.1849075 0.1967756 0.2089792 0.2225191 0.2364943 0.2519617 0.2679779 0.2856644 0.3040283 0.3242608 0.3453132 0.3684531 0.3925665 0.4190070 0.4465826 0.4767407 0.5081946 0.5424953 0.5782390 0.6170920 0.6575031 0.7012687 0.7466478 0.7955854 0.8460926 0.9002920 0.9558596 1.015147 1.075360 1.139169 1.203010 1.269814 1.333566 1.402123 1.468922 1.536446 1.600798 1.663831
5.5353224E-02 5.8716420E-02 6.2611796E-02 6.6394314E-02 7.0749961E-02 7.5013719E-02 7.9897463E-02 8.4715009E-02 9.0206154E-02 9.5661469E-02 0.1018521 0.1080445 0.1150424 0.1220872 0.1300196 0.1380522 0.1470663 0.1562460 0.1665153 0.1770276 0.1887553 0.2008166 0.2142377 0.2281000 0.2434873 0.2594404 0.2771097 0.2954892 0.3158003 0.3369859 0.3603465 0.3847643 0.4116289 0.4397520 0.4706197 0.5029576 0.5383596 0.5754455 0.6159285 0.6582959 0.7043924 0.7525353 0.8047181 0.8590339 0.9176465 0.9783500 1.043514 1.110517 1.182006 1.254771 1.331963 1.409756 1.493455 1.573702 1.655939 1.735888 1.815780 1.891552
5.2766904E-02 5.6562927E-02 6.0229145E-02 6.4474493E-02 6.8610735E-02 7.3372833E-02 7.8050725E-02 8.3408341E-02 8.8711500E-02 9.4755925E-02 0.1007838 0.1076233 0.1144912 0.1222539 0.1300991 0.1389338 0.1479178 0.1580019 0.1683151 0.1798577 0.1917241 0.2049692 0.2186518 0.2338863 0.2496926 0.2672527 0.2855426 0.3058177 0.3270059 0.3504449 0.3750072 0.4021220 0.4305980 0.4619664 0.4949573 0.5312141 0.5693742 0.6112048 0.6552256 0.7033418 0.7539217 0.8090240 0.8668189 0.9295357 0.9950801 1.065879 1.139467 1.218515 1.300025 1.386984 1.475515 1.568831 1.660330 1.758428 1.855764 1.954870 2.051056 2.146040
4.9827725E-02 5.3372979E-02 5.7504106E-02 6.1506338E-02 6.6141240E-02 7.0671551E-02 7.5887620E-02 8.1028290E-02 8.6916119E-02 9.2765637E-02 9.9433176E-02 0.1061067 0.1136813 0.1213165 0.1299480 0.1387070 0.1485747 0.1586514 0.1699679 0.1815912 0.1946075 0.2080487 0.2230622 0.2386421 0.2560055 0.2741048 0.2942324 0.3152954 0.3386722 0.3632186 0.3904082 0.4190390 0.4506913 0.4840936 0.5209434 0.5598879 0.6027561 0.6480917 0.6978698 0.7505032 0.8081285 0.8689870 0.9353939 1.005360 1.081402 1.161209 1.247529 1.337595 1.434446 1.534643 1.641731 1.751527 1.869806 1.986269 2.106717 2.226072 2.346487 2.462847
4.5723606E-02 4.9738009E-02 5.3601027E-02 5.8104545E-02 6.2480241E-02 6.7549080E-02 7.2517931E-02 7.8241482E-02 8.3900921E-02 9.0385191E-02 9.6849449E-02 0.1042210 0.1116262 0.1200345 0.1285428 0.1381669 0.1479734 0.1590283 0.1703642 0.1831045 0.1962470 0.2109772 0.2262564 0.2433417 0.2611543 0.2810287 0.3018436 0.3250222 0.3493958 0.3764868 0.4050746 0.4367928 0.4703590 0.5075317 0.5469567 0.5905325 0.6368168 0.6878634 0.7421193 0.8018119 0.8652424 0.9348313 1.008685 1.089436 1.174921 1.268011 1.366152 1.472492 1.583888 1.703822 1.828144 1.960518 2.093732 2.236927 2.381798 2.530934 2.678561 2.826054
4.0926382E-02 4.4645958E-02 4.9015217E-02 5.3230353E-02 5.8147732E-02 6.2937506E-02 6.8490051E-02 7.3950060E-02 8.0242336E-02 8.6484298E-02 9.3640916E-02 0.1007995 0.1089674 0.1172035 0.1265612 0.1360680 0.1468303 0.1578405 0.1702626 0.1830554 0.1974468 0.2123581 0.2290911 0.2465286 0.2660519 0.2865029 0.3093551 0.3334059 0.3602316 0.3885825 0.4201524 0.4536360 0.4908585 0.5304541 0.5743964 0.6212452 0.6731414 0.7285531 0.7898092 0.8552593 0.9274416 1.004548 1.089350 1.179817 1.278982 1.384496 1.499682 1.621711 1.754248 1.893722 2.044331 2.201615 2.372073 2.544410 2.724957 2.907650 3.094467 3.278747
3.4425199E-02 3.8659304E-02 4.2709198E-02 4.7472507E-02 5.2077226E-02 5.7454873E-02 6.2707022E-02 6.8801373E-02 7.4810274E-02 8.1742615E-02 8.8640787E-02 9.6555479E-02 0.1044998 0.1135733 0.1227552 0.1331987 0.1438492 0.1559184 0.1683161 0.1823202 0.1968036 0.2131190 0.2301010 0.2491851 0.2691661 0.2915739 0.3151614 0.3415655 0.3694951 0.4007105 0.4338717 0.4708765 0.5103335 0.5542995 0.6013203 0.6536326 0.7097103 0.7719935 0.8388627 0.9129891 0.9926305 1.080718 1.175338 1.279711 1.391679 1.514788 1.646501 1.790730 1.944335 2.111631 2.288366 2.479022 2.675896 2.889263 3.109834 3.340381 3.573696 3.810535
2.6609484E-02 3.0490918E-02 3.5099119E-02 3.9513607E-02 4.4714306E-02 4.9752165E-02 5.5644337E-02 6.1411906E-02 6.8113402E-02 7.4738882E-02 8.2391053E-02 9.0027854E-02 9.8802552E-02 0.1076390 0.1177439 0.1280059 0.1396933 0.1516577 0.1652339 0.1792375 0.1950794 0.2115357 0.2301031 0.2495184 0.2713763 0.2943721 0.3202115 0.3475484 0.3782167 0.4108272 0.4473590 0.4863773 0.5300302 0.5768336 0.6291269 0.6853706 0.7481261 0.8157852 0.8911625 0.9725618 1.063087 1.160921 1.269496 1.386818 1.516696 1.656865 1.811554 1.978059 2.161092 2.357204 2.571759 2.800324 3.050725 3.310839 3.588036 3.875228 4.174284 4.476348
1.6124452E-02 2.0579331E-02 2.4799382E-02 2.9823085E-02 3.4641437E-02 4.0329937E-02 4.5848697E-02 5.2316703E-02 5.8659758E-02 6.6043437E-02 7.3360465E-02 8.1826553E-02 9.0299487E-02 0.1000512 0.1099013 0.1211841 0.1326827 0.1457994 0.1592778 0.1746002 0.1904697 0.2084553 0.2272212 0.2484378 0.2707271 0.2958750 0.3224634 0.3524106 0.3842587 0.4200793 0.4583757 0.5013958 0.5476034 0.5994534 0.6553669 0.7180386 0.7858453 0.8617585 0.9440992 1.036161 1.136190 1.247853 1.369288 1.504593 1.651739 1.815324 1.993032 2.190034 2.403500 2.639227 2.893288 3.171798 3.467048 3.791412 4.134989 4.501377 4.881812 5.276257
3.1340376E-03 7.1569746E-03 1.2005786E-02 1.6599800E-02 2.2086386E-02 2.7350964E-02 3.3584390E-02 3.9638497E-02 4.6750609E-02 5.3737424E-02 6.1890163E-02 6.9985405E-02 7.9374075E-02 8.8793270E-02 9.9656306E-02 0.1106618 0.1232949 0.1362117 0.1509784 0.1662098 0.1835614 0.2016065 0.2221058 0.2435898 0.2679373 0.2936396 0.3227128 0.3536080 0.3885036 0.4258158 0.4679083 0.5131640 0.5641667 0.6192711 0.6813171 0.7486349 0.8243676 0.9068181 0.9994851 1.100643 1.214206 1.338409 1.477660 1.630121 1.800788 1.987689 2.196515 2.425027 2.679733 2.957839 3.266897 3.603271 3.977439 4.377280 4.812639 5.276109 5.770286 6.283700
