T0-Fulltest/fault3d/GL12n.grd
DSAA
         130         130
  -50.00000       50.00000    
  -50.00000       50.00000    
 -0.4114312       103.7202    
[rows 0 to 25 of 130, columns 57 to 113 of 130]
7.6554894E-02 7.6769374E-02 7.6974422E-02 7.7089749E-02 7.7272668E-02 7.7529900E-02 7.8591406E-02 7.9001494E-02 7.8842670E-02 7.7863447E-02 7.6900639E-02 7.6740362E-02 7.6334216E-02 7.6065406E-02 7.5584099E-02 7.5229749E-02 7.4285366E-02 7.2516918E-02 7.1758866E-02 7.1181394E-02 7.0537843E-02 6.9891155E-02 6.9187015E-02 6.8478480E-02 6.7718759E-02 6.6956177E-02 6.6148050E-02 6.5339752E-02 6.4491764E-02 6.3646354E-02 6.2767178E-02 6.1893422E-02 6.0991313E-02 6.0097042E-02 5.9178945E-02 5.8271512E-02 5.7344850E-02 5.6430791E-02 5.5501159E-02 5.4586347E-02 5.3659819E-02 5.2749779E-02 5.1830981E-02 5.0930578E-02 5.0024379E-02 4.9137685E-02 4.8247118E-02 4.7377173E-02 4.6505768E-02 4.5656055E-02 4.4806521E-02 4.3979373E-02 4.3154333E-02 4.2351820E-02 4.1552275E-02 4.0776249E-02 4.0003892E-02
7.6587327E-02 7.6848224E-02 7.7019542E-02 7.7181719E-02 7.7170923E-02 7.6978631E-02 7.5863920E-02 7.5308122E-02 7.5227603E-02 7.5876944E-02 7.6407962E-02 7.6024018E-02 7.5793162E-02 7.5325981E-02 7.4981473E-02 7.4422300E-02 7.4380748E-02 7.5095244E-02 7.4700199E-02 7.4045166E-02 7.3385186E-02 7.2660618E-02 7.1929611E-02 7.1142122E-02 7.0349619E-02 6.9506846E-02 6.8661749E-02 6.7772828E-02 6.6884443E-02 6.5958671E-02 6.5036610E-02 6.4083196E-02 6.3136496E-02 6.2163331E-02 6.1199825E-02 6.0215127E-02 5.9242785E-02 5.8253407E-02 5.7278603E-02 5.6290928E-02 5.5320047E-02 5.4339595E-02 5.3377938E-02 5.2410033E-02 5.1462431E-02 5.0510898E-02 4.9580671E-02 4.8649065E-02 4.7740251E-02 4.6832066E-02 4.5947231E-02 4.5064948E-02 4.4206660E-02 4.3351673E-02 4.2521611E-02 4.1696139E-02 4.0895142E-02
8.3147772E-02 8.3400480E-02 8.3637677E-02 8.3774291E-02 8.3972894E-02 8.4243111E-02 8.5339852E-02 8.5755937E-02 8.5577063E-02 8.4546879E-02 8.3525553E-02 8.3326250E-02 8.2866192E-02 8.2541190E-02 8.1994079E-02 8.1573851E-02 8.0537349E-02 7.8641951E-02 7.7787824E-02 7.7115215E-02 7.6370806E-02 7.5619154E-02 7.4804597E-02 7.3982559E-02 7.3104925E-02 7.2222576E-02 7.1291849E-02 7.0359297E-02 6.9385149E-02 6.8412647E-02 6.7405075E-02 6.6403002E-02 6.5371461E-02 6.4348415E-02 6.3301705E-02 6.2266771E-02 6.1213061E-02 6.0173664E-02 5.9119903E-02 5.8083203E-02 5.7036024E-02 5.6008041E-02 5.4973289E-02 5.3959619E-02 5.2941959E-02 5.1946495E-02 5.0949637E-02 4.9976669E-02 4.9004767E-02 4.8057377E-02 4.7112826E-02 4.6193857E-02 4.5278758E-02 4.4389755E-02 4.3506462E-02 4.2648882E-02 4.1798081E-02
8.3511643E-02 8.3815448E-02 8.4019490E-02 8.4205054E-02 8.4204860E-02 8.4009379E-02 8.2850650E-02 8.2265601E-02 8.2166947E-02 8.2810432E-02 8.3326600E-02 8.2893640E-02 8.2610294E-02 8.2078248E-02 8.1669040E-02 8.1031516E-02 8.0925457E-02 8.1596687E-02 8.1110358E-02 8.0350578E-02 7.9581313E-02 7.8740932E-02 7.7890255E-02 7.6978110E-02 7.6058097E-02 7.5084724E-02 7.4106731E-02 7.3082283E-02 7.2057195E-02 7.0992731E-02 6.9932014E-02 6.8838626E-02 6.7752317E-02 6.6639557E-02 6.5537684E-02 6.4414948E-02 6.3306071E-02 6.2181287E-02 6.1073508E-02 5.9954293E-02 5.8854442E-02 5.7747226E-02 5.6661617E-02 5.5571988E-02 5.4505467E-02 5.3437591E-02 5.2394632E-02 5.1353198E-02 5.0337568E-02 4.9325179E-02 4.8339915E-02 4.7359485E-02 4.6406198E-02 4.5459870E-02 4.4540863E-02 4.3629322E-02 4.2745762E-02
9.0632878E-02 9.0932719E-02 9.1207266E-02 9.1369472E-02 9.1589324E-02 9.1875985E-02 9.3012914E-02 9.3436956E-02 9.3233839E-02 9.2146248E-02 9.1061205E-02 9.0813927E-02 9.0289645E-02 8.9901038E-02 8.9276180E-02 8.8775754E-02 8.7628514E-02 8.5581608E-02 8.4610671E-02 8.3823830E-02 8.2958162E-02 8.2080372E-02 8.1134312E-02 8.0176681E-02 7.9159617E-02 7.8134969E-02 7.7058464E-02 7.5978599E-02 7.4854635E-02 7.3732108E-02 7.2573103E-02 7.1419477E-02 7.0236288E-02 6.9062710E-02 6.7865834E-02 6.6682078E-02 6.5480642E-02 6.4296000E-02 6.3098840E-02 6.1921127E-02 6.0735300E-02 5.9571624E-02 5.8403712E-02 5.7259936E-02 5.6114852E-02 5.4995779E-02 5.3878579E-02 5.2788615E-02 5.1702440E-02 5.0644778E-02 4.9593121E-02 4.8570052E-02 4.7554761E-02 4.6569001E-02 4.5591336E-02 4.4643592E-02 4.3704953E-02
9.1398932E-02 9.1755770E-02 9.1999300E-02 9.2216641E-02 9.2233881E-02 9.2040703E-02 9.0841435E-02 9.0226188E-02 9.0105832E-02 9.0743251E-02 9.1239445E-02 9.0745822E-02 9.0401351E-02 8.9793950E-02 8.9304760E-02 8.8570677E-02 8.8376381E-02 8.8980600E-02 8.8380791E-02 8.7494247E-02 8.6592354E-02 8.5613236E-02 8.4618837E-02 8.3557762E-02 8.2485668E-02 8.1355758E-02 8.0219291E-02 7.9033397E-02 7.7846132E-02 7.6617897E-02 7.5392820E-02 7.4134573E-02 7.2884306E-02 7.1607806E-02 7.0343569E-02 6.9059394E-02 6.7791641E-02 6.6509947E-02 6.5247931E-02 6.3976750E-02 6.2728353E-02 6.1475206E-02 6.0247257E-02 5.9017941E-02 5.7815835E-02 5.6615837E-02 5.5444665E-02 5.4277912E-02 5.3141244E-02 5.2011453E-02 5.0912380E-02 4.9821671E-02 4.8762769E-02 4.7713101E-02 4.6695236E-02 4.5687843E-02 4.4712041E-02
9.9175490E-02 9.9531934E-02 9.9853165E-02 0.1000506 0.1002988 0.1006100 0.1017935 0.1022237 0.1019929 0.1008401 9.9678397E-02 9.9373713E-02 9.8776363E-02 9.8310038E-02 9.7589105E-02 9.6986063E-02 9.5698737E-02 9.3472473E-02 9.2362098E-02 9.1436498E-02 9.0424523E-02 8.9395031E-02 8.8290431E-02 8.7170705E-02 8.5986272E-02 8.4791616E-02 8.3541371E-02 8.2286470E-02 8.0985427E-02 7.9684764E-02 7.8346454E-02 7.7014290E-02 7.5652346E-02 7.4301690E-02 7.2928399E-02 7.1570873E-02 7.0197597E-02 6.8844229E-02 6.7480348E-02 6.6139817E-02 6.4793795E-02 6.3473903E-02 6.2152531E-02 6.0859714E-02 5.9569243E-02 5.8309287E-02 5.7054449E-02 5.5831403E-02 5.4616082E-02 5.3433761E-02 5.2260749E-02 5.1121607E-02 4.9993396E-02 4.8898995E-02 4.7816444E-02 4.6767417E-02 4.5731641E-02
0.1004303 0.1008507 0.1011454 0.1014031 0.1014445 0.1012569 0.1000102 9.9358745E-02 9.9212468E-02 9.9835582E-02 0.1003025 9.9738918E-02 9.9320874E-02 9.8619252E-02 9.8029807E-02 9.7172558E-02 9.6867874E-02 9.7390451E-02 9.6654743E-02 9.5614590E-02 9.4552986E-02 9.3405798E-02 9.2238680E-02 9.0998836E-02 8.9744173E-02 8.8427193E-02 8.7101415E-02 8.5723691E-02 8.4343128E-02 8.2919657E-02 8.1500031E-02 8.0046751E-02 7.8603245E-02 7.7134147E-02 7.5679660E-02 7.4207149E-02 7.2754353E-02 7.1289606E-02 6.9848418E-02 6.8401128E-02 6.6980682E-02 6.5558732E-02 6.4166613E-02 6.2777370E-02 6.1420158E-02 6.0068950E-02 5.8751322E-02 5.7442416E-02 5.6168713E-02 5.4905754E-02 5.3678617E-02 5.2464418E-02 5.1286276E-02 5.0121605E-02 4.8992552E-02 4.7878578E-02 4.6800606E-02
0.1089619 0.1093885 0.1097687 0.1100098 0.1102937 0.1106296 0.1118588 0.1122941 0.1120297 0.1108020 0.1095528 0.1091801 0.1084927 0.1079294 0.1070886 0.1063568 0.1049085 0.1024783 0.1012006 0.1001071 9.8917887E-02 9.7704753E-02 9.6409559E-02 9.5093995E-02 9.3708515E-02 9.2309371E-02 9.0851404E-02 8.9386918E-02 8.7873645E-02 8.6361013E-02 8.4810175E-02 8.3266869E-02 8.1694387E-02 8.0134973E-02 7.8554876E-02 7.6993831E-02 7.5419374E-02 7.3868565E-02 7.2310932E-02 7.0780858E-02 6.9249123E-02 6.7748383E-02 6.6250913E-02 6.4787053E-02 6.3330039E-02 6.1908592E-02 6.0496986E-02 5.9122808E-02 5.7761081E-02 5.6437399E-02 5.5128563E-02 5.3858526E-02 5.2603725E-02 5.1387247E-02 5.0187409E-02 4.9026672E-02 4.7882352E-02
0.1108053 0.1113058 0.1116639 0.1119724 0.1120427 0.1118579 0.1105581 0.1098660 0.1096883 0.1102915 0.1107219 0.1100752 0.1095652 0.1087474 0.1080298 0.1070247 0.1065907 0.1070096 0.1061073 0.1048813 0.1036253 0.1022755 0.1008990 9.9443458E-02 9.7968668E-02 9.6426889E-02 9.4874062E-02 9.3265854E-02 9.1654353E-02 8.9998998E-02 8.8348240E-02 8.6664237E-02 8.4991373E-02 8.3294660E-02 8.1616037E-02 7.9922087E-02 7.8251734E-02 7.6573387E-02 7.4923255E-02 7.3271088E-02 7.1651086E-02 7.0034608E-02 6.8453617E-02 6.6880323E-02 6.5344870E-02 6.3820504E-02 6.2335953E-02 6.0865652E-02 5.9436094E-02 5.8023036E-02 5.6652002E-02 5.5298220E-02 5.3985927E-02 5.2692000E-02 5.1440205E-02 5.0207190E-02 4.9015682E-02
0.1202281 0.1207431 0.1211971 0.1214936 0.1218172 0.1221793 0.1234578 0.1238966 0.1235924 0.1222782 0.1209296 0.1204716 0.1196721 0.1189842 0.1179935 0.1171100 0.1154734 0.1128019 0.1113214 0.1100237 0.1086196 0.1071835 0.1056570 0.1041048 0.1024762 0.1008309 9.9122517E-02 9.7406037E-02 9.5639139E-02 9.3873136E-02 9.2068925E-02 9.0273686E-02 8.8450596E-02 8.6644344E-02 8.4820166E-02 8.3019368E-02 8.1208818E-02 7.9427160E-02 7.7642858E-02 7.5892054E-02 7.4144810E-02 7.2435126E-02 7.0733882E-02 6.9072954E-02 6.7424417E-02 6.5818399E-02 6.4228356E-02 6.2682331E-02 6.1154466E-02 5.9671968E-02 5.8209211E-02 5.6791387E-02 5.5394057E-02 5.4042038E-02 5.2711546E-02 5.1425561E-02 5.0161857E-02
0.1227966 0.1233972 0.1238365 0.1242068 0.1243105 0.1241327 0.1227789 0.1220425 0.1218250 0.1223990 0.1227796 0.1220277 0.1214003 0.1204346 0.1195624 0.1183837 0.1177869 0.1180648 0.1169564 0.1155033 0.1140108 0.1124133 0.1107828 0.1090649 0.1073234 0.1055097 0.1036821 0.1017965 9.9907376E-02 9.7973928E-02 9.6046701E-02 9.4086871E-02 9.2141978E-02 9.0175822E-02 8.8232487E-02 8.6277299E-02 8.4351361E-02 8.2421988E-02 8.0527529E-02 7.8636564E-02 7.6785117E-02 7.4942954E-02 7.3143631E-02 7.1358196E-02 6.9618210E-02 6.7896090E-02 6.6221394E-02 6.4567052E-02 6.2961392E-02 6.1378296E-02 5.9844013E-02 5.8332913E-02 5.6870379E-02 5.5432532E-02 5.4042611E-02 5.2677747E-02 5.1360108E-02
0.1332739 0.1339006 0.1344469 0.1348084 0.1351791 0.1355748 0.1369088 0.1373482 0.1369936 0.1355785 0.1341079 0.1335416 0.1325993 0.1317564 0.1305893 0.1295215 0.1276514 0.1246908 0.1229633 0.1214152 0.1197472 0.1180384 0.1162298 0.1143890 0.1124653 0.1105206 0.1085090 0.1064884 0.1044162 0.1023464 0.1002385 9.8142833E-02 9.6021920E-02 9.3922570E-02 9.1809154E-02 8.9724861E-02 8.7636158E-02 8.5583359E-02 8.3534241E-02 8.1526287E-02 7.9528682E-02 7.7576414E-02 7.5639784E-02 7.3751591E-02 7.1883544E-02 7.0066459E-02 6.8272442E-02 6.6530712E-02 6.4814627E-02 6.3151456E-02 6.1514933E-02 5.9930529E-02 5.8374118E-02 5.6869794E-02 5.5393472E-02 5.3968631E-02 5.2571461E-02
0.1367333 0.1374611 0.1379991 0.1384427 0.1385892 0.1384208 0.1370029 0.1362106 0.1359441 0.1364744 0.1367849 0.1358996 0.1351214 0.1339779 0.1329191 0.1315237 0.1307240 0.1308281 0.1294666 0.1277341 0.1259497 0.1240494 0.1221068 0.1200690 0.1180016 0.1158565 0.1136956 0.1114747 0.1092510 0.1069828 0.1047232 0.1024336 0.1001636 9.7876847E-02 9.5618650E-02 9.3354672E-02 9.1127343E-02 8.8903688E-02 8.6722910E-02 8.4553517E-02 8.2432099E-02 8.0328166E-02 7.8275956E-02 7.6246321E-02 7.4271515E-02 7.2322905E-02 7.0430540E-02 6.8567164E-02 6.6761129E-02 6.4985648E-02 6.3266680E-02 6.1579049E-02 5.9948429E-02 5.8349151E-02 5.6805901E-02 5.5293910E-02 5.3836554E-02
0.1484637 0.1492304 0.1498888 0.1503322 0.1507642 0.1511997 0.1525941 0.1530320 0.1526165 0.1510797 0.1494613 0.1487534 0.1476348 0.1466053 0.1452200 0.1439197 0.1417681 0.1384572 0.1364233 0.1345640 0.1325711 0.1305262 0.1283706 0.1261754 0.1238898 0.1215799 0.1191996 0.1168102 0.1143685 0.1119309 0.1094576 0.1070012 0.1045243 0.1020751 9.9618025E-02 9.7198240E-02 9.4781555E-02 9.2409693E-02 9.0049975E-02 8.7741315E-02 8.5451826E-02 8.3217882E-02 8.1008926E-02 7.8859098E-02 7.6738752E-02 7.4679494E-02 7.2652586E-02 7.0688114E-02 6.8758190E-02 6.6890217E-02 6.5057129E-02 6.3286521E-02 6.1551254E-02 5.9876993E-02 5.8238111E-02 5.6658663E-02 5.5113718E-02
0.1530158 0.1539007 0.1545622 0.1551019 0.1553068 0.1551581 0.1536799 0.1528283 0.1524996 0.1529691 0.1531818 0.1521277 0.1511666 0.1498064 0.1485114 0.1468482 0.1457857 0.1456487 0.1439672 0.1418862 0.1397410 0.1374651 0.1351382 0.1327056 0.1302384 0.1276882 0.1251209 0.1224918 0.1198612 0.1171876 0.1145275 0.1118418 0.1091826 0.1065125 0.1038800 0.1012496 9.8666020E-02 9.6095085E-02 9.3578488E-02 9.1082826E-02 8.8646770E-02 8.6238429E-02 8.3893970E-02 8.1582509E-02 7.9337582E-02 7.7128954E-02 7.4988261E-02 7.2886594E-02 7.0852980E-02 6.8858616E-02 6.6932470E-02 6.5046541E-02 6.3227028E-02 6.1447658E-02 5.9733082E-02 5.8057707E-02 5.6444753E-02
0.1662501 0.1671920 0.1679940 0.1685451 0.1690553 0.1695432 0.1710036 0.1714336 0.1709412 0.1692543 0.1674504 0.1665671 0.1652353 0.1639702 0.1623109 0.1607189 0.1582115 0.1544779 0.1520637 0.1498175 0.1474196 0.1449579 0.1423727 0.1397400 0.1370095 0.1342515 0.1314202 0.1285800 0.1256881 0.1228051 0.1198903 0.1169996 0.1140945 0.1112266 0.1083596 0.1055411 0.1027356 9.9987566E-02 9.7262695E-02 9.4601467E-02 9.1971181E-02 8.9409918E-02 8.6885646E-02 8.4433556E-02 8.2022600E-02 7.9685546E-02 7.7392541E-02 7.5174324E-02 7.3000751E-02 7.0901379E-02 6.8848059E-02 6.6867203E-02 6.4931825E-02 6.3067399E-02 6.1247446E-02 5.9496019E-02 5.7787400E-02
0.1721463 0.1732310 0.1740537 0.1747173 0.1750008 0.1748803 0.1733329 0.1724105 0.1720031 0.1723856 0.1724702 0.1712117 0.1700224 0.1683862 0.1667946 0.1647885 0.1633930 0.1629480 0.1608631 0.1583478 0.1557510 0.1530085 0.1502029 0.1472822 0.1443208 0.1412719 0.1382047 0.1350752 0.1319481 0.1287820 0.1256363 0.1224718 0.1193433 0.1162140 0.1131343 0.1100680 0.1070621 0.1040816 0.1011692 9.8291315E-02 9.5487870E-02 9.2726044E-02 9.0042494E-02 8.7405503E-02 8.4849179E-02 8.2342669E-02 7.9918094E-02 7.7544704E-02 7.5252175E-02 7.3012069E-02 7.0851728E-02 6.8742692E-02 6.6711642E-02 6.4730957E-02 6.2825799E-02 6.0968708E-02 5.9184697E-02
0.1871806 0.1883479 0.1893362 0.1900279 0.1906427 0.1911981 0.1927380 0.1931585 0.1925707 0.1907063 0.1886841 0.1875859 0.1859836 0.1844203 0.1824136 0.1804471 0.1774967 0.1732325 0.1703406 0.1676073 0.1647030 0.1617189 0.1585984 0.1554214 0.1521392 0.1488268 0.1454392 0.1420454 0.1386036 0.1351772 0.1317262 0.1283092 0.1248885 0.1215181 0.1181611 0.1148671 0.1116009 0.1084074 0.1052523 0.1021776 9.9149570E-02 9.6206851E-02 9.3316667E-02 9.0514757E-02 8.7769173E-02 8.5113704E-02 8.2516588E-02 8.0008492E-02 7.7559605E-02 7.5198986E-02 7.2896414E-02 7.0679709E-02 6.8520017E-02 6.6443808E-02 6.4422011E-02 6.2480226E-02 6.0591139E-02
0.1947460 0.1960900 0.1971219 0.1979493 0.1983373 0.1982588 0.1966401 0.1956345 0.1951307 0.1954052 0.1953299 0.1938157 0.1923333 0.1903500 0.1883741 0.1859356 0.1841085 0.1832581 0.1806633 0.1775995 0.1744345 0.1711052 0.1677011 0.1641704 0.1605944 0.1569268 0.1532421 0.1494976 0.1457618 0.1419938 0.1382567 0.1345117 0.1308172 0.1271353 0.1235195 0.1199331 0.1164249 0.1129587 0.1095798 0.1062530 0.1030196 9.9845365E-02 9.6768044E-02 9.3754344E-02 9.0839975E-02 8.7991901E-02 8.5242257E-02 8.2559675E-02 7.9974897E-02 7.7455953E-02 7.5031988E-02 7.2672494E-02 7.0405275E-02 6.8200119E-02 6.6082656E-02 6.4025350E-02 6.2051412E-02
0.2119957 0.2134571 0.2146883 0.2155653 0.2163143 0.2169548 0.2185815 0.2189837 0.2182799 0.2162019 0.2139114 0.2125343 0.2105888 0.2086398 0.2061868 0.2037424 0.2002317 0.1953169 0.1918217 0.1884719 0.1849263 0.1812852 0.1774912 0.1736327 0.1696624 0.1656608 0.1615842 0.1575076 0.1533889 0.1492966 0.1451907 0.1411345 0.1370894 0.1331129 0.1291674 0.1253054 0.1214896 0.1177682 0.1141053 0.1105446 0.1070505 0.1036633 0.1003479 9.7142145E-02 9.4011754E-02 9.0990677E-02 8.8045657E-02 8.5209236E-02 8.2447715E-02 7.9791442E-02 7.7208497E-02 7.4727364E-02 7.2317310E-02 7.0004076E-02 6.7758843E-02 6.5606490E-02 6.3517138E-02
0.2216717 0.2233539 0.2246624 0.2257051 0.2262333 0.2262146 0.2245198 0.2234176 0.2227920 0.2229190 0.2226269 0.2207822 0.2189223 0.2164860 0.2140173 0.2110218 0.2086402 0.2072565 0.2040081 0.2002460 0.1963602 0.1922893 0.1881295 0.1838331 0.1794870 0.1750473 0.1705953 0.1660888 0.1616019 0.1570942 0.1526336 0.1481816 0.1437999 0.1394507 0.1351900 0.1309803 0.1268728 0.1228307 0.1189005 0.1150457 0.1113086 0.1076530 0.1041186 0.1006699 9.7342871E-02 9.4102643E-02 9.0982758E-02 8.7948747E-02 8.5031450E-02 8.2197890E-02 7.9476953E-02 7.6837189E-02 7.4305244E-02 7.1850069E-02 6.9498226E-02 6.7218050E-02 6.5034792E-02
0.2416533 0.2435025 0.2450561 0.2461787 0.2471058 0.2478591 0.2495910 0.2499698 0.2491185 0.2467731 0.2441402 0.2424025 0.2400084 0.2375577 0.2345296 0.2314671 0.2272420 0.2215001 0.2172325 0.2130931 0.2087315 0.2042532 0.1996073 0.1948883 0.1900525 0.1851878 0.1802526 0.1753270 0.1703711 0.1654579 0.1605493 0.1557119 0.1509079 0.1461975 0.1415429 0.1369990 0.1325280 0.1281796 0.1239165 0.1197834 0.1157430 0.1118368 0.1080285 0.1043556 0.1007819 9.7342066E-02 9.4000600E-02 9.0789437E-02 8.7673858E-02 8.4683493E-02 8.1785679E-02 7.9008348E-02 7.6318167E-02 7.3742755E-02 7.1249388E-02 6.8863325E-02 6.6554338E-02
0.2540005 0.2561328 0.2578081 0.2591363 0.2598546 0.2599253 0.2581564 0.2569406 0.2561574 0.2560786 0.2554942 0.2532198 0.2508605 0.2478392 0.2447269 0.2410132 0.2379015 0.2358091 0.2317145 0.2270561 0.2222459 0.2172277 0.2121074 0.2068406 0.2015230 0.1961141 0.1907011 0.1852447 0.1798246 0.1744028 0.1690522 0.1637346 0.1585157 0.1533574 0.1483186 0.1433612 0.1385382 0.1338114 0.1292289 0.1247519 0.1204239 0.1162075 0.1121425 0.1081910 0.1043890 0.1006996 9.7156219E-02 9.3722239E-02 9.0428218E-02 8.7239601E-02 8.4186025E-02 8.1231914E-02 7.8405492E-02 7.5673051E-02 7.3060043E-02 7.0534691E-02 6.8121873E-02
0.2773800 0.2797455 0.2817260 0.2831770 0.2843433 0.2852477 0.2871036 0.2874458 0.2864031 0.2837185 0.2806520 0.2784343 0.2754552 0.2723472 0.2685705 0.2647004 0.2595516 0.2527604 0.2474962 0.2423387 0.2369257 0.2313756 0.2256414 0.2198281 0.2138962 0.2079419 0.2019268 0.1959383 0.1899392 0.1840094 0.1781107 0.1723152 0.1665846 0.1609832 0.1554721 0.1501089 0.1448543 0.1397599 0.1347856 0.1299778 0.1252972 0.1207862 0.1164053 0.1121923 0.1081083 0.1041884 0.1003939 9.6756808E-02 9.3239903E-02 8.9874372E-02 8.6623006E-02 8.3514251E-02 8.0513045E-02 7.7645458E-02 7.4877650E-02 7.2235286E-02 6.9685400E-02
0.2931302 0.2958603 0.2980263 0.2997386 0.3007171 0.3009154 0.2990699 0.2977159 0.2967266 0.2963752 0.2953961 0.2925539 0.2895397 0.2857493 0.2817938 0.2771366 0.2730677 0.2700326 0.2648361 0.2590143 0.2530091 0.2467708 0.2404172 0.2339101 0.2273555 0.2207170 0.2140912 0.2074418 0.2008571 0.1943000 0.1878491 0.1814673 0.1752245 0.1690818 0.1631016 0.1572441 0.1515645 0.1460220 0.1406660 0.1354555 0.1304354 0.1255648 0.1208833 0.1163501 0.1120018 0.1077979 0.1037714 9.9882871E-02 9.6164234E-02 9.2576854E-02 8.9149572E-02 8.5845411E-02 8.2691349E-02 7.9651050E-02 7.6751038E-02 7.3956206E-02 7.1292244E-02
