T0-Fulltest/fault3d/GL12.grd
DSAA
         130         130
  -50.00000       50.00000    
  -50.00000       50.00000    
 -0.4251652       102.8400    
[rows 0 to 25 of 130, columns 58 to 115 of 130]
8.5332543E-02 8.5687317E-02 8.5807860E-02 8.5993804E-02 8.6321764E-02 8.7800018E-02 8.7169714E-02 8.7509125E-02 8.6664580E-02 8.5509881E-02 8.4881224E-02 8.4954239E-02 8.4190786E-02 8.4197208E-02 8.3303668E-02 8.3224922E-02 8.2230121E-02 8.2062960E-02 8.0988392E-02 8.1162632E-02 8.1764229E-02 8.0524139E-02 8.0089599E-02 7.8934081E-02 7.8338884E-02 7.7188067E-02 7.6487355E-02 7.5324096E-02 7.4544877E-02 7.3366083E-02 7.2526582E-02 7.1335427E-02 7.0450820E-02 6.9251947E-02 6.8334214E-02 6.7132890E-02 6.6192776E-02 6.4994566E-02 6.4041033E-02 6.2851720E-02 6.1893608E-02 6.0718331E-02 5.9762221E-02 5.8605500E-02 5.7657626E-02 5.6522954E-02 5.5587929E-02 5.4479197E-02 5.3562213E-02 5.2482702E-02 5.1587127E-02 5.0538607E-02 4.9667530E-02 4.8652440E-02 4.7807768E-02 4.6827186E-02 4.6011820E-02 4.5066781E-02
9.1941558E-02 9.2109859E-02 9.2403121E-02 9.2511646E-02 9.2358574E-02 9.0918273E-02 9.1499001E-02 9.0976469E-02 9.1537312E-02 9.2297696E-02 9.2407852E-02 9.1691971E-02 9.1712840E-02 9.0840146E-02 9.0777896E-02 8.9785069E-02 8.9627609E-02 8.8532418E-02 8.8270217E-02 8.6647101E-02 8.4505387E-02 8.4154554E-02 8.2908660E-02 8.2325242E-02 8.1106424E-02 8.0391400E-02 7.9163238E-02 7.8354523E-02 7.7109762E-02 7.6230153E-02 7.4970335E-02 7.4037306E-02 7.2766900E-02 7.1794368E-02 7.0519075E-02 6.9519326E-02 6.8245426E-02 6.7228854E-02 6.5962881E-02 6.4939290E-02 6.3686825E-02 6.2663898E-02 6.1430264E-02 6.0415071E-02 5.9204448E-02 5.8202360E-02 5.7018876E-02 5.6035545E-02 5.4882918E-02 5.3922236E-02 5.2802738E-02 5.1868215E-02 5.0784409E-02 4.9878288E-02 4.8831552E-02 4.7956899E-02 4.6948511E-02 4.6105668E-02
9.2876256E-02 9.3281150E-02 9.3432806E-02 9.3646459E-02 9.3996450E-02 9.5524818E-02 9.4872661E-02 9.5210858E-02 9.4318442E-02 9.3097523E-02 9.2417553E-02 9.2452154E-02 9.1615595E-02 9.1571607E-02 9.0590484E-02 9.0448059E-02 8.9348555E-02 8.9101806E-02 8.7907851E-02 8.8007800E-02 8.8540144E-02 8.7161772E-02 8.6612724E-02 8.5314579E-02 8.4592573E-02 8.3294041E-02 8.2458392E-02 8.1143133E-02 8.0223419E-02 7.8890413E-02 7.7907249E-02 7.6560467E-02 7.5530306E-02 7.4175924E-02 7.3112793E-02 7.1757711E-02 7.0673667E-02 6.9325194E-02 6.8231247E-02 6.6895455E-02 6.5800421E-02 6.4483665E-02 6.3395552E-02 6.2102497E-02 6.1027549E-02 5.9762843E-02 5.8707315E-02 5.7475235E-02 5.6443579E-02 5.5246901E-02 5.4243252E-02 5.3084601E-02 5.2111465E-02 5.0992861E-02 5.0053611E-02 4.8976216E-02 4.8071478E-02 4.7035839E-02
0.1000687 0.1002802 0.1006151 0.1007490 0.1006076 9.9130340E-02 9.9727064E-02 9.9177301E-02 9.9743269E-02 0.1005109 0.1005889 9.9806152E-02 9.9780463E-02 9.8823197E-02 9.8698519E-02 9.7600929E-02 9.7362995E-02 9.6145570E-02 9.5788769E-02 9.4007842E-02 9.1688126E-02 9.1219723E-02 8.9821316E-02 8.9104600E-02 8.7727994E-02 8.6869583E-02 8.5478470E-02 8.4519148E-02 8.3107963E-02 8.2073234E-02 8.0644883E-02 7.9554275E-02 7.8115322E-02 7.6984845E-02 7.5542510E-02 7.4386239E-02 7.2948761E-02 7.1778953E-02 7.0353128E-02 6.9180086E-02 6.7773312E-02 6.6606171E-02 6.5223701E-02 6.4069547E-02 6.2716737E-02 6.1582722E-02 6.0264379E-02 5.9155542E-02 5.7874970E-02 5.6795958E-02 5.5555921E-02 5.4509707E-02 5.3312842E-02 5.2303117E-02 5.1150575E-02 5.0178215E-02 4.9070802E-02 4.8136845E-02
0.1014502 0.1019135 0.1021041 0.1023525 0.1027298 0.1043133 0.1036390 0.1039828 0.1030450 0.1017502 0.1010107 0.1010028 0.1000855 9.9980757E-02 9.8896019E-02 9.8673172E-02 9.7450010E-02 9.7105980E-02 9.5765524E-02 9.5763721E-02 9.6202247E-02 9.4658688E-02 9.3970194E-02 9.2503376E-02 9.1629371E-02 9.0155974E-02 8.9158989E-02 8.7664343E-02 8.6577542E-02 8.5062340E-02 8.3908811E-02 8.2379505E-02 8.1177823E-02 7.9641767E-02 7.8408167E-02 7.6874629E-02 7.5623021E-02 7.4099772E-02 7.2842233E-02 7.1337670E-02 7.0084631E-02 6.8604954E-02 6.7364529E-02 6.5915830E-02 6.4696275E-02 6.3283831E-02 6.2090673E-02 6.0718544E-02 5.9557106E-02 5.8228306E-02 5.7102222E-02 5.5819936E-02 5.4733139E-02 5.3498778E-02 5.2452549E-02 5.1266894E-02 5.0262518E-02 4.9126033E-02
0.1093188 0.1095852 0.1099722 0.1101395 0.1100151 0.1085022 0.1091239 0.1085512 0.1091195 0.1098891 0.1099306 0.1090731 0.1089897 0.1079319 0.1077281 0.1065064 0.1061691 0.1048008 0.1043196 0.1023499 9.9823043E-02 9.9211432E-02 9.7632229E-02 9.6754946E-02 9.5190778E-02 9.4160020E-02 9.2575893E-02 9.1437049E-02 8.9829065E-02 8.8610232E-02 8.6984187E-02 8.5707314E-02 8.4070615E-02 8.2754329E-02 8.1117094E-02 7.9777524E-02 7.8148983E-02 7.6800056E-02 7.5189479E-02 7.3843241E-02 7.2257966E-02 7.0923656E-02 6.9370538E-02 6.8057515E-02 6.6542387E-02 6.5256946E-02 6.3784882E-02 6.2533349E-02 6.1107706E-02 5.9894238E-02 5.8518585E-02 5.7347376E-02 5.6023605E-02 5.4896437E-02 5.3625289E-02 5.2543905E-02 5.1326379E-02 5.0291866E-02
0.1112342 0.1117688 0.1120091 0.1123020 0.1127150 0.1143664 0.1136749 0.1140208 0.1130257 0.1116471 0.1108406 0.1107799 0.1097673 0.1095858 0.1083774 0.1080545 0.1066782 0.1062072 0.1046917 0.1045689 0.1048930 0.1031549 0.1022981 0.1006300 9.9572390E-02 9.7891338E-02 9.6701384E-02 9.4993934E-02 9.3707748E-02 9.1977865E-02 9.0621687E-02 8.8876694E-02 8.7472156E-02 8.5723177E-02 8.4289171E-02 8.2546853E-02 8.1099011E-02 7.9373315E-02 7.7925690E-02 7.6225266E-02 7.4788332E-02 7.3121071E-02 7.1705677E-02 7.0078291E-02 6.8691850E-02 6.7110613E-02 6.5760478E-02 6.4229034E-02 6.2919825E-02 6.1442114E-02 6.0178444E-02 5.8756933E-02 5.7541166E-02 5.6176733E-02 5.5011138E-02 5.3705182E-02 5.2590292E-02 5.1342223E-02
0.1198969 0.1202324 0.1206853 0.1208955 0.1207980 0.1192535 0.1198986 0.1192928 0.1198590 0.1206283 0.1206238 0.1196783 0.1195216 0.1183425 0.1180394 0.1166639 0.1161974 0.1146494 0.1140230 0.1118369 0.1090701 0.1082847 0.1064895 0.1054175 0.1036300 0.1023920 0.1005778 9.9223457E-02 9.7382464E-02 9.5943376E-02 9.4082348E-02 9.2584282E-02 9.0715073E-02 8.9179724E-02 8.7314151E-02 8.5759230E-02 8.3908319E-02 8.2350321E-02 8.0524400E-02 7.8975581E-02 7.7183932E-02 7.5656794E-02 7.3907010E-02 7.2410174E-02 7.0709527E-02 6.9251195E-02 6.7603797E-02 6.6189401E-02 6.4599790E-02 6.3234486E-02 6.1705701E-02 6.0392510E-02 5.8925815E-02 5.7667561E-02 5.6264538E-02 5.5061422E-02 5.3721551E-02 5.2575514E-02
0.1224592 0.1230842 0.1233877 0.1237381 0.1241970 0.1259193 0.1252022 0.1255468 0.1244884 0.1230134 0.1221279 0.1219994 0.1208708 0.1205928 0.1192319 0.1187786 0.1172191 0.1165983 0.1148793 0.1146082 0.1147883 0.1128178 0.1117561 0.1098482 0.1085690 0.1066395 0.1052172 0.1032569 0.1017316 9.9745810E-02 9.8148495E-02 9.6149482E-02 9.4505034E-02 9.2505656E-02 9.0834767E-02 8.8847637E-02 8.7169446E-02 8.5206695E-02 8.3535857E-02 8.1608213E-02 7.9958633E-02 7.8074694E-02 7.6456562E-02 7.4624725E-02 7.3047400E-02 7.1272656E-02 6.9742657E-02 6.8030372E-02 6.6553459E-02 6.4907067E-02 6.3486926E-02 6.1908178E-02 6.0548082E-02 5.9038643E-02 5.7738863E-02 5.6298461E-02 5.5061199E-02 5.3689893E-02
0.1320473 0.1324702 0.1330064 0.1332748 0.1332104 0.1316293 0.1322991 0.1316594 0.1322201 0.1329841 0.1329209 0.1318675 0.1316187 0.1302903 0.1298568 0.1282959 0.1276758 0.1259179 0.1251153 0.1226734 0.1196228 0.1186246 0.1165717 0.1152635 0.1132079 0.1117197 0.1096311 0.1080170 0.1058970 0.1041946 0.1020553 0.1002937 9.8149307E-02 9.6353099E-02 9.4217919E-02 9.2409112E-02 9.0297036E-02 8.8492855E-02 8.6416356E-02 8.4632404E-02 8.2601286E-02 8.0849901E-02 7.8874111E-02 7.7165902E-02 7.5251400E-02 7.3594108E-02 7.1747027E-02 7.0147224E-02 6.8371557E-02 6.6833667E-02 6.5131791E-02 6.3659512E-02 6.2033154E-02 6.0627032E-02 5.9076313E-02 5.7738606E-02 5.6263298E-02 5.4992724E-02
0.1353933 0.1361316 0.1365192 0.1369405 0.1374500 0.1392517 0.1385126 0.1388564 0.1377299 0.1361466 0.1351650 0.1349511 0.1336791 0.1332727 0.1317269 0.1311178 0.1293439 0.1285409 0.1265773 0.1261149 0.1261074 0.1238574 0.1225451 0.1203478 0.1187991 0.1165720 0.1148677 0.1126033 0.1107903 0.1084996 0.1066129 0.1043114 0.1023801 0.1000839 9.8132990E-02 9.5857851E-02 9.3907721E-02 9.1668077E-02 8.9736715E-02 8.7543964E-02 8.5645974E-02 8.3511956E-02 8.1659578E-02 7.9591185E-02 7.7793501E-02 7.5797863E-02 7.4062437E-02 7.2144404E-02 7.0476547E-02 6.8639003E-02 6.7042850E-02 6.5287799E-02 6.3764341E-02 6.2092207E-02 6.0643792E-02 5.9054155E-02 5.7679668E-02 5.6171756E-02
0.1460770 0.1466143 0.1472533 0.1475888 0.1475658 0.1459533 0.1466528 0.1459779 0.1465295 0.1472775 0.1471388 0.1459523 0.1455805 0.1440708 0.1434819 0.1417041 0.1408968 0.1388857 0.1378593 0.1351072 0.1317207 0.1304608 0.1280955 0.1264985 0.1241201 0.1223263 0.1199063 0.1179781 0.1155240 0.1135041 0.1110324 0.1089551 0.1064836 0.1043781 0.1019246 9.9814691E-02 9.7396046E-02 9.5302723E-02 9.2932396E-02 9.0872876E-02 8.8564619E-02 8.6553127E-02 8.4315024E-02 8.2362205E-02 8.0202639E-02 7.8317136E-02 7.6241985E-02 7.4430339E-02 7.2443105E-02 7.0710056E-02 6.8813063E-02 6.7159966E-02 6.5354079E-02 6.3783504E-02 6.2068060E-02 6.0579002E-02 5.8953378E-02 5.7545394E-02
0.1503843 0.1512625 0.1517492 0.1522556 0.1528284 0.1547206 0.1539611 0.1543011 0.1530869 0.1513703 0.1502688 0.1499401 0.1484942 0.1479353 0.1461726 0.1453731 0.1433393 0.1423037 0.1400419 0.1393494 0.1391112 0.1365229 0.1349028 0.1323552 0.1304762 0.1278876 0.1258407 0.1232101 0.1210488 0.1183924 0.1161579 0.1134952 0.1112214 0.1085727 0.1062878 0.1036726 0.1014012 9.8835304E-02 9.6597642E-02 9.4097048E-02 9.1909595E-02 8.9483999E-02 8.7359488E-02 8.5018739E-02 8.2967080E-02 8.0718249E-02 7.8747466E-02 7.6594770E-02 7.4710123E-02 7.2656311E-02 7.0859686E-02 6.8906024E-02 6.7200355E-02 6.5346062E-02 6.3730456E-02 6.1975043E-02 6.0448680E-02 5.8788918E-02
0.1623753 0.1630505 0.1638146 0.1642363 0.1642682 0.1626307 0.1633646 0.1626438 0.1631774 0.1639003 0.1636612 0.1623128 0.1617944 0.1600710 0.1592906 0.1572479 0.1561999 0.1538780 0.1525821 0.1494564 0.1456595 0.1440734 0.1413274 0.1393739 0.1366014 0.1344341 0.1316127 0.1293022 0.1264454 0.1240418 0.1211707 0.1187139 0.1158517 0.1133754 0.1105442 0.1080769 0.1052955 0.1028611 0.1001480 9.7765721E-02 9.5132641E-02 9.2817731E-02 9.0276361E-02 8.8040322E-02 8.5599102E-02 8.3451636E-02 8.1115626E-02 7.9062730E-02 7.6835275E-02 7.4879490E-02 7.2762296E-02 7.0906878E-02 6.8899103E-02 6.7143328E-02 6.5244712E-02 6.3587420E-02 6.1794207E-02 6.0233299E-02
0.1678513 0.1689017 0.1695159 0.1701305 0.1707860 0.1727841 0.1720012 0.1723363 0.1710295 0.1691588 0.1679129 0.1674482 0.1657967 0.1650488 0.1630201 0.1619748 0.1596206 0.1583024 0.1556731 0.1546710 0.1541281 0.1511244 0.1491208 0.1461438 0.1438584 0.1408301 0.1383637 0.1352896 0.1327048 0.1296065 0.1269513 0.1238551 0.1211692 0.1181005 0.1154175 0.1123982 0.1097461 0.1067978 0.1041993 0.1013362 9.8809734E-02 9.6045747E-02 9.3604736E-02 9.0949871E-02 8.8605873E-02 8.6066276E-02 8.3826274E-02 8.1406131E-02 7.9273425E-02 7.6974936E-02 7.4953191E-02 7.2775461E-02 7.0864178E-02 6.8807125E-02 6.7004927E-02 6.5064244E-02 6.3368954E-02 6.1541680E-02
0.1813964 0.1822486 0.1831714 0.1837080 0.1838156 0.1821560 0.1829302 0.1821639 0.1826654 0.1833415 0.1829819 0.1814425 0.1807421 0.1787567 0.1777289 0.1753597 0.1740178 0.1713119 0.1696606 0.1660793 0.1617928 0.1597993 0.1565855 0.1541908 0.1509367 0.1483096 0.1449995 0.1422216 0.1388757 0.1360051 0.1326523 0.1297369 0.1264066 0.1234858 0.1202034 0.1173103 0.1141012 0.1112628 0.1081443 0.1053824 0.1023710 9.9701725E-02 9.6809164E-02 9.4246127E-02 9.1480114E-02 8.9031510E-02 8.6397126E-02 8.4067278E-02 8.1567220E-02 7.9360314E-02 7.6993831E-02 7.4909486E-02 7.2676659E-02 7.0713542E-02 6.8609595E-02 6.6765115E-02 6.4786568E-02 6.3057013E-02
0.1883097 0.1895788 0.1903615 0.1911182 0.1918751 0.1939971 0.1931982 0.1935194 0.1920936 0.1900460 0.1886312 0.1879972 0.1860934 0.1851004 0.1827424 0.1813945 0.1786422 0.1769505 0.1738691 0.1724861 0.1715543 0.1680380 0.1655574 0.1620526 0.1592635 0.1556968 0.1527144 0.1490983 0.1459949 0.1423606 0.1391938 0.1355749 0.1323918 0.1288184 0.1256581 0.1221595 0.1190542 0.1156516 0.1126273 0.1093402 0.1064161 0.1032585 0.1004507 9.7432189E-02 9.4750628E-02 9.1877297E-02 8.9327246E-02 8.6602561E-02 8.4188998E-02 8.1612371E-02 7.9335116E-02 7.6906830E-02 7.4764676E-02 7.2479472E-02 7.0469275E-02 6.8323009E-02 6.6440530E-02 6.4428136E-02
0.2037343 0.2048195 0.2059497 0.2066317 0.2068389 0.2051735 0.2059915 0.2051669 0.2056376 0.2062632 0.2057554 0.2039814 0.2030441 0.2007326 0.1993980 0.1966203 0.1948888 0.1917076 0.1896175 0.1854653 0.1805701 0.1780643 0.1742719 0.1713267 0.1674790 0.1642825 0.1603715 0.1570173 0.1530742 0.1496327 0.1456957 0.1422235 0.1383277 0.1348711 0.1310506 0.1276481 0.1239288 0.1206114 0.1170164 0.1138072 0.1103533 0.1072714 0.1039704 0.1010279 9.7887591E-02 9.5090926E-02 9.2115231E-02 8.9470498E-02 8.6659409E-02 8.4166676E-02 8.1520602E-02 7.9178624E-02 7.6691814E-02 7.4496955E-02 7.2164513E-02 7.0111915E-02 6.7928478E-02 6.6012323E-02
0.2124177 0.2139715 0.2149694 0.2159096 0.2168062 0.2190732 0.2182567 0.2185729 0.2170206 0.2147638 0.2131409 0.2122859 0.2100676 0.2087701 0.2059993 0.2042500 0.2010032 0.1988471 0.1951928 0.1933161 0.1918875 0.1877354 0.1846552 0.1804964 0.1770796 0.1728463 0.1692235 0.1649417 0.1612006 0.1569126 0.1531215 0.1488681 0.1450825 0.1409035 0.1371694 0.1330965 0.1294510 0.1255113 0.1219823 0.1181965 0.1148068 0.1111893 0.1079538 0.1045142 0.1014409 9.8183997E-02 9.5280044E-02 9.2206635E-02 8.9472577E-02 8.6583219E-02 8.4017716E-02 8.1306003E-02 7.8904979E-02 7.6365232E-02 7.4123092E-02 7.1749479E-02 6.9659583E-02 6.7443520E-02
0.2301153 0.2314994 0.2328981 0.2337837 0.2341280 0.2324696 0.2333552 0.2324767 0.2329012 0.2334500 0.2327476 0.2306808 0.2294492 0.2267280 0.2249855 0.2216981 0.2194787 0.2156924 0.2130388 0.2081870 0.2025450 0.1993917 0.1948783 0.1912424 0.1866555 0.1827476 0.1780940 0.1740270 0.1693512 0.1652084 0.1605578 0.1564063 0.1518275 0.1477228 0.1432539 0.1392404 0.1349140 0.1310256 0.1268669 0.1231310 0.1191579 0.1155925 0.1118167 0.1084321 0.1048597 0.1016643 9.8296747E-02 9.5291637E-02 9.2129715E-02 8.9313522E-02 8.6350225E-02 8.3718300E-02 8.0947235E-02 7.8493208E-02 7.5907677E-02 7.3624007E-02 7.1213998E-02 6.9093116E-02
0.2409988 0.2429219 0.2442161 0.2454013 0.2464782 0.2489359 0.2481219 0.2484309 0.2467287 0.2442198 0.2423389 0.2412095 0.2385945 0.2368896 0.2336004 0.2313440 0.2274636 0.2247077 0.2203413 0.2178303 0.2157559 0.2108063 0.2069678 0.2019890 0.1977825 0.1927201 0.1882999 0.1831957 0.1786655 0.1735735 0.1690155 0.1639902 0.1594710 0.1545582 0.1501312 0.1453702 0.1410771 0.1364987 0.1323723 0.1279986 0.1240609 0.1199061 0.1161703 0.1122426 0.1087185 0.1050201 0.1017099 9.8241821E-02 9.5143713E-02 9.1898330E-02 8.9007303E-02 8.5977383E-02 8.3286121E-02 8.0463633E-02 7.7963464E-02 7.5337268E-02 7.3019274E-02 7.0577629E-02
0.2615034 0.2632945 0.2650487 0.2661989 0.2667378 0.2651219 0.2660930 0.2651578 0.2655231 0.2659695 0.2650267 0.2625899 0.2609617 0.2577234 0.2554621 0.2515186 0.2486660 0.2441225 0.2407449 0.2350052 0.2284256 0.2244450 0.2190216 0.2145097 0.2089970 0.2041967 0.1986192 0.1936636 0.1880808 0.1830707 0.1775459 0.1725621 0.1671506 0.1622581 0.1570076 0.1522575 0.1472052 0.1426370 0.1378106 0.1334514 0.1288681 0.1247350 0.1204058 0.1165099 0.1124382 0.1087831 0.1049700 0.1015539 9.7991139E-02 9.4808474E-02 9.1488026E-02 8.8530205E-02 8.5442282E-02 8.2699351E-02 7.9831868E-02 7.7293508E-02 7.4632607E-02 7.2284654E-02
0.2751754 0.2775853 0.2792648 0.2807791 0.2821011 0.2847932 0.2839985 0.2843036 0.2824270 0.2796206 0.2774134 0.2759128 0.2727959 0.2705710 0.2666122 0.2636957 0.2590180 0.2554867 0.2502055 0.2468681 0.2439530 0.2379911 0.2331836 0.2271708 0.2219658 0.2158646 0.2104428 0.2043135 0.1988007 0.1927162 0.1872113 0.1812384 0.1758210 0.1700175 0.1647501 0.1591615 0.1540925 0.1487530 0.1439154 0.1388467 0.1342626 0.1294789 0.1251614 0.1206673 0.1166215 0.1124183 0.1086426 0.1047218 0.1012098 9.7562268E-02 9.4304167E-02 9.0918109E-02 8.7902434E-02 8.4764488E-02 8.1979066E-02 7.9073064E-02 7.6501742E-02 7.3814332E-02
0.2991681 0.3014913 0.3037204 0.3052316 0.3060322 0.3044993 0.3055850 0.3045914 0.3048823 0.3051817 0.3039112 0.3010052 0.2988698 0.2949607 0.2920209 0.2872463 0.2835697 0.2780479 0.2737290 0.2668662 0.2591032 0.2540576 0.2474790 0.2418511 0.2351692 0.2292389 0.2225008 0.2164295 0.2097175 0.2036278 0.1970220 0.1910117 0.1845821 0.1787280 0.1725308 0.1668922 0.1609695 0.1555875 0.1499670 0.1448693 0.1395687 0.1347714 0.1297977 0.1253078 0.1206624 0.1164785 0.1121527 0.1082678 0.1042508 0.1006533 9.6931636E-02 9.3608573E-02 9.0166733E-02 8.7103382E-02 8.3922811E-02 8.1100859E-02 7.8165628E-02 7.5569756E-02
0.3163658 0.3194261 0.3216292 0.3235808 0.3252321 0.3282254 0.3274764 0.3277850 0.3256943 0.3225067 0.3198866 0.3179105 0.3141400 0.3112319 0.3064198 0.3026382 0.2969240 0.2923779 0.2859257 0.2815097 0.2774918 0.2702363 0.2641835 0.2568540 0.2503740 0.2429572 0.2362671 0.2288509 0.2221049 0.2147843 0.2081032 0.2009632 0.1944420 0.1875518 0.1812635 0.1746758 0.1686718 0.1624217 0.1567370 0.1508467 0.1455014 0.1399811 0.1349845 0.1298357 0.1251872 0.1204012 0.1160924 0.1116568 0.1076746 0.1035737 9.9903181E-02 9.6118785E-02 9.2742175E-02 8.9253083E-02 8.6149678E-02 8.2936697E-02 8.0088481E-02 7.7130497E-02
0.3447251 0.3477692 0.3506311 0.3526343 0.3538027 0.3524179 0.3536645 0.3526085 0.3527872 0.3528891 0.3512009 0.3476830 0.3448789 0.3401114 0.3362776 0.3304170 0.3256552 0.3188715 0.3133224 0.3050122 0.2957346 0.2893065 0.2812449 0.2741789 0.2660043 0.2586309 0.2504233 0.2429405 0.2348110 0.2273697 0.2194218 0.2121398 0.2044587 0.1974273 0.1900787 0.1833622 0.1763911 0.1700334 0.1634682 0.1574949 0.1513491 0.1457726 0.1400491 0.1348694 0.1295591 0.1247670 0.1198557 0.1154362 0.1109053 0.1068408 0.1026693 9.8938532E-02 9.5101669E-02 9.1681026E-02 8.8156156E-02 8.5024185E-02 8.1786886E-02 7.8921601E-02
