T0-Fulltest/fault3d/GL12n.grd
DSAA
         130         130
  -50.00000       50.00000    
  -50.00000       50.00000    
 -0.4114312       103.7202    
[rows 0 to 25 of 130, columns 0 to 56 of 130]
3.2660689E-02 3.3274285E-02 3.3893798E-02 3.4534544E-02 3.5181250E-02 3.5849657E-02 3.6523566E-02 3.7219584E-02 3.7920851E-02 3.8645148E-02 3.9373912E-02 4.0125046E-02 4.0880501E-02 4.1657928E-02 4.2438723E-02 4.3241784E-02 4.4046935E-02 4.4874076E-02 4.5702156E-02 4.6551790E-02 4.7400184E-02 4.8270501E-02 4.9137622E-02 5.0024759E-02 5.0907537E-02 5.1808998E-02 5.2702535E-02 5.3613920E-02 5.4514978E-02 5.5432267E-02 5.6335475E-02 5.7253450E-02 5.8153942E-02 5.9067108E-02 5.9957985E-02 6.0859669E-02 6.1734695E-02 6.2618360E-02 6.3469812E-02 6.4327896E-02 6.5148257E-02 6.5973856E-02 6.6755287E-02 6.7540556E-02 6.8274952E-02 6.9012359E-02 6.9690570E-02 7.0372619E-02 7.0986643E-02 7.1607322E-02 7.2148569E-02 7.2704226E-02 7.3166616E-02 7.3677175E-02 7.4132875E-02 7.5048633E-02 7.6184809E-02
3.3215340E-02 3.3846766E-02 3.4500301E-02 3.5160687E-02 3.5843845E-02 3.6533471E-02 3.7246320E-02 3.7965491E-02 3.8708679E-02 3.9458182E-02 4.0231023E-02 4.1009758E-02 4.1811958E-02 4.2618852E-02 4.3449745E-02 4.4284254E-02 4.5142423E-02 4.6003111E-02 4.6887364E-02 4.7772173E-02 4.8680395E-02 4.9588166E-02 5.0517242E-02 5.1444318E-02 5.2392077E-02 5.3334109E-02 5.4295756E-02 5.5249397E-02 5.6221291E-02 5.7181567E-02 5.8158327E-02 5.9119970E-02 6.0096186E-02 6.1052639E-02 6.2021419E-02 6.2965930E-02 6.3920557E-02 6.4845346E-02 6.5777868E-02 6.6674776E-02 6.7577638E-02 6.8438642E-02 6.9303475E-02 7.0119508E-02 7.0938081E-02 7.1699604E-02 7.2463199E-02 7.3161222E-02 7.3862694E-02 7.4487910E-02 7.5120673E-02 7.5662330E-02 7.6218493E-02 7.6642163E-02 7.7034228E-02 7.6868623E-02 7.6386712E-02
3.3766184E-02 3.4431815E-02 3.5105139E-02 3.5802238E-02 3.6506869E-02 3.7235729E-02 3.7972163E-02 3.8733412E-02 3.9502654E-02 4.0296592E-02 4.1097708E-02 4.1923989E-02 4.2756248E-02 4.3614231E-02 4.4477504E-02 4.5366168E-02 4.6259061E-02 4.7177278E-02 4.8098404E-02 4.9044169E-02 4.9992278E-02 5.0963376E-02 5.1934514E-02 5.2928776E-02 5.3919513E-02 5.4932043E-02 5.5938851E-02 5.6966189E-02 5.7984531E-02 5.9021469E-02 6.0045712E-02 6.1086692E-02 6.2110666E-02 6.3148946E-02 6.4165458E-02 6.5193951E-02 6.6195145E-02 6.7205615E-02 6.8182863E-02 6.9167107E-02 7.0112012E-02 7.1061365E-02 7.1964130E-02 7.2869405E-02 7.3720016E-02 7.4571647E-02 7.5359993E-02 7.6149441E-02 7.6865554E-02 7.7584840E-02 7.8218371E-02 7.8862324E-02 7.9405315E-02 7.9993017E-02 8.0518603E-02 8.1512734E-02 8.2728036E-02
3.4344528E-02 3.5030067E-02 3.5740286E-02 3.6459196E-02 3.7203185E-02 3.7956074E-02 3.8734674E-02 3.9522525E-02 4.0336754E-02 4.1159332E-02 4.2008881E-02 4.2865753E-02 4.3749921E-02 4.4641253E-02 4.5559499E-02 4.6484113E-02 4.7435451E-02 4.8392352E-02 4.9375366E-02 5.0363012E-02 5.1376130E-02 5.2390911E-02 5.3431604E-02 5.4471105E-02 5.5534717E-02 5.6595180E-02 5.7678521E-02 5.8755659E-02 5.9853740E-02 6.0941961E-02 6.2049214E-02 6.3142411E-02 6.4252287E-02 6.5343253E-02 6.6448249E-02 6.7528941E-02 6.8620749E-02 6.9682181E-02 7.0751943E-02 7.1785212E-02 7.2823949E-02 7.3818691E-02 7.4816369E-02 7.5761974E-02 7.6708175E-02 7.7593602E-02 7.8478463E-02 7.9292633E-02 8.0106728E-02 8.0838300E-02 8.1573248E-02 8.2209401E-02 8.2855642E-02 8.3359793E-02 8.3825462E-02 8.3710790E-02 8.3263464E-02
3.4918919E-02 3.5641313E-02 3.6373489E-02 3.7131716E-02 3.7899919E-02 3.8695123E-02 3.9500419E-02 4.0333863E-02 4.1176990E-02 4.2048655E-02 4.2929374E-02 4.3838646E-02 4.4757221E-02 4.5704089E-02 4.6659593E-02 4.7643512E-02 4.8635125E-02 4.9655218E-02 5.0681539E-02 5.1736355E-02 5.2794639E-02 5.3881306E-02 5.4969676E-02 5.6084439E-02 5.7198986E-02 5.8338694E-02 5.9475269E-02 6.0635298E-02 6.1788552E-02 6.2963329E-02 6.4127304E-02 6.5310545E-02 6.6478148E-02 6.7662090E-02 6.8825059E-02 7.0001386E-02 7.1150504E-02 7.2309695E-02 7.3435508E-02 7.4568428E-02 7.5660273E-02 7.6756015E-02 7.7802569E-02 7.8849956E-02 7.9839200E-02 8.0827072E-02 8.1746802E-02 8.2664363E-02 8.3502471E-02 8.4339663E-02 8.5083641E-02 8.5833415E-02 8.6473681E-02 8.7153457E-02 8.7762915E-02 8.8848546E-02 9.0154104E-02
3.5520609E-02 3.6265004E-02 3.7036613E-02 3.7819114E-02 3.8629930E-02 3.9451849E-02 4.0303282E-02 4.1166104E-02 4.2058673E-02 4.2962212E-02 4.3895561E-02 4.4840246E-02 4.5814902E-02 4.6800002E-02 4.7815826E-02 4.8841007E-02 4.9897313E-02 5.0961662E-02 5.2057154E-02 5.3158753E-02 5.4290682E-02 5.5427548E-02 5.6593154E-02 5.7761874E-02 5.8957964E-02 6.0154241E-02 6.1376844E-02 6.2595874E-02 6.3839130E-02 6.5075062E-02 6.6333219E-02 6.7579225E-02 6.8844296E-02 7.0092008E-02 7.1355790E-02 7.2595797E-02 7.3848225E-02 7.5070530E-02 7.6302208E-02 7.7496164E-02 7.8695670E-02 7.9849087E-02 8.1004396E-02 8.2104340E-02 8.3202899E-02 8.4236071E-02 8.5265934E-02 8.6219132E-02 8.7168328E-02 8.8027745E-02 8.8885657E-02 8.9636222E-02 9.0390712E-02 9.0991542E-02 9.1545925E-02 9.1493405E-02 9.1090940E-02
3.6117021E-02 3.6901008E-02 3.7696969E-02 3.8522229E-02 3.9359827E-02 4.0228046E-02 4.1109379E-02 4.2021677E-02 4.2946830E-02 4.3903328E-02 4.4872828E-02 4.5874353E-02 4.6887871E-02 4.7934540E-02 4.8992399E-02 5.0083723E-02 5.1185470E-02 5.2320488E-02 5.3464890E-02 5.4641295E-02 5.5825986E-02 5.7041883E-02 5.8264222E-02 5.9516586E-02 6.0772173E-02 6.2057655E-02 6.3342713E-02 6.4655058E-02 6.5963723E-02 6.7298062E-02 6.8623886E-02 6.9972090E-02 7.1306735E-02 7.2660707E-02 7.3994599E-02 7.5343959E-02 7.6666765E-02 7.8001745E-02 7.9302751E-02 8.0611601E-02 8.1877686E-02 8.3147250E-02 8.4364712E-02 8.5581429E-02 8.6735897E-02 8.7886848E-02 8.8964172E-02 9.0035483E-02 9.1020525E-02 9.1999725E-02 9.2877246E-02 9.3754701E-02 9.4511867E-02 9.5303349E-02 9.6014589E-02 9.7209811E-02 9.8623544E-02
3.6741633E-02 3.7549991E-02 3.8388453E-02 3.9240483E-02 4.0124204E-02 4.1022606E-02 4.1953269E-02 4.2898506E-02 4.3876980E-02 4.4869721E-02 4.5896690E-02 4.6937432E-02 4.8013374E-02 4.9102858E-02 5.0227672E-02 5.1365864E-02 5.2539114E-02 5.3725243E-02 5.4945469E-02 5.6176823E-02 5.7442550E-02 5.8717556E-02 6.0026105E-02 6.1340682E-02 6.2688977E-02 6.4040430E-02 6.5422349E-02 6.6804394E-02 6.8215810E-02 6.9622703E-02 7.1055613E-02 7.2479121E-02 7.3925614E-02 7.5356178E-02 7.6805644E-02 7.8232728E-02 7.9675071E-02 8.1087656E-02 8.2510822E-02 8.3895303E-02 8.5285366E-02 8.6627252E-02 8.7969892E-02 8.9253932E-02 9.0534940E-02 9.1745794E-02 9.2949510E-02 9.4070353E-02 9.5182464E-02 9.6196413E-02 9.7203135E-02 9.8092124E-02 9.8978147E-02 9.9698059E-02 0.1003618 0.1003903 0.1000487
3.7359990E-02 3.8210630E-02 3.9075926E-02 3.9974093E-02 4.0888205E-02 4.1836154E-02 4.2800002E-02 4.3799147E-02 4.4813950E-02 4.5864791E-02 4.6931688E-02 4.8035491E-02 4.9155321E-02 5.0312247E-02 5.1485386E-02 5.2695733E-02 5.3921770E-02 5.5185080E-02 5.6461733E-02 5.7776291E-02 5.9102960E-02 6.0466815E-02 6.1839942E-02 6.3250244E-02 6.4667843E-02 6.6119388E-02 6.7575015E-02 6.9063790E-02 7.0552394E-02 7.2070941E-02 7.3584706E-02 7.5125329E-02 7.6654740E-02 7.8206904E-02 7.9741403E-02 8.1294656E-02 8.2822956E-02 8.4365211E-02 8.5873634E-02 8.7390609E-02 8.8863917E-02 9.0340234E-02 9.1762103E-02 9.3182087E-02 9.4535775E-02 9.5882386E-02 9.7149648E-02 9.8406650E-02 9.9569388E-02 0.1007206 0.1017604 0.1027927 0.1036931 0.1046202 0.1054556 0.1067810 0.1083225
3.8005620E-02 3.8882926E-02 3.9794300E-02 4.0722664E-02 4.1686434E-02 4.2667389E-02 4.3685369E-02 4.4720873E-02 4.5793910E-02 4.6885196E-02 4.8015229E-02 4.9163595E-02 5.0351106E-02 5.1557317E-02 5.2803498E-02 5.4067601E-02 5.5372588E-02 5.6693435E-02 5.8055326E-02 5.9432589E-02 6.0850587E-02 6.2281594E-02 6.3752919E-02 6.5236047E-02 6.6756763E-02 6.8285950E-02 6.9852039E-02 7.1422815E-02 7.3027670E-02 7.4632801E-02 7.6269008E-02 7.7899240E-02 7.9556510E-02 8.1201449E-02 8.2869165E-02 8.4517159E-02 8.6183220E-02 8.7820724E-02 8.9470610E-02 9.1081768E-02 9.2699014E-02 9.4266430E-02 9.5834203E-02 9.7339965E-02 9.8839983E-02 0.1002647 0.1016789 0.1030028 0.1043124 0.1055147 0.1067021 0.1077599 0.1088059 0.1096709 0.1104680 0.1105979 0.1103345
3.8644012E-02 3.9567154E-02 4.0508330E-02 4.1486297E-02 4.2482868E-02 4.3517921E-02 4.4572465E-02 4.5666173E-02 4.6780046E-02 4.7934603E-02 4.9109723E-02 5.0326344E-02 5.1563770E-02 5.2844185E-02 5.4144733E-02 5.5489372E-02 5.6853041E-02 5.8260571E-02 5.9687074E-02 6.1157547E-02 6.2645257E-02 6.4176239E-02 6.5723687E-02 6.7312740E-02 6.8914749E-02 7.0557907E-02 7.2210595E-02 7.3902033E-02 7.5598821E-02 7.7331573E-02 7.9063810E-02 8.0828093E-02 8.2585558E-02 8.4370814E-02 8.6141713E-02 8.7935686E-02 8.9706726E-02 9.1494963E-02 9.3249887E-02 9.5015168E-02 9.6735686E-02 9.8459981E-02 0.1001272 0.1017912 0.1033846 0.1049684 0.1064662 0.1079487 0.1093281 0.1106888 0.1119264 0.1131480 0.1142238 0.1153178 0.1163052 0.1177885 0.1194806
3.9309699E-02 4.0262323E-02 4.1252855E-02 4.2263538E-02 4.3313976E-02 4.4385791E-02 4.5498434E-02 4.6633083E-02 4.7810357E-02 4.9010307E-02 5.0254185E-02 5.1521022E-02 5.2833505E-02 5.4168787E-02 5.5550814E-02 5.6955479E-02 5.8406670E-02 5.9880644E-02 6.1401654E-02 6.2944293E-02 6.4533547E-02 6.6143543E-02 6.7799829E-02 6.9473453E-02 7.1192957E-02 7.2926886E-02 7.4704565E-02 7.6492861E-02 7.8322515E-02 8.0157340E-02 8.2029909E-02 8.3901472E-02 8.5806504E-02 8.7703124E-02 8.9628436E-02 9.1537058E-02 9.3468383E-02 9.5372714E-02 9.7292468E-02 9.9173568E-02 0.1010627 0.1029008 0.1047392 0.1065122 0.1082780 0.1099629 0.1116329 0.1132042 0.1147549 0.1161872 0.1175964 0.1188623 0.1201065 0.1211518 0.1221148 0.1223739 0.1222121
3.9966218E-02 4.0967844E-02 4.1990954E-02 4.3055095E-02 4.4142336E-02 4.5272112E-02 4.6425585E-02 4.7623657E-02 4.8846345E-02 5.0115347E-02 5.1409569E-02 5.2751787E-02 5.4119669E-02 5.5536792E-02 5.6980215E-02 5.8472909E-02 5.9992112E-02 6.1561760E-02 6.3156992E-02 6.4802960E-02 6.6473432E-02 6.8195276E-02 6.9938928E-02 7.1733445E-02 7.3547415E-02 7.5410463E-02 7.7289708E-02 7.9215951E-02 8.1153519E-02 8.3134793E-02 8.5121557E-02 8.7147914E-02 8.9172676E-02 9.1232151E-02 9.3282074E-02 9.5360734E-02 9.7419769E-02 9.9499993E-02 0.1015488 0.1036107 0.1056286 0.1076512 0.1096151 0.1115748 0.1134599 0.1153317 0.1171105 0.1188682 0.1205129 0.1221310 0.1236132 0.1250690 0.1263629 0.1276628 0.1288399 0.1305148 0.1323912
4.0648829E-02 4.1682705E-02 4.2758819E-02 4.3859437E-02 4.5004454E-02 4.6174739E-02 4.7391511E-02 4.8634831E-02 4.9926657E-02 5.1246103E-02 5.2615717E-02 5.4013886E-02 5.5463787E-02 5.6943472E-02 5.8475569E-02 6.0037360E-02 6.1653510E-02 6.3298754E-02 6.4999305E-02 6.6728085E-02 6.8513118E-02 7.0324920E-02 7.2192423E-02 7.4084848E-02 7.6031618E-02 7.8000762E-02 8.0022514E-02 8.2062364E-02 8.4152088E-02 8.6254500E-02 8.8402867E-02 9.0557382E-02 9.2753083E-02 9.4947174E-02 9.7176641E-02 9.9394701E-02 0.1016406 0.1038634 0.1061056 0.1083114 0.1105278 0.1126930 0.1148588 0.1169568 0.1190452 0.1210470 0.1230290 0.1249040 0.1267509 0.1284675 0.1301507 0.1316750 0.1331642 0.1344348 0.1356052 0.1360312 0.1360049
4.1320402E-02 4.2406794E-02 4.3518752E-02 4.4676881E-02 4.5861885E-02 4.7095191E-02 4.8356857E-02 4.9669087E-02 5.1011290E-02 5.2405879E-02 5.3831752E-02 5.5312000E-02 5.6824937E-02 5.8393974E-02 5.9995551E-02 6.1655447E-02 6.3347943E-02 6.5100275E-02 6.6885009E-02 6.8730347E-02 7.0607878E-02 7.2545782E-02 7.4514508E-02 7.6542892E-02 7.8600176E-02 8.0715992E-02 8.2856782E-02 8.5054122E-02 8.7271646E-02 8.9542083E-02 9.1826744E-02 9.4160184E-02 9.6500143E-02 9.8883212E-02 0.1012635 0.1036796 0.1060813 0.1085103 0.1109116 0.1133306 0.1157069 0.1180902 0.1204137 0.1227330 0.1249733 0.1271973 0.1293208 0.1314172 0.1333895 0.1353258 0.1371112 0.1388578 0.1404234 0.1419813 0.1433950 0.1453080 0.1474094
4.2017836E-02 4.3139327E-02 4.4308379E-02 4.5505982E-02 4.6753585E-02 4.8031330E-02 4.9361408E-02 5.0723813E-02 5.2140776E-02 5.3591520E-02 5.5099450E-02 5.6642599E-02 5.8245439E-02 5.9883952E-02 6.1584339E-02 6.3321151E-02 6.5121852E-02 6.6959761E-02 6.8862133E-02 7.0802368E-02 7.2807796E-02 7.4849956E-02 7.6957449E-02 7.9100236E-02 8.1308126E-02 8.3547749E-02 8.5851140E-02 8.8182457E-02 9.0574399E-02 9.2988677E-02 9.5460258E-02 9.7947024E-02 0.1004855 0.1030303 0.1056202 0.1082051 0.1108266 0.1134299 0.1160598 0.1186564 0.1212683 0.1238295 0.1263936 0.1288876 0.1313709 0.1337614 0.1361279 0.1383773 0.1405906 0.1426596 0.1446839 0.1465302 0.1483269 0.1498798 0.1513118 0.1519518 0.1521037
4.2700600E-02 4.3878585E-02 4.5086633E-02 4.6346240E-02 4.7637828E-02 4.8983268E-02 5.0363190E-02 5.1799964E-02 5.3272668E-02 5.4805346E-02 5.6375731E-02 5.8008995E-02 5.9681334E-02 6.1418939E-02 6.3197009E-02 6.5042488E-02 6.6930294E-02 6.8886489E-02 7.0885740E-02 7.2955556E-02 7.5067706E-02 7.7251256E-02 7.9476237E-02 8.1773445E-02 8.4109150E-02 8.6515985E-02 8.8958852E-02 9.1470659E-02 9.4013251E-02 9.6622035E-02 9.9255584E-02 0.1019501 0.1046610 0.1074267 0.1101984 0.1130165 0.1158276 0.1186751 0.1215005 0.1243506 0.1271610 0.1299828 0.1327452 0.1355042 0.1381802 0.1408373 0.1433860 0.1459010 0.1482796 0.1506120 0.1527758 0.1548861 0.1567930 0.1586744 0.1603874 0.1625977 0.1649809
4.3406900E-02 4.4623129E-02 4.5892321E-02 4.7195289E-02 4.8553649E-02 4.9948312E-02 5.1402193E-02 5.2893996E-02 5.4448280E-02 5.6042973E-02 5.7703212E-02 5.9406098E-02 6.1177321E-02 6.2993199E-02 6.4879805E-02 6.6813521E-02 6.8820134E-02 7.0874259E-02 7.3004760E-02 7.5182989E-02 7.7438928E-02 7.9742305E-02 8.2125075E-02 8.4553681E-02 8.7060519E-02 8.9611977E-02 9.2240945E-02 9.4909787E-02 9.7653754E-02 0.1004330 0.1032830 0.1061603 0.1091028 0.1120632 0.1150809 0.1181042 0.1211748 0.1242361 0.1273329 0.1304028 0.1334942 0.1365386 0.1395891 0.1425684 0.1455362 0.1484064 0.1512479 0.1539623 0.1566317 0.1591414 0.1615915 0.1638429 0.1660251 0.1679358 0.1696990 0.1706176 0.1710026
4.4095688E-02 4.5372169E-02 4.6683963E-02 4.8052773E-02 4.9459293E-02 5.0927356E-02 5.2435301E-02 5.4007959E-02 5.5623800E-02 5.7307620E-02 5.9037436E-02 6.0838714E-02 6.2688254E-02 6.4612381E-02 6.6587560E-02 6.8640649E-02 7.0745312E-02 7.2932035E-02 7.5171992E-02 7.7495694E-02 7.9873301E-02 8.2336858E-02 8.4854364E-02 8.7457150E-02 9.0113163E-02 9.2855588E-02 9.5647514E-02 9.8523803E-02 0.1014463 0.1044501 0.1074928 0.1106119 0.1137616 0.1169806 0.1202187 0.1235164 0.1268189 0.1301697 0.1335077 0.1368795 0.1402185 0.1435754 0.1468749 0.1501733 0.1533868 0.1565796 0.1596567 0.1626931 0.1655801 0.1684075 0.1710469 0.1736145 0.1759521 0.1782414 0.1803318 0.1829120 0.1856407
4.4805646E-02 4.6123616E-02 4.7500268E-02 4.8915792E-02 5.0394941E-02 5.1916048E-02 5.3503755E-02 5.5137306E-02 5.6841291E-02 5.8594119E-02 6.0421742E-02 6.2300771E-02 6.4258344E-02 6.6270635E-02 6.8365715E-02 7.0516601E-02 7.2754741E-02 7.5051844E-02 7.7438228E-02 7.9885468E-02 8.2424961E-02 8.5026331E-02 8.7720744E-02 9.0476461E-02 9.3327761E-02 9.6238576E-02 9.9243388E-02 0.1023053 0.1054599 0.1086654 0.1119594 0.1152971 0.1187174 0.1221712 0.1256988 0.1292460 0.1328564 0.1364696 0.1401313 0.1437757 0.1474526 0.1510878 0.1547352 0.1583126 0.1618807 0.1653465 0.1687799 0.1720757 0.1753162 0.1783791 0.1813666 0.1841291 0.1867993 0.1891623 0.1913455 0.1926182 0.1933052
4.5493882E-02 4.6875797E-02 4.8297804E-02 4.9784902E-02 5.1316123E-02 5.2915633E-02 5.4563239E-02 5.6283917E-02 5.8055710E-02 5.9905589E-02 6.1809886E-02 6.3796490E-02 6.5841265E-02 6.7973353E-02 7.0165902E-02 7.2450168E-02 7.4799255E-02 7.7242829E-02 7.9754092E-02 8.2364187E-02 8.5043371E-02 8.7823972E-02 9.0673946E-02 9.3628384E-02 9.6652418E-02 9.9780947E-02 0.1029772 0.1062781 0.1096423 0.1131080 0.1166312 0.1202512 0.1239200 0.1276783 0.1314722 0.1353455 0.1392390 0.1431976 0.1471567 0.1511650 0.1551498 0.1591631 0.1631240 0.1670899 0.1709704 0.1748302 0.1785673 0.1822576 0.1857835 0.1892366 0.1924779 0.1956260 0.1985111 0.2013203 0.2038914 0.2069393 0.2101048
4.6200413E-02 4.7626406E-02 4.9118370E-02 5.0656334E-02 5.2264355E-02 5.3922262E-02 5.5655818E-02 5.7442792E-02 5.9310570E-02 6.1235901E-02 6.3246801E-02 6.5319471E-02 6.7483164E-02 6.9712430E-02 7.2037332E-02 7.4432634E-02 7.6927908E-02 7.9496898E-02 8.2171656E-02 8.4922343E-02 8.7782681E-02 9.0720840E-02 9.3772009E-02 9.6902795E-02 0.1001489 0.1034738 0.1069150 0.1104329 0.1140655 0.1177700 0.1215864 0.1254675 0.1294546 0.1334953 0.1376324 0.1418087 0.1460689 0.1503498 0.1546987 0.1590450 0.1634387 0.1678006 0.1721853 0.1765046 0.1808191 0.1850295 0.1892055 0.1932337 0.1971961 0.2009611 0.2046310 0.2080464 0.2113405 0.2142859 0.2170103 0.2187504 0.2198402
4.6878997E-02 4.8373152E-02 4.9914561E-02 5.1527951E-02 5.3192776E-02 5.4935381E-02 5.6733649E-02 5.8615085E-02 6.0556993E-02 6.2587395E-02 6.4683065E-02 6.6873103E-02 6.9133274E-02 7.1493380E-02 7.3928550E-02 7.6469548E-02 7.9089791E-02 8.1822470E-02 8.4637977E-02 8.7570935E-02 9.0590291E-02 9.3731068E-02 9.6961260E-02 0.1003174 0.1037639 0.1073384 0.1110029 0.1147959 0.1186759 0.1226830 0.1267719 0.1309839 0.1352686 0.1396685 0.1441283 0.1486923 0.1532993 0.1579953 0.1627121 0.1674979 0.1722760 0.1770980 0.1818783 0.1866738 0.1913878 0.1960843 0.2006536 0.2051696 0.2095067 0.2137548 0.2177660 0.2216572 0.2252482 0.2287278 0.2319237 0.2355751 0.2393035
4.7571532E-02 4.9113419E-02 5.0728925E-02 5.2397314E-02 5.4145262E-02 5.5950891E-02 5.7841796E-02 5.9795797E-02 6.1840918E-02 6.3954480E-02 6.6165797E-02 6.8450928E-02 7.0840463E-02 7.3309295E-02 7.5889416E-02 7.8554168E-02 8.1337579E-02 8.4210604E-02 8.7208331E-02 9.0301014E-02 9.3523405E-02 9.6844822E-02 0.1003025 0.1038621 0.1075616 0.1113643 0.1153096 0.1193573 0.1235478 0.1278376 0.1322687 0.1367925 0.1414516 0.1461927 0.1510600 0.1559942 0.1610410 0.1661341 0.1713212 0.1765273 0.1818025 0.1870631 0.1923633 0.1976088 0.2028590 0.2080068 0.2131202 0.2180771 0.2229581 0.2276213 0.2321672 0.2364241 0.2405258 0.2442288 0.2476616 0.2500221 0.2516541
4.8229635E-02 4.9843930E-02 5.1512264E-02 5.3261764E-02 5.5070613E-02 5.6966711E-02 5.8928099E-02 6.0983259E-02 6.3109368E-02 6.5336697E-02 6.7640968E-02 7.0053875E-02 7.2550170E-02 7.5162575E-02 7.7864893E-02 8.0691524E-02 8.3614446E-02 8.6668760E-02 8.9826182E-02 9.3121901E-02 9.6525356E-02 0.1000756 0.1037386 0.1075538 0.1114851 0.1155731 0.1197790 0.1241441 0.1286261 0.1332681 0.1380235 0.1429355 0.1479523 0.1531192 0.1583783 0.1637761 0.1692477 0.1748412 0.1804834 0.1862238 0.1919803 0.1978055 0.2036067 0.2094407 0.2152023 0.2209547 0.2265784 0.2321466 0.2375213 0.2427919 0.2477955 0.2526500 0.2571587 0.2615138 0.2655271 0.2699653 0.2744227
4.8896600E-02 5.0561551E-02 5.2308828E-02 5.4117020E-02 5.6014169E-02 5.7978466E-02 6.0038939E-02 6.2172614E-02 6.4410381E-02 6.6728212E-02 6.9158114E-02 7.1675450E-02 7.4313149E-02 7.7045679E-02 7.9907812E-02 8.2872398E-02 8.5974887E-02 8.9187779E-02 9.2547566E-02 9.6023537E-02 9.9655896E-02 0.1034122 0.1073320 0.1113812 0.1156009 0.1199538 0.1244824 0.1291459 0.1339883 0.1389650 0.1441207 0.1494050 0.1548642 0.1604427 0.1661877 0.1720364 0.1780373 0.1841197 0.1903328 0.1965965 0.2029625 0.2093403 0.2157843 0.2221918 0.2286216 0.2349571 0.2412648 0.2474104 0.2534725 0.2592947 0.2649762 0.2703289 0.2754858 0.2801838 0.2845494 0.2877345 0.2900943
