T0-Fulltest/fault3d/GL12n.grd
DSAA
         130         130
  -50.00000       50.00000    
  -50.00000       50.00000    
 -0.4114312       103.7202    
[rows 78 to 103 of 130, columns 57 to 113 of 130]
7.474290 7.667410 7.784161 7.821263 7.774986 7.644862 7.428980 7.137309 6.777118 6.368707 5.921793 5.447545 4.972865 4.509737 4.071037 3.661444 3.287107 2.949100 2.641655 2.364786 2.117551 1.896730 1.700353 1.525371 1.369966 1.231510 1.108505 0.9987689 0.9011446 0.8138547 0.7360383 0.6662574 0.6038936 0.5477839 0.4975001 0.4520952 0.4112880 0.3742998 0.3409615 0.3106262 0.2832052 0.2581567 0.2354541 0.2146353 0.1957174 0.1783020 0.1624390 0.1477797 0.1343964 0.1219821 0.1106281 0.1000572 9.0370819E-02 8.1320040E-02 7.3013410E-02 6.5223359E-02 5.8064152E-02
6.060814 6.204975 6.292314 6.319262 6.285007 6.188713 6.034775 5.822040 5.558479 5.247488 4.907218 4.556566 4.199168 3.847604 3.507761 3.186934 2.885854 2.605895 2.352196 2.122447 1.914270 1.726822 1.557958 1.406529 1.270466 1.148662 1.039277 0.9413700 0.8533729 0.7745413 0.7035653 0.6398820 0.5824077 0.5307359 0.4839698 0.4418289 0.4035693 0.3690092 0.3375280 0.3090201 0.2829611 0.2593055 0.2376075 0.2178634 0.1996887 0.1831137 0.1678021 0.1538079 0.1408343 0.1289541 0.1179040 0.1077667 9.8304845E-02 8.9611061E-02 8.1468523E-02 7.3976189E-02 6.6934891E-02
4.941120 5.050687 5.116640 5.137366 5.110940 5.037926 4.917181 4.756550 4.559685 4.338193 4.093490 3.827855 3.556626 3.284816 3.020193 2.765614 2.526596 2.305279 2.097910 1.906347 1.731371 1.571717 1.426943 1.295562 1.176906 1.069514 0.9727092 0.8851640 0.8062881 0.7349252 0.6705972 0.6123181 0.5597236 0.5119814 0.4688270 0.4295593 0.3939975 0.3615498 0.3321042 0.3051578 0.2806516 0.2581570 0.2376563 0.2187785 0.2015382 0.1856121 0.1710380 0.1575309 0.1451465 0.1336329 0.1230589 0.1131966 0.1041242 9.5635623E-02 8.7815493E-02 8.0475293E-02 7.3703498E-02
4.113534 4.197613 4.248645 4.264589 4.245486 4.191145 4.105298 3.985883 3.837469 3.660015 3.464560 3.262138 3.051734 2.840510 2.631173 2.428717 2.233432 2.046768 1.874218 1.714574 1.566792 1.431086 1.306527 1.192897 1.089123 0.9948214 0.9089250 0.8310261 0.7601401 0.6959007 0.6374331 0.5844373 0.5361542 0.4923537 0.4523836 0.4160780 0.3828787 0.3526758 0.3249912 0.2997611 0.2765738 0.2554044 0.2358956 0.2180514 0.2015603 0.1864490 0.1724420 0.1595835 0.1476299 0.1366390 0.1263919 0.1169550 0.1081307 9.9992372E-02 9.2359737E-02 8.5310467E-02 7.8679636E-02
3.427785 3.493404 3.533040 3.546001 3.531122 3.489011 3.418371 3.325241 3.211306 3.083974 2.941743 2.783798 2.620251 2.453038 2.287061 2.123712 1.967338 1.819856 1.678047 1.544171 1.419511 1.303619 1.196704 1.098061 1.007606 0.9245334 0.8486367 0.7791128 0.7157243 0.6577213 0.6048830 0.5565346 0.5124930 0.4721631 0.4354050 0.4016990 0.3709478 0.3426994 0.3168942 0.2931393 0.2714069 0.2513552 0.2329826 0.2159889 0.2003934 0.1859309 0.1726361 0.1602741 0.1488931 0.1382827 0.1285003 0.1193555 0.1109121 0.1029973 9.5679887E-02 8.8800915E-02 8.2434215E-02
2.915456 2.966995 2.998554 3.008900 2.998357 2.966832 2.917315 2.847180 2.759161 2.651899 2.533022 2.409891 2.279842 2.147373 2.013541 1.881791 1.751826 1.624675 1.505457 1.393233 1.287434 1.188627 1.096426 1.011025 0.9318688 0.8589525 0.7916552 0.7298785 0.6730030 0.6208994 0.5729839 0.5291320 0.4888116 0.4519188 0.4179774 0.3869103 0.3582965 0.3320854 0.3079064 0.2857347 0.2652440 0.2464319 0.2290109 0.2129957 0.1981314 0.1844472 0.1717157 0.1599787 0.1490331 0.1389294 0.1294838 0.1207533 0.1125704 0.1049974 9.7880684E-02 9.1286577E-02 8.5075155E-02
2.472185 2.513338 2.538400 2.547128 2.538696 2.513584 2.470333 2.413799 2.344671 2.268122 2.181597 2.083146 1.980152 1.873122 1.765361 1.657379 1.552578 1.452461 1.353925 1.259159 1.169480 1.084751 1.005409 0.9311184 0.8620628 0.7977945 0.7383535 0.6832503 0.6324539 0.5854743 0.5422534 0.5023271 0.4656342 0.4317471 0.4006151 0.3718519 0.3454222 0.3209795 0.2985068 0.2776960 0.2585464 0.2407850 0.2244257 0.2092236 0.1952051 0.1821513 0.1700988 0.1588524 0.1484571 0.1387356 0.1297394 0.1213069 0.1134941 0.1061529 9.9343166E-02 9.2930302E-02 8.6976595E-02
2.140348 2.173307 2.193747 2.200861 2.195054 2.176221 2.146820 2.103994 2.049486 1.981471 1.905708 1.827609 1.743953 1.657827 1.569438 1.481264 1.392602 1.304070 1.220287 1.140329 1.063769 0.9912397 0.9225731 0.8581178 0.7975789 0.7411274 0.6883949 0.6394494 0.5938934 0.5517401 0.5125936 0.4764424 0.4429089 0.4119750 0.3832909 0.3568425 0.3323098 0.3096873 0.2886868 0.2693141 0.2513098 0.2346910 0.2192242 0.2049349 0.1916132 0.1792934 0.1677864 0.1571354 0.1471681 0.1379323 0.1292722 0.1212391 0.1136900 0.1066797 0.1000774 9.3941666E-02 8.8150531E-02
1.840626 1.867468 1.883981 1.890138 1.885286 1.869786 1.842119 1.806367 1.762724 1.715067 1.660518 1.596734 1.529506 1.458656 1.386568 1.313246 1.241416 1.172227 1.102623 1.034598 0.9693539 0.9068448 0.8475552 0.7913126 0.7384035 0.6885673 0.6419644 0.5982854 0.5576131 0.5196202 0.4843466 0.4514665 0.4209974 0.3926280 0.3663687 0.3419283 0.3193168 0.2982667 0.2787937 0.2606540 0.2438694 0.2282189 0.2137298 0.2002017 0.1876684 0.1759479 0.1650812 0.1549037 0.1454594 0.1365978 0.1283678 0.1206307 0.1134373 0.1066609 0.1003561 9.4405532E-02 8.8864192E-02
1.617616 1.639467 1.653215 1.658289 1.655103 1.643544 1.625697 1.598670 1.563649 1.518705 1.468465 1.417184 1.361537 1.303804 1.243754 1.183252 1.121347 1.058365 0.9984710 0.9406964 0.8846407 0.8308892 0.7793545 0.7304186 0.6839089 0.6400683 0.5986655 0.5598496 0.5233575 0.4892799 0.4573423 0.4276000 0.3997798 0.3739196 0.3497581 0.3273239 0.3063713 0.2869276 0.2687666 0.2519170 0.2361707 0.2215596 0.2078926 0.1952055 0.1833237 0.1722876 0.1619391 0.1523216 0.1432889 0.1348883 0.1269861 0.1196303 0.1126974 0.1062394 0.1001425 9.4459154E-02 8.9083336E-02
1.407115 1.425223 1.436475 1.440951 1.438106 1.428212 1.409755 1.386300 1.357791 1.327298 1.291916 1.249221 1.203993 1.155724 1.106232 1.055233 1.004987 0.9563907 0.9064324 0.8569080 0.8088737 0.7622939 0.7176262 0.6747640 0.6340181 0.5952222 0.5585855 0.5239015 0.4913097 0.4605834 0.4318157 0.4047718 0.3795166 0.3558196 0.3337295 0.3130240 0.2937436 0.2756798 0.2588710 0.2431227 0.2284721 0.2147392 0.2019626 0.1899762 0.1788211 0.1683456 0.1585933 0.1494240 0.1408826 0.1328410 0.1253460 0.1182771 0.1116838 0.1054562 9.9644333E-02 9.4145603E-02 8.9010626E-02
1.252648 1.267588 1.277128 1.280835 1.279117 1.271851 1.260863 1.243326 1.220095 1.189288 1.154790 1.120116 1.082022 1.042297 1.000477 0.9580242 0.9138702 0.8681366 0.8246102 0.7822813 0.7407402 0.7004978 0.6614866 0.6240709 0.5881339 0.5539355 0.5213173 0.4904626 0.4611870 0.4336204 0.4075630 0.3831083 0.3600543 0.3384716 0.3181608 0.2991779 0.2813319 0.2646721 0.2490181 0.2344146 0.2206925 0.2078951 0.1958648 0.1846447 0.1740901 0.1642458 0.1549768 0.1463285 0.1381766 0.1305679 0.1233861 0.1166779 0.1103375 0.1044131 9.8805226E-02 9.3562566E-02 8.8591903E-02
1.099927 1.112497 1.120380 1.123707 1.122003 1.115479 1.102665 1.086753 1.067569 1.047647 1.024173 0.9947791 0.9635580 0.9298422 0.8950800 0.8588349 0.8230414 0.7884148 0.7520148 0.7154593 0.6796706 0.6445981 0.6106489 0.5777390 0.5461679 0.5158154 0.4869021 0.4592797 0.4331110 0.4082289 0.3847532 0.3625090 0.3415884 0.3218147 0.3032598 0.2857507 0.2693481 0.2538859 0.2394176 0.2257854 0.2130380 0.2010273 0.1897995 0.1792166 0.1693255 0.1599975 0.1512781 0.1430480 0.1353539 0.1280840 0.1212839 0.1148503 0.1088311 0.1031297 9.7793058E-02 9.2731111E-02 8.7990642E-02
0.9902390 1.000725 1.007520 1.010282 1.009392 1.004729 0.9979332 0.9862857 0.9704409 0.9486145 0.9241751 0.9001350 0.8734025 0.8454387 0.8156627 0.7852781 0.7531635 0.7193071 0.6871801 0.6557495 0.6245950 0.5941535 0.5643541 0.5355273 0.5075787 0.4807597 0.4549504 0.4303420 0.4067954 0.3844551 0.3631704 0.3430539 0.3239499 0.3059470 0.2888889 0.2728489 0.2576750 0.2434297 0.2299670 0.2173423 0.2054160 0.1942396 0.1836814 0.1737913 0.1644466 0.1556948 0.1474206 0.1396718 0.1323409 0.1254733 0.1189687 0.1128742 0.1070964 0.1016816 9.6541867E-02 9.1723271E-02 8.7142766E-02
0.8762823 0.8852275 0.8908823 0.8934005 0.8923540 0.8879130 0.8786695 0.8675395 0.8542915 0.8410796 0.8252362 0.8044985 0.7824626 0.7583820 0.7334670 0.7072058 0.6812934 0.6563167 0.6294212 0.6020799 0.5751024 0.5484179 0.5223815 0.4969129 0.4722872 0.4484050 0.4254811 0.4033985 0.3823240 0.3621275 0.3429405 0.3246262 0.3072891 0.2907891 0.2752116 0.2604186 0.2464821 0.2332674 0.2208371 0.2090610 0.1979952 0.1875160 0.1776761 0.1683590 0.1596146 0.1513327 0.1435614 0.1361984 0.1292894 0.1227373 0.1165887 0.1107534 0.1052772 0.1000747 9.5191360E-02 9.0546496E-02 8.6184330E-02
0.7967749 0.8043054 0.8092591 0.8113460 0.8109263 0.8078852 0.8037224 0.7958420 0.7847666 0.7688316 0.7510245 0.7339947 0.7148163 0.6947289 0.6731082 0.6509737 0.6271909 0.6016602 0.5775955 0.5539582 0.5303213 0.5070569 0.4840855 0.4616995 0.4398122 0.4186567 0.3981327 0.3784251 0.3594211 0.3412689 0.3238479 0.3072774 0.2914321 0.2764095 0.2620840 0.2485378 0.2356466 0.2234807 0.2119191 0.2010233 0.1906771 0.1809370 0.1716927 0.1629967 0.1547441 0.1469845 0.1396193 0.1326964 0.1261219 0.1199418 0.1140692 0.1085499 0.1033012 9.8367736E-02 9.3671657E-02 8.9256115E-02 8.5048161E-02
0.7096282 0.7161354 0.7202750 0.7222064 0.7215420 0.7184253 0.7115152 0.7035074 0.6941485 0.6853132 0.6744922 0.6595437 0.6436785 0.6261366 0.6079603 0.5886006 0.5695714 0.5513703 0.5312387 0.5105322 0.4899676 0.4694569 0.4493085 0.4294397 0.4100969 0.3911907 0.3729210 0.3551880 0.3381538 0.3217114 0.3059931 0.2908868 0.2765011 0.2627220 0.2496410 0.2371440 0.2253092 0.2140239 0.2033559 0.1931959 0.1836047 0.1744784 0.1658723 0.1576868 0.1499733 0.1426376 0.1357289 0.1291575 0.1229696 0.1170809 0.1115378 0.1062602 0.1012922 9.6558869E-02 9.2102781E-02 8.7852553E-02 8.3851174E-02
0.6510280 0.6565472 0.6602288 0.6618228 0.6616704 0.6596651 0.6571933 0.6517850 0.6438736 0.6319161 0.6186063 0.6063089 0.5922725 0.5775869 0.5616111 0.5452297 0.5273209 0.5077301 0.4894539 0.4714635 0.4533300 0.4353734 0.4175050 0.3999819 0.3827189 0.3659277 0.3495171 0.3336608 0.3182622 0.3034650 0.2891676 0.2754892 0.2623253 0.2497769 0.2377386 0.2262962 0.2153454 0.2049596 0.1950370 0.1856427 0.1766781 0.1682030 0.1601221 0.1524897 0.1452152 0.1383501 0.1318080 0.1256368 0.1197545 0.1142077 0.1089195 0.1039341 9.9178195E-02 9.4695292E-02 9.0415165E-02 8.6380616E-02 8.2525730E-02
0.5829448 0.5877720 0.5908548 0.5923558 0.5919201 0.5896696 0.5843302 0.5784165 0.5716698 0.5657555 0.5583125 0.5473191 0.5356966 0.5226908 0.5092177 0.4947156 0.4805615 0.4671860 0.4519356 0.4360669 0.4202218 0.4043001 0.3885699 0.3729442 0.3576433 0.3425808 0.3279393 0.3136294 0.2998042 0.2863704 0.2734562 0.2609658 0.2490076 0.2374851 0.2264905 0.2159270 0.2058745 0.1962371 0.1870849 0.1783249 0.1700203 0.1620809 0.1545638 0.1473822 0.1405896 0.1341036 0.1279735 0.1221201 0.1165906 0.1113105 0.1063249 0.1015624 9.7066693E-02 9.2769928E-02 8.8713981E-02 8.4835306E-02 8.1174023E-02
0.5391759 0.5432926 0.5460765 0.5473086 0.5473109 0.5459853 0.5446249 0.5408772 0.5351145 0.5259092 0.5157138 0.5066792 0.4962237 0.4853179 0.4733213 0.4610205 0.4473178 0.4320259 0.4179627 0.4041137 0.3900543 0.3760614 0.3620391 0.3482141 0.3345007 0.3210887 0.3078921 0.2950718 0.2825403 0.2704335 0.2586621 0.2473419 0.2363829 0.2258841 0.2157550 0.2060813 0.1967731 0.1879053 0.1793897 0.1712934 0.1635311 0.1561626 0.1491053 0.1424143 0.1360110 0.1299466 0.1241448 0.1186539 0.1134013 0.1084332 0.1036805 9.9186778E-02 9.4886810E-02 9.0822190E-02 8.6930819E-02 8.3253220E-02 7.9729617E-02
0.4849593 0.4886004 0.4909315 0.4921135 0.4918169 0.4901487 0.4858967 0.4814196 0.4764669 0.4725314 0.4673978 0.4591693 0.4505254 0.4407272 0.4305952 0.4195708 0.4089186 0.3990282 0.3873481 0.3750504 0.3627174 0.3502404 0.3378539 0.3254684 0.3132794 0.3012015 0.2894014 0.2777951 0.2665247 0.2555059 0.2448604 0.2345035 0.2245403 0.2148859 0.2056309 0.1966908 0.1881454 0.1799111 0.1720584 0.1645065 0.1573183 0.1504149 0.1438538 0.1375595 0.1315852 0.1258577 0.1204262 0.1152209 0.1102882 0.1055618 0.1010855 9.6796103E-02 9.2735656E-02 8.8843338E-02 8.5159980E-02 8.1627294E-02 7.8284606E-02
0.4519089 0.4550270 0.4571661 0.4581291 0.4582196 0.4573471 0.4567223 0.4541098 0.4498373 0.4425775 0.4345920 0.4278570 0.4199431 0.4117278 0.4025851 0.3932230 0.3825821 0.3704582 0.3595045 0.3487300 0.3377195 0.3267155 0.3156174 0.3046265 0.2936549 0.2828740 0.2722007 0.2617822 0.2515367 0.2415916 0.2318657 0.2224695 0.2133223 0.2045197 0.1959816 0.1877920 0.1798718 0.1722948 0.1649840 0.1580057 0.1512842 0.1448798 0.1387196 0.1328591 0.1272278 0.1218765 0.1167376 0.1118587 0.1071752 0.1027319 9.8467335E-02 9.4424292E-02 9.0543270E-02 8.6865380E-02 8.3333910E-02 7.9987913E-02 7.6773800E-02
0.4079740 0.4107628 0.4125508 0.4134929 0.4132822 0.4120101 0.4085244 0.4050562 0.4013611 0.3987953 0.3952768 0.3890204 0.3825034 0.3750110 0.3672897 0.3587918 0.3507003 0.3433635 0.3343272 0.3246970 0.3150055 0.3051389 0.2953055 0.2854126 0.2756350 0.2658885 0.2563241 0.2468610 0.2376308 0.2285549 0.2197481 0.2111330 0.2028095 0.1947011 0.1868956 0.1793177 0.1720446 0.1650026 0.1582610 0.1517476 0.1455247 0.1395225 0.1337985 0.1282847 0.1230337 0.1179800 0.1131725 0.1085485 0.1041538 9.9928237E-02 9.5915794E-02 9.2058375E-02 8.8397212E-02 8.4877364E-02 8.1537768E-02 7.8326099E-02 7.5280294E-02
0.3828209 0.3852174 0.3868858 0.3876466 0.3877867 0.3872209 0.3870960 0.3852789 0.3820599 0.3762079 0.3698249 0.3647389 0.3586581 0.3523893 0.3453220 0.3381114 0.3297333 0.3199667 0.3113332 0.3028674 0.2941626 0.2854340 0.2765789 0.2677757 0.2589371 0.2502170 0.2415339 0.2330226 0.2246059 0.2164021 0.2083360 0.2005111 0.1928537 0.1854551 0.1782430 0.1712979 0.1645487 0.1580677 0.1517857 0.1457673 0.1399452 0.1343787 0.1290027 0.1238711 0.1189208 0.1142019 0.1096536 0.1053227 0.1011507 9.7181901E-02 9.3360551E-02 8.9727655E-02 8.6230032E-02 8.2906820E-02 7.9706818E-02 7.6667905E-02 7.3741354E-02
0.3466685 0.3488365 0.3502255 0.3509863 0.3508274 0.3498333 0.3469060 0.3441592 0.3413612 0.3397552 0.3373822 0.3325534 0.3275784 0.3217680 0.3158111 0.3091808 0.3029791 0.2975307 0.2904762 0.2828609 0.2751763 0.2673070 0.2594391 0.2514784 0.2435823 0.2356668 0.2278694 0.2201120 0.2125167 0.2050089 0.1976954 0.1905041 0.1835296 0.1767017 0.1701042 0.1636681 0.1574683 0.1514380 0.1456444 0.1400222 0.1346328 0.1294131 0.1244190 0.1195891 0.1149752 0.1105180 0.1062655 0.1021609 9.8248847E-02 9.4475478E-02 9.0882465E-02 8.7417513E-02 8.4120646E-02 8.0941573E-02 7.7918366E-02 7.5002961E-02 7.2232589E-02
0.3274187 0.3292843 0.3306042 0.3312104 0.3313743 0.3310189 0.3312281 0.3299710 0.3275103 0.3227000 0.3175003 0.3136128 0.3088751 0.3040318 0.2985016 0.2928873 0.2862046 0.2782279 0.2713498 0.2646362 0.2576923 0.2507120 0.2435906 0.2364895 0.2293200 0.2222227 0.2151170 0.2081277 0.2011801 0.1943838 0.1876676 0.1811289 0.1746987 0.1684637 0.1623568 0.1564553 0.1506942 0.1451427 0.1397378 0.1345428 0.1294964 0.1246560 0.1199626 0.1154690 0.1111178 0.1069576 0.1029335 9.9091105E-02 9.5377520E-02 9.1835558E-02 8.8413969E-02 8.5153282E-02 8.2004353E-02 7.9005562E-02 7.6109439E-02 7.3353603E-02 7.0692867E-02
