T0-Fulltest/fault3d/model.grd
DSAA
         130         130
  -50.00000       50.00000    
  -50.00000       50.00000    
 -0.8541690       211.7021    
[rows 0 to 25 of 130, columns 0 to 58 of 130]
7.5482003E-02 7.6941527E-02 7.8335658E-02 7.9860784E-02 8.1317298E-02 8.2907900E-02 8.4426232E-02 8.6082958E-02 8.7663487E-02 8.9386277E-02 9.1028884E-02 9.2817485E-02 9.4519362E-02 9.6371099E-02 9.8131016E-02 0.1000447 0.1018594 0.1038319 0.1056970 0.1077239 0.1096357 0.1117130 0.1136651 0.1157876 0.1177721 0.1199302 0.1219384 0.1241246 0.1261456 0.1283508 0.1303746 0.1325869 0.1345984 0.1368050 0.1387898 0.1409778 0.1429192 0.1450735 0.1469536 0.1490593 0.1508581 0.1528999 0.1545966 0.1565592 0.1581312 0.1600025 0.1614244 0.1631944 0.1644336 0.1660917 0.1670628 0.1684353 0.1682018 0.1694498 0.1701708 0.1712117 0.1718045 0.1724891 0.1726268
7.6788373E-02 7.8210160E-02 7.9764679E-02 8.1253007E-02 8.2877763E-02 8.4432743E-02 8.6128213E-02 8.7750338E-02 8.9517266E-02 9.1207288E-02 9.3046397E-02 9.4802566E-02 9.6710995E-02 9.8531693E-02 0.1005090 0.1023918 0.1044358 0.1063775 0.1084839 0.1104802 0.1126454 0.1146911 0.1169102 0.1189981 0.1212625 0.1233839 0.1256862 0.1278301 0.1301607 0.1323178 0.1346653 0.1368205 0.1391723 0.1413109 0.1436527 0.1457580 0.1480750 0.1501282 0.1524036 0.1543840 0.1566013 0.1584879 0.1606304 0.1623985 0.1644509 0.1660761 0.1680246 0.1694772 0.1713161 0.1725671 0.1743470 0.1755411 0.1781782 0.1791184 0.1803933 0.1811326 0.1821125 0.1827748 0.1837637
7.8039072E-02 7.9621390E-02 8.1139520E-02 8.2796372E-02 8.4386140E-02 8.6118609E-02 8.7780409E-02 8.9589670E-02 9.1325231E-02 9.3212657E-02 9.5021114E-02 9.6984982E-02 9.8864704E-02 0.1009044 0.1028539 0.1049679 0.1069848 0.1091699 0.1112500 0.1135024 0.1156412 0.1179571 0.1201480 0.1225192 0.1247543 0.1271738 0.1294421 0.1319002 0.1341927 0.1366784 0.1389804 0.1414812 0.1437782 0.1462795 0.1485540 0.1510405 0.1532741 0.1557278 0.1578982 0.1603014 0.1623872 0.1647219 0.1666977 0.1689453 0.1707854 0.1729294 0.1746033 0.1766302 0.1781020 0.1799983 0.1811761 0.1827582 0.1826748 0.1841071 0.1849819 0.1861752 0.1868891 0.1876862 0.1879024
7.9401322E-02 8.0947608E-02 8.2634635E-02 8.4256947E-02 8.6024627E-02 8.7724224E-02 8.9573666E-02 9.1352731E-02 9.3286529E-02 9.5144793E-02 9.7161964E-02 9.9099144E-02 0.1011993 0.1032136 0.1053961 0.1074862 0.1097486 0.1119115 0.1142502 0.1164811 0.1188934 0.1211870 0.1236648 0.1260137 0.1285513 0.1309452 0.1335326 0.1359625 0.1385891 0.1410407 0.1436943 0.1461535 0.1488196 0.1512687 0.1539311 0.1563514 0.1589917 0.1613601 0.1639594 0.1662541 0.1687926 0.1709874 0.1734446 0.1755117 0.1778679 0.1797773 0.1820150 0.1837337 0.1858435 0.1873370 0.1893662 0.1907801 0.1936704 0.1947975 0.1962584 0.1971487 0.1982754 0.1990575 0.2001636
8.0704018E-02 8.2419440E-02 8.4072269E-02 8.5872911E-02 8.7608404E-02 8.9496128E-02 9.1316238E-02 9.3294390E-02 9.5200241E-02 9.7268023E-02 9.9260382E-02 0.1014193 0.1034962 0.1057450 0.1079067 0.1102441 0.1124880 0.1149120 0.1172336 0.1197412 0.1221366 0.1247205 0.1271826 0.1298383 0.1323580 0.1350755 0.1376443 0.1404137 0.1430169 0.1458262 0.1484511 0.1512862 0.1539146 0.1567588 0.1593720 0.1622063 0.1647810 0.1675859 0.1700992 0.1728531 0.1752779 0.1779587 0.1802663 0.1828511 0.1850100 0.1874780 0.1894543 0.1917877 0.1935384 0.1957184 0.1971463 0.1989810 0.1990847 0.2007383 0.2017979 0.2031738 0.2040372 0.2049727 0.2052873
8.2121499E-02 8.3802834E-02 8.5634261E-02 8.7403007E-02 8.9327030E-02 9.1186218E-02 9.3206078E-02 9.5157355E-02 9.7273514E-02 9.9318221E-02 0.1015335 0.1036709 0.1059836 0.1082145 0.1106251 0.1129470 0.1154544 0.1178652 0.1204659 0.1229617 0.1256505 0.1282249 0.1309980 0.1336430 0.1364907 0.1391987 0.1421123 0.1448686 0.1478361 0.1506293 0.1536369 0.1564485 0.1594800 0.1622919 0.1653273 0.1681154 0.1711352 0.1738761 0.1768566 0.1795224 0.1824403 0.1850015 0.1878317 0.1902549 0.1929726 0.1952234 0.1978064 0.1998441 0.2022776 0.2040647 0.2063940 0.2080741 0.2112637 0.2126163 0.2143005 0.2153771 0.2166835 0.2176124 0.2188604
8.3476268E-02 8.5336208E-02 8.7135635E-02 8.9092940E-02 9.0988718E-02 9.3047716E-02 9.5040940E-02 9.7203009E-02 9.9297106E-02 0.1015653 0.1037604 0.1061348 0.1084320 0.1109131 0.1133110 0.1158986 0.1183966 0.1210892 0.1236829 0.1264755 0.1291606 0.1320502 0.1348197 0.1377973 0.1406446 0.1437029 0.1466131 0.1497408 0.1527046 0.1558877 0.1588859 0.1621092 0.1651247 0.1683676 0.1713758 0.1746185 0.1775961 0.1808138 0.1837316 0.1869001 0.1897277 0.1928193 0.1955219 0.1985080 0.2010496 0.2039048 0.2062434 0.2089438 0.2110329 0.2135545 0.2152852 0.2174225 0.2177565 0.2196760 0.2209630 0.2225612 0.2236070 0.2247100 0.2251466
8.4946491E-02 8.6774237E-02 8.8762321E-02 9.0691470E-02 9.2787236E-02 9.4819888E-02 9.7024582E-02 9.9165767E-02 0.1014841 0.1037336 0.1061671 0.1085278 0.1110765 0.1135475 0.1162135 0.1187949 0.1215770 0.1242671 0.1271605 0.1299547 0.1329587 0.1358510 0.1389577 0.1419429 0.1451457 0.1482099 0.1514984 0.1546338 0.1579943 0.1611817 0.1646003 0.1678232 0.1712788 0.1745134 0.1779867 0.1812087 0.1846740 0.1878544 0.1912858 0.1943928 0.1977610 0.2007584 0.2040323 0.2068824 0.2100327 0.2126928 0.2156905 0.2181159 0.2209396 0.2230817 0.2257718 0.2277749 0.2313211 0.2329515 0.2349083 0.2362129 0.2377364 0.2388447 0.2402627
8.6349390E-02 8.8365667E-02 9.0325348E-02 9.2454486E-02 9.4523951E-02 9.6768409E-02 9.8952606E-02 0.1013183 0.1036185 0.1061073 0.1085282 0.1111413 0.1136818 0.1164226 0.1190850 0.1219524 0.1247359 0.1277282 0.1306281 0.1337449 0.1367574 0.1399914 0.1431132 0.1464594 0.1496770 0.1531263 0.1564335 0.1599728 0.1633510 0.1669676 0.1704013 0.1740741 0.1775400 0.1812507 0.1847244 0.1884459 0.1918985 0.1956046 0.1990030 0.2026629 0.2059700 0.2095503 0.2127270 0.2161941 0.2191952 0.2225161 0.2252948 0.2284376 0.2309357 0.2338697 0.2359708 0.2384769 0.2391019 0.2413469 0.2429125 0.2447800 0.2460494 0.2473562 0.2479452
8.7870628E-02 8.9857884E-02 9.2017427E-02 9.4120055E-02 9.6401453E-02 9.8625295E-02 0.1010341 0.1033821 0.1059223 0.1083994 0.1110734 0.1136798 0.1164915 0.1192307 0.1221808 0.1250528 0.1281411 0.1311439 0.1343695 0.1375003 0.1408585 0.1441146 0.1476027 0.1509723 0.1545814 0.1580597 0.1617780 0.1653478 0.1691643 0.1728109 0.1767048 0.1804059 0.1843593 0.1880908 0.1920767 0.1958098 0.1998019 0.2035031 0.2074686 0.2111003 0.2150045 0.2185253 0.2223312 0.2256939 0.2293643 0.2325209 0.2360180 0.2389118 0.2422077 0.2447838 0.2479115 0.2503101 0.2542850 0.2562550 0.2585420 0.2601269 0.2619155 0.2632453 0.2648723
8.9318737E-02 9.1505542E-02 9.3638100E-02 9.5952608E-02 9.8213091E-02 0.1006616 0.1030531 0.1056416 0.1081707 0.1109017 0.1135704 0.1164489 0.1192609 0.1222894 0.1252468 0.1284260 0.1315282 0.1348597 0.1381041 0.1415844 0.1449707 0.1485978 0.1521170 0.1558837 0.1595315 0.1634278 0.1671883 0.1712051 0.1750658 0.1791827 0.1831220 0.1873222 0.1913164 0.1955736 0.1995951 0.2038824 0.2078974 0.2121817 0.2161516 0.2203967 0.2242789 0.2284446 0.2321900 0.2362354 0.2397936 0.2436760 0.2469879 0.2506679 0.2536666 0.2571021 0.2596573 0.2626135 0.2636013 0.2662429 0.2681528 0.2703519 0.2719007 0.2734619 0.2742437
9.0887107E-02 9.3046010E-02 9.5390111E-02 9.7683147E-02 0.1001681 0.1025990 0.1052310 0.1078086 0.1105918 0.1133180 0.1162595 0.1191395 0.1222419 0.1252798 0.1285462 0.1317422 0.1351755 0.1385299 0.1421269 0.1456406 0.1494023 0.1530675 0.1569893 0.1608035 0.1648761 0.1688257 0.1730418 0.1771161 0.1814569 0.1856358 0.1900861 0.1943466 0.1988802 0.2031965 0.2077878 0.2121254 0.2167407 0.2210614 0.2256629 0.2299232 0.2344690 0.2386176 0.2430636 0.2470480 0.2513461 0.2551051 0.2592098 0.2626768 0.2665470 0.2696551 0.2733171 0.2762015 0.2806946 0.2830850 0.2857794 0.2877146 0.2898326 0.2914371 0.2933217
9.2375234E-02 9.4745182E-02 9.7066902E-02 9.9584088E-02 0.1020507 0.1047220 0.1073427 0.1101744 0.1129530 0.1159526 0.1188961 0.1220671 0.1251805 0.1285288 0.1318140 0.1353431 0.1388029 0.1425125 0.1461477 0.1500408 0.1538468 0.1579196 0.1618970 0.1661424 0.1702784 0.1746917 0.1789777 0.1835419 0.1879606 0.1926622 0.1971915 0.2020054 0.2066209 0.2115228 0.2161911 0.2211472 0.2258305 0.2308026 0.2354562 0.2404013 0.2449734 0.2498439 0.2542792 0.2590229 0.2632571 0.2678228 0.2717867 0.2761206 0.2797340 0.2837840 0.2869008 0.2904117 0.2918577 0.2949893 0.2973299 0.2999407 0.3018375 0.3037155 0.3047425
9.3984917E-02 9.6331157E-02 9.8876476E-02 0.1013742 0.1040806 0.1067396 0.1096141 0.1124406 0.1154926 0.1184942 0.1217291 0.1249120 0.1283365 0.1317050 0.1353250 0.1388834 0.1427007 0.1464522 0.1504703 0.1544130 0.1586312 0.1627669 0.1671815 0.1714996 0.1761069 0.1806018 0.1853869 0.1900440 0.1949969 0.1997954 0.2048920 0.2098097 0.2150267 0.2200316 0.2253372 0.2303924 0.2357481 0.2408090 0.2461706 0.2511848 0.2565031 0.2614128 0.2666314 0.2713700 0.2764325 0.2809283 0.2857741 0.2899462 0.2945228 0.2982896 0.3026105 0.3060992 0.3112268 0.3141439 0.3173466 0.3197208 0.3222523 0.3242077 0.3264126
9.5507525E-02 9.8076664E-02 0.1006010 0.1033379 0.1060310 0.1089433 0.1118118 0.1149115 0.1179652 0.1212581 0.1245050 0.1279996 0.1314451 0.1351494 0.1388005 0.1427182 0.1465802 0.1507175 0.1547896 0.1591483 0.1634355 0.1680134 0.1725088 0.1773051 0.1820047 0.1870076 0.1918994 0.1971018 0.2021686 0.2075481 0.2127694 0.2183048 0.2236503 0.2293118 0.2347470 0.2404967 0.2459773 0.2517708 0.2572439 0.2630311 0.2684378 0.2741588 0.2794304 0.2850247 0.2900859 0.2954859 0.3002523 0.3053912 0.3097652 0.3145744 0.3183912 0.3225915 0.3246207 0.3283655 0.3312475 0.3343762 0.3367181 0.3389966 0.3403343
9.7150326E-02 9.9696703E-02 0.1024593 0.1051813 0.1081270 0.1110321 0.1141731 0.1172736 0.1206182 0.1239228 0.1274816 0.1309971 0.1347789 0.1385156 0.1425273 0.1464918 0.1507417 0.1549365 0.1594276 0.1638603 0.1685944 0.1732602 0.1782399 0.1831381 0.1883537 0.1934757 0.1989232 0.2042551 0.2099159 0.2154398 0.2212947 0.2269826 0.2330038 0.2388246 0.2449767 0.2508865 0.2571254 0.2630723 0.2693470 0.2752719 0.2815214 0.2873534 0.2935131 0.2991740 0.3051699 0.3105718 0.3163294 0.3213733 0.3268220 0.3314087 0.3365471 0.3407915 0.3467036 0.3502825 0.3541233 0.3570569 0.3601076 0.3625000 0.3651031
9.8695412E-02 0.1014790 0.1042248 0.1071985 0.1101351 0.1133121 0.1164527 0.1198433 0.1231985 0.1268150 0.1303941 0.1342460 0.1380607 0.1421586 0.1462183 0.1505723 0.1548821 0.1594981 0.1640672 0.1689507 0.1737784 0.1789338 0.1840235 0.1894451 0.1947908 0.2004781 0.2060694 0.2120073 0.2178307 0.2240035 0.2300338 0.2364163 0.2426250 0.2491852 0.2555316 0.2622261 0.2686593 0.2754380 0.2818994 0.2887011 0.2951194 0.3018759 0.3081698 0.3148022 0.3208798 0.3273063 0.3330644 0.3391984 0.3445198 0.3502731 0.3549678 0.3600313 0.3628033 0.3673190 0.3708909 0.3746716 0.3775724 0.3803550 0.3820923
0.1003610 0.1031253 0.1061215 0.1090837 0.1122911 0.1154655 0.1188951 0.1222945 0.1259608 0.1295962 0.1335112 0.1373958 0.1415719 0.1457181 0.1501682 0.1545835 0.1593162 0.1640132 0.1690362 0.1740180 0.1793397 0.1846120 0.1902314 0.1957925 0.2017121 0.2075559 0.2137644 0.2198814 0.2263682 0.2327376 0.2394807 0.2460775 0.2530478 0.2598348 0.2669925 0.2739214 0.2812178 0.2882315 0.2956056 0.3026333 0.3100156 0.3169737 0.3242812 0.3310749 0.3382193 0.3447412 0.3516268 0.3577569 0.3642916 0.3699063 0.3760678 0.3812647 0.3881560 0.3925778 0.3972242 0.4008637 0.4045706 0.4075238 0.4106357
0.1019186 0.1049319 0.1079139 0.1111456 0.1143479 0.1178099 0.1212460 0.1249554 0.1286389 0.1326094 0.1365561 0.1408016 0.1450252 0.1495620 0.1540737 0.1589129 0.1637283 0.1688812 0.1740057 0.1794848 0.1849287 0.1907360 0.1965030 0.2026454 0.2087324 0.2152035 0.2216060 0.2283998 0.2351027 0.2422022 0.2491845 0.2565643 0.2637925 0.2714173 0.2788481 0.2866719 0.2942503 0.3022136 0.3098701 0.3179038 0.3255546 0.3335729 0.3411212 0.3490306 0.3563642 0.3640604 0.3710533 0.3784265 0.3849348 0.3918699 0.3976719 0.4038234 0.4075505 0.4130413 0.4174856 0.4220908 0.4257076 0.4291353 0.4313945
0.1035931 0.1065891 0.1098387 0.1130622 0.1165503 0.1200158 0.1237605 0.1274846 0.1315015 0.1355015 0.1398079 0.1440990 0.1487125 0.1533102 0.1582459 0.1631681 0.1684403 0.1736964 0.1793205 0.1849255 0.1909084 0.1968696 0.2032240 0.2095429 0.2162660 0.2229441 0.2300356 0.2370632 0.2445121 0.2518738 0.2596596 0.2673265 0.2754181 0.2833529 0.2917102 0.2998617 0.3084276 0.3167289 0.3254355 0.3338043 0.3425657 0.3509044 0.3596236 0.3678164 0.3763810 0.3842964 0.3925863 0.4000765 0.4079711 0.4148805 0.4223287 0.4287316 0.4368500 0.4423393 0.4480059 0.4525503 0.4570958 0.4607720 0.4645334
0.1051453 0.1084067 0.1116446 0.1151517 0.1186398 0.1224120 0.1261682 0.1302234 0.1342670 0.1386254 0.1429747 0.1476546 0.1523278 0.1573488 0.1623665 0.1677459 0.1731221 0.1788791 0.1846316 0.1907787 0.1969202 0.2034737 0.2100120 0.2169746 0.2239159 0.2312935 0.2386340 0.2464218 0.2541534 0.2623375 0.2704372 0.2789923 0.2874287 0.2963206 0.3050489 0.3142253 0.3231828 0.3325789 0.3416860 0.3512180 0.3603786 0.3699473 0.3790434 0.3885311 0.3974262 0.4067034 0.4152426 0.4241688 0.4321733 0.4405979 0.4478056 0.4553353 0.4602866 0.4670174 0.4725837 0.4782476 0.4827931 0.4870554 0.4899884
0.1068117 0.1100574 0.1135769 0.1170801 0.1208725 0.1246523 0.1287373 0.1328157 0.1372157 0.1416133 0.1463496 0.1510868 0.1561815 0.1612822 0.1667564 0.1722391 0.1781159 0.1840016 0.1902978 0.1966058 0.2033425 0.2100849 0.2172724 0.2244612 0.2321103 0.2397495 0.2478625 0.2559509 0.2645222 0.2730446 0.2820554 0.2909876 0.3004103 0.3097141 0.3195046 0.3291247 0.3392223 0.3490835 0.3594082 0.3694175 0.3798709 0.3899105 0.4003721 0.4103025 0.4206355 0.4302958 0.4403468 0.4495526 0.4591637 0.4677188 0.4768001 0.4847421 0.4944163 0.5012820 0.5082627 0.5139834 0.5196176 0.5242316 0.5288373
0.1083393 0.1118644 0.1153753 0.1191804 0.1229758 0.1270818 0.1311858 0.1356180 0.1400527 0.1448349 0.1496250 0.1547809 0.1599520 0.1655078 0.1710828 0.1770651 0.1830698 0.1894997 0.1959576 0.2028623 0.2097914 0.2171872 0.2246072 0.2325106 0.2404315 0.2488539 0.2572827 0.2662258 0.2751565 0.2846104 0.2940269 0.3039722 0.3138449 0.3242464 0.3345295 0.3453340 0.3559583 0.3670912 0.3779691 0.3893358 0.4003531 0.4118336 0.4228502 0.4343023 0.4451518 0.4564117 0.4669015 0.4777899 0.4876978 0.4980179 0.5070273 0.5163250 0.5228713 0.5312028 0.5382298 0.5452706 0.5510274 0.5563833 0.5602228
0.1099734 0.1134847 0.1172946 0.1210976 0.1252160 0.1293359 0.1337906 0.1382523 0.1430686 0.1478999 0.1531051 0.1583332 0.1639572 0.1696101 0.1756823 0.1817903 0.1883381 0.1949283 0.2019831 0.2090813 0.2166663 0.2242980 0.2324373 0.2406200 0.2493323 0.2580824 0.2673782 0.2766985 0.2865785 0.2964633 0.3069177 0.3173478 0.3283514 0.3392907 0.3508005 0.3621901 0.3741393 0.3858992 0.3982002 0.4102224 0.4227590 0.4349061 0.4475342 0.4596370 0.4721857 0.4840462 0.4963234 0.5077121 0.5195104 0.5301760 0.5413537 0.5512851 0.5629581 0.5716173 0.5803105 0.5875704 0.5946314 0.6004930 0.6062086
0.1114500 0.1152574 0.1190597 0.1231824 0.1273090 0.1317763 0.1362549 0.1410945 0.1459544 0.1511969 0.1564688 0.1621468 0.1678627 0.1740095 0.1802034 0.1868522 0.1935566 0.2007425 0.2079898 0.2157436 0.2235655 0.2319190 0.2403418 0.2493213 0.2583695 0.2679961 0.2776832 0.2879678 0.2983001 0.3092446 0.3202141 0.3318051 0.3433873 0.3555930 0.3677422 0.3805083 0.3931550 0.4064034 0.4194490 0.4330700 0.4463830 0.4602357 0.4736487 0.4875594 0.5008711 0.5146372 0.5276083 0.5409983 0.5533479 0.5661045 0.5774468 0.5890373 0.5976803 0.6081029 0.6170470 0.6258959 0.6332645 0.6400677 0.6451092
0.1130240 0.1168176 0.1209361 0.1250606 0.1295306 0.1340153 0.1388675 0.1437440 0.1490109 0.1543134 0.1600311 0.1657946 0.1720002 0.1782630 0.1849939 0.1917943 0.1990917 0.2064667 0.2143679 0.2223571 0.2309012 0.2395396 0.2487622 0.2580830 0.2680145 0.2780429 0.2887062 0.2994603 0.3108707 0.3223557 0.3345124 0.3467183 0.3596035 0.3724985 0.3860729 0.3996024 0.4138005 0.4278782 0.4426015 0.4571057 0.4722209 0.4869917 0.5023274 0.5171638 0.5325116 0.5471681 0.5622824 0.5764702 0.5910804 0.6044775 0.6183710 0.6308979 0.6451684 0.6561843 0.6671302 0.6764387 0.6853909 0.6929058 0.7000998
