T0-Fulltest/fault3d/model.grd
DSAA
         130         130
  -50.00000       50.00000    
  -50.00000       50.00000    
 -0.8541690       211.7021    
[rows 78 to 103 of 130, columns 0 to 58 of 130]
8.1707323E-03 1.6725209E-02 2.6470812E-02 3.6252055E-02 4.7353107E-02 5.8585718E-02 7.1291171E-02 8.4249288E-02 9.8864190E-02 0.1138861 0.1307896 0.1482943 0.1679584 0.1884745 0.2114934 0.2356856 0.2628135 0.2915329 0.3237383 0.3580817 0.3966205 0.4380209 0.4845391 0.5348879 0.5915771 0.6534069 0.7232175 0.7999660 0.8869322 0.9833342 1.093055 1.215727 1.356072 1.514381 1.696538 1.903822 2.143710 2.418837 2.738669 3.107356 3.536277 4.030351 4.601456 5.252726 5.993292 6.820484 7.737065 8.731293 9.798004 10.91527 12.07112 13.23458 14.39749 15.50713 16.54367 17.48053 18.28643 18.93672 19.40468
3.4672566E-02 4.3637943E-02 5.2636072E-02 6.2814742E-02 7.3110707E-02 8.4719814E-02 9.6550271E-02 0.1098535 0.1235092 0.1388304 0.1546712 0.1724130 0.1908839 0.2115474 0.2332086 0.2574232 0.2829816 0.3115496 0.3419082 0.3758544 0.4121764 0.4528304 0.4966283 0.5457300 0.5990008 0.6588556 0.7242572 0.7979510 0.8790662 0.9707869 1.072504 1.187983 1.317018 1.464163 1.629791 1.819487 2.034403 2.281382 2.562428 2.885635 3.253499 3.674703 4.150938 4.689771 5.289745 5.954988 6.678453 7.459243 8.283371 9.144964 10.02271 10.90667 11.76234 12.59170 13.36474 14.05847 14.65381 15.12939 15.47017
5.5685852E-02 6.3970253E-02 7.3314488E-02 8.2759671E-02 9.3381569E-02 0.1041939 0.1163201 0.1287496 0.1426592 0.1570136 0.1730503 0.1897084 0.2082942 0.2277274 0.2493913 0.2721884 0.2975959 0.3245036 0.3544966 0.3864616 0.4221179 0.4603597 0.5030678 0.5491692 0.6007445 0.6567784 0.7196041 0.7883091 0.8655527 0.9505838 1.046483 1.152739 1.272979 1.407041 1.559239 1.729857 1.924036 2.142539 2.391337 2.671479 2.989451 3.345899 3.746929 4.191452 4.683798 5.219475 5.799760 6.415489 7.064480 7.732370 8.414386 9.091529 9.763685 10.39564 10.98049 11.50389 11.95020 12.30783 12.56444
7.1766414E-02 8.0357015E-02 8.9028947E-02 9.8760843E-02 0.1086527 0.1197234 0.1310500 0.1436994 0.1567252 0.1712465 0.1862945 0.2030466 0.2205130 0.2399404 0.2603197 0.2829758 0.3068858 0.3334661 0.3616834 0.3930629 0.4265752 0.4638734 0.5039412 0.5485952 0.5968499 0.6507171 0.7092717 0.7747743 0.8463953 0.9267066 1.015023 1.114303 1.224065 1.347751 1.485129 1.640203 1.813004 2.008106 2.225688 2.470735 2.743188 3.047971 3.384021 3.755378 4.158907 4.596863 5.063008 5.557298 6.069766 6.598259 7.128678 7.657226 8.160810 8.646795 9.095610 9.495528 9.836450 10.10748 10.30142
8.4792726E-02 9.2763938E-02 0.1016919 0.1107518 0.1208736 0.1312093 0.1427304 0.1545690 0.1677414 0.1813576 0.1964869 0.2122178 0.2296769 0.2479368 0.2681908 0.2894928 0.3131154 0.3381008 0.3658099 0.3952789 0.4279802 0.4629484 0.5017854 0.5435437 0.5899785 0.6401731 0.6960767 0.7568255 0.8246032 0.8986285 0.9813728 1.072166 1.173826 1.285823 1.411366 1.550066 1.705536 1.877447 2.069731 2.281897 2.517939 2.776747 3.061904 3.371003 3.706619 4.064299 4.445151 4.842088 5.254705 5.672959 6.095634 6.510103 6.919898 7.299654 7.648695 7.958864 8.222178 8.432801 8.584510
9.4767570E-02 0.1029700 0.1112776 0.1205452 0.1299894 0.1405005 0.1512757 0.1632466 0.1755885 0.1892787 0.2034740 0.2192001 0.2355961 0.2537482 0.2727752 0.2938290 0.3160160 0.3405640 0.3665658 0.3953418 0.4259807 0.4599053 0.4962081 0.5364393 0.5797014 0.6276976 0.6795576 0.7371644 0.7996900 0.8692361 0.9450330 1.029436 1.121747 1.224610 1.337387 1.463020 1.600883 1.754164 1.922106 2.108007 2.310701 2.533315 2.773844 3.034864 3.313012 3.609961 3.920499 4.245258 4.576836 4.915069 5.249992 5.580913 5.891204 6.190320 6.464478 6.707662 6.914123 7.077979 7.195420
0.1029764 0.1106041 0.1191013 0.1277423 0.1373472 0.1471700 0.1580671 0.1692739 0.1816855 0.1945191 0.2087153 0.2234707 0.2397770 0.2568147 0.2756307 0.2953884 0.3172025 0.3402213 0.3656332 0.3925785 0.4223350 0.4540327 0.4890543 0.5265322 0.5679689 0.6125052 0.6617875 0.7149723 0.7738750 0.8376782 0.9083906 0.9852225 1.070400 1.163151 1.265925 1.377932 1.501819 1.636683 1.785286 1.946440 2.122857 2.312785 2.518652 2.737779 2.972063 3.217525 3.475382 3.740047 4.012151 4.284284 4.557077 4.821566 5.082879 5.321527 5.539772 5.732622 5.895961 6.026644 6.121391
0.1091755 0.1169781 0.1248942 0.1336842 0.1426525 0.1525894 0.1627816 0.1740567 0.1856810 0.1985222 0.2118302 0.2265140 0.2418061 0.2586675 0.2763108 0.2957530 0.3161941 0.3387136 0.3624949 0.3886962 0.4164885 0.4471121 0.4797332 0.5156930 0.5541515 0.5965661 0.6420980 0.6923365 0.7464480 0.8061742 0.8706841 0.9418853 1.018940 1.103930 1.195981 1.297335 1.407018 1.527383 1.657241 1.798960 1.950951 2.115450 2.290225 2.477208 2.673248 2.879849 3.092680 3.312833 3.534583 3.758853 3.978192 4.193507 4.392061 4.583895 4.758575 4.913079 5.043858 5.147614 5.222118
0.1143229 0.1215855 0.1296412 0.1378410 0.1469179 0.1562032 0.1664632 0.1770133 0.1886521 0.2006790 0.2139326 0.2276908 0.2428379 0.2586356 0.2760144 0.2942200 0.3142413 0.3353035 0.3584582 0.3829213 0.4098130 0.4383339 0.4696912 0.5030736 0.5397803 0.5789919 0.6221162 0.6683233 0.7191435 0.7737356 0.8337609 0.8983553 0.9693191 1.045744 1.129561 1.219773 1.318414 1.424316 1.539558 1.662680 1.795712 1.936736 2.087619 2.245779 2.412833 2.585326 2.764605 2.946165 3.131220 3.314046 3.496235 3.671036 3.844178 3.999886 4.141779 4.266543 4.372112 4.456667 4.518461
0.1180710 0.1254658 0.1329736 0.1412781 0.1497514 0.1591051 0.1686962 0.1792679 0.1901582 0.2021469 0.2145540 0.2281949 0.2423750 0.2579532 0.2742150 0.2920688 0.3107838 0.3313201 0.3529305 0.3766393 0.4016806 0.4291485 0.4582631 0.4901950 0.5241483 0.5613844 0.6010897 0.6446237 0.6911531 0.7421453 0.7967349 0.8565010 0.9205323 0.9905166 1.065461 1.147148 1.234445 1.329191 1.430033 1.538810 1.653826 1.776850 1.905696 2.041992 2.182908 2.329908 2.479358 2.632630 2.785138 2.938384 3.086520 3.231265 3.362366 3.489757 3.605065 3.706905 3.792882 3.861112 3.910165
0.1211845 0.1280691 0.1356785 0.1434230 0.1519661 0.1607013 0.1703210 0.1802033 0.1910699 0.2022826 0.2145973 0.2273569 0.2413571 0.2559234 0.2718925 0.2885719 0.3068469 0.3260055 0.3469852 0.3690589 0.3932222 0.4187283 0.4466400 0.4761904 0.5085170 0.5428320 0.5803552 0.6202719 0.6638916 0.7103655 0.7610949 0.8151826 0.8741237 0.9369468 1.005230 1.077887 1.156558 1.239981 1.329823 1.424562 1.525846 1.631784 1.743957 1.859988 1.981370 2.105111 2.232651 2.360265 2.489487 2.615712 2.741009 2.860036 2.978630 3.083515 3.178886 3.262348 3.332972 3.389619 3.431396
0.1232780 0.1302622 0.1373514 0.1451671 0.1531373 0.1619077 0.1708914 0.1807630 0.1909171 0.2020599 0.2135693 0.2261838 0.2392651 0.2535897 0.2684994 0.2848123 0.3018540 0.3204858 0.3400144 0.3613561 0.3837943 0.4083012 0.4341407 0.4623474 0.4921608 0.5246863 0.5591351 0.5966858 0.6365146 0.6798792 0.7259068 0.7759352 0.8290256 0.8865893 0.9475890 1.013500 1.083142 1.158029 1.236778 1.320916 1.408776 1.501866 1.598142 1.699076 1.802152 1.908824 2.015999 2.125200 2.232638 2.340106 2.442823 2.542901 2.631757 2.718926 2.797374 2.866639 2.924967 2.971284 3.004579
0.1249932 0.1314928 0.1386548 0.1459388 0.1539501 0.1621324 0.1711171 0.1803327 0.1904365 0.2008417 0.2122359 0.2240137 0.2368972 0.2502630 0.2648688 0.2800737 0.2966765 0.3140152 0.3329338 0.3527516 0.3743588 0.3970527 0.4217798 0.4478104 0.4761511 0.5060443 0.5385593 0.5729018 0.6102099 0.6496431 0.6924081 0.7376038 0.7865040 0.8381222 0.8937922 0.9524107 1.015358 1.081365 1.151844 1.225304 1.303163 1.383640 1.468150 1.554541 1.644237 1.734630 1.827208 1.918817 2.011149 2.100372 2.188768 2.271936 2.355581 2.428199 2.494164 2.551617 2.600277 2.639367 2.668490
0.1259374 0.1325113 0.1391789 0.1465094 0.1539756 0.1621693 0.1705487 0.1797310 0.1891578 0.1994739 0.2101041 0.2217216 0.2337350 0.2468502 0.2604573 0.2752980 0.2907436 0.3075746 0.3251409 0.3442675 0.3642800 0.3860514 0.4088828 0.4336974 0.4597683 0.4880743 0.5178524 0.5501398 0.5841313 0.6209245 0.6596574 0.7014883 0.7454815 0.7928515 0.8425633 0.8958809 0.9516352 1.011128 1.073011 1.138615 1.206358 1.277590 1.350435 1.426269 1.502855 1.581631 1.659921 1.739319 1.816604 1.893701 1.966568 2.037480 2.099033 2.160252 2.215028 2.263433 2.304082 2.336388 2.359571
0.1266667 0.1327800 0.1394987 0.1463230 0.1538097 0.1614438 0.1698049 0.1783641 0.1877244 0.1973408 0.2078435 0.2186690 0.2304775 0.2426894 0.2559957 0.2697970 0.2848211 0.3004468 0.3174386 0.3351554 0.3544023 0.3745125 0.3963377 0.4191821 0.4439458 0.4698996 0.4979947 0.5274606 0.5593032 0.5927011 0.6287134 0.6664538 0.7070346 0.7494845 0.7949638 0.8423902 0.8929672 0.9454653 1.001125 1.058530 1.118952 1.180740 1.245203 1.310398 1.377697 1.444804 1.513217 1.580209 1.647535 1.711912 1.775693 1.835125 1.895681 1.947170 1.993953 2.034492 2.068886 2.096557 2.117409
0.1267952 0.1329639 0.1392121 0.1460648 0.1530332 0.1606621 0.1684486 0.1769610 0.1856792 0.1951962 0.2049758 0.2156356 0.2266244 0.2385892 0.2509585 0.2644107 0.2783560 0.2935044 0.3092439 0.3263249 0.3441080 0.3633842 0.3834888 0.4052533 0.4279815 0.4525514 0.4782278 0.5059360 0.5348957 0.5660809 0.5986520 0.6336329 0.6701109 0.7091565 0.7497618 0.7930426 0.8378694 0.8853985 0.9343476 0.9859136 1.038620 1.093711 1.149471 1.207207 1.264918 1.324017 1.382152 1.440932 1.497559 1.553992 1.606721 1.658060 1.701479 1.745465 1.784584 1.819222 1.848217 1.871286 1.887782
0.1268162 0.1325464 0.1388301 0.1452017 0.1521763 0.1592741 0.1670306 0.1749522 0.1835951 0.1924502 0.2020977 0.2120114 0.2227988 0.2339158 0.2459972 0.2584800 0.2720296 0.2860607 0.3012722 0.3170573 0.3341483 0.3519135 0.3711243 0.3911162 0.4127032 0.4351853 0.4594178 0.4846593 0.5118102 0.5400760 0.5704027 0.6019316 0.6356539 0.6706286 0.7078913 0.7463996 0.7872313 0.8292161 0.8734764 0.9186832 0.9660071 1.013923 1.063666 1.113473 1.164673 1.215218 1.266593 1.316394 1.366381 1.413677 1.460624 1.503938 1.548822 1.586097 1.620014 1.649237 1.674098 1.694130 1.709418
0.1263565 0.1321283 0.1379645 0.1443522 0.1508348 0.1579172 0.1651288 0.1729959 0.1810313 0.1897832 0.1987493 0.2085006 0.2185184 0.2293995 0.2406065 0.2527624 0.2653109 0.2789043 0.2929630 0.3081739 0.3239307 0.3409552 0.3586132 0.3776615 0.3974341 0.4187263 0.4408326 0.4645893 0.4892442 0.5156753 0.5430732 0.5723585 0.6026511 0.6349143 0.6681806 0.7034568 0.7396675 0.7778645 0.8168401 0.8576959 0.8990610 0.9420991 0.9852425 1.029740 1.073786 1.118761 1.162567 1.206795 1.248964 1.291019 1.329846 1.367730 1.398811 1.431057 1.459548 1.484860 1.505971 1.522789 1.534740
0.1258622 0.1312170 0.1370778 0.1430088 0.1494886 0.1560673 0.1632424 0.1705507 0.1785075 0.1866355 0.1954725 0.2045229 0.2143490 0.2244385 0.2353767 0.2466318 0.2588184 0.2713813 0.2849640 0.2989911 0.3141336 0.3297902 0.3466669 0.3641288 0.3829182 0.4023656 0.4232489 0.4448559 0.4680047 0.4919316 0.5174939 0.5438663 0.5719473 0.6008359 0.6314731 0.6628654 0.6959990 0.7297683 0.7652090 0.8010787 0.8384720 0.8759823 0.9147815 0.9532650 0.9927157 1.031287 1.070433 1.108001 1.145722 1.181028 1.216207 1.248330 1.282318 1.309801 1.334878 1.356351 1.374689 1.389478 1.400928
0.1249767 0.1303633 0.1357992 0.1417382 0.1477512 0.1543086 0.1609680 0.1682186 0.1756025 0.1836297 0.1918263 0.2007223 0.2098293 0.2196989 0.2298235 0.2407804 0.2520421 0.2642109 0.2767380 0.2902556 0.3041868 0.3191959 0.3346774 0.3513252 0.3685040 0.3869411 0.4059603 0.4263266 0.4473190 0.4697379 0.4928075 0.5173678 0.5425774 0.5693167 0.5966641 0.6255445 0.6549403 0.6858241 0.7170625 0.7496845 0.7824175 0.8163623 0.8500786 0.8847637 0.9187754 0.9534516 0.9868982 1.020668 1.052531 1.084382 1.113414 1.141853 1.164363 1.188434 1.209553 1.228404 1.244053 1.256539 1.265333
0.1241086 0.1290991 0.1345522 0.1400576 0.1460624 0.1521427 0.1587627 0.1654858 0.1727931 0.1802334 0.1883074 0.1965477 0.2054764 0.2146084 0.2244885 0.2346119 0.2455482 0.2567715 0.2688769 0.2813164 0.2947109 0.3084865 0.3232932 0.3385264 0.3548692 0.3716796 0.3896739 0.4081709 0.4279202 0.4481906 0.4697699 0.4918691 0.5153139 0.5392465 0.5645344 0.5902365 0.6172668 0.6445844 0.6731573 0.7018260 0.7316234 0.7612488 0.7918202 0.8218653 0.8526217 0.8824072 0.9126337 0.9413487 0.9702374 0.9969723 1.023766 1.047962 1.074212 1.094814 1.113689 1.129733 1.143500 1.154613 1.163351
0.1229159 0.1279316 0.1329813 0.1384898 0.1440522 0.1501086 0.1562417 0.1629088 0.1696768 0.1770218 0.1844961 0.1925936 0.2008512 0.2097839 0.2189099 0.2287659 0.2388518 0.2497267 0.2608682 0.2728632 0.2851615 0.2983777 0.3119352 0.3264757 0.3413905 0.3573526 0.3737161 0.3911855 0.4090710 0.4281117 0.4475669 0.4682120 0.4892454 0.5114828 0.5340497 0.5578051 0.5817892 0.6069114 0.6321097 0.6583544 0.6844612 0.7114773 0.7380725 0.7653959 0.7919408 0.8189999 0.8448443 0.8709794 0.8953699 0.9198528 0.9418625 0.9635455 0.9799989 0.9982672 1.014165 1.028441 1.040228 1.049649 1.056207
0.1217760 0.1264155 0.1314779 0.1365754 0.1421271 0.1477330 0.1538281 0.1599982 0.1666941 0.1734892 0.1808507 0.1883355 0.1964326 0.2046808 0.2135881 0.2226763 0.2324750 0.2424843 0.2532584 0.2642744 0.2761093 0.2882164 0.3011995 0.3144797 0.3286914 0.3432224 0.3587349 0.3745776 0.3914456 0.4086416 0.4268954 0.4454552 0.4650891 0.4849818 0.5059416 0.5270782 0.5492481 0.5714726 0.5946639 0.6177382 0.6416759 0.6652688 0.6895866 0.7132699 0.7375101 0.7607615 0.7843884 0.8066000 0.8290251 0.8495306 0.8702422 0.8887253 0.9093756 0.9250434 0.9394786 0.9516470 0.9621491 0.9706313 0.9774253
0.1203629 0.1250235 0.1297035 0.1348018 0.1399357 0.1455189 0.1511549 0.1572729 0.1634631 0.1701710 0.1769716 0.1843288 0.1918021 0.1998729 0.2080842 0.2169372 0.2259551 0.2356616 0.2455575 0.2561898 0.2670352 0.2786659 0.2905307 0.3032278 0.3161766 0.3300017 0.3440859 0.3590851 0.3743412 0.3905421 0.4069814 0.4243828 0.4419837 0.4605459 0.4792407 0.4988746 0.5185419 0.5391010 0.5595546 0.5808225 0.6017998 0.6234859 0.6446459 0.6663828 0.6873044 0.7086565 0.7288446 0.7493213 0.7682123 0.7872854 0.8041741 0.8209386 0.8330346 0.8471032 0.8592353 0.8702118 0.8792177 0.8864326 0.8913778
0.1190287 0.1233323 0.1280227 0.1327325 0.1378567 0.1430148 0.1486157 0.1542671 0.1603922 0.1665848 0.1732856 0.1800725 0.1874036 0.1948412 0.2028611 0.2110071 0.2197768 0.2286921 0.2382714 0.2480170 0.2584682 0.2691019 0.2804835 0.2920604 0.3044236 0.3169878 0.3303721 0.3439548 0.3583855 0.3729983 0.3884768 0.4041052 0.4206021 0.4371939 0.4546408 0.4721013 0.4903837 0.5085661 0.5275130 0.5462089 0.5655884 0.5845242 0.6040410 0.6228766 0.6421763 0.6605079 0.6791855 0.6965529 0.7141772 0.7300850 0.7463148 0.7606114 0.7771338 0.7892060 0.8004064 0.8097584 0.8178912 0.8244602 0.8298269
0.1174623 0.1217846 0.1261130 0.1308242 0.1355537 0.1406911 0.1458604 0.1514653 0.1571158 0.1632323 0.1694100 0.1760845 0.1828375 0.1901206 0.1974980 0.2054418 0.2134959 0.2221509 0.2309323 0.2403523 0.2499105 0.2601443 0.2705275 0.2816185 0.2928630 0.3048461 0.3169788 0.3298762 0.3429095 0.3567239 0.3706474 0.3853582 0.4001316 0.4156852 0.4312346 0.4475412 0.4637502 0.4806743 0.4973761 0.5147319 0.5317065 0.5492554 0.5662276 0.5836812 0.6003203 0.6173437 0.6332701 0.6494970 0.6642837 0.6793278 0.6924276 0.7055569 0.7144743 0.7254540 0.7348258 0.7433875 0.7503590 0.7559581 0.7597235
