T0-Fulltest/fault3d/model.grd
DSAA
         130         130
  -50.00000       50.00000    
  -50.00000       50.00000    
 -0.8541690       211.7021    
[rows 104 to 129 of 130, columns 0 to 58 of 130]
0.1159942 0.1199785 0.1243178 0.1286617 0.1333828 0.1381201 0.1432590 0.1484256 0.1540200 0.1596555 0.1657461 0.1718910 0.1785212 0.1852185 0.1924324 0.1997266 0.2075675 0.2155016 0.2240151 0.2326317 0.2418597 0.2511994 0.2611797 0.2712731 0.2820352 0.2929068 0.3044704 0.3161318 0.3285011 0.3409448 0.3541048 0.3673000 0.3812087 0.3950973 0.4096844 0.4241734 0.4393303 0.4542860 0.4698635 0.4851080 0.5009129 0.5162225 0.5320194 0.5471234 0.5626354 0.5772200 0.5921406 0.6058537 0.6198647 0.6323336 0.6452120 0.6563958 0.6698248 0.6792363 0.6880477 0.6953245 0.7017078 0.7068632 0.7111713
0.1143268 0.1183300 0.1223266 0.1266729 0.1310221 0.1357428 0.1404758 0.1456034 0.1507541 0.1563242 0.1619283 0.1679774 0.1740713 0.1806380 0.1872599 0.1943810 0.2015678 0.2092828 0.2170706 0.2254154 0.2338391 0.2428455 0.2519322 0.2616259 0.2713962 0.2817955 0.2922605 0.3033695 0.3145243 0.3263326 0.3381530 0.3506278 0.3630680 0.3761534 0.3891393 0.4027482 0.4161717 0.4301840 0.4439009 0.4581590 0.4719864 0.4862982 0.5000142 0.5141504 0.5274948 0.5411987 0.5538770 0.5668728 0.5785581 0.5905616 0.6008213 0.6112264 0.6177977 0.6264775 0.6337996 0.6405631 0.6460225 0.6504221 0.6533093
0.1127717 0.1164547 0.1204626 0.1244624 0.1288066 0.1331503 0.1378589 0.1425759 0.1476797 0.1528014 0.1583324 0.1638891 0.1698804 0.1759058 0.1823884 0.1889140 0.1959231 0.2029797 0.2105451 0.2181634 0.2263127 0.2345153 0.2432716 0.2520767 0.2614557 0.2708742 0.2808802 0.2909082 0.3015347 0.3121535 0.3233736 0.3345475 0.3463175 0.3579859 0.3702355 0.3823115 0.3949434 0.4073092 0.4201947 0.4327006 0.4456821 0.4581454 0.4710330 0.4832377 0.4958165 0.5075165 0.5195521 0.5304762 0.5417342 0.5515997 0.5619406 0.5707815 0.5818625 0.5892799 0.5962971 0.6020201 0.6070945 0.6111888 0.6146930
0.1110439 0.1147459 0.1184305 0.1224353 0.1264286 0.1307604 0.1350885 0.1397746 0.1444641 0.1495321 0.1546097 0.1600874 0.1655820 0.1714969 0.1774354 0.1838184 0.1902280 0.1971037 0.2040107 0.2114036 0.2188269 0.2267572 0.2347137 0.2431951 0.2516943 0.2607318 0.2697711 0.2793601 0.2889250 0.2990436 0.3091061 0.3197204 0.3302308 0.3412834 0.3521715 0.3635837 0.3747530 0.3864190 0.3977467 0.4095369 0.4208716 0.4326285 0.4437909 0.4553345 0.4661184 0.4772495 0.4874259 0.4979377 0.5072539 0.5169352 0.5250410 0.5333792 0.5381988 0.5451385 0.5509159 0.5563262 0.5606471 0.5641400 0.5663653
0.1094369 0.1128362 0.1165343 0.1202117 0.1242037 0.1281820 0.1324927 0.1367946 0.1414471 0.1460964 0.1511149 0.1561357 0.1615448 0.1669610 0.1727865 0.1786218 0.1848855 0.1911622 0.1978856 0.2046200 0.2118204 0.2190280 0.2267177 0.2344065 0.2425904 0.2507598 0.2594350 0.2680726 0.2772218 0.2863060 0.2959019 0.3053919 0.3153884 0.3252273 0.3355591 0.3456673 0.3562484 0.3665244 0.3772477 0.3875665 0.3983007 0.4085126 0.4191069 0.4290386 0.4393240 0.4487829 0.4585814 0.4673559 0.4764933 0.4843658 0.4927617 0.4998171 0.5090876 0.5149899 0.5206463 0.5251926 0.5292699 0.5325546 0.5354471
0.1076780 0.1110983 0.1144902 0.1181757 0.1218383 0.1258105 0.1297640 0.1340429 0.1383078 0.1429151 0.1475121 0.1524688 0.1574192 0.1627474 0.1680708 0.1737901 0.1795067 0.1856353 0.1917595 0.1983124 0.2048571 0.2118459 0.2188186 0.2262479 0.2336491 0.2415174 0.2493367 0.2576296 0.2658507 0.2745467 0.2831352 0.2921974 0.3011073 0.3104807 0.3196458 0.3292603 0.3385972 0.3483643 0.3577687 0.3675785 0.3769253 0.3866512 0.3957944 0.4052930 0.4140701 0.4231887 0.4314193 0.4400008 0.4474874 0.4553752 0.4618290 0.4685794 0.4720775 0.4776878 0.4822870 0.4866584 0.4901066 0.4929099 0.4946326
0.1060467 0.1091802 0.1125880 0.1159659 0.1196323 0.1232719 0.1272147 0.1311340 0.1353718 0.1395892 0.1441402 0.1486738 0.1535573 0.1584240 0.1636570 0.1688749 0.1744735 0.1800547 0.1860324 0.1919879 0.1983547 0.2046926 0.2114526 0.2181732 0.2253263 0.2324215 0.2399559 0.2474126 0.2553111 0.2631010 0.2713339 0.2794191 0.2879405 0.2962663 0.3050182 0.3135151 0.3224247 0.3310062 0.3399807 0.3485413 0.3574745 0.3658913 0.3746618 0.3827975 0.3912742 0.3989753 0.4070212 0.4141216 0.4216081 0.4279388 0.4348263 0.4405051 0.4483638 0.4531021 0.4577064 0.4613458 0.4646593 0.4673225 0.4697327
0.1042814 0.1074374 0.1105573 0.1139471 0.1173028 0.1209421 0.1245501 0.1284546 0.1323305 0.1365171 0.1406764 0.1451613 0.1496194 0.1544172 0.1591892 0.1643149 0.1694117 0.1748765 0.1803086 0.1861208 0.1918949 0.1980598 0.2041759 0.2106935 0.2171460 0.2240070 0.2307852 0.2379755 0.2450560 0.2525514 0.2599030 0.2676653 0.2752427 0.2832239 0.2909686 0.2991081 0.3069483 0.3151680 0.3230149 0.3312258 0.3389752 0.3470739 0.3546096 0.3624836 0.3696744 0.3772045 0.3839080 0.3909752 0.3970349 0.4035216 0.4086930 0.4142092 0.4167005 0.4212773 0.4249644 0.4285358 0.4313126 0.4335759 0.4349068
0.1026470 0.1055330 0.1086721 0.1117714 0.1151356 0.1184624 0.1220664 0.1256344 0.1294929 0.1333160 0.1374425 0.1415342 0.1459418 0.1503145 0.1550162 0.1596805 0.1646862 0.1696509 0.1749690 0.1802395 0.1858744 0.1914520 0.1974033 0.2032837 0.2095448 0.2157193 0.2222790 0.2287278 0.2355655 0.2422633 0.2493478 0.2562564 0.2635477 0.2706181 0.2780652 0.2852374 0.2927749 0.2999740 0.3075269 0.3146645 0.3221443 0.3291217 0.3364324 0.3431372 0.3501755 0.3564861 0.3631466 0.3689312 0.3751179 0.3802412 0.3859446 0.3905489 0.3972868 0.4011172 0.4049061 0.4078441 0.4105566 0.4127326 0.4147662
0.1008933 0.1038048 0.1066715 0.1097869 0.1128591 0.1161913 0.1194816 0.1230432 0.1265637 0.1303674 0.1341293 0.1381861 0.1422005 0.1465217 0.1507979 0.1553927 0.1599387 0.1648144 0.1696356 0.1747956 0.1798930 0.1853384 0.1907082 0.1964340 0.2020696 0.2080660 0.2139512 0.2202013 0.2263148 0.2327927 0.2391027 0.2457749 0.2522400 0.2590639 0.2656334 0.2725537 0.2791650 0.2861184 0.2926958 0.2996069 0.3060664 0.3128529 0.3190986 0.3256709 0.3315979 0.3378632 0.3433575 0.3492245 0.3541593 0.3595407 0.3637090 0.3682552 0.3699728 0.3737446 0.3767228 0.3796625 0.3819139 0.3837612 0.3847852
9.9273682E-02 0.1019292 0.1048185 0.1076602 0.1107455 0.1137843 0.1170778 0.1203244 0.1238367 0.1273015 0.1310419 0.1347340 0.1387128 0.1426405 0.1468658 0.1510368 0.1555152 0.1599336 0.1646689 0.1693357 0.1743289 0.1792419 0.1844881 0.1896422 0.1951342 0.2005152 0.2062392 0.2118296 0.2177636 0.2235366 0.2296527 0.2355733 0.2418358 0.2478615 0.2542232 0.2603009 0.2667087 0.2727737 0.2791629 0.2851439 0.2914438 0.2972580 0.3033914 0.3089487 0.3148336 0.3200360 0.3255913 0.3303320 0.3354875 0.3396607 0.3444279 0.3481893 0.3540370 0.3571577 0.3602993 0.3626873 0.3649344 0.3667248 0.3684592
9.7546801E-02 0.1002303 0.1028626 0.1057241 0.1085345 0.1115847 0.1145838 0.1178319 0.1210285 0.1244832 0.1278844 0.1315547 0.1351687 0.1390613 0.1428945 0.1470161 0.1510724 0.1554259 0.1597073 0.1642935 0.1687976 0.1736133 0.1783354 0.1833752 0.1883039 0.1935556 0.1986767 0.2041221 0.2094124 0.2150280 0.2204583 0.2262139 0.2317483 0.2376041 0.2431971 0.2491080 0.2547044 0.2606150 0.2661543 0.2720039 0.2774143 0.2831359 0.2883400 0.2938619 0.2987746 0.3040244 0.3085531 0.3134620 0.3175052 0.3220064 0.3253823 0.3291611 0.3302808 0.3334105 0.3358303 0.3382771 0.3401102 0.3416251 0.3424136
9.5954627E-02 9.8396443E-02 0.1010542 0.1036578 0.1064866 0.1092612 0.1122701 0.1152232 0.1184196 0.1215583 0.1249495 0.1282806 0.1318732 0.1354022 0.1392017 0.1429328 0.1469420 0.1508764 0.1550974 0.1592330 0.1636623 0.1679963 0.1726290 0.1771517 0.1819784 0.1866774 0.1916831 0.1965389 0.2017033 0.2066914 0.2119892 0.2170789 0.2224762 0.2276290 0.2330872 0.2382556 0.2437272 0.2488594 0.2542926 0.2593265 0.2646628 0.2695319 0.2747089 0.2793390 0.2842924 0.2886035 0.2932707 0.2971780 0.3015068 0.3049229 0.3089413 0.3120304 0.3171514 0.3197093 0.3223422 0.3242894 0.3261611 0.3276490 0.3291440
9.4265208E-02 9.6737280E-02 9.9152483E-02 0.1017803 0.1043505 0.1071419 0.1098745 0.1128360 0.1157372 0.1188758 0.1219508 0.1252721 0.1285267 0.1320353 0.1354724 0.1391718 0.1427932 0.1466844 0.1504892 0.1545693 0.1585545 0.1628206 0.1669772 0.1714213 0.1757400 0.1803489 0.1848131 0.1895699 0.1941585 0.1990418 0.2037287 0.2087097 0.2134622 0.2185078 0.2232846 0.2283541 0.2331112 0.2381598 0.2428438 0.2478210 0.2523737 0.2572248 0.2615820 0.2662500 0.2703420 0.2747707 0.2785235 0.2826599 0.2859888 0.2897844 0.2925301 0.2956955 0.2963541 0.2989769 0.3009474 0.3029949 0.3045002 0.3057539 0.3063541
9.2710502E-02 9.4954006E-02 9.7398452E-02 9.9782929E-02 0.1023759 0.1049081 0.1076562 0.1103414 0.1132511 0.1160942 0.1191692 0.1221757 0.1254210 0.1285927 0.1320113 0.1353507 0.1389434 0.1424492 0.1462151 0.1498844 0.1538201 0.1576467 0.1617448 0.1657206 0.1699708 0.1740809 0.1784692 0.1826964 0.1872039 0.1915256 0.1961282 0.2005163 0.2051856 0.2096047 0.2143055 0.2187179 0.2234116 0.2277707 0.2324138 0.2366694 0.2412134 0.2453094 0.2497044 0.2535800 0.2577758 0.2613668 0.2653143 0.2685499 0.2722122 0.2750214 0.2784355 0.2809885 0.2855190 0.2876213 0.2898399 0.2914400 0.2930135 0.2942551 0.2955539
9.1066532E-02 9.3343660E-02 9.5558897E-02 9.7971529E-02 0.1003209 0.1028748 0.1053638 0.1080647 0.1106978 0.1135493 0.1163304 0.1193372 0.1222684 0.1254328 0.1285165 0.1318397 0.1350745 0.1385557 0.1419406 0.1455761 0.1491050 0.1528901 0.1565554 0.1604812 0.1642710 0.1683251 0.1722249 0.1763915 0.1803812 0.1846399 0.1886961 0.1930217 0.1971138 0.2014767 0.2055719 0.2099387 0.2139964 0.2183288 0.2223059 0.2265615 0.2304084 0.2345439 0.2382082 0.2421781 0.2456034 0.2493630 0.2524868 0.2559964 0.2587485 0.2619702 0.2642078 0.2668740 0.2671631 0.2693719 0.2709876 0.2727165 0.2739543 0.2749944 0.2754425
8.9556389E-02 9.1617189E-02 9.3864940E-02 9.6048035E-02 9.8424360E-02 0.1007347 0.1032457 0.1056871 0.1083358 0.1109123 0.1137020 0.1164151 0.1193488 0.1222007 0.1252791 0.1282692 0.1314916 0.1346185 0.1379830 0.1412410 0.1447432 0.1481274 0.1517586 0.1552581 0.1590088 0.1626111 0.1664678 0.1701557 0.1741007 0.1778546 0.1818664 0.1856590 0.1897121 0.1935156 0.1975807 0.2013595 0.2054033 0.2091199 0.2131057 0.2167169 0.2206063 0.2240663 0.2278188 0.2310778 0.2346527 0.2376567 0.2410171 0.2437078 0.2468262 0.2491455 0.2520683 0.2541869 0.2582301 0.2599713 0.2618582 0.2631754 0.2645065 0.2655503 0.2666915
8.7963916E-02 9.0060942E-02 9.2092253E-02 9.4306774E-02 9.6453831E-02 9.8791510E-02 0.1010587 0.1035219 0.1059126 0.1085048 0.1110192 0.1137433 0.1163848 0.1192405 0.1220081 0.1249962 0.1278882 0.1310061 0.1340194 0.1372633 0.1403928 0.1437564 0.1469922 0.1504673 0.1537990 0.1573732 0.1607865 0.1644453 0.1679230 0.1716480 0.1751664 0.1789351 0.1824702 0.1862570 0.1897778 0.1935542 0.1970278 0.2007614 0.2041506 0.2078076 0.2110715 0.2146158 0.2177108 0.2211057 0.2239845 0.2271961 0.2298076 0.2328046 0.2350898 0.2378456 0.2396744 0.2419392 0.2419466 0.2438232 0.2451497 0.2466193 0.2476442 0.2485163 0.2488489
8.6503297E-02 8.8395707E-02 9.0462178E-02 9.2460245E-02 9.4639137E-02 9.6747093E-02 9.9041171E-02 0.1012617 0.1036743 0.1060080 0.1085406 0.1109909 0.1136438 0.1162091 0.1189837 0.1216631 0.1245562 0.1273469 0.1303570 0.1332539 0.1363747 0.1393706 0.1425945 0.1456803 0.1489972 0.1521598 0.1555573 0.1587826 0.1622448 0.1655121 0.1690196 0.1723076 0.1758379 0.1791201 0.1826487 0.1858963 0.1893944 0.1925744 0.1960124 0.1990889 0.2024344 0.2053692 0.2085898 0.2113414 0.2144058 0.2169292 0.2198074 0.2220545 0.2247288 0.2266495 0.2291704 0.2309376 0.2345752 0.2360204 0.2376362 0.2387268 0.2398641 0.2407504 0.2417617
8.4965587E-02 8.6896338E-02 8.8758059E-02 9.0791725E-02 9.2753887E-02 9.4893180E-02 9.6958473E-02 9.9206164E-02 0.1013756 0.1037335 0.1060091 0.1084775 0.1108585 0.1134384 0.1159241 0.1186132 0.1212009 0.1239975 0.1266835 0.1295819 0.1323601 0.1353550 0.1382165 0.1412987 0.1442326 0.1473909 0.1503851 0.1536065 0.1566433 0.1599109 0.1629718 0.1662655 0.1693269 0.1726259 0.1756629 0.1789414 0.1819245 0.1851564 0.1880546 0.1912114 0.1939908 0.1970437 0.1996680 0.2025878 0.2050170 0.2077758 0.2099677 0.2125437 0.2144470 0.2168196 0.2183166 0.2202515 0.2200343 0.2216389 0.2227326 0.2239933 0.2248475 0.2255821 0.2258162
8.3557732E-02 8.5294709E-02 8.7195314E-02 8.9024052E-02 9.1021307E-02 9.2944615E-02 9.5041588E-02 9.7060569E-02 9.9259198E-02 0.1013753 0.1036747 0.1058879 0.1082899 0.1105987 0.1131016 0.1155047 0.1181058 0.1205992 0.1232954 0.1258738 0.1286599 0.1313165 0.1341837 0.1369087 0.1398481 0.1426303 0.1456307 0.1484561 0.1515031 0.1543549 0.1574306 0.1602878 0.1633738 0.1662149 0.1692889 0.1720881 0.1751266 0.1778563 0.1808346 0.1834650 0.1863569 0.1888557 0.1916350 0.1939667 0.1966073 0.1987356 0.2012164 0.2030998 0.2054084 0.2070053 0.2091962 0.2106772 0.2139762 0.2151826 0.2165794 0.2174887 0.2184681 0.2192231 0.2201243
8.2077205E-02 8.3855517E-02 8.5561842E-02 8.7428711E-02 8.9221857E-02 9.1180690E-02 9.3061768E-02 9.5114030E-02 9.7084619E-02 9.9229582E-02 0.1012891 0.1035288 0.1056759 0.1080086 0.1102433 0.1126662 0.1149836 0.1174952 0.1198917 0.1224862 0.1249561 0.1276268 0.1301605 0.1328998 0.1354882 0.1382856 0.1409168 0.1437606 0.1464195 0.1492939 0.1519622 0.1548506 0.1575096 0.1603932 0.1630201 0.1658776 0.1684479 0.1712572 0.1737444 0.1764822 0.1788579 0.1815007 0.1837336 0.1862572 0.1883149 0.1906992 0.1925457 0.1947739 0.1963652 0.1984223 0.1996491 0.2013139 0.2009227 0.2023069 0.2032145 0.2043047 0.2050171 0.2056371 0.2057922
8.0723368E-02 8.2317561E-02 8.4064849E-02 8.5738644E-02 8.7570645E-02 8.9325376E-02 9.1243260E-02 9.3080476E-02 9.5084384E-02 9.7003117E-02 9.9093810E-02 0.1010934 0.1032699 0.1053501 0.1076102 0.1097670 0.1121090 0.1143391 0.1167581 0.1190564 0.1215471 0.1239054 0.1264608 0.1288716 0.1314825 0.1339345 0.1365910 0.1390719 0.1417602 0.1442541 0.1469598 0.1494495 0.1521555 0.1546214 0.1573094 0.1597296 0.1623796 0.1647302 0.1673214 0.1695776 0.1720887 0.1742230 0.1766324 0.1786157 0.1809040 0.1827050 0.1848557 0.1864396 0.1884453 0.1897760 0.1916942 0.1929417 0.1959578 0.1969720 0.1981888 0.1989467 0.1997923 0.2004378 0.2012485
7.9301476E-02 8.0938920E-02 8.2503088E-02 8.4218316E-02 8.5856996E-02 8.7651588E-02 8.9366242E-02 9.1240548E-02 9.3030550E-02 9.4984591E-02 9.6848987E-02 9.8882176E-02 0.1008209 0.1029316 0.1049415 0.1071281 0.1092055 0.1114638 0.1136047 0.1159298 0.1181273 0.1205138 0.1227612 0.1252006 0.1274878 0.1299712 0.1322878 0.1348042 0.1371364 0.1396727 0.1420053 0.1445459 0.1468609 0.1493903 0.1516693 0.1541692 0.1563901 0.1588419 0.1609830 0.1633677 0.1654044 0.1677026 0.1696093 0.1718024 0.1735510 0.1756226 0.1771831 0.1791219 0.1804555 0.1822510 0.1832571 0.1847002 0.1841754 0.1853773 0.1861279 0.1870726 0.1876669 0.1881934 0.1882859
7.8003697E-02 7.9466939E-02 8.1074670E-02 8.2606472E-02 8.4287599E-02 8.5889734E-02 8.7644495E-02 8.9316241E-02 9.1144897E-02 9.2885263E-02 9.4786800E-02 9.6595779E-02 9.8569341E-02 0.1004443 0.1024886 0.1044260 0.1065366 0.1085333 0.1107063 0.1127562 0.1149873 0.1170846 0.1193661 0.1215020 0.1238261 0.1259908 0.1283479 0.1305303 0.1329093 0.1350959 0.1374829 0.1396571 0.1420379 0.1441839 0.1465428 0.1486408 0.1509607 0.1529911 0.1552549 0.1571961 0.1593864 0.1612155 0.1633150 0.1650069 0.1669997 0.1685284 0.1704031 0.1717385 0.1734910 0.1746018 0.1762912 0.1773446 0.1801169 0.1809674 0.1820294 0.1826606 0.1833954 0.1839491 0.1846818
7.6641209E-02 7.8150034E-02 7.9583682E-02 8.1160106E-02 8.2658798E-02 8.4303625E-02 8.5866407E-02 8.7579615E-02 8.9206167E-02 9.0986699E-02 9.2676431E-02 9.4523959E-02 9.6274763E-02 9.8187804E-02 9.9997014E-02 0.1019717 0.1038359 0.1058690 0.1077829 0.1098709 0.1118297 0.1139658 0.1159621 0.1181391 0.1201638 0.1223732 0.1244166 0.1266496 0.1287004 0.1309444 0.1329876 0.1352294 0.1372503 0.1394765 0.1414585 0.1436536 0.1455785 0.1477268 0.1495753 0.1516612 0.1534128 0.1554205 0.1570530 0.1589674 0.1604576 0.1622667 0.1635885 0.1652838 0.1664026 0.1679769 0.1687975 0.1700513 0.1694158 0.1704607 0.1710798 0.1719026 0.1723970 0.1728427 0.1728808
