T0-Fulltest/fault3d/model.grd
DSAA
         130         130
  -50.00000       50.00000    
  -50.00000       50.00000    
 -0.8541690       211.7021    
[rows 52 to 77 of 130, columns 59 to 117 of 130]
21.50710 22.61393 23.55008 24.27407 24.76755 24.98846 24.93245 24.57038 23.90407 22.96240 21.77481 20.39915 18.89091 17.30029 15.69108 14.07884 12.50535 10.97704 9.553703 8.247197 7.073638 6.062015 5.197010 4.471661 3.860273 3.349688 2.917511 2.554093 2.243072 1.978945 1.750056 1.553796 1.381652 1.232796 1.100762 0.9857783 0.8827362 0.7924837 0.7108282 0.6389807 0.5733963 0.5154833 0.4621712 0.4149716 0.3711666 0.3323161 0.2959737 0.2637088 0.2332948 0.2062829 0.1806227 0.1578421 0.1360344 0.1166931 9.8034039E-02 8.1512868E-02 6.5448880E-02 5.1255606E-02 3.7344217E-02
27.32464 28.92088 30.26303 31.32850 32.07132 32.47293 32.47572 32.06411 31.21483 29.92211 28.24698 26.27983 24.14793 21.96153 19.76092 17.59164 15.45183 13.39327 11.43175 9.656075 8.121964 6.822944 5.754805 4.876529 4.160652 3.569158 3.082057 2.673377 2.332013 2.040827 1.794371 1.580913 1.398231 1.237849 1.099348 0.9762752 0.8692312 0.7730685 0.6889547 0.6126334 0.5455875 0.4841787 0.4300612 0.3800522 0.3358826 0.2947167 0.2583095 0.2240934 0.1938189 0.1651286 0.1397483 0.1154997 9.4070099E-02 7.3425151E-02 5.5209685E-02 3.7515640E-02 2.1938199E-02 6.6772192E-03 -6.7190486E-03
35.20159 37.48357 39.44622 41.03668 42.22709 42.93891 43.12251 42.67949 41.55712 39.76159 37.34925 34.50375 31.45152 28.36825 25.34942 22.37417 19.44965 16.56847 13.85672 11.41156 9.334211 7.663656 6.334239 5.286265 4.447764 3.775998 3.226299 2.776549 2.400095 2.086405 1.818634 1.592219 1.395706 1.227630 1.079649 0.9519478 0.8380946 0.7391716 0.6499668 0.5720582 0.5010694 0.4388303 0.3815635 0.3312235 0.2844684 0.2433060 0.2047237 0.1707333 0.1385912 0.1102774 8.3263144E-02 5.9493292E-02 3.6612410E-02 1.6513800E-02 -3.0091167E-03 -2.0114237E-02 -3.6882993E-02 -5.1528752E-02 -6.6020429E-02
46.24998 49.67150 52.56505 54.96580 56.84919 58.17364 58.78481 58.53411 57.21675 54.70095 51.06992 46.65412 42.05025 37.65055 33.46101 29.38979 25.29631 21.18150 17.13457 13.55321 10.70236 8.534788 6.910005 5.667882 4.709393 3.949893 3.344517 2.849227 2.444179 2.104168 1.820682 1.577747 1.372243 1.193097 1.039887 0.9043591 0.7874982 0.6827847 0.5919326 0.5095679 0.4377901 0.3720060 0.3145045 0.2612591 0.2146332 0.1710282 0.1328131 9.6722364E-02 6.5104574E-02 3.4951556E-02 8.5643614E-03 -1.6842658E-02 -3.9030477E-02 -6.0606934E-02 -7.9396784E-02 -9.7851202E-02 -0.1138649 -0.1297536 -0.1434796
61.86261 67.21106 71.50321 75.08091 78.09898 80.50703 82.16077 82.70000 81.55532 78.18069 72.48158 65.06190 57.76548 51.42953 45.67183 40.08967 34.33248 28.18306 21.78047 16.10651 12.09354 9.361438 7.419282 5.996368 4.916665 4.082508 3.419552 2.888414 2.451776 2.092932 1.790248 1.536914 1.318803 1.133812 0.9717956 0.8330356 0.7097020 0.6033291 0.5075037 0.4244500 0.3487084 0.2828482 0.2220854 0.1691644 0.1197828 7.6758578E-02 3.6158450E-02 8.1246177E-04 -3.2908697E-02 -6.2213890E-02 -9.0485893E-02 -0.1149790 -0.1388774 -0.1595036 -0.1798677 -0.1973537 -0.2148254 -0.2297426 -0.2448303
82.80881 91.77129 97.90524 103.0490 107.5550 111.6909 115.1995 117.8740 117.9294 113.5179 104.6405 91.44064 79.67937 70.90898 63.10516 55.60336 47.40346 38.07914 27.18147 18.34314 13.23792 9.996483 7.818464 6.231022 5.065798 4.158155 3.456781 2.886716 2.430711 2.048876 1.735762 1.467765 1.243845 1.048939 0.8836663 0.7378910 0.6127818 0.5012509 0.4045332 0.3175551 0.2414579 0.1725282 0.1117458 5.6371868E-02 7.1790610E-03 -3.7854485E-02 -7.8137629E-02 -0.1151600 -0.1484912 -0.1792189 -0.2070583 -0.2327748 -0.2562198 -0.2779140 -0.2978213 -0.3162444 -0.3332577 -0.3490180 -0.3636562
102.7733 114.7789 122.8461 129.6548 135.9336 141.9295 147.5079 151.1500 149.9420 143.6561 131.8169 113.7888 98.08762 86.67663 76.57455 66.48627 55.03572 41.28544 27.93451 19.11488 13.76909 10.39597 8.042116 6.402846 5.140562 4.217320 3.455526 2.884995 2.387323 2.011654 1.667498 1.408592 1.160172 0.9755500 0.7900937 0.6549501 0.5126513 0.4116859 0.2999611 0.2232607 0.1338129 7.4785575E-02 1.9483691E-03 -4.3935899E-02 -0.1041459 -0.1401143 -0.1905561 -0.2189271 -0.2617023 -0.2841675 -0.3208404 -0.3386731 -0.3704190 -0.3845750 -0.4123271 -0.4235334 -0.4479802 -0.4568309 -0.4785351
118.7289 132.6113 142.3392 150.7740 158.6417 166.2148 171.9528 173.0174 169.2552 161.2134 147.2025 126.6071 108.2039 94.30894 81.46765 68.12991 52.44445 37.10781 25.98372 18.67944 13.78012 10.48543 8.143970 6.468286 5.191576 4.233695 3.462487 2.866345 2.364676 1.970180 1.625486 1.352276 1.105338 0.9094372 0.7265880 0.5822213 0.4431376 0.3344025 0.2261906 0.1427867 5.6976605E-02 -7.9575563E-03 -7.7143058E-02 -0.1283166 -0.1849265 -0.2256979 -0.2726236 -0.3053993 -0.3447579 -0.3713008 -0.4046775 -0.4263092 -0.4548697 -0.4725945 -0.4972793 -0.5118490 -0.5333377 -0.5453702 -0.5642257
132.3790 147.8007 159.0245 168.8797 178.0623 185.4532 188.2431 186.5750 181.2759 171.7222 156.0344 133.3274 112.6407 96.03353 79.95015 62.45793 45.42641 32.84922 23.96742 17.79641 13.42419 10.36347 8.099711 6.464403 5.185214 4.233368 3.447842 2.852514 2.336965 1.943399 1.587066 1.315622 1.059106 0.8656432 0.6748059 0.5332969 0.3874199 0.2817751 0.1676723 8.7455586E-02 -3.5533041E-03 -6.5285817E-02 -0.1391303 -0.1871465 -0.2479903 -0.2856746 -0.3364867 -0.3662584 -0.4092085 -0.4328532 -0.4695792 -0.4884084 -0.5201146 -0.5351422 -0.5627924 -0.5747551 -0.5990478 -0.6085719 -0.6300952
144.6419 161.3988 173.9050 184.9020 193.7268 198.0009 197.9268 194.6481 187.9391 177.0644 159.7457 135.1544 111.9651 92.21487 72.04893 53.31695 39.23599 29.22619 21.96672 16.75179 12.88906 10.08318 7.959118 6.382119 5.141740 4.197692 3.424464 2.824563 2.314234 1.913627 1.560666 1.282289 1.028720 0.8289986 0.6410507 0.4939948 0.3510076 0.2404508 0.1292334 4.4621199E-02 -4.3534655E-02 -0.1092398 -0.1803009 -0.2319482 -0.2900827 -0.3311109 -0.3792905 -0.4121667 -0.4525840 -0.4791234 -0.5134018 -0.5349596 -0.5643090 -0.5819108 -0.6072856 -0.6216869 -0.6437895 -0.6556315 -0.6750365
156.2036 174.1513 187.7059 198.2751 203.9060 205.2533 203.5557 198.9613 191.1078 178.8012 159.8005 132.8806 106.6915 82.96246 61.64521 45.96586 34.59233 26.38078 20.22867 15.69919 12.26500 9.719386 7.737209 6.250086 5.052184 4.140845 3.378006 2.791798 2.281563 1.888025 1.531948 1.258170 1.000622 0.8044977 0.6125068 0.4685917 0.3217672 0.2141047 9.9314041E-02 1.7440964E-02 -7.4031398E-02 -0.1371346 -0.2112720 -0.2604268 -0.3214281 -0.3600618 -0.4109218 -0.4415079 -0.4844403 -0.5087790 -0.5454402 -0.5648841 -0.5964853 -0.6120549 -0.6395682 -0.6520127 -0.6761541 -0.6861076 -0.7074562
167.3819 186.2971 199.3555 206.6490 209.3007 209.0024 205.9920 200.2647 191.0349 177.1759 156.0080 126.2431 96.19331 71.40798 53.22855 40.34695 30.87691 23.90548 18.62600 14.68169 11.61703 9.301646 7.470675 6.071034 4.934876 4.055289 3.319427 2.743775 2.246841 1.855695 1.507237 1.232639 0.9801815 0.7819861 0.5938589 0.4474293 0.3038229 0.1935371 8.1582077E-02 -2.8745723E-03 -9.1774680E-02 -0.1573759 -0.2291240 -0.2806645 -0.3394126 -0.3803152 -0.4290531 -0.4617935 -0.5027050 -0.5291020 -0.5638361 -0.5852407 -0.6149985 -0.6324341 -0.6581804 -0.6724149 -0.6948548 -0.7065150 -0.7262381
178.1862 196.5610 206.3109 210.6290 211.6348 210.0294 205.9179 198.8955 188.2171 172.2815 148.3595 114.8243 83.81047 62.24741 46.94575 36.04697 27.90081 21.88264 17.23453 13.72377 10.96683 8.863146 7.168975 5.865842 4.788268 3.953592 3.242364 2.689065 2.202103 1.823216 1.478249 1.211171 0.9592580 0.7662084 0.5772660 0.4347197 0.2896630 0.1825345 6.8848230E-02 -1.2912714E-02 -0.1036500 -0.1668559 -0.2404632 -0.2898157 -0.3503995 -0.3892848 -0.4398054 -0.4706562 -0.5133029 -0.5379188 -0.5743244 -0.5940388 -0.6254027 -0.6412290 -0.6685250 -0.6812163 -0.7051428 -0.7153357 -0.7364908
187.2865 202.3212 209.0708 211.7021 211.3913 208.7016 203.3210 194.8703 182.1520 163.5393 135.9364 101.5287 73.82324 55.22100 41.97959 32.47955 25.35919 20.05076 15.94261 12.82181 10.33113 8.412702 6.851678 5.637329 4.626173 3.833477 3.156430 2.622905 2.154619 1.784891 1.450947 1.187839 0.9430111 0.7513258 0.5673387 0.4248058 0.2834861 0.1756645 6.4969003E-02 -1.7867854E-02 -0.1060835 -0.1705517 -0.2419544 -0.2926612 -0.3512734 -0.3915441 -0.4402631 -0.4725042 -0.5134821 -0.5394709 -0.5743127 -0.5953678 -0.6252587 -0.6423948 -0.6682891 -0.6822421 -0.7048428 -0.7162659 -0.7361416
191.7276 203.7406 208.8082 210.1734 208.8180 204.8919 198.1297 187.7140 172.4045 150.1861 121.7980 90.79498 66.14649 49.69379 37.93524 29.53708 23.19633 18.48495 14.79134 11.97193 9.712417 7.963359 6.522858 5.398639 4.449365 3.705066 3.059731 2.553069 2.101072 1.747041 1.421426 1.168076 0.9273704 0.7421756 0.5600315 0.4221122 0.2813607 0.1770162 6.6168152E-02 -1.3895663E-02 -0.1026854 -0.1648427 -0.2370524 -0.2857748 -0.3453304 -0.3838393 -0.4335785 -0.4642313 -0.5062630 -0.5307911 -0.5666927 -0.5863900 -0.6173410 -0.6331987 -0.6601295 -0.6728850 -0.6965098 -0.7067832 -0.7276614
191.7908 202.1211 205.9302 206.2390 203.6714 198.4118 189.7310 176.7610 157.8939 134.9736 110.0826 82.23711 59.84930 44.99146 34.43438 26.90302 21.23296 17.00474 13.69511 11.16653 9.113436 7.518062 6.192914 5.152469 4.267733 3.569002 2.960369 2.478598 2.048155 1.707818 1.395425 1.149624 0.9174533 0.7363645 0.5600339 0.4242372 0.2876608 0.1842702 7.6579385E-02 -3.2334677E-03 -8.9518197E-02 -0.1518491 -0.2220021 -0.2711572 -0.3289554 -0.3680674 -0.4162718 -0.4476235 -0.4882791 -0.5135622 -0.5482106 -0.5686953 -0.5984852 -0.6151375 -0.6409971 -0.6545542 -0.6771581 -0.6882299 -0.7081491
188.1897 197.2517 200.0584 199.2811 195.4835 188.3801 177.2172 160.7747 141.3029 121.9850 100.4013 74.99798 54.38041 40.87829 31.32077 24.56638 19.46449 15.68187 12.69054 10.39879 8.535725 7.083054 5.865770 4.907784 4.084282 3.433597 2.859891 2.406675 1.996343 1.673488 1.372798 1.138111 0.9128004 0.7390777 0.5667519 0.4360518 0.3017662 0.2020633 9.5605776E-02 1.8585626E-02 -6.7121208E-02 -0.1272620 -0.1972578 -0.2446265 -0.3025446 -0.3401540 -0.3886545 -0.4187060 -0.4597673 -0.4838973 -0.5190303 -0.5384739 -0.5687892 -0.5844966 -0.6109118 -0.6235870 -0.6467617 -0.6570133 -0.6775098
180.9033 188.9891 190.7864 188.8520 183.3266 173.8581 159.3024 142.3099 126.5092 110.6273 91.66077 68.24793 49.24046 36.97440 28.37836 22.33101 17.77534 14.39064 11.71556 9.668345 7.980175 6.663074 5.548452 4.669428 3.906825 3.302568 2.765519 2.339905 1.952102 1.645875 1.359415 1.134885 0.9188453 0.7513923 0.5853178 0.4585120 0.3285928 0.2312962 0.1280102 5.2455891E-02 -3.0876122E-02 -9.0160377E-02 -0.1583070 -0.2052317 -0.2616673 -0.2991038 -0.3463731 -0.3764308 -0.4164464 -0.4407125 -0.4749302 -0.4945882 -0.5240992 -0.5400825 -0.5657648 -0.5787543 -0.6012663 -0.6118574 -0.6317359
168.5463 175.5808 176.4258 173.1590 165.5886 152.9105 137.9102 124.6625 112.3864 99.28422 82.66088 61.37529 44.10131 33.17588 25.55486 20.23176 16.19553 13.20528 10.81256 8.972666 7.454010 6.263319 5.248313 4.444815 3.741832 3.183413 2.682613 2.285302 1.919889 1.631495 1.359100 1.146070 0.9390179 0.7791635 0.6189157 0.4972714 0.3711883 0.2775003 0.1767641 0.1037940 2.2170104E-02 -3.5207130E-02 -0.1022216 -0.1476986 -0.2033836 -0.2396914 -0.2864734 -0.3156246 -0.3553462 -0.3788628 -0.4129120 -0.4319494 -0.4613904 -0.4768312 -0.5025123 -0.5150353 -0.5375940 -0.5477653 -0.5677283
149.3389 155.2952 155.1532 150.4392 140.1998 127.3550 116.1838 106.4510 96.93809 86.30121 72.26917 53.61115 38.60187 29.27375 22.74485 18.16247 14.65804 12.04379 9.939039 8.321154 6.959259 5.892795 4.970786 4.241833 3.595444 3.082857 2.617162 2.248580 1.905344 1.635298 1.377177 1.176081 0.9783907 0.8264496 0.6724710 0.5561681 0.4343693 0.3443533 0.2465984 0.1761924 9.6692838E-02 4.1127473E-02 -2.4347128E-02 -6.8526700E-02 -0.1230747 -0.1584369 -0.2043599 -0.2328277 -0.2718833 -0.2948910 -0.3284276 -0.3470924 -0.3761179 -0.3912845 -0.4166328 -0.4289536 -0.4512348 -0.4612597 -0.4809893
118.7827 122.6106 121.8334 116.5938 107.4258 98.65835 91.03743 83.94630 76.71701 68.50110 57.84343 44.04254 32.72002 25.34233 20.03007 16.19809 13.23199 10.97569 9.147882 7.706736 6.510749 5.548235 4.727541 4.058973 3.477307 3.000010 2.577250 2.229060 1.915335 1.656678 1.419593 1.224376 1.042240 0.8927880 0.7507430 0.6348373 0.5225154 0.4315840 0.3416051 0.2694918 0.1965430 0.1387881 7.8977980E-02 3.2324526E-02 -1.7221810E-02 -5.5210210E-02 -9.6652389E-02 -0.1278134 -0.1627878 -0.1885103 -0.2182912 -0.2396467 -0.2651865 -0.2830087 -0.3050909 -0.3200159 -0.3392276 -0.3517912 -0.3686176
83.76582 85.14084 84.20660 80.84797 75.86095 70.57021 65.42046 60.31533 54.95168 48.96209 41.88387 33.95863 26.89665 21.50826 17.42023 14.30220 11.86100 9.937065 8.382895 7.130872 6.084462 5.226124 4.496412 3.889993 3.366078 2.926810 2.541929 2.217308 1.929141 1.685147 1.465790 1.279656 1.110173 0.9662575 0.8335065 0.7208611 0.6155599 0.5264053 0.4418825 0.3705793 0.3019867 0.2444106 0.1881721 0.1412773 9.4725482E-02 5.6223322E-02 1.7341034E-02 -1.4510648E-02 -4.7255028E-02 -7.3781937E-02 -0.1015797 -0.1238078 -0.1475728 -0.1663045 -0.1867689 -0.2026304 -0.2203618 -0.2338587 -0.2493173
59.38174 59.88245 59.15306 57.23604 54.37946 51.09305 47.60136 43.95909 40.08295 35.84673 31.20239 26.36961 21.88528 18.10048 15.03159 12.56950 10.58764 8.979587 7.661971 6.567595 5.663790 4.899765 4.258001 3.708004 3.241033 2.836154 2.489572 2.185995 1.924448 1.693203 1.492942 1.314304 1.158953 1.019174 0.8972119 0.7865297 0.6897161 0.6011056 0.5234561 0.4517751 0.3889008 0.3303519 0.2789859 0.2307307 0.1884168 0.1483077 0.1131805 7.9574160E-02 5.0206706E-02 2.1841077E-02 -2.8774804E-03 -2.6985295E-02 -4.7916979E-02 -6.8541192E-02 -8.6370617E-02 -0.1041193 -0.1193845 -0.1347491 -0.1478840
43.39036 43.59323 43.08292 41.88079 40.14293 37.98898 35.59078 32.99226 30.20084 27.20892 24.05434 20.87797 17.86591 15.18165 12.89211 10.97540 9.382296 8.056867 6.951131 6.027508 5.239889 4.575266 4.003863 3.516908 3.093922 2.730595 2.412056 2.136705 1.893232 1.681680 1.493109 1.328562 1.180743 1.051304 0.9341283 0.8312285 0.7373672 0.6547636 0.5788314 0.5119063 0.4499108 0.3952202 0.3441610 0.2991071 0.2567074 0.2193111 0.1838291 0.1525680 0.1226624 9.6358836E-02 7.0978113E-02 4.8709620E-02 2.7032252E-02 8.0705434E-03 -1.0556332E-02 -2.6785526E-02 -4.2882621E-02 -5.6844134E-02 -7.0828535E-02
32.65004 32.77168 32.42479 31.63882 30.45474 29.00020 27.31466 25.45926 23.45355 21.32016 19.10037 16.86740 14.73655 12.79360 11.07345 9.585705 8.311492 7.226206 6.300086 5.505310 4.831645 4.248792 3.749355 3.313857 2.938129 2.607928 2.321393 2.067692 1.846466 1.649184 1.476445 1.321331 1.185038 1.061811 0.9532202 0.8543625 0.7670431 0.6870042 0.6161734 0.5508004 0.4928745 0.4390356 0.3912933 0.3466035 0.3069659 0.2695937 0.2364567 0.2049833 0.1771045 0.1504229 0.1268232 0.1040613 8.3970636E-02 6.4438298E-02 4.7242969E-02 3.0388327E-02 1.5598740E-02 9.7788416E-04 -1.1803895E-02
25.04567 25.10859 24.86863 24.33366 23.55140 22.52596 21.32920 19.98251 18.52076 16.97297 15.38006 13.79518 12.25982 10.81977 9.515029 8.353849 7.336192 6.449190 5.681001 5.018491 4.436944 3.934727 3.493896 3.111393 2.773782 2.479479 2.218147 1.989383 1.785007 1.605437 1.444036 1.301766 1.173114 1.059395 0.9559330 0.8642612 0.7803454 0.7058507 0.6372299 0.5762243 0.5196744 0.4693469 0.4223947 0.3805852 0.3413233 0.3063598 0.2733066 0.2438837 0.2158794 0.1909729 0.1670997 0.1458975 0.1254293 0.1072872 8.9640826E-02 7.4039713E-02 5.8748689E-02 4.5269158E-02 3.1952880E-02
