T3-twomodels/GR1.grd
DSAA
         100         100
  -15.00000       15.00000    
  -15.00000       15.00000    
 -1.4903069E-03  0.2253343    
[rows 24 to 47 of 100, columns 0 to 53 of 100]
1.6302248E-02 1.7625021E-02 1.9074392E-02 2.0660920E-02 2.2394141E-02 2.4281340E-02 2.6325583E-02 2.8523041E-02 3.0859781E-02 3.3308763E-02 3.5828639E-02 3.8366992E-02 4.0868063E-02 4.3281056E-02 4.5567352E-02 4.7702592E-02 4.9674965E-02 5.1482093E-02 5.3127822E-02 5.4619722E-02 5.5967297E-02 5.7180822E-02 5.8270562E-02 5.9246358E-02 6.0117338E-02 6.0891841E-02 6.1577320E-02 6.2180381E-02 6.2706813E-02 6.3161559E-02 6.3548870E-02 6.3872240E-02 6.4134501E-02 6.4337805E-02 6.4483710E-02 6.4573124E-02 6.4606346E-02 6.4583018E-02 6.4502113E-02 6.4361878E-02 6.4159788E-02 6.3892432E-02 6.3555457E-02 6.3143447E-02 6.2649831E-02 6.2066797E-02 6.1385430E-02 6.0595978E-02 5.9688572E-02 5.8654562E-02 5.7488330E-02 5.6188811E-02 5.4760259E-02 5.3212509E-02
1.6913047E-02 1.8376594E-02 1.9991964E-02 2.1774791E-02 2.3740632E-02 2.5903525E-02 2.8273622E-02 3.0853212E-02 3.3631109E-02 3.6575753E-02 3.9630536E-02 4.2716399E-02 4.5746047E-02 4.8644148E-02 5.1359102E-02 5.3863831E-02 5.6150198E-02 5.8222268E-02 6.0090993E-02 6.1770514E-02 6.3276164E-02 6.4623088E-02 6.5825626E-02 6.6896938E-02 6.7848891E-02 6.8692036E-02 6.9435664E-02 7.0087835E-02 7.0655547E-02 7.1144722E-02 7.1560338E-02 7.1906537E-02 7.2186582E-02 7.2402999E-02 7.2557546E-02 7.2651230E-02 7.2684348E-02 7.2656393E-02 7.2566077E-02 7.2411224E-02 7.2188653E-02 7.1894072E-02 7.1521923E-02 7.1065098E-02 7.0514768E-02 6.9860086E-02 6.9088079E-02 6.8183810E-02 6.7131214E-02 6.5915309E-02 6.4525679E-02 6.2960781E-02 6.1230034E-02 5.9351455E-02
1.7518785E-02 1.9133262E-02 2.0928426E-02 2.2926550E-02 2.5151473E-02 2.7627410E-02 3.0376485E-02 3.3413816E-02 3.6738507E-02 4.0319461E-02 4.4079199E-02 4.7892481E-02 5.1616084E-02 5.5132896E-02 5.8375590E-02 6.1320309E-02 6.3970171E-02 6.6342041E-02 6.8458490E-02 7.0343442E-02 7.2020136E-02 7.3510036E-02 7.4832506E-02 7.6004714E-02 7.7041730E-02 7.7956662E-02 7.8760855E-02 7.9464003E-02 8.0074422E-02 8.0599107E-02 8.1043884E-02 8.1413522E-02 8.1711821E-02 8.1941620E-02 8.2104944E-02 8.2202882E-02 8.2235731E-02 8.2202815E-02 8.2102545E-02 8.1932239E-02 8.1687987E-02 8.1364490E-02 8.0954693E-02 8.0449462E-02 7.9837069E-02 7.9102553E-02 7.8227110E-02 7.7187523E-02 7.5956903E-02 7.4507900E-02 7.2820820E-02 7.0893757E-02 6.8747066E-02 6.6417553E-02
1.8111793E-02 1.9885790E-02 2.1872681E-02 2.4102958E-02 2.6611263E-02 2.9436009E-02 3.2617960E-02 3.6195617E-02 4.0194117E-02 4.4599693E-02 4.9316272E-02 5.4134212E-02 5.8792442E-02 6.3103013E-02 6.6990107E-02 7.0450611E-02 7.3513538E-02 7.6218262E-02 7.8604989E-02 8.0711111E-02 8.2570016E-02 8.4210977E-02 8.5659310E-02 8.6936831E-02 8.8062204E-02 8.9051418E-02 8.9918070E-02 9.0673648E-02 9.1327898E-02 9.1888949E-02 9.2363521E-02 9.2757069E-02 9.3073927E-02 9.3317330E-02 9.3489490E-02 9.3591690E-02 9.3624115E-02 9.3585953E-02 9.3475267E-02 9.3288846E-02 9.3021944E-02 9.2668086E-02 9.2218541E-02 9.1661744E-02 9.0982415E-02 9.0160280E-02 8.9168265E-02 8.7970532E-02 8.6520821E-02 8.4765732E-02 8.2661539E-02 8.0207437E-02 7.7458687E-02 7.4496061E-02
1.8686341E-02 2.0626185E-02 2.2813829E-02 2.5289234E-02 2.8100273E-02 3.1303417E-02 3.4965523E-02 3.9161906E-02 4.3969333E-02 4.9431633E-02 5.5463154E-02 6.1700985E-02 6.7627862E-02 7.2941303E-02 7.7593789E-02 8.1640683E-02 8.5159600E-02 8.8224314E-02 9.0899162E-02 9.3238510E-02 9.5288038E-02 9.7086012E-02 9.8664507E-02 0.1000505 0.1012665 0.1023318 0.1032622 0.1040712 0.1047700 0.1053680 0.1058727 0.1062905 0.1066261 0.1068832 0.1070643 0.1071707 0.1072026 0.1071590 0.1070376 0.1068345 0.1065443 0.1061590 0.1056681 0.1050574 0.1043073 0.1033910 0.1022708 0.1008926 9.9177569E-02 9.7018234E-02 9.4308995E-02 9.1054566E-02 8.7412305E-02 8.3561957E-02
1.9242540E-02 2.1351624E-02 2.3745228E-02 2.6473142E-02 2.9598612E-02 3.3198196E-02 3.7371270E-02 4.2240303E-02 4.7961611E-02 5.4691996E-02 6.2441099E-02 7.0608594E-02 7.8165174E-02 8.4665000E-02 9.0174131E-02 9.4855532E-02 9.8857850E-02 0.1022992 0.1052727 0.1078523 0.1100971 0.1120555 0.1137664 0.1152626 0.1165705 0.1177127 0.1187074 0.1195703 0.1203140 0.1209492 0.1214842 0.1219264 0.1222807 0.1225517 0.1227415 0.1228522 0.1228833 0.1228343 0.1227019 0.1224821 0.1221679 0.1217509 0.1212177 0.1205517 0.1197283 0.1187142 0.1174580 0.1158837 0.1138648 0.1112018 0.1076460 0.1032198 9.8336555E-02 9.3341500E-02
1.9789975E-02 2.2068540E-02 2.4668723E-02 2.7650055E-02 3.1091718E-02 3.5090517E-02 3.9779846E-02 4.5331147E-02 5.1986832E-02 6.0030583E-02 6.9595456E-02 7.9823233E-02 8.9095555E-02 9.6820280E-02 0.1032035 0.1085279 0.1130182 0.1168388 0.1201125 0.1229333 0.1253740 0.1274930 0.1293365 0.1309429 0.1323426 0.1335617 0.1346207 0.1355375 0.1363258 0.1369981 0.1375633 0.1380298 0.1384028 0.1386875 0.1388861 0.1390010 0.1390314 0.1389769 0.1388333 0.1385968 0.1382588 0.1378099 0.1372342 0.1365131 0.1356161 0.1345035 0.1331100 0.1313368 0.1290064 0.1258171 0.1213516 0.1156544 0.1094440 0.1032464
2.0340808E-02 2.2785984E-02 2.5588499E-02 2.8817641E-02 3.2566760E-02 3.6951773E-02 4.2135075E-02 4.8329823E-02 5.5842068E-02 6.5035708E-02 7.6083317E-02 8.7938160E-02 9.8631300E-02 0.1074404 0.1146307 0.1205635 0.1255222 0.1297099 0.1332760 0.1363326 0.1389654 0.1412423 0.1432163 0.1449313 0.1464216 0.1477166 0.1488390 0.1498089 0.1506415 0.1513504 0.1519455 0.1524359 0.1528274 0.1531256 0.1533329 0.1534519 0.1534816 0.1534216 0.1532672 0.1530141 0.1526526 0.1521723 0.1515551 0.1507796 0.1498110 0.1486029 0.1470778 0.1451172 0.1425045 0.1388685 0.1337010 0.1270561 0.1198087 0.1126121
2.0898785E-02 2.3504594E-02 2.6501091E-02 2.9966326E-02 3.4005463E-02 3.8750306E-02 4.4384800E-02 5.1150773E-02 5.9389446E-02 6.9494866E-02 8.1627078E-02 9.4631590E-02 0.1063797 0.1160619 0.1239439 0.1304204 0.1358088 0.1403395 0.1441820 0.1474635 0.1502807 0.1527099 0.1548103 0.1566307 0.1582091 0.1595780 0.1607624 0.1617843 0.1626601 0.1634049 0.1640292 0.1645431 0.1649527 0.1652642 0.1654800 0.1656030 0.1656321 0.1655667 0.1654019 0.1651326 0.1647483 0.1642375 0.1635803 0.1627528 0.1617161 0.1604183 0.1587726 0.1566454 0.1537963 0.1498188 0.1441699 0.1369060 0.1289553 0.1210330
2.1459803E-02 2.4217714E-02 2.7396500E-02 3.1081496E-02 3.5387162E-02 4.0457040E-02 4.6489563E-02 5.3743113E-02 6.2574320E-02 7.3382407E-02 8.6305812E-02 0.1001315 0.1126564 0.1230195 0.1314714 0.1384154 0.1441848 0.1490264 0.1531236 0.1566149 0.1596056 0.1621790 0.1643998 0.1663211 0.1679842 0.1694243 0.1706686 0.1717406 0.1726583 0.1734378 0.1740905 0.1746272 0.1750544 0.1753788 0.1756030 0.1757299 0.1757585 0.1756880 0.1755131 0.1752283 0.1748223 0.1742825 0.1735874 0.1727109 0.1716110 0.1702312 0.1684779 0.1662078 0.1631666 0.1589313 0.1529457 0.1452659 0.1368375 0.1284020
2.2016466E-02 2.4916053E-02 2.8263118E-02 3.2148704E-02 3.6694150E-02 4.2051025E-02 4.8426591E-02 5.6087621E-02 6.5395825E-02 7.6747075E-02 9.0262428E-02 0.1046959 0.1178050 0.1286984 0.1376127 0.1449499 0.1510493 0.1561665 0.1604935 0.1641765 0.1673277 0.1700356 0.1723695 0.1743860 0.1761294 0.1776373 0.1789386 0.1800587 0.1810166 0.1818295 0.1825095 0.1830681 0.1835124 0.1838492 0.1840814 0.1842121 0.1842404 0.1841651 0.1839806 0.1836812 0.1832547 0.1826876 0.1819572 0.1810354 0.1798779 0.1784245 0.1765771 0.1741861 0.1709893 0.1665558 0.1603229 0.1523464 0.1435788 0.1347730
2.2560794E-02 2.5590459E-02 2.9090526E-02 3.3156302E-02 3.7913933E-02 4.3520182E-02 5.0187275E-02 5.8185667E-02 6.7877501E-02 7.9653494E-02 9.3621731E-02 0.1085167 0.1220742 0.1333845 0.1426728 0.1503372 0.1567184 0.1620758 0.1666067 0.1704624 0.1737596 0.1765912 0.1790298 0.1811350 0.1829537 0.1845253 0.1858806 0.1870461 0.1880422 0.1888868 0.1895929 0.1901724 0.1906329 0.1909816 0.1912217 0.1913561 0.1913840 0.1913043 0.1911110 0.1907978 0.1903523 0.1897599 0.1889969 0.1880339 0.1868244 0.1853059 0.1833770 0.1808841 0.1775606 0.1729713 0.1665505 0.1583537 0.1493354 0.1402539
2.3085427E-02 2.6233047E-02 2.9870437E-02 3.4095984E-02 3.9039101E-02 4.4859696E-02 5.1772576E-02 6.0049389E-02 7.0051022E-02 8.2163364E-02 9.6485794E-02 0.1117404 0.1256492 0.1372907 0.1468823 0.1548178 0.1614373 0.1670019 0.1717115 0.1757205 0.1791490 0.1820928 0.1846273 0.1868143 0.1887027 0.1903336 0.1917393 0.1929474 0.1939793 0.1948539 0.1955846 0.1961839 0.1966598 0.1970198 0.1972673 0.1974054 0.1974331 0.1973493 0.1971478 0.1968220 0.1963589 0.1957434 0.1949508 0.1939505 0.1926948 0.1911191 0.1891199 0.1865412 0.1831135 0.1783991 0.1718306 0.1634630 0.1542525 0.1449598
2.3584155E-02 2.6837535E-02 3.0596826E-02 3.4962598E-02 4.0066361E-02 4.6069846E-02 5.3189069E-02 6.1695624E-02 7.1948692E-02 8.4330171E-02 9.8932914E-02 0.1144710 0.1286584 0.1405656 0.1504039 0.1585638 0.1653840 0.1711259 0.1759905 0.1801344 0.1836796 0.1867241 0.1893452 0.1916067 0.1935589 0.1952444 0.1966967 0.1979445 0.1990098 0.1999122 0.2006659 0.2012838 0.2017742 0.2021448 0.2023994 0.2025409 0.2025686 0.2024811 0.2022721 0.2019348 0.2014557 0.2008192 0.2000000 0.1989664 0.1976698 0.1960442 0.1939846 0.1913333 0.1878192 0.1830031 0.1763168 0.1678149 0.1584539 0.1489958
2.4051972E-02 2.7399234E-02 3.1265739E-02 3.5753522E-02 4.0995393E-02 4.7154132E-02 5.4446109E-02 6.3142434E-02 7.3600560E-02 8.6199269E-02 0.1010271 0.1167928 0.1312039 0.1433259 0.1533659 0.1617116 0.1687003 0.1745928 0.1795910 0.1838523 0.1875003 0.1906342 0.1933329 0.1956615 0.1976717 0.1994070 0.2009020 0.2021860 0.2032821 0.2042103 0.2049854 0.2056205 0.2061243 0.2065050 0.2067660 0.2069109 0.2069386 0.2068478 0.2066322 0.2062845 0.2057910 0.2051356 0.2042925 0.2032295 0.2018969 0.2002280 0.1981166 0.1954039 0.1918177 0.1869180 0.1801356 0.1715249 0.1620430 0.1524530
2.4485061E-02 2.7914887E-02 3.1874854E-02 3.6467977E-02 4.1827898E-02 4.8117820E-02 5.5554152E-02 6.4407319E-02 7.5033247E-02 8.7808289E-02 0.1028176 0.1187661 0.1333578 0.1456543 0.1558597 0.1643591 0.1714887 0.1775089 0.1826214 0.1869842 0.1907218 0.1939344 0.1967019 0.1990904 0.2011525 0.2029328 0.2044663 0.2057834 0.2069076 0.2078594 0.2086539 0.2093049 0.2098211 0.2102109 0.2104781 0.2106261 0.2106540 0.2105603 0.2103387 0.2099817 0.2094753 0.2088032 0.2079390 0.2068501 0.2054861 0.2037797 0.2016239 0.1988593 0.1952128 0.1902438 0.1833829 0.1746844 0.1651050 0.1554085
2.4880655E-02 2.8382391E-02 3.2423154E-02 3.7106574E-02 4.2566720E-02 4.8967041E-02 5.6523688E-02 6.5506421E-02 7.6269910E-02 8.9188673E-02 0.1043457 0.1204431 0.1351817 0.1476206 0.1579616 0.1665883 0.1738356 0.1799631 0.1851728 0.1896228 0.1934378 0.1967191 0.1995469 0.2019883 0.2040965 0.2059168 0.2074849 0.2088317 0.2099812 0.2109543 0.2117665 0.2124318 0.2129593 0.2133576 0.2136303 0.2137813 0.2138094 0.2137132 0.2134863 0.2131211 0.2126034 0.2119165 0.2110338 0.2099222 0.2085311 0.2067924 0.2045989 0.2017902 0.1980931 0.1930665 0.1861404 0.1773693 0.1677101 0.1579268
2.5236767E-02 2.8800525E-02 3.2910474E-02 3.7670620E-02 4.3215323E-02 4.9708009E-02 5.7364576E-02 6.6454135E-02 7.7330314E-02 9.0366237E-02 0.1056429 0.1218606 0.1367184 0.1492735 0.1597257 0.1684574 0.1758024 0.1820200 0.1873117 0.1918357 0.1957172 0.1990575 0.2019378 0.2044253 0.2065740 0.2084295 0.2100282 0.2114014 0.2125733 0.2135654 0.2143935 0.2150717 0.2156094 0.2160151 0.2162930 0.2164466 0.2164749 0.2163767 0.2161452 0.2157728 0.2152451 0.2145454 0.2136466 0.2125155 0.2111011 0.2093348 0.2071091 0.2042634 0.2005240 0.1954495 0.1884700 0.1796396 0.1699153 0.1600613
2.5552109E-02 2.9168725E-02 3.3337269E-02 3.8161993E-02 4.3777369E-02 5.0346758E-02 5.8085769E-02 6.7262962E-02 7.8231148E-02 9.1362379E-02 0.1067366 0.1230524 0.1380072 0.1506568 0.1611999 0.1700178 0.1774435 0.1837359 0.1890962 0.1936826 0.1976203 0.2010110 0.2039362 0.2064634 0.2086471 0.2105333 0.2121586 0.2135548 0.2147465 0.2157553 0.2165973 0.2172869 0.2178335 0.2182459 0.2185284 0.2186844 0.2187130 0.2186130 0.2183775 0.2179990 0.2174628 0.2167519 0.2158394 0.2146916 0.2132572 0.2114677 0.2092150 0.2063382 0.2025636 0.1974494 0.1904255 0.1815459 0.1717681 0.1618561
2.5825914E-02 2.9486895E-02 3.3704352E-02 3.8582701E-02 4.4256445E-02 5.0888833E-02 5.8695205E-02 6.7943662E-02 7.8986377E-02 9.2194542E-02 0.1076469 0.1240412 0.1390740 0.1517999 0.1624166 0.1713046 0.1787964 0.1851502 0.1905672 0.1952053 0.1991901 0.2026231 0.2055861 0.2081470 0.2103604 0.2122727 0.2139209 0.2153369 0.2165455 0.2175688 0.2184228 0.2191222 0.2196766 0.2200949 0.2203813 0.2205394 0.2205684 0.2204669 0.2202281 0.2198442 0.2193008 0.2185806 0.2176564 0.2164946 0.2150435 0.2132345 0.2109593 0.2080568 0.2042532 0.1991064 0.1920465 0.1831274 0.1733064 0.1633476
2.6057733E-02 2.9755192E-02 3.4012713E-02 3.8934767E-02 4.4655856E-02 5.1339135E-02 5.9199672E-02 6.8505242E-02 7.9607479E-02 9.2876978E-02 0.1083920 0.1248493 0.1399443 0.1527310 0.1634066 0.1723508 0.1798957 0.1862992 0.1917621 0.1964425 0.2004657 0.2039335 0.2069277 0.2095165 0.2117546 0.2136888 0.2153561 0.2167886 0.2180115 0.2190469 0.2199111 0.2206188 0.2211798 0.2216031 0.2218928 0.2220527 0.2220821 0.2219793 0.2217378 0.2213496 0.2208001 0.2200722 0.2191384 0.2179650 0.2165002 0.2146752 0.2123816 0.2094582 0.2056310 0.2004578 0.1933686 0.1844172 0.1745612 0.1645648
2.6247391E-02 2.9973969E-02 3.4263335E-02 3.9220039E-02 4.4978522E-02 5.1701829E-02 5.9604842E-02 6.8955064E-02 8.0103733E-02 9.3420938E-02 0.1089842 0.1254899 0.1406332 0.1534673 0.1641887 0.1731769 0.1807634 0.1872060 0.1927052 0.1974191 0.2014729 0.2049684 0.2079876 0.2105988 0.2128569 0.2148087 0.2164914 0.2179374 0.2191720 0.2202172 0.2210897 0.2218042 0.2223706 0.2227979 0.2230904 0.2232518 0.2232814 0.2231777 0.2229340 0.2225423 0.2219881 0.2212539 0.2203124 0.2191297 0.2176539 0.2158162 0.2135080 0.2105680 0.2067221 0.2015282 0.1944162 0.1854401 0.1755569 0.1655312
2.6394803E-02 3.0143583E-02 3.4457181E-02 3.9440136E-02 4.5226876E-02 5.1980354E-02 5.9915315E-02 6.9299027E-02 8.0482446E-02 9.3835361E-02 0.1094351 0.1259775 0.1411570 0.1540265 0.1647823 0.1738034 0.1814213 0.1878933 0.1934200 0.1981592 0.2022362 0.2057530 0.2087913 0.2114196 0.2136930 0.2156583 0.2173530 0.2188094 0.2200529 0.2211058 0.2219848 0.2227045 0.2232752 0.2237055 0.2240002 0.2241629 0.2241927 0.2240883 0.2238429 0.2234485 0.2228906 0.2221516 0.2212042 0.2200144 0.2185302 0.2166828 0.2143635 0.2114110 0.2075510 0.2023414 0.1952120 0.1862166 0.1763129 0.1662650
2.6500046E-02 3.0264439E-02 3.4595035E-02 3.9596386E-02 4.5402884E-02 5.2177407E-02 6.0134601E-02 6.9541588E-02 8.0749132E-02 9.4126791E-02 0.1097514 0.1263187 0.1415231 0.1544172 0.1651968 0.1742409 0.1818806 0.1883731 0.1939190 0.1986760 0.2027693 0.2063009 0.2093528 0.2119932 0.2142774 0.2162523 0.2179554 0.2194192 0.2206692 0.2217275 0.2226110 0.2233345 0.2239081 0.2243408 0.2246370 0.2248005 0.2248305 0.2247256 0.2244790 0.2240828 0.2235222 0.2227799 0.2218283 0.2206334 0.2191434 0.2172892 0.2149621 0.2120008 0.2081309 0.2029104 0.1957691 0.1867608 0.1768429 0.1667798
