T3-twomodels/GR1.grd
DSAA
         100         100
  -15.00000       15.00000    
  -15.00000       15.00000    
 -1.4903069E-03  0.2253343    
[rows 48 to 71 of 100, columns 0 to 53 of 100]
2.6563149E-02 3.0336816E-02 3.4677491E-02 3.9689742E-02 4.5507912E-02 5.2294873E-02 6.0265191E-02 6.9685876E-02 8.0907628E-02 9.4299860E-02 0.1099395 0.1265219 0.1417411 0.1546496 0.1654433 0.1745009 0.1821535 0.1886581 0.1942154 0.1989829 0.2030859 0.2066263 0.2096862 0.2123338 0.2146245 0.2166051 0.2183133 0.2197815 0.2210352 0.2220968 0.2229831 0.2237089 0.2242843 0.2247183 0.2250154 0.2251795 0.2252096 0.2251044 0.2248571 0.2244597 0.2238975 0.2231532 0.2221992 0.2210014 0.2195079 0.2176495 0.2153178 0.2123512 0.2084756 0.2032486 0.1960999 0.1870837 0.1771572 0.1670849
2.6584182E-02 3.0360928E-02 3.4704942E-02 3.9720792E-02 4.5542836E-02 5.2333903E-02 6.0308550E-02 6.9733776E-02 8.0960214E-02 9.4357230E-02 0.1100015 0.1265885 0.1418125 0.1547258 0.1655241 0.1745862 0.1822429 0.1887516 0.1943126 0.1990836 0.2031898 0.2067332 0.2097957 0.2124457 0.2147385 0.2167211 0.2184309 0.2199006 0.2211556 0.2222183 0.2231054 0.2238320 0.2244080 0.2248425 0.2251399 0.2253041 0.2253343 0.2252290 0.2249814 0.2245837 0.2240210 0.2232760 0.2223212 0.2211224 0.2196277 0.2177680 0.2154348 0.2124665 0.2085889 0.2033597 0.1962089 0.1871904 0.1772613 0.1671861
2.6563149E-02 3.0336816E-02 3.4677498E-02 3.9689742E-02 4.5507912E-02 5.2294865E-02 6.0265191E-02 6.9685884E-02 8.0907635E-02 9.4299860E-02 0.1099395 0.1265219 0.1417411 0.1546496 0.1654433 0.1745009 0.1821534 0.1886581 0.1942154 0.1989829 0.2030859 0.2066263 0.2096862 0.2123338 0.2146245 0.2166051 0.2183133 0.2197815 0.2210352 0.2220968 0.2229831 0.2237089 0.2242843 0.2247183 0.2250154 0.2251795 0.2252096 0.2251044 0.2248571 0.2244597 0.2238976 0.2231532 0.2221992 0.2210014 0.2195079 0.2176495 0.2153178 0.2123512 0.2084756 0.2032485 0.1960999 0.1870837 0.1771572 0.1670849
2.6500039E-02 3.0264433E-02 3.4595028E-02 3.9596379E-02 4.5402873E-02 5.2177399E-02 6.0134605E-02 6.9541581E-02 8.0749124E-02 9.4126768E-02 0.1097514 0.1263187 0.1415231 0.1544172 0.1651968 0.1742409 0.1818806 0.1883731 0.1939190 0.1986760 0.2027693 0.2063009 0.2093527 0.2119932 0.2142774 0.2162523 0.2179554 0.2194192 0.2206691 0.2217275 0.2226110 0.2233345 0.2239081 0.2243408 0.2246370 0.2248005 0.2248305 0.2247256 0.2244790 0.2240827 0.2235222 0.2227798 0.2218283 0.2206334 0.2191434 0.2172892 0.2149621 0.2120008 0.2081309 0.2029104 0.1957690 0.1867608 0.1768429 0.1667797
2.6394805E-02 3.0143576E-02 3.4457177E-02 3.9440133E-02 4.5226868E-02 5.1980350E-02 5.9915308E-02 6.9299012E-02 8.0482446E-02 9.3835354E-02 0.1094351 0.1259775 0.1411570 0.1540265 0.1647823 0.1738034 0.1814213 0.1878933 0.1934200 0.1981592 0.2022362 0.2057530 0.2087913 0.2114196 0.2136930 0.2156583 0.2173530 0.2188094 0.2200529 0.2211058 0.2219847 0.2227045 0.2232751 0.2237055 0.2240002 0.2241629 0.2241927 0.2240883 0.2238428 0.2234485 0.2228905 0.2221516 0.2212042 0.2200143 0.2185302 0.2166828 0.2143635 0.2114109 0.2075510 0.2023414 0.1952119 0.1862166 0.1763128 0.1662650
2.6247378E-02 2.9973958E-02 3.4263320E-02 3.9220031E-02 4.4978514E-02 5.1701818E-02 5.9604835E-02 6.8955049E-02 8.0103718E-02 9.3420938E-02 0.1089842 0.1254899 0.1406332 0.1534673 0.1641887 0.1731769 0.1807634 0.1872060 0.1927052 0.1974191 0.2014728 0.2049684 0.2079876 0.2105988 0.2128569 0.2148086 0.2164914 0.2179374 0.2191719 0.2202172 0.2210897 0.2218042 0.2223706 0.2227979 0.2230903 0.2232518 0.2232814 0.2231777 0.2229340 0.2225423 0.2219880 0.2212539 0.2203124 0.2191296 0.2176539 0.2158161 0.2135079 0.2105680 0.2067221 0.2015282 0.1944162 0.1854401 0.1755569 0.1655312
2.6057722E-02 2.9755184E-02 3.4012701E-02 3.8934756E-02 4.4655841E-02 5.1339116E-02 5.9199665E-02 6.8505228E-02 7.9607464E-02 9.2876956E-02 0.1083919 0.1248492 0.1399443 0.1527310 0.1634066 0.1723508 0.1798957 0.1862992 0.1917621 0.1964425 0.2004656 0.2039335 0.2069277 0.2095164 0.2117546 0.2136887 0.2153560 0.2167886 0.2180115 0.2190469 0.2199111 0.2206188 0.2211798 0.2216030 0.2218927 0.2220527 0.2220820 0.2219793 0.2217377 0.2213496 0.2208001 0.2200722 0.2191384 0.2179649 0.2165001 0.2146751 0.2123816 0.2094582 0.2056309 0.2004578 0.1933685 0.1844172 0.1745612 0.1645648
2.5825905E-02 2.9486887E-02 3.3704337E-02 3.8582694E-02 4.4256438E-02 5.0888825E-02 5.8695186E-02 6.7943670E-02 7.8986369E-02 9.2194527E-02 0.1076469 0.1240412 0.1390740 0.1517999 0.1624166 0.1713046 0.1787964 0.1851502 0.1905672 0.1952053 0.1991901 0.2026231 0.2055861 0.2081469 0.2103604 0.2122727 0.2139209 0.2153369 0.2165455 0.2175688 0.2184228 0.2191222 0.2196766 0.2200949 0.2203812 0.2205394 0.2205684 0.2204669 0.2202281 0.2198442 0.2193008 0.2185806 0.2176564 0.2164946 0.2150435 0.2132345 0.2109593 0.2080568 0.2042532 0.1991064 0.1920465 0.1831274 0.1733064 0.1633476
2.5552100E-02 2.9168710E-02 3.3337250E-02 3.8161982E-02 4.3777354E-02 5.0346740E-02 5.8085751E-02 6.7262955E-02 7.8231134E-02 9.1362357E-02 0.1067366 0.1230524 0.1380072 0.1506567 0.1611999 0.1700177 0.1774435 0.1837359 0.1890962 0.1936826 0.1976203 0.2010110 0.2039362 0.2064634 0.2086470 0.2105332 0.2121586 0.2135548 0.2147465 0.2157553 0.2165973 0.2172869 0.2178335 0.2182460 0.2185283 0.2186843 0.2187130 0.2186130 0.2183775 0.2179989 0.2174627 0.2167519 0.2158394 0.2146916 0.2132572 0.2114677 0.2092149 0.2063382 0.2025636 0.1974493 0.1904254 0.1815459 0.1717681 0.1618561
2.5236757E-02 2.8800515E-02 3.2910455E-02 3.7670605E-02 4.3215305E-02 4.9707998E-02 5.7364557E-02 6.6454113E-02 7.7330306E-02 9.0366215E-02 0.1056429 0.1218606 0.1367184 0.1492734 0.1597257 0.1684574 0.1758024 0.1820200 0.1873117 0.1918357 0.1957172 0.1990575 0.2019378 0.2044253 0.2065739 0.2084295 0.2100282 0.2114014 0.2125733 0.2135654 0.2143935 0.2150717 0.2156094 0.2160151 0.2162930 0.2164466 0.2164749 0.2163767 0.2161452 0.2157728 0.2152451 0.2145454 0.2136466 0.2125156 0.2111011 0.2093348 0.2071091 0.2042634 0.2005240 0.1954495 0.1884700 0.1796396 0.1699153 0.1600613
2.4880646E-02 2.8382381E-02 3.2423142E-02 3.7106559E-02 4.2566709E-02 4.8967026E-02 5.6523677E-02 6.5506428E-02 7.6269910E-02 8.9188665E-02 0.1043457 0.1204431 0.1351817 0.1476206 0.1579616 0.1665883 0.1738356 0.1799631 0.1851728 0.1896228 0.1934378 0.1967190 0.1995469 0.2019883 0.2040965 0.2059168 0.2074849 0.2088317 0.2099812 0.2109542 0.2117665 0.2124318 0.2129593 0.2133575 0.2136303 0.2137812 0.2138093 0.2137132 0.2134863 0.2131211 0.2126033 0.2119164 0.2110338 0.2099222 0.2085311 0.2067924 0.2045988 0.2017902 0.1980931 0.1930665 0.1861404 0.1773692 0.1677100 0.1579268
2.4485061E-02 2.7914878E-02 3.1874850E-02 3.6467973E-02 4.1827887E-02 4.8117820E-02 5.5554148E-02 6.4407311E-02 7.5033240E-02 8.7808274E-02 0.1028176 0.1187661 0.1333578 0.1456543 0.1558596 0.1643591 0.1714887 0.1775089 0.1826214 0.1869842 0.1907218 0.1939344 0.1967019 0.1990904 0.2011525 0.2029328 0.2044663 0.2057834 0.2069076 0.2078594 0.2086539 0.2093049 0.2098211 0.2102109 0.2104781 0.2106261 0.2106540 0.2105603 0.2103387 0.2099817 0.2094753 0.2088032 0.2079390 0.2068501 0.2054861 0.2037797 0.2016239 0.1988592 0.1952128 0.1902438 0.1833828 0.1746843 0.1651050 0.1554085
2.4051970E-02 2.7399223E-02 3.1265736E-02 3.5753511E-02 4.0995385E-02 4.7154129E-02 5.4446101E-02 6.3142426E-02 7.3600546E-02 8.6199246E-02 0.1010271 0.1167928 0.1312039 0.1433259 0.1533659 0.1617116 0.1687002 0.1745928 0.1795910 0.1838523 0.1875003 0.1906342 0.1933329 0.1956615 0.1976717 0.1994070 0.2009020 0.2021860 0.2032821 0.2042103 0.2049854 0.2056205 0.2061244 0.2065050 0.2067660 0.2069109 0.2069386 0.2068478 0.2066322 0.2062845 0.2057910 0.2051356 0.2042925 0.2032295 0.2018969 0.2002280 0.1981166 0.1954038 0.1918177 0.1869180 0.1801355 0.1715249 0.1620430 0.1524530
2.3584146E-02 2.6837530E-02 3.0596821E-02 3.4962595E-02 4.0066354E-02 4.6069849E-02 5.3189062E-02 6.1695628E-02 7.1948692E-02 8.4330156E-02 9.8932907E-02 0.1144710 0.1286584 0.1405656 0.1504039 0.1585638 0.1653840 0.1711259 0.1759905 0.1801344 0.1836796 0.1867241 0.1893452 0.1916067 0.1935589 0.1952444 0.1966967 0.1979444 0.1990098 0.1999122 0.2006659 0.2012838 0.2017742 0.2021449 0.2023994 0.2025409 0.2025686 0.2024811 0.2022721 0.2019349 0.2014557 0.2008193 0.2000000 0.1989664 0.1976698 0.1960442 0.1939846 0.1913333 0.1878192 0.1830031 0.1763168 0.1678149 0.1584538 0.1489958
2.3085414E-02 2.6233040E-02 2.9870430E-02 3.4095977E-02 3.9039087E-02 4.4859685E-02 5.1772572E-02 6.0049385E-02 7.0051007E-02 8.2163349E-02 9.6485771E-02 0.1117404 0.1256492 0.1372907 0.1468823 0.1548177 0.1614373 0.1670019 0.1717115 0.1757205 0.1791490 0.1820928 0.1846273 0.1868143 0.1887027 0.1903335 0.1917392 0.1929474 0.1939793 0.1948539 0.1955846 0.1961839 0.1966598 0.1970198 0.1972673 0.1974054 0.1974331 0.1973492 0.1971477 0.1968220 0.1963589 0.1957434 0.1949508 0.1939505 0.1926948 0.1911191 0.1891199 0.1865411 0.1831134 0.1783990 0.1718305 0.1634630 0.1542524 0.1449598
2.2560779E-02 2.5590450E-02 2.9090514E-02 3.3156298E-02 3.7913926E-02 4.3520179E-02 5.0187271E-02 5.8185656E-02 6.7877494E-02 7.9653494E-02 9.3621731E-02 0.1085167 0.1220742 0.1333845 0.1426728 0.1503371 0.1567183 0.1620758 0.1666067 0.1704624 0.1737596 0.1765912 0.1790298 0.1811350 0.1829537 0.1845253 0.1858806 0.1870461 0.1880422 0.1888868 0.1895929 0.1901724 0.1906330 0.1909817 0.1912217 0.1913561 0.1913840 0.1913043 0.1911110 0.1907978 0.1903523 0.1897599 0.1889969 0.1880339 0.1868244 0.1853059 0.1833770 0.1808841 0.1775606 0.1729713 0.1665505 0.1583537 0.1493354 0.1402539
2.2016466E-02 2.4916053E-02 2.8263107E-02 3.2148704E-02 3.6694147E-02 4.2051025E-02 4.8426591E-02 5.6087632E-02 6.5395825E-02 7.6747075E-02 9.0262428E-02 0.1046959 0.1178050 0.1286984 0.1376127 0.1449499 0.1510493 0.1561665 0.1604935 0.1641765 0.1673277 0.1700356 0.1723696 0.1743860 0.1761295 0.1776373 0.1789386 0.1800587 0.1810166 0.1818295 0.1825096 0.1830681 0.1835124 0.1838492 0.1840815 0.1842122 0.1842404 0.1841651 0.1839807 0.1836812 0.1832547 0.1826876 0.1819572 0.1810354 0.1798779 0.1784245 0.1765771 0.1741861 0.1709893 0.1665558 0.1603229 0.1523464 0.1435788 0.1347730
2.1459803E-02 2.4217708E-02 2.7396491E-02 3.1081501E-02 3.5387158E-02 4.0457044E-02 4.6489563E-02 5.3743113E-02 6.2574327E-02 7.3382415E-02 8.6305827E-02 0.1001315 0.1126564 0.1230195 0.1314715 0.1384154 0.1441848 0.1490264 0.1531237 0.1566149 0.1596056 0.1621790 0.1643998 0.1663211 0.1679843 0.1694243 0.1706686 0.1717406 0.1726583 0.1734378 0.1740906 0.1746272 0.1750545 0.1753788 0.1756030 0.1757299 0.1757585 0.1756880 0.1755131 0.1752283 0.1748223 0.1742825 0.1735874 0.1727109 0.1716111 0.1702312 0.1684779 0.1662078 0.1631666 0.1589313 0.1529457 0.1452659 0.1368375 0.1284021
2.0898782E-02 2.3504594E-02 2.6501095E-02 2.9966325E-02 3.4005467E-02 3.8750306E-02 4.4384804E-02 5.1150788E-02 5.9389450E-02 6.9494873E-02 8.1627078E-02 9.4631597E-02 0.1063797 0.1160619 0.1239439 0.1304205 0.1358088 0.1403395 0.1441821 0.1474636 0.1502807 0.1527099 0.1548103 0.1566307 0.1582091 0.1595781 0.1607625 0.1617843 0.1626601 0.1634049 0.1640292 0.1645431 0.1649527 0.1652642 0.1654800 0.1656030 0.1656321 0.1655668 0.1654019 0.1651326 0.1647484 0.1642376 0.1635803 0.1627528 0.1617162 0.1604183 0.1587726 0.1566455 0.1537963 0.1498188 0.1441699 0.1369061 0.1289553 0.1210330
2.0340815E-02 2.2785980E-02 2.5588505E-02 2.8817646E-02 3.2566763E-02 3.6951780E-02 4.2135082E-02 4.8329830E-02 5.5842079E-02 6.5035723E-02 7.6083325E-02 8.7938190E-02 9.8631322E-02 0.1074405 0.1146307 0.1205636 0.1255222 0.1297100 0.1332760 0.1363327 0.1389654 0.1412423 0.1432164 0.1449313 0.1464216 0.1477166 0.1488390 0.1498090 0.1506415 0.1513505 0.1519455 0.1524360 0.1528274 0.1531257 0.1533329 0.1534519 0.1534817 0.1534216 0.1532673 0.1530142 0.1526526 0.1521723 0.1515551 0.1507796 0.1498110 0.1486029 0.1470779 0.1451173 0.1425045 0.1388685 0.1337010 0.1270561 0.1198087 0.1126121
1.9789977E-02 2.2068541E-02 2.4668723E-02 2.7650060E-02 3.1091720E-02 3.5090525E-02 3.9779849E-02 4.5331143E-02 5.1986836E-02 6.0030598E-02 6.9595478E-02 7.9823256E-02 8.9095592E-02 9.6820302E-02 0.1032035 0.1085280 0.1130183 0.1168389 0.1201126 0.1229334 0.1253740 0.1274931 0.1293366 0.1309430 0.1323426 0.1335618 0.1346207 0.1355375 0.1363259 0.1369982 0.1375634 0.1380299 0.1384028 0.1386876 0.1388862 0.1390010 0.1390314 0.1389769 0.1388334 0.1385969 0.1382588 0.1378099 0.1372343 0.1365131 0.1356161 0.1345036 0.1331100 0.1313369 0.1290065 0.1258171 0.1213517 0.1156544 0.1094440 0.1032464
1.9242533E-02 2.1351621E-02 2.3745222E-02 2.6473142E-02 2.9598612E-02 3.3198196E-02 3.7371274E-02 4.2240303E-02 4.7961622E-02 5.4692011E-02 6.2441118E-02 7.0608623E-02 7.8165211E-02 8.4665060E-02 9.0174198E-02 9.4855577E-02 9.8857909E-02 0.1022993 0.1052727 0.1078524 0.1100972 0.1120555 0.1137665 0.1152626 0.1165705 0.1177128 0.1187075 0.1195704 0.1203140 0.1209492 0.1214843 0.1219264 0.1222808 0.1225517 0.1227416 0.1228522 0.1228834 0.1228344 0.1227019 0.1224821 0.1221680 0.1217509 0.1212177 0.1205518 0.1197284 0.1187143 0.1174581 0.1158838 0.1138649 0.1112019 0.1076460 0.1032199 9.8336585E-02 9.3341537E-02
1.8686343E-02 2.0626185E-02 2.2813829E-02 2.5289237E-02 2.8100282E-02 3.1303424E-02 3.4965526E-02 3.9161909E-02 4.3969333E-02 4.9431641E-02 5.5463180E-02 6.1701015E-02 6.7627899E-02 7.2941348E-02 7.7593833E-02 8.1640735E-02 8.5159644E-02 8.8224359E-02 9.0899207E-02 9.3238570E-02 9.5288083E-02 9.7086065E-02 9.8664567E-02 0.1000505 0.1012666 0.1023319 0.1032623 0.1040713 0.1047701 0.1053680 0.1058728 0.1062906 0.1066262 0.1068833 0.1070644 0.1071708 0.1072026 0.1071591 0.1070376 0.1068346 0.1065443 0.1061591 0.1056682 0.1050575 0.1043073 0.1033911 0.1022709 0.1008927 9.9177614E-02 9.7018294E-02 9.4309039E-02 9.1054596E-02 8.7412342E-02 8.3561987E-02
1.8111793E-02 1.9885790E-02 2.1872690E-02 2.4102967E-02 2.6611270E-02 2.9436016E-02 3.2617971E-02 3.6195632E-02 4.0194128E-02 4.4599708E-02 4.9316302E-02 5.4134250E-02 5.8792483E-02 6.3103057E-02 6.6990159E-02 7.0450656E-02 7.3513590E-02 7.6218314E-02 7.8605041E-02 8.0711156E-02 8.2570069E-02 8.4211037E-02 8.5659370E-02 8.6936891E-02 8.8062257E-02 8.9051478E-02 8.9918129E-02 9.0673707E-02 9.1327965E-02 9.1889016E-02 9.2363581E-02 9.2757143E-02 9.3073994E-02 9.3317389E-02 9.3489572E-02 9.3591750E-02 9.3624175E-02 9.3586013E-02 9.3475349E-02 9.3288913E-02 9.3022004E-02 9.2668146E-02 9.2218600E-02 9.1661803E-02 9.0982474E-02 9.0160325E-02 8.9168325E-02 8.7970592E-02 8.6520880E-02 8.4765792E-02 8.2661584E-02 8.0207489E-02 7.7458724E-02 7.4496105E-02
