T3-twomodels/GR1.grd
DSAA
         100         100
  -15.00000       15.00000    
  -15.00000       15.00000    
 -1.4903069E-03  0.2253343    
[rows 0 to 23 of 100, columns 0 to 53 of 100]
7.1611986E-03 7.3005897E-03 7.4418299E-03 7.5846491E-03 7.7287517E-03 7.8738201E-03 8.0195125E-03 8.1654675E-03 8.3113015E-03 8.4566250E-03 8.6010098E-03 8.7440480E-03 8.8853724E-03 9.0245549E-03 9.1611752E-03 9.2948256E-03 9.4251139E-03 9.5516620E-03 9.6741114E-03 9.7921174E-03 9.9053597E-03 1.0013541E-02 1.0116383E-02 1.0213635E-02 1.0305067E-02 1.0390471E-02 1.0469664E-02 1.0542480E-02 1.0608779E-02 1.0668436E-02 1.0721349E-02 1.0767425E-02 1.0806597E-02 1.0838806E-02 1.0864013E-02 1.0882186E-02 1.0893309E-02 1.0897380E-02 1.0894412E-02 1.0884418E-02 1.0867437E-02 1.0843514E-02 1.0812702E-02 1.0775074E-02 1.0730719E-02 1.0679727E-02 1.0622216E-02 1.0558316E-02 1.0488169E-02 1.0411941E-02 1.0329826E-02 1.0242017E-02 1.0148690E-02 1.0050080E-02
7.3436601E-03 7.4943472E-03 7.6472131E-03 7.8019602E-03 7.9582641E-03 8.1157694E-03 8.2740970E-03 8.4328381E-03 8.5915700E-03 8.7498473E-03 8.9072380E-03 9.0632737E-03 9.2174402E-03 9.3692774E-03 9.5183421E-03 9.6641770E-03 9.8063452E-03 9.9444203E-03 1.0078002E-02 1.0206708E-02 1.0330183E-02 1.0448100E-02 1.0560156E-02 1.0666075E-02 1.0765608E-02 1.0858534E-02 1.0944657E-02 1.1023800E-02 1.1095818E-02 1.1160580E-02 1.1217977E-02 1.1267919E-02 1.1310337E-02 1.1345171E-02 1.1372383E-02 1.1391940E-02 1.1403834E-02 1.1408058E-02 1.1404627E-02 1.1393561E-02 1.1374896E-02 1.1348682E-02 1.1314981E-02 1.1273863E-02 1.1225423E-02 1.1169759E-02 1.1106995E-02 1.1037268E-02 1.0960733E-02 1.0877562E-02 1.0787928E-02 1.0692049E-02 1.0590190E-02 1.0482601E-02
7.5371373E-03 7.7002402E-03 7.8659067E-03 8.0338120E-03 8.2035940E-03 8.3748605E-03 8.5471859E-03 8.7201120E-03 8.8931583E-03 9.0658218E-03 9.2375679E-03 9.4078705E-03 9.5762480E-03 9.7421603E-03 9.9050673E-03 1.0064456E-02 1.0219828E-02 1.0370710E-02 1.0516650E-02 1.0657225E-02 1.0792038E-02 1.0920733E-02 1.1042975E-02 1.1158465E-02 1.1266937E-02 1.1368150E-02 1.1461895E-02 1.1547992E-02 1.1626284E-02 1.1696639E-02 1.1758945E-02 1.1813113E-02 1.1859071E-02 1.1896761E-02 1.1926147E-02 1.1947201E-02 1.1959909E-02 1.1964274E-02 1.1960308E-02 1.1948040E-02 1.1927501E-02 1.1898747E-02 1.1861840E-02 1.1816861E-02 1.1763901E-02 1.1703070E-02 1.1634496E-02 1.1558324E-02 1.1474722E-02 1.1383879E-02 1.1286018E-02 1.1181369E-02 1.1070143E-02 1.0952622E-02
7.7423705E-03 7.9191374E-03 8.0989227E-03 8.2813660E-03 8.4660705E-03 8.6525939E-03 8.8404594E-03 9.0291547E-03 9.2181331E-03 9.4068311E-03 9.5946845E-03 9.7810915E-03 9.9653974E-03 1.0147011E-02 1.0325355E-02 1.0499848E-02 1.0669929E-02 1.0835065E-02 1.0994749E-02 1.1148508E-02 1.1295908E-02 1.1436550E-02 1.1570068E-02 1.1696140E-02 1.1814479E-02 1.1924829E-02 1.2026969E-02 1.2120710E-02 1.2205891E-02 1.2282378E-02 1.2350059E-02 1.2408844E-02 1.2458663E-02 1.2499461E-02 1.2531203E-02 1.2553869E-02 1.2567444E-02 1.2571934E-02 1.2567353E-02 1.2553729E-02 1.2531104E-02 1.2499527E-02 1.2459070E-02 1.2409810E-02 1.2351848E-02 1.2285296E-02 1.2210288E-02 1.2126979E-02 1.2035546E-02 1.1936185E-02 1.1829100E-02 1.1714544E-02 1.1592831E-02 1.1464258E-02
7.9601919E-03 8.1520276E-03 8.3474116E-03 8.5459538E-03 8.7472089E-03 8.9506842E-03 9.1558453E-03 9.3621109E-03 9.5688617E-03 9.7754514E-03 9.9811861E-03 1.0185386E-02 1.0387416E-02 1.0586576E-02 1.0782170E-02 1.0973538E-02 1.1160042E-02 1.1341076E-02 1.1516077E-02 1.1684514E-02 1.1845903E-02 1.1999805E-02 1.2145824E-02 1.2283609E-02 1.2412851E-02 1.2533282E-02 1.2644672E-02 1.2746821E-02 1.2839571E-02 1.2922780E-02 1.2996346E-02 1.3060175E-02 1.3114205E-02 1.3158385E-02 1.3192683E-02 1.3217080E-02 1.3231572E-02 1.3236161E-02 1.3230870E-02 1.3215724E-02 1.3190768E-02 1.3156055E-02 1.3111657E-02 1.3057651E-02 1.2994144E-02 1.2921250E-02 1.2839110E-02 1.2747887E-02 1.2647766E-02 1.2538963E-02 1.2421741E-02 1.2296361E-02 1.2163080E-02 1.2022234E-02
8.1914626E-03 8.3999345E-03 8.6125862E-03 8.8289827E-03 9.0486342E-03 9.2709893E-03 9.4954437E-03 9.7213360E-03 9.9479649E-03 1.0174595E-02 1.0400484E-02 1.0624846E-02 1.0846833E-02 1.1065666E-02 1.1280593E-02 1.1490854E-02 1.1695730E-02 1.1894536E-02 1.2086635E-02 1.2271434E-02 1.2448398E-02 1.2617044E-02 1.2776939E-02 1.2927701E-02 1.3069007E-02 1.3200570E-02 1.3322156E-02 1.3433560E-02 1.3534623E-02 1.3625208E-02 1.3705213E-02 1.3774556E-02 1.3833176E-02 1.3881033E-02 1.3918099E-02 1.3944360E-02 1.3959818E-02 1.3964478E-02 1.3958363E-02 1.3941507E-02 1.3913949E-02 1.3875746E-02 1.3826967E-02 1.3767698E-02 1.3698037E-02 1.3618105E-02 1.3528049E-02 1.3428037E-02 1.3318262E-02 1.3198948E-02 1.3070331E-02 1.2932706E-02 1.2786441E-02 1.2631887E-02
8.4370878E-03 8.6639645E-03 8.8957632E-03 9.1320090E-03 9.3721552E-03 9.6155815E-03 9.8616080E-03 1.0109484E-02 1.0358403E-02 1.0607517E-02 1.0855918E-02 1.1102704E-02 1.1347027E-02 1.1587961E-02 1.1824599E-02 1.2056071E-02 1.2281555E-02 1.2500269E-02 1.2711498E-02 1.2914577E-02 1.3108912E-02 1.3293970E-02 1.3469283E-02 1.3634443E-02 1.3789104E-02 1.3932974E-02 1.4065805E-02 1.4187400E-02 1.4297595E-02 1.4396272E-02 1.4483327E-02 1.4558693E-02 1.4622320E-02 1.4674174E-02 1.4714234E-02 1.4742496E-02 1.4758968E-02 1.4763660E-02 1.4756597E-02 1.4737813E-02 1.4707347E-02 1.4665259E-02 1.4611613E-02 1.4546492E-02 1.4469996E-02 1.4382250E-02 1.4283395E-02 1.4173607E-02 1.4053094E-02 1.3922090E-02 1.3780895E-02 1.3629818E-02 1.3469161E-02 1.3299326E-02
8.6980462E-03 8.9453142E-03 9.1983862E-03 9.4567379E-03 9.7197648E-03 9.9867731E-03 1.0256986E-02 1.0529547E-02 1.0803537E-02 1.1077977E-02 1.1351881E-02 1.1624192E-02 1.1893796E-02 1.2159650E-02 1.2420748E-02 1.2676095E-02 1.2924744E-02 1.3165813E-02 1.3398488E-02 1.3622025E-02 1.3835764E-02 1.4039122E-02 1.4231592E-02 1.4412738E-02 1.4582198E-02 1.4739672E-02 1.4884911E-02 1.5017726E-02 1.5137966E-02 1.5245513E-02 1.5340289E-02 1.5422234E-02 1.5491312E-02 1.5547503E-02 1.5590805E-02 1.5621214E-02 1.5638748E-02 1.5643422E-02 1.5635261E-02 1.5614305E-02 1.5580593E-02 1.5534171E-02 1.5475109E-02 1.5403484E-02 1.5319391E-02 1.5222950E-02 1.5114306E-02 1.4993637E-02 1.4861147E-02 1.4717089E-02 1.4561724E-02 1.4395393E-02 1.4218529E-02 1.4031556E-02
8.9753559E-03 9.2452550E-03 9.5220059E-03 9.8050358E-03 1.0093670E-02 1.0387133E-02 1.0684537E-02 1.0984904E-02 1.1287169E-02 1.1590200E-02 1.1892781E-02 1.2193696E-02 1.2491781E-02 1.2785799E-02 1.3074531E-02 1.3356824E-02 1.3631587E-02 1.3897819E-02 1.4154588E-02 1.4401067E-02 1.4636519E-02 1.4860311E-02 1.5071893E-02 1.5270808E-02 1.5456679E-02 1.5629204E-02 1.5788145E-02 1.5933318E-02 1.6064592E-02 1.6181869E-02 1.6285088E-02 1.6374215E-02 1.6449232E-02 1.6510135E-02 1.6556930E-02 1.6589638E-02 1.6608275E-02 1.6612871E-02 1.6603449E-02 1.6580043E-02 1.6542692E-02 1.6491445E-02 1.6426351E-02 1.6347487E-02 1.6254939E-02 1.6148817E-02 1.6029265E-02 1.5896454E-02 1.5750602E-02 1.5591971E-02 1.5420885E-02 1.5237703E-02 1.5042786E-02 1.4836608E-02
9.2700692E-03 9.5651280E-03 9.8682875E-03 1.0178923E-02 1.0496289E-02 1.0819504E-02 1.1147566E-02 1.1479347E-02 1.1813615E-02 1.2149055E-02 1.2484315E-02 1.2817957E-02 1.3148475E-02 1.3474445E-02 1.3794493E-02 1.4107289E-02 1.4411572E-02 1.4706190E-02 1.4990091E-02 1.5262344E-02 1.5522139E-02 1.5768776E-02 1.6001673E-02 1.6220354E-02 1.6424434E-02 1.6613618E-02 1.6787684E-02 1.6946469E-02 1.7089866E-02 1.7217807E-02 1.7330265E-02 1.7427225E-02 1.7508699E-02 1.7574707E-02 1.7625276E-02 1.7660435E-02 1.7680220E-02 1.7684657E-02 1.7673781E-02 1.7647617E-02 1.7606197E-02 1.7549559E-02 1.7477749E-02 1.7390819E-02 1.7288849E-02 1.7171938E-02 1.7040215E-02 1.6893849E-02 1.6733048E-02 1.6558077E-02 1.6369224E-02 1.6166879E-02 1.5951548E-02 1.5723733E-02
9.5832916E-03 9.9063646E-03 1.0239033E-02 1.0580621E-02 1.0930298E-02 1.1287076E-02 1.1649806E-02 1.2017191E-02 1.2387793E-02 1.2760069E-02 1.3132354E-02 1.3502968E-02 1.3870291E-02 1.4232611E-02 1.4588268E-02 1.4935698E-02 1.5273442E-02 1.5600172E-02 1.5914697E-02 1.6215967E-02 1.6503086E-02 1.6775304E-02 1.7031999E-02 1.7272685E-02 1.7496983E-02 1.7704608E-02 1.7895373E-02 1.8069144E-02 1.8225860E-02 1.8365487E-02 1.8488036E-02 1.8593539E-02 1.8682033E-02 1.8753568E-02 1.8808201E-02 1.8845975E-02 1.8866939E-02 1.8871127E-02 1.8858572E-02 1.8829297E-02 1.8783322E-02 1.8720672E-02 1.8641369E-02 1.8545453E-02 1.8432980E-02 1.8304024E-02 1.8158700E-02 1.7997164E-02 1.7819619E-02 1.7626336E-02 1.7417667E-02 1.7194021E-02 1.6955817E-02 1.6703626E-02
9.9161165E-03 1.0270434E-02 1.0636138E-02 1.1012503E-02 1.1398616E-02 1.1793358E-02 1.2195419E-02 1.2603289E-02 1.3015301E-02 1.3429631E-02 1.3844396E-02 1.4257584E-02 1.4667099E-02 1.5070953E-02 1.5467239E-02 1.5854124E-02 1.6229907E-02 1.6593060E-02 1.6942222E-02 1.7276224E-02 1.7594075E-02 1.7894968E-02 1.8178262E-02 1.8443460E-02 1.8690206E-02 1.8918250E-02 1.9127445E-02 1.9317716E-02 1.9489052E-02 1.9641470E-02 1.9775039E-02 1.9889839E-02 1.9985953E-02 2.0063465E-02 2.0122465E-02 2.0163018E-02 2.0185189E-02 2.0189017E-02 2.0174531E-02 2.0141749E-02 2.0090673E-02 2.0021308E-02 1.9933652E-02 1.9827712E-02 1.9703513E-02 1.9561099E-02 1.9400556E-02 1.9222017E-02 1.9025667E-02 1.8811768E-02 1.8580617E-02 1.8332653E-02 1.8068459E-02 1.7788649E-02
1.0269674E-02 1.0658890E-02 1.1061648E-02 1.1477181E-02 1.1904480E-02 1.2342294E-02 1.2789117E-02 1.3243199E-02 1.3702570E-02 1.4165074E-02 1.4628375E-02 1.5090084E-02 1.5547878E-02 1.5999345E-02 1.6442152E-02 1.6874135E-02 1.7293300E-02 1.7697876E-02 1.8086318E-02 1.8457308E-02 1.8809773E-02 1.9142853E-02 1.9455889E-02 1.9748408E-02 2.0020086E-02 2.0270735E-02 2.0500273E-02 2.0708691E-02 2.0896059E-02 2.1062469E-02 2.1208057E-02 2.1332964E-02 2.1437338E-02 2.1521304E-02 2.1584991E-02 2.1628490E-02 2.1651879E-02 2.1655213E-02 2.1638509E-02 2.1601776E-02 2.1544993E-02 2.1468127E-02 2.1371150E-02 2.1254020E-02 2.1116717E-02 2.0959245E-02 2.0781644E-02 2.0584011E-02 2.0366509E-02 2.0129384E-02 1.9873008E-02 1.9597825E-02 1.9304318E-02 1.8993186E-02
1.0645044E-02 1.1073289E-02 1.1517685E-02 1.1977421E-02 1.2451409E-02 1.2938238E-02 1.3436181E-02 1.3943203E-02 1.4456973E-02 1.4974933E-02 1.5494360E-02 1.6012369E-02 1.6525956E-02 1.7032260E-02 1.7528558E-02 1.8012270E-02 1.8481066E-02 1.8932886E-02 1.9365970E-02 1.9778846E-02 2.0170353E-02 2.0539595E-02 2.0885920E-02 2.1208894E-02 2.1508263E-02 2.1783926E-02 2.2035891E-02 2.2264253E-02 2.2469182E-02 2.2650875E-02 2.2809552E-02 2.2945436E-02 2.3058742E-02 2.3149665E-02 2.3218367E-02 2.3264980E-02 2.3289595E-02 2.3292273E-02 2.3273027E-02 2.3231845E-02 2.3168670E-02 2.3083437E-02 2.2976050E-02 2.2846421E-02 2.2694465E-02 2.2520121E-02 2.2323370E-02 2.2104250E-02 2.1862885E-02 2.1599481E-02 2.1314336E-02 2.1007912E-02 2.0680891E-02 2.0334013E-02
1.1043238E-02 1.1515195E-02 1.2006449E-02 1.2516188E-02 1.3043231E-02 1.3586011E-02 1.4142548E-02 1.4710457E-02 1.5286976E-02 1.5869016E-02 1.6453197E-02 1.7036017E-02 1.7614044E-02 1.8183762E-02 1.8741807E-02 1.9285092E-02 1.9810859E-02 2.0316713E-02 2.0800648E-02 2.1261042E-02 2.1696646E-02 2.2106549E-02 2.2490146E-02 2.2847071E-02 2.3177180E-02 2.3480499E-02 2.3757171E-02 2.4007430E-02 2.4231575E-02 2.4429934E-02 2.4602836E-02 2.4750618E-02 2.4873575E-02 2.4971969E-02 2.5046028E-02 2.5095917E-02 2.5121747E-02 2.5123585E-02 2.5101431E-02 2.5055246E-02 2.4984922E-02 2.4890341E-02 2.4771342E-02 2.4627747E-02 2.4459388E-02 2.4266113E-02 2.4047822E-02 2.3804473E-02 2.3536123E-02 2.3242945E-02 2.2925284E-02 2.2583604E-02 2.2218471E-02 2.1830726E-02
1.1465177E-02 1.1986124E-02 1.2530196E-02 1.3096601E-02 1.3684095E-02 1.4290943E-02 1.4914884E-02 1.5553115E-02 1.6202351E-02 1.6858859E-02 1.7518619E-02 1.8177325E-02 1.8830525E-02 1.9473953E-02 2.0103598E-02 2.0715751E-02 2.1307135E-02 2.1874964E-02 2.2416959E-02 2.2931343E-02 2.3416808E-02 2.3872461E-02 2.4297785E-02 2.4692545E-02 2.5056757E-02 2.5390621E-02 2.5694478E-02 2.5968734E-02 2.6213868E-02 2.6430357E-02 2.6618697E-02 2.6779339E-02 2.6912691E-02 2.7019106E-02 2.7098864E-02 2.7152192E-02 2.7179213E-02 2.7179996E-02 2.7154526E-02 2.7102713E-02 2.7024403E-02 2.6919393E-02 2.6787423E-02 2.6628213E-02 2.6441474E-02 2.6226940E-02 2.5984375E-02 2.5713636E-02 2.5414670E-02 2.5087576E-02 2.4732577E-02 2.4350157E-02 2.3941094E-02 2.3506306E-02
1.1911564E-02 1.2487463E-02 1.3091137E-02 1.3721877E-02 1.4378416E-02 1.5058859E-02 1.5760625E-02 1.6480438E-02 1.7214341E-02 1.7957784E-02 1.8705701E-02 1.9452773E-02 2.0193733E-02 2.0923249E-02 2.1636313E-02 2.2328407E-02 2.2995636E-02 2.3634750E-02 2.4243180E-02 2.4818998E-02 2.5360882E-02 2.5868025E-02 2.6340051E-02 2.6776943E-02 2.7178945E-02 2.7546510E-02 2.7880216E-02 2.8180718E-02 2.8448720E-02 2.8684907E-02 2.8889954E-02 2.9064463E-02 2.9208988E-02 2.9323975E-02 2.9409790E-02 2.9466704E-02 2.9494867E-02 2.9494351E-02 2.9465104E-02 2.9406987E-02 2.9319763E-02 2.9203122E-02 2.9056678E-02 2.8880011E-02 2.8672665E-02 2.8434206E-02 2.8164238E-02 2.7862445E-02 2.7528647E-02 2.7162841E-02 2.6765274E-02 2.6336402E-02 2.5876867E-02 2.5387729E-02
1.2382862E-02 1.3020403E-02 1.3691396E-02 1.4395295E-02 1.5130878E-02 1.5896114E-02 1.6688092E-02 1.7502971E-02 1.8335989E-02 1.9181572E-02 2.0033536E-02 2.0885212E-02 2.1729680E-02 2.2560339E-02 2.3371074E-02 2.4156373E-02 2.4911575E-02 2.5632901E-02 2.6317483E-02 2.6963292E-02 2.7569048E-02 2.8134122E-02 2.8658390E-02 2.9142141E-02 2.9585954E-02 2.9990612E-02 3.0357031E-02 3.0686170E-02 3.0979028E-02 3.1236542E-02 3.1459615E-02 3.1649046E-02 3.1805538E-02 3.1929661E-02 3.2021884E-02 3.2082524E-02 3.2111768E-02 3.2109670E-02 3.2076143E-02 3.2010969E-02 3.1913813E-02 3.1784218E-02 3.1621631E-02 3.1425439E-02 3.1194976E-02 3.0929560E-02 3.0628581E-02 3.0291477E-02 2.9917883E-02 2.9507611E-02 2.9060718E-02 2.8577644E-02 2.8059300E-02 2.7506862E-02
1.2879161E-02 1.3585837E-02 1.4332887E-02 1.5120074E-02 1.5946321E-02 1.6809542E-02 1.7706493E-02 1.8632686E-02 1.9582367E-02 2.0548623E-02 2.1523546E-02 2.2498677E-02 2.3465542E-02 2.4415717E-02 2.5341412E-02 2.6235864E-02 2.7093466E-02 2.7909854E-02 2.8681876E-02 2.9407471E-02 3.0085536E-02 3.0715745E-02 3.1298369E-02 3.1834140E-02 3.2324106E-02 3.2769497E-02 3.3171665E-02 3.3531968E-02 3.3851754E-02 3.4132294E-02 3.4374759E-02 3.4580175E-02 3.4749441E-02 3.4883276E-02 3.4982253E-02 3.5046753E-02 3.5076987E-02 3.5073005E-02 3.5034642E-02 3.4961596E-02 3.4853388E-02 3.4709383E-02 3.4528814E-02 3.4310792E-02 3.4054369E-02 3.3758551E-02 3.3422377E-02 3.3045005E-02 3.2625753E-02 3.2164220E-02 3.1660426E-02 3.1114733E-02 3.0527892E-02 2.9901305E-02
1.3400011E-02 1.4184144E-02 1.5017106E-02 1.5899161E-02 1.6829567E-02 1.7806305E-02 1.8825864E-02 1.9883040E-02 2.0970874E-02 2.2080753E-02 2.3202773E-02 2.4326032E-02 2.5439220E-02 2.6531585E-02 2.7593389E-02 2.8616250E-02 2.9593447E-02 3.0519996E-02 3.1392526E-02 3.2209095E-02 3.2968953E-02 3.3672288E-02 3.4319967E-02 3.4913354E-02 3.5454124E-02 3.5944108E-02 3.6385208E-02 3.6779292E-02 3.7128162E-02 3.7433464E-02 3.7696704E-02 3.7919201E-02 3.8102046E-02 3.8246170E-02 3.8352236E-02 3.8420707E-02 3.8451828E-02 3.8445599E-02 3.8401812E-02 3.8320016E-02 3.8199559E-02 3.8039565E-02 3.7838977E-02 3.7596568E-02 3.7310988E-02 3.6980815E-02 3.6604635E-02 3.6181144E-02 3.5709240E-02 3.5188172E-02 3.4617592E-02 3.3997819E-02 3.3329938E-02 3.2615598E-02
1.3944360E-02 1.4815122E-02 1.5745012E-02 1.6735105E-02 1.7785275E-02 1.8893829E-02 2.0057116E-02 2.1269197E-02 2.2521660E-02 2.3803687E-02 2.5102315E-02 2.6403315E-02 2.7692236E-02 2.8954949E-02 3.0178858E-02 3.1353485E-02 3.2470819E-02 3.3525247E-02 3.4513358E-02 3.5433587E-02 3.6285829E-02 3.7071075E-02 3.7791073E-02 3.8448058E-02 3.9044544E-02 3.9583150E-02 4.0066492E-02 4.0497053E-02 4.0877189E-02 4.1209012E-02 4.1494425E-02 4.1735068E-02 4.1932322E-02 4.2087279E-02 4.2200759E-02 4.2273305E-02 4.2305175E-02 4.2296339E-02 4.2246487E-02 4.2154994E-02 4.2020995E-02 4.1843314E-02 4.1620493E-02 4.1350864E-02 4.1032538E-02 4.0663499E-02 4.0241703E-02 3.9765179E-02 3.9232217E-02 3.8641579E-02 3.7992701E-02 3.7285745E-02 3.6521658E-02 3.5702538E-02
1.4510278E-02 1.5477633E-02 1.6516652E-02 1.7629627E-02 1.8817514E-02 2.0079346E-02 2.1411655E-02 2.2807863E-02 2.4257893E-02 2.5748080E-02 2.7261693E-02 2.8779726E-02 3.0282339E-02 3.1750880E-02 3.3169098E-02 3.4523930E-02 3.5805896E-02 3.7008919E-02 3.8129888E-02 3.9168030E-02 4.0124346E-02 4.1001040E-02 4.1801117E-02 4.2528000E-02 4.3185335E-02 4.3776721E-02 4.4305660E-02 4.4775419E-02 4.5189001E-02 4.5549098E-02 4.5858070E-02 4.6117935E-02 4.6330366E-02 4.6496689E-02 4.6617895E-02 4.6694588E-02 4.6727054E-02 4.6715215E-02 4.6658624E-02 4.6556469E-02 4.6407569E-02 4.6210367E-02 4.5962930E-02 4.5662969E-02 4.5307890E-02 4.4894855E-02 4.4420891E-02 4.3883111E-02 4.3278851E-02 4.2606100E-02 4.1863583E-02 4.1051332E-02 4.0170848E-02 3.9224826E-02
1.5094848E-02 1.6169466E-02 1.7330900E-02 1.8583288E-02 1.9929327E-02 2.1369476E-02 2.2901049E-02 2.4517193E-02 2.6206020E-02 2.7950205E-02 2.9727301E-02 3.1511437E-02 3.3275921E-02 3.4995299E-02 3.6648020E-02 3.8217735E-02 3.9693486E-02 4.1069154E-02 4.2342566E-02 4.3514431E-02 4.4587512E-02 4.5565829E-02 4.6454132E-02 4.7257446E-02 4.7980841E-02 4.8629198E-02 4.9207103E-02 4.9718745E-02 5.0167937E-02 5.0558008E-02 5.0891869E-02 5.1171973E-02 5.1400341E-02 5.1578544E-02 5.1707745E-02 5.1788643E-02 5.1821548E-02 5.1806293E-02 5.1742278E-02 5.1628437E-02 5.1463228E-02 5.1244605E-02 5.0969996E-02 5.0636332E-02 5.0240055E-02 4.9777180E-02 4.9243428E-02 4.8634503E-02 4.7946360E-02 4.7175758E-02 4.6320789E-02 4.5381185E-02 4.4358511E-02 4.3256633E-02
1.5693964E-02 1.6887000E-02 1.8185044E-02 1.9594900E-02 2.1121994E-02 2.2769332E-02 2.4536135E-02 2.6416108E-02 2.8395822E-02 3.0453432E-02 3.2558944E-02 3.4676105E-02 3.6766473E-02 3.8794778E-02 4.0732473E-02 4.2559333E-02 4.4263322E-02 4.5839224E-02 4.7286902E-02 4.8609693E-02 4.9813043E-02 5.0903600E-02 5.1888473E-02 5.2774798E-02 5.3569470E-02 5.4278925E-02 5.4909069E-02 5.5465203E-02 5.5952061E-02 5.6373730E-02 5.6733731E-02 5.7035036E-02 5.7280026E-02 5.7470582E-02 5.7608027E-02 5.7693172E-02 5.7726324E-02 5.7707235E-02 5.7635114E-02 5.7508577E-02 5.7325628E-02 5.7083610E-02 5.6779176E-02 5.6408223E-02 5.5965886E-02 5.5446584E-02 5.4844163E-02 5.4152176E-02 5.3364377E-02 5.2475497E-02 5.1482063E-02 5.0383490E-02 4.9182661E-02 4.7885392E-02
