T3-twomodels/GR1.grd
DSAA
         100         100
  -15.00000       15.00000    
  -15.00000       15.00000    
 -1.4903069E-03  0.2253343    
[rows 72 to 95 of 100, columns 0 to 53 of 100]
1.7518781E-02 1.9133260E-02 2.0928420E-02 2.2926548E-02 2.5151473E-02 2.7627410E-02 3.0376485E-02 3.3413809E-02 3.6738511E-02 4.0319461E-02 4.4079207E-02 4.7892492E-02 5.1616102E-02 5.5132914E-02 5.8375608E-02 6.1320327E-02 6.3970193E-02 6.6342063E-02 6.8458505E-02 7.0343472E-02 7.2020158E-02 7.3510066E-02 7.4832536E-02 7.6004736E-02 7.7041760E-02 7.7956691E-02 7.8760877E-02 7.9464026E-02 8.0074452E-02 8.0599137E-02 8.1043914E-02 8.1413560E-02 8.1711851E-02 8.1941657E-02 8.2104973E-02 8.2202926E-02 8.2235761E-02 8.2202844E-02 8.2102574E-02 8.1932262E-02 8.1688024E-02 8.1364520E-02 8.0954723E-02 8.0449492E-02 7.9837099E-02 7.9102583E-02 7.8227133E-02 7.7187546E-02 7.5956933E-02 7.4507922E-02 7.2820842E-02 7.0893779E-02 6.8747088E-02 6.6417575E-02
1.6913036E-02 1.8376583E-02 1.9991957E-02 2.1774786E-02 2.3740631E-02 2.5903527E-02 2.8273622E-02 3.0853216E-02 3.3631112E-02 3.6575761E-02 3.9630555E-02 4.2716421E-02 4.5746077E-02 4.8644178E-02 5.1359136E-02 5.3863864E-02 5.6150228E-02 5.8222312E-02 6.0091034E-02 6.1770558E-02 6.3276209E-02 6.4623140E-02 6.5825678E-02 6.6896990E-02 6.7848943E-02 6.8692088E-02 6.9435716E-02 7.0087895E-02 7.0655614E-02 7.1144775E-02 7.1560398E-02 7.1906604E-02 7.2186641E-02 7.2403066E-02 7.2557606E-02 7.2651304E-02 7.2684407E-02 7.2656460E-02 7.2566144E-02 7.2411299E-02 7.2188713E-02 7.1894124E-02 7.1521975E-02 7.1065150E-02 7.0514821E-02 6.9860138E-02 6.9088131E-02 6.8183862E-02 6.7131266E-02 6.5915361E-02 6.4525723E-02 6.2960826E-02 6.1230086E-02 5.9351500E-02
1.6302237E-02 1.7625015E-02 1.9074386E-02 2.0660914E-02 2.2394137E-02 2.4281340E-02 2.6325580E-02 2.8523033E-02 3.0859770E-02 3.3308759E-02 3.5828639E-02 3.8366999E-02 4.0868070E-02 4.3281060E-02 4.5567360E-02 4.7702596E-02 4.9674965E-02 5.1482093E-02 5.3127822E-02 5.4619722E-02 5.5967305E-02 5.7180837E-02 5.8270585E-02 5.9246372E-02 6.0117353E-02 6.0891848E-02 6.1577335E-02 6.2180392E-02 6.2706821E-02 6.3161582E-02 6.3548893E-02 6.3872263E-02 6.4134516E-02 6.4337820E-02 6.4483725E-02 6.4573146E-02 6.4606361E-02 6.4583033E-02 6.4502120E-02 6.4361893E-02 6.4159803E-02 6.3892446E-02 6.3555472E-02 6.3143462E-02 6.2649839E-02 6.2066801E-02 6.1385438E-02 6.0595982E-02 5.9688579E-02 5.8654569E-02 5.7488337E-02 5.6188814E-02 5.4760259E-02 5.3212509E-02
1.5693953E-02 1.6886992E-02 1.8185038E-02 1.9594895E-02 2.1121994E-02 2.2769332E-02 2.4536131E-02 2.6416108E-02 2.8395817E-02 3.0453430E-02 3.2558944E-02 3.4676112E-02 3.6766484E-02 3.8794789E-02 4.0732484E-02 4.2559344E-02 4.4263329E-02 4.5839228E-02 4.7286917E-02 4.8609708E-02 4.9813066E-02 5.0903615E-02 5.1888492E-02 5.2774820E-02 5.3569492E-02 5.4278947E-02 5.4909095E-02 5.5465233E-02 5.5952091E-02 5.6373760E-02 5.6733757E-02 5.7035066E-02 5.7280056E-02 5.7470609E-02 5.7608057E-02 5.7693202E-02 5.7726353E-02 5.7707265E-02 5.7635143E-02 5.7508599E-02 5.7325654E-02 5.7083637E-02 5.6779195E-02 5.6408238E-02 5.5965893E-02 5.5446595E-02 5.4844175E-02 5.4152191E-02 5.3364389E-02 5.2475508E-02 5.1482081E-02 5.0383501E-02 4.9182672E-02 4.7885399E-02
1.5094842E-02 1.6169464E-02 1.7330900E-02 1.8583292E-02 1.9929329E-02 2.1369478E-02 2.2901051E-02 2.4517193E-02 2.6206018E-02 2.7950205E-02 2.9727302E-02 3.1511445E-02 3.3275921E-02 3.4995306E-02 3.6648024E-02 3.8217738E-02 3.9693490E-02 4.1069161E-02 4.2342566E-02 4.3514442E-02 4.4587519E-02 4.5565840E-02 4.6454139E-02 4.7257461E-02 4.7980852E-02 4.8629213E-02 4.9207117E-02 4.9718764E-02 5.0167952E-02 5.0558019E-02 5.0891887E-02 5.1171992E-02 5.1400356E-02 5.1578563E-02 5.1707756E-02 5.1788658E-02 5.1821556E-02 5.1806305E-02 5.1742289E-02 5.1628448E-02 5.1463235E-02 5.1244609E-02 5.0969996E-02 5.0636340E-02 5.0240055E-02 4.9777180E-02 4.9243439E-02 4.8634503E-02 4.7946360E-02 4.7175758E-02 4.6320789E-02 4.5381185E-02 4.4358514E-02 4.3256633E-02
1.4510268E-02 1.5477628E-02 1.6516646E-02 1.7629625E-02 1.8817512E-02 2.0079346E-02 2.1411655E-02 2.2807863E-02 2.4257891E-02 2.5748078E-02 2.7261695E-02 2.8779728E-02 3.0282341E-02 3.1750880E-02 3.3169102E-02 3.4523934E-02 3.5805896E-02 3.7008919E-02 3.8129892E-02 3.9168037E-02 4.0124353E-02 4.1001052E-02 4.1801129E-02 4.2528018E-02 4.3185350E-02 4.3776736E-02 4.4305671E-02 4.4775430E-02 4.5189016E-02 4.5549110E-02 4.5858085E-02 4.6117954E-02 4.6330385E-02 4.6496715E-02 4.6617910E-02 4.6694607E-02 4.6727069E-02 4.6715230E-02 4.6658635E-02 4.6556488E-02 4.6407584E-02 4.6210378E-02 4.5962941E-02 4.5662981E-02 4.5307897E-02 4.4894855E-02 4.4420902E-02 4.3883115E-02 4.3278862E-02 4.2606108E-02 4.1863594E-02 4.1051343E-02 4.0170852E-02 3.9224833E-02
1.3944346E-02 1.4815113E-02 1.5745003E-02 1.6735097E-02 1.7785270E-02 1.8893823E-02 2.0057110E-02 2.1269187E-02 2.2521652E-02 2.3803676E-02 2.5102306E-02 2.6403306E-02 2.7692225E-02 2.8954946E-02 3.0178845E-02 3.1353474E-02 3.2470804E-02 3.3525232E-02 3.4513347E-02 3.5433576E-02 3.6285818E-02 3.7071068E-02 3.7791070E-02 3.8448058E-02 3.9044544E-02 3.9583150E-02 4.0066492E-02 4.0497053E-02 4.0877182E-02 4.1209009E-02 4.1494429E-02 4.1735075E-02 4.1932330E-02 4.2087283E-02 4.2200763E-02 4.2273302E-02 4.2305175E-02 4.2296335E-02 4.2246480E-02 4.2154998E-02 4.2020995E-02 4.1843310E-02 4.1620493E-02 4.1350860E-02 4.1032534E-02 4.0663492E-02 4.0241696E-02 3.9765168E-02 3.9232213E-02 3.8641579E-02 3.7992697E-02 3.7285738E-02 3.6521655E-02 3.5702534E-02
1.3400003E-02 1.4184139E-02 1.5017103E-02 1.5899157E-02 1.6829565E-02 1.7806303E-02 1.8825864E-02 1.9883035E-02 2.0970864E-02 2.2080744E-02 2.3202768E-02 2.4326028E-02 2.5439212E-02 2.6531577E-02 2.7593374E-02 2.8616231E-02 2.9593434E-02 3.0519981E-02 3.1392511E-02 3.2209083E-02 3.2968942E-02 3.3672281E-02 3.4319963E-02 3.4913354E-02 3.5454117E-02 3.5944100E-02 3.6385205E-02 3.6779284E-02 3.7128154E-02 3.7433464E-02 3.7696704E-02 3.7919197E-02 3.8102053E-02 3.8246170E-02 3.8352240E-02 3.8420707E-02 3.8451828E-02 3.8445599E-02 3.8401809E-02 3.8320016E-02 3.8199555E-02 3.8039561E-02 3.7838977E-02 3.7596565E-02 3.7310980E-02 3.6980808E-02 3.6604628E-02 3.6181130E-02 3.5709228E-02 3.5188165E-02 3.4617588E-02 3.3997808E-02 3.3329930E-02 3.2615587E-02
1.2879148E-02 1.3585825E-02 1.4332879E-02 1.5120067E-02 1.5946314E-02 1.6809534E-02 1.7706484E-02 1.8632678E-02 1.9582354E-02 2.0548608E-02 2.1523532E-02 2.2498667E-02 2.3465535E-02 2.4415702E-02 2.5341397E-02 2.6235851E-02 2.7093450E-02 2.7909838E-02 2.8681861E-02 2.9407457E-02 3.0085526E-02 3.0715736E-02 3.1298362E-02 3.1834137E-02 3.2324098E-02 3.2769494E-02 3.3171657E-02 3.3531960E-02 3.3851750E-02 3.4132291E-02 3.4374755E-02 3.4580175E-02 3.4749433E-02 3.4883272E-02 3.4982249E-02 3.5046745E-02 3.5076987E-02 3.5072997E-02 3.5034634E-02 3.4961592E-02 3.4853380E-02 3.4709379E-02 3.4528807E-02 3.4310780E-02 3.4054354E-02 3.3758536E-02 3.3422366E-02 3.3044990E-02 3.2625742E-02 3.2164212E-02 3.1660415E-02 3.1114718E-02 3.0527880E-02 2.9901294E-02
1.2382854E-02 1.3020398E-02 1.3691393E-02 1.4395295E-02 1.5130877E-02 1.5896114E-02 1.6688095E-02 1.7502969E-02 1.8335985E-02 1.9181568E-02 2.0033536E-02 2.0885216E-02 2.1729684E-02 2.2560345E-02 2.3371076E-02 2.4156375E-02 2.4911575E-02 2.5632901E-02 2.6317488E-02 2.6963297E-02 2.7569056E-02 2.8134134E-02 2.8658409E-02 2.9142156E-02 2.9585969E-02 2.9990625E-02 3.0357046E-02 3.0686188E-02 3.0979045E-02 3.1236563E-02 3.1459637E-02 3.1649064E-02 3.1805553E-02 3.1929683E-02 3.2021906E-02 3.2082543E-02 3.2111790E-02 3.2109689E-02 3.2076165E-02 3.2010991E-02 3.1913832E-02 3.1784233E-02 3.1621646E-02 3.1425454E-02 3.1194987E-02 3.0929569E-02 3.0628584E-02 3.0291487E-02 2.9917892E-02 2.9507622E-02 2.9060725E-02 2.8577652E-02 2.8059304E-02 2.7506864E-02
1.1911552E-02 1.2487451E-02 1.3091126E-02 1.3721869E-02 1.4378410E-02 1.5058852E-02 1.5760617E-02 1.6480429E-02 1.7214326E-02 1.7957771E-02 1.8705688E-02 1.9452764E-02 2.0193724E-02 2.0923238E-02 2.1636298E-02 2.2328395E-02 2.2995619E-02 2.3634735E-02 2.4243163E-02 2.4818983E-02 2.5360873E-02 2.5868015E-02 2.6340047E-02 2.6776941E-02 2.7178941E-02 2.7546503E-02 2.7880210E-02 2.8180713E-02 2.8448712E-02 2.8684905E-02 2.8889954E-02 2.9064469E-02 2.9208988E-02 2.9323975E-02 2.9409790E-02 2.9466698E-02 2.9494867E-02 2.9494349E-02 2.9465102E-02 2.9406983E-02 2.9319756E-02 2.9203117E-02 2.9056676E-02 2.8880002E-02 2.8672662E-02 2.8434195E-02 2.8164227E-02 2.7862431E-02 2.7528638E-02 2.7162831E-02 2.6765266E-02 2.6336389E-02 2.5876855E-02 2.5387719E-02
1.1465162E-02 1.1986112E-02 1.2530185E-02 1.3096589E-02 1.3684087E-02 1.4290933E-02 1.4914871E-02 1.5553102E-02 1.6202334E-02 1.6858840E-02 1.7518599E-02 1.8177310E-02 1.8830508E-02 1.9473935E-02 2.0103578E-02 2.0715730E-02 2.1307113E-02 2.1874942E-02 2.2416942E-02 2.2931326E-02 2.3416793E-02 2.3872452E-02 2.4297772E-02 2.4692535E-02 2.5056750E-02 2.5390614E-02 2.5694471E-02 2.5968723E-02 2.6213856E-02 2.6430352E-02 2.6618697E-02 2.6779335E-02 2.6912687E-02 2.7019100E-02 2.7098864E-02 2.7152184E-02 2.7179208E-02 2.7179988E-02 2.7154518E-02 2.7102707E-02 2.7024398E-02 2.6919382E-02 2.6787410E-02 2.6628202E-02 2.6441464E-02 2.6226925E-02 2.5984358E-02 2.5713617E-02 2.5414655E-02 2.5087563E-02 2.4732566E-02 2.4350146E-02 2.3941081E-02 2.3506291E-02
1.1043230E-02 1.1515187E-02 1.2006445E-02 1.2516184E-02 1.3043227E-02 1.3586008E-02 1.4142543E-02 1.4710452E-02 1.5286966E-02 1.5869005E-02 1.6453186E-02 1.7036008E-02 1.7614039E-02 1.8183753E-02 1.8741794E-02 1.9285077E-02 1.9810844E-02 2.0316700E-02 2.0800635E-02 2.1261031E-02 2.1696636E-02 2.2106547E-02 2.2490142E-02 2.2847068E-02 2.3177179E-02 2.3480497E-02 2.3757167E-02 2.4007427E-02 2.4231575E-02 2.4429930E-02 2.4602840E-02 2.4750618E-02 2.4873575E-02 2.4971971E-02 2.5046030E-02 2.5095917E-02 2.5121747E-02 2.5123585E-02 2.5101434E-02 2.5055246E-02 2.4984922E-02 2.4890341E-02 2.4771336E-02 2.4627736E-02 2.4459379E-02 2.4266103E-02 2.4047811E-02 2.3804465E-02 2.3536116E-02 2.3242937E-02 2.2925276E-02 2.2583595E-02 2.2218462E-02 2.1830719E-02
1.0645031E-02 1.1073279E-02 1.1517675E-02 1.1977415E-02 1.2451404E-02 1.2938230E-02 1.3436176E-02 1.3943193E-02 1.4456963E-02 1.4974920E-02 1.5494347E-02 1.6012359E-02 1.6525947E-02 1.7032253E-02 1.7528545E-02 1.8012257E-02 1.8481053E-02 1.8932873E-02 1.9365957E-02 1.9778838E-02 2.0170348E-02 2.0539591E-02 2.0885920E-02 2.1208895E-02 2.1508269E-02 2.1783926E-02 2.2035891E-02 2.2264257E-02 2.2469187E-02 2.2650881E-02 2.2809559E-02 2.2945445E-02 2.3058752E-02 2.3149673E-02 2.3218375E-02 2.3264986E-02 2.3289602E-02 2.3292283E-02 2.3273034E-02 2.3231851E-02 2.3168676E-02 2.3083439E-02 2.2976052E-02 2.2846421E-02 2.2694461E-02 2.2520117E-02 2.2323364E-02 2.2104248E-02 2.1862883E-02 2.1599481E-02 2.1314334E-02 2.1007910E-02 2.0680886E-02 2.0334011E-02
1.0269665E-02 1.0658883E-02 1.1061645E-02 1.1477178E-02 1.1904479E-02 1.2342292E-02 1.2789113E-02 1.3243193E-02 1.3702560E-02 1.4165064E-02 1.4628365E-02 1.5090076E-02 1.5547872E-02 1.5999336E-02 1.6442142E-02 1.6874120E-02 1.7293286E-02 1.7697861E-02 1.8086303E-02 1.8457297E-02 1.8809766E-02 1.9142848E-02 1.9455887E-02 1.9748406E-02 2.0020088E-02 2.0270735E-02 2.0500274E-02 2.0708695E-02 2.0896060E-02 2.1062469E-02 2.1208059E-02 2.1332970E-02 2.1437339E-02 2.1521308E-02 2.1584993E-02 2.1628492E-02 2.1651885E-02 2.1655213E-02 2.1638509E-02 2.1601774E-02 2.1544989E-02 2.1468127E-02 2.1371147E-02 2.1254012E-02 2.1116709E-02 2.0959234E-02 2.0781633E-02 2.0583998E-02 2.0366497E-02 2.0129373E-02 1.9873001E-02 1.9597813E-02 1.9304307E-02 1.8993173E-02
9.9161072E-03 1.0270427E-02 1.0636134E-02 1.1012501E-02 1.1398615E-02 1.1793356E-02 1.2195416E-02 1.2603285E-02 1.3015292E-02 1.3429624E-02 1.3844389E-02 1.4257579E-02 1.4667095E-02 1.5070948E-02 1.5467231E-02 1.5854113E-02 1.6229896E-02 1.6593048E-02 1.6942214E-02 1.7276218E-02 1.7594071E-02 1.7894968E-02 1.8178264E-02 1.8443465E-02 1.8690210E-02 1.8918257E-02 1.9127456E-02 1.9317726E-02 1.9489059E-02 1.9641481E-02 1.9775052E-02 1.9889850E-02 1.9985965E-02 2.0063478E-02 2.0122478E-02 2.0163031E-02 2.0185200E-02 2.0189026E-02 2.0174541E-02 2.0141758E-02 2.0090681E-02 2.0021314E-02 1.9933658E-02 1.9827714E-02 1.9703513E-02 1.9561097E-02 1.9400554E-02 1.9222016E-02 1.9025667E-02 1.8811768E-02 1.8580614E-02 1.8332653E-02 1.8068457E-02 1.7788649E-02
9.5832804E-03 9.9063562E-03 1.0239026E-02 1.0580617E-02 1.0930293E-02 1.1287072E-02 1.1649799E-02 1.2017179E-02 1.2387779E-02 1.2760055E-02 1.3132341E-02 1.3502958E-02 1.3870283E-02 1.4232602E-02 1.4588256E-02 1.4935683E-02 1.5273426E-02 1.5600156E-02 1.5914682E-02 1.6215956E-02 1.6503077E-02 1.6775297E-02 1.7031997E-02 1.7272683E-02 1.7496981E-02 1.7704610E-02 1.7895373E-02 1.8069146E-02 1.8225860E-02 1.8365489E-02 1.8488040E-02 1.8593542E-02 1.8682037E-02 1.8753573E-02 1.8808205E-02 1.8845983E-02 1.8866943E-02 1.8871132E-02 1.8858574E-02 1.8829299E-02 1.8783322E-02 1.8720672E-02 1.8641368E-02 1.8545451E-02 1.8432975E-02 1.8304016E-02 1.8158695E-02 1.7997157E-02 1.7819615E-02 1.7626332E-02 1.7417666E-02 1.7194018E-02 1.6955812E-02 1.6703622E-02
9.2700636E-03 9.5651243E-03 9.8682875E-03 1.0178925E-02 1.0496292E-02 1.0819507E-02 1.1147567E-02 1.1479346E-02 1.1813612E-02 1.2149055E-02 1.2484320E-02 1.2817969E-02 1.3148490E-02 1.3474463E-02 1.3794512E-02 1.4107305E-02 1.4411589E-02 1.4706205E-02 1.4990110E-02 1.5262367E-02 1.5522162E-02 1.5768804E-02 1.6001705E-02 1.6220387E-02 1.6424470E-02 1.6613657E-02 1.6787723E-02 1.6946506E-02 1.7089905E-02 1.7217847E-02 1.7330304E-02 1.7427268E-02 1.7508741E-02 1.7574750E-02 1.7625321E-02 1.7660482E-02 1.7680265E-02 1.7684702E-02 1.7673826E-02 1.7647658E-02 1.7606238E-02 1.7549600E-02 1.7477786E-02 1.7390857E-02 1.7288884E-02 1.7171971E-02 1.7040251E-02 1.6893880E-02 1.6733082E-02 1.6558111E-02 1.6369257E-02 1.6166911E-02 1.5951576E-02 1.5723757E-02
8.9753503E-03 9.2452532E-03 9.5220059E-03 9.8050386E-03 1.0093675E-02 1.0387136E-02 1.0684537E-02 1.0984901E-02 1.1287168E-02 1.1590200E-02 1.1892788E-02 1.2193708E-02 1.2491799E-02 1.2785818E-02 1.3074550E-02 1.3356839E-02 1.3631604E-02 1.3897832E-02 1.4154605E-02 1.4401087E-02 1.4636543E-02 1.4860336E-02 1.5071921E-02 1.5270838E-02 1.5456711E-02 1.5629238E-02 1.5788181E-02 1.5933353E-02 1.6064625E-02 1.6181901E-02 1.6285121E-02 1.6374249E-02 1.6449265E-02 1.6510166E-02 1.6556967E-02 1.6589673E-02 1.6608311E-02 1.6612904E-02 1.6603483E-02 1.6580077E-02 1.6542727E-02 1.6491475E-02 1.6426381E-02 1.6347514E-02 1.6254963E-02 1.6148841E-02 1.6029287E-02 1.5896479E-02 1.5750630E-02 1.5591997E-02 1.5420910E-02 1.5237724E-02 1.5042800E-02 1.4836621E-02
8.6980397E-03 8.9453105E-03 9.1983853E-03 9.4567398E-03 9.7197685E-03 9.9867750E-03 1.0256985E-02 1.0529545E-02 1.0803534E-02 1.1077980E-02 1.1351888E-02 1.1624207E-02 1.1893818E-02 1.2159676E-02 1.2420775E-02 1.2676120E-02 1.2924767E-02 1.3165838E-02 1.3398512E-02 1.3622055E-02 1.3835797E-02 1.4039159E-02 1.4231630E-02 1.4412779E-02 1.4582241E-02 1.4739717E-02 1.4884959E-02 1.5017773E-02 1.5138012E-02 1.5245560E-02 1.5340334E-02 1.5422279E-02 1.5491359E-02 1.5547552E-02 1.5590852E-02 1.5621264E-02 1.5638795E-02 1.5643470E-02 1.5635312E-02 1.5614354E-02 1.5580638E-02 1.5534218E-02 1.5475152E-02 1.5403525E-02 1.5319430E-02 1.5222987E-02 1.5114345E-02 1.4993676E-02 1.4861187E-02 1.4717127E-02 1.4561759E-02 1.4395425E-02 1.4218554E-02 1.4031578E-02
8.4370878E-03 8.6639682E-03 8.8957688E-03 9.1320174E-03 9.3721626E-03 9.6155899E-03 9.8616127E-03 1.0109486E-02 1.0358403E-02 1.0607523E-02 1.0855929E-02 1.1102724E-02 1.1347053E-02 1.1587993E-02 1.1824631E-02 1.2056101E-02 1.2281583E-02 1.2500297E-02 1.2711528E-02 1.2914610E-02 1.3108947E-02 1.3294009E-02 1.3469324E-02 1.3634486E-02 1.3789148E-02 1.3933019E-02 1.4065851E-02 1.4187442E-02 1.4297641E-02 1.4396315E-02 1.4483372E-02 1.4558738E-02 1.4622364E-02 1.4674217E-02 1.4714280E-02 1.4742543E-02 1.4759014E-02 1.4763707E-02 1.4756643E-02 1.4737858E-02 1.4707394E-02 1.4665302E-02 1.4611653E-02 1.4546532E-02 1.4470034E-02 1.4382284E-02 1.4283433E-02 1.4173645E-02 1.4053131E-02 1.3922127E-02 1.3780927E-02 1.3629845E-02 1.3469185E-02 1.3299344E-02
8.1914579E-03 8.3999317E-03 8.6125871E-03 8.8289864E-03 9.0486398E-03 9.2709921E-03 9.4954437E-03 9.7213332E-03 9.9479631E-03 1.0174598E-02 1.0400493E-02 1.0624861E-02 1.0846854E-02 1.1065692E-02 1.1280618E-02 1.1490879E-02 1.1695751E-02 1.1894558E-02 1.2086658E-02 1.2271461E-02 1.2448429E-02 1.2617077E-02 1.2776974E-02 1.2927740E-02 1.3069047E-02 1.3200611E-02 1.3322197E-02 1.3433602E-02 1.3534663E-02 1.3625248E-02 1.3705253E-02 1.3774596E-02 1.3833218E-02 1.3881076E-02 1.3918143E-02 1.3944405E-02 1.3959862E-02 1.3964523E-02 1.3958408E-02 1.3941551E-02 1.3913994E-02 1.3875788E-02 1.3827009E-02 1.3767734E-02 1.3698073E-02 1.3618140E-02 1.3528085E-02 1.3428072E-02 1.3318297E-02 1.3198986E-02 1.3070364E-02 1.2932735E-02 1.2786465E-02 1.2631906E-02
7.9601919E-03 8.1520285E-03 8.3474154E-03 8.5459584E-03 8.7472145E-03 8.9506889E-03 9.1558462E-03 9.3621090E-03 9.5688598E-03 9.7754505E-03 9.9811899E-03 1.0185395E-02 1.0387432E-02 1.0586593E-02 1.0782188E-02 1.0973551E-02 1.1160052E-02 1.1341086E-02 1.1516087E-02 1.1684526E-02 1.1845917E-02 1.1999823E-02 1.2145843E-02 1.2283630E-02 1.2412875E-02 1.2533307E-02 1.2644696E-02 1.2746844E-02 1.2839594E-02 1.2922804E-02 1.2996365E-02 1.3060195E-02 1.3114227E-02 1.3158407E-02 1.3192707E-02 1.3217106E-02 1.3231596E-02 1.3236186E-02 1.3230895E-02 1.3215750E-02 1.3190793E-02 1.3156079E-02 1.3111676E-02 1.3057671E-02 1.2994162E-02 1.2921265E-02 1.2839126E-02 1.2747902E-02 1.2647783E-02 1.2538982E-02 1.2421758E-02 1.2296374E-02 1.2163089E-02 1.2022239E-02
7.7423695E-03 7.9191392E-03 8.0989283E-03 8.2813734E-03 8.4660789E-03 8.6526005E-03 8.8404650E-03 9.0291556E-03 9.2181349E-03 9.4068339E-03 9.5946919E-03 9.7811026E-03 9.9654123E-03 1.0147030E-02 1.0325372E-02 1.0499863E-02 1.0669943E-02 1.0835079E-02 1.0994764E-02 1.1148525E-02 1.1295930E-02 1.1436573E-02 1.1570095E-02 1.1696170E-02 1.1814509E-02 1.1924856E-02 1.2026997E-02 1.2120740E-02 1.2205920E-02 1.2282407E-02 1.2350087E-02 1.2408873E-02 1.2458690E-02 1.2499493E-02 1.2531236E-02 1.2553900E-02 1.2567477E-02 1.2571966E-02 1.2567385E-02 1.2553762E-02 1.2531134E-02 1.2499559E-02 1.2459099E-02 1.2409837E-02 1.2351871E-02 1.2285320E-02 1.2210311E-02 1.2127005E-02 1.2035572E-02 1.1936214E-02 1.1829127E-02 1.1714568E-02 1.1592854E-02 1.1464276E-02
