T3-twomodels/model60.grd
DSAA
         100         100
  -15.00000       15.00000    
  -15.00000       15.00000    
  0.7271426       35.39049    
[rows 0 to 27 of 100, columns 0 to 62 of 100]
0.7504869 0.7685609 0.7869795 0.8057213 0.8247629 0.8440783 0.8636401 0.8834178 0.9033803 0.9234945 0.9437252 0.9640375 0.9844018 1.004782 1.025143 1.045451 1.065672 1.085776 1.105734 1.125515 1.145095 1.164447 1.183550 1.202381 1.220922 1.239153 1.257058 1.274621 1.291827 1.308661 1.325111 1.341161 1.356799 1.372011 1.386782 1.401099 1.414947 1.428308 1.441168 1.453509 1.465313 1.476562 1.487236 1.497316 1.506783 1.515615 1.523794 1.531298 1.538107 1.544201 1.549566 1.554186 1.558036 1.561102 1.563369 1.564823 1.565448 1.565234 1.564169 1.562242 1.559445 1.555768 1.551207
0.7751368 0.7944962 0.8142429 0.8343525 0.8548000 0.8755561 0.8965895 0.9178672 0.9393538 0.9610121 0.9828067 1.004698 1.026642 1.048602 1.070539 1.092417 1.114200 1.135851 1.157339 1.178633 1.199703 1.220522 1.241068 1.261316 1.281247 1.300841 1.320083 1.338954 1.357442 1.375531 1.393208 1.410460 1.427272 1.443633 1.459527 1.474939 1.489854 1.504256 1.518127 1.531448 1.544201 1.556366 1.567920 1.578843 1.589114 1.598708 1.607605 1.615781 1.623216 1.629892 1.635778 1.640856 1.645111 1.648525 1.651078 1.652754 1.653539 1.653417 1.652378 1.650408 1.647497 1.643636 1.638818
0.8011836 0.8219455 0.8431427 0.8647494 0.8867369 0.9090729 0.9317225 0.9546483 0.9778101 1.001166 1.024670 1.048280 1.071955 1.095650 1.119321 1.142924 1.166419 1.189767 1.212932 1.235880 1.258579 1.281001 1.303120 1.324911 1.346355 1.367432 1.388125 1.408419 1.428297 1.447748 1.466758 1.485315 1.503404 1.521014 1.538128 1.554734 1.570814 1.586351 1.601327 1.615723 1.629516 1.642686 1.655209 1.667061 1.678218 1.688655 1.698346 1.707267 1.715392 1.722694 1.729157 1.734759 1.739472 1.743277 1.746155 1.748088 1.749058 1.749051 1.748051 1.746046 1.743024 1.738973 1.733885
0.8287235 0.8510178 0.8738030 0.8970505 0.9207286 0.9448016 0.9692297 0.9939705 1.018979 1.044207 1.069609 1.095133 1.120724 1.146334 1.171913 1.197415 1.222794 1.248006 1.273012 1.297772 1.322254 1.346427 1.370264 1.393739 1.416831 1.439521 1.461793 1.483631 1.505021 1.525952 1.546410 1.566384 1.585861 1.604828 1.623273 1.641179 1.658530 1.675309 1.691495 1.707067 1.722004 1.736280 1.749870 1.762748 1.774886 1.786255 1.796829 1.806578 1.815477 1.823500 1.830613 1.836791 1.842017 1.846264 1.849512 1.851738 1.852926 1.853056 1.852115 1.850085 1.846954 1.842709 1.837341
0.8578651 0.8818368 0.9063632 0.9314135 0.9569518 0.9829380 1.009328 1.036073 1.063121 1.090419 1.117907 1.145528 1.173229 1.200953 1.228640 1.256238 1.283692 1.310956 1.337985 1.364735 1.391172 1.417262 1.442976 1.468289 1.493178 1.517626 1.541616 1.565133 1.588167 1.610705 1.632737 1.654251 1.675238 1.695685 1.715578 1.734903 1.753644 1.771780 1.789294 1.806160 1.822354 1.837850 1.852619 1.866631 1.879855 1.892260 1.903815 1.914486 1.924241 1.933048 1.940884 1.947722 1.953527 1.958275 1.961943 1.964508 1.965949 1.966246 1.965382 1.963341 1.960107 1.955665 1.950004
0.8887217 0.9145327 0.9409727 0.9680072 0.9955972 1.023697 1.052256 1.081220 1.110529 1.140121 1.169935 1.199902 1.229952 1.260019 1.290041 1.319955 1.349703 1.379230 1.408487 1.437427 1.466010 1.494201 1.521970 1.549290 1.576141 1.602503 1.628364 1.653709 1.678529 1.702815 1.726558 1.749749 1.772379 1.794436 1.815910 1.836785 1.857046 1.876672 1.895642 1.913931 1.931511 1.948354 1.964427 1.979697 1.994129 2.007687 2.020335 2.032037 2.042758 2.052467 2.061120 2.068687 2.075144 2.080459 2.084606 2.087559 2.089296 2.089793 2.089033 2.086996 2.083665 2.079025 2.073061
0.9214187 0.9492503 0.9777972 1.007021 1.036879 1.067319 1.098284 1.129711 1.161532 1.193674 1.226061 1.258615 1.291266 1.323936 1.356549 1.389032 1.421320 1.453350 1.485065 1.516417 1.547360 1.577857 1.607877 1.637394 1.666386 1.694837 1.722736 1.750070 1.776834 1.803020 1.828624 1.853639 1.878058 1.901872 1.925072 1.947642 1.969567 1.990827 2.011400 2.031257 2.050369 2.068703 2.086224 2.102892 2.118669 2.133512 2.147382 2.160236 2.172033 2.182729 2.192298 2.200700 2.207896 2.213856 2.218548 2.221947 2.224027 2.224764 2.224135 2.222122 2.218704 2.213865 2.207587
0.9560872 0.9861430 1.017015 1.048660 1.081030 1.114068 1.147708 1.181878 1.216498 1.251487 1.286758 1.322223 1.357785 1.393357 1.428854 1.464195 1.499301 1.534104 1.568540 1.602554 1.636096 1.669129 1.701618 1.733539 1.764872 1.795602 1.825721 1.855222 1.884100 1.912355 1.939983 1.966984 1.993352 2.019083 2.044167 2.068593 2.092345 2.115402 2.137739 2.159328 2.180136 2.200125 2.219255 2.237483 2.254761 2.271044 2.286284 2.300433 2.313447 2.325283 2.335887 2.345221 2.353252 2.359942 2.365258 2.369170 2.371649 2.372669 2.372208 2.370241 2.366749 2.361712 2.355110
0.9928694 1.025378 1.058820 1.093150 1.128312 1.164243 1.200866 1.238099 1.275851 1.314022 1.352509 1.391206 1.430015 1.468830 1.507548 1.546075 1.584320 1.622204 1.659656 1.696613 1.733024 1.768847 1.804049 1.838605 1.872497 1.905716 1.938256 1.970115 2.001296 2.031801 2.061633 2.090796 2.119289 2.147112 2.174258 2.200717 2.226475 2.251510 2.275797 2.299304 2.321993 2.343824 2.364749 2.384718 2.403679 2.421577 2.438357 2.453964 2.468341 2.481434 2.493206 2.503608 2.512588 2.520111 2.526139 2.530640 2.533582 2.534939 2.534683 2.532791 2.529241 2.524010 2.517077
1.031918 1.067137 1.103427 1.140740 1.179013 1.218173 1.258135 1.298801 1.340066 1.381814 1.423928 1.466284 1.508750 1.551206 1.593534 1.635624 1.677373 1.718689 1.759492 1.799711 1.839293 1.878191 1.916375 1.953820 1.990514 2.026450 2.061631 2.096059 2.129745 2.162698 2.194928 2.226446 2.257257 2.287364 2.316767 2.345456 2.373420 2.400637 2.427079 2.452713 2.477497 2.501382 2.524315 2.546238 2.567090 2.586807 2.605324 2.622577 2.638506 2.653055 2.666154 2.677752 2.687811 2.696281 2.703123 2.708300 2.711780 2.713532 2.713529 2.711746 2.708156 2.702737 2.695465
1.073397 1.111616 1.151070 1.191705 1.233453 1.276231 1.319940 1.364468 1.409688 1.455467 1.501656 1.548109 1.594687 1.641240 1.687627 1.733717 1.779389 1.824538 1.869072 1.912915 1.956007 1.998301 2.039766 2.080383 2.120143 2.159049 2.197109 2.234335 2.270747 2.306363 2.341204 2.375287 2.408625 2.441229 2.473102 2.504241 2.534635 2.564262 2.593095 2.621094 2.648214 2.674397 2.699585 2.723707 2.746691 2.768462 2.788946 2.808065 2.825744 2.841912 2.856515 2.869492 2.880780 2.890332 2.898104 2.904059 2.908161 2.910378 2.910682 2.909045 2.905441 2.899843 2.892227
1.117473 1.159019 1.201994 1.246340 1.291982 1.338825 1.386754 1.435640 1.485334 1.535676 1.586498 1.637623 1.688866 1.740054 1.791022 1.841617 1.891696 1.941139 1.989840 2.037714 2.084698 2.130745 2.175826 2.219926 2.263046 2.305195 2.346394 2.386668 2.426046 2.464560 2.502240 2.539116 2.575212 2.610545 2.645126 2.678958 2.712031 2.744327 2.775814 2.806451 2.836184 2.864949 2.892675 2.919280 2.944678 2.968781 2.991498 3.012741 3.032425 3.050472 3.066795 3.081327 3.094014 3.104801 3.113639 3.120487 3.125309 3.128070 3.128742 3.127296 3.123706 3.117943 3.109980
1.164328 1.209570 1.256472 1.304973 1.354990 1.406415 1.459116 1.512941 1.567713 1.623241 1.679314 1.735720 1.792253 1.848701 1.904861 1.960547 2.015595 2.069860 2.123226 2.175597 2.226906 2.277106 2.326173 2.374100 2.420900 2.466594 2.511215 2.554805 2.597409 2.639072 2.679841 2.719759 2.758862 2.797179 2.834731 2.871525 2.907559 2.942813 2.977256 3.010841 3.043507 3.075181 3.105776 3.135196 3.163339 3.190097 3.215364 3.239031 3.260993 3.281152 3.299436 3.315762 3.330054 3.342254 3.352312 3.360187 3.365838 3.369234 3.370345 3.369144 3.365601 3.359688 3.351376
1.214147 1.263504 1.314796 1.367960 1.422906 1.479514 1.537631 1.597075 1.657640 1.719092 1.781187 1.843665 1.906256 1.968704 2.030772 2.092238 2.152905 2.212605 2.271206 2.328602 2.384723 2.439525 2.492991 2.545126 2.595956 2.645520 2.693872 2.741069 2.787177 2.832262 2.876389 2.919616 2.961998 3.003579 3.044389 3.084446 3.123754 3.162295 3.200037 3.236927 3.272897 3.307859 3.341711 3.374337 3.405614 3.435412 3.463600 3.490050 3.514641 3.537264 3.557802 3.576167 3.592293 3.606111 3.617568 3.626619 3.633228 3.637362 3.638994 3.638095 3.634640 3.628598 3.619939
1.267123 1.321064 1.377272 1.435684 1.496203 1.558693 1.622979 1.688847 1.756046 1.824296 1.893288 1.962703 2.032231 2.101556 2.170379 2.238430 2.305476 2.371322 2.435813 2.498838 2.560321 2.620227 2.678550 2.735311 2.790554 2.844344 2.896756 2.947872 2.997784 3.046582 3.094354 3.141182 3.187139 3.232288 3.276674 3.320328 3.363261 3.405459 3.446892 3.487499 3.527202 3.565897 3.603461 3.639756 3.674629 3.707923 3.739477 3.769133 3.796740 3.822158 3.845285 3.866015 3.884249 3.899923 3.912983 3.923385 3.931095 3.936084 3.938326 3.937799 3.934477 3.928331 3.919329
1.323443 1.382501 1.444225 1.508555 1.575391 1.644581 1.715923 1.789165 1.864006 1.940102 2.017084 2.094557 2.172111 2.249358 2.325941 2.401530 2.475847 2.548662 2.619800 2.689139 2.756609 2.822180 2.885866 2.947711 3.007787 3.066185 3.123011 3.178381 3.232416 3.285238 3.336964 3.387702 3.437553 3.486600 3.534912 3.582533 3.629484 3.675762 3.721332 3.766131 3.810066 3.853016 3.894833 3.935345 3.974369 4.011705 4.047158 4.080532 4.111649 4.140349 4.166474 4.189906 4.210564 4.228368 4.243265 4.255214 4.264188 4.270163 4.273119 4.273040 4.269903 4.263682 4.254345
1.383296 1.448070 1.515991 1.587012 1.661028 1.737876 1.817323 1.899072 1.982757 2.067956 2.154198 2.240988 2.327841 2.414266 2.499809 2.584067 2.666702 2.747447 2.826103 2.902543 2.976699 3.048564 3.118173 3.185604 3.250963 3.314380 3.376000 3.435979 3.494477 3.551651 3.607657 3.662638 3.716725 3.770032 3.822651 3.874648 3.926060 3.976890 4.027111 4.076650 4.125402 4.173223 4.219932 4.265321 4.309159 4.351199 4.391193 4.428899 4.464088 4.496555 4.526150 4.552734 4.576187 4.596442 4.613444 4.627164 4.637584 4.644690 4.648475 4.648928 4.646034 4.639772 4.630110
1.446859 1.518019 1.592914 1.671509 1.753710 1.839340 1.928137 2.019747 2.113729 2.209560 2.306660 2.404404 2.502144 2.599269 2.695215 2.789489 2.881681 2.971478 3.058659 3.143093 3.224729 3.303583 3.379732 3.453294 3.524423 3.593297 3.660114 3.725075 3.788390 3.850263 3.910895 3.970470 4.029160 4.087114 4.144456 4.201280 4.257644 4.313565 4.369020 4.423935 4.478188 4.531608 4.583976 4.635034 4.684493 4.732042 4.777367 4.820159 4.860140 4.897068 4.930716 4.960929 4.987608 5.010676 5.030090 5.045834 5.057902 5.066303 5.071041 5.072119 5.069534 5.063268 5.053295
1.514288 1.592587 1.675330 1.762517 1.854068 1.949804 2.049430 2.152533 2.258573 2.366897 2.476757 2.587351 2.697881 2.807555 2.915654 3.021559 3.124775 3.224936 3.321803 3.415250 3.505253 3.591871 3.675233 3.755515 3.832934 3.907730 3.980164 4.050497 4.118999 4.185932 4.251549 4.316088 4.379768 4.442784 4.505301 4.567446 4.629309 4.690928 4.752287 4.813312 4.873868 4.933750 4.992697 5.050385 5.106452 5.160500 5.212124 5.260927 5.306546 5.348660 5.387045 5.421515 5.451932 5.478239 5.500411 5.518458 5.532401 5.542272 5.548099 5.549903 5.547694 5.541468 5.531199
1.585705 1.671976 1.763555 1.860493 1.962748 2.070146 2.182371 2.298938 2.419192 2.542311 2.667353 2.793274 2.918997 3.043505 3.165886 3.285367 3.401350 3.513412 3.621303 3.724918 3.824281 3.919515 4.010819 4.098453 4.182712 4.263916 4.342403 4.418512 4.492583 4.564946 4.635920 4.705807 4.774884 4.843402 4.911578 4.979584 5.047550 5.115542 5.183566 5.251551 5.319347 5.386720 5.453352 5.518844 5.582733 5.644510 5.703644 5.759621 5.811970 5.860301 5.904276 5.943687 5.978433 6.008462 6.033783 6.054444 6.070505 6.082035 6.089095 6.091731 6.089974 6.083830 6.073285
1.661188 1.756351 1.857869 1.965878 2.080398 2.201292 2.328231 2.460659 2.597779 2.738553 2.881734 3.025953 3.169822 3.311992 3.451268 3.586680 3.717504 3.843265 3.963718 4.078805 4.188628 4.293405 4.393438 4.489091 4.580764 4.668880 4.753870 4.836164 4.916189 4.994360 5.071072 5.146699 5.221595 5.296078 5.370426 5.444875 5.519603 5.594724 5.670271 5.746190 5.822324 5.898407 5.974061 6.048792 6.122014 6.193063 6.261240 6.325852 6.386266 6.441947 6.492535 6.537784 6.577559 6.611865 6.640767 6.664376 6.682815 6.696203 6.704647 6.708224 6.706994 6.700981 6.690179
1.740753 1.845803 1.958482 2.079048 2.207631 2.344168 2.488353 2.639567 2.796852 2.958886 3.124052 3.290505 3.456325 3.619715 3.779123 3.933325 4.081459 4.223013 4.357782 4.485800 4.607291 4.722611 4.832205 4.936575 5.036255 5.131792 5.223737 5.312629 5.398995 5.483348 5.566177 5.647946 5.729090 5.810012 5.891075 5.972582 6.054789 6.137864 6.221896 6.306857 6.392601 6.478837 6.565124 6.650861 6.735305 6.817590 6.896776 6.971923 7.042168 7.106811 7.165310 7.217391 7.262999 7.302200 7.335155 7.362068 7.383153 7.398601 7.408578 7.413208 7.412581 7.406746 7.395711
1.824327 1.940332 2.065500 2.200277 2.344966 2.499653 2.664110 2.837696 3.019270 3.207154 3.399158 3.592760 3.785356 3.974476 4.158047 4.334519 4.502895 4.662669 4.813736 4.956296 5.090762 5.217684 5.337706 5.451508 5.559793 5.663264 5.762609 5.858500 5.951586 6.042490 6.131810 6.220114 6.307937 6.395784 6.484111 6.573325 6.663764 6.755692 6.849264 6.944516 7.041328 7.139412 7.238266 7.337183 7.435229 7.531269 7.624035 7.712205 7.794544 7.870035 7.938045 7.998257 8.050638 8.095415 8.132915 8.163492 8.187488 8.205194 8.216848 8.222638 8.222690 8.217078 8.205831
1.911731 2.039806 2.178883 2.329674 2.492763 2.668487 2.856813 3.057160 3.268237 3.487914 3.713255 3.940702 4.166481 4.387149 4.599938 4.802921 4.994999 5.175766 5.345338 5.504183 5.653005 5.792632 5.923962 6.047911 6.165393 6.277293 6.384472 6.487749 6.587914 6.685720 6.781889 6.877108 6.972033 7.067281 7.163432 7.261007 7.360467 7.462191 7.566443 7.673354 7.782884 7.894767 8.008494 8.123251 8.237897 8.350971 8.460738 8.565310 8.662882 8.751968 8.831576 8.901370 8.961560 9.012618 9.055147 9.089726 9.116877 9.137019 9.150489 9.157533 9.158331 9.152988 9.141548
2.002662 2.143939 2.298395 2.467122 2.651115 2.851144 3.067561 3.300035 3.547228 3.806497 4.073771 4.343882 4.611331 4.871130 5.119506 5.354129 5.573936 5.778811 5.969281 6.146256 6.310854 6.464293 6.607801 6.742594 6.869835 6.990635 7.106050 7.217072 7.324649 7.429683 7.533035 7.635526 7.737949 7.841057 7.945571 8.052160 8.161430 8.273917 8.390042 8.510082 8.634127 8.762022 8.893301 9.027107 9.162126 9.296515 9.427920 9.553598 9.670730 9.776927 9.870806 9.952038 10.02115 10.07916 10.12713 10.16599 10.19650 10.21922 10.23462 10.24300 10.24461 10.23958 10.22796
2.096669 2.252249 2.423550 2.612174 2.819720 3.047635 3.296983 3.568048 3.859771 4.169058 4.490323 4.815731 5.136640 5.445611 5.737586 6.009969 6.262073 6.494440 6.708316 6.905286 7.087068 7.255386 7.411901 7.558181 7.695701 7.825828 7.949839 8.068925 8.184210 8.296760 8.407590 8.517673 8.627955 8.739347 8.852731 8.968946 9.088791 9.212992 9.342178 9.476850 9.617311 9.763615 9.915466 10.07210 10.23214 10.39341 10.55283 10.70641 10.84961 10.97836 11.09015 11.18477 11.26379 11.32922 11.38288 11.42619 11.46018 11.48560 11.50300 11.51280 11.51526 11.51056 11.49880
2.193155 2.364051 2.553575 2.763994 2.997735 3.257269 3.544859 3.862075 4.208889 4.582259 4.974514 5.373211 5.764118 6.135625 6.481107 6.798304 7.087657 7.351007 7.590771 7.809530 8.009809 8.193983 8.364241 8.522582 8.670829 8.810646 8.943559 9.070977 9.194219 9.314525 9.433083 9.551031 9.669482 9.789524 9.912220 10.03862 10.16973 10.30652 10.44990 10.60065 10.75941 10.92658 11.10222 11.28590 11.47645 11.67167 11.86785 12.05936 12.23871 12.39808 12.53268 12.64281 12.73221 12.80503 12.86433 12.91207 12.94957 12.97774 12.99721 13.00846 13.01181 13.00748 12.99558
2.291377 2.478446 2.687383 2.921278 3.183643 3.478369 3.809588 4.181210 4.595813 5.052095 5.540528 6.040234 6.525203 6.976748 7.387406 7.756992 8.088554 8.386193 8.654105 8.896230 9.116131 9.316981 9.501592 9.672455 9.831789 9.981582 10.12364 10.25959 10.39098 10.51922 10.64570 10.77172 10.89859 11.02757 11.15995 11.29697 11.43993 11.59006 11.74861 11.91673 12.09550 12.28583 12.48839 12.70341 12.93047 13.16799 13.41238 13.65666 13.88892 14.09319 14.25763 14.38406 14.48275 14.56201 14.62644 14.67840 14.71935 14.75025 14.77182 14.78455 14.78883 14.78489 14.77286
