T3-twomodels/model30.grd
DSAA
         100         100
  -15.00000       15.00000    
  -15.00000       15.00000    
  0.8343390       35.57096    
[rows 28 to 55 of 100, columns 0 to 62 of 100]
2.407396 2.618241 2.855046 3.121906 3.423723 3.766269 4.156364 4.601696 5.110108 5.686166 6.321512 6.980080 7.610388 8.182465 8.691851 9.144409 9.548244 9.911109 10.23983 10.54027 10.81741 11.07551 11.31822 11.54865 11.76946 11.98292 12.19095 12.39518 12.59695 12.79737 12.99737 13.19767 13.39884 13.60133 13.80546 14.01148 14.21950 14.42961 14.64176 14.85584 15.07161 15.28870 15.50652 15.72419 15.94031 16.15269 16.35765 16.54883 16.71538 16.84245 16.92443 16.97636 17.01456 17.04455 17.06737 17.08320 17.09224 17.09462 17.09051 17.07995 17.06297 17.03950 17.00942
2.493197 2.721473 2.979432 3.272160 3.606109 3.989063 4.431105 4.944652 5.545512 6.249569 7.058007 7.911036 8.706004 9.398619 9.995811 10.51424 10.96916 11.37278 11.73488 12.06330 12.36445 12.64366 12.90532 13.15319 13.39039 13.61961 13.84306 14.06266 14.27996 14.49631 14.71276 14.93023 15.14942 15.37096 15.59530 15.82289 16.05401 16.28899 16.52801 16.77133 17.01904 17.27128 17.52802 17.78917 18.05420 18.32204 18.59000 18.85149 19.08990 19.26874 19.36057 19.40337 19.43665 19.46549 19.48883 19.50540 19.51520 19.51801 19.51409 19.50334 19.48590 19.46157 19.43032
2.578160 2.823881 3.103047 3.421729 3.787972 4.211605 4.706114 5.288826 5.984175 6.820746 7.812081 8.872627 9.840838 10.65783 11.34456 11.92970 12.43614 12.88078 13.27638 13.63288 13.95809 14.25842 14.53903 14.80435 15.05792 15.30289 15.54175 15.77673 16.00957 16.24185 16.47477 16.70945 16.94669 17.18735 17.43196 17.68123 17.93556 18.19560 18.46172 18.73456 19.01458 19.30249 19.59883 19.90441 20.21973 20.54508 20.87916 21.21585 21.53325 21.77015 21.87136 21.90210 21.92937 21.95670 21.98049 21.99774 22.00831 22.01153 22.00782 21.99688 21.97899 21.95380 21.92141
2.662328 2.925198 3.225136 3.569199 3.966851 4.429847 4.974576 5.622559 6.404595 7.357315 8.498222 9.722941 10.83488 11.76218 12.53171 13.18007 13.73602 14.22042 14.64870 15.03269 15.38151 15.70261 16.00189 16.28439 16.55411 16.81460 17.06865 17.31877 17.56689 17.81484 18.06393 18.31548 18.57041 18.82974 19.09415 19.36449 19.64137 19.92560 20.21781 20.51890 20.82963 21.15111 21.48432 21.83060 22.19100 22.56634 22.95538 23.35050 23.72374 23.99920 24.11098 24.13849 24.16333 24.19036 24.21487 24.23298 24.24431 24.24799 24.24448 24.23338 24.21503 24.18903 24.15549
2.745351 3.024757 3.344620 3.712875 4.140182 4.639879 5.230537 5.936544 6.792234 7.837264 9.087905 10.42902 11.64807 12.66448 13.50525 14.21030 14.81185 15.33351 15.79280 16.20307 16.57464 16.91581 17.23320 17.53238 17.81780 18.09336 18.36217 18.62696 18.88990 19.15297 19.41765 19.68540 19.95728 20.23441 20.51761 20.80786 21.10588 21.41264 21.72890 22.05574 22.39409 22.74522 23.11028 23.49070 23.88752 24.30120 24.72962 25.16299 25.56934 25.86743 25.98954 26.02011 26.04616 26.07435 26.10005 26.11922 26.13136 26.13556 26.13224 26.12101 26.10221 26.07542 26.04075
2.826530 3.121609 3.460208 3.851008 4.305595 4.838502 5.469747 6.225385 7.141308 8.257705 9.588700 11.01333 12.31162 13.39788 14.29763 15.05167 15.69387 16.24950 16.73750 17.17242 17.56547 17.92574 18.26042 18.57557 18.87605 19.16607 19.44900 19.72783 20.00489 20.28233 20.56178 20.84480 21.13256 21.42630 21.72692 22.03546 22.35275 22.67982 23.01751 23.36696 23.72912 24.10528 24.49652 24.90411 25.32876 25.77039 26.22587 26.68398 27.11084 27.42364 27.55472 27.59023 27.61922 27.64947 27.67677 27.69716 27.71018 27.71491 27.71181 27.70045 27.68122 27.65366 27.61790
2.905081 3.214767 3.570687 3.982092 4.461264 5.023548 5.689852 6.487084 7.451653 8.623426 10.01481 11.50155 12.85976 14.00076 14.94866 15.74418 16.42182 17.00775 17.52185 17.97944 18.39248 18.77064 19.12161 19.45185 19.76657 20.07027 20.36656 20.65862 20.94895 21.23985 21.53306 21.83024 22.13265 22.44159 22.75800 23.08301 23.41746 23.76242 24.11873 24.48750 24.86965 25.26637 25.67859 26.10735 26.55299 27.01493 27.48941 27.96438 28.40525 28.72874 28.86727 28.90776 28.94015 28.97282 29.00191 29.02360 29.03753 29.04282 29.03992 29.02847 29.00881 28.98052 28.94370
2.980250 3.303371 3.675063 4.105007 4.605980 5.193850 5.890030 6.721808 7.725646 8.940909 10.37872 11.91288 13.31738 14.50169 15.48881 16.31910 17.02723 17.63980 18.17723 18.65540 19.08677 19.48146 19.84756 20.19188 20.51992 20.83640 21.14517 21.44955 21.75220 22.05554 22.36139 22.67150 22.98720 23.30982 23.64036 23.97994 24.32943 24.68987 25.06207 25.44711 25.84580 26.25923 26.68815 27.13337 27.59497 28.07200 28.56030 29.04746 29.49853 29.83010 29.97481 30.01986 30.05557 30.09069 30.12160 30.14461 30.15944 30.16528 30.16260 30.15104 30.13099 30.10199 30.06415
3.051409 3.386728 3.772600 4.219019 4.739096 5.349015 6.070464 6.930854 7.966531 9.216392 10.69070 12.26204 13.70303 14.92200 15.94116 16.80051 17.53465 18.17039 18.72844 19.22504 19.67301 20.08280 20.46281 20.82012 21.16046 21.48877 21.80903 22.12476 22.43871 22.75340 23.07073 23.39252 23.72013 24.05492 24.39792 24.75025 25.11274 25.48644 25.87210 26.27071 26.68303 27.11000 27.55224 28.01039 28.48431 28.97285 29.47162 29.96801 30.42694 30.76500 30.91482 30.96383 31.00257 31.04001 31.07264 31.09692 31.11262 31.11898 31.11651 31.10486 31.08442 31.05476 31.01595
3.118052 3.464329 3.862813 4.323724 4.860387 5.489180 6.231909 7.116001 8.177630 9.455314 10.95867 12.55950 14.02962 15.27659 16.32205 17.20565 17.96189 18.61764 19.19375 19.70670 20.16954 20.59297 20.98562 21.35477 21.70635 22.04546 22.37624 22.70230 23.02650 23.35144 23.67909 24.01131 24.34948 24.69500 25.04889 25.41226 25.78593 26.17090 26.56788 26.97780 27.40133 27.83932 28.29226 28.76068 29.24431 29.74184 30.24876 30.75236 31.21748 31.56070 31.71479 31.76725 31.80870 31.84823 31.88246 31.90792 31.92444 31.93128 31.92900 31.91727 31.89646 31.86616 31.82644
3.179807 3.535830 3.945432 4.418983 4.969946 5.614810 6.375422 7.279165 8.362060 9.662312 11.18913 12.81378 14.30747 15.57724 16.64437 17.54822 18.32319 18.99611 19.58793 20.11525 20.59129 21.02691 21.43092 21.81077 22.17251 22.52140 22.86168 23.19705 23.53047 23.86458 24.20141 24.54286 24.89032 25.24521 25.60855 25.98143 26.36465 26.75917 27.16565 27.58499 28.01775 28.46474 28.92637 29.40305 29.89443 30.39912 30.91254 31.42192 31.89209 32.23964 32.39729 32.45266 32.49647 32.53786 32.57354 32.60007 32.61733 32.62461 32.62251 32.61068 32.58953 32.55863 32.51805
3.236408 3.601017 4.020332 4.504827 5.068047 5.726531 6.502141 7.422198 8.522572 9.841240 11.38708 13.03099 14.54383 15.83229 16.91732 17.83809 18.62887 19.31646 19.92185 20.46170 20.94935 21.39577 21.80990 22.19930 22.57015 22.92779 23.27656 23.62025 23.96186 24.30410 24.64904 24.99858 25.35416 25.71718 26.08866 26.46968 26.86103 27.26361 27.67807 28.10523 28.54565 29.00003 29.46873 29.95212 30.44978 30.96026 31.47893 31.99299 32.46726 32.81831 32.97898 33.03687 33.08273 33.12576 33.16270 33.19019 33.20811 33.21579 33.21384 33.20192 33.18044 33.14899 33.10761
3.287683 3.659787 4.087518 4.581416 5.155077 5.825063 6.613222 7.546805 8.661577 9.995333 11.55674 13.21643 14.74497 16.04877 17.14861 18.08350 18.88759 19.58766 20.20469 20.75539 21.25315 21.70905 22.13209 22.52993 22.90884 23.27424 23.63053 23.98156 24.33040 24.67978 25.03180 25.38839 25.75100 26.12103 26.49948 26.88745 27.28567 27.69504 28.11618 28.54986 28.99660 29.45708 29.93159 30.42047 30.92324 31.43844 31.96141 32.47932 32.95700 33.31105 33.47424 33.53423 33.58185 33.62630 33.66437 33.69268 33.71119 33.71922 33.71738 33.70538 33.68359 33.65163 33.60952
3.333535 3.712116 4.147070 4.648981 5.231471 5.911113 6.709728 7.654516 8.781135 10.12725 11.70134 13.37387 14.91522 16.23164 17.34372 18.29035 19.10561 19.81622 20.44315 21.00315 21.50965 21.97376 22.40456 22.80978 23.19574 23.56793 23.93081 24.28826 24.64339 24.99898 25.35713 25.71980 26.08845 26.46446 26.84885 27.24269 27.64671 28.06178 28.48849 28.92759 29.37956 29.84505 30.32434 30.81772 31.32469 31.84376 32.37024 32.89132 33.37180 33.72826 33.89357 33.95539 34.00450 34.05018 34.08920 34.11825 34.13726 34.14559 34.14385 34.13176 34.10970 34.07726 34.03449
3.373921 3.758030 4.199118 4.707786 5.297681 5.985364 6.792639 7.746650 8.882985 10.23920 11.82368 13.50674 15.05858 16.38535 17.50750 18.46383 19.28838 20.00782 20.64312 21.21101 21.72495 22.19609 22.63358 23.04515 23.43721 23.81527 24.18382 24.54681 24.90736 25.26827 25.63168 25.99953 26.37330 26.75438 27.14378 27.54255 27.95141 28.37123 28.80256 29.24615 29.70243 30.17206 30.65526 31.15232 31.66272 32.18496 32.71433 33.23802 33.72084 34.07938 34.24646 34.30976 34.36014 34.40685 34.44670 34.47636 34.49580 34.50439 34.50274 34.49055 34.46825 34.43537 34.39201
3.408834 3.797594 4.243809 4.758105 5.354129 6.048438 6.862809 7.824353 8.968587 10.33300 11.92586 13.61737 15.17771 16.51286 17.64323 18.60753 19.43973 20.16648 20.80873 21.38321 21.90340 22.38049 22.82362 23.24059 23.63782 24.02086 24.39424 24.76193 25.12707 25.49247 25.86030 26.23252 26.61058 26.99590 27.38946 27.79232 28.20519 28.62892 29.06405 29.51131 29.97113 30.44411 30.93051 31.43057 31.94376 32.46858 33.00032 33.52612 34.01082 34.37101 34.53956 34.60413 34.65556 34.70314 34.74367 34.77385 34.79366 34.80245 34.80087 34.78860 34.76607 34.73283 34.68895
3.438290 3.830882 4.281305 4.800196 5.401205 6.100879 6.920977 7.888572 9.039142 10.41011 12.00970 13.70804 15.27519 16.61708 17.75405 18.72477 19.56317 20.29586 20.94378 21.52367 22.04902 22.53101 22.97881 23.40026 23.80177 24.18896 24.56635 24.93793 25.30688 25.67601 26.04749 26.42329 26.80488 27.19366 27.59063 27.99683 28.41296 28.83986 29.27806 29.72829 30.19094 30.66664 31.15561 31.65808 32.17352 32.70040 33.23404 33.76157 34.24781 34.60940 34.77913 34.84471 34.89700 34.94528 34.98638 35.01699 35.03710 35.04606 35.04452 35.03218 35.00945 34.97590 34.93157
3.462324 3.857980 4.311754 4.834295 5.439247 6.143153 6.967753 7.940093 9.095617 10.47171 12.07652 13.78013 15.35257 16.69973 17.84187 18.81764 19.66093 20.39832 21.05075 21.63496 22.16442 22.65033 23.10189 23.52693 23.93191 24.32242 24.70304 25.07776 25.44976 25.82188 26.19628 26.57496 26.95936 27.35091 27.75058 28.15942 28.57813 29.00754 29.44816 29.90072 30.36562 30.84345 31.33442 31.83878 32.35598 32.88449 33.41961 33.94848 34.43593 34.79856 34.96923 35.03563 35.08860 35.13746 35.17901 35.20996 35.23030 35.23940 35.23789 35.22549 35.20260 35.16878 35.12409
3.480966 3.878961 4.335288 4.860599 5.468537 6.175638 7.003630 7.979541 9.138783 10.51871 12.12747 13.83509 15.41152 16.76264 17.90868 18.88825 19.73522 20.47618 21.13203 21.71952 22.25211 22.74103 23.19546 23.62326 24.03089 24.42396 24.80706 25.18419 25.55853 25.93294 26.30958 26.69044 27.07700 27.47065 27.87237 28.28322 28.70388 29.13518 29.57764 30.03196 30.49854 30.97797 31.47046 31.97623 32.49476 33.02450 33.56074 34.09064 34.57902 34.94249 35.11386 35.18086 35.23436 35.28364 35.32553 35.35675 35.37727 35.38647 35.38498 35.37253 35.34951 35.31549 35.27051
3.494256 3.893896 4.352017 4.879271 5.489299 6.198632 7.028988 8.007386 9.169215 10.55182 12.16327 13.87362 15.45281 16.80667 17.95543 18.93765 19.78720 20.53066 21.18891 21.77870 22.31350 22.80454 23.26099 23.69074 24.10025 24.49513 24.87998 25.25880 25.63480 26.01082 26.38904 26.77145 27.15952 27.55464 27.95781 28.37007 28.79210 29.22472 29.66846 30.12401 30.59176 31.07231 31.56586 32.07262 32.59207 33.12266 33.65968 34.19028 34.67928 35.04329 35.21517 35.28262 35.33648 35.38606 35.42820 35.45960 35.48024 35.48951 35.48805 35.47555 35.45245 35.41827 35.37309
3.502218 3.902836 4.362023 4.890425 5.501691 6.212344 7.044100 8.023957 9.187318 10.57149 12.18457 13.89658 15.47742 16.83290 17.98326 18.96704 19.81812 20.56305 21.22272 21.81388 22.34999 22.84229 23.29996 23.73087 24.14149 24.53745 24.92334 25.30317 25.68016 26.05714 26.43630 26.81963 27.20859 27.60459 28.00862 28.42170 28.84454 29.27795 29.72244 30.17871 30.64717 31.12838 31.62255 32.12990 32.64989 33.18098 33.71847 34.24950 34.73890 35.10326 35.27544 35.34312 35.39720 35.44696 35.48924 35.52076 35.54147 35.55079 35.54932 35.53681 35.51364 35.47938 35.43407
3.504872 3.905813 4.365353 4.894137 5.505814 6.216902 7.049119 8.029465 9.193324 10.57802 12.19161 13.90412 15.48549 16.84151 17.99238 18.97669 19.82828 20.57369 21.23384 21.82545 22.36200 22.85471 23.31278 23.74407 24.15507 24.55138 24.93762 25.31779 25.69511 26.07240 26.45187 26.83551 27.22476 27.62106 28.02537 28.43874 28.86184 29.29550 29.74025 30.19676 30.66545 31.14687 31.64124 32.14880 32.66897 33.20023 33.73787 34.26903 34.75853 35.12298 35.29525 35.36304 35.41719 35.46702 35.50934 35.54088 35.56163 35.57096 35.56950 35.55698 35.53379 35.49950 35.45415
3.502218 3.902837 4.362022 4.890426 5.501692 6.212345 7.044101 8.023959 9.187318 10.57149 12.18457 13.89658 15.47742 16.83290 17.98325 18.96704 19.81812 20.56305 21.22272 21.81388 22.34999 22.84229 23.29996 23.73086 24.14149 24.53745 24.92334 25.30317 25.68016 26.05714 26.43630 26.81963 27.20859 27.60459 28.00861 28.42170 28.84454 29.27795 29.72244 30.17872 30.64717 31.12837 31.62254 32.12989 32.64989 33.18098 33.71847 34.24950 34.73890 35.10326 35.27544 35.34312 35.39720 35.44697 35.48924 35.52076 35.54147 35.55079 35.54932 35.53681 35.51364 35.47938 35.43407
3.494257 3.893896 4.352016 4.879273 5.489300 6.198633 7.028989 8.007385 9.169213 10.55181 12.16327 13.87362 15.45281 16.80667 17.95543 18.93765 19.78720 20.53066 21.18891 21.77870 22.31350 22.80453 23.26099 23.69074 24.10025 24.49513 24.87998 25.25880 25.63480 26.01082 26.38904 26.77145 27.15952 27.55464 27.95781 28.37007 28.79210 29.22472 29.66845 30.12400 30.59176 31.07231 31.56585 32.07262 32.59207 33.12265 33.65968 34.19028 34.67928 35.04329 35.21517 35.28262 35.33648 35.38606 35.42820 35.45960 35.48024 35.48951 35.48804 35.47555 35.45244 35.41827 35.37309
3.480967 3.878960 4.335287 4.860600 5.468536 6.175638 7.003629 7.979538 9.138781 10.51871 12.12746 13.83509 15.41152 16.76263 17.90868 18.88825 19.73522 20.47618 21.13203 21.71951 22.25211 22.74103 23.19546 23.62326 24.03089 24.42396 24.80706 25.18419 25.55853 25.93293 26.30957 26.69044 27.07700 27.47064 27.87237 28.28322 28.70387 29.13517 29.57764 30.03196 30.49854 30.97796 31.47045 31.97623 32.49475 33.02449 33.56073 34.09063 34.57901 34.94247 35.11385 35.18086 35.23435 35.28363 35.32553 35.35674 35.37727 35.38646 35.38498 35.37253 35.34951 35.31549 35.27050
3.462323 3.857978 4.311754 4.834296 5.439247 6.143152 6.967751 7.940093 9.095617 10.47171 12.07651 13.78013 15.35257 16.69972 17.84187 18.81764 19.66092 20.39832 21.05075 21.63495 22.16441 22.65033 23.10188 23.52693 23.93190 24.32242 24.70304 25.07775 25.44976 25.82188 26.19628 26.57495 26.95936 27.35091 27.75058 28.15942 28.57813 29.00754 29.44816 29.90072 30.36562 30.84344 31.33442 31.83877 32.35598 32.88449 33.41961 33.94848 34.43593 34.79855 34.96922 35.03563 35.08860 35.13745 35.17900 35.20996 35.23029 35.23940 35.23789 35.22549 35.20259 35.16878 35.12408
3.438289 3.830883 4.281306 4.800196 5.401203 6.100878 6.920976 7.888569 9.039141 10.41011 12.00969 13.70804 15.27518 16.61707 17.75405 18.72476 19.56316 20.29585 20.94378 21.52367 22.04901 22.53100 22.97881 23.40025 23.80177 24.18895 24.56635 24.93793 25.30687 25.67600 26.04748 26.42329 26.80487 27.19366 27.59063 27.99682 28.41295 28.83986 29.27806 29.72828 30.19094 30.66664 31.15561 31.65807 32.17351 32.70040 33.23403 33.76156 34.24781 34.60939 34.77912 34.84470 34.89698 34.94528 34.98637 35.01699 35.03709 35.04605 35.04451 35.03218 35.00945 34.97589 34.93157
3.408832 3.797593 4.243808 4.758104 5.354128 6.048437 6.862809 7.824350 8.968586 10.33300 11.92585 13.61737 15.17770 16.51286 17.64323 18.60752 19.43973 20.16648 20.80873 21.38321 21.90340 22.38049 22.82362 23.24059 23.63782 24.02085 24.39424 24.76192 25.12707 25.49247 25.86030 26.23252 26.61058 26.99589 27.38946 27.79232 28.20519 28.62892 29.06404 29.51130 29.97113 30.44411 30.93051 31.43057 31.94376 32.46858 33.00031 33.52612 34.01082 34.37101 34.53956 34.60413 34.65555 34.70313 34.74366 34.77385 34.79366 34.80245 34.80086 34.78860 34.76607 34.73283 34.68895
