T3-twomodels/model30.grd
DSAA
         100         100
  -15.00000       15.00000    
  -15.00000       15.00000    
   2.137857       35.94473    
[rows 28 to 55 of 100, columns 0 to 62 of 100]
3.584177 3.771648 3.986281 4.231841 4.512726 4.833955 5.201037 5.619351 6.092326 6.616648 7.174078 7.730219 8.253007 8.727871 9.153532 9.534205 9.875569 10.18328 10.46249 10.71777 10.95308 11.17190 11.37725 11.57173 11.75764 11.93696 12.11141 12.28246 12.45137 12.61922 12.78689 12.95511 13.12447 13.29541 13.46828 13.64328 13.82057 14.00019 14.18209 14.36615 14.55215 14.73975 14.92851 15.11776 15.30660 15.49378 15.67744 15.85488 16.02206 16.17339 16.30304 16.40850 16.49183 16.55682 16.60691 16.64462 16.67178 16.68966 16.69915 16.70087 16.69524 16.68249 16.66272
3.659357 3.865096 4.102155 4.375446 4.691080 5.056404 5.480550 5.974196 6.548664 7.208928 7.932117 8.650108 9.301950 9.873092 10.37087 10.80699 11.19198 11.53490 11.84306 12.12269 12.37884 12.61594 12.83758 13.04697 13.24676 13.43933 13.62664 13.81045 13.99218 14.17313 14.35431 14.53663 14.72075 14.90730 15.09670 15.28933 15.48545 15.68526 15.88887 16.09637 16.30775 16.52296 16.74185 16.96416 17.18944 17.41696 17.64536 17.87220 18.09252 18.29664 18.46991 18.60442 18.70561 18.78195 18.83962 18.88257 18.91342 18.93386 18.94508 18.94784 18.94269 18.92989 18.90962
3.732982 3.957211 4.217073 4.518619 4.869879 5.280684 5.764421 6.338113 7.024049 7.841857 8.768415 9.683395 10.48280 11.15882 11.73279 12.22664 12.65647 13.03542 13.37298 13.67734 13.95454 14.21009 14.44813 14.67254 14.88628 15.09219 15.29242 15.48908 15.68371 15.87788 16.07267 16.26922 16.46828 16.67065 16.87682 17.08740 17.30269 17.52315 17.74901 17.98064 18.21824 18.46215 18.71256 18.96983 19.23406 19.50547 19.78367 20.06743 20.35204 20.62375 20.85352 21.02316 21.14435 21.23280 21.29841 21.34675 21.38140 21.40444 21.41745 21.42126 21.41661 21.40376 21.38302
3.806104 4.048680 4.331138 4.660656 5.047105 5.502734 6.044886 6.696461 7.489252 8.454349 9.565942 10.66083 11.59907 12.37599 13.02428 13.57478 14.04885 14.46340 14.83010 15.15894 15.45704 15.73090 15.98522 16.22454 16.45213 16.67128 16.88434 17.09375 17.30118 17.50846 17.71676 17.92743 18.14129 18.35934 18.58214 18.81046 19.04473 19.28559 19.53343 19.78885 20.05225 20.32435 20.60564 20.89698 21.19902 21.51269 21.83836 22.17553 22.51910 22.85116 23.13105 23.33288 23.47307 23.57328 23.64666 23.70033 23.73873 23.76436 23.77912 23.78398 23.77983 23.76695 23.74574
3.879406 4.139822 4.444107 4.800548 5.220529 5.718413 6.314557 7.036061 7.920063 9.001630 10.24897 11.47725 12.52731 13.39145 14.10706 14.71019 15.22618 15.67475 16.06959 16.42215 16.74061 17.03232 17.30260 17.55649 17.79767 18.02978 18.25543 18.47730 18.69727 18.91734 19.13883 19.36323 19.59149 19.82472 20.06360 20.30903 20.56155 20.82192 21.09067 21.36858 21.65623 21.95453 22.26421 22.58638 22.92195 23.27210 23.63725 24.01661 24.40366 24.77706 25.09098 25.31683 25.47281 25.58350 25.66405 25.72274 25.76471 25.79286 25.80931 25.81520 25.81153 25.79862 25.77694
3.952636 4.230035 4.554962 4.936610 5.387584 5.923819 6.567690 7.348673 8.306074 9.475133 10.81926 12.14331 13.27864 14.21395 14.98746 15.63752 16.19180 16.67200 17.09332 17.46841 17.80634 18.11520 18.40085 18.66882 18.92315 19.16780 19.40562 19.63953 19.87159 20.10396 20.33811 20.57566 20.81764 21.06530 21.31940 21.58092 21.85049 22.12899 22.41702 22.71545 23.02497 23.34657 23.68106 24.02961 24.39312 24.77262 25.16823 25.57846 25.99556 26.39635 26.73303 26.97614 27.14457 27.26411 27.35101 27.41429 27.45957 27.49006 27.50811 27.51497 27.51175 27.49881 27.47665
4.025037 4.318320 4.662362 5.067092 5.545998 6.116082 6.800926 7.631126 8.646557 9.881548 11.29625 12.69047 13.89073 14.88298 15.70491 16.39562 16.98400 17.49291 17.93865 18.33473 18.69099 19.01606 19.31634 19.59774 19.86463 20.12125 20.37070 20.61610 20.85966 21.10370 21.34982 21.59974 21.85459 22.11569 22.38388 22.66022 22.94539 23.24032 23.54565 23.86230 24.19096 24.53264 24.88812 25.25848 25.64448 26.04692 26.46551 26.89816 27.33636 27.75599 28.10856 28.36437 28.54254 28.66941 28.76178 28.82915 28.87742 28.91006 28.92959 28.93735 28.93453 28.92154 28.89891
4.095703 4.403600 4.765048 5.190523 5.694123 6.293531 7.012967 7.883463 8.944834 10.23046 11.69849 13.14586 14.39633 15.43406 16.29601 17.02138 17.63953 18.17406 18.64192 19.05727 19.43049 19.77071 20.08472 20.37877 20.65751 20.92545 21.18587 21.44208 21.69645 21.95142 22.20870 22.47009 22.73681 23.01025 23.29130 23.58104 23.88021 24.18974 24.51029 24.84278 25.18786 25.54650 25.91940 26.30753 26.71145 27.13172 27.56775 28.01704 28.47062 28.90400 29.26833 29.53380 29.71971 29.85262 29.94967 30.02058 30.07153 30.10611 30.12696 30.13554 30.13307 30.12001 30.09691
4.163780 4.484932 4.862012 5.305863 5.831003 6.455506 7.203893 8.107322 9.205321 10.53051 12.03966 13.52810 14.81799 15.89225 16.78718 17.54181 18.18570 18.74275 19.23038 19.66317 20.05192 20.40610 20.73284 21.03866 21.32847 21.60696 21.87763 22.14391 22.40832 22.67340 22.94094 23.21284 23.49039 23.77499 24.06759 24.36930 24.68085 25.00319 25.33695 25.68302 26.04203 26.41485 26.80211 27.20463 27.62283 28.05708 28.50655 28.96850 29.43370 29.87742 30.25071 30.52374 30.71585 30.85376 30.95476 31.02875 31.08204 31.11834 31.14039 31.14969 31.14751 31.13437 31.11080
4.228528 4.561570 4.952513 5.412462 5.956203 6.602015 7.374562 8.304940 9.432406 10.78898 12.33060 13.85150 15.17280 16.27663 17.19876 17.97799 18.64392 19.22061 19.72572 20.17413 20.57690 20.94382 21.28222 21.59888 21.89890 22.18715 22.46728 22.74284 23.01646 23.29079 23.56769 23.84912 24.13640 24.43100 24.73387 25.04613 25.36852 25.70197 26.04709 26.40473 26.77546 27.16009 27.55915 27.97336 28.40302 28.84836 29.30837 29.78018 30.25441 30.70624 31.08661 31.36568 31.56284 31.70491 31.80925 31.88589 31.94122 31.97904 32.00212 32.01204 32.01011 31.99686 31.97283
4.289364 4.632953 5.036076 5.510012 6.069692 6.733523 7.526189 8.478696 9.630031 11.01179 12.57927 14.12607 15.47265 16.60055 17.54516 18.34506 19.02977 19.62345 20.14388 20.60613 21.02146 21.39985 21.74884 22.07538 22.38473 22.68190 22.97066 23.25468 23.53668 23.81939 24.10473 24.39470 24.69067 24.99413 25.30605 25.62754 25.95934 26.30236 26.65718 27.02463 27.40520 27.79964 28.20842 28.63218 29.07110 29.52533 29.99375 30.47339 30.95478 31.41303 31.79906 32.08302 32.28433 32.42986 32.53703 32.61594 32.67303 32.71215 32.73615 32.74661 32.74488 32.73148 32.70700
4.345833 4.698698 5.112422 5.598413 6.171689 6.850706 7.660111 8.630826 9.801625 11.20377 12.79217 14.35993 15.72704 16.87466 17.83787 18.65509 19.35576 19.96404 20.49780 20.97221 21.39868 21.78732 22.14582 22.48127 22.79905 23.10428 23.40085 23.69251 23.98206 24.27228 24.56515 24.86272 25.16637 25.47763 25.79744 26.12695 26.46687 26.81809 27.18117 27.55688 27.94570 28.34832 28.76512 29.19670 29.64317 30.10460 30.57980 31.06574 31.55292 32.01637 32.40702 32.69500 32.89976 33.04818 33.15775 33.23859 33.29718 33.33744 33.36221 33.37313 33.37154 33.35801 33.33310
4.397604 4.758545 5.181431 5.677742 6.262543 6.954306 7.777642 8.763369 9.950086 11.36882 12.97416 14.55892 15.94277 17.10659 18.08522 18.91695 19.63111 20.25189 20.79716 21.28216 21.71841 22.11612 22.48307 22.82646 23.15178 23.46424 23.76779 24.06628 24.36255 24.65945 24.95899 25.26325 25.57363 25.89168 26.21835 26.55478 26.90165 27.25987 27.62994 28.01262 28.40833 28.81774 29.24119 29.67920 30.13186 30.59916 31.07989 31.57096 32.06282 32.53052 32.92493 33.21624 33.42384 33.57470 33.68628 33.76876 33.82864 33.86987 33.89531 33.90660 33.90512 33.89144 33.86612
4.444456 4.812362 5.243100 5.748186 6.342705 7.045129 7.880025 8.878119 10.07788 11.51015 13.12934 14.72799 16.12555 17.30269 18.29410 19.13793 19.86347 20.49486 21.04999 21.54416 21.98891 22.39454 22.76893 23.11933 23.45131 23.77016 24.07990 24.38442 24.68662 24.98938 25.29476 25.60486 25.92110 26.24502 26.57759 26.91994 27.27274 27.63688 28.01286 28.40137 28.80285 29.21791 29.64685 30.09017 30.54790 31.02002 31.50527 32.00054 32.49625 32.96744 33.36497 33.65900 33.86900 34.02188 34.13517 34.21903 34.28001 34.32206 34.34805 34.35966 34.35826 34.34442 34.31870
4.486225 4.860084 5.297482 5.809963 6.412622 7.123911 7.968356 8.976619 10.18705 11.63037 13.26081 14.87076 16.27952 17.46759 18.46954 19.32344 20.05850 20.69883 21.26234 21.76433 22.21640 22.62890 23.00974 23.36625 23.70405 24.02849 24.34363 24.65341 24.96078 25.26864 25.57908 25.89421 26.21548 26.54442 26.88202 27.22940 27.58722 27.95635 28.33727 28.73067 29.13693 29.55667 29.99014 30.43783 30.89973 31.37580 31.86475 32.36345 32.86231 33.33635 33.73644 34.03275 34.24471 34.39929 34.51400 34.59903 34.66093 34.70366 34.73013 34.74199 34.74064 34.72664 34.70056
4.522820 4.901699 5.344683 5.863331 6.472740 7.191341 8.043624 9.060185 10.27931 11.73160 13.37120 14.99034 16.40821 17.60521 18.61582 19.47801 20.22096 20.86876 21.43930 21.94791 22.40619 22.82454 23.21090 23.57265 23.91545 24.24469 24.56448 24.87879 25.19059 25.50281 25.81757 26.13699 26.46253 26.79573 27.13757 27.48916 27.85118 28.22447 28.60949 29.00693 29.41715 29.84074 30.27794 30.72920 31.19451 31.67380 32.16576 32.66727 33.16871 33.64509 34.04729 34.34546 34.55906 34.71504 34.83093 34.91693 34.97960 35.02290 35.04975 35.06182 35.06049 35.04634 35.01994
4.554198 4.937237 5.384830 5.908543 6.523467 7.248017 8.106653 9.129922 10.35605 11.81555 13.46248 15.08900 16.51421 17.71842 18.73603 19.60498 20.35439 21.00833 21.58469 22.09878 22.56224 22.98548 23.37648 23.74264 24.08966 24.42296 24.74666 25.06479 25.38032 25.69621 26.01459 26.33760 26.66670 27.00344 27.34879 27.70387 28.06935 28.44605 28.83444 29.23518 29.64863 30.07534 30.51556 30.96972 31.43779 31.91968 32.41409 32.91787 33.42139 33.89966 34.30356 34.60324 34.81817 34.97529 35.09215 35.17894 35.24224 35.28601 35.31317 35.32540 35.32408 35.30980 35.28310
4.580332 4.966736 5.418048 5.945829 6.565168 7.294462 8.158150 9.186734 10.41839 11.88360 13.53633 15.16870 16.59972 17.80965 18.83284 19.70717 20.46175 21.12063 21.70168 22.22021 22.68789 23.11512 23.50991 23.87969 24.23017 24.56680 24.89373 25.21498 25.53357 25.85248 26.17382 26.49975 26.83175 27.17136 27.51956 27.87745 28.24572 28.62517 29.01626 29.41964 29.83566 30.26487 30.70750 31.16396 31.63422 32.11819 32.61454 33.12011 33.62528 34.10506 34.51033 34.81123 35.02721 35.18526 35.30288 35.39030 35.45411 35.49825 35.52567 35.53801 35.53669 35.52229 35.49535
4.601225 4.990258 5.444462 5.975399 6.598155 7.331110 8.198680 9.231350 10.46725 11.93683 13.59399 15.23083 16.66630 17.88062 18.90809 19.78659 20.54518 21.20789 21.79259 22.31461 22.78559 23.21596 23.61374 23.98637 24.33958 24.67884 25.00832 25.33205 25.65306 25.97433 26.29800 26.62623 26.96050 27.30236 27.65279 28.01288 28.38331 28.76489 29.15808 29.56351 29.98152 30.41266 30.85713 31.31537 31.78732 32.27288 32.77072 33.27767 33.78413 34.26507 34.67138 34.97320 35.19001 35.34875 35.46699 35.55491 35.61910 35.66352 35.69114 35.70358 35.70226 35.68774 35.66061
4.616883 5.007852 5.464176 5.997427 6.622677 7.358302 8.228700 9.264337 10.50332 11.97606 13.63646 15.27654 16.71523 17.93275 18.96335 19.84488 20.60640 21.27192 21.85931 22.38389 22.85731 23.29000 23.68999 24.06474 24.41998 24.76119 25.09256 25.41812 25.74092 26.06396 26.38935 26.71929 27.05523 27.39875 27.75081 28.11253 28.48454 28.86769 29.26241 29.66934 30.08881 30.52135 30.96718 31.42671 31.89989 32.38660 32.88552 33.39349 33.90087 34.38266 34.78974 35.09225 35.30965 35.46892 35.58759 35.67587 35.74034 35.78498 35.81273 35.82524 35.82391 35.80932 35.78202
4.627314 5.019548 5.477271 6.012036 6.638916 7.376285 8.248530 9.286098 10.52709 12.00189 13.66438 15.30657 16.74737 17.96697 18.99961 19.88312 20.64656 21.31392 21.90308 22.42934 22.90436 23.33859 23.74004 24.11619 24.47278 24.81528 25.14790 25.47468 25.79866 26.12285 26.44939 26.78045 27.11750 27.46211 27.81525 28.17803 28.55109 28.93527 29.33099 29.73889 30.15931 30.59277 31.03949 31.49986 31.97384 32.46131 32.96095 33.46957 33.97755 34.45990 34.86747 35.17042 35.38823 35.54783 35.66678 35.75530 35.81997 35.86475 35.89258 35.90512 35.90379 35.88915 35.86175
4.632526 5.025393 5.483807 6.019318 6.647006 7.385237 8.258394 9.296918 10.53889 12.01471 13.67824 15.32147 16.76331 17.98393 19.01758 19.90207 20.66646 21.33474 21.92477 22.45186 22.92768 23.36267 23.76485 24.14169 24.49895 24.84210 25.17534 25.50272 25.82730 26.15206 26.47917 26.81079 27.14839 27.49354 27.84721 28.21052 28.58410 28.96878 29.36500 29.77339 30.19428 30.62819 31.07535 31.53614 32.01051 32.49836 32.99834 33.50728 34.01558 34.49819 34.90601 35.20919 35.42718 35.58695 35.70605 35.79469 35.85944 35.90429 35.93216 35.94473 35.94340 35.92872 35.90128
4.632522 5.025390 5.483801 6.019314 6.647006 7.385235 8.258392 9.296912 10.53889 12.01471 13.67824 15.32147 16.76331 17.98393 19.01758 19.90207 20.66646 21.33474 21.92476 22.45186 22.92768 23.36267 23.76485 24.14169 24.49895 24.84210 25.17533 25.50272 25.82730 26.15206 26.47916 26.81078 27.14839 27.49354 27.84721 28.21051 28.58410 28.96878 29.36500 29.77339 30.19428 30.62819 31.07535 31.53614 32.01051 32.49836 32.99833 33.50728 34.01557 34.49819 34.90601 35.20918 35.42717 35.58695 35.70605 35.79469 35.85944 35.90429 35.93216 35.94473 35.94339 35.92872 35.90128
4.627317 5.019550 5.477273 6.012036 6.638918 7.376287 8.248533 9.286101 10.52709 12.00189 13.66438 15.30657 16.74738 17.96697 18.99961 19.88312 20.64656 21.31393 21.90308 22.42934 22.90436 23.33859 23.74004 24.11619 24.47278 24.81528 25.14790 25.47468 25.79867 26.12285 26.44939 26.78045 27.11751 27.46211 27.81525 28.17803 28.55109 28.93527 29.33099 29.73890 30.15931 30.59277 31.03949 31.49986 31.97385 32.46131 32.96095 33.46957 33.97755 34.45990 34.86747 35.17043 35.38823 35.54783 35.66679 35.75530 35.81997 35.86475 35.89258 35.90512 35.90379 35.88915 35.86175
4.616884 5.007849 5.464177 5.997427 6.622677 7.358303 8.228700 9.264334 10.50332 11.97606 13.63646 15.27654 16.71523 17.93275 18.96335 19.84488 20.60640 21.27192 21.85931 22.38389 22.85731 23.29000 23.68999 24.06474 24.41998 24.76119 25.09256 25.41812 25.74092 26.06395 26.38935 26.71929 27.05523 27.39875 27.75081 28.11253 28.48454 28.86769 29.26241 29.66934 30.08880 30.52135 30.96718 31.42671 31.89989 32.38660 32.88552 33.39348 33.90087 34.38266 34.78974 35.09225 35.30965 35.46892 35.58759 35.67587 35.74034 35.78498 35.81273 35.82523 35.82391 35.80932 35.78202
4.601227 4.990263 5.444464 5.975399 6.598159 7.331110 8.198683 9.231352 10.46725 11.93683 13.59400 15.23083 16.66630 17.88062 18.90809 19.78659 20.54518 21.20789 21.79259 22.31461 22.78559 23.21596 23.61374 23.98637 24.33959 24.67885 25.00832 25.33205 25.65306 25.97433 26.29800 26.62623 26.96050 27.30236 27.65279 28.01288 28.38331 28.76489 29.15808 29.56351 29.98152 30.41266 30.85714 31.31538 31.78732 32.27288 32.77072 33.27767 33.78413 34.26507 34.67138 34.97320 35.19001 35.34876 35.46699 35.55491 35.61911 35.66353 35.69114 35.70358 35.70226 35.68774 35.66061
4.580335 4.966737 5.418047 5.945828 6.565169 7.294462 8.158150 9.186732 10.41839 11.88360 13.53634 15.16870 16.59972 17.80965 18.83283 19.70717 20.46175 21.12063 21.70168 22.22021 22.68789 23.11512 23.50991 23.87969 24.23018 24.56680 24.89373 25.21498 25.53358 25.85248 26.17382 26.49975 26.83175 27.17136 27.51956 27.87745 28.24572 28.62517 29.01625 29.41964 29.83566 30.26487 30.70750 31.16396 31.63422 32.11818 32.61454 33.12010 33.62528 34.10506 34.51033 34.81122 35.02721 35.18525 35.30288 35.39030 35.45411 35.49825 35.52567 35.53801 35.53670 35.52229 35.49535
4.554198 4.937237 5.384830 5.908545 6.523468 7.248019 8.106653 9.129926 10.35605 11.81555 13.46248 15.08900 16.51421 17.71842 18.73604 19.60498 20.35439 21.00833 21.58469 22.09878 22.56224 22.98548 23.37648 23.74264 24.08966 24.42296 24.74666 25.06479 25.38032 25.69621 26.01460 26.33760 26.66670 27.00344 27.34879 27.70387 28.06935 28.44605 28.83444 29.23518 29.64863 30.07534 30.51556 30.96972 31.43779 31.91968 32.41409 32.91787 33.42139 33.89966 34.30356 34.60324 34.81817 34.97529 35.09214 35.17894 35.24224 35.28601 35.31317 35.32540 35.32408 35.30979 35.28310
