T3-twomodels/model90.grd
DSAA
         100         100
  -15.00000       15.00000    
  -15.00000       15.00000    
   1.698129       35.65298    
[rows 56 to 83 of 100, columns 0 to 62 of 100]
4.890735 5.259645 5.691700 6.198348 6.794580 7.498688 8.335038 9.334044 10.53382 11.96476 13.58077 15.17383 16.56285 17.72787 18.70303 19.52589 20.22519 20.82453 21.34127 21.79016 22.18224 22.52724 22.83253 23.10483 23.34925 23.57063 23.77265 23.95892 24.13226 24.29553 24.45101 24.60114 24.74795 24.89373 25.04050 25.19063 25.34638 25.51048 25.68572 25.87553 26.08368 26.31481 26.57433 26.86900 27.20702 27.59900 28.05819 28.60184 29.24885 30.00647 30.81860 31.56924 32.20222 32.72466 33.15527 33.51099 33.80482 34.04683 34.24480 34.40480 34.53160 34.62888 34.69956
4.844079 5.208095 5.634708 6.135347 6.725002 7.421993 8.250729 9.241680 10.43304 11.85531 13.46252 15.04677 16.42710 17.58368 18.55074 19.36591 20.05799 20.65061 21.16116 21.60435 21.99124 22.33151 22.63251 22.90090 23.14177 23.35990 23.55895 23.74248 23.91326 24.07412 24.22732 24.37525 24.51991 24.66357 24.80821 24.95616 25.10967 25.27142 25.44419 25.63138 25.83673 26.06487 26.32118 26.61243 26.94681 27.33494 27.79010 28.32957 28.97229 29.72556 30.53336 31.27974 31.90860 32.42710 32.85404 33.20637 33.49710 33.73635 33.93192 34.08983 34.21490 34.31077 34.38039
4.790376 5.148580 5.568692 6.062108 6.643829 7.332172 8.151604 9.132667 10.31367 11.72525 13.32160 14.89499 16.26463 17.41082 18.36795 19.17375 19.85709 20.44162 20.94475 21.38119 21.76194 22.09665 22.39262 22.65648 22.89323 23.10761 23.30323 23.48361 23.65147 23.80960 23.96018 24.10560 24.24782 24.38905 24.53125 24.67669 24.82762 24.98666 25.15656 25.34069 25.54276 25.76736 26.01987 26.30702 26.63702 27.02048 27.47071 28.00504 28.64247 29.39039 30.19282 30.93394 31.55770 32.07137 32.49378 32.84195 33.12893 33.36483 33.55747 33.71288 33.83587 33.93006 33.99840
4.729538 5.080934 5.493369 5.978209 6.550431 7.228362 8.036510 9.005517 10.17382 11.57225 13.15520 14.71519 16.07167 17.20517 18.15022 18.94469 19.61754 20.19243 20.68679 21.11529 21.48887 21.81715 22.10733 22.36598 22.59803 22.80817 22.99991 23.17673 23.34130 23.49634 23.64401 23.78662 23.92608 24.06458 24.20403 24.34666 24.49466 24.65061 24.81724 24.99784 25.19611 25.41659 25.66462 25.94691 26.27167 26.64952 27.09378 27.62185 28.25279 28.99410 29.78990 30.52451 31.14200 31.64973 32.06662 32.40973 32.69217 32.92405 33.11320 33.26564 33.38617 33.47837 33.54519
4.661511 5.005003 5.408469 5.883205 6.444139 7.109595 7.904122 8.858457 10.01123 11.39350 12.95998 14.50353 15.84387 16.96186 17.89226 18.67310 19.33342 19.89691 20.38098 20.80024 21.16557 21.48647 21.77005 22.02281 22.24958 22.45494 22.64237 22.81524 22.97615 23.12777 23.27221 23.41170 23.54813 23.68361 23.82000 23.95949 24.10422 24.25671 24.41963 24.59623 24.79013 25.00585 25.24867 25.52527 25.84381 26.21492 26.65198 27.17241 27.79541 28.52858 29.31625 30.04285 30.65263 31.15308 31.56324 31.90025 32.17723 32.40433 32.58934 32.73829 32.85591 32.94580 33.01084
4.586279 4.920687 5.313754 5.776671 6.324272 6.974849 7.752955 8.689452 9.823179 11.18553 12.73162 14.25480 15.57528 16.67431 17.58694 18.35141 18.99684 19.54694 20.01902 20.42764 20.78351 21.09604 21.37221 21.61837 21.83926 22.03934 22.22200 22.39052 22.54742 22.69530 22.83620 22.97229 23.10540 23.23757 23.37061 23.50665 23.64775 23.79640 23.95518 24.12728 24.31624 24.52652 24.76331 25.03324 25.34445 25.70753 26.13590 26.64703 27.26026 27.98339 28.76095 29.47762 30.07790 30.56944 30.97143 31.30107 31.57154 31.79296 31.97313 32.11799 32.23225 32.31947 32.38245
4.503911 4.827971 5.209084 5.658271 6.190209 6.823079 7.581420 8.496190 9.606495 10.94417 12.46496 13.96287 15.25880 16.33456 17.22564 17.97048 18.59829 19.13271 19.59095 19.98738 20.33255 20.63568 20.90358 21.14244 21.35684 21.55114 21.72859 21.89238 22.04493 22.18877 22.32583 22.45825 22.58776 22.71635 22.84575 22.97803 23.11518 23.25960 23.41380 23.58088 23.76429 23.96839 24.19827 24.46048 24.76306 25.11659 25.53445 26.03424 26.63543 27.34609 28.11108 28.81542 29.40393 29.88454 30.27659 30.59739 30.86012 31.07488 31.24938 31.38953 31.49994 31.58408 31.64474
4.414588 4.726974 5.094460 5.527808 6.041446 6.653340 7.387904 8.276141 9.357456 10.66428 12.15321 13.61934 14.88463 15.93170 16.79656 17.51790 18.12492 18.64112 19.08348 19.46610 19.79926 20.09194 20.35071 20.58155 20.78889 20.97691 21.14873 21.30743 21.45531 21.59481 21.72778 21.85626 21.98191 22.10666 22.23215 22.36038 22.49325 22.63307 22.78225 22.94379 23.12103 23.31816 23.54019 23.79349 24.08599 24.42815 24.83335 25.31921 25.90545 26.60046 27.34959 28.03843 28.61226 29.07940 29.45938 29.76958 30.02315 30.23012 30.39809 30.53284 30.63887 30.71955 30.77758
4.318607 4.617954 4.970064 5.385315 5.877732 6.464884 7.170887 8.026642 9.071826 10.33966 11.78811 13.21389 14.44057 15.45203 16.28496 16.97821 17.56085 18.05603 18.48033 18.84743 19.16726 19.44843 19.69722 19.91938 20.11909 20.30037 20.46617 20.61943 20.76234 20.89723 21.02585 21.15016 21.27173 21.39239 21.51373 21.63763 21.76591 21.90077 22.04451 22.20000 22.37042 22.55982 22.77298 23.01609 23.29686 23.62558 24.01547 24.48420 25.05168 25.72684 26.45579 27.12493 27.68033 28.13078 28.49608 28.79363 29.03646 29.23443 29.39494 29.52357 29.62469 29.70151 29.75661
4.216434 4.501401 4.836363 5.231164 5.699208 6.257410 6.929239 7.745163 8.744934 9.962722 11.35851 12.73192 13.90924 14.87618 15.67018 16.33004 16.88429 17.35547 17.75946 18.10935 18.41453 18.68317 18.92120 19.13403 19.32561 19.49972 19.65913 19.80665 19.94433 20.07436 20.19841 20.31833 20.43561 20.55197 20.66892 20.78823 20.91164 21.04122 21.17912 21.32807 21.49107 21.67194 21.87521 22.10679 22.37405 22.68694 23.05838 23.50590 24.04961 24.69912 25.40175 26.04539 26.57733 27.00706 27.35457 27.63712 27.86748 28.05515 28.20723 28.32905 28.42472 28.49729 28.54918
4.108712 4.378040 4.694154 5.066181 5.506634 6.031366 6.662653 7.429848 8.372133 9.524605 10.85051 12.15453 13.26781 14.17884 14.92556 15.54606 16.06770 16.51184 16.89332 17.22437 17.51369 17.76888 17.99541 18.19835 18.38132 18.54789 18.70061 18.84212 18.97432 19.09929 19.21857 19.33393 19.44672 19.55860 19.67095 19.78548 19.90376 20.02775 20.15946 20.30144 20.45643 20.62804 20.82044 21.03914 21.29103 21.58548 21.93482 22.35608 22.86931 23.48503 24.15263 24.76265 25.26444 25.66841 25.99450 26.25948 26.47553 26.65161 26.79434 26.90866 26.99840 27.06635 27.11478
3.996279 4.248874 4.544630 4.891759 5.301576 5.788350 6.372354 7.080567 7.950020 9.015632 10.24548 11.45454 12.48347 13.32436 14.01438 14.58930 15.07418 15.48842 15.84540 16.15618 16.42857 16.66952 16.88395 17.07651 17.25050 17.40921 17.55498 17.69026 17.81680 17.93653 18.05088 18.16150 18.26966 18.37690 18.48450 18.59405 18.70699 18.82516 18.95038 19.08499 19.23151 19.39320 19.57384 19.77843 20.01315 20.28652 20.60977 20.99871 21.47257 22.04259 22.66183 23.22632 23.68909 24.06125 24.36195 24.60675 24.80674 24.97001 25.10256 25.20879 25.29217 25.35522 25.39995
3.880152 4.115162 4.389375 4.709904 5.086548 5.531471 6.061939 6.700733 7.479553 8.429348 9.524180 10.60067 11.51874 12.27347 12.89739 13.42105 13.86559 14.24760 14.57847 14.86784 15.12251 15.34860 15.55047 15.73228 15.89701 16.04762 16.18625 16.31511 16.43584 16.55020 16.65950 16.76527 16.86868 16.97116 17.07388 17.17830 17.28576 17.39791 17.51641 17.64337 17.78103 17.93230 18.10049 18.28994 18.50601 18.75594 19.04926 19.39942 19.82297 20.33044 20.88128 21.38340 21.79620 22.13012 22.40161 22.62389 22.80634 22.95585 23.07753 23.17522 23.25192 23.30982 23.35072
3.761472 3.978397 4.230310 4.523190 4.865013 5.265526 5.738039 6.299469 6.972022 7.775190 8.685734 9.583168 10.36336 11.01828 11.56911 12.03753 12.43942 12.78764 13.09145 13.35869 13.59514 13.80597 13.99501 14.16583 14.32113 14.46347 14.59483 14.71717 14.83199 14.94088 15.04505 15.14588 15.24447 15.34209 15.43985 15.53905 15.64092 15.74692 15.85857 15.97768 16.10627 16.24679 16.40209 16.57577 16.77219 16.99708 17.25773 17.56391 17.92687 18.35229 18.80890 19.22914 19.58171 19.87219 20.11173 20.30992 20.47387 20.60899 20.71941 20.80828 20.87809 20.93072 20.96768
3.641497 3.840199 4.069602 4.334563 4.641126 4.996577 5.409964 5.891883 6.453554 7.099847 7.807776 8.509082 9.142664 9.693811 10.16969 10.58180 10.94045 11.25448 11.53096 11.77585 11.99395 12.18939 12.36551 12.52526 12.67105 12.80506 12.92911 13.04486 13.15373 13.25708 13.35609 13.45192 13.54566 13.63838 13.73114 13.82507 13.92130 14.02110 14.12584 14.23705 14.35648 14.48616 14.62844 14.78616 14.96269 15.16213 15.38937 15.65010 15.94932 16.28584 16.63849 16.97001 17.25920 17.50478 17.71166 17.88535 18.03056 18.15114 18.25019 18.33017 18.39305 18.44038 18.47337
3.521513 3.702215 3.909491 4.147054 4.419247 4.731018 5.087812 5.494925 5.955701 6.466724 7.009650 7.549960 8.055456 8.511424 8.916421 9.274496 9.591130 9.871785 10.12139 10.34429 10.54423 10.72445 10.88772 11.03647 11.17279 11.29851 11.41523 11.52441 11.62733 11.72515 11.81898 11.90983 11.99869 12.08651 12.17427 12.26293 12.35354 12.44717 12.54502 12.64840 12.75875 12.87772 13.00719 13.14929 13.30642 13.48129 13.67671 13.89517 14.13742 14.39930 14.66790 14.92496 15.15754 15.36141 15.53722 15.68730 15.81429 15.92067 16.00857 16.07980 16.13586 16.17796 16.20704
3.402719 3.566014 3.752037 3.963475 4.203270 4.474477 4.779933 5.121525 5.498731 5.906178 6.331278 6.755532 7.161222 7.537305 7.879644 8.188412 8.465838 8.714928 8.938826 9.140551 9.322865 9.488266 9.638967 9.776937 9.903918 10.02146 10.13095 10.23363 10.33062 10.42298 10.51165 10.59755 10.68156 10.76453 10.84731 10.93077 11.01581 11.10337 11.19446 11.29016 11.39168 11.50030 11.61745 11.74467 11.88359 12.03579 12.20266 12.38480 12.58119 12.78780 12.99689 13.19887 13.38596 13.55407 13.70207 13.83046 13.94042 14.03334 14.11060 14.17343 14.22292 14.25996 14.28528
3.286206 3.432995 3.599033 3.786175 3.996290 4.231069 4.491704 4.778286 5.088934 5.418763 5.759373 6.099921 6.429885 6.741564 7.030781 7.296177 7.538187 7.758214 7.958098 8.139826 8.305356 8.456548 8.595119 8.722643 8.840540 8.950098 9.052495 9.148791 9.239967 9.326922 9.410511 9.491530 9.570752 9.648937 9.726826 9.805181 9.884775 9.966411 10.05094 10.13925 10.23229 10.33107 10.43664 10.55006 10.67235 10.80437 10.94661 11.09882 11.25954 11.42565 11.59231 11.75396 11.90576 12.04450 12.16863 12.27779 12.37231 12.45286 12.52020 12.57515 12.61843 12.65068 12.67242
3.172900 3.304288 3.451878 3.616882 3.800395 4.003225 4.225622 4.466889 4.724921 4.995811 5.273849 5.552210 5.824219 6.084507 6.329581 6.557699 6.768441 6.962272 7.140158 7.303326 7.453115 7.590867 7.717886 7.835396 7.944541 8.046379 8.141890 8.231971 8.317461 8.399139 8.477747 8.553981 8.628518 8.702018 8.775132 8.848513 8.922826 8.998745 9.076974 9.158236 9.243275 9.332850 9.427714 9.528576 9.636036 9.750484 9.871942 9.999851 10.13284 10.26859 10.40395 10.53543 10.65986 10.77485 10.87896 10.97151 11.05238 11.12177 11.18008 11.22777 11.26529 11.29307 11.31147
3.063534 3.180758 3.311572 3.456716 3.616765 3.791988 3.982152 4.186293 4.402496 4.627758 4.858102 5.088966 5.315867 5.535017 5.743662 5.940132 6.123681 6.294258 6.452287 6.598474 6.733693 6.858889 6.975023 7.083035 7.183832 7.278265 7.367142 7.451212 7.531191 7.607743 7.681505 7.753081 7.823058 7.892006 7.960490 8.029067 8.098297 8.168749 8.240994 8.315612 8.393179 8.474253 8.559366 8.648969 8.743385 8.842735 8.946826 9.055037 9.166216 9.278664 9.390234 9.498593 9.601577 9.697424 9.784914 9.863317 9.932309 9.991845 10.04206 10.08317 10.11543 10.13911 10.15444
2.958642 3.062992 3.178726 3.306260 3.445833 3.597404 3.760526 3.934215 4.116842 4.306117 4.499177 4.692863 4.884059 5.070014 5.248594 5.418342 5.578440 5.728592 5.868895 5.999714 6.121593 6.235173 6.341153 6.440238 6.533134 6.620518 6.703053 6.781358 6.856029 6.927631 6.996707 7.063777 7.129344 7.193898 7.257921 7.321886 7.386264 7.451525 7.518135 7.586544 7.657199 7.730506 7.806828 7.886439 7.969491 8.055956 8.145562 8.237727 8.331526 8.425694 8.518714 8.608974 8.694936 8.775288 8.849030 8.915490 8.974272 9.025196 9.068241 9.103477 9.131016 9.151000 9.163547
2.858581 2.951334 3.053634 3.165679 3.287501 3.418897 3.559346 3.707942 3.863350 4.023814 4.187240 4.351343 4.513867 4.672794 4.826470 4.973680 5.113646 5.245973 5.370574 5.487600 5.597364 5.700292 5.796871 5.887628 5.973103 6.053833 6.130343 6.203146 6.272737 6.339589 6.404162 6.466896 6.528222 6.588557 6.648307 6.707874 6.767649 6.828018 6.889352 6.952008 7.016320 7.082582 7.151035 7.221838 7.295036 7.370532 7.448037 7.527043 7.606819 7.686416 7.764734 7.840601 7.912894 7.980626 8.042994 8.099410 8.149473 8.192948 8.229722 8.259768 8.283108 8.299788 8.309858
2.763551 2.845933 2.936343 3.034837 3.141327 3.255533 3.376940 3.504750 3.637876 3.774956 3.914411 4.054568 4.193772 4.330490 4.463436 4.591612 4.714320 4.831145 4.941909 5.046628 5.145463 5.238681 5.326618 5.409657 5.488207 5.562683 5.633508 5.701095 5.765850 5.828168 5.888434 5.947021 6.004291 6.060596 6.116280 6.171675 6.227107 6.282888 6.339316 6.396669 6.455195 6.515102 6.576548 6.639616 6.704290 6.770441 6.837800 6.905936 6.974268 7.042071 7.108525 7.172772 7.233972 7.291361 7.344297 7.392276 7.434927 7.471994 7.503325 7.528831 7.548474 7.562240 7.570128
2.673625 2.746779 2.826711 2.913388 3.006658 3.106217 3.211580 3.322067 3.436795 3.554700 3.674588 3.795181 3.915218 4.033538 4.149131 4.261186 4.369096 4.472461 4.571065 4.664846 4.753865 4.838280 4.918314 4.994239 5.066360 5.134996 5.200481 5.263145 5.323321 5.381334 5.437504 5.492140 5.545548 5.598024 5.649853 5.701312 5.752666 5.804169 5.856056 5.908541 5.961809 6.016007 6.071232 6.127516 6.184816 6.242993 6.301804 6.360894 6.419799 6.477962 6.534761 6.589538 6.641651 6.690510 6.735597 6.776487 6.812848 6.844431 6.871063 6.892626 6.909042 6.920266 6.926253
2.588769 2.653744 2.724471 2.800863 2.882736 2.969789 3.061589 3.157555 3.256969 3.358988 3.462678 3.567069 3.671199 3.774157 3.875145 3.973496 4.068694 4.160373 4.248308 4.332393 4.412627 4.489090 4.561925 4.631321 4.697501 4.760708 4.821201 4.879243 4.935102 4.989044 5.041333 5.092227 5.141977 5.190828 5.239020 5.286778 5.334321 5.381848 5.429548 5.477584 5.526091 5.575170 5.624878 5.675219 5.726131 5.777482 5.829058 5.880567 5.931635 5.981825 6.030654 6.077623 6.122232 6.164012 6.202545 6.237473 6.268501 6.295399 6.317995 6.336154 6.349779 6.358797 6.363148
2.508881 2.566628 2.629281 2.696724 2.768766 2.845121 2.925406 3.009131 3.095711 3.184474 3.274692 3.365594 3.456422 3.546467 3.635090 3.721748 3.806001 3.887526 3.966100 4.041601 4.113987 4.183288 4.249587 4.313011 4.373722 4.431899 4.487744 4.541463 4.593268 4.643379 4.692007 4.739366 4.785662 4.831100 4.875872 4.920166 4.964154 5.008002 5.051852 5.095829 5.140033 5.184529 5.229348 5.274475 5.319843 5.365330 5.410753 5.455866 5.500372 5.543927 5.586151 5.626645 5.665014 5.700890 5.733927 5.763828 5.790337 5.813244 5.832381 5.847613 5.858835 5.865961 5.868917
2.433803 2.485171 2.540748 2.600406 2.663954 2.731131 2.801602 2.874954 2.950706 3.028310 3.107182 3.186723 3.266337 3.345454 3.423555 3.500194 3.575000 3.647685 3.718045 3.785949 3.851333 3.914193 3.974571 4.032549 4.088239 4.141773 4.193304 4.242992 4.291008 4.337522 4.382710 4.426743 4.469792 4.512022 4.553591 4.594651 4.635340 4.675788 4.716105 4.756387 4.796705 4.837099 4.877583 4.918131 4.958676 4.999107 5.039267 5.078956 5.117926 5.155902 5.192581 5.227651 5.260800 5.291721 5.320137 5.345792 5.368467 5.387974 5.404157 5.416884 5.426049 5.431561 5.433341
2.363341 2.409086 2.458463 2.511341 2.567538 2.626820 2.688894 2.753411 2.819973 2.888138 2.957440 3.027386 3.097494 3.167310 3.236412 3.304431 3.371055 3.436032 3.499175 3.560353 3.619494 3.676569 3.731593 3.784613 3.835705 3.884964 3.932503 3.978447 4.022927 4.066080 4.108045 4.148962 4.188966 4.228194 4.266772 4.304820 4.342451 4.379766 4.416849 4.453770 4.490581 4.527304 4.563940 4.600459 4.636795 4.672852 4.708492 4.743549 4.777824 4.811094 4.843114 4.873628 4.902382 4.929132 4.953642 4.975703 4.995124 5.011737 5.025400 5.035990 5.043403 5.047548 5.048344
