T3-twomodels/model30.grd
DSAA
         100         100
  -15.00000       15.00000    
  -15.00000       15.00000    
  0.8343390       35.57096    
[rows 56 to 83 of 100, columns 0 to 62 of 100]
3.373921 3.758032 4.199117 4.707785 5.297677 5.985365 6.792638 7.746648 8.882983 10.23920 11.82368 13.50674 15.05858 16.38534 17.50749 18.46383 19.28838 20.00782 20.64312 21.21100 21.72494 22.19609 22.63357 23.04515 23.43721 23.81526 24.18382 24.54681 24.90736 25.26827 25.63167 25.99953 26.37329 26.75438 27.14378 27.54255 27.95141 28.37123 28.80256 29.24614 29.70243 30.17205 30.65526 31.15232 31.66272 32.18496 32.71433 33.23802 33.72084 34.07938 34.24646 34.30976 34.36014 34.40685 34.44669 34.47636 34.49580 34.50438 34.50273 34.49055 34.46824 34.43537 34.39201
3.333534 3.712116 4.147069 4.648980 5.231471 5.911111 6.709727 7.654515 8.781134 10.12725 11.70134 13.37387 14.91522 16.23164 17.34372 18.29034 19.10561 19.81621 20.44315 21.00315 21.50964 21.97376 22.40456 22.80978 23.19574 23.56793 23.93081 24.28826 24.64339 24.99898 25.35713 25.71980 26.08844 26.46446 26.84885 27.24269 27.64670 28.06178 28.48848 28.92759 29.37956 29.84505 30.32434 30.81772 31.32468 31.84375 32.37024 32.89132 33.37180 33.72826 33.89358 33.95539 34.00449 34.05018 34.08920 34.11825 34.13726 34.14559 34.14385 34.13176 34.10970 34.07725 34.03449
3.287682 3.659786 4.087518 4.581415 5.155074 5.825061 6.613221 7.546804 8.661575 9.995330 11.55674 13.21643 14.74496 16.04877 17.14861 18.08349 18.88759 19.58766 20.20469 20.75539 21.25315 21.70904 22.13208 22.52993 22.90883 23.27423 23.63052 23.98156 24.33040 24.67977 25.03180 25.38839 25.75100 26.12102 26.49948 26.88745 27.28566 27.69504 28.11617 28.54986 28.99660 29.45707 29.93159 30.42047 30.92324 31.43844 31.96141 32.47931 32.95700 33.31104 33.47423 33.53423 33.58184 33.62630 33.66436 33.69268 33.71119 33.71922 33.71738 33.70537 33.68360 33.65162 33.60951
3.236408 3.601015 4.020330 4.504825 5.068046 5.726529 6.502141 7.422196 8.522570 9.841236 11.38708 13.03099 14.54383 15.83228 16.91731 17.83808 18.62886 19.31645 19.92184 20.46170 20.94934 21.39577 21.80989 22.19929 22.57014 22.92779 23.27655 23.62024 23.96185 24.30410 24.64903 24.99858 25.35415 25.71718 26.08866 26.46968 26.86102 27.26361 27.67807 28.10523 28.54564 29.00003 29.46873 29.95212 30.44978 30.96026 31.47893 31.99299 32.46726 32.81831 32.97898 33.03686 33.08272 33.12576 33.16270 33.19019 33.20810 33.21579 33.21383 33.20192 33.18044 33.14899 33.10761
3.179807 3.535829 3.945432 4.418982 4.969947 5.614807 6.375421 7.279164 8.362058 9.662310 11.18913 12.81378 14.30747 15.57724 16.64437 17.54822 18.32319 18.99611 19.58793 20.11525 20.59128 21.02690 21.43092 21.81077 22.17251 22.52140 22.86168 23.19705 23.53046 23.86457 24.20141 24.54285 24.89032 25.24521 25.60855 25.98143 26.36464 26.75917 27.16565 27.58498 28.01775 28.46474 28.92637 29.40305 29.89442 30.39912 30.91254 31.42191 31.89208 32.23963 32.39729 32.45266 32.49647 32.53786 32.57354 32.60007 32.61733 32.62461 32.62250 32.61068 32.58952 32.55863 32.51805
3.118053 3.464330 3.862814 4.323725 4.860389 5.489182 6.231912 7.116002 8.177634 9.455315 10.95867 12.55950 14.02962 15.27659 16.32205 17.20565 17.96189 18.61764 19.19375 19.70670 20.16954 20.59297 20.98561 21.35477 21.70635 22.04546 22.37624 22.70230 23.02651 23.35144 23.67909 24.01131 24.34948 24.69500 25.04889 25.41226 25.78593 26.17090 26.56788 26.97780 27.40133 27.83931 28.29226 28.76068 29.24431 29.74184 30.24876 30.75235 31.21748 31.56070 31.71479 31.76725 31.80870 31.84823 31.88246 31.90792 31.92443 31.93128 31.92900 31.91727 31.89646 31.86616 31.82644
3.051408 3.386728 3.772599 4.219020 4.739096 5.349015 6.070464 6.930854 7.966528 9.216389 10.69070 12.26204 13.70303 14.92199 15.94116 16.80050 17.53465 18.17039 18.72844 19.22504 19.67300 20.08280 20.46281 20.82012 21.16045 21.48876 21.80903 22.12475 22.43871 22.75339 23.07073 23.39252 23.72012 24.05492 24.39791 24.75024 25.11274 25.48643 25.87209 26.27071 26.68302 27.11000 27.55224 28.01038 28.48430 28.97285 29.47161 29.96800 30.42694 30.76500 30.91481 30.96382 31.00257 31.04000 31.07264 31.09691 31.11262 31.11897 31.11650 31.10486 31.08442 31.05475 31.01595
2.980249 3.303372 3.675064 4.105008 4.605980 5.193850 5.890031 6.721810 7.725646 8.940908 10.37872 11.91288 13.31738 14.50168 15.48881 16.31910 17.02723 17.63980 18.17723 18.65539 19.08676 19.48145 19.84756 20.19188 20.51991 20.83640 21.14516 21.44954 21.75220 22.05553 22.36139 22.67151 22.98720 23.30982 23.64036 23.97994 24.32943 24.68987 25.06207 25.44711 25.84580 26.25923 26.68815 27.13338 27.59497 28.07200 28.56030 29.04746 29.49853 29.83010 29.97481 30.01986 30.05557 30.09069 30.12160 30.14461 30.15944 30.16527 30.16259 30.15105 30.13099 30.10199 30.06415
2.905082 3.214768 3.570690 3.982094 4.461266 5.023548 5.689853 6.487086 7.451655 8.623426 10.01481 11.50155 12.85976 14.00076 14.94867 15.74418 16.42182 17.00775 17.52185 17.97944 18.39248 18.77064 19.12161 19.45185 19.76657 20.07027 20.36656 20.65862 20.94895 21.23985 21.53306 21.83024 22.13265 22.44159 22.75801 23.08301 23.41746 23.76242 24.11873 24.48750 24.86965 25.26637 25.67859 26.10735 26.55299 27.01493 27.48940 27.96438 28.40525 28.72874 28.86727 28.90776 28.94014 28.97282 29.00191 29.02361 29.03753 29.04282 29.03992 29.02847 29.00881 28.98052 28.94370
2.826533 3.121613 3.460212 3.851011 4.305599 4.838507 5.469748 6.225388 7.141312 8.257710 9.588705 11.01333 12.31162 13.39789 14.29764 15.05167 15.69387 16.24950 16.73751 17.17242 17.56548 17.92575 18.26043 18.57557 18.87605 19.16607 19.44900 19.72783 20.00489 20.28233 20.56178 20.84480 21.13257 21.42631 21.72692 22.03547 22.35275 22.67983 23.01752 23.36696 23.72912 24.10528 24.49652 24.90411 25.32877 25.77040 26.22588 26.68398 27.11084 27.42365 27.55472 27.59024 27.61922 27.64948 27.67678 27.69716 27.71018 27.71492 27.71181 27.70046 27.68122 27.65366 27.61790
2.745352 3.024760 3.344621 3.712877 4.140183 4.639881 5.230541 5.936548 6.792237 7.837265 9.087908 10.42902 11.64807 12.66449 13.50526 14.21030 14.81185 15.33352 15.79281 16.20308 16.57464 16.91582 17.23320 17.53238 17.81780 18.09337 18.36217 18.62697 18.88991 19.15298 19.41766 19.68541 19.95728 20.23441 20.51762 20.80786 21.10588 21.41264 21.72890 22.05574 22.39409 22.74523 23.11029 23.49071 23.88752 24.30121 24.72962 25.16300 25.56934 25.86743 25.98955 26.02011 26.04617 26.07435 26.10006 26.11922 26.13137 26.13556 26.13225 26.12101 26.10221 26.07542 26.04075
2.662329 2.925198 3.225136 3.569201 3.966852 4.429848 4.974577 5.622560 6.404597 7.357317 8.498224 9.722944 10.83488 11.76218 12.53171 13.18007 13.73602 14.22042 14.64871 15.03269 15.38151 15.70261 16.00190 16.28439 16.55412 16.81460 17.06865 17.31877 17.56690 17.81484 18.06393 18.31548 18.57041 18.82974 19.09415 19.36450 19.64137 19.92561 20.21781 20.51890 20.82963 21.15112 21.48433 21.83061 22.19101 22.56634 22.95538 23.35050 23.72375 23.99921 24.11098 24.13850 24.16334 24.19037 24.21488 24.23298 24.24431 24.24800 24.24449 24.23339 24.21504 24.18904 24.15550
2.578159 2.823881 3.103046 3.421729 3.787974 4.211605 4.706113 5.288826 5.984174 6.820745 7.812082 8.872629 9.840841 10.65783 11.34456 11.92971 12.43614 12.88078 13.27638 13.63289 13.95809 14.25842 14.53903 14.80435 15.05793 15.30290 15.54175 15.77674 16.00957 16.24186 16.47477 16.70945 16.94669 17.18735 17.43197 17.68123 17.93557 18.19560 18.46172 18.73457 19.01458 19.30249 19.59884 19.90442 20.21973 20.54508 20.87917 21.21585 21.53325 21.77016 21.87136 21.90211 21.92938 21.95671 21.98050 21.99775 22.00832 22.01153 22.00783 21.99688 21.97900 21.95381 21.92142
2.493197 2.721474 2.979432 3.272161 3.606111 3.989063 4.431108 4.944653 5.545515 6.249571 7.058011 7.911042 8.706009 9.398624 9.995817 10.51425 10.96916 11.37279 11.73488 12.06331 12.36446 12.64367 12.90533 13.15320 13.39040 13.61961 13.84306 14.06266 14.27997 14.49632 14.71277 14.93024 15.14943 15.37097 15.59531 15.82290 16.05402 16.28899 16.52802 16.77134 17.01905 17.27129 17.52803 17.78917 18.05421 18.32205 18.59001 18.85149 19.08990 19.26875 19.36058 19.40337 19.43666 19.46550 19.48884 19.50541 19.51521 19.51802 19.51410 19.50335 19.48591 19.46158 19.43033
2.407396 2.618243 2.855046 3.121908 3.423724 3.766271 4.156366 4.601698 5.110109 5.686169 6.321515 6.980083 7.610393 8.182468 8.691854 9.144413 9.548248 9.911113 10.23984 10.54027 10.81741 11.07552 11.31823 11.54866 11.76947 11.98293 12.19096 12.39518 12.59695 12.79738 12.99738 13.19768 13.39885 13.60134 13.80547 14.01148 14.21951 14.42961 14.64176 14.85584 15.07162 15.28870 15.50653 15.72419 15.94032 16.15269 16.35765 16.54884 16.71538 16.84245 16.92444 16.97637 17.01457 17.04455 17.06738 17.08321 17.09225 17.09463 17.09052 17.07995 17.06298 17.03951 17.00943
2.320834 2.514586 2.730752 2.972474 3.243326 3.547261 3.888485 4.270989 4.697440 5.166634 5.669150 6.184228 6.685985 7.155877 7.586585 7.978086 8.333595 8.657380 8.953809 9.226985 9.480617 9.718010 9.942058 10.15530 10.35994 10.55786 10.75068 10.93976 11.12624 11.31104 11.49490 11.67842 11.86201 12.04598 12.23054 12.41575 12.60160 12.78797 12.97463 13.16124 13.34729 13.53213 13.71482 13.89414 14.06839 14.23524 14.39151 14.53285 14.65395 14.75021 14.82143 14.87327 14.91220 14.94184 14.96375 14.97864 14.98691 14.98881 14.98452 14.97413 14.95766 14.93503 14.90613
2.234021 2.411306 2.607731 2.825612 3.067430 3.335712 3.632791 3.960306 4.318311 4.703850 5.109351 5.522469 5.929086 6.317716 6.681863 7.019398 7.330906 7.618367 7.884338 8.131531 8.362584 8.579963 8.785914 8.982446 9.171336 9.354127 9.532148 9.706522 9.878181 10.04788 10.21622 10.38363 10.55044 10.71684 10.88290 11.04860 11.21382 11.37831 11.54174 11.70364 11.86340 12.02025 12.17322 12.32111 12.46240 12.59526 12.71752 12.82675 12.92066 12.99796 13.05928 13.10696 13.14375 13.17176 13.19228 13.20603 13.21346 13.21486 13.21040 13.20017 13.18420 13.16242 13.13472
2.147698 2.309376 2.487255 2.682978 2.898192 3.134400 3.392726 3.673516 3.975784 4.296512 4.630195 4.969093 5.304662 5.629562 5.938849 6.230037 6.502557 6.757067 6.994923 7.217807 7.427526 7.625858 7.814494 7.994987 8.168737 8.336979 8.500788 8.661064 8.818566 8.973888 9.127504 9.279743 9.430821 9.580850 9.729828 9.877662 10.02416 10.16904 10.31191 10.45229 10.58957 10.72302 10.85180 10.97488 11.09113 11.19928 11.29801 11.38606 11.46249 11.52693 11.57982 11.62231 11.65582 11.68153 11.70033 11.71280 11.71935 11.72023 11.71560 11.70555 11.69007 11.66913 11.64262
2.062632 2.209718 2.370429 2.545896 2.737158 2.945032 3.169923 3.411559 3.668661 3.938656 4.217548 4.500243 4.781327 5.055898 5.320278 5.572229 5.810783 6.035915 6.248237 6.448730 6.638575 6.819015 6.991286 7.156563 7.315924 7.470334 7.620643 7.767567 7.911700 8.053515 8.193369 8.331507 8.468068 8.603102 8.736565 8.868320 8.998165 9.125796 9.250845 9.372854 9.491290 9.605537 9.714899 9.818614 9.915873 10.00584 10.08774 10.16090 10.22488 10.27963 10.32550 10.36309 10.39313 10.41633 10.43328 10.44442 10.45006 10.45042 10.44563 10.43574 10.42078 10.40067 10.37534
1.979494 2.113096 2.258112 2.415291 2.585255 2.768385 2.964695 3.173654 3.394023 3.623735 3.859915 4.099069 4.337498 4.571826 4.799367 5.018266 5.227500 5.426735 5.616147 5.796257 5.967801 6.131620 6.288593 6.439582 6.585404 6.726795 6.864415 6.998817 7.130466 7.259722 7.386854 7.512036 7.635357 7.756825 7.876369 7.993846 8.109050 8.221704 8.331473 8.437966 8.540736 8.639290 8.733093 8.821593 8.904224 8.980449 9.049795 9.111909 9.166597 9.213865 9.253876 9.287011 9.313730 9.334458 9.349580 9.359406 9.364164 9.364021 9.359076 9.349373 9.334911 9.315642 9.291471
1.898838 2.020090 2.150887 2.291707 2.442889 2.604555 2.776518 2.958181 3.148452 3.345701 3.547794 3.752262 3.956561 4.158284 4.355413 4.546465 4.730495 4.907053 5.076077 5.237798 5.392644 5.541165 5.683964 5.821660 5.954854 6.084098 6.209891 6.332654 6.452739 6.570423 6.685896 6.799284 6.910635 7.019933 7.127097 7.231990 7.334422 7.434148 7.530884 7.624306 7.714056 7.799748 7.880984 7.957360 8.028488 8.094016 8.153653 8.207182 8.254499 8.295626 8.330726 8.360005 8.383713 8.402135 8.415525 8.424099 8.428020 8.427406 8.422331 8.412822 8.398870 8.380425 8.357399
1.821070 1.931094 2.049100 2.175374 2.310077 2.453179 2.604408 2.763186 2.928591 3.099349 3.273885 3.450403 3.627028 3.802012 3.973855 4.141376 4.303757 4.460525 4.611501 4.756738 4.896458 5.031000 5.160766 5.286188 5.407692 5.525684 5.640535 5.752555 5.862009 5.969097 6.073959 6.176674 6.277268 6.375710 6.471920 6.565770 6.657094 6.745686 6.831309 6.913701 6.992579 7.067648 7.138611 7.205176 7.267070 7.324056 7.375947 7.422615 7.464006 7.500138 7.531071 7.556952 7.577971 7.594295 7.606091 7.613506 7.616653 7.615615 7.610437 7.601138 7.587698 7.570063 7.548160
1.746471 1.846342 1.952895 2.066287 2.186566 2.313624 2.447163 2.586659 2.731350 2.880233 3.032102 3.185622 3.339446 3.492263 3.642917 3.790472 3.934233 4.073752 4.208799 4.339323 4.465412 4.587258 4.705114 4.819270 4.930021 5.037657 5.142441 5.244604 5.344332 5.441771 5.537016 5.630118 5.721082 5.809872 5.896411 5.980586 6.062254 6.141245 6.217366 6.290406 6.360146 6.426357 6.488818 6.547315 6.601654 6.651670 6.697232 6.738256 6.774697 6.806569 6.833950 6.856913 6.875556 6.890000 6.900354 6.906718 6.909165 6.907752 6.902506 6.893430 6.880502 6.863671 6.842862
1.675213 1.765936 1.862265 1.964272 2.071938 2.185116 2.303515 2.426677 2.553977 2.684624 2.817705 2.952207 3.087086 3.221353 3.354125 3.484654 3.612364 3.736846 3.857855 3.975281 4.089131 4.199495 4.306520 4.410388 4.511299 4.609448 4.705020 4.798175 4.889044 4.977727 5.064287 5.148751 5.231111 5.311329 5.389334 5.465027 5.538290 5.608978 5.676939 5.742003 5.803999 5.862751 5.918092 5.969861 6.017916 6.062140 6.102441 6.138759 6.171071 6.199382 6.223700 6.244093 6.260640 6.273410 6.282475 6.287895 6.289721 6.287988 6.282705 6.273870 6.261454 6.245410 6.225669
1.607372 1.689875 1.777093 1.869047 1.965677 2.066824 2.172218 2.281466 2.394053 2.509353 2.626642 2.745142 2.864079 2.982685 3.100258 3.216201 3.330029 3.441384 3.550023 3.655811 3.758699 3.858712 3.955921 4.050434 4.142374 4.231866 4.319036 4.403988 4.486813 4.567571 4.646301 4.723013 4.797693 4.870298 4.940766 5.009012 5.074934 5.138417 5.199334 5.257551 5.312932 5.365342 5.414651 5.460737 5.503496 5.542837 5.578691 5.611013 5.639772 5.664972 5.686646 5.704822 5.719528 5.730817 5.738734 5.743319 5.744602 5.742599 5.737315 5.728734 5.716832 5.701559 5.682853
1.542956 1.618080 1.697187 1.780260 1.867221 1.957911 2.052087 2.149416 2.249474 2.351762 2.455717 2.560735 2.666185 2.771471 2.876047 2.979429 3.081213 3.181087 3.278821 3.374271 3.467357 3.558059 3.646399 3.732427 3.816213 3.897831 3.977361 4.054863 4.130394 4.203990 4.275670 4.345430 4.413250 4.479089 4.542889 4.604578 4.664070 4.721269 4.776071 4.828372 4.878059 4.925027 4.969177 5.010413 5.048652 5.083827 5.115884 5.144787 5.170521 5.193077 5.212446 5.228655 5.241738 5.251718 5.258622 5.262473 5.263284 5.261064 5.255807 5.247497 5.236104 5.221584 5.203880
1.481911 1.550418 1.622301 1.697521 1.775994 1.857568 1.942028 2.029091 2.118409 2.209577 2.302137 2.395612 2.489526 2.583403 2.676795 2.769309 2.860606 2.950415 3.038526 3.124791 3.209118 3.291457 3.371795 3.450146 3.526539 3.601012 3.673604 3.744351 3.813282 3.880411 3.945743 4.009266 4.070954 4.130769 4.188658 4.244556 4.298393 4.350086 4.399554 4.446707 4.491458 4.533723 4.573419 4.610474 4.644821 4.676405 4.705184 4.731126 4.754205 4.774415 4.791773 4.806277 4.817934 4.826760 4.832771 4.835979 4.836387 4.833996 4.828795 4.820765 4.809878 4.796093 4.779356
1.424148 1.486721 1.552164 1.620432 1.691435 1.765035 1.841043 1.919219 1.999277 2.080885 2.163686 2.247295 2.331311 2.415356 2.499074 2.582142 2.664275 2.745238 2.824842 2.902944 2.979443 3.054276 3.127406 3.198820 3.268520 3.336514 3.402821 3.467449 3.530409 3.591702 3.651318 3.709241 3.765442 3.819883 3.872516 3.923285 3.972128 4.018979 4.063766 4.106416 4.146860 4.185026 4.220851 4.254272 4.285239 4.313704 4.339633 4.362999 4.383787 4.401982 4.417569 4.430554 4.440950 4.448759 4.453987 4.456634 4.456701 4.454181 4.449061 4.441323 4.430935 4.417861 4.402054
