T3-twomodels/model120.grd
DSAA
         100         100
  -15.00000       15.00000    
  -15.00000       15.00000    
   1.555995       35.32989    
[rows 0 to 27 of 100, columns 0 to 62 of 100]
1.555997 1.564843 1.574345 1.584468 1.595175 1.606428 1.618186 1.630409 1.643052 1.656074 1.669432 1.683078 1.696968 1.711061 1.725313 1.739683 1.754133 1.768624 1.783120 1.797588 1.811996 1.826315 1.840519 1.854584 1.868486 1.882207 1.895729 1.909035 1.922112 1.934947 1.947528 1.959847 1.971894 1.983660 1.995138 2.006320 2.017199 2.027766 2.038016 2.047937 2.057523 2.066762 2.075644 2.084158 2.092291 2.100029 2.107356 2.114256 2.120712 2.126706 2.132218 2.137226 2.141709 2.145647 2.149015 2.151793 2.153957 2.155485 2.156356 2.156548 2.156042 2.154818 2.152859
1.579577 1.589206 1.599542 1.610547 1.622180 1.634400 1.647162 1.660419 1.674124 1.688229 1.702682 1.717438 1.732449 1.747665 1.763040 1.778528 1.794086 1.809672 1.825246 1.840773 1.856220 1.871555 1.886750 1.901780 1.916622 1.931256 1.945665 1.959832 1.973745 1.987391 2.000761 2.013845 2.026637 2.039129 2.051313 2.063185 2.074737 2.085963 2.096857 2.107411 2.117616 2.127463 2.136942 2.146041 2.154747 2.163045 2.170919 2.178352 2.185326 2.191818 2.197807 2.203272 2.208189 2.212533 2.216279 2.219401 2.221874 2.223670 2.224768 2.225142 2.224768 2.223626 2.221693
1.605185 1.615697 1.626975 1.638975 1.651656 1.664968 1.678862 1.693288 1.708193 1.723523 1.739225 1.755242 1.771518 1.788002 1.804640 1.821384 1.838185 1.854997 1.871779 1.888490 1.905095 1.921560 1.937857 1.953958 1.969841 1.985485 2.000873 2.015989 2.030823 2.045362 2.059597 2.073523 2.087132 2.100418 2.113378 2.126006 2.138298 2.150248 2.161851 2.173100 2.183989 2.194507 2.204646 2.214394 2.223736 2.232660 2.241146 2.249176 2.256731 2.263788 2.270324 2.276310 2.281722 2.286532 2.290711 2.294230 2.297060 2.299174 2.300540 2.301131 2.300921 2.299884 2.297996
1.632913 1.644421 1.656761 1.669887 1.683748 1.698294 1.713468 1.729214 1.745473 1.762183 1.779282 1.796711 1.814410 1.832320 1.850379 1.868534 1.886729 1.904915 1.923047 1.941079 1.958975 1.976697 1.994217 2.011506 2.028539 2.045298 2.061765 2.077927 2.093771 2.109290 2.124475 2.139321 2.153825 2.167981 2.181789 2.195244 2.208345 2.221088 2.233468 2.245482 2.257122 2.268380 2.279248 2.289714 2.299764 2.309383 2.318552 2.327252 2.335460 2.343151 2.350297 2.356872 2.362848 2.368189 2.372866 2.376845 2.380092 2.382573 2.384257 2.385110 2.385101 2.384200 2.382380
1.662876 1.675508 1.689046 1.703440 1.718635 1.734574 1.751194 1.768432 1.786221 1.804494 1.823184 1.842217 1.861525 1.881040 1.900698 1.920437 1.940197 1.959923 1.979563 1.999070 2.018403 2.037523 2.056399 2.075001 2.093306 2.111294 2.128949 2.146259 2.163212 2.179803 2.196027 2.211879 2.227359 2.242466 2.257199 2.271558 2.285542 2.299152 2.312383 2.325234 2.337700 2.349774 2.361446 2.372707 2.383542 2.393935 2.403866 2.413316 2.422257 2.430665 2.438511 2.445759 2.452377 2.458329 2.463578 2.468087 2.471818 2.474731 2.476790 2.477956 2.478193 2.477466 2.475744
1.695193 1.709091 1.723981 1.739808 1.756510 1.774023 1.792278 1.811203 1.830721 1.850757 1.871229 1.892063 1.913182 1.934507 1.955966 1.977486 1.999003 2.020452 2.041779 2.062932 2.083864 2.104537 2.124916 2.144971 2.164679 2.184020 2.202980 2.221548 2.239716 2.257479 2.274835 2.291785 2.308330 2.324471 2.340211 2.355555 2.370503 2.385057 2.399220 2.412988 2.426359 2.439328 2.451888 2.464027 2.475732 2.486986 2.497770 2.508059 2.517826 2.527040 2.535669 2.543677 2.551028 2.557679 2.563588 2.568711 2.573004 2.576424 2.578925 2.580465 2.581002 2.580495 2.578907
1.729994 1.745321 1.761737 1.779182 1.797587 1.816881 1.836986 1.857820 1.879298 1.901334 1.923839 1.946721 1.969889 1.993259 2.016746 2.040271 2.063760 2.087142 2.110356 2.133345 2.156060 2.178457 2.200501 2.222162 2.243417 2.264247 2.284639 2.304585 2.324080 2.343123 2.361714 2.379858 2.397560 2.414826 2.431662 2.448076 2.464072 2.479657 2.494834 2.509604 2.523968 2.537921 2.551458 2.564568 2.577238 2.589451 2.601185 2.612414 2.623110 2.633239 2.642764 2.651643 2.659832 2.667284 2.673953 2.679787 2.684736 2.688748 2.691772 2.693760 2.694661 2.694430 2.693022
1.767430 1.784368 1.802508 1.821782 1.842116 1.863427 1.885628 1.908627 1.932326 1.956625 1.981418 2.006606 2.032092 2.057771 2.083548 2.109332 2.135038 2.160590 2.185916 2.210956 2.235655 2.259968 2.283857 2.307293 2.330252 2.352718 2.374681 2.396134 2.417078 2.437515 2.457450 2.476892 2.495850 2.514337 2.532362 2.549937 2.567072 2.583778 2.600060 2.615925 2.631375 2.646409 2.661021 2.675204 2.688945 2.702224 2.715020 2.727305 2.739047 2.750206 2.760741 2.770607 2.779754 2.788128 2.795674 2.802332 2.808045 2.812752 2.816396 2.818918 2.820261 2.820371 2.819198
1.807655 1.826412 1.846502 1.867846 1.890364 1.913962 1.938544 1.964002 1.990225 2.017099 2.044509 2.072331 2.100446 2.128741 2.157108 2.185441 2.213646 2.241635 2.269329 2.296661 2.323571 2.350013 2.375947 2.401342 2.426179 2.450442 2.474125 2.497226 2.519750 2.541703 2.563098 2.583948 2.604269 2.624077 2.643390 2.662225 2.680595 2.698518 2.716005 2.733063 2.749702 2.765920 2.781718 2.797086 2.812013 2.826482 2.840466 2.853938 2.866859 2.879189 2.890882 2.901881 2.912128 2.921564 2.930123 2.937739 2.944344 2.949868 2.954243 2.957402 2.959279 2.959813 2.958942
1.850846 1.871659 1.893952 1.917644 1.942641 1.968839 1.996127 2.024383 2.053480 2.083283 2.113652 2.144454 2.175556 2.206821 2.238122 2.269339 2.300362 2.331093 2.361444 2.391340 2.420717 2.449525 2.477724 2.505285 2.532188 2.558424 2.583990 2.608890 2.633134 2.656736 2.679714 2.702089 2.723884 2.745122 2.765828 2.786024 2.805734 2.824977 2.843772 2.862133 2.880070 2.897588 2.914690 2.931370 2.947616 2.963409 2.978726 2.993531 3.007786 3.021442 3.034443 3.046733 3.058244 3.068905 3.078639 3.087370 3.095017 3.101501 3.106740 3.110659 3.113181 3.114233 3.113747
1.897190 1.920327 1.945118 1.971473 1.999287 2.028445 2.058819 2.090269 2.122646 2.155798 2.189567 2.223787 2.258296 2.292941 2.327575 2.362060 2.396270 2.430092 2.463429 2.496197 2.528328 2.559768 2.590478 2.620430 2.649610 2.678011 2.705636 2.732497 2.758612 2.784003 2.808695 2.832720 2.856107 2.878889 2.901098 2.922767 2.943924 2.964599 2.984814 3.004592 3.023948 3.042893 3.061432 3.079561 3.097272 3.114545 3.131355 3.147664 3.163429 3.178597 3.193106 3.206883 3.219851 3.231928 3.243028 3.253057 3.261925 3.269538 3.275801 3.280626 3.283923 3.285611 3.285608
1.946889 1.972656 2.000280 2.029662 2.060685 2.093220 2.127119 2.162221 2.198355 2.235337 2.272978 2.311090 2.349491 2.387994 2.426424 2.464622 2.502443 2.539757 2.576453 2.612442 2.647651 2.682021 2.715515 2.748109 2.779793 2.810566 2.840442 2.869441 2.897588 2.924917 2.951463 2.977269 3.002372 3.026819 3.050649 3.073905 3.096626 3.118849 3.140606 3.161926 3.182832 3.203341 3.223462 3.243196 3.262537 3.281464 3.299952 3.317960 3.335439 3.352327 3.368550 3.384032 3.398684 3.412404 3.425092 3.436640 3.446940 3.455882 3.463357 3.469262 3.473492 3.475953 3.476551
2.000165 2.028911 2.059752 2.092579 2.127265 2.163661 2.201599 2.240893 2.281341 2.322730 2.364842 2.407444 2.450312 2.493232 2.536000 2.578429 2.620350 2.661616 2.702103 2.741710 2.780358 2.817992 2.854575 2.890086 2.924525 2.957900 2.990234 3.021557 3.051909 3.081335 3.109884 3.137608 3.164561 3.190798 3.216372 3.241338 3.265745 3.289642 3.313069 3.336066 3.358665 3.380890 3.402755 3.424267 3.445422 3.466203 3.486580 3.506511 3.525941 3.544801 3.563008 3.580465 3.597066 3.612699 3.627241 3.640568 3.652551 3.663062 3.671973 3.679163 3.684514 3.687913 3.689255
2.057251 2.089374 2.123872 2.160629 2.199503 2.240325 2.282904 2.327022 2.372442 2.418909 2.466152 2.513910 2.561917 2.609912 2.657653 2.704917 2.751508 2.797257 2.842024 2.885700 2.928202 2.969473 3.009482 3.048216 3.085684 3.121907 3.156921 3.190772 3.223513 3.255204 3.285911 3.315700 3.344639 3.372798 3.400247 3.427050 3.453273 3.478975 3.504211 3.529031 3.553477 3.577583 3.601371 3.624855 3.648034 3.670893 3.693404 3.715518 3.737175 3.758291 3.778773 3.798510 3.817378 3.835242 3.851956 3.867372 3.881337 3.893701 3.904315 3.913038 3.919729 3.924264 3.926520
2.118397 2.154350 2.193011 2.234256 2.277930 2.323841 2.371769 2.421460 2.472633 2.524984 2.578199 2.631945 2.685898 2.739748 2.793208 2.846016 2.897940 2.948787 2.998400 3.046659 3.093480 3.138807 3.182618 3.224910 3.265707 3.305047 3.342982 3.379575 3.414900 3.449035 3.482062 3.514067 3.545136 3.575356 3.604812 3.633588 3.661762 3.689410 3.716602 3.743401 3.769861 3.796030 3.821940 3.847612 3.873052 3.898248 3.923172 3.947772 3.971979 3.995699 4.018826 4.041221 4.062736 4.083213 4.102478 4.120354 4.136660 4.151217 4.163853 4.174400 4.182698 4.188601 4.191972
2.183864 2.224163 2.267568 2.313949 2.363135 2.414912 2.469027 2.525179 2.583034 2.642224 2.702358 2.763045 2.823896 2.884530 2.944596 3.003780 3.061813 3.118471 3.173579 3.227009 3.278673 3.328525 3.376554 3.422774 3.467227 3.509972 3.551085 3.590651 3.628765 3.665529 3.701047 3.735426 3.768775 3.801198 3.832802 3.863689 3.893956 3.923698 3.953002 3.981947 4.010606 4.039037 4.067288 4.095392 4.123361 4.151190 4.178852 4.206290 4.233426 4.260153 4.286337 4.311826 4.336442 4.359990 4.382262 4.403045 4.422122 4.439281 4.454316 4.467035 4.477252 4.484802 4.489528
2.253920 2.299154 2.347970 2.400236 2.455768 2.514327 2.575620 2.639294 2.704949 2.772138 2.840392 2.909215 2.978120 3.046648 3.114373 3.180921 3.245972 3.309271 3.370622 3.429889 3.486991 3.541893 3.594601 3.645154 3.693618 3.740080 3.784644 3.827424 3.868543 3.908131 3.946316 3.983234 4.019014 4.053788 4.087684 4.120825 4.153335 4.185326 4.216906 4.248178 4.279230 4.310143 4.340980 4.371788 4.402591 4.433393 4.464168 4.494859 4.525376 4.555598 4.585368 4.614495 4.642763 4.669938 4.695767 4.719995 4.742358 4.762606 4.780496 4.795800 4.808310 4.817832 4.824191
2.328842 2.379677 2.434670 2.493689 2.556542 2.622964 2.692618 2.765089 2.839889 2.916470 2.994241 3.072601 3.150949 3.228707 3.305356 3.380438 3.453578 3.524482 3.592937 3.658806 3.722014 3.782549 3.840444 3.895770 3.948628 3.999140 4.047445 4.093695 4.138044 4.180656 4.221692 4.261312 4.299681 4.336956 4.373291 4.408837 4.443740 4.478142 4.512174 4.545963 4.579623 4.613256 4.646947 4.680766 4.714752 4.748919 4.783248 4.817679 4.852115 4.886405 4.920366 4.953771 4.986357 5.017833 5.047891 5.076214 5.102490 5.126412 5.147698 5.166080 5.181319 5.193197 5.201522
2.408900 2.466093 2.528136 2.594914 2.666230 2.741798 2.821229 2.904032 2.989615 3.077306 3.166369 3.256030 3.345526 3.434142 3.521231 3.606244 3.688736 3.768372 3.844924 3.918259 3.988325 4.055142 4.118781 4.179358 4.237020 4.291934 4.344288 4.394271 4.442083 4.487925 4.531994 4.574490 4.615606 4.655532 4.694456 4.732556 4.770011 4.806991 4.843657 4.880165 4.916661 4.953275 4.990123 5.027296 5.064859 5.102845 5.141244 5.179996 5.218992 5.258062 5.296984 5.335471 5.373197 5.409803 5.444908 5.478122 5.509063 5.537366 5.562693 5.584735 5.603220 5.617903 5.628575
2.494354 2.558753 2.628847 2.704545 2.785662 2.871894 2.962801 3.057803 3.156177 3.257073 3.359552 3.462640 3.565370 3.666824 3.766196 3.862811 3.956146 4.045825 4.131615 4.213398 4.291161 4.364973 4.434961 4.501305 4.564207 4.623896 4.680614 4.734603 4.786117 4.835397 4.882687 4.928226 4.972249 5.014978 5.056639 5.097447 5.137614 5.177342 5.216831 5.256274 5.295849 5.335727 5.376060 5.416974 5.458567 5.500896 5.543971 5.587736 5.632070 5.676772 5.721564 5.766104 5.809981 5.852740 5.893898 5.932975 5.969500 6.003031 6.033170 6.059560 6.081894 6.099904 6.113363
2.585433 2.657988 2.737262 2.823217 2.915699 3.014401 3.118836 3.228315 3.341954 3.458684 3.577305 3.696533 3.815100 3.931838 4.045732 4.155956 4.261899 4.363150 4.459480 4.550818 4.637209 4.718799 4.795793 4.868448 4.937050 5.001900 5.063308 5.121585 5.177037 5.229966 5.280664 5.329416 5.376500 5.422185 5.466733 5.510400 5.553436 5.596090 5.638598 5.681197 5.724112 5.767560 5.811738 5.856825 5.902962 5.950243 5.998711 6.048321 6.098940 6.150339 6.202176 6.254006 6.305303 6.355488 6.403951 6.450082 6.493303 6.533082 6.568949 6.600496 6.627380 6.649316 6.666067
2.682325 2.764085 2.853809 2.951553 3.057224 3.170539 3.290976 3.417736 3.549726 3.685578 3.823707 3.962435 4.100096 4.235154 4.366312 4.492562 4.613196 4.727788 4.836147 4.938274 5.034318 5.124527 5.209223 5.288767 5.363544 5.433951 5.500382 5.563224 5.622855 5.679638 5.733925 5.786055 5.836354 5.885139 5.932718 5.979393 6.025461 6.071212 6.116936 6.162921 6.209450 6.256793 6.305215 6.354954 6.406218 6.459162 6.513870 6.570328 6.628400 6.687810 6.748125 6.808785 6.869105 6.928320 6.985643 7.040301 7.091576 7.138826 7.181504 7.219149 7.251392 7.277933 7.298539
2.785146 2.877254 2.978845 3.090110 3.211081 3.341548 3.480988 3.628492 3.782715 3.941896 4.103938 4.266544 4.427455 4.584640 4.736438 4.881624 5.019406 5.149377 5.271438 5.385722 5.492527 5.592257 5.685384 5.772410 5.853849 5.930211 6.001996 6.069678 6.133722 6.194561 6.252613 6.308276 6.361936 6.413961 6.464712 6.514538 6.563790 6.612812 6.661952 6.711559 6.761980 6.813564 6.866654 6.921578 6.978630 7.038055 7.100015 7.164546 7.231524 7.300622 7.371298 7.442795 7.514194 7.584482 7.652623 7.717628 7.778604 7.834785 7.885541 7.930371 7.968887 8.000796 8.025883
2.893923 2.997605 3.112601 3.239326 3.378016 3.528624 3.690696 3.863246 4.044641 4.232579 4.424193 4.616317 4.805825 4.989957 5.166567 5.334188 5.491991 5.639662 5.777286 5.905207 6.023952 6.134142 6.236451 6.331561 6.420146 6.502857 6.580317 6.653108 6.721785 6.786869 6.848851 6.908197 6.965355 7.020749 7.074800 7.127912 7.180497 7.232958 7.285707 7.339170 7.393771 7.449955 7.508168 7.568851 7.632433 7.699288 7.769702 7.843807 7.921518 8.002452 8.085897 8.170835 8.255996 8.339987 8.421421 8.499023 8.571692 8.638530 8.698833 8.752075 8.797882 8.835993 8.866235
3.008550 3.125083 3.255133 3.399439 3.558572 3.732795 3.921870 4.124829 4.339746 4.563617 4.792455 5.021688 5.246825 5.464068 5.670654 5.864893 6.046030 6.214000 6.369204 6.512336 6.644243 6.765850 6.878090 6.981875 7.078078 7.167515 7.250955 7.329103 7.402623 7.472127 7.538191 7.601354 7.662131 7.721014 7.778482 7.835008 7.891062 7.947117 8.003664 8.061207 8.120275 8.181420 8.245226 8.312292 8.383221 8.458591 8.538887 8.624420 8.715204 8.810813 8.910302 9.012207 9.114702 9.215823 9.313692 9.406666 9.493411 9.572907 9.644416 9.707435 9.761638 9.806839 9.842946
3.128770 3.259441 3.406241 3.570378 3.752941 3.954735 4.176002 4.416039 4.672737 4.942182 5.218650 5.495311 5.765483 6.023780 6.266699 6.492481 6.700698 6.891789 7.066706 7.226656 7.372952 7.506912 7.629807 7.742831 7.847092 7.943604 8.033304 8.117036 8.195583 8.269663 8.339941 8.407039 8.471544 8.534018 8.595009 8.655056 8.714701 8.774494 8.835007 8.896846 8.960652 9.027120 9.096996 9.171086 9.250248 9.335349 9.427210 9.526466 9.633358 9.747459 9.867463 9.991184 10.11586 10.23863 10.35691 10.46863 10.57224 10.66667 10.75121 10.82545 10.88920 10.94241 10.98510
3.254123 3.400171 3.565393 3.751639 3.960769 4.194477 4.453941 4.739249 5.048513 5.376841 5.715818 6.054600 6.382649 6.692253 6.979217 7.242175 7.481541 7.698699 7.895469 8.073813 8.235666 8.382856 8.517072 8.639845 8.752558 8.856455 8.952658 9.042168 9.125901 9.204687 9.279290 9.350419 9.418741 9.484894 9.549494 9.613154 9.676493 9.740144 9.804778 9.871104 9.939899 10.01202 10.08843 10.17019 10.25850 10.35465 10.46002 10.57582 10.70282 10.84074 10.98773 11.14025 11.29385 11.44422 11.58788 11.72234 11.84596 11.95777 12.05724 12.14420 12.21866 12.28075 12.33071
3.383922 3.546456 3.731637 3.942148 4.180929 4.451025 4.755273 5.095545 5.471316 5.877206 6.300615 6.723032 7.126730 7.500652 7.840644 8.146866 8.421532 8.667618 8.888255 9.086430 9.264882 9.426071 9.572179 9.705131 9.826626 9.938163 10.04106 10.13651 10.22555 10.30915 10.38817 10.46340 10.53560 10.60550 10.67377 10.74112 10.80823 10.87584 10.94472 11.01569 11.08969 11.16776 11.25111 11.34114 11.43948 11.54806 11.66907 11.80479 11.95716 12.12654 12.31022 12.50190 12.69386 12.87955 13.05454 13.21620 13.36316 13.49483 13.61111 13.71219 13.79841 13.87021 13.92805
