T3-twomodels/model120.grd
DSAA
         100         100
  -15.00000       15.00000    
  -15.00000       15.00000    
   1.555995       35.32989    
[rows 28 to 55 of 100, columns 0 to 62 of 100]
3.517216 3.697133 3.903541 4.140148 4.411292 4.721918 5.077463 5.483212 5.942503 6.451912 6.993085 7.531490 8.034917 8.488640 8.891197 9.246620 9.560371 9.837893 10.08409 10.30328 10.49916 10.67495 10.83340 10.97686 11.10738 11.22675 11.33649 11.43798 11.53243 11.62090 11.70438 11.78377 11.85990 11.93358 12.00557 12.07665 12.14760 12.21923 12.29244 12.36818 12.44754 12.53180 12.62243 12.72122 12.83039 12.95265 13.09142 13.25083 13.43523 13.64718 13.88269 14.12920 14.37237 14.60268 14.81546 15.00880 15.18224 15.33602 15.47073 15.58712 15.68599 15.76816 15.83439
3.652718 3.850610 4.079120 4.343096 4.648580 5.002849 5.414948 5.895454 6.455592 7.100217 7.806331 8.505661 9.137101 9.685918 10.15926 10.56862 10.92427 11.23503 11.50795 11.74896 11.96283 12.15363 12.32468 12.47886 12.61855 12.74586 12.86252 12.97013 13.07001 13.16340 13.25137 13.33494 13.41502 13.49249 13.56822 13.64305 13.71785 13.79355 13.87113 13.95171 14.03655 14.12714 14.22527 14.33318 14.45372 14.59062 14.74891 14.93542 15.15905 15.42812 15.73776 16.06059 16.36975 16.65389 16.91012 17.13879 17.34112 17.51867 17.67297 17.80550 17.91765 18.01064 18.08561
3.788714 4.004805 4.255801 4.547667 4.888379 5.287675 5.758857 6.318836 6.989808 7.791252 8.699924 9.595315 10.37328 11.02579 11.57399 12.03955 12.43833 12.78315 13.08325 13.34644 13.57847 13.78445 13.96818 14.13318 14.28207 14.41736 14.54094 14.65468 14.75998 14.85830 14.95074 15.03849 15.12249 15.20376 15.28320 15.36179 15.44044 15.52021 15.60217 15.68761 15.77794 15.87491 15.98063 16.09779 16.22995 16.38192 16.56055 16.77598 17.04320 17.38014 17.78227 18.19773 18.58229 18.92536 19.22792 19.49367 19.72600 19.92806 20.10246 20.25151 20.37719 20.48121 20.56505
3.923140 4.157294 4.430562 4.750051 5.125556 5.569224 6.098322 6.735624 7.512815 8.460829 9.553730 10.62812 11.54389 12.29613 12.91733 13.43801 13.87933 14.25781 14.58483 14.86999 15.12005 15.34108 15.53741 15.71312 15.87114 16.01435 16.14481 16.26462 16.37531 16.47850 16.57538 16.66726 16.75515 16.84018 16.92331 17.00561 17.08807 17.17187 17.25818 17.34843 17.44421 17.54750 17.66074 17.78707 17.93071 18.09752 18.29611 18.53962 18.84838 19.24802 19.73364 20.23385 20.68944 21.08909 21.43670 21.73873 22.00056 22.22679 22.42106 22.58647 22.72556 22.84051 22.93318
4.054098 4.305813 4.600604 4.946663 5.355309 5.840794 6.423394 7.130070 7.997847 9.061629 10.28949 11.49637 12.52294 13.36125 14.04846 14.62031 15.10185 15.51243 15.86542 16.17182 16.43944 16.67511 16.88377 17.06997 17.23696 17.38792 17.52513 17.65090 17.76690 17.87487 17.97612 18.07206 18.16377 18.25250 18.33925 18.42519 18.51141 18.59916 18.68974 18.78469 18.88581 18.99527 19.11581 19.25099 19.40563 19.58648 19.80353 20.07212 20.41579 20.86344 21.40892 21.97194 22.48459 22.93269 23.32050 23.65580 23.94516 24.19422 24.40743 24.58851 24.74054 24.86606 24.96727
4.180130 4.448564 4.763689 5.134616 5.573873 6.097283 6.727128 7.492740 8.433310 9.583898 10.90776 12.20954 13.32039 14.22876 14.97258 15.58991 16.10811 16.54846 16.92581 17.25233 17.53669 17.78641 18.00695 18.20326 18.37893 18.53742 18.68121 18.81277 18.93394 19.04657 19.15208 19.25198 19.34743 19.43977 19.53005 19.61955 19.70942 19.80101 19.89573 19.99524 20.10150 20.21687 20.34438 20.48791 20.65280 20.84648 21.07993 21.36981 21.74125 22.22425 22.81163 23.41928 23.97494 24.46185 24.88350 25.24776 25.56170 25.83153 26.06219 26.25787 26.42201 26.55752 26.66684
4.300143 4.584195 4.918143 5.311820 5.778640 6.335488 7.005838 7.820146 8.818151 10.03401 11.42770 12.79880 13.97362 14.93783 15.72885 16.38544 16.93614 17.40341 17.80314 18.14834 18.44839 18.71138 18.94318 19.14914 19.33314 19.49884 19.64895 19.78611 19.91226 20.02940 20.13903 20.24276 20.34184 20.43766 20.53136 20.62430 20.71769 20.81298 20.91168 21.01556 21.12671 21.24769 21.38172 21.53299 21.70722 21.91234 22.15998 22.46754 22.86087 23.37025 23.98783 24.62776 25.21562 25.73289 26.18209 26.57074 26.90595 27.19409 27.44039 27.64931 27.82458 27.96931 28.08616
4.413322 4.711732 5.062808 5.476913 5.968073 6.553840 7.258333 8.112432 9.155809 10.42167 11.86796 13.29139 14.51550 15.52415 16.35402 17.04392 17.62289 18.11405 18.53395 18.89622 19.21074 19.48607 19.72843 19.94348 20.13534 20.30790 20.46404 20.60653 20.73745 20.85892 20.97251 21.07992 21.18248 21.28163 21.37863 21.47485 21.57162 21.67045 21.77293 21.88095 21.99670 22.12290 22.26296 22.42131 22.60391 22.81908 23.07882 23.40097 23.81169 24.34131 24.98156 25.64565 26.25797 26.79893 27.27027 27.67908 28.03227 28.33622 28.59624 28.81693 29.00217 29.15525 29.27896
4.519082 4.830511 5.196945 5.629126 6.141481 6.751960 7.484983 8.371527 9.450994 10.75579 12.24252 13.70624 14.96890 16.01309 16.87481 17.59270 18.19596 18.70803 19.14587 19.52351 19.85122 20.13787 20.39000 20.61351 20.81273 20.99175 21.15356 21.30110 21.43655 21.56211 21.67947 21.79039 21.89626 21.99861 22.09873 22.19809 22.29806 22.40023 22.50627 22.61816 22.73821 22.86923 23.01480 23.17950 23.36954 23.59344 23.86345 24.19765 24.62233 25.16778 25.82544 26.50802 27.13923 27.69881 28.18790 28.61321 28.98141 29.29878 29.57063 29.80160 29.99566 30.15616 30.28603
4.617055 4.940142 5.320178 5.768173 6.298804 6.930237 7.687005 8.600045 9.708462 11.04407 12.56261 14.05806 15.35129 16.42411 17.31197 18.05329 18.67723 19.20742 19.66103 20.05234 20.39191 20.68884 20.94991 21.18122 21.38725 21.57226 21.73939 21.89166 22.03136 22.16079 22.28170 22.39592 22.50492 22.61028 22.71336 22.81567 22.91866 23.02396 23.13333 23.24881 23.37281 23.50823 23.65878 23.82918 24.02575 24.25718 24.53589 24.88007 25.31606 25.87413 26.54552 27.24259 27.88865 28.46297 28.96632 29.40510 29.78574 30.11440 30.39631 30.63614 30.83786 31.00488 31.14018
4.707024 5.040442 5.432416 5.894119 6.440394 7.089502 7.866004 8.800742 9.932548 11.29279 12.83658 14.35724 15.67498 16.77100 17.68035 18.44121 19.08269 19.62845 20.09579 20.49917 20.84929 21.15547 21.42463 21.66303 21.87532 22.06585 22.23788 22.39454 22.53820 22.67124 22.79547 22.91279 23.02472 23.13290 23.23874 23.34381 23.44960 23.55781 23.67025 23.78904 23.91664 24.05606 24.21106 24.38649 24.58876 24.82668 25.11276 25.46523 25.91048 26.47870 27.16101 27.86957 28.52741 29.11353 29.62839 30.07813 30.46903 30.80711 31.09754 31.34492 31.55322 31.72589 31.86593
4.788908 5.131392 5.533747 6.007254 6.566837 7.230805 8.023698 8.976242 10.12706 11.50718 13.07133 14.61231 15.94985 17.06478 17.99182 18.76899 19.42527 19.98434 20.46355 20.87746 21.23690 21.55130 21.82771 22.07251 22.29047 22.48604 22.66256 22.82325 22.97056 23.10693 23.23423 23.35442 23.46907 23.57987 23.68826 23.79588 23.90426 24.01515 24.13040 24.25220 24.38306 24.52606 24.68503 24.86487 25.07211 25.31559 25.60787 25.96726 26.42012 26.99661 27.68775 28.40556 29.07286 29.66846 30.19263 30.65133 31.05068 31.39659 31.69414 31.94790 32.16182 32.33933 32.48346
4.862723 5.213100 5.624405 6.108001 6.678847 7.355266 8.161758 9.128943 10.29527 11.69151 13.27208 14.82947 16.18310 17.31347 18.25511 19.04583 19.71458 20.28496 20.77436 21.19740 21.56498 21.88662 22.16946 22.41998 22.64303 22.84314 23.02373 23.18809 23.33873 23.47813 23.60825 23.73106 23.84821 23.96140 24.07214 24.18209 24.29284 24.40617 24.52397 24.64848 24.78226 24.92844 25.09090 25.27461 25.48612 25.73434 26.03188 26.39703 26.85617 27.43940 28.13770 28.86297 29.53791 30.14118 30.67291 31.13892 31.54520 31.89758 32.20108 32.46019 32.67885 32.86049 33.00808
4.928560 5.285735 5.704700 6.196857 6.777183 7.463997 8.281746 9.260964 10.43995 11.84932 13.44326 15.01401 16.38074 17.52376 18.47742 19.27941 19.95859 20.53852 21.03661 21.46749 21.84212 22.17006 22.45856 22.71413 22.94169 23.14585 23.33008 23.49773 23.65137 23.79352 23.92618 24.05138 24.17078 24.28615 24.39901 24.51108 24.62395 24.73947 24.85956 24.98648 25.12286 25.27183 25.43735 25.62440 25.83958 26.09184 26.39378 26.76374 27.22807 27.81685 28.52099 29.25232 29.93345 30.54295 31.08081 31.55278 31.96476 32.32247 32.63089 32.89446 33.11709 33.30219 33.45272
4.986542 5.349515 5.774974 6.274329 6.862581 7.558017 8.385055 9.374133 10.56346 11.98349 13.58825 15.16982 16.54722 17.70058 18.66412 19.47541 20.16327 20.75122 21.25665 21.69420 22.07487 22.40826 22.70165 22.96161 23.19313 23.40085 23.58830 23.75887 23.91517 24.05977 24.19469 24.32202 24.44344 24.56075 24.67552 24.78946 24.90423 25.02169 25.14380 25.27286 25.41149 25.56291 25.73106 25.92098 26.13928 26.39494 26.70058 27.07453 27.54313 28.13644 28.84533 29.58157 30.26772 30.88225 31.42510 31.90191 32.31853 32.68061 32.99308 33.26035 33.48627 33.67425 33.82723
5.036825 5.404679 5.835572 6.340924 6.935734 7.638269 8.472902 9.470020 10.66774 12.09641 13.70994 15.30029 16.68634 17.84810 18.81970 19.63864 20.33366 20.92826 21.43982 21.88298 22.26875 22.60678 22.90436 23.16810 23.40303 23.61383 23.80407 23.97718 24.13580 24.28254 24.41946 24.54865 24.67184 24.79086 24.90729 25.02289 25.13932 25.25848 25.38235 25.51324 25.65384 25.80734 25.97774 26.17008 26.39102 26.64952 26.95823 27.33545 27.80756 28.40457 29.11732 29.85755 30.54775 31.16635 31.71322 32.19395 32.61433 32.97997 33.29573 33.56602 33.79465 33.98500 34.14001
5.079564 5.451459 5.886830 6.397102 6.997262 7.705568 8.546350 9.549937 10.75440 12.18999 13.81054 15.40791 16.80089 17.96941 18.94752 19.77265 20.47350 21.07355 21.59015 22.03795 22.42797 22.76986 23.07094 23.33787 23.57568 23.78910 23.98172 24.15700 24.31761 24.46618 24.60480 24.73560 24.86032 24.98080 25.09866 25.21567 25.33353 25.45414 25.57951 25.71197 25.85421 26.00947 26.18176 26.37613 26.59925 26.86009 27.17130 27.55121 28.02615 28.62613 29.34198 30.08539 30.77883 31.40068 31.95076 32.43463 32.85802 33.22652 33.54494 33.81767 34.04849 34.24076 34.39740
5.114913 5.490077 5.929056 6.443270 7.047709 7.760602 8.606259 9.614977 10.82475 12.26581 13.89190 15.49481 16.89326 18.06712 19.05038 19.88043 20.58595 21.19036 21.71101 22.16256 22.55602 22.90105 23.20501 23.47454 23.71474 23.93031 24.12490 24.30198 24.46424 24.61434 24.75438 24.88651 25.01250 25.13421 25.25327 25.37147 25.49051 25.61232 25.73893 25.87268 26.01629 26.17299 26.34682 26.54283 26.76771 27.03044 27.34367 27.72570 28.20290 28.80525 29.52354 30.26947 30.96545 31.58986 32.14247 32.62880 33.05457 33.42531 33.74584 34.02049 34.25304 34.44683 34.60479
5.143011 5.520725 5.962507 6.479782 7.087523 7.803954 8.653358 9.666006 10.87985 12.32508 13.95539 15.56251 16.96515 18.14310 19.13032 19.96416 20.67327 21.28106 21.80487 22.25933 22.65548 23.00298 23.30920 23.58080 23.82286 24.04015 24.23631 24.41482 24.57840 24.72972 24.87090 25.00410 25.13111 25.25380 25.37382 25.49295 25.61295 25.73573 25.86332 25.99810 26.14279 26.30063 26.47567 26.67297 26.89922 27.16341 27.47820 27.86189 28.34082 28.94497 29.66514 30.41298 31.11091 31.73726 32.29180 32.78001 33.20759 33.58006 33.90219 34.17831 34.41220 34.60716 34.76612
5.163979 5.543563 5.987401 6.506914 7.117070 7.836075 8.688206 9.703698 10.92050 12.36875 14.00212 15.61231 17.01798 18.19890 19.18899 20.02559 20.73731 21.34757 21.87369 22.33031 22.72843 23.07776 23.38565 23.65878 23.90224 24.12081 24.31813 24.49771 24.66227 24.81451 24.95655 25.09055 25.21833 25.34175 25.46248 25.58233 25.70303 25.82653 25.95486 26.09041 26.23590 26.39459 26.57052 26.76878 26.99604 27.26131 27.57724 27.96214 28.44233 29.04780 29.76933 30.51856 31.21789 31.84564 32.40157 32.89114 33.32003 33.69374 34.01703 34.29423 34.52907 34.72488 34.88457
5.177905 5.558719 6.003905 6.524881 7.136616 7.857300 8.711207 9.728559 10.94728 12.39749 14.03284 15.64503 17.05267 18.23552 19.22748 20.06588 20.77931 21.39119 21.91882 22.37684 22.77628 23.12680 23.43580 23.70994 23.95433 24.17374 24.37184 24.55213 24.71735 24.87020 25.01280 25.14735 25.27563 25.39954 25.52075 25.64108 25.76225 25.88623 26.01505 26.15111 26.29713 26.45638 26.63289 26.83178 27.05971 27.32569 27.64237 28.02805 28.50906 29.11539 29.83780 30.58793 31.28819 31.91685 32.47367 32.96413 33.39386 33.76838 34.09243 34.37032 34.60580 34.80216 34.96231
5.184851 5.566277 6.012130 6.533829 7.146342 7.867861 8.722640 9.740904 10.96057 12.41175 14.04809 15.66125 17.06986 18.25367 19.24655 20.08584 20.80012 21.41279 21.94117 22.39989 22.79998 23.15110 23.46065 23.73529 23.98014 24.19997 24.39846 24.57911 24.74466 24.89780 25.04070 25.17551 25.30404 25.42820 25.54965 25.67021 25.79162 25.91584 26.04491 26.18122 26.32750 26.48703 26.66385 26.86304 27.09131 27.35763 27.67467 28.06075 28.54217 29.14892 29.87177 30.62234 31.32304 31.95215 32.50943 33.00032 33.43047 33.80538 34.12981 34.40804 34.64382 34.84045 35.00084
5.184852 5.566276 6.012130 6.533832 7.146341 7.867861 8.722641 9.740907 10.96057 12.41175 14.04809 15.66125 17.06986 18.25366 19.24655 20.08584 20.80012 21.41279 21.94117 22.39989 22.79998 23.15110 23.46065 23.73529 23.98014 24.19997 24.39845 24.57911 24.74466 24.89780 25.04069 25.17550 25.30404 25.42820 25.54965 25.67021 25.79162 25.91583 26.04491 26.18122 26.32750 26.48703 26.66384 26.86304 27.09131 27.35763 27.67467 28.06075 28.54217 29.14892 29.87176 30.62234 31.32304 31.95215 32.50943 33.00032 33.43047 33.80538 34.12981 34.40804 34.64382 34.84045 35.00084
5.177905 5.558722 6.003907 6.524883 7.136614 7.857302 8.711210 9.728559 10.94728 12.39749 14.03285 15.64503 17.05266 18.23552 19.22748 20.06588 20.77931 21.39119 21.91882 22.37684 22.77628 23.12681 23.43581 23.70994 23.95433 24.17374 24.37184 24.55213 24.71735 24.87020 25.01280 25.14735 25.27563 25.39954 25.52076 25.64108 25.76225 25.88623 26.01506 26.15111 26.29713 26.45638 26.63290 26.83178 27.05971 27.32569 27.64236 28.02805 28.50907 29.11539 29.83780 30.58793 31.28819 31.91685 32.47367 32.96413 33.39386 33.76838 34.09243 34.37032 34.60580 34.80216 34.96231
5.163980 5.543567 5.987401 6.506912 7.117070 7.836075 8.688205 9.703701 10.92050 12.36875 14.00212 15.61232 17.01798 18.19890 19.18899 20.02559 20.73731 21.34757 21.87369 22.33031 22.72843 23.07776 23.38565 23.65878 23.90224 24.12080 24.31813 24.49771 24.66228 24.81451 24.95655 25.09055 25.21833 25.34175 25.46248 25.58233 25.70303 25.82653 25.95487 26.09041 26.23590 26.39459 26.57052 26.76877 26.99604 27.26131 27.57724 27.96214 28.44232 29.04780 29.76933 30.51856 31.21789 31.84564 32.40157 32.89115 33.32003 33.69373 34.01703 34.29423 34.52907 34.72488 34.88457
5.143014 5.520729 5.962507 6.479784 7.087527 7.803957 8.653364 9.666006 10.87985 12.32508 13.95539 15.56252 16.96515 18.14311 19.13033 19.96417 20.67327 21.28106 21.80487 22.25934 22.65548 23.00299 23.30920 23.58080 23.82287 24.04016 24.23631 24.41482 24.57840 24.72972 24.87091 25.00411 25.13112 25.25380 25.37382 25.49296 25.61295 25.73573 25.86332 25.99811 26.14279 26.30063 26.47567 26.67297 26.89922 27.16342 27.47820 27.86190 28.34082 28.94498 29.66514 30.41298 31.11092 31.73726 32.29180 32.78001 33.20759 33.58006 33.90219 34.17831 34.41219 34.60716 34.76611
5.114913 5.490076 5.929054 6.443273 7.047711 7.760601 8.606261 9.614977 10.82475 12.26581 13.89190 15.49481 16.89326 18.06712 19.05038 19.88044 20.58595 21.19036 21.71101 22.16256 22.55601 22.90105 23.20501 23.47454 23.71474 23.93031 24.12490 24.30198 24.46424 24.61434 24.75438 24.88651 25.01250 25.13421 25.25327 25.37147 25.49051 25.61232 25.73893 25.87269 26.01629 26.17299 26.34682 26.54283 26.76771 27.03044 27.34367 27.72570 28.20290 28.80525 29.52355 30.26947 30.96545 31.58986 32.14246 32.62880 33.05457 33.42531 33.74584 34.02049 34.25304 34.44683 34.60479
5.079568 5.451462 5.886835 6.397104 6.997270 7.705569 8.546354 9.549946 10.75440 12.19000 13.81054 15.40791 16.80089 17.96941 18.94752 19.77265 20.47351 21.07355 21.59016 22.03796 22.42797 22.76986 23.07095 23.33787 23.57569 23.78910 23.98173 24.15701 24.31761 24.46618 24.60481 24.73560 24.86032 24.98080 25.09867 25.21568 25.33354 25.45414 25.57951 25.71197 25.85421 26.00948 26.18176 26.37613 26.59925 26.86009 27.17130 27.55121 28.02615 28.62613 29.34198 30.08540 30.77883 31.40068 31.95076 32.43464 32.85802 33.22652 33.54495 33.81767 34.04849 34.24076 34.39741
