T3-twomodels/model90.grd
DSAA
         100         100
  -15.00000       15.00000    
  -15.00000       15.00000    
   1.698129       35.65298    
[rows 28 to 55 of 100, columns 0 to 62 of 100]
3.521507 3.702210 3.909485 4.147048 4.419241 4.731014 5.087807 5.494923 5.955696 6.466720 7.009644 7.549953 8.055450 8.511419 8.916417 9.274491 9.591124 9.871780 10.12139 10.34429 10.54423 10.72444 10.88772 11.03646 11.17278 11.29850 11.41523 11.52440 11.62732 11.72515 11.81897 11.90982 11.99868 12.08651 12.17426 12.26293 12.35353 12.44717 12.54502 12.64839 12.75874 12.87772 13.00719 13.14928 13.30642 13.48128 13.67670 13.89516 14.13741 14.39929 14.66789 14.92495 15.15753 15.36141 15.53721 15.68729 15.81429 15.92066 16.00856 16.07979 16.13585 16.17795 16.20704
3.641497 3.840199 4.069602 4.334564 4.641126 4.996577 5.409965 5.891883 6.453554 7.099849 7.807776 8.509079 9.142663 9.693809 10.16969 10.58180 10.94045 11.25448 11.53096 11.77585 11.99395 12.18939 12.36551 12.52525 12.67105 12.80506 12.92910 13.04485 13.15373 13.25707 13.35608 13.45192 13.54565 13.63838 13.73114 13.82506 13.92130 14.02110 14.12584 14.23705 14.35648 14.48616 14.62844 14.78616 14.96269 15.16212 15.38937 15.65010 15.94932 16.28583 16.63849 16.97001 17.25919 17.50478 17.71166 17.88535 18.03056 18.15114 18.25019 18.33016 18.39305 18.44037 18.47337
3.761470 3.978394 4.230307 4.523187 4.865009 5.265522 5.738038 6.299467 6.972018 7.775187 8.685732 9.583167 10.36335 11.01828 11.56911 12.03752 12.43941 12.78764 13.09144 13.35869 13.59514 13.80597 13.99500 14.16583 14.32112 14.46347 14.59483 14.71717 14.83199 14.94087 15.04505 15.14587 15.24447 15.34209 15.43985 15.53905 15.64091 15.74692 15.85857 15.97768 16.10627 16.24679 16.40209 16.57577 16.77219 16.99708 17.25773 17.56390 17.92687 18.35229 18.80890 19.22914 19.58171 19.87219 20.11173 20.30992 20.47387 20.60899 20.71941 20.80827 20.87809 20.93072 20.96768
3.880146 4.115157 4.389371 4.709899 5.086543 5.531465 6.061932 6.700729 7.479547 8.429344 9.524173 10.60067 11.51873 12.27347 12.89738 13.42104 13.86559 14.24759 14.57847 14.86784 15.12251 15.34859 15.55046 15.73228 15.89700 16.04762 16.18624 16.31511 16.43584 16.55020 16.65950 16.76527 16.86868 16.97116 17.07388 17.17830 17.28575 17.39790 17.51641 17.64336 17.78103 17.93230 18.10049 18.28994 18.50600 18.75594 19.04926 19.39942 19.82297 20.33044 20.88128 21.38339 21.79620 22.13011 22.40160 22.62389 22.80634 22.95585 23.07753 23.17522 23.25192 23.30982 23.35072
3.996275 4.248870 4.544628 4.891757 5.301572 5.788348 6.372354 7.080565 7.950016 9.015631 10.24548 11.45454 12.48347 13.32436 14.01438 14.58930 15.07417 15.48842 15.84540 16.15617 16.42857 16.66952 16.88395 17.07651 17.25050 17.40921 17.55498 17.69026 17.81680 17.93653 18.05088 18.16150 18.26966 18.37690 18.48450 18.59404 18.70699 18.82516 18.95038 19.08498 19.23151 19.39320 19.57384 19.77843 20.01315 20.28652 20.60977 20.99871 21.47257 22.04259 22.66183 23.22632 23.68909 24.06125 24.36195 24.60675 24.80674 24.97001 25.10255 25.20879 25.29217 25.35521 25.39995
4.108710 4.378039 4.694154 5.066180 5.506634 6.031365 6.662652 7.429847 8.372133 9.524605 10.85051 12.15453 13.26781 14.17884 14.92556 15.54606 16.06770 16.51184 16.89332 17.22437 17.51369 17.76888 17.99541 18.19835 18.38132 18.54789 18.70062 18.84212 18.97433 19.09930 19.21857 19.33393 19.44672 19.55860 19.67096 19.78548 19.90376 20.02775 20.15947 20.30144 20.45644 20.62804 20.82044 21.03914 21.29103 21.58548 21.93482 22.35608 22.86931 23.48503 24.15264 24.76265 25.26445 25.66841 25.99450 26.25948 26.47553 26.65161 26.79434 26.90866 26.99840 27.06635 27.11478
4.216430 4.501400 4.836360 5.231160 5.699207 6.257409 6.929231 7.745162 8.744930 9.962721 11.35851 12.73191 13.90924 14.87618 15.67018 16.33003 16.88429 17.35547 17.75946 18.10935 18.41453 18.68317 18.92120 19.13403 19.32560 19.49971 19.65913 19.80665 19.94432 20.07436 20.19840 20.31833 20.43560 20.55197 20.66891 20.78823 20.91163 21.04121 21.17912 21.32807 21.49107 21.67193 21.87521 22.10679 22.37405 22.68693 23.05837 23.50590 24.04961 24.69912 25.40174 26.04539 26.57733 27.00706 27.35457 27.63712 27.86748 28.05515 28.20723 28.32905 28.42472 28.49729 28.54918
4.318606 4.617952 4.970060 5.385314 5.877726 6.464882 7.170882 8.026640 9.071825 10.33966 11.78811 13.21389 14.44057 15.45203 16.28496 16.97821 17.56084 18.05603 18.48032 18.84743 19.16726 19.44842 19.69722 19.91938 20.11909 20.30037 20.46617 20.61943 20.76234 20.89723 21.02585 21.15016 21.27173 21.39240 21.51373 21.63763 21.76591 21.90077 22.04452 22.20000 22.37042 22.55982 22.77298 23.01609 23.29686 23.62558 24.01547 24.48420 25.05168 25.72684 26.45579 27.12493 27.68033 28.13078 28.49608 28.79363 29.03647 29.23443 29.39494 29.52358 29.62469 29.70151 29.75661
4.414588 4.726974 5.094460 5.527806 6.041444 6.653338 7.387904 8.276142 9.357454 10.66428 12.15321 13.61935 14.88463 15.93170 16.79656 17.51790 18.12492 18.64112 19.08348 19.46610 19.79926 20.09194 20.35070 20.58155 20.78889 20.97691 21.14873 21.30743 21.45531 21.59481 21.72778 21.85626 21.98192 22.10666 22.23215 22.36038 22.49325 22.63307 22.78226 22.94379 23.12103 23.31817 23.54019 23.79349 24.08599 24.42815 24.83335 25.31922 25.90545 26.60046 27.34959 28.03843 28.61227 29.07940 29.45938 29.76958 30.02315 30.23013 30.39809 30.53284 30.63888 30.71955 30.77758
4.503915 4.827972 5.209085 5.658272 6.190211 6.823081 7.581422 8.496189 9.606495 10.94417 12.46496 13.96288 15.25880 16.33456 17.22564 17.97049 18.59829 19.13271 19.59095 19.98738 20.33256 20.63569 20.90358 21.14244 21.35684 21.55115 21.72859 21.89238 22.04494 22.18877 22.32583 22.45826 22.58776 22.71635 22.84575 22.97804 23.11519 23.25961 23.41380 23.58088 23.76430 23.96839 24.19827 24.46048 24.76307 25.11659 25.53445 26.03424 26.63543 27.34609 28.11108 28.81542 29.40393 29.88454 30.27659 30.59740 30.86012 31.07488 31.24939 31.38953 31.49994 31.58408 31.64474
4.586279 4.920689 5.313757 5.776673 6.324272 6.974849 7.752955 8.689452 9.823180 11.18553 12.73162 14.25480 15.57528 16.67431 17.58695 18.35141 18.99684 19.54694 20.01903 20.42764 20.78351 21.09604 21.37221 21.61837 21.83926 22.03934 22.22200 22.39051 22.54742 22.69531 22.83620 22.97229 23.10540 23.23757 23.37061 23.50665 23.64775 23.79640 23.95518 24.12728 24.31624 24.52652 24.76331 25.03324 25.34445 25.70753 26.13589 26.64703 27.26026 27.98339 28.76095 29.47762 30.07789 30.56944 30.97143 31.30107 31.57154 31.79297 31.97313 32.11799 32.23225 32.31947 32.38245
4.661510 5.005003 5.408465 5.883205 6.444140 7.109594 7.904120 8.858456 10.01123 11.39350 12.95998 14.50353 15.84387 16.96186 17.89226 18.67310 19.33341 19.89691 20.38098 20.80025 21.16556 21.48646 21.77005 22.02280 22.24958 22.45494 22.64236 22.81524 22.97615 23.12777 23.27220 23.41170 23.54813 23.68361 23.82000 23.95949 24.10421 24.25670 24.41962 24.59623 24.79014 25.00585 25.24866 25.52527 25.84381 26.21492 26.65198 27.17242 27.79540 28.52858 29.31625 30.04284 30.65263 31.15308 31.56324 31.90025 32.17723 32.40432 32.58934 32.73829 32.85591 32.94579 33.01083
4.729537 5.080935 5.493368 5.978210 6.550427 7.228362 8.036510 9.005516 10.17382 11.57225 13.15519 14.71519 16.07167 17.20517 18.15022 18.94469 19.61753 20.19243 20.68679 21.11529 21.48887 21.81714 22.10732 22.36597 22.59803 22.80816 22.99991 23.17673 23.34130 23.49634 23.64400 23.78662 23.92608 24.06458 24.20403 24.34666 24.49466 24.65061 24.81724 24.99784 25.19611 25.41659 25.66462 25.94691 26.27167 26.64951 27.09378 27.62185 28.25279 28.99409 29.78990 30.52451 31.14200 31.64973 32.06661 32.40973 32.69216 32.92405 33.11320 33.26564 33.38616 33.47837 33.54518
4.790377 5.148584 5.568689 6.062109 6.643831 7.332176 8.151605 9.132669 10.31367 11.72525 13.32160 14.89500 16.26463 17.41082 18.36795 19.17375 19.85709 20.44162 20.94475 21.38119 21.76194 22.09665 22.39262 22.65648 22.89323 23.10761 23.30323 23.48362 23.65147 23.80959 23.96018 24.10560 24.24782 24.38905 24.53125 24.67669 24.82762 24.98666 25.15656 25.34069 25.54276 25.76736 26.01987 26.30702 26.63701 27.02048 27.47071 28.00505 28.64248 29.39039 30.19282 30.93394 31.55770 32.07136 32.49378 32.84195 33.12893 33.36483 33.55747 33.71289 33.83588 33.93006 33.99840
4.844077 5.208094 5.634707 6.135342 6.725000 7.421990 8.250729 9.241673 10.43304 11.85531 13.46252 15.04677 16.42710 17.58368 18.55074 19.36590 20.05799 20.65060 21.16115 21.60435 21.99124 22.33151 22.63250 22.90090 23.14177 23.35990 23.55894 23.74248 23.91326 24.07412 24.22732 24.37524 24.51991 24.66357 24.80821 24.95616 25.10967 25.27141 25.44418 25.63137 25.83673 26.06487 26.32118 26.61243 26.94681 27.33494 27.79010 28.32957 28.97228 29.72556 30.53335 31.27973 31.90860 32.42709 32.85403 33.20637 33.49710 33.73635 33.93192 34.08982 34.21490 34.31077 34.38039
4.890737 5.259643 5.691704 6.198351 6.794582 7.498688 8.335037 9.334042 10.53382 11.96476 13.58077 15.17384 16.56285 17.72788 18.70303 19.52589 20.22520 20.82453 21.34127 21.79017 22.18224 22.52724 22.83253 23.10484 23.34926 23.57063 23.77265 23.95893 24.13227 24.29553 24.45101 24.60114 24.74795 24.89373 25.04051 25.19063 25.34639 25.51048 25.68572 25.87553 26.08368 26.31481 26.57433 26.86900 27.20702 27.59900 28.05819 28.60184 29.24885 30.00648 30.81861 31.56924 32.20222 32.72466 33.15528 33.51099 33.80482 34.04683 34.24480 34.40480 34.53161 34.62888 34.69956
4.930459 5.303420 5.739966 6.251544 6.853140 7.563025 8.405540 9.411038 10.61758 12.05546 13.67851 15.27862 16.67460 17.84641 18.82812 19.65721 20.36241 20.96724 21.48908 21.94268 22.33908 22.68803 22.99693 23.27252 23.51995 23.74408 23.94863 24.13725 24.31277 24.47810 24.63554 24.78755 24.93620 25.08380 25.23240 25.38439 25.54205 25.70813 25.88546 26.07747 26.28796 26.52159 26.78375 27.08124 27.42224 27.81734 28.27981 28.82683 29.47728 30.23838 31.05398 31.80802 32.44430 32.96988 33.40345 33.76192 34.05824 34.30248 34.50243 34.66412 34.79236 34.89078 34.96234
4.963360 5.339597 5.779760 6.295290 6.901172 7.615656 8.463068 9.473702 10.68558 12.12894 13.75755 15.36323 16.76470 17.94188 18.92878 19.76283 20.47272 21.08196 21.60791 22.06531 22.46521 22.81739 23.12924 23.40753 23.65744 23.88384 24.09049 24.28105 24.45839 24.62543 24.78450 24.93808 25.08827 25.23738 25.38750 25.54103 25.70028 25.86800 26.04704 26.24086 26.45326 26.68890 26.95321 27.25297 27.59635 27.99395 28.45900 29.00870 29.66188 30.42572 31.24405 32.00077 32.63965 33.16770 33.60361 33.96424 34.26256 34.50858 34.71010 34.87315 35.00251 35.10185 35.17413
4.989541 5.368331 5.811303 6.329902 6.939098 7.657131 8.508295 9.522870 10.73883 12.18638 13.81923 15.42914 16.83482 18.01612 19.00700 19.84487 20.55838 21.17103 21.70018 22.16054 22.56319 22.91789 23.23206 23.51249 23.76436 23.99257 24.20088 24.39300 24.57179 24.74019 24.90056 25.05541 25.20682 25.35715 25.50848 25.66323 25.82373 25.99276 26.17316 26.36840 26.58230 26.81953 27.08552 27.38703 27.73225 28.13178 28.59883 29.15057 29.80584 30.57177 31.39218 32.15094 32.79180 33.32175 33.75945 34.12175 34.42158 34.66898 34.87170 35.03580 35.16605 35.26611 35.33892
5.009090 5.389760 5.834794 6.355632 6.967247 7.687864 8.541759 9.559196 10.77812 12.22870 13.86462 15.47762 16.88634 18.07063 19.06439 19.90504 20.62120 21.23635 21.76784 22.23039 22.63505 22.99162 23.30751 23.58953 23.84285 24.07241 24.28197 24.47524 24.65512 24.82455 24.98590 25.14168 25.29401 25.44525 25.59748 25.75315 25.91460 26.08459 26.26600 26.46230 26.67731 26.91571 27.18292 27.48572 27.83230 28.23324 28.70174 29.25496 29.91173 30.67919 31.50110 32.26134 32.90364 33.43496 33.87395 34.23745 34.53839 34.78678 34.99040 35.15526 35.28616 35.38672 35.45993
5.022084 5.403984 5.850369 6.372680 6.985873 7.708182 8.563853 9.583152 10.80400 12.25655 13.89447 15.50946 16.92016 18.10639 19.10205 19.94451 20.66240 21.27918 21.81221 22.27618 22.68218 23.03998 23.35701 23.64007 23.89437 24.12481 24.33520 24.52925 24.70984 24.87996 25.04195 25.19837 25.35131 25.50314 25.65599 25.81227 25.97433 26.14497 26.32705 26.52405 26.73980 26.97896 27.24698 27.55063 27.89809 28.29994 28.76939 29.32359 29.98133 30.74978 31.57267 32.33387 32.97710 33.50930 33.94915 34.31343 34.61509 34.86414 35.06833 35.23368 35.36500 35.46591 35.53937
5.028568 5.411079 5.858135 6.381170 6.995149 7.718283 8.574841 9.595056 10.81685 12.27038 13.90928 15.52525 16.93694 18.12412 19.12071 19.96406 20.68280 21.30040 21.83418 22.29887 22.70552 23.06394 23.38153 23.66512 23.91989 24.15078 24.36159 24.55602 24.73698 24.90743 25.06975 25.22648 25.37973 25.53186 25.68501 25.84159 26.00397 26.17493 26.35734 26.55469 26.77079 27.01034 27.27876 27.58282 27.93073 28.33304 28.80295 29.35763 30.01586 30.78479 31.60815 32.36983 33.01352 33.54617 33.98642 34.35109 34.65310 34.90247 35.10695 35.27255 35.40407 35.50515 35.57874
5.028567 5.411078 5.858134 6.381167 6.995146 7.718285 8.574839 9.595056 10.81685 12.27038 13.90928 15.52525 16.93694 18.12412 19.12071 19.96406 20.68280 21.30039 21.83418 22.29887 22.70553 23.06394 23.38154 23.66512 23.91989 24.15079 24.36159 24.55602 24.73697 24.90743 25.06975 25.22647 25.37972 25.53186 25.68501 25.84159 26.00397 26.17493 26.35734 26.55469 26.77079 27.01034 27.27876 27.58283 27.93073 28.33303 28.80295 29.35763 30.01586 30.78478 31.60815 32.36983 33.01352 33.54617 33.98642 34.35109 34.65310 34.90247 35.10695 35.27255 35.40407 35.50515 35.57874
5.022082 5.403984 5.850372 6.372679 6.985875 7.708177 8.563854 9.583152 10.80400 12.25656 13.89447 15.50946 16.92017 18.10639 19.10205 19.94451 20.66240 21.27918 21.81221 22.27618 22.68218 23.03998 23.35701 23.64007 23.89437 24.12481 24.33520 24.52925 24.70984 24.87996 25.04196 25.19836 25.35131 25.50315 25.65599 25.81227 25.97434 26.14497 26.32705 26.52406 26.73980 26.97896 27.24698 27.55063 27.89809 28.29994 28.76939 29.32359 29.98133 30.74978 31.57267 32.33387 32.97709 33.50931 33.94915 34.31344 34.61509 34.86414 35.06833 35.23368 35.36500 35.46591 35.53937
5.009091 5.389759 5.834793 6.355632 6.967248 7.687864 8.541760 9.559197 10.77812 12.22870 13.86462 15.47762 16.88634 18.07063 19.06439 19.90504 20.62120 21.23635 21.76784 22.23038 22.63505 22.99162 23.30751 23.58953 23.84285 24.07241 24.28197 24.47524 24.65512 24.82455 24.98590 25.14168 25.29401 25.44524 25.59748 25.75315 25.91460 26.08459 26.26600 26.46230 26.67731 26.91571 27.18291 27.48572 27.83230 28.23324 28.70174 29.25496 29.91173 30.67919 31.50109 32.26134 32.90364 33.43496 33.87395 34.23746 34.53839 34.78678 34.99040 35.15526 35.28616 35.38672 35.45993
4.989542 5.368331 5.811303 6.329902 6.939099 7.657133 8.508297 9.522873 10.73884 12.18639 13.81923 15.42914 16.83482 18.01612 19.00700 19.84487 20.55838 21.17103 21.70018 22.16055 22.56319 22.91789 23.23206 23.51249 23.76436 23.99257 24.20088 24.39300 24.57179 24.74019 24.90056 25.05541 25.20682 25.35715 25.50848 25.66323 25.82373 25.99276 26.17316 26.36840 26.58230 26.81953 27.08551 27.38702 27.73225 28.13178 28.59883 29.15057 29.80583 30.57177 31.39217 32.15094 32.79180 33.32175 33.75945 34.12175 34.42157 34.66897 34.87171 35.03580 35.16605 35.26610 35.33892
4.963361 5.339595 5.779757 6.295291 6.901172 7.615662 8.463064 9.473703 10.68558 12.12894 13.75755 15.36322 16.76470 17.94188 18.92878 19.76283 20.47272 21.08195 21.60791 22.06531 22.46521 22.81739 23.12923 23.40753 23.65744 23.88384 24.09049 24.28105 24.45839 24.62543 24.78449 24.93808 25.08827 25.23738 25.38750 25.54103 25.70028 25.86800 26.04703 26.24086 26.45325 26.68890 26.95321 27.25296 27.59635 27.99395 28.45900 29.00870 29.66187 30.42572 31.24405 32.00076 32.63964 33.16770 33.60361 33.96424 34.26255 34.50858 34.71010 34.87314 35.00251 35.10185 35.17413
4.930461 5.303421 5.739970 6.251546 6.853142 7.563027 8.405543 9.411041 10.61758 12.05546 13.67851 15.27863 16.67460 17.84642 18.82812 19.65722 20.36241 20.96724 21.48909 21.94269 22.33908 22.68803 22.99693 23.27252 23.51995 23.74408 23.94863 24.13725 24.31277 24.47810 24.63554 24.78755 24.93620 25.08381 25.23240 25.38439 25.54205 25.70813 25.88546 26.07747 26.28796 26.52159 26.78375 27.08124 27.42224 27.81735 28.27981 28.82683 29.47729 30.23839 31.05398 31.80802 32.44431 32.96988 33.40346 33.76192 34.05824 34.30248 34.50244 34.66412 34.79236 34.89078 34.96235
