T3-twomodels/model90.grd
DSAA
         100         100
  -15.00000       15.00000    
  -15.00000       15.00000    
  0.6781838       35.18177    
[rows 28 to 55 of 100, columns 0 to 62 of 100]
2.403789 2.605871 2.833197 3.089804 3.380506 3.710999 4.087999 4.519094 5.012002 5.571173 6.188088 6.826532 7.434846 7.982869 8.465927 8.889665 9.261938 9.590260 9.881183 10.14030 10.37234 10.58132 10.77064 10.94324 11.10164 11.24805 11.38439 11.51240 11.63361 11.74948 11.86131 11.97040 12.07797 12.18528 12.29356 12.40417 12.51849 12.63809 12.76466 12.90017 13.04677 13.20710 13.38408 13.58127 13.80269 14.05302 14.33686 14.65706 15.00795 15.36110 15.66504 15.89644 16.07429 16.21819 16.33772 16.43734 16.51979 16.58687 16.64005 16.68038 16.70878 16.72585 16.73212
2.510490 2.729665 2.977746 3.259800 3.582135 3.952501 4.380823 4.879458 5.464025 6.150327 6.939326 7.771125 8.542805 9.209931 9.779130 10.26688 10.68808 11.05476 11.37627 11.66025 11.91272 12.13878 12.34246 12.52739 12.69638 12.85213 12.99671 13.13221 13.26023 13.38252 13.50042 13.61551 13.72898 13.84241 13.95701 14.07450 14.19625 14.32429 14.46037 14.60710 14.76686 14.94323 15.13975 15.36170 15.61468 15.90698 16.24772 16.64843 17.11206 17.59971 17.99651 18.25838 18.44745 18.60039 18.72897 18.83656 18.92613 18.99897 19.05703 19.10107 19.13243 19.15150 19.15913
2.616592 2.852884 3.121773 3.429365 3.783499 4.194020 4.674181 5.241314 5.919577 6.737541 7.708430 8.746644 9.690274 10.48035 11.13743 11.69004 12.16062 12.56590 12.91813 13.22707 13.49999 13.74316 13.96120 14.15845 14.33801 14.50309 14.65586 14.79884 14.93362 15.06234 15.18626 15.30733 15.42666 15.54620 15.66708 15.79145 15.92059 16.05709 16.20266 16.36065 16.53356 16.72606 16.94221 17.18913 17.47396 17.80889 18.20777 18.69192 19.27495 19.90873 20.40438 20.69422 20.89241 21.05351 21.19090 21.30629 21.40299 21.48155 21.54451 21.59223 21.62659 21.64764 21.65667
2.721004 2.974110 3.263389 3.595943 3.981007 4.430361 4.960142 5.591872 6.356055 7.289309 8.408792 9.610075 10.69617 11.59513 12.33338 12.94737 13.46535 13.90799 14.29017 14.62350 14.91651 15.17646 15.40866 15.61802 15.80803 15.98228 16.14318 16.29349 16.43499 16.57001 16.69991 16.82684 16.95200 17.07754 17.20466 17.33575 17.47223 17.61700 17.77197 17.94094 18.12681 18.33500 18.57030 18.84125 19.15663 19.53156 19.98382 20.54077 21.22035 21.96257 22.53711 22.86155 23.07540 23.24757 23.39460 23.51828 23.62209 23.70649 23.77426 23.82573 23.86299 23.88608 23.89644
2.822676 3.091991 3.400822 3.757155 4.171406 4.656944 5.232064 5.921157 6.758246 7.782966 9.011220 10.32782 11.51979 12.50648 13.31437 13.98324 14.54475 15.02232 15.43284 15.78944 16.10175 16.37790 16.62381 16.84493 17.04513 17.22831 17.39715 17.55464 17.70271 17.84389 17.97966 18.11232 18.24318 18.37456 18.50779 18.64544 18.78909 18.94187 19.10595 19.28549 19.48380 19.70688 19.96025 20.25348 20.59671 21.00693 21.50421 22.11813 22.86598 23.67886 24.30973 24.66903 24.90358 25.08981 25.24770 25.38017 25.49121 25.58149 25.65400 25.70920 25.74930 25.77441 25.78608
2.920664 3.205325 3.532536 3.911011 4.352090 4.870327 5.485460 6.223544 7.120138 8.215402 9.523082 10.92214 12.19216 13.24733 14.11266 14.82877 15.42894 15.93821 16.37488 16.75320 17.08371 17.37522 17.63423 17.86661 18.07660 18.26841 18.44493 18.60936 18.76381 18.91095 19.05241 19.19063 19.32703 19.46408 19.60321 19.74717 19.89772 20.05817 20.23094 20.42049 20.63049 20.86740 21.13735 21.45061 21.81826 22.25832 22.79185 23.44865 24.24427 25.10464 25.77597 26.16526 26.42074 26.62204 26.79136 26.93284 27.05112 27.14722 27.22439 27.28324 27.32612 27.35320 27.36612
3.014146 3.313108 3.657291 4.055981 4.521210 5.068332 5.717972 6.497025 7.441563 8.591413 9.958579 11.41873 12.74753 13.85613 14.76812 15.52403 16.15773 16.69515 17.15545 17.55367 17.90104 18.20690 18.47824 18.72128 18.94059 19.14061 19.32447 19.49557 19.65614 19.80902 19.95596 20.09952 20.24125 20.38372 20.52852 20.67852 20.83561 21.00331 21.18425 21.38313 21.60391 21.85343 22.13822 22.46909 22.85762 23.32233 23.88453 24.57365 25.40371 26.29792 26.99928 27.41290 27.68718 27.90285 28.08332 28.23363 28.35896 28.46072 28.54239 28.60476 28.65030 28.67930 28.69343
3.102468 3.414566 3.774185 4.191042 4.677652 5.249888 5.928876 6.741879 7.725011 8.917589 10.33033 11.83693 13.21091 14.36158 15.31138 16.10046 16.76285 17.32485 17.80616 18.22235 18.58510 18.90420 19.18698 19.43999 19.66805 19.87584 20.06666 20.24407 20.41048 20.56882 20.72099 20.86965 21.01645 21.16408 21.31425 21.46994 21.63319 21.80767 21.99619 22.20363 22.43421 22.69503 22.99292 23.33898 23.74510 24.22996 24.81483 25.52863 26.38433 27.30354 28.02772 28.46094 28.75127 28.97984 29.17063 29.32923 29.46123 29.56835 29.65429 29.72001 29.76809 29.79889 29.81416
3.185126 3.509137 3.882619 4.315593 4.820906 5.414746 6.118498 6.959540 7.973878 9.200328 10.64875 12.19162 13.60104 14.78519 15.76572 16.58234 17.26904 17.85230 18.35207 18.78426 19.16088 19.49203 19.78531 20.04754 20.28374 20.49878 20.69612 20.87949 21.05139 21.21491 21.37201 21.52548 21.67707 21.82957 21.98478 22.14579 22.31477 22.49552 22.69098 22.90619 23.14558 23.41639 23.72568 24.08472 24.50553 25.00682 25.60970 26.34267 27.21801 28.15643 28.89839 29.34731 29.65105 29.89081 30.09082 30.25695 30.39509 30.50719 30.59711 30.66595 30.71640 30.74890 30.76525
3.261762 3.596460 3.982256 4.429385 4.950909 5.563197 6.287751 7.151963 8.191648 9.445245 10.92195 12.49344 13.93103 15.14207 16.14764 16.98713 17.69435 18.29583 18.81167 19.25797 19.64695 19.98895 20.29178 20.56244 20.80613 21.02787 21.23129 21.42019 21.59724 21.76558 21.92731 22.08529 22.24136 22.39839 22.55829 22.72423 22.89849 23.08497 23.28671 23.50892 23.75611 24.03569 24.35481 24.72487 25.15791 25.67261 26.28991 27.03799 27.92863 28.88196 29.63794 30.09958 30.41447 30.66376 30.87181 31.04464 31.18831 31.30493 31.39849 31.47020 31.52283 31.55688 31.57422
3.332151 3.676342 4.072973 4.532428 5.067899 5.695860 6.437854 7.321216 8.381603 9.657135 11.15659 12.75109 14.21134 15.44418 16.47027 17.32871 18.05320 18.67023 19.19995 19.65858 20.05849 20.41017 20.72157 20.99987 21.25038 21.47827 21.68725 21.88128 22.06307 22.23590 22.40192 22.56407 22.72429 22.88552 23.04973 23.22020 23.39927 23.59092 23.79833 24.02674 24.28080 24.56800 24.89556 25.27490 25.71811 26.24379 26.87272 27.63285 28.53563 29.50087 30.26810 30.74001 31.06409 31.32143 31.53639 31.71507 31.86364 31.98430 32.08114 32.15544 32.21005 32.24553 32.26375
3.396174 3.748717 4.154799 4.624904 5.172305 5.813522 6.570099 7.469312 8.546658 9.840022 11.35784 12.97086 14.44943 15.70002 16.74296 17.61714 18.35612 18.98635 19.52799 19.99731 20.40680 20.76702 21.08606 21.37119 21.62786 21.86131 22.07537 22.27406 22.46021 22.63714 22.80710 22.97309 23.13712 23.30218 23.47033 23.64490 23.82830 24.02461 24.23704 24.47094 24.73099 25.02475 25.35950 25.74667 26.19832 26.73299 27.37136 28.14118 29.05368 30.02836 30.80461 31.28495 31.61664 31.88072 32.10155 32.28529 32.43813 32.56234 32.66208 32.73870 32.79508 32.83183 32.85086
3.453786 3.813612 4.227870 4.707109 5.264647 5.917029 6.685780 7.598097 8.689365 9.997281 11.53007 13.15820 14.65171 15.91680 16.97360 17.86083 18.61194 19.25331 19.80512 20.28366 20.70145 21.06915 21.39493 21.68612 21.94828 22.18671 22.40534 22.60825 22.79834 22.97900 23.15253 23.32200 23.48947 23.65800 23.82970 24.00795 24.19523 24.39566 24.61252 24.85120 25.11643 25.41583 25.75667 26.15040 26.60906 27.15113 27.79716 28.57482 29.49516 30.47755 31.26115 31.74831 32.08625 32.35596 32.58176 32.76979 32.92632 33.05362 33.15591 33.23456 33.29251 33.33038 33.35010
3.505014 3.871118 4.292382 4.779391 5.345490 6.007220 6.786086 7.709224 8.811912 10.13170 11.67664 13.31700 14.82265 16.09959 17.16778 18.06581 18.82703 19.47777 20.03818 20.52458 20.94951 21.32370 21.65534 21.95186 22.21885 22.46170 22.68439 22.89106 23.08467 23.26866 23.44539 23.61798 23.78853 23.96016 24.13502 24.31653 24.50724 24.71129 24.93200 25.17482 25.44451 25.74868 26.09465 26.49387 26.95831 27.50644 28.15873 28.94274 29.86941 30.85796 31.64748 32.14025 32.48335 32.75773 32.98768 33.17936 33.33901 33.46896 33.57345 33.65387 33.71317 33.75201 33.77235
3.549905 3.921371 4.348572 4.842123 5.415380 6.084884 6.872104 7.804127 8.916150 10.24562 11.80046 13.45082 14.96636 16.25298 17.33050 18.23741 19.00699 19.66554 20.23318 20.72621 21.15722 21.53694 21.87364 22.17476 22.44595 22.69266 22.91890 23.12888 23.32558 23.51251 23.69206 23.86740 24.04067 24.21503 24.39266 24.57703 24.77071 24.97789 25.20193 25.44828 25.72174 26.02994 26.38020 26.78396 27.25317 27.80625 28.46363 29.25278 30.18458 31.17818 31.97253 32.46981 32.81713 33.09535 33.32874 33.52346 33.68576 33.81795 33.92431 34.00623 34.06670 34.10637 34.12722
3.588557 3.964517 4.396680 4.895669 5.474843 6.150735 6.944788 7.884044 9.003638 10.34093 11.90374 13.56209 15.08560 16.38004 17.46513 18.37928 19.15573 19.82070 20.39432 20.89289 21.32899 21.71338 22.05435 22.35939 22.63417 22.88418 23.11348 23.32631 23.52569 23.71516 23.89716 24.07488 24.25051 24.42721 24.60723 24.79405 24.99028 25.20012 25.42696 25.67629 25.95291 26.26446 26.61827 27.02574 27.49884 28.05594 28.71743 29.51072 30.44662 31.44421 32.24242 32.74339 33.09414 33.37548 33.61170 33.80893 33.97340 34.10747 34.21538 34.29856 34.36002 34.40039 34.42167
3.621052 4.000716 4.436941 4.940363 5.524343 6.205398 7.004952 7.950012 9.075649 10.41919 11.98837 13.65317 15.18305 16.48373 17.57489 18.49486 19.27683 19.94701 20.52550 21.02859 21.46888 21.85712 22.20163 22.50992 22.78770 23.04049 23.27235 23.48757 23.68921 23.88083 24.06490 24.24463 24.42224 24.60093 24.78295 24.97183 25.17018 25.38225 25.61142 25.86320 26.14241 26.45670 26.81337 27.22386 27.70008 28.26039 28.92515 29.72173 30.66091 31.66172 32.46302 32.96690 33.32035 33.60422 33.84271 34.04197 34.20822 34.34381 34.45301 34.53724 34.59948 34.64043 34.66206
3.647492 4.030110 4.469569 4.976507 5.564283 6.249403 7.053275 8.002872 9.133241 10.48164 12.05575 13.72549 15.26032 16.56587 17.66176 18.58628 19.37261 20.04690 20.62924 21.13593 21.57954 21.97087 22.31823 22.62914 22.90935 23.16437 23.39832 23.61550 23.81898 24.01236 24.19811 24.37948 24.55871 24.73902 24.92267 25.11322 25.31330 25.52715 25.75820 26.01194 26.29322 26.60967 26.96861 27.38146 27.86013 28.42295 29.09025 29.88939 30.83110 31.83435 32.63802 33.14420 33.49979 33.78561 34.02591 34.22675 34.39441 34.53121 34.64142 34.72647 34.78936 34.83077 34.85268
3.667953 4.052828 4.494746 5.004350 5.594997 6.283184 7.090302 8.043307 9.177214 10.52925 12.10709 13.78058 15.31913 16.62832 17.72776 18.65572 19.44531 20.12271 20.70797 21.21738 21.66355 22.05723 22.40676 22.71970 23.00177 23.25853 23.49409 23.71278 23.91769 24.11242 24.29948 24.48213 24.66261 24.84418 25.02910 25.22094 25.42234 25.63757 25.87005 26.12530 26.40815 26.72624 27.08690 27.50153 27.98204 28.54674 29.21594 30.01699 30.96059 31.96573 32.77121 33.27905 33.63623 33.92354 34.16516 34.36721 34.53594 34.67366 34.78464 34.87032 34.93369 34.97545 34.99756
3.682517 4.068977 4.512621 5.024095 5.616746 6.307075 7.116456 8.071830 9.208195 10.56276 12.14314 13.81919 15.36029 16.67201 17.77392 18.70426 19.49614 20.17569 20.76300 21.27433 21.72228 22.11762 22.46871 22.78307 23.06646 23.32444 23.56116 23.78092 23.98685 24.18255 24.37055 24.55411 24.73549 24.91794 25.10376 25.29652 25.49886 25.71506 25.94856 26.20486 26.48882 26.80806 27.16992 27.58579 28.06758 28.63358 29.30411 30.10648 31.05139 32.05776 32.86446 33.37350 33.73180 34.02012 34.26268 34.46558 34.63504 34.77340 34.88492 34.97105 35.03476 35.07676 35.09902
3.691230 4.078634 4.523303 5.035884 5.629722 6.321312 7.132029 8.088800 9.226612 10.58267 12.16458 13.84217 15.38480 16.69801 17.80138 18.73312 19.52634 20.20718 20.79570 21.30817 21.75717 22.15351 22.50550 22.82072 23.10490 23.36362 23.60102 23.82143 24.02796 24.22424 24.41280 24.59690 24.77882 24.96181 25.14817 25.34147 25.54438 25.76117 25.99526 26.25220 26.53681 26.85674 27.21931 27.63591 28.11845 28.68522 29.35653 30.15968 31.10536 32.11253 32.91996 33.42968 33.78862 34.07754 34.32066 34.52405 34.69395 34.83270 34.94453 35.03091 35.09483 35.13698 35.15932
3.694134 4.081847 4.526858 5.039801 5.634037 6.326047 7.137203 8.094433 9.232728 10.58926 12.17166 13.84972 15.39283 16.70654 17.81038 18.74260 19.53626 20.21753 20.80645 21.31929 21.76865 22.16531 22.51761 22.83310 23.11755 23.37651 23.61414 23.83476 24.04150 24.23798 24.42672 24.61100 24.79310 24.97627 25.16281 25.35630 25.55939 25.77637 26.01066 26.26780 26.55263 26.87279 27.23559 27.65244 28.13523 28.70226 29.37382 30.17723 31.12315 32.13053 32.93819 33.44815 33.80731 34.09644 34.33974 34.54329 34.71333 34.85220 34.96415 35.05062 35.11460 35.15680 35.17918
3.691230 4.078636 4.523304 5.035886 5.629723 6.321314 7.132030 8.088801 9.226613 10.58267 12.16458 13.84217 15.38480 16.69801 17.80138 18.73313 19.52634 20.20719 20.79570 21.30817 21.75717 22.15351 22.50550 22.82072 23.10490 23.36362 23.60102 23.82143 24.02796 24.22425 24.41280 24.59691 24.77882 24.96181 25.14817 25.34148 25.54438 25.76117 25.99526 26.25220 26.53681 26.85674 27.21931 27.63592 28.11845 28.68522 29.35653 30.15968 31.10536 32.11253 32.91996 33.42968 33.78862 34.07754 34.32066 34.52405 34.69395 34.83269 34.94453 35.03091 35.09483 35.13697 35.15933
3.682517 4.068978 4.512622 5.024095 5.616746 6.307075 7.116457 8.071830 9.208194 10.56276 12.14314 13.81918 15.36028 16.67201 17.77392 18.70426 19.49613 20.17569 20.76300 21.27433 21.72228 22.11762 22.46870 22.78306 23.06645 23.32444 23.56115 23.78092 23.98685 24.18255 24.37054 24.55410 24.73548 24.91794 25.10376 25.29651 25.49886 25.71506 25.94855 26.20486 26.48881 26.80806 27.16992 27.58579 28.06757 28.63358 29.30411 30.10648 31.05138 32.05776 32.86446 33.37350 33.73179 34.02012 34.26268 34.46557 34.63504 34.77340 34.88492 34.97104 35.03476 35.07676 35.09902
3.667953 4.052828 4.494747 5.004352 5.594996 6.283184 7.090301 8.043307 9.177212 10.52925 12.10708 13.78058 15.31912 16.62832 17.72776 18.65572 19.44531 20.12270 20.70797 21.21738 21.66354 22.05723 22.40676 22.71970 23.00177 23.25852 23.49409 23.71278 23.91769 24.11242 24.29948 24.48213 24.66261 24.84418 25.02910 25.22094 25.42234 25.63757 25.87005 26.12530 26.40814 26.72624 27.08690 27.50153 27.98203 28.54673 29.21594 30.01699 30.96059 31.96573 32.77120 33.27905 33.63623 33.92353 34.16515 34.36721 34.53594 34.67365 34.78464 34.87032 34.93369 34.97545 34.99756
3.647491 4.030110 4.469569 4.976507 5.564283 6.249403 7.053276 8.002870 9.133240 10.48164 12.05575 13.72549 15.26032 16.56586 17.66175 18.58628 19.37260 20.04689 20.62924 21.13593 21.57954 21.97087 22.31823 22.62914 22.90935 23.16437 23.39832 23.61550 23.81898 24.01235 24.19810 24.37948 24.55871 24.73901 24.92267 25.11322 25.31330 25.52715 25.75820 26.01194 26.29322 26.60966 26.96861 27.38146 27.86012 28.42295 29.09025 29.88939 30.83109 31.83434 32.63802 33.14419 33.49979 33.78561 34.02590 34.22675 34.39441 34.53121 34.64142 34.72647 34.78936 34.83077 34.85268
3.621052 4.000717 4.436940 4.940363 5.524343 6.205398 7.004951 7.950011 9.075651 10.41919 11.98837 13.65316 15.18305 16.48373 17.57488 18.49486 19.27683 19.94701 20.52550 21.02859 21.46888 21.85712 22.20163 22.50992 22.78769 23.04048 23.27235 23.48757 23.68921 23.88083 24.06490 24.24463 24.42223 24.60093 24.78295 24.97183 25.17018 25.38224 25.61142 25.86320 26.14241 26.45669 26.81337 27.22386 27.70007 28.26039 28.92514 29.72173 30.66090 31.66171 32.46302 32.96689 33.32035 33.60421 33.84271 34.04197 34.20822 34.34381 34.45300 34.53724 34.59948 34.64043 34.66206
3.588557 3.964518 4.396680 4.895668 5.474844 6.150736 6.944790 7.884045 9.003638 10.34093 11.90373 13.56209 15.08560 16.38003 17.46513 18.37928 19.15573 19.82070 20.39432 20.89289 21.32899 21.71338 22.05435 22.35938 22.63417 22.88418 23.11348 23.32630 23.52568 23.71516 23.89716 24.07488 24.25050 24.42721 24.60723 24.79405 24.99028 25.20012 25.42696 25.67629 25.95291 26.26446 26.61826 27.02574 27.49884 28.05594 28.71743 29.51072 30.44662 31.44420 32.24241 32.74339 33.09413 33.37548 33.61169 33.80893 33.97340 34.10746 34.21538 34.29856 34.36001 34.40038 34.42167
