T3-twomodels/model150.grd
DSAA
         100         100
  -15.00000       15.00000    
  -15.00000       15.00000    
  0.5437307       33.61594    
[rows 28 to 55 of 100, columns 0 to 62 of 100]
2.482525 2.681824 2.906194 3.159647 3.446992 3.773898 4.147073 4.574075 5.062610 5.617089 6.228981 6.862029 7.464548 8.006332 8.482676 8.899167 9.263623 9.583486 9.865253 10.11444 10.33570 10.53295 10.70950 10.86816 11.01132 11.14104 11.25907 11.36694 11.46598 11.55736 11.64211 11.72115 11.79534 11.86544 11.93218 11.99627 12.05838 12.11923 12.17954 12.24012 12.30187 12.36586 12.43340 12.50617 12.58638 12.67716 12.78295 12.91025 13.06734 13.25935 13.47503 13.69123 13.89670 14.09122 14.27597 14.45148 14.61776 14.77457 14.92155 15.05829 15.18432 15.29913 15.40221
2.612781 2.829096 3.074156 3.352965 3.671865 4.038538 4.462939 4.957350 5.537426 6.218883 7.002715 7.828930 8.594634 9.255294 9.817558 10.29779 10.71089 11.06876 11.38076 11.65439 11.89563 12.10942 12.29976 12.47005 12.62308 12.76126 12.88656 13.00078 13.10536 13.20166 13.29079 13.37381 13.45161 13.52509 13.59500 13.66216 13.72726 13.79117 13.85460 13.91857 13.98399 14.05226 14.12478 14.20380 14.29203 14.39395 14.51596 14.66950 14.87193 15.14061 15.44735 15.73235 15.98515 16.21730 16.43466 16.63930 16.83192 17.01259 17.18127 17.33765 17.48147 17.61228 17.72971
2.742641 2.975992 3.241802 3.546056 3.896682 4.303397 4.779549 5.342329 6.015990 6.828950 7.794533 8.826974 9.764460 10.54785 11.19777 11.74258 12.20478 12.60091 12.94329 13.24145 13.50271 13.73306 13.93720 14.11913 14.28200 14.42862 14.56118 14.68173 14.79182 14.89303 14.98650 15.07348 15.15487 15.23171 15.30475 15.37497 15.44304 15.50998 15.57651 15.64386 15.71295 15.78548 15.86299 15.94831 16.04458 16.15777 16.29628 16.47693 16.72733 17.07988 17.48626 17.84305 18.14326 18.41294 18.66293 18.89681 19.11592 19.32060 19.51111 19.68725 19.84897 19.99588 20.12774
2.869852 3.119949 3.406082 3.735216 4.116693 4.562143 5.087818 5.715077 6.474540 7.402648 8.516679 9.712015 10.79179 11.68384 12.41471 13.02063 13.52996 13.96313 14.33511 14.65724 14.93815 15.18477 15.40250 15.59587 15.76846 15.92340 16.06312 16.18991 16.30545 16.41149 16.50926 16.60014 16.68507 16.76521 16.84136 16.91458 16.98558 17.05551 17.12511 17.19576 17.26847 17.34517 17.42758 17.51898 17.62307 17.74693 17.90079 18.10532 18.39466 18.80789 19.28616 19.70359 20.04965 20.35654 20.63867 20.90117 21.14609 21.37416 21.58592 21.78133 21.96051 22.12314 22.26911
2.992666 3.258909 3.564528 3.917364 4.327945 4.809491 5.380402 6.064915 6.897162 7.916602 9.139259 10.44975 11.63521 12.61479 13.41508 14.07563 14.62822 15.09600 15.49597 15.84097 16.14074 16.40306 16.63394 16.83843 17.02048 17.18353 17.33025 17.46312 17.58400 17.69476 17.79674 17.89143 17.97983 18.06321 18.14240 18.21854 18.29243 18.36525 18.43786 18.51171 18.58795 18.66865 18.75577 18.85292 18.96429 19.09777 19.26492 19.48853 19.80561 20.25694 20.77988 21.24074 21.62507 21.96530 22.27694 22.56596 22.83493 23.08489 23.31660 23.53018 23.72587 23.90343 24.06281
3.109872 3.391402 3.715333 4.090238 4.527568 5.041726 5.652554 6.385951 7.277587 8.367444 9.669379 11.06216 12.32550 13.37337 14.23088 14.93843 15.52940 16.02858 16.45436 16.82070 17.13823 17.41543 17.65886 17.87400 18.06513 18.23599 18.38947 18.52823 18.65428 18.76962 18.87569 18.97407 19.06585 19.15236 19.23451 19.31350 19.39018 19.46581 19.54132 19.61826 19.69786 19.78237 19.87392 19.97638 20.09433 20.23623 20.41444 20.65282 20.98951 21.46564 22.01723 22.50800 22.92127 23.28854 23.62519 23.93727 24.22751 24.49709 24.74684 24.97698 25.18781 25.37914 25.55093
3.220621 3.516393 3.857231 4.252282 4.713686 5.256643 5.901887 6.676151 7.615616 8.759932 10.12122 11.57495 12.89689 13.99800 14.90197 15.64908 16.27332 16.80034 17.24943 17.63531 17.96927 18.26036 18.51557 18.74078 18.94054 19.11884 19.27879 19.42319 19.55420 19.67394 19.78395 19.88589 19.98093 20.07046 20.15546 20.23719 20.31656 20.39489 20.47317 20.55304 20.63583 20.72391 20.81955 20.92685 21.05064 21.19977 21.38707 21.63693 21.98795 22.48140 23.05272 23.56454 23.99920 24.38747 24.74429 25.07554 25.38385 25.67035 25.93589 26.18067 26.40499 26.60868 26.79169
3.324325 3.633177 3.989391 4.402544 4.885253 5.453247 6.127747 6.935863 7.913816 9.100740 10.50746 12.00750 13.37446 14.51745 15.45903 16.23909 16.89176 17.44309 17.91287 18.31636 18.66531 18.96918 19.23533 19.46992 19.67779 19.86311 20.02916 20.17891 20.31465 20.43858 20.55235 20.65769 20.75585 20.84827 20.93599 21.02034 21.10226 21.18316 21.26408 21.34672 21.43250 21.52388 21.62327 21.73490 21.86383 22.01912 22.21389 22.47282 22.83469 23.34077 23.92631 24.45356 24.90425 25.30870 25.68151 26.02831 26.35157 26.65233 26.93133 27.18875 27.42483 27.63935 27.83226
3.420607 3.741319 4.111340 4.540546 5.041889 5.631407 6.330588 7.166653 8.175704 9.396391 10.83867 12.37483 13.77709 14.95338 15.92549 16.73288 17.40963 17.98194 18.46988 18.88903 19.25147 19.56695 19.84313 20.08639 20.30177 20.49363 20.66541 20.82018 20.96037 21.08826 21.20559 21.31415 21.41526 21.51043 21.60074 21.68756 21.77191 21.85524 21.93863 22.02385 22.11240 22.20680 22.30959 22.42509 22.55850 22.71904 22.91999 23.18619 23.55653 24.07231 24.66865 25.20752 25.67044 26.08744 26.47288 26.83219 27.16768 27.48024 27.77055 28.03868 28.28481 28.50868 28.71018
3.509244 3.840595 4.222872 4.666176 5.183663 5.791555 6.511464 7.370605 8.404911 9.652632 11.12308 12.68773 14.11800 15.32103 16.31800 17.14804 17.84509 18.43537 18.93910 19.37203 19.74648 20.07241 20.35767 20.60884 20.83112 21.02902 21.20610 21.36557 21.50990 21.64149 21.76216 21.87375 21.97763 22.07538 22.16812 22.25728 22.34390 22.42949 22.51518 22.60280 22.69390 22.79106 22.89689 23.01582 23.15313 23.31814 23.52424 23.79636 24.17344 24.69677 25.30143 25.84933 26.32178 26.74865 27.14412 27.51349 27.85892 28.18119 28.48088 28.75798 29.01260 29.24442 29.45326
3.590152 3.930949 4.324010 4.779583 5.310956 5.934454 6.671723 7.549939 8.604852 9.874410 11.36749 12.95503 14.40782 15.63250 16.64981 17.49863 18.21273 18.81832 19.33566 19.78063 20.16566 20.50089 20.79430 21.05262 21.28117 21.48459 21.66654 21.83031 21.97849 22.11352 22.23727 22.35168 22.45815 22.55831 22.65331 22.74464 22.83338 22.92106 23.00888 23.09870 23.19212 23.29177 23.40032 23.52226 23.66295 23.83178 24.04219 24.31919 24.70174 25.23116 25.84248 26.39750 26.87747 27.31216 27.71567 28.09313 28.44663 28.77685 29.08429 29.36885 29.63058 29.86907 30.08412
3.663341 4.012450 4.414915 4.881085 5.424331 6.061021 6.812809 7.706794 8.778584 10.06588 11.57722 13.18316 14.65415 15.89643 16.93044 17.79481 18.52320 19.14178 19.67078 20.12617 20.52046 20.86388 21.16454 21.42924 21.66344 21.87185 22.05822 22.22593 22.37761 22.51579 22.64240 22.75940 22.86825 22.97063 23.06772 23.16105 23.25173 23.34134 23.43110 23.52292 23.61843 23.72031 23.83128 23.95587 24.09948 24.27156 24.48561 24.76665 25.15367 25.68797 26.30459 26.86532 27.35134 27.79232 28.20227 28.58629 28.94635 29.28308 29.59688 29.88760 30.15523 30.39930 30.61953
3.728901 4.085248 4.495848 4.971105 5.524435 6.172233 6.936127 7.843149 8.928782 10.23055 11.75676 13.37771 14.86351 16.12016 17.16789 18.04515 18.78549 19.41501 19.95395 20.41829 20.82060 21.17118 21.47820 21.74857 21.98779 22.20066 22.39100 22.56225 22.71711 22.85815 22.98734 23.10670 23.21773 23.32213 23.42113 23.51628 23.60873 23.70009 23.79162 23.88523 23.98261 24.08648 24.19957 24.32646 24.47260 24.64746 24.86456 25.14896 25.53967 26.07802 26.69899 27.26433 27.75520 28.20125 28.61642 29.00574 29.37114 29.71317 30.03219 30.32799 30.60048 30.84916 31.07369
3.786954 4.149547 4.567113 5.050094 5.611938 6.269034 7.042986 7.960762 9.057744 10.37131 11.90958 13.54266 15.04050 16.30890 17.36788 18.25579 19.00607 19.64477 20.19211 20.66407 21.07328 21.43004 21.74260 22.01791 22.26155 22.47837 22.67223 22.84664 23.00433 23.14793 23.27944 23.40092 23.51391 23.62012 23.72084 23.81763 23.91167 24.00461 24.09770 24.19292 24.29196 24.39757 24.51252 24.64140 24.78971 24.96691 25.18659 25.47379 25.86755 26.40915 27.03362 27.60271 28.09753 28.54769 28.96708 29.36071 29.73044 30.07680 30.40008 30.70003 30.97652 31.22899 31.45707
3.837657 4.205576 4.629045 5.118531 5.687490 6.352314 7.134568 8.061175 9.167428 10.49060 12.03871 13.68170 15.18934 16.46729 17.53548 18.43214 19.19064 19.83698 20.39136 20.86976 21.28481 21.64685 21.96416 22.24375 22.49122 22.71147 22.90842 23.08559 23.24578 23.39163 23.52520 23.64855 23.76327 23.87110 23.97334 24.07159 24.16704 24.26136 24.35583 24.45246 24.55295 24.66007 24.77662 24.90722 25.05735 25.23655 25.45837 25.74789 26.14417 26.68849 27.31586 27.88799 28.38600 28.83946 29.26227 29.65939 30.03263 30.38249 30.70923 31.01255 31.29229 31.54786 31.77882
3.881181 4.253572 4.681967 5.176857 5.751699 6.422867 7.211912 8.145700 9.259466 10.59040 12.14640 13.79732 15.31284 16.59852 17.67418 18.57797 19.34320 19.99583 20.55603 21.03978 21.45972 21.82620 22.14753 22.43075 22.68148 22.90467 23.10426 23.28382 23.44616 23.59396 23.72931 23.85429 23.97052 24.07976 24.18332 24.28283 24.37951 24.47502 24.57070 24.66854 24.77027 24.87868 24.99659 25.12862 25.28031 25.46116 25.68476 25.97620 26.37452 26.92101 27.55068 28.12527 28.62586 29.08201 29.50757 29.90747 30.28354 30.63622 30.96574 31.27179 31.55414 31.81219 32.04549
3.917689 4.293756 4.726192 5.225485 5.805099 6.481400 7.275903 8.215450 9.335222 10.67235 12.23467 13.89196 15.41378 16.70563 17.78726 18.69678 19.46742 20.12513 20.69007 21.17819 21.60213 21.97228 22.29693 22.58315 22.83661 23.06226 23.26407 23.44563 23.60979 23.75924 23.89608 24.02245 24.13996 24.25039 24.35507 24.45566 24.55337 24.64990 24.74659 24.84544 24.94822 25.05771 25.17675 25.30998 25.46293 25.64514 25.87019 26.16318 26.56316 27.11143 27.74300 28.31954 28.82217 29.28043 29.70817 30.11029 30.48860 30.84352 31.17525 31.48344 31.76789 32.02791 32.26306
3.947332 4.326336 4.761982 5.264769 5.848154 6.528489 7.327277 8.271329 9.395788 10.73773 12.30494 13.96712 15.49383 16.79048 17.87678 18.79076 19.56567 20.22739 20.79606 21.28765 21.71479 22.08785 22.41517 22.70382 22.95948 23.18712 23.39072 23.57391 23.73955 23.89035 24.02842 24.15592 24.27447 24.38588 24.49149 24.59295 24.69151 24.78887 24.88638 24.98607 25.08969 25.20006 25.32002 25.45421 25.60817 25.79145 26.01766 26.31187 26.71315 27.26278 27.89577 28.47386 28.97808 29.43799 29.86742 30.27127 30.65131 31.00796 31.34140 31.65127 31.93732 32.19888 32.43546
3.970240 4.351484 4.789573 5.295009 5.881242 6.564620 7.366632 8.314065 9.442034 10.78758 12.35847 14.02437 15.55475 16.85499 17.94479 18.86213 19.64024 20.30498 20.87649 21.37071 21.80028 22.17558 22.50494 22.79544 23.05279 23.28196 23.48696 23.67142 23.83819 23.99004 24.12907 24.25745 24.37682 24.48898 24.59530 24.69745 24.79667 24.89468 24.99284 25.09316 25.19744 25.30849 25.42914 25.56407 25.71880 25.90291 26.12999 26.42513 26.82738 27.37808 28.01220 28.59141 29.09682 29.55796 29.98865 30.39377 30.77511 31.13305 31.46777 31.77888 32.06613 32.32883 32.56647
3.986525 4.369344 4.809146 5.316437 5.904665 6.590166 7.394422 8.344203 9.474609 10.82266 12.39607 14.06448 15.59739 16.90013 17.99235 18.91203 19.69238 20.35922 20.93271 21.42878 21.86005 22.23692 22.56772 22.85954 23.11809 23.34834 23.55433 23.73969 23.90728 24.05987 24.19958 24.32859 24.44853 24.56125 24.66809 24.77072 24.87041 24.96889 25.06750 25.16828 25.27302 25.38455 25.50570 25.64115 25.79643 25.98111 26.20880 26.50459 26.90753 27.45893 28.09377 28.67380 29.18004 29.64203 30.07359 30.47961 30.86184 31.22067 31.55626 31.86823 32.15632 32.41980 32.65817
3.996263 4.380015 4.820837 5.329226 5.918632 6.605390 7.410969 8.362135 9.493974 10.84350 12.41842 14.08837 15.62278 16.92699 18.02064 18.94170 19.72336 20.39145 20.96612 21.46327 21.89556 22.27336 22.60502 22.89762 23.15688 23.38779 23.59437 23.78026 23.94835 24.10138 24.24150 24.37088 24.49118 24.60422 24.71136 24.81429 24.91427 25.01302 25.11190 25.21296 25.31799 25.42979 25.55124 25.68700 25.84261 26.02764 26.25569 26.55185 26.95521 27.50706 28.14237 28.72285 29.22958 29.69206 30.12414 30.53067 30.91343 31.27278 31.60890 31.92137 32.20994 32.47389 32.71269
3.999506 4.383569 4.824726 5.333481 5.923276 6.610445 7.416464 8.368087 9.500402 10.85041 12.42581 14.09622 15.63111 16.93580 18.02992 18.95144 19.73353 20.40204 20.97709 21.47461 21.90723 22.28535 22.61729 22.91015 23.16964 23.40077 23.60754 23.79361 23.96186 24.11504 24.25530 24.38481 24.50523 24.61837 24.72562 24.82864 24.92872 25.02756 25.12653 25.22768 25.33280 25.44471 25.56625 25.70211 25.85783 26.04297 26.27114 26.56744 26.97092 27.52289 28.15833 28.73897 29.24586 29.70852 30.14076 30.54747 30.93040 31.28992 31.62621 31.93885 32.22757 32.49167 32.73062
3.996264 4.380017 4.820838 5.329227 5.918632 6.605389 7.410967 8.362135 9.493974 10.84350 12.41842 14.08837 15.62278 16.92699 18.02064 18.94170 19.72336 20.39145 20.96611 21.46327 21.89556 22.27336 22.60502 22.89762 23.15688 23.38779 23.59437 23.78025 23.94835 24.10138 24.24150 24.37088 24.49118 24.60422 24.71136 24.81429 24.91427 25.01301 25.11190 25.21296 25.31799 25.42979 25.55124 25.68700 25.84261 26.02764 26.25569 26.55186 26.95521 27.50705 28.14237 28.72285 29.22957 29.69206 30.12414 30.53067 30.91343 31.27278 31.60890 31.92137 32.20994 32.47388 32.71269
3.986525 4.369344 4.809146 5.316437 5.904665 6.590165 7.394423 8.344205 9.474608 10.82266 12.39607 14.06448 15.59739 16.90013 17.99235 18.91203 19.69238 20.35922 20.93271 21.42878 21.86005 22.23692 22.56772 22.85954 23.11808 23.34834 23.55433 23.73968 23.90728 24.05987 24.19958 24.32859 24.44853 24.56124 24.66808 24.77072 24.87041 24.96888 25.06749 25.16828 25.27302 25.38455 25.50570 25.64114 25.79643 25.98111 26.20880 26.50459 26.90753 27.45893 28.09377 28.67380 29.18004 29.64203 30.07359 30.47960 30.86184 31.22066 31.55626 31.86823 32.15631 32.41980 32.65817
3.970239 4.351482 4.789572 5.295008 5.881240 6.564621 7.366631 8.314063 9.442033 10.78758 12.35847 14.02437 15.55475 16.85499 17.94478 18.86213 19.64024 20.30498 20.87649 21.37071 21.80028 22.17558 22.50493 22.79544 23.05279 23.28196 23.48696 23.67141 23.83819 23.99003 24.12906 24.25744 24.37681 24.48898 24.59530 24.69745 24.79667 24.89468 24.99283 25.09316 25.19744 25.30848 25.42913 25.56406 25.71880 25.90291 26.12999 26.42512 26.82738 27.37808 28.01219 28.59141 29.09682 29.55796 29.98864 30.39377 30.77511 31.13305 31.46777 31.77888 32.06613 32.32883 32.56647
3.947332 4.326336 4.761981 5.264769 5.848153 6.528489 7.327277 8.271329 9.395786 10.73773 12.30494 13.96711 15.49383 16.79048 17.87677 18.79076 19.56566 20.22738 20.79606 21.28765 21.71478 22.08785 22.41517 22.70382 22.95947 23.18711 23.39072 23.57391 23.73954 23.89034 24.02842 24.15592 24.27447 24.38588 24.49149 24.59295 24.69151 24.78887 24.88638 24.98607 25.08969 25.20006 25.32001 25.45420 25.60817 25.79145 26.01766 26.31187 26.71314 27.26278 27.89577 28.47386 28.97808 29.43799 29.86742 30.27126 30.65131 31.00796 31.34140 31.65127 31.93732 32.19888 32.43546
3.917686 4.293755 4.726191 5.225484 5.805097 6.481397 7.275901 8.215448 9.335220 10.67235 12.23467 13.89195 15.41378 16.70563 17.78726 18.69677 19.46742 20.12513 20.69007 21.17819 21.60213 21.97227 22.29693 22.58315 22.83661 23.06226 23.26406 23.44563 23.60978 23.75924 23.89608 24.02245 24.13995 24.25038 24.35507 24.45565 24.55337 24.64990 24.74658 24.84544 24.94821 25.05771 25.17675 25.30998 25.46292 25.64513 25.87019 26.16317 26.56315 27.11143 27.74299 28.31954 28.82217 29.28042 29.70816 30.11028 30.48859 30.84351 31.17524 31.48344 31.76788 32.02791 32.26305
3.881182 4.253571 4.681966 5.176857 5.751698 6.422867 7.211910 8.145700 9.259465 10.59040 12.14640 13.79732 15.31284 16.59852 17.67418 18.57797 19.34320 19.99582 20.55603 21.03978 21.45971 21.82620 22.14753 22.43074 22.68148 22.90467 23.10426 23.28382 23.44616 23.59396 23.72930 23.85429 23.97052 24.07976 24.18332 24.28283 24.37951 24.47502 24.57070 24.66853 24.77026 24.87868 24.99659 25.12862 25.28031 25.46115 25.68476 25.97620 26.37452 26.92101 27.55068 28.12527 28.62586 29.08200 29.50756 29.90747 30.28354 30.63622 30.96574 31.27178 31.55414 31.81219 32.04549
