T3-twomodels/model60.grd
DSAA
         100         100
  -15.00000       15.00000    
  -15.00000       15.00000    
   1.841972       35.83926    
[rows 28 to 55 of 100, columns 0 to 62 of 100]
3.531253 3.713264 3.921959 4.161069 4.434939 4.748536 5.107309 5.516571 5.979676 6.493230 7.038902 7.582195 8.090936 8.550434 8.959271 9.321532 9.642727 9.928361 10.18341 10.41226 10.61872 10.80609 10.97722 11.13460 11.28041 11.41660 11.54488 11.66681 11.78382 11.89725 12.00834 12.11829 12.22829 12.33950 12.45307 12.57017 12.69201 12.81981 12.95480 13.09825 13.25142 13.41555 13.59183 13.78133 13.98491 14.20303 14.43543 14.68033 14.93316 15.18449 15.42001 15.62713 15.80187 15.94668 16.06585 16.16332 16.24235 16.30542 16.35448 16.39099 16.41607 16.43053 16.43497
3.635892 3.835940 4.066814 4.333373 4.641674 4.999012 5.414449 5.898594 6.462686 7.111607 7.822393 8.526805 9.163772 9.718602 10.19849 10.61498 10.97842 11.29768 11.57988 11.83104 12.05603 12.25902 12.44346 12.61237 12.76827 12.91346 13.04986 13.17929 13.30334 13.42352 13.54123 13.65785 13.77467 13.89303 14.01424 14.13968 14.27073 14.40886 14.55557 14.71245 14.88114 15.06338 15.26091 15.47560 15.70924 15.96366 16.24026 16.53954 16.85873 17.18656 17.49620 17.76027 17.97387 18.14524 18.28316 18.39431 18.48354 18.55431 18.60921 18.65009 18.67838 18.69508 18.70092
3.740006 3.958322 4.211748 4.506278 4.849895 5.252358 5.726991 6.290730 6.965787 7.771687 8.685196 9.585864 10.36956 11.02833 11.58334 12.05633 12.46322 12.81693 13.12673 13.40057 13.64425 13.86306 14.06088 14.24141 14.40742 14.56165 14.70616 14.84313 14.97419 15.10116 15.22548 15.34878 15.47241 15.59798 15.72685 15.86068 16.00098 16.14955 16.30808 16.47859 16.66304 16.86374 17.08302 17.32364 17.58843 17.88089 18.20456 18.56332 18.95828 19.37892 19.78105 20.11281 20.36963 20.56936 20.72689 20.85215 20.95184 21.03045 21.09129 21.13660 21.16817 21.18711 21.19439
3.843094 4.079537 4.355310 4.677539 5.056033 5.502969 6.035625 6.676808 7.458218 8.410840 9.508742 10.58859 11.51031 12.26903 12.89730 13.42573 13.87549 14.26322 14.60037 14.89665 15.15891 15.39338 15.60449 15.79654 15.97259 16.13579 16.28837 16.43279 16.57083 16.70452 16.83541 16.96533 17.09573 17.22841 17.36489 17.50704 17.65653 17.81544 17.98571 18.16972 18.36979 18.58876 18.82954 19.09572 19.39116 19.72085 20.09028 20.50618 20.97251 21.47808 21.96371 22.35798 22.65600 22.88326 23.06001 23.19918 23.30921 23.39559 23.46233 23.51204 23.54685 23.56804 23.57675
3.944555 4.198621 4.495979 4.844859 5.256578 5.745429 6.331689 7.042365 7.914493 8.983027 10.21605 11.42859 12.46130 13.30633 14.00087 14.58075 15.07106 15.49126 15.85478 16.17278 16.45312 16.70285 16.92698 17.13030 17.31621 17.48819 17.64872 17.80045 17.94535 18.08564 18.22299 18.35940 18.49646 18.63614 18.78008 18.93036 19.08884 19.25783 19.43953 19.63662 19.85179 20.08832 20.34963 20.64000 20.96410 21.32796 21.73833 22.20320 22.72695 23.29551 23.84098 24.28310 24.61568 24.86749 25.06199 25.21428 25.33417 25.42805 25.50048 25.55449 25.59246 25.61585 25.62595
4.043534 4.314375 4.632133 5.005959 5.448370 5.975236 6.608846 7.378575 8.323622 9.479107 10.80829 12.11590 13.23310 14.14841 14.89982 15.52546 16.05274 16.50308 16.89137 17.22994 17.52754 17.79191 18.02859 18.24279 18.43827 18.61878 18.78702 18.94588 19.09748 19.24419 19.38784 19.53056 19.67410 19.82055 19.97173 20.12987 20.29701 20.47569 20.66830 20.87782 21.10724 21.36020 21.64052 21.95298 22.30276 22.69649 23.14138 23.64559 24.21268 24.82603 25.41342 25.89071 26.25072 26.52331 26.73350 26.89772 27.02676 27.12767 27.20550 27.26360 27.30459 27.33010 27.34152
4.139108 4.425626 4.762273 5.158919 5.628973 6.189365 6.863579 7.682116 8.684723 9.905616 11.30479 12.68189 13.86325 14.83462 15.63347 16.29865 16.85874 17.33634 17.74741 18.10511 18.41891 18.69711 18.94571 19.17031 19.37495 19.56365 19.73933 19.90505 20.06311 20.21602 20.36574 20.51456 20.66433 20.81729 20.97541 21.14104 21.31642 21.50423 21.70710 21.92822 22.17080 22.43879 22.73627 23.06833 23.44044 23.85942 24.33255 24.86762 25.46724 26.11304 26.73062 27.23413 27.61570 27.90546 28.12916 28.30396 28.44128 28.54864 28.63148 28.69341 28.73723 28.76473 28.77740
4.230421 4.531354 4.885190 5.302330 5.796803 6.386203 7.094655 7.953091 9.001187 10.27221 11.72414 13.15373 14.38457 15.40059 16.23852 16.93727 17.52593 18.02777 18.45938 18.83458 19.16335 19.45444 19.71423 19.94862 20.16195 20.35843 20.54120 20.71349 20.87772 21.03656 21.19210 21.34673 21.50244 21.66160 21.82627 21.99898 22.18208 22.37841 22.59077 22.82252 23.07707 23.35853 23.67119 24.02029 24.41141 24.85139 25.34731 25.90656 26.53096 27.20107 27.84132 28.36492 28.76356 29.06742 29.30258 29.48658 29.63125 29.74444 29.83186 29.89729 29.94375 29.97309 29.98692
4.316758 4.630759 5.000012 5.435289 5.951034 6.565229 7.302300 8.193284 9.277588 10.58768 12.08018 13.55023 14.81979 15.87155 16.74156 17.46856 18.08180 18.60486 19.05478 19.44576 19.78817 20.09111 20.36127 20.60481 20.82627 21.03009 21.21955 21.39804 21.56812 21.73258 21.89363 22.05377 22.21509 22.38007 22.55089 22.73019 22.92044 23.12463 23.34565 23.58702 23.85227 24.14564 24.47153 24.83523 25.24235 25.69963 26.21393 26.79226 27.43586 28.12461 28.78228 29.32155 29.73384 30.04928 30.29408 30.48602 30.63714 30.75552 30.84704 30.91567 30.96451 30.99554 31.01042
4.397564 4.723274 5.106186 5.557346 6.091434 6.726659 7.487564 8.405136 9.518499 10.85953 12.38398 13.88590 15.18621 16.26680 17.16316 17.91381 18.54802 19.08950 19.55552 19.96057 20.31528 20.62901 20.90867 21.16063 21.38965 21.60030 21.79602 21.98032 22.15590 22.32564 22.49185 22.65715 22.82372 22.99413 23.17065 23.35604 23.55285 23.76417 23.99301 24.24297 24.51768 24.82146 25.15876 25.53487 25.95536 26.42686 26.95602 27.54953 28.20826 28.91166 29.58305 30.13479 30.55811 30.88310 31.13600 31.33472 31.49143 31.61437 31.70954 31.78102 31.83201 31.86456 31.88039
4.472446 4.808534 5.203439 5.668366 6.218159 6.871134 7.651857 8.591219 9.728075 11.09385 12.64368 14.17096 15.49593 16.59990 17.51795 18.28838 18.94037 19.49771 19.97781 20.39528 20.76096 21.08439 21.37267 21.63234 21.86829 22.08523 22.28675 22.47645 22.65712 22.83178 23.00280 23.17289 23.34431 23.51972 23.70149 23.89243 24.09518 24.31293 24.54875 24.80631 25.08932 25.40211 25.74916 26.13576 26.56739 27.05058 27.59181 28.19752 28.86831 29.58334 30.26565 30.82741 31.25970 31.59258 31.85227 32.05675 32.21830 32.34521 32.44358 32.51759 32.57049 32.60439 32.62105
4.541139 4.886340 5.291675 5.768452 6.331620 6.999527 7.796712 8.753972 9.909930 11.29570 12.86600 14.41373 15.75866 16.88170 17.81763 18.60457 19.27161 19.84253 20.33479 20.76313 21.13852 21.47060 21.76663 22.03327 22.27551 22.49821 22.70503 22.89968 23.08506 23.26424 23.43968 23.61417 23.79004 23.97002 24.15655 24.35251 24.56062 24.78409 25.02609 25.29032 25.58052 25.90106 26.25641 26.65182 27.09273 27.58554 28.13660 28.75218 29.43269 30.15708 30.84823 31.41813 31.85779 32.19719 32.46258 32.67195 32.83762 32.96796 33.06914 33.14536 33.19994 33.23502 33.25240
4.603482 4.956613 5.370945 5.857864 6.432354 7.112773 7.923633 8.895610 10.06716 11.46914 13.05598 14.62024 15.98140 17.12005 18.07075 18.87145 19.55115 20.13363 20.63637 21.07415 21.45803 21.79776 22.10067 22.37353 22.62144 22.84934 23.06097 23.26013 23.44978 23.63308 23.81255 23.99103 24.17094 24.35506 24.54587 24.74632 24.95918 25.18772 25.43512 25.70515 26.00156 26.32871 26.69108 27.09388 27.54248 28.04322 28.60233 29.22594 29.91433 30.64629 31.34459 31.92113 32.36683 32.71164 32.98179 33.19528 33.36448 33.49776 33.60136 33.67949 33.73553 33.77164 33.78964
4.659413 5.019380 5.441411 5.936939 6.520961 7.211832 8.034015 9.018096 10.20240 11.61759 13.21790 14.79563 16.17002 17.32146 18.28434 19.09648 19.78682 20.37908 20.89075 21.33667 21.72791 22.07432 22.38329 22.66166 22.91462 23.14715 23.36309 23.56630 23.75979 23.94679 24.12989 24.31197 24.49549 24.68329 24.87792 25.08234 25.29938 25.53235 25.78445 26.05948 26.36119 26.69396 27.06223 27.47120 27.92619 28.43345 28.99914 29.62930 30.32409 31.06223 31.76637 32.34835 32.79901 33.14830 33.42242 33.63938 33.81155 33.94735 34.05301 34.13279 34.19009 34.22707 34.24559
4.708919 5.074717 5.503280 6.006052 6.598040 7.297591 8.129118 9.123123 10.31783 11.74377 13.35499 14.94366 16.32882 17.49072 18.46362 19.28524 19.98443 20.58492 21.10415 21.55699 21.95457 22.30674 22.62098 22.90416 23.16153 23.39815 23.61791 23.82469 24.02160 24.21189 24.39820 24.58346 24.77018 24.96124 25.15921 25.36711 25.58778 25.82457 26.08072 26.36000 26.66621 27.00370 27.37691 27.79101 28.25126 28.76388 29.33495 29.97044 30.67044 31.41359 32.12248 32.70889 33.16364 33.51662 33.79404 34.01389 34.18856 34.32647 34.43388 34.51506 34.57342 34.61115 34.63011
4.752031 5.122741 5.556772 6.065576 6.664166 7.370859 8.210034 9.212137 10.41530 11.84995 13.47003 15.06756 16.46148 17.63189 18.61298 19.44238 20.14890 20.75621 21.28178 21.74046 22.14339 22.50048 22.81922 23.10655 23.36774 23.60790 23.83097 24.04088 24.24076 24.43392 24.62303 24.81107 25.00057 25.19445 25.39531 25.60620 25.82999 26.07004 26.32960 26.61248 26.92245 27.26388 27.64119 28.05950 28.52407 29.04105 29.61650 30.25632 30.96054 31.70776 32.42052 33.01053 33.46861 33.82462 34.10475 34.32700 34.50374 34.64341 34.75229 34.83464 34.89389 34.93225 34.95156
4.788806 5.163585 5.602119 6.115876 6.719857 7.432356 8.277722 9.286350 10.49631 11.93795 13.56511 15.16973 16.57067 17.74794 18.73565 19.57136 20.28386 20.89677 21.42755 21.89107 22.29846 22.65966 22.98219 23.27301 23.53744 23.78061 24.00649 24.21906 24.42149 24.61710 24.80861 24.99901 25.19088 25.38716 25.59047 25.80388 26.03030 26.27307 26.53549 26.82134 27.13442 27.47908 27.85972 28.28146 28.74953 29.27004 29.84901 30.49230 31.19991 31.95039 32.66624 33.25916 33.71993 34.07838 34.36072 34.58492 34.76336 34.90448 35.01455 35.09788 35.15786 35.19673 35.21633
4.819308 5.197377 5.639543 6.157269 6.765558 7.482681 8.332962 9.346754 10.56209 12.00924 13.64199 15.25222 16.65870 17.84140 18.83435 19.67509 20.39236 21.00976 21.54475 22.01217 22.42319 22.78774 23.11337 23.40706 23.67416 23.91982 24.14803 24.36281 24.56735 24.76499 24.95849 25.15086 25.34469 25.54295 25.74828 25.96377 26.19233 26.43733 26.70206 26.99034 27.30592 27.65317 28.03648 28.46095 28.93180 29.45510 30.03685 30.68289 31.39317 32.14622 32.86452 33.45975 33.92264 34.28305 34.56713 34.79289 34.97269 35.11497 35.22601 35.31012 35.37069 35.40997 35.42980
4.843612 5.224247 5.669240 6.190046 6.801661 7.522346 8.376408 9.394164 10.61360 12.06496 13.70199 15.31650 16.72721 17.91407 18.91105 19.75566 20.47661 21.09750 21.63575 22.10623 22.52009 22.88727 23.21535 23.51131 23.78052 24.02814 24.25822 24.47476 24.68098 24.88025 25.07533 25.26926 25.46466 25.66449 25.87143 26.08855 26.31880 26.56556 26.83211 27.12226 27.43979 27.78905 28.17443 28.60102 29.07399 29.59944 30.18332 30.83146 31.54379 32.29881 33.01897 33.61596 34.08048 34.44238 34.72782 34.95478 35.13564 35.27882 35.39061 35.47531 35.53635 35.57594 35.59595
4.861781 5.244300 5.691363 6.214424 6.828468 7.551752 8.408559 9.429189 10.65161 12.10602 13.74615 15.36376 16.77756 17.96742 18.96734 19.81477 20.53841 21.16184 21.70249 22.17521 22.59116 22.96030 23.29019 23.58783 23.85861 24.10771 24.33917 24.55703 24.76451 24.96499 25.16126 25.35636 25.55292 25.75393 25.96206 26.18040 26.41191 26.65996 26.92784 27.21938 27.53835 27.88908 28.27597 28.70409 29.17861 29.70562 30.29105 30.94071 31.65452 32.41096 33.13249 33.73075 34.19646 34.55946 34.84588 35.07371 35.25534 35.39918 35.51152 35.59667 35.65804 35.69786 35.71799
4.873864 5.257621 5.706041 6.230579 6.846214 7.571191 8.429788 9.452291 10.67665 12.13305 13.77518 15.39481 16.81061 18.00244 19.00426 19.85353 20.57893 21.20403 21.74625 22.22045 22.63778 23.00821 23.33929 23.63804 23.90986 24.15994 24.39232 24.61105 24.81936 25.02066 25.21772 25.41360 25.61094 25.81272 26.02164 26.24080 26.47312 26.72203 26.99080 27.28325 27.60315 27.95485 28.34273 28.77185 29.24739 29.77542 30.36185 31.01250 31.72727 32.48464 33.20705 33.80614 34.27263 34.63633 34.92340 35.15181 35.33393 35.47821 35.59091 35.67635 35.73793 35.77791 35.79812
4.879896 5.264271 5.713361 6.238630 6.855045 7.580864 8.440343 9.463769 10.68908 12.14646 13.78959 15.41021 16.82699 18.01979 19.02256 19.87274 20.59901 21.22493 21.76793 22.24286 22.66088 23.03194 23.36362 23.66293 23.93527 24.18583 24.41867 24.63784 24.84657 25.04827 25.24571 25.44199 25.63971 25.84188 26.05120 26.27076 26.50350 26.75283 27.02204 27.31494 27.63531 27.98749 28.37585 28.80546 29.28151 29.81003 30.39696 31.04810 31.76335 32.52118 33.24403 33.84352 34.31039 34.67444 34.96182 35.19052 35.37289 35.51738 35.63026 35.71584 35.77754 35.81758 35.83784
4.879893 5.264269 5.713360 6.238626 6.855045 7.580862 8.440343 9.463769 10.68908 12.14646 13.78959 15.41021 16.82699 18.01979 19.02256 19.87274 20.59901 21.22493 21.76793 22.24286 22.66087 23.03194 23.36362 23.66293 23.93527 24.18583 24.41867 24.63784 24.84657 25.04827 25.24571 25.44199 25.63971 25.84188 26.05120 26.27075 26.50350 26.75283 27.02203 27.31494 27.63531 27.98749 28.37585 28.80546 29.28150 29.81003 30.39696 31.04810 31.76335 32.52117 33.24403 33.84352 34.31039 34.67444 34.96182 35.19052 35.37288 35.51738 35.63026 35.71584 35.77754 35.81758 35.83783
4.873862 5.257623 5.706041 6.230579 6.846213 7.571191 8.429789 9.452291 10.67665 12.13305 13.77518 15.39481 16.81061 18.00244 19.00426 19.85353 20.57893 21.20403 21.74626 22.22045 22.63778 23.00821 23.33929 23.63804 23.90986 24.15994 24.39233 24.61105 24.81937 25.02066 25.21772 25.41360 25.61094 25.81272 26.02164 26.24080 26.47313 26.72203 26.99080 27.28325 27.60315 27.95485 28.34273 28.77185 29.24739 29.77542 30.36185 31.01250 31.72727 32.48465 33.20705 33.80615 34.27263 34.63633 34.92340 35.15181 35.33393 35.47821 35.59090 35.67635 35.73794 35.77791 35.79812
4.861783 5.244304 5.691362 6.214425 6.828469 7.551751 8.408557 9.429186 10.65161 12.10603 13.74615 15.36376 16.77756 17.96742 18.96734 19.81477 20.53841 21.16184 21.70249 22.17521 22.59116 22.96030 23.29019 23.58783 23.85861 24.10771 24.33917 24.55702 24.76450 24.96499 25.16125 25.35636 25.55292 25.75393 25.96205 26.18040 26.41191 26.65996 26.92784 27.21938 27.53834 27.88908 28.27597 28.70409 29.17861 29.70562 30.29105 30.94071 31.65452 32.41096 33.13249 33.73075 34.19646 34.55946 34.84588 35.07371 35.25533 35.39918 35.51152 35.59667 35.65804 35.69786 35.71799
4.843610 5.224248 5.669238 6.190045 6.801658 7.522347 8.376406 9.394162 10.61360 12.06496 13.70198 15.31650 16.72721 17.91407 18.91105 19.75566 20.47661 21.09750 21.63575 22.10622 22.52009 22.88727 23.21535 23.51130 23.78052 24.02814 24.25821 24.47476 24.68097 24.88025 25.07533 25.26926 25.46466 25.66449 25.87142 26.08855 26.31880 26.56556 26.83211 27.12226 27.43979 27.78905 28.17443 28.60102 29.07399 29.59944 30.18332 30.83146 31.54379 32.29881 33.01897 33.61596 34.08048 34.44238 34.72782 34.95478 35.13564 35.27882 35.39061 35.47531 35.53635 35.57595 35.59595
4.819308 5.197376 5.639542 6.157269 6.765559 7.482680 8.332964 9.346760 10.56208 12.00924 13.64200 15.25222 16.65871 17.84140 18.83435 19.67510 20.39236 21.00976 21.54474 22.01217 22.42319 22.78775 23.11337 23.40706 23.67416 23.91981 24.14803 24.36281 24.56735 24.76499 24.95849 25.15086 25.34469 25.54295 25.74828 25.96377 26.19233 26.43733 26.70206 26.99034 27.30592 27.65317 28.03648 28.46095 28.93180 29.45510 30.03685 30.68289 31.39317 32.14622 32.86452 33.45974 33.92264 34.28305 34.56713 34.79289 34.97269 35.11497 35.22601 35.31012 35.37069 35.40997 35.42980
4.788804 5.163582 5.602122 6.115878 6.719858 7.432353 8.277724 9.286349 10.49631 11.93795 13.56511 15.16973 16.57067 17.74794 18.73565 19.57137 20.28386 20.89677 21.42756 21.89106 22.29846 22.65966 22.98219 23.27301 23.53744 23.78061 24.00649 24.21906 24.42149 24.61710 24.80861 24.99901 25.19089 25.38716 25.59047 25.80388 26.03030 26.27308 26.53548 26.82134 27.13442 27.47908 27.85972 28.28146 28.74953 29.27004 29.84901 30.49230 31.19992 31.95039 32.66624 33.25916 33.71993 34.07838 34.36072 34.58492 34.76336 34.90449 35.01456 35.09788 35.15786 35.19673 35.21633
