T3-twomodels/model60.grd
DSAA
         100         100
  -15.00000       15.00000    
  -15.00000       15.00000    
   1.841972       35.83926    
[rows 56 to 83 of 100, columns 0 to 62 of 100]
4.752030 5.122741 5.556773 6.065576 6.664167 7.370859 8.210033 9.212137 10.41530 11.84995 13.47003 15.06756 16.46148 17.63189 18.61298 19.44238 20.14890 20.75621 21.28178 21.74046 22.14339 22.50048 22.81922 23.10655 23.36774 23.60790 23.83096 24.04088 24.24076 24.43392 24.62303 24.81107 25.00057 25.19445 25.39531 25.60620 25.82999 26.07004 26.32960 26.61248 26.92245 27.26389 27.64118 28.05950 28.52407 29.04105 29.61650 30.25632 30.96054 31.70776 32.42052 33.01053 33.46861 33.82462 34.10475 34.32700 34.50374 34.64341 34.75229 34.83464 34.89390 34.93225 34.95156
4.708917 5.074718 5.503282 6.006052 6.598044 7.297593 8.129117 9.123124 10.31783 11.74377 13.35499 14.94366 16.32882 17.49072 18.46362 19.28524 19.98443 20.58491 21.10415 21.55700 21.95457 22.30674 22.62098 22.90416 23.16153 23.39815 23.61791 23.82470 24.02161 24.21189 24.39820 24.58346 24.77019 24.96124 25.15921 25.36711 25.58779 25.82458 26.08072 26.36001 26.66621 27.00371 27.37692 27.79101 28.25126 28.76388 29.33495 29.97044 30.67045 31.41360 32.12249 32.70889 33.16364 33.51662 33.79404 34.01389 34.18856 34.32648 34.43388 34.51506 34.57343 34.61116 34.63011
4.659413 5.019379 5.441411 5.936939 6.520960 7.211830 8.034015 9.018094 10.20240 11.61759 13.21789 14.79563 16.17002 17.32146 18.28434 19.09648 19.78682 20.37908 20.89075 21.33667 21.72791 22.07432 22.38329 22.66166 22.91461 23.14715 23.36308 23.56630 23.75979 23.94679 24.12989 24.31197 24.49549 24.68329 24.87791 25.08234 25.29938 25.53235 25.78445 26.05948 26.36119 26.69395 27.06223 27.47120 27.92619 28.43345 28.99914 29.62930 30.32409 31.06223 31.76637 32.34835 32.79901 33.14830 33.42242 33.63938 33.81155 33.94735 34.05301 34.13279 34.19009 34.22707 34.24559
4.603482 4.956612 5.370944 5.857865 6.432353 7.112774 7.923632 8.895610 10.06716 11.46914 13.05597 14.62024 15.98139 17.12004 18.07075 18.87145 19.55115 20.13363 20.63636 21.07415 21.45803 21.79776 22.10067 22.37353 22.62144 22.84934 23.06097 23.26013 23.44978 23.63308 23.81255 23.99103 24.17094 24.35506 24.54587 24.74632 24.95918 25.18772 25.43512 25.70515 26.00156 26.32871 26.69108 27.09388 27.54248 28.04322 28.60233 29.22594 29.91433 30.64629 31.34459 31.92113 32.36683 32.71164 32.98179 33.19528 33.36447 33.49776 33.60136 33.67949 33.73553 33.77164 33.78963
4.541135 4.886338 5.291669 5.768453 6.331622 6.999524 7.796712 8.753969 9.909927 11.29569 12.86600 14.41373 15.75866 16.88169 17.81763 18.60457 19.27161 19.84253 20.33479 20.76313 21.13852 21.47061 21.76663 22.03326 22.27551 22.49821 22.70503 22.89968 23.08506 23.26424 23.43969 23.61417 23.79004 23.97003 24.15655 24.35251 24.56061 24.78409 25.02609 25.29032 25.58052 25.90106 26.25641 26.65182 27.09272 27.58554 28.13660 28.75218 29.43269 30.15708 30.84823 31.41813 31.85779 32.19719 32.46258 32.67195 32.83762 32.96796 33.06914 33.14536 33.19994 33.23502 33.25240
4.472448 4.808535 5.203437 5.668367 6.218159 6.871135 7.651858 8.591218 9.728073 11.09385 12.64368 14.17096 15.49593 16.59990 17.51795 18.28838 18.94038 19.49772 19.97780 20.39528 20.76096 21.08439 21.37268 21.63234 21.86829 22.08523 22.28675 22.47645 22.65712 22.83178 23.00280 23.17289 23.34431 23.51972 23.70149 23.89243 24.09518 24.31293 24.54875 24.80632 25.08932 25.40211 25.74916 26.13576 26.56739 27.05058 27.59181 28.19752 28.86831 29.58334 30.26565 30.82741 31.25970 31.59258 31.85228 32.05676 32.21830 32.34521 32.44358 32.51759 32.57049 32.60439 32.62105
4.397566 4.723275 5.106192 5.557347 6.091437 6.726659 7.487563 8.405139 9.518500 10.85953 12.38398 13.88590 15.18621 16.26680 17.16316 17.91382 18.54802 19.08950 19.55553 19.96057 20.31529 20.62901 20.90867 21.16064 21.38965 21.60030 21.79602 21.98032 22.15589 22.32564 22.49185 22.65715 22.82372 22.99412 23.17065 23.35604 23.55285 23.76417 23.99301 24.24297 24.51768 24.82146 25.15875 25.53487 25.95536 26.42686 26.95602 27.54953 28.20826 28.91166 29.58305 30.13479 30.55811 30.88310 31.13600 31.33471 31.49143 31.61436 31.70954 31.78102 31.83201 31.86456 31.88039
4.316756 4.630759 5.000010 5.435292 5.951035 6.565230 7.302300 8.193283 9.277583 10.58768 12.08018 13.55022 14.81979 15.87156 16.74156 17.46856 18.08180 18.60486 19.05478 19.44576 19.78818 20.09111 20.36127 20.60481 20.82627 21.03009 21.21955 21.39804 21.56812 21.73258 21.89363 22.05377 22.21509 22.38007 22.55089 22.73019 22.92044 23.12463 23.34565 23.58702 23.85227 24.14564 24.47153 24.83523 25.24235 25.69963 26.21393 26.79226 27.43586 28.12461 28.78228 29.32155 29.73384 30.04929 30.29409 30.48602 30.63714 30.75552 30.84704 30.91567 30.96451 30.99554 31.01042
4.230421 4.531353 4.885187 5.302327 5.796800 6.386199 7.094651 7.953088 9.001187 10.27221 11.72413 13.15373 14.38457 15.40059 16.23852 16.93727 17.52593 18.02777 18.45938 18.83458 19.16335 19.45444 19.71422 19.94862 20.16194 20.35843 20.54120 20.71348 20.87771 21.03655 21.19209 21.34673 21.50244 21.66160 21.82627 21.99898 22.18208 22.37841 22.59077 22.82252 23.07707 23.35853 23.67119 24.02029 24.41141 24.85139 25.34731 25.90656 26.53096 27.20107 27.84132 28.36492 28.76356 29.06743 29.30258 29.48658 29.63125 29.74444 29.83186 29.89730 29.94375 29.97309 29.98692
4.139110 4.425626 4.762277 5.158919 5.628973 6.189368 6.863581 7.682116 8.684728 9.905617 11.30479 12.68189 13.86325 14.83463 15.63347 16.29865 16.85874 17.33635 17.74741 18.10511 18.41891 18.69711 18.94571 19.17031 19.37495 19.56365 19.73933 19.90505 20.06311 20.21602 20.36575 20.51456 20.66433 20.81730 20.97541 21.14105 21.31642 21.50424 21.70710 21.92822 22.17081 22.43879 22.73627 23.06833 23.44044 23.85942 24.33255 24.86762 25.46724 26.11304 26.73062 27.23413 27.61570 27.90547 28.12916 28.30396 28.44128 28.54865 28.63149 28.69341 28.73724 28.76473 28.77741
4.043534 4.314375 4.632133 5.005957 5.448369 5.975236 6.608845 7.378575 8.323620 9.479105 10.80829 12.11590 13.23310 14.14841 14.89982 15.52546 16.05274 16.50308 16.89137 17.22994 17.52754 17.79192 18.02859 18.24279 18.43828 18.61878 18.78703 18.94588 19.09748 19.24419 19.38784 19.53056 19.67410 19.82055 19.97173 20.12987 20.29701 20.47568 20.66830 20.87782 21.10724 21.36020 21.64052 21.95298 22.30276 22.69649 23.14138 23.64559 24.21268 24.82603 25.41342 25.89071 26.25072 26.52331 26.73350 26.89772 27.02677 27.12767 27.20550 27.26360 27.30459 27.33010 27.34152
3.944557 4.198622 4.495982 4.844861 5.256579 5.745431 6.331691 7.042365 7.914494 8.983027 10.21606 11.42858 12.46130 13.30633 14.00087 14.58075 15.07106 15.49127 15.85479 16.17278 16.45312 16.70285 16.92698 17.13030 17.31622 17.48819 17.64872 17.80045 17.94536 18.08564 18.22299 18.35940 18.49646 18.63614 18.78008 18.93036 19.08885 19.25784 19.43953 19.63663 19.85179 20.08833 20.34963 20.64001 20.96410 21.32796 21.73833 22.20321 22.72695 23.29551 23.84099 24.28311 24.61568 24.86749 25.06199 25.21428 25.33418 25.42805 25.50049 25.55450 25.59246 25.61585 25.62595
3.843097 4.079541 4.355311 4.677541 5.056034 5.502972 6.035628 6.676809 7.458216 8.410841 9.508745 10.58860 11.51031 12.26904 12.89731 13.42573 13.87549 14.26322 14.60037 14.89665 15.15891 15.39338 15.60450 15.79655 15.97260 16.13579 16.28837 16.43280 16.57083 16.70453 16.83541 16.96533 17.09573 17.22841 17.36489 17.50704 17.65653 17.81544 17.98571 18.16972 18.36979 18.58877 18.82954 19.09572 19.39116 19.72085 20.09029 20.50619 20.97251 21.47808 21.96371 22.35799 22.65601 22.88327 23.06002 23.19918 23.30921 23.39559 23.46233 23.51204 23.54686 23.56804 23.57676
3.740005 3.958322 4.211748 4.506278 4.849894 5.252358 5.726991 6.290731 6.965787 7.771687 8.685197 9.585864 10.36957 11.02833 11.58334 12.05633 12.46323 12.81693 13.12674 13.40057 13.64426 13.86306 14.06088 14.24141 14.40742 14.56165 14.70617 14.84313 14.97419 15.10117 15.22549 15.34879 15.47242 15.59798 15.72685 15.86068 16.00098 16.14955 16.30808 16.47859 16.66304 16.86375 17.08302 17.32364 17.58843 17.88089 18.20456 18.56332 18.95828 19.37892 19.78105 20.11281 20.36963 20.56937 20.72689 20.85215 20.95185 21.03045 21.09130 21.13661 21.16817 21.18711 21.19440
3.635892 3.835941 4.066813 4.333373 4.641674 4.999012 5.414450 5.898594 6.462685 7.111610 7.822395 8.526809 9.163774 9.718603 10.19849 10.61499 10.97842 11.29768 11.57988 11.83105 12.05603 12.25903 12.44346 12.61238 12.76828 12.91346 13.04986 13.17929 13.30334 13.42353 13.54124 13.65785 13.77467 13.89304 14.01425 14.13969 14.27074 14.40886 14.55557 14.71245 14.88115 15.06338 15.26092 15.47560 15.70925 15.96366 16.24027 16.53954 16.85874 17.18656 17.49621 17.76027 17.97388 18.14524 18.28316 18.39432 18.48355 18.55432 18.60921 18.65010 18.67839 18.69508 18.70093
3.531255 3.713264 3.921963 4.161070 4.434942 4.748538 5.107311 5.516573 5.979679 6.493232 7.038906 7.582200 8.090939 8.550438 8.959273 9.321536 9.642731 9.928367 10.18342 10.41227 10.61873 10.80610 10.97722 11.13460 11.28042 11.41660 11.54488 11.66682 11.78383 11.89725 12.00834 12.11830 12.22830 12.33951 12.45307 12.57018 12.69202 12.81982 12.95481 13.09826 13.25143 13.41556 13.59183 13.78133 13.98491 14.20304 14.43543 14.68034 14.93317 15.18449 15.42001 15.62714 15.80188 15.94669 16.06585 16.16333 16.24235 16.30543 16.35448 16.39100 16.41608 16.43054 16.43499
3.426794 3.591353 3.778751 3.991682 4.233099 4.506064 4.813429 5.157089 5.536535 5.946414 6.374154 6.801266 7.210065 7.589520 7.935525 8.248281 8.530050 8.783873 9.012936 9.220296 9.408774 9.580917 9.739008 9.885079 10.02095 10.14827 10.26852 10.38303 10.49307 10.59980 10.70432 10.80770 10.91094 11.01509 11.12112 11.23005 11.34288 11.46060 11.58421 11.71468 11.85292 11.99978 12.15596 12.32193 12.49784 12.68333 12.87718 13.07690 13.27816 13.47447 13.65814 13.82290 13.96596 14.08766 14.18980 14.27456 14.34395 14.39968 14.44314 14.47542 14.49740 14.50971 14.51281
3.323405 3.471413 3.638779 3.827364 4.039039 4.275514 4.537983 4.826552 5.139355 5.471516 5.814651 6.157936 6.490869 6.805768 7.098477 7.367668 7.613804 7.838317 8.043089 8.230141 8.401478 8.559011 8.704515 8.839618 8.965815 9.084471 9.196842 9.304084 9.407270 9.507421 9.605489 9.702394 9.799033 9.896273 9.994967 10.09596 10.20008 10.30812 10.42086 10.53902 10.66324 10.79403 10.93173 11.07641 11.22781 11.38512 11.54689 11.71073 11.87326 12.03023 12.17722 12.31069 12.42876 12.53109 12.61835 12.69165 12.75218 12.80106 12.83925 12.86754 12.88658 12.89684 12.89868
3.221979 3.354544 3.503415 3.669806 3.854823 4.059284 4.283442 4.526618 4.786714 5.059838 5.340291 5.621267 5.896106 6.159461 6.407858 6.639577 6.854231 7.052306 7.234804 7.402988 7.558237 7.701938 7.835439 7.960021 8.076888 8.187161 8.291890 8.392051 8.488562 8.582294 8.674070 8.764684 8.854897 8.945451 9.037069 9.130444 9.226247 9.325116 9.427636 9.534323 9.645596 9.761730 9.882822 10.00871 10.13892 10.27253 10.40816 10.54384 10.67709 10.80508 10.92508 11.03491 11.13324 11.21959 11.29410 11.35730 11.40987 11.45249 11.48582 11.51039 11.52668 11.53504 11.53572
3.123293 3.241653 3.373699 3.520178 3.681674 3.858462 4.050317 4.256288 4.474466 4.701862 4.934515 5.167871 5.397467 5.619533 5.831332 6.031216 6.218462 6.393046 6.555419 6.706321 6.846660 6.977420 7.099602 7.214195 7.322152 7.424383 7.521752 7.615075 7.705126 7.792644 7.878333 7.962864 8.046886 8.131026 8.215878 8.302013 8.389971 8.480246 8.573272 8.669408 8.768909 8.871893 8.978306 9.087868 9.200038 9.313959 9.428429 9.541911 9.652602 9.758595 9.858086 9.949608 10.03219 10.10537 10.16906 10.22348 10.26899 10.30599 10.33489 10.35607 10.36984 10.37645 10.37608
3.027968 3.133412 3.250331 3.379148 3.520111 3.673182 3.837925 4.013363 4.197880 4.389194 4.584453 4.780513 4.974271 5.162993 5.344560 5.517536 5.681125 5.835053 5.979441 6.114682 6.241351 6.360123 6.471729 6.576919 6.676439 6.771013 6.861345 6.948112 7.031959 7.113504 7.193341 7.272038 7.350137 7.428159 7.506599 7.585916 7.666536 7.748838 7.833139 7.919679 8.008600 8.099916 8.193495 8.289017 8.385958 8.483565 8.580863 8.676667 8.769666 8.858511 8.941957 9.018984 9.088857 9.151147 9.205698 9.252547 9.291858 9.323856 9.348796 9.366904 9.378393 9.383425 9.382116
2.936456 3.030260 3.133699 3.246976 3.370130 3.502962 3.644962 3.795232 3.952442 4.114848 4.280369 4.446728 4.611684 4.773232 4.929734 5.079994 5.223248 5.359124 5.487559 5.608724 5.722960 5.830720 5.932524 6.028933 6.120516 6.207853 6.291506 6.372027 6.449950 6.525789 6.600039 6.673173 6.745643 6.817877 6.890279 6.963218 7.037028 7.111994 7.188343 7.266228 7.345717 7.426763 7.509198 7.592707 7.676819 7.760903 7.844179 7.925743 8.004624 8.079852 8.150530 8.215897 8.275392 8.328647 8.375470 8.415815 8.449733 8.477329 8.498740 8.514108 8.523557 8.527185 8.525065
2.849052 2.932443 3.023946 3.123620 3.231385 3.346968 3.469856 3.599262 3.734106 3.873035 4.014482 4.156780 4.298288 4.437486 4.573102 4.704151 4.829953 4.950109 5.064462 5.173046 5.276049 5.373756 5.466534 5.554792 5.638966 5.719501 5.796850 5.871457 5.943759 6.014178 6.083123 6.150985 6.218135 6.284924 6.351678 6.418689 6.486216 6.554473 6.623619 6.693747 6.764873 6.836921 6.909713 6.982962 7.056260 7.129091 7.200836 7.270800 7.338252 7.402469 7.462785 7.518637 7.569575 7.615285 7.655571 7.690343 7.719583 7.743324 7.761630 7.774572 7.782217 7.784616 7.781802
2.765927 2.840049 2.921029 3.008837 3.103326 3.204199 3.310975 3.422984 3.539348 3.659011 3.780788 3.903412 4.025629 4.146292 4.264402 4.379160 4.489974 4.596460 4.698420 4.795806 4.888702 4.977280 5.061789 5.142523 5.219809 5.293990 5.365421 5.434460 5.501455 5.566753 5.630688 5.693577 5.755726 5.817419 5.878914 5.940443 6.002204 6.064356 6.127005 6.190205 6.253940 6.318122 6.382582 6.447063 6.511223 6.574641 6.636827 6.697244 6.755333 6.810551 6.862388 6.910398 6.954227 6.993605 7.028347 7.058343 7.083541 7.103926 7.119513 7.130326 7.136392 7.137726 7.134335
2.687133 2.753036 2.824765 2.902239 2.985277 3.073586 3.166733 3.264148 3.365117 3.468807 3.574288 3.680599 3.786790 3.891960 3.995317 4.096208 4.194130 4.288729 4.379795 4.467237 4.551069 4.631387 4.708353 4.782173 4.853088 4.921359 4.987263 5.051079 5.113089 5.173571 5.232794 5.291017 5.348485 5.405427 5.462048 5.518527 5.575016 5.631629 5.688438 5.745465 5.802681 5.859993 5.917245 5.974218 6.030625 6.086124 6.140327 6.192814 6.243151 6.290913 6.335706 6.377186 6.415061 6.449098 6.479129 6.505034 6.526743 6.544218 6.557436 6.566394 6.571088 6.571514 6.567655
2.612653 2.671289 2.734901 2.803378 2.876532 2.954083 3.035651 3.120755 3.208812 3.299159 3.391073 3.483792 3.576566 3.668692 3.759544 3.848586 3.935389 4.019643 4.101136 4.179757 4.255478 4.328343 4.398449 4.465937 4.530981 4.593778 4.654537 4.713479 4.770824 4.826795 4.881607 4.935468 4.988573 5.041103 5.093220 5.145062 5.196743 5.248344 5.299910 5.351445 5.402910 5.454216 5.505226 5.555748 5.605549 5.654348 5.701838 5.747684 5.791545 5.833093 5.872015 5.908024 5.940884 5.970397 5.996411 6.018811 6.037516 6.052469 6.063633 6.070984 6.074500 6.074158 6.069930
2.542400 2.594617 2.651111 2.711756 2.776364 2.844681 2.916374 2.991035 3.068188 3.147294 3.227770 3.309026 3.390474 3.471550 3.551745 3.630618 3.707809 3.783040 3.856117 3.926918 3.995390 4.061540 4.125422 4.187127 4.246780 4.304520 4.360509 4.414917 4.467915 4.519676 4.570374 4.620171 4.669221 4.717667 4.765635 4.813229 4.860534 4.907605 4.954469 5.001118 5.047509 5.093557 5.139144 5.184108 5.228252 5.271351 5.313155 5.353397 5.391807 5.428116 5.462077 5.493464 5.522075 5.547740 5.570323 5.589715 5.605832 5.618609 5.628000 5.633966 5.636475 5.635493 5.630986
2.476246 2.522803 2.573055 2.626874 2.684083 2.744448 2.807683 2.873443 2.941334 3.010919 3.081738 3.153302 3.225138 3.296795 3.367861 3.437973 3.506825 3.574175 3.639843 3.703709 3.765705 3.825815 3.884060 3.940495 3.995205 4.048291 4.099872 4.150074 4.199032 4.246880 4.293750 4.339773 4.385067 4.429743 4.473895 4.517605 4.560932 4.603913 4.646562 4.688860 4.730767 4.772204 4.813068 4.853221 4.892501 4.930724 4.967683 5.003166 5.036955 5.068837 5.098608 5.126074 5.151072 5.173454 5.193099 5.209907 5.223794 5.234697 5.242559 5.247340 5.248995 5.247490 5.242785
