T3-twomodels/model120.grd
DSAA
         100         100
  -15.00000       15.00000    
  -15.00000       15.00000    
  0.6315846       34.84916    
[rows 0 to 27 of 100, columns 0 to 62 of 100]
0.6554110 0.6725741 0.6900482 0.7078108 0.7258377 0.7441022 0.7625753 0.7812266 0.8000235 0.8189328 0.8379180 0.8569446 0.8759820 0.8949944 0.9139463 0.9328041 0.9515356 0.9701104 0.9884996 1.006676 1.024616 1.042296 1.059696 1.076798 1.093587 1.110047 1.126169 1.141940 1.157353 1.172400 1.187076 1.201375 1.215293 1.228824 1.241967 1.254715 1.267065 1.279013 1.290551 1.301675 1.312375 1.322644 1.332472 1.341846 1.350754 1.359182 1.367113 1.374529 1.381412 1.387739 1.393494 1.398658 1.403203 1.407105 1.410344 1.412893 1.414732 1.415836 1.416183 1.415754 1.414526 1.412482 1.409605
0.6806107 0.6990119 0.7177634 0.7368407 0.7562165 0.7758612 0.7957425 0.8158258 0.8360749 0.8564521 0.8769209 0.8974408 0.9179680 0.9384641 0.9588920 0.9792140 0.9993941 1.019398 1.039194 1.058753 1.078046 1.097050 1.115744 1.134108 1.152125 1.169782 1.187067 1.203970 1.220483 1.236600 1.252315 1.267625 1.282527 1.297018 1.311094 1.324754 1.337993 1.350808 1.363194 1.375146 1.386655 1.397714 1.408312 1.418437 1.428075 1.437210 1.445826 1.453902 1.461418 1.468356 1.474687 1.480382 1.485422 1.489780 1.493428 1.496341 1.498490 1.499850 1.500396 1.500102 1.498947 1.496908 1.493964
0.7072829 0.7270367 0.7471861 0.7677040 0.7885602 0.8097213 0.8311514 0.8528110 0.8746595 0.8966533 0.9187464 0.9408938 0.9630555 0.9851853 1.007238 1.029171 1.050943 1.072516 1.093855 1.114926 1.135700 1.156150 1.176254 1.195990 1.215343 1.234298 1.252843 1.270971 1.288672 1.305944 1.322781 1.339182 1.355145 1.370669 1.385752 1.400395 1.414594 1.428347 1.441651 1.454500 1.466889 1.478807 1.490246 1.501192 1.511631 1.521545 1.530917 1.539724 1.547942 1.555543 1.562507 1.568808 1.574411 1.579287 1.583405 1.586734 1.589245 1.590907 1.591690 1.591567 1.590512 1.588497 1.585502
0.7355374 0.7567715 0.7784533 0.8005530 0.8230371 0.8458681 0.8690054 0.8924044 0.9160187 0.9397996 0.9636984 0.9876637 1.011639 1.035573 1.059419 1.083128 1.106653 1.129953 1.152985 1.175716 1.198110 1.220142 1.241784 1.263016 1.283821 1.304185 1.324097 1.343549 1.362535 1.381054 1.399101 1.416678 1.433785 1.450423 1.466592 1.482295 1.497530 1.512298 1.526595 1.540418 1.553762 1.566617 1.578974 1.590821 1.602140 1.612914 1.623121 1.632740 1.641743 1.650105 1.657793 1.664767 1.671004 1.676468 1.681123 1.684934 1.687865 1.689881 1.690950 1.691039 1.690116 1.688154 1.685124
0.7654887 0.7883458 0.8117111 0.8355516 0.8598300 0.8845043 0.9095282 0.9348518 0.9604211 0.9861801 1.012069 1.038027 1.064003 1.089935 1.115764 1.141436 1.166897 1.192099 1.216998 1.241551 1.265725 1.289486 1.312810 1.335673 1.358060 1.379954 1.401349 1.422236 1.442613 1.462477 1.481831 1.500676 1.519016 1.536854 1.554195 1.571041 1.587396 1.603260 1.618634 1.633514 1.647897 1.661774 1.675137 1.687970 1.700259 1.711982 1.723117 1.733637 1.743513 1.752709 1.761197 1.768944 1.775905 1.782041 1.787311 1.791677 1.795097 1.797531 1.798941 1.799290 1.798541 1.796662 1.793620
0.7972664 0.8219061 0.8471242 0.8728843 0.8991452 0.9258591 0.9529738 0.9804316 1.008172 1.036130 1.064241 1.092437 1.120644 1.148794 1.176825 1.204672 1.232275 1.259580 1.286536 1.313097 1.339224 1.364883 1.390047 1.414691 1.438800 1.462360 1.485363 1.507805 1.529685 1.551005 1.571768 1.591980 1.611649 1.630781 1.649384 1.667464 1.685027 1.702078 1.718618 1.734647 1.750161 1.765155 1.779618 1.793537 1.806894 1.819668 1.831833 1.843360 1.854217 1.864370 1.873776 1.882386 1.890166 1.897069 1.903047 1.908055 1.912044 1.914970 1.916787 1.917454 1.916927 1.915170 1.912146
0.8310058 0.8576071 0.8848687 0.9127507 0.9412069 0.9701834 0.9996206 1.029453 1.059610 1.090016 1.120592 1.151258 1.181942 1.212562 1.243041 1.273305 1.303286 1.332920 1.362151 1.390926 1.419205 1.446948 1.474128 1.500719 1.526707 1.552079 1.576829 1.600956 1.624462 1.647353 1.669637 1.691324 1.712425 1.732951 1.752916 1.772327 1.791196 1.809530 1.827335 1.844611 1.861359 1.877573 1.893243 1.908357 1.922895 1.936834 1.950146 1.962798 1.974751 1.985961 1.996389 2.005992 2.014711 2.022494 2.029287 2.035038 2.039691 2.043195 2.045498 2.046550 2.046304 2.044716 2.041744
0.8668578 0.8956214 0.9251420 0.9553745 0.9862678 1.017761 1.049786 1.082268 1.115125 1.148270 1.181615 1.215068 1.248530 1.281911 1.315122 1.348080 1.380706 1.412927 1.444678 1.475903 1.506553 1.536589 1.565980 1.594703 1.622741 1.650086 1.676734 1.702687 1.727953 1.752542 1.776467 1.799743 1.822387 1.844415 1.865846 1.886693 1.906973 1.926695 1.945871 1.964505 1.982597 2.000146 2.017143 2.033574 2.049419 2.064652 2.079244 2.093157 2.106349 2.118776 2.130381 2.141101 2.150889 2.159681 2.167415 2.174027 2.179456 2.183640 2.186520 2.188039 2.188143 2.186781 2.183906
0.9049805 0.9361331 0.9681553 1.000998 1.034605 1.068906 1.103823 1.139271 1.175152 1.211367 1.247806 1.284361 1.320929 1.357402 1.393673 1.429642 1.465219 1.500320 1.534871 1.568810 1.602081 1.634644 1.666466 1.697523 1.727802 1.757296 1.786006 1.813941 1.841110 1.867533 1.893228 1.918216 1.942522 1.966168 1.989178 2.011575 2.033377 2.054603 2.075266 2.095376 2.114937 2.133949 2.152404 2.170290 2.187584 2.204260 2.220284 2.235613 2.250198 2.263980 2.276906 2.288917 2.299936 2.309892 2.318713 2.326327 2.332662 2.337646 2.341212 2.343294 2.343830 2.342762 2.340035
0.9455482 0.9793446 1.014144 1.049893 1.086527 1.123969 1.162129 1.200907 1.240191 1.279863 1.319801 1.359876 1.399953 1.439905 1.479613 1.518960 1.557840 1.596156 1.633826 1.670777 1.706951 1.742303 1.776798 1.810416 1.843144 1.874981 1.905934 1.936015 1.965245 1.993648 2.021250 2.048083 2.074177 2.099564 2.124276 2.148341 2.171788 2.194640 2.216918 2.238635 2.259799 2.280416 2.300478 2.319973 2.338879 2.357167 2.374797 2.391723 2.407890 2.423238 2.437691 2.451166 2.463595 2.474893 2.484975 2.493754 2.501149 2.507076 2.511456 2.514215 2.515281 2.514589 2.512075
0.9887446 1.025472 1.063360 1.102352 1.142376 1.183343 1.225151 1.267682 1.310805 1.354382 1.398260 1.442287 1.486316 1.530196 1.573779 1.616927 1.659516 1.701434 1.742586 1.782890 1.822284 1.860718 1.898159 1.934587 1.969996 2.004388 2.037779 2.070189 2.101646 2.132186 2.161844 2.190661 2.218679 2.245939 2.272482 2.298346 2.323568 2.348180 2.372209 2.395676 2.418596 2.440974 2.462809 2.484088 2.504791 2.524882 2.544321 2.563051 2.581009 2.598115 2.614297 2.629471 2.643533 2.656387 2.667933 2.678072 2.686707 2.693744 2.699090 2.702660 2.704373 2.704152 2.701929
1.034768 1.074751 1.116084 1.158704 1.202531 1.247466 1.293391 1.340167 1.387643 1.435651 1.484019 1.532563 1.581092 1.629425 1.677394 1.724835 1.771601 1.817565 1.862615 1.906661 1.949633 1.991480 2.032171 2.071687 2.110029 2.147209 2.183250 2.218183 2.252049 2.284893 2.316765 2.347717 2.377802 2.407074 2.435585 2.463386 2.490523 2.517039 2.542969 2.568343 2.593183 2.617499 2.641294 2.664556 2.687263 2.709381 2.730860 2.751639 2.771643 2.790793 2.808983 2.826100 2.842046 2.856704 2.869956 2.881685 2.891776 2.900120 2.906610 2.911150 2.913646 2.914013 2.912172
1.083825 1.127431 1.172611 1.219300 1.267410 1.316826 1.367414 1.419012 1.471439 1.524495 1.577964 1.631627 1.685270 1.738673 1.791625 1.843933 1.895423 1.945944 1.995370 2.043600 2.090557 2.136190 2.180468 2.223381 2.264936 2.305157 2.344078 2.381746 2.418214 2.453542 2.487794 2.521039 2.553343 2.584775 2.615402 2.645287 2.674489 2.703064 2.731059 2.758512 2.785454 2.811903 2.837867 2.863337 2.888291 2.912690 2.936481 2.959590 2.981932 3.003397 3.023881 3.043266 3.061408 3.078171 3.093415 3.107005 3.118805 3.128689 3.136535 3.142231 3.145672 3.146762 3.145412
1.136137 1.183782 1.233270 1.284534 1.337477 1.391972 1.447862 1.504957 1.563043 1.621880 1.681215 1.740779 1.800294 1.859496 1.918137 1.975985 2.032834 2.088507 2.142861 2.195780 2.247183 2.297019 2.345263 2.391913 2.436989 2.480526 2.522578 2.563206 2.602483 2.640484 2.677295 2.712999 2.747682 2.781430 2.814327 2.846451 2.877880 2.908680 2.938915 2.968635 2.997882 3.026684 3.055053 3.082987 3.110464 3.137442 3.163859 3.189634 3.214665 3.238838 3.262005 3.284009 3.304704 3.323924 3.341502 3.357276 3.371088 3.382788 3.392239 3.399310 3.403885 3.405856 3.405127
1.191934 1.244085 1.298405 1.354825 1.413241 1.473511 1.535452 1.598843 1.663426 1.728910 1.794977 1.861301 1.927558 1.993424 2.058588 2.122769 2.185721 2.247238 2.307153 2.365340 2.421713 2.476224 2.528855 2.579618 2.628550 2.675705 2.721156 2.764987 2.807291 2.848168 2.887722 2.926062 2.963291 2.999519 3.034848 3.069377 3.103201 3.136406 3.169072 3.201265 3.233041 3.264439 3.295482 3.326173 3.356490 3.386392 3.415808 3.444642 3.472771 3.500045 3.526310 3.551392 3.575084 3.597190 3.617510 3.635853 3.652033 3.665876 3.677222 3.685926 3.691857 3.694896 3.694937
1.251450 1.308637 1.368386 1.430629 1.495260 1.562118 1.630995 1.701628 1.773708 1.846881 1.920769 1.994962 2.069041 2.142607 2.215286 2.286739 2.356670 2.424835 2.491046 2.555163 2.617100 2.676813 2.734301 2.789593 2.842747 2.893845 2.942984 2.990274 3.035838 3.079801 3.122295 3.163451 3.203402 3.242280 3.280210 3.317317 3.353717 3.389519 3.424821 3.459711 3.494263 3.528530 3.562550 3.596332 3.629859 3.663089 3.695940 3.728303 3.760033 3.790963 3.820881 3.849553 3.876761 3.902263 3.925815 3.947187 3.966158 3.982528 3.996114 4.006752 4.014295 4.018617 4.019603
1.314920 1.377741 1.443597 1.512434 1.584139 1.658540 1.735397 1.814400 1.895175 1.977288 2.060257 2.143574 2.226739 2.309248 2.390631 2.470471 2.548412 2.624168 2.697524 2.768331 2.836504 2.902014 2.964878 3.025155 3.082931 3.138320 3.191455 3.242479 3.291545 3.338815 3.384449 3.428612 3.471466 3.513169 3.553878 3.593743 3.632909 3.671510 3.709671 3.747503 3.785102 3.822545 3.859884 3.897142 3.934310 3.971340 4.008148 4.044600 4.080522 4.115691 4.149874 4.182806 4.214180 4.243698 4.271071 4.296021 4.318287 4.337638 4.353864 4.366785 4.376239 4.382092 4.384222
1.382580 1.451703 1.524441 1.600753 1.680534 1.763599 1.849676 1.938400 2.029317 2.121894 2.215536 2.309604 2.403434 2.496398 2.587918 2.677478 2.764650 2.849100 2.930585 3.008950 3.084121 3.156090 3.224907 3.290665 3.353495 3.413551 3.471007 3.526049 3.578873 3.629676 3.678660 3.726023 3.771963 3.816672 3.860343 3.903154 3.945285 3.986900 4.028156 4.069196 4.110144 4.151103 4.192150 4.233326 4.274633 4.316027 4.357410 4.398631 4.439478 4.479697 4.518965 4.556925 4.593235 4.627521 4.659425 4.688611 4.714771 4.737636 4.756970 4.772575 4.784282 4.791947 4.795447
1.454646 1.530822 1.611314 1.696116 1.785136 1.878185 1.974960 2.075031 2.177847 2.282743 2.388953 2.495661 2.602050 2.707310 2.810701 2.911584 3.009439 3.103876 3.194630 3.281547 3.364573 3.443739 3.519140 3.590921 3.659267 3.724386 3.786507 3.845866 3.902709 3.957280 4.009824 4.060585 4.109797 4.157698 4.204514 4.250465 4.295766 4.340621 4.385226 4.429760 4.474387 4.519243 4.564439 4.610043 4.656075 4.702497 4.749205 4.796017 4.842674 4.888836 4.934126 4.978122 5.020338 5.060314 5.097609 5.131818 5.162579 5.189582 5.212565 5.231317 5.245662 5.255457 5.260581
1.531315 1.615376 1.704609 1.799058 1.898668 2.003256 2.112492 2.225878 2.342745 2.462256 2.583450 2.705268 2.826610 2.946440 3.063821 3.177957 3.288222 3.394165 3.495504 3.592102 3.683947 3.771126 3.853800 3.932185 4.006539 4.077138 4.144280 4.208263 4.269391 4.327967 4.384286 4.438640 4.491316 4.542592 4.592739 4.642025 4.690710 4.739041 4.787262 4.835598 4.884263 4.933441 4.983285 5.033904 5.085347 5.137594 5.190532 5.243950 5.297533 5.350872 5.403441 5.454662 5.503963 5.550755 5.594484 5.634657 5.670852 5.702716 5.729969 5.752391 5.769806 5.782082 5.789111
1.612741 1.705604 1.804680 1.910094 2.021853 2.139809 2.263620 2.392715 2.526280 2.663261 2.802392 2.942283 3.081524 3.218743 3.352717 3.482448 3.607182 3.726410 3.839851 3.947410 4.049145 4.145229 4.235920 4.321530 4.402408 4.478920 4.551449 4.620367 4.686049 4.748866 4.809171 4.867315 4.923638 4.978472 5.032139 5.084959 5.137241 5.189291 5.241407 5.293876 5.346969 5.400936 5.455991 5.512302 5.569966 5.628992 5.689270 5.750551 5.812441 5.874383 5.935731 5.995752 6.053639 6.108641 6.160067 6.207326 6.249928 6.287486 6.319709 6.346378 6.367341 6.382483 6.391716
1.699027 1.801688 1.911826 2.029688 2.155393 2.288865 2.429779 2.577506 2.731063 2.889116 3.050023 3.211919 3.372856 3.531012 3.684805 3.832979 3.974637 4.109229 4.236506 4.356459 4.469264 4.575221 4.674720 4.768203 4.856139 4.939009 5.017292 5.091456 5.161961 5.229249 5.293749 5.355872 5.416024 5.474593 5.531962 5.588509 5.644606 5.700623 5.756924 5.813868 5.871809 5.931079 5.991978 6.054759 6.119596 6.186551 6.255535 6.326267 6.398252 6.470788 6.542948 6.613701 6.682032 6.746957 6.807608 6.863274 6.913406 6.957598 6.995566 7.027120 7.052138 7.070552 7.082311
1.790194 1.903718 2.026247 2.158211 2.299903 2.451393 2.612436 2.782373 2.960047 3.143755 3.331289 3.520097 3.707549 3.891146 4.068779 4.238867 4.400367 4.552732 4.695809 4.829747 4.954899 5.071758 5.180893 5.282919 5.378457 5.468126 5.552529 5.632246 5.707830 5.779814 5.848705 5.914990 5.979141 6.041615 6.102863 6.163327 6.223451 6.283679 6.344459 6.406239 6.469472 6.534600 6.602046 6.672186 6.745313 6.821592 6.900986 6.983190 7.067568 7.153134 7.238661 7.322741 7.403915 7.480887 7.552588 7.618199 7.677130 7.728990 7.773539 7.810646 7.840260 7.862366 7.876974
1.886162 2.011665 2.148002 2.295871 2.455842 2.628235 2.813002 3.009540 3.216539 3.431845 3.652498 3.874910 4.095280 4.310127 4.516649 4.712877 4.897668 5.070569 5.231635 5.381279 5.520138 5.648968 5.768587 5.879827 5.983504 6.080407 6.171285 6.256844 6.337752 6.414641 6.488108 6.558722 6.627032 6.693572 6.758861 6.823422 6.887776 6.952457 7.018006 7.084984 7.153969 7.225550 7.300311 7.378813 7.461540 7.548833 7.640775 7.737079 7.836945 7.939038 8.041495 8.142223 8.239251 8.330867 8.415765 8.493053 8.562167 8.622792 8.674792 8.718141 8.752884 8.779103 8.796885
1.986725 2.125338 2.276953 2.442648 2.623401 2.819965 3.032676 3.261179 3.504114 3.758813 4.021179 4.286012 4.547780 4.801455 5.043228 5.270721 5.482819 5.679354 5.860790 6.027966 6.181931 6.323813 6.454753 6.575864 6.688197 6.792743 6.890426 6.982098 7.068555 7.150540 7.228749 7.303844 7.376456 7.447201 7.516683 7.585505 7.654280 7.723639 7.794242 7.866775 7.941978 8.020623 8.103522 8.191499 8.285335 8.385676 8.492877 8.606750 8.726301 8.849549 8.973723 9.095678 9.212454 9.321834 9.422358 9.513185 9.593910 9.664404 9.724708 9.774962 9.815355 9.846088 9.867349
2.091528 2.244351 2.412711 2.598192 2.802377 3.026693 3.272186 3.539116 3.826401 4.130920 4.447051 4.766933 5.081886 5.384428 5.669457 5.934328 6.178292 6.401836 6.606135 6.792696 6.963153 7.119134 7.262193 7.393785 7.515251 7.627816 7.732600 7.830625 7.922827 8.010073 8.093170 8.172873 8.249909 8.324985 8.398787 8.472015 8.545379 8.619625 8.695539 8.773967 8.855839 8.942163 9.034048 9.132691 9.239331 9.355145 9.481022 9.617140 9.762380 9.913831 10.06680 10.21607 10.35740 10.48809 10.60677 10.71297 10.80666 10.88804 10.95743 11.01519 11.06170 11.09731 11.12233
2.200036 2.368084 2.554565 2.761731 2.991989 3.247790 3.531377 3.844293 4.186488 4.554886 4.941787 5.334709 5.719381 6.084149 6.422338 6.731633 7.012414 7.266450 7.496085 7.703812 7.892059 8.063096 8.218988 8.361607 8.492619 8.613523 8.725661 8.830238 8.928349 9.020991 9.109090 9.193509 9.275070 9.354571 9.432801 9.510553 9.588651 9.667958 9.749412 9.834041 9.922994 10.01757 10.11928 10.22980 10.35107 10.48514 10.63394 10.79863 10.97834 11.16846 11.36067 11.54574 11.71733 11.87286 12.01195 12.13505 12.24280 12.33590 12.41501 12.48079 12.53381 12.57460 12.60362
2.311528 2.495660 2.701455 2.931984 3.190745 3.481605 3.808672 4.175831 4.585632 5.036741 5.519595 6.013276 6.491731 6.936226 7.339241 7.700534 8.023084 8.310916 8.568141 8.798600 9.005754 9.192652 9.361974 9.516056 9.656946 9.786441 9.906130 10.01741 10.12155 10.21969 10.31288 10.40209 10.48824 10.57224 10.65498 10.73734 10.82028 10.90479 10.99196 11.08304 11.17943 11.28277 11.39503 11.51858 11.65628 11.81156 11.98828 12.18997 12.41744 12.66392 12.91216 13.14379 13.35090 13.53371 13.69452 13.83539 13.95790 14.06327 14.15258 14.22674 14.28658 14.33279 14.36598
