T3-twomodels/model30.grd
DSAA
         100         100
  -15.00000       15.00000    
  -15.00000       15.00000    
  0.8343390       35.57096    
[rows 0 to 27 of 100, columns 0 to 62 of 100]
0.8579024 0.8773015 0.8970845 0.9172304 0.9377147 0.9585110 0.9795906 1.000922 1.022473 1.044207 1.066087 1.088075 1.110139 1.132237 1.154331 1.176382 1.198350 1.220199 1.241891 1.263392 1.284666 1.305680 1.326402 1.346802 1.366850 1.386519 1.405782 1.424612 1.442985 1.460878 1.478269 1.495135 1.511456 1.527212 1.542382 1.556950 1.570898 1.584208 1.596863 1.608848 1.620149 1.630751 1.640640 1.649804 1.658229 1.665906 1.672822 1.678968 1.684332 1.688907 1.692688 1.695665 1.697829 1.699174 1.699693 1.699380 1.698229 1.696237 1.693398 1.689708 1.685162 1.679760 1.673496
0.8827423 0.9035180 0.9247251 0.9463398 0.9683365 0.9906854 1.013355 1.036309 1.059513 1.082927 1.106512 1.130226 1.154022 1.177858 1.201692 1.225480 1.249182 1.272753 1.296155 1.319348 1.342294 1.364957 1.387303 1.409298 1.430912 1.452113 1.472874 1.493168 1.512967 1.532248 1.550987 1.569160 1.586746 1.603723 1.620071 1.635771 1.650803 1.665150 1.678794 1.691719 1.703908 1.715346 1.726019 1.735913 1.745015 1.753313 1.760795 1.767452 1.773273 1.778250 1.782367 1.785619 1.788002 1.789506 1.790124 1.789849 1.788676 1.786598 1.783610 1.779708 1.774886 1.769141 1.762469
0.9089479 0.9312232 0.9539837 0.9772041 1.000856 1.024905 1.049318 1.074055 1.099075 1.124333 1.149783 1.175376 1.201070 1.226816 1.252563 1.278262 1.303867 1.329331 1.354610 1.379660 1.404439 1.428910 1.453033 1.476774 1.500100 1.522977 1.545376 1.567268 1.588625 1.609422 1.629632 1.649233 1.668199 1.686510 1.704144 1.721079 1.737297 1.752776 1.767501 1.781451 1.794611 1.806964 1.818495 1.829188 1.839031 1.848009 1.856112 1.863326 1.869640 1.875043 1.879533 1.883098 1.885725 1.887409 1.888141 1.887915 1.886724 1.884561 1.881420 1.877296 1.872182 1.866073 1.858965
0.9366059 0.9605172 0.9849758 1.009953 1.035419 1.061336 1.087665 1.114363 1.141382 1.168673 1.196188 1.223873 1.251668 1.279519 1.307374 1.335179 1.362880 1.390427 1.417769 1.444859 1.471652 1.498105 1.524178 1.549832 1.575032 1.599744 1.623935 1.647575 1.670636 1.693089 1.714908 1.736068 1.756544 1.776312 1.795351 1.813638 1.831151 1.847871 1.863777 1.878850 1.893073 1.906428 1.918898 1.930468 1.941122 1.950848 1.959632 1.967462 1.974328 1.980220 1.985120 1.989023 1.991922 1.993808 1.994673 1.994507 1.993305 1.991058 1.987759 1.983402 1.977980 1.971486 1.963914
0.9658141 0.9915138 1.017832 1.044738 1.072196 1.100167 1.128607 1.157466 1.186692 1.216228 1.246013 1.275988 1.306095 1.336273 1.366457 1.396585 1.426599 1.456442 1.486057 1.515393 1.544400 1.573033 1.601246 1.629000 1.656256 1.682977 1.709132 1.734686 1.759611 1.783877 1.807457 1.830324 1.852452 1.873816 1.894394 1.914160 1.933093 1.951170 1.968372 1.984676 2.000065 2.014518 2.028019 2.040551 2.052097 2.062644 2.072176 2.080682 2.088146 2.094558 2.099914 2.104201 2.107406 2.109521 2.110537 2.110447 2.109241 2.106912 2.103452 2.098852 2.093105 2.086202 2.078137
0.9966763 1.024334 1.052691 1.081715 1.111368 1.141604 1.172374 1.203623 1.235289 1.267311 1.299624 1.332157 1.364836 1.397590 1.430352 1.463052 1.495623 1.528002 1.560126 1.591938 1.623385 1.654415 1.684982 1.715042 1.744555 1.773483 1.801790 1.829443 1.856411 1.882664 1.908172 1.932909 1.956847 1.979961 2.002225 2.023613 2.044103 2.063671 2.082294 2.099951 2.116619 2.132280 2.146914 2.160504 2.173032 2.184483 2.194841 2.204094 2.212230 2.219237 2.225097 2.229802 2.233348 2.235720 2.236912 2.236913 2.235715 2.233307 2.229682 2.224829 2.218740 2.211406 2.202815
1.029306 1.059110 1.089709 1.121067 1.153140 1.185880 1.219229 1.253126 1.287501 1.322280 1.357386 1.392739 1.428264 1.463878 1.499501 1.535052 1.570457 1.605643 1.640541 1.675089 1.709227 1.742901 1.776059 1.808657 1.840650 1.872000 1.902671 1.932627 1.961836 1.990268 2.017893 2.044682 2.070606 2.095639 2.119755 2.142926 2.165127 2.186333 2.206519 2.225662 2.243740 2.260731 2.276614 2.291369 2.304979 2.317426 2.328695 2.338770 2.347636 2.355282 2.361703 2.366885 2.370812 2.373477 2.374870 2.374982 2.373802 2.371321 2.367529 2.362414 2.355967 2.348174 2.339026
1.063819 1.095982 1.129050 1.162982 1.197733 1.233247 1.269459 1.306298 1.343685 1.381537 1.419768 1.458286 1.496991 1.535791 1.574597 1.613319 1.651870 1.690171 1.728144 1.765718 1.802831 1.839422 1.875437 1.910829 1.945552 1.979566 2.012835 2.045321 2.076992 2.107817 2.137766 2.166809 2.194916 2.222059 2.248211 2.273343 2.297427 2.320436 2.342346 2.363129 2.382760 2.401218 2.418478 2.434521 2.449326 2.462875 2.475151 2.486140 2.495830 2.504205 2.511248 2.516950 2.521304 2.524299 2.525924 2.526169 2.525022 2.522474 2.518514 2.513128 2.506305 2.498030 2.488291
1.100343 1.135102 1.170893 1.207674 1.245394 1.283988 1.323386 1.363505 1.404253 1.445535 1.487243 1.529271 1.571519 1.613876 1.656235 1.698490 1.740545 1.782308 1.823694 1.864624 1.905029 1.944845 1.984015 2.022489 2.060219 2.097166 2.133292 2.168560 2.202939 2.236396 2.268901 2.300423 2.330933 2.360399 2.388794 2.416087 2.442248 2.467249 2.491060 2.513654 2.535003 2.555083 2.573868 2.591336 2.607463 2.622232 2.635626 2.647624 2.658212 2.667377 2.675114 2.681408 2.686244 2.689612 2.691503 2.691906 2.690811 2.688205 2.684076 2.678411 2.671195 2.662413 2.652047
1.139009 1.176630 1.215433 1.255373 1.296392 1.338419 1.381372 1.425157 1.469669 1.514794 1.560416 1.606408 1.652638 1.698980 1.745314 1.791520 1.837485 1.883107 1.928290 1.972947 2.017003 2.060389 2.103045 2.144921 2.185969 2.226147 2.265420 2.303752 2.341111 2.377465 2.412784 2.447037 2.480194 2.512224 2.543094 2.572774 2.601231 2.628434 2.654350 2.678950 2.702203 2.724080 2.744556 2.763604 2.781202 2.797327 2.811960 2.825085 2.836688 2.846755 2.855265 2.862210 2.867584 2.871374 2.873571 2.874163 2.873138 2.870486 2.866192 2.860240 2.852614 2.843297 2.832268
1.179960 1.220742 1.262882 1.306331 1.351027 1.396889 1.443824 1.491721 1.540459 1.589905 1.639913 1.690336 1.741033 1.791853 1.842650 1.893284 1.943626 1.993559 2.042975 2.091779 2.139889 2.187232 2.233749 2.279384 2.324093 2.367836 2.410578 2.452285 2.492928 2.532475 2.570897 2.608164 2.644244 2.679105 2.712713 2.745035 2.776035 2.805678 2.833931 2.860759 2.886127 2.910004 2.932361 2.953168 2.972400 2.990034 3.006048 3.020424 3.033143 3.044192 3.053567 3.061253 3.067235 3.071503 3.074051 3.074866 3.073936 3.071251 3.066794 3.060550 3.052499 3.042621 3.030891
1.223339 1.267619 1.313464 1.360823 1.409627 1.459787 1.511193 1.563720 1.617223 1.671547 1.726526 1.781984 1.837737 1.893609 1.949433 2.005046 2.060301 2.115061 2.169207 2.222633 2.275253 2.326989 2.377781 2.427576 2.476330 2.524007 2.570576 2.616006 2.660269 2.703340 2.745188 2.785784 2.825096 2.863090 2.899733 2.934985 2.968810 3.001167 3.032020 3.061328 3.089053 3.115161 3.139616 3.162388 3.183446 3.202765 3.220324 3.236102 3.250085 3.262259 3.272601 3.281105 3.287769 3.292580 3.295529 3.296606 3.295800 3.293099 3.288486 3.281945 3.273452 3.262987 3.250519
1.269296 1.317453 1.367420 1.419146 1.472554 1.527544 1.583991 1.641748 1.700645 1.760494 1.821092 1.882228 1.943697 2.005288 2.066795 2.128027 2.188811 2.248991 2.308433 2.367022 2.424665 2.481283 2.536816 2.591215 2.644442 2.696465 2.747257 2.796796 2.845058 2.892020 2.937654 2.981933 3.024825 3.066296 3.106308 3.144819 3.181789 3.217173 3.250927 3.283008 3.313370 3.341974 3.368779 3.393750 3.416855 3.438063 3.457351 3.474696 3.490078 3.503484 3.514914 3.524353 3.531787 3.537212 3.540622 3.542007 3.541358 3.538660 3.533900 3.527058 3.518111 3.507031 3.493787
1.317982 1.370442 1.425007 1.481621 1.540202 1.600639 1.662789 1.726478 1.791505 1.857648 1.924666 1.992305 2.060298 2.128392 2.196349 2.263942 2.330969 2.397250 2.462636 2.527001 2.590247 2.652296 2.713091 2.772591 2.830765 2.887589 2.943048 2.997124 3.049803 3.101066 3.150890 3.199251 3.246116 3.291451 3.335213 3.377359 3.417841 3.456610 3.493615 3.528804 3.562127 3.593537 3.622985 3.650432 3.675838 3.699172 3.720407 3.739519 3.756494 3.771317 3.783967 3.794443 3.802745 3.808867 3.812804 3.814548 3.814092 3.811424 3.806529 3.799385 3.789969 3.778249 3.764190
1.369551 1.426797 1.486495 1.548594 1.613006 1.679608 1.748233 1.818679 1.890706 1.964042 2.038388 2.113432 2.188870 2.264391 2.339698 2.414520 2.488617 2.561785 2.633855 2.704693 2.774196 2.842293 2.908932 2.974083 3.037729 3.099860 3.160473 3.219563 3.277124 3.333146 3.387614 3.440504 3.491786 3.541423 3.589372 3.635582 3.680001 3.722569 3.763229 3.801919 3.838581 3.873156 3.905590 3.935834 3.963843 3.989580 4.013012 4.034115 4.052865 4.069253 4.083283 4.094945 4.104230 4.111143 4.115682 4.117845 4.117625 4.115015 4.109998 4.102555 4.092658 4.080273 4.065359
1.424149 1.486721 1.552165 1.620432 1.691436 1.765035 1.841044 1.919221 1.999279 2.080887 2.163688 2.247296 2.331313 2.415358 2.499077 2.582145 2.664278 2.745241 2.824845 2.902946 2.979446 3.054278 3.127409 3.198822 3.268522 3.336518 3.402823 3.467452 3.530411 3.591704 3.651320 3.709243 3.765445 3.819885 3.872518 3.923287 3.972130 4.018981 4.063768 4.106419 4.146863 4.185029 4.220853 4.254275 4.285241 4.313707 4.339637 4.363002 4.383789 4.401985 4.417572 4.430557 4.440953 4.448762 4.453989 4.456636 4.456704 4.454184 4.449064 4.441325 4.430937 4.417863 4.402056
1.481911 1.550418 1.622300 1.697521 1.775994 1.857568 1.942028 2.029092 2.118410 2.209578 2.302138 2.395612 2.489527 2.583403 2.676797 2.769311 2.860608 2.950417 3.038527 3.124793 3.209119 3.291458 3.371797 3.450148 3.526541 3.601013 3.673605 3.744353 3.813283 3.880412 3.945745 4.009267 4.070956 4.130771 4.188658 4.244556 4.298394 4.350088 4.399556 4.446709 4.491460 4.533725 4.573421 4.610476 4.644822 4.676408 4.705187 4.731129 4.754208 4.774418 4.791776 4.806280 4.817936 4.826763 4.832774 4.835980 4.836390 4.833998 4.828797 4.820768 4.809880 4.796094 4.779357
1.542954 1.618079 1.697185 1.780258 1.867219 1.957909 2.052086 2.149415 2.249474 2.351761 2.455717 2.560733 2.666183 2.771470 2.876046 2.979428 3.081213 3.181086 3.278821 3.374270 3.467356 3.558058 3.646397 3.732425 3.816211 3.897831 3.977359 4.054862 4.130393 4.203989 4.275669 4.345428 4.413248 4.479086 4.542887 4.604576 4.664068 4.721267 4.776070 4.828370 4.878058 4.925027 4.969176 5.010411 5.048651 5.083827 5.115884 5.144787 5.170520 5.193076 5.212445 5.228654 5.241737 5.251718 5.258621 5.262471 5.263283 5.261062 5.255805 5.247496 5.236102 5.221582 5.203878
1.607373 1.689875 1.777093 1.869047 1.965677 2.066824 2.172218 2.281467 2.394055 2.509355 2.626643 2.745143 2.864079 2.982686 3.100260 3.216203 3.330032 3.441386 3.550026 3.655813 3.758702 3.858714 3.955924 4.050436 4.142375 4.231869 4.319039 4.403992 4.486815 4.567573 4.646303 4.723015 4.797693 4.870300 4.940768 5.009014 5.074935 5.138419 5.199336 5.257554 5.312935 5.365345 5.414653 5.460740 5.503499 5.542840 5.578694 5.611016 5.639776 5.664974 5.686650 5.704825 5.719531 5.730819 5.738737 5.743321 5.744604 5.742601 5.737316 5.728736 5.716834 5.701561 5.682856
1.675214 1.765937 1.862265 1.964273 2.071939 2.185117 2.303516 2.426679 2.553979 2.684626 2.817706 2.952209 3.087088 3.221355 3.354127 3.484658 3.612367 3.736849 3.857857 3.975284 4.089134 4.199497 4.306522 4.410390 4.511301 4.609449 4.705022 4.798177 4.889046 4.977729 5.064289 5.148752 5.231112 5.311330 5.389335 5.465028 5.538291 5.608980 5.676940 5.742005 5.804001 5.862754 5.918094 5.969863 6.017919 6.062142 6.102444 6.138762 6.171074 6.199383 6.223702 6.244095 6.260643 6.273412 6.282476 6.287896 6.289723 6.287989 6.282707 6.273872 6.261456 6.245411 6.225670
1.746471 1.846342 1.952893 2.066286 2.186564 2.313623 2.447162 2.586659 2.731350 2.880234 3.032102 3.185622 3.339445 3.492264 3.642918 3.790473 3.934234 4.073754 4.208801 4.339324 4.465412 4.587258 4.705114 4.819270 4.930022 5.037657 5.142443 5.244605 5.344334 5.441772 5.537017 5.630118 5.721082 5.809873 5.896411 5.980586 6.062254 6.141245 6.217366 6.290407 6.360147 6.426357 6.488820 6.547317 6.601655 6.651671 6.697235 6.738257 6.774699 6.806571 6.833951 6.856915 6.875558 6.890001 6.900355 6.906719 6.909166 6.907753 6.902508 6.893431 6.880502 6.863672 6.842863
1.821069 1.931094 2.049099 2.175373 2.310076 2.453178 2.604407 2.763186 2.928591 3.099349 3.273885 3.450401 3.627027 3.802011 3.973854 4.141376 4.303757 4.460525 4.611501 4.756737 4.896458 5.031000 5.160766 5.286187 5.407691 5.525683 5.640534 5.752554 5.862008 5.969096 6.073957 6.176672 6.277267 6.375709 6.471919 6.565768 6.657093 6.745684 6.831308 6.913699 6.992577 7.067647 7.138609 7.205173 7.267068 7.324055 7.375947 7.422614 7.464005 7.500138 7.531070 7.556952 7.577971 7.594294 7.606091 7.613505 7.616652 7.615613 7.610436 7.601136 7.587695 7.570063 7.548159
1.898838 2.020090 2.150887 2.291706 2.442889 2.604554 2.776518 2.958182 3.148453 3.345702 3.547794 3.752262 3.956561 4.158284 4.355413 4.546465 4.730497 4.907054 5.076078 5.237799 5.392645 5.541166 5.683964 5.821661 5.954854 6.084099 6.209891 6.332655 6.452741 6.570423 6.685897 6.799284 6.910635 7.019933 7.127098 7.231991 7.334422 7.434148 7.530886 7.624307 7.714056 7.799749 7.880985 7.957361 8.028489 8.094018 8.153654 8.207182 8.254501 8.295627 8.330728 8.360006 8.383714 8.402135 8.415526 8.424099 8.428021 8.427406 8.422332 8.412822 8.398870 8.380425 8.357399
1.979495 2.113096 2.258112 2.415291 2.585255 2.768386 2.964696 3.173654 3.394024 3.623736 3.859914 4.099068 4.337497 4.571826 4.799367 5.018266 5.227500 5.426735 5.616148 5.796257 5.967801 6.131619 6.288593 6.439581 6.585404 6.726795 6.864415 6.998816 7.130465 7.259721 7.386853 7.512034 7.635355 7.756823 7.876368 7.993844 8.109048 8.221701 8.331472 8.437964 8.540734 8.639288 8.733093 8.821591 8.904222 8.980448 9.049794 9.111907 9.166596 9.213863 9.253875 9.287010 9.313728 9.334457 9.349580 9.359405 9.364163 9.364019 9.359072 9.349370 9.334909 9.315639 9.291470
2.062630 2.209717 2.370428 2.545896 2.737157 2.945031 3.169923 3.411558 3.668661 3.938657 4.217547 4.500241 4.781326 5.055897 5.320278 5.572229 5.810783 6.035914 6.248237 6.448730 6.638574 6.819014 6.991286 7.156563 7.315924 7.470334 7.620644 7.767567 7.911700 8.053515 8.193369 8.331505 8.468066 8.603101 8.736561 8.868320 8.998163 9.125796 9.250844 9.372854 9.491290 9.605536 9.714899 9.818614 9.915873 10.00584 10.08774 10.16090 10.22488 10.27963 10.32550 10.36309 10.39313 10.41633 10.43328 10.44442 10.45006 10.45042 10.44563 10.43574 10.42077 10.40067 10.37534
2.147697 2.309375 2.487253 2.682975 2.898190 3.134398 3.392724 3.673515 3.975781 4.296508 4.630191 4.969089 5.304657 5.629557 5.938843 6.230033 6.502552 6.757061 6.994916 7.217802 7.427521 7.625853 7.814488 7.994981 8.168732 8.336973 8.500782 8.661058 8.818559 8.973882 9.127497 9.279735 9.430814 9.580842 9.729820 9.877654 10.02415 10.16903 10.31190 10.45228 10.58956 10.72302 10.85179 10.97487 11.09112 11.19928 11.29801 11.38605 11.46248 11.52693 11.57981 11.62230 11.65581 11.68153 11.70032 11.71280 11.71934 11.72022 11.71559 11.70554 11.69006 11.66912 11.64261
2.234019 2.411306 2.607730 2.825610 3.067428 3.335711 3.632790 3.960305 4.318311 4.703850 5.109349 5.522468 5.929085 6.317714 6.681861 7.019396 7.330905 7.618365 7.884337 8.131529 8.362583 8.579961 8.785913 8.982445 9.171334 9.354125 9.532146 9.706520 9.878180 10.04788 10.21621 10.38363 10.55044 10.71683 10.88289 11.04860 11.21381 11.37831 11.54174 11.70363 11.86339 12.02025 12.17322 12.32110 12.46239 12.59526 12.71752 12.82675 12.92066 12.99795 13.05928 13.10695 13.14374 13.17176 13.19227 13.20602 13.21345 13.21485 13.21040 13.20017 13.18419 13.16241 13.13471
2.320834 2.514585 2.730751 2.972472 3.243325 3.547260 3.888484 4.270988 4.697439 5.166632 5.669147 6.184226 6.685981 7.155872 7.586580 7.978082 8.333591 8.657376 8.953805 9.226980 9.480614 9.718002 9.942053 10.15530 10.35993 10.55785 10.75067 10.93975 11.12623 11.31103 11.49490 11.67841 11.86200 12.04598 12.23053 12.41574 12.60159 12.78796 12.97462 13.16123 13.34729 13.53212 13.71481 13.89413 14.06838 14.23524 14.39150 14.53284 14.65394 14.75020 14.82142 14.87326 14.91219 14.94183 14.96374 14.97863 14.98690 14.98880 14.98452 14.97412 14.95765 14.93502 14.90613
