T3-twomodels/model90.grd
DSAA
         100         100
  -15.00000       15.00000    
  -15.00000       15.00000    
   1.698129       35.65298    
[rows 0 to 27 of 100, columns 0 to 62 of 100]
1.698130 1.707233 1.717014 1.727438 1.738469 1.750068 1.762195 1.774810 1.787869 1.801330 1.815150 1.829283 1.843684 1.858311 1.873122 1.888075 1.903132 1.918255 1.933406 1.948553 1.963663 1.978708 1.993659 2.008492 2.023184 2.037713 2.052061 2.066209 2.080143 2.093848 2.107309 2.120515 2.133453 2.146112 2.158481 2.170548 2.182300 2.193726 2.204814 2.215550 2.225920 2.235909 2.245501 2.254678 2.263423 2.271717 2.279539 2.286870 2.293688 2.299970 2.305696 2.310840 2.315382 2.319297 2.322566 2.325165 2.327075 2.328276 2.328749 2.328476 2.327443 2.325634 2.323037
1.720864 1.730761 1.741387 1.752706 1.764676 1.777257 1.790404 1.804071 1.818211 1.832775 1.847714 1.862980 1.878528 1.894307 1.910270 1.926374 1.942572 1.958826 1.975095 1.991343 2.007535 2.023642 2.039634 2.055485 2.071171 2.086671 2.101968 2.117042 2.131879 2.146465 2.160788 2.174836 2.188597 2.202062 2.215220 2.228060 2.240571 2.252742 2.264560 2.276013 2.287086 2.297764 2.308031 2.317868 2.327256 2.336174 2.344602 2.352517 2.359894 2.366709 2.372938 2.378556 2.383537 2.387856 2.391489 2.394411 2.396598 2.398028 2.398680 2.398534 2.397571 2.395775 2.393131
1.745531 1.756322 1.767902 1.780230 1.793262 1.806952 1.821249 1.836104 1.851464 1.867276 1.883487 1.900041 1.916881 1.933957 1.951216 1.968610 1.986089 2.003609 2.021127 2.038604 2.056003 2.073292 2.090439 2.107419 2.124207 2.140783 2.157126 2.173222 2.189055 2.204612 2.219883 2.234857 2.249524 2.263875 2.277901 2.291593 2.304940 2.317933 2.330558 2.342804 2.354657 2.366100 2.377118 2.387689 2.397795 2.407413 2.416521 2.425092 2.433101 2.440522 2.447326 2.453484 2.458968 2.463749 2.467800 2.471094 2.473603 2.475301 2.476165 2.476172 2.475301 2.473533 2.470850
1.772215 1.784014 1.796669 1.810136 1.824365 1.839305 1.854901 1.871097 1.887833 1.905050 1.922683 1.940677 1.958972 1.977505 1.996221 2.015062 2.033976 2.052913 2.071827 2.090675 2.109417 2.128019 2.146449 2.164680 2.182687 2.200448 2.217947 2.235167 2.252094 2.268719 2.285030 2.301021 2.316682 2.332006 2.346986 2.361613 2.375880 2.389776 2.403292 2.416414 2.429129 2.441421 2.453272 2.464662 2.475569 2.485971 2.495840 2.505150 2.513871 2.521972 2.529422 2.536191 2.542247 2.547557 2.552088 2.555810 2.558692 2.560705 2.561821 2.562014 2.561260 2.559536 2.556824
1.801022 1.813957 1.827825 1.842576 1.858156 1.874508 1.891570 1.909279 1.927570 1.946374 1.965627 1.985255 2.005189 2.025364 2.045716 2.066183 2.086705 2.107228 2.127700 2.148076 2.168313 2.188373 2.208225 2.227839 2.247190 2.266260 2.285029 2.303484 2.321613 2.339408 2.356860 2.373963 2.390712 2.407101 2.423125 2.438779 2.454054 2.468945 2.483440 2.497528 2.511196 2.524428 2.537205 2.549506 2.561308 2.572586 2.583309 2.593449 2.602973 2.611848 2.620038 2.627506 2.634214 2.640129 2.645212 2.649428 2.652743 2.655124 2.656537 2.656955 2.656349 2.654693 2.651965
1.832058 1.846273 1.861509 1.877708 1.894813 1.912759 1.931477 1.950897 1.970942 1.991537 2.012602 2.034062 2.055843 2.077866 2.100058 2.122350 2.144675 2.166972 2.189185 2.211265 2.233164 2.254843 2.276269 2.297412 2.318248 2.338756 2.358922 2.378732 2.398178 2.417253 2.435952 2.454273 2.472210 2.489764 2.506930 2.523707 2.540089 2.556070 2.571642 2.586795 2.601515 2.615787 2.629592 2.642908 2.655708 2.667965 2.679649 2.690724 2.701154 2.710899 2.719921 2.728180 2.735634 2.742240 2.747957 2.752744 2.756562 2.759372 2.761139 2.761827 2.761406 2.759846 2.757119
1.865445 1.881102 1.897879 1.915715 1.934542 1.954289 1.974880 1.996233 2.018264 2.040888 2.064017 2.087560 2.111427 2.135534 2.159797 2.184140 2.208488 2.232772 2.256931 2.280909 2.304657 2.328133 2.351301 2.374133 2.396604 2.418695 2.440393 2.461689 2.482576 2.503051 2.523112 2.542759 2.561995 2.580819 2.599233 2.617237 2.634829 2.652007 2.668762 2.685086 2.700969 2.716393 2.731339 2.745783 2.759698 2.773054 2.785815 2.797942 2.809397 2.820134 2.830110 2.839274 2.847580 2.854980 2.861427 2.866874 2.871276 2.874589 2.876772 2.877785 2.877594 2.876163 2.873461
1.901316 1.918599 1.937116 1.956799 1.977574 1.999360 2.022071 2.045615 2.069896 2.094814 2.120265 2.146151 2.172374 2.198832 2.225432 2.252084 2.278703 2.305215 2.331549 2.357645 2.383450 2.408920 2.434017 2.458713 2.482984 2.506815 2.530194 2.553115 2.575576 2.597577 2.619123 2.640217 2.660866 2.681075 2.700850 2.720194 2.739110 2.757596 2.775651 2.793265 2.810430 2.827128 2.843341 2.859042 2.874203 2.888790 2.902762 2.916079 2.928692 2.940550 2.951603 2.961797 2.971078 2.979390 2.986678 2.992889 2.997969 3.001871 3.004545 3.005949 3.006040 3.004780 3.002133
1.939807 1.958926 1.979409 2.001181 2.024162 2.048259 2.073375 2.099406 2.126241 2.153767 2.181870 2.210427 2.239322 2.268443 2.297681 2.326936 2.356111 2.385121 2.413890 2.442350 2.470445 2.498128 2.525361 2.552114 2.578368 2.604108 2.629329 2.654027 2.678205 2.701871 2.725033 2.747700 2.769887 2.791602 2.812858 2.833663 2.854025 2.873945 2.893425 2.912459 2.931038 2.949148 2.966768 2.983872 3.000426 3.016395 3.031734 3.046393 3.060321 3.073459 3.085750 3.097127 3.107527 3.116889 3.125147 3.132241 3.138112 3.142702 3.145958 3.147827 3.148264 3.147225 3.144670
1.981081 2.002271 2.024977 2.049117 2.074598 2.101319 2.129168 2.158026 2.187766 2.218255 2.249355 2.280934 2.312860 2.344998 2.377223 2.409417 2.441472 2.473291 2.504789 2.535891 2.566537 2.596676 2.626272 2.655297 2.683733 2.711568 2.738804 2.765442 2.791493 2.816969 2.841887 2.866265 2.890121 2.913474 2.936341 2.958738 2.980676 3.002165 3.023207 3.043802 3.063944 3.083618 3.102802 3.121471 3.139588 3.157111 3.173991 3.190173 3.205593 3.220186 3.233882 3.246610 3.258297 3.268867 3.278248 3.286369 3.293160 3.298555 3.302495 3.304922 3.305780 3.305022 3.302601
2.025300 2.048831 2.074054 2.100877 2.129200 2.158906 2.189868 2.221949 2.255004 2.288877 2.323416 2.358455 2.393835 2.429404 2.465017 2.500539 2.535846 2.570827 2.605387 2.639444 2.672933 2.705803 2.738016 2.769547 2.800381 2.830516 2.859955 2.888710 2.916799 2.944244 2.971069 2.997302 3.022969 3.048099 3.072716 3.096844 3.120501 3.143704 3.166461 3.188774 3.210640 3.232048 3.252975 3.273393 3.293262 3.312538 3.331162 3.349071 3.366194 3.382455 3.397773 3.412060 3.425229 3.437198 3.447879 3.457191 3.465055 3.471395 3.476143 3.479231 3.480601 3.480196 3.477964
2.072642 2.098821 2.126896 2.156769 2.188324 2.221432 2.255949 2.291716 2.328561 2.366303 2.404755 2.443732 2.483052 2.522533 2.562001 2.601300 2.640286 2.678834 2.716835 2.754203 2.790866 2.826771 2.861882 2.896178 2.929650 2.962303 2.994150 3.025212 3.055517 3.085097 3.113990 3.142232 3.169861 3.196915 3.223431 3.249440 3.274971 3.300045 3.324681 3.348884 3.372657 3.395987 3.418857 3.441233 3.463075 3.484329 3.504932 3.524808 3.543876 3.562043 3.579214 3.595293 3.610176 3.623763 3.635954 3.646653 3.655769 3.663216 3.668914 3.672791 3.674776 3.674810 3.672834
2.123304 2.152481 2.183793 2.217134 2.252376 2.289374 2.327961 2.367951 2.409147 2.451336 2.494302 2.537817 2.581656 2.625610 2.669478 2.713075 2.756234 2.798814 2.840693 2.881772 2.921979 2.961260 2.999581 3.036927 3.073300 3.108711 3.143186 3.176758 3.209469 3.241364 3.272493 3.302907 3.332658 3.361796 3.390368 3.418419 3.445988 3.473107 3.499801 3.526084 3.551963 3.577430 3.602468 3.627041 3.651106 3.674601 3.697454 3.719578 3.740875 3.761242 3.780565 3.798720 3.815591 3.831058 3.845006 3.857321 3.867901 3.876645 3.883464 3.888275 3.891001 3.891575 3.889933
2.177489 2.210061 2.245052 2.282346 2.321802 2.363255 2.406514 2.451364 2.497569 2.544876 2.593020 2.641739 2.690772 2.739861 2.788765 2.837267 2.885175 2.932321 2.978573 3.023823 3.067992 3.111030 3.152909 3.193621 3.233178 3.271606 3.308947 3.345249 3.380569 3.414967 3.448513 3.481273 3.513312 3.544699 3.575497 3.605762 3.635547 3.664896 3.693846 3.722419 3.750628 3.778471 3.805932 3.832975 3.859550 3.885592 3.911012 3.935712 3.959575 3.982475 4.004273 4.024835 4.044016 4.061673 4.077669 4.091874 4.104167 4.114433 4.122571 4.128489 4.132102 4.133335 4.132119
2.235409 2.271831 2.311007 2.352814 2.397096 2.443668 2.492309 2.542767 2.594764 2.648000 2.702162 2.756921 2.811955 2.866962 2.921654 2.975774 3.029095 3.081429 3.132623 3.182563 3.231167 3.278389 3.324209 3.368632 3.411686 3.453415 3.493876 3.533139 3.571282 3.608386 3.644537 3.679823 3.714330 3.748144 3.781343 3.814006 3.846198 3.877980 3.909399 3.940492 3.971281 4.001769 4.031943 4.061768 4.091189 4.120130 4.148491 4.176153 4.202981 4.228823 4.253516 4.276886 4.298764 4.318982 4.337374 4.353791 4.368089 4.380142 4.389832 4.397059 4.401730 4.403762 4.403081
2.297284 2.338073 2.382016 2.428983 2.478806 2.531275 2.586134 2.643091 2.701812 2.761931 2.823061 2.884815 2.946809 3.008662 3.070030 3.130605 3.190121 3.248359 3.305151 3.360373 3.413945 3.465827 3.516014 3.564528 3.611418 3.656749 3.700605 3.743078 3.784270 3.824289 3.863245 3.901247 3.938407 3.974830 4.010622 4.045875 4.080678 4.115108 4.149233 4.183100 4.216745 4.250181 4.283398 4.316363 4.349017 4.381271 4.413013 4.444098 4.474365 4.503625 4.531682 4.558334 4.583370 4.606587 4.627791 4.646802 4.663456 4.677605 4.689122 4.697893 4.703819 4.706813 4.706797
2.363341 2.409085 2.458462 2.511340 2.567538 2.626820 2.688894 2.753411 2.819973 2.888138 2.957439 3.027385 3.097493 3.167308 3.236410 3.304430 3.371053 3.436030 3.499173 3.560351 3.619491 3.676567 3.731591 3.784611 3.835703 3.884962 3.932502 3.978446 4.022926 4.066079 4.108044 4.148960 4.188965 4.228193 4.266770 4.304818 4.342449 4.379764 4.416847 4.453769 4.490579 4.527302 4.563938 4.600456 4.636793 4.672849 4.708489 4.743546 4.777821 4.811091 4.843111 4.873624 4.902379 4.929129 4.953640 4.975700 4.995121 5.011734 5.025397 5.035987 5.043400 5.047545 5.048341
2.433803 2.485170 2.540747 2.600405 2.663953 2.731130 2.801602 2.874954 2.950705 3.028310 3.107181 3.186721 3.266335 3.345452 3.423554 3.500192 3.574998 3.647683 3.718043 3.785946 3.851331 3.914190 3.974568 4.032546 4.088237 4.141771 4.193302 4.242991 4.291007 4.337521 4.382709 4.426742 4.469791 4.512021 4.553590 4.594649 4.635339 4.675786 4.716105 4.756387 4.796703 4.837097 4.877582 4.918129 4.958674 4.999105 5.039266 5.078954 5.117924 5.155900 5.192579 5.227649 5.260797 5.291719 5.320134 5.345789 5.368465 5.387972 5.404154 5.416883 5.426047 5.431559 5.433338
2.508881 2.566628 2.629281 2.696724 2.768765 2.845121 2.925406 3.009131 3.095711 3.184474 3.274691 3.365593 3.456420 3.546466 3.635090 3.721746 3.806000 3.887525 3.966099 4.041599 4.113985 4.183286 4.249584 4.313009 4.373719 4.431898 4.487742 4.541461 4.593267 4.643378 4.692007 4.739364 4.785661 4.831098 4.875870 4.920164 4.964153 5.008001 5.051851 5.095828 5.140031 5.184527 5.229346 5.274473 5.319841 5.365328 5.410750 5.455864 5.500371 5.543925 5.586149 5.626642 5.665013 5.700887 5.733925 5.763826 5.790335 5.813242 5.832378 5.847611 5.858832 5.865959 5.868915
2.588768 2.653744 2.724471 2.800863 2.882735 2.969790 3.061588 3.157555 3.256969 3.358989 3.462678 3.567068 3.671198 3.774157 3.875144 3.973495 4.068693 4.160372 4.248306 4.332391 4.412625 4.489088 4.561923 4.631319 4.697499 4.760706 4.821199 4.879241 4.935101 4.989042 5.041332 5.092225 5.141975 5.190826 5.239018 5.286777 5.334319 5.381846 5.429546 5.477582 5.526090 5.575169 5.624876 5.675217 5.726129 5.777479 5.829056 5.880565 5.931633 5.981823 6.030652 6.077621 6.122230 6.164010 6.202543 6.237471 6.268499 6.295398 6.317993 6.336152 6.349777 6.358795 6.363146
2.673624 2.746778 2.826710 2.913388 3.006658 3.106216 3.211580 3.322067 3.436794 3.554700 3.674588 3.795181 3.915217 4.033537 4.149131 4.261186 4.369094 4.472460 4.571063 4.664845 4.753863 4.838278 4.918312 4.994237 5.066357 5.134995 5.200480 5.263144 5.323320 5.381333 5.437503 5.492139 5.545547 5.598023 5.649852 5.701311 5.752665 5.804168 5.856055 5.908540 5.961809 6.016006 6.071231 6.127515 6.184815 6.242992 6.301803 6.360892 6.419797 6.477962 6.534761 6.589537 6.641650 6.690508 6.735596 6.776486 6.812847 6.844431 6.871063 6.892625 6.909042 6.920265 6.926252
2.763550 2.845932 2.936342 3.034835 3.141326 3.255533 3.376939 3.504750 3.637876 3.774955 3.914410 4.054568 4.193771 4.330489 4.463435 4.591611 4.714320 4.831144 4.941908 5.046626 5.145461 5.238678 5.326616 5.409656 5.488205 5.562681 5.633506 5.701094 5.765848 5.828167 5.888433 5.947020 6.004290 6.060594 6.116277 6.171674 6.227106 6.282887 6.339315 6.396667 6.455192 6.515099 6.576545 6.639612 6.704287 6.770438 6.837796 6.905933 6.974265 7.042068 7.108522 7.172770 7.233968 7.291358 7.344294 7.392272 7.434923 7.471991 7.503322 7.528828 7.548470 7.562236 7.570125
2.858580 2.951333 3.053634 3.165679 3.287501 3.418897 3.559346 3.707942 3.863351 4.023814 4.187240 4.351342 4.513867 4.672793 4.826470 4.973680 5.113646 5.245972 5.370574 5.487599 5.597363 5.700291 5.796870 5.887627 5.973101 6.053831 6.130342 6.203146 6.272737 6.339589 6.404161 6.466896 6.528222 6.588556 6.648307 6.707874 6.767650 6.828019 6.889352 6.952007 7.016319 7.082581 7.151034 7.221836 7.295036 7.370532 7.448037 7.527043 7.606819 7.686417 7.764734 7.840600 7.912893 7.980625 8.042994 8.099409 8.149472 8.192947 8.229722 8.259768 8.283107 8.299787 8.309857
2.958641 3.062990 3.178725 3.306258 3.445832 3.597404 3.760525 3.934213 4.116842 4.306117 4.499177 4.692863 4.884058 5.070014 5.248593 5.418341 5.578438 5.728591 5.868893 5.999712 6.121591 6.235172 6.341149 6.440236 6.533131 6.620517 6.703052 6.781357 6.856028 6.927629 6.996707 7.063777 7.129343 7.193897 7.257919 7.321885 7.386264 7.451525 7.518132 7.586544 7.657198 7.730505 7.806828 7.886439 7.969490 8.055955 8.145562 8.237727 8.331524 8.425693 8.518714 8.608973 8.694935 8.775287 8.849029 8.915488 8.974271 9.025196 9.068239 9.103475 9.131015 9.150997 9.163546
3.063530 3.180756 3.311569 3.456713 3.616762 3.791986 3.982150 4.186292 4.402494 4.627756 4.858101 5.088964 5.315865 5.535016 5.743661 5.940130 6.123679 6.294257 6.452285 6.598472 6.733690 6.858887 6.975021 7.083034 7.183830 7.278263 7.367139 7.451212 7.531192 7.607743 7.681505 7.753081 7.823058 7.892008 7.960491 8.029067 8.098298 8.168750 8.240996 8.315613 8.393179 8.474255 8.559367 8.648970 8.743385 8.842735 8.946828 9.055037 9.166218 9.278665 9.390234 9.498595 9.601577 9.697425 9.784915 9.863317 9.932310 9.991846 10.04206 10.08317 10.11543 10.13912 10.15444
3.172900 3.304286 3.451878 3.616881 3.800395 4.003224 4.225622 4.466887 4.724920 4.995811 5.273847 5.552208 5.824217 6.084507 6.329581 6.557697 6.768441 6.962270 7.140153 7.303322 7.453111 7.590864 7.717882 7.835393 7.944538 8.046377 8.141888 8.231967 8.317457 8.399137 8.477746 8.553979 8.628515 8.702015 8.775129 8.848510 8.922823 8.998743 9.076973 9.158234 9.243272 9.332848 9.427711 9.528573 9.636032 9.750481 9.871940 9.999848 10.13284 10.26859 10.40395 10.53543 10.65985 10.77485 10.87896 10.97151 11.05237 11.12177 11.18008 11.22777 11.26529 11.29307 11.31146
3.286204 3.432992 3.599031 3.786173 3.996288 4.231067 4.491702 4.778284 5.088932 5.418762 5.759370 6.099918 6.429884 6.741562 7.030777 7.296175 7.538186 7.758211 7.958097 8.139824 8.305352 8.456545 8.595118 8.722640 8.840534 8.950096 9.052494 9.148788 9.239964 9.326921 9.410507 9.491528 9.570750 9.648933 9.726823 9.805180 9.884772 9.966410 10.05093 10.13925 10.23229 10.33107 10.43664 10.55005 10.67235 10.80437 10.94661 11.09882 11.25954 11.42564 11.59231 11.75396 11.90576 12.04449 12.16863 12.27779 12.37231 12.45285 12.52020 12.57515 12.61843 12.65067 12.67241
3.402716 3.566012 3.752034 3.963473 4.203269 4.474474 4.779932 5.121524 5.498727 5.906175 6.331276 6.755530 7.161221 7.537304 7.879640 8.188408 8.465836 8.714924 8.938823 9.140548 9.322864 9.488262 9.638965 9.776934 9.903917 10.02146 10.13095 10.23363 10.33062 10.42297 10.51165 10.59755 10.68156 10.76452 10.84731 10.93077 11.01581 11.10337 11.19446 11.29016 11.39167 11.50029 11.61745 11.74467 11.88358 12.03579 12.20265 12.38479 12.58118 12.78780 12.99689 13.19887 13.38596 13.55407 13.70207 13.83046 13.94042 14.03334 14.11060 14.17343 14.22292 14.25996 14.28528
