T3-twomodels/model90.grd
DSAA
         100         100
  -15.00000       15.00000    
  -15.00000       15.00000    
  0.6781838       35.18177    
[rows 0 to 27 of 100, columns 0 to 62 of 100]
0.7017084 0.7192811 0.7371802 0.7553842 0.7738685 0.7926075 0.8115728 0.8307338 0.8500594 0.8695160 0.8890681 0.9086810 0.9283249 0.9479644 0.9675640 0.9870905 1.006512 1.025797 1.044918 1.063847 1.082559 1.101032 1.119243 1.137175 1.154810 1.172133 1.189131 1.205791 1.222103 1.238056 1.253642 1.268852 1.283679 1.298112 1.312146 1.325769 1.338974 1.351750 1.364086 1.375970 1.387388 1.398325 1.408767 1.418696 1.428093 1.436940 1.445217 1.452902 1.459973 1.466406 1.472185 1.477288 1.481689 1.485367 1.488301 1.490471 1.491857 1.492441 1.492206 1.491136 1.489217 1.486435 1.482779
0.7265698 0.7454005 0.7645983 0.7841390 0.8039963 0.8241408 0.8445410 0.8651628 0.8859706 0.9069275 0.9279968 0.9491392 0.9703114 0.9914752 1.012594 1.033630 1.054548 1.075313 1.095894 1.116262 1.136387 1.156247 1.175818 1.195081 1.214017 1.232613 1.250853 1.268727 1.286223 1.303334 1.320050 1.336365 1.352271 1.367760 1.382825 1.397458 1.411649 1.425390 1.438669 1.451472 1.463788 1.475599 1.486889 1.497639 1.507831 1.517441 1.526448 1.534828 1.542559 1.549618 1.555974 1.561599 1.566476 1.570579 1.573882 1.576363 1.578001 1.578773 1.578661 1.577646 1.575712 1.572845 1.569028
0.7528634 0.7730673 0.7936852 0.8146899 0.8360524 0.8577397 0.8797167 0.9019449 0.9243837 0.9469908 0.9697205 0.9925285 1.015375 1.038216 1.061005 1.083700 1.106262 1.128651 1.150832 1.172773 1.194443 1.215817 1.236870 1.257581 1.277932 1.297908 1.317496 1.336684 1.355464 1.373826 1.391766 1.409275 1.426348 1.442979 1.459161 1.474887 1.490150 1.504939 1.519244 1.533051 1.546347 1.559114 1.571335 1.582990 1.594056 1.604510 1.614327 1.623479 1.631940 1.639678 1.646671 1.652894 1.658311 1.662895 1.666620 1.669460 1.671389 1.672384 1.672423 1.671486 1.669551 1.666604 1.662629
0.7806909 0.8023969 0.8245700 0.8471811 0.8701975 0.8935828 0.9172965 0.9412954 0.9655340 0.9899637 1.014537 1.039204 1.063907 1.088598 1.113229 1.137752 1.162121 1.186295 1.210233 1.233898 1.257259 1.280287 1.302956 1.325245 1.347135 1.368611 1.389661 1.410274 1.430443 1.450161 1.469423 1.488224 1.506560 1.524427 1.541820 1.558733 1.575158 1.591087 1.606509 1.621411 1.635780 1.649596 1.662840 1.675491 1.687523 1.698911 1.709626 1.719639 1.728920 1.737439 1.745158 1.752042 1.758066 1.763197 1.767403 1.770655 1.772923 1.774182 1.774405 1.773570 1.771655 1.768640 1.764506
0.8101665 0.8335178 0.8573983 0.8817757 0.9066136 0.9318709 0.9575027 0.9834588 1.009687 1.036133 1.062736 1.089438 1.116188 1.142925 1.169591 1.196132 1.222496 1.248635 1.274505 1.300065 1.325279 1.350117 1.374552 1.398561 1.422127 1.445234 1.467871 1.490029 1.511704 1.532889 1.553582 1.573781 1.593485 1.612690 1.631394 1.649594 1.667282 1.684451 1.701093 1.717192 1.732735 1.747702 1.762074 1.775824 1.788927 1.801351 1.813067 1.824039 1.834232 1.843606 1.852132 1.859775 1.866491 1.872244 1.877000 1.880726 1.883388 1.884957 1.885404 1.884703 1.882828 1.879758 1.875472
0.8414075 0.8665646 0.8923228 0.9186465 0.9454952 0.9728223 1.000577 1.028702 1.057138 1.085822 1.114690 1.143675 1.172704 1.201711 1.230633 1.259408 1.287977 1.316286 1.344284 1.371928 1.399177 1.425999 1.452366 1.478253 1.503645 1.528526 1.552887 1.576722 1.600027 1.622800 1.645043 1.666755 1.687938 1.708593 1.728719 1.748314 1.767376 1.785896 1.803868 1.821277 1.838109 1.854343 1.869956 1.884923 1.899213 1.912791 1.925623 1.937670 1.948892 1.959251 1.968697 1.977187 1.984684 1.991145 1.996532 2.000804 2.003924 2.005859 2.006576 2.006045 2.004238 2.001130 1.996697
0.8745472 0.9016902 0.9295179 0.9579910 0.9870643 1.016686 1.046797 1.077333 1.108225 1.139399 1.170776 1.202278 1.233835 1.265366 1.296795 1.328050 1.359063 1.389773 1.420123 1.450063 1.479550 1.508550 1.537032 1.564972 1.592355 1.619167 1.645402 1.671056 1.696128 1.720622 1.744542 1.767891 1.790676 1.812900 1.834568 1.855679 1.876234 1.896228 1.915653 1.934497 1.952744 1.970374 1.987362 2.003677 2.019286 2.034152 2.048232 2.061483 2.073858 2.085304 2.095781 2.105243 2.113634 2.120906 2.127015 2.131916 2.135569 2.137934 2.138975 2.138657 2.136951 2.133826 2.129258
0.9097261 0.9390567 0.9691697 1.000022 1.031564 1.063735 1.096469 1.129693 1.163324 1.197280 1.231474 1.265814 1.300203 1.334551 1.368775 1.402790 1.436519 1.469892 1.502844 1.535321 1.567275 1.598668 1.629469 1.659656 1.689211 1.718127 1.746399 1.774027 1.801015 1.827372 1.853106 1.878227 1.902745 1.926670 1.950009 1.972768 1.994948 2.016549 2.037564 2.057981 2.077786 2.096957 2.115465 2.133279 2.150360 2.166665 2.182146 2.196754 2.210434 2.223137 2.234795 2.245350 2.254755 2.262954 2.269893 2.275521 2.279793 2.282663 2.284091 2.284039 2.282472 2.279358 2.274666
0.9470945 0.9788399 1.011483 1.044975 1.079262 1.114275 1.149938 1.186166 1.222866 1.259937 1.297273 1.334767 1.372319 1.409821 1.447169 1.484267 1.521023 1.557357 1.593197 1.628481 1.663158 1.697186 1.730534 1.763180 1.795110 1.826318 1.856805 1.886576 1.915641 1.944015 1.971713 1.998750 2.025145 2.050911 2.076063 2.100611 2.124562 2.147916 2.170671 2.192818 2.214340 2.235215 2.255412 2.274896 2.293622 2.311541 2.328599 2.344737 2.359890 2.373989 2.386980 2.398797 2.409367 2.418628 2.426522 2.432991 2.437982 2.441445 2.443334 2.443608 2.442226 2.439154 2.434358
0.9868151 1.021231 1.056679 1.093109 1.130457 1.168646 1.207591 1.247190 1.287336 1.327913 1.368799 1.409870 1.450989 1.492035 1.532890 1.573439 1.613579 1.653215 1.692268 1.730665 1.768353 1.805286 1.841434 1.876775 1.911300 1.945007 1.977903 2.010001 2.041318 2.071875 2.101696 2.130807 2.159232 2.186992 2.214110 2.240602 2.266481 2.291752 2.316415 2.340464 2.363881 2.386644 2.408721 2.430069 2.450640 2.470376 2.489214 2.507086 2.523918 2.539639 2.554162 2.567406 2.579308 2.589791 2.598785 2.606226 2.612053 2.616211 2.618648 2.619318 2.618177 2.615185 2.610308
1.029062 1.066437 1.105004 1.144709 1.185480 1.227232 1.269863 1.313259 1.357291 1.401822 1.446702 1.491781 1.536917 1.581958 1.626761 1.671189 1.715124 1.758454 1.801088 1.842947 1.883970 1.924112 1.963341 2.001640 2.039003 2.075436 2.110953 2.145575 2.179331 2.212250 2.244369 2.275721 2.306340 2.336260 2.365511 2.394115 2.422095 2.449461 2.476218 2.502361 2.527875 2.552737 2.576910 2.600347 2.622993 2.644781 2.665636 2.685477 2.704216 2.721758 2.738024 2.752923 2.766360 2.778250 2.788516 2.797082 2.803881 2.808853 2.811937 2.813086 2.812250 2.809386 2.804456
1.074018 1.114677 1.156719 1.200085 1.244695 1.290454 1.337243 1.384929 1.433362 1.482376 1.531803 1.581460 1.631160 1.680726 1.729992 1.778797 1.826999 1.874473 1.921111 1.966826 2.011553 2.055243 2.097867 2.139413 2.179881 2.219286 2.257654 2.295016 2.331412 2.366887 2.401487 2.435260 2.468252 2.500509 2.532070 2.562972 2.593242 2.622899 2.651956 2.680409 2.708248 2.735445 2.761963 2.787748 2.812736 2.836848 2.859998 2.882088 2.903017 2.922682 2.940964 2.957751 2.972952 2.986466 2.998202 3.008073 3.016004 3.021925 3.025775 3.027497 3.027042 3.024362 3.019413
1.121878 1.166189 1.212111 1.259579 1.308508 1.358787 1.410283 1.462837 1.516270 1.570386 1.624973 1.679813 1.734695 1.789406 1.843736 1.897496 1.950517 2.002652 2.053779 2.103801 2.152646 2.200266 2.246636 2.291748 2.335616 2.378264 2.419731 2.460063 2.499318 2.537554 2.574832 2.611218 2.646773 2.681557 2.715623 2.749020 2.781787 2.813954 2.845539 2.876545 2.906963 2.936768 2.965916 2.994349 3.021989 3.048747 3.074517 3.099183 3.122620 3.144693 3.165286 3.184273 3.201520 3.216916 3.230354 3.241738 3.250984 3.258016 3.262766 3.265173 3.265186 3.262753 3.257827
1.172844 1.221223 1.271485 1.323563 1.377364 1.432763 1.489605 1.547704 1.606848 1.666801 1.727314 1.788122 1.848948 1.909536 1.969640 2.029033 2.087513 2.144910 2.201084 2.255925 2.309358 2.361336 2.411841 2.460874 2.508462 2.554646 2.599482 2.643034 2.685378 2.726594 2.766762 2.805965 2.844286 2.881799 2.918578 2.954685 2.990175 3.025089 3.059456 3.093287 3.126576 3.159297 3.191405 3.222832 3.253489 3.283268 3.312045 3.339678 3.366019 3.390918 3.414204 3.435721 3.455337 3.472913 3.488327 3.501469 3.512245 3.520571 3.526376 3.529597 3.530178 3.528066 3.523216
1.227127 1.280044 1.335171 1.392441 1.451753 1.512969 1.575908 1.640353 1.706048 1.772706 1.840015 1.907650 1.975295 2.042628 2.109344 2.175167 2.239857 2.303213 2.365074 2.425321 2.483875 2.540693 2.595765 2.649110 2.700771 2.750808 2.799302 2.846340 2.892021 2.936448 2.979728 3.021966 3.063265 3.103726 3.143439 3.182489 3.220948 3.258872 3.296303 3.333263 3.369752 3.405745 3.441194 3.476021 3.510123 3.543370 3.575612 3.606676 3.636377 3.664518 3.690922 3.715406 3.737784 3.757898 3.775608 3.790793 3.803346 3.813180 3.820220 3.824399 3.825663 3.823960 3.819241
1.284941 1.342925 1.403515 1.466645 1.532212 1.600060 1.669981 1.741719 1.814966 1.889375 1.964569 2.040146 2.115691 2.190809 2.265133 2.338329 2.410109 2.480235 2.548525 2.614849 2.679126 2.741323 2.801444 2.859530 2.915646 2.969881 3.022344 3.073150 3.122429 3.170313 3.216938 3.262436 3.306941 3.350578 3.393464 3.435706 3.477400 3.518621 3.559430 3.599860 3.639922 3.679595 3.718826 3.757529 3.795581 3.832828 3.869086 3.904143 3.937774 3.969749 3.999817 4.027746 4.053343 4.076415 4.096798 4.114358 4.128976 4.140562 4.149039 4.154344 4.156422 4.155225 4.150704
1.346496 1.410145 1.476878 1.546639 1.619322 1.694756 1.772705 1.852866 1.934865 2.018276 2.102619 2.187394 2.272105 2.356255 2.439380 2.521070 2.600976 2.678820 2.754396 2.827563 2.898246 2.966425 3.032130 3.095425 3.156413 3.215216 3.271977 3.326851 3.380002 3.431600 3.481812 3.530810 3.578757 3.625810 3.672121 3.717822 3.763039 3.807873 3.852405 3.896690 3.940749 3.984571 4.028098 4.071236 4.113841 4.155725 4.196662 4.236390 4.274621 4.311051 4.345405 4.377406 4.406781 4.433313 4.456814 4.477133 4.494147 4.507764 4.517910 4.524526 4.527565 4.526984 4.522738
1.411998 1.481983 1.555631 1.632907 1.713708 1.797851 1.885070 1.975005 2.067206 2.161144 2.256231 2.351834 2.447294 2.541991 2.635352 2.726873 2.816132 2.902804 2.986655 3.067543 3.145403 3.220238 3.292113 3.361131 3.427439 3.491203 3.552613 3.611869 3.669178 3.724754 3.778808 3.831551 3.883185 3.933908 3.983905 4.033351 4.082400 4.131189 4.179829 4.228396 4.276935 4.325442 4.373867 4.422100 4.469975 4.517265 4.563689 4.608919 4.652596 4.694352 4.733794 4.770569 4.804385 4.834970 4.862110 4.885636 4.905425 4.921388 4.933461 4.941597 4.945760 4.945917 4.942030
1.481634 1.558705 1.640144 1.725948 1.816030 1.910205 2.008172 2.109509 2.213670 2.319993 2.427720 2.536041 2.644145 2.751234 2.856572 2.959529 3.059597 3.156396 3.249670 3.339278 3.425182 3.507423 3.586112 3.661409 3.733516 3.802660 3.869085 3.933047 3.994811 4.054639 4.112792 4.169531 4.225106 4.279758 4.333722 4.387209 4.440423 4.493539 4.546704 4.600034 4.653597 4.707410 4.761431 4.815541 4.869548 4.923178 4.976081 5.027837 5.077980 5.126016 5.171488 5.213960 5.253026 5.288374 5.319762 5.347013 5.370010 5.388674 5.402962 5.412847 5.418311 5.419336 5.415901
1.555563 1.640553 1.730770 1.826261 1.926976 2.032736 2.143218 2.257926 2.376198 2.497204 2.619989 2.743501 2.866650 2.988405 3.107840 3.224170 3.336779 3.445229 3.549249 3.648716 3.743634 3.834106 3.920312 4.002484 4.080900 4.155861 4.227683 4.296688 4.363206 4.427562 4.490079 4.551069 4.610841 4.669690 4.727903 4.785747 4.843475 4.901316 4.959467 5.018088 5.077290 5.137121 5.197555 5.258471 5.319649 5.380762 5.441366 5.500928 5.558846 5.614491 5.667216 5.716447 5.761729 5.802681 5.839028 5.870597 5.897285 5.919045 5.935861 5.947742 5.954697 5.956734 5.953848
1.633904 1.727729 1.827826 1.934322 2.047231 2.166408 2.291515 2.421991 2.557025 2.695569 2.836367 2.978035 3.119173 3.258418 3.394558 3.526606 3.653819 3.775704 3.891992 4.002604 4.107618 4.207225 4.301702 4.391383 4.476642 4.557873 4.635479 4.709869 4.781446 4.850609 4.917749 4.983246 5.047473 5.110790 5.173543 5.236066 5.298676 5.361666 5.425299 5.489796 5.555326 5.621986 5.689784 5.758607 5.828218 5.898216 5.968055 6.037035 6.104350 6.169137 6.230592 6.287980 6.340669 6.388226 6.430360 6.466917 6.497835 6.523115 6.542796 6.556933 6.565579 6.568776 6.566543
1.716712 1.820370 1.931566 2.050553 2.177451 2.312192 2.454457 2.603621 2.758711 2.918398 3.081048 3.244806 3.407734 3.568020 3.724093 3.874710 4.018986 4.156388 4.286685 4.409885 4.526182 4.635900 4.739452 4.837305 4.929957 5.017919 5.101705 5.181817 5.258753 5.332996 5.405018 5.475274 5.544210 5.612260 5.679848 5.747379 5.815250 5.883834 5.953476 6.024484 6.097107 6.171516 6.247779 6.325819 6.405384 6.486013 6.567016 6.647482 6.726330 6.802404 6.874537 6.941733 7.003258 7.058596 7.107462 7.149750 7.185479 7.214731 7.237628 7.254292 7.264834 7.269339 7.267863
1.803964 1.918521 2.042145 2.175274 2.318205 2.471014 2.633461 2.804895 2.984167 3.169581 3.358936 3.549692 3.739231 3.925064 4.105093 4.277751 4.442015 4.597351 4.743626 4.881007 5.009872 5.130739 5.244205 5.350912 5.451516 5.546673 5.637024 5.723192 5.805779 5.885367 5.962516 6.037772 6.111662 6.184710 6.257418 6.330286 6.403802 6.478439 6.554646 6.632842 6.713394 6.796585 6.882579 6.971374 7.062745 7.156172 7.250805 7.345440 7.438581 7.528560 7.613815 7.693004 7.765123 7.829618 7.886268 7.935090 7.976236 8.009926 8.036388 8.055846 8.068484 8.074449 8.073834
1.895533 2.022103 2.159573 2.308650 2.469903 2.643665 2.829890 3.027987 3.236647 3.453731 3.676286 3.900734 4.123287 4.340477 4.549514 4.748446 4.936147 5.112179 5.276627 5.429919 5.572719 5.705812 5.830048 5.946292 6.055401 6.158203 6.255496 6.348036 6.436549 6.521729 6.604239 6.684721 6.763800 6.842090 6.920197 6.998722 7.078262 7.159412 7.242754 7.328854 7.418230 7.511332 7.608488 7.709838 7.815242 7.924176 8.035617 8.147985 8.259182 8.366822 8.468514 8.562347 8.647145 8.722352 8.787918 8.844092 8.891258 8.929831 8.960199 8.982707 8.997634 9.005196 9.005542
1.991161 2.130875 2.283662 2.450604 2.632687 2.830671 3.044893 3.275013 3.519677 3.776227 4.040575 4.307532 4.571582 4.827708 5.072116 5.302447 5.517604 5.717440 5.902441 6.073474 6.231613 6.378021 6.513874 6.640322 6.758463 6.869339 6.973922 7.073128 7.167821 7.258819 7.346900 7.432813 7.517292 7.601056 7.684820 7.769301 7.855232 7.943346 8.034389 8.129113 8.228248 8.332472 8.442371 8.558329 8.680425 8.808230 8.940615 9.075522 9.209943 9.340189 9.462691 9.574688 9.674644 9.762235 9.837839 9.902140 9.955873 9.999732 10.03431 10.06009 10.07748 10.08677 10.08817
2.090448 2.244409 2.413977 2.600748 2.806306 3.032091 3.279151 3.547760 3.836839 4.143281 4.461475 4.783573 5.100905 5.406009 5.693795 5.961639 6.208814 6.435828 6.643881 6.834512 7.009382 7.170156 7.318432 7.455705 7.583366 7.702700 7.814888 7.921021 8.022118 8.119130 8.212965 8.304491 8.394554 8.483993 8.573643 8.664359 8.757013 8.852511 8.951799 9.055852 9.165675 9.282269 9.406587 9.539432 9.681299 9.832111 9.990814 10.15490 10.32005 10.48042 10.62996 10.76440 10.88221 10.98377 11.07036 11.14340 11.20413 11.25360 11.29263 11.32189 11.34188 11.35301 11.35553
2.192826 2.362046 2.549774 2.758269 2.989949 3.247268 3.532476 3.847130 4.191186 4.561582 4.950625 5.345851 5.733004 6.100443 6.441514 6.753919 7.038062 7.295740 7.529322 7.741332 7.934235 8.110340 8.271756 8.420405 8.558012 8.686135 8.806194 8.919469 9.027151 9.130342 9.230083 9.327366 9.423168 9.518449 9.614181 9.711363 9.811032 9.914291 10.02231 10.13634 10.25773 10.38790 10.52833 10.68045 10.84551 11.02421 11.21613 11.41863 11.62565 11.82729 12.01271 12.17500 12.31318 12.42978 12.52787 12.60996 12.67795 12.73323 12.77689 12.80976 12.83248 12.84553 12.84925
2.297567 2.482903 2.689982 2.921885 3.182110 3.474537 3.803281 4.172237 4.583966 5.037145 5.522223 6.018300 6.499333 6.946610 7.352629 7.717171 8.043239 8.334882 8.596246 8.831206 9.043261 9.235504 9.410662 9.571129 9.719016 9.856194 9.984327 10.10491 10.21932 10.32881 10.43456 10.53772 10.63937 10.74062 10.84258 10.94641 11.05333 11.16465 11.28180 11.40636 11.54008 11.68491 11.84300 12.01670 12.20842 12.42039 12.65386 12.90744 13.17364 13.43540 13.67016 13.86567 14.02516 14.15655 14.26589 14.35697 14.43224 14.49343 14.54182 14.57840 14.60393 14.61897 14.62394
