T3-twomodels/model60.grd
DSAA
         100         100
  -15.00000       15.00000    
  -15.00000       15.00000    
   1.841972       35.83926    
[rows 0 to 27 of 100, columns 0 to 62 of 100]
1.841975 1.851460 1.861645 1.872496 1.883978 1.896052 1.908679 1.921816 1.935422 1.949454 1.963869 1.978622 1.993665 2.008959 2.024460 2.040126 2.055918 2.071798 2.087727 2.103670 2.119596 2.135473 2.151273 2.166967 2.182531 2.197942 2.213176 2.228215 2.243038 2.257628 2.271966 2.286036 2.299822 2.313307 2.326474 2.339306 2.351788 2.363900 2.375627 2.386948 2.397845 2.408299 2.418288 2.427793 2.436793 2.445265 2.453188 2.460540 2.467300 2.473447 2.478959 2.483814 2.487994 2.491480 2.494253 2.496297 2.497594 2.498132 2.497895 2.496874 2.495055 2.492432 2.488996
1.863933 1.874227 1.885277 1.897043 1.909487 1.922566 1.936237 1.950454 1.965170 1.980336 1.995903 2.011824 2.028052 2.044537 2.061234 2.078095 2.095077 2.112138 2.129238 2.146339 2.163408 2.180409 2.197315 2.214095 2.230726 2.247181 2.263442 2.279485 2.295292 2.310847 2.326131 2.341128 2.355822 2.370197 2.384237 2.397926 2.411246 2.424179 2.436709 2.448814 2.460477 2.471675 2.482387 2.492592 2.502265 2.511384 2.519925 2.527864 2.535177 2.541839 2.547829 2.553123 2.557701 2.561539 2.564619 2.566920 2.568425 2.569117 2.568982 2.568005 2.566174 2.563478 2.559910
1.887735 1.898942 1.910965 1.923763 1.937291 1.951504 1.966353 1.981786 1.997753 2.014200 2.031076 2.048322 2.065884 2.083710 2.101749 2.119950 2.138266 2.156649 2.175057 2.193451 2.211792 2.230044 2.248179 2.266165 2.283977 2.301590 2.318984 2.336138 2.353033 2.369652 2.385979 2.401999 2.417697 2.433056 2.448061 2.462696 2.476944 2.490788 2.504208 2.517186 2.529699 2.541727 2.553247 2.564232 2.574660 2.584505 2.593740 2.602339 2.610277 2.617526 2.624061 2.629856 2.634886 2.639127 2.642557 2.645154 2.646900 2.647775 2.647761 2.646843 2.645008 2.642242 2.638536
1.913457 1.925692 1.938812 1.952772 1.967523 1.983013 1.999189 2.015995 2.033371 2.051259 2.069596 2.088324 2.107384 2.126716 2.146261 2.165965 2.185772 2.205634 2.225503 2.245336 2.265092 2.284735 2.304233 2.323555 2.342674 2.361567 2.380211 2.398589 2.416682 2.434474 2.451951 2.469098 2.485900 2.502342 2.518412 2.534092 2.549366 2.564217 2.578625 2.592570 2.606030 2.618982 2.631401 2.643259 2.654532 2.665190 2.675205 2.684548 2.693187 2.701095 2.708241 2.714600 2.720143 2.724843 2.728675 2.731614 2.733639 2.734727 2.734860 2.734020 2.732191 2.729359 2.725512
1.941196 1.954589 1.968944 1.984212 2.000340 2.017271 2.034945 2.053297 2.072264 2.091779 2.111776 2.132183 2.152931 2.173956 2.195193 2.216580 2.238058 2.259573 2.281072 2.302508 2.323839 2.345026 2.366034 2.386834 2.407397 2.427701 2.447724 2.467450 2.486861 2.505943 2.524683 2.543068 2.561085 2.578721 2.595962 2.612794 2.629200 2.645164 2.660665 2.675683 2.690194 2.704174 2.717595 2.730430 2.742648 2.754218 2.765109 2.775287 2.784719 2.793375 2.801220 2.808221 2.814348 2.819572 2.823863 2.827196 2.829543 2.830883 2.831192 2.830452 2.828643 2.825751 2.821759
1.971049 1.985743 2.001489 2.018233 2.035914 2.054469 2.073832 2.093930 2.114691 2.136039 2.157893 2.180180 2.202827 2.225755 2.248892 2.272168 2.295517 2.318879 2.342197 2.365419 2.388500 2.411400 2.434081 2.456514 2.478671 2.500529 2.522070 2.543277 2.564136 2.584634 2.604761 2.624505 2.643855 2.662802 2.681331 2.699431 2.717086 2.734279 2.750990 2.767196 2.782875 2.797999 2.812538 2.826463 2.839740 2.852333 2.864208 2.875327 2.885654 2.895150 2.903778 2.911506 2.918297 2.924117 2.928934 2.932719 2.935441 2.937074 2.937596 2.936981 2.935211 2.932266 2.928130
2.003117 2.019278 2.036592 2.054998 2.074432 2.094822 2.116092 2.138164 2.160952 2.184372 2.208339 2.232762 2.257550 2.282622 2.307895 2.333292 2.358738 2.384166 2.409514 2.434726 2.459753 2.484551 2.509085 2.533321 2.557235 2.580806 2.604014 2.626848 2.649295 2.671345 2.692991 2.714225 2.735038 2.755423 2.775369 2.794864 2.813895 2.832444 2.850492 2.868017 2.884992 2.901390 2.917178 2.932322 2.946784 2.960527 2.973509 2.985689 2.997026 3.007478 3.017004 3.025559 3.033107 3.039609 3.045029 3.049333 3.052490 3.054469 3.055243 3.054786 3.053075 3.050091 3.045811
2.037524 2.055336 2.074417 2.094701 2.116115 2.138579 2.162008 2.186310 2.211392 2.237154 2.263494 2.290315 2.317520 2.345009 2.372687 2.400467 2.428266 2.456007 2.483623 2.511052 2.538241 2.565146 2.591729 2.617958 2.643808 2.669260 2.694300 2.718918 2.743104 2.766854 2.790164 2.813029 2.835445 2.857406 2.878907 2.899936 2.920482 2.940528 2.960056 2.979042 2.997458 3.015275 3.032456 3.048964 3.064758 3.079792 3.094023 3.107401 3.119880 3.131411 3.141946 3.151441 3.159850 3.167131 3.173243 3.178146 3.181806 3.184189 3.185264 3.185003 3.183379 3.180369 3.175951
2.074394 2.094067 2.115143 2.137548 2.161201 2.186012 2.211886 2.238719 2.266402 2.294823 2.323870 2.353422 2.383363 2.413583 2.443974 2.474438 2.504879 2.535213 2.565363 2.595264 2.624859 2.654101 2.682950 2.711378 2.739360 2.766881 2.793931 2.820503 2.846593 2.872202 2.897330 2.921979 2.946148 2.969837 2.993042 3.015757 3.037971 3.059670 3.080835 3.101442 3.121461 3.140861 3.159600 3.177638 3.194927 3.211417 3.227056 3.241791 3.255565 3.268326 3.280018 3.290587 3.299981 3.308154 3.315059 3.320653 3.324897 3.327752 3.329185 3.329163 3.327659 3.324645 3.320096
2.113862 2.135634 2.158963 2.183768 2.209957 2.237432 2.266082 2.295788 2.326426 2.357864 2.389967 2.422604 2.455644 2.488956 2.522414 2.555905 2.589319 2.622563 2.655551 2.688211 2.720483 2.752317 2.783674 2.814528 2.844857 2.874650 2.903903 2.932613 2.960785 2.988425 3.015540 3.042137 3.068223 3.093803 3.118877 3.143444 3.167495 3.191018 3.213995 3.236401 3.258206 3.279372 3.299858 3.319613 3.338587 3.356720 3.373953 3.390225 3.405470 3.419623 3.432626 3.444417 3.454937 3.464132 3.471949 3.478340 3.483259 3.486667 3.488524 3.488795 3.487449 3.484456 3.479787
2.156075 2.180218 2.206095 2.233618 2.262687 2.293187 2.324995 2.357973 2.391978 2.426859 2.462463 2.498627 2.535195 2.572016 2.608950 2.645861 2.682628 2.719142 2.755310 2.791053 2.826306 2.861017 2.895151 2.928681 2.961593 2.993880 3.025544 3.056592 3.087038 3.116893 3.146175 3.174899 3.203079 3.230727 3.257850 3.284449 3.310523 3.336061 3.361046 3.385451 3.409246 3.432390 3.454834 3.476523 3.497397 3.517390 3.536432 3.554451 3.571372 3.587123 3.601632 3.614826 3.626638 3.637007 3.645873 3.653183 3.658887 3.662940 3.665298 3.665925 3.664784 3.661844 3.657071
2.201186 2.228008 2.256770 2.287379 2.319721 2.353667 2.389076 2.425790 2.463641 2.502451 2.542034 2.582208 2.622794 2.663612 2.704492 2.745279 2.785834 2.826032 2.865770 2.904960 2.943535 2.981442 3.018647 3.055130 3.090881 3.125902 3.160206 3.193809 3.226732 3.259004 3.290648 3.321690 3.352155 3.382063 3.411429 3.440261 3.468562 3.496325 3.523535 3.550165 3.576183 3.601542 3.626188 3.650060 3.673086 3.695189 3.716289 3.736299 3.755134 3.772704 3.788929 3.803727 3.817022 3.828741 3.838817 3.847190 3.853803 3.858608 3.861559 3.862614 3.861733 3.858884 3.854031
2.249365 2.279215 2.311250 2.345365 2.381435 2.419315 2.458842 2.499834 2.542095 2.585416 2.629583 2.674370 2.719557 2.764938 2.810315 2.855507 2.900352 2.944708 2.988459 3.031510 3.073790 3.115249 3.155854 3.195592 3.234465 3.272483 3.309672 3.346061 3.381686 3.416586 3.450800 3.484367 3.517323 3.549699 3.581520 3.612804 3.643558 3.673781 3.703460 3.732569 3.761072 3.788919 3.816049 3.842389 3.867857 3.892363 3.915812 3.938101 3.959130 3.978797 3.997004 4.013653 4.028656 4.041931 4.053403 4.063004 4.070674 4.076357 4.080005 4.081573 4.081019 4.078307 4.073399
2.300782 2.334061 2.369810 2.407917 2.448244 2.490627 2.534879 2.580787 2.628119 2.676625 2.726043 2.776114 2.826584 2.877195 2.927713 2.977924 3.027638 3.076697 3.124969 3.172350 3.218768 3.264173 3.308542 3.351870 3.394170 3.435470 3.475810 3.515234 3.553798 3.591555 3.628563 3.664875 3.700543 3.735613 3.770120 3.804094 3.837551 3.870494 3.902916 3.934790 3.966079 3.996726 4.026662 4.055804 4.084054 4.111305 4.137444 4.162350 4.185901 4.207975 4.228456 4.247235 4.264209 4.279282 4.292367 4.303391 4.312286 4.318992 4.323459 4.325639 4.325489 4.322969 4.318040
2.355615 2.392777 2.432749 2.475410 2.520608 2.568160 2.617847 2.669422 2.722610 2.777115 2.832628 2.888825 2.945388 3.002018 3.058434 3.114383 3.169644 3.224034 3.277406 3.329649 3.380690 3.430485 3.479019 3.526304 3.572367 3.617257 3.661031 3.703759 3.745513 3.786371 3.826410 3.865704 3.904322 3.942327 3.979771 4.016696 4.053130 4.089085 4.124556 4.159521 4.193938 4.227746 4.260864 4.293193 4.324623 4.355022 4.384256 4.412179 4.438645 4.463511 4.486637 4.507888 4.527143 4.544297 4.559252 4.571925 4.582242 4.590142 4.595569 4.598476 4.598819 4.596557 4.591649
2.414045 2.455609 2.500387 2.548252 2.599036 2.652536 2.708499 2.766635 2.826614 2.888076 2.950639 3.013919 3.077537 3.141120 3.204329 3.266861 3.328457 3.388905 3.448042 3.505753 3.561964 3.616642 3.669786 3.721426 3.771617 3.820427 3.867943 3.914258 3.959472 4.003688 4.047010 4.089536 4.131358 4.172558 4.213210 4.253373 4.293086 4.332375 4.371241 4.409663 4.447601 4.484982 4.521719 4.557693 4.592770 4.626796 4.659605 4.691021 4.720868 4.748967 4.775151 4.799269 4.821175 4.840745 4.857868 4.872454 4.884423 4.893711 4.900262 4.904029 4.904970 4.903041 4.898204
2.476250 2.522806 2.573058 2.626877 2.684085 2.744451 2.807686 2.873446 2.941337 3.010922 3.081740 3.153304 3.225139 3.296797 3.367862 3.437973 3.506825 3.574176 3.639843 3.703708 3.765704 3.825814 3.884058 3.940493 3.995203 4.048289 4.099870 4.150072 4.199030 4.246878 4.293749 4.339771 4.385064 4.429740 4.473893 4.517602 4.560929 4.603910 4.646558 4.688857 4.730763 4.772201 4.813064 4.853217 4.892497 4.930718 4.967678 5.003161 5.036950 5.068831 5.098601 5.126068 5.151065 5.173447 5.193093 5.209900 5.223788 5.234690 5.242553 5.247333 5.248989 5.247483 5.242777
2.542401 2.594618 2.651112 2.711757 2.776366 2.844682 2.916374 2.991036 3.068189 3.147295 3.227770 3.309025 3.390473 3.471549 3.551744 3.630617 3.707808 3.783039 3.856115 3.926915 3.995387 4.061537 4.125420 4.187124 4.246777 4.304517 4.360507 4.414915 4.467912 4.519674 4.570372 4.620168 4.669219 4.717665 4.765632 4.813227 4.860531 4.907602 4.954466 5.001115 5.047506 5.093554 5.139141 5.184104 5.228249 5.271348 5.313151 5.353394 5.391803 5.428113 5.462073 5.493460 5.522071 5.547737 5.570320 5.589712 5.605828 5.618605 5.627997 5.633963 5.636472 5.635490 5.630983
2.612655 2.671290 2.734901 2.803380 2.876533 2.954084 3.035652 3.120756 3.208813 3.299160 3.391074 3.483792 3.576565 3.668693 3.759544 3.848585 3.935389 4.019642 4.101134 4.179755 4.255476 4.328341 4.398447 4.465935 4.530979 4.593776 4.654536 4.713477 4.770823 4.826793 4.881606 4.935466 4.988571 5.041101 5.093218 5.145061 5.196741 5.248342 5.299907 5.351442 5.402908 5.454214 5.505223 5.555746 5.605546 5.654346 5.701835 5.747681 5.791542 5.833090 5.872011 5.908021 5.940880 5.970393 5.996408 6.018807 6.037512 6.052464 6.063630 6.070981 6.074496 6.074153 6.069926
2.687135 2.753039 2.824769 2.902242 2.985281 3.073588 3.166736 3.264151 3.365120 3.468809 3.574290 3.680602 3.786792 3.891961 3.995319 4.096210 4.194130 4.288730 4.379796 4.467236 4.551067 4.631387 4.708353 4.782172 4.853087 4.921358 4.987262 5.051078 5.113088 5.173569 5.232793 5.291016 5.348485 5.405426 5.462046 5.518526 5.575015 5.631627 5.688436 5.745463 5.802679 5.859990 5.917242 5.974215 6.030622 6.086121 6.140324 6.192811 6.243146 6.290908 6.335702 6.377182 6.415057 6.449093 6.479123 6.505030 6.526739 6.544212 6.557431 6.566388 6.571083 6.571507 6.567649
2.765928 2.840050 2.921030 3.008837 3.103327 3.204199 3.310977 3.422985 3.539349 3.659013 3.780791 3.903413 4.025630 4.146293 4.264403 4.379161 4.489975 4.596461 4.698420 4.795806 4.888700 4.977279 5.061788 5.142522 5.219808 5.293989 5.365422 5.434460 5.501456 5.566754 5.630688 5.693577 5.755726 5.817419 5.878913 5.940443 6.002204 6.064355 6.127005 6.190204 6.253939 6.318122 6.382582 6.447062 6.511222 6.574640 6.636826 6.697241 6.755331 6.810549 6.862386 6.910396 6.954226 6.993602 7.028345 7.058342 7.083539 7.103923 7.119510 7.130323 7.136388 7.137724 7.134333
2.849054 2.932445 3.023947 3.123622 3.231387 3.346969 3.469858 3.599264 3.734108 3.873036 4.014482 4.156781 4.298288 4.437487 4.573102 4.704151 4.829952 4.950108 5.064460 5.173045 5.276046 5.373755 5.466533 5.554789 5.638963 5.719499 5.796848 5.871456 5.943758 6.014176 6.083121 6.150983 6.218132 6.284922 6.351676 6.418686 6.486214 6.554471 6.623617 6.693745 6.764870 6.836917 6.909710 6.982959 7.056258 7.129089 7.200833 7.270797 7.338249 7.402466 7.462782 7.518633 7.569571 7.615282 7.655568 7.690339 7.719579 7.743320 7.761627 7.774568 7.782212 7.784612 7.781798
2.936458 3.030263 3.133702 3.246978 3.370131 3.502964 3.644964 3.795233 3.952444 4.114849 4.280369 4.446728 4.611683 4.773232 4.929734 5.079993 5.223248 5.359123 5.487557 5.608721 5.722958 5.830718 5.932522 6.028929 6.120513 6.207850 6.291503 6.372025 6.449948 6.525787 6.600037 6.673171 6.745641 6.817876 6.890277 6.963216 7.037026 7.111992 7.188340 7.266227 7.345714 7.426761 7.509195 7.592705 7.676816 7.760900 7.844176 7.925740 8.004622 8.079850 8.150527 8.215895 8.275390 8.328643 8.375468 8.415813 8.449729 8.477325 8.498737 8.514104 8.523554 8.527183 8.525062
3.027970 3.133414 3.250332 3.379150 3.520112 3.673183 3.837927 4.013364 4.197882 4.389194 4.584454 4.780513 4.974271 5.162992 5.344560 5.517536 5.681126 5.835052 5.979440 6.114681 6.241349 6.360120 6.471727 6.576918 6.676436 6.771010 6.861343 6.948110 7.031956 7.113503 7.193339 7.272036 7.350136 7.428158 7.506597 7.585914 7.666533 7.748835 7.833136 7.919677 8.008598 8.099916 8.193492 8.289014 8.385956 8.483562 8.580859 8.676663 8.769663 8.858507 8.941954 9.018980 9.088852 9.151143 9.205694 9.252543 9.291853 9.323854 9.348790 9.366899 9.378387 9.383420 9.382112
3.123293 3.241654 3.373700 3.520179 3.681675 3.858463 4.050318 4.256289 4.474467 4.701863 4.934515 5.167871 5.397468 5.619533 5.831332 6.031216 6.218462 6.393046 6.555419 6.706321 6.846659 6.977419 7.099600 7.214193 7.322151 7.424382 7.521750 7.615073 7.705125 7.792644 7.878333 7.962864 8.046886 8.131023 8.215877 8.302011 8.389970 8.480245 8.573271 8.669406 8.768908 8.871891 8.978303 9.087866 9.200036 9.313955 9.428425 9.541908 9.652599 9.758592 9.858083 9.949605 10.03219 10.10536 10.16905 10.22348 10.26898 10.30598 10.33489 10.35607 10.36984 10.37644 10.37607
3.221979 3.354544 3.503416 3.669806 3.854823 4.059284 4.283443 4.526617 4.786715 5.059838 5.340290 5.621265 5.896105 6.159460 6.407857 6.639576 6.854229 7.052304 7.234802 7.402985 7.558234 7.701933 7.835436 7.960018 8.076885 8.187159 8.291888 8.392048 8.488560 8.582291 8.674067 8.764681 8.854895 8.945450 9.037067 9.130442 9.226245 9.325114 9.427634 9.534321 9.645593 9.761727 9.882820 10.00871 10.13891 10.27253 10.40816 10.54384 10.67708 10.80507 10.92508 11.03491 11.13324 11.21958 11.29409 11.35729 11.40986 11.45249 11.48581 11.51039 11.52668 11.53503 11.53571
3.323405 3.471412 3.638779 3.827362 4.039039 4.275512 4.537982 4.826551 5.139354 5.471514 5.814649 6.157935 6.490867 6.805766 7.098475 7.367665 7.613802 7.838315 8.043085 8.230138 8.401474 8.559007 8.704510 8.839614 8.965811 9.084467 9.196839 9.304080 9.407269 9.507417 9.605485 9.702392 9.799030 9.896270 9.994964 10.09596 10.20007 10.30812 10.42086 10.53902 10.66324 10.79403 10.93172 11.07641 11.22780 11.38512 11.54688 11.71073 11.87326 12.03022 12.17721 12.31069 12.42875 12.53108 12.61834 12.69165 12.75218 12.80106 12.83925 12.86754 12.88657 12.89684 12.89868
3.426795 3.591354 3.778751 3.991683 4.233099 4.506066 4.813430 5.157090 5.536537 5.946414 6.374154 6.801266 7.210064 7.589519 7.935524 8.248281 8.530050 8.783872 9.012933 9.220294 9.408772 9.580915 9.739005 9.885076 10.02095 10.14827 10.26851 10.38303 10.49307 10.59980 10.70432 10.80769 10.91094 11.01508 11.12112 11.23005 11.34287 11.46059 11.58421 11.71467 11.85292 11.99978 12.15595 12.32193 12.49784 12.68332 12.87717 13.07689 13.27815 13.47446 13.65814 13.82290 13.96596 14.08766 14.18980 14.27456 14.34395 14.39967 14.44313 14.47542 14.49739 14.50970 14.51281
