T3-twomodels/model120.grd
DSAA
         100         100
  -15.00000       15.00000    
  -15.00000       15.00000    
  0.6315846       34.84916    
[rows 28 to 55 of 100, columns 0 to 62 of 100]
2.425076 2.625919 2.851926 3.107118 3.396312 3.725186 4.100457 4.529694 5.020610 5.577635 6.192248 6.828209 7.433844 7.978974 8.458907 8.879258 9.247861 9.572197 9.858788 10.11319 10.34008 10.54343 10.72660 10.89246 11.04346 11.18172 11.30908 11.42717 11.53742 11.64112 11.73944 11.83348 11.92427 12.01281 12.10009 12.18713 12.27497 12.36478 12.45780 12.55551 12.65957 12.77206 12.89544 13.03295 13.18862 13.36787 13.57762 13.82640 14.12076 14.45266 14.78314 15.07258 15.31702 15.52683 15.70918 15.86792 16.00542 16.12336 16.22314 16.30592 16.37276 16.42455 16.46206
2.539511 2.757412 3.004138 3.284736 3.605521 3.974219 4.400761 4.897475 5.479990 6.164072 6.950690 7.779914 8.548821 9.212941 9.778896 10.26312 10.68050 11.04301 11.36000 11.63905 11.88613 12.10628 12.30350 12.48132 12.64251 12.78964 12.92471 13.04967 13.16601 13.27532 13.37876 13.47768 13.57307 13.66620 13.75800 13.84977 13.94250 14.03769 14.13656 14.24104 14.35286 14.47476 14.60955 14.76165 14.93617 15.14134 15.38779 15.69252 16.07432 16.53122 16.97695 17.32840 17.60589 17.83987 18.04271 18.21891 18.37146 18.50198 18.61241 18.70387 18.77789 18.83530 18.87723
2.653417 2.888398 3.155901 3.461994 3.814539 4.223339 4.701674 5.266823 5.942974 6.758642 7.727078 8.762622 9.703389 10.49035 11.14406 11.69301 12.15962 12.56056 12.90808 13.21186 13.47917 13.71614 13.92741 14.11719 14.28855 14.44454 14.58728 14.71909 14.84150 14.95640 15.06491 15.16869 15.26865 15.36636 15.46264 15.55912 15.65670 15.75728 15.86197 15.97323 16.09278 16.22415 16.37033 16.53714 16.73062 16.96207 17.24590 17.60843 18.08250 18.67503 19.24452 19.65779 19.96660 20.22388 20.44693 20.64045 20.80803 20.95113 21.07223 21.17239 21.25360 21.31664 21.36303
2.765317 3.017079 3.304939 3.635954 4.019387 4.466976 4.994876 5.624567 6.386578 7.317465 8.434417 9.632945 10.71608 11.61182 12.34659 12.95677 13.47064 13.90878 14.28606 14.61402 14.90117 15.15465 15.37977 15.58131 15.76272 15.92741 16.07775 16.21630 16.34472 16.46511 16.57866 16.68720 16.79170 16.89388 16.99462 17.09572 17.19813 17.30396 17.41444 17.53232 17.65953 17.80010 17.95749 18.13849 18.35032 18.60660 18.92515 19.33869 19.88839 20.58203 21.24714 21.72102 22.06595 22.34920 22.59335 22.80457 22.98716 23.14283 23.27446 23.38328 23.47157 23.54022 23.59097
2.873930 3.141868 3.449246 3.804004 4.216584 4.700308 5.273500 5.960499 6.795353 7.817636 9.043288 10.35705 11.54597 12.52932 13.33362 13.99855 14.55581 15.02871 15.43415 15.78516 16.09139 16.36080 16.59934 16.81228 17.00348 17.17666 17.33442 17.47955 17.61387 17.73961 17.85811 17.97130 18.08026 18.18681 18.29192 18.39752 18.50466 18.61559 18.73172 18.85600 18.99063 19.14000 19.30808 19.50240 19.73121 20.00975 20.35822 20.81258 21.41689 22.17671 22.90693 23.43205 23.81384 24.12459 24.39050 24.61958 24.81702 24.98508 25.12701 25.24431 25.33950 25.41364 25.46865
2.978220 3.261475 3.587199 3.964060 4.403432 4.919811 5.532969 6.268901 7.163203 8.255966 9.560968 10.95710 12.22398 13.27572 14.13735 14.84939 15.44516 15.94960 16.38101 16.75354 17.07773 17.36225 17.61359 17.83746 18.03808 18.21944 18.38437 18.53587 18.67589 18.80683 18.93013 19.04784 19.16113 19.27191 19.38127 19.49123 19.60295 19.71880 19.84035 19.97075 20.11242 20.27009 20.44813 20.65463 20.89865 21.19646 21.56963 22.05553 22.69884 23.50317 24.27827 24.84314 25.25735 25.59404 25.88096 26.12731 26.33908 26.51908 26.67090 26.79635 26.89817 26.97761 27.03671
3.077357 3.374884 3.717550 4.114591 4.578074 5.123293 5.770913 6.547765 7.489952 8.637237 10.00166 11.45881 12.78437 13.88944 14.79763 15.54935 16.17851 16.71094 17.16581 17.55805 17.89886 18.19749 18.46087 18.69508 18.90464 19.09380 19.26560 19.42319 19.56870 19.70463 19.83256 19.95462 20.07208 20.18695 20.30040 20.41453 20.53063 20.65119 20.77789 20.91406 21.06233 21.22768 21.41481 21.63225 21.88958 22.20373 22.59697 23.10723 23.77914 24.61517 25.42256 26.01766 26.45850 26.81783 27.12376 27.38604 27.61118 27.80234 27.96348 28.09662 28.20472 28.28917 28.35215
3.170712 3.481345 3.839419 4.254595 4.739422 5.309716 5.986638 6.797387 7.778116 8.968067 10.37799 11.88152 13.25219 14.39923 15.34511 16.12989 16.78761 17.34447 17.82019 18.23020 18.58619 18.89781 19.17236 19.41623 19.63419 19.83070 20.00899 20.17237 20.32311 20.46381 20.59615 20.72236 20.84381 20.96258 21.07991 21.19803 21.31828 21.44328 21.57483 21.71639 21.87076 22.04312 22.23845 22.46556 22.73438 23.06225 23.47176 24.00105 24.69456 25.55397 26.38537 27.00374 27.46596 27.84426 28.16670 28.44314 28.68034 28.88171 29.05141 29.19166 29.30559 29.39470 29.46132
3.257818 3.580343 3.952249 4.383512 4.887005 5.478866 6.180505 7.019252 8.031127 9.254902 10.70044 12.24016 13.64620 14.82663 15.80313 16.61534 17.29725 17.87523 18.36925 18.79508 19.16473 19.48817 19.77296 20.02575 20.25151 20.45489 20.63928 20.80811 20.96376 21.10897 21.24548 21.37563 21.50085 21.62331 21.74434 21.86620 21.99036 22.11952 22.25557 22.40210 22.56204 22.74075 22.94337 23.17893 23.45761 23.79695 24.21972 24.76408 25.47433 26.35169 27.20152 27.83794 28.31724 28.71119 29.04758 29.33627 29.58409 29.79457 29.97199 30.11869 30.23793 30.33133 30.40127
3.338371 3.671555 4.055748 4.501136 5.020806 5.631079 6.353486 7.215352 8.252532 9.503386 10.97715 12.54542 13.97955 15.18679 16.18825 17.02321 17.72552 18.32159 18.83153 19.27130 19.65313 19.98720 20.28129 20.54223 20.77516 20.98489 21.17492 21.34883 21.50908 21.65850 21.79894 21.93278 22.06154 22.18746 22.31194 22.43731 22.56511 22.69812 22.83831 22.98939 23.15438 23.33875 23.54782 23.79073 24.07782 24.42674 24.86036 25.41682 26.14024 27.03156 27.89572 28.54644 29.03944 29.44617 29.79422 30.09335 30.35035 30.56879 30.75303 30.90549 31.02951 31.12677 31.19973
3.412187 3.754842 4.149844 4.607529 5.141115 5.767026 6.506834 7.387812 8.445645 9.718389 11.21484 12.80606 14.26278 15.49173 16.51362 17.36745 18.08691 18.69840 19.22208 19.67403 20.06660 20.41015 20.71258 20.98090 21.22035 21.43588 21.63112 21.80970 21.97421 22.12754 22.27161 22.40889 22.54095 22.67009 22.79776 22.92638 23.05754 23.19408 23.33806 23.49324 23.66276 23.85217 24.06688 24.31614 24.61038 24.96733 25.40987 25.97612 26.71010 27.61257 28.48815 29.15020 29.65422 30.07140 30.42911 30.73700 31.00184 31.22715 31.41734 31.57487 31.70311 31.80380 31.87946
3.479190 3.830176 4.234607 4.702917 5.248405 5.887539 6.641898 7.538684 8.613434 9.903960 11.41873 13.02841 14.50338 15.75001 16.78867 17.65813 18.39198 19.01656 19.55202 20.01451 20.41650 20.76840 21.07827 21.35318 21.59851 21.81930 22.01925 22.20210 22.37051 22.52742 22.67484 22.81529 22.95037 23.08248 23.21309 23.34469 23.47891 23.61866 23.76606 23.92492 24.09847 24.29232 24.51194 24.76666 25.06697 25.43063 25.88053 26.45477 27.19727 28.10860 28.99329 29.66449 30.17744 30.60313 30.96882 31.28405 31.55547 31.78666 31.98197 32.14389 32.27581 32.37951 32.45753
3.539386 3.897632 4.310218 4.787634 5.343235 5.993507 6.760003 7.669862 8.758492 10.06353 11.59321 13.21795 14.70779 15.96886 17.02130 17.90374 18.64962 19.28524 19.83075 20.30231 20.71245 21.07166 21.38807 21.66883 21.91940 22.14489 22.34909 22.53580 22.70773 22.86790 23.01836 23.16168 23.29953 23.43433 23.56762 23.70191 23.83890 23.98153 24.13198 24.29412 24.47121 24.66894 24.89281 25.15221 25.45764 25.82691 26.28291 26.86368 27.61310 28.53168 29.42376 30.10230 30.62247 31.05512 31.42736 31.74866 32.02563 32.26177 32.46144 32.62712 32.76222 32.86853 32.94860
3.592823 3.957335 4.376906 4.862074 5.426207 6.085803 6.862383 7.783030 8.883043 10.19992 11.74171 13.37862 14.88055 16.15341 17.21718 18.11033 18.86624 19.51112 20.06513 20.54443 20.96158 21.32711 21.64920 21.93509 22.19027 22.41993 22.62790 22.81804 22.99312 23.15621 23.30941 23.45531 23.59564 23.73285 23.86854 24.00525 24.14470 24.28989 24.44305 24.60807 24.78825 24.98933 25.21684 25.48021 25.78996 26.16391 26.62494 27.21107 27.96612 28.89050 29.78849 30.47302 30.99907 31.43738 31.81501 32.14132 32.42289 32.66318 32.86652 33.03538 33.17317 33.28171 33.36354
3.639599 4.009454 4.434944 4.926634 5.497906 6.165252 6.950161 7.879666 8.988982 10.31550 11.86716 13.51402 15.02580 16.30827 17.38130 18.28327 19.04747 19.70007 20.26120 20.74704 21.17014 21.54107 21.86806 22.15836 22.41756 22.65084 22.86211 23.05527 23.23313 23.39879 23.55439 23.70258 23.84511 23.98447 24.12227 24.26110 24.40273 24.55017 24.70567 24.87318 25.05603 25.25998 25.49058 25.75729 26.07066 26.44848 26.91365 27.50416 28.26380 29.19295 30.09578 30.78510 31.31588 31.75879 32.14080 32.47122 32.75657 33.00029 33.20668 33.37822 33.51828 33.62869 33.71201
3.679826 4.054165 4.484598 4.981710 5.558883 6.232595 7.024316 7.961027 9.077885 10.41219 11.97177 13.62661 15.14630 16.43655 17.51710 18.42625 19.19724 19.85620 20.42322 20.91450 21.34258 21.71806 22.04919 22.34326 22.60587 22.84226 23.05637 23.25213 23.43239 23.60028 23.75797 23.90814 24.05258 24.19379 24.33342 24.47410 24.61760 24.76696 24.92449 25.09413 25.27923 25.48559 25.71879 25.98829 26.30463 26.68563 27.15418 27.74825 28.51158 29.44449 30.35116 31.04438 31.57898 32.02559 32.41114 32.74490 33.03333 33.27985 33.48875 33.66249 33.80442 33.91639 34.00093
3.713617 4.091648 4.526130 5.027661 5.609622 6.288480 7.085680 8.028171 9.151056 10.49158 12.05752 13.71875 15.24478 16.54123 17.62780 18.54272 19.31918 19.98328 20.55511 21.05082 21.48299 21.86223 22.19678 22.49397 22.75943 22.99843 23.21492 23.41287 23.59514 23.76492 23.92438 24.07623 24.22228 24.36506 24.50625 24.64848 24.79356 24.94455 25.10376 25.27517 25.46215 25.67050 25.90583 26.17760 26.49636 26.87994 27.35121 27.94811 28.71439 29.65037 30.56013 31.25639 31.79401 32.24356 32.63194 32.96835 33.25925 33.50803 33.71896 33.89446 34.03793 34.15115 34.23669
3.741089 4.122064 4.559770 5.064807 5.650550 6.333459 7.134963 8.081972 9.209565 10.55493 12.12577 13.79192 15.32286 16.62415 17.71541 18.63485 19.41561 20.08376 20.65939 21.15863 21.59406 21.97629 22.31360 22.61331 22.88107 23.12218 23.34060 23.54033 23.72426 23.89557 24.05648 24.20971 24.35708 24.50114 24.64360 24.78710 24.93346 25.08577 25.24635 25.41919 25.60768 25.81764 26.05466 26.32823 26.64891 27.03452 27.50791 28.10704 28.87561 29.81391 30.72602 31.42468 31.96466 32.41649 32.80705 33.14553 33.43837 33.68892 33.90142 34.07833 34.22299 34.33721 34.42353
3.762343 4.145563 4.585722 5.093416 5.682018 6.367985 7.172719 8.123127 9.254237 10.60323 12.17777 13.84766 15.38229 16.68720 17.78199 18.70481 19.48880 20.16002 20.73852 21.24044 21.67835 22.06288 22.40229 22.70394 22.97347 23.21620 23.43612 23.63723 23.82244 23.99495 24.15697 24.31127 24.45967 24.60474 24.74818 24.89266 25.04002 25.19335 25.35498 25.52893 25.71858 25.92975 26.16807 26.44302 26.76515 27.15228 27.62727 28.22807 28.99837 29.93845 30.85236 31.55277 32.09449 32.54803 32.94023 33.28026 33.57453 33.82641 34.04010 34.21806 34.36362 34.47859 34.56552
3.777460 4.162263 4.604142 5.113695 5.704298 6.392393 7.199386 8.152151 9.285708 10.63721 12.21429 13.88671 15.42388 16.73131 17.82854 18.75373 19.53997 20.21333 20.79383 21.29763 21.73729 22.12342 22.46432 22.76734 23.03813 23.28201 23.50300 23.70509 23.89121 24.06457 24.22740 24.38246 24.53159 24.67737 24.82152 24.96670 25.11477 25.26883 25.43121 25.60593 25.79640 26.00844 26.24767 26.52358 26.84673 27.23493 27.71103 28.31298 29.08447 30.02574 30.94086 31.64251 32.18545 32.64017 33.03349 33.37460 33.66987 33.92266 34.13720 34.31588 34.46207 34.57756 34.66490
3.786505 4.172245 4.615147 5.125803 5.717586 6.406943 7.215262 8.169419 9.304420 10.65740 12.23599 13.90996 15.44865 16.75755 17.85623 18.78280 19.57038 20.24500 20.82670 21.33161 21.77230 22.15940 22.50118 22.80501 23.07655 23.32113 23.54274 23.74542 23.93209 24.10596 24.26927 24.42479 24.57436 24.72057 24.86514 25.01074 25.15924 25.31373 25.47656 25.65175 25.84271 26.05526 26.29503 26.57151 26.89526 27.28409 27.76085 28.36348 29.13567 30.07769 30.99355 31.69591 32.23955 32.69496 33.08895 33.43068 33.72655 33.97988 34.19490 34.37402 34.52059 34.63639 34.72397
3.789515 4.175570 4.618806 5.129828 5.722005 6.411777 7.220536 8.175151 9.310627 10.66409 12.24317 13.91760 15.45678 16.76616 17.86531 18.79235 19.58037 20.25540 20.83749 21.34277 21.78381 22.17122 22.51331 22.81740 23.08919 23.33400 23.55583 23.75870 23.94555 24.11959 24.28306 24.43873 24.58845 24.73480 24.87951 25.02525 25.17389 25.32853 25.49151 25.66685 25.85797 26.07069 26.31065 26.58731 26.91126 27.30030 27.77728 28.38014 29.15256 30.09477 31.01085 31.71347 32.25734 32.71299 33.10720 33.44914 33.74520 33.99871 34.21389 34.39315 34.53984 34.65574 34.74340
3.786504 4.172246 4.615146 5.125803 5.717588 6.406946 7.215262 8.169420 9.304420 10.65740 12.23600 13.90996 15.44865 16.75755 17.85622 18.78280 19.57038 20.24500 20.82670 21.33161 21.77230 22.15940 22.50118 22.80501 23.07655 23.32113 23.54274 23.74542 23.93209 24.10596 24.26927 24.42479 24.57436 24.72057 24.86514 25.01074 25.15924 25.31373 25.47656 25.65175 25.84271 26.05526 26.29503 26.57151 26.89526 27.28409 27.76085 28.36348 29.13568 30.07769 30.99355 31.69591 32.23955 32.69495 33.08895 33.43068 33.72655 33.97988 34.19490 34.37402 34.52059 34.63639 34.72397
3.777461 4.162262 4.604144 5.113697 5.704298 6.392393 7.199384 8.152151 9.285709 10.63721 12.21428 13.88671 15.42388 16.73130 17.82854 18.75373 19.53997 20.21332 20.79383 21.29763 21.73729 22.12342 22.46432 22.76734 23.03813 23.28201 23.50300 23.70509 23.89121 24.06457 24.22740 24.38246 24.53159 24.67737 24.82151 24.96670 25.11477 25.26883 25.43121 25.60594 25.79640 26.00844 26.24767 26.52358 26.84673 27.23492 27.71103 28.31298 29.08447 30.02573 30.94085 31.64250 32.18544 32.64016 33.03349 33.37459 33.66987 33.92266 34.13719 34.31588 34.46207 34.57756 34.66489
3.762341 4.145565 4.585724 5.093414 5.682019 6.367984 7.172720 8.123125 9.254237 10.60323 12.17776 13.84765 15.38229 16.68720 17.78199 18.70481 19.48880 20.16002 20.73851 21.24044 21.67835 22.06287 22.40228 22.70393 22.97346 23.21620 23.43611 23.63723 23.82243 23.99494 24.15697 24.31126 24.45966 24.60474 24.74818 24.89266 25.04002 25.19335 25.35498 25.52893 25.71857 25.92975 26.16807 26.44301 26.76515 27.15228 27.62727 28.22806 28.99836 29.93844 30.85236 31.55277 32.09449 32.54802 32.94022 33.28025 33.57453 33.82640 34.04010 34.21806 34.36362 34.47858 34.56551
3.741089 4.122062 4.559771 5.064806 5.650548 6.333459 7.134959 8.081972 9.209561 10.55492 12.12576 13.79192 15.32286 16.62415 17.71541 18.63485 19.41560 20.08376 20.65938 21.15863 21.59406 21.97629 22.31359 22.61331 22.88107 23.12217 23.34060 23.54033 23.72425 23.89557 24.05648 24.20971 24.35708 24.50114 24.64360 24.78709 24.93346 25.08577 25.24635 25.41919 25.60768 25.81763 26.05466 26.32823 26.64891 27.03452 27.50791 28.10703 28.87561 29.81391 30.72602 31.42468 31.96466 32.41649 32.80705 33.14553 33.43837 33.68891 33.90142 34.07833 34.22299 34.33720 34.42353
3.713617 4.091646 4.526130 5.027660 5.609619 6.288478 7.085680 8.028172 9.151054 10.49158 12.05751 13.71875 15.24478 16.54123 17.62779 18.54271 19.31917 19.98327 20.55510 21.05082 21.48298 21.86222 22.19677 22.49397 22.75942 22.99842 23.21491 23.41286 23.59514 23.76492 23.92438 24.07623 24.22228 24.36506 24.50625 24.64848 24.79355 24.94455 25.10375 25.27516 25.46214 25.67050 25.90583 26.17759 26.49636 26.87994 27.35120 27.94810 28.71439 29.65037 30.56013 31.25639 31.79401 32.24356 32.63193 32.96834 33.25925 33.50803 33.71896 33.89446 34.03792 34.15115 34.23669
3.679826 4.054166 4.484599 4.981709 5.558881 6.232594 7.024314 7.961026 9.077884 10.41219 11.97177 13.62661 15.14630 16.43655 17.51710 18.42625 19.19724 19.85620 20.42322 20.91450 21.34258 21.71806 22.04919 22.34326 22.60586 22.84226 23.05637 23.25213 23.43238 23.60028 23.75797 23.90814 24.05258 24.19379 24.33342 24.47409 24.61760 24.76696 24.92449 25.09413 25.27923 25.48559 25.71879 25.98828 26.30463 26.68563 27.15418 27.74825 28.51157 29.44449 30.35116 31.04437 31.57898 32.02559 32.41114 32.74489 33.03333 33.27985 33.48875 33.66248 33.80443 33.91639 34.00093
