T3-twomodels/model150.grd
DSAA
         100         100
  -15.00000       15.00000    
  -15.00000       15.00000    
   1.273978       34.09593    
[rows 56 to 83 of 100, columns 0 to 62 of 100]
5.337693 5.704926 6.135033 6.639427 7.233101 7.934314 8.767435 9.762833 10.95861 12.38512 13.99624 15.58392 16.96701 18.12552 19.09353 19.90852 20.59920 21.18905 21.69537 22.13279 22.51225 22.84332 23.13327 23.38859 23.61425 23.81480 23.99371 24.15426 24.29894 24.43018 24.54982 24.65969 24.76125 24.85596 24.94500 25.02963 25.11094 25.19011 25.26826 25.34665 25.42666 25.50987 25.59826 25.69422 25.80109 25.92334 26.06781 26.24501 26.47263 26.77779 27.17999 27.64938 28.13680 28.61708 29.08047 29.52350 29.94462 30.34322 30.71888 31.07132 31.40021 31.70511 31.98558
5.280087 5.642444 6.067123 6.565526 7.152655 7.846784 8.672323 9.659699 10.84711 12.26500 13.86737 15.44629 16.82077 17.97091 18.93090 19.73829 20.42186 21.00511 21.50537 21.93724 22.31167 22.63821 22.92406 23.17572 23.39809 23.59570 23.77197 23.93016 24.07272 24.20205 24.31994 24.42825 24.52836 24.62173 24.70953 24.79298 24.87317 24.95125 25.02832 25.10564 25.18456 25.26666 25.35387 25.44860 25.55415 25.67498 25.81791 25.99345 26.21928 26.52248 26.92258 27.38970 27.87471 28.35245 28.81318 29.25344 29.67171 30.06739 30.44012 30.78962 31.11562 31.41770 31.69546
5.213449 5.570012 5.988211 6.479422 7.058638 7.744155 8.560426 9.537956 10.71505 12.12230 13.71388 15.28201 16.64586 17.78571 18.73586 19.53400 20.20894 20.78423 21.27722 21.70250 22.07099 22.39218 22.67325 22.92063 23.13918 23.33339 23.50663 23.66210 23.80223 23.92936 24.04528 24.15179 24.25026 24.34211 24.42849 24.51061 24.58953 24.66636 24.74221 24.81830 24.89598 24.97678 25.06264 25.15593 25.25993 25.37909 25.52020 25.69375 25.91741 26.21825 26.61579 27.08016 27.56222 28.03682 28.49424 28.93106 29.34578 29.73785 30.10693 30.45279 30.77519 31.07378 31.34818
5.137509 5.487283 5.897832 6.380493 6.950242 7.625386 8.430415 9.395936 10.56039 11.95454 13.53278 15.08759 16.43837 17.56561 18.50380 19.29072 19.95530 20.52110 21.00549 21.42301 21.78454 22.09953 22.37508 22.61756 22.83175 23.02208 23.19188 23.34428 23.48166 23.60634 23.72005 23.82454 23.92117 24.01132 24.09613 24.17676 24.25424 24.32969 24.40417 24.47888 24.55515 24.63448 24.71880 24.81043 24.91265 25.02985 25.16882 25.34001 25.56107 25.85906 26.25348 26.71447 27.19289 27.66362 28.11697 28.54955 28.95988 29.34748 29.71205 30.05342 30.37139 30.66567 30.93593
5.052005 5.393897 5.795502 6.268089 6.826588 7.489295 8.280749 9.231650 10.38062 11.75869 13.32055 14.85898 16.19372 17.30556 18.22921 19.00262 19.65482 20.20938 20.68366 21.09215 21.44565 21.75352 22.02277 22.25968 22.46896 22.65495 22.82088 22.96987 23.10421 23.22616 23.33741 23.43969 23.53429 23.62258 23.70564 23.78462 23.86053 23.93445 24.00741 24.08060 24.15529 24.23298 24.31555 24.40531 24.50547 24.62042 24.75688 24.92529 25.14325 25.43782 25.82846 26.28533 26.75930 27.22526 27.67357 28.10088 28.50580 28.88787 29.24689 29.58272 29.89526 30.18425 30.44946
4.956695 5.289528 5.680762 6.141565 6.686771 7.334636 8.109717 9.042839 10.17283 11.53105 13.07259 14.59075 15.90572 16.99871 17.90472 18.66191 19.29937 19.84071 20.30320 20.70127 21.04557 21.34535 21.60749 21.83816 22.04196 22.22312 22.38480 22.53003 22.66101 22.77998 22.88855 22.98841 23.08080 23.16705 23.24822 23.32542 23.39961 23.47185 23.54316 23.61466 23.68763 23.76350 23.84412 23.93176 24.02958 24.14193 24.27548 24.44060 24.65487 24.94529 25.33131 25.78310 26.25154 26.71159 27.15364 27.57442 27.97261 28.34785 28.70000 29.02904 29.33491 29.61746 29.87650
4.851391 5.173902 5.553214 6.000316 6.529899 7.160108 7.915477 8.826929 9.933565 11.26718 12.78351 14.27650 15.56703 16.63686 17.52145 18.25916 18.87916 19.40501 19.85388 20.24000 20.57386 20.86454 21.11875 21.34250 21.54024 21.71610 21.87314 22.01426 22.14161 22.25735 22.36302 22.46026 22.55027 22.63433 22.71346 22.78873 22.86108 22.93152 23.00103 23.07071 23.14178 23.21565 23.29412 23.37938 23.47457 23.58393 23.71408 23.87533 24.08517 24.37056 24.75093 25.19644 25.65800 26.11062 26.54482 26.95744 27.34724 27.71400 28.05768 28.37836 28.67609 28.95079 29.20237
4.735990 5.046850 5.412568 5.843876 6.355200 6.964479 7.696127 8.581114 9.658834 10.96167 12.44622 13.90754 15.16754 16.20881 17.06732 17.78169 18.38109 18.88892 19.32212 19.69468 20.01682 20.29736 20.54280 20.75895 20.95008 21.12019 21.27218 21.40888 21.53233 21.64459 21.74716 21.84161 21.92908 22.01081 22.08776 22.16097 22.23135 22.29986 22.36744 22.43516 22.50418 22.57588 22.65196 22.73460 22.82681 22.93277 23.05898 23.21564 23.42013 23.69933 24.07263 24.51018 24.96299 25.40620 25.83044 26.23274 26.61202 26.96820 27.30141 27.61184 27.89965 28.16486 28.40747
4.610520 4.908375 5.258749 5.671999 6.162144 6.746739 7.449881 8.302453 9.344114 10.60805 12.05222 13.47329 14.69481 15.70060 16.52732 17.21377 17.78897 18.27600 18.69137 19.04868 19.35778 19.62715 19.86299 20.07087 20.25487 20.41878 20.56538 20.69735 20.81664 20.92521 21.02450 21.11598 21.20077 21.28002 21.35468 21.42572 21.49401 21.56047 21.62601 21.69163 21.75846 21.82780 21.90130 21.98103 22.06991 22.17200 22.29362 22.44482 22.64280 22.91430 23.27863 23.70598 24.14749 24.57850 24.98993 25.37904 25.74503 26.08800 26.40825 26.70613 26.98192 27.23573 27.46764
4.475186 4.758692 5.091954 5.484794 5.950620 6.506314 7.175346 7.988157 8.984486 10.19846 11.59007 12.95887 14.13115 15.09257 15.88052 16.53375 17.08076 17.54400 17.93931 18.27969 18.57445 18.83165 19.05712 19.25612 19.43248 19.58980 19.73067 19.85764 19.97254 20.07723 20.17306 20.26143 20.34340 20.42007 20.49231 20.56108 20.62718 20.69149 20.75486 20.81827 20.88277 20.94958 21.02029 21.09685 21.18203 21.27972 21.39602 21.54069 21.73063 21.99231 22.34488 22.75865 23.18507 23.59993 23.99458 24.36670 24.71579 25.04224 25.34653 25.62916 25.89050 26.13076 26.35007
4.330424 4.598322 4.912775 5.282881 5.721168 6.243448 6.872005 7.636157 8.575081 9.723840 11.04567 12.34520 13.45357 14.35921 15.10005 15.71410 16.22870 16.66513 17.03819 17.36001 17.63923 17.88334 18.09773 18.28730 18.45558 18.60595 18.74081 18.86254 18.97285 19.07349 19.16571 19.25086 19.32988 19.40386 19.47360 19.54000 19.60381 19.66588 19.72701 19.78808 19.85012 19.91427 19.98199 20.05510 20.13622 20.22897 20.33912 20.47595 20.65582 20.90463 21.24131 21.63640 22.04206 22.43499 22.80735 23.15740 23.48506 23.79098 24.07580 24.34012 24.58438 24.80880 25.01354
4.177021 4.428218 4.722347 5.067605 5.475301 5.959688 6.541024 7.246272 8.112449 9.174441 10.40031 11.60501 12.62916 13.46481 14.14911 14.71777 15.19582 15.60259 15.95141 16.25325 16.51589 16.74612 16.94883 17.12851 17.28835 17.43148 17.56008 17.67638 17.78193 17.87839 17.96688 18.04868 18.12467 18.19587 18.26302 18.32697 18.38843 18.44818 18.50696 18.56563 18.62510 18.68644 18.75101 18.82045 18.89716 18.98443 19.08753 19.21499 19.38207 19.61344 19.92737 20.29524 20.67119 21.03377 21.37637 21.69795 21.99878 22.27965 22.54122 22.78407 23.00857 23.21492 23.40319
4.016236 4.249884 4.522510 4.841216 5.215794 5.658388 6.186257 6.822165 7.597794 8.544067 9.635034 10.70729 11.62071 12.37036 12.98873 13.50632 13.94425 14.31902 14.64201 14.92275 15.16799 15.38376 15.57433 15.74375 15.89489 16.03055 16.15272 16.26343 16.36411 16.45625 16.54093 16.61929 16.69219 16.76053 16.82503 16.88647 16.94551 17.00288 17.05927 17.11545 17.17228 17.23071 17.29198 17.35756 17.42957 17.51088 17.60609 17.72255 17.87349 18.08067 18.36057 18.68726 19.02009 19.34102 19.64485 19.93088 20.19930 20.45070 20.68548 20.90400 21.10644 21.29280 21.46302
3.850138 4.065735 4.316104 4.607205 4.947017 5.345264 5.815248 6.373872 7.043320 7.843070 8.749861 9.643177 10.41886 11.06886 11.61432 12.07686 12.47236 12.81360 13.10979 13.36871 13.59608 13.79698 13.97516 14.13410 14.27636 14.40440 14.52003 14.62504 14.72076 14.80852 14.88931 14.96419 15.03393 15.09937 15.16117 15.22006 15.27664 15.33158 15.38553 15.43917 15.49329 15.54875 15.60664 15.66824 15.73536 15.81041 15.89711 16.00127 16.13285 16.30767 16.53744 16.80397 17.07818 17.34625 17.60334 17.84805 18.07981 18.29851 18.50405 18.69631 18.87514 19.04028 19.19145
3.681919 3.879330 4.107229 4.370462 4.675067 5.028316 5.439248 5.918439 6.477098 7.120074 7.824362 8.521675 9.150900 9.697283 10.16796 10.57440 10.92688 11.23418 11.50332 11.74021 11.94958 12.13549 12.30119 12.44955 12.58288 12.70323 12.81228 12.91154 13.00226 13.08559 13.16248 13.23382 13.30038 13.36288 13.42197 13.47827 13.53236 13.58486 13.63633 13.68741 13.73880 13.79126 13.84572 13.90330 13.96547 14.03417 14.11220 14.20368 14.31491 14.45442 14.62768 14.82680 15.03710 15.24879 15.45682 15.65859 15.85256 16.03774 16.21338 16.37889 16.53372 16.67734 16.80921
3.515209 3.694656 3.900468 4.136354 4.406643 4.716279 5.070689 5.475157 5.933013 6.440822 6.980223 7.516673 8.017951 8.469320 8.869298 9.221907 9.532588 9.806760 10.04931 10.26452 10.45609 10.62717 10.78048 10.91835 11.04278 11.15548 11.25795 11.35148 11.43720 11.51610 11.58907 11.65688 11.72024 11.77980 11.83615 11.88986 11.94146 11.99149 12.04048 12.08901 12.13767 12.18713 12.23820 12.29179 12.34909 12.41159 12.48129 12.56087 12.65386 12.76415 12.89380 13.04031 13.19782 13.36067 13.52472 13.68710 13.84582 13.99934 14.14653 14.28639 14.41810 14.54089 14.65403
3.352726 3.514804 3.699407 3.909217 4.147167 4.416301 4.719447 5.058478 5.432855 5.837194 6.258887 6.679411 7.081031 7.452673 7.790175 8.093679 8.365378 8.608237 8.825361 9.019713 9.194011 9.350678 9.491864 9.619460 9.735123 9.840298 9.936261 10.02413 10.10488 10.17940 10.24846 10.31276 10.37294 10.42957 10.48319 10.53431 10.58342 10.63099 10.67752 10.72350 10.76946 10.81598 10.86372 10.91345 10.96609 11.02275 11.08481 11.15397 11.23215 11.32118 11.42193 11.53360 11.65386 11.77981 11.90874 12.03836 12.16680 12.29252 12.41423 12.53082 12.64130 12.74480 12.84047
3.196159 3.341763 3.506426 3.691991 3.900317 4.133090 4.391488 4.675591 4.983508 5.310333 5.647650 5.984600 6.310640 6.618043 6.902604 7.162939 7.399450 7.613498 7.806890 7.981564 8.139427 8.282284 8.411788 8.529440 8.636582 8.734417 8.824015 8.906325 8.982200 9.052396 9.117602 9.178431 9.235449 9.289173 9.340088 9.388645 9.435288 9.480442 9.524536 9.568010 9.611326 9.654978 9.699515 9.745553 9.793806 9.845095 9.900373 9.960704 10.02719 10.10076 10.18186 10.27020 10.36475 10.46401 10.56634 10.67015 10.77395 10.87641 10.97636 11.07270 11.16447 11.25074 11.33068
3.046520 3.176763 3.323021 3.486496 3.668279 3.869169 4.089404 4.328275 4.583668 4.851662 5.126524 5.401419 5.669649 5.925824 6.166424 6.389681 6.595150 6.783256 6.954928 7.111355 7.253829 7.383640 7.502034 7.610171 7.709122 7.799868 7.883295 7.960199 8.031311 8.097282 8.158708 8.216127 8.270041 8.320906 8.369153 8.415185 8.459397 8.502168 8.543875 8.584904 8.625648 8.666534 8.708012 8.750573 8.794769 8.841208 8.890545 8.943471 9.000648 9.062596 9.129568 9.201440 9.277704 9.357530 9.439912 9.523765 9.607999 9.691558 9.773438 9.852690 9.928416 9.999764 10.06592
2.904409 3.020526 3.150050 3.293717 3.452095 3.625442 3.813518 4.015350 4.229007 4.451476 4.678762 4.906290 5.129558 5.344757 5.549109 5.740921 5.919417 6.084520 6.236614 6.376370 6.504622 6.622265 6.730209 6.829337 6.920490 7.004450 7.081942 7.153633 7.220130 7.281995 7.339738 7.393831 7.444707 7.492771 7.538405 7.581964 7.623796 7.664236 7.703616 7.742270 7.780540 7.818778 7.857358 7.896677 7.937155 7.979244 8.023406 8.070107 8.119758 8.172678 8.229020 8.288717 8.351472 8.416795 8.484038 8.552461 8.621264 8.689634 8.756760 8.821837 8.884087 8.942745 8.997070
2.770119 2.873398 2.987886 3.113993 3.251953 3.401715 3.562823 3.734284 3.914461 4.101048 4.291166 4.481646 4.669353 4.851518 5.025983 5.191272 5.346540 5.491463 5.626106 5.750801 5.866054 5.972463 6.070679 6.161358 6.245147 6.322665 6.394496 6.461188 6.523250 6.581150 6.635329 6.686192 6.734115 6.779452 6.822536 6.863684 6.903197 6.941371 6.978496 7.014861 7.050756 7.086479 7.122335 7.158646 7.195735 7.233939 7.273593 7.315017 7.358481 7.404185 7.452218 7.502542 7.554972 7.609185 7.664739 7.721109 7.777706 7.833901 7.889047 7.942481 7.993539 8.041562 8.085893
2.643722 2.735441 2.836539 2.947207 3.067473 3.197124 3.335634 3.482086 3.635136 3.793013 3.953615 4.114641 4.273819 4.429113 4.578853 4.721799 4.857154 4.984492 5.103704 5.214907 5.318378 5.414507 5.503741 5.586558 5.663451 5.734897 5.801365 5.863298 5.921116 5.975215 6.025962 6.073707 6.118773 6.161467 6.202080 6.240887 6.278153 6.314136 6.349086 6.383252 6.416883 6.450227 6.483538 6.517067 6.551075 6.585814 6.621530 6.658444 6.696744 6.736562 6.777953 6.820880 6.865207 6.910709 6.957073 7.003912 7.050779 7.097186 7.142612 7.186519 7.228344 7.267529 7.303500
2.525128 2.606512 2.695763 2.792929 2.897920 3.010448 3.129987 3.255735 3.386593 3.521189 3.657935 3.795142 3.931140 4.064383 4.193564 4.317670 4.435979 4.548055 4.653692 4.752880 4.845748 4.932532 5.013529 5.089081 5.159553 5.225313 5.286731 5.344161 5.397945 5.448413 5.495876 5.540626 5.582942 5.623087 5.661315 5.697861 5.732959 5.766830 5.799693 5.831759 5.863239 5.894343 5.925278 5.956247 5.987456 6.019099 6.051355 6.084388 6.118324 6.153250 6.189194 6.226127 6.263950 6.302491 6.341510 6.380714 6.419756 6.458251 6.495775 6.531887 6.566119 6.597996 6.627025
2.414123 2.486315 2.565131 2.650531 2.742357 2.840300 2.943869 3.052374 3.164925 3.280448 3.397738 3.515505 3.632475 3.747473 3.859473 3.967645 4.071365 4.170212 4.263947 4.352483 4.435853 4.514185 4.587671 4.656547 4.721078 4.781544 4.838230 4.891419 4.941390 4.988411 5.032742 5.074629 5.114309 5.152008 5.187941 5.222316 5.255331 5.287177 5.318042 5.348109 5.377555 5.406554 5.435279 5.463894 5.492561 5.521430 5.550638 5.580302 5.610511 5.641325 5.672760 5.704780 5.737300 5.770188 5.803257 5.836276 5.868968 5.901023 5.932099 5.961827 5.989820 6.015671 6.038963
2.310410 2.374460 2.444112 2.519275 2.599761 2.685261 2.775337 2.869402 2.966728 3.066465 3.167667 3.269353 3.370552 3.470339 3.567899 3.662552 3.753764 3.841151 3.924466 4.003582 4.078475 4.149196 4.215861 4.278628 4.337687 4.393244 4.445518 4.494735 4.541114 4.584877 4.626235 4.665399 4.702564 4.737923 4.771660 4.803953 4.834974 4.864886 4.893848 4.922018 4.949543 4.976572 5.003244 5.029696 5.056053 5.082434 5.108941 5.135663 5.162662 5.189973 5.217601 5.245514 5.273646 5.301882 5.330072 5.358028 5.385526 5.412311 5.438101 5.462591 5.485452 5.506344 5.524909
2.213645 2.270502 2.332121 2.398384 2.469092 2.543957 2.622588 2.704490 2.789069 2.875645 2.963483 3.051802 3.139830 3.226850 3.312208 3.395347 3.475813 3.553263 3.627460 3.698260 3.765600 3.829487 3.889979 3.947178 4.001214 4.052239 4.100419 4.145926 4.188938 4.229631 4.268182 4.304760 4.339534 4.372665 4.404310 4.434617 4.463735 4.491803 4.518958 4.545332 4.571051 4.596236 4.621005 4.645466 4.669722 4.693865 4.717973 4.742111 4.766323 4.790633 4.815040 4.839508 4.863972 4.888343 4.912494 4.936270 4.959487 4.981933 5.003373 5.023550 5.042188 5.059000 5.073680
2.123448 2.173959 2.228543 2.287066 2.349335 2.415083 2.483968 2.555573 2.629408 2.704923 2.781519 2.858591 2.935536 3.011769 3.086763 3.160056 3.231265 3.300088 3.366304 3.429765 3.490387 3.548148 3.603068 3.655205 3.704645 3.751499 3.795889 3.837947 3.877812 3.915626 3.951532 3.985670 4.018179 4.049194 4.078848 4.107267 4.134577 4.160895 4.186339 4.211018 4.235039 4.258503 4.281508 4.304141 4.326483 4.348608 4.370576 4.392434 4.414213 4.435925 4.457559 4.479087 4.500457 4.521584 4.542363 4.562664 4.582329 4.601183 4.619029 4.635647 4.650808 4.664264 4.675756
2.039430 2.084352 2.132776 2.184566 2.239536 2.297446 2.358001 2.420846 2.485575 2.551741 2.618871 2.686463 2.754026 2.821095 2.887242 2.952084 3.015296 3.076615 3.135838 3.192821 3.247472 3.299749 3.349646 3.397192 3.442441 3.485466 3.526358 3.565217 3.602151 3.637272 3.670695 3.702534 3.732904 3.761918 3.789686 3.816315 3.841910 3.866571 3.890398 3.913481 3.935910 3.957770 3.979141 4.000093 4.020691 4.040993 4.061047 4.080883 4.100526 4.119981 4.139237 4.158262 4.177003 4.195392 4.213336 4.230728 4.247432 4.263300 4.278163 4.291840 4.304132 4.314827 4.323707
