T3-twomodels/model150.grd
DSAA
         100         100
  -15.00000       15.00000    
  -15.00000       15.00000    
  0.5437307       33.61594    
[rows 0 to 27 of 100, columns 0 to 62 of 100]
0.5683940 0.5849504 0.6017945 0.6189030 0.6362505 0.6538094 0.6715502 0.6894410 0.7074487 0.7255389 0.7436743 0.7618189 0.7799418 0.7980058 0.8159747 0.8338137 0.8514898 0.8689718 0.8862300 0.9032368 0.9199668 0.9363972 0.9525070 0.9682784 0.9836951 0.9987436 1.013412 1.027691 1.041574 1.055053 1.068125 1.080786 1.093035 1.104869 1.116291 1.127297 1.137890 1.148069 1.157836 1.167189 1.176130 1.184656 1.192766 1.200458 1.207728 1.214571 1.220982 1.226953 1.232475 1.237537 1.242130 1.246245 1.249865 1.252972 1.255552 1.257586 1.259057 1.259943 1.260226 1.259883 1.258894 1.257238 1.254894
0.5945122 0.6122816 0.6303765 0.6487711 0.6674376 0.6863451 0.7054603 0.7247473 0.7441693 0.7636870 0.7832628 0.8028556 0.8224201 0.8419164 0.8613068 0.8805522 0.8996157 0.9184619 0.9370581 0.9553732 0.9733796 0.9910524 1.008369 1.025310 1.041859 1.058001 1.073725 1.089021 1.103884 1.118306 1.132286 1.145820 1.158908 1.171551 1.183750 1.195505 1.206819 1.217694 1.228132 1.238133 1.247698 1.256828 1.265523 1.273779 1.281594 1.288964 1.295882 1.302343 1.308336 1.313854 1.318882 1.323402 1.327402 1.330866 1.333775 1.336109 1.337846 1.338964 1.339439 1.339247 1.338364 1.336765 1.334426
0.6221954 0.6412916 0.6607568 0.6805629 0.7006786 0.7210695 0.7416983 0.7625245 0.7835060 0.8045981 0.8257536 0.8469262 0.8680742 0.8891506 0.9101084 0.9309038 0.9514946 0.9718411 0.9919066 1.011657 1.031061 1.050092 1.068726 1.086942 1.104722 1.122051 1.138919 1.155317 1.171238 1.186678 1.201635 1.216109 1.230100 1.243611 1.256644 1.269203 1.281291 1.292912 1.304069 1.314766 1.325004 1.334785 1.344109 1.352976 1.361383 1.369326 1.376799 1.383795 1.390305 1.396313 1.401811 1.406786 1.411219 1.415088 1.418373 1.421052 1.423100 1.424491 1.425199 1.425195 1.424452 1.422940 1.420631
0.6515588 0.6721082 0.6930775 0.7144352 0.7361467 0.7581732 0.7804727 0.8029998 0.8257059 0.8485410 0.8714557 0.8943962 0.9173045 0.9401291 0.9628199 0.9853271 1.007603 1.029603 1.051286 1.072613 1.093550 1.114069 1.134142 1.153748 1.172868 1.191489 1.209598 1.227187 1.244252 1.260790 1.276801 1.292285 1.307246 1.321689 1.335617 1.349038 1.361956 1.374377 1.386307 1.397751 1.408713 1.419196 1.429201 1.438729 1.447778 1.456345 1.464424 1.472009 1.479089 1.485655 1.491690 1.497172 1.502087 1.506414 1.510128 1.513204 1.515614 1.517328 1.518317 1.518546 1.517983 1.516596 1.514349
0.6827334 0.7048784 0.7275016 0.7505690 0.7740416 0.7978757 0.8220242 0.8464352 0.8710536 0.8958213 0.9206765 0.9455585 0.9704117 0.9951745 1.019786 1.044189 1.068329 1.092155 1.115621 1.138684 1.161307 1.183457 1.205106 1.226231 1.246812 1.266836 1.286291 1.305172 1.323474 1.341197 1.358343 1.374915 1.390918 1.406361 1.421251 1.435595 1.449403 1.462683 1.475443 1.487690 1.499430 1.510669 1.521410 1.531653 1.541400 1.550647 1.559390 1.567621 1.575329 1.582499 1.589117 1.595171 1.600636 1.605484 1.609690 1.613225 1.616058 1.618154 1.619478 1.619993 1.619661 1.618442 1.616298
0.7158583 0.7397574 0.7642032 0.7891577 0.8145782 0.8404152 0.8666152 0.8931188 0.9198632 0.9467821 0.9738092 1.000874 1.027901 1.054820 1.081566 1.108073 1.134280 1.160128 1.185565 1.210543 1.235021 1.258964 1.282340 1.305125 1.327301 1.348852 1.369771 1.390051 1.409691 1.428693 1.447061 1.464803 1.481927 1.498443 1.514363 1.529698 1.544460 1.558661 1.572310 1.585420 1.597998 1.610052 1.621587 1.632607 1.643113 1.653103 1.662572 1.671514 1.679919 1.687774 1.695062 1.701754 1.707834 1.713273 1.718043 1.722109 1.725435 1.727982 1.729709 1.730574 1.730531 1.729537 1.727544
0.7510833 0.7769147 0.8033728 0.8304161 0.8579963 0.8860580 0.9145401 0.9433750 0.9724898 1.001808 1.031247 1.060725 1.090168 1.119492 1.148617 1.177468 1.205972 1.234064 1.261684 1.288780 1.315304 1.341219 1.366491 1.391095 1.415012 1.438228 1.460737 1.482534 1.503621 1.524004 1.543691 1.562691 1.581019 1.598687 1.615712 1.632108 1.647892 1.663080 1.677684 1.691721 1.705200 1.718133 1.730528 1.742389 1.753721 1.764522 1.774789 1.784515 1.793688 1.802291 1.810309 1.817725 1.824508 1.830624 1.836042 1.840722 1.844624 1.847704 1.849913 1.851203 1.851523 1.850818 1.849036
0.7885745 0.8165385 0.8452233 0.8745828 0.9045635 0.9351030 0.9661312 0.9975705 1.029337 1.061342 1.093496 1.125702 1.157861 1.189877 1.221662 1.253128 1.284194 1.314782 1.344827 1.374268 1.403054 1.431143 1.458499 1.485097 1.510917 1.535949 1.560187 1.583629 1.606284 1.628157 1.649264 1.669617 1.689237 1.708140 1.726349 1.743882 1.760762 1.777006 1.792635 1.807666 1.822116 1.835996 1.849320 1.862095 1.874326 1.886015 1.897158 1.907749 1.917779 1.927234 1.936090 1.944318 1.951892 1.958780 1.964943 1.970336 1.974912 1.978620 1.981406 1.983212 1.983979 1.983645 1.982149
0.8285098 0.8588317 0.8899853 0.9219201 0.9545758 0.9878827 1.021760 1.056118 1.090860 1.125882 1.161072 1.196319 1.231518 1.266556 1.301324 1.335721 1.369649 1.403024 1.435768 1.467813 1.499103 1.529592 1.559243 1.588029 1.615934 1.642946 1.669065 1.694293 1.718642 1.742125 1.764760 1.786569 1.807576 1.827804 1.847280 1.866030 1.884081 1.901458 1.918185 1.934285 1.949777 1.964681 1.979011 1.992778 2.005990 2.018650 2.030757 2.042306 2.053285 2.063673 2.073452 2.082603 2.091086 2.098860 2.105882 2.112103 2.117469 2.121920 2.125394 2.127825 2.129143 2.129277 2.128155
0.8710801 0.9040141 0.9379109 0.9727153 1.008361 1.044767 1.081842 1.119483 1.157576 1.196000 1.234630 1.273334 1.311973 1.350417 1.388543 1.426232 1.463372 1.499864 1.535619 1.570563 1.604632 1.637775 1.669956 1.701147 1.731334 1.760509 1.788675 1.815841 1.842024 1.867244 1.891526 1.914898 1.937392 1.959038 1.979871 1.999923 2.019228 2.037817 2.055720 2.072966 2.089582 2.105589 2.121008 2.135852 2.150135 2.163861 2.177032 2.189642 2.201681 2.213135 2.223978 2.234170 2.243682 2.252470 2.260485 2.267670 2.273961 2.279290 2.283586 2.286771 2.288766 2.289486 2.288847
0.9164957 0.9523286 0.9892800 1.027290 1.066285 1.106173 1.146850 1.188195 1.230075 1.272347 1.314855 1.357444 1.399965 1.442261 1.484179 1.525579 1.566332 1.606322 1.645448 1.683625 1.720782 1.756867 1.791841 1.825678 1.858366 1.889904 1.920299 1.949568 1.977735 2.004829 2.030883 2.055934 2.080022 2.103186 2.125470 2.146913 2.167558 2.187443 2.206607 2.225084 2.242907 2.260104 2.276703 2.292720 2.308173 2.323070 2.337415 2.351204 2.364425 2.377057 2.389076 2.400460 2.411157 2.421116 2.430283 2.438590 2.445967 2.452336 2.457613 2.461708 2.464528 2.465977 2.465954
0.9649762 1.004032 1.044392 1.085992 1.128750 1.172563 1.217309 1.262849 1.309026 1.355670 1.402606 1.449644 1.496591 1.543260 1.589479 1.635080 1.679910 1.723837 1.766743 1.808534 1.849133 1.888483 1.926544 1.963295 1.998727 2.032846 2.065669 2.097220 2.127533 2.156647 2.184606 2.211459 2.237253 2.262041 2.285873 2.308802 2.330878 2.352148 2.372660 2.392457 2.411579 2.430063 2.447938 2.465233 2.481967 2.498153 2.513797 2.528898 2.543446 2.557427 2.570809 2.583543 2.595592 2.606902 2.617404 2.627024 2.635680 2.643280 2.649727 2.654918 2.658744 2.661093 2.661847
1.016763 1.059408 1.103579 1.149210 1.196207 1.244457 1.293818 1.344127 1.395199 1.446831 1.498803 1.550889 1.602873 1.654530 1.705643 1.756014 1.805464 1.853835 1.900996 1.946837 1.991277 2.034255 2.075734 2.115695 2.154139 2.191080 2.226545 2.260571 2.293204 2.324495 2.354502 2.383284 2.410904 2.437426 2.462911 2.487424 2.511025 2.533775 2.555729 2.576941 2.597460 2.617331 2.636593 2.655280 2.673417 2.691024 2.708110 2.724676 2.740712 2.756194 2.771096 2.785386 2.799001 2.811876 2.823935 2.835094 2.845256 2.854316 2.862162 2.868672 2.873721 2.877176 2.878903
1.072107 1.118756 1.167199 1.217364 1.269153 1.322435 1.377048 1.432802 1.489475 1.546825 1.604594 1.662510 1.720287 1.777658 1.834368 1.890179 1.944879 1.998285 2.050244 2.100635 2.149369 2.196386 2.241652 2.285154 2.326905 2.366930 2.405272 2.441981 2.477119 2.510754 2.542958 2.573806 2.603376 2.631746 2.658993 2.685193 2.710419 2.734746 2.758241 2.780969 2.802990 2.824360 2.845126 2.865331 2.885010 2.904186 2.922876 2.941083 2.958800 2.976012 2.992680 3.008748 3.024164 3.038855 3.052734 3.065700 3.077642 3.088437 3.097953 3.106051 3.112582 3.117394 3.120329
1.131277 1.182397 1.235634 1.290915 1.348133 1.407143 1.467758 1.529752 1.592863 1.656797 1.721230 1.785829 1.850268 1.914214 1.977351 2.039391 2.100083 2.159209 2.216596 2.272110 2.325655 2.377173 2.426637 2.474047 2.519428 2.562824 2.604294 2.643909 2.681751 2.717906 2.752465 2.785522 2.817172 2.847509 2.876629 2.904622 2.931579 2.957586 2.982726 3.007077 3.030712 3.053700 3.076101 3.097966 3.119339 3.140254 3.160732 3.180783 3.200398 3.219553 3.238215 3.256344 3.273860 3.290674 3.306688 3.321784 3.335833 3.348693 3.360208 3.370215 3.378543 3.385013 3.389440
1.194550 1.250671 1.309298 1.370362 1.433750 1.499300 1.566799 1.635979 1.706527 1.778084 1.850266 1.922659 1.994836 2.066392 2.136946 2.206151 2.273703 2.339351 2.402895 2.464187 2.523130 2.579670 2.633792 2.685514 2.734879 2.781956 2.826827 2.869588 2.910343 2.949202 2.986281 3.021693 3.055557 3.087987 3.119095 3.148993 3.177786 3.205580 3.232474 3.258562 3.283932 3.308668 3.332844 3.356524 3.379765 3.402612 3.425092 3.447222 3.468998 3.490407 3.511402 3.531910 3.551864 3.571164 3.589690 3.607306 3.623858 3.639179 3.653089 3.665395 3.675897 3.684386 3.690647
1.262211 1.323929 1.388626 1.456240 1.526658 1.599702 1.675128 1.752621 1.831803 1.912233 1.993423 2.074860 2.156038 2.236444 2.315601 2.393082 2.468523 2.541630 2.612176 2.680000 2.745007 2.807154 2.866445 2.922923 2.976660 3.027753 3.076316 3.122475 3.166363 3.208121 3.247891 3.285813 3.322028 3.356675 3.389890 3.421804 3.452545 3.482237 3.510998 3.538943 3.566177 3.592801 3.618907 3.644578 3.669883 3.694880 3.719610 3.744095 3.768336 3.792305 3.815964 3.839258 3.862080 3.884311 3.905811 3.926418 3.945954 3.964218 3.980999 3.996073 4.009203 4.020146 4.028655
1.334548 1.402533 1.474071 1.549119 1.627567 1.709226 1.793818 1.880974 1.970235 2.061060 2.152850 2.244957 2.336712 2.427477 2.516666 2.603753 2.688303 2.769967 2.848492 2.923712 2.995537 3.063946 3.128972 3.190694 3.249221 3.304690 3.357255 3.407077 3.454331 3.499187 3.541823 3.582411 3.621119 3.658112 3.693553 3.727599 3.760399 3.792103 3.822850 3.852776 3.882011 3.910676 3.938884 3.966739 3.994330 4.021731 4.048999 4.076166 4.103241 4.130212 4.157020 4.183570 4.209764 4.235465 4.260499 4.284675 4.307776 4.329569 4.349799 4.368207 4.384512 4.398433 4.409681
1.411843 1.486844 1.566097 1.649592 1.737233 1.828825 1.924061 2.022505 2.123601 2.226676 2.330958 2.435622 2.539846 2.642810 2.743762 2.842055 2.937159 3.028671 3.116311 3.199913 3.279408 3.354810 3.426195 3.493690 3.557458 3.617686 3.674577 3.728343 3.779199 3.827361 3.873044 3.916453 3.957794 3.997264 4.035052 4.071345 4.106320 4.140151 4.173006 4.205045 4.236426 4.267295 4.297795 4.328051 4.358181 4.388281 4.418426 4.448665 4.479013 4.509441 4.539904 4.570317 4.600533 4.630374 4.659639 4.688093 4.715476 4.741509 4.765893 4.788315 4.808455 4.825979 4.840552
1.494359 1.577208 1.665162 1.758261 1.856444 1.959525 2.067167 2.178867 2.293948 2.411568 2.530757 2.650448 2.769534 2.886966 3.001800 3.113227 3.220609 3.323482 3.421550 3.514659 3.602780 3.685983 3.764406 3.838247 3.907736 3.973126 4.034685 4.092680 4.147383 4.199060 4.247969 4.294361 4.338475 4.380549 4.420805 4.459458 4.496722 4.532798 4.567885 4.602175 4.635857 4.669108 4.702105 4.735007 4.767965 4.801106 4.834533 4.868315 4.902483 4.937027 4.971871 5.006879 5.041895 5.076711 5.111069 5.144679 5.177226 5.208372 5.237760 5.265023 5.289783 5.311655 5.330252
1.582331 1.673945 1.771701 1.875721 1.986007 2.102406 2.224566 2.351915 2.483629 2.618646 2.755695 2.893374 3.030265 3.164984 3.296300 3.423199 3.544916 3.660928 3.770934 3.874824 3.972638 4.064528 4.150726 4.231522 4.307237 4.378209 4.444783 4.507300 4.566098 4.621498 4.673812 4.723341 4.770370 4.815173 4.858013 4.899141 4.938807 4.977244 5.014691 5.051372 5.087515 5.123341 5.159061 5.194885 5.231004 5.267590 5.304783 5.342684 5.381339 5.420723 5.460763 5.501326 5.542174 5.583030 5.623569 5.663435 5.702236 5.739563 5.774992 5.808088 5.838410 5.865512 5.888949
1.675945 1.777320 1.886098 2.002523 2.126707 2.258568 2.397777 2.543696 2.695336 2.851353 3.010098 3.169695 3.328189 3.483742 3.634764 3.779981 3.918484 4.049707 4.173385 4.289485 4.398166 4.499703 4.594461 4.682852 4.765318 4.842301 4.914246 4.981579 5.044713 5.104042 5.159939 5.212757 5.262833 5.310485 5.356022 5.399735 5.441911 5.482827 5.522758 5.561976 5.600750 5.639351 5.678048 5.717100 5.756764 5.797272 5.838821 5.881561 5.925565 5.970836 6.017252 6.064585 6.112558 6.160811 6.208919 6.256420 6.302832 6.347653 6.390378 6.430492 6.467487 6.500852 6.530077
1.775315 1.887516 2.008643 2.139126 2.279251 2.429078 2.588359 2.756428 2.932118 3.113718 3.299010 3.485432 3.670345 3.851235 4.025981 4.192986 4.351192 4.500035 4.639344 4.769240 4.890061 5.002269 5.106407 5.203056 5.292804 5.376230 5.453897 5.526333 5.594044 5.657500 5.717147 5.773397 5.826646 5.877264 5.925603 5.972003 6.016796 6.060303 6.102845 6.144742 6.186322 6.227913 6.269853 6.312480 6.356133 6.401134 6.447765 6.496251 6.546706 6.599115 6.653335 6.709096 6.765954 6.823394 6.880854 6.937742 6.993449 7.047367 7.098894 7.147435 7.192401 7.233217 7.269315
1.880458 2.004600 2.139496 2.285841 2.444195 2.614876 2.797824 2.992432 3.197379 3.410504 3.628835 3.848774 4.066508 4.278543 4.482061 4.675079 4.856437 5.025658 5.182781 5.328197 5.462511 5.586454 5.700814 5.806383 5.903944 5.994237 6.077965 6.155781 6.228294 6.296064 6.359614 6.419433 6.475971 6.529658 6.580898 6.630081 6.677588 6.723789 6.769061 6.813783 6.858343 6.903148 6.948621 6.995209 7.043363 7.093538 7.146156 7.201562 7.259960 7.321366 7.385530 7.451951 7.520022 7.589012 7.658139 7.726624 7.793710 7.858662 7.920776 7.979375 8.033799 8.083407 8.127580
1.991265 2.128480 2.278615 2.442741 2.621831 2.816630 3.027466 3.253977 3.494794 3.747238 4.007201 4.269473 4.528508 4.779264 5.017915 5.242070 5.450591 5.643291 5.820610 5.983363 6.132567 6.269322 6.394735 6.509877 6.615758 6.713321 6.803432 6.886883 6.964404 7.036657 7.104255 7.167758 7.227690 7.284538 7.338766 7.390817 7.441125 7.490120 7.538235 7.585916 7.633630 7.681876 7.731189 7.782151 7.835390 7.891556 7.951302 8.015184 8.083560 8.156428 8.233397 8.313715 8.396304 8.480038 8.563838 8.646698 8.727692 8.805968 8.880728 8.951224 9.016747 9.076608 9.130145
2.107469 2.258859 2.425698 2.609567 2.812041 3.034540 3.278103 3.542981 3.828079 4.130269 4.443917 4.761151 5.073275 5.372791 5.654581 5.915981 6.156226 6.375776 6.575782 6.757724 6.923204 7.073814 7.211076 7.336396 7.451069 7.556266 7.653047 7.742362 7.825074 7.901960 7.973725 8.041016 8.104427 8.164516 8.221806 8.276796 8.329984 8.381856 8.432913 8.483679 8.534712 8.586619 8.640082 8.695866 8.754837 8.817963 8.886270 8.960734 9.042045 9.130291 9.224670 9.323608 9.425319 9.528068 9.630369 9.730982 9.828845 9.923031 10.01270 10.09707 10.17542 10.24704 10.31127
2.228605 2.395183 2.580104 2.785614 3.014115 3.268049 3.549649 3.860452 4.200393 4.566391 4.950728 5.340913 5.722659 6.084294 6.419128 6.724823 7.001740 7.251623 7.476788 7.679698 7.862750 8.028172 8.177994 8.314032 8.437907 8.551054 8.654750 8.750120 8.838175 8.919813 8.995845 9.067004 9.133967 9.197357 9.257765 9.315753 9.371881 9.426700 9.480785 9.534746 9.589243 9.645019 9.702931 9.763983 9.829384 9.900573 9.979238 10.06716 10.16580 10.27541 10.39432 10.51926 10.64673 10.77407 10.89949 11.02168 11.13962 11.25241 11.35929 11.45951 11.55238 11.63723 11.71340
2.353966 2.536590 2.740786 2.969619 3.226576 3.515518 3.840542 4.205526 4.613010 5.061645 5.541856 6.032713 6.508145 6.949402 7.348943 7.706508 8.025051 8.308568 8.561146 8.786594 8.988331 9.169372 9.332344 9.479540 9.612943 9.734290 9.845090 9.946664 10.04017 10.12666 10.20703 10.28211 10.35267 10.41941 10.48297 10.54400 10.60311 10.66093 10.71811 10.77535 10.83343 10.89325 10.95587 11.02261 11.09513 11.17557 11.26670 11.37196 11.49478 11.63640 11.79259 11.95497 12.11692 12.27524 12.42856 12.57606 12.71706 12.85095 12.97711 13.09493 13.20381 13.30317 13.39238
