T3-twomodels/model90.grd
DSAA
         100         100
  -15.00000       15.00000    
  -15.00000       15.00000    
  0.6781838       35.18177    
[rows 56 to 83 of 100, columns 0 to 62 of 100]
3.549905 3.921371 4.348572 4.842123 5.415380 6.084884 6.872104 7.804128 8.916147 10.24562 11.80046 13.45082 14.96636 16.25297 17.33049 18.23741 19.00699 19.66553 20.23317 20.72621 21.15722 21.53694 21.87363 22.17475 22.44594 22.69265 22.91889 23.12887 23.32557 23.51251 23.69206 23.86740 24.04067 24.21502 24.39265 24.57703 24.77071 24.97789 25.20192 25.44827 25.72174 26.02994 26.38020 26.78395 27.25316 27.80625 28.46363 29.25278 30.18458 31.17818 31.97252 32.46981 32.81712 33.09534 33.32874 33.52346 33.68575 33.81795 33.92430 34.00623 34.06669 34.10637 34.12721
3.505013 3.871119 4.292382 4.779392 5.345488 6.007220 6.786085 7.709224 8.811911 10.13170 11.67664 13.31700 14.82264 16.09959 17.16778 18.06581 18.82703 19.47777 20.03818 20.52457 20.94951 21.32369 21.65534 21.95185 22.21884 22.46170 22.68438 22.89106 23.08467 23.26865 23.44539 23.61798 23.78853 23.96016 24.13502 24.31653 24.50724 24.71129 24.93200 25.17482 25.44451 25.74868 26.09465 26.49387 26.95831 27.50644 28.15873 28.94274 29.86941 30.85796 31.64748 32.14025 32.48335 32.75773 32.98768 33.17936 33.33901 33.46896 33.57345 33.65387 33.71317 33.75201 33.77235
3.453787 3.813611 4.227870 4.707108 5.264647 5.917030 6.685779 7.598096 8.689365 9.997279 11.53006 13.15820 14.65171 15.91679 16.97360 17.86083 18.61194 19.25331 19.80512 20.28365 20.70144 21.06915 21.39492 21.68612 21.94827 22.18671 22.40534 22.60825 22.79834 22.97899 23.15252 23.32199 23.48947 23.65800 23.82970 24.00795 24.19523 24.39566 24.61252 24.85120 25.11643 25.41583 25.75667 26.15040 26.60906 27.15112 27.79716 28.57481 29.49516 30.47755 31.26114 31.74830 32.08625 32.35596 32.58176 32.76979 32.92632 33.05362 33.15591 33.23456 33.29251 33.33037 33.35009
3.396173 3.748716 4.154798 4.624904 5.172301 5.813520 6.570099 7.469311 8.546657 9.840020 11.35783 12.97086 14.44943 15.70001 16.74295 17.61714 18.35612 18.98634 19.52798 19.99731 20.40679 20.76701 21.08606 21.37119 21.62786 21.86130 22.07537 22.27406 22.46021 22.63714 22.80709 22.97309 23.13711 23.30217 23.47033 23.64489 23.82830 24.02460 24.23704 24.47093 24.73098 25.02474 25.35949 25.74666 26.19832 26.73299 27.37135 28.14117 29.05367 30.02836 30.80461 31.28494 31.61663 31.88072 32.10155 32.28529 32.43812 32.56233 32.66208 32.73870 32.79508 32.83183 32.85085
3.332152 3.676342 4.072973 4.532427 5.067899 5.695858 6.437853 7.321217 8.381602 9.657135 11.15659 12.75109 14.21134 15.44418 16.47027 17.32871 18.05320 18.67022 19.19995 19.65858 20.05849 20.41017 20.72157 20.99986 21.25038 21.47826 21.68725 21.88127 22.06307 22.23589 22.40191 22.56407 22.72429 22.88552 23.04973 23.22019 23.39926 23.59092 23.79832 24.02674 24.28080 24.56799 24.89555 25.27490 25.71811 26.24379 26.87271 27.63284 28.53563 29.50086 30.26809 30.74001 31.06409 31.32143 31.53639 31.71507 31.86364 31.98429 32.08113 32.15543 32.21005 32.24553 32.26375
3.261761 3.596460 3.982255 4.429387 4.950909 5.563196 6.287754 7.151962 8.191648 9.445245 10.92195 12.49344 13.93102 15.14207 16.14764 16.98713 17.69435 18.29583 18.81167 19.25797 19.64695 19.98895 20.29178 20.56244 20.80613 21.02787 21.23128 21.42019 21.59723 21.76558 21.92731 22.08529 22.24136 22.39839 22.55829 22.72423 22.89849 23.08497 23.28671 23.50892 23.75611 24.03568 24.35482 24.72486 25.15790 25.67261 26.28991 27.03799 27.92863 28.88196 29.63794 30.09958 30.41446 30.66376 30.87181 31.04464 31.18831 31.30493 31.39849 31.47020 31.52283 31.55688 31.57422
3.185126 3.509136 3.882618 4.315593 4.820907 5.414748 6.118496 6.959541 7.973877 9.200328 10.64875 12.19161 13.60104 14.78519 15.76571 16.58234 17.26904 17.85229 18.35207 18.78425 19.16087 19.49202 19.78531 20.04754 20.28373 20.49877 20.69612 20.87948 21.05139 21.21490 21.37201 21.52548 21.67707 21.82957 21.98478 22.14579 22.31477 22.49552 22.69097 22.90619 23.14557 23.41639 23.72568 24.08472 24.50552 25.00682 25.60970 26.34267 27.21800 28.15642 28.89839 29.34730 29.65105 29.89081 30.09081 30.25695 30.39509 30.50719 30.59711 30.66595 30.71639 30.74889 30.76524
3.102468 3.414565 3.774186 4.191044 4.677654 5.249891 5.928877 6.741881 7.725011 8.917589 10.33033 11.83693 13.21091 14.36157 15.31138 16.10046 16.76284 17.32485 17.80616 18.22235 18.58509 18.90420 19.18697 19.43999 19.66805 19.87583 20.06666 20.24407 20.41048 20.56882 20.72099 20.86965 21.01645 21.16408 21.31425 21.46994 21.63319 21.80768 21.99619 22.20363 22.43421 22.69503 22.99292 23.33898 23.74510 24.22996 24.81483 25.52863 26.38433 27.30354 28.02772 28.46094 28.75127 28.97984 29.17063 29.32923 29.46123 29.56836 29.65429 29.72001 29.76809 29.79889 29.81417
3.014148 3.313109 3.657293 4.055982 4.521213 5.068333 5.717974 6.497026 7.441566 8.591412 9.958578 11.41873 12.74753 13.85613 14.76813 15.52403 16.15773 16.69514 17.15545 17.55367 17.90104 18.20690 18.47823 18.72128 18.94059 19.14061 19.32447 19.49557 19.65614 19.80902 19.95596 20.09952 20.24125 20.38372 20.52853 20.67852 20.83561 21.00331 21.18426 21.38313 21.60391 21.85343 22.13822 22.46909 22.85762 23.32233 23.88453 24.57365 25.40371 26.29792 26.99928 27.41290 27.68717 27.90285 28.08332 28.23363 28.35896 28.46072 28.54239 28.60476 28.65030 28.67930 28.69343
2.920663 3.205325 3.532536 3.911010 4.352090 4.870327 5.485460 6.223542 7.120138 8.215403 9.523085 10.92213 12.19216 13.24733 14.11266 14.82877 15.42894 15.93821 16.37488 16.75320 17.08371 17.37522 17.63423 17.86661 18.07660 18.26841 18.44492 18.60936 18.76381 18.91095 19.05241 19.19063 19.32703 19.46407 19.60322 19.74718 19.89772 20.05817 20.23094 20.42049 20.63049 20.86740 21.13735 21.45061 21.81826 22.25832 22.79185 23.44866 24.24427 25.10464 25.77597 26.16526 26.42074 26.62205 26.79136 26.93284 27.05112 27.14723 27.22440 27.28324 27.32612 27.35321 27.36612
2.822677 3.091992 3.400825 3.757158 4.171407 4.656946 5.232066 5.921160 6.758247 7.782967 9.011223 10.32782 11.51980 12.50648 13.31437 13.98324 14.54475 15.02232 15.43284 15.78944 16.10176 16.37790 16.62382 16.84493 17.04513 17.22832 17.39715 17.55465 17.70272 17.84389 17.97966 18.11232 18.24318 18.37456 18.50780 18.64544 18.78909 18.94187 19.10595 19.28549 19.48380 19.70688 19.96026 20.25348 20.59671 21.00693 21.50422 22.11813 22.86598 23.67886 24.30973 24.66904 24.90358 25.08981 25.24770 25.38017 25.49121 25.58149 25.65401 25.70920 25.74931 25.77442 25.78608
2.721004 2.974112 3.263391 3.595945 3.981008 4.430364 4.960143 5.591873 6.356057 7.289311 8.408792 9.610076 10.69617 11.59514 12.33338 12.94737 13.46535 13.90799 14.29017 14.62350 14.91652 15.17647 15.40866 15.61802 15.80803 15.98228 16.14318 16.29350 16.43500 16.57001 16.69991 16.82685 16.95200 17.07754 17.20466 17.33575 17.47224 17.61701 17.77198 17.94095 18.12681 18.33500 18.57030 18.84125 19.15664 19.53156 19.98383 20.54078 21.22035 21.96257 22.53711 22.86156 23.07541 23.24758 23.39461 23.51828 23.62210 23.70649 23.77427 23.82573 23.86300 23.88608 23.89645
2.616593 2.852885 3.121774 3.429367 3.783502 4.194020 4.674181 5.241313 5.919579 6.737541 7.708431 8.746645 9.690277 10.48036 11.13743 11.69005 12.16062 12.56590 12.91813 13.22708 13.50000 13.74316 13.96120 14.15845 14.33801 14.50309 14.65586 14.79884 14.93363 15.06234 15.18626 15.30733 15.42666 15.54621 15.66709 15.79145 15.92059 16.05709 16.20267 16.36065 16.53356 16.72607 16.94221 17.18914 17.47396 17.80890 18.20777 18.69192 19.27496 19.90874 20.40439 20.69423 20.89242 21.05351 21.19090 21.30630 21.40299 21.48155 21.54452 21.59224 21.62660 21.64765 21.65668
2.510490 2.729666 2.977747 3.259802 3.582136 3.952503 4.380825 4.879458 5.464027 6.150330 6.939329 7.771130 8.542809 9.209937 9.779136 10.26689 10.68809 11.05476 11.37627 11.66026 11.91272 12.13878 12.34247 12.52739 12.69639 12.85214 12.99671 13.13221 13.26023 13.38253 13.50043 13.61551 13.72898 13.84242 13.95702 14.07451 14.19625 14.32430 14.46038 14.60711 14.76686 14.94324 15.13976 15.36171 15.61469 15.90699 16.24773 16.64844 17.11206 17.59972 17.99652 18.25839 18.44746 18.60040 18.72898 18.83657 18.92614 18.99898 19.05704 19.10108 19.13245 19.15151 19.15915
2.403790 2.605873 2.833200 3.089807 3.380508 3.711000 4.088000 4.519095 5.012003 5.571176 6.188091 6.826539 7.434853 7.982875 8.465934 8.889670 9.261945 9.590266 9.881189 10.14031 10.37234 10.58132 10.77064 10.94325 11.10165 11.24806 11.38440 11.51240 11.63362 11.74948 11.86132 11.97041 12.07798 12.18528 12.29357 12.40418 12.51850 12.63810 12.76467 12.90017 13.04678 13.20711 13.38409 13.58128 13.80270 14.05303 14.33686 14.65707 15.00795 15.36111 15.66504 15.89645 16.07430 16.21820 16.33773 16.43735 16.51980 16.58688 16.64006 16.68039 16.70879 16.72587 16.73213
2.297568 2.482905 2.689984 2.921887 3.182111 3.474540 3.803283 4.172239 4.583968 5.037147 5.522226 6.018304 6.499339 6.946616 7.352634 7.717176 8.043242 8.334888 8.596251 8.831212 9.043266 9.235511 9.410666 9.571135 9.719023 9.856201 9.984332 10.10492 10.21933 10.32882 10.43457 10.53772 10.63938 10.74063 10.84259 10.94642 11.05334 11.16466 11.28181 11.40637 11.54009 11.68492 11.84301 12.01671 12.20843 12.42040 12.65387 12.90744 13.17365 13.43541 13.67017 13.86568 14.02517 14.15656 14.26590 14.35698 14.43225 14.49344 14.54183 14.57841 14.60394 14.61898 14.62395
2.192827 2.362047 2.549776 2.758271 2.989950 3.247268 3.532477 3.847131 4.191187 4.561583 4.950628 5.345854 5.733006 6.100446 6.441516 6.753921 7.038064 7.295743 7.529325 7.741334 7.934238 8.110343 8.271760 8.420408 8.558015 8.686139 8.806196 8.919473 9.027156 9.130345 9.230085 9.327370 9.423171 9.518453 9.614184 9.711365 9.811035 9.914295 10.02231 10.13634 10.25774 10.38791 10.52834 10.68046 10.84551 11.02421 11.21613 11.41863 11.62566 11.82730 12.01271 12.17501 12.31318 12.42978 12.52787 12.60997 12.67795 12.73324 12.77689 12.80976 12.83248 12.84554 12.84926
2.090448 2.244409 2.413978 2.600749 2.806308 3.032092 3.279153 3.547760 3.836840 4.143282 4.461478 4.783576 5.100909 5.406012 5.693799 5.961643 6.208818 6.435833 6.643886 6.834517 7.009387 7.170162 7.318437 7.455710 7.583372 7.702704 7.814892 7.921027 8.022121 8.119135 8.212970 8.304497 8.394561 8.483997 8.573649 8.664364 8.757018 8.852518 8.951805 9.055859 9.165681 9.282275 9.406591 9.539437 9.681305 9.832117 9.990821 10.15491 10.32005 10.48043 10.62996 10.76441 10.88221 10.98378 11.07037 11.14341 11.20414 11.25361 11.29264 11.32189 11.34189 11.35302 11.35554
1.991162 2.130877 2.283664 2.450606 2.632689 2.830672 3.044894 3.275014 3.519678 3.776228 4.040576 4.307534 4.571583 4.827709 5.072117 5.302448 5.517605 5.717442 5.902442 6.073475 6.231615 6.378023 6.513875 6.640323 6.758465 6.869339 6.973922 7.073128 7.167822 7.258821 7.346900 7.432815 7.517294 7.601058 7.684821 7.769303 7.855233 7.943347 8.034392 8.129115 8.228248 8.332472 8.442371 8.558330 8.680425 8.808230 8.940614 9.075521 9.209942 9.340188 9.462691 9.574688 9.674644 9.762235 9.837839 9.902140 9.955874 9.999734 10.03431 10.06009 10.07748 10.08677 10.08817
1.895533 2.022103 2.159574 2.308650 2.469904 2.643665 2.829891 3.027986 3.236647 3.453731 3.676286 3.900735 4.123289 4.340477 4.549514 4.748446 4.936147 5.112180 5.276627 5.429919 5.572719 5.705812 5.830049 5.946292 6.055401 6.158203 6.255496 6.348036 6.436550 6.521729 6.604239 6.684721 6.763801 6.842090 6.920199 6.998723 7.078263 7.159412 7.242755 7.328855 7.418231 7.511331 7.608488 7.709838 7.815241 7.924175 8.035617 8.147985 8.259183 8.366823 8.468515 8.562347 8.647146 8.722353 8.787918 8.844091 8.891260 8.929832 8.960201 8.982710 8.997637 9.005198 9.005544
1.803964 1.918522 2.042145 2.175274 2.318205 2.471014 2.633461 2.804895 2.984165 3.169580 3.358936 3.549692 3.739230 3.925063 4.105093 4.277750 4.442013 4.597349 4.743624 4.881005 5.009870 5.130738 5.244204 5.350910 5.451514 5.546670 5.637022 5.723189 5.805777 5.885365 5.962515 6.037769 6.111661 6.184708 6.257416 6.330285 6.403800 6.478436 6.554644 6.632841 6.713393 6.796582 6.882577 6.971373 7.062742 7.156169 7.250802 7.345437 7.438578 7.528558 7.613813 7.693002 7.765121 7.829617 7.886265 7.935088 7.976234 8.009924 8.036387 8.055846 8.068484 8.074448 8.073833
1.716712 1.820370 1.931566 2.050553 2.177452 2.312191 2.454456 2.603620 2.758710 2.918397 3.081048 3.244806 3.407735 3.568019 3.724092 3.874709 4.018984 4.156388 4.286685 4.409884 4.526182 4.635900 4.739452 4.837305 4.929957 5.017919 5.101705 5.181817 5.258752 5.332996 5.405018 5.475274 5.544209 5.612261 5.679847 5.747379 5.815250 5.883834 5.953476 6.024483 6.097106 6.171516 6.247779 6.325819 6.405383 6.486013 6.567015 6.647481 6.726329 6.802404 6.874537 6.941733 7.003258 7.058595 7.107462 7.149750 7.185479 7.214731 7.237628 7.254292 7.264834 7.269339 7.267865
1.633903 1.727729 1.827826 1.934322 2.047231 2.166408 2.291515 2.421990 2.557023 2.695568 2.836366 2.978034 3.119172 3.258416 3.394557 3.526604 3.653816 3.775702 3.891990 4.002603 4.107616 4.207224 4.301701 4.391382 4.476640 4.557871 4.635477 4.709866 4.781443 4.850607 4.917748 4.983246 5.047472 5.110789 5.173542 5.236064 5.298676 5.361665 5.425298 5.489794 5.555324 5.621985 5.689782 5.758606 5.828216 5.898214 5.968053 6.037033 6.104348 6.169136 6.230590 6.287977 6.340668 6.388223 6.430358 6.466915 6.497832 6.523113 6.542794 6.556932 6.565578 6.568775 6.566542
1.555562 1.640552 1.730770 1.826261 1.926976 2.032736 2.143217 2.257925 2.376197 2.497202 2.619988 2.743500 2.866648 2.988403 3.107838 3.224168 3.336776 3.445225 3.549246 3.648713 3.743632 3.834105 3.920309 4.002481 4.080898 4.155858 4.227679 4.296685 4.363204 4.427561 4.490077 4.551068 4.610840 4.669690 4.727901 4.785745 4.843474 4.901315 4.959466 5.018086 5.077289 5.137120 5.197554 5.258470 5.319648 5.380760 5.441364 5.500926 5.558844 5.614489 5.667215 5.716446 5.761727 5.802678 5.839027 5.870595 5.897285 5.919044 5.935859 5.947740 5.954696 5.956734 5.953847
1.481633 1.558704 1.640144 1.725947 1.816030 1.910204 2.008171 2.109508 2.213668 2.319991 2.427718 2.536039 2.644145 2.751232 2.856569 2.959526 3.059594 3.156393 3.249667 3.339276 3.425179 3.507421 3.586109 3.661407 3.733514 3.802657 3.869082 3.933045 3.994809 4.054636 4.112791 4.169530 4.225105 4.279757 4.333719 4.387208 4.440421 4.493537 4.546703 4.600032 4.653595 4.707408 4.761429 4.815540 4.869546 4.923177 4.976079 5.027834 5.077978 5.126013 5.171487 5.213959 5.253024 5.288372 5.319760 5.347011 5.370008 5.388673 5.402960 5.412845 5.418309 5.419335 5.415899
1.411997 1.481982 1.555631 1.632907 1.713707 1.797851 1.885070 1.975004 2.067205 2.161143 2.256230 2.351833 2.447294 2.541990 2.635352 2.726872 2.816131 2.902802 2.986655 3.067542 3.145402 3.220238 3.292112 3.361131 3.427438 3.491202 3.552612 3.611867 3.669178 3.724754 3.778808 3.831551 3.883185 3.933908 3.983905 4.033351 4.082400 4.131189 4.179829 4.228396 4.276935 4.325443 4.373867 4.422100 4.469975 4.517264 4.563689 4.608919 4.652596 4.694352 4.733794 4.770569 4.804384 4.834970 4.862109 4.885636 4.905426 4.921389 4.933463 4.941599 4.945762 4.945919 4.942032
1.346495 1.410145 1.476877 1.546638 1.619321 1.694755 1.772704 1.852864 1.934863 2.018274 2.102618 2.187392 2.272104 2.356254 2.439378 2.521068 2.600973 2.678818 2.754393 2.827560 2.898244 2.966424 3.032127 3.095423 3.156410 3.215213 3.271975 3.326849 3.380000 3.431597 3.481811 3.530808 3.578755 3.625809 3.672118 3.717820 3.763037 3.807871 3.852403 3.896688 3.940747 3.984569 4.028097 4.071233 4.113839 4.155723 4.196660 4.236386 4.274617 4.311049 4.345402 4.377402 4.406778 4.433311 4.456811 4.477131 4.494145 4.507762 4.517908 4.524524 4.527563 4.526983 4.522737
1.284940 1.342924 1.403514 1.466645 1.532212 1.600059 1.669980 1.741717 1.814964 1.889373 1.964567 2.040145 2.115689 2.190806 2.265130 2.338326 2.410106 2.480232 2.548522 2.614846 2.679123 2.741320 2.801442 2.859527 2.915643 2.969878 3.022341 3.073147 3.122426 3.170310 3.216935 3.262434 3.306939 3.350575 3.393462 3.435704 3.477397 3.518619 3.559428 3.599858 3.639920 3.679593 3.718824 3.757527 3.795579 3.832826 3.869083 3.904140 3.937772 3.969747 3.999815 4.027744 4.053339 4.076411 4.096796 4.114356 4.128974 4.140560 4.149037 4.154342 4.156421 4.155224 4.150703
