T3-twomodels/model120.grd
DSAA
         100         100
  -15.00000       15.00000    
  -15.00000       15.00000    
  0.6315846       34.84916    
[rows 56 to 83 of 100, columns 0 to 62 of 100]
3.639600 4.009453 4.434943 4.926632 5.497907 6.165252 6.950161 7.879665 8.988981 10.31550 11.86715 13.51402 15.02579 16.30827 17.38130 18.28327 19.04746 19.70007 20.26120 20.74703 21.17013 21.54107 21.86806 22.15836 22.41755 22.65084 22.86211 23.05527 23.23313 23.39879 23.55439 23.70258 23.84511 23.98446 24.12227 24.26110 24.40272 24.55016 24.70567 24.87318 25.05603 25.25997 25.49058 25.75729 26.07065 26.44848 26.91365 27.50416 28.26379 29.19294 30.09577 30.78509 31.31587 31.75878 32.14080 32.47122 32.75657 33.00029 33.20668 33.37821 33.51828 33.62868 33.71200
3.592824 3.957337 4.376905 4.862073 5.426208 6.085803 6.862384 7.783030 8.883046 10.19992 11.74170 13.37863 14.88055 16.15341 17.21717 18.11033 18.86624 19.51112 20.06512 20.54443 20.96157 21.32711 21.64920 21.93508 22.19027 22.41993 22.62790 22.81804 22.99312 23.15621 23.30940 23.45531 23.59564 23.73285 23.86854 24.00525 24.14470 24.28990 24.44304 24.60807 24.78825 24.98932 25.21684 25.48021 25.78996 26.16391 26.62494 27.21107 27.96612 28.89050 29.78849 30.47302 30.99907 31.43738 31.81501 32.14132 32.42289 32.66318 32.86651 33.03538 33.17317 33.28171 33.36354
3.539385 3.897632 4.310216 4.787634 5.343235 5.993507 6.760001 7.669861 8.758492 10.06353 11.59321 13.21795 14.70779 15.96886 17.02130 17.90374 18.64962 19.28524 19.83074 20.30231 20.71245 21.07166 21.38806 21.66882 21.91939 22.14489 22.34908 22.53579 22.70772 22.86790 23.01836 23.16168 23.29953 23.43433 23.56762 23.70191 23.83890 23.98153 24.13198 24.29412 24.47121 24.66894 24.89281 25.15220 25.45764 25.82691 26.28290 26.86368 27.61310 28.53168 29.42375 30.10229 30.62247 31.05511 31.42736 31.74866 32.02563 32.26177 32.46144 32.62712 32.76221 32.86852 32.94860
3.479189 3.830176 4.234606 4.702914 5.248404 5.887538 6.641896 7.538684 8.613433 9.903956 11.41872 13.02841 14.50337 15.75000 16.78866 17.65813 18.39198 19.01655 19.55202 20.01451 20.41650 20.76839 21.07826 21.35317 21.59851 21.81929 22.01925 22.20210 22.37051 22.52742 22.67484 22.81528 22.95037 23.08247 23.21309 23.34469 23.47891 23.61866 23.76606 23.92492 24.09846 24.29232 24.51194 24.76666 25.06697 25.43062 25.88053 26.45477 27.19726 28.10860 28.99328 29.66449 30.17743 30.60313 30.96881 31.28404 31.55547 31.78666 31.98197 32.14389 32.27581 32.37951 32.45753
3.412186 3.754844 4.149844 4.607530 5.141115 5.767029 6.506835 7.387811 8.445643 9.718388 11.21484 12.80607 14.26277 15.49173 16.51362 17.36744 18.08691 18.69840 19.22207 19.67402 20.06660 20.41014 20.71258 20.98089 21.22035 21.43588 21.63111 21.80969 21.97421 22.12753 22.27161 22.40889 22.54095 22.67008 22.79776 22.92638 23.05754 23.19407 23.33805 23.49324 23.66275 23.85217 24.06688 24.31614 24.61038 24.96732 25.40986 25.97611 26.71010 27.61256 28.48815 29.15020 29.65422 30.07139 30.42910 30.73700 31.00183 31.22715 31.41734 31.57487 31.70310 31.80379 31.87945
3.338371 3.671555 4.055747 4.501136 5.020805 5.631078 6.353486 7.215352 8.252530 9.503386 10.97715 12.54542 13.97954 15.18679 16.18825 17.02321 17.72552 18.32159 18.83153 19.27130 19.65313 19.98720 20.28129 20.54223 20.77516 20.98489 21.17492 21.34883 21.50908 21.65850 21.79894 21.93278 22.06154 22.18746 22.31194 22.43731 22.56512 22.69812 22.83831 22.98938 23.15438 23.33875 23.54782 23.79073 24.07782 24.42674 24.86036 25.41681 26.14024 27.03156 27.89572 28.54644 29.03944 29.44617 29.79422 30.09335 30.35035 30.56879 30.75303 30.90550 31.02951 31.12677 31.19973
3.257819 3.580343 3.952248 4.383512 4.887007 5.478866 6.180506 7.019252 8.031129 9.254901 10.70044 12.24016 13.64619 14.82662 15.80312 16.61535 17.29725 17.87523 18.36925 18.79508 19.16473 19.48817 19.77296 20.02575 20.25151 20.45489 20.63928 20.80810 20.96376 21.10897 21.24548 21.37563 21.50085 21.62331 21.74433 21.86620 21.99036 22.11952 22.25557 22.40209 22.56204 22.74075 22.94337 23.17893 23.45761 23.79695 24.21972 24.76408 25.47432 26.35169 27.20151 27.83794 28.31723 28.71118 29.04757 29.33627 29.58409 29.79457 29.97198 30.11869 30.23793 30.33133 30.40127
3.170713 3.481346 3.839420 4.254597 4.739422 5.309718 5.986639 6.797388 7.778116 8.968068 10.37799 11.88152 13.25219 14.39922 15.34511 16.12989 16.78761 17.34447 17.82019 18.23020 18.58619 18.89781 19.17236 19.41623 19.63418 19.83069 20.00900 20.17237 20.32311 20.46381 20.59615 20.72236 20.84381 20.96258 21.07992 21.19803 21.31829 21.44328 21.57483 21.71639 21.87076 22.04312 22.23845 22.46555 22.73438 23.06225 23.47176 24.00105 24.69456 25.55397 26.38537 27.00374 27.46596 27.84426 28.16670 28.44314 28.68034 28.88171 29.05141 29.19167 29.30558 29.39470 29.46132
3.077360 3.374888 3.717553 4.114596 4.578075 5.123297 5.770916 6.547769 7.489956 8.637239 10.00166 11.45881 12.78438 13.88945 14.79763 15.54935 16.17851 16.71094 17.16581 17.55805 17.89887 18.19750 18.46087 18.69508 18.90464 19.09380 19.26560 19.42319 19.56870 19.70464 19.83256 19.95462 20.07208 20.18695 20.30040 20.41453 20.53063 20.65119 20.77790 20.91406 21.06233 21.22768 21.41482 21.63225 21.88958 22.20373 22.59697 23.10723 23.77914 24.61517 25.42256 26.01766 26.45850 26.81783 27.12376 27.38604 27.61118 27.80235 27.96348 28.09662 28.20472 28.28917 28.35216
2.978221 3.261477 3.587202 3.964063 4.403435 4.919812 5.532970 6.268904 7.163205 8.255968 9.560971 10.95710 12.22399 13.27572 14.13735 14.84940 15.44516 15.94960 16.38102 16.75355 17.07773 17.36225 17.61359 17.83746 18.03808 18.21944 18.38438 18.53587 18.67590 18.80683 18.93014 19.04784 19.16113 19.27192 19.38128 19.49123 19.60295 19.71881 19.84036 19.97076 20.11243 20.27009 20.44813 20.65463 20.89865 21.19647 21.56963 22.05553 22.69884 23.50318 24.27827 24.84315 25.25736 25.59405 25.88097 26.12731 26.33909 26.51908 26.67090 26.79635 26.89818 26.97761 27.03672
2.873931 3.141868 3.449247 3.804005 4.216586 4.700310 5.273502 5.960499 6.795354 7.817637 9.043290 10.35705 11.54597 12.52932 13.33362 13.99855 14.55581 15.02871 15.43416 15.78516 16.09138 16.36080 16.59934 16.81228 17.00348 17.17666 17.33442 17.47955 17.61387 17.73961 17.85811 17.97130 18.08026 18.18681 18.29192 18.39752 18.50466 18.61560 18.73172 18.85600 18.99063 19.14000 19.30808 19.50240 19.73122 20.00975 20.35822 20.81258 21.41689 22.17671 22.90693 23.43205 23.81384 24.12459 24.39051 24.61958 24.81703 24.98509 25.12701 25.24431 25.33950 25.41365 25.46866
2.765319 3.017081 3.304940 3.635956 4.019389 4.466977 4.994878 5.624569 6.386578 7.317467 8.434419 9.632948 10.71609 11.61182 12.34659 12.95677 13.47064 13.90878 14.28607 14.61402 14.90117 15.15466 15.37978 15.58131 15.76272 15.92741 16.07775 16.21631 16.34473 16.46511 16.57867 16.68720 16.79171 16.89389 16.99463 17.09573 17.19814 17.30396 17.41445 17.53233 17.65954 17.80010 17.95749 18.13849 18.35033 18.60660 18.92516 19.33870 19.88839 20.58203 21.24715 21.72102 22.06595 22.34920 22.59336 22.80458 22.98716 23.14284 23.27447 23.38328 23.47158 23.54023 23.59098
2.653419 2.888400 3.155903 3.461996 3.814541 4.223341 4.701675 5.266824 5.942976 6.758644 7.727080 8.762625 9.703393 10.49035 11.14406 11.69301 12.15962 12.56056 12.90809 13.21187 13.47917 13.71615 13.92742 14.11720 14.28856 14.44454 14.58728 14.71909 14.84151 14.95640 15.06492 15.16870 15.26865 15.36636 15.46264 15.55913 15.65671 15.75728 15.86197 15.97324 16.09279 16.22415 16.37034 16.53714 16.73063 16.96208 17.24590 17.60843 18.08251 18.67503 19.24452 19.65779 19.96660 20.22388 20.44693 20.64046 20.80804 20.95114 21.07224 21.17239 21.25361 21.31664 21.36303
2.539512 2.757412 3.004139 3.284737 3.605523 3.974221 4.400762 4.897476 5.479990 6.164074 6.950694 7.779918 8.548825 9.212948 9.778902 10.26313 10.68051 11.04302 11.36001 11.63905 11.88613 12.10629 12.30351 12.48133 12.64252 12.78965 12.92472 13.04968 13.16602 13.27533 13.37876 13.47768 13.57307 13.66621 13.75801 13.84977 13.94250 14.03769 14.13657 14.24105 14.35286 14.47477 14.60955 14.76166 14.93617 15.14134 15.38780 15.69252 16.07433 16.53123 16.97696 17.32841 17.60590 17.83988 18.04272 18.21892 18.37147 18.50200 18.61242 18.70388 18.77790 18.83531 18.87724
2.425078 2.625921 2.851927 3.107121 3.396314 3.725189 4.100460 4.529697 5.020613 5.577640 6.192252 6.828216 7.433851 7.978981 8.458912 8.879263 9.247868 9.572203 9.858792 10.11319 10.34008 10.54344 10.72661 10.89247 11.04347 11.18173 11.30909 11.42718 11.53742 11.64113 11.73944 11.83349 11.92427 12.01282 12.10010 12.18714 12.27498 12.36479 12.45781 12.55551 12.65957 12.77206 12.89545 13.03296 13.18863 13.36788 13.57763 13.82641 14.12077 14.45266 14.78315 15.07259 15.31703 15.52683 15.70919 15.86792 16.00543 16.12337 16.22315 16.30593 16.37278 16.42456 16.46207
2.311530 2.495661 2.701456 2.931987 3.190747 3.481607 3.808673 4.175832 4.585634 5.036743 5.519598 6.013280 6.491736 6.936232 7.339247 7.700540 8.023089 8.310921 8.568146 8.798607 9.005758 9.192659 9.361979 9.516062 9.656952 9.786448 9.906137 10.01742 10.12156 10.21970 10.31289 10.40209 10.48825 10.57225 10.65498 10.73735 10.82028 10.90480 10.99197 11.08305 11.17943 11.28277 11.39503 11.51859 11.65629 11.81157 11.98829 12.18998 12.41745 12.66393 12.91216 13.14380 13.35091 13.53371 13.69453 13.83540 13.95790 14.06328 14.15259 14.22675 14.28658 14.33280 14.36599
2.200037 2.368086 2.554567 2.761733 2.991991 3.247792 3.531378 3.844296 4.186490 4.554888 4.941789 5.334712 5.719385 6.084152 6.422342 6.731636 7.012417 7.266452 7.496089 7.703815 7.892063 8.063099 8.218993 8.361610 8.492622 8.613526 8.725664 8.830242 8.928352 9.020994 9.109095 9.193513 9.275074 9.354575 9.432805 9.510556 9.588655 9.667961 9.749415 9.834044 9.922997 10.01758 10.11928 10.22981 10.35108 10.48514 10.63394 10.79863 10.97834 11.16846 11.36067 11.54574 11.71733 11.87286 12.01195 12.13505 12.24280 12.33590 12.41502 12.48079 12.53381 12.57461 12.60362
2.091528 2.244352 2.412712 2.598192 2.802377 3.026694 3.272187 3.539118 3.826401 4.130920 4.447052 4.766936 5.081890 5.384432 5.669461 5.934330 6.178295 6.401840 6.606139 6.792701 6.963159 7.119139 7.262198 7.393789 7.515255 7.627820 7.732605 7.830629 7.922832 8.010077 8.093175 8.172879 8.249917 8.324991 8.398793 8.472020 8.545385 8.619631 8.695543 8.773974 8.855844 8.942170 9.034055 9.132698 9.239337 9.355152 9.481027 9.617146 9.762386 9.913838 10.06681 10.21608 10.35741 10.48810 10.60678 10.71298 10.80667 10.88805 10.95744 11.01520 11.06171 11.09732 11.12234
1.986726 2.125339 2.276955 2.442650 2.623403 2.819968 3.032678 3.261180 3.504115 3.758815 4.021181 4.286014 4.547782 4.801457 5.043229 5.270723 5.482821 5.679356 5.860792 6.027969 6.181933 6.323814 6.454756 6.575865 6.688199 6.792745 6.890427 6.982099 7.068557 7.150541 7.228751 7.303845 7.376459 7.447203 7.516685 7.585506 7.654281 7.723640 7.794241 7.866776 7.941979 8.020623 8.103524 8.191499 8.285335 8.385675 8.492876 8.606749 8.726301 8.849549 8.973724 9.095678 9.212455 9.321834 9.422358 9.513186 9.593911 9.664404 9.724709 9.774962 9.815355 9.846088 9.867351
1.886163 2.011666 2.148002 2.295872 2.455842 2.628236 2.813003 3.009541 3.216539 3.431846 3.652499 3.874912 4.095282 4.310129 4.516650 4.712879 4.897670 5.070569 5.231637 5.381282 5.520140 5.648970 5.768589 5.879828 5.983507 6.080409 6.171287 6.256845 6.337754 6.414643 6.488111 6.558725 6.627036 6.693574 6.758864 6.823424 6.887780 6.952458 7.018008 7.084987 7.153972 7.225552 7.300314 7.378815 7.461543 7.548835 7.640778 7.737079 7.836947 7.939040 8.041498 8.142226 8.239253 8.330869 8.415769 8.493055 8.562170 8.622795 8.674795 8.718143 8.752887 8.779108 8.796889
1.790194 1.903719 2.026247 2.158211 2.299903 2.451393 2.612436 2.782373 2.960047 3.143754 3.331289 3.520097 3.707549 3.891146 4.068779 4.238866 4.400366 4.552731 4.695809 4.829747 4.954898 5.071757 5.180893 5.282918 5.378457 5.468125 5.552528 5.632245 5.707829 5.779813 5.848705 5.914990 5.979141 6.041616 6.102863 6.163328 6.223452 6.283678 6.344459 6.406239 6.469472 6.534600 6.602046 6.672185 6.745313 6.821592 6.900986 6.983188 7.067567 7.153133 7.238659 7.322741 7.403913 7.480886 7.552587 7.618197 7.677129 7.728989 7.773537 7.810646 7.840260 7.862366 7.876975
1.699027 1.801688 1.911826 2.029689 2.155394 2.288864 2.429779 2.577505 2.731063 2.889115 3.050023 3.211918 3.372856 3.531011 3.684805 3.832978 3.974636 4.109228 4.236505 4.356458 4.469264 4.575221 4.674721 4.768203 4.856139 4.939008 5.017291 5.091456 5.161961 5.229249 5.293749 5.355873 5.416024 5.474594 5.531964 5.588510 5.644608 5.700623 5.756924 5.813869 5.871810 5.931079 5.991979 6.054760 6.119596 6.186551 6.255535 6.326267 6.398252 6.470788 6.542948 6.613701 6.682033 6.746957 6.807608 6.863275 6.913407 6.957599 6.995567 7.027120 7.052141 7.070553 7.082312
1.612743 1.705606 1.804682 1.910095 2.021855 2.139811 2.263621 2.392716 2.526281 2.663262 2.802393 2.942284 3.081525 3.218743 3.352717 3.482448 3.607182 3.726410 3.839852 3.947410 4.049145 4.145230 4.235921 4.321530 4.402408 4.478920 4.551447 4.620366 4.686049 4.748866 4.809171 4.867316 4.923639 4.978472 5.032140 5.084959 5.137240 5.189291 5.241407 5.293876 5.346968 5.400935 5.455991 5.512301 5.569965 5.628990 5.689267 5.750549 5.812438 5.874381 5.935730 5.995750 6.053637 6.108638 6.160065 6.207324 6.249927 6.287484 6.319707 6.346376 6.367339 6.382481 6.391715
1.531315 1.615376 1.704609 1.799058 1.898667 2.003255 2.112491 2.225877 2.342744 2.462255 2.583449 2.705267 2.826610 2.946439 3.063819 3.177955 3.288219 3.394163 3.495502 3.592100 3.683946 3.771124 3.853798 3.932184 4.006537 4.077137 4.144278 4.208261 4.269389 4.327965 4.384284 4.438638 4.491315 4.542591 4.592739 4.642025 4.690708 4.739039 4.787260 4.835598 4.884262 4.933440 4.983284 5.033902 5.085346 5.137592 5.190530 5.243948 5.297531 5.350869 5.403440 5.454659 5.503961 5.550752 5.594482 5.634655 5.670850 5.702715 5.729968 5.752388 5.769805 5.782081 5.789110
1.454646 1.530822 1.611315 1.696117 1.785137 1.878186 1.974960 2.075031 2.177847 2.282742 2.388952 2.495661 2.602050 2.707310 2.810700 2.911582 3.009437 3.103875 3.194628 3.281545 3.364572 3.443738 3.519138 3.590920 3.659266 3.724384 3.786505 3.845865 3.902707 3.957278 4.009823 4.060583 4.109797 4.157698 4.204513 4.250464 4.295764 4.340619 4.385224 4.429759 4.474385 4.519241 4.564438 4.610042 4.656074 4.702495 4.749203 4.796014 4.842670 4.888833 4.934124 4.978119 5.020335 5.060310 5.097606 5.131814 5.162576 5.189579 5.212562 5.231315 5.245659 5.255455 5.260580
1.382580 1.451704 1.524441 1.600754 1.680535 1.763600 1.849676 1.938400 2.029317 2.121893 2.215536 2.309604 2.403435 2.496399 2.587918 2.677478 2.764650 2.849100 2.930586 3.008951 3.084122 3.156091 3.224908 3.290666 3.353495 3.413551 3.471007 3.526050 3.578874 3.629678 3.678661 3.726024 3.771965 3.816675 3.860344 3.903156 3.945286 3.986901 4.028156 4.069197 4.110145 4.151104 4.192151 4.233327 4.274634 4.316028 4.357410 4.398631 4.439478 4.479698 4.518966 4.556926 4.593235 4.627522 4.659425 4.688611 4.714772 4.737636 4.756971 4.772576 4.784283 4.791948 4.795449
1.314921 1.377741 1.443598 1.512435 1.584140 1.658541 1.735397 1.814400 1.895175 1.977288 2.060257 2.143574 2.226739 2.309248 2.390630 2.470470 2.548411 2.624167 2.697522 2.768329 2.836503 2.902013 2.964877 3.025153 3.082930 3.138319 3.191454 3.242477 3.291544 3.338813 3.384448 3.428611 3.471464 3.513168 3.553877 3.593743 3.632908 3.671508 3.709669 3.747501 3.785101 3.822544 3.859882 3.897140 3.934308 3.971338 4.008145 4.044596 4.080518 4.115688 4.149872 4.182804 4.214177 4.243695 4.271068 4.296017 4.318285 4.337636 4.353862 4.366781 4.376236 4.382090 4.384219
1.251449 1.308637 1.368386 1.430630 1.495260 1.562118 1.630994 1.701627 1.773707 1.846881 1.920767 1.994962 2.069041 2.142606 2.215285 2.286737 2.356668 2.424833 2.491044 2.555161 2.617098 2.676812 2.734300 2.789592 2.842746 2.893843 2.942982 2.990273 3.035836 3.079800 3.122293 3.163450 3.203402 3.242279 3.280210 3.317316 3.353716 3.389517 3.424820 3.459710 3.494262 3.528530 3.562549 3.596331 3.629859 3.663088 3.695939 3.728301 3.760031 3.790962 3.820879 3.849551 3.876759 3.902260 3.925813 3.947184 3.966156 3.982526 3.996111 4.006749 4.014294 4.018616 4.019601
