T3-twomodels/model120.grd
DSAA
         100         100
  -15.00000       15.00000    
  -15.00000       15.00000    
   1.555995       35.32989    
[rows 56 to 83 of 100, columns 0 to 62 of 100]
5.036823 5.404678 5.835570 6.340924 6.935733 7.638268 8.472905 9.470020 10.66774 12.09641 13.70994 15.30029 16.68634 17.84810 18.81970 19.63864 20.33366 20.92826 21.43982 21.88298 22.26875 22.60678 22.90436 23.16810 23.40303 23.61383 23.80407 23.97718 24.13580 24.28254 24.41946 24.54865 24.67184 24.79086 24.90729 25.02289 25.13932 25.25848 25.38235 25.51324 25.65383 25.80734 25.97774 26.17008 26.39102 26.64952 26.95823 27.33545 27.80756 28.40457 29.11732 29.85755 30.54775 31.16635 31.71322 32.19395 32.61433 32.97997 33.29574 33.56602 33.79465 33.98500 34.14001
4.986546 5.349519 5.774975 6.274329 6.862582 7.558023 8.385056 9.374136 10.56346 11.98349 13.58825 15.16982 16.54722 17.70058 18.66412 19.47542 20.16327 20.75122 21.25665 21.69420 22.07487 22.40826 22.70166 22.96162 23.19314 23.40085 23.58831 23.75887 23.91517 24.05977 24.19470 24.32202 24.44344 24.56075 24.67552 24.78946 24.90424 25.02170 25.14381 25.27286 25.41150 25.56291 25.73106 25.92098 26.13929 26.39494 26.70058 27.07453 27.54313 28.13644 28.84533 29.58158 30.26773 30.88226 31.42510 31.90192 32.31853 32.68063 32.99309 33.26036 33.48628 33.67425 33.82724
4.928561 5.285736 5.704700 6.196854 6.777182 7.463997 8.281746 9.260964 10.43995 11.84933 13.44326 15.01400 16.38074 17.52377 18.47742 19.27941 19.95859 20.53852 21.03661 21.46749 21.84212 22.17007 22.45856 22.71413 22.94169 23.14585 23.33008 23.49773 23.65137 23.79352 23.92618 24.05138 24.17078 24.28615 24.39901 24.51108 24.62395 24.73947 24.85956 24.98649 25.12285 25.27183 25.43735 25.62439 25.83958 26.09184 26.39378 26.76374 27.22807 27.81685 28.52099 29.25232 29.93345 30.54295 31.08081 31.55278 31.96475 32.32247 32.63088 32.89446 33.11709 33.30219 33.45272
4.862724 5.213103 5.624407 6.107999 6.678851 7.355270 8.161762 9.128946 10.29527 11.69151 13.27208 14.82947 16.18310 17.31347 18.25511 19.04584 19.71458 20.28496 20.77436 21.19740 21.56498 21.88662 22.16946 22.41998 22.64303 22.84314 23.02373 23.18809 23.33873 23.47814 23.60825 23.73107 23.84821 23.96140 24.07214 24.18210 24.29284 24.40616 24.52397 24.64848 24.78226 24.92844 25.09090 25.27460 25.48612 25.73435 26.03188 26.39703 26.85617 27.43941 28.13770 28.86297 29.53791 30.14118 30.67291 31.13892 31.54520 31.89758 32.20108 32.46019 32.67885 32.86049 33.00808
4.788910 5.131396 5.533747 6.007256 6.566836 7.230803 8.023701 8.976243 10.12706 11.50719 13.07133 14.61231 15.94986 17.06478 17.99183 18.76899 19.42527 19.98435 20.46356 20.87746 21.23690 21.55130 21.82771 22.07251 22.29047 22.48604 22.66256 22.82326 22.97057 23.10693 23.23423 23.35442 23.46907 23.57987 23.68827 23.79589 23.90426 24.01515 24.13040 24.25220 24.38306 24.52606 24.68503 24.86488 25.07211 25.31559 25.60787 25.96726 26.42012 26.99660 27.68775 28.40556 29.07286 29.66846 30.19263 30.65133 31.05068 31.39659 31.69414 31.94790 32.16182 32.33933 32.48346
4.707028 5.040443 5.432415 5.894122 6.440394 7.089504 7.866007 8.800740 9.932549 11.29279 12.83659 14.35724 15.67498 16.77100 17.68035 18.44121 19.08270 19.62845 20.09579 20.49917 20.84929 21.15547 21.42463 21.66303 21.87532 22.06585 22.23788 22.39454 22.53821 22.67124 22.79548 22.91279 23.02472 23.13290 23.23874 23.34381 23.44960 23.55781 23.67025 23.78904 23.91664 24.05606 24.21107 24.38649 24.58877 24.82669 25.11276 25.46523 25.91048 26.47870 27.16101 27.86957 28.52741 29.11353 29.62838 30.07813 30.46903 30.80711 31.09754 31.34492 31.55322 31.72589 31.86594
4.617057 4.940141 5.320179 5.768173 6.298804 6.930235 7.687005 8.600044 9.708462 11.04407 12.56261 14.05806 15.35129 16.42411 17.31197 18.05329 18.67723 19.20742 19.66102 20.05234 20.39191 20.68884 20.94992 21.18121 21.38725 21.57226 21.73938 21.89166 22.03136 22.16079 22.28170 22.39593 22.50492 22.61028 22.71336 22.81567 22.91866 23.02396 23.13332 23.24881 23.37280 23.50823 23.65878 23.82917 24.02574 24.25718 24.53589 24.88007 25.31606 25.87412 26.54552 27.24259 27.88864 28.46297 28.96632 29.40510 29.78574 30.11439 30.39631 30.63614 30.83786 31.00488 31.14018
4.519085 4.830513 5.196947 5.629125 6.141482 6.751960 7.484982 8.371526 9.450995 10.75579 12.24252 13.70624 14.96890 16.01309 16.87481 17.59270 18.19596 18.70803 19.14587 19.52351 19.85122 20.13787 20.39000 20.61351 20.81273 20.99175 21.15356 21.30110 21.43655 21.56212 21.67947 21.79039 21.89626 21.99861 22.09873 22.19809 22.29806 22.40023 22.50627 22.61817 22.73821 22.86923 23.01480 23.17951 23.36955 23.59344 23.86345 24.19765 24.62233 25.16778 25.82544 26.50802 27.13923 27.69881 28.18790 28.61321 28.98141 29.29878 29.57063 29.80161 29.99566 30.15616 30.28603
4.413326 4.711736 5.062812 5.476914 5.968074 6.553842 7.258337 8.112435 9.155813 10.42167 11.86796 13.29139 14.51550 15.52415 16.35402 17.04392 17.62289 18.11405 18.53395 18.89622 19.21075 19.48607 19.72844 19.94348 20.13534 20.30791 20.46404 20.60653 20.73745 20.85892 20.97251 21.07992 21.18248 21.28164 21.37863 21.47486 21.57163 21.67046 21.77293 21.88095 21.99670 22.12290 22.26296 22.42131 22.60391 22.81908 23.07882 23.40097 23.81169 24.34131 24.98156 25.64565 26.25797 26.79893 27.27027 27.67908 28.03227 28.33622 28.59623 28.81693 29.00217 29.15525 29.27896
4.300146 4.584199 4.918148 5.311824 5.778643 6.335493 7.005841 7.820149 8.818157 10.03401 11.42770 12.79880 13.97363 14.93784 15.72886 16.38545 16.93615 17.40342 17.80314 18.14835 18.44839 18.71138 18.94319 19.14915 19.33314 19.49885 19.64896 19.78611 19.91226 20.02940 20.13904 20.24277 20.34185 20.43766 20.53137 20.62430 20.71769 20.81299 20.91168 21.01556 21.12672 21.24769 21.38172 21.53299 21.70722 21.91235 22.15998 22.46754 22.86087 23.37025 23.98783 24.62776 25.21562 25.73289 26.18209 26.57074 26.90595 27.19409 27.44039 27.64932 27.82458 27.96931 28.08616
4.180132 4.448564 4.763689 5.134617 5.573872 6.097285 6.727130 7.492743 8.433311 9.583899 10.90776 12.20955 13.32039 14.22876 14.97259 15.58991 16.10811 16.54846 16.92582 17.25233 17.53669 17.78642 18.00695 18.20326 18.37894 18.53742 18.68121 18.81278 18.93394 19.04657 19.15208 19.25198 19.34744 19.43976 19.53005 19.61955 19.70941 19.80101 19.89572 19.99524 20.10150 20.21687 20.34438 20.48791 20.65280 20.84648 21.07993 21.36981 21.74125 22.22425 22.81163 23.41928 23.97494 24.46185 24.88349 25.24776 25.56170 25.83153 26.06219 26.25786 26.42201 26.55752 26.66684
4.054101 4.305817 4.600608 4.946667 5.355314 5.840797 6.423398 7.130074 7.997851 9.061634 10.28949 11.49638 12.52295 13.36125 14.04847 14.62032 15.10186 15.51244 15.86543 16.17183 16.43944 16.67512 16.88378 17.06997 17.23696 17.38792 17.52514 17.65091 17.76690 17.87487 17.97612 18.07206 18.16378 18.25250 18.33926 18.42520 18.51142 18.59916 18.68974 18.78470 18.88581 18.99527 19.11581 19.25099 19.40563 19.58648 19.80353 20.07212 20.41579 20.86344 21.40892 21.97194 22.48460 22.93269 23.32051 23.65581 23.94516 24.19423 24.40743 24.58851 24.74054 24.86606 24.96727
3.923143 4.157297 4.430568 4.750054 5.125559 5.569228 6.098326 6.735628 7.512817 8.460835 9.553734 10.62812 11.54390 12.29613 12.91733 13.43802 13.87934 14.25781 14.58484 14.86999 15.12006 15.34109 15.53741 15.71313 15.87115 16.01436 16.14481 16.26462 16.37531 16.47850 16.57538 16.66726 16.75515 16.84019 16.92331 17.00561 17.08808 17.17187 17.25819 17.34843 17.44422 17.54750 17.66074 17.78707 17.93071 18.09753 18.29611 18.53962 18.84838 19.24802 19.73364 20.23386 20.68944 21.08909 21.43670 21.73874 22.00056 22.22680 22.42107 22.58647 22.72557 22.84052 22.93318
3.788716 4.004807 4.255803 4.547668 4.888381 5.287675 5.758859 6.318837 6.989809 7.791255 8.699925 9.595319 10.37329 11.02579 11.57400 12.03955 12.43833 12.78316 13.08326 13.34645 13.57848 13.78446 13.96819 14.13318 14.28207 14.41736 14.54094 14.65468 14.75998 14.85830 14.95074 15.03849 15.12249 15.20377 15.28321 15.36179 15.44044 15.52021 15.60218 15.68761 15.77795 15.87491 15.98063 16.09780 16.22996 16.38192 16.56056 16.77598 17.04320 17.38014 17.78227 18.19773 18.58230 18.92536 19.22793 19.49368 19.72600 19.92806 20.10246 20.25152 20.37720 20.48121 20.56506
3.652721 3.850613 4.079122 4.343101 4.648582 5.002851 5.414949 5.895458 6.455596 7.100222 7.806335 8.505668 9.137108 9.685924 10.15926 10.56862 10.92428 11.23504 11.50796 11.74897 11.96283 12.15363 12.32468 12.47887 12.61856 12.74586 12.86253 12.97014 13.07002 13.16341 13.25138 13.33494 13.41502 13.49250 13.56822 13.64305 13.71785 13.79356 13.87114 13.95172 14.03655 14.12714 14.22527 14.33318 14.45372 14.59063 14.74891 14.93543 15.15906 15.42813 15.73777 16.06059 16.36976 16.65389 16.91013 17.13880 17.34113 17.51867 17.67297 17.80551 17.91765 18.01065 18.08561
3.517220 3.697136 3.903543 4.140151 4.411296 4.721922 5.077465 5.483215 5.942506 6.451915 6.993087 7.531494 8.034922 8.488646 8.891203 9.246627 9.560379 9.837897 10.08410 10.30328 10.49917 10.67496 10.83340 10.97687 11.10739 11.22675 11.33650 11.43799 11.53243 11.62091 11.70439 11.78378 11.85991 11.93359 12.00558 12.07665 12.14760 12.21924 12.29244 12.36818 12.44755 12.53180 12.62243 12.72123 12.83039 12.95266 13.09143 13.25083 13.43524 13.64718 13.88270 14.12921 14.37237 14.60269 14.81546 15.00881 15.18225 15.33603 15.47073 15.58712 15.68600 15.76817 15.83440
3.383925 3.546459 3.731639 3.942152 4.180932 4.451028 4.755276 5.095549 5.471319 5.877208 6.300618 6.723035 7.126734 7.500656 7.840649 8.146873 8.421535 8.667622 8.888260 9.086436 9.264886 9.426076 9.572185 9.705136 9.826632 9.938168 10.04107 10.13651 10.22556 10.30916 10.38817 10.46340 10.53561 10.60550 10.67378 10.74112 10.80824 10.87585 10.94472 11.01569 11.08969 11.16777 11.25111 11.34114 11.43949 11.54807 11.66907 11.80480 11.95716 12.12655 12.31022 12.50190 12.69386 12.87956 13.05454 13.21620 13.36316 13.49483 13.61111 13.71219 13.79841 13.87022 13.92806
3.254124 3.400171 3.565395 3.751639 3.960771 4.194477 4.453942 4.739250 5.048515 5.376842 5.715820 6.054601 6.382651 6.692255 6.979219 7.242177 7.481544 7.698701 7.895473 8.073817 8.235670 8.382860 8.517076 8.639849 8.752562 8.856460 8.952661 9.042171 9.125904 9.204690 9.279295 9.350424 9.418744 9.484895 9.549496 9.613156 9.676497 9.740147 9.804780 9.871105 9.939901 10.01202 10.08843 10.17019 10.25850 10.35466 10.46002 10.57582 10.70282 10.84074 10.98773 11.14025 11.29385 11.44422 11.58788 11.72234 11.84596 11.95777 12.05725 12.14420 12.21866 12.28076 12.33071
3.128771 3.259443 3.406242 3.570378 3.752941 3.954736 4.176003 4.416040 4.672740 4.942185 5.218653 5.495315 5.765486 6.023783 6.266701 6.492483 6.700702 6.891794 7.066710 7.226662 7.372958 7.506917 7.629813 7.742836 7.847097 7.943611 8.033308 8.117042 8.195588 8.269669 8.339946 8.407043 8.471548 8.534023 8.595015 8.655062 8.714705 8.774498 8.835012 8.896850 8.960658 9.027124 9.097000 9.171091 9.250253 9.335353 9.427213 9.526469 9.633362 9.747463 9.867466 9.991189 10.11587 10.23863 10.35691 10.46863 10.57225 10.66667 10.75121 10.82545 10.88921 10.94241 10.98510
3.008553 3.125086 3.255135 3.399441 3.558574 3.732796 3.921871 4.124830 4.339748 4.563620 4.792457 5.021691 5.246828 5.464073 5.670657 5.864897 6.046034 6.214004 6.369208 6.512341 6.644249 6.765855 6.878097 6.981881 7.078083 7.167521 7.250959 7.329108 7.402629 7.472131 7.538195 7.601358 7.662135 7.721019 7.778488 7.835013 7.891066 7.947122 8.003667 8.061210 8.120278 8.181425 8.245232 8.312296 8.383226 8.458594 8.538892 8.624425 8.715207 8.810816 8.910305 9.012210 9.114707 9.215827 9.313695 9.406668 9.493413 9.572910 9.644419 9.707438 9.761640 9.806841 9.842947
2.893923 2.997605 3.112601 3.239326 3.378017 3.528623 3.690696 3.863246 4.044641 4.232580 4.424194 4.616318 4.805826 4.989958 5.166568 5.334190 5.491992 5.639665 5.777287 5.905209 6.023954 6.134146 6.236454 6.331564 6.420150 6.502861 6.580319 6.653111 6.721787 6.786872 6.848855 6.908201 6.965358 7.020752 7.074803 7.127915 7.180501 7.232961 7.285711 7.339172 7.393775 7.449958 7.508170 7.568854 7.632436 7.699292 7.769705 7.843811 7.921521 8.002455 8.085901 8.170838 8.256001 8.339991 8.421424 8.499025 8.571695 8.638532 8.698835 8.752078 8.797884 8.835997 8.866238
2.785147 2.877255 2.978844 3.090110 3.211081 3.341549 3.480989 3.628492 3.782716 3.941897 4.103938 4.266546 4.427456 4.584641 4.736440 4.881626 5.019408 5.149379 5.271440 5.385725 5.492530 5.592261 5.685389 5.772413 5.853853 5.930215 6.001998 6.069681 6.133724 6.194562 6.252614 6.308279 6.361939 6.413964 6.464714 6.514539 6.563792 6.612814 6.661955 6.711562 6.761982 6.813567 6.866657 6.921579 6.978632 7.038058 7.100017 7.164548 7.231524 7.300623 7.371299 7.442797 7.514197 7.584484 7.652625 7.717629 7.778606 7.834787 7.885545 7.930374 7.968890 8.000798 8.025885
2.682326 2.764085 2.853809 2.951554 3.057225 3.170539 3.290977 3.417737 3.549727 3.685579 3.823708 3.962437 4.100099 4.235156 4.366313 4.492564 4.613199 4.727790 4.836149 4.938278 5.034323 5.124533 5.209228 5.288771 5.363550 5.433956 5.500387 5.563229 5.622859 5.679642 5.733930 5.786059 5.836359 5.885143 5.932723 5.979397 6.025464 6.071215 6.116940 6.162925 6.209453 6.256796 6.305218 6.354958 6.406221 6.459166 6.513874 6.570332 6.628404 6.687812 6.748128 6.808787 6.869107 6.928323 6.985645 7.040303 7.091578 7.138829 7.181506 7.219152 7.251394 7.277936 7.298541
2.585434 2.657989 2.737262 2.823218 2.915700 3.014402 3.118836 3.228316 3.341955 3.458685 3.577306 3.696534 3.815100 3.931840 4.045734 4.155958 4.261901 4.363152 4.459483 4.550820 4.637212 4.718801 4.795795 4.868452 4.937053 5.001903 5.063311 5.121588 5.177039 5.229968 5.280667 5.329419 5.376503 5.422188 5.466735 5.510402 5.553439 5.596091 5.638600 5.681199 5.724114 5.767562 5.811741 5.856828 5.902964 5.950247 5.998714 6.048322 6.098942 6.150340 6.202178 6.254007 6.305305 6.355490 6.403952 6.450083 6.493304 6.533082 6.568950 6.600497 6.627381 6.649317 6.666068
2.494354 2.558753 2.628847 2.704545 2.785662 2.871894 2.962802 3.057803 3.156177 3.257073 3.359552 3.462641 3.565371 3.666826 3.766197 3.862813 3.956148 4.045829 4.131617 4.213400 4.291164 4.364976 4.434967 4.501308 4.564211 4.623900 4.680617 4.734608 4.786120 4.835400 4.882690 4.928231 4.972252 5.014983 5.056644 5.097452 5.137618 5.177347 5.216835 5.256278 5.295854 5.335733 5.376065 5.416978 5.458571 5.500901 5.543975 5.587740 5.632074 5.676776 5.721568 5.766108 5.809986 5.852744 5.893902 5.932979 5.969502 6.003033 6.033172 6.059563 6.081897 6.099907 6.113366
2.408900 2.466093 2.528137 2.594915 2.666231 2.741798 2.821229 2.904032 2.989616 3.077307 3.166370 3.256032 3.345528 3.434143 3.521233 3.606246 3.688738 3.768375 3.844927 3.918262 3.988328 4.055145 4.118784 4.179362 4.237023 4.291938 4.344292 4.394274 4.442086 4.487927 4.531998 4.574492 4.615609 4.655535 4.694458 4.732560 4.770014 4.806993 4.843660 4.880168 4.916664 4.953279 4.990127 5.027299 5.064863 5.102849 5.141248 5.180000 5.218995 5.258066 5.296987 5.335474 5.373200 5.409807 5.444910 5.478125 5.509065 5.537369 5.562695 5.584737 5.603222 5.617907 5.628578
2.328842 2.379678 2.434670 2.493690 2.556542 2.622965 2.692619 2.765090 2.839890 2.916471 2.994242 3.072602 3.150950 3.228709 3.305357 3.380440 3.453579 3.524484 3.592940 3.658808 3.722017 3.782552 3.840447 3.895773 3.948631 3.999142 4.047448 4.093698 4.138047 4.180658 4.221694 4.261315 4.299684 4.336958 4.373293 4.408840 4.443743 4.478143 4.512177 4.545965 4.579626 4.613258 4.646951 4.680769 4.714755 4.748922 4.783251 4.817683 4.852118 4.886409 4.920369 4.953773 4.986361 5.017837 5.047894 5.076218 5.102493 5.126416 5.147701 5.166083 5.181322 5.193200 5.201525
2.253920 2.299154 2.347971 2.400236 2.455768 2.514328 2.575621 2.639295 2.704949 2.772139 2.840394 2.909217 2.978122 3.046651 3.114376 3.180924 3.245975 3.309274 3.370626 3.429893 3.486996 3.541899 3.594606 3.645159 3.693622 3.740085 3.784649 3.827428 3.868549 3.908136 3.946321 3.983239 4.019019 4.053792 4.087689 4.120831 4.153340 4.185331 4.216912 4.248183 4.279236 4.310149 4.340986 4.371793 4.402597 4.433400 4.464174 4.494865 4.525382 4.555603 4.585374 4.614501 4.642768 4.669943 4.695773 4.719999 4.742362 4.762610 4.780500 4.795804 4.808314 4.817835 4.824196
