T3-twomodels/model150.grd
DSAA
         100         100
  -15.00000       15.00000    
  -15.00000       15.00000    
  0.5437307       33.61594    
[rows 56 to 83 of 100, columns 0 to 62 of 100]
3.837655 4.205575 4.629042 5.118530 5.687490 6.352312 7.134567 8.061173 9.167425 10.49060 12.03870 13.68169 15.18933 16.46729 17.53548 18.43214 19.19064 19.83698 20.39136 20.86976 21.28480 21.64685 21.96416 22.24374 22.49121 22.71147 22.90841 23.08559 23.24578 23.39163 23.52519 23.64855 23.76327 23.87110 23.97334 24.07158 24.16704 24.26135 24.35583 24.45245 24.55294 24.66007 24.77661 24.90721 25.05735 25.23654 25.45837 25.74789 26.14416 26.68849 27.31586 27.88799 28.38600 28.83946 29.26227 29.65938 30.03263 30.38249 30.70923 31.01255 31.29229 31.54785 31.77882
3.786952 4.149546 4.567112 5.050093 5.611937 6.269033 7.042984 7.960760 9.057743 10.37131 11.90958 13.54266 15.04050 16.30889 17.36788 18.25578 19.00606 19.64477 20.19211 20.66407 21.07328 21.43004 21.74260 22.01790 22.26154 22.47836 22.67223 22.84664 23.00433 23.14792 23.27944 23.40092 23.51391 23.62012 23.72084 23.81763 23.91167 24.00461 24.09770 24.19292 24.29195 24.39757 24.51251 24.64140 24.78970 24.96691 25.18659 25.47379 25.86754 26.40915 27.03362 27.60271 28.09753 28.54769 28.96708 29.36071 29.73044 30.07680 30.40008 30.70003 30.97652 31.22899 31.45706
3.728899 4.085248 4.495845 4.971102 5.524434 6.172232 6.936124 7.843147 8.928782 10.23054 11.75676 13.37770 14.86351 16.12016 17.16789 18.04515 18.78549 19.41500 19.95395 20.41829 20.82060 21.17118 21.47820 21.74856 21.98778 22.20066 22.39100 22.56225 22.71711 22.85815 22.98734 23.10670 23.21773 23.32212 23.42113 23.51627 23.60873 23.70009 23.79161 23.88523 23.98261 24.08648 24.19957 24.32646 24.47260 24.64745 24.86456 25.14896 25.53967 26.07802 26.69898 27.26432 27.75519 28.20124 28.61641 29.00574 29.37114 29.71317 30.03219 30.32799 30.60048 30.84916 31.07369
3.663342 4.012449 4.414916 4.881084 5.424330 6.061022 6.812809 7.706793 8.778583 10.06588 11.57722 13.18316 14.65415 15.89643 16.93044 17.79481 18.52320 19.14177 19.67078 20.12616 20.52046 20.86388 21.16453 21.42924 21.66343 21.87185 22.05822 22.22593 22.37761 22.51579 22.64240 22.75939 22.86825 22.97062 23.06772 23.16104 23.25173 23.34134 23.43110 23.52292 23.61842 23.72031 23.83128 23.95586 24.09948 24.27156 24.48561 24.76664 25.15367 25.68797 26.30458 26.86532 27.35133 27.79231 28.20226 28.58629 28.94634 29.28308 29.59688 29.88760 30.15523 30.39929 30.61952
3.590152 3.930949 4.324011 4.779584 5.310956 5.934454 6.671725 7.549939 8.604852 9.874408 11.36749 12.95503 14.40782 15.63249 16.64981 17.49863 18.21272 18.81832 19.33566 19.78062 20.16566 20.50089 20.79429 21.05261 21.28117 21.48459 21.66654 21.83031 21.97849 22.11352 22.23727 22.35168 22.45815 22.55831 22.65331 22.74463 22.83338 22.92106 23.00888 23.09870 23.19211 23.29177 23.40032 23.52226 23.66295 23.83178 24.04219 24.31919 24.70173 25.23116 25.84248 26.39749 26.87747 27.31216 27.71566 28.09313 28.44663 28.77685 29.08429 29.36885 29.63058 29.86907 30.08411
3.509244 3.840595 4.222871 4.666176 5.183663 5.791556 6.511463 7.370606 8.404911 9.652631 11.12308 12.68773 14.11800 15.32103 16.31800 17.14804 17.84509 18.43537 18.93910 19.37203 19.74648 20.07241 20.35767 20.60884 20.83112 21.02902 21.20610 21.36556 21.50990 21.64149 21.76215 21.87375 21.97763 22.07538 22.16812 22.25728 22.34390 22.42949 22.51518 22.60280 22.69390 22.79106 22.89689 23.01582 23.15312 23.31813 23.52424 23.79636 24.17344 24.69677 25.30142 25.84933 26.32178 26.74865 27.14412 27.51349 27.85891 28.18118 28.48088 28.75798 29.01260 29.24442 29.45326
3.420607 3.741319 4.111338 4.540546 5.041889 5.631405 6.330588 7.166654 8.175704 9.396389 10.83867 12.37483 13.77709 14.95338 15.92548 16.73288 17.40962 17.98194 18.46988 18.88902 19.25146 19.56695 19.84312 20.08639 20.30176 20.49362 20.66540 20.82018 20.96037 21.08826 21.20558 21.31415 21.41526 21.51043 21.60073 21.68756 21.77191 21.85523 21.93862 22.02384 22.11239 22.20680 22.30958 22.42508 22.55849 22.71903 22.91998 23.18618 23.55652 24.07231 24.66865 25.20752 25.67043 26.08743 26.47287 26.83219 27.16767 27.48024 27.77055 28.03867 28.28480 28.50868 28.71017
3.324325 3.633177 3.989392 4.402545 4.885254 5.453247 6.127749 6.935863 7.913815 9.100740 10.50746 12.00750 13.37446 14.51745 15.45903 16.23909 16.89176 17.44309 17.91287 18.31636 18.66531 18.96918 19.23533 19.46992 19.67778 19.86311 20.02916 20.17891 20.31465 20.43858 20.55235 20.65769 20.75584 20.84827 20.93599 21.02034 21.10226 21.18316 21.26408 21.34672 21.43250 21.52387 21.62326 21.73490 21.86383 22.01912 22.21389 22.47281 22.83468 23.34077 23.92631 24.45356 24.90425 25.30870 25.68151 26.02831 26.35157 26.65233 26.93133 27.18875 27.42483 27.63935 27.83226
3.220622 3.516393 3.857233 4.252285 4.713687 5.256644 5.901889 6.676154 7.615618 8.759933 10.12122 11.57495 12.89689 13.99800 14.90197 15.64908 16.27332 16.80034 17.24943 17.63531 17.96927 18.26036 18.51558 18.74078 18.94054 19.11884 19.27879 19.42319 19.55420 19.67394 19.78395 19.88589 19.98093 20.07047 20.15546 20.23719 20.31655 20.39489 20.47317 20.55304 20.63584 20.72391 20.81955 20.92685 21.05064 21.19977 21.38707 21.63693 21.98796 22.48140 23.05272 23.56454 23.99920 24.38746 24.74429 25.07554 25.38385 25.67035 25.93589 26.18068 26.40499 26.60868 26.79169
3.109872 3.391403 3.715333 4.090240 4.527570 5.041727 5.652555 6.385951 7.277588 8.367444 9.669381 11.06217 12.32551 13.37337 14.23089 14.93843 15.52940 16.02858 16.45436 16.82071 17.13824 17.41543 17.65886 17.87400 18.06513 18.23599 18.38947 18.52823 18.65429 18.76962 18.87570 18.97407 19.06586 19.15237 19.23452 19.31351 19.39018 19.46582 19.54133 19.61826 19.69786 19.78237 19.87392 19.97638 20.09434 20.23624 20.41445 20.65283 20.98951 21.46564 22.01723 22.50801 22.92127 23.28854 23.62519 23.93728 24.22752 24.49710 24.74684 24.97699 25.18781 25.37914 25.55094
2.992668 3.258910 3.564528 3.917366 4.327946 4.809491 5.380403 6.064918 6.897162 7.916603 9.139261 10.44975 11.63522 12.61479 13.41508 14.07563 14.62822 15.09600 15.49597 15.84098 16.14074 16.40306 16.63394 16.83844 17.02048 17.18353 17.33025 17.46312 17.58400 17.69476 17.79675 17.89143 17.97983 18.06321 18.14240 18.21855 18.29243 18.36526 18.43786 18.51171 18.58795 18.66865 18.75578 18.85292 18.96429 19.09777 19.26493 19.48853 19.80561 20.25695 20.77988 21.24074 21.62507 21.96530 22.27694 22.56596 22.83493 23.08489 23.31660 23.53018 23.72587 23.90343 24.06282
2.869854 3.119951 3.406084 3.735218 4.116695 4.562146 5.087820 5.715079 6.474543 7.402651 8.516680 9.712020 10.79179 11.68384 12.41471 13.02063 13.52997 13.96314 14.33512 14.65725 14.93815 15.18478 15.40250 15.59588 15.76847 15.92340 16.06313 16.18991 16.30546 16.41150 16.50927 16.60014 16.68507 16.76522 16.84136 16.91458 16.98559 17.05551 17.12512 17.19576 17.26847 17.34517 17.42758 17.51899 17.62308 17.74693 17.90080 18.10533 18.39466 18.80789 19.28616 19.70359 20.04965 20.35654 20.63867 20.90117 21.14610 21.37417 21.58592 21.78133 21.96051 22.12315 22.26912
2.742642 2.975994 3.241803 3.546058 3.896683 4.303399 4.779551 5.342330 6.015992 6.828953 7.794537 8.826978 9.764464 10.54785 11.19777 11.74258 12.20479 12.60091 12.94330 13.24145 13.50271 13.73307 13.93721 14.11914 14.28201 14.42863 14.56119 14.68173 14.79183 14.89303 14.98650 15.07349 15.15487 15.23172 15.30476 15.37498 15.44304 15.50999 15.57652 15.64386 15.71295 15.78549 15.86300 15.94831 16.04458 16.15778 16.29628 16.47694 16.72733 17.07988 17.48626 17.84306 18.14326 18.41294 18.66293 18.89681 19.11593 19.32061 19.51112 19.68725 19.84898 19.99588 20.12775
2.612780 2.829096 3.074156 3.352966 3.671865 4.038538 4.462940 4.957351 5.537426 6.218884 7.002717 7.828933 8.594638 9.255301 9.817566 10.29779 10.71089 11.06876 11.38077 11.65439 11.89563 12.10942 12.29977 12.47006 12.62309 12.76126 12.88657 13.00079 13.10537 13.20167 13.29080 13.37382 13.45162 13.52510 13.59501 13.66217 13.72727 13.79117 13.85461 13.91857 13.98400 14.05226 14.12479 14.20381 14.29204 14.39395 14.51597 14.66950 14.87193 15.14062 15.44735 15.73236 15.98516 16.21731 16.43467 16.63931 16.83192 17.01260 17.18128 17.33766 17.48148 17.61229 17.72972
2.482526 2.681825 2.906195 3.159648 3.446994 3.773900 4.147074 4.574076 5.062610 5.617090 6.228983 6.862033 7.464552 8.006337 8.482679 8.899173 9.263628 9.583490 9.865258 10.11445 10.33570 10.53296 10.70950 10.86817 11.01133 11.14104 11.25907 11.36695 11.46599 11.55736 11.64211 11.72116 11.79534 11.86545 11.93219 11.99628 12.05839 12.11924 12.17955 12.24013 12.30188 12.36587 12.43340 12.50617 12.58638 12.67716 12.78296 12.91026 13.06734 13.25935 13.47504 13.69124 13.89671 14.09122 14.27598 14.45149 14.61777 14.77457 14.92156 15.05830 15.18433 15.29914 15.40222
2.353968 2.536591 2.740787 2.969621 3.226578 3.515519 3.840544 4.205528 4.613011 5.061647 5.541860 6.032718 6.508151 6.949407 7.348948 7.706513 8.025057 8.308574 8.561152 8.786599 8.988336 9.169377 9.332351 9.479545 9.612948 9.734295 9.845096 9.946670 10.04018 10.12666 10.20703 10.28212 10.35268 10.41941 10.48298 10.54401 10.60312 10.66093 10.71811 10.77535 10.83344 10.89325 10.95588 11.02262 11.09513 11.17557 11.26671 11.37197 11.49478 11.63641 11.79260 11.95498 12.11692 12.27525 12.42856 12.57607 12.71707 12.85096 12.97711 13.09493 13.20382 13.30317 13.39238
2.228605 2.395183 2.580104 2.785614 3.014116 3.268049 3.549649 3.860451 4.200393 4.566391 4.950729 5.340914 5.722661 6.084296 6.419131 6.724824 7.001742 7.251625 7.476789 7.679701 7.862752 8.028175 8.177998 8.314034 8.437910 8.551057 8.654752 8.750122 8.838178 8.919815 8.995848 9.067008 9.133971 9.197361 9.257769 9.315758 9.371883 9.426702 9.480788 9.534748 9.589247 9.645021 9.702934 9.763986 9.829387 9.900577 9.979239 10.06716 10.16581 10.27542 10.39432 10.51926 10.64673 10.77408 10.89949 11.02168 11.13962 11.25242 11.35929 11.45951 11.55238 11.63723 11.71340
2.107469 2.258858 2.425698 2.609567 2.812041 3.034540 3.278103 3.542981 3.828079 4.130269 4.443919 4.761153 5.073277 5.372793 5.654584 5.915984 6.156229 6.375780 6.575786 6.757729 6.923209 7.073820 7.211081 7.336401 7.451074 7.556271 7.653050 7.742367 7.825079 7.901965 7.973730 8.041023 8.104433 8.164522 8.221810 8.276803 8.329990 8.381862 8.432920 8.483686 8.534718 8.586625 8.640088 8.695872 8.754844 8.817967 8.886275 8.960741 9.042049 9.130296 9.224675 9.323615 9.425326 9.528075 9.630378 9.730990 9.828854 9.923038 10.01270 10.09708 10.17543 10.24705 10.31128
1.991265 2.128480 2.278615 2.442742 2.621831 2.816631 3.027466 3.253977 3.494793 3.747237 4.007202 4.269473 4.528509 4.779264 5.017916 5.242070 5.450591 5.643291 5.820609 5.983363 6.132567 6.269323 6.394736 6.509877 6.615759 6.713321 6.803432 6.886883 6.964404 7.036657 7.104255 7.167760 7.227690 7.284538 7.338767 7.390818 7.441126 7.490120 7.538234 7.585916 7.633630 7.681876 7.731189 7.782152 7.835390 7.891555 7.951301 8.015182 8.083559 8.156426 8.233397 8.313715 8.396304 8.480037 8.563838 8.646697 8.727692 8.805967 8.880729 8.951226 9.016747 9.076610 9.130146
1.880457 2.004600 2.139496 2.285842 2.444196 2.614876 2.797824 2.992432 3.197378 3.410504 3.628835 3.848775 4.066510 4.278544 4.482062 4.675080 4.856437 5.025658 5.182783 5.328198 5.462512 5.586455 5.700815 5.806385 5.903945 5.994237 6.077967 6.155783 6.228295 6.296066 6.359616 6.419434 6.475972 6.529659 6.580900 6.630083 6.677589 6.723790 6.769063 6.813783 6.858344 6.903149 6.948622 6.995210 7.043363 7.093538 7.146156 7.201563 7.259959 7.321366 7.385530 7.451951 7.520023 7.589012 7.658139 7.726626 7.793711 7.858663 7.920778 7.979377 8.033800 8.083409 8.127583
1.775314 1.887516 2.008644 2.139127 2.279251 2.429079 2.588359 2.756428 2.932117 3.113718 3.299010 3.485433 3.670345 3.851236 4.025981 4.192986 4.351192 4.500035 4.639343 4.769241 4.890061 5.002269 5.106407 5.203056 5.292803 5.376230 5.453897 5.526333 5.594044 5.657499 5.717146 5.773397 5.826646 5.877264 5.925603 5.972003 6.016796 6.060302 6.102843 6.144741 6.186320 6.227912 6.269851 6.312479 6.356133 6.401132 6.447765 6.496248 6.546704 6.599112 6.653333 6.709094 6.765953 6.823393 6.880853 6.937741 6.993447 7.047366 7.098892 7.147433 7.192400 7.233217 7.269315
1.675945 1.777319 1.886098 2.002523 2.126707 2.258568 2.397777 2.543695 2.695335 2.851353 3.010098 3.169696 3.328189 3.483742 3.634764 3.779981 3.918484 4.049707 4.173385 4.289486 4.398166 4.499703 4.594462 4.682853 4.765319 4.842302 4.914246 4.981579 5.044713 5.104042 5.159940 5.212758 5.262834 5.310487 5.356023 5.399736 5.441911 5.482828 5.522759 5.561977 5.600751 5.639351 5.678048 5.717101 5.756765 5.797272 5.838822 5.881561 5.925565 5.970836 6.017252 6.064585 6.112558 6.160811 6.208919 6.256422 6.302833 6.347654 6.390378 6.430493 6.467489 6.500854 6.530081
1.582331 1.673945 1.771701 1.875721 1.986007 2.102405 2.224566 2.351913 2.483628 2.618645 2.755694 2.893373 3.030264 3.164983 3.296299 3.423198 3.544914 3.660925 3.770932 3.874822 3.972636 4.064526 4.150725 4.231522 4.307236 4.378207 4.444781 4.507299 4.566095 4.621496 4.673811 4.723340 4.770370 4.815172 4.858011 4.899140 4.938805 4.977242 5.014688 5.051370 5.087513 5.123338 5.159060 5.194884 5.231003 5.267588 5.304781 5.342682 5.381337 5.420721 5.460761 5.501322 5.542172 5.583027 5.623568 5.663433 5.702234 5.739562 5.774991 5.808087 5.838409 5.865511 5.888948
1.494358 1.577207 1.665162 1.758261 1.856444 1.959524 2.067166 2.178866 2.293946 2.411566 2.530756 2.650447 2.769532 2.886965 3.001798 3.113225 3.220607 3.323480 3.421547 3.514657 3.602778 3.685981 3.764405 3.838246 3.907734 3.973124 4.034683 4.092677 4.147381 4.199058 4.247967 4.294358 4.338474 4.380548 4.420804 4.459457 4.496721 4.532796 4.567883 4.602173 4.635854 4.669106 4.702103 4.735006 4.767964 4.801105 4.834531 4.868312 4.902480 4.937024 4.971869 5.006876 5.041893 5.076708 5.111066 5.144676 5.177224 5.208369 5.237758 5.265021 5.289781 5.311654 5.330251
1.411842 1.486843 1.566096 1.649591 1.737232 1.828824 1.924059 2.022504 2.123599 2.226673 2.330956 2.435621 2.539845 2.642807 2.743760 2.842053 2.937156 3.028668 3.116308 3.199910 3.279406 3.354808 3.426193 3.493688 3.557456 3.617683 3.674575 3.728340 3.779197 3.827359 3.873041 3.916452 3.957793 3.997262 4.035051 4.071343 4.106318 4.140149 4.173003 4.205043 4.236423 4.267293 4.297793 4.328049 4.358179 4.388278 4.418424 4.448662 4.479010 4.509439 4.539901 4.570314 4.600530 4.630372 4.659636 4.688090 4.715473 4.741506 4.765890 4.788312 4.808452 4.825977 4.840550
1.334547 1.402532 1.474070 1.549119 1.627567 1.709225 1.793817 1.880973 1.970233 2.061059 2.152849 2.244957 2.336712 2.427477 2.516665 2.603752 2.688302 2.769966 2.848492 2.923711 2.995536 3.063946 3.128973 3.190694 3.249221 3.304690 3.357255 3.407077 3.454331 3.499188 3.541824 3.582411 3.621119 3.658113 3.693555 3.727599 3.760401 3.792104 3.822851 3.852777 3.882011 3.910676 3.938884 3.966739 3.994331 4.021732 4.048999 4.076166 4.103241 4.130212 4.157020 4.183570 4.209764 4.235465 4.260499 4.284676 4.307777 4.329569 4.349801 4.368207 4.384514 4.398435 4.409683
1.262210 1.323928 1.388625 1.456239 1.526657 1.599701 1.675126 1.752620 1.831800 1.912231 1.993421 2.074859 2.156036 2.236441 2.315598 2.393079 2.468521 2.541627 2.612173 2.679997 2.745005 2.807152 2.866443 2.922921 2.976658 3.027750 3.076313 3.122472 3.166361 3.208119 3.247889 3.285811 3.322026 3.356673 3.389889 3.421802 3.452543 3.482235 3.510996 3.538940 3.566174 3.592798 3.618905 3.644575 3.669882 3.694877 3.719608 3.744092 3.768332 3.792301 3.815961 3.839255 3.862078 3.884309 3.905808 3.926416 3.945951 3.964216 3.980998 3.996070 4.009202 4.020145 4.028654
1.194549 1.250670 1.309297 1.370361 1.433749 1.499299 1.566797 1.635977 1.706525 1.778082 1.850264 1.922657 1.994834 2.066389 2.136943 2.206148 2.273700 2.339348 2.402892 2.464185 2.523129 2.579669 2.633790 2.685512 2.734878 2.781954 2.826825 2.869586 2.910341 2.949200 2.986279 3.021692 3.055556 3.087985 3.119094 3.148990 3.177784 3.205578 3.232472 3.258560 3.283930 3.308666 3.332841 3.356522 3.379764 3.402609 3.425090 3.447219 3.468995 3.490404 3.511399 3.531908 3.551861 3.571161 3.589687 3.607303 3.623855 3.639176 3.653086 3.665392 3.675894 3.684384 3.690646
