T3-twomodels/model60.grd
DSAA
         100         100
  -15.00000       15.00000    
  -15.00000       15.00000    
  0.7271426       35.39049    
[rows 56 to 83 of 100, columns 0 to 62 of 100]
3.470733 3.844596 4.274410 4.770770 5.347093 6.019900 6.810737 7.746672 8.862987 10.19711 11.75708 13.41302 14.93472 16.22806 17.31302 18.22811 19.00676 19.67530 20.25405 20.75940 21.20414 21.59913 21.95292 22.27312 22.56573 22.83643 23.08968 23.32999 23.56091 23.78635 24.00937 24.23364 24.46210 24.69844 24.94572 25.20789 25.48831 25.79138 26.12085 26.48172 26.87830 27.31637 27.80098 28.33902 28.93658 29.60170 30.33992 31.15190 32.00743 32.78204 33.27722 33.53091 33.70662 33.85323 33.97890 34.08270 34.16712 34.23223 34.28041 34.31179 34.32811 34.32921 34.31615
3.427611 3.796088 4.219938 4.709716 5.278844 5.943838 6.726275 7.653271 8.760194 10.08458 11.63456 13.28042 14.79214 16.07571 17.15124 18.05731 18.82745 19.48802 20.05938 20.55787 20.99632 21.38550 21.73395 22.04922 22.33726 22.60368 22.85291 23.08939 23.31664 23.53848 23.75797 23.97871 24.20359 24.43628 24.67979 24.93805 25.21438 25.51318 25.83819 26.19441 26.58617 27.01925 27.49877 28.03166 28.62408 29.28411 30.01739 30.82465 31.67573 32.44618 32.93761 33.18795 33.36070 33.50472 33.62817 33.73011 33.81299 33.87687 33.92409 33.95481 33.97071 33.97164 33.95866
3.378475 3.740641 4.157449 4.639422 5.199950 5.855547 6.627814 7.543936 8.639376 9.951812 11.48956 13.12311 14.62258 15.89419 16.95819 17.85332 18.61320 19.26422 19.82676 20.31717 20.74820 21.13062 21.47287 21.78244 22.06522 22.32675 22.57139 22.80351 23.02657 23.24433 23.45979 23.67648 23.89727 24.12574 24.36490 24.61862 24.89018 25.18396 25.50368 25.85436 26.24032 26.66739 27.14072 27.66731 28.25341 28.90719 29.63438 30.43583 31.28146 32.04691 32.53379 32.78004 32.94921 33.09015 33.21097 33.31070 33.39178 33.45423 33.50035 33.53028 33.54570 33.54643 33.53352
3.323306 3.678154 4.086751 4.559548 5.109892 5.754273 6.514313 7.417264 8.498711 9.796514 11.31921 12.93755 14.42197 15.67894 16.72895 17.61087 18.35844 18.99811 19.55026 20.03120 20.45364 20.82825 21.16339 21.46648 21.74330 21.99931 22.23878 22.46600 22.68435 22.89753 23.10845 23.32059 23.53675 23.76046 23.99465 24.24315 24.50921 24.79715 25.11069 25.45483 25.83389 26.25374 26.71959 27.23852 27.81688 28.46298 29.18268 29.97696 30.81586 31.57511 32.05642 32.29780 32.46272 32.60001 32.71776 32.81494 32.89395 32.95475 32.99961 33.02865 33.04351 33.04401 33.03118
3.262118 3.608578 4.007680 4.469785 5.008147 5.639215 6.384611 7.271644 8.336053 9.615938 11.12017 12.71988 14.18586 15.42495 16.45795 17.32397 18.05684 18.68310 19.22308 19.69304 20.10560 20.47129 20.79840 21.09418 21.36432 21.61417 21.84789 22.06968 22.28282 22.49092 22.69682 22.90390 23.11489 23.33326 23.56184 23.80443 24.06420 24.34542 24.65178 24.98824 25.35914 25.77039 26.22722 26.73685 27.30573 27.94237 28.65281 29.43823 30.26888 31.02062 31.49522 31.73070 31.89057 32.02361 32.13779 32.23205 32.30869 32.36763 32.41108 32.43911 32.45334 32.45356 32.44081
3.194996 3.531922 3.920147 4.369875 4.894238 5.509574 6.237464 7.105271 8.148896 9.406750 10.88814 12.46471 13.90790 15.12505 16.13737 16.98424 17.69964 18.31011 18.83594 19.29327 19.69454 20.05018 20.36826 20.65590 20.91865 21.16170 21.38911 21.60494 21.81237 22.01490 22.21528 22.41680 22.62209 22.83453 23.05687 23.29281 23.54545 23.81901 24.11709 24.44463 24.80594 25.20694 25.65296 26.15127 26.70854 27.33348 28.03241 28.80680 29.62715 30.36955 30.83596 31.06442 31.21835 31.34644 31.45656 31.54751 31.62150 31.67836 31.72024 31.74714 31.76067 31.76060 31.74791
3.122103 3.448300 3.824163 4.259687 4.767780 5.364606 6.071621 6.916180 7.934364 9.164981 10.61797 12.16580 13.58069 14.77079 15.75787 16.58169 17.27634 17.86833 18.37780 18.82070 19.20923 19.55360 19.86165 20.14033 20.39496 20.63060 20.85113 21.06050 21.26174 21.45825 21.65264 21.84810 22.04716 22.25309 22.46854 22.69709 22.94175 23.20663 23.49525 23.81248 24.16258 24.55147 24.98450 25.46908 26.01205 26.62243 27.30691 28.06739 28.87486 29.60575 30.06215 30.28216 30.42912 30.55154 30.65707 30.74433 30.81540 30.86996 30.91013 30.93581 30.94857 30.94816 30.93554
3.043715 3.357954 3.719908 4.139257 4.628588 5.203741 5.885917 6.702348 7.689241 8.885875 10.30307 11.81450 13.19380 14.35024 15.30643 16.10249 16.77258 17.34305 17.83376 18.26031 18.63459 18.96645 19.26349 19.53236 19.77819 20.00582 20.21895 20.42137 20.61597 20.80600 20.99396 21.18290 21.37523 21.57408 21.78198 22.00240 22.23820 22.49336 22.77128 23.07671 23.41382 23.78845 24.20597 24.67387 25.19919 25.79129 26.45740 27.20009 27.99104 28.70728 29.15133 29.36128 29.50017 29.61617 29.71663 29.79986 29.86775 29.91986 29.95817 29.98255 29.99449 29.99370 29.98115
2.960237 3.261296 3.607758 4.008883 4.476767 5.026738 5.679486 6.461882 7.410079 8.563879 9.935374 11.40022 12.73417 13.84839 14.76657 15.52922 16.17039 16.71599 17.18536 17.59358 17.95205 18.27022 18.55527 18.81355 19.04992 19.26899 19.47423 19.66925 19.85679 20.03994 20.22105 20.40304 20.58815 20.77940 20.97915 21.19071 21.41677 21.66117 21.92712 22.21918 22.54136 22.89938 23.29850 23.74621 24.24970 24.81870 25.46113 26.18055 26.94989 27.64735 28.07600 28.27388 28.40358 28.51253 28.60752 28.68647 28.75100 28.80051 28.83686 28.85984 28.87091 28.86973 28.85724
2.872210 3.158918 3.488358 3.869205 4.312877 4.833886 5.452046 6.193380 7.093534 8.192632 9.504516 10.90812 12.18314 13.24374 14.11505 14.83768 15.44505 15.96221 16.40762 16.79556 17.13674 17.44005 17.71222 17.95919 18.18550 18.39549 18.59240 18.77964 18.95975 19.13565 19.30955 19.48418 19.66165 19.84480 20.03584 20.23786 20.45339 20.68601 20.93873 21.21585 21.52114 21.86003 22.23756 22.66104 23.13764 23.67733 24.28877 24.97695 25.71692 26.38918 26.79830 26.98207 27.10168 27.20325 27.29260 27.36715 27.42821 27.47503 27.50934 27.53088 27.54104 27.53945 27.52703
2.780321 3.051629 3.362633 3.721281 4.138051 4.626286 5.204345 5.896598 6.737137 7.765574 8.997899 10.31890 11.51571 12.50763 13.32129 13.99644 14.56489 15.05004 15.46896 15.83477 16.15732 16.44475 16.70323 16.93826 17.15401 17.35448 17.54269 17.72180 17.89416 18.06252 18.22888 18.39583 18.56529 18.73992 18.92174 19.11364 19.31789 19.53784 19.77618 20.03690 20.32338 20.64066 20.99331 21.38819 21.83208 22.33477 22.90534 23.55045 24.24872 24.88577 25.26966 25.43744 25.54694 25.64142 25.72534 25.79556 25.85316 25.89725 25.92949 25.94955 25.95877 25.95675 25.94441
2.685370 2.940422 3.231815 3.566618 3.954130 4.406103 4.938737 5.573527 6.341054 7.277904 8.401320 9.606853 10.69761 11.60162 12.34542 12.96545 13.49008 13.94000 14.33022 14.67236 14.97514 15.24585 15.49000 15.71258 15.91735 16.10797 16.28718 16.45789 16.62225 16.78281 16.94138 17.10038 17.26154 17.42732 17.59952 17.78080 17.97319 18.17971 18.40272 18.64578 18.91181 19.20525 19.52999 19.89203 20.29718 20.75422 21.27150 21.85647 22.49255 23.07646 23.42709 23.57911 23.68058 23.76941 23.84858 23.91475 23.96897 24.01034 24.04049 24.05904 24.06731 24.06487 24.05260
2.588228 2.826412 3.097352 3.407132 3.763640 4.176699 4.659622 5.229719 5.911210 6.732648 7.707329 8.749642 9.697756 10.49269 11.15509 11.71350 12.19045 12.60268 12.96258 13.27993 13.56215 13.81554 14.04491 14.25469 14.44818 14.62870 14.79869 14.96081 15.11700 15.26956 15.42018 15.57103 15.72368 15.88035 16.04267 16.21299 16.39311 16.58566 16.79266 17.01716 17.26155 17.52948 17.82398 18.14978 18.51113 18.91454 19.36576 19.86981 20.41296 20.91237 21.21915 21.36140 21.46040 21.54617 21.62152 21.68404 21.73496 21.77368 21.80171 21.81878 21.82607 21.82323 21.81102
2.489703 2.710719 2.960786 3.244964 3.569596 3.942424 4.373412 4.874911 5.462589 6.152246 6.944892 7.780637 8.556615 9.228408 9.802703 10.29600 10.72328 11.09659 11.42540 11.71738 11.97865 12.21440 12.42879 12.62553 12.80763 12.97787 13.13856 13.29195 13.43989 13.58433 13.72692 13.86947 14.01353 14.16094 14.31325 14.47241 14.64008 14.81835 15.00905 15.21450 15.43670 15.67825 15.94143 16.22919 16.54411 16.88937 17.26678 17.67520 18.09880 18.48046 18.73445 18.87716 18.97948 19.06445 19.13652 19.19575 19.24334 19.27952 19.30535 19.32101 19.32726 19.32408 19.31189
2.390504 2.594377 2.823624 3.082290 3.375210 3.708084 4.087653 4.521516 5.017416 5.579817 6.200232 6.842469 7.454896 8.007389 8.495311 8.924349 9.302407 9.637049 9.934889 10.20159 10.44195 10.66008 10.85948 11.04319 11.21385 11.37382 11.52517 11.66980 11.80945 11.94576 12.08027 12.21452 12.34996 12.48809 12.63039 12.77838 12.93359 13.09763 13.27206 13.45854 13.65866 13.87401 14.10609 14.35625 14.62539 14.91368 15.21934 15.53624 15.84819 16.12248 16.32633 16.46604 16.56988 16.65338 16.72202 16.77783 16.82211 16.85571 16.87938 16.89360 16.89883 16.89529 16.88316
2.291377 2.478446 2.687383 2.921278 3.183644 3.478370 3.809588 4.181210 4.595812 5.052095 5.540529 6.040237 6.525206 6.976751 7.387409 7.756994 8.088558 8.386195 8.654109 8.896235 9.116135 9.316985 9.501596 9.672460 9.831794 9.981586 10.12364 10.25959 10.39098 10.51923 10.64571 10.77173 10.89859 11.02758 11.15995 11.29698 11.43994 11.59007 11.74861 11.91673 12.09550 12.28584 12.48839 12.70342 12.93048 13.16800 13.41238 13.65667 13.88893 14.09320 14.25764 14.38407 14.48275 14.56202 14.62644 14.67841 14.71936 14.75026 14.77183 14.78456 14.78884 14.78490 14.77287
2.193154 2.364051 2.553575 2.763993 2.997735 3.257269 3.544858 3.862073 4.208888 4.582257 4.974514 5.373211 5.764119 6.135625 6.481107 6.798304 7.087657 7.351006 7.590772 7.809530 8.009809 8.193982 8.364241 8.522582 8.670830 8.810646 8.943559 9.070978 9.194219 9.314525 9.433083 9.551032 9.669483 9.789525 9.912223 10.03862 10.16973 10.30652 10.44990 10.60065 10.75941 10.92658 11.10222 11.28590 11.47645 11.67167 11.86786 12.05937 12.23871 12.39808 12.53268 12.64281 12.73221 12.80504 12.86433 12.91208 12.94958 12.97774 12.99721 13.00846 13.01182 13.00749 12.99559
2.096670 2.252250 2.423552 2.612176 2.819721 3.047636 3.296984 3.568049 3.859772 4.169060 4.490325 4.815734 5.136644 5.445614 5.737590 6.009973 6.262076 6.494443 6.708320 6.905291 7.087072 7.255390 7.411905 7.558186 7.695706 7.825831 7.949843 8.068929 8.184215 8.296763 8.407595 8.517678 8.627960 8.739352 8.852736 8.968951 9.088797 9.212997 9.342185 9.476854 9.617315 9.763619 9.915473 10.07211 10.23214 10.39342 10.55284 10.70641 10.84962 10.97837 11.09016 11.18478 11.26380 11.32922 11.38289 11.42620 11.46019 11.48560 11.50301 11.51280 11.51527 11.51057 11.49881
2.002662 2.143939 2.298395 2.467122 2.651116 2.851144 3.067560 3.300034 3.547226 3.806495 4.073770 4.343881 4.611331 4.871128 5.119504 5.354129 5.573934 5.778810 5.969279 6.146255 6.310853 6.464291 6.607800 6.742593 6.869833 6.990634 7.106049 7.217071 7.324648 7.429683 7.533033 7.635525 7.737947 7.841057 7.945572 8.052158 8.161432 8.273918 8.390042 8.510080 8.634127 8.762022 8.893301 9.027107 9.162127 9.296515 9.427920 9.553598 9.670730 9.776928 9.870807 9.952039 10.02115 10.07916 10.12713 10.16599 10.19650 10.21923 10.23462 10.24301 10.24461 10.23958 10.22797
1.911731 2.039806 2.178883 2.329675 2.492763 2.668487 2.856813 3.057160 3.268237 3.487914 3.713255 3.940703 4.166483 4.387150 4.599938 4.802920 4.994999 5.175766 5.345338 5.504184 5.653005 5.792632 5.923963 6.047912 6.165394 6.277293 6.384473 6.487750 6.587914 6.685722 6.781892 6.877110 6.972034 7.067283 7.163434 7.261008 7.360469 7.462193 7.566445 7.673357 7.782886 7.894770 8.008497 8.123252 8.237898 8.350975 8.460740 8.565313 8.662885 8.751972 8.831579 8.901373 8.961562 9.012622 9.055149 9.089729 9.116880 9.137023 9.150493 9.157537 9.158336 9.152992 9.141553
1.824327 1.940333 2.065501 2.200277 2.344967 2.499654 2.664110 2.837695 3.019269 3.207153 3.399158 3.592760 3.785356 3.974475 4.158046 4.334519 4.502894 4.662667 4.813735 4.956295 5.090760 5.217683 5.337705 5.451507 5.559792 5.663262 5.762608 5.858499 5.951584 6.042490 6.131809 6.220112 6.307937 6.395783 6.484110 6.573323 6.663764 6.755692 6.849264 6.944515 7.041327 7.139410 7.238266 7.337183 7.435228 7.531269 7.624035 7.712204 7.794544 7.870035 7.938045 7.998257 8.050638 8.095415 8.132915 8.163492 8.187487 8.205195 8.216849 8.222639 8.222690 8.217080 8.205832
1.740753 1.845804 1.958483 2.079048 2.207632 2.344169 2.488353 2.639568 2.796852 2.958887 3.124053 3.290506 3.456326 3.619716 3.779123 3.933324 4.081458 4.223012 4.357781 4.485799 4.607291 4.722611 4.832205 4.936575 5.036255 5.131792 5.223737 5.312628 5.398995 5.483348 5.566177 5.647946 5.729091 5.810014 5.891075 5.972582 6.054789 6.137865 6.221896 6.306858 6.392601 6.478838 6.565125 6.650862 6.735306 6.817590 6.896776 6.971923 7.042168 7.106811 7.165310 7.217391 7.263000 7.302200 7.335156 7.362069 7.383154 7.398603 7.408579 7.413210 7.412583 7.406749 7.395712
1.661188 1.756351 1.857869 1.965878 2.080398 2.201292 2.328229 2.460658 2.597778 2.738551 2.881733 3.025952 3.169820 3.311990 3.451266 3.586678 3.717501 3.843263 3.963715 4.078803 4.188626 4.293402 4.393436 4.489089 4.580762 4.668877 4.753867 4.836162 4.916187 4.994357 5.071069 5.146698 5.221594 5.296076 5.370425 5.444873 5.519601 5.594722 5.670269 5.746188 5.822322 5.898406 5.974059 6.048790 6.122012 6.193061 6.261238 6.325850 6.386264 6.441945 6.492533 6.537781 6.577558 6.611863 6.640765 6.664375 6.682815 6.696203 6.704646 6.708224 6.706994 6.700982 6.690179
1.585704 1.671976 1.763555 1.860494 1.962748 2.070146 2.182371 2.298937 2.419190 2.542310 2.667351 2.793273 2.918996 3.043503 3.165883 3.285364 3.401347 3.513409 3.621301 3.724916 3.824279 3.919512 4.010817 4.098450 4.182709 4.263913 4.342401 4.418509 4.492580 4.564944 4.635919 4.705805 4.774883 4.843401 4.911576 4.979583 5.047548 5.115540 5.183564 5.251549 5.319346 5.386719 5.453351 5.518843 5.582732 5.644508 5.703641 5.759618 5.811968 5.860299 5.904274 5.943686 5.978431 6.008460 6.033782 6.054442 6.070503 6.082033 6.089093 6.091730 6.089973 6.083829 6.073284
1.514286 1.592585 1.675329 1.762516 1.854067 1.949802 2.049428 2.152531 2.258570 2.366895 2.476754 2.587349 2.697878 2.807553 2.915650 3.021555 3.124771 3.224932 3.321800 3.415246 3.505249 3.591868 3.675230 3.755512 3.832931 3.907727 3.980159 4.050493 4.118995 4.185929 4.251546 4.316085 4.379765 4.442781 4.505298 4.567444 4.629306 4.690924 4.752284 4.813309 4.873865 4.933748 4.992694 5.050383 5.106449 5.160497 5.212120 5.260924 5.306543 5.348656 5.387042 5.421512 5.451929 5.478236 5.500408 5.518456 5.532400 5.542270 5.548097 5.549902 5.547693 5.541466 5.531198
1.446859 1.518019 1.592914 1.671510 1.753710 1.839340 1.928136 2.019746 2.113728 2.209559 2.306659 2.404404 2.502144 2.599268 2.695214 2.789488 2.881680 2.971477 3.058658 3.143092 3.224727 3.303582 3.379732 3.453293 3.524423 3.593297 3.660113 3.725074 3.788389 3.850263 3.910894 3.970470 4.029160 4.087113 4.144456 4.201280 4.257643 4.313565 4.369020 4.423935 4.478189 4.531609 4.583976 4.635035 4.684494 4.732042 4.777366 4.820159 4.860140 4.897069 4.930717 4.960929 4.987608 5.010677 5.030091 5.045835 5.057904 5.066305 5.071043 5.072122 5.069536 5.063270 5.053297
1.383295 1.448068 1.515990 1.587011 1.661027 1.737874 1.817321 1.899069 1.982754 2.067952 2.154195 2.240986 2.327838 2.414263 2.499804 2.584062 2.666698 2.747442 2.826099 2.902538 2.976695 3.048559 3.118169 3.185600 3.250958 3.314375 3.375996 3.435975 3.494473 3.551647 3.607654 3.662635 3.716722 3.770029 3.822648 3.874645 3.926056 3.976887 4.027107 4.076646 4.125399 4.173219 4.219929 4.265318 4.309155 4.351196 4.391190 4.428895 4.464085 4.496552 4.526147 4.552731 4.576185 4.596438 4.613441 4.627162 4.637582 4.644688 4.648473 4.648927 4.646033 4.639771 4.630109
1.323441 1.382500 1.444224 1.508554 1.575390 1.644580 1.715922 1.789163 1.864003 1.940099 2.017082 2.094555 2.172108 2.249356 2.325938 2.401526 2.475843 2.548658 2.619797 2.689136 2.756606 2.822177 2.885863 2.947708 3.007784 3.066181 3.123008 3.178378 3.232414 3.285236 3.336962 3.387700 3.437551 3.486599 3.534910 3.582531 3.629483 3.675761 3.721330 3.766129 3.810065 3.853014 3.894831 3.935344 3.974366 4.011703 4.047155 4.080529 4.111646 4.140347 4.166472 4.189904 4.210561 4.228366 4.243264 4.255213 4.264186 4.270161 4.273118 4.273039 4.269903 4.263682 4.254344
