T3-twomodels/model150.grd
DSAA
         100         100
  -15.00000       15.00000    
  -15.00000       15.00000    
   1.273978       34.09593    
[rows 0 to 27 of 100, columns 0 to 62 of 100]
1.273979 1.282664 1.291963 1.301841 1.312262 1.323185 1.334571 1.346378 1.358562 1.371081 1.383892 1.396947 1.410201 1.423611 1.437136 1.450733 1.464362 1.477986 1.491567 1.505074 1.518472 1.531734 1.544833 1.557744 1.570446 1.582918 1.595145 1.607110 1.618800 1.630205 1.641314 1.652118 1.662612 1.672790 1.682645 1.692175 1.701376 1.710244 1.718776 1.726969 1.734821 1.742328 1.749487 1.756292 1.762740 1.768825 1.774541 1.779882 1.784838 1.789401 1.793562 1.797309 1.800628 1.803508 1.805934 1.807891 1.809363 1.810335 1.810787 1.810703 1.810065 1.808855 1.807055
1.299343 1.308805 1.318930 1.329680 1.341016 1.352893 1.365267 1.378091 1.391319 1.404899 1.418783 1.432921 1.447268 1.461772 1.476386 1.491065 1.505763 1.520439 1.535054 1.549570 1.563955 1.578176 1.592205 1.606016 1.619588 1.632900 1.645935 1.658677 1.671114 1.683236 1.695033 1.706498 1.717626 1.728412 1.738852 1.748943 1.758683 1.768071 1.777104 1.785781 1.794099 1.802058 1.809653 1.816882 1.823740 1.830223 1.836325 1.842039 1.847357 1.852269 1.856763 1.860829 1.864455 1.867625 1.870324 1.872534 1.874238 1.875417 1.876051 1.876119 1.875602 1.874478 1.872725
1.326927 1.337266 1.348324 1.360060 1.372430 1.385385 1.398876 1.412851 1.427258 1.442041 1.457148 1.472521 1.488102 1.503840 1.519682 1.535578 1.551477 1.567335 1.583107 1.598754 1.614240 1.629530 1.644595 1.659407 1.673944 1.688186 1.702114 1.715714 1.728974 1.741885 1.754438 1.766627 1.778450 1.789901 1.800980 1.811685 1.822016 1.831971 1.841552 1.850757 1.859586 1.868039 1.876114 1.883808 1.891118 1.898041 1.904570 1.910698 1.916418 1.921721 1.926594 1.931026 1.935000 1.938501 1.941512 1.944015 1.945988 1.947411 1.948261 1.948514 1.948147 1.947135 1.945453
1.356842 1.368170 1.380282 1.393131 1.406668 1.420842 1.435596 1.450872 1.466611 1.482750 1.499227 1.515982 1.532955 1.550084 1.567308 1.584572 1.601821 1.619004 1.636073 1.652984 1.669699 1.686180 1.702397 1.718320 1.733926 1.749195 1.764108 1.778653 1.792818 1.806594 1.819976 1.832958 1.845539 1.857718 1.869493 1.880867 1.891840 1.902415 1.912592 1.922373 1.931760 1.940753 1.949353 1.957557 1.965364 1.972770 1.979771 1.986359 1.992527 1.998264 2.003557 2.008395 2.012762 2.016640 2.020010 2.022850 2.025136 2.026846 2.027953 2.028430 2.028249 2.027381 2.025799
1.389223 1.401667 1.414967 1.429074 1.443932 1.459482 1.475664 1.492411 1.509657 1.527333 1.545372 1.563701 1.582247 1.600944 1.619726 1.638530 1.657295 1.675964 1.694485 1.712810 1.730896 1.748703 1.766199 1.783354 1.800143 1.816545 1.832544 1.848127 1.863285 1.878009 1.892296 1.906145 1.919553 1.932523 1.945057 1.957158 1.968830 1.980076 1.990902 2.001310 2.011304 2.020886 2.030059 2.038821 2.047173 2.055111 2.062632 2.069729 2.076395 2.082619 2.088390 2.093690 2.098504 2.102812 2.106592 2.109821 2.112473 2.114520 2.115932 2.116679 2.116727 2.116044 2.114596
1.424211 1.437913 1.452555 1.468082 1.484432 1.501540 1.519337 1.537749 1.556700 1.576113 1.595904 1.615999 1.636320 1.656787 1.677326 1.697864 1.718333 1.738670 1.758817 1.778722 1.798336 1.817619 1.836535 1.855053 1.873150 1.890802 1.907996 1.924719 1.940963 1.956725 1.972000 1.986791 2.001100 2.014930 2.028286 2.041176 2.053606 2.065581 2.077110 2.088198 2.098852 2.109076 2.118872 2.128245 2.137193 2.145717 2.153812 2.161473 2.168691 2.175457 2.181756 2.187574 2.192891 2.197688 2.201940 2.205618 2.208695 2.211138 2.212913 2.213984 2.214314 2.213865 2.212596
1.461962 1.477083 1.493241 1.510373 1.528411 1.547282 1.566908 1.587207 1.608091 1.629474 1.651267 1.673375 1.695706 1.718175 1.740696 1.763188 1.785575 1.807785 1.829754 1.851425 1.872745 1.893670 1.914163 1.934192 1.953731 1.972761 1.991267 2.009240 2.026674 2.043567 2.059919 2.075735 2.091021 2.105783 2.120032 2.133775 2.147024 2.159789 2.172079 2.183904 2.195273 2.206192 2.216670 2.226707 2.236309 2.245475 2.254202 2.262486 2.270320 2.277692 2.284591 2.290997 2.296889 2.302244 2.307036 2.311234 2.314805 2.317713 2.319920 2.321382 2.322057 2.321901 2.320865
1.502653 1.519377 1.537248 1.556196 1.576145 1.597015 1.618716 1.641155 1.664234 1.687849 1.711896 1.736274 1.760881 1.785615 1.810377 1.835074 1.859620 1.883935 1.907948 1.931595 1.954818 1.977571 1.999814 2.021514 2.042647 2.063193 2.083141 2.102483 2.121216 2.139342 2.156866 2.173795 2.190139 2.205911 2.221123 2.235789 2.249922 2.263539 2.276651 2.289273 2.301416 2.313091 2.324307 2.335070 2.345386 2.355257 2.364681 2.373655 2.382171 2.390220 2.397784 2.404847 2.411389 2.417381 2.422795 2.427593 2.431742 2.435197 2.437914 2.439847 2.440943 2.441151 2.440417
1.546474 1.565009 1.584816 1.605820 1.627937 1.651075 1.675134 1.700006 1.725580 1.751739 1.778367 1.805338 1.832533 1.859835 1.887135 1.914325 1.941307 1.967993 1.994300 2.020159 2.045507 2.070295 2.094481 2.118031 2.140922 2.163137 2.184666 2.205505 2.225656 2.245125 2.263921 2.282056 2.299546 2.316409 2.332660 2.348320 2.363408 2.377943 2.391942 2.405424 2.418404 2.430897 2.442916 2.454469 2.465566 2.476210 2.486402 2.496139 2.505416 2.514221 2.522542 2.530356 2.537638 2.544359 2.550488 2.555984 2.560806 2.564905 2.568230 2.570726 2.572335 2.572996 2.572644
1.593638 1.614218 1.636217 1.659554 1.684132 1.709849 1.736590 1.764235 1.792652 1.821706 1.851257 1.881168 1.911304 1.941526 1.971705 2.001719 2.031455 2.060811 2.089698 2.118036 2.145760 2.172814 2.199157 2.224755 2.249586 2.273636 2.296898 2.319375 2.341071 2.361999 2.382174 2.401615 2.420343 2.438381 2.455752 2.472483 2.488597 2.504119 2.519073 2.533482 2.547365 2.560744 2.573633 2.586047 2.597996 2.609488 2.620526 2.631109 2.641232 2.650883 2.660046 2.668702 2.676824 2.684381 2.691334 2.697640 2.703247 2.708105 2.712152 2.715325 2.717556 2.718775 2.718907
1.644374 1.667268 1.691752 1.717736 1.745114 1.773769 1.803572 1.834381 1.866049 1.898417 1.931328 1.964613 1.998109 2.031659 2.065114 2.098333 2.131186 2.163560 2.195350 2.226471 2.256851 2.286432 2.315171 2.343035 2.370006 2.396072 2.421235 2.445498 2.468877 2.491390 2.513059 2.533910 2.553972 2.573275 2.591851 2.609731 2.626947 2.643530 2.659510 2.674916 2.689774 2.704109 2.717942 2.731291 2.744172 2.756595 2.768566 2.780086 2.791152 2.801753 2.811875 2.821493 2.830578 2.839094 2.846999 2.854244 2.860774 2.866524 2.871429 2.875414 2.878400 2.880306 2.881043
1.698930 1.724443 1.751748 1.780742 1.811310 1.843319 1.876622 1.911056 1.946446 1.982608 2.019350 2.056484 2.093821 2.131174 2.168365 2.205231 2.241623 2.277409 2.312474 2.346722 2.380076 2.412475 2.443876 2.474249 2.503579 2.531861 2.559102 2.585317 2.610526 2.634757 2.658040 2.680413 2.701911 2.722574 2.742442 2.761555 2.779951 2.797671 2.814753 2.831230 2.847137 2.862504 2.877360 2.891727 2.905626 2.919070 2.932071 2.944631 2.956749 2.968414 2.979610 2.990314 3.000495 3.010114 3.019121 3.027461 3.035070 3.041877 3.047801 3.052760 3.056661 3.059407 3.060899
1.757585 1.786066 1.816574 1.848997 1.883207 1.919055 1.956370 1.994964 2.034635 2.075167 2.116337 2.157913 2.199666 2.241379 2.282846 2.323874 2.364291 2.403945 2.442709 2.480476 2.517163 2.552707 2.587067 2.620217 2.652148 2.682863 2.712379 2.740719 2.767915 2.794006 2.819034 2.843045 2.866086 2.888207 2.909459 2.929890 2.949551 2.968488 2.986748 3.004375 3.021411 3.037893 3.053855 3.069329 3.084339 3.098906 3.113044 3.126760 3.140054 3.152919 3.165340 3.177290 3.188732 3.199623 3.209909 3.219528 3.228405 3.236459 3.243599 3.249725 3.254733 3.258508 3.260935
1.820632 1.852479 1.886629 1.922965 1.961343 2.001593 2.043521 2.086910 2.131517 2.177086 2.223345 2.270028 2.316867 2.363595 2.409969 2.455760 2.500767 2.544818 2.587768 2.629500 2.669926 2.708983 2.746633 2.782857 2.817655 2.851040 2.883041 2.913695 2.943047 2.971148 2.998056 3.023827 3.048522 3.072205 3.094935 3.116775 3.137784 3.158021 3.177543 3.196402 3.214649 3.232331 3.249492 3.266169 3.282393 3.298194 3.313590 3.328592 3.343204 3.357420 3.371221 3.384584 3.397472 3.409834 3.421609 3.432724 3.443095 3.452627 3.461215 3.468743 3.475089 3.480120 3.483700
1.888392 1.924057 1.962356 2.003162 2.046318 2.091632 2.138882 2.187810 2.238134 2.289547 2.341732 2.394353 2.447081 2.499604 2.551628 2.602888 2.653147 2.702206 2.749902 2.796108 2.840734 2.883716 2.925024 2.964649 3.002604 3.038917 3.073631 3.106801 3.138487 3.168759 3.197688 3.225347 3.251813 3.277163 3.301471 3.324811 3.347258 3.368881 3.389748 3.409925 3.429471 3.448446 3.466902 3.484886 3.502440 3.519598 3.536386 3.552823 3.568916 3.584661 3.600045 3.615038 3.629598 3.643668 3.657181 3.670052 3.682187 3.693474 3.703790 3.713002 3.720966 3.727529 3.732529
1.961205 2.001204 2.044232 2.090156 2.138802 2.189958 2.243364 2.298721 2.355690 2.413899 2.472956 2.532465 2.592034 2.651276 2.709836 2.767395 2.823677 2.878453 2.931540 2.982803 3.032147 3.079518 3.124894 3.168280 3.209709 3.249228 3.286902 3.322801 3.357012 3.389621 3.420720 3.450400 3.478758 3.505883 3.531869 3.556806 3.580780 3.603877 3.626178 3.647761 3.668701 3.689066 3.708923 3.728328 3.747335 3.765988 3.784323 3.802363 3.820122 3.837600 3.854781 3.871639 3.888130 3.904190 3.919738 3.934680 3.948903 3.962278 3.974662 3.985900 3.995821 4.004249 4.010993
2.039431 2.084354 2.132777 2.184567 2.239537 2.297448 2.358003 2.420847 2.485576 2.551742 2.618871 2.686463 2.754025 2.821095 2.887242 2.952084 3.015295 3.076614 3.135836 3.192819 3.247471 3.299747 3.349644 3.397190 3.442438 3.485464 3.526355 3.565215 3.602149 3.637269 3.670692 3.702531 3.732902 3.761915 3.789683 3.816312 3.841907 3.866568 3.890394 3.913477 3.935907 3.957767 3.979136 4.000088 4.020687 4.040988 4.061042 4.080879 4.100522 4.119977 4.139232 4.158257 4.176998 4.195386 4.213332 4.230722 4.247427 4.263294 4.278158 4.291835 4.304126 4.314822 4.323702
2.123447 2.173959 2.228542 2.287066 2.349334 2.415082 2.483968 2.555573 2.629408 2.704922 2.781518 2.858590 2.935535 3.011768 3.086761 3.160054 3.231263 3.300086 3.366302 3.429762 3.490385 3.548145 3.603065 3.655202 3.704643 3.751498 3.795887 3.837945 3.877810 3.915625 3.951530 3.985669 4.018178 4.049192 4.078846 4.107265 4.134575 4.160893 4.186337 4.211016 4.235036 4.258501 4.281505 4.304138 4.326481 4.348606 4.370574 4.392432 4.414210 4.435922 4.457555 4.479084 4.500453 4.521581 4.542361 4.562660 4.582326 4.601180 4.619025 4.635644 4.650805 4.664260 4.675752
2.213645 2.270502 2.332121 2.398384 2.469091 2.543956 2.622588 2.704489 2.789069 2.875645 2.963483 3.051801 3.139830 3.226849 3.312207 3.395345 3.475811 3.553261 3.627459 3.698258 3.765597 3.829484 3.889976 3.947176 4.001211 4.052236 4.100415 4.145923 4.188935 4.229629 4.268179 4.304758 4.339532 4.372663 4.404306 4.434614 4.463732 4.491800 4.518956 4.545329 4.571048 4.596232 4.621001 4.645463 4.669718 4.693861 4.717969 4.742106 4.766319 4.790630 4.815036 4.839504 4.863969 4.888340 4.912490 4.936267 4.959484 4.981929 5.003369 5.023547 5.042185 5.058998 5.073677
2.310410 2.374461 2.444112 2.519275 2.599761 2.685262 2.775338 2.869402 2.966729 3.066465 3.167667 3.269353 3.370552 3.470339 3.567899 3.662552 3.753763 3.841150 3.924464 4.003580 4.078474 4.149194 4.215859 4.278626 4.337685 4.393242 4.445517 4.494734 4.541112 4.584875 4.626235 4.665397 4.702562 4.737921 4.771659 4.803952 4.834972 4.864883 4.893846 4.922015 4.949541 4.976569 5.003242 5.029693 5.056049 5.082430 5.108938 5.135660 5.162658 5.189970 5.217597 5.245510 5.273642 5.301878 5.330068 5.358024 5.385521 5.412306 5.438097 5.462586 5.485448 5.506339 5.524904
2.414123 2.486315 2.565131 2.650531 2.742357 2.840301 2.943869 3.052375 3.164926 3.280449 3.397739 3.515506 3.632475 3.747473 3.859474 3.967646 4.071365 4.170211 4.263947 4.352482 4.435853 4.514185 4.587670 4.656546 4.721076 4.781543 4.838230 4.891419 4.941390 4.988411 5.032742 5.074628 5.114308 5.152007 5.187941 5.222314 5.255329 5.287176 5.318041 5.348107 5.377553 5.406552 5.435277 5.463893 5.492560 5.521429 5.550635 5.580299 5.610508 5.641323 5.672758 5.704778 5.737298 5.770185 5.803255 5.836272 5.868965 5.901020 5.932097 5.961825 5.989817 6.015669 6.038960
2.525127 2.606511 2.695761 2.792928 2.897919 3.010447 3.129986 3.255734 3.386593 3.521189 3.657934 3.795141 3.931139 4.064381 4.193563 4.317669 4.435978 4.548053 4.653691 4.752878 4.845747 4.932529 5.013526 5.089078 5.159551 5.225311 5.286729 5.344159 5.397944 5.448412 5.495875 5.540624 5.582940 5.623086 5.661313 5.697859 5.732957 5.766829 5.799691 5.831757 5.863238 5.894341 5.925276 5.956247 5.987455 6.019097 6.051354 6.084386 6.118322 6.153248 6.189191 6.226125 6.263948 6.302488 6.341508 6.380712 6.419754 6.458248 6.495772 6.531884 6.566118 6.597993 6.627023
2.643722 2.735441 2.836539 2.947206 3.067473 3.197124 3.335633 3.482086 3.635136 3.793012 3.953615 4.114639 4.273818 4.429112 4.578850 4.721799 4.857152 4.984491 5.103703 5.214904 5.318376 5.414504 5.503738 5.586556 5.663448 5.734894 5.801363 5.863296 5.921114 5.975213 6.025960 6.073704 6.118770 6.161465 6.202077 6.240884 6.278151 6.314134 6.349084 6.383251 6.416881 6.450225 6.483536 6.517065 6.551073 6.585812 6.621527 6.658442 6.696742 6.736559 6.777951 6.820877 6.865205 6.910707 6.957070 7.003910 7.050776 7.097183 7.142611 7.186516 7.228342 7.267525 7.303496
2.770118 2.873398 2.987885 3.113992 3.251953 3.401715 3.562823 3.734284 3.914461 4.101047 4.291166 4.481645 4.669352 4.851516 5.025982 5.191270 5.346539 5.491462 5.626104 5.750799 5.866050 5.972460 6.070676 6.161355 6.245145 6.322663 6.394495 6.461186 6.523247 6.581148 6.635327 6.686189 6.734114 6.779449 6.822534 6.863681 6.903194 6.941368 6.978494 7.014859 7.050754 7.086477 7.122334 7.158642 7.195732 7.233937 7.273592 7.315015 7.358479 7.404183 7.452216 7.502540 7.554971 7.609182 7.664736 7.721107 7.777703 7.833899 7.889043 7.942477 7.993536 8.041559 8.085889
2.904409 3.020526 3.150049 3.293717 3.452094 3.625442 3.813518 4.015350 4.229007 4.451475 4.678762 4.906290 5.129557 5.344756 5.549108 5.740920 5.919416 6.084518 6.236612 6.376369 6.504619 6.622262 6.730206 6.829335 6.920487 7.004447 7.081940 7.153630 7.220129 7.281993 7.339737 7.393829 7.444705 7.492769 7.538402 7.581961 7.623793 7.664233 7.703613 7.742269 7.780538 7.818775 7.857355 7.896674 7.937153 7.979240 8.023405 8.070104 8.119756 8.172676 8.229018 8.288714 8.351470 8.416792 8.484035 8.552457 8.621262 8.689631 8.756756 8.821834 8.884083 8.942741 8.997067
3.046520 3.176763 3.323020 3.486495 3.668278 3.869169 4.089404 4.328275 4.583667 4.851661 5.126523 5.401417 5.669646 5.925822 6.166422 6.389678 6.595148 6.783253 6.954926 7.111353 7.253826 7.383638 7.502030 7.610168 7.709119 7.799865 7.883291 7.960196 8.031308 8.097279 8.158705 8.216124 8.270037 8.320903 8.369148 8.415182 8.459394 8.502164 8.543872 8.584900 8.625647 8.666533 8.708008 8.750571 8.794767 8.841204 8.890542 8.943468 9.000646 9.062594 9.129564 9.201436 9.277700 9.357527 9.439909 9.523762 9.607995 9.691553 9.773435 9.852686 9.928412 9.999760 10.06591
3.196158 3.341763 3.506425 3.691989 3.900315 4.133089 4.391487 4.675590 4.983506 5.310330 5.647648 5.984598 6.310637 6.618042 6.902601 7.162936 7.399447 7.613495 7.806887 7.981560 8.139423 8.282279 8.411785 8.529435 8.636579 8.734412 8.824011 8.906322 8.982196 9.052393 9.117597 9.178427 9.235444 9.289169 9.340084 9.388643 9.435285 9.480438 9.524534 9.568008 9.611322 9.654976 9.699512 9.745552 9.793803 9.845094 9.900371 9.960703 10.02719 10.10075 10.18186 10.27020 10.36474 10.46401 10.56634 10.67015 10.77394 10.87641 10.97635 11.07270 11.16446 11.25074 11.33068
3.352726 3.514802 3.699405 3.909215 4.147166 4.416302 4.719448 5.058477 5.432855 5.837193 6.258886 6.679410 7.081029 7.452672 7.790173 8.093677 8.365376 8.608236 8.825360 9.019712 9.194008 9.350677 9.491862 9.619457 9.735119 9.840295 9.936256 10.02412 10.10488 10.17940 10.24846 10.31276 10.37293 10.42956 10.48318 10.53430 10.58342 10.63099 10.67752 10.72350 10.76946 10.81598 10.86372 10.91345 10.96609 11.02274 11.08481 11.15396 11.23215 11.32117 11.42193 11.53360 11.65386 11.77981 11.90873 12.03835 12.16680 12.29252 12.41423 12.53081 12.64130 12.74479 12.84047
