T3-twomodels/model30.grd
DSAA
         100         100
  -15.00000       15.00000    
  -15.00000       15.00000    
   2.137857       35.94473    
[rows 0 to 27 of 100, columns 0 to 62 of 100]
2.137859 2.148498 2.159882 2.171981 2.184754 2.198165 2.212172 2.226732 2.241803 2.257338 2.273294 2.289621 2.306272 2.323201 2.340362 2.357709 2.375197 2.392784 2.410425 2.428080 2.445708 2.463273 2.480737 2.498065 2.515223 2.532179 2.548902 2.565362 2.581532 2.597383 2.612888 2.628023 2.642762 2.657081 2.670958 2.684369 2.697292 2.709707 2.721592 2.732926 2.743692 2.753870 2.763441 2.772389 2.780697 2.788349 2.795329 2.801624 2.807220 2.812105 2.816266 2.819691 2.822371 2.824296 2.825459 2.825850 2.825463 2.824291 2.822331 2.819576 2.816024 2.811672 2.806519
2.158680 2.170192 2.182510 2.195596 2.209409 2.223908 2.239046 2.254779 2.271057 2.287829 2.305045 2.322655 2.340609 2.358855 2.377342 2.396019 2.414837 2.433750 2.452710 2.471675 2.490601 2.509448 2.528176 2.546750 2.565133 2.583291 2.601194 2.618809 2.636107 2.653060 2.669641 2.685822 2.701579 2.716887 2.731720 2.746057 2.759873 2.773147 2.785856 2.797981 2.809500 2.820393 2.830642 2.840227 2.849133 2.857340 2.864834 2.871599 2.877621 2.882885 2.887380 2.891093 2.894015 2.896134 2.897441 2.897927 2.897585 2.896407 2.894387 2.891521 2.887803 2.883231 2.877802
2.181201 2.193696 2.207063 2.221259 2.236242 2.251965 2.268377 2.285428 2.303064 2.321232 2.339876 2.358938 2.378359 2.398084 2.418058 2.438226 2.458534 2.478932 2.499368 2.519795 2.540169 2.560445 2.580583 2.600543 2.620289 2.639784 2.658997 2.677895 2.696447 2.714623 2.732397 2.749741 2.766628 2.783032 2.798928 2.814292 2.829101 2.843329 2.856956 2.869959 2.882316 2.894006 2.905009 2.915305 2.924876 2.933704 2.941772 2.949064 2.955562 2.961256 2.966130 2.970170 2.973366 2.975705 2.977177 2.977774 2.977487 2.976308 2.974230 2.971247 2.967352 2.962543 2.956814
2.205486 2.219085 2.233629 2.249074 2.265371 2.282469 2.300314 2.318849 2.338013 2.357746 2.377984 2.398666 2.419732 2.441117 2.462759 2.484597 2.506573 2.528630 2.550714 2.572774 2.594762 2.616629 2.638335 2.659836 2.681095 2.702075 2.722741 2.743060 2.763002 2.782536 2.801632 2.820263 2.838402 2.856021 2.873096 2.889601 2.905510 2.920799 2.935444 2.949422 2.962710 2.975286 2.987128 2.998216 3.008529 3.018048 3.026756 3.034634 3.041667 3.047836 3.053130 3.057535 3.061038 3.063627 3.065290 3.066017 3.065798 3.064625 3.062489 3.059383 3.055300 3.050236 3.044185
2.231610 2.246447 2.262314 2.279161 2.296937 2.315582 2.335038 2.355241 2.376124 2.397622 2.419665 2.442180 2.465096 2.488344 2.511856 2.535565 2.559407 2.583320 2.607244 2.631125 2.654910 2.678549 2.701997 2.725210 2.748148 2.770773 2.793051 2.814945 2.836426 2.857461 2.878021 2.898078 2.917603 2.936570 2.954950 2.972718 2.989847 3.006312 3.022088 3.037149 3.051472 3.065032 3.077808 3.089776 3.100916 3.111206 3.120627 3.129161 3.136790 3.143498 3.149269 3.154086 3.157937 3.160808 3.162688 3.163567 3.163431 3.162272 3.160082 3.156850 3.152570 3.147233 3.140835
2.259644 2.275871 2.293224 2.311648 2.331084 2.351471 2.372740 2.394821 2.417640 2.441119 2.465179 2.489743 2.514736 2.540076 2.565686 2.591492 2.617423 2.643409 2.669389 2.695299 2.721086 2.746695 2.772078 2.797191 2.821991 2.846440 2.870500 2.894138 2.917321 2.940017 2.962197 2.983831 3.004891 3.025347 3.045173 3.064340 3.082822 3.100591 3.117621 3.133884 3.149357 3.164012 3.177826 3.190774 3.202834 3.213983 3.224200 3.233465 3.241760 3.249064 3.255363 3.260642 3.264885 3.268077 3.270207 3.271259 3.271225 3.270093 3.267851 3.264490 3.260002 3.254377 3.247607
2.289672 2.307460 2.326482 2.346678 2.367984 2.390331 2.413643 2.437840 2.462840 2.488557 2.514904 2.541788 2.569119 2.596810 2.624776 2.652934 2.681203 2.709509 2.737782 2.765957 2.793972 2.821771 2.849304 2.876524 2.903388 2.929855 2.955889 2.981455 3.006520 3.031052 3.055022 3.078400 3.101156 3.123261 3.144687 3.165405 3.185386 3.204601 3.223023 3.240622 3.257372 3.273245 3.288214 3.302253 3.315338 3.327445 3.338551 3.348634 3.357674 3.365653 3.372552 3.378352 3.383037 3.386593 3.389007 3.390264 3.390352 3.389260 3.386973 3.383483 3.378778 3.372846 3.365680
2.321787 2.341328 2.362226 2.384417 2.407829 2.432385 2.458001 2.484586 2.512047 2.540283 2.569194 2.598680 2.628643 2.658979 2.689593 2.720390 2.751281 2.782183 2.813019 2.843718 2.874214 2.904449 2.934369 2.963925 2.993074 3.021775 3.049992 3.077689 3.104834 3.131396 3.157345 3.182650 3.207283 3.231213 3.254410 3.276845 3.298488 3.319308 3.339275 3.358359 3.376529 3.393756 3.410012 3.425267 3.439496 3.452672 3.464771 3.475767 3.485641 3.494369 3.501934 3.508317 3.513502 3.517473 3.520212 3.521706 3.521942 3.520905 3.518583 3.514963 3.510033 3.503779 3.496191
2.356080 2.377590 2.400599 2.425038 2.450825 2.477876 2.506094 2.535378 2.565620 2.596710 2.628536 2.660975 2.693910 2.727231 2.760824 2.794588 2.828421 2.862230 2.895931 2.929448 2.962708 2.995652 3.028222 3.060369 3.092049 3.123222 3.153852 3.183905 3.213348 3.242153 3.270288 3.297724 3.324432 3.350381 3.375541 3.399879 3.423366 3.445968 3.467652 3.488387 3.508137 3.526874 3.544565 3.561177 3.576684 3.591054 3.604262 3.616283 3.627092 3.636667 3.644988 3.652032 3.657782 3.662221 3.665334 3.667103 3.667516 3.666556 3.664210 3.660463 3.655300 3.648708 3.640672
2.392651 2.416376 2.441764 2.468736 2.497206 2.527076 2.558239 2.590580 2.623973 2.658291 2.693399 2.729165 2.765459 2.802148 2.839104 2.876207 2.913345 2.950415 2.987323 3.023985 3.060326 3.096282 3.131796 3.166816 3.201299 3.235206 3.268503 3.301158 3.333141 3.364423 3.394974 3.424767 3.453771 3.481955 3.509290 3.535741 3.561275 3.585857 3.609452 3.632025 3.653539 3.673960 3.693253 3.711382 3.728317 3.744025 3.758477 3.771645 3.783501 3.794022 3.803185 3.810971 3.817361 3.822333 3.825872 3.827962 3.828585 3.827726 3.825370 3.821501 3.816103 3.809157 3.800647
2.431604 2.457822 2.485891 2.515727 2.547232 2.580296 2.614799 2.650608 2.687581 2.725570 2.764425 2.803984 2.844088 2.884591 2.925346 2.966216 3.007074 3.047805 3.088305 3.128484 3.168261 3.207570 3.246351 3.284557 3.322144 3.359075 3.395322 3.430851 3.465639 3.499657 3.532879 3.565277 3.596823 3.627485 3.657231 3.686027 3.713837 3.740624 3.766349 3.790973 3.814457 3.836760 3.857845 3.877674 3.896210 3.913418 3.929267 3.943724 3.956761 3.968354 3.978476 3.987103 3.994216 3.999795 4.003824 4.006284 4.007158 4.006431 4.004083 4.000100 3.994461 3.987148 3.978141
2.473046 2.502073 2.533169 2.566243 2.601187 2.637878 2.676178 2.715935 2.756983 2.799148 2.842248 2.886104 2.930538 2.975369 3.020427 3.065555 3.110609 3.155457 3.199987 3.244099 3.287710 3.330750 3.373163 3.414900 3.455923 3.496199 3.535703 3.574409 3.612294 3.649336 3.685510 3.720792 3.755152 3.788561 3.820986 3.852390 3.882734 3.911978 3.940081 3.966997 3.992685 4.017097 4.040194 4.061929 4.082265 4.101161 4.118580 4.134487 4.148853 4.161647 4.172843 4.182418 4.190352 4.196623 4.201212 4.204102 4.205275 4.204712 4.202397 4.198310 4.192432 4.184739 4.175209
2.517090 2.549284 2.583802 2.620546 2.659395 2.700214 2.742842 2.787104 2.832808 2.879751 2.927724 2.976505 3.025878 3.075636 3.125583 3.175535 3.225329 3.274816 3.323872 3.372390 3.420282 3.467479 3.513924 3.559576 3.604403 3.648377 3.691481 3.733694 3.775001 3.815383 3.854823 3.893296 3.930777 3.967235 4.002637 4.036943 4.070114 4.102104 4.132866 4.162352 4.190512 4.217295 4.242652 4.266535 4.288899 4.309697 4.328889 4.346437 4.362306 4.376466 4.388886 4.399541 4.408409 4.415469 4.420701 4.424088 4.425613 4.425258 4.423003 4.418828 4.412711 4.404628 4.394553
2.563846 2.599613 2.638005 2.678914 2.722210 2.767736 2.815312 2.864732 2.915772 2.968188 3.021725 3.076130 3.131150 3.186534 3.242052 3.297485 3.352647 3.407370 3.461516 3.514972 3.567647 3.619473 3.670401 3.720394 3.769429 3.817491 3.864570 3.910655 3.955741 3.999816 4.042866 4.084874 4.125816 4.165661 4.204378 4.241922 4.278251 4.313315 4.347060 4.379433 4.410375 4.439828 4.467737 4.494046 4.518702 4.541652 4.562852 4.582256 4.599826 4.615528 4.629329 4.641206 4.651136 4.659097 4.665067 4.669032 4.670974 4.670873 4.668712 4.664469 4.658120 4.649639 4.638995
2.613419 2.653224 2.696006 2.741652 2.790019 2.840932 2.894181 2.949529 3.006709 3.065433 3.125401 3.186296 3.247808 3.309644 3.371527 3.433206 3.494462 3.555106 3.614987 3.673984 3.732006 3.788991 3.844897 3.899701 3.953392 4.005968 4.057435 4.107795 4.157052 4.205207 4.252253 4.298178 4.342962 4.386577 4.428988 4.470151 4.510016 4.548529 4.585630 4.621254 4.655336 4.687810 4.718610 4.747668 4.774925 4.800321 4.823802 4.845319 4.864828 4.882292 4.897677 4.910952 4.922094 4.931084 4.937904 4.942539 4.944970 4.945181 4.943155 4.938869 4.932298 4.923413 4.912180
2.665910 2.710278 2.758042 2.809085 2.863250 2.920342 2.980121 3.042305 3.106578 3.172591 3.239969 3.308343 3.377341 3.446600 3.515787 3.584605 3.652796 3.720151 3.786501 3.851721 3.915723 3.978456 4.039892 4.100024 4.158861 4.216421 4.272727 4.327802 4.381663 4.434326 4.485794 4.536062 4.585117 4.632929 4.679465 4.724679 4.768514 4.810908 4.851793 4.891094 4.928735 4.964636 4.998721 5.030911 5.061134 5.089320 5.115406 5.139334 5.161055 5.180522 5.197704 5.212573 5.225102 5.235274 5.243071 5.248480 5.251487 5.252078 5.250234 5.245936 5.239158 5.229867 5.218028
2.721404 2.770933 2.824358 2.881557 2.942369 3.006572 3.073890 3.143994 3.216501 3.290989 3.367012 3.444095 3.521775 3.599617 3.677216 3.754220 3.830328 3.905302 3.978960 4.051175 4.121870 4.191005 4.258578 4.324605 4.389124 4.452180 4.513821 4.574090 4.633031 4.690674 4.747035 4.802120 4.855922 4.908416 4.959567 5.009324 5.057625 5.104401 5.149568 5.193041 5.234729 5.274539 5.312376 5.348149 5.381770 5.413155 5.442229 5.468927 5.493189 5.514968 5.534225 5.550924 5.565046 5.576575 5.585498 5.591805 5.595488 5.596534 5.594931 5.590658 5.583691 5.573997 5.561536
2.779969 2.835335 2.895194 2.959434 3.027880 3.100291 3.176351 3.255667 3.337779 3.422165 3.508259 3.595489 3.683282 3.771091 3.858422 3.944847 4.030016 4.113659 4.195583 4.275666 4.353846 4.430111 4.504489 4.577034 4.647820 4.716927 4.784436 4.850426 4.914964 4.978102 5.039878 5.100307 5.159393 5.217113 5.273434 5.328299 5.381639 5.433372 5.483402 5.531628 5.577940 5.622226 5.664372 5.704268 5.741803 5.776879 5.809403 5.839297 5.866489 5.890923 5.912558 5.931364 5.947320 5.960412 5.970634 5.977982 5.982454 5.984047 5.982749 5.978548 5.971418 5.961327 5.948230
2.841639 2.903608 2.970787 3.043082 3.120318 3.202234 3.288468 3.378556 3.471936 3.567961 3.665935 3.765114 3.864769 3.964221 4.062860 4.160169 4.255738 4.349265 4.440550 4.529483 4.616033 4.700228 4.782142 4.861879 4.939561 5.015318 5.089276 5.161553 5.232250 5.301450 5.369212 5.435571 5.500538 5.564101 5.626220 5.686838 5.745876 5.803237 5.858811 5.912473 5.964094 6.013535 6.060656 6.105322 6.147397 6.186760 6.223296 6.256906 6.287507 6.315035 6.339442 6.360691 6.378767 6.393666 6.405390 6.413947 6.419343 6.421586 6.420671 6.416594 6.409331 6.398854 6.385115
2.906407 2.975834 3.051342 3.132865 3.220243 3.313199 3.411325 3.514069 3.620744 3.730537 3.842545 3.955835 4.069480 4.182608 4.294453 4.404386 4.511926 4.616740 4.718632 4.817521 4.913422 5.006423 5.096664 5.184318 5.269572 5.352620 5.433646 5.512819 5.590283 5.666159 5.740534 5.813467 5.884982 5.955075 6.023708 6.090818 6.156315 6.220087 6.282001 6.341909 6.399653 6.455062 6.507966 6.558192 6.605574 6.649952 6.691187 6.729152 6.763741 6.794878 6.822505 6.846596 6.867136 6.884129 6.897593 6.907549 6.914024 6.917033 6.916592 6.912700 6.905345 6.894496 6.880110
2.974206 3.052050 3.137025 3.229125 3.328221 3.434036 3.546119 3.663820 3.786291 3.912503 4.041304 4.171454 4.301736 4.431035 4.558384 4.683015 4.804370 4.922093 5.036007 5.146084 5.252415 5.355173 5.454592 5.550935 5.644479 5.735496 5.824245 5.910961 5.995842 6.079056 6.160728 6.240942 6.319745 6.397139 6.473093 6.547536 6.620368 6.691458 6.760649 6.827764 6.892608 6.954971 7.014640 7.071396 7.125028 7.175334 7.222126 7.265244 7.304558 7.339964 7.371400 7.398826 7.422244 7.441676 7.457160 7.468743 7.476470 7.480384 7.480515 7.476881 7.469476 7.458280 7.443245
3.044893 3.132209 3.227932 3.332148 3.444795 3.565629 3.694163 3.829640 3.971012 4.116958 4.265947 4.416354 4.566572 4.715125 4.860779 5.002595 5.139931 5.272425 5.399957 5.522587 5.640523 5.754061 5.863559 5.969403 6.071984 6.171677 6.268836 6.363773 6.456759 6.548016 6.637718 6.725983 6.812884 6.898437 6.982616 7.065350 7.146524 7.225987 7.303556 7.379018 7.452134 7.522647 7.590287 7.654778 7.715845 7.773222 7.826663 7.875952 7.920909 7.961399 7.997344 8.028712 8.055515 8.077801 8.095636 8.109103 8.118289 8.123260 8.124079 8.120781 8.113379 8.101859 8.086183
3.118227 3.216166 3.324059 3.442133 3.570457 3.708857 3.856857 4.013591 4.177768 4.347680 4.521289 4.696365 4.870713 5.042376 5.209769 5.371743 5.527593 5.676992 5.819924 5.956604 6.087407 6.212803 6.333322 6.449506 6.561892 6.670988 6.777258 6.881119 6.982924 7.082966 7.181476 7.278620 7.374496 7.469150 7.562562 7.654659 7.745322 7.834376 7.921610 8.006771 8.089570 8.169691 8.246797 8.320532 8.390534 8.456452 8.517954 8.574732 8.626541 8.673200 8.714589 8.750676 8.781495 8.807133 8.827714 8.843372 8.854243 8.860448 8.862078 8.859205 8.851864 8.840054 8.823742
3.193851 3.303644 3.425255 3.559134 3.705559 3.864527 4.035635 4.217944 4.409882 4.609210 4.813127 5.018540 5.222403 5.422040 5.615395 5.801094 5.978405 6.147120 6.307421 6.459759 6.604757 6.743130 6.875628 7.003000 7.125966 7.245192 7.361285 7.474779 7.586132 7.695723 7.803853 7.910742 8.016534 8.121304 8.225048 8.327703 8.429142 8.529178 8.627567 8.724019 8.818192 8.909698 8.998120 9.083001 9.163869 9.240244 9.311661 9.377689 9.437958 9.492188 9.540221 9.582019 9.617644 9.647253 9.671046 9.689245 9.702064 9.709687 9.712269 9.709917 9.702701 9.690634 9.673700
3.271265 3.394192 3.531172 3.682984 3.850245 4.033264 4.231860 4.445121 4.671190 4.907128 5.149026 5.392400 5.632845 5.866662 6.091188 6.304851 6.507011 6.697723 6.877515 7.047205 7.207767 7.360244 7.505678 7.645073 7.779374 7.909441 8.036049 8.159878 8.281502 8.401409 8.519982 8.637510 8.754195 8.870150 8.985404 9.099910 9.213546 9.326118 9.437365 9.546958 9.654505 9.759550 9.861575 9.960013 10.05424 10.14361 10.22746 10.30514 10.37609 10.43988 10.49622 10.54505 10.58651 10.62084 10.64841 10.66955 10.68460 10.69385 10.69753 10.69580 10.68878 10.67650 10.65896
3.349823 3.487178 3.641228 3.813228 4.004317 4.215351 4.446636 4.697532 4.966000 5.248206 5.538515 5.830191 6.116651 6.392625 6.654728 6.901335 7.132150 7.347760 7.549265 7.738028 7.915515 8.083195 8.242479 8.394691 8.541039 8.682618 8.820398 8.955224 9.087819 9.218783 9.348607 9.477662 9.606220 9.734451 9.862432 9.990146 10.11749 10.24429 10.37028 10.49511 10.61836 10.73950 10.85793 10.97295 11.08378 11.18953 11.28926 11.38200 11.46683 11.54297 11.60994 11.66762 11.71624 11.75625 11.78824 11.81278 11.83038 11.84148 11.84640 11.84540 11.83862 11.82617 11.80804
3.428739 3.581759 3.754557 3.949028 4.167088 4.410486 4.680470 4.977200 5.298867 5.640663 5.994277 6.348966 6.694311 7.022727 7.330155 7.615380 7.878976 8.122494 8.347935 8.557444 8.753142 8.937046 9.111022 9.276765 9.435802 9.589497 9.739040 9.885469 10.02967 10.17238 10.31421 10.45563 10.59700 10.73857 10.88047 11.02275 11.16536 11.30814 11.45087 11.59321 11.73474 11.87492 12.01307 12.14842 12.27999 12.40665 12.52709 12.63983 12.74330 12.83609 12.91720 12.98632 13.04387 13.09073 13.12790 13.15633 13.17682 13.18998 13.19629 13.19612 13.18967 13.17708 13.15838
3.507135 3.676932 3.870013 4.089115 4.337228 4.617472 4.932746 5.285010 5.673821 6.093900 6.532753 6.971986 7.394008 7.787898 8.149663 8.479633 8.780201 9.054544 9.306001 9.537773 9.752824 9.953840 10.14322 10.32310 10.49537 10.66169 10.82349 10.98204 11.13838 11.29343 11.44793 11.60245 11.75748 11.91335 12.07028 12.22839 12.38771 12.54818 12.70962 12.87178 13.03429 13.19666 13.35827 13.51829 13.67568 13.82913 13.97692 14.11690 14.24645 14.36276 14.46351 14.54790 14.61679 14.67191 14.71512 14.74796 14.77163 14.78706 14.79492 14.79565 14.78958 14.77690 14.75766
