T3-twomodels/model150.grd
DSAA
         100         100
  -15.00000       15.00000    
  -15.00000       15.00000    
   1.273978       34.09593    
[rows 28 to 55 of 100, columns 0 to 62 of 100]
3.515208 3.694654 3.900466 4.136352 4.406641 4.716276 5.070686 5.475155 5.933011 6.440819 6.980219 7.516668 8.017947 8.469315 8.869293 9.221902 9.532583 9.806755 10.04930 10.26452 10.45608 10.62716 10.78047 10.91834 11.04277 11.15547 11.25794 11.35147 11.43719 11.51610 11.58906 11.65687 11.72024 11.77980 11.83615 11.88986 11.94145 11.99148 12.04048 12.08900 12.13766 12.18713 12.23819 12.29179 12.34908 12.41159 12.48129 12.56087 12.65386 12.76414 12.89379 13.04030 13.19781 13.36066 13.52471 13.68710 13.84581 13.99934 14.14652 14.28638 14.41809 14.54088 14.65402
3.681918 3.879328 4.107227 4.370461 4.675065 5.028315 5.439246 5.918437 6.477095 7.120071 7.824359 8.521673 9.150896 9.697280 10.16796 10.57440 10.92688 11.23417 11.50331 11.74020 11.94957 12.13548 12.30119 12.44955 12.58287 12.70322 12.81227 12.91153 13.00226 13.08559 13.16247 13.23382 13.30038 13.36288 13.42197 13.47826 13.53236 13.58485 13.63632 13.68741 13.73880 13.79126 13.84572 13.90330 13.96546 14.03416 14.11220 14.20368 14.31490 14.45442 14.62768 14.82680 15.03709 15.24879 15.45682 15.65859 15.85256 16.03773 16.21338 16.37889 16.53372 16.67733 16.80920
3.850137 4.065734 4.316102 4.607205 4.947015 5.345261 5.815247 6.373870 7.043319 7.843069 8.749859 9.643175 10.41886 11.06886 11.61431 12.07686 12.47235 12.81360 13.10978 13.36871 13.59608 13.79698 13.97516 14.13410 14.27635 14.40439 14.52002 14.62504 14.72075 14.80851 14.88931 14.96419 15.03393 15.09937 15.16117 15.22006 15.27664 15.33158 15.38552 15.43917 15.49329 15.54875 15.60663 15.66823 15.73535 15.81041 15.89711 16.00126 16.13284 16.30767 16.53743 16.80397 17.07818 17.34625 17.60334 17.84804 18.07981 18.29851 18.50405 18.69631 18.87514 19.04027 19.19145
4.016233 4.249881 4.522509 4.841212 5.215791 5.658384 6.186254 6.822163 7.597791 8.544065 9.635031 10.70728 11.62071 12.37036 12.98873 13.50632 13.94425 14.31902 14.64200 14.92275 15.16799 15.38375 15.57433 15.74375 15.89489 16.03054 16.15272 16.26343 16.36410 16.45625 16.54092 16.61929 16.69218 16.76053 16.82503 16.88647 16.94551 17.00287 17.05927 17.11545 17.17227 17.23071 17.29197 17.35756 17.42957 17.51088 17.60609 17.72255 17.87348 18.08067 18.36056 18.68726 19.02008 19.34101 19.64485 19.93087 20.19930 20.45069 20.68548 20.90400 21.10643 21.29279 21.46301
4.177019 4.428213 4.722346 5.067603 5.475297 5.959684 6.541023 7.246271 8.112446 9.174438 10.40031 11.60500 12.62916 13.46481 14.14911 14.71777 15.19582 15.60259 15.95141 16.25325 16.51588 16.74612 16.94883 17.12850 17.28835 17.43147 17.56008 17.67637 17.78193 17.87838 17.96688 18.04867 18.12467 18.19586 18.26301 18.32697 18.38842 18.44817 18.50696 18.56563 18.62510 18.68644 18.75100 18.82045 18.89716 18.98442 19.08752 19.21498 19.38206 19.61344 19.92736 20.29523 20.67118 21.03377 21.37636 21.69795 21.99878 22.27964 22.54122 22.78406 23.00857 23.21491 23.40318
4.330425 4.598322 4.912775 5.282880 5.721167 6.243448 6.872004 7.636157 8.575082 9.723840 11.04567 12.34520 13.45357 14.35921 15.10005 15.71410 16.22870 16.66513 17.03819 17.36001 17.63923 17.88334 18.09773 18.28730 18.45558 18.60595 18.74081 18.86254 18.97285 19.07350 19.16571 19.25086 19.32988 19.40386 19.47360 19.54000 19.60381 19.66588 19.72701 19.78809 19.85012 19.91427 19.98199 20.05510 20.13623 20.22897 20.33912 20.47595 20.65582 20.90463 21.24131 21.63640 22.04206 22.43499 22.80735 23.15740 23.48506 23.79098 24.07581 24.34012 24.58438 24.80880 25.01354
4.475182 4.758686 5.091950 5.484790 5.950616 6.506311 7.175340 7.988154 8.984479 10.19846 11.59007 12.95887 14.13115 15.09257 15.88052 16.53374 17.08076 17.54399 17.93931 18.27969 18.57445 18.83165 19.05711 19.25612 19.43248 19.58979 19.73067 19.85764 19.97254 20.07723 20.17306 20.26143 20.34340 20.42006 20.49231 20.56108 20.62717 20.69149 20.75486 20.81827 20.88276 20.94958 21.02029 21.09685 21.18203 21.27971 21.39602 21.54070 21.73063 21.99231 22.34487 22.75865 23.18507 23.59993 23.99458 24.36670 24.71579 25.04224 25.34653 25.62916 25.89050 26.13076 26.35007
4.610521 4.908375 5.258751 5.671998 6.162146 6.746739 7.449882 8.302455 9.344114 10.60806 12.05222 13.47329 14.69481 15.70060 16.52732 17.21378 17.78897 18.27600 18.69137 19.04868 19.35778 19.62715 19.86299 20.07087 20.25487 20.41878 20.56538 20.69735 20.81664 20.92521 21.02450 21.11598 21.20077 21.28002 21.35468 21.42572 21.49401 21.56047 21.62601 21.69163 21.75846 21.82780 21.90130 21.98104 22.06991 22.17200 22.29362 22.44482 22.64281 22.91430 23.27864 23.70599 24.14749 24.57850 24.98993 25.37905 25.74503 26.08800 26.40825 26.70613 26.98192 27.23573 27.46764
4.735990 5.046852 5.412568 5.843876 6.355202 6.964481 7.696129 8.581115 9.658835 10.96167 12.44623 13.90755 15.16754 16.20882 17.06733 17.78169 18.38109 18.88892 19.32212 19.69468 20.01682 20.29736 20.54280 20.75895 20.95008 21.12019 21.27218 21.40888 21.53233 21.64459 21.74717 21.84161 21.92908 22.01081 22.08776 22.16098 22.23135 22.29986 22.36744 22.43516 22.50419 22.57588 22.65197 22.73460 22.82681 22.93277 23.05898 23.21564 23.42013 23.69934 24.07263 24.51018 24.96299 25.40620 25.83045 26.23273 26.61202 26.96820 27.30141 27.61184 27.89965 28.16486 28.40747
4.851389 5.173900 5.553212 6.000318 6.529899 7.160106 7.915477 8.826930 9.933567 11.26718 12.78351 14.27650 15.56703 16.63686 17.52145 18.25916 18.87916 19.40502 19.85388 20.24000 20.57386 20.86454 21.11875 21.34250 21.54024 21.71610 21.87313 22.01426 22.14161 22.25735 22.36302 22.46026 22.55027 22.63433 22.71346 22.78873 22.86108 22.93152 23.00103 23.07071 23.14178 23.21565 23.29412 23.37938 23.47457 23.58393 23.71408 23.87533 24.08517 24.37056 24.75094 25.19644 25.65800 26.11062 26.54483 26.95744 27.34724 27.71400 28.05768 28.37836 28.67609 28.95079 29.20238
4.956695 5.289526 5.680760 6.141563 6.686769 7.334636 8.109715 9.042837 10.17283 11.53104 13.07258 14.59074 15.90572 16.99871 17.90471 18.66191 19.29937 19.84071 20.30320 20.70127 21.04557 21.34535 21.60749 21.83816 22.04195 22.22311 22.38480 22.53003 22.66101 22.77998 22.88855 22.98841 23.08079 23.16705 23.24822 23.32542 23.39961 23.47185 23.54316 23.61467 23.68763 23.76350 23.84412 23.93176 24.02959 24.14193 24.27548 24.44060 24.65487 24.94529 25.33132 25.78310 26.25154 26.71159 27.15364 27.57442 27.97261 28.34785 28.70000 29.02904 29.33491 29.61745 29.87650
5.052008 5.393901 5.795505 6.268091 6.826593 7.489297 8.280749 9.231653 10.38063 11.75869 13.32055 14.85898 16.19373 17.30556 18.22921 19.00262 19.65482 20.20938 20.68366 21.09216 21.44565 21.75352 22.02277 22.25968 22.46896 22.65495 22.82089 22.96988 23.10421 23.22616 23.33742 23.43969 23.53429 23.62258 23.70564 23.78463 23.86053 23.93445 24.00742 24.08060 24.15529 24.23298 24.31556 24.40531 24.50547 24.62042 24.75688 24.92529 25.14325 25.43782 25.82847 26.28533 26.75930 27.22526 27.67357 28.10088 28.50580 28.88787 29.24689 29.58272 29.89526 30.18425 30.44946
5.137507 5.487283 5.897832 6.380492 6.950242 7.625384 8.430411 9.395934 10.56039 11.95454 13.53278 15.08759 16.43838 17.56561 18.50380 19.29072 19.95530 20.52110 21.00549 21.42301 21.78454 22.09953 22.37508 22.61755 22.83175 23.02208 23.19188 23.34428 23.48166 23.60634 23.72005 23.82454 23.92117 24.01132 24.09613 24.17676 24.25424 24.32969 24.40417 24.47888 24.55515 24.63448 24.71880 24.81043 24.91265 25.02985 25.16882 25.34002 25.56107 25.85906 26.25348 26.71447 27.19289 27.66362 28.11697 28.54955 28.95988 29.34748 29.71205 30.05341 30.37139 30.66567 30.93593
5.213449 5.570013 5.988212 6.479422 7.058636 7.744157 8.560426 9.537957 10.71505 12.12230 13.71388 15.28201 16.64586 17.78571 18.73586 19.53400 20.20894 20.78423 21.27722 21.70250 22.07098 22.39218 22.67325 22.92063 23.13918 23.33339 23.50663 23.66210 23.80222 23.92936 24.04528 24.15179 24.25026 24.34211 24.42849 24.51061 24.58953 24.66636 24.74221 24.81831 24.89598 24.97678 25.06264 25.15593 25.25993 25.37909 25.52020 25.69375 25.91741 26.21825 26.61579 27.08016 27.56221 28.03682 28.49424 28.93106 29.34578 29.73785 30.10693 30.45279 30.77519 31.07378 31.34818
5.280083 5.642440 6.067121 6.565524 7.152653 7.846783 8.672319 9.659695 10.84710 12.26499 13.86737 15.44629 16.82077 17.97091 18.93089 19.73829 20.42186 21.00510 21.50536 21.93723 22.31167 22.63821 22.92406 23.17572 23.39809 23.59570 23.77197 23.93016 24.07272 24.20204 24.31994 24.42824 24.52835 24.62172 24.70952 24.79298 24.87317 24.95124 25.02832 25.10564 25.18456 25.26665 25.35387 25.44860 25.55414 25.67497 25.81791 25.99345 26.21927 26.52248 26.92257 27.38970 27.87471 28.35245 28.81318 29.25344 29.67171 30.06738 30.44011 30.78962 31.11561 31.41769 31.69546
5.337690 5.704926 6.135031 6.639425 7.233099 7.934316 8.767433 9.762830 10.95861 12.38512 13.99624 15.58392 16.96701 18.12552 19.09353 19.90852 20.59920 21.18905 21.69537 22.13278 22.51225 22.84333 23.13327 23.38859 23.61424 23.81480 23.99371 24.15426 24.29895 24.43018 24.54982 24.65969 24.76125 24.85596 24.94500 25.02963 25.11095 25.19011 25.26826 25.34665 25.42666 25.50987 25.59826 25.69422 25.80109 25.92334 26.06781 26.24501 26.47263 26.77779 27.17999 27.64938 28.13680 28.61708 29.08047 29.52350 29.94462 30.34322 30.71888 31.07131 31.40021 31.70511 31.98558
5.386531 5.757803 6.192381 6.701684 7.300700 8.007672 8.846926 9.848783 11.05129 12.48470 14.10282 15.69749 17.08749 18.25272 19.22720 20.04835 20.74483 21.34007 21.85138 22.29337 22.67701 23.01188 23.30524 23.56366 23.79209 23.99514 24.17629 24.33886 24.48535 24.61823 24.73935 24.85058 24.95338 25.04923 25.13935 25.22499 25.30728 25.38738 25.46645 25.54575 25.62669 25.71086 25.80023 25.89724 26.00522 26.12865 26.27439 26.45296 26.68207 26.98881 27.39271 27.86392 28.35327 28.83559 29.30112 29.74637 30.16977 30.57068 30.94869 31.30346 31.63465 31.94180 32.22443
5.426838 5.801371 6.239551 6.752794 7.356077 8.067630 8.911752 9.918721 11.12653 12.56539 14.18902 15.78922 17.18466 18.35521 19.33482 20.16086 20.86196 21.46152 21.97684 22.42253 22.80955 23.14750 23.44367 23.70461 23.93532 24.14043 24.32344 24.48768 24.63568 24.76992 24.89228 25.00464 25.10847 25.20529 25.29631 25.38280 25.46589 25.54677 25.62661 25.70668 25.78839 25.87335 25.96354 26.06141 26.17028 26.29468 26.44146 26.62113 26.85142 27.15944 27.56470 28.03736 28.52824 29.01217 29.47938 29.92637 30.35155 30.75429 31.13413 31.49073 31.82373 32.13264 32.41695
5.458822 5.835905 6.276881 6.793175 7.399759 8.114841 8.962701 9.973586 11.18546 12.62847 14.25631 15.86071 17.26032 18.43494 19.41849 20.24829 20.95294 21.55585 22.07429 22.52286 22.91253 23.25290 23.55127 23.81421 24.04672 24.25346 24.43794 24.60351 24.75272 24.88805 25.01139 25.12466 25.22933 25.32692 25.41865 25.50582 25.58956 25.67107 25.75152 25.83220 25.91452 26.00011 26.09095 26.18950 26.29909 26.42425 26.57182 26.75236 26.98357 27.29258 27.69889 28.17265 28.66470 29.14987 29.61836 30.06668 30.49323 30.89734 31.27858 31.63658 31.97095 32.28119 32.56678
5.482660 5.861611 6.304641 6.823169 7.432158 8.149813 9.000389 10.01412 11.22893 12.67496 14.30585 15.91330 17.31593 18.49350 19.47990 20.31244 21.01970 21.62505 22.14577 22.59645 22.98807 23.33023 23.63022 23.89464 24.12850 24.33646 24.52203 24.68860 24.83870 24.97485 25.09894 25.21288 25.31818 25.41634 25.50862 25.59630 25.68052 25.76250 25.84341 25.92455 26.00734 26.09339 26.18472 26.28377 26.39389 26.51960 26.66778 26.84895 27.08084 27.39056 27.79763 28.27221 28.76511 29.25117 29.72059 30.16987 30.59740 31.00252 31.38477 31.74376 32.07912 32.39032 32.67683
5.498475 5.878657 6.323034 6.843022 7.453588 8.172917 9.025264 10.04084 11.25757 12.70556 14.33843 15.94786 17.35245 18.53194 19.52020 20.35452 21.06348 21.67043 22.19265 22.64472 23.03762 23.38095 23.68202 23.94742 24.18217 24.39093 24.57723 24.74446 24.89516 25.03185 25.15644 25.27083 25.37654 25.47510 25.56773 25.65575 25.74030 25.82259 25.90381 25.98525 26.06834 26.15471 26.24636 26.34574 26.45621 26.58230 26.73087 26.91245 27.14478 27.45498 27.86255 28.33765 28.83111 29.31775 29.78777 30.23767 30.66585 31.07162 31.45452 31.81416 32.15015 32.46198 32.74908
5.506359 5.887152 6.332193 6.852909 7.464249 8.184406 9.037628 10.05412 11.27179 12.72074 14.35459 15.96500 17.37055 18.55099 19.54017 20.37537 21.08516 21.69291 22.21586 22.66863 23.06215 23.40607 23.70768 23.97357 24.20876 24.41792 24.60459 24.77214 24.92315 25.06011 25.18494 25.29957 25.40549 25.50423 25.59705 25.68523 25.76994 25.85240 25.93377 26.01537 26.09861 26.18513 26.27694 26.37649 26.48714 26.61341 26.76216 26.94396 27.17650 27.48693 27.89475 28.37012 28.86385 29.35077 29.82110 30.27131 30.69979 31.10588 31.48910 31.84906 32.18537 32.49749 32.78489
5.506359 5.887152 6.332192 6.852906 7.464246 8.184405 9.037627 10.05412 11.27179 12.72074 14.35459 15.96499 17.37055 18.55099 19.54017 20.37537 21.08516 21.69291 22.21586 22.66862 23.06216 23.40607 23.70768 23.97357 24.20876 24.41792 24.60459 24.77214 24.92314 25.06011 25.18494 25.29956 25.40549 25.50423 25.59704 25.68523 25.76994 25.85239 25.93377 26.01536 26.09861 26.18513 26.27694 26.37648 26.48713 26.61340 26.76216 26.94395 27.17650 27.48693 27.89475 28.37011 28.86385 29.35077 29.82110 30.27131 30.69979 31.10588 31.48910 31.84906 32.18537 32.49749 32.78489
5.498477 5.878656 6.323033 6.843020 7.453585 8.172915 9.025262 10.04084 11.25757 12.70555 14.33843 15.94786 17.35245 18.53194 19.52020 20.35452 21.06347 21.67043 22.19265 22.64472 23.03761 23.38095 23.68202 23.94742 24.18217 24.39093 24.57723 24.74446 24.89516 25.03185 25.15644 25.27083 25.37654 25.47510 25.56773 25.65575 25.74030 25.82259 25.90381 25.98525 26.06835 26.15472 26.24636 26.34574 26.45622 26.58230 26.73087 26.91246 27.14479 27.45498 27.86255 28.33765 28.83111 29.31775 29.78777 30.23768 30.66585 31.07162 31.45452 31.81416 32.15016 32.46198 32.74908
5.482662 5.861612 6.304642 6.823169 7.432160 8.149812 9.000388 10.01412 11.22893 12.67496 14.30585 15.91330 17.31593 18.49350 19.47991 20.31244 21.01970 21.62505 22.14577 22.59645 22.98807 23.33023 23.63022 23.89464 24.12850 24.33646 24.52203 24.68859 24.83870 24.97485 25.09894 25.21288 25.31818 25.41634 25.50862 25.59630 25.68052 25.76250 25.84341 25.92455 26.00733 26.09339 26.18472 26.28377 26.39389 26.51960 26.66778 26.84895 27.08083 27.39056 27.79763 28.27221 28.76511 29.25117 29.72059 30.16987 30.59740 31.00253 31.38477 31.74376 32.07912 32.39032 32.67683
5.458826 5.835908 6.276883 6.793177 7.399763 8.114841 8.962705 9.973588 11.18546 12.62848 14.25632 15.86071 17.26033 18.43495 19.41849 20.24829 20.95295 21.55585 22.07430 22.52287 22.91253 23.25290 23.55127 23.81421 24.04673 24.25346 24.43794 24.60351 24.75272 24.88805 25.01139 25.12466 25.22933 25.32692 25.41865 25.50582 25.58956 25.67107 25.75152 25.83220 25.91453 26.00011 26.09095 26.18950 26.29909 26.42425 26.57183 26.75237 26.98357 27.29258 27.69889 28.17265 28.66470 29.14987 29.61836 30.06668 30.49323 30.89735 31.27858 31.63658 31.97094 32.28119 32.56678
5.426837 5.801372 6.239551 6.752792 7.356077 8.067630 8.911749 9.918719 11.12653 12.56538 14.18902 15.78921 17.18466 18.35521 19.33482 20.16086 20.86196 21.46152 21.97684 22.42253 22.80955 23.14750 23.44367 23.70461 23.93533 24.14043 24.32344 24.48767 24.63568 24.76992 24.89228 25.00464 25.10847 25.20529 25.29630 25.38280 25.46589 25.54677 25.62661 25.70668 25.78839 25.87335 25.96354 26.06140 26.17028 26.29468 26.44146 26.62113 26.85142 27.15944 27.56470 28.03735 28.52824 29.01217 29.47938 29.92637 30.35155 30.75429 31.13413 31.49073 31.82373 32.13264 32.41695
5.386531 5.757802 6.192381 6.701683 7.300701 8.007670 8.846926 9.848783 11.05129 12.48470 14.10282 15.69748 17.08748 18.25272 19.22721 20.04835 20.74483 21.34007 21.85138 22.29337 22.67701 23.01188 23.30524 23.56366 23.79209 23.99513 24.17629 24.33885 24.48535 24.61823 24.73935 24.85058 24.95338 25.04923 25.13935 25.22499 25.30728 25.38737 25.46645 25.54575 25.62669 25.71086 25.80023 25.89724 26.00522 26.12865 26.27439 26.45296 26.68206 26.98881 27.39271 27.86391 28.35327 28.83559 29.30112 29.74637 30.16977 30.57068 30.94869 31.30346 31.63465 31.94180 32.22443
