T3-twomodels/model60.grd
DSAA
         100         100
  -15.00000       15.00000    
  -15.00000       15.00000    
  0.7271426       35.39049    
[rows 28 to 55 of 100, columns 0 to 62 of 100]
2.390504 2.594376 2.823623 3.082288 3.375208 3.708083 4.087653 4.521515 5.017414 5.579815 6.200230 6.842465 7.454894 8.007385 8.495308 8.924345 9.302402 9.637045 9.934886 10.20158 10.44195 10.66007 10.85947 11.04318 11.21385 11.37381 11.52516 11.66979 11.80944 11.94575 12.08027 12.21451 12.34995 12.48808 12.63038 12.77837 12.93359 13.09762 13.27205 13.45853 13.65865 13.87401 14.10609 14.35624 14.62538 14.91367 15.21933 15.53624 15.84818 16.12247 16.32632 16.46604 16.56987 16.65337 16.72201 16.77782 16.82210 16.85570 16.87936 16.89359 16.89882 16.89528 16.88314
2.489702 2.710719 2.960786 3.244964 3.569596 3.942425 4.373411 4.874910 5.462590 6.152245 6.944890 7.780633 8.556611 9.228403 9.802701 10.29600 10.72328 11.09659 11.42539 11.71737 11.97865 12.21439 12.42879 12.62553 12.80762 12.97787 13.13856 13.29194 13.43988 13.58433 13.72691 13.86946 14.01353 14.16093 14.31325 14.47240 14.64007 14.81834 15.00905 15.21449 15.43669 15.67825 15.94142 16.22918 16.54410 16.88936 17.26678 17.67519 18.09879 18.48045 18.73444 18.87715 18.97947 19.06444 19.13651 19.19573 19.24333 19.27951 19.30534 19.32100 19.32725 19.32406 19.31188
2.588229 2.826413 3.097352 3.407133 3.763640 4.176698 4.659623 5.229717 5.911210 6.732646 7.707329 8.749640 9.697754 10.49269 11.15509 11.71350 12.19044 12.60268 12.96258 13.27993 13.56214 13.81553 14.04491 14.25468 14.44818 14.62869 14.79869 14.96080 15.11700 15.26956 15.42018 15.57102 15.72368 15.88035 16.04267 16.21299 16.39311 16.58566 16.79266 17.01715 17.26155 17.52947 17.82398 18.14978 18.51113 18.91453 19.36576 19.86981 20.41295 20.91237 21.21915 21.36140 21.46039 21.54616 21.62151 21.68403 21.73495 21.77368 21.80170 21.81878 21.82607 21.82322 21.81101
2.685370 2.940421 3.231813 3.566617 3.954129 4.406102 4.938736 5.573525 6.341053 7.277902 8.401319 9.606851 10.69761 11.60162 12.34542 12.96545 13.49008 13.94000 14.33021 14.67236 14.97513 15.24585 15.49000 15.71258 15.91735 16.10797 16.28717 16.45789 16.62225 16.78280 16.94138 17.10037 17.26153 17.42731 17.59951 17.78080 17.97319 18.17971 18.40271 18.64578 18.91181 19.20525 19.52998 19.89202 20.29717 20.75421 21.27150 21.85647 22.49255 23.07645 23.42708 23.57911 23.68058 23.76940 23.84858 23.91474 23.96896 24.01033 24.04048 24.05904 24.06730 24.06487 24.05260
2.780318 3.051629 3.362631 3.721280 4.138050 4.626284 5.204346 5.896596 6.737136 7.765571 8.997897 10.31890 11.51570 12.50763 13.32129 13.99644 14.56489 15.05004 15.46896 15.83477 16.15732 16.44475 16.70323 16.93826 17.15401 17.35448 17.54269 17.72180 17.89416 18.06252 18.22888 18.39583 18.56529 18.73992 18.92174 19.11364 19.31789 19.53784 19.77618 20.03690 20.32338 20.64065 20.99331 21.38819 21.83208 22.33477 22.90534 23.55045 24.24872 24.88577 25.26965 25.43744 25.54694 25.64142 25.72534 25.79556 25.85316 25.89725 25.92949 25.94955 25.95877 25.95675 25.94441
2.872209 3.158917 3.488356 3.869205 4.312876 4.833884 5.452043 6.193379 7.093530 8.192631 9.504515 10.90811 12.18314 13.24374 14.11505 14.83768 15.44505 15.96221 16.40762 16.79555 17.13674 17.44005 17.71221 17.95918 18.18550 18.39548 18.59240 18.77963 18.95974 19.13565 19.30954 19.48417 19.66165 19.84480 20.03583 20.23785 20.45338 20.68601 20.93873 21.21585 21.52113 21.86003 22.23756 22.66103 23.13763 23.67733 24.28877 24.97695 25.71692 26.38918 26.79829 26.98206 27.10168 27.20324 27.29259 27.36714 27.42821 27.47502 27.50934 27.53088 27.54103 27.53945 27.52703
2.960236 3.261294 3.607758 4.008883 4.476768 5.026738 5.679486 6.461881 7.410079 8.563877 9.935376 11.40022 12.73417 13.84839 14.76657 15.52922 16.17039 16.71599 17.18536 17.59358 17.95206 18.27022 18.55527 18.81355 19.04992 19.26898 19.47423 19.66925 19.85679 20.03994 20.22105 20.40304 20.58815 20.77940 20.97915 21.19070 21.41678 21.66117 21.92712 22.21917 22.54136 22.89938 23.29850 23.74621 24.24969 24.81870 25.46113 26.18055 26.94989 27.64735 28.07600 28.27388 28.40358 28.51254 28.60752 28.68647 28.75100 28.80051 28.83686 28.85984 28.87091 28.86973 28.85724
3.043716 3.357953 3.719907 4.139258 4.628588 5.203740 5.885917 6.702350 7.689241 8.885876 10.30307 11.81450 13.19380 14.35025 15.30643 16.10249 16.77259 17.34305 17.83377 18.26031 18.63459 18.96646 19.26349 19.53236 19.77819 20.00582 20.21895 20.42137 20.61597 20.80600 20.99396 21.18290 21.37523 21.57408 21.78198 22.00240 22.23820 22.49336 22.77128 23.07671 23.41382 23.78845 24.20597 24.67386 25.19919 25.79129 26.45740 27.20009 27.99104 28.70728 29.15133 29.36128 29.50017 29.61617 29.71663 29.79986 29.86775 29.91986 29.95817 29.98254 29.99448 29.99370 29.98114
3.122102 3.448301 3.824163 4.259688 4.767781 5.364607 6.071620 6.916180 7.934364 9.164983 10.61797 12.16580 13.58069 14.77079 15.75788 16.58169 17.27634 17.86834 18.37781 18.82070 19.20924 19.55361 19.86166 20.14033 20.39496 20.63061 20.85114 21.06050 21.26174 21.45825 21.65264 21.84811 22.04716 22.25309 22.46854 22.69709 22.94175 23.20663 23.49525 23.81248 24.16259 24.55148 24.98450 25.46908 26.01205 26.62243 27.30691 28.06740 28.87486 29.60575 30.06216 30.28216 30.42913 30.55154 30.65707 30.74433 30.81540 30.86997 30.91013 30.93581 30.94858 30.94816 30.93554
3.194996 3.531924 3.920147 4.369877 4.894239 5.509574 6.237464 7.105269 8.148896 9.406752 10.88814 12.46471 13.90790 15.12506 16.13737 16.98424 17.69964 18.31011 18.83594 19.29327 19.69454 20.05018 20.36826 20.65590 20.91865 21.16171 21.38911 21.60494 21.81237 22.01490 22.21528 22.41681 22.62209 22.83453 23.05687 23.29281 23.54546 23.81901 24.11709 24.44463 24.80594 25.20694 25.65295 26.15127 26.70854 27.33348 28.03241 28.80680 29.62715 30.36955 30.83596 31.06442 31.21835 31.34644 31.45656 31.54751 31.62150 31.67835 31.72024 31.74714 31.76067 31.76059 31.74791
3.262119 3.608579 4.007683 4.469786 5.008149 5.639219 6.384614 7.271645 8.336055 9.615941 11.12018 12.71989 14.18587 15.42496 16.45796 17.32397 18.05685 18.68311 19.22309 19.69305 20.10560 20.47130 20.79840 21.09418 21.36433 21.61418 21.84790 22.06969 22.28283 22.49093 22.69682 22.90391 23.11489 23.33327 23.56185 23.80444 24.06420 24.34543 24.65178 24.98824 25.35915 25.77039 26.22723 26.73685 27.30574 27.94238 28.65282 29.43824 30.26888 31.02063 31.49522 31.73071 31.89058 32.02361 32.13779 32.23206 32.30870 32.36763 32.41108 32.43911 32.45334 32.45357 32.44081
3.323307 3.678157 4.086751 4.559549 5.109894 5.754275 6.514316 7.417265 8.498712 9.796515 11.31921 12.93755 14.42197 15.67895 16.72895 17.61088 18.35844 18.99811 19.55026 20.03120 20.45364 20.82825 21.16340 21.46648 21.74330 21.99931 22.23878 22.46600 22.68436 22.89753 23.10846 23.32060 23.53675 23.76047 23.99465 24.24315 24.50921 24.79716 25.11070 25.45483 25.83389 26.25374 26.71959 27.23852 27.81688 28.46298 29.18269 29.97696 30.81586 31.57511 32.05643 32.29781 32.46272 32.60001 32.71777 32.81495 32.89395 32.95475 32.99962 33.02866 33.04351 33.04401 33.03118
3.378478 3.740642 4.157450 4.639424 5.199953 5.855546 6.627819 7.543939 8.639377 9.951815 11.48957 13.12311 14.62258 15.89419 16.95820 17.85333 18.61320 19.26423 19.82677 20.31717 20.74821 21.13063 21.47288 21.78244 22.06523 22.32676 22.57140 22.80352 23.02657 23.24434 23.45979 23.67648 23.89727 24.12575 24.36490 24.61862 24.89018 25.18396 25.50369 25.85437 26.24032 26.66740 27.14073 27.66731 28.25341 28.90719 29.63439 30.43584 31.28147 32.04692 32.53379 32.78004 32.94921 33.09015 33.21097 33.31070 33.39178 33.45424 33.50035 33.53029 33.54570 33.54644 33.53352
3.427611 3.796087 4.219936 4.709717 5.278846 5.943839 6.726275 7.653272 8.760196 10.08459 11.63457 13.28043 14.79214 16.07572 17.15124 18.05731 18.82745 19.48802 20.05937 20.55788 20.99632 21.38551 21.73395 22.04922 22.33726 22.60368 22.85292 23.08940 23.31664 23.53849 23.75798 23.97871 24.20359 24.43628 24.67979 24.93805 25.21439 25.51318 25.83819 26.19441 26.58617 27.01926 27.49878 28.03166 28.62408 29.28411 30.01739 30.82466 31.67573 32.44618 32.93761 33.18795 33.36071 33.50472 33.62817 33.73011 33.81299 33.87687 33.92409 33.95481 33.97071 33.97164 33.95866
3.470736 3.844596 4.274411 4.770770 5.347094 6.019903 6.810741 7.746675 8.862989 10.19712 11.75708 13.41302 14.93472 16.22806 17.31303 18.22811 19.00677 19.67530 20.25406 20.75940 21.20415 21.59914 21.95293 22.27312 22.56574 22.83644 23.08969 23.32999 23.56092 23.78635 24.00938 24.23364 24.46210 24.69845 24.94572 25.20790 25.48832 25.79138 26.12085 26.48172 26.87831 27.31638 27.80099 28.33903 28.93659 29.60171 30.33992 31.15190 32.00744 32.78204 33.27723 33.53092 33.70663 33.85324 33.97890 34.08271 34.16713 34.23224 34.28041 34.31180 34.32811 34.32922 34.31615
3.507901 3.886287 4.321089 4.822913 5.405189 6.084418 6.882133 7.825346 8.949276 10.29129 11.85928 13.52328 15.05303 16.35428 17.44692 18.36936 19.15499 19.83010 20.41500 20.92606 21.37609 21.77598 22.13430 22.45869 22.75521 23.02957 23.28628 23.52988 23.76398 23.99250 24.21857 24.44588 24.67740 24.91687 25.16735 25.43284 25.71670 26.02334 26.35652 26.72125 27.12182 27.56396 28.05273 28.59495 29.19668 29.86590 30.60809 31.42388 32.28299 33.06088 33.55911 33.81557 33.99374 34.14249 34.27000 34.37537 34.46109 34.52724 34.57621 34.60816 34.62483 34.62607 34.61293
3.539186 3.921291 4.360179 4.866464 5.453570 6.137999 6.941245 7.890298 9.020326 10.36863 11.94305 13.61355 15.14974 16.45731 17.55609 18.48445 19.27571 19.95615 20.54605 21.06178 21.51618 21.92010 22.28218 22.61007 22.90985 23.18728 23.44689 23.69326 23.93003 24.16114 24.38978 24.61964 24.85373 25.09580 25.34895 25.61719 25.90388 26.21346 26.54969 26.91756 27.32134 27.76678 28.25888 28.80445 29.40950 30.08198 30.82734 31.64616 32.50814 33.28874 33.78942 34.04808 34.22823 34.37872 34.50774 34.61438 34.70117 34.76818 34.81781 34.85023 34.86719 34.86854 34.85533
3.564657 3.949737 4.391879 4.901697 5.492621 6.181141 6.988733 7.942358 9.077146 10.43035 12.00975 13.68524 15.22643 16.53893 17.64252 18.57551 19.37121 20.05586 20.64973 21.16917 21.62704 22.03421 22.39930 22.73001 23.03244 23.31235 23.57432 23.82294 24.06188 24.29511 24.52583 24.75776 24.99393 25.23811 25.49342 25.76386 26.05283 26.36475 26.70339 27.07374 27.48007 27.92809 28.42281 28.97099 29.57864 30.25366 31.00148 31.82266 32.68686 33.46950 33.97210 34.23251 34.41421 34.56609 34.69631 34.80397 34.89160 34.95930 35.00946 35.04226 35.05945 35.06087 35.04761
3.584385 3.971732 4.416347 4.928852 5.522664 6.214269 7.025130 7.982186 9.120542 10.47741 12.06057 13.73986 15.28481 16.60101 17.70820 18.64468 19.44372 20.13154 20.72841 21.25069 21.71120 22.12085 22.48826 22.82114 23.12561 23.40744 23.67123 23.92159 24.16220 24.39708 24.62941 24.86294 25.10072 25.34652 25.60348 25.87562 26.16632 26.48003 26.82051 27.19274 27.60098 28.05096 28.54763 29.09777 29.70737 30.38429 31.13395 31.95689 32.82278 33.60702 34.11105 34.37276 34.55564 34.70856 34.83968 34.94812 35.03640 35.10462 35.15518 35.18827 35.20563 35.20712 35.19381
3.598430 3.987373 4.433725 4.948108 5.543941 6.237701 7.050842 8.010284 9.151117 10.51054 12.09626 13.77813 15.32567 16.64443 17.75413 18.69304 19.49441 20.18445 20.78343 21.30769 21.77007 22.18147 22.55051 22.88493 23.19084 23.47403 23.73911 23.99071 24.23253 24.46856 24.70204 24.93671 25.17562 25.42259 25.68072 25.95405 26.24598 26.56094 26.90271 27.27625 27.68584 28.13717 28.63521 29.18671 29.79766 30.47590 31.22684 32.05100 32.91803 33.70332 34.20835 34.47099 34.65469 34.80833 34.94009 35.04908 35.13781 35.20640 35.25725 35.29053 35.30801 35.30955 35.29620
3.606840 3.996730 4.444112 4.959610 5.556638 6.251671 7.066154 8.027005 9.169298 10.53022 12.11749 13.80093 15.35000 16.67028 17.78146 18.72179 19.52454 20.21590 20.81613 21.34156 21.80505 22.21749 22.58751 22.92283 23.22960 23.51361 23.77947 24.03181 24.27434 24.51108 24.74524 24.98059 25.22019 25.46783 25.72667 26.00071 26.29337 26.60908 26.95160 27.32593 27.73631 28.18844 28.68728 29.23959 29.85132 30.53034 31.28204 32.10692 32.97464 33.76060 34.26623 34.52939 34.71357 34.86765 34.99979 35.10909 35.19810 35.26691 35.31792 35.35133 35.36888 35.37045 35.35707
3.609640 3.999845 4.447570 4.963435 5.560860 6.256312 7.071240 8.032556 9.175331 10.53675 12.12450 13.80842 15.35798 16.67876 17.79042 18.73124 19.53444 20.22623 20.82687 21.35270 21.81655 22.22933 22.59967 22.93531 23.24236 23.52664 23.79276 24.04535 24.28811 24.52508 24.75947 24.99505 25.23487 25.48275 25.74181 26.01609 26.30899 26.62495 26.96772 27.34231 27.75295 28.20535 28.70446 29.25703 29.86903 30.54830 31.30025 32.12537 32.99330 33.77943 34.28525 34.54861 34.73296 34.88718 35.01944 35.12886 35.21795 35.28683 35.33790 35.37135 35.38892 35.39049 35.37711
3.606840 3.996730 4.444112 4.959610 5.556637 6.251670 7.066154 8.027005 9.169297 10.53022 12.11749 13.80093 15.35000 16.67028 17.78146 18.72179 19.52454 20.21590 20.81613 21.34156 21.80505 22.21748 22.58751 22.92283 23.22960 23.51361 23.77947 24.03181 24.27434 24.51108 24.74524 24.98059 25.22019 25.46784 25.72666 26.00071 26.29337 26.60908 26.95160 27.32593 27.73631 28.18844 28.68728 29.23959 29.85132 30.53034 31.28203 32.10692 32.97464 33.76060 34.26623 34.52940 34.71357 34.86765 34.99978 35.10910 35.19810 35.26691 35.31792 35.35133 35.36889 35.37044 35.35707
3.598430 3.987375 4.433726 4.948108 5.543943 6.237702 7.050842 8.010284 9.151116 10.51054 12.09626 13.77813 15.32567 16.64443 17.75413 18.69304 19.49441 20.18445 20.78343 21.30769 21.77007 22.18146 22.55051 22.88493 23.19083 23.47402 23.73911 23.99071 24.23253 24.46856 24.70204 24.93671 25.17562 25.42258 25.68071 25.95405 26.24597 26.56094 26.90270 27.27625 27.68584 28.13717 28.63521 29.18671 29.79765 30.47589 31.22683 32.05100 32.91803 33.70331 34.20834 34.47098 34.65469 34.80833 34.94009 35.04908 35.13781 35.20640 35.25724 35.29054 35.30801 35.30955 35.29620
3.584385 3.971731 4.416347 4.928851 5.522663 6.214267 7.025129 7.982184 9.120539 10.47741 12.06057 13.73986 15.28480 16.60100 17.70820 18.64468 19.44372 20.13154 20.72841 21.25068 21.71120 22.12085 22.48826 22.82114 23.12560 23.40743 23.67122 23.92158 24.16220 24.39707 24.62940 24.86293 25.10071 25.34652 25.60348 25.87561 26.16632 26.48003 26.82050 27.19273 27.60098 28.05095 28.54762 29.09777 29.70736 30.38428 31.13395 31.95689 32.82277 33.60701 34.11105 34.37275 34.55563 34.70855 34.83967 34.94811 35.03640 35.10461 35.15518 35.18827 35.20563 35.20712 35.19381
3.564656 3.949736 4.391877 4.901696 5.492621 6.181141 6.988732 7.942357 9.077144 10.43034 12.00974 13.68524 15.22642 16.53893 17.64252 18.57551 19.37121 20.05585 20.64972 21.16917 21.62703 22.03420 22.39930 22.73001 23.03244 23.31235 23.57431 23.82293 24.06187 24.29511 24.52583 24.75776 24.99393 25.23811 25.49341 25.76386 26.05283 26.36475 26.70339 27.07374 27.48006 27.92809 28.42280 28.97098 29.57863 30.25366 31.00148 31.82265 32.68686 33.46949 33.97209 34.23251 34.41421 34.56609 34.69630 34.80397 34.89160 34.95930 35.00946 35.04226 35.05944 35.06087 35.04761
3.539185 3.921292 4.360178 4.866463 5.453569 6.137997 6.941244 7.890295 9.020324 10.36863 11.94304 13.61355 15.14973 16.45731 17.55609 18.48445 19.27571 19.95615 20.54605 21.06178 21.51617 21.92010 22.28217 22.61007 22.90985 23.18728 23.44689 23.69325 23.93002 24.16114 24.38978 24.61964 24.85373 25.09580 25.34895 25.61719 25.90388 26.21346 26.54969 26.91755 27.32134 27.76678 28.25887 28.80444 29.40950 30.08198 30.82734 31.64616 32.50814 33.28874 33.78942 34.04808 34.22822 34.37872 34.50774 34.61438 34.70116 34.76818 34.81781 34.85023 34.86719 34.86853 34.85533
3.507904 3.886287 4.321088 4.822912 5.405189 6.084419 6.882132 7.825345 8.949275 10.29128 11.85928 13.52328 15.05303 16.35428 17.44692 18.36936 19.15499 19.83010 20.41500 20.92605 21.37609 21.77598 22.13430 22.45869 22.75521 23.02957 23.28628 23.52988 23.76398 23.99250 24.21857 24.44588 24.67740 24.91686 25.16735 25.43284 25.71670 26.02334 26.35652 26.72126 27.12181 27.56396 28.05273 28.59495 29.19668 29.86589 30.60809 31.42387 32.28299 33.06088 33.55910 33.81557 33.99373 34.14249 34.27000 34.37537 34.46108 34.52724 34.57620 34.60816 34.62483 34.62607 34.61293
