T3-twomodels/model30.grd
DSAA
         100         100
  -15.00000       15.00000    
  -15.00000       15.00000    
   2.137857       35.94473    
[rows 56 to 83 of 100, columns 0 to 62 of 100]
4.522819 4.901697 5.344682 5.863331 6.472738 7.191341 8.043623 9.060184 10.27931 11.73160 13.37119 14.99034 16.40821 17.60521 18.61582 19.47801 20.22096 20.86876 21.43930 21.94791 22.40619 22.82454 23.21090 23.57265 23.91545 24.24469 24.56448 24.87879 25.19059 25.50281 25.81757 26.13699 26.46253 26.79573 27.13758 27.48916 27.85118 28.22447 28.60949 29.00693 29.41715 29.84073 30.27794 30.72919 31.19451 31.67380 32.16576 32.66727 33.16871 33.64509 34.04729 34.34546 34.55906 34.71504 34.83093 34.91692 34.97959 35.02290 35.04975 35.06182 35.06049 35.04634 35.01993
4.486223 4.860084 5.297482 5.809964 6.412622 7.123911 7.968358 8.976619 10.18705 11.63037 13.26081 14.87076 16.27952 17.46759 18.46955 19.32344 20.05850 20.69883 21.26234 21.76433 22.21641 22.62890 23.00974 23.36625 23.70405 24.02849 24.34363 24.65341 24.96078 25.26864 25.57908 25.89421 26.21548 26.54443 26.88203 27.22940 27.58722 27.95635 28.33727 28.73067 29.13694 29.55667 29.99015 30.43783 30.89974 31.37581 31.86476 32.36346 32.86232 33.33636 33.73645 34.03275 34.24472 34.39930 34.51401 34.59904 34.66094 34.70367 34.73013 34.74199 34.74065 34.72665 34.70057
4.444456 4.812365 5.243102 5.748186 6.342707 7.045129 7.880026 8.878119 10.07788 11.51016 13.12935 14.72800 16.12555 17.30269 18.29410 19.13793 19.86347 20.49486 21.04999 21.54415 21.98891 22.39454 22.76893 23.11933 23.45131 23.77016 24.07990 24.38442 24.68662 24.98939 25.29477 25.60486 25.92110 26.24502 26.57759 26.91994 27.27274 27.63688 28.01286 28.40137 28.80285 29.21791 29.64685 30.09017 30.54790 31.02002 31.50527 32.00054 32.49625 32.96743 33.36497 33.65900 33.86900 34.02188 34.13517 34.21903 34.28001 34.32206 34.34805 34.35966 34.35826 34.34442 34.31870
4.397609 4.758550 5.181435 5.677746 6.262549 6.954308 7.777646 8.763370 9.950086 11.36882 12.97416 14.55892 15.94277 17.10659 18.08523 18.91695 19.63112 20.25189 20.79716 21.28217 21.71841 22.11612 22.48307 22.82646 23.15178 23.46424 23.76780 24.06628 24.36255 24.65945 24.95899 25.26325 25.57364 25.89168 26.21835 26.55478 26.90165 27.25986 27.62994 28.01262 28.40833 28.81774 29.24119 29.67920 30.13186 30.59916 31.07989 31.57096 32.06282 32.53052 32.92493 33.21622 33.42384 33.57470 33.68628 33.76876 33.82864 33.86987 33.89531 33.90660 33.90513 33.89144 33.86612
4.345832 4.698695 5.112423 5.598413 6.171688 6.850700 7.660110 8.630824 9.801623 11.20377 12.79217 14.35993 15.72704 16.87466 17.83787 18.65509 19.35576 19.96404 20.49780 20.97221 21.39868 21.78732 22.14582 22.48127 22.79905 23.10428 23.40085 23.69251 23.98206 24.27228 24.56515 24.86272 25.16638 25.47763 25.79744 26.12696 26.46687 26.81809 27.18117 27.55688 27.94570 28.34831 28.76512 29.19670 29.64317 30.10460 30.57980 31.06574 31.55292 32.01637 32.40701 32.69500 32.89975 33.04818 33.15775 33.23859 33.29718 33.33744 33.36221 33.37313 33.37154 33.35801 33.33310
4.289364 4.632955 5.036074 5.510011 6.069692 6.733529 7.526188 8.478697 9.630034 11.01179 12.57927 14.12607 15.47265 16.60056 17.54516 18.34506 19.02977 19.62345 20.14388 20.60613 21.02146 21.39985 21.74885 22.07539 22.38474 22.68190 22.97066 23.25468 23.53669 23.81939 24.10472 24.39470 24.69068 24.99413 25.30605 25.62754 25.95934 26.30236 26.65719 27.02463 27.40520 27.79964 28.20842 28.63218 29.07110 29.52533 29.99375 30.47339 30.95478 31.41303 31.79906 32.08302 32.28434 32.42986 32.53703 32.61594 32.67302 32.71215 32.73615 32.74661 32.74487 32.73148 32.70700
4.228529 4.561568 4.952513 5.412464 5.956202 6.602017 7.374563 8.304945 9.432408 10.78898 12.33060 13.85150 15.17280 16.27663 17.19876 17.97800 18.64392 19.22061 19.72572 20.17413 20.57690 20.94382 21.28222 21.59888 21.89891 22.18716 22.46728 22.74284 23.01646 23.29079 23.56769 23.84912 24.13640 24.43100 24.73387 25.04613 25.36852 25.70197 26.04709 26.40473 26.77546 27.16009 27.55915 27.97336 28.40302 28.84836 29.30837 29.78018 30.25441 30.70624 31.08661 31.36568 31.56285 31.70491 31.80925 31.88589 31.94122 31.97904 32.00212 32.01204 32.01011 31.99686 31.97283
4.163779 4.484930 4.862011 5.305862 5.831003 6.455503 7.203893 8.107322 9.205321 10.53051 12.03965 13.52810 14.81799 15.89225 16.78718 17.54181 18.18569 18.74275 19.23038 19.66318 20.05192 20.40610 20.73284 21.03866 21.32848 21.60696 21.87763 22.14391 22.40832 22.67340 22.94094 23.21285 23.49039 23.77499 24.06759 24.36930 24.68085 25.00319 25.33695 25.68302 26.04203 26.41486 26.80211 27.20463 27.62283 28.05708 28.50655 28.96849 29.43370 29.87742 30.25071 30.52374 30.71585 30.85376 30.95476 31.02875 31.08204 31.11834 31.14039 31.14969 31.14751 31.13437 31.11079
4.095704 4.403598 4.765050 5.190524 5.694124 6.293531 7.012968 7.883465 8.944835 10.23047 11.69849 13.14586 14.39633 15.43406 16.29601 17.02138 17.63954 18.17406 18.64192 19.05727 19.43049 19.77072 20.08472 20.37877 20.65752 20.92545 21.18587 21.44208 21.69645 21.95142 22.20870 22.47009 22.73681 23.01025 23.29130 23.58104 23.88021 24.18974 24.51029 24.84278 25.18786 25.54650 25.91941 26.30753 26.71145 27.13173 27.56775 28.01704 28.47062 28.90400 29.26833 29.53380 29.71971 29.85262 29.94966 30.02057 30.07153 30.10611 30.12696 30.13554 30.13306 30.12001 30.09690
4.025041 4.318323 4.662364 5.067095 5.545998 6.116086 6.800927 7.631128 8.646558 9.881551 11.29625 12.69048 13.89073 14.88299 15.70491 16.39563 16.98400 17.49291 17.93865 18.33473 18.69099 19.01607 19.31635 19.59774 19.86464 20.12125 20.37071 20.61610 20.85966 21.10371 21.34982 21.59974 21.85459 22.11569 22.38388 22.66022 22.94539 23.24032 23.54565 23.86230 24.19096 24.53264 24.88812 25.25848 25.64448 26.04692 26.46551 26.89817 27.33636 27.75599 28.10856 28.36437 28.54254 28.66941 28.76179 28.82914 28.87742 28.91006 28.92959 28.93735 28.93453 28.92154 28.89891
3.952640 4.230039 4.554965 4.936613 5.387585 5.923820 6.567692 7.348675 8.306075 9.475136 10.81926 12.14331 13.27864 14.21395 14.98746 15.63752 16.19180 16.67200 17.09332 17.46841 17.80635 18.11520 18.40085 18.66883 18.92316 19.16780 19.40562 19.63953 19.87159 20.10397 20.33811 20.57566 20.81764 21.06530 21.31940 21.58092 21.85049 22.12899 22.41702 22.71545 23.02497 23.34657 23.68106 24.02962 24.39311 24.77262 25.16823 25.57846 25.99556 26.39635 26.73303 26.97614 27.14457 27.26411 27.35101 27.41429 27.45957 27.49006 27.50811 27.51497 27.51174 27.49881 27.47665
3.879409 4.139823 4.444108 4.800550 5.220532 5.718417 6.314560 7.036064 7.920065 9.001631 10.24898 11.47726 12.52731 13.39145 14.10707 14.71020 15.22619 15.67476 16.06960 16.42216 16.74062 17.03233 17.30260 17.55649 17.79767 18.02978 18.25543 18.47730 18.69727 18.91734 19.13883 19.36323 19.59149 19.82473 20.06361 20.30904 20.56155 20.82193 21.09068 21.36859 21.65624 21.95454 22.26422 22.58639 22.92196 23.27210 23.63726 24.01661 24.40366 24.77707 25.09099 25.31683 25.47281 25.58350 25.66405 25.72275 25.76472 25.79286 25.80931 25.81520 25.81153 25.79863 25.77694
3.806109 4.048684 4.331141 4.660662 5.047111 5.502738 6.044891 6.696466 7.489256 8.454355 9.565948 10.66084 11.59908 12.37599 13.02429 13.57478 14.04886 14.46340 14.83011 15.15895 15.45705 15.73091 15.98523 16.22455 16.45214 16.67129 16.88435 17.09376 17.30119 17.50847 17.71677 17.92744 18.14130 18.35934 18.58214 18.81046 19.04474 19.28560 19.53343 19.78885 20.05226 20.32435 20.60564 20.89698 21.19902 21.51270 21.83836 22.17554 22.51910 22.85116 23.13106 23.33288 23.47307 23.57328 23.64666 23.70033 23.73873 23.76436 23.77912 23.78398 23.77984 23.76696 23.74574
3.732983 3.957211 4.217074 4.518620 4.869882 5.280686 5.764422 6.338113 7.024049 7.841858 8.768419 9.683399 10.48281 11.15882 11.73280 12.22664 12.65647 13.03542 13.37298 13.67734 13.95454 14.21010 14.44813 14.67255 14.88628 15.09219 15.29242 15.48908 15.68371 15.87788 16.07267 16.26923 16.46828 16.67065 16.87683 17.08740 17.30269 17.52316 17.74901 17.98064 18.21824 18.46215 18.71256 18.96983 19.23406 19.50547 19.78367 20.06744 20.35204 20.62376 20.85352 21.02316 21.14435 21.23280 21.29841 21.34675 21.38140 21.40445 21.41745 21.42126 21.41661 21.40376 21.38302
3.659359 3.865097 4.102159 4.375450 4.691082 5.056407 5.480553 5.974201 6.548669 7.208932 7.932121 8.650114 9.301958 9.873096 10.37088 10.80700 11.19199 11.53490 11.84306 12.12269 12.37885 12.61594 12.83758 13.04697 13.24677 13.43934 13.62665 13.81045 13.99219 14.17314 14.35432 14.53663 14.72076 14.90730 15.09671 15.28934 15.48546 15.68527 15.88888 16.09638 16.30776 16.52297 16.74185 16.96417 17.18945 17.41697 17.64537 17.87220 18.09253 18.29665 18.46991 18.60443 18.70562 18.78195 18.83962 18.88257 18.91342 18.93386 18.94509 18.94785 18.94269 18.92989 18.90962
3.584179 3.771650 3.986284 4.231844 4.512732 4.833959 5.201041 5.619354 6.092330 6.616653 7.174085 7.730226 8.253014 8.727880 9.153538 9.534213 9.875576 10.18329 10.46250 10.71778 10.95309 11.17191 11.37725 11.57174 11.75765 11.93697 12.11141 12.28246 12.45138 12.61923 12.78690 12.95512 13.12448 13.29542 13.46828 13.64329 13.82058 14.00019 14.18209 14.36615 14.55215 14.73976 14.92852 15.11777 15.30661 15.49379 15.67745 15.85489 16.02207 16.17340 16.30305 16.40851 16.49184 16.55683 16.60691 16.64463 16.67179 16.68966 16.69916 16.70088 16.69525 16.68250 16.66273
3.507137 3.676934 3.870015 4.089116 4.337231 4.617473 4.932748 5.285013 5.673824 6.093902 6.532756 6.971990 7.394012 7.787900 8.149668 8.479637 8.780204 9.054548 9.306005 9.537778 9.752831 9.953844 10.14323 10.32311 10.49538 10.66169 10.82350 10.98204 11.13839 11.29344 11.44793 11.60246 11.75749 11.91335 12.07028 12.22839 12.38772 12.54818 12.70963 12.87179 13.03429 13.19667 13.35827 13.51829 13.67569 13.82913 13.97692 14.11690 14.24645 14.36276 14.46352 14.54791 14.61679 14.67192 14.71512 14.74796 14.77164 14.78707 14.79492 14.79565 14.78959 14.77690 14.75766
3.428739 3.581759 3.754557 3.949028 4.167088 4.410485 4.680470 4.977199 5.298866 5.640663 5.994277 6.348969 6.694313 7.022727 7.330158 7.615381 7.878979 8.122497 8.347938 8.557446 8.753146 8.937050 9.111025 9.276768 9.435807 9.589499 9.739044 9.885472 10.02967 10.17238 10.31421 10.45563 10.59700 10.73857 10.88048 11.02276 11.16536 11.30814 11.45087 11.59321 11.73474 11.87492 12.01308 12.14843 12.27999 12.40666 12.52710 12.63983 12.74331 12.83610 12.91720 12.98632 13.04387 13.09073 13.12791 13.15634 13.17682 13.18998 13.19630 13.19612 13.18967 13.17708 13.15839
3.349824 3.487177 3.641230 3.813228 4.004318 4.215353 4.446636 4.697533 4.966002 5.248209 5.538517 5.830194 6.116652 6.392628 6.654731 6.901337 7.132154 7.347764 7.549270 7.738031 7.915520 8.083200 8.242485 8.394695 8.541043 8.682623 8.820402 8.955228 9.087823 9.218788 9.348611 9.477667 9.606224 9.734457 9.862437 9.990150 10.11750 10.24430 10.37029 10.49512 10.61836 10.73950 10.85793 10.97296 11.08378 11.18954 11.28927 11.38201 11.46684 11.54298 11.60995 11.66763 11.71624 11.75625 11.78824 11.81278 11.83038 11.84148 11.84640 11.84540 11.83863 11.82618 11.80805
3.271267 3.394194 3.531173 3.682986 3.850247 4.033267 4.231861 4.445123 4.671193 4.907130 5.149029 5.392402 5.632848 5.866664 6.091191 6.304855 6.507015 6.697727 6.877519 7.047210 7.207772 7.360249 7.505682 7.645078 7.779378 7.909446 8.036055 8.159881 8.281507 8.401414 8.519986 8.637515 8.754200 8.870153 8.985408 9.099915 9.213550 9.326121 9.437369 9.546963 9.654510 9.759555 9.861580 9.960017 10.05424 10.14361 10.22746 10.30514 10.37610 10.43988 10.49622 10.54506 10.58651 10.62085 10.64841 10.66955 10.68460 10.69386 10.69753 10.69581 10.68878 10.67650 10.65896
3.193851 3.303644 3.425255 3.559134 3.705560 3.864527 4.035635 4.217945 4.409883 4.609211 4.813128 5.018542 5.222405 5.422042 5.615396 5.801096 5.978407 6.147121 6.307424 6.459763 6.604761 6.743134 6.875632 7.003003 7.125969 7.245195 7.361289 7.474782 7.586135 7.695726 7.803856 7.910745 8.016537 8.121306 8.225051 8.327706 8.429147 8.529181 8.627572 8.724024 8.818196 8.909703 8.998124 9.083005 9.163873 9.240248 9.311666 9.377692 9.437961 9.492191 9.540225 9.582022 9.617648 9.647255 9.671049 9.689248 9.702066 9.709689 9.712273 9.709920 9.702703 9.690638 9.673703
3.118227 3.216167 3.324059 3.442134 3.570457 3.708857 3.856858 4.013591 4.177769 4.347681 4.521290 4.696367 4.870714 5.042377 5.209770 5.371746 5.527595 5.676994 5.819927 5.956608 6.087409 6.212806 6.333324 6.449509 6.561895 6.670990 6.777261 6.881123 6.982926 7.082969 7.181479 7.278622 7.374499 7.469152 7.562564 7.654663 7.745324 7.834380 7.921615 8.006773 8.089574 8.169695 8.246799 8.320535 8.390537 8.456456 8.517957 8.574736 8.626544 8.673202 8.714593 8.750679 8.781497 8.807137 8.827716 8.843374 8.854247 8.860449 8.862081 8.859208 8.851866 8.840056 8.823744
3.044894 3.132209 3.227933 3.332149 3.444797 3.565630 3.694164 3.829641 3.971013 4.116960 4.265950 4.416357 4.566575 4.715127 4.860782 5.002597 5.139933 5.272428 5.399960 5.522591 5.640526 5.754064 5.863563 5.969407 6.071987 6.171680 6.268840 6.363775 6.456761 6.548018 6.637721 6.725986 6.812885 6.898440 6.982618 7.065353 7.146526 7.225990 7.303559 7.379019 7.452137 7.522649 7.590291 7.654781 7.715849 7.773225 7.826666 7.875955 7.920911 7.961402 7.997345 8.028715 8.055518 8.077801 8.095637 8.109106 8.118289 8.123261 8.124081 8.120782 8.113380 8.101861 8.086184
2.974206 3.052050 3.137025 3.229125 3.328221 3.434036 3.546120 3.663820 3.786291 3.912504 4.041304 4.171455 4.301737 4.431036 4.558385 4.683017 4.804373 4.922095 5.036009 5.146087 5.252418 5.355177 5.454596 5.550938 5.644482 5.735498 5.824248 5.910963 5.995844 6.079059 6.160731 6.240945 6.319746 6.397141 6.473095 6.547539 6.620371 6.691462 6.760653 6.827767 6.892612 6.954974 7.014643 7.071400 7.125031 7.175336 7.222128 7.265247 7.304559 7.339967 7.371402 7.398829 7.422246 7.441678 7.457162 7.468744 7.476471 7.480386 7.480518 7.476883 7.469478 7.458280 7.443245
2.906406 2.975833 3.051341 3.132864 3.220243 3.313199 3.411325 3.514069 3.620743 3.730536 3.842546 3.955836 4.069481 4.182609 4.294454 4.404387 4.511927 4.616742 4.718634 4.817523 4.913424 5.006426 5.096668 5.184321 5.269576 5.352623 5.433650 5.512822 5.590287 5.666163 5.740538 5.813470 5.884986 5.955079 6.023713 6.090823 6.156321 6.220091 6.282005 6.341914 6.399659 6.455067 6.507972 6.558197 6.605579 6.649958 6.691192 6.729156 6.763746 6.794882 6.822509 6.846600 6.867140 6.884132 6.897596 6.907553 6.914027 6.917037 6.916595 6.912703 6.905347 6.894499 6.880113
2.841638 2.903606 2.970786 3.043080 3.120317 3.202233 3.288467 3.378555 3.471934 3.567961 3.665935 3.765114 3.864769 3.964221 4.062860 4.160170 4.255739 4.349266 4.440551 4.529485 4.616035 4.700230 4.782144 4.861881 4.939563 5.015320 5.089279 5.161555 5.232253 5.301452 5.369214 5.435573 5.500540 5.564103 5.626222 5.686841 5.745878 5.803240 5.858814 5.912477 5.964097 6.013539 6.060660 6.105326 6.147402 6.186764 6.223300 6.256909 6.287511 6.315040 6.339446 6.360696 6.378771 6.393671 6.405395 6.413951 6.419347 6.421589 6.420675 6.416597 6.409336 6.398858 6.385119
2.779968 2.835334 2.895194 2.959433 3.027879 3.100291 3.176350 3.255666 3.337778 3.422165 3.508259 3.595489 3.683283 3.771091 3.858423 3.944847 4.030017 4.113660 4.195585 4.275668 4.353848 4.430114 4.504492 4.577037 4.647822 4.716929 4.784439 4.850429 4.914967 4.978104 5.039880 5.100309 5.159395 5.217116 5.273437 5.328302 5.381642 5.433375 5.483405 5.531631 5.577944 5.622230 5.664376 5.704270 5.741807 5.776882 5.809407 5.839300 5.866493 5.890927 5.912561 5.931367 5.947322 5.960415 5.970637 5.977985 5.982458 5.984051 5.982752 5.978551 5.971421 5.961329 5.948233
2.721404 2.770933 2.824358 2.881557 2.942369 3.006572 3.073890 3.143994 3.216501 3.290990 3.367013 3.444097 3.521777 3.599618 3.677218 3.754222 3.830330 3.905304 3.978962 4.051178 4.121873 4.191009 4.258582 4.324610 4.389130 4.452184 4.513825 4.574094 4.633035 4.690677 4.747038 4.802125 4.855926 4.908421 4.959572 5.009329 5.057631 5.104405 5.149573 5.193047 5.234735 5.274544 5.312383 5.348155 5.381775 5.413161 5.442235 5.468933 5.493195 5.514973 5.534231 5.550930 5.565052 5.576581 5.585502 5.591811 5.595493 5.596539 5.594935 5.590662 5.583695 5.574000 5.561539
