T1-compare/90/model-f.grd
DSAA
          90          90
  -15.00000       15.00000    
  -15.00000       15.00000    
  0.8047788       99.38437    
[rows 0 to 27 of 90, columns 0 to 62 of 90]
0.8047788 0.8307369 0.8577328 0.8857972 0.9149590 0.9452458 0.9766823 1.009291 1.043090 1.078095 1.114316 1.151754 1.190409 1.230269 1.271314 1.313514 1.356828 1.401202 1.446568 1.492844 1.539931 1.587715 1.636063 1.684821 1.733821 1.782875 1.831778 1.880306 1.928220 1.975270 2.021189 2.065707 2.108529 2.149358 2.187977 2.224119 2.257495 2.287857 2.314971 2.338628 2.358640 2.374848 2.387121 2.395360 2.399497 2.399497 2.395360 2.387121 2.374848 2.358639 2.338627 2.314970 2.287855 2.257493 2.224117 2.187975 2.149356 2.108528 2.065707 2.021190 1.975271 1.928221 1.880308
0.8288361 0.8563214 0.8849470 0.9147502 0.9457667 0.9780315 1.011576 1.046430 1.082620 1.120168 1.159090 1.199399 1.241096 1.284179 1.328631 1.374429 1.421532 1.469890 1.519434 1.570081 1.621726 1.674248 1.727502 1.781324 1.835524 1.889896 1.944207 1.998206 2.051621 2.104166 2.155535 2.205417 2.253510 2.299509 2.343025 2.383737 2.421367 2.455627 2.486248 2.512981 2.535608 2.553942 2.567831 2.577155 2.581837 2.581837 2.577155 2.567830 2.553942 2.535607 2.512980 2.486247 2.455626 2.421365 2.383735 2.343024 2.299508 2.253510 2.205417 2.155536 2.104167 2.051624 1.998208
0.8536630 0.8827600 0.9131095 0.9447559 0.9777430 1.012113 1.047907 1.085164 1.123917 1.164200 1.206036 1.249446 1.294443 1.341029 1.389197 1.438928 1.490190 1.542932 1.597089 1.652576 1.709285 1.767087 1.825828 1.885327 1.945379 2.005749 2.066180 2.126387 2.186060 2.244870 2.302467 2.358487 2.412539 2.464226 2.513237 2.559205 2.601742 2.640507 2.675181 2.705474 2.731128 2.751925 2.767684 2.778267 2.783582 2.783582 2.778267 2.767684 2.751925 2.731128 2.705473 2.675180 2.640507 2.601741 2.559204 2.513237 2.464226 2.412539 2.358487 2.302469 2.244872 2.186062 2.126389
0.8792599 0.9100568 0.9422276 0.9758260 1.010904 1.047515 1.085707 1.125532 1.167033 1.210254 1.255230 1.301992 1.350564 1.400959 1.453179 1.507214 1.563037 1.620607 1.679860 1.740712 1.803053 1.866748 1.931630 1.997508 2.064152 2.131305 2.198676 2.265943 2.332752 2.398726 2.463462 2.526539 2.587543 2.646054 2.701558 2.753616 2.801838 2.845823 2.885198 2.919622 2.948792 2.972448 2.990380 3.002426 3.008477 3.008476 3.002426 2.990380 2.972447 2.948791 2.919621 2.885197 2.845822 2.801837 2.753616 2.701557 2.646054 2.587544 2.526541 2.463464 2.398730 2.332756 2.265946
0.9056280 0.9382154 0.9723091 1.007972 1.045268 1.084260 1.125009 1.167576 1.212021 1.258396 1.306754 1.357137 1.409583 1.464117 1.520754 1.579496 1.640327 1.703213 1.768098 1.834899 1.903508 1.973784 2.045553 2.118604 2.192691 2.267525 2.342782 2.418096 2.493064 2.567251 2.640190 2.711390 2.780323 2.846451 2.909325 2.968436 3.023255 3.073309 3.118153 3.157385 3.190649 3.217638 3.238102 3.251853 3.258760 3.258760 3.251853 3.238101 3.217637 3.190648 3.157385 3.118152 3.073308 3.023254 2.968435 2.909325 2.846451 2.780324 2.711391 2.640192 2.567254 2.493066 2.418098
0.9327633 0.9672346 1.003356 1.041201 1.080846 1.122365 1.165835 1.211330 1.258924 1.308686 1.360682 1.414974 1.471613 1.530644 1.592096 1.655987 1.722314 1.791057 1.862167 1.935572 2.011163 2.088798 2.168294 2.249429 2.331930 2.415483 2.499719 2.584228 2.668548 2.752177 2.834573 2.915165 2.993381 3.068632 3.140229 3.207561 3.270072 3.327203 3.378430 3.423277 3.461322 3.492204 3.515628 3.531371 3.539280 3.539280 3.531371 3.515628 3.492203 3.461321 3.423276 3.378429 3.327203 3.270072 3.207561 3.140229 3.068633 2.993382 2.915167 2.834574 2.752179 2.668550 2.584230
0.9606583 0.9971092 1.035365 1.075514 1.117643 1.161843 1.208206 1.256821 1.307781 1.361173 1.417082 1.475590 1.536767 1.600680 1.667378 1.736898 1.809257 1.884451 1.962447 2.043182 2.126554 2.212425 2.300606 2.390859 2.482892 2.576356 2.670842 2.765882 2.860950 2.955463 3.048793 3.140267 3.229164 3.314741 3.396346 3.473264 3.544763 3.610174 3.668874 3.720298 3.763946 3.799391 3.826284 3.844361 3.853445 3.853445 3.844361 3.826283 3.799389 3.763944 3.720297 3.668873 3.610173 3.544762 3.473263 3.396345 3.314739 3.229164 3.140267 3.048794 2.955464 2.860950 2.765883
0.9893015 1.027830 1.068331 1.110906 1.155660 1.202700 1.252134 1.304072 1.358625 1.415905 1.476017 1.539067 1.605152 1.674361 1.746770 1.822443 1.901420 1.983719 2.069330 2.158205 2.250258 2.345354 2.443302 2.543858 2.646705 2.751462 2.857671 2.964804 3.072256 3.179357 3.285369 3.389507 3.490966 3.588913 3.682402 3.770570 3.852616 3.927749 3.995228 4.054380 4.104613 4.145420 4.176390 4.197212 4.207676 4.207676 4.197212 4.176390 4.145419 4.104611 4.054379 3.995227 3.927748 3.852616 3.770569 3.682401 3.588913 3.490966 3.389508 3.285370 3.179358 3.072257 2.964804
1.018675 1.059379 1.102237 1.147367 1.194890 1.244932 1.297622 1.353093 1.411478 1.472914 1.537536 1.605475 1.676859 1.751809 1.830433 1.912825 1.999059 2.089183 2.183214 2.281133 2.382870 2.488305 2.597254 2.709463 2.824599 2.942245 3.061896 3.182950 3.304717 3.426418 3.547189 3.666100 3.782146 3.894281 4.001553 4.102937 4.197399 4.283986 4.361811 4.430074 4.488069 4.535198 4.570974 4.595031 4.607121 4.607121 4.595031 4.570973 4.535197 4.488068 4.430073 4.361810 4.283985 4.197398 4.102935 4.001552 3.894279 3.782146 3.666101 3.547189 3.426418 3.304717 3.182950
1.048757 1.091737 1.137066 1.184880 1.235319 1.288531 1.344668 1.403888 1.466353 1.532229 1.601681 1.674876 1.751977 1.833143 1.918521 2.008245 2.102431 2.201167 2.304509 2.412472 2.525017 2.642048 2.763393 2.888800 3.017923 3.150311 3.285406 3.422529 3.560890 3.699581 3.837591 3.973819 4.107116 4.236287 4.359997 4.477005 4.586143 4.686273 4.776335 4.855373 4.922547 4.977149 5.018604 5.046483 5.060494 5.060494 5.046483 5.018604 4.977148 4.922546 4.855373 4.776336 4.686274 4.586144 4.477005 4.359998 4.236288 4.107117 3.973821 3.837593 3.699583 3.560892 3.422531
1.079523 1.124879 1.172793 1.223421 1.276926 1.333478 1.393258 1.456452 1.523253 1.593861 1.668480 1.747315 1.830574 1.918461 2.011171 2.108888 2.211781 2.319988 2.433618 2.552734 2.677341 2.807380 2.942705 3.083076 3.228141 3.377421 3.530302 3.686023 3.843678 4.002208 4.160423 4.317008 4.470532 4.619493 4.762476 4.897989 5.024537 5.140741 5.245324 5.337144 5.415203 5.478661 5.526846 5.559250 5.575536 5.575536 5.559250 5.526846 5.478661 5.415201 5.337143 5.245323 5.140740 5.024537 4.897988 4.762476 4.619492 4.470531 4.317008 4.160423 4.002208 3.843676 3.686022
1.110934 1.158766 1.209379 1.262952 1.319673 1.379740 1.443361 1.510757 1.582157 1.657801 1.737936 1.822814 1.912694 2.007836 2.108492 2.214911 2.327323 2.445936 2.570926 2.702419 2.840485 2.985118 3.136217 3.293568 3.456826 3.625494 3.798904 3.976208 4.156363 4.338144 4.520135 4.700772 4.878380 5.051203 5.217310 5.374873 5.522162 5.657513 5.779389 5.886420 5.977422 6.051406 6.107580 6.145354 6.164339 6.164340 6.145355 6.107580 6.051406 5.977422 5.886421 5.779389 5.657513 5.522164 5.374874 5.217311 5.051205 4.878382 4.700774 4.520138 4.338146 4.156365 3.976209
1.142956 1.193361 1.246787 1.303436 1.363524 1.427278 1.494942 1.566772 1.643041 1.724032 1.810042 1.901382 1.998367 2.101324 2.210578 2.326451 2.449257 2.579288 2.716804 2.862022 3.015096 3.176099 3.344997 3.521627 3.705673 3.896630 4.093787 4.296202 4.502688 4.711812 4.921896 5.131052 5.337192 5.538098 5.731626 5.915541 6.087640 6.245886 6.388424 6.513616 6.620049 6.706566 6.772243 6.816401 6.838592 6.838592 6.816401 6.772243 6.706566 6.620049 6.513616 6.388425 6.245888 6.087640 5.915542 5.731627 5.538099 5.337193 5.131054 4.921898 4.711812 4.502689 4.296202
1.175538 1.228614 1.284964 1.344818 1.408422 1.476038 1.547946 1.624446 1.705854 1.792509 1.884766 1.982996 2.087589 2.198948 2.317483 2.443611 2.577742 2.720277 2.871588 3.032007 3.201800 3.381154 3.570133 3.768661 3.976475 4.193095 4.417775 4.649487 4.886883 5.128289 5.371712 5.614871 5.855269 6.090248 6.316923 6.532525 6.734436 6.920170 7.087484 7.234412 7.359289 7.460756 7.537755 7.589509 7.615511 7.615511 7.589509 7.537755 7.460756 7.359288 7.234412 7.087485 6.920171 6.734437 6.532526 6.316924 6.090248 5.855270 5.614872 5.371713 5.128290 4.886881 4.649486
1.208631 1.264470 1.323853 1.387038 1.454305 1.525954 1.602305 1.683708 1.770530 1.863168 1.962045 2.067606 2.180323 2.300690 2.429220 2.566440 2.712885 2.869085 3.035557 3.212778 3.401171 3.601074 3.812697 4.036092 4.271098 4.517291 4.773931 5.039908 5.313707 5.593381 5.876546 6.160423 6.441869 6.717503 6.983967 7.237819 7.475708 7.694577 7.891694 8.064713 8.211671 8.331002 8.421500 8.482297 8.512834 8.512834 8.482298 8.421500 8.331002 8.211672 8.064713 7.891695 7.694578 7.475710 7.237822 6.983969 6.717503 6.441870 6.160425 5.876547 5.593381 5.313707 5.039907
1.242172 1.300863 1.363382 1.430020 1.501092 1.576941 1.657933 1.744468 1.836974 1.935916 2.041790 2.155126 2.276492 2.406490 2.545750 2.694937 2.854730 3.025826 3.208917 3.404673 3.613716 3.836592 4.073717 4.325335 4.591448 4.871754 5.165558 5.471710 5.788524 6.113742 6.444518 6.777448 7.108690 7.434069 7.749095 8.049417 8.330950 8.589918 8.823005 9.027409 9.200849 9.341537 9.448134 9.519695 9.555622 9.555622 9.519695 9.448134 9.341537 9.200849 9.027410 8.823005 8.589919 8.330952 8.049419 7.749096 7.434070 7.108692 6.777450 6.444519 6.113744 5.788524 5.471709
1.276095 1.337721 1.403474 1.473680 1.548695 1.628904 1.714727 1.806620 1.905077 2.010638 2.123882 2.245438 2.375982 2.516240 2.666984 2.829034 3.003253 3.190532 3.391786 3.607925 3.839837 4.088338 4.354130 4.637735 4.939414 5.259069 5.596142 5.949491 6.317294 6.696950 7.085052 7.477404 7.869099 8.254746 8.628868 8.985936 9.320667 9.628366 9.904991 10.14723 10.35245 10.51868 10.64446 10.72882 10.77114 10.77114 10.72882 10.64446 10.51868 10.35245 10.14723 9.904992 9.628366 9.320669 8.985937 8.628870 8.254746 7.869101 7.477405 7.085054 6.696950 6.317294 5.949492
1.310322 1.374961 1.444039 1.517923 1.597008 1.681731 1.772565 1.870031 1.974696 2.087182 2.208163 2.338376 2.478623 2.629772 2.792757 2.968586 3.158331 3.363126 3.584156 3.822636 4.079783 4.356782 4.654716 4.974500 5.316782 5.681807 6.069273 6.478166 6.906581 7.351580 7.809093 8.273919 8.739902 9.200161 9.647305 10.07416 10.47410 10.84126 11.17073 11.45862 11.70200 11.89872 12.04732 12.14685 12.19675 12.19675 12.14685 12.04732 11.89872 11.70200 11.45863 11.17073 10.84126 10.47410 10.07416 9.647307 9.200162 8.739904 8.273922 7.809095 7.351583 6.906581 6.478168
1.344775 1.412494 1.484981 1.562640 1.645915 1.735293 1.831308 1.934551 2.045668 2.165371 2.294443 2.433738 2.584201 2.746859 2.922838 3.113358 3.319743 3.543413 3.785880 4.048735 4.333616 4.642177 4.976014 5.336594 5.725118 6.142370 6.588509 7.062826 7.563483 8.087243 8.629278 9.183116 9.740747 10.29304 10.83053 11.34378 11.82411 12.26411 12.65786 13.00089 13.29000 13.52307 13.69872 13.81618 13.87499 13.87499 13.81618 13.69872 13.52307 13.29000 13.00089 12.65786 12.26411 11.82411 11.34379 10.83054 10.29305 9.740751 9.183122 8.629283 8.087247 7.563485 7.062829
1.379362 1.450223 1.526191 1.607714 1.695284 1.789445 1.890799 2.000006 2.117800 2.244996 2.382488 2.531270 2.692437 2.867206 3.056909 3.263018 3.487144 3.731046 3.996631 4.285942 4.601142 4.944485 5.318241 5.724617 6.165609 6.642816 7.157153 7.708535 8.295445 8.914515 9.560116 10.22418 10.89635 11.56450 12.21548 12.83663 13.41665 13.94622 14.41827 14.82783 15.17165 15.44785 15.65542 15.79392 15.86318 15.86318 15.79392 15.65542 15.44785 15.17165 14.82783 14.41828 13.94623 13.41665 12.83663 12.21549 11.56450 10.89636 10.22419 9.560122 8.914518 8.295449 7.708539
1.413988 1.488041 1.567551 1.653014 1.744972 1.844030 1.950857 2.066196 2.190874 2.325811 2.472031 2.630672 2.803005 2.990446 3.194568 3.417125 3.660060 3.925524 4.215885 4.533734 4.881873 5.263305 5.681165 6.138649 6.638858 7.184576 7.777930 8.419940 9.109911 9.844701 10.61800 11.41979 12.23628 13.05073 13.84522 14.60229 15.30676 15.94685 16.51430 17.00393 17.41289 17.73997 17.98492 18.14793 18.22933 18.22933 18.14793 17.98492 17.73997 17.41289 17.00393 16.51430 15.94686 15.30676 14.60230 13.84523 13.05074 12.23629 11.41979 10.61801 9.844708 9.109915 8.419946
1.448550 1.525833 1.608935 1.698398 1.794821 1.898870 2.011288 2.132904 2.264642 2.407541 2.562759 2.731595 2.915509 3.116139 3.335322 3.575129 3.837877 4.126164 4.442896 4.791306 5.174964 5.597789 6.064006 6.578097 7.144650 7.768140 8.452538 9.200737 10.01370 10.88931 11.82103 12.79668 13.79792 14.80123 15.78041 16.71063 17.57147 18.34821 19.03170 19.61726 20.10324 20.48983 20.77813 20.96940 21.06474 21.06474 20.96940 20.77813 20.48983 20.10324 19.61726 19.03170 18.34821 17.57148 16.71064 15.78042 14.80124 13.79793 12.79669 11.82104 10.88931 10.01370 9.200743
1.482941 1.563481 1.650210 1.743719 1.844663 1.953777 2.071879 2.199889 2.338834 2.489880 2.654327 2.833647 3.029500 3.243773 3.478589 3.736362 4.019833 4.332100 4.676682 5.057547 5.479173 5.946574 6.465314 7.041495 7.681661 8.392615 9.181026 10.05279 11.01192 12.05887 13.18820 14.38582 15.62704 16.87736 18.09763 19.25114 20.30967 21.25538 22.07936 22.77891 23.35500 23.81038 24.14831 24.37175 24.48289 24.48289 24.37175 24.14831 23.81038 23.35501 22.77892 22.07937 21.25539 20.30968 19.25115 18.09764 16.87737 15.62705 14.38583 13.18821 12.05888 11.01192 10.05280
1.517045 1.600855 1.691230 1.788813 1.894318 2.008547 2.132400 2.266889 2.413157 2.572491 2.746350 2.936386 3.144478 3.372769 3.623696 3.900050 4.205027 4.542283 4.916014 5.331031 5.792839 6.307740 6.882887 7.526369 8.247211 9.055294 9.961075 10.97500 12.10632 13.36087 14.73732 16.22173 17.78158 19.36449 20.90721 22.35270 23.66218 24.81603 25.80849 26.64176 27.32172 27.85535 28.24920 28.50864 28.63740 28.63740 28.50864 28.24920 27.85535 27.32173 26.64177 25.80850 24.81604 23.66219 22.35271 20.90722 19.36451 17.78159 16.22174 14.73734 13.36088 12.10633 10.97501
1.550746 1.637823 1.731848 1.833513 1.943594 2.062966 2.192608 2.333631 2.487291 2.655012 2.838412 3.039335 3.259885 3.502481 3.769891 4.065310 4.392418 4.755481 5.159433 5.610013 6.113878 6.678780 7.313718 8.029125 8.837043 9.751244 10.78722 11.96194 13.29292 14.79598 16.48034 18.33874 20.33179 22.37629 24.36172 26.19395 27.82146 29.22872 30.41981 31.40693 32.20426 32.82514 33.28076 33.57972 33.72775 33.72775 33.57971 33.28076 32.82514 32.20427 31.40693 30.41982 29.22873 27.82148 26.19396 24.36174 22.37630 20.33181 18.33876 16.48036 14.79600 13.29293 11.96196
1.583921 1.674253 1.771910 1.877648 1.992298 2.116812 2.252248 2.399824 2.560905 2.737063 2.930073 3.141981 3.375125 3.632215 3.916353 4.231171 4.580854 4.970315 5.405274 5.892473 6.439811 7.056653 7.754030 8.545055 9.445256 10.47308 11.65030 13.00250 14.55913 16.35250 18.41359 20.75859 23.35445 26.06639 28.67801 31.02410 33.04823 34.75633 36.17523 37.33456 38.26108 38.97686 39.49915 39.84050 40.00917 40.00917 39.84050 39.49915 38.97686 38.26109 37.33457 36.17524 34.75635 33.04824 31.02413 28.67804 26.06641 23.35447 20.75862 18.41361 16.35252 14.55915 13.00252
1.616435 1.710008 1.811246 1.921048 2.040213 2.169862 2.311043 2.465175 2.633636 2.818251 3.020849 3.243796 3.489548 3.761234 4.062186 4.396598 4.769059 5.185281 5.651670 6.176160 6.767811 7.437851 8.199343 9.068459 10.06441 11.21106 12.53730 14.07926 15.88156 17.99989 20.50151 23.45623 26.88381 30.57973 34.07821 37.08468 39.58138 41.63057 43.30032 44.64546 45.70975 46.52576 47.11811 47.50384 47.69405 47.69405 47.50383 47.11810 46.52575 45.70976 44.64547 43.30034 41.63059 39.58141 37.08471 34.07824 30.57976 26.88384 23.45625 20.50154 17.99992 15.88158 14.07928
1.648149 1.744964 1.849677 1.963542 2.087112 2.221898 2.368704 2.529392 2.705112 2.898183 3.110247 3.344237 3.602477 3.888790 4.206449 4.560518 4.955689 5.398802 5.896633 6.458666 7.094812 7.818558 8.644689 9.592929 10.68593 11.95365 13.43215 15.16938 17.22650 19.68668 22.66270 26.30238 30.73566 35.69357 40.28884 44.04953 47.06095 49.47084 51.40250 52.93938 54.14536 55.06379 55.72773 56.15859 56.37078 56.37078 56.15860 55.72772 55.06379 54.14537 52.93940 51.40251 49.47086 47.06097 44.04956 40.28888 35.69361 30.73571 26.30243 22.66274 19.68671 17.22653 15.16941
