T1-compare/90/model-t.grd
DSAA
          90          90
      -15.000000       15.000000
      -15.000000       15.000000
    7.077141E-01       99.294121
[rows 0 to 26 of 90, columns 0 to 60 of 90]
7.077621E-01 7.338411E-01 7.609271E-01 7.892114E-01 8.184106E-01 8.488610E-01 8.803558E-01 9.131484E-01 9.471102E-01 9.822295E-01 1.018491 1.056103 1.094802 1.134818 1.176002 1.218256 1.261609 1.306054 1.351514 1.397876 1.445051 1.492869 1.541337 1.590134 1.639157 1.688290 1.737228 1.785789 1.833774 1.880876 1.926847 1.971400 2.014331 2.055228 2.093903 2.130039 2.163465 2.193862 2.220963 2.244661 2.264688 2.280906 2.293167 2.301400 2.305530 2.305598 2.301398 2.293136 2.280880 2.264651 2.244683 2.220953 2.193835 2.163482 2.130064 2.093882 2.055179 2.014260 1.971395 1.926868 1.880875
7.319156E-01 7.596533E-01 7.883745E-01 8.182845E-01 8.495228E-01 8.817945E-01 9.154980E-01 9.503934E-01 9.867541E-01 1.024458 1.063512 1.103890 1.145744 1.188916 1.233437 1.279316 1.326544 1.374906 1.424572 1.475295 1.527005 1.579619 1.632943 1.686776 1.741039 1.795510 1.849897 1.903913 1.957412 2.009982 2.061352 2.111260 2.159418 2.205373 2.248868 2.289619 2.327290 2.361569 2.392208 2.418988 2.441596 2.459917 2.473838 2.483169 2.487870 2.487848 2.483147 2.473842 2.459967 2.441625 2.418967 2.392188 2.361579 2.327280 2.289639 2.248894 2.205389 2.159400 2.111307 2.061364 2.009977
7.568614E-01 7.862072E-01 8.166380E-01 8.484508E-01 8.815631E-01 9.161140E-01 9.520884E-01 9.894303E-01 1.028215 1.068633 1.110581 1.154145 1.199175 1.245951 1.294150 1.343956 1.395296 1.448098 1.502448 1.557977 1.614753 1.672607 1.731410 1.790977 1.851106 1.911501 1.971995 2.032237 2.091988 2.150842 2.208477 2.264579 2.318687 2.370452 2.419491 2.465502 2.508070 2.546868 2.581560 2.611894 2.637547 2.658333 2.674165 2.684724 2.689976 2.690007 2.684677 2.674106 2.658360 2.637564 2.611886 2.581563 2.546892 2.508102 2.465519 2.419533 2.370450 2.318655 2.264529 2.208483 2.150843
7.826223E-01 8.136606E-01 8.458617E-01 8.796383E-01 9.148902E-01 9.516672E-01 9.899369E-01 1.029863 1.071502 1.114869 1.159937 1.206743 1.255495 1.305966 1.358314 1.412371 1.468349 1.526010 1.585311 1.646268 1.708645 1.772437 1.837368 1.903342 1.970026 2.037240 2.104668 2.171968 2.238834 2.304889 2.369640 2.432801 2.493762 2.552262 2.607788 2.659848 2.708085 2.752072 2.791545 2.825948 2.855147 2.878777 2.896763 2.908782 2.914813 2.914849 2.908811 2.896714 2.878800 2.855134 2.825918 2.791485 2.752095 2.708123 2.659846 2.607744 2.552274 2.493784 2.432762 2.369657 2.304875
8.091884E-01 8.418787E-01 8.761149E-01 9.119049E-01 9.493443E-01 9.884862E-01 1.029402 1.072138 1.116573 1.163101 1.211597 1.262070 1.314695 1.369319 1.426023 1.484872 1.545761 1.608757 1.673664 1.740539 1.809279 1.879597 1.951431 2.024538 2.098691 2.173602 2.248958 2.324313 2.399339 2.473582 2.546557 2.617796 2.686788 2.753005 2.815943 2.875097 2.929971 2.980033 3.024880 3.064137 3.097436 3.124380 3.144888 3.158640 3.165564 3.165534 3.158688 3.144898 3.124442 3.097391 3.064149 3.024862 2.980001 2.929957 2.875075 2.815986 2.753012 2.686776 2.617778 2.546550 2.473534
8.364124E-01 8.710310E-01 9.072725E-01 9.453287E-01 9.851155E-01 1.026757 1.070353 1.116042 1.163686 1.213581 1.265684 1.320063 1.376813 1.435967 1.497524 1.561550 1.627962 1.696709 1.767917 1.841385 1.917067 1.994802 2.074367 2.155573 2.238147 2.321706 2.406033 2.490597 2.574943 2.658660 2.741084 2.821745 2.899952 2.975186 3.046732 3.114130 3.176671 3.233787 3.285062 3.329917 3.367976 3.398878 3.422317 3.438037 3.445925 3.445988 3.438030 3.422278 3.398843 3.367959 3.329935 3.285041 3.233805 3.176675 3.114113 3.046754 2.975161 2.899958 2.821706 2.741073 2.658635
8.644662E-01 9.010642E-01 9.394628E-01 9.797426E-01 1.022014 1.066417 1.112815 1.161577 1.212660 1.266202 1.322253 1.380839 1.442152 1.506140 1.572932 1.642588 1.714999 1.790252 1.868371 1.949155 2.032560 2.118593 2.206868 2.297140 2.389241 2.482753 2.577343 2.672397 2.767507 2.862082 2.955467 3.046962 3.135927 3.221601 3.303280 3.380243 3.451803 3.517219 3.575962 3.627366 3.671007 3.706501 3.733369 3.751441 3.760587 3.760544 3.751498 3.733425 3.706534 3.671061 3.627387 3.575918 3.517228 3.451771 3.380280 3.303308 3.221619 3.135941 3.046947 2.955456 2.862088
8.932405E-01 9.318922E-01 9.726000E-01 1.015254 1.060160 1.107344 1.156891 1.208946 1.263633 1.321035 1.381285 1.444426 1.510656 1.579999 1.652491 1.728249 1.807267 1.889731 1.975412 2.064351 2.156479 2.251617 2.349660 2.450317 2.553249 2.658006 2.764289 2.871503 2.978932 3.086110 3.192139 3.296358 3.397830 3.495763 3.589234 3.677423 3.759483 3.834647 3.902153 3.961346 4.011569 4.052389 4.083406 4.104203 4.114702 4.114655 4.104203 4.083384 4.052371 4.011552 3.961332 3.902153 3.834662 3.759499 3.677439 3.589231 3.495756 3.397833 3.296375 3.192209 3.086118
9.226958E-01 9.635670E-01 1.006534 1.051917 1.099491 1.149694 1.202522 1.258150 1.316647 1.378208 1.442914 1.511006 1.582531 1.657554 1.736279 1.818758 1.905087 1.995257 2.089436 2.187372 2.289227 2.394708 2.503781 2.616057 2.731214 2.848950 2.968679 3.089769 3.211588 3.333311 3.454195 3.573117 3.689260 3.801486 3.908802 4.010264 4.104748 4.191378 4.269229 4.337440 4.395470 4.442612 4.478384 4.502465 4.514548 4.514523 4.502480 4.478436 4.442643 4.395464 4.337482 4.269179 4.191336 4.104715 4.010244 3.908811 3.801455 3.689201 3.573101 3.454134 3.333354
9.528586E-01 9.959937E-01 1.041487 1.089535 1.140019 1.193386 1.249654 1.309074 1.371655 1.437678 1.507186 1.580516 1.657714 1.738949 1.824514 1.914278 2.008626 2.107438 2.210851 2.318908 2.431532 2.548599 2.670003 2.795509 2.924689 3.057135 3.192319 3.329454 3.467930 3.606644 3.744671 3.880944 4.014277 4.143395 4.267119 4.384128 4.493277 4.593417 4.683566 4.762589 4.829812 4.884410 4.925844 4.953785 4.967784 4.967786 4.953708 4.925903 4.884399 4.829793 4.762589 4.683526 4.593458 4.493314 4.384139 4.267098 4.143401 4.014275 3.880953 3.744703 3.606616
9.838190E-01 1.029285 1.077348 1.128101 1.181785 1.238491 1.298380 1.361697 1.428667 1.499358 1.574114 1.653074 1.736468 1.824474 1.917249 2.015096 2.118054 2.226405 2.340085 2.459292 2.583974 2.714060 2.849448 2.989924 3.135065 3.284395 3.437344 3.593106 3.750833 3.909380 4.067647 4.224289 4.377881 4.526947 4.670012 4.805563 4.932151 5.048377 5.152949 5.244803 5.322919 5.386394 5.434555 5.466967 5.483281 5.483256 5.466948 5.434601 5.386374 5.322906 5.244823 5.153003 5.048404 4.932142 4.805591 4.670037 4.526989 4.377892 4.224273 4.067655 3.909428
1.015253 1.063302 1.114092 1.167798 1.224670 1.284880 1.348614 1.416147 1.487706 1.563466 1.643763 1.728677 1.818699 1.913900 2.014689 2.121223 2.233730 2.352401 2.477528 2.609094 2.747212 2.891895 3.043129 3.200557 3.363887 3.532588 3.706026 3.883415 4.063641 4.245482 4.427522 4.608151 4.785823 4.958559 5.124655 5.282270 5.429590 5.564944 5.686836 5.793892 5.884942 5.958907 6.015131 6.052860 6.071866 6.071884 6.052887 6.015091 5.958918 5.884936 5.793878 5.686854 5.564952 5.429555 5.282251 5.124654 4.958583 4.785793 4.608170 4.427513 4.245455
1.047396 1.097988 1.151582 1.208436 1.268615 1.332530 1.400311 1.472329 1.548679 1.629743 1.715909 1.807418 1.904475 2.007549 2.116907 2.232917 2.355766 2.485887 2.623467 2.768809 2.921925 3.083073 3.252017 3.428706 3.612784 3.803879 4.001083 4.203564 4.410089 4.619261 4.829398 5.038616 5.244826 5.445824 5.639448 5.823391 5.995520 6.153803 6.296363 6.421571 6.528012 6.614536 6.680217 6.724440 6.746609 6.746586 6.724394 6.680246 6.614574 6.528020 6.421590 6.296372 6.153791 5.995549 5.823399 5.639434 5.445850 5.244804 5.038589 4.829375 4.619262
1.080117 1.133335 1.189847 1.249824 1.313609 1.381375 1.453439 1.530037 1.611636 1.698403 1.790771 1.889083 1.993859 2.105292 2.223923 2.350095 2.484369 2.626972 2.778438 2.938914 3.108773 3.288222 3.477285 3.675892 3.883720 4.100416 4.325149 4.556968 4.794363 5.035875 5.279354 5.522579 5.762955 5.997805 6.224555 6.440169 6.642107 6.827841 6.995212 7.142124 7.267021 7.368503 7.445505 7.497237 7.523309 7.523252 7.497272 7.445528 7.368504 7.267027 7.142117 6.995174 6.827816 6.642094 6.440157 6.224516 5.997898 5.762923 5.522499 5.279292 5.035856
1.113313 1.169329 1.228841 1.292185 1.359600 1.431398 1.507900 1.589494 1.676369 1.769177 1.868127 1.973821 2.086679 2.207133 2.335769 2.473100 2.619634 2.775929 2.942478 3.119757 3.308257 3.508241 3.719912 3.943424 4.178522 4.424790 4.681417 4.947492 5.221364 5.501095 5.784271 6.068190 6.349711 6.625501 6.892066 7.145925 7.383850 7.602768 7.799900 7.972959 8.119915 8.239264 8.329769 8.390547 8.421095 8.421114 8.390557 8.329768 8.239243 8.119912 7.972918 7.799914 7.602769 7.383857 7.145949 6.892031 6.625501 6.349724 6.068210 5.784288 5.501060
1.146886 1.205792 1.268496 1.335238 1.406503 1.482458 1.563606 1.650233 1.742908 1.841984 1.947999 2.061488 2.182933 2.313056 2.452396 2.601717 2.761626 2.932778 3.115981 3.311803 3.520888 3.743858 3.981047 4.232793 4.498927 4.779357 5.073195 5.379392 5.696296 6.021526 6.352396 6.685370 7.016626 7.341928 7.656928 7.957279 8.238837 8.497800 8.730916 8.935347 9.108786 9.249510 9.356111 9.427683 9.463596 9.463618 9.427659 9.356118 9.249519 9.108811 8.935341 8.730913 8.497811 8.238811 7.957266 7.656921 7.341928 7.016574 6.685329 6.352367 6.021535
1.180891 1.242733 1.308630 1.379013 1.454198 1.534519 1.620474 1.712491 1.811090 1.916826 2.030179 2.151824 2.282505 2.422894 2.573780 2.735869 2.910211 3.097596 3.298958 3.515147 3.747160 3.995748 4.261599 4.545254 4.847001 5.166756 5.503883 5.857271 6.225141 6.604849 6.993055 7.385390 7.777201 8.162978 8.537189 8.894297 9.229077 9.536776 9.813437 10.055684 10.260939 10.427167 10.552997 10.637340 10.679680 10.679654 10.637334 10.552946 10.427153 10.260932 10.055670 9.813457 9.536765 9.229053 8.894303 8.537185 8.162978 7.777166 7.385421 6.993000 6.604884
1.215260 1.280029 1.349308 1.423340 1.502534 1.587380 1.678449 1.776016 1.880818 1.993434 2.114589 2.244921 2.385231 2.536534 2.699591 2.875520 3.065427 3.270280 3.491391 3.729965 3.987189 4.264267 4.562304 4.882134 5.224527 5.589570 5.977116 6.386041 6.814524 7.259603 7.717141 8.182006 8.648014 9.108202 9.555300 9.982194 10.382164 10.749318 11.078870 11.366802 11.610178 11.806874 11.955493 12.055051 12.104937 12.104918 12.055014 11.955489 11.806889 11.610157 11.366742 11.078837 10.749331 10.382159 9.982199 9.555328 9.108178 8.648013 8.182032 7.717139 7.259584
1.249774 1.317681 1.390312 1.468143 1.551560 1.641048 1.737238 1.840635 1.951885 2.071709 2.200892 2.340345 2.490945 2.653637 2.829745 3.020379 3.226908 3.450640 3.693199 3.956135 4.241133 4.549737 4.883672 5.244319 5.632920 6.050240 6.496490 6.970814 7.471558 7.995345 8.537462 9.091360 9.649022 10.201511 10.739108 11.252386 11.732725 12.172791 12.566548 12.909622 13.198708 13.431799 13.607461 13.724932 13.783743 13.783729 13.724934 13.607475 13.431811 13.198738 12.909570 12.566526 12.172751 11.732745 11.252391 10.739114 10.201482 9.649053 9.091322 8.537440 7.995336
1.284474 1.355449 1.431584 1.513340 1.601046 1.695337 1.796893 1.906215 2.024090 2.151401 2.289062 2.437957 2.599247 2.774109 2.963934 3.170153 3.394387 3.638394 3.904037 4.193461 4.508723 4.852155 5.225979 5.632439 6.073532 6.550770 7.065177 7.616652 8.203615 8.822738 9.468372 10.132475 10.804679 11.472729 12.123684 12.744837 13.324887 13.854476 14.326574 14.736126 15.079992 15.356162 15.563765 15.702276 15.771550 15.771562 15.702265 15.563774 15.356198 15.079986 14.736135 14.326558 13.854495 13.324903 12.744848 12.123657 11.472705 10.804677 10.132482 9.468407 8.822731
1.319139 1.393376 1.473101 1.558645 1.650817 1.749977 1.856986 1.972426 2.097272 2.232383 2.378696 2.537465 2.709862 2.897437 3.101660 3.324348 3.567356 3.832931 4.123381 4.441318 4.789608 5.171086 5.588993 6.046603 6.546845 7.092646 7.686064 8.328150 9.018165 9.752982 10.526378 11.328186 12.144767 12.959426 13.753980 14.511113 15.215600 15.855697 16.423201 16.912823 17.321835 17.648930 17.893869 18.056896 18.138300 18.138298 18.056898 17.893879 17.648901 17.321812 16.912851 16.423187 15.855724 15.215597 14.511092 13.753980 12.959393 12.144786 11.328176 10.526358 9.753014
1.353788 1.431234 1.514531 1.604107 1.700742 1.804927 1.917508 2.039202 2.171136 2.314175 2.469475 2.638477 2.822493 3.023190 3.242521 3.482387 3.745254 4.033670 4.350446 4.699017 5.082745 5.505634 5.971922 6.486135 7.052717 7.676314 8.360764 9.109014 9.922057 10.797680 11.729489 12.705167 13.706429 14.709600 15.688794 16.619034 17.479881 18.256655 18.940180 19.525763 20.011763 20.398375 20.686647 20.877947 20.973289 20.973286 20.877947 20.686682 20.398371 20.011765 19.525774 18.940159 18.256653 17.479898 16.619032 15.688744 14.709645 13.706425 12.705161 11.729476 10.797677
1.388237 1.468988 1.555889 1.649509 1.750597 1.859908 1.978152 2.106276 2.245382 2.396603 2.561117 2.740581 2.936583 3.150981 3.385832 3.643727 3.927339 4.239678 4.584350 4.965298 5.387061 5.854496 6.373332 6.949586 7.589873 8.300846 9.089314 9.961159 10.920337 11.967393 13.096743 14.294429 15.535717 16.786211 18.006556 19.160116 20.218687 21.164429 21.988411 22.688002 23.264082 23.719498 24.057430 24.280878 24.392027 24.392000 24.280872 24.057438 23.719492 23.264101 22.687996 21.988422 21.164412 20.218683 19.160110 18.006554 16.786226 15.535682 14.294362 13.096713 11.967337
1.422426 1.506377 1.596950 1.694663 1.800349 1.914745 2.038745 2.173350 2.319789 2.479203 2.653231 2.843355 3.051615 3.280036 3.531044 3.807520 4.112602 4.449924 4.823750 5.238879 5.700816 6.215729 6.790983 7.434536 8.155453 8.963637 9.869447 10.883443 12.014812 13.269457 14.645916 16.130396 17.690254 19.273102 20.815802 22.261318 23.570850 24.724739 25.717218 26.550510 27.230482 27.764132 28.158001 28.417418 28.546196 28.546209 28.417442 28.157986 27.764118 27.230482 26.550501 25.717190 24.724741 23.570866 22.261311 20.815802 19.273092 17.690275 16.130348 14.645935 13.269387
1.456172 1.543461 1.637669 1.739474 1.849727 1.969216 2.099010 2.240179 2.393982 2.561860 2.745335 2.946404 3.167055 3.409803 3.677330 3.972797 4.300080 4.663198 5.067273 5.517923 6.021896 6.586870 7.221915 7.937364 8.745369 9.659661 10.695654 11.870469 13.201506 14.704612 16.389051 18.247473 20.240580 22.285173 24.270662 26.102873 27.730436 29.137741 30.328850 31.315990 32.113354 32.734230 33.189850 33.488815 33.636864 33.636856 33.488811 33.189880 32.734238 32.113335 31.316000 30.328831 29.137718 27.730452 26.102896 24.270639 22.285166 20.240570 18.247440 16.389017 14.704666
1.489437 1.579958 1.677718 1.783640 1.898425 2.023108 2.158697 2.306408 2.467685 2.643984 2.837065 3.049121 3.282380 3.539595 3.823835 4.138737 4.488540 4.878096 5.313152 5.800449 6.347890 6.964814 7.662275 8.453379 9.353645 10.381517 11.558855 12.911079 14.467809 16.261225 18.322363 20.667414 23.263395 25.975536 28.587273 30.933426 32.957550 34.665710 36.084633 37.243969 38.170502 38.886299 39.408588 39.749985 39.918617 39.918625 39.749943 39.408607 38.886326 38.170517 37.243969 36.084625 34.665688 32.957573 30.933416 28.587244 25.975569 23.263391 20.667377 18.322344 16.261217
1.521993 1.615732 1.717127 1.827050 1.946438 2.076212 2.217537 2.371810 2.540452 2.725219 2.927939 3.150963 3.396894 3.668648 3.969723 4.304242 4.676860 5.093150 5.559620 6.084215 6.675961 7.346066 8.107689 8.976839 9.972894 11.119555 12.445932 13.987911 15.790315 17.908682 20.410311 23.365204 26.792349 30.488266 33.985970 36.992886 39.489311 41.538738 43.208340 44.553635 45.617863 46.433922 47.026245 47.412006 47.602188 47.602219 47.412006 47.026260 46.433949 45.617855 44.553631 43.208324 41.538742 39.489315 36.992893 33.985958 30.488260 26.792349 23.365200 20.410248 17.908726
