T1-compare/90/model-t.grd
DSAA
          90          90
      -15.000000       15.000000
      -15.000000       15.000000
    7.077141E-01       99.294121
[rows 54 to 80 of 90, columns 0 to 60 of 90]
1.765146 1.883718 2.013080 2.154379 2.309052 2.478734 2.665254 2.870772 3.097693 3.348863 3.627571 3.937629 4.283583 4.670700 5.105218 5.594520 6.147367 6.774329 7.488009 8.303684 9.239914 10.319364 11.569897 13.025969 14.730557 16.737700 19.116037 21.953869 25.366201 29.505642 34.575119 40.830860 48.467983 57.005325 64.929924 71.430840 76.611641 80.731125 84.002953 86.585449 88.594589 90.114967 91.207298 91.913567 92.260338 92.260345 91.913582 91.207306 90.114952 88.594612 86.585442 84.002945 80.731125 76.611656 71.430855 64.929962 57.005337 48.467999 40.830875 34.575100 29.505684
1.744028 1.860396 1.987231 2.125765 2.277273 2.443403 2.625927 2.826839 3.048538 3.293795 3.565713 3.868075 4.205170 4.582112 5.004920 5.480682 6.017922 6.626795 7.319523 8.110898 9.018876 10.065480 11.277788 12.689432 14.342513 16.290005 18.599728 21.359035 24.682608 28.722809 33.683517 39.822632 47.337948 55.751785 63.555309 69.941177 75.016029 79.040855 82.230293 84.743279 86.695511 88.171227 89.230659 89.915321 90.251335 90.251343 89.915344 89.230659 88.171242 86.695496 84.743271 82.230286 79.040840 75.016060 69.941170 63.555328 55.751812 47.337963 39.822636 33.683517 28.722834
1.721150 1.835172 1.959314 2.094804 2.242925 2.405241 2.583380 2.779383 2.995516 3.234340 3.498985 3.792957 4.120456 4.486341 4.896406 5.357493 5.877709 6.466809 7.136541 7.901069 8.777705 9.787621 10.956959 12.318254 13.912276 15.790708 18.019836 20.685747 23.901785 27.820004 32.644749 38.635960 45.995258 54.250149 61.897980 68.136871 73.077995 76.984688 80.072937 82.501556 84.385567 85.808235 86.828880 87.488159 87.811668 87.811691 87.488205 86.828865 85.808258 84.385567 82.501564 80.072945 76.984695 73.077980 68.136871 61.897953 54.250156 45.995224 38.635948 32.644714 27.820004
1.696646 1.808126 1.929445 2.061687 2.206264 2.364460 2.537976 2.728690 2.938817 3.170831 3.427640 3.712700 4.029909 4.384022 4.780388 5.225659 5.727525 6.295219 6.940008 7.675310 8.517622 9.487101 10.608799 11.913664 13.440948 15.240313 17.375879 19.931385 23.018202 26.786692 31.441050 37.243313 44.400383 52.448055 59.893188 65.942856 70.714310 74.474030 77.438553 79.765648 81.568810 82.929344 83.904869 84.534866 84.843933 84.843925 84.534859 83.904877 82.929344 81.568825 79.765663 77.438560 74.474030 70.714317 65.942825 59.893204 52.448032 44.400394 37.243320 31.441072 26.786726
1.670648 1.779398 1.897736 2.026619 2.167313 2.321187 2.489795 2.674970 2.878776 3.103585 3.352164 3.627760 3.934084 4.275681 4.657566 5.086019 5.568293 6.113173 6.731170 7.435035 8.240217 9.165764 10.235225 11.477867 12.930642 14.640667 16.668947 19.095646 22.028278 25.613668 30.054049 35.612705 42.503654 50.275898 57.452789 63.255997 67.811516 71.388893 74.203491 76.409958 78.118515 79.407181 80.331215 80.927849 81.220634 81.220612 80.927856 80.331207 79.407181 78.118530 76.409996 74.203491 71.388908 67.811546 63.255997 57.452820 50.275906 42.503670 35.612701 30.054035 25.613651
1.643252 1.749205 1.864326 1.989681 2.126369 2.275719 2.439201 2.618577 2.815749 3.032978 3.272927 3.538638 3.833592 4.161961 4.528652 4.939405 5.401100 5.921828 6.511517 7.181938 7.947564 8.826011 9.839047 11.014009 12.384990 13.995765 15.903023 18.181639 20.932720 24.296160 28.468029 33.709549 40.242893 47.639194 54.452854 59.931080 64.211792 67.564629 70.199768 72.265366 73.865219 75.072563 75.938675 76.498222 76.772820 76.772804 76.498238 75.938667 75.072540 73.865234 72.265358 70.199753 67.564629 64.211792 59.931080 54.452854 47.639198 40.242836 33.709587 28.468054 24.296179
1.614540 1.717560 1.829421 1.951075 2.083632 2.228252 2.386400 2.559732 2.750013 2.959455 3.190432 3.445818 3.728951 4.043640 4.394492 4.786847 5.227036 5.722611 6.282673 6.918011 7.641946 8.470588 9.423787 10.526258 11.809052 13.311639 15.085135 17.197102 19.738873 22.838097 26.676062 31.502645 37.543716 44.408573 50.716057 55.761681 59.694763 62.775913 65.201088 67.105766 68.583778 69.701080 70.503616 71.022568 71.277405 71.277428 71.022552 70.503578 69.701111 68.583809 67.105759 65.201103 62.775913 59.694756 55.761684 50.716080 44.408611 37.543755 31.502617 26.676069 22.838078
1.584694 1.684687 1.793138 1.910988 2.039220 2.179064 2.331708 2.498798 2.682018 2.883355 3.105097 3.349882 3.620844 3.921494 4.256039 4.629426 5.047463 5.517003 6.046409 6.645469 7.326149 8.102912 8.993565 10.019988 11.209586 12.596871 14.226266 16.155884 18.463766 21.258032 24.692783 28.983316 34.336006 40.420666 46.006413 50.480034 53.985069 56.748058 58.935661 60.662273 62.007637 63.027782 63.762337 64.238113 64.471985 64.471985 64.238098 63.762325 63.027782 62.007618 60.662270 58.935665 56.748020 53.985077 50.480034 46.006439 40.420681 34.336060 28.983345 24.692745 21.258001
1.553785 1.650671 1.755668 1.869601 1.993418 2.128285 2.275347 2.436033 2.612020 2.805110 3.017443 3.251443 3.509893 3.796221 4.114100 4.468186 4.863594 5.306649 5.804758 6.366699 7.003140 7.726764 8.553142 9.501290 10.594561 11.862160 13.340909 15.078009 17.135298 19.595560 22.571514 26.211853 30.644070 35.605209 40.198586 43.961205 46.971443 49.382202 51.313251 52.850628 54.056271 54.974930 55.638683 56.069702 56.281830 56.281853 56.069687 55.638695 54.974957 54.056267 52.850632 51.313244 49.382187 46.971432 43.961224 40.198586 35.605213 30.644091 26.211859 22.571548 19.595570
1.521990 1.615704 1.717175 1.827083 1.946425 2.076229 2.217588 2.371839 2.540466 2.725176 2.927922 3.150937 3.396879 3.668640 3.969747 4.304238 4.676828 5.093120 5.559687 6.084190 6.675980 7.346063 8.107649 8.976835 9.972870 11.119564 12.445910 13.987930 15.790334 17.908716 20.410231 23.365192 26.792259 30.488312 33.985962 36.992874 39.489342 41.538734 43.208405 44.553677 45.617874 46.433960 47.026222 47.412018 47.602215 47.602215 47.412022 47.026241 46.433975 45.617859 44.553684 43.208393 41.538712 39.489353 36.992863 33.985943 30.488283 26.792265 23.365171 20.410175 17.908749
1.489390 1.579902 1.677741 1.783628 1.898462 2.023106 2.158693 2.306419 2.467639 2.643941 2.837082 3.049112 3.282354 3.539600 3.823870 4.138755 4.488556 4.878101 5.313178 5.800474 6.347905 6.964792 7.662262 8.453387 9.353657 10.381580 11.558817 12.911100 14.467813 16.261276 18.322332 20.667494 23.263426 25.975559 28.587286 30.933435 32.957550 34.665726 36.084629 37.244003 38.170498 38.886337 39.408592 39.749966 39.918610 39.918636 39.749954 39.408604 38.886368 38.170502 37.244019 36.084629 34.665730 32.957542 30.933413 28.587276 25.975592 23.263424 20.667448 18.322330 16.261271
1.456185 1.543412 1.637610 1.739452 1.849704 1.969219 2.099004 2.240165 2.393983 2.561825 2.745359 2.946424 3.167077 3.409791 3.677293 3.972852 4.300036 4.663238 5.067231 5.517932 6.021891 6.586892 7.221893 7.937388 8.745347 9.659613 10.695726 11.870508 13.201545 14.704678 16.389088 18.247499 20.240572 22.285164 24.270658 26.102901 27.730360 29.137754 30.328815 31.315958 32.113323 32.734196 33.189854 33.488796 33.636810 33.636841 33.488800 33.189884 32.734215 32.113323 31.315971 30.328793 29.137764 27.730356 26.102915 24.270678 22.285172 20.240540 18.247440 16.389038 14.704738
1.422387 1.506406 1.596961 1.694683 1.800364 1.914711 2.038697 2.173355 2.319772 2.479244 2.653193 2.843409 3.051629 3.280001 3.531061 3.807470 4.112614 4.449966 4.823758 5.238891 5.700759 6.215801 6.791015 7.434491 8.155469 8.963588 9.869456 10.883419 12.014812 13.269422 14.645949 16.130409 17.690247 19.273083 20.815886 22.261404 23.570841 24.724760 25.717207 26.550558 27.230480 27.764086 28.158005 28.417452 28.546206 28.546206 28.417471 28.157980 27.764090 27.230467 26.550537 25.717186 24.724764 23.570848 22.261385 20.815878 19.273071 17.690250 16.130394 14.645940 13.269347
1.388254 1.468945 1.555851 1.649557 1.750636 1.859874 1.978111 2.106295 2.245374 2.396532 2.561152 2.740601 2.936553 3.150924 3.385858 3.643767 3.927315 4.239662 4.584350 4.965319 5.387018 5.854493 6.373336 6.949575 7.589837 8.300834 9.089348 9.961203 10.920336 11.967356 13.096699 14.294472 15.535686 16.786158 18.006624 19.160135 20.218721 21.164362 21.988382 22.688025 23.264074 23.719456 24.057411 24.280869 24.392021 24.392012 24.280865 24.057390 23.719444 23.264095 22.688015 21.988375 21.164362 20.218704 19.160131 18.006617 16.786163 15.535648 14.294434 13.096698 11.967340
1.353785 1.431249 1.514515 1.604138 1.700701 1.804920 1.917449 2.039217 2.171089 2.314121 2.469487 2.638462 2.822468 3.023230 3.242505 3.482452 3.745294 4.033678 4.350503 4.699004 5.082740 5.505657 5.971973 6.486094 7.052742 7.676246 8.360769 9.108976 9.922073 10.797722 11.729479 12.705170 13.706388 14.709638 15.688812 16.618998 17.479862 18.256662 18.940199 19.525763 20.011765 20.398333 20.686672 20.877974 20.973307 20.973303 20.877941 20.686693 20.398331 20.011778 19.525766 18.940191 18.256655 17.479881 16.618990 15.688756 14.709662 13.706414 12.705156 11.729455 10.797700
1.319119 1.393381 1.473019 1.558711 1.650796 1.749971 1.856988 1.972479 2.097273 2.232335 2.378659 2.537438 2.709910 2.897464 3.101680 3.324353 3.567377 3.832937 4.123374 4.441347 4.789566 5.171077 5.589041 6.046587 6.546885 7.092627 7.686070 8.328145 9.018195 9.752999 10.526420 11.328264 12.144810 12.959386 13.753869 14.511137 15.215570 15.855729 16.423252 16.912842 17.321819 17.648909 17.893894 18.056858 18.138288 18.138277 18.056889 17.893892 17.648918 17.321825 16.912886 16.423237 15.855737 15.215594 14.511137 13.753851 12.959350 12.144828 11.328190 10.526379 9.753016
1.284470 1.355494 1.431631 1.513277 1.601021 1.695333 1.796794 1.906181 2.024144 2.151486 2.289108 2.437928 2.599206 2.774130 2.963921 3.170157 3.394403 3.638391 3.904062 4.193438 4.508756 4.852148 5.225990 5.632432 6.073514 6.550772 7.065210 7.616689 8.203627 8.822706 9.468465 10.132510 10.804708 11.472739 12.123567 12.744824 13.324852 13.854471 14.326528 14.736093 15.080033 15.356197 15.563735 15.702258 15.771474 15.771497 15.702267 15.563716 15.356200 15.080030 14.736097 14.326537 13.854433 13.324895 12.744808 12.123523 11.472722 10.804710 10.132497 9.468478 8.822690
1.249803 1.317678 1.390311 1.468162 1.551591 1.641141 1.737237 1.840629 1.951899 2.071720 2.200937 2.340308 2.490927 2.653722 2.829796 3.020432 3.226874 3.450643 3.693217 3.956150 4.241145 4.549743 4.883737 5.244361 5.632901 6.050219 6.496423 6.970840 7.471549 7.995380 8.537469 9.091298 9.649032 10.201499 10.739190 11.252469 11.732796 12.172775 12.566565 12.909528 13.198732 13.431797 13.607485 13.724956 13.783727 13.783714 13.724934 13.607496 13.431802 13.198744 12.909529 12.566572 12.172793 11.732779 11.252471 10.739221 10.201471 9.649043 9.091294 8.537453 7.995374
1.215233 1.280084 1.349311 1.423361 1.502583 1.587477 1.678422 1.776024 1.880837 1.993455 2.114539 2.244911 2.385284 2.536527 2.699580 2.875540 3.065388 3.270304 3.491415 3.729947 3.987172 4.264236 4.562277 4.882145 5.224459 5.589613 5.977075 6.386100 6.814533 7.259562 7.717099 8.181969 8.647939 9.108150 9.555457 9.982234 10.382234 10.749337 11.078863 11.366755 11.610260 11.806908 11.955522 12.055051 12.104935 12.104911 12.055004 11.955510 11.806909 11.610256 11.366733 11.078866 10.749349 10.382218 9.982246 9.555479 9.108110 8.647945 8.181996 7.717053 7.259543
1.180930 1.242726 1.308676 1.379003 1.454157 1.534525 1.620499 1.712569 1.811113 1.916809 2.030167 2.151839 2.282547 2.422885 2.573711 2.735869 2.910212 3.097591 3.298862 3.515153 3.747150 3.995721 4.261573 4.545293 4.847017 5.166743 5.503865 5.857246 6.225084 6.604796 6.993002 7.385467 7.777118 8.162983 8.537248 8.894240 9.229141 9.536819 9.813498 10.055648 10.260990 10.427149 10.552982 10.637406 10.679630 10.679651 10.637430 10.552939 10.427142 10.260976 10.055616 9.813491 9.536827 9.229120 8.894207 8.537224 8.163006 7.777099 7.385515 6.993012 6.604824
1.146911 1.205763 1.268435 1.335274 1.406492 1.482467 1.563590 1.650303 1.742918 1.842002 1.948011 2.061432 2.182934 2.313053 2.452375 2.601665 2.761577 2.932705 3.115998 3.311787 3.520956 3.743891 3.981048 4.232819 4.498928 4.779291 5.073154 5.379406 5.696396 6.021503 6.352380 6.685400 7.016612 7.341916 7.656820 7.957232 8.238856 8.497867 8.730983 8.935393 9.108692 9.249546 9.356124 9.427670 9.463590 9.463588 9.427646 9.356115 9.249549 9.108684 8.935393 8.730954 8.497884 8.238846 7.957223 7.656790 7.341903 7.016624 6.685390 6.352385 6.021496
1.113318 1.169285 1.228843 1.292193 1.359612 1.431404 1.507887 1.589390 1.676393 1.769120 1.868181 1.973807 2.086645 2.207113 2.335799 2.473100 2.619617 2.775919 2.942515 3.119805 3.308274 3.508300 3.719994 3.943493 4.178524 4.424810 4.681556 4.947427 5.221424 5.501076 5.784495 6.068453 6.349752 6.625575 6.892106 7.145773 7.383718 7.602701 7.799881 7.972905 8.119869 8.239152 8.329695 8.390519 8.421144 8.421142 8.390473 8.329727 8.239151 8.119895 7.972869 7.799902 7.602719 7.383689 7.145773 6.892094 6.625561 6.349752 6.068433 5.784471 5.501061
1.080103 1.133372 1.189872 1.249834 1.313668 1.381363 1.453455 1.530099 1.611625 1.698373 1.790767 1.889089 1.993768 2.105259 2.223938 2.350159 2.484336 2.626992 2.778349 2.938942 3.108801 3.288235 3.477242 3.675843 3.883732 4.100376 4.325281 4.556908 4.794440 5.035807 5.279201 5.522558 5.762831 5.997812 6.224643 6.439998 6.642194 6.827797 6.995273 7.142117 7.266969 7.368438 7.445526 7.497275 7.523280 7.523246 7.497293 7.445552 7.368465 7.266955 7.142101 6.995251 6.827782 6.642169 6.439987 6.224644 5.997863 5.762787 5.522511 5.279167 5.035799
1.047431 1.097962 1.151577 1.208345 1.268656 1.332500 1.400321 1.472250 1.548711 1.629815 1.715953 1.807387 1.904509 2.007543 2.116889 2.232894 2.355739 2.485864 2.623500 2.768788 2.922030 3.082994 3.252051 3.428706 3.612875 3.803932 4.001124 4.203457 4.410246 4.619281 4.829479 5.038718 5.244878 5.445735 5.639258 5.823546 5.995563 6.153708 6.296371 6.421516 6.528095 6.614458 6.680171 6.724375 6.746584 6.746540 6.724385 6.680156 6.614491 6.528070 6.421560 6.296392 6.153699 5.995575 5.823511 5.639249 5.445744 5.244899 5.038728 4.829480 4.619258
1.015301 1.063274 1.114063 1.167739 1.224700 1.284854 1.348634 1.416179 1.487684 1.563424 1.643712 1.728727 1.818671 1.913978 2.014712 2.121203 2.233733 2.352465 2.477467 2.609103 2.747194 2.891964 3.043104 3.200540 3.363843 3.532534 3.706117 3.883528 4.063788 4.245478 4.427613 4.608096 4.785863 4.958460 5.124848 5.282129 5.429700 5.564944 5.686821 5.793908 5.884840 5.958909 6.015184 6.052815 6.071883 6.071912 6.052821 6.015188 5.958918 5.884854 5.793880 5.686826 5.564959 5.429659 5.282116 5.124839 4.958460 4.785888 4.608096 4.427603 4.245475
9.837650E-01 1.029285 1.077342 1.128121 1.181791 1.238485 1.298414 1.361732 1.428632 1.499389 1.574145 1.653094 1.736472 1.824422 1.917296 2.015047 2.118099 2.226362 2.340057 2.459220 2.583978 2.714070 2.849494 2.989911 3.135004 3.284392 3.437257 3.593012 3.750748 3.909477 4.067783 4.224204 4.377892 4.526937 4.670296 4.805768 4.932236 5.048292 5.152895 5.244857 5.322876 5.386334 5.434557 5.467037 5.483320 5.483327 5.467017 5.434584 5.386302 5.322858 5.244868 5.152946 5.048315 4.932220 4.805756 4.670290 4.526953 4.377899 4.224198 4.067770 3.909519
9.529345E-01 9.960659E-01 1.041527 1.089466 1.140093 1.193451 1.249711 1.309058 1.371626 1.437608 1.507240 1.580531 1.657709 1.738944 1.824438 1.914297 2.008555 2.107398 2.210867 2.318902 2.431500 2.548576 2.669989 2.795485 2.924766 3.057184 3.192357 3.329401 3.467700 3.606450 3.744769 3.880928 4.014362 4.143357 4.266939 4.383962 4.493248 4.593583 4.683516 4.762593 4.829690 4.884391 4.925889 4.953713 4.967725 4.967734 4.953701 4.925908 4.884418 4.829662 4.762572 4.683499 4.593589 4.493259 4.383971 4.266939 4.143361 4.014388 3.880902 3.744795 3.606394
