T1-compare/90/model-f.grd
DSAA
          90          90
  -15.00000       15.00000    
  -15.00000       15.00000    
  0.8047788       99.38437    
[rows 28 to 55 of 90, columns 0 to 62 of 90]
1.678971 1.778936 1.887086 2.004908 2.132831 2.272633 2.425004 2.592111 2.775010 2.976388 3.197821 3.442685 3.713298 4.014033 4.348257 4.721745 5.139447 5.609165 6.138205 6.737425 7.417740 8.194703 9.084988 10.11161 11.30083 12.68836 14.31743 16.24723 18.55487 21.34915 24.78407 29.07369 34.42860 40.51081 46.10043 50.57139 54.07820 56.83994 59.02845 60.75436 62.10016 63.11996 63.85474 64.33038 64.56431 64.56431 64.33038 63.85475 63.11996 62.10017 60.75438 59.02847 56.83997 54.07823 50.57142 46.10048 40.51086 34.42865 29.07374 24.78411 21.34917 18.55490 16.24725
1.708780 1.811773 1.923311 2.044953 2.177168 2.321821 2.479674 2.653008 2.842983 3.052438 3.283095 3.538554 3.821347 4.136159 4.486683 4.879145 5.318995 5.814713 6.374388 7.009919 7.733486 8.562306 9.515150 10.61784 11.90026 13.40307 15.17623 17.28835 19.82993 22.92907 26.76730 31.59289 37.63575 44.49656 50.80726 55.85003 59.78497 62.86475 65.29089 67.19481 68.67336 69.79025 70.59305 71.11186 71.36678 71.36678 71.11185 70.59305 69.79026 68.67337 67.19482 65.29091 62.86478 59.78500 55.85007 50.80732 44.49662 37.63581 31.59294 26.76735 22.92911 19.82996 17.28838
1.737433 1.843356 1.958176 2.083511 2.219888 2.369247 2.532419 2.711795 2.908641 3.125938 3.365561 3.631308 3.925937 4.254419 4.620773 5.031645 5.492979 6.013880 6.603195 7.273790 8.039034 8.917665 9.930387 11.10550 12.47613 14.08714 15.99404 18.27283 21.02369 24.38716 28.55915 33.79978 40.33533 47.72869 54.54605 60.02157 64.30415 67.65563 70.29172 72.35655 73.95697 75.16395 76.03027 76.58964 76.86430 76.86431 76.58963 76.03028 75.16395 73.95698 72.35658 70.29173 67.65567 64.30419 60.02161 54.54610 47.72875 40.33540 33.79984 28.55920 24.38719 21.02373 18.27286
1.764808 1.873541 1.991523 2.120409 2.260789 2.414675 2.582973 2.768167 2.971632 3.196481 3.444745 3.720399 4.026425 4.368056 4.749637 5.178194 5.660142 6.205161 6.822814 7.526830 8.331667 9.257423 10.32650 11.56934 13.02175 14.73202 16.75996 19.18683 22.11921 25.70459 30.14513 35.70284 42.59572 50.36417 57.54435 63.34481 67.90226 71.47827 74.29375 76.49954 78.20859 79.49691 80.42113 81.01764 81.31045 81.31045 81.01763 80.42113 79.49690 78.20860 76.49957 74.29378 71.47830 67.90230 63.34485 57.54441 50.36424 42.59578 35.70290 30.14517 25.70463 22.11924 19.18686
1.790784 1.902201 2.023193 2.155470 2.299676 2.457884 2.631078 2.821831 3.031620 3.263680 3.520193 3.805303 4.122201 4.476370 4.872446 5.317814 5.819326 6.387186 7.031591 7.767060 8.609007 9.578707 10.70000 12.00510 13.53199 15.33159 17.46680 20.02250 23.10906 26.87753 31.53208 37.33338 44.49262 52.53718 59.98598 66.03291 70.80623 74.56458 77.53007 79.85645 81.66010 83.02020 83.99601 84.62582 84.93498 84.93498 84.62582 83.99599 83.02020 81.66011 79.85648 77.53010 74.56462 70.80626 66.03297 59.98605 52.53726 44.49269 37.33344 31.53214 26.87757 23.10910 20.02253
1.815247 1.929201 2.053045 2.188531 2.336359 2.498658 2.676489 2.872499 3.088276 3.327160 3.591479 3.885527 4.212696 4.578689 4.988424 5.449602 5.969478 6.558715 7.228087 7.992785 8.869059 9.879165 11.04815 12.40964 14.00330 15.88197 18.11075 20.77678 23.99263 27.91083 32.73579 38.72599 46.08723 54.33857 61.98978 68.22594 73.16888 77.07421 80.16343 82.59129 84.47583 85.89812 86.91900 87.57812 87.90171 87.90171 87.57812 86.91900 85.89812 84.47584 82.59130 80.16346 77.07425 73.16892 68.22601 61.98986 54.33866 46.08731 38.72605 32.73585 27.91088 23.99266 20.77682
1.838082 1.954417 2.080930 2.219430 2.370651 2.536785 2.718965 2.919909 3.141294 3.386574 3.658195 3.960611 4.297377 4.674407 5.096870 5.572756 6.109663 6.718678 7.411057 8.202585 9.110201 10.15698 11.36893 12.78079 14.43347 16.38122 18.69057 21.45007 24.77338 28.81358 33.77451 39.91262 47.43005 55.84070 63.64784 70.03097 75.10772 79.13109 82.32151 84.83375 86.78653 88.26183 89.32150 90.00600 90.34211 90.34212 90.00600 89.32150 88.26183 86.78654 84.83378 82.32153 79.13113 75.10775 70.03101 63.64791 55.84076 47.43013 39.91268 33.77457 28.81363 24.77342 21.45011
1.859191 1.977731 2.106724 2.248013 2.402386 2.572084 2.758291 2.963810 3.190398 3.441605 3.719985 4.030132 4.375768 4.762986 5.197165 5.686565 6.239085 6.866168 7.579491 8.395330 9.331200 10.41084 11.66100 13.11728 14.82150 16.82887 19.20687 22.04486 25.45700 29.59639 34.66608 40.92085 48.55999 57.09374 65.02183 71.51997 76.70264 80.82073 84.09346 86.67525 88.68493 90.20489 91.29748 92.00361 92.35046 92.35046 92.00361 91.29748 90.20489 88.68494 86.67529 84.09351 80.82076 76.70268 71.52001 65.02190 57.09383 48.56007 40.92091 34.66614 29.59643 25.45704 22.04490
1.878476 1.999037 2.130306 2.274156 2.431412 2.604368 2.794271 3.003980 3.235324 3.491948 3.776515 4.093729 4.447449 4.843936 5.288769 5.790423 6.357061 7.000429 7.732568 8.570152 9.531155 10.63985 11.92356 13.41851 15.16720 17.22549 19.66144 22.56484 26.05004 30.26990 35.42676 41.77401 49.50905 58.13976 66.16290 72.75165 78.01837 82.21233 85.55173 88.19043 90.24709 91.80424 92.92442 93.64878 94.00469 94.00471 93.64877 92.92442 91.80424 90.24710 88.19044 85.55176 82.21236 78.01841 72.75169 66.16299 58.13984 49.50913 41.77407 35.42682 30.26995 26.05008 22.56487
1.895853 2.018236 2.151556 2.297712 2.457579 2.633482 2.826717 3.040206 3.275844 3.537354 3.827484 4.151048 4.512036 4.916843 5.371211 5.883813 6.463037 7.120877 7.869659 8.726397 9.709437 10.84346 12.15622 13.68442 15.47102 17.57230 20.05668 23.01417 26.55912 30.84409 36.07075 42.49142 50.30202 59.00861 67.10635 73.76655 79.09997 83.35457 86.74767 89.43259 91.52773 93.11552 94.25854 94.99808 95.36153 95.36153 94.99806 94.25854 93.11552 91.52775 89.43262 86.74770 83.35461 79.10001 73.76659 67.10641 59.00869 50.30210 42.49149 36.07081 30.84414 26.55916 23.01421
1.911237 2.035240 2.170382 2.318587 2.480764 2.659278 2.855469 3.072305 3.311748 3.577581 3.872635 4.201812 4.569211 4.981348 5.444106 5.966315 6.556550 7.227017 7.990285 8.863615 9.865656 11.02139 12.35894 13.91529 15.73375 17.87086 20.39528 23.39706 26.99049 31.32783 36.61019 43.08907 50.95939 59.72601 67.88259 74.59914 79.98533 84.28817 87.72424 90.44637 92.57266 94.18539 95.34712 96.09908 96.46876 96.46876 96.09908 95.34711 94.18539 92.57269 90.44640 87.72427 84.28820 79.98537 74.59920 67.88266 59.72610 50.95947 43.08914 36.61024 31.32788 26.99054 23.39710
1.924555 2.049963 2.186684 2.336663 2.500845 2.681626 2.880377 3.100116 3.342854 3.612428 3.911739 4.245767 4.618693 5.037145 5.507119 6.037580 6.637245 7.318499 8.094092 8.981496 9.999591 11.17359 12.53184 14.11160 15.95637 18.12288 20.67988 23.71746 27.34977 31.72881 37.05523 43.57991 51.49694 60.31025 68.51267 75.27334 80.70095 85.04182 88.51190 91.26361 93.41482 95.04756 96.22433 96.98634 97.36104 97.36104 96.98634 96.22433 95.04756 93.41483 91.26366 88.51192 85.04184 80.70100 75.27338 68.51275 60.31033 51.49701 43.57998 37.05528 31.72886 27.34981 23.71751
1.935748 2.062338 2.200390 2.351868 2.517735 2.700421 2.901328 3.123505 3.369007 3.641721 3.944608 4.282703 4.660265 5.083996 5.559994 6.097330 6.704845 7.395048 8.180847 9.079865 10.11115 11.30010 12.67522 14.27396 16.13994 18.33002 20.91298 23.97890 27.64182 32.05347 37.41420 43.97440 51.92762 60.77716 69.01508 75.80979 81.26944 85.63979 89.13633 91.91117 94.08186 95.73035 96.91899 97.68893 98.06760 98.06760 97.68893 96.91899 95.73035 94.08189 91.91119 89.13636 85.63982 81.26949 75.80985 69.01516 60.77725 51.92769 43.97447 37.41426 32.05353 27.64186 23.97894
1.944770 2.072313 2.211433 2.364120 2.531347 2.715567 2.918210 3.142348 3.390082 3.665328 3.971083 4.312446 4.693728 5.121698 5.602527 6.145360 6.759141 7.456475 8.250380 9.158609 10.20032 11.40104 12.78941 14.40297 16.28546 18.49377 21.09674 24.18438 27.87065 32.30710 37.69378 44.28076 52.26114 61.13775 69.40222 76.22251 81.70625 86.09881 89.61536 92.40769 94.59322 96.25368 97.45137 98.22736 98.60909 98.60907 98.22736 97.45137 96.25368 94.59324 92.40772 89.61539 86.09884 81.70629 76.22256 69.40230 61.13783 52.26122 44.28083 37.69384 32.30716 27.87069 24.18443
1.951566 2.079831 2.219763 2.373358 2.541613 2.726991 2.930943 3.156566 3.405974 3.683124 3.991052 4.334873 4.718951 5.150105 5.634557 6.181513 6.799982 7.502646 8.302602 9.217682 10.26713 11.47657 12.87472 14.49918 16.39377 18.61542 21.23296 24.33636 28.03950 32.49380 37.89913 44.50529 52.50514 61.40120 69.68471 76.52325 82.02422 86.43267 89.96357 92.76849 94.96468 96.63377 97.83798 98.61837 99.00229 99.00228 98.61836 97.83798 96.63378 94.96468 92.76852 89.96360 86.43272 82.02428 76.52331 69.68477 61.40129 52.50522 44.50536 37.89919 32.49385 28.03955 24.33641
1.956117 2.084862 2.225334 2.379541 2.548481 2.734634 2.939464 3.166075 3.416611 3.695038 4.004404 4.349869 4.735821 5.169101 5.655962 6.205668 6.827259 7.533468 8.337438 9.257059 10.31163 11.52683 12.93142 14.56306 16.46558 18.69595 21.32299 24.43665 28.15074 32.61661 38.03398 44.65252 52.66489 61.57338 69.86909 76.71940 82.23145 86.65015 90.19032 93.00334 95.20642 96.88113 98.08958 98.87280 99.25813 99.25813 98.87281 98.08958 96.88114 95.20644 93.00339 90.19034 86.65020 82.23151 76.71944 69.86915 61.57346 52.66496 44.65259 38.03403 32.61666 28.15079 24.43670
1.958398 2.087386 2.228132 2.382641 2.551925 2.738468 2.943735 3.170848 3.421943 3.701005 4.011103 4.357388 4.744275 5.178614 5.666689 6.217767 6.840918 7.548894 8.354869 9.276751 10.33388 11.55193 12.95972 14.59492 16.50137 18.73605 21.36778 24.48649 28.20597 32.67752 38.10080 44.72541 52.74392 61.65855 69.96025 76.81632 82.33382 86.75754 90.30224 93.11926 95.32572 97.00315 98.21371 98.99833 99.38435 99.38437 98.99833 98.21371 97.00317 95.32574 93.11929 90.30225 86.75758 82.33388 76.81638 69.96033 61.65863 52.74400 44.72549 38.10086 32.67757 28.20602 24.48654
1.958397 2.087384 2.228128 2.382640 2.551924 2.738468 2.943735 3.170846 3.421943 3.701008 4.011101 4.357389 4.744270 5.178615 5.666687 6.217768 6.840919 7.548893 8.354866 9.276751 10.33387 11.55193 12.95972 14.59492 16.50137 18.73605 21.36777 24.48649 28.20597 32.67752 38.10080 44.72541 52.74392 61.65856 69.96026 76.81632 82.33382 86.75754 90.30224 93.11926 95.32572 97.00317 98.21371 98.99833 99.38437 99.38437 98.99833 98.21371 97.00317 95.32574 93.11929 90.30225 86.75758 82.33387 76.81638 69.96033 61.65863 52.74401 44.72549 38.10086 32.67757 28.20602 24.48654
1.956118 2.084862 2.225334 2.379539 2.548482 2.734634 2.939464 3.166076 3.416613 3.695036 4.004405 4.349874 4.735823 5.169102 5.655966 6.205671 6.827262 7.533468 8.337440 9.257060 10.31164 11.52683 12.93142 14.56306 16.46559 18.69596 21.32299 24.43665 28.15074 32.61661 38.03398 44.65253 52.66489 61.57339 69.86909 76.71940 82.23147 86.65015 90.19032 93.00336 95.20643 96.88114 98.08960 98.87281 99.25813 99.25813 98.87281 98.08959 96.88114 95.20645 93.00340 90.19035 86.65022 82.23151 76.71945 69.86916 61.57347 52.66497 44.65259 38.03404 32.61666 28.15079 24.43670
1.951563 2.079831 2.219760 2.373357 2.541611 2.726990 2.930941 3.156565 3.405973 3.683123 3.991049 4.334870 4.718948 5.150104 5.634551 6.181511 6.799977 7.502643 8.302596 9.217678 10.26713 11.47656 12.87471 14.49918 16.39377 18.61542 21.23295 24.33636 28.03950 32.49380 37.89912 44.50529 52.50513 61.40120 69.68470 76.52325 82.02422 86.43267 89.96357 92.76849 94.96468 96.63378 97.83798 98.61837 99.00229 99.00228 98.61838 97.83798 96.63378 94.96469 92.76851 89.96359 86.43271 82.02427 76.52330 69.68477 61.40128 52.50523 44.50536 37.89919 32.49385 28.03954 24.33640
1.944765 2.072308 2.211427 2.364115 2.531343 2.715561 2.918206 3.142345 3.390080 3.665326 3.971081 4.312444 4.693722 5.121698 5.602523 6.145356 6.759137 7.456471 8.250377 9.158602 10.20032 11.40103 12.78941 14.40296 16.28545 18.49377 21.09674 24.18438 27.87065 32.30710 37.69378 44.28077 52.26114 61.13775 69.40222 76.22250 81.70625 86.09879 89.61536 92.40770 94.59322 96.25368 97.45137 98.22736 98.60907 98.60907 98.22736 97.45137 96.25368 94.59324 92.40771 89.61539 86.09884 81.70629 76.22256 69.40228 61.13783 52.26122 44.28084 37.69384 32.30716 27.87070 24.18443
1.935743 2.062334 2.200383 2.351863 2.517731 2.700416 2.901325 3.123500 3.369001 3.641718 3.944605 4.282698 4.660260 5.083995 5.559993 6.097326 6.704841 7.395042 8.180840 9.079862 10.11115 11.30010 12.67522 14.27395 16.13994 18.33001 20.91298 23.97890 27.64181 32.05347 37.41420 43.97440 51.92762 60.77716 69.01508 75.80980 81.26945 85.63979 89.13633 91.91119 94.08186 95.73035 96.91900 97.68894 98.06760 98.06760 97.68893 96.91900 95.73035 94.08189 91.91120 89.13635 85.63981 81.26949 75.80985 69.01516 60.77725 51.92769 43.97447 37.41426 32.05353 27.64185 23.97894
1.924552 2.049962 2.186683 2.336662 2.500844 2.681624 2.880375 3.100113 3.342849 3.612426 3.911736 4.245763 4.618694 5.037143 5.507120 6.037574 6.637244 7.318495 8.094089 8.981492 9.999590 11.17359 12.53184 14.11160 15.95637 18.12289 20.67988 23.71746 27.34977 31.72881 37.05523 43.57991 51.49694 60.31026 68.51269 75.27335 80.70096 85.04182 88.51190 91.26363 93.41480 95.04758 96.22435 96.98634 97.36105 97.36105 96.98634 96.22433 95.04758 93.41485 91.26366 88.51193 85.04184 80.70100 75.27339 68.51276 60.31033 51.49702 43.57998 37.05529 31.72886 27.34982 23.71751
1.911234 2.035240 2.170381 2.318584 2.480762 2.659274 2.855467 3.072303 3.311747 3.577579 3.872636 4.201807 4.569208 4.981347 5.444102 5.966315 6.556550 7.227017 7.990281 8.863610 9.865654 11.02139 12.35893 13.91529 15.73374 17.87086 20.39528 23.39706 26.99049 31.32783 36.61019 43.08907 50.95939 59.72601 67.88258 74.59914 79.98533 84.28817 87.72424 90.44637 92.57266 94.18539 95.34711 96.09908 96.46877 96.46876 96.09908 95.34711 94.18539 92.57269 90.44640 87.72426 84.28820 79.98537 74.59920 67.88266 59.72610 50.95947 43.08914 36.61024 31.32788 26.99054 23.39710
1.895854 2.018237 2.151556 2.297714 2.457577 2.633482 2.826715 3.040201 3.275846 3.537355 3.827484 4.151050 4.512038 4.916843 5.371212 5.883816 6.463037 7.120875 7.869655 8.726394 9.709437 10.84345 12.15622 13.68442 15.47102 17.57230 20.05668 23.01417 26.55912 30.84410 36.07076 42.49143 50.30204 59.00863 67.10635 73.76655 79.09998 83.35458 86.74769 89.43260 91.52775 93.11552 94.25854 94.99808 95.36155 95.36155 94.99808 94.25855 93.11555 91.52776 89.43263 86.74770 83.35461 79.10001 73.76660 67.10641 59.00871 50.30211 42.49149 36.07082 30.84415 26.55917 23.01421
1.878477 1.999036 2.130306 2.274154 2.431411 2.604368 2.794271 3.003978 3.235323 3.491951 3.776515 4.093730 4.447450 4.843937 5.288768 5.790423 6.357062 7.000431 7.732567 8.570150 9.531152 10.63985 11.92356 13.41851 15.16720 17.22549 19.66144 22.56484 26.05004 30.26991 35.42676 41.77401 49.50906 58.13977 66.16292 72.75166 78.01837 82.21233 85.55173 88.19043 90.24710 91.80425 92.92442 93.64880 94.00471 94.00471 93.64878 92.92442 91.80426 90.24712 88.19044 85.55176 82.21238 78.01842 72.75171 66.16299 58.13985 49.50913 41.77408 35.42683 30.26996 26.05009 22.56488
1.859191 1.977731 2.106725 2.248013 2.402385 2.572082 2.758289 2.963812 3.190398 3.441604 3.719986 4.030132 4.375772 4.762986 5.197164 5.686564 6.239086 6.866166 7.579490 8.395327 9.331200 10.41084 11.66100 13.11728 14.82150 16.82887 19.20688 22.04486 25.45700 29.59639 34.66609 40.92085 48.56000 57.09375 65.02184 71.51997 76.70264 80.82073 84.09348 86.67526 88.68494 90.20490 91.29748 92.00363 92.35048 92.35048 92.00362 91.29749 90.20491 88.68496 86.67529 84.09351 80.82078 76.70270 71.52002 65.02191 57.09383 48.56007 40.92092 34.66615 29.59644 25.45704 22.04490
1.838085 1.954416 2.080932 2.219431 2.370651 2.536787 2.718964 2.919909 3.141296 3.386575 3.658197 3.960613 4.297376 4.674409 5.096870 5.572754 6.109662 6.718677 7.411055 8.202585 9.110200 10.15698 11.36893 12.78079 14.43347 16.38122 18.69057 21.45008 24.77339 28.81359 33.77452 39.91263 47.43007 55.84070 63.64786 70.03098 75.10773 79.13111 82.32154 84.83378 86.78654 88.26186 89.32155 90.00603 90.34216 90.34214 90.00603 89.32152 88.26186 86.78657 84.83379 82.32156 79.13115 75.10777 70.03103 63.64793 55.84079 47.43014 39.91269 33.77457 28.81364 24.77342 21.45011
