T1-compare/90/model-f.grd
DSAA
          90          90
  -15.00000       15.00000    
  -15.00000       15.00000    
  0.8047788       99.38437    
[rows 56 to 83 of 90, columns 0 to 62 of 90]
1.815248 1.929203 2.053044 2.188529 2.336359 2.498656 2.676488 2.872499 3.088274 3.327162 3.591475 3.885524 4.212695 4.578689 4.988423 5.449599 5.969474 6.558711 7.228079 7.992780 8.869053 9.879164 11.04815 12.40963 14.00329 15.88197 18.11075 20.77679 23.99263 27.91084 32.73580 38.72600 46.08725 54.33859 61.98980 68.22597 73.16891 77.07423 80.16345 82.59132 84.47586 85.89815 86.91903 87.57816 87.90174 87.90176 87.57816 86.91904 85.89815 84.47588 82.59133 80.16348 77.07427 73.16895 68.22602 61.98987 54.33867 46.08732 38.72606 32.73585 27.91089 23.99267 20.77683
1.790788 1.902203 2.023194 2.155473 2.299677 2.457886 2.631080 2.821831 3.031622 3.263682 3.520193 3.805304 4.122201 4.476370 4.872446 5.317814 5.819327 6.387186 7.031591 7.767057 8.609008 9.578708 10.70000 12.00510 13.53200 15.33159 17.46681 20.02250 23.10907 26.87754 31.53210 37.33340 44.49264 52.53720 59.98601 66.03294 70.80626 74.56461 77.53011 79.85649 81.66014 83.02026 83.99605 84.62586 84.93503 84.93503 84.62586 83.99605 83.02025 81.66015 79.85651 77.53013 74.56466 70.80629 66.03299 59.98607 52.53727 44.49271 37.33346 31.53215 26.87759 23.10911 20.02254
1.764811 1.873543 1.991523 2.120410 2.260791 2.414675 2.582975 2.768167 2.971638 3.196480 3.444746 3.720401 4.026427 4.368058 4.749640 5.178195 5.660143 6.205163 6.822814 7.526829 8.331664 9.257425 10.32650 11.56934 13.02175 14.73203 16.75997 19.18684 22.11922 25.70461 30.14514 35.70286 42.59575 50.36420 57.54439 63.34484 67.90231 71.47831 74.29381 76.49960 78.20863 79.49696 80.42118 81.01768 81.31051 81.31050 81.01768 80.42118 79.49696 78.20865 76.49962 74.29382 71.47835 67.90234 63.34488 57.54445 50.36427 42.59581 35.70292 30.14519 25.70464 22.11926 19.18688
1.737436 1.843358 1.958178 2.083513 2.219890 2.369246 2.532421 2.711796 2.908646 3.125941 3.365564 3.631312 3.925941 4.254419 4.620775 5.031645 5.492980 6.013880 6.603196 7.273790 8.039033 8.917667 9.930390 11.10551 12.47613 14.08714 15.99405 18.27284 21.02371 24.38717 28.55917 33.79981 40.33536 47.72872 54.54609 60.02162 64.30420 67.65569 70.29178 72.35663 73.95703 75.16401 76.03034 76.58971 76.86438 76.86438 76.58971 76.03035 75.16401 73.95705 72.35664 70.29180 67.65572 64.30424 60.02165 54.54615 47.72878 40.33543 33.79987 28.55922 24.38721 21.02374 18.27287
1.708782 1.811777 1.923316 2.044954 2.177169 2.321823 2.479677 2.653010 2.842987 3.052440 3.283098 3.538554 3.821350 4.136160 4.486685 4.879145 5.318995 5.814712 6.374388 7.009913 7.733487 8.562306 9.515152 10.61784 11.90026 13.40307 15.17624 17.28835 19.82994 22.92908 26.76733 31.59291 37.63578 44.49660 50.80730 55.85009 59.78503 62.86482 65.29095 67.19489 68.67344 69.79033 70.59313 71.11194 71.36687 71.36687 71.11194 70.59313 69.79033 68.67345 67.19490 65.29098 62.86485 59.78506 55.85012 50.80737 44.49667 37.63585 31.59296 26.76737 22.92912 19.82997 17.28838
1.678973 1.778938 1.887089 2.004911 2.132833 2.272637 2.425007 2.592112 2.775015 2.976393 3.197824 3.442686 3.713299 4.014034 4.348259 4.721746 5.139448 5.609164 6.138205 6.737422 7.417742 8.194703 9.084989 10.11162 11.30084 12.68836 14.31743 16.24723 18.55489 21.34916 24.78409 29.07372 34.42864 40.51086 46.10049 50.57145 54.07828 56.84003 59.02854 60.75445 62.10026 63.12005 63.85484 64.33047 64.56440 64.56440 64.33047 63.85484 63.12006 62.10026 60.75447 59.02855 56.84004 54.07830 50.57149 46.10053 40.51091 34.42869 29.07376 24.78413 21.34919 18.55491 16.24726
1.648150 1.744966 1.849683 1.963545 2.087115 2.221899 2.368709 2.529393 2.705115 2.898187 3.110248 3.344239 3.602479 3.888791 4.206450 4.560520 4.955687 5.398800 5.896632 6.458667 7.094812 7.818560 8.644691 9.592931 10.68594 11.95366 13.43216 15.16939 17.22652 19.68670 22.66273 26.30242 30.73571 35.69363 40.28892 44.04962 47.06104 49.47094 51.40261 52.93949 54.14547 55.06389 55.72784 56.15871 56.37089 56.37089 56.15871 55.72784 55.06389 54.14548 52.93951 51.40263 49.47097 47.06106 44.04965 40.28896 35.69367 30.73576 26.30246 22.66276 19.68673 17.22654 15.16941
1.616439 1.710011 1.811249 1.921051 2.040215 2.169866 2.311045 2.465178 2.633640 2.818255 3.020854 3.243799 3.489550 3.761235 4.062188 4.396600 4.769057 5.185280 5.651671 6.176160 6.767813 7.437853 8.199346 9.068460 10.06441 11.21107 12.53730 14.07927 15.88158 17.99992 20.50154 23.45626 26.88385 30.57979 34.07828 37.08477 39.58147 41.63066 43.30042 44.64556 45.70986 46.52586 47.11822 47.50394 47.69416 47.69416 47.50394 47.11822 46.52586 45.70987 44.64557 43.30043 41.63068 39.58150 37.08479 34.07832 30.57982 26.88388 23.45629 20.50157 17.99994 15.88160 14.07929
1.583924 1.674256 1.771915 1.877652 1.992302 2.116815 2.252250 2.399827 2.560908 2.737066 2.930075 3.141982 3.375126 3.632215 3.916353 4.231171 4.580853 4.970315 5.405273 5.892471 6.439810 7.056654 7.754030 8.545058 9.445260 10.47308 11.65030 13.00251 14.55914 16.35252 18.41361 20.75862 23.35449 26.06644 28.67807 31.02417 33.04830 34.75640 36.17531 37.33464 38.26117 38.97694 39.49923 39.84059 40.00926 40.00926 39.84059 39.49923 38.97695 38.26117 37.33465 36.17532 34.75642 33.04831 31.02419 28.67809 26.06646 23.35451 20.75864 18.41363 16.35254 14.55916 13.00253
1.550750 1.637828 1.731853 1.833518 1.943599 2.062970 2.192612 2.333636 2.487294 2.655016 2.838416 3.039336 3.259888 3.502482 3.769892 4.065309 4.392419 4.755481 5.159433 5.610013 6.113877 6.678782 7.313719 8.029128 8.837046 9.751247 10.78723 11.96195 13.29293 14.79600 16.48037 18.33877 20.33183 22.37633 24.36177 26.19400 27.82152 29.22878 30.41988 31.40700 32.20433 32.82521 33.28083 33.57979 33.72783 33.72783 33.57979 33.28083 32.82521 32.20434 31.40701 30.41989 29.22880 27.82154 26.19402 24.36178 22.37634 20.33185 18.33879 16.48038 14.79601 13.29294 11.96197
1.517051 1.600860 1.691235 1.788818 1.894322 2.008552 2.132404 2.266894 2.413161 2.572495 2.746354 2.936388 3.144480 3.372770 3.623695 3.900050 4.205027 4.542281 4.916012 5.331030 5.792838 6.307741 6.882889 7.526371 8.247214 9.055299 9.961080 10.97501 12.10633 13.36088 14.73734 16.22175 17.78160 19.36453 20.90725 22.35274 23.66223 24.81608 25.80854 26.64182 27.32178 27.85542 28.24927 28.50870 28.63747 28.63747 28.50870 28.24927 27.85542 27.32179 26.64182 25.80855 24.81609 23.66224 22.35275 20.90726 19.36454 17.78162 16.22176 14.73735 13.36089 12.10634 10.97502
1.482946 1.563486 1.650215 1.743724 1.844668 1.953781 2.071884 2.199893 2.338840 2.489884 2.654330 2.833648 3.029502 3.243773 3.478589 3.736362 4.019832 4.332099 4.676679 5.057546 5.479171 5.946574 6.465315 7.041495 7.681664 8.392617 9.181029 10.05279 11.01192 12.05888 13.18821 14.38584 15.62706 16.87739 18.09765 19.25117 20.30970 21.25542 22.07940 22.77895 23.35505 23.81043 24.14835 24.37179 24.48293 24.48293 24.37179 24.14835 23.81043 23.35505 22.77896 22.07941 21.25542 20.30971 19.25118 18.09766 16.87740 15.62707 14.38584 13.18822 12.05889 11.01193 10.05280
1.448555 1.525838 1.608940 1.698402 1.794825 1.898874 2.011291 2.132907 2.264646 2.407545 2.562762 2.731596 2.915509 3.116139 3.335321 3.575127 3.837875 4.126162 4.442893 4.791303 5.174962 5.597787 6.064005 6.578097 7.144650 7.768142 8.452541 9.200744 10.01371 10.88932 11.82105 12.79670 13.79794 14.80125 15.78043 16.71065 17.57150 18.34823 19.03173 19.61729 20.10327 20.48987 20.77816 20.96944 21.06479 21.06479 20.96944 20.77816 20.48987 20.10327 19.61729 19.03173 18.34824 17.57150 16.71066 15.78043 14.80125 13.79795 12.79670 11.82105 10.88932 10.01371 9.200748
1.413992 1.488045 1.567555 1.653017 1.744976 1.844034 1.950860 2.066199 2.190877 2.325814 2.472034 2.630673 2.803006 2.990446 3.194567 3.417123 3.660058 3.925521 4.215883 4.533731 4.881871 5.263304 5.681165 6.138649 6.638860 7.184577 7.777933 8.419946 9.109919 9.844712 10.61801 11.41980 12.23629 13.05075 13.84524 14.60231 15.30678 15.94687 16.51432 17.00395 17.41292 17.74000 17.98495 18.14796 18.22936 18.22936 18.14796 17.98495 17.74001 17.41292 17.00395 16.51433 15.94687 15.30678 14.60231 13.84525 13.05075 12.23630 11.41980 10.61802 9.844718 9.109922 8.419950
1.379365 1.450225 1.526193 1.607716 1.695285 1.789447 1.890801 2.000007 2.117803 2.244998 2.382490 2.531271 2.692438 2.867206 3.056907 3.263015 3.487141 3.731043 3.996627 4.285939 4.601139 4.944482 5.318239 5.724616 6.165608 6.642816 7.157155 7.708539 8.295452 8.914522 9.560125 10.22419 10.89636 11.56451 12.21549 12.83664 13.41666 13.94624 14.41829 14.82784 15.17167 15.44787 15.65544 15.79393 15.86320 15.86320 15.79393 15.65544 15.44787 15.17167 14.82784 14.41829 13.94624 13.41666 12.83664 12.21550 11.56451 10.89637 10.22420 9.560129 8.914526 8.295454 7.708542
1.344779 1.412498 1.484985 1.562643 1.645918 1.735295 1.831311 1.934554 2.045672 2.165375 2.294446 2.433741 2.584203 2.746861 2.922838 3.113356 3.319741 3.543409 3.785877 4.048731 4.333613 4.642174 4.976013 5.336593 5.725119 6.142372 6.588512 7.062832 7.563490 8.087252 8.629289 9.183127 9.740759 10.29305 10.83055 11.34380 11.82412 12.26412 12.65788 13.00091 13.29002 13.52309 13.69875 13.81620 13.87502 13.87502 13.81620 13.69875 13.52309 13.29003 13.00091 12.65788 12.26413 11.82412 11.34380 10.83055 10.29306 9.740762 9.183130 8.629292 8.087255 7.563492 7.062834
1.310326 1.374964 1.444042 1.517925 1.597010 1.681733 1.772567 1.870034 1.974699 2.087184 2.208166 2.338378 2.478624 2.629773 2.792757 2.968585 3.158329 3.363124 3.584152 3.822632 4.079779 4.356779 4.654713 4.974499 5.316781 5.681808 6.069275 6.478170 6.906587 7.351588 7.809100 8.273929 8.739913 9.200172 9.647316 10.07417 10.47411 10.84127 11.17075 11.45864 11.70202 11.89874 12.04735 12.14688 12.19677 12.19677 12.14688 12.04735 11.89874 11.70202 11.45864 11.17075 10.84127 10.47411 10.07417 9.647319 9.200173 8.739914 8.273931 7.809103 7.351589 6.906588 6.478172
1.276098 1.337724 1.403476 1.473682 1.548697 1.628906 1.714729 1.806622 1.905080 2.010640 2.123885 2.245440 2.375984 2.516242 2.666984 2.829034 3.003251 3.190530 3.391782 3.607923 3.839834 4.088335 4.354129 4.637734 4.939414 5.259072 5.596145 5.949495 6.317298 6.696957 7.085059 7.477411 7.869109 8.254754 8.628879 8.985946 9.320678 9.628378 9.905005 10.14724 10.35247 10.51869 10.64448 10.72883 10.77116 10.77116 10.72884 10.64448 10.51869 10.35247 10.14724 9.905004 9.628378 9.320678 8.985946 8.628878 8.254753 7.869109 7.477411 7.085059 6.696954 6.317296 5.949493
1.242175 1.300865 1.363383 1.430021 1.501094 1.576942 1.657934 1.744470 1.836976 1.935919 2.041792 2.155128 2.276494 2.406491 2.545750 2.694936 2.854728 3.025824 3.208913 3.404669 3.613713 3.836589 4.073714 4.325333 4.591447 4.871755 5.165561 5.471713 5.788527 6.113747 6.444523 6.777454 7.108697 7.434076 7.749102 8.049427 8.330960 8.589928 8.823016 9.027422 9.200863 9.341554 9.448152 9.519713 9.555640 9.555639 9.519713 9.448152 9.341553 9.200863 9.027422 8.823016 8.589929 8.330961 8.049427 7.749103 7.434076 7.108697 6.777456 6.444524 6.113747 5.788527 5.471712
1.208634 1.264472 1.323855 1.387040 1.454307 1.525955 1.602308 1.683710 1.770531 1.863170 1.962047 2.067607 2.180325 2.300691 2.429220 2.566439 2.712883 2.869083 3.035553 3.212775 3.401169 3.601072 3.812696 4.036091 4.271099 4.517294 4.773935 5.039913 5.313714 5.593387 5.876553 6.160432 6.441878 6.717512 6.983977 7.237831 7.475721 7.694592 7.891710 8.064728 8.211688 8.331021 8.421520 8.482317 8.512855 8.512855 8.482317 8.421520 8.331020 8.211687 8.064727 7.891708 7.694591 7.475721 7.237830 6.983976 6.717510 6.441877 6.160429 5.876552 5.593385 5.313710 5.039909
1.175542 1.228617 1.284967 1.344821 1.408425 1.476041 1.547949 1.624448 1.705856 1.792511 1.884767 1.982997 2.087590 2.198949 2.317483 2.443609 2.577740 2.720274 2.871585 3.032003 3.201797 3.381150 3.570131 3.768660 3.976475 4.193095 4.417777 4.649490 4.886885 5.128292 5.371716 5.614876 5.855274 6.090253 6.316929 6.532534 6.734445 6.920181 7.087495 7.234424 7.359302 7.460771 7.537771 7.589526 7.615528 7.615529 7.589526 7.537771 7.460770 7.359301 7.234423 7.087494 6.920180 6.734444 6.532532 6.316928 6.090251 5.855274 5.614874 5.371716 5.128290 4.886883 4.649487
1.142959 1.193364 1.246790 1.303439 1.363526 1.427281 1.494945 1.566775 1.643043 1.724034 1.810044 1.901383 1.998369 2.101325 2.210578 2.326451 2.449256 2.579285 2.716801 2.862020 3.015094 3.176097 3.344995 3.521627 3.705673 3.896632 4.093791 4.296206 4.502692 4.711815 4.921900 5.131058 5.337198 5.538103 5.731631 5.915548 6.087648 6.245895 6.388434 6.513626 6.620060 6.706579 6.772257 6.816417 6.838606 6.838606 6.816417 6.772256 6.706578 6.620060 6.513625 6.388433 6.245895 6.087647 5.915547 5.731629 5.538102 5.337197 5.131056 4.921899 4.711813 4.502689 4.296202
1.110939 1.158770 1.209383 1.262956 1.319676 1.379743 1.443364 1.510760 1.582159 1.657803 1.737937 1.822815 1.912695 2.007836 2.108491 2.214909 2.327320 2.445933 2.570921 2.702415 2.840481 2.985115 3.136213 3.293565 3.456824 3.625495 3.798906 3.976210 4.156365 4.338145 4.520138 4.700776 4.878385 5.051206 5.217313 5.374877 5.522169 5.657519 5.779396 5.886428 5.977433 6.051417 6.107592 6.145367 6.164352 6.164352 6.145367 6.107591 6.051415 5.977431 5.886427 5.779395 5.657518 5.522167 5.374875 5.217311 5.051204 4.878383 4.700774 4.520136 4.338144 4.156363 3.976207
1.079527 1.124883 1.172797 1.223424 1.276929 1.333482 1.393261 1.456454 1.523255 1.593862 1.668481 1.747315 1.830575 1.918461 2.011170 2.108886 2.211777 2.319984 2.433614 2.552729 2.677337 2.807376 2.942702 3.083073 3.228139 3.377421 3.530303 3.686025 3.843678 4.002209 4.160424 4.317010 4.470534 4.619493 4.762477 4.897991 5.024540 5.140744 5.245327 5.337149 5.415209 5.478669 5.526855 5.559259 5.575547 5.575547 5.559259 5.526854 5.478668 5.415207 5.337147 5.245326 5.140743 5.024539 4.897989 4.762475 4.619491 4.470532 4.317009 4.160423 4.002208 3.843676 3.686022
1.048762 1.091741 1.137070 1.184883 1.235322 1.288534 1.344671 1.403891 1.466355 1.532230 1.601681 1.674876 1.751977 1.833142 1.918519 2.008243 2.102428 2.201164 2.304505 2.412467 2.525013 2.642044 2.763389 2.888797 3.017921 3.150311 3.285406 3.422531 3.560892 3.699583 3.837592 3.973823 4.107119 4.236289 4.359999 4.477008 4.586149 4.686279 4.776342 4.855381 4.922555 4.977158 5.018616 5.046494 5.060506 5.060505 5.046494 5.018615 4.977157 4.922554 4.855379 4.776340 4.686278 4.586147 4.477006 4.359997 4.236288 4.107119 3.973823 3.837593 3.699583 3.560891 3.422530
1.018680 1.059384 1.102242 1.147371 1.194894 1.244936 1.297626 1.353096 1.411481 1.472916 1.537537 1.605476 1.676860 1.751809 1.830432 1.912823 1.999056 2.089179 2.183211 2.281129 2.382866 2.488302 2.597251 2.709460 2.824597 2.942246 3.061897 3.182952 3.304720 3.426420 3.547192 3.666106 3.782152 3.894286 4.001558 4.102945 4.197409 4.283996 4.361822 4.430087 4.488082 4.535213 4.570990 4.595047 4.607137 4.607136 4.595046 4.570989 4.535210 4.488080 4.430083 4.361820 4.283995 4.197406 4.102942 4.001555 3.894284 3.782150 3.666104 3.547191 3.426418 3.304718 3.182950
0.9893073 1.027835 1.068336 1.110911 1.155665 1.202704 1.252138 1.304075 1.358628 1.415906 1.476018 1.539067 1.605151 1.674360 1.746768 1.822440 1.901415 1.983715 2.069325 2.158201 2.250253 2.345349 2.443299 2.543854 2.646702 2.751460 2.857670 2.964804 3.072257 3.179357 3.285371 3.389512 3.490971 3.588920 3.682410 3.770581 3.852629 3.927762 3.995242 4.054395 4.104629 4.145437 4.176408 4.197230 4.207695 4.207695 4.197230 4.176408 4.145435 4.104626 4.054393 3.995239 3.927761 3.852627 3.770578 3.682408 3.588918 3.490970 3.389511 3.285372 3.179358 3.072257 2.964804
0.9606636 0.9971139 1.035370 1.075518 1.117647 1.161847 1.208210 1.256825 1.307783 1.361175 1.417084 1.475590 1.536768 1.600680 1.667377 1.736896 1.809255 1.884448 1.962444 2.043179 2.126552 2.212422 2.300603 2.390857 2.482891 2.576356 2.670843 2.765883 2.860950 2.955464 3.048795 3.140272 3.229170 3.314748 3.396355 3.473276 3.544776 3.610188 3.668889 3.720314 3.763962 3.799408 3.826302 3.844379 3.853463 3.853463 3.844378 3.826300 3.799406 3.763960 3.720311 3.668886 3.610186 3.544774 3.473273 3.396353 3.314745 3.229169 3.140271 3.048795 2.955464 2.860950 2.765883
