T1-compare/90/model-t.grd
DSAA
          90          90
      -15.000000       15.000000
      -15.000000       15.000000
    7.077141E-01       99.294121
[rows 27 to 53 of 90, columns 0 to 60 of 90]
1.553793 1.650650 1.755674 1.869617 1.993414 2.128232 2.275348 2.436015 2.612071 2.805115 3.017421 3.251433 3.509953 3.796243 4.114103 4.468177 4.863569 5.306628 5.804729 6.366672 7.003151 7.726755 8.553159 9.501297 10.594552 11.862161 13.340906 15.078050 17.135351 19.595560 22.571461 26.211792 30.644012 35.605198 40.198631 43.961201 46.971405 49.382217 51.313248 52.850628 54.056271 54.974957 55.638733 56.069725 56.281853 56.281868 56.069702 55.638721 54.974949 54.056271 52.850632 51.313248 49.382198 46.971382 43.961212 40.198635 35.605217 30.644041 26.211811 22.571503 19.595541
1.584685 1.684713 1.793140 1.910972 2.039204 2.179020 2.331699 2.498798 2.682033 2.883367 3.105106 3.349929 3.620840 3.921455 4.256020 4.629391 5.047431 5.517043 6.046421 6.645491 7.326173 8.102916 8.993529 10.019996 11.209544 12.596880 14.226306 16.155905 18.463802 21.258072 24.692785 28.983358 34.336018 40.420647 46.006393 50.480015 53.985001 56.748066 58.935642 60.662262 62.007607 63.027760 63.762295 64.238106 64.471977 64.471954 64.238106 63.762280 63.027740 62.007607 60.662273 58.935661 56.748032 53.985020 50.480022 46.006439 40.420654 34.336040 28.983368 24.692799 21.258059
1.614519 1.717550 1.829412 1.951078 2.083601 2.228275 2.386407 2.559767 2.750058 2.959425 3.190417 3.445825 3.728900 4.043640 4.394477 4.786880 5.227087 5.722650 6.282653 6.918032 7.641953 8.470547 9.423803 10.526243 11.809014 13.311646 15.085148 17.197071 19.738918 22.838062 26.676098 31.502636 37.543713 44.408554 50.716114 55.761665 59.694736 62.775883 65.201073 67.105728 68.583786 69.701050 70.503578 71.022591 71.277397 71.277420 71.022568 70.503578 69.701050 68.583778 67.105705 65.201073 62.775875 59.694748 55.761681 50.716133 44.408596 37.543728 31.502623 26.676119 22.838039
1.643208 1.749144 1.864336 1.989692 2.126368 2.275703 2.439246 2.618537 2.815737 3.033001 3.272953 3.538616 3.833596 4.161993 4.528638 4.939382 5.401056 5.921847 6.511516 7.181946 7.947546 8.826002 9.839075 11.013960 12.384972 13.995753 15.902999 18.181648 20.932749 24.296209 28.468000 33.709553 40.242939 47.639206 54.452789 59.931068 64.211754 67.564590 70.199753 72.265320 73.865219 75.072578 75.938675 76.498207 76.772797 76.772766 76.498207 75.938675 75.072578 73.865234 72.265327 70.199753 67.564598 64.211784 59.931068 54.452797 47.639217 40.242882 33.709572 28.468025 24.296217
1.670622 1.779458 1.897718 2.026601 2.167348 2.321155 2.489837 2.675006 2.878785 3.103577 3.352171 3.627767 3.934120 4.275602 4.657573 5.086003 5.568284 6.113140 6.731202 7.435049 8.240240 9.165785 10.235210 11.477894 12.930643 14.640682 16.669001 19.095699 22.028284 25.613688 30.054010 35.612694 42.503670 50.275887 57.452759 63.255985 67.811554 71.388916 74.203468 76.410004 78.118492 79.407234 80.331207 80.927872 81.220612 81.220619 80.927879 80.331192 79.407234 78.118523 76.410027 74.203484 71.388931 67.811577 63.256004 57.452782 50.275871 42.503685 35.612694 30.054014 25.613670
1.696670 1.808105 1.929434 2.061726 2.206218 2.364433 2.537953 2.728716 2.938802 3.170790 3.427654 3.712706 4.029930 4.383996 4.780443 5.225658 5.727520 6.295234 6.940008 7.675315 8.517598 9.487108 10.608759 11.913681 13.440927 15.240323 17.375851 19.931404 23.018198 26.786692 31.441031 37.243263 44.400379 52.448055 59.893188 65.942902 70.714310 74.474052 77.438599 79.765709 81.568825 82.929329 83.904869 84.534882 84.843933 84.843948 84.534859 83.904869 82.929314 81.568825 79.765686 77.438583 74.474037 70.714317 65.942871 59.893223 52.448036 44.400406 37.243256 31.441053 26.786715
1.721150 1.835145 1.959324 2.094841 2.242953 2.405294 2.583411 2.779405 2.995503 3.234289 3.498977 3.792947 4.120434 4.486370 4.896418 5.357496 5.877696 6.466783 7.136535 7.901065 8.777710 9.787642 10.956950 12.318260 13.912259 15.790695 18.019842 20.685701 23.901785 27.820023 32.644791 38.635925 45.995228 54.250187 61.898010 68.136932 73.077988 76.984673 80.072960 82.501549 84.385590 85.808258 86.828873 87.488182 87.811699 87.811699 87.488190 86.828888 85.808228 84.385567 82.501556 80.072968 76.984688 73.078003 68.136948 61.897991 54.250206 45.995197 38.635914 32.644753 27.820026
1.743999 1.860409 1.987280 2.125722 2.277265 2.443407 2.625896 2.826862 3.048549 3.293791 3.565768 3.868096 4.205152 4.582093 5.004896 5.480649 6.017911 6.626799 7.319523 8.110941 9.018878 10.065484 11.277803 12.689467 14.342489 16.290009 18.599720 21.359032 24.682579 28.722813 33.683521 39.822578 47.337948 55.751797 63.555340 69.941216 75.016068 79.040833 82.230293 84.743248 86.695549 88.171227 89.230637 89.915321 90.251343 90.251350 89.915329 89.230629 88.171227 86.695526 84.743256 82.230278 79.040794 75.016075 69.941216 63.555332 55.751823 47.337959 39.822578 33.683529 28.722832
1.765158 1.883736 2.013063 2.154358 2.309065 2.478751 2.665286 2.870748 3.097709 3.348850 3.627522 3.937610 4.283613 4.670729 5.105256 5.594517 6.147406 6.774329 7.488007 8.303720 9.239946 10.319385 11.569877 13.025947 14.730546 16.737709 19.116060 21.953878 25.366257 29.505646 34.575150 40.830845 48.468037 57.005306 64.929955 71.430885 76.611664 80.731110 84.002930 86.585442 88.594597 90.114952 91.207298 91.913589 92.260361 92.260368 91.913589 91.207268 90.114937 88.594612 86.585434 84.002914 80.731110 76.611687 71.430893 64.929993 57.005329 48.468037 40.830872 34.575138 29.505671
1.784469 1.905080 2.036704 2.180498 2.338092 2.511055 2.701270 2.910988 3.142628 3.399244 3.684111 4.001284 4.355325 4.751702 5.196879 5.698387 6.265364 6.908626 7.641116 8.478537 9.439904 10.548426 11.832494 13.327231 15.076283 17.134348 19.570660 22.473877 25.959314 30.179188 35.335861 41.684036 49.417015 58.050999 66.070602 72.662079 77.926903 82.122231 85.460709 88.100121 90.156273 91.713821 92.833717 93.558258 93.914108 93.914108 93.558273 92.833717 91.713814 90.156265 88.100121 85.460709 82.122238 77.926918 72.662056 66.070572 58.051018 49.417011 41.684021 35.335888 30.179226
1.801853 1.924311 2.057931 2.204129 2.364306 2.540203 2.733767 2.947212 3.183224 3.444619 3.735125 4.058626 4.419906 4.824652 5.279331 5.791774 6.371376 7.029105 7.778263 8.634797 9.618181 10.752065 12.065173 13.593163 15.380149 17.481171 19.965918 22.923225 26.468428 30.753408 35.979862 42.401497 50.210098 58.920174 67.014442 73.677437 79.008972 83.264908 86.657089 89.342743 91.437340 93.025520 94.168297 94.907997 95.271400 95.271385 94.908005 94.168289 93.025536 91.437363 89.342720 86.657097 83.264923 79.008942 73.677399 67.014427 58.920174 50.210094 42.401474 35.979877 30.753422
1.817311 1.941291 2.076774 2.225014 2.387492 2.565958 2.762531 2.979371 3.219075 3.484927 3.780261 4.109379 4.477064 4.889163 5.352269 5.874363 6.464900 7.135243 7.898880 8.772049 9.774456 10.930010 12.267891 13.824055 15.642893 17.779783 20.304552 23.306154 26.899820 31.237202 36.519329 42.999157 50.867416 59.637344 67.790359 74.509697 79.893997 84.198204 87.633347 90.356178 92.481964 94.095093 95.256538 96.008698 96.378281 96.378288 96.008675 95.256538 94.095108 92.481956 90.356209 87.633308 84.198204 79.893997 74.509697 67.790375 59.637367 50.867405 42.999138 36.519325 31.237175
1.830576 1.956057 2.093118 2.243105 2.407589 2.588358 2.787451 3.007183 3.250224 3.519752 3.819371 4.153383 4.526610 4.944997 5.415270 5.945646 6.545641 7.226760 8.002695 8.889952 9.908439 11.082217 12.440847 14.020388 15.865527 18.031811 20.589161 23.626566 27.259132 31.638163 36.964390 43.490025 51.405056 60.221798 68.420784 75.184204 80.609924 84.952156 88.421265 91.173752 93.324417 94.957573 96.134064 96.896278 97.270882 97.270874 96.896263 96.134071 94.957558 93.324432 91.173759 88.421295 84.952164 80.609917 75.184204 68.420784 60.221821 51.405018 43.490017 36.964401 31.638205
1.841851 1.968407 2.106806 2.258300 2.424500 2.607194 2.808431 3.030561 3.276391 3.549071 3.852298 4.190334 4.568221 4.991821 5.468172 6.005395 6.613236 7.303323 8.089487 8.988332 10.019993 11.208753 12.584259 14.182778 16.049109 18.238970 20.822308 23.888039 27.551199 31.962881 37.323368 43.884533 51.835720 60.688580 68.922966 75.720459 81.178207 85.549904 89.045525 91.821075 93.991287 95.640129 96.828522 97.598640 97.977219 97.977211 97.598656 96.828514 95.640144 93.991280 91.821091 89.045517 85.549889 81.178200 75.720467 68.922974 60.688606 51.835682 43.884521 37.323380 31.962898
1.850834 1.978440 2.117871 2.270586 2.438132 2.622355 2.825316 3.049412 3.297471 3.572685 3.878786 4.220065 4.601684 5.029547 5.510719 6.053462 6.667565 7.364769 8.159037 9.067099 10.109177 11.309712 12.698430 14.311794 16.194639 18.402731 21.006044 24.093529 27.780031 32.216511 37.602985 44.190903 52.169254 61.049313 69.310287 76.133354 81.615189 86.009117 89.524734 92.317787 94.502800 96.163666 97.361084 98.137276 98.518890 98.518906 98.137245 97.361084 96.163658 94.502808 92.317795 89.524734 86.009109 81.615196 76.133339 69.310280 61.049320 52.169258 44.190910 37.602982 32.216473
1.857685 1.985944 2.126237 2.279841 2.448393 2.633783 2.838073 3.063688 3.313401 3.590524 3.898717 4.242491 4.626935 5.057988 5.542722 6.089610 6.708405 7.410967 8.211256 9.126181 10.176003 11.385249 12.783753 14.408023 16.302961 18.524406 21.142288 24.245518 27.948885 32.403221 37.808315 44.415428 52.413261 61.312687 69.592667 76.433968 81.933060 86.342857 89.872833 92.678474 94.874130 96.543640 97.747589 98.528152 98.911980 98.911964 98.528152 97.747604 96.543633 94.874107 92.678482 89.872803 86.342873 81.933067 76.433952 69.592644 61.312679 52.413250 44.415443 37.808346 32.403229
1.862242 1.991004 2.131776 2.286008 2.455245 2.641413 2.846593 3.073179 3.324036 3.602395 3.912119 4.257494 4.643759 5.076960 5.564173 6.113773 6.735709 7.441792 8.246128 9.165585 10.220505 11.435508 12.840456 14.471891 16.374769 18.604942 21.232317 24.345829 28.060152 32.526020 37.943169 44.562683 52.573032 61.484924 69.777153 76.630234 82.140396 86.560432 90.099655 92.913414 95.116005 96.791107 97.999290 98.782677 99.167915 99.167931 98.782692 97.999290 96.791069 95.116013 92.913445 90.099670 86.560448 82.140373 76.630219 69.777145 61.484932 52.573017 44.562687 37.943176 32.526012
1.864473 1.993530 2.134604 2.289133 2.458719 2.645271 2.850863 3.077948 3.329381 3.608419 3.918814 4.265030 4.652255 5.086505 5.574906 6.125882 6.749362 7.457211 8.263524 9.185273 10.242753 11.460603 12.868781 14.503760 16.410587 18.645021 21.277115 24.395641 28.115368 32.586914 38.010021 44.635582 52.652054 61.570061 69.868271 76.727112 82.242691 86.667793 90.211517 93.029274 95.235245 96.913086 98.123367 98.908150 99.294106 99.294106 98.908157 98.123344 96.913086 95.235252 93.029297 90.211533 86.667786 82.242683 76.727119 69.868271 61.570045 52.652077 44.635582 38.010010 32.586918
1.864535 1.993553 2.134557 2.289132 2.458764 2.645227 2.850870 3.077944 3.329396 3.608387 3.918791 4.265025 4.652268 5.086499 5.574911 6.125866 6.749398 7.457214 8.263548 9.185268 10.242752 11.460610 12.868752 14.503767 16.410580 18.645052 21.277113 24.395672 28.115383 32.586929 38.010010 44.635578 52.652073 61.570072 69.868233 76.727112 82.242706 86.667793 90.211517 93.029305 95.235252 96.913055 98.123360 98.908180 99.294113 99.294121 98.908165 98.123367 96.913055 95.235268 93.029305 90.211517 86.667786 82.242691 76.727119 69.868240 61.570080 52.652073 44.635574 38.009991 32.586910
1.862204 1.991008 2.131803 2.286031 2.455287 2.641429 2.846606 3.073187 3.324021 3.602443 3.912128 4.257499 4.643812 5.076982 5.564194 6.113790 6.735707 7.441768 8.246085 9.165565 10.220510 11.435513 12.840467 14.471891 16.374781 18.604921 21.232311 24.345810 28.060137 32.526020 37.943169 44.562675 52.573021 61.484932 69.777153 76.630219 82.140381 86.560463 90.099640 92.913406 95.115990 96.791100 97.999283 98.782692 99.167923 99.167931 98.782677 97.999268 96.791100 95.115990 92.913414 90.099655 86.560478 82.140350 76.630211 69.777130 61.484936 52.573006 44.562664 37.943172 32.526012
1.857679 1.985957 2.126219 2.279841 2.448424 2.633793 2.838025 3.063659 3.313402 3.590529 3.898749 4.242533 4.626912 5.057962 5.542728 6.089602 6.708411 7.410947 8.211267 9.126187 10.175988 11.385236 12.783753 14.408013 16.302971 18.524385 21.142254 24.245516 27.948891 32.403210 37.808319 44.415459 52.413254 61.312653 69.592659 76.433945 81.933083 86.342873 89.872833 92.678459 94.874123 96.543640 97.747604 98.528130 98.911972 98.911949 98.528145 97.747597 96.543633 94.874115 92.678467 89.872818 86.342888 81.933075 76.433929 69.592644 61.312679 52.413254 44.415443 37.808334 32.403233
1.850839 1.978447 2.117858 2.270608 2.438113 2.622358 2.825334 3.049402 3.297503 3.572677 3.878745 4.220061 4.601685 5.029535 5.510718 6.053423 6.667536 7.364746 8.159029 9.067104 10.109179 11.309687 12.698423 14.311798 16.194643 18.402723 21.006054 24.093542 27.780012 32.216492 37.602959 44.190907 52.169270 61.049294 69.310287 76.133369 81.615181 86.009148 89.524757 92.317833 94.502823 96.163643 97.361084 98.137268 98.518906 98.518898 98.137276 97.361099 96.163666 94.502831 92.317825 89.524734 86.009148 81.615211 76.133369 69.310272 61.049305 52.169273 44.190918 37.602974 32.216480
1.841790 1.968449 2.106838 2.258328 2.424490 2.607219 2.808422 3.030577 3.276407 3.549065 3.852269 4.190300 4.568187 4.991844 5.468157 6.005397 6.613254 7.303330 8.089461 8.988347 10.019985 11.208754 12.584214 14.182774 16.049093 18.238972 20.822277 23.888010 27.551146 31.962852 37.323360 43.884510 51.835693 60.688572 68.922958 75.720436 81.178200 85.549911 89.045525 91.821091 93.991272 95.640175 96.828552 97.598633 97.977211 97.977234 97.598640 96.828545 95.640167 93.991272 91.821106 89.045525 85.549896 81.178169 75.720451 68.922958 60.688587 51.835674 43.884495 37.323349 31.962885
1.830606 1.956043 2.093111 2.243132 2.407625 2.588343 2.787447 3.007152 3.250229 3.519767 3.819402 4.153370 4.526630 4.944980 5.415269 5.945626 6.545644 7.226748 8.002726 8.889953 9.908400 11.082210 12.440823 14.020374 15.865518 18.031822 20.589170 23.626589 27.259123 31.638199 36.964367 43.490013 51.405048 60.221821 68.420738 75.184204 80.609924 84.952126 88.421280 91.173721 93.324409 94.957573 96.134071 96.896294 97.270882 97.270859 96.896286 96.134071 94.957558 93.324425 91.173721 88.421272 84.952141 80.609932 75.184204 68.420753 60.221802 51.405014 43.490021 36.964375 31.638205
1.817288 1.941329 2.076761 2.224976 2.387477 2.566039 2.762554 2.979336 3.219106 3.484875 3.780257 4.109385 4.477142 4.889174 5.352248 5.874354 6.464925 7.135274 7.898891 8.772027 9.774441 10.930019 12.267894 13.824052 15.642862 17.779781 20.304523 23.306135 26.899801 31.237127 36.519321 42.999138 50.867409 59.637375 67.790344 74.509659 79.894005 84.198174 87.633347 90.356201 92.481995 94.095085 95.256569 96.008698 96.378311 96.378311 96.008698 95.256546 94.095108 92.481995 90.356186 87.633316 84.198196 79.894005 74.509674 67.790359 59.637367 50.867409 42.999126 36.519325 31.237114
1.801883 1.924296 2.057934 2.204077 2.364301 2.540170 2.733717 2.947208 3.183184 3.444664 3.735097 4.058604 4.419926 4.824636 5.279344 5.791863 6.371377 7.029108 7.778229 8.634815 9.618199 10.752038 12.065152 13.593163 15.380102 17.481215 19.965925 22.923254 26.468420 30.753422 35.979839 42.401470 50.210133 58.920155 67.014473 73.677467 79.008995 83.264938 86.657097 89.342720 91.437332 93.025528 94.168312 94.907990 95.271400 95.271393 94.907990 94.168320 93.025528 91.437363 89.342720 86.657104 83.264961 79.009010 73.677452 67.014465 58.920158 50.210106 42.401470 35.979877 30.753454
1.784491 1.905061 2.036657 2.180520 2.338103 2.511064 2.701289 2.910953 3.142650 3.399242 3.684122 4.001253 4.355282 4.751707 5.196848 5.698408 6.265402 6.908631 7.641111 8.478565 9.439921 10.548386 11.832481 13.327220 15.076297 17.134356 19.570688 22.473896 25.959318 30.179216 35.335873 41.684006 49.417030 58.051029 66.070564 72.662010 77.926865 82.122192 85.460655 88.100128 90.156281 91.713768 92.833725 93.558273 93.914070 93.914070 93.558273 92.833733 91.713783 90.156303 88.100121 85.460678 82.122215 77.926872 72.662010 66.070557 58.051025 49.417027 41.684013 35.335922 30.179249
