T4-twomodels-1/gx/model150.grd
DSAA
         100         100
  -15.00000       15.00000    
  -15.00000       15.00000    
  -5.853254       3.057713    
[rows 52 to 77 of 100, columns 0 to 58 of 100]
0.7726310 0.8713244 0.9873133 1.122018 1.282380 1.472086 1.702396 1.981344 2.323924 2.718840 3.047666 3.014127 2.669638 2.302783 1.993834 1.747644 1.548606 1.389368 1.259710 1.156093 1.072642 1.007720 0.9577271 0.9218620 0.8978257 0.8851689 0.8824062 0.8891970 0.9046085 0.9282613 0.9596323 0.9982105 1.043822 1.095774 1.154250 1.218353 1.288702 1.364174 1.445954 1.532643 1.626182 1.724730 1.831152 1.942526 2.062174 2.182552 2.299632 2.370513 2.291998 1.829122 1.186216 0.8401178 0.6692716 0.5461043 0.4425085 0.3563820 0.2798480 0.2144158 0.1537868
0.7679372 0.8662109 0.9817708 1.116047 1.275989 1.465296 1.695237 1.973862 2.316168 2.710867 3.039512 3.005912 2.661463 2.294677 1.985853 1.739832 1.540997 1.381982 1.252555 1.149165 1.065928 1.001196 0.9513635 0.9156240 0.8916763 0.8790693 0.8763195 0.8830861 0.8984407 0.9220073 0.9532689 0.9917195 1.037192 1.089003 1.147341 1.211318 1.281561 1.356956 1.438691 1.525380 1.618961 1.717603 1.824170 1.935742 2.055636 2.176311 2.293722 2.364967 2.286793 1.824331 1.181947 0.8362681 0.6658411 0.5430928 0.4399091 0.3541782 0.2780278 0.2129626 0.1526902
0.7618149 0.8595243 0.9745072 1.108202 1.267574 1.456334 1.685774 1.963951 2.305888 2.700312 3.028811 2.995116 2.650640 2.283953 1.975309 1.729535 1.530991 1.372295 1.243195 1.140125 1.057186 0.9927180 0.9431068 0.9075417 0.8837147 0.8711763 0.8684415 0.8751737 0.8904482 0.9138938 0.9450015 0.9832727 1.028550 1.080158 1.138298 1.202092 1.272177 1.347449 1.429110 1.515777 1.609402 1.708154 1.814903 1.926728 2.046948 2.168012 2.285875 2.357625 2.280043 1.818147 1.176243 0.8311576 0.6613168 0.5391343 0.4364947 0.3512911 0.2756437 0.2110632 0.1512537
0.7541991 0.8511837 0.9654175 1.098356 1.256979 1.445021 1.673793 1.951382 2.292825 2.686866 3.015079 2.981288 2.636881 2.270355 1.961975 1.716548 1.518413 1.360157 1.231507 1.128872 1.046335 0.9822215 0.9329072 0.8975716 0.8739053 0.8614548 0.8587390 0.8654231 0.8805880 0.9038704 0.9347696 0.9727975 1.017808 1.069138 1.127002 1.190536 1.260392 1.335480 1.417015 1.503628 1.597279 1.696149 1.803109 1.915247 2.035871 2.157432 2.275867 2.348250 2.271305 1.810133 1.169074 0.8247269 0.6556172 0.5341551 0.4322141 0.3476758 0.2726659 0.2086906 0.1494619
0.7450140 0.8410861 0.9543731 1.086346 1.244007 1.431119 1.659025 1.935842 2.276646 2.670211 2.998161 2.964240 2.619855 2.253556 1.945550 1.700611 1.503035 1.345381 1.217335 1.115282 1.033278 0.9696320 0.9207042 0.8856677 0.8622068 0.8498697 0.8471746 0.8537938 0.8688138 0.8918810 0.9225045 0.9602094 1.004863 1.055818 1.113307 1.176481 1.246012 1.320828 1.402162 1.488662 1.582305 1.681281 1.788476 1.900974 2.022090 2.144261 2.263420 2.336623 2.260617 1.800377 1.160169 0.8167866 0.6486244 0.5280710 0.4269964 0.3432842 0.2690538 0.2058188 0.1472908
0.7341713 0.8291165 0.9412203 1.071977 1.228416 1.414337 1.641122 1.916939 2.256906 2.649836 2.977352 2.943305 2.599077 2.233123 1.925652 1.681386 1.484581 1.327736 1.200499 1.099213 1.017907 0.9548659 0.9064362 0.8717806 0.8485816 0.8363854 0.8337145 0.8402468 0.8550789 0.8778668 0.9081327 0.9454161 0.9896023 1.040061 1.097045 1.159728 1.228804 1.303226 1.384249 1.470546 1.564113 1.663162 1.770591 1.883494 2.005185 2.128098 2.248141 2.322349 2.247391 1.788315 1.149409 0.8072086 0.6402034 0.5207709 0.4207639 0.3380537 0.2647667 0.2024140 0.1447201
0.7215780 0.8151426 0.9257854 1.055020 1.209913 1.394308 1.619648 1.894162 2.233043 2.625168 2.952241 2.918038 2.573962 2.208506 1.901786 1.658461 1.462702 1.306949 1.180783 1.080504 1.000102 0.9378374 0.8900402 0.8558670 0.8329939 0.8209723 0.8183280 0.8247485 0.8393397 0.8617710 0.8915799 0.9283226 0.9719029 1.021713 1.078029 1.140051 1.208500 1.282357 1.362912 1.448866 1.542247 1.641294 1.748928 1.862259 1.984608 2.108399 2.229533 2.305008 2.231503 1.773907 1.136401 0.7957144 0.6301742 0.5121278 0.4134180 0.3319198 0.2597536 0.1984452 0.1417230
0.7071354 0.7990267 0.9078720 1.035213 1.188153 1.370597 1.594061 1.866872 2.204315 2.595361 2.921754 2.887409 2.543696 2.178983 1.873339 1.631315 1.436989 1.282698 1.157950 1.058980 0.9797395 0.9184617 0.8714626 0.8378888 0.8154210 0.8036121 0.8009982 0.8072755 0.8215640 0.8435473 0.8727801 0.9088373 0.9516450 1.000619 1.056061 1.117202 1.184796 1.257862 1.337726 1.423132 1.516149 1.615058 1.722814 1.836560 1.959629 2.084451 2.206897 2.283927 2.212107 1.756372 1.120888 0.7820727 0.6183321 0.5019863 0.4048558 0.3248049 0.2539675 0.1938758 0.1382800
0.6907524 0.7806260 0.8872761 1.012264 1.162740 1.342676 1.563694 1.834244 2.169770 2.559394 2.885016 2.850510 2.507261 2.143633 1.839520 1.599321 1.406950 1.254620 1.131734 1.034460 0.9567005 0.8966662 0.8506589 0.8178271 0.7958542 0.7843034 0.7817220 0.7878209 0.8017346 0.8231638 0.8516813 0.8868833 0.9287174 0.9766264 1.030941 1.090926 1.157373 1.229342 1.308208 1.392767 1.485147 1.583685 1.691397 1.805472 1.929288 2.055280 2.179315 2.258298 2.188769 1.735430 1.102271 0.7658690 0.6044146 0.4901744 0.3949571 0.3166373 0.2473576 0.1886782 0.1343680
0.6723483 0.7598104 0.8637894 0.9858658 1.133228 1.309933 1.527724 1.795242 2.128146 2.515795 2.840255 2.805622 2.463236 2.101239 1.799347 1.561708 1.372020 1.222312 1.101867 1.006769 0.9308826 0.8723962 0.8276114 0.7956832 0.7743091 0.7630672 0.7605224 0.7664023 0.7798599 0.8006144 0.8282576 0.8624075 0.9030346 0.9496086 1.002489 1.060977 1.125903 1.196378 1.273828 1.357119 1.448449 1.546242 1.653598 1.767799 1.892289 2.019562 2.145472 2.226874 2.160126 1.709891 1.080041 0.7467133 0.5881263 0.4764943 0.3836053 0.3073413 0.2398845 0.1828250 0.1299760
0.6518716 0.7364712 0.8372264 0.9557108 1.099146 1.271664 1.485168 1.748539 2.077785 2.462663 2.785634 2.750883 2.409750 2.050216 1.751568 1.517563 1.331559 1.185356 1.068086 0.9757617 0.9022136 0.8456324 0.8023320 0.7714915 0.7508309 0.7399547 0.7374502 0.7430673 0.7559796 0.7759262 0.8025194 0.8353965 0.8745520 0.9194782 0.9705659 1.027146 1.090093 1.158563 1.234049 1.315484 1.405165 1.501621 1.608088 1.721983 1.846901 1.975441 2.103530 2.187973 2.125029 1.678951 1.053220 0.7239799 0.5691134 0.4607484 0.3706860 0.2968631 0.2315174 0.1763078 0.1250967
0.6293099 0.7105508 0.8074443 0.9215320 1.060024 1.227114 1.434862 1.692471 2.016452 2.397223 2.717862 2.683083 2.344143 1.988446 1.694639 1.465826 1.284895 1.143347 1.030176 0.9413396 0.8706753 0.8164023 0.7748793 0.7453253 0.7255036 0.7150532 0.7125937 0.7179015 0.7301742 0.7491719 0.7745261 0.8058928 0.8432850 0.8862169 0.9351015 0.9892987 1.049717 1.115557 1.188369 1.267166 1.354345 1.448576 1.553266 1.666057 1.790787 1.920316 2.050751 2.138944 2.080883 1.640511 1.020796 0.6970477 0.5470120 0.4427514 0.3561226 0.2851701 0.2222549 0.1691286 0.1197423
0.6047127 0.6820593 0.7743897 0.8831459 1.015470 1.175532 1.375515 1.624973 1.941153 2.315611 2.632771 2.598074 2.262699 1.913138 1.626675 1.405347 1.231378 1.095967 0.9880124 0.9034969 0.8363245 0.7848011 0.7453644 0.7173072 0.6984527 0.6884906 0.6860806 0.6910330 0.7025706 0.7204755 0.7443966 0.7740061 0.8093305 0.8498974 0.8961348 0.9474197 1.004682 1.067153 1.136426 1.211578 1.295105 1.385819 1.487342 1.597613 1.720879 1.850485 1.983051 2.075750 2.024521 1.592390 0.9810416 0.6650511 0.5214835 0.4224002 0.3398979 0.2722868 0.2121231 0.1613208 0.1139335
0.5782027 0.6511136 0.7381350 0.8405365 0.9652629 1.116324 1.305843 1.543645 1.847883 2.212024 2.523127 2.488817 2.159976 1.820646 1.545556 1.335028 1.170532 1.043075 0.9416346 0.8623554 0.7993239 0.7510027 0.7139660 0.6876128 0.6698517 0.6604387 0.6580842 0.6626360 0.6733472 0.6900206 0.7123204 0.7399304 0.7728835 0.8107130 0.8538472 0.9016654 0.9550964 1.013378 1.078113 1.148409 1.226816 1.312262 1.408561 1.513999 1.633365 1.760849 1.894164 1.991624 1.949541 1.529957 0.9319621 0.6273055 0.4924121 0.3997621 0.3221205 0.2583005 0.2012006 0.1529371 0.1077177
0.5499972 0.6179535 0.6989384 0.7939324 0.9095231 1.049287 1.224925 1.446079 1.731648 2.077999 2.378029 2.344713 2.028210 1.706601 1.449263 1.254158 1.102266 0.9848520 0.8913164 0.8182139 0.7599590 0.7152756 0.6809314 0.6564742 0.6399221 0.6311137 0.6288194 0.6329318 0.6427345 0.6580513 0.6785598 0.7039492 0.7342522 0.7689946 0.8085930 0.8524057 0.9013366 0.9545889 1.013731 1.077831 1.149417 1.227420 1.315741 1.412896 1.524220 1.644985 1.774894 1.875247 1.845346 1.446378 0.8706855 0.5835669 0.4602410 0.3752412 0.3030531 0.2433923 0.1896036 0.1440676 0.1011529
0.5204036 0.5829704 0.6572673 0.7439008 0.8488619 0.9749743 1.132839 1.330911 1.587448 1.901833 2.178926 2.148184 1.857263 1.566974 1.336868 1.162980 1.027192 0.9219367 0.8376464 0.7715688 0.7186595 0.6779821 0.6465825 0.6241776 0.6089332 0.6007723 0.5985453 0.6021847 0.6110132 0.6248719 0.6434498 0.6664372 0.6938568 0.7252208 0.7609118 0.8002554 0.8440897 0.8915570 0.9441134 1.000728 1.063756 1.131990 1.209130 1.293624 1.390877 1.496965 1.613838 1.708599 1.690666 1.327720 0.7951862 0.5358878 0.4265813 0.3496572 0.2831354 0.2278001 0.1775032 0.1348135 9.4326794E-02
0.4898002 0.5467156 0.6137909 0.6914020 0.7844896 0.8950505 1.031514 1.199912 1.414317 1.673581 1.902125 1.877709 1.639735 1.401683 1.210318 1.063394 0.9469180 0.8555092 0.7815659 0.7231091 0.6759991 0.6395612 0.6113111 0.5910465 0.5771961 0.5696998 0.5675544 0.5706921 0.5785056 0.5908360 0.6073843 0.6278502 0.6522134 0.6800073 0.7115082 0.7460709 0.7843441 0.8254942 0.8706670 0.9188256 0.9718235 1.028368 1.091340 1.158968 1.235415 1.316758 1.404756 1.473334 1.452970 1.151496 0.7083700 0.4907078 0.3941665 0.3239584 0.2628832 0.2117375 0.1651322 0.1252489 8.7378293E-02
0.4586084 0.5098783 0.5693299 0.6377503 0.7181644 0.8123720 0.9252064 1.060158 1.222892 1.406409 1.555482 1.542342 1.388891 1.220542 1.076087 0.9592981 0.8640912 0.7872358 0.7243302 0.6736677 0.6326739 0.6005028 0.5755692 0.5574279 0.5450604 0.5381979 0.5361717 0.5387735 0.5455659 0.5563324 0.5708012 0.5887045 0.6099093 0.6340758 0.6612127 0.6909007 0.7233253 0.7579816 0.7952832 0.8346186 0.8766949 0.9207066 0.9676772 1.016264 1.067432 1.117491 1.163304 1.184549 1.133996 0.9151325 0.6206172 0.4530092 0.3640859 0.2984195 0.2426993 0.1953214 0.1527761 0.1154015 8.0504082E-02
0.4274351 0.4730359 0.5249802 0.5842282 0.6521928 0.7302265 0.8200425 0.9225351 1.036307 1.150230 1.229751 1.226267 1.147303 1.043532 0.9436734 0.8561967 0.7817181 0.7192531 0.6671891 0.6242917 0.5893201 0.5614198 0.5397515 0.5237462 0.5128332 0.5066184 0.5046990 0.5067779 0.5125508 0.5217646 0.5341692 0.5495210 0.5675986 0.5881507 0.6109762 0.6358100 0.6624712 0.6906723 0.7202443 0.7508410 0.7822486 0.8139310 0.8454127 0.8755133 0.9026557 0.9232112 0.9307512 0.9111295 0.8398926 0.6975089 0.5323665 0.4126448 0.3331833 0.2727761 0.2224278 0.1789779 0.1403715 0.1056278 7.3587365E-02
0.3968137 0.4368201 0.4817363 0.5321566 0.5887004 0.6518236 0.7215912 0.7968801 0.8738423 0.9428176 0.9862999 0.9872400 0.9480598 0.8875210 0.8217661 0.7591126 0.7027417 0.6535435 0.6114167 0.5759497 0.5466055 0.5228775 0.5042790 0.4903941 0.4808407 0.4752930 0.4734492 0.4750426 0.4798170 0.4875315 0.4979462 0.5108212 0.5259116 0.5429617 0.5617087 0.5818695 0.6031498 0.6252167 0.6477101 0.6701868 0.6921211 0.7127943 0.7312453 0.7460308 0.7550209 0.7548413 0.7403734 0.7042739 0.6393970 0.5474741 0.4487135 0.3651699 0.2997684 0.2468973 0.2021238 0.1629978 0.1280004 9.6146114E-02 6.6642880E-02
0.3671298 0.4018884 0.4403406 0.4827431 0.5292132 0.5795937 0.6331444 0.6880462 0.7405595 0.7842488 0.8105841 0.8133072 0.7932474 0.7576700 0.7149816 0.6711189 0.6294409 0.5915684 0.5581698 0.5294043 0.5051921 0.4853331 0.4695875 0.4576994 0.4494206 0.4445089 0.4427349 0.4438733 0.4477045 0.4540059 0.4625500 0.4730994 0.4854032 0.4991949 0.5141857 0.5300651 0.5464883 0.5630734 0.5793781 0.5948859 0.6089616 0.6208124 0.6294024 0.6333757 0.6309181 0.6196939 0.5968779 0.5598152 0.5076725 0.4444326 0.3787534 0.3183192 0.2661569 0.2213862 0.1822991 0.1474956 0.1159709 8.6961716E-02 5.9883904E-02
0.3387407 0.3687155 0.4013902 0.4367735 0.4747044 0.5147057 0.5558016 0.5962190 0.6331279 0.6626086 0.6804667 0.6838385 0.6731241 0.6516887 0.6238411 0.5933835 0.5629818 0.5342920 0.5082337 0.4852716 0.4655851 0.4491964 0.4360315 0.4259699 0.4188598 0.4145377 0.4128284 0.4135506 0.4165137 0.4215171 0.4283469 0.4367738 0.4465499 0.4574054 0.4690467 0.4811498 0.4933580 0.5052690 0.5164291 0.5263098 0.5342942 0.5396411 0.5414668 0.5387077 0.5301419 0.5144389 0.4904231 0.4575242 0.4165886 0.3701563 0.3221632 0.2764605 0.2347380 0.1972279 0.1634384 0.1327225 0.1044707 7.8179248E-02 5.3409033E-02
0.3119092 0.3376279 0.3652559 0.3946679 0.4255577 0.4573611 0.4891286 0.5194253 0.5462655 0.5672848 0.5802171 0.5838248 0.5782770 0.5651345 0.5468087 0.5256682 0.5036510 0.4821415 0.4620576 0.4439553 0.4281485 0.4147817 0.4038958 0.3954600 0.3894002 0.3856103 0.3839633 0.3843128 0.3864971 0.3903365 0.3956344 0.4021740 0.4097175 0.4180042 0.4267469 0.4356311 0.4443083 0.4523949 0.4594607 0.4650269 0.4685507 0.4694274 0.4669797 0.4604876 0.4492177 0.4325431 0.4100898 0.3820108 0.3491531 0.3132926 0.2765546 0.2405707 0.2065994 0.1750675 0.1459200 0.1188886 9.3654044E-02 6.9888785E-02 4.7297671E-02
0.2868084 0.3088027 0.3321106 0.3565339 0.3817302 0.4071500 0.4319946 0.4551714 0.4753427 0.4910655 0.5011100 0.5047072 0.5019832 0.4938782 0.4817345 0.4670458 0.4511545 0.4351424 0.4197984 0.4056694 0.3931037 0.3823092 0.3733876 0.3663701 0.3612329 0.3579156 0.3563268 0.3563520 0.3578535 0.3606738 0.3646347 0.3695362 0.3751575 0.3812541 0.3875585 0.3937772 0.3995913 0.4046523 0.4085840 0.4109766 0.4113937 0.4093712 0.4044390 0.3961385 0.3840837 0.3680184 0.3479361 0.3241565 0.2974321 0.2687215 0.2391693 0.2100088 0.1818815 0.1551556 0.1299312 0.1061388 8.3613962E-02 6.2168378E-02 4.1596744E-02
0.2635185 0.2823022 0.3019576 0.3222694 0.3429024 0.3633827 0.3830680 0.4011635 0.4167571 0.4289392 0.4369498 0.4404587 0.4395198 0.4346021 0.4265593 0.4163507 0.4049131 0.3930505 0.3814077 0.3704626 0.3605543 0.3519039 0.3446443 0.3388385 0.3344982 0.3315928 0.3300600 0.3298093 0.3307265 0.3326741 0.3354938 0.3390058 0.3430094 0.3472838 0.3515864 0.3556562 0.3592104 0.3619498 0.3635566 0.3637014 0.3620453 0.3582554 0.3520144 0.3430552 0.3311861 0.3163476 0.2986421 0.2783881 0.2560742 0.2324520 0.2082787 0.1840562 0.1603515 0.1374654 0.1155221 9.4524056E-02 7.4406527E-02 5.5055611E-02 3.6343992E-02
0.2420522 0.2580928 0.2746910 0.2916344 0.3086282 0.3252764 0.3410870 0.3554792 0.3678375 0.3775778 0.3842615 0.3876029 0.3876612 0.3847958 0.3795118 0.3724434 0.3642360 0.3554872 0.3466984 0.3382717 0.3305062 0.3236153 0.3177372 0.3129514 0.3092878 0.3067373 0.3052578 0.3047794 0.3052069 0.3064231 0.3082893 0.3106468 0.3133184 0.3161088 0.3188057 0.3211815 0.3229964 0.3239988 0.3239321 0.3225366 0.3195617 0.3147705 0.3079616 0.2989807 0.2877527 0.2742932 0.2587456 0.2413722 0.2225771 0.2027476 0.1823253 0.1618641 0.1416313 0.1218469 0.1026358 8.4040798E-02 6.6037312E-02 4.8569325E-02 3.1550150E-02
