T4-twomodels-1/gx/model120.grd
DSAA
         100         100
  -15.00000       15.00000    
  -15.00000       15.00000    
  -5.451233       2.806455    
[rows 26 to 51 of 100, columns 0 to 58 of 100]
0.2818527 0.3117467 0.3452961 0.3828239 0.4245234 0.4703221 0.5195679 0.5705295 0.6195466 0.6602480 0.6841480 0.6850067 0.6636421 0.6272808 0.5842658 0.5404533 0.4991092 0.4617589 0.4289782 0.4008436 0.3772071 0.3578193 0.3424107 0.3307174 0.3225046 0.3175652 0.3157243 0.3168298 0.3207481 0.3273527 0.3365150 0.3480924 0.3619174 0.3777872 0.3954523 0.4146121 0.4349027 0.4558951 0.4770787 0.4978539 0.5174940 0.5351161 0.5495997 0.5595151 0.5629851 0.5576259 0.5405761 0.5091562 0.4625193 0.4046438 0.3441879 0.2888431 0.2416470 0.2017349 0.1674165 0.1373099 0.1104313 8.6038783E-02 6.3570410E-02
0.3066543 0.3413618 0.3809265 0.4260161 0.4773361 0.5354378 0.6004874 0.6714623 0.7446058 0.8103329 0.8511888 0.8501450 0.8096112 0.7483033 0.6822898 0.6197945 0.5638908 0.5153576 0.4739870 0.4392723 0.4105986 0.3874020 0.3691624 0.3554542 0.3459109 0.3402461 0.3382210 0.3396513 0.3443801 0.3522774 0.3632172 0.3770694 0.3936861 0.4128865 0.4344535 0.4581155 0.4835560 0.5103880 0.5381711 0.5663658 0.5943420 0.6212763 0.6461124 0.6673230 0.6827086 0.6888413 0.6805634 0.6505056 0.5915089 0.5053005 0.4120909 0.3339439 0.2737972 0.2260580 0.1863126 0.1521327 0.1220224 9.5020279E-02 7.0358939E-02
0.3323365 0.3721927 0.4183243 0.4717724 0.5340463 0.6066054 0.6912771 0.7890700 0.8986908 1.009098 1.085798 1.080210 0.9998454 0.8953243 0.7952826 0.7080805 0.6342114 0.5725637 0.5214027 0.4793863 0.4451850 0.4178798 0.3965931 0.3807451 0.3697827 0.3633559 0.3611327 0.3629096 0.3684948 0.3777612 0.3905884 0.4068592 0.4264632 0.4492355 0.4750272 0.5035874 0.5347090 0.5680429 0.6033274 0.6401064 0.6780466 0.7164946 0.7548662 0.7918872 0.8259040 0.8532288 0.8673913 0.8542175 0.7892411 0.6529271 0.4936680 0.3796534 0.3057381 0.2507378 0.2056796 0.1674261 0.1339491 0.1042939 7.7328958E-02
0.3585536 0.4036274 0.4567984 0.5189431 0.5931920 0.6814643 0.7887213 0.9185817 1.076827 1.256557 1.402610 1.387246 1.232350 1.063274 0.9187149 0.8023224 0.7078731 0.6319923 0.5701417 0.5204930 0.4803724 0.4488615 0.4243329 0.4063288 0.3938498 0.3866769 0.3842200 0.3863757 0.3928329 0.4035154 0.4182993 0.4370587 0.4597864 0.4862408 0.5164902 0.5501316 0.5873206 0.6274821 0.6709254 0.7169147 0.7660223 0.8173102 0.8716823 0.9276918 0.9862180 1.043508 1.096381 1.124483 1.080572 0.8681365 0.5798381 0.4182487 0.3351643 0.2751802 0.2250117 0.1830807 0.1459066 0.1138568 8.4267750E-02
0.3848146 0.4350822 0.4954091 0.5662681 0.6527160 0.7568807 0.8873333 1.050248 1.259828 1.515033 1.740361 1.713600 1.474136 1.235381 1.043993 0.8975873 0.7820179 0.6917423 0.6190069 0.5616975 0.5155640 0.4798522 0.4520303 0.4318824 0.4178581 0.4099521 0.4072482 0.4097943 0.4171228 0.4292320 0.4459858 0.4672435 0.4931248 0.5232730 0.5580320 0.5967743 0.6401154 0.6871433 0.7388868 0.7941709 0.8546980 0.9190304 0.9899149 1.065467 1.149756 1.238792 1.334285 1.410128 1.396790 1.102099 0.6655213 0.4541876 0.3637755 0.2995238 0.2442604 0.1988104 0.1578165 0.1234921 9.1161184E-02
0.4105551 0.4660285 0.5331157 0.6125271 0.7103802 0.8296423 0.9810690 1.173271 1.424650 1.734710 2.008392 1.975187 1.682731 1.391761 1.161710 0.9884610 0.8537257 0.7497590 0.6668262 0.6020269 0.5501959 0.5103089 0.4793599 0.4570515 0.4415718 0.4329039 0.4299924 0.4328976 0.4410950 0.4545972 0.4732739 0.4969901 0.5259241 0.5597086 0.5988013 0.6425473 0.6917489 0.7454603 0.8050104 0.8692137 0.9402627 1.016788 1.102345 1.195257 1.300829 1.415066 1.539863 1.642294 1.631763 1.275951 0.7502936 0.4976294 0.3947388 0.3240418 0.2635883 0.2141940 0.1697453 0.1328455 9.8126128E-02
0.4353957 0.4958245 0.5691504 0.6564655 0.7644938 0.8969667 1.065752 1.280661 1.560750 1.902516 2.198946 2.163050 1.844966 1.522696 1.265486 1.071134 0.9204335 0.8044561 0.7124212 0.6407219 0.5836426 0.5398113 0.5059396 0.4815593 0.4647132 0.4553040 0.4522055 0.4554472 0.4644788 0.4793115 0.4998182 0.5258781 0.5576946 0.5949239 0.6380652 0.6864976 0.7410862 0.8009387 0.8674842 0.9396238 1.019708 1.106490 1.203718 1.309771 1.429881 1.559237 1.697490 1.805908 1.783776 1.392285 0.8237895 0.5436046 0.4269756 0.3484679 0.2825989 0.2291194 0.1814108 0.1418913 0.1049672
0.4589975 0.5239634 0.6028947 0.6971796 0.8139085 0.9572566 1.139526 1.370726 1.669176 2.028482 2.335802 2.298799 1.968331 1.628354 1.353458 1.143787 0.9806107 0.8547281 0.7549212 0.6771622 0.6153965 0.5679851 0.5314412 0.5051465 0.4870364 0.4769352 0.4736646 0.4772191 0.4870305 0.5031018 0.5253083 0.5535385 0.5880079 0.6283913 0.6752059 0.7278533 0.7872211 0.8524433 0.9249734 1.003739 1.091099 1.185793 1.291469 1.406268 1.534866 1.671369 1.813432 1.919335 1.885380 1.473605 0.8831175 0.5856855 0.4577617 0.3718605 0.3007825 0.2433776 0.1925835 0.1505567 0.1115453
0.4810882 0.5500938 0.6339252 0.7341511 0.8580663 1.010018 1.202379 1.444897 1.754998 2.124387 2.437589 2.400089 2.063039 1.712840 1.426628 1.206249 1.033713 0.9000015 0.7938009 0.7109120 0.6450884 0.5945276 0.5556019 0.5275872 0.5083330 0.4976037 0.4941760 0.4980164 0.5085379 0.5257362 0.5494838 0.5796717 0.6165205 0.6597098 0.7097604 0.7660745 0.8295370 0.8992706 0.9767080 1.060736 1.153645 1.254050 1.365394 1.485464 1.618386 1.757418 1.899119 2.000625 1.957862 1.533862 0.9303179 0.6218315 0.4854957 0.3934090 0.3177059 0.2567354 0.2030956 0.1587428 0.1177734
0.5014818 0.5740103 0.6620229 0.7671939 0.8968948 1.055505 1.255283 1.505639 1.823270 2.198751 2.515270 2.477582 2.136918 1.780585 1.487074 1.259289 1.079892 0.9401519 0.8288426 0.7417271 0.6724854 0.6192217 0.5782269 0.5487005 0.5284346 0.5171463 0.5135790 0.5176740 0.5288290 0.5470299 0.5721433 0.6040568 0.6429877 0.6886101 0.7414355 0.8008507 0.8677160 0.9411182 1.022438 1.110488 1.207450 1.311785 1.426711 1.549711 1.684495 1.823833 1.963766 2.061110 2.011839 1.579900 0.9682745 0.6522956 0.5097430 0.4127156 0.3331115 0.2690158 0.2128335 0.1663606 0.1235938
0.5200819 0.5956249 0.6871458 0.7963575 0.9306495 1.094347 1.299565 1.555394 1.878041 2.257426 2.576123 2.538362 2.195455 1.835282 1.536965 1.304054 1.119669 0.9753668 0.8600510 0.7695301 0.6974690 0.6419380 0.5991805 0.5683551 0.5472119 0.5354369 0.5317466 0.5360643 0.5477725 0.5668465 0.5931453 0.6265477 0.6672614 0.7149465 0.7700966 0.8320708 0.9016936 0.9780017 1.062311 1.153346 1.253177 1.360117 1.477203 1.601687 1.737030 1.875735 2.013662 2.107578 2.053727 1.616367 0.9989924 0.6777738 0.5306270 0.4297207 0.3468963 0.2801354 0.2217210 0.1733594 0.1289599
0.5368595 0.6149496 0.7093720 0.8218508 0.9597496 1.127326 1.336542 1.596256 1.922335 2.304306 2.624350 2.586612 2.242401 1.879756 1.578221 1.341727 1.153728 1.006000 0.8875871 0.7943628 0.7200176 0.6626161 0.6183873 0.5864635 0.5645738 0.5523814 0.5485860 0.5530939 0.5652762 0.5850971 0.6124049 0.6470675 0.6892777 0.7386783 0.7957369 0.8597813 0.9315926 1.010156 1.096718 1.189923 1.291738 1.400360 1.518685 1.643821 1.779076 1.916842 2.052904 2.144078 2.086704 1.645452 1.024210 0.6991381 0.5484936 0.4445311 0.3590817 0.2900728 0.2297350 0.1797066 0.1338501
0.5518435 0.6320595 0.7288614 0.8439591 0.9846840 1.155215 1.367398 1.629911 1.958408 2.342185 2.663263 2.625563 2.280439 1.916149 1.612409 1.373395 1.182769 1.032482 0.9116923 0.8163489 0.7401771 0.6812579 0.6358169 0.6029806 0.5804650 0.5679213 0.5640354 0.5687035 0.5812848 0.6017333 0.6298859 0.6655967 0.7090425 0.7598446 0.8184441 0.8841347 0.9576565 1.037941 1.126176 1.220932 1.324098 1.433777 1.552773 1.678099 1.812987 1.949771 2.084246 2.173273 2.113378 1.669266 1.044946 0.7170182 0.5637128 0.4573381 0.3697480 0.2988638 0.2368779 0.1854011 0.1382531
0.5650967 0.6470748 0.7458113 0.8630017 1.005934 1.178727 1.393127 1.657692 1.987925 2.372974 2.694705 2.657084 2.311447 1.946054 1.640790 1.399981 1.207443 1.055246 0.9326458 0.8356538 0.7580385 0.6979004 0.6514764 0.6178913 0.5948591 0.5820231 0.5780612 0.5828607 0.5957730 0.6167402 0.6455888 0.6821586 0.7266092 0.7785398 0.8383658 0.9053483 0.9801877 1.061771 1.151233 1.247088 1.351158 1.461485 1.580808 1.706085 1.840504 1.976388 2.109531 2.196854 2.134904 1.688619 1.062184 0.7320444 0.5766428 0.4683434 0.3790126 0.3065645 0.2431830 0.1904525 0.1421762
0.5767072 0.6601317 0.7604358 0.8792902 1.023951 1.198479 1.414553 1.680639 2.012149 2.398144 2.720450 2.682896 2.336848 1.970691 1.664355 1.422263 1.228325 1.074705 0.9507288 0.8524648 0.7737169 0.7126118 0.6653977 0.6312070 0.6077527 0.5946767 0.5906515 0.5955585 0.6087399 0.6301306 0.6595442 0.6968081 0.7420645 0.7948926 0.8556828 0.9236671 0.9995121 1.082065 1.172421 1.269044 1.373714 1.484423 1.603872 1.728984 1.862929 1.998021 2.130085 2.216074 2.152652 1.704708 1.076442 0.7446121 0.5875837 0.4777481 0.3869961 0.3132524 0.2486903 0.1948888 0.1456302
0.5867707 0.6713771 0.7729416 0.8931180 1.039129 1.214995 1.432339 1.699570 2.032027 2.418710 2.741366 2.703899 2.357656 1.990979 1.683887 1.440869 1.245906 1.091224 0.9662085 0.8669670 0.7873393 0.7254729 0.6776321 0.6429558 0.6191618 0.6058906 0.6018133 0.6068052 0.6202035 0.6419342 0.6718011 0.7096186 0.7555135 0.8090469 0.8705867 0.9393402 1.015945 1.099218 1.190216 1.287374 1.392435 1.503360 1.622821 1.747723 1.881226 2.015651 2.146829 2.231748 2.167060 1.717816 1.088321 0.7551400 0.5968003 0.4857267 0.3938193 0.3190018 0.2534524 0.1987379 0.1486377
0.5953865 0.6809488 0.7835237 0.9047440 1.051810 1.228708 1.447023 1.715116 2.048291 2.435508 2.758518 2.721116 2.374676 2.007631 1.699998 1.456312 1.260596 1.105126 0.9793242 0.8793378 0.7990302 0.7365713 0.6882370 0.6531772 0.6291118 0.6156842 0.6115635 0.6166229 0.6301931 0.6521932 0.6824188 0.7206720 0.7670667 0.8211480 0.8832652 0.9526033 1.029778 1.113579 1.205040 1.302566 1.407878 1.518912 1.638327 1.763012 1.896126 2.029992 2.160464 2.244549 2.178980 1.728728 1.098081 0.7638609 0.6045009 0.4924373 0.3995886 0.3238906 0.2575168 0.2020366 0.1512184
0.6026480 0.6889780 0.7923531 0.9143948 1.062280 1.239973 1.459028 1.727778 2.061491 2.449099 2.772302 2.734977 2.388479 2.021184 1.713170 1.468999 1.272732 1.116677 0.9902877 0.8897355 0.8089092 0.7459924 0.6972753 0.6619143 0.6376362 0.6240848 0.6199293 0.6250401 0.6387447 0.6609557 0.6914607 0.7300526 0.7768340 0.8313356 0.8938918 0.9636702 1.041267 1.125454 1.217243 1.315022 1.420489 1.531572 1.650911 1.775395 1.908176 2.041588 2.171487 2.254901 2.188533 1.737484 1.106117 0.7710555 0.6108670 0.4980085 0.4044029 0.3279847 0.2609351 0.2048164 0.1533988
0.6086419 0.6955768 0.7995802 0.9222583 1.070776 1.249075 1.468693 1.737938 2.072061 2.459979 2.783411 2.746137 2.399537 2.032064 1.723775 1.479256 1.282588 1.126102 0.9992756 0.8983012 0.8170819 0.7538176 0.7048069 0.6692150 0.6447715 0.6311235 0.6269402 0.6320904 0.6458979 0.6682709 0.6989899 0.7378409 0.7849159 0.8397354 0.9026209 0.9727264 1.050633 1.135098 1.227119 1.325067 1.430631 1.541723 1.660982 1.785287 1.917796 2.050840 2.180295 2.263197 2.196311 1.744653 1.112549 0.7768538 0.6160343 0.5025516 0.4083406 0.3313473 0.2637481 0.2071111 0.1551991
0.6134421 0.7008444 0.8053273 0.9284910 1.077485 1.256242 1.476279 1.745895 2.080319 2.468456 2.791985 2.754770 2.408171 2.040581 1.732104 1.487336 1.290380 1.133582 1.006437 0.9051505 0.8236416 0.7601177 0.7108876 0.6751211 0.6505532 0.6368315 0.6326269 0.6378057 0.6516905 0.6741846 0.7050643 0.7441084 0.7914022 0.8464567 0.9095842 0.9799280 1.058059 1.142721 1.234902 1.332963 1.438582 1.549668 1.668848 1.793006 1.925295 2.058056 2.187160 2.269658 2.202276 1.750144 1.117649 0.7814466 0.6201228 0.5061533 0.4114740 0.3340273 0.2659975 0.2089472 0.1566427
0.6171106 0.7048585 0.8096968 0.9332152 1.082559 1.261646 1.481989 1.751870 2.086516 2.474825 2.798499 2.761317 2.414657 2.046983 1.738373 1.493435 1.296277 1.139260 1.011888 0.9103810 0.8286635 0.7649536 0.7155646 0.6796722 0.6550133 0.6412381 0.6370169 0.6422169 0.6561567 0.6787384 0.7097340 0.7489171 0.7963676 0.8515903 0.9148896 0.9854017 1.063689 1.148487 1.240776 1.338909 1.444560 1.555629 1.674746 1.798787 1.930911 2.063457 2.192309 2.274519 2.206870 1.754398 1.121449 0.7848926 0.6232139 0.5088860 0.4138542 0.3360695 0.2677123 0.2103504 0.1577447
0.6196961 0.7076828 0.8127633 0.9365255 1.086105 1.265418 1.485966 1.756029 2.090821 2.479233 2.802938 2.765792 2.419158 2.051437 1.742745 1.497693 1.300404 1.143241 1.015720 0.9140646 0.8322083 0.7683726 0.7188774 0.6828992 0.6581789 0.6443670 0.6401346 0.6453478 0.6593254 0.6819661 0.7130393 0.7523160 0.7998716 0.8552064 0.9186199 0.9892430 1.067632 1.152519 1.244876 1.343055 1.448722 1.559777 1.678843 1.802803 1.934809 2.067208 2.195879 2.277880 2.209955 1.757242 1.124140 0.7873203 0.6253797 0.5108004 0.4155261 0.3375037 0.2689203 0.2113382 0.1585224
0.6212334 0.7093592 0.8145823 0.9384850 1.088203 1.267646 1.488314 1.758479 2.093360 2.481845 2.805632 2.768496 2.421818 2.054066 1.745324 1.500211 1.302845 1.145601 1.017994 0.9162542 0.8343174 0.7704104 0.7208529 0.6848257 0.6600697 0.6462365 0.6419974 0.6472188 0.6612176 0.6838923 0.7150104 0.7543408 0.8019569 0.8573557 0.9208348 0.9915211 1.069968 1.154905 1.247300 1.345502 1.451177 1.562220 1.681259 1.805167 1.937105 2.069415 2.197986 2.279876 2.211877 1.759030 1.125691 0.7887368 0.6266585 0.5119355 0.4165166 0.3383565 0.2696370 0.2119263 0.1589841
0.6217434 0.7099156 0.8151846 0.9391347 1.088897 1.268384 1.489089 1.759291 2.094197 2.482696 2.806455 2.769333 2.422691 2.054933 1.746179 1.501043 1.303654 1.146383 1.018748 0.9169807 0.8350182 0.7710872 0.7215101 0.6854664 0.6606988 0.6468584 0.6426173 0.6478413 0.6618471 0.6845327 0.7156657 0.7550132 0.8026488 0.8580689 0.9215688 0.9922758 1.070742 1.155694 1.248102 1.346311 1.451988 1.563028 1.682056 1.805948 1.937862 2.070145 2.198678 2.280523 2.212426 1.759529 1.126236 0.7892211 0.6270843 0.5123106 0.4168456 0.3386381 0.2698753 0.2121202 0.1591379
0.6212335 0.7093592 0.8145822 0.9384850 1.088203 1.267646 1.488314 1.758479 2.093360 2.481845 2.805632 2.768496 2.421818 2.054066 1.745324 1.500211 1.302845 1.145601 1.017994 0.9162542 0.8343176 0.7704102 0.7208528 0.6848257 0.6600695 0.6462365 0.6419975 0.6472189 0.6612176 0.6838924 0.7150106 0.7543407 0.8019566 0.8573555 0.9208345 0.9915208 1.069968 1.154904 1.247300 1.345502 1.451177 1.562220 1.681258 1.805167 1.937105 2.069415 2.197986 2.279876 2.211877 1.759030 1.125691 0.7887368 0.6266585 0.5119356 0.4165165 0.3383566 0.2696368 0.2119260 0.1589839
0.6196959 0.7076827 0.8127632 0.9365253 1.086105 1.265418 1.485966 1.756028 2.090821 2.479233 2.802938 2.765792 2.419158 2.051437 1.742745 1.497693 1.300404 1.143241 1.015720 0.9140645 0.8322079 0.7683722 0.7188772 0.6828990 0.6581789 0.6443672 0.6401348 0.6453482 0.6593255 0.6819661 0.7130397 0.7523162 0.7998716 0.8552062 0.9186198 0.9892430 1.067632 1.152519 1.244876 1.343055 1.448722 1.559777 1.678844 1.802803 1.934809 2.067207 2.195878 2.277881 2.209955 1.757242 1.124140 0.7873201 0.6253797 0.5108006 0.4155259 0.3375039 0.2689202 0.2113381 0.1585225
