T4-twomodels-1/gx/model90.grd
DSAA
         100         100
  -15.00000       15.00000    
  -15.00000       15.00000    
  -4.902010       2.495092    
[rows 0 to 25 of 100, columns 0 to 57 of 100]
2.0977639E-02 2.1452140E-02 2.1909148E-02 2.2346392E-02 2.2761131E-02 2.3151539E-02 2.3514865E-02 2.3849664E-02 2.4153594E-02 2.4425030E-02 2.4659647E-02 2.4867490E-02 2.5045795E-02 2.5186507E-02 2.5294052E-02 2.5368869E-02 2.5412532E-02 2.5425751E-02 2.5410417E-02 2.5367558E-02 2.5298728E-02 2.5205087E-02 2.5088044E-02 2.4948357E-02 2.4786994E-02 2.4604339E-02 2.4400778E-02 2.4176208E-02 2.3930257E-02 2.3662178E-02 2.3371138E-02 2.3055870E-02 2.2714846E-02 2.2346560E-02 2.1949191E-02 2.1520942E-02 2.1059822E-02 2.0564048E-02 2.0031583E-02 1.9461133E-02 1.8851060E-02 1.8200420E-02 1.7507913E-02 1.6773371E-02 1.5995855E-02 1.5176289E-02 1.4313998E-02 1.3410199E-02 1.2460304E-02 1.1478502E-02 1.0471908E-02 9.4164740E-03 8.3274450E-03 7.2079864E-03 6.0596443E-03 4.8839306E-03 3.6839300E-03 2.4612471E-03
2.2421785E-02 2.2949781E-02 2.3459075E-02 2.3946254E-02 2.4408903E-02 2.4843888E-02 2.5249042E-02 2.5621446E-02 2.5960026E-02 2.6263658E-02 2.6535092E-02 2.6762228E-02 2.6947584E-02 2.7100248E-02 2.7216423E-02 2.7297173E-02 2.7342938E-02 2.7355896E-02 2.7337451E-02 2.7289744E-02 2.7214302E-02 2.7113222E-02 2.6987720E-02 2.6839217E-02 2.6668726E-02 2.6477074E-02 2.6264518E-02 2.6031183E-02 2.5776489E-02 2.5499659E-02 2.5199629E-02 2.4874846E-02 2.4523484E-02 2.4143577E-02 2.3733025E-02 2.3289355E-02 2.2810332E-02 2.2293413E-02 2.1736501E-02 2.1137433E-02 2.0494718E-02 1.9806406E-02 1.9071754E-02 1.8289404E-02 1.7459586E-02 1.6581625E-02 1.5657421E-02 1.4687568E-02 1.3679464E-02 1.2620632E-02 1.1507028E-02 1.0368404E-02 9.1922116E-03 7.9797916E-03 6.7343717E-03 5.4593706E-03 4.1567613E-03 2.8297515E-03
2.3994392E-02 2.4583695E-02 2.5152232E-02 2.5696784E-02 2.6213590E-02 2.6699873E-02 2.7151907E-02 2.7567575E-02 2.7943838E-02 2.8278574E-02 2.8566824E-02 2.8819485E-02 2.9033713E-02 2.9201003E-02 2.9326618E-02 2.9411675E-02 2.9458629E-02 2.9469009E-02 2.9445646E-02 2.9390553E-02 2.9306486E-02 2.9195454E-02 2.9059505E-02 2.8900210E-02 2.8719228E-02 2.8517369E-02 2.8295219E-02 2.8052781E-02 2.7789572E-02 2.7504569E-02 2.7196452E-02 2.6863348E-02 2.6503000E-02 2.6113072E-02 2.5690746E-02 2.5233155E-02 2.4737258E-02 2.4200240E-02 2.3619045E-02 2.2991449E-02 2.2314891E-02 2.1587720E-02 2.0808045E-02 1.9975340E-02 1.9088365E-02 1.8148093E-02 1.7153896E-02 1.6107196E-02 1.5003256E-02 1.3858002E-02 1.2679711E-02 1.1442624E-02 1.0163885E-02 8.8474164E-03 7.4953930E-03 6.1099012E-03 4.6946965E-03 3.2518466E-03
2.5710722E-02 2.6369710E-02 2.7006423E-02 2.7616203E-02 2.8195465E-02 2.8739790E-02 2.9245945E-02 2.9710038E-02 3.0130230E-02 3.0504839E-02 3.0836640E-02 3.1112285E-02 3.1334754E-02 3.1514354E-02 3.1647466E-02 3.1736065E-02 3.1781528E-02 3.1787198E-02 3.1755671E-02 3.1690493E-02 3.1594429E-02 3.1470653E-02 3.1321388E-02 3.1149149E-02 3.0955674E-02 3.0742336E-02 3.0509666E-02 3.0257918E-02 2.9986443E-02 2.9694103E-02 2.9379221E-02 2.9039482E-02 2.8672205E-02 2.8274348E-02 2.7842561E-02 2.7373068E-02 2.6862361E-02 2.6306530E-02 2.5702227E-02 2.5046058E-02 2.4335474E-02 2.3567602E-02 2.2741070E-02 2.1853955E-02 2.0906240E-02 1.9897159E-02 1.8828942E-02 1.7702430E-02 1.6526192E-02 1.5287044E-02 1.3981111E-02 1.2641699E-02 1.1255643E-02 9.8250601E-03 8.3540902E-03 6.8470007E-03 5.3063864E-03 3.7361621E-03
2.7587024E-02 2.8326383E-02 2.9041033E-02 2.9726323E-02 3.0376922E-02 3.0988552E-02 3.1556088E-02 3.2076243E-02 3.2544833E-02 3.2958895E-02 3.3312667E-02 3.3618271E-02 3.3872712E-02 3.4066934E-02 3.4207504E-02 3.4296662E-02 3.4338243E-02 3.4335166E-02 3.4291953E-02 3.4212232E-02 3.4100328E-02 3.3959676E-02 3.3793796E-02 3.3605449E-02 3.3397187E-02 3.3170506E-02 3.2926425E-02 3.2665089E-02 3.2385916E-02 3.2087453E-02 3.1767663E-02 3.1423733E-02 3.1052284E-02 3.0649647E-02 3.0211462E-02 2.9733296E-02 2.9210443E-02 2.8638387E-02 2.8012428E-02 2.7328899E-02 2.6583888E-02 2.5774652E-02 2.4898386E-02 2.3954017E-02 2.2939825E-02 2.1856902E-02 2.0704724E-02 1.9485185E-02 1.8193640E-02 1.6848510E-02 1.5459604E-02 1.3999053E-02 1.2486727E-02 1.0927797E-02 9.3253478E-03 7.6822978E-03 6.0033374E-03 4.2911884E-03
2.9642809E-02 3.0474396E-02 3.1279504E-02 3.2051608E-02 3.2785244E-02 3.3474013E-02 3.4113020E-02 3.4696709E-02 3.5222005E-02 3.5686273E-02 3.6092162E-02 3.6424965E-02 3.6688153E-02 3.6893584E-02 3.7038188E-02 3.7125435E-02 3.7158340E-02 3.7142180E-02 3.7081607E-02 3.6982246E-02 3.6848821E-02 3.6686473E-02 3.6499206E-02 3.6290977E-02 3.6064684E-02 3.5822578E-02 3.5565756E-02 3.5294682E-02 3.5008527E-02 3.4705646E-02 3.4383487E-02 3.4038592E-02 3.3666871E-02 3.3263568E-02 3.2823492E-02 3.2340847E-02 3.1810023E-02 3.1225013E-02 3.0580403E-02 2.9870953E-02 2.9092489E-02 2.8240649E-02 2.7313026E-02 2.6306879E-02 2.5221828E-02 2.4057068E-02 2.2815285E-02 2.1497900E-02 2.0115172E-02 1.8653588E-02 1.7109761E-02 1.5521361E-02 1.3875023E-02 1.2174146E-02 1.0424176E-02 8.6305812E-03 6.7969100E-03 4.9279872E-03
3.1899571E-02 3.2838363E-02 3.3747964E-02 3.4621459E-02 3.5451043E-02 3.6230087E-02 3.6951181E-02 3.7609063E-02 3.8197760E-02 3.8712978E-02 3.9147731E-02 3.9515462E-02 3.9813098E-02 4.0031154E-02 4.0178154E-02 4.0258192E-02 4.0277429E-02 4.0241167E-02 4.0156662E-02 4.0030114E-02 3.9868444E-02 3.9677538E-02 3.9463170E-02 3.9229866E-02 3.8981721E-02 3.8721308E-02 3.8450398E-02 3.8169350E-02 3.7877370E-02 3.7572354E-02 3.7251249E-02 3.6909804E-02 3.6542878E-02 3.6144685E-02 3.5708513E-02 3.5227429E-02 3.4694061E-02 3.4101289E-02 3.3441830E-02 3.2709688E-02 3.1898811E-02 3.1004671E-02 3.0023064E-02 2.8951995E-02 2.7789244E-02 2.6536047E-02 2.5192194E-02 2.3760444E-02 2.2236641E-02 2.0642610E-02 1.8990504E-02 1.7250488E-02 1.5446151E-02 1.3584572E-02 1.1670287E-02 9.7074779E-03 7.7021513E-03 5.6578619E-03
3.4382809E-02 3.5445843E-02 3.6477786E-02 3.7469167E-02 3.8411558E-02 3.9295457E-02 4.0113147E-02 4.0856391E-02 4.1520000E-02 4.2099703E-02 4.2597651E-02 4.2997196E-02 4.3302566E-02 4.3527905E-02 4.3671314E-02 4.3738704E-02 4.3735880E-02 4.3671399E-02 4.3553215E-02 4.3390419E-02 4.3190997E-02 4.2963244E-02 4.2713903E-02 4.2449266E-02 4.2174075E-02 4.1892033E-02 4.1605093E-02 4.1313991E-02 4.1017633E-02 4.0713608E-02 4.0398102E-02 4.0065896E-02 3.9710660E-02 3.9325021E-02 3.8900860E-02 3.8429212E-02 3.7901185E-02 3.7307426E-02 3.6639336E-02 3.5888620E-02 3.5048418E-02 3.4112073E-02 3.3075444E-02 3.1934611E-02 3.0688720E-02 2.9336972E-02 2.7882908E-02 2.6328988E-02 2.4688035E-02 2.2946626E-02 2.1102633E-02 1.9199874E-02 1.7225238E-02 1.5184206E-02 1.3084254E-02 1.0932669E-02 8.7343436E-03 6.4952923E-03
3.7120655E-02 3.8329396E-02 3.9504260E-02 4.0634785E-02 4.1709293E-02 4.2717367E-02 4.3647762E-02 4.4491943E-02 4.5240827E-02 4.5887813E-02 4.6423905E-02 4.6863820E-02 4.7204565E-02 4.7436692E-02 4.7571741E-02 4.7616970E-02 4.7582414E-02 4.7477473E-02 4.7313806E-02 4.7101978E-02 4.6853159E-02 4.6577122E-02 4.6283167E-02 4.5978721E-02 4.5670252E-02 4.5362033E-02 4.5056913E-02 4.4755589E-02 4.4456959E-02 4.4158000E-02 4.3854080E-02 4.3538775E-02 4.3204144E-02 4.2841174E-02 4.2439491E-02 4.1988209E-02 4.1475777E-02 4.0890917E-02 4.0222201E-02 3.9459810E-02 3.8594142E-02 3.7617847E-02 3.6524419E-02 3.5310552E-02 3.3973239E-02 3.2514032E-02 3.0933440E-02 2.9235803E-02 2.7418248E-02 2.5507476E-02 2.3519391E-02 2.1422781E-02 1.9246507E-02 1.7000634E-02 1.4692037E-02 1.2326886E-02 9.9129928E-03 7.4550947E-03
4.0146694E-02 4.1526027E-02 4.2869918E-02 4.4164319E-02 4.5396045E-02 4.6550542E-02 4.7615334E-02 4.8577596E-02 4.9428340E-02 5.0160278E-02 5.0774280E-02 5.1250942E-02 5.1595580E-02 5.1825784E-02 5.1941939E-02 5.1954206E-02 5.1873166E-02 5.1712945E-02 5.1487073E-02 5.1210355E-02 5.0896127E-02 5.0557688E-02 5.0206125E-02 4.9851466E-02 4.9501333E-02 4.9161527E-02 4.8835278E-02 4.8523787E-02 4.8225567E-02 4.7937080E-02 4.7652546E-02 4.7364067E-02 4.7061890E-02 4.6734601E-02 4.6369541E-02 4.5952775E-02 4.5470178E-02 4.4907037E-02 4.4249546E-02 4.3484382E-02 4.2600293E-02 4.1586749E-02 4.0436968E-02 3.9145030E-02 3.7709441E-02 3.6129519E-02 3.4410305E-02 3.2556340E-02 3.0584510E-02 2.8482484E-02 2.6250854E-02 2.3942295E-02 2.1544969E-02 1.9067772E-02 1.6521424E-02 1.3915979E-02 1.1258264E-02 8.5559003E-03
4.3498080E-02 4.5079298E-02 4.6622980E-02 4.8113085E-02 4.9531691E-02 5.0862029E-02 5.2086379E-02 5.3190332E-02 5.4159395E-02 5.4982722E-02 5.5647898E-02 5.6170754E-02 5.6548536E-02 5.6772608E-02 5.6859408E-02 5.6821708E-02 5.6676254E-02 5.6439485E-02 5.6130532E-02 5.5767156E-02 5.5367514E-02 5.4947663E-02 5.4522406E-02 5.4103717E-02 5.3701673E-02 5.3323086E-02 5.2972343E-02 5.2650653E-02 5.2356500E-02 5.2085407E-02 5.1830381E-02 5.1581681E-02 5.1327154E-02 5.1052816E-02 5.0742622E-02 5.0379496E-02 4.9945205E-02 4.9421728E-02 4.8790861E-02 4.8036430E-02 4.7143005E-02 4.6098407E-02 4.4892434E-02 4.3519471E-02 4.1975390E-02 4.0262341E-02 3.8382355E-02 3.6342751E-02 3.4143575E-02 3.1818856E-02 2.9390754E-02 2.6827969E-02 2.4167143E-02 2.1423213E-02 1.8606914E-02 1.5727457E-02 1.2795322E-02 9.8168235E-03
4.7218587E-02 4.9038686E-02 5.0821252E-02 5.2545045E-02 5.4189097E-02 5.5730332E-02 5.7147980E-02 5.8421068E-02 5.9533641E-02 6.0472742E-02 6.1236344E-02 6.1800949E-02 6.2173370E-02 6.2376458E-02 6.2415116E-02 6.2306907E-02 6.2070992E-02 6.1731052E-02 6.1310202E-02 6.0832758E-02 6.0320880E-02 5.9795868E-02 5.9275605E-02 5.8775786E-02 5.8308367E-02 5.7882257E-02 5.7502501E-02 5.7170890E-02 5.6885384E-02 5.6640688E-02 5.6428142E-02 5.6235779E-02 5.6048751E-02 5.5849500E-02 5.5618376E-02 5.5333588E-02 5.4972693E-02 5.4512266E-02 5.3929873E-02 5.3203877E-02 5.2315481E-02 5.1247809E-02 4.9989235E-02 4.8530627E-02 4.6869308E-02 4.5005132E-02 4.2945847E-02 4.0699944E-02 3.8291201E-02 3.5710547E-02 3.2964077E-02 3.0117512E-02 2.7162319E-02 2.4113227E-02 2.0986184E-02 1.7795455E-02 1.4550725E-02 1.1261795E-02
5.1357254E-02 5.3462785E-02 5.5531181E-02 5.7537585E-02 5.9453864E-02 6.1252382E-02 6.2904105E-02 6.4383917E-02 6.5667294E-02 6.6735364E-02 6.7569517E-02 6.8186164E-02 6.8582967E-02 6.8753548E-02 6.8722807E-02 6.8513513E-02 6.8154246E-02 6.7673944E-02 6.7104533E-02 6.6475995E-02 6.5817885E-02 6.5156199E-02 6.4514279E-02 6.3910984E-02 6.3361637E-02 6.2876679E-02 6.2462620E-02 6.2121324E-02 6.1850544E-02 6.1643697E-02 6.1490253E-02 6.1375622E-02 6.1281454E-02 6.1186299E-02 6.1065380E-02 6.0891856E-02 6.0636956E-02 6.0271587E-02 5.9766334E-02 5.9094232E-02 5.8229908E-02 5.7152860E-02 5.5846214E-02 5.4300286E-02 5.2509110E-02 5.0475962E-02 4.8205923E-02 4.5711983E-02 4.3000221E-02 4.0116746E-02 3.7094299E-02 3.3904009E-02 3.0594714E-02 2.7189473E-02 2.3705376E-02 2.0156443E-02 1.6556945E-02 1.2915314E-02
5.5971216E-02 5.8417991E-02 6.0832001E-02 6.3180752E-02 6.5430380E-02 6.7543358E-02 6.9484010E-02 7.1216390E-02 7.2711147E-02 7.3944300E-02 7.4907251E-02 7.5570099E-02 7.5941741E-02 7.6053463E-02 7.5919107E-02 7.5569980E-02 7.5040847E-02 7.4372426E-02 7.3604524E-02 7.2777584E-02 7.1928129E-02 7.1090087E-02 7.0291758E-02 6.9557205E-02 6.8904512E-02 6.8346843E-02 6.7891575E-02 6.7541182E-02 6.7292705E-02 6.7138284E-02 6.7065053E-02 6.7055263E-02 6.7086652E-02 6.7132562E-02 6.7162581E-02 6.7142844E-02 6.7037590E-02 6.6809162E-02 6.6420726E-02 6.5836392E-02 6.5024383E-02 6.3956365E-02 6.2611990E-02 6.0976230E-02 5.9044257E-02 5.6816936E-02 5.4306999E-02 5.1530544E-02 4.8523355E-02 4.5284331E-02 4.1830409E-02 3.8247291E-02 3.4533963E-02 3.0715084E-02 2.6815163E-02 2.2854930E-02 1.8848162E-02 1.4807330E-02
6.1124060E-02 6.3982293E-02 6.6814870E-02 6.9583125E-02 7.2242163E-02 7.4745603E-02 7.7043943E-02 7.9091810E-02 8.0845490E-02 8.2270086E-02 8.3334848E-02 8.4054843E-02 8.4428594E-02 8.4455281E-02 8.4175423E-02 8.3630495E-02 8.2871132E-02 8.1948809E-02 8.0918022E-02 7.9829425E-02 7.8731216E-02 7.7664882E-02 7.6666638E-02 7.5765014E-02 7.4982576E-02 7.4334435E-02 7.3829710E-02 7.3470816E-02 7.3254354E-02 7.3170654E-02 7.3204279E-02 7.3333822E-02 7.3532157E-02 7.3766910E-02 7.4000195E-02 7.4190199E-02 7.4291371E-02 7.4256554E-02 7.4037507E-02 7.3588647E-02 7.2867014E-02 7.1836866E-02 7.0469037E-02 6.8745926E-02 6.6657975E-02 6.4210288E-02 6.1413899E-02 5.8292504E-02 5.4864425E-02 5.1196441E-02 4.7340300E-02 4.3275192E-02 3.9069999E-02 3.4761541E-02 3.0377297E-02 2.5938816E-02 2.1465583E-02 1.6968334E-02
6.6889152E-02 7.0243873E-02 7.3588014E-02 7.6871768E-02 8.0040112E-02 8.3030395E-02 8.5779607E-02 8.8223204E-02 9.0305217E-02 9.1978967E-02 9.3221098E-02 9.3990043E-02 9.4297901E-02 9.4190896E-02 9.3701489E-02 9.2887424E-02 9.1813333E-02 9.0551116E-02 8.9170367E-02 8.7738849E-02 8.6316422E-02 8.4956318E-02 8.3701991E-02 8.2588948E-02 8.1643164E-02 8.0882974E-02 8.0318265E-02 7.9951972E-02 7.9779521E-02 7.9789452E-02 7.9963297E-02 8.0275454E-02 8.0693379E-02 8.1177525E-02 8.1681706E-02 8.2153663E-02 8.2536623E-02 8.2769856E-02 8.2792185E-02 8.2542874E-02 8.1966691E-02 8.1014134E-02 7.9648033E-02 7.7841647E-02 7.5585268E-02 7.2881162E-02 6.9751129E-02 6.6225849E-02 6.2362932E-02 5.8178902E-02 5.3712264E-02 4.9081888E-02 4.4302326E-02 3.9415434E-02 3.4459691E-02 2.9465567E-02 2.4452241E-02 1.9434823E-02
7.3346622E-02 7.7304624E-02 8.1275173E-02 8.5198805E-02 8.9003354E-02 9.2609696E-02 9.5930539E-02 9.8881036E-02 0.1013785 0.1033546 0.1047529 0.1055819 0.1058418 0.1055451 0.1047631 0.1035751 0.1020741 0.1003542 9.8510042E-02 9.6627682E-02 9.4784826E-02 9.3046218E-02 9.1465943E-02 9.0085194E-02 8.8935040E-02 8.8035636E-02 8.7398440E-02 8.7025829E-02 8.6912356E-02 8.7044194E-02 8.7399669E-02 8.7948509E-02 8.8651948E-02 8.9462601E-02 9.0323932E-02 9.1171846E-02 9.1934614E-02 9.2535771E-02 9.2895322E-02 9.2935011E-02 9.2579708E-02 9.1764674E-02 9.0436593E-02 8.8561170E-02 8.6120449E-02 8.3121471E-02 7.9585999E-02 7.5558379E-02 7.1081698E-02 6.6260628E-02 6.1182763E-02 5.5847380E-02 5.0357997E-02 4.4775311E-02 3.9143920E-02 3.3496451E-02 2.7858797E-02 2.2243056E-02
8.0587104E-02 8.5278288E-02 9.0021491E-02 9.4741829E-02 9.9350370E-02 0.1037408 0.1077990 0.1114039 0.1144442 0.1168235 0.1184839 0.1193606 0.1194708 0.1188900 0.1176913 0.1159875 0.1139029 0.1115688 0.1091086 0.1066361 0.1042475 0.1020240 0.1000290 9.8311588E-02 9.6905835E-02 9.5834590E-02 9.5109239E-02 9.4732046E-02 9.4695687E-02 9.4984159E-02 9.5572107E-02 9.6424401E-02 9.7495712E-02 9.8729558E-02 0.1000583 0.1014027 0.1026741 0.1037746 0.1046020 0.1050520 0.1050258 0.1044330 0.1032023 0.1012813 9.8647140E-02 9.5302351E-02 9.1284007E-02 8.6650766E-02 8.1502058E-02 7.5892977E-02 6.9906518E-02 6.3720204E-02 5.7380557E-02 5.0960165E-02 4.4519864E-02 3.8104013E-02 3.1737387E-02 2.5435485E-02
8.8706657E-02 9.4293013E-02 9.9990398E-02 0.1057110 0.1113402 0.1167422 0.1217591 0.1262267 0.1299793 0.1328734 0.1347941 0.1357283 0.1356799 0.1346941 0.1329098 0.1304872 0.1276063 0.1244438 0.1211672 0.1179209 0.1148275 0.1119837 0.1094649 0.1073250 0.1056020 0.1043189 0.1034871 0.1031071 0.1031699 0.1036567 0.1045389 0.1057763 0.1073168 0.1090948 0.1110293 0.1130253 0.1149719 0.1167466 0.1182163 0.1192453 0.1196987 0.1194549 0.1184098 0.1164909 0.1136573 0.1099137 0.1052994 9.9897735E-02 9.3803287E-02 8.7194473E-02 8.0231197E-02 7.2961263E-02 6.5551542E-02 5.8104843E-02 5.0693177E-02 4.3363672E-02 3.6147144E-02 2.9052177E-02
9.7808801E-02 0.1044865 0.1113680 0.1183470 0.1252842 0.1319997 0.1382839 0.1439008 0.1486167 0.1522203 0.1545672 0.1555385 0.1551609 0.1535758 0.1509534 0.1475291 0.1435536 0.1392752 0.1349136 0.1306573 0.1266553 0.1230233 0.1198451 0.1171796 0.1150647 0.1135228 0.1125623 0.1121819 0.1123698 0.1131048 0.1143549 0.1160757 0.1182090 0.1206795 0.1233936 0.1262368 0.1290747 0.1317523 0.1341003 0.1359384 0.1370870 0.1373749 0.1366567 0.1348196 0.1318025 0.1275964 0.1222601 0.1159045 0.1087128 0.1008269 9.2427440E-02 8.3806537E-02 7.5078122E-02 6.6370085E-02 5.7777822E-02 4.9361434E-02 4.1145768E-02 3.3137564E-02
0.1079965 0.1160067 0.1243558 0.1329264 0.1415459 0.1499871 0.1579618 0.1651417 0.1711753 0.1757370 0.1785641 0.1795770 0.1787885 0.1763330 0.1725125 0.1676766 0.1621945 0.1564058 0.1506070 0.1450335 0.1398673 0.1352383 0.1312375 0.1279223 0.1253281 0.1234715 0.1223571 0.1219789 0.1223223 0.1233634 0.1250679 0.1273887 0.1302625 0.1336065 0.1373135 0.1412504 0.1452543 0.1491348 0.1526747 0.1556399 0.1577865 0.1588790 0.1587038 0.1570939 0.1539401 0.1492187 0.1429865 0.1353964 0.1266528 0.1170917 0.1070338 9.6645720E-02 8.6219594E-02 7.5934939E-02 6.5903112E-02 5.6182042E-02 4.6794951E-02 3.7729476E-02
0.1193708 0.1290000 0.1391699 0.1497521 0.1605489 0.1712696 0.1815332 0.1908678 0.1987573 0.2046983 0.2083081 0.2093246 0.2077953 0.2040334 0.1984672 0.1916324 0.1840608 0.1762307 0.1685277 0.1612471 0.1545968 0.1487185 0.1436991 0.1395898 0.1364141 0.1341798 0.1328821 0.1325094 0.1330426 0.1344560 0.1367145 0.1397704 0.1435586 0.1479907 0.1529498 0.1582834 0.1638009 0.1692695 0.1744185 0.1789426 0.1825179 0.1848145 0.1855262 0.1843898 0.1812256 0.1759553 0.1686414 0.1594808 0.1488296 0.1370412 0.1245354 0.1118561 9.9269919E-02 8.7004967E-02 7.5199783E-02 6.3914649E-02 5.3147048E-02 4.2865258E-02
0.1320166 0.1436063 0.1560225 0.1691481 0.1827624 0.1965183 0.2099086 0.2222732 0.2328234 0.2407520 0.2453696 0.2463759 0.2438108 0.2380842 0.2299531 0.2202525 0.2097771 0.1991825 0.1889705 0.1794887 0.1709657 0.1635357 0.1572713 0.1522011 0.1483300 0.1456466 0.1441336 0.1437694 0.1445307 0.1463899 0.1493140 0.1532580 0.1581594 0.1639302 0.1704472 0.1775444 0.1850033 0.1925499 0.1998498 0.2065177 0.2121230 0.2162162 0.2183489 0.2181201 0.2152094 0.2094446 0.2008321 0.1896148 0.1762275 0.1613844 0.1458213 0.1300320 0.1145853 9.9794768E-02 8.5802421E-02 7.2633386E-02 6.0249798E-02 4.8567239E-02
0.1459973 0.1599365 0.1751090 0.1914292 0.2086892 0.2264913 0.2442000 0.2608881 0.2753713 0.2863342 0.2926369 0.2935484 0.2891774 0.2803904 0.2684083 0.2545692 0.2400391 0.2257167 0.2122165 0.1999278 0.1890662 0.1797367 0.1719691 0.1657549 0.1610620 0.1578532 0.1560898 0.1557380 0.1567680 0.1591526 0.1628632 0.1678628 0.1740986 0.1814899 0.1899171 0.1992073 0.2091234 0.2193507 0.2294946 0.2390760 0.2475456 0.2542931 0.2586863 0.2601013 0.2579964 0.2519796 0.2419320 0.2280871 0.2111366 0.1919997 0.1718001 0.1517655 0.1325437 0.1145203 9.7818576E-02 8.2397483E-02 6.8125173E-02 5.4848731E-02
0.1613324 0.1780583 0.1965694 0.2168695 0.2388086 0.2620025 0.2856977 0.3086609 0.3290949 0.3447948 0.3536065 0.3543410 0.3471459 0.3334909 0.3156366 0.2957590 0.2755786 0.2562571 0.2385012 0.2226782 0.2089449 0.1973248 0.1877752 0.1802190 0.1745733 0.1707584 0.1687089 0.1683729 0.1697140 0.1727061 0.1773294 0.1835618 0.1913677 0.2006862 0.2114121 0.2233816 0.2363499 0.2499782 0.2638162 0.2773009 0.2897494 0.3003773 0.3083074 0.3126175 0.3123866 0.3068263 0.2954318 0.2782574 0.2560838 0.2306457 0.2040489 0.1779229 0.1535380 0.1313439 0.1113153 9.3218498E-02 7.6773770E-02 6.1694786E-02
0.1779895 0.1979612 0.2204564 0.2456305 0.2735025 0.3038063 0.3357998 0.3679525 0.3976650 0.4212134 0.4345425 0.4348501 0.4225105 0.4007766 0.3737722 0.3450635 0.3170518 0.2911248 0.2679493 0.2477670 0.2305733 0.2162498 0.2046259 0.1955287 0.1887967 0.1842971 0.1819254 0.1816092 0.1833026 0.1869835 0.1926454 0.2002877 0.2099045 0.2214659 0.2349003 0.2500695 0.2667468 0.2845887 0.3031198 0.3217100 0.3395720 0.3557440 0.3690985 0.3783273 0.3819840 0.3785481 0.3666928 0.3457368 0.3164543 0.2813432 0.2443221 0.2092452 0.1778198 0.1503080 0.1262550 0.1050556 8.6146720E-02 6.9072872E-02
