T4-twomodels-1/gx/model90.grd
DSAA
         100         100
  -15.00000       15.00000    
  -15.00000       15.00000    
  -4.902010       2.495092    
[rows 26 to 51 of 100, columns 0 to 57 of 100]
0.1958594 0.2195400 0.2466776 0.2776935 0.3129108 0.3524179 0.3957493 0.4413751 0.4858342 0.5229290 0.5443000 0.5437655 0.5221241 0.4865052 0.4450909 0.4035324 0.3648708 0.3304077 0.3005129 0.2750849 0.2538307 0.2363889 0.2224100 0.2115792 0.2036374 0.1983780 0.1956520 0.1953584 0.1974429 0.2018878 0.2087054 0.2179256 0.2295818 0.2436927 0.2602371 0.2791300 0.3001877 0.3231034 0.3474126 0.3724781 0.3974581 0.4212940 0.4426551 0.4598934 0.4709283 0.4732025 0.4637186 0.4396977 0.4002284 0.3492518 0.2954118 0.2464013 0.2052719 0.1711812 0.1424660 0.1177758 9.6159816E-02 7.6910824E-02
0.2147589 0.2425589 0.2749653 0.3127545 0.3567798 0.4077785 0.4661361 0.5310695 0.5990613 0.6607372 0.6987971 0.6962846 0.6555865 0.5953016 0.5313036 0.4715703 0.4189065 0.3738260 0.3358808 0.3043576 0.2784759 0.2575458 0.2409575 0.2282292 0.2189674 0.2128869 0.2097769 0.2095100 0.2120174 0.2172911 0.2253652 0.2363077 0.2502039 0.2671335 0.2871500 0.3102410 0.3363082 0.3651133 0.3962731 0.4292029 0.4631317 0.4970228 0.5295649 0.5589688 0.5827939 0.5974100 0.5975034 0.5755938 0.5244526 0.4457703 0.3597447 0.2884471 0.2348338 0.1933406 0.1595874 0.1311826 0.1066693 8.5125849E-02
0.2344235 0.2666517 0.3048467 0.3501705 0.4042980 0.4689013 0.5460616 0.6370679 0.7409096 0.8467969 0.9204207 0.9132893 0.8328865 0.7296935 0.6321152 0.5482207 0.4781877 0.4205963 0.3734338 0.3351232 0.3041478 0.2794474 0.2600458 0.2453012 0.2346315 0.2276879 0.2241690 0.2239336 0.2268870 0.2330377 0.2424453 0.2552168 0.2715097 0.2914603 0.3152364 0.3428927 0.3744818 0.4098329 0.4487534 0.4907337 0.5352723 0.5814602 0.6284103 0.6745396 0.7179126 0.7546086 0.7779807 0.7737320 0.7173226 0.5891806 0.4376895 0.3310515 0.2641466 0.2158251 0.1771544 0.1450399 0.1174985 9.3620367E-02
0.2545713 0.2912812 0.3357202 0.3888966 0.4541252 0.5335652 0.6324675 0.7547736 0.9065936 1.081320 1.224011 1.207028 1.052229 0.8848003 0.7431720 0.6306548 0.5406606 0.4694616 0.4122027 0.3667914 0.3303441 0.3017869 0.2793839 0.2626102 0.2504352 0.2426412 0.2386713 0.2384899 0.2418915 0.2489502 0.2597409 0.2743900 0.2931931 0.3162519 0.3439998 0.3763872 0.4138731 0.4560919 0.5034349 0.5551034 0.6114734 0.6713077 0.7351561 0.8012139 0.8700366 0.9376065 1.000545 1.038365 1.003745 0.8001371 0.5201990 0.3665195 0.2909271 0.2380585 0.1946754 0.1592496 0.1283509 0.1023979
0.2747785 0.3159446 0.3667418 0.4277858 0.5043365 0.5987894 0.7200403 0.8746297 1.077135 1.326853 1.548531 1.520078 1.280845 1.044061 0.8560739 0.7141156 0.6036248 0.5186602 0.4511135 0.3985756 0.3565654 0.3241579 0.2987036 0.2799136 0.2662047 0.2575724 0.2531370 0.2530189 0.2568659 0.2648396 0.2770233 0.2935554 0.3148940 0.3410685 0.3728355 0.4099703 0.4534352 0.5025588 0.5584655 0.6199083 0.6883642 0.7620520 0.8433138 0.9298568 1.025386 1.125613 1.232029 1.318384 1.315061 1.029855 0.6022291 0.3993385 0.3168995 0.2601989 0.2121179 0.1735379 0.1391579 0.1112483
0.2945489 0.3401952 0.3969682 0.4657331 0.5528289 0.6615166 0.8029129 0.9860352 1.229705 1.533803 1.803554 1.768583 1.476489 1.187804 0.9616132 0.7933685 0.6643199 0.5662792 0.4891188 0.4296143 0.3823469 0.3461078 0.3177636 0.2969384 0.2817846 0.2722872 0.2674296 0.2673502 0.2716480 0.2805138 0.2940557 0.3124448 0.3362323 0.3654794 0.4011028 0.4428980 0.4920564 0.5479036 0.6118753 0.6827067 0.7623362 0.8490084 0.9458238 1.050652 1.168388 1.294710 1.431275 1.544997 1.545195 1.199514 0.6833924 0.4396975 0.3452548 0.2825387 0.2296596 0.1874954 0.1499952 0.1198243
0.3135690 0.3634694 0.4257251 0.5015937 0.5980389 0.7191116 0.8770738 1.082184 1.353958 1.689311 1.981539 1.943805 1.626205 1.306512 1.053594 0.8647718 0.7203344 0.6108665 0.5251591 0.4592531 0.4071586 0.3673038 0.3362633 0.3134860 0.2969762 0.2866385 0.2813880 0.2813379 0.2860709 0.2957887 0.3106227 0.3307844 0.3568825 0.3890422 0.4282654 0.4744263 0.5288193 0.5908505 0.6620677 0.7412848 0.8305708 0.9282551 1.037584 1.156437 1.289598 1.431900 1.582732 1.703196 1.692484 1.311752 0.7533590 0.4826557 0.3749377 0.3048305 0.2469193 0.2010222 0.1605893 0.1281064
0.3315598 0.3853313 0.4524769 0.5345610 0.6389307 0.7701052 0.9408121 1.161542 1.451114 1.803586 2.106451 2.067538 1.737659 1.400526 1.130314 0.9266548 0.7702711 0.6514363 0.5584714 0.4869686 0.4305799 0.3874513 0.3539508 0.3293708 0.3116066 0.3004841 0.2948687 0.2948445 0.2999845 0.3104962 0.3265311 0.3483350 0.3765603 0.4113868 0.4538755 0.5039636 0.5630028 0.6304513 0.7078909 0.7941550 0.8912975 0.9975970 1.116160 1.244585 1.387067 1.537326 1.692738 1.811405 1.789527 1.389112 0.8092710 0.5218130 0.4032464 0.3261515 0.2634017 0.2139207 0.1707199 0.1360285
0.3483015 0.4054907 0.4768710 0.5641975 0.6750386 0.8141074 0.9942287 1.225666 1.526375 1.888545 2.197060 2.157578 1.821207 1.474083 1.192902 0.9789641 0.8136948 0.6875155 0.5886213 0.5124084 0.4523179 0.4063195 0.3706308 0.3444331 0.3255332 0.3136972 0.3077485 0.3077480 0.3132588 0.3244933 0.3416186 0.3649051 0.3950391 0.4322380 0.4776039 0.5311092 0.5941339 0.6661456 0.7487156 0.8406280 0.9438498 1.056502 1.181453 1.315908 1.463480 1.617017 1.772783 1.887721 1.857655 1.445579 0.8531976 0.5551533 0.4285997 0.3457070 0.2786872 0.2259682 0.1802274 0.1434975
0.3636504 0.4237905 0.4987434 0.5903792 0.7063585 0.8514454 1.038377 1.277106 1.584887 1.952805 2.264424 2.224685 1.884771 1.531708 1.243527 1.022554 0.8508369 0.7190547 0.6154610 0.5353935 0.4722021 0.4237502 0.3861651 0.3585471 0.3386432 0.3261721 0.3199257 0.3199455 0.3257876 0.3376660 0.3557586 0.3803537 0.4121592 0.4514171 0.4992504 0.5556476 0.6219897 0.6977276 0.7843856 0.8806698 0.9884192 1.105577 1.234753 1.372822 1.522950 1.677477 1.832128 1.943520 1.907519 1.488031 0.8880484 0.5829509 0.4505808 0.3631144 0.2925303 0.2369976 0.1890047 0.1504299
0.3775426 0.4401787 0.5180910 0.6131982 0.7331913 0.8827988 1.074634 1.318354 1.630749 2.002266 2.315876 2.275997 1.933891 1.577149 1.284412 1.058627 0.8822740 0.7462942 0.6390476 0.5558973 0.4901622 0.4396607 0.4004650 0.3716280 0.3508528 0.3378277 0.3313203 0.3313576 0.3374890 0.3499295 0.3688636 0.3945893 0.4278279 0.4688328 0.5187352 0.5775222 0.6465600 0.7252637 0.8150993 0.9146793 1.025718 1.145988 1.277894 1.418052 1.569357 1.723862 1.877097 1.985621 1.945562 1.521135 0.9158490 0.6059194 0.4693285 0.3783253 0.3048372 0.2469333 0.1969830 0.1567793
0.3899713 0.4546908 0.5350164 0.6328872 0.7559799 0.9089702 1.104337 1.351525 1.667001 2.040840 2.355629 2.315708 1.972335 1.613249 1.317497 1.088391 0.9087179 0.7696183 0.6595740 0.5739944 0.5062115 0.4540266 0.4134894 0.3836230 0.3621073 0.3486063 0.3418742 0.3419258 0.3483057 0.3612281 0.3808801 0.4075652 0.4420089 0.4844687 0.5360727 0.5967966 0.6679819 0.7490030 0.8412614 0.9432846 1.056673 1.179067 1.312708 1.454047 1.605809 1.759915 1.911811 2.018093 1.974982 1.547102 0.9383539 0.6249446 0.4852005 0.3914586 0.3156390 0.2557608 0.2041441 0.1625172
0.4009789 0.4674146 0.5496910 0.6497411 0.7752193 0.9307361 1.128669 1.378297 1.695891 2.071308 2.386983 2.347039 2.002775 1.642143 1.344350 1.112934 0.9308746 0.7894700 0.6772974 0.5898284 0.5204165 0.4668713 0.4252318 0.3945119 0.3723747 0.3584736 0.3515498 0.3516132 0.3582026 0.3715313 0.3917858 0.4192708 0.4547121 0.4983636 0.5513446 0.6136139 0.6864854 0.7692901 0.8633732 0.9671864 1.082241 1.206071 1.340811 1.482798 1.634665 1.788262 1.939032 2.043611 1.998399 1.568053 0.9565929 0.6406668 0.4985756 0.4027125 0.3250227 0.2635216 0.2104951 0.1676461
0.4106345 0.4784737 0.5623125 0.6640754 0.7913834 0.9487965 1.148604 1.399980 1.719055 2.095548 2.411748 2.371825 2.027061 1.665399 1.366210 1.133167 0.9493905 0.8062807 0.6925010 0.6035718 0.5328801 0.4782461 0.4357152 0.4042953 0.3816454 0.3674106 0.3603273 0.3603989 0.3671628 0.3808283 0.4015814 0.4297242 0.4659792 0.5105929 0.5646736 0.6281607 0.7023399 0.7865047 0.8819492 0.9870663 1.103296 1.228098 1.363528 1.505859 1.657662 1.810768 1.960610 2.063873 2.016975 1.584806 0.9715577 0.6537238 0.5098196 0.4122952 0.3331112 0.2702766 0.2160726 0.1721778
0.4190261 0.4880018 0.5730885 0.6761907 0.8049054 0.9637435 1.164938 1.417578 1.737716 2.114988 2.431653 2.391743 2.046571 1.684200 1.384036 1.149842 0.9648187 0.8204503 0.7054584 0.6154100 0.5437189 0.4882244 0.4449788 0.4129929 0.3899240 0.3754157 0.3682000 0.3682789 0.3751848 0.3891262 0.4102857 0.4389622 0.4758725 0.5212545 0.5762036 0.6406402 0.7158251 0.8010181 0.8974736 1.003536 1.120594 1.246053 1.381918 1.524414 1.676090 1.828753 1.977862 2.080128 2.032082 1.598559 0.9837678 0.6645140 0.5192356 0.4204113 0.3400272 0.2761059 0.2209188 0.1761421
0.4262438 0.4961374 0.5822122 0.6863625 0.8161563 0.9760737 1.178297 1.431867 1.752772 2.130593 2.447513 2.407642 2.062270 1.699418 1.398573 1.163553 0.9776257 0.8323259 0.7164233 0.6255193 0.5530552 0.4968854 0.4530731 0.4206339 0.3972279 0.3824977 0.3751743 0.3752574 0.3822786 0.3964427 0.4179298 0.4470340 0.4844660 0.5304546 0.5860823 0.6512535 0.7272052 0.8131719 0.9103740 1.017121 1.134762 1.260666 1.396800 1.539368 1.690891 1.843185 1.991702 2.093187 2.044152 1.609596 0.9938267 0.6734594 0.5270921 0.4272386 0.3458957 0.2810862 0.2250887 0.1795683
0.4323810 0.5030071 0.5898638 0.6948287 0.8254529 0.9861861 1.189181 1.443437 1.764911 2.143150 2.460342 2.420492 2.074916 1.711722 1.410390 1.174780 0.9881918 0.8422042 0.7256178 0.6340648 0.5610051 0.5043109 0.4600532 0.4272562 0.4035810 0.3886730 0.3812628 0.3813489 0.3884615 0.4028034 0.4245508 0.4539936 0.4918360 0.5382987 0.5944524 0.6601860 0.7367197 0.8232640 0.9210166 1.028257 1.146310 1.272513 1.408817 1.551398 1.702777 1.854760 2.002820 2.103714 2.054035 1.618698 1.001993 0.6807904 0.5335963 0.4329352 0.3508233 0.2852965 0.2286302 0.1824937
0.4375204 0.5087289 0.5961970 0.7017943 0.8330528 0.9944056 1.197977 1.452746 1.774636 2.153169 2.470488 2.430676 2.085032 1.721605 1.419931 1.183893 0.9968254 0.8503291 0.7332335 0.6411895 0.5676768 0.5105779 0.4659753 0.4328974 0.4090113 0.3939622 0.3864830 0.3865711 0.3937556 0.4082369 0.4301886 0.4598962 0.4980580 0.5448865 0.6014429 0.6676044 0.7445747 0.8315490 0.9297042 1.037302 1.155642 1.282050 1.418453 1.561024 1.712270 1.864004 2.011697 2.112124 2.061843 1.625901 1.008659 0.6867892 0.5389305 0.4376304 0.3549094 0.2888033 0.2315958 0.1849503
0.4417400 0.5134019 0.6013451 0.7074260 0.8391680 1.000985 1.204990 1.460137 1.782338 2.161105 2.478595 2.438803 2.093046 1.729451 1.427530 1.191187 1.003769 0.8569012 0.7394278 0.6470180 0.5731628 0.5157573 0.4708902 0.4375970 0.4135469 0.3983888 0.3908553 0.3909447 0.3981844 0.4127736 0.4348828 0.4647938 0.5032000 0.5503072 0.6071683 0.6736500 0.7509458 0.8382360 0.9366847 1.044536 1.163080 1.289623 1.426087 1.568632 1.719768 1.871300 2.018717 2.118798 2.068163 1.631768 1.013940 0.6915814 0.5432296 0.4414355 0.3582333 0.2916702 0.2340268 0.1869728
0.4451029 0.5171129 0.6054150 0.7118616 0.8439631 1.006127 1.210449 1.465876 1.788302 2.167225 2.484769 2.445009 2.099242 1.735536 1.433446 1.196884 1.009217 0.8620795 0.7443314 0.6516520 0.5775443 0.5199100 0.4748453 0.4413891 0.4172159 0.4019746 0.3943999 0.3944897 0.4017711 0.4164416 0.4386695 0.4687334 0.5073223 0.5546371 0.6117238 0.6784417 0.7559748 0.8434943 0.9421520 1.050184 1.168867 1.295502 1.431999 1.574517 1.725560 1.876940 2.024140 2.123948 2.072947 1.636204 1.018106 0.6953554 0.5466103 0.4444351 0.3608652 0.2939454 0.2359638 0.1885859
0.4476639 0.5199289 0.6084949 0.7152056 0.8475687 1.009980 1.214531 1.470155 1.792745 2.171795 2.489450 2.449701 2.103865 1.740078 1.437868 1.201156 1.013313 0.8659872 0.7480445 0.6551741 0.5808852 0.5230867 0.4778790 0.4443057 0.4200421 0.4047404 0.3971353 0.3972254 0.4045367 0.4192661 0.4415803 0.4717548 0.5104757 0.5579394 0.6151879 0.6820735 0.7597747 0.8474548 0.9462590 1.054414 1.173193 1.299885 1.436402 1.578894 1.729868 1.881131 2.028178 2.127800 2.076630 1.639642 1.021184 0.6981684 0.5491534 0.4467015 0.3628569 0.2956736 0.2374364 0.1898168
0.4494631 0.5219041 0.6106485 0.7175401 0.8500781 1.012658 1.217360 1.473119 1.795814 2.174935 2.492597 2.452869 2.107053 1.743219 1.440935 1.204124 1.016167 0.8687152 0.7506441 0.6576459 0.5832365 0.5253271 0.4800236 0.4463702 0.4220455 0.4067028 0.3990772 0.3991670 0.4064991 0.4212686 0.4436405 0.4738897 0.5126994 0.5602636 0.6176196 0.6846176 0.7624304 0.8502167 0.9491159 1.057352 1.176191 1.302920 1.439446 1.581918 1.732841 1.884026 2.030963 2.130445 2.079068 1.641907 1.023361 0.7001459 0.5509290 0.4482836 0.3642517 0.2968842 0.2384719 0.1906813
0.4505315 0.5230737 0.6119232 0.7189183 0.8515592 1.014234 1.219025 1.474859 1.797620 2.176794 2.494524 2.454797 2.108932 1.745068 1.442738 1.205873 1.017851 0.8703282 0.7521828 0.6591122 0.5846326 0.5266603 0.4813009 0.4476019 0.4232417 0.4078750 0.4002372 0.4003274 0.4076711 0.4224634 0.4448691 0.4751613 0.5140222 0.5616437 0.6190622 0.6861241 0.7640005 0.8518467 0.9508004 1.059082 1.177954 1.304703 1.441233 1.583693 1.734587 1.885724 2.032601 2.132015 2.080604 1.643349 1.024606 0.7012923 0.5519741 0.4492195 0.3650760 0.2976023 0.2390847 0.1911952
0.4508852 0.5234616 0.6123446 0.7193747 0.8520477 1.014755 1.219574 1.475434 1.798213 2.177394 2.495092 2.455376 2.109545 1.745675 1.443334 1.206450 1.018407 0.8708613 0.7526925 0.6595977 0.5850958 0.5271025 0.4817252 0.4480110 0.4236394 0.4082647 0.4006235 0.4007130 0.4080606 0.4228606 0.4452774 0.4755835 0.5144610 0.5621017 0.6195402 0.6866231 0.7645198 0.8523858 0.9513571 1.059653 1.178536 1.305291 1.441822 1.584278 1.735160 1.886285 2.033138 2.132520 2.081025 1.643734 1.025048 0.7016871 0.5523222 0.4495284 0.3653502 0.2978395 0.2392888 0.1913650
0.4505316 0.5230736 0.6119232 0.7189182 0.8515591 1.014234 1.219025 1.474859 1.797619 2.176794 2.494524 2.454797 2.108932 1.745068 1.442738 1.205873 1.017850 0.8703284 0.7521827 0.6591120 0.5846326 0.5266603 0.4813008 0.4476017 0.4232416 0.4078749 0.4002374 0.4003274 0.4076711 0.4224634 0.4448691 0.4751613 0.5140221 0.5616437 0.6190622 0.6861241 0.7640003 0.8518467 0.9508005 1.059082 1.177954 1.304703 1.441233 1.583693 1.734587 1.885724 2.032601 2.132015 2.080604 1.643349 1.024605 0.7012923 0.5519744 0.4492196 0.3650761 0.2976022 0.2390845 0.1911952
0.4494632 0.5219040 0.6106483 0.7175399 0.8500781 1.012658 1.217360 1.473118 1.795814 2.174936 2.492597 2.452869 2.107052 1.743219 1.440935 1.204124 1.016167 0.8687155 0.7506443 0.6576459 0.5832361 0.5253271 0.4800234 0.4463699 0.4220458 0.4067027 0.3990773 0.3991674 0.4064993 0.4212688 0.4436408 0.4738895 0.5126993 0.5602634 0.6176196 0.6846176 0.7624301 0.8502163 0.9491157 1.057352 1.176190 1.302920 1.439446 1.581918 1.732841 1.884026 2.030962 2.130445 2.079068 1.641907 1.023361 0.7001453 0.5509291 0.4482836 0.3642519 0.2968839 0.2384716 0.1906811
