T4-twomodels-1/gx/model60.grd
DSAA
         100         100
  -15.00000       15.00000    
  -15.00000       15.00000    
  -4.107214       2.073555    
[rows 26 to 51 of 100, columns 0 to 57 of 100]
0.1130063 0.1287763 0.1473899 0.1693566 0.1951639 0.2251595 0.2592454 0.2963614 0.3335824 0.3652423 0.3834087 0.3821248 0.3621520 0.3303283 0.2943587 0.2593338 0.2277448 0.2004183 0.1773531 0.1581806 0.1424301 0.1296314 0.1193740 0.1113129 0.1051774 0.1007589 9.7909994E-02 9.6534126E-02 9.6584313E-02 9.8057479E-02 0.1009944 0.1054778 0.1116319 0.1196217 0.1296456 0.1419283 0.1566943 0.1741348 0.1943387 0.2172117 0.2423511 0.2689339 0.2955907 0.3203538 0.3406121 0.3531867 0.3544901 0.3412673 0.3122738 0.2712503 0.2267444 0.1864239 0.1533612 0.1267604 0.1050189 8.6852305E-02 7.1377546E-02 5.7953037E-02
0.1250048 0.1437770 0.1663734 0.1936563 0.2266567 0.2664104 0.3137442 0.3684580 0.4277189 0.4828460 0.5171062 0.5138457 0.4754045 0.4199940 0.3628615 0.3112592 0.2672970 0.2309059 0.2011962 0.1771510 0.1577976 0.1423368 0.1301052 0.1206001 0.1134254 0.1082999 0.1050179 0.1034561 0.1035492 0.1052974 0.1087559 0.1140384 0.1213193 0.1308313 0.1428714 0.1577840 0.1759579 0.1977672 0.2235285 0.2533616 0.2870804 0.3239746 0.3626949 0.4010348 0.4358525 0.4627029 0.4755148 0.4662163 0.4271839 0.3598880 0.2844357 0.2228914 0.1782560 0.1450352 0.1189314 9.7638533E-02 7.9783648E-02 6.4525805E-02
0.1375650 0.1595853 0.1866045 0.2198639 0.2612271 0.3127043 0.3768963 0.4558001 0.5492562 0.6473548 0.7165176 0.7086473 0.6311684 0.5340632 0.4449356 0.3709415 0.3114010 0.2641925 0.2267891 0.1972723 0.1739218 0.1555713 0.1412006 0.1301592 0.1218729 0.1160048 0.1122623 0.1105074 0.1106448 0.1126835 0.1166943 0.1228212 0.1313052 0.1424411 0.1566614 0.1744257 0.1963573 0.2230219 0.2550902 0.2929415 0.3368304 0.3862827 0.4403788 0.4970057 0.5533283 0.6043869 0.6425869 0.6529117 0.6103632 0.4951322 0.3555228 0.2597536 0.2027767 0.1635396 0.1332163 0.1088187 8.8466227E-02 7.1344689E-02
0.1505030 0.1757894 0.2076401 0.2471346 0.2977864 0.3621312 0.4460207 0.5542358 0.6939164 0.8595377 0.9970654 0.9793571 0.8281971 0.6681531 0.5366620 0.4359191 0.3583057 0.2992676 0.2533605 0.2181138 0.1904303 0.1691350 0.1524599 0.1398849 0.1303987 0.1238044 0.1195574 0.1176251 0.1177964 0.1201376 0.1247237 0.1317075 0.1414616 0.1542489 0.1707883 0.1914833 0.2174489 0.2491870 0.2881252 0.3345527 0.3897878 0.4531497 0.5251631 0.6033721 0.6872166 0.7713963 0.8513784 0.9058231 0.8868865 0.6977673 0.4310584 0.2893927 0.2247000 0.1817438 0.1474178 0.1203230 9.7150251E-02 7.8429796E-02
0.1635017 0.1920229 0.2288122 0.2745476 0.3346967 0.4120704 0.5162473 0.6547394 0.8433349 1.082617 1.298423 1.269259 1.034391 0.8063020 0.6301568 0.5018653 0.4056609 0.3346500 0.2800597 0.2390668 0.2069669 0.1827384 0.1637126 0.1496193 0.1389063 0.1315981 0.1268319 0.1247303 0.1249307 0.1275775 0.1327440 0.1405838 0.1516251 0.1660609 0.1849538 0.2085801 0.2386446 0.2754744 0.3214059 0.3764808 0.4433084 0.5207862 0.6112404 0.7116039 0.8242458 0.9433493 1.069044 1.174089 1.188281 0.9191501 0.5061070 0.3163787 0.2458140 0.1998549 0.1615418 0.1319066 0.1057895 8.5588045E-02
0.1761734 0.2079792 0.2493575 0.3012282 0.3701487 0.4598350 0.5821650 0.7472569 0.9753153 1.267701 1.530899 1.495230 1.208194 0.9294579 0.7167446 0.5639879 0.4510646 0.3687133 0.3060668 0.2594504 0.2232109 0.1960472 0.1748168 0.1591756 0.1473186 0.1392675 0.1340260 0.1317347 0.1319774 0.1349200 0.1406496 0.1493434 0.1616164 0.1776972 0.1988301 0.2253595 0.2593034 0.3011139 0.3536066 0.4169975 0.4945348 0.5852576 0.6922559 0.8125083 0.9493692 1.096751 1.254752 1.389169 1.408666 1.080607 0.5803919 0.3509856 0.2693743 0.2182158 0.1758043 0.1431908 0.1144829 9.2489474E-02
0.1883078 0.2232260 0.2687691 0.3262452 0.4028486 0.5031244 0.6401723 0.8254693 1.080072 1.402545 1.687599 1.649174 1.337254 1.028651 0.7907035 0.6190434 0.4924322 0.4002687 0.3305337 0.2787799 0.2387698 0.2088406 0.1855666 0.1684383 0.1555128 0.1467378 0.1410527 0.1385721 0.1388594 0.1420848 0.1483498 0.1578644 0.1712976 0.1889485 0.2121688 0.2414297 0.2789328 0.3253300 0.3837021 0.4545160 0.5413063 0.6432967 0.7637241 0.8994741 1.053605 1.218981 1.393254 1.536285 1.546552 1.184910 0.6436873 0.3883527 0.2943877 0.2366272 0.1898622 0.1541042 0.1229793 9.9131912E-02
0.1997155 0.2374409 0.2866538 0.3489693 0.4319796 0.5407375 0.6888770 0.8882133 1.159239 1.497811 1.792957 1.753352 1.429689 1.104632 0.8506953 0.6656728 0.5286277 0.4285472 0.3528743 0.2966768 0.2533425 0.2209248 0.1957957 0.1772977 0.1633855 0.1539344 0.1478368 0.1451776 0.1455073 0.1489966 0.1557614 0.1660398 0.1805454 0.1996397 0.2247586 0.2564827 0.2971459 0.3475588 0.4109707 0.4880122 0.5823333 0.6931835 0.8236604 0.9702798 1.135360 1.310480 1.491126 1.634054 1.634691 1.254720 0.6932278 0.4221520 0.3182091 0.2542102 0.2032543 0.1644761 0.1310796 0.1054650
0.2102503 0.2504227 0.3027681 0.3690940 0.4572318 0.5724647 0.7285871 0.9372753 1.218272 1.565678 1.866012 1.825830 1.496114 1.161886 0.8980770 0.7040286 0.5593976 0.4532315 0.3727878 0.3129016 0.2667325 0.2321513 0.2053819 0.1856591 0.1708552 0.1607900 0.1543150 0.1514923 0.1518606 0.1555914 0.1628121 0.1737840 0.1892567 0.2096418 0.2364404 0.2703129 0.3136899 0.3674830 0.4350419 0.5170665 0.6172201 0.7346537 0.8722209 1.025975 1.197534 1.377467 1.560024 1.700712 1.694528 1.304118 0.7311568 0.4504271 0.3393053 0.2702082 0.2155911 0.1741082 0.1386423 0.1114101
0.2198222 0.2620773 0.3170193 0.3865767 0.4786905 0.5987291 0.7604536 0.9753021 1.262405 1.614848 1.917904 1.877451 1.544538 1.205033 0.9351163 0.7350659 0.5850716 0.4743660 0.3902130 0.3273544 0.2788399 0.2424262 0.2142445 0.1934515 0.1778613 0.1672487 0.1604367 0.1574669 0.1578698 0.1618165 0.1694441 0.1810321 0.1973573 0.2188690 0.2471149 0.2828120 0.3284502 0.3850023 0.4558603 0.5417368 0.6462420 0.7683918 0.9107765 1.069062 1.244330 1.426536 1.609298 1.747719 1.736788 1.340043 0.7604383 0.4734980 0.3572963 0.2842695 0.2266522 0.1828529 0.1455768 0.1168967
0.2284014 0.2723898 0.3294430 0.4015459 0.4966876 0.6202317 0.7858598 1.004775 1.295708 1.651177 1.955912 1.915298 1.580462 1.237795 0.9640322 0.7600006 0.6062540 0.4922286 0.4052493 0.3400532 0.2896397 0.2517107 0.2223379 0.2006299 0.1843590 0.1732696 0.1661611 0.1630620 0.1634950 0.1676317 0.1756155 0.1877395 0.2048008 0.2272747 0.2567409 0.2939509 0.3414308 0.4001784 0.4735978 0.5623754 0.6700537 0.7955047 0.9411072 1.102230 1.279615 1.462855 1.645296 1.781923 1.767952 1.367201 0.7831330 0.4921087 0.3723481 0.2963688 0.2363636 0.1906508 0.1518268 0.1218874
0.2359988 0.2814101 0.3401506 0.4142342 0.5116525 0.6377424 0.8060878 1.027726 1.321113 1.678446 1.984109 1.943430 1.607527 1.262914 0.9866891 0.7799915 0.6236315 0.5071967 0.4180968 0.3510889 0.2991671 0.2600055 0.2296481 0.2071711 0.1903223 0.1788239 0.1714603 0.1682488 0.1687076 0.1730078 0.1812980 0.1938804 0.2115655 0.2348463 0.2653218 0.3037639 0.3527138 0.4131782 0.4885490 0.5794796 0.6894355 0.8171760 0.9649126 1.127819 1.306417 1.490112 1.672111 1.807390 1.791220 1.387814 0.8010107 0.5071625 0.3848353 0.3066398 0.2447692 0.1974992 0.1573840 0.1263623
0.2426596 0.2892220 0.3492996 0.4249085 0.5240335 0.6519675 0.8222225 1.045705 1.340715 1.699263 2.005611 1.964883 1.628236 1.282377 1.004536 0.7960386 0.6378483 0.5196744 0.4289928 0.3605985 0.3074922 0.2673444 0.2361834 0.2130712 0.1957389 0.1838958 0.1763152 0.1730080 0.1734884 0.1779274 0.1864767 0.1994447 0.2176504 0.2415969 0.2728946 0.3123240 0.3624317 0.4242191 0.5010614 0.5935716 0.7051543 0.8344751 0.9836337 1.147668 1.326976 1.510848 1.692447 1.826757 1.809198 1.403997 0.8151032 0.5193056 0.3951441 0.3152895 0.2519647 0.2034472 0.1622623 0.1303296
0.2484436 0.2959322 0.3570590 0.4338405 0.5342403 0.6635192 0.8351244 1.059882 1.355981 1.715319 2.022032 1.981298 1.644256 1.297593 1.018678 0.8089458 0.6494702 0.5300368 0.4381825 0.3687330 0.3147072 0.2737774 0.2419704 0.2183395 0.2006086 0.1884786 0.1807168 0.1773289 0.1778271 0.1823822 0.1911475 0.2044350 0.2230688 0.2475574 0.2795156 0.3197274 0.3707361 0.4335350 0.5114768 0.6051419 0.7178820 0.8482989 0.9984086 1.163169 1.342893 1.526821 1.708078 1.841668 1.823011 1.416546 0.8263906 0.5291706 0.4036405 0.3225288 0.2580769 0.2085598 0.1665026 0.1338048
0.2534234 0.3016491 0.3635984 0.4412766 0.5426329 0.6728947 0.8454687 1.071118 1.367972 1.727864 2.034912 1.994164 1.656788 1.309583 1.029935 0.8193504 0.6589621 0.5386176 0.4458928 0.3756455 0.3209094 0.2793666 0.2470446 0.2229960 0.2049400 0.1925744 0.1846627 0.1812080 0.1817205 0.1863712 0.1953142 0.2088631 0.2278446 0.2527691 0.2852529 0.3260777 0.3777829 0.4413481 0.5201094 0.6146158 0.7281830 0.8593607 1.010115 1.175345 1.355322 1.539243 1.720236 1.853313 1.833986 1.426633 0.8353746 0.5371459 0.4106222 0.3285600 0.2632284 0.2129181 0.1701484 0.1368187
0.2576690 0.3064809 0.3690697 0.4474356 0.5495087 0.6804963 0.8537687 1.080055 1.377433 1.737697 2.044897 2.004162 1.666638 1.319073 1.038925 0.8277406 0.6667028 0.5456943 0.4523260 0.3814755 0.3261956 0.2841748 0.2514468 0.2270642 0.2087470 0.1961903 0.1881561 0.1846464 0.1851708 0.1898991 0.1989863 0.2127467 0.2320071 0.2572787 0.2901759 0.3314780 0.3837164 0.4478613 0.5272300 0.6223509 0.7365078 0.8682197 1.019412 1.184954 1.365079 1.548975 1.729751 1.862435 1.842511 1.434506 0.8426347 0.5436374 0.4163472 0.3335553 0.2675411 0.2165983 0.1732547 0.1394017
0.2612506 0.3105232 0.3736102 0.4525002 0.5551140 0.6866370 0.8604208 1.087163 1.384920 1.745462 2.052851 2.012114 1.674420 1.326602 1.046101 0.8344954 0.6729902 0.5514989 0.4576525 0.3863500 0.3306539 0.2882646 0.2552184 0.2305726 0.2120469 0.1993370 0.1912043 0.1876504 0.1881835 0.1929746 0.2021774 0.2161064 0.2355884 0.2611330 0.2943531 0.3360228 0.3886681 0.4532479 0.5330676 0.6286352 0.7432162 0.8753023 1.026798 1.192544 1.372761 1.556619 1.737236 1.869641 1.849386 1.440911 0.8484049 0.5488592 0.4210118 0.3376649 0.2711168 0.2196761 0.1758676 0.1415904
0.2642285 0.3138630 0.3773332 0.4566241 0.5596425 0.6915645 0.8657210 1.092796 1.390822 1.751549 2.058997 2.018277 1.680538 1.332551 1.051807 0.8398999 0.6780598 0.5562153 0.4620169 0.3903747 0.3343644 0.2916918 0.2584001 0.2335485 0.2148591 0.2020281 0.1938172 0.1902276 0.1907679 0.1956080 0.2049023 0.2189643 0.2386199 0.2643771 0.2978460 0.3397971 0.3927495 0.4576551 0.5378065 0.6337005 0.7485844 0.8809358 1.032639 1.198524 1.378793 1.562617 1.743102 1.875286 1.854682 1.445852 0.8530526 0.5530738 0.4247854 0.3410090 0.2740493 0.2222137 0.1780376 0.1434145
0.2666588 0.3165715 0.3803360 0.4599283 0.5632507 0.6954660 0.8698976 1.097212 1.395436 1.756312 2.063879 2.023160 1.685323 1.337211 1.056293 0.8441737 0.6820915 0.5599918 0.4655337 0.3936405 0.3373937 0.2945074 0.2610278 0.2360183 0.2172018 0.2042767 0.1960046 0.1923873 0.1929328 0.1978114 0.2071768 0.2213418 0.2411312 0.2670513 0.3007097 0.3428729 0.3960557 0.4612018 0.5415970 0.6377262 0.7528280 0.8853654 1.037214 1.203189 1.383492 1.567281 1.747673 1.879704 1.858944 1.449859 0.8566691 0.5563898 0.4277885 0.3436899 0.2764106 0.2242706 0.1798025 0.1449069
0.2685855 0.3187100 0.3826940 0.4625118 0.5660567 0.6984882 0.8731171 1.100607 1.398969 1.759937 2.067518 2.026814 1.688977 1.340786 1.059749 0.8474788 0.6852260 0.5629415 0.4682966 0.3962192 0.3397990 0.2967533 0.2631336 0.2380049 0.2190930 0.2060961 0.1977776 0.1941390 0.1946885 0.1995963 0.2090154 0.2232583 0.2431484 0.2691908 0.3029902 0.3453109 0.3986623 0.4639844 0.5445549 0.6408537 0.7561080 0.8887766 1.040724 1.206761 1.387081 1.570844 1.751157 1.883063 1.862090 1.452811 0.8595031 0.5589800 0.4301274 0.3457836 0.2782655 0.2258907 0.1812001 0.1460905
0.2700470 0.3203249 0.3844692 0.4644480 0.5681539 0.7007366 0.8755069 1.103117 1.401581 1.762627 2.070290 2.029584 1.691683 1.343433 1.062311 0.8499382 0.6875655 0.5651534 0.4703760 0.3981687 0.3416241 0.2984648 0.2647437 0.2395290 0.2205470 0.2074983 0.1991452 0.1954910 0.1960434 0.2009724 0.2104307 0.2247303 0.2446937 0.2708243 0.3047257 0.3471587 0.4006306 0.4660763 0.5467708 0.6431862 0.7585474 0.8913041 1.043319 1.209395 1.389726 1.573466 1.753729 1.885558 1.864529 1.455119 0.8615632 0.5608869 0.4318715 0.3473537 0.2796591 0.2271142 0.1822565 0.1469895
0.2710703 0.3214541 0.3857058 0.4657942 0.5696058 0.7022917 0.8771540 1.104847 1.403373 1.764459 2.072106 2.031413 1.693533 1.345251 1.064079 0.8516367 0.6891868 0.5666897 0.4718256 0.3995313 0.3429042 0.2996680 0.2658790 0.2406058 0.2215767 0.2084923 0.2001164 0.1964511 0.1970056 0.2019489 0.2114339 0.2257719 0.2457848 0.2719749 0.3059445 0.3484530 0.4020049 0.4675333 0.5483084 0.6448016 0.7602313 0.8930460 1.045102 1.211205 1.391540 1.575265 1.755487 1.887252 1.866093 1.456589 0.8630248 0.5622251 0.4330827 0.3484433 0.2806306 0.2279670 0.1829968 0.1476186
0.2716771 0.3221210 0.3864359 0.4665864 0.5704606 0.7032036 0.8781203 1.105857 1.404424 1.765544 2.073247 2.032550 1.694623 1.346317 1.065113 0.8526342 0.6901395 0.5675952 0.4726807 0.4003375 0.3436626 0.3003828 0.2665543 0.2412477 0.2221909 0.2090858 0.2006963 0.1970249 0.1975804 0.2025322 0.2120326 0.2263927 0.2464342 0.2726587 0.3066678 0.3492194 0.4028174 0.4683923 0.5492141 0.6457505 0.7612195 0.8940661 1.046147 1.212262 1.392600 1.576314 1.756519 1.888259 1.867111 1.457559 0.8638436 0.5629916 0.4337923 0.3490861 0.2812025 0.2284717 0.1834332 0.1479924
0.2718775 0.3223422 0.3866767 0.4668485 0.5707418 0.7035052 0.8784378 1.106192 1.404767 1.765888 2.073555 2.032867 1.694975 1.346666 1.065454 0.8529624 0.6904545 0.5678937 0.4729638 0.4006039 0.3439141 0.3006197 0.2667785 0.2414604 0.2223950 0.2092832 0.2008892 0.1972157 0.1977717 0.2027263 0.2122317 0.2265991 0.2466499 0.2728857 0.3069075 0.3494734 0.4030860 0.4686765 0.5495130 0.6460637 0.7615448 0.8944023 1.046490 1.212611 1.392948 1.576661 1.756854 1.888577 1.867360 1.457788 0.8641448 0.5632603 0.4340284 0.3492973 0.2813925 0.2286376 0.1835787 0.1481151
0.2716771 0.3221211 0.3864359 0.4665862 0.5704606 0.7032036 0.8781201 1.105857 1.404423 1.765543 2.073247 2.032550 1.694623 1.346317 1.065113 0.8526344 0.6901397 0.5675954 0.4726807 0.4003374 0.3436626 0.3003828 0.2665541 0.2412475 0.2221908 0.2090859 0.2006962 0.1970249 0.1975805 0.2025322 0.2120327 0.2263928 0.2464341 0.2726587 0.3066677 0.3492193 0.4028171 0.4683922 0.5492141 0.6457503 0.7612194 0.8940658 1.046147 1.212262 1.392600 1.576314 1.756519 1.888259 1.867111 1.457559 0.8638434 0.5629916 0.4337923 0.3490861 0.2812025 0.2284716 0.1834332 0.1479921
0.2710705 0.3214540 0.3857056 0.4657941 0.5696056 0.7022916 0.8771537 1.104846 1.403373 1.764459 2.072105 2.031413 1.693533 1.345250 1.064078 0.8516367 0.6891870 0.5666898 0.4718255 0.3995311 0.3429041 0.2996680 0.2658789 0.2406057 0.2215768 0.2084923 0.2001165 0.1964512 0.1970059 0.2019491 0.2114342 0.2257720 0.2457846 0.2719748 0.3059444 0.3484529 0.4020047 0.4675332 0.5483084 0.6448016 0.7602311 0.8930461 1.045103 1.211205 1.391540 1.575265 1.755486 1.887252 1.866093 1.456589 0.8630246 0.5622248 0.4330828 0.3484436 0.2806306 0.2279668 0.1829964 0.1476184
