T4-twomodels-1/gx/model120.grd
DSAA
         100         100
  -15.00000       15.00000    
  -15.00000       15.00000    
  -5.451233       2.806455    
[rows 52 to 77 of 100, columns 0 to 58 of 100]
0.6171106 0.7048585 0.8096965 0.9332148 1.082558 1.261646 1.481988 1.751869 2.086515 2.474824 2.798499 2.761316 2.414657 2.046983 1.738373 1.493435 1.296277 1.139260 1.011888 0.9103808 0.8286633 0.7649534 0.7155644 0.6796722 0.6550133 0.6412380 0.6370170 0.6422172 0.6561570 0.6787390 0.7097343 0.7489172 0.7963678 0.8515900 0.9148893 0.9854015 1.063688 1.148487 1.240775 1.338909 1.444560 1.555629 1.674746 1.798787 1.930911 2.063456 2.192308 2.274518 2.206870 1.754398 1.121449 0.7848929 0.6232145 0.5088867 0.4138544 0.3360696 0.2677124 0.2103503 0.1577446
0.6134418 0.7008442 0.8053272 0.9284907 1.077485 1.256242 1.476279 1.745894 2.080319 2.468456 2.791985 2.754770 2.408170 2.040581 1.732104 1.487336 1.290380 1.133582 1.006437 0.9051505 0.8236412 0.7601172 0.7108876 0.6751208 0.6505531 0.6368315 0.6326270 0.6378063 0.6516910 0.6741850 0.7050649 0.7441085 0.7914022 0.8464566 0.9095838 0.9799281 1.058059 1.142721 1.234902 1.332963 1.438582 1.549668 1.668848 1.793006 1.925295 2.058055 2.187160 2.269657 2.202276 1.750144 1.117649 0.7814468 0.6201236 0.5061538 0.4114741 0.3340274 0.2659976 0.2089468 0.1566425
0.6086419 0.6955767 0.7995799 0.9222578 1.070775 1.249075 1.468693 1.737938 2.072060 2.459978 2.783410 2.746137 2.399536 2.032063 1.723775 1.479256 1.282588 1.126103 0.9992753 0.8983008 0.8170816 0.7538171 0.7048067 0.6692148 0.6447713 0.6311235 0.6269403 0.6320907 0.6458984 0.6682715 0.6989906 0.7378412 0.7849160 0.8397352 0.9026206 0.9727262 1.050634 1.135099 1.227119 1.325067 1.430631 1.541724 1.660982 1.785287 1.917796 2.050839 2.180295 2.263196 2.196312 1.744653 1.112549 0.7768540 0.6160352 0.5025522 0.4083410 0.3313473 0.2637482 0.2071110 0.1551989
0.6026481 0.6889779 0.7923530 0.9143946 1.062280 1.239973 1.459027 1.727778 2.061491 2.449098 2.772302 2.734977 2.388478 2.021183 1.713170 1.468999 1.272732 1.116677 0.9902874 0.8897353 0.8089087 0.7459918 0.6972751 0.6619144 0.6376362 0.6240847 0.6199295 0.6250407 0.6387453 0.6609563 0.6914614 0.7300529 0.7768338 0.8313352 0.8938913 0.9636700 1.041267 1.125454 1.217243 1.315022 1.420489 1.531572 1.650911 1.775395 1.908176 2.041587 2.171486 2.254901 2.188532 1.737485 1.106117 0.7710554 0.6108679 0.4980092 0.4044032 0.3279848 0.2609349 0.2048162 0.1533986
0.5953863 0.6809489 0.7835234 0.9047437 1.051810 1.228708 1.447023 1.715116 2.048290 2.435507 2.758518 2.721116 2.374675 2.007630 1.699998 1.456312 1.260596 1.105126 0.9793241 0.8793375 0.7990295 0.7365710 0.6882366 0.6531768 0.6291116 0.6156843 0.6115637 0.6166232 0.6301935 0.6521940 0.6824193 0.7206722 0.7670669 0.8211477 0.8832649 0.9526031 1.029778 1.113579 1.205040 1.302566 1.407877 1.518913 1.638327 1.763012 1.896126 2.029991 2.160462 2.244549 2.178980 1.728728 1.098080 0.7638605 0.6045016 0.4924382 0.3995888 0.3238905 0.2575167 0.2020363 0.1512183
0.5867705 0.6713771 0.7729413 0.8931177 1.039128 1.214995 1.432339 1.699569 2.032027 2.418709 2.741366 2.703899 2.357656 1.990978 1.683887 1.440869 1.245906 1.091225 0.9662083 0.8669666 0.7873392 0.7254726 0.6776318 0.6429556 0.6191618 0.6058906 0.6018133 0.6068056 0.6202044 0.6419351 0.6718017 0.7096187 0.7555133 0.8090466 0.8705866 0.9393401 1.015945 1.099218 1.190217 1.287374 1.392435 1.503360 1.622821 1.747724 1.881225 2.015650 2.146827 2.231748 2.167061 1.717816 1.088320 0.7551400 0.5968012 0.4857276 0.3938200 0.3190021 0.2534522 0.1987378 0.1486377
0.5767075 0.6601319 0.7604358 0.8792897 1.023951 1.198479 1.414552 1.680639 2.012148 2.398144 2.720450 2.682895 2.336848 1.970690 1.664354 1.422263 1.228325 1.074705 0.9507287 0.8524644 0.7737169 0.7126119 0.6653975 0.6312070 0.6077531 0.5946770 0.5906518 0.5955591 0.6087409 0.6301314 0.6595448 0.6968084 0.7420644 0.7948925 0.8556828 0.9236668 0.9995120 1.082065 1.172421 1.269043 1.373714 1.484423 1.603873 1.728984 1.862929 1.998020 2.130084 2.216074 2.152652 1.704708 1.076442 0.7446120 0.5875841 0.4777488 0.3869963 0.3132527 0.2486904 0.1948885 0.1456301
0.5650968 0.6470748 0.7458111 0.8630015 1.005934 1.178727 1.393127 1.657692 1.987924 2.372973 2.694705 2.657084 2.311447 1.946053 1.640790 1.399981 1.207443 1.055246 0.9326460 0.8356535 0.7580383 0.6979002 0.6514761 0.6178911 0.5948592 0.5820229 0.5780617 0.5828612 0.5957735 0.6167410 0.6455895 0.6821588 0.7266092 0.7785397 0.8383658 0.9053480 0.9801875 1.061771 1.151233 1.247088 1.351158 1.461485 1.580808 1.706085 1.840504 1.976387 2.109531 2.196853 2.134904 1.688619 1.062184 0.7320447 0.5766438 0.4683442 0.3790136 0.3065648 0.2431833 0.1904524 0.1421763
0.5518436 0.6320599 0.7288614 0.8439591 0.9846839 1.155215 1.367398 1.629910 1.958407 2.342184 2.663262 2.625562 2.280438 1.916148 1.612408 1.373395 1.182768 1.032482 0.9116923 0.8163488 0.7401768 0.6812576 0.6358169 0.6029803 0.5804650 0.5679216 0.5640357 0.5687040 0.5812855 0.6017340 0.6298862 0.6655968 0.7090425 0.7598444 0.8184440 0.8841345 0.9576563 1.037941 1.126176 1.220932 1.324098 1.433777 1.552773 1.678099 1.812987 1.949771 2.084245 2.173273 2.113378 1.669266 1.044946 0.7170185 0.5637137 0.4573389 0.3697483 0.2988642 0.2368784 0.1854010 0.1382532
0.5368597 0.6149499 0.7093720 0.8218507 0.9597495 1.127326 1.336541 1.596256 1.922334 2.304305 2.624350 2.586612 2.242401 1.879756 1.578220 1.341727 1.153729 1.006000 0.8875871 0.7943624 0.7200176 0.6626165 0.6183874 0.5864633 0.5645739 0.5523818 0.5485860 0.5530942 0.5652769 0.5850978 0.6124055 0.6470678 0.6892779 0.7386785 0.7957367 0.8597813 0.9315928 1.010156 1.096718 1.189923 1.291738 1.400360 1.518685 1.643822 1.779076 1.916841 2.052903 2.144078 2.086705 1.645453 1.024209 0.6991384 0.5484946 0.4445321 0.3590823 0.2900733 0.2297353 0.1797066 0.1338504
0.5200821 0.5956250 0.6871458 0.7963573 0.9306489 1.094347 1.299564 1.555393 1.878040 2.257425 2.576122 2.538361 2.195454 1.835281 1.536965 1.304054 1.119669 0.9753668 0.8600507 0.7695299 0.6974686 0.6419377 0.5991805 0.5683544 0.5472118 0.5354366 0.5317467 0.5360647 0.5477729 0.5668470 0.5931457 0.6265479 0.6672614 0.7149465 0.7700966 0.8320708 0.9016939 0.9780014 1.062311 1.153346 1.253177 1.360117 1.477203 1.601687 1.737029 1.875734 2.013660 2.107577 2.053727 1.616366 0.9989924 0.6777740 0.5306280 0.4297215 0.3468970 0.2801361 0.2217215 0.1733596 0.1289601
0.5014821 0.5740106 0.6620229 0.7671937 0.8968947 1.055504 1.255283 1.505639 1.823269 2.198751 2.515269 2.477581 2.136917 1.780584 1.487073 1.259289 1.079892 0.9401520 0.8288425 0.7417268 0.6724853 0.6192216 0.5782268 0.5487003 0.5284345 0.5171464 0.5135794 0.5176744 0.5288298 0.5470302 0.5721437 0.6040570 0.6429877 0.6886098 0.7414355 0.8008509 0.8677160 0.9411182 1.022438 1.110488 1.207450 1.311784 1.426711 1.549711 1.684495 1.823832 1.963765 2.061110 2.011839 1.579901 0.9682745 0.6522959 0.5097439 0.4127171 0.3331124 0.2690165 0.2128339 0.1663612 0.1235941
0.4810884 0.5500940 0.6339254 0.7341511 0.8580663 1.010018 1.202379 1.444897 1.754997 2.124387 2.437589 2.400089 2.063038 1.712839 1.426628 1.206249 1.033713 0.9000016 0.7938010 0.7109120 0.6450885 0.5945278 0.5556020 0.5275870 0.5083329 0.4976040 0.4941762 0.4980169 0.5085386 0.5257368 0.5494843 0.5796721 0.6165208 0.6597098 0.7097605 0.7660747 0.8295374 0.8992707 0.9767081 1.060736 1.153645 1.254050 1.365394 1.485464 1.618386 1.757418 1.899118 2.000625 1.957863 1.533861 0.9303177 0.6218315 0.4854965 0.3934103 0.3177067 0.2567358 0.2030961 0.1587430 0.1177736
0.4589978 0.5239637 0.6028947 0.6971797 0.8139084 0.9572566 1.139526 1.370725 1.669175 2.028483 2.335802 2.298799 1.968331 1.628354 1.353458 1.143787 0.9806108 0.8547281 0.7549211 0.6771621 0.6153966 0.5679849 0.5314412 0.5051464 0.4870364 0.4769353 0.4736648 0.4772196 0.4870309 0.5031024 0.5253088 0.5535389 0.5880080 0.6283914 0.6752059 0.7278534 0.7872213 0.8524437 0.9249737 1.003740 1.091099 1.185793 1.291469 1.406268 1.534866 1.671369 1.813431 1.919336 1.885380 1.473606 0.8831173 0.5856854 0.4577623 0.3718613 0.3007830 0.2433781 0.1925839 0.1505568 0.1115457
0.4353961 0.4958248 0.5691503 0.6564655 0.7644936 0.8969665 1.065752 1.280661 1.560750 1.902516 2.198946 2.163050 1.844966 1.522696 1.265486 1.071134 0.9204336 0.8044564 0.7124212 0.6407220 0.5836426 0.5398115 0.5059395 0.4815592 0.4647131 0.4553040 0.4522057 0.4554476 0.4644794 0.4793122 0.4998187 0.5258787 0.5576947 0.5949240 0.6380652 0.6864974 0.7410864 0.8009388 0.8674843 0.9396238 1.019707 1.106490 1.203718 1.309772 1.429881 1.559237 1.697490 1.805908 1.783777 1.392285 0.8237890 0.5436046 0.4269765 0.3484684 0.2825994 0.2291198 0.1814111 0.1418915 0.1049676
0.4105556 0.4660289 0.5331156 0.6125268 0.7103802 0.8296420 0.9810690 1.173270 1.424650 1.734711 2.008393 1.975187 1.682731 1.391760 1.161710 0.9884610 0.8537257 0.7497592 0.6668264 0.6020270 0.5501960 0.5103090 0.4793601 0.4570516 0.4415717 0.4329039 0.4299926 0.4328981 0.4410955 0.4545979 0.4732745 0.4969906 0.5259243 0.5597088 0.5988015 0.6425475 0.6917491 0.7454607 0.8050107 0.8692138 0.9402627 1.016788 1.102345 1.195257 1.300830 1.415066 1.539863 1.642295 1.631764 1.275952 0.7502932 0.4976293 0.3947395 0.3240426 0.2635890 0.2141946 0.1697458 0.1328460 9.8126784E-02
0.3848150 0.4350825 0.4954092 0.5662680 0.6527158 0.7568805 0.8873331 1.050247 1.259828 1.515034 1.740362 1.713601 1.474136 1.235380 1.043992 0.8975872 0.7820180 0.6917424 0.6190069 0.5616974 0.5155641 0.4798523 0.4520302 0.4318822 0.4178579 0.4099521 0.4072483 0.4097946 0.4171236 0.4292325 0.4459862 0.4672436 0.4931249 0.5232729 0.5580319 0.5967742 0.6401154 0.6871433 0.7388872 0.7941706 0.8546980 0.9190304 0.9899152 1.065467 1.149756 1.238792 1.334284 1.410129 1.396791 1.102100 0.6655212 0.4541872 0.3637760 0.2995246 0.2442611 0.1988109 0.1578169 0.1234925 9.1161631E-02
0.3585540 0.4036278 0.4567986 0.5189431 0.5931919 0.6814643 0.7887214 0.9185817 1.076828 1.256558 1.402612 1.387247 1.232350 1.063274 0.9187146 0.8023224 0.7078731 0.6319924 0.5701417 0.5204931 0.4803724 0.4488617 0.4243330 0.4063286 0.3938496 0.3866769 0.3842201 0.3863761 0.3928334 0.4035161 0.4182999 0.4370590 0.4597866 0.4862408 0.5164902 0.5501317 0.5873206 0.6274823 0.6709259 0.7169146 0.7660220 0.8173106 0.8716829 0.9276921 0.9862185 1.043509 1.096381 1.124484 1.080575 0.8681378 0.5798381 0.4182484 0.3351646 0.2751810 0.2250122 0.1830813 0.1459070 0.1138573 8.4268257E-02
0.3323369 0.3721931 0.4183245 0.4717725 0.5340462 0.6066052 0.6912771 0.7890700 0.8986912 1.009099 1.085799 1.080211 0.9998460 0.8953241 0.7952824 0.7080805 0.6342115 0.5725638 0.5214028 0.4793865 0.4451853 0.4178800 0.3965933 0.3807450 0.3697826 0.3633558 0.3611329 0.3629100 0.3684954 0.3777617 0.3905888 0.4068596 0.4264634 0.4492355 0.4750273 0.5035875 0.5347094 0.5680431 0.6033276 0.6401066 0.6780466 0.7164948 0.7548663 0.7918872 0.8259043 0.8532290 0.8673918 0.8542188 0.7892426 0.6529280 0.4936680 0.3796531 0.3057385 0.2507384 0.2056801 0.1674267 0.1339496 0.1042942 7.7329420E-02
0.3066549 0.3413623 0.3809268 0.4260163 0.4773360 0.5354377 0.6004874 0.6714624 0.7446063 0.8103340 0.8511903 0.8501463 0.8096117 0.7483031 0.6822897 0.6197945 0.5638909 0.5153578 0.4739873 0.4392725 0.4105989 0.3874023 0.3691626 0.3554543 0.3459109 0.3402463 0.3382213 0.3396517 0.3443807 0.3522780 0.3632177 0.3770697 0.3936864 0.4128867 0.4344536 0.4581157 0.4835564 0.5103884 0.5381714 0.5663661 0.5943422 0.6212766 0.6461129 0.6673233 0.6827091 0.6888413 0.6805637 0.6505067 0.5915099 0.5053012 0.4120910 0.3339438 0.2737976 0.2260585 0.1863131 0.1521332 0.1220228 9.5020629E-02 7.0359379E-02
0.2818531 0.3117471 0.3452963 0.3828239 0.4245232 0.4703218 0.5195677 0.5705293 0.6195466 0.6602486 0.6841489 0.6850075 0.6636421 0.6272803 0.5842654 0.5404531 0.4991092 0.4617591 0.4289784 0.4008437 0.3772073 0.3578195 0.3424106 0.3307172 0.3225044 0.3175650 0.3157243 0.3168301 0.3207485 0.3273532 0.3365154 0.3480927 0.3619175 0.3777872 0.3954524 0.4146122 0.4349027 0.4558953 0.4770789 0.4978540 0.5174940 0.5351161 0.5495999 0.5595151 0.5629852 0.5576258 0.5405761 0.5091566 0.4625201 0.4046441 0.3441880 0.2888429 0.2416474 0.2017356 0.1674170 0.1373105 0.1104319 8.6039111E-02 6.3570917E-02
0.2582522 0.2837804 0.3119834 0.3429288 0.3765230 0.4123626 0.4495487 0.4863833 0.5201045 0.5468479 0.5624564 0.5640808 0.5521128 0.5298848 0.5016521 0.4711483 0.4409603 0.4126624 0.3870949 0.3646517 0.3454536 0.3294800 0.3166314 0.3067805 0.2997875 0.2955193 0.2938483 0.2946561 0.2978260 0.3032405 0.3107698 0.3202656 0.3315505 0.3444092 0.3585809 0.3737500 0.3895431 0.4055184 0.4211638 0.4358794 0.4489711 0.4596188 0.4668658 0.4695830 0.4664932 0.4562222 0.4375615 0.4099176 0.3741238 0.3327133 0.2896222 0.2487075 0.2116678 0.1787478 0.1494704 0.1232055 9.9361293E-02 7.7453271E-02 5.7062056E-02
0.2360824 0.2577522 0.2813180 0.3067062 0.3336697 0.3617083 0.3899386 0.4169899 0.4409341 0.4594536 0.4703137 0.4722893 0.4655421 0.4516059 0.4328474 0.4115777 0.3896683 0.3684348 0.3487281 0.3310440 0.3156468 0.3026442 0.2920558 0.2838445 0.2779473 0.2742837 0.2727680 0.2733074 0.2758035 0.2801468 0.2862117 0.2938499 0.3028829 0.3130951 0.3242267 0.3359701 0.3479629 0.3597882 0.3709664 0.3809589 0.3891567 0.3948882 0.3974130 0.3959537 0.3897283 0.3780710 0.3605774 0.3373797 0.3093110 0.2781408 0.2459932 0.2145036 0.1849378 0.1577330 0.1328464 0.1100240 8.8962689E-02 6.9351144E-02 5.0911997E-02
0.2154894 0.2338095 0.2534396 0.2742270 0.2958806 0.3179060 0.3395609 0.3598070 0.3773552 0.3908015 0.3989426 0.4010197 0.3971533 0.3882612 0.3756488 0.3607621 0.3448886 0.3290524 0.3139866 0.3001876 0.2879620 0.2774866 0.2688452 0.2620639 0.2571281 0.2539999 0.2526227 0.2529270 0.2548290 0.2582298 0.2630107 0.2690288 0.2761122 0.2840540 0.2926092 0.3014896 0.3103649 0.3188587 0.3265539 0.3329901 0.3376756 0.3400896 0.3397074 0.3360215 0.3286033 0.3171614 0.3016626 0.2824067 0.2601336 0.2357943 0.2105319 0.1855817 0.1615908 0.1389358 0.1177273 9.7907864E-02 7.9326600E-02 6.1809856E-02 4.5167446E-02
0.1965316 0.2119907 0.2283257 0.2453614 0.2628067 0.2802348 0.2970511 0.3125067 0.3257298 0.3358437 0.3421100 0.3442075 0.3421855 0.3364945 0.3279586 0.3174978 0.3060038 0.2942333 0.2827848 0.2720942 0.2624661 0.2540955 0.2471006 0.2415404 0.2374341 0.2347702 0.2335157 0.2336181 0.2350077 0.2375959 0.2412739 0.2459086 0.2513398 0.2573770 0.2637963 0.2703406 0.2767175 0.2826050 0.2876512 0.2914850 0.2937211 0.2939787 0.2918943 0.2871591 0.2795436 0.2689583 0.2554809 0.2394116 0.2212273 0.2016718 0.1815000 0.1612147 0.1413867 0.1223238 0.1041588 8.6904235E-02 7.0506930E-02 5.4865424E-02 3.9865717E-02
0.1792052 0.1922444 0.2058519 0.2198499 0.2339816 0.2478909 0.2611262 0.2731447 0.2833648 0.2912296 0.2963183 0.2983527 0.2973885 0.2937708 0.2879803 0.2806195 0.2722971 0.2635723 0.2549085 0.2466733 0.2391373 0.2324930 0.2268657 0.2223323 0.2189288 0.2166624 0.2155150 0.2154484 0.2164043 0.2183056 0.2210542 0.2245298 0.2285876 0.2330570 0.2377408 0.2424147 0.2468305 0.2507177 0.2537922 0.2557597 0.2563307 0.2552285 0.2522129 0.2470934 0.2397631 0.2302106 0.2185577 0.2050499 0.1900801 0.1740283 0.1573328 0.1405475 0.1239426 0.1077430 9.2080958E-02 7.7007458E-02 6.2507734E-02 4.8536293E-02 3.5017882E-02
