T4-twomodels-1/gx/model60.grd
DSAA
         100         100
  -15.00000       15.00000    
  -15.00000       15.00000    
  -4.107214       2.073555    
[rows 52 to 77 of 100, columns 0 to 57 of 100]
0.2700469 0.3203249 0.3844692 0.4644477 0.5681534 0.7007364 0.8755066 1.103117 1.401580 1.762627 2.070289 2.029584 1.691682 1.343432 1.062311 0.8499382 0.6875656 0.5651536 0.4703760 0.3981685 0.3416238 0.2984645 0.2647435 0.2395289 0.2205471 0.2074981 0.1991455 0.1954913 0.1960440 0.2009729 0.2104312 0.2247305 0.2446937 0.2708241 0.3047256 0.3471586 0.4006305 0.4660763 0.5467706 0.6431862 0.7585474 0.8913043 1.043319 1.209395 1.389726 1.573465 1.753728 1.885558 1.864528 1.455119 0.8615630 0.5608866 0.4318722 0.3473543 0.2796593 0.2271143 0.1822565 0.1469896
0.2685854 0.3187099 0.3826939 0.4625116 0.5660566 0.6984879 0.8731166 1.100606 1.398968 1.759937 2.067518 2.026814 1.688976 1.340785 1.059749 0.8474790 0.6852261 0.5629417 0.4682966 0.3962189 0.3397986 0.2967530 0.2631334 0.2380047 0.2190926 0.2060961 0.1977777 0.1941390 0.1946889 0.1995968 0.2090157 0.2232583 0.2431482 0.2691905 0.3029900 0.3453107 0.3986624 0.4639843 0.5445549 0.6408535 0.7561082 0.8887770 1.040724 1.206761 1.387081 1.570844 1.751156 1.883063 1.862090 1.452811 0.8595029 0.5589800 0.4301280 0.3457842 0.2782659 0.2258906 0.1812001 0.1460905
0.2666587 0.3165713 0.3803357 0.4599278 0.5632505 0.6954657 0.8698972 1.097211 1.395436 1.756311 2.063879 2.023159 1.685322 1.337211 1.056293 0.8441741 0.6820918 0.5599919 0.4655337 0.3936403 0.3373934 0.2945071 0.2610275 0.2360179 0.2172018 0.2042767 0.1960047 0.1923876 0.1929335 0.1978122 0.2071774 0.2213420 0.2411311 0.2670510 0.3007095 0.3428727 0.3960555 0.4612017 0.5415969 0.6377262 0.7528278 0.8853654 1.037214 1.203189 1.383492 1.567281 1.747671 1.879704 1.858944 1.449859 0.8566689 0.5563893 0.4277889 0.3436904 0.2764110 0.2242705 0.1798022 0.1449067
0.2642285 0.3138629 0.3773329 0.4566237 0.5596421 0.6915642 0.8657205 1.092795 1.390821 1.751549 2.058997 2.018277 1.680537 1.332550 1.051807 0.8399000 0.6780601 0.5562153 0.4620168 0.3903745 0.3343640 0.2916913 0.2583997 0.2335481 0.2148591 0.2020279 0.1938173 0.1902278 0.1907685 0.1956087 0.2049029 0.2189646 0.2386199 0.2643769 0.2978457 0.3397969 0.3927495 0.4576551 0.5378064 0.6337003 0.7485843 0.8809360 1.032640 1.198524 1.378793 1.562617 1.743101 1.875286 1.854682 1.445852 0.8530524 0.5530738 0.4247859 0.3410099 0.2740497 0.2222138 0.1780374 0.1434144
0.2612506 0.3105234 0.3736101 0.4525001 0.5551139 0.6866368 0.8604206 1.087162 1.384920 1.745462 2.052851 2.012114 1.674420 1.326601 1.046101 0.8344955 0.6729904 0.5514991 0.4576525 0.3863497 0.3306536 0.2882641 0.2552180 0.2305727 0.2120465 0.1993371 0.1912045 0.1876509 0.1881842 0.1929751 0.2021778 0.2161066 0.2355883 0.2611327 0.2943528 0.3360226 0.3886679 0.4532478 0.5330673 0.6286351 0.7432162 0.8753021 1.026798 1.192544 1.372761 1.556618 1.737235 1.869641 1.849387 1.440911 0.8484043 0.5488591 0.4210126 0.3376658 0.2711173 0.2196762 0.1758676 0.1415903
0.2576693 0.3064812 0.3690698 0.4474356 0.5495088 0.6804962 0.8537685 1.080054 1.377433 1.737697 2.044897 2.004162 1.666638 1.319073 1.038925 0.8277409 0.6667032 0.5456945 0.4523259 0.3814754 0.3261952 0.2841745 0.2514465 0.2270640 0.2087467 0.1961901 0.1881564 0.1846471 0.1851714 0.1898997 0.1989868 0.2127471 0.2320071 0.2572785 0.2901758 0.3314779 0.3837162 0.4478613 0.5272300 0.6223508 0.7365078 0.8682197 1.019413 1.184954 1.365078 1.548974 1.729751 1.862436 1.842511 1.434506 0.8426344 0.5436370 0.4163477 0.3335559 0.2675416 0.2165984 0.1732545 0.1394016
0.2534235 0.3016492 0.3635984 0.4412764 0.5426328 0.6728945 0.8454684 1.071118 1.367971 1.727864 2.034912 1.994164 1.656787 1.309582 1.029935 0.8193506 0.6589621 0.5386176 0.4458927 0.3756451 0.3209088 0.2793664 0.2470443 0.2229958 0.2049398 0.1925747 0.1846628 0.1812084 0.1817212 0.1863717 0.1953148 0.2088634 0.2278446 0.2527689 0.2852527 0.3260775 0.3777827 0.4413480 0.5201094 0.6146156 0.7281828 0.8593607 1.010116 1.175345 1.355321 1.539243 1.720236 1.853313 1.833986 1.426633 0.8353744 0.5371460 0.4106230 0.3285611 0.2632289 0.2129185 0.1701485 0.1368186
0.2484439 0.2959322 0.3570590 0.4338405 0.5342401 0.6635189 0.8351241 1.059882 1.355980 1.715319 2.022032 1.981298 1.644255 1.297592 1.018677 0.8089458 0.6494704 0.5300370 0.4381826 0.3687328 0.3147069 0.2737772 0.2419704 0.2183397 0.2006087 0.1884787 0.1807170 0.1773294 0.1778277 0.1823828 0.1911480 0.2044354 0.2230689 0.2475572 0.2795155 0.3197272 0.3707361 0.4335350 0.5114767 0.6051418 0.7178820 0.8482990 0.9984088 1.163169 1.342893 1.526820 1.708077 1.841668 1.823011 1.416546 0.8263903 0.5291703 0.4036413 0.3225298 0.2580774 0.2085598 0.1665025 0.1338045
0.2426597 0.2892221 0.3492995 0.4249085 0.5240332 0.6519672 0.8222222 1.045704 1.340714 1.699262 2.005611 1.964883 1.628235 1.282376 1.004535 0.7960386 0.6378484 0.5196743 0.4289927 0.3605983 0.3074919 0.2673442 0.2361833 0.2130712 0.1957387 0.1838957 0.1763155 0.1730084 0.1734888 0.1779279 0.1864772 0.1994448 0.2176503 0.2415968 0.2728944 0.3123239 0.3624317 0.4242190 0.5010613 0.5935713 0.7051542 0.8344751 0.9836339 1.147669 1.326975 1.510847 1.692447 1.826757 1.809198 1.403996 0.8151028 0.5193056 0.3951450 0.3152906 0.2519652 0.2034475 0.1622625 0.1303297
0.2359991 0.2814103 0.3401507 0.4142342 0.5116524 0.6377420 0.8060876 1.027725 1.321113 1.678445 1.984109 1.943430 1.607526 1.262913 0.9866888 0.7799914 0.6236314 0.5071967 0.4180968 0.3510887 0.2991669 0.2600053 0.2296480 0.2071709 0.1903223 0.1788237 0.1714605 0.1682491 0.1687080 0.1730081 0.1812983 0.1938806 0.2115656 0.2348462 0.2653216 0.3037638 0.3527138 0.4131781 0.4885491 0.5794796 0.6894355 0.8171760 0.9649125 1.127819 1.306417 1.490111 1.672110 1.807390 1.791221 1.387814 0.8010103 0.5071625 0.3848362 0.3066407 0.2447699 0.1974996 0.1573843 0.1263625
0.2284018 0.2723902 0.3294432 0.4015459 0.4966875 0.6202317 0.7858594 1.004775 1.295707 1.651177 1.955911 1.915297 1.580461 1.237794 0.9640317 0.7600003 0.6062540 0.4922286 0.4052491 0.3400531 0.2896395 0.2517104 0.2223377 0.2006297 0.1843588 0.1732696 0.1661613 0.1630623 0.1634955 0.1676320 0.1756158 0.1877397 0.2048009 0.2272745 0.2567408 0.2939510 0.3414308 0.4001782 0.4735976 0.5623753 0.6700535 0.7955047 0.9411072 1.102230 1.279615 1.462853 1.645295 1.781923 1.767951 1.367201 0.7831326 0.4921087 0.3723489 0.2963697 0.2363641 0.1906512 0.1518271 0.1218874
0.2198225 0.2620776 0.3170195 0.3865768 0.4786904 0.5987288 0.7604534 0.9753016 1.262404 1.614848 1.917904 1.877450 1.544538 1.205031 0.9351158 0.7350660 0.5850714 0.4743660 0.3902129 0.3273543 0.2788398 0.2424261 0.2142446 0.1934513 0.1778613 0.1672489 0.1604367 0.1574673 0.1578702 0.1618171 0.1694445 0.1810324 0.1973574 0.2188689 0.2471148 0.2828119 0.3284503 0.3850023 0.4558603 0.5417365 0.6462421 0.7683920 0.9107765 1.069062 1.244330 1.426535 1.609297 1.747719 1.736788 1.340043 0.7604383 0.4734979 0.3572971 0.2842704 0.2266528 0.1828533 0.1455773 0.1168968
0.2102509 0.2504230 0.3027682 0.3690942 0.4572318 0.5724645 0.7285868 0.9372751 1.218272 1.565678 1.866012 1.825830 1.496113 1.161885 0.8980765 0.7040285 0.5593976 0.4532315 0.3727878 0.3129015 0.2667324 0.2321512 0.2053818 0.1856591 0.1708553 0.1607901 0.1543151 0.1514928 0.1518612 0.1555919 0.1628123 0.1737842 0.1892567 0.2096417 0.2364402 0.2703128 0.3136898 0.3674829 0.4350418 0.5170662 0.6172198 0.7346538 0.8722207 1.025975 1.197534 1.377466 1.560023 1.700712 1.694528 1.304118 0.7311563 0.4504270 0.3393061 0.2702093 0.2155919 0.1741086 0.1386427 0.1114104
0.1997160 0.2374413 0.2866540 0.3489695 0.4319797 0.5407375 0.6888770 0.8882129 1.159239 1.497812 1.792958 1.753352 1.429689 1.104631 0.8506949 0.6656728 0.5286278 0.4285474 0.3528743 0.2966766 0.2533424 0.2209247 0.1957956 0.1772975 0.1633853 0.1539343 0.1478368 0.1451779 0.1455078 0.1489970 0.1557618 0.1660401 0.1805453 0.1996396 0.2247586 0.2564826 0.2971459 0.3475590 0.4109708 0.4880123 0.5823331 0.6931835 0.8236607 0.9702800 1.135360 1.310480 1.491125 1.634054 1.634691 1.254721 0.6932278 0.4221520 0.3182099 0.2542111 0.2032549 0.1644766 0.1310800 0.1054652
0.1883083 0.2232263 0.2687693 0.3262453 0.4028485 0.5031244 0.6401722 0.8254689 1.080071 1.402545 1.687600 1.649174 1.337254 1.028650 0.7907031 0.6190435 0.4924323 0.4002688 0.3305337 0.2787798 0.2387698 0.2088405 0.1855666 0.1684385 0.1555126 0.1467376 0.1410527 0.1385724 0.1388599 0.1420851 0.1483502 0.1578647 0.1712978 0.1889484 0.2121686 0.2414297 0.2789328 0.3253300 0.3837021 0.4545158 0.5413062 0.6432967 0.7637242 0.8994741 1.053605 1.218981 1.393254 1.536285 1.546553 1.184910 0.6436870 0.3883527 0.2943883 0.2366279 0.1898625 0.1541045 0.1229797 9.9132083E-02
0.1761740 0.2079796 0.2493576 0.3012283 0.3701487 0.4598349 0.5821649 0.7472568 0.9753152 1.267702 1.530901 1.495231 1.208194 0.9294573 0.7167443 0.5639879 0.4510645 0.3687133 0.3060669 0.2594504 0.2232110 0.1960473 0.1748168 0.1591756 0.1473185 0.1392674 0.1340261 0.1317351 0.1319780 0.1349206 0.1406501 0.1493436 0.1616164 0.1776972 0.1988299 0.2253596 0.2593035 0.3011141 0.3536066 0.4169976 0.4945346 0.5852575 0.6922560 0.8125086 0.9493692 1.096751 1.254752 1.389170 1.408666 1.080607 0.5803919 0.3509853 0.2693747 0.2182165 0.1758048 0.1431911 0.1144833 9.2489637E-02
0.1635021 0.1920233 0.2288125 0.2745477 0.3346967 0.4120704 0.5162473 0.6547394 0.8433350 1.082618 1.298424 1.269260 1.034392 0.8063017 0.6301565 0.5018654 0.4056609 0.3346502 0.2800598 0.2390668 0.2069670 0.1827385 0.1637126 0.1496193 0.1389061 0.1315981 0.1268321 0.1247307 0.1249312 0.1275780 0.1327444 0.1405841 0.1516251 0.1660607 0.1849537 0.2085802 0.2386446 0.2754745 0.3214059 0.3764806 0.4433081 0.5207861 0.6112404 0.7116040 0.8242458 0.9433493 1.069044 1.174091 1.188283 0.9191507 0.5061069 0.3163784 0.2458142 0.1998555 0.1615421 0.1319070 0.1057898 8.5588209E-02
0.1505035 0.1757898 0.2076404 0.2471348 0.2977864 0.3621313 0.4460208 0.5542359 0.6939169 0.8595392 0.9970677 0.9793588 0.8281977 0.6681529 0.5366618 0.4359191 0.3583058 0.2992678 0.2533606 0.2181138 0.1904304 0.1691351 0.1524598 0.1398848 0.1303986 0.1238043 0.1195575 0.1176254 0.1177969 0.1201381 0.1247241 0.1317077 0.1414617 0.1542489 0.1707881 0.1914834 0.2174491 0.2491871 0.2881252 0.3345526 0.3897876 0.4531498 0.5251632 0.6033722 0.6872169 0.7713965 0.8513788 0.9058247 0.8868886 0.6977684 0.4310583 0.2893923 0.2247004 0.1817444 0.1474182 0.1203234 9.7150616E-02 7.8430004E-02
0.1375654 0.1595858 0.1866048 0.2198640 0.2612270 0.3127043 0.3768964 0.4558001 0.5492566 0.6473562 0.7165192 0.7086487 0.6311689 0.5340631 0.4449356 0.3709415 0.3114011 0.2641928 0.2267892 0.1972724 0.1739219 0.1555715 0.1412006 0.1301591 0.1218728 0.1160048 0.1122623 0.1105077 0.1106453 0.1126840 0.1166947 0.1228215 0.1313054 0.1424411 0.1566614 0.1744259 0.1963575 0.2230221 0.2550904 0.2929415 0.3368303 0.3862829 0.4403791 0.4970058 0.5533286 0.6043872 0.6425870 0.6529130 0.6103646 0.4951331 0.3555227 0.2597533 0.2027771 0.1635402 0.1332167 0.1088192 8.8466600E-02 7.1344912E-02
0.1250052 0.1437773 0.1663736 0.1936564 0.2266565 0.2664102 0.3137441 0.3684580 0.4277191 0.4828468 0.5171074 0.5138468 0.4754048 0.4199938 0.3628613 0.3112591 0.2672971 0.2309060 0.2011964 0.1771511 0.1577978 0.1423370 0.1301052 0.1206000 0.1134252 0.1082999 0.1050181 0.1034564 0.1035497 0.1052980 0.1087564 0.1140387 0.1213195 0.1308313 0.1428714 0.1577842 0.1759581 0.1977675 0.2235287 0.2533617 0.2870804 0.3239749 0.3626951 0.4010352 0.4358528 0.4627031 0.4755152 0.4662172 0.4271851 0.3598886 0.2844357 0.2228911 0.1782563 0.1450358 0.1189319 9.7638965E-02 7.9783984E-02 6.4526044E-02
0.1130067 0.1287767 0.1473901 0.1693568 0.1951638 0.2251592 0.2592452 0.2963613 0.3335825 0.3652430 0.3834096 0.3821256 0.3621521 0.3303277 0.2943583 0.2593335 0.2277447 0.2004184 0.1773532 0.1581807 0.1424302 0.1296315 0.1193739 0.1113127 0.1051772 0.1007587 9.7910002E-02 9.6534342E-02 9.6584700E-02 9.8057918E-02 0.1009948 0.1054780 0.1116320 0.1196217 0.1296456 0.1419284 0.1566945 0.1741350 0.1943389 0.2172117 0.2423510 0.2689340 0.2955908 0.3203539 0.3406121 0.3531865 0.3544900 0.3412678 0.3122745 0.2712507 0.2267443 0.1864235 0.1533614 0.1267609 0.1050193 8.6852781E-02 7.1377896E-02 5.7953306E-02
0.1017514 0.1148470 0.1299988 0.1474497 0.1673669 0.1897059 0.2140251 0.2391640 0.2629348 0.2820115 0.2926520 0.2922165 0.2810506 0.2621931 0.2394135 0.2158529 0.1934862 0.1733219 0.1557196 0.1406913 0.1280712 0.1176357 0.1091498 0.1024042 9.7219095E-02 9.3454599E-02 9.1005601E-02 8.9804158E-02 8.9814387E-02 9.1033459E-02 9.3488470E-02 9.7235888E-02 0.1023594 0.1089655 0.1171776 0.1271211 0.1389051 0.1525828 0.1681077 0.1852577 0.2035674 0.2222404 0.2401132 0.2556385 0.2669780 0.2721469 0.2693694 0.2575887 0.2373025 0.2108306 0.1819960 0.1546153 0.1303991 0.1096354 9.1911450E-02 7.6671533E-02 6.3404903E-02 5.1709130E-02
9.1358580E-02 0.1021466 0.1143744 0.1281295 0.1433923 0.1599642 0.1773330 0.1945525 0.2101355 0.2221697 0.2287267 0.2287328 0.2223134 0.2107828 0.1961424 0.1802515 0.1645050 0.1497670 0.1364941 0.1248594 0.1148772 0.1064724 9.9537767E-02 9.3956470E-02 8.9623205E-02 8.6447611E-02 8.4361874E-02 8.3318636E-02 8.3293356E-02 8.4282152E-02 8.6301878E-02 8.9387722E-02 9.3590602E-02 9.8972887E-02 0.1055994 0.1135268 0.1227816 0.1333360 0.1450655 0.1577088 0.1708148 0.1837131 0.1954952 0.2050638 0.2112131 0.2128144 0.2090256 0.1996103 0.1851242 0.1671487 0.1476979 0.1283574 0.1103872 9.4248332E-02 7.9941958E-02 6.7269988E-02 5.5992026E-02 4.5863446E-02
8.1893243E-02 9.0730332E-02 0.1005537 0.1113546 0.1230377 0.1353578 0.1478706 0.1598683 0.1703971 0.1783544 0.1827608 0.1829656 0.1790607 0.1718008 0.1622190 0.1514199 0.1403240 0.1295991 0.1196595 0.1107328 0.1029117 9.6211404E-02 9.0600088E-02 8.6028561E-02 8.2440570E-02 7.9786018E-02 7.8022644E-02 7.7121280E-02 7.7064775E-02 7.7849597E-02 7.9484195E-02 8.1987582E-02 8.5386589E-02 8.9710288E-02 9.4984010E-02 0.1012163 0.1083861 0.1164186 0.1251637 0.1343631 0.1436316 0.1524377 0.1601234 0.1659384 0.1691368 0.1690793 0.1653972 0.1581013 0.1477039 0.1349947 0.1210141 0.1069429 9.3411036E-02 8.0804415E-02 6.9261044E-02 5.8763728E-02 4.9209554E-02 4.0477462E-02
7.3362730E-02 8.0583692E-02 8.8460766E-02 9.6945524E-02 0.1059123 0.1151379 0.1242642 0.1327972 0.1401184 0.1455737 0.1485873 0.1489144 0.1465819 0.1419194 0.1355489 0.1281340 0.1202855 0.1124819 0.1050666 9.8254822E-02 9.2170842E-02 8.6869635E-02 8.2366839E-02 7.8652106E-02 7.5705446E-02 7.3502123E-02 7.2020702E-02 7.1243688E-02 7.1160838E-02 7.1768194E-02 7.3068522E-02 7.5069197E-02 7.7779531E-02 8.1206843E-02 8.5349157E-02 9.0187930E-02 9.5674224E-02 0.1017173 0.1081647 0.1147910 0.1212824 0.1272430 0.1322046 0.1356759 0.1371908 0.1363989 0.1331229 0.1274372 0.1196349 0.1103233 0.1001647 8.9607365E-02 7.9197966E-02 6.9242835E-02 5.9890248E-02 5.1180448E-02 4.3095622E-02 3.5575192E-02
6.5738998E-02 7.1635239E-02 7.7959612E-02 8.4643796E-02 9.1568999E-02 9.8543823E-02 0.1053026 0.1114984 0.1167397 0.1206335 0.1228767 0.1232457 0.1217777 0.1187284 0.1144287 0.1092889 0.1037039 9.8016813E-02 9.2488967E-02 8.7309070E-02 8.2597777E-02 7.8428455E-02 7.4837148E-02 7.1838945E-02 6.9433764E-02 6.7615949E-02 6.6376388E-02 6.5707386E-02 6.5602534E-02 6.6058457E-02 6.7073688E-02 6.8647750E-02 7.0778795E-02 7.3459506E-02 7.6672971E-02 8.0384739E-02 8.4536344E-02 8.9033909E-02 9.3741335E-02 9.8469183E-02 0.1029763 0.1069698 0.1101289 0.1121264 0.1126788 0.1115799 0.1087577 0.1042821 9.8399073E-02 9.1374658E-02 8.3566077E-02 7.5475052E-02 6.7344397E-02 5.9390828E-02 5.1753171E-02 4.4500113E-02 3.7642453E-02 3.1165775E-02
