T4-twomodels-1/gx/model120.grd
DSAA
         100         100
  -15.00000       15.00000    
  -15.00000       15.00000    
  -5.451233       2.806455    
[rows 0 to 25 of 100, columns 0 to 58 of 100]
3.4590930E-02 3.5364807E-02 3.6111344E-02 3.6826871E-02 3.7507247E-02 3.8149316E-02 3.8749084E-02 3.9303947E-02 3.9810527E-02 4.0266268E-02 4.0666092E-02 4.1019402E-02 4.1322984E-02 4.1568417E-02 4.1759916E-02 4.1897822E-02 4.1983660E-02 4.2018231E-02 4.2003483E-02 4.1940544E-02 4.1831098E-02 4.1676383E-02 4.1477848E-02 4.1236237E-02 4.0952392E-02 4.0626541E-02 4.0258788E-02 3.9848704E-02 3.9395519E-02 3.8898051E-02 3.8355026E-02 3.7764695E-02 3.7125088E-02 3.6434337E-02 3.5690259E-02 3.4890857E-02 3.4034017E-02 3.3117957E-02 3.2140821E-02 3.1101612E-02 2.9999116E-02 2.8833019E-02 2.7602727E-02 2.6308915E-02 2.4951592E-02 2.3532724E-02 2.2052743E-02 2.0514008E-02 1.8913129E-02 1.7265473E-02 1.5579326E-02 1.3831816E-02 1.2039299E-02 1.0206038E-02 8.3346507E-03 6.4276303E-03 4.4890521E-03 2.5214758E-03 5.2865944E-04
3.6907248E-02 3.7765916E-02 3.8595334E-02 3.9390471E-02 4.0147327E-02 4.0861234E-02 4.1528571E-02 4.2145137E-02 4.2708658E-02 4.3217015E-02 4.3672085E-02 4.4061102E-02 4.4386104E-02 4.4655871E-02 4.4866413E-02 4.5018766E-02 4.5113452E-02 4.5152795E-02 4.5138389E-02 4.5072608E-02 4.4957180E-02 4.4794369E-02 4.4585478E-02 4.4331975E-02 4.4034757E-02 4.3694466E-02 4.3311059E-02 4.2884238E-02 4.2412966E-02 4.1895885E-02 4.1331328E-02 4.0717144E-02 4.0050928E-02 3.9330184E-02 3.8552374E-02 3.7714679E-02 3.6814682E-02 3.5849795E-02 3.4818038E-02 3.3717580E-02 3.2547407E-02 3.1306241E-02 2.9994164E-02 2.8610777E-02 2.7157400E-02 2.5634538E-02 2.4045374E-02 2.2391802E-02 2.0682571E-02 1.8906530E-02 1.7060947E-02 1.5176866E-02 1.3242985E-02 1.1261816E-02 9.2377206E-03 7.1751974E-03 5.0772303E-03 2.9480071E-03 7.9020829E-04
3.9420538E-02 4.0375542E-02 4.1298475E-02 4.2184245E-02 4.3027245E-02 4.3822929E-02 4.4565957E-02 4.5252670E-02 4.5878708E-02 4.6440795E-02 4.6933036E-02 4.7365617E-02 4.7735207E-02 4.8033010E-02 4.8264187E-02 4.8429929E-02 4.8532873E-02 4.8574857E-02 4.8559051E-02 4.8487835E-02 4.8364289E-02 4.8190743E-02 4.7969401E-02 4.7701903E-02 4.7389854E-02 4.7033850E-02 4.6634112E-02 4.6190146E-02 4.5700867E-02 4.5164544E-02 4.4579089E-02 4.3941844E-02 4.3249771E-02 4.2499844E-02 4.1688636E-02 4.0812805E-02 3.9868999E-02 3.8854294E-02 3.7765726E-02 3.6601402E-02 3.5359301E-02 3.4038529E-02 3.2638121E-02 3.1158678E-02 2.9600225E-02 2.7965091E-02 2.6254142E-02 2.4470281E-02 2.2610325E-02 2.0691689E-02 1.8724134E-02 1.6683336E-02 1.4587807E-02 1.2442760E-02 1.0251562E-02 8.0174375E-03 5.7452028E-03 3.4379207E-03 1.0998687E-03
4.2152267E-02 4.3216277E-02 4.4245873E-02 4.5234233E-02 4.6175640E-02 4.7063611E-02 4.7893032E-02 4.8658259E-02 4.9355913E-02 4.9983036E-02 5.0541330E-02 5.1016722E-02 5.1411655E-02 5.1736247E-02 5.1986862E-02 5.2165683E-02 5.2274447E-02 5.2317005E-02 5.2296471E-02 5.2216955E-02 5.2081749E-02 5.1894426E-02 5.1657565E-02 5.1373802E-02 5.1044837E-02 5.0671812E-02 5.0254855E-02 4.9793556E-02 4.9286548E-02 4.8731778E-02 4.8126593E-02 4.7467649E-02 4.6751261E-02 4.5973469E-02 4.5130089E-02 4.4216719E-02 4.3229382E-02 4.2163990E-02 4.1017219E-02 3.9786015E-02 3.8468443E-02 3.7062481E-02 3.5567831E-02 3.3983901E-02 3.2312129E-02 3.0553358E-02 2.8711526E-02 2.6789216E-02 2.4796749E-02 2.2722669E-02 2.0564782E-02 1.8357987E-02 1.6090646E-02 1.3766259E-02 1.1390272E-02 8.9681260E-03 6.5035056E-03 4.0013506E-03 1.4646881E-03
4.5126025E-02 4.6314619E-02 4.7465473E-02 4.8571412E-02 4.9624618E-02 5.0618410E-02 5.1545475E-02 5.2400459E-02 5.3177439E-02 5.3871959E-02 5.4477111E-02 5.5004179E-02 5.5449724E-02 5.5804495E-02 5.6075219E-02 5.6264512E-02 5.6376833E-02 5.6415815E-02 5.6386787E-02 5.6294188E-02 5.6143105E-02 5.5937581E-02 5.5681631E-02 5.5378225E-02 5.5029977E-02 5.4638088E-02 5.4203086E-02 5.3724341E-02 5.3200327E-02 5.2628446E-02 5.2005392E-02 5.1327061E-02 5.0588761E-02 4.9785584E-02 4.8912100E-02 4.7962986E-02 4.6932917E-02 4.5817055E-02 4.4610702E-02 4.3310512E-02 4.1913286E-02 4.0417239E-02 3.8820870E-02 3.7124619E-02 3.5328522E-02 3.3435553E-02 3.1447180E-02 2.9367335E-02 2.7193410E-02 2.4945790E-02 2.2636218E-02 2.0238610E-02 1.7774504E-02 1.5250596E-02 1.2671381E-02 1.0041000E-02 7.3652640E-03 4.6478878E-03 1.8936743E-03
4.8369169E-02 4.9699798E-02 5.0989948E-02 5.2230150E-02 5.3412028E-02 5.4526359E-02 5.5565652E-02 5.6521993E-02 5.7390239E-02 5.8166042E-02 5.8850780E-02 5.9428856E-02 5.9903286E-02 6.0285889E-02 6.0573921E-02 6.0771488E-02 6.0882490E-02 6.0913276E-02 6.0869612E-02 6.0758304E-02 6.0585130E-02 6.0356107E-02 6.0075920E-02 5.9748922E-02 5.9378050E-02 5.8965292E-02 5.8511157E-02 5.8015127E-02 5.7475213E-02 5.6888275E-02 5.6250166E-02 5.5555750E-02 5.4799244E-02 5.3974301E-02 5.3074267E-02 5.2092191E-02 5.1021654E-02 4.9856108E-02 4.8590109E-02 4.7218751E-02 4.5738619E-02 4.4146542E-02 4.2441618E-02 4.0622927E-02 3.8692154E-02 3.6650751E-02 3.4503762E-02 3.2254983E-02 2.9917045E-02 2.7478725E-02 2.4938814E-02 2.2337031E-02 1.9661833E-02 1.6918309E-02 1.4113373E-02 1.1253788E-02 8.3442377E-03 5.3905314E-03 2.3961111E-03
5.1911686E-02 5.3405810E-02 5.4855704E-02 5.6251023E-02 5.7580497E-02 5.8834210E-02 6.0001630E-02 6.1074752E-02 6.2045138E-02 6.2906556E-02 6.3650534E-02 6.4289570E-02 6.4820215E-02 6.5233082E-02 6.5537229E-02 6.5737747E-02 6.5842055E-02 6.5856986E-02 6.5791324E-02 6.5652899E-02 6.5450087E-02 6.5189980E-02 6.4879321E-02 6.4523198E-02 6.4125806E-02 6.3689508E-02 6.3215241E-02 6.2702276E-02 6.2148239E-02 6.1549224E-02 6.0900081E-02 6.0194433E-02 5.9424929E-02 5.8583707E-02 5.7662204E-02 5.6651935E-02 5.5544365E-02 5.4331709E-02 5.3006515E-02 5.1563166E-02 4.9996462E-02 4.8303291E-02 4.6481259E-02 4.4530578E-02 4.2451479E-02 4.0247917E-02 3.7922461E-02 3.5480727E-02 3.2921318E-02 3.0268738E-02 2.7537607E-02 2.4700407E-02 2.1782786E-02 1.8793663E-02 1.5739132E-02 1.2624706E-02 9.4575202E-03 6.2420703E-03 2.9837829E-03
5.5788882E-02 5.7470962E-02 5.9105873E-02 6.0680002E-02 6.2180903E-02 6.3595094E-02 6.4911202E-02 6.6117682E-02 6.7206472E-02 6.8171009E-02 6.9011763E-02 6.9711067E-02 7.0272803E-02 7.0711456E-02 7.1025975E-02 7.1223699E-02 7.1312197E-02 7.1302079E-02 7.1203493E-02 7.1027629E-02 7.0784479E-02 7.0484042E-02 7.0134304E-02 6.9742374E-02 6.9313258E-02 6.8850324E-02 6.8354659E-02 6.7825496E-02 6.7259848E-02 6.6652961E-02 6.5998398E-02 6.5288134E-02 6.4513035E-02 6.3663073E-02 6.2727652E-02 6.1695814E-02 6.0557123E-02 5.9301291E-02 5.7919435E-02 5.6403641E-02 5.4748125E-02 5.2947830E-02 5.1000901E-02 4.8906028E-02 4.6665411E-02 4.4281475E-02 4.1761111E-02 3.9110135E-02 3.6344662E-02 3.3454381E-02 3.0440034E-02 2.7348034E-02 2.4167594E-02 2.0906152E-02 1.7572893E-02 1.4176458E-02 1.0722823E-02 7.2188852E-03 3.6685322E-03
6.0039397E-02 6.1939493E-02 6.3788518E-02 6.5571122E-02 6.7270815E-02 6.8872437E-02 7.0360385E-02 7.1722120E-02 7.2945148E-02 7.4020155E-02 7.4936219E-02 7.5706914E-02 7.6329038E-02 7.6793708E-02 7.7113762E-02 7.7298433E-02 7.7360190E-02 7.7311233E-02 7.7166125E-02 7.6938264E-02 7.6641522E-02 7.6287910E-02 7.5888462E-02 7.5451717E-02 7.4984536E-02 7.4490868E-02 7.3972441E-02 7.3428154E-02 7.2854504E-02 7.2245434E-02 7.1593024E-02 7.0887260E-02 7.0116572E-02 6.9268480E-02 6.8329439E-02 6.7285955E-02 6.6124417E-02 6.4832315E-02 6.3397788E-02 6.1811436E-02 6.0064893E-02 5.8152828E-02 5.6071468E-02 5.3820770E-02 5.1401410E-02 4.8818845E-02 4.6077646E-02 4.3186180E-02 4.0145513E-02 3.6985911E-02 3.3726636E-02 3.0339476E-02 2.6855819E-02 2.3287915E-02 1.9644408E-02 1.5932854E-02 1.2162089E-02 8.3375992E-03 4.4654650E-03
6.4708285E-02 6.6861227E-02 6.8960421E-02 7.0986010E-02 7.2919041E-02 7.4739270E-02 7.6428942E-02 7.7970400E-02 7.9350561E-02 8.0558881E-02 8.1593946E-02 8.2435176E-02 8.3087735E-02 8.3570130E-02 8.3884656E-02 8.4044114E-02 8.4062450E-02 8.3957471E-02 8.3746597E-02 8.3448447E-02 8.3079837E-02 8.2657084E-02 8.2193628E-02 8.1700966E-02 8.1187285E-02 8.0658086E-02 8.0115207E-02 7.9557620E-02 7.8980744E-02 7.8377277E-02 7.7737205E-02 7.7048026E-02 7.6295331E-02 7.5463258E-02 7.4535020E-02 7.3493280E-02 7.2321266E-02 7.1002573E-02 6.9522776E-02 6.7869060E-02 6.6031635E-02 6.4002514E-02 6.1778266E-02 5.9356980E-02 5.6741688E-02 5.3936545E-02 5.0951462E-02 4.7795866E-02 4.4491265E-02 4.1029610E-02 3.7415359E-02 3.3704609E-02 2.9888339E-02 2.5977826E-02 2.1985643E-02 1.7923210E-02 1.3798266E-02 9.6190292E-03 5.3898026E-03
6.9845408E-02 7.2294034E-02 7.4685723E-02 7.6997533E-02 7.9204574E-02 8.1283249E-02 8.3209366E-02 8.4962696E-02 8.6523734E-02 8.7877691E-02 8.9009486E-02 8.9933582E-02 9.0647265E-02 9.1143288E-02 9.1440670E-02 9.1555856E-02 9.1509990E-02 9.1324441E-02 9.1023475E-02 9.0629853E-02 9.0166390E-02 8.9653067E-02 8.9107744E-02 8.8544428E-02 8.7973990E-02 8.7402880E-02 8.6833835E-02 8.6265258E-02 8.5691758E-02 8.5104071E-02 8.4489763E-02 8.3833270E-02 8.3116449E-02 8.2319595E-02 8.1421345E-02 8.0400161E-02 7.9234384E-02 7.7903785E-02 7.6389290E-02 7.4675269E-02 7.2748184E-02 7.0598982E-02 6.8221621E-02 6.5615520E-02 6.2782124E-02 5.9729554E-02 5.6465808E-02 5.3004082E-02 4.9349938E-02 4.5542508E-02 4.1608419E-02 3.7520267E-02 3.3317853E-02 2.9018670E-02 2.4635363E-02 2.0178474E-02 1.5659261E-02 1.1084392E-02 6.4605004E-03
7.5508200E-02 7.8302838E-02 8.1039570E-02 8.3688915E-02 8.6221486E-02 8.8605903E-02 9.0813480E-02 9.2816092E-02 9.4591647E-02 9.6122406E-02 9.7403072E-02 9.8408632E-02 9.9146172E-02 9.9640481E-02 9.9900022E-02 9.9947214E-02 9.9807099E-02 9.9509835E-02 9.9085286E-02 9.8564334E-02 9.7975157E-02 9.7344242E-02 9.6693464E-02 9.6041180E-02 9.5400490E-02 9.4779909E-02 9.4182409E-02 9.3606316E-02 9.3044706E-02 9.2486210E-02 9.1915272E-02 9.1312468E-02 9.0655267E-02 8.9918740E-02 8.9076407E-02 8.8100746E-02 8.6964786E-02 8.5642219E-02 8.4109500E-02 8.2345605E-02 8.0334134E-02 7.8062125E-02 7.5523235E-02 7.2714604E-02 6.9640540E-02 6.6308208E-02 6.2732734E-02 5.8929693E-02 5.4929517E-02 5.0729148E-02 4.6339877E-02 4.1831847E-02 3.7200119E-02 3.2462105E-02 2.7635755E-02 2.2736521E-02 1.7774627E-02 1.2759952E-02 7.6968544E-03
8.1760533E-02 8.4963188E-02 8.8107616E-02 9.1159008E-02 9.4079070E-02 9.6830003E-02 9.9373050E-02 0.1016742 0.1037015 0.1054300 0.1068372 0.1079377 0.1087298 0.1092097 0.1094072 0.1093514 0.1090787 0.1086265 0.1080355 0.1073442 0.1065902 0.1058059 0.1050201 0.1042549 0.1035274 0.1028474 0.1022191 0.1016399 0.1011014 0.1005894 0.1000846 9.9562772E-02 9.8995976E-02 9.8353148E-02 9.7600736E-02 9.6704461E-02 9.5629752E-02 9.4343752E-02 9.2815556E-02 9.1018990E-02 8.8931665E-02 8.6538143E-02 8.3828159E-02 8.0800027E-02 7.7456430E-02 7.3809825E-02 6.9874324E-02 6.5671556E-02 6.1215572E-02 5.6559600E-02 5.1742431E-02 4.6740267E-02 4.1605856E-02 3.6365226E-02 3.1037332E-02 2.5637291E-02 2.0179568E-02 1.4672274E-02 9.1221444E-03
8.8675290E-02 9.2359737E-02 9.5989898E-02 9.9521324E-02 0.1029079 0.1060994 0.1090484 0.1117079 0.1140390 0.1160104 0.1176085 0.1188014 0.1195990 0.1200360 0.1201328 0.1199292 0.1194699 0.1188070 0.1179914 0.1170749 0.1161040 0.1151212 0.1141617 0.1132540 0.1124181 0.1116669 0.1110045 0.1104282 0.1099271 0.1094839 0.1090744 0.1086689 0.1082325 0.1077265 0.1071091 0.1063368 0.1053664 0.1041553 0.1026648 0.1008599 9.8712817E-02 9.6201576E-02 9.3314394E-02 9.0046287E-02 8.6403362E-02 8.2397915E-02 7.8053750E-02 7.3397622E-02 6.8474784E-02 6.3292645E-02 5.7875145E-02 5.2313738E-02 4.6611764E-02 4.0796902E-02 3.4895498E-02 2.8929114E-02 2.2911305E-02 1.6853640E-02 1.0759884E-02
9.6332587E-02 0.1005897 0.1047999 0.1089099 0.1128600 0.1165883 0.1200305 0.1231275 0.1258235 0.1280746 0.1298437 0.1311434 0.1319735 0.1323382 0.1322864 0.1318706 0.1311547 0.1302046 0.1290897 0.1278747 0.1266208 0.1253807 0.1241991 0.1231104 0.1221398 0.1213019 0.1206022 0.1200362 0.1195910 0.1192446 0.1189677 0.1187234 0.1184688 0.1181557 0.1177318 0.1171428 0.1163335 0.1152504 0.1138428 0.1120665 0.1098835 0.1072663 0.1041968 0.1006701 9.6690528E-02 9.2277475E-02 8.7455601E-02 8.2261592E-02 7.6725289E-02 7.0923388E-02 6.4915851E-02 5.8688294E-02 5.2314375E-02 4.5833994E-02 3.9276324E-02 3.2663345E-02 2.6013754E-02 1.9336697E-02 1.2638042E-02
0.1048230 0.1097618 0.1146696 0.1194792 0.1241173 0.1285024 0.1325528 0.1361868 0.1393333 0.1419339 0.1439573 0.1453591 0.1461529 0.1463917 0.1461188 0.1454066 0.1443369 0.1430002 0.1414852 0.1398778 0.1382546 0.1366828 0.1352169 0.1338997 0.1327607 0.1318177 0.1310760 0.1305302 0.1301637 0.1299497 0.1298524 0.1298263 0.1298188 0.1297703 0.1296161 0.1292877 0.1287158 0.1278318 0.1265711 0.1248749 0.1226944 0.1199909 0.1167414 0.1129355 0.1085810 0.1036979 9.8325171E-02 9.2509180E-02 8.6321391E-02 7.9789974E-02 7.2962947E-02 6.5966353E-02 5.8819886E-02 5.1568493E-02 4.4252008E-02 3.6900830E-02 2.9532600E-02 2.2159936E-02 1.4784088E-02
0.1142443 0.1199989 0.1257476 0.1314103 0.1368923 0.1420912 0.1468965 0.1512015 0.1549045 0.1579219 0.1601875 0.1617057 0.1624793 0.1625292 0.1619412 0.1608135 0.1592614 0.1574030 0.1553575 0.1532340 0.1511315 0.1491324 0.1473046 0.1456986 0.1443501 0.1432785 0.1424898 0.1419761 0.1417168 0.1416795 0.1418201 0.1420837 0.1424060 0.1427138 0.1429269 0.1429603 0.1427264 0.1421380 0.1411111 0.1395699 0.1374480 0.1346945 0.1312744 0.1271744 0.1223987 0.1169768 0.1109514 0.1043861 9.7340614E-02 8.9933246E-02 8.2262494E-02 7.4335597E-02 6.6261508E-02 5.8103789E-02 4.9908035E-02 4.1705918E-02 3.3520937E-02 2.5361573E-02 1.7229881E-02
0.1247041 0.1314356 0.1382045 0.1449108 0.1514382 0.1576516 0.1634079 0.1685585 0.1729675 0.1765193 0.1791431 0.1807689 0.1814170 0.1811743 0.1801328 0.1784295 0.1762176 0.1736594 0.1709093 0.1681108 0.1653866 0.1628404 0.1605527 0.1585842 0.1569747 0.1557465 0.1549042 0.1544375 0.1543206 0.1545141 0.1549648 0.1556068 0.1563621 0.1571417 0.1578474 0.1583733 0.1586098 0.1584456 0.1577732 0.1564916 0.1545136 0.1517670 0.1482040 0.1437992 0.1385581 0.1325111 0.1257213 0.1182708 0.1102786 0.1018160 9.2978232E-02 8.3951630E-02 7.4788183E-02 6.5563060E-02 5.6337342E-02 4.7153544E-02 3.8032722E-02 2.8985448E-02 2.0005472E-02
0.1363145 0.1442203 0.1522283 0.1602205 0.1680491 0.1755428 0.1825074 0.1887434 0.1940543 0.1982714 0.2012629 0.2030093 0.2035183 0.2028500 0.2011674 0.1986624 0.1955524 0.1920533 0.1883722 0.1846910 0.1811657 0.1779206 0.1750525 0.1726298 0.1706977 0.1692783 0.1683751 0.1679731 0.1680408 0.1685307 0.1693794 0.1705084 0.1718245 0.1732205 0.1745766 0.1757632 0.1766427 0.1770751 0.1769207 0.1760482 0.1743379 0.1716922 0.1680375 0.1633359 0.1575825 0.1508167 0.1431103 0.1345747 0.1253279 0.1155671 0.1054658 9.5081359E-02 8.4585913E-02 7.4084491E-02 6.3648179E-02 5.3320948E-02 4.3128498E-02 3.3072729E-02 2.3144117E-02
0.1491933 0.1585091 0.1680282 0.1776087 0.1870709 0.1961911 0.2047140 0.2123595 0.2188539 0.2239533 0.2274916 0.2293412 0.2295337 0.2282296 0.2256304 0.2220125 0.2176742 0.2129140 0.2080020 0.2031732 0.1986180 0.1944869 0.1908894 0.1879026 0.1855727 0.1839215 0.1829480 0.1826321 0.1829347 0.1837992 0.1851512 0.1868984 0.1889310 0.1911214 0.1933260 0.1953863 0.1971331 0.1983891 0.1989765 0.1987211 0.1974632 0.1950629 0.1914146 0.1864498 0.1801530 0.1725588 0.1637655 0.1539181 0.1432274 0.1318566 0.1200019 0.1079650 9.5865086E-02 8.3830908E-02 7.1955927E-02 6.0295258E-02 4.8866775E-02 3.7668522E-02 2.6674446E-02
0.1634544 0.1744649 0.1858259 0.1973776 0.2088989 0.2201082 0.2306608 0.2401724 0.2482401 0.2544965 0.2586503 0.2606103 0.2603956 0.2581649 0.2542607 0.2490854 0.2430687 0.2366144 0.2300816 0.2237641 0.2178950 0.2126462 0.2081408 0.2044575 0.2016421 0.1997107 0.1986565 0.1984510 0.1990471 0.2003776 0.2023567 0.2048778 0.2078134 0.2110147 0.2143112 0.2175133 0.2204136 0.2227925 0.2244220 0.2250764 0.2245378 0.2226119 0.2191363 0.2140010 0.2071542 0.1986266 0.1885233 0.1770380 0.1644076 0.1509922 0.1371290 0.1229949 0.1088861 9.4982155E-02 8.1390157E-02 6.8161249E-02 5.5309162E-02 4.2810641E-02 3.0625815E-02
0.1792052 0.1922442 0.2058518 0.2198499 0.2339820 0.2478915 0.2611268 0.2731452 0.2833652 0.2912293 0.2963177 0.2983525 0.2973889 0.2937717 0.2879811 0.2806199 0.2722973 0.2635721 0.2549083 0.2466731 0.2391371 0.2324929 0.2268658 0.2223324 0.2189290 0.2166625 0.2155149 0.2154481 0.2164039 0.2183051 0.2210538 0.2245295 0.2285875 0.2330571 0.2377408 0.2424145 0.2468303 0.2507176 0.2537921 0.2557597 0.2563305 0.2552282 0.2522127 0.2470935 0.2397633 0.2302109 0.2185581 0.2050496 0.1900797 0.1740283 0.1573331 0.1405480 0.1239425 0.1077425 9.2080466E-02 7.7006876E-02 6.2507227E-02 4.8536029E-02 3.5017543E-02
0.1965313 0.2119905 0.2283255 0.2453614 0.2628071 0.2802354 0.2970517 0.3125072 0.3257301 0.3358435 0.3421096 0.3442073 0.3421858 0.3364955 0.3279594 0.3174983 0.3060040 0.2942333 0.2827847 0.2720941 0.2624660 0.2540955 0.2471007 0.2415406 0.2374343 0.2347705 0.2335158 0.2336179 0.2350073 0.2375955 0.2412736 0.2459085 0.2513397 0.2573771 0.2637964 0.2703405 0.2767175 0.2826049 0.2876511 0.2914850 0.2937211 0.2939786 0.2918943 0.2871593 0.2795440 0.2689587 0.2554813 0.2394113 0.2212269 0.2016718 0.1815003 0.1612151 0.1413866 0.1223234 0.1041583 8.6903729E-02 7.0506528E-02 5.4865144E-02 3.9865367E-02
0.2154891 0.2338091 0.2534394 0.2742269 0.2958809 0.3179065 0.3395613 0.3598074 0.3773554 0.3908010 0.3989418 0.4010191 0.3971534 0.3882619 0.3756495 0.3607624 0.3448886 0.3290522 0.3139863 0.3001874 0.2879618 0.2774865 0.2688451 0.2620640 0.2571283 0.2540001 0.2526226 0.2529267 0.2548286 0.2582293 0.2630102 0.2690285 0.2761121 0.2840540 0.2926091 0.3014895 0.3103647 0.3188585 0.3265536 0.3329899 0.3376756 0.3400894 0.3397073 0.3360214 0.3286033 0.3171616 0.3016627 0.2824062 0.2601328 0.2357940 0.2105320 0.1855821 0.1615905 0.1389353 0.1177268 9.7907268E-02 7.9326123E-02 6.1809529E-02 4.5166992E-02
0.2360820 0.2577519 0.2813178 0.3067062 0.3336699 0.3617088 0.3899390 0.4169903 0.4409344 0.4594532 0.4703130 0.4722888 0.4655423 0.4516066 0.4328481 0.4115780 0.3896685 0.3684347 0.3487280 0.3310439 0.3156466 0.3026441 0.2920558 0.2838447 0.2779475 0.2742839 0.2727680 0.2733073 0.2758032 0.2801463 0.2862115 0.2938498 0.3028829 0.3130951 0.3242267 0.3359701 0.3479629 0.3597881 0.3709663 0.3809590 0.3891568 0.3948882 0.3974130 0.3959537 0.3897287 0.3780713 0.3605777 0.3373792 0.3093105 0.2781407 0.2459935 0.2145041 0.1849378 0.1577326 0.1328460 0.1100235 8.8962309E-02 6.9350854E-02 5.0911620E-02
0.2582518 0.2837800 0.3119830 0.3429286 0.3765231 0.4123627 0.4495487 0.4863832 0.5201043 0.5468470 0.5624550 0.5640798 0.5521125 0.5298849 0.5016522 0.4711483 0.4409601 0.4126621 0.3870945 0.3646513 0.3454532 0.3294797 0.3166313 0.3067804 0.2997875 0.2955192 0.2938480 0.2946556 0.2978256 0.3032398 0.3107692 0.3202651 0.3315502 0.3444091 0.3585807 0.3737497 0.3895426 0.4055179 0.4211633 0.4358790 0.4489706 0.4596184 0.4668655 0.4695826 0.4664928 0.4562219 0.4375612 0.4099167 0.3741226 0.3327127 0.2896223 0.2487078 0.2116675 0.1787473 0.1494700 0.1232049 9.9360876E-02 7.7452935E-02 5.7061646E-02
