T4-twomodels-1/gx/model150.grd
DSAA
         100         100
  -15.00000       15.00000    
  -15.00000       15.00000    
  -5.853254       3.057713    
[rows 26 to 51 of 100, columns 0 to 58 of 100]
0.3671294 0.4018879 0.4403403 0.4827430 0.5292133 0.5795939 0.6331445 0.6880463 0.7405596 0.7842481 0.8105831 0.8133065 0.7932473 0.7576705 0.7149821 0.6711193 0.6294410 0.5915682 0.5581697 0.5294042 0.5051919 0.4853329 0.4695874 0.4576996 0.4494209 0.4445091 0.4427347 0.4438730 0.4477040 0.4540053 0.4625497 0.4730991 0.4854032 0.4991948 0.5141857 0.5300650 0.5464881 0.5630732 0.5793778 0.5948860 0.6089616 0.6208125 0.6294023 0.6333761 0.6309181 0.6196940 0.5968780 0.5598147 0.5076715 0.4444323 0.3787534 0.3183195 0.2661567 0.2213858 0.1822987 0.1474951 0.1159705 8.6961456E-02 5.9883576E-02
0.3968131 0.4368195 0.4817358 0.5321563 0.5887003 0.6518235 0.7215910 0.7968799 0.8738418 0.9428165 0.9862984 0.9872386 0.9480592 0.8875213 0.8217663 0.7591126 0.7027416 0.6535432 0.6114163 0.5759494 0.5466052 0.5228772 0.5042788 0.4903941 0.4808407 0.4752930 0.4734491 0.4750421 0.4798163 0.4875309 0.4979458 0.5108208 0.5259112 0.5429615 0.5617085 0.5818692 0.6031494 0.6252164 0.6477098 0.6701865 0.6921211 0.7127941 0.7312449 0.7460305 0.7550206 0.7548410 0.7403731 0.7042730 0.6393957 0.5474737 0.4487135 0.3651702 0.2997681 0.2468968 0.2021234 0.1629974 0.1280001 9.6145950E-02 6.6642649E-02
0.4274345 0.4730354 0.5249799 0.5842279 0.6521928 0.7302265 0.8200424 0.9225349 1.036306 1.150228 1.229749 1.226266 1.147303 1.043532 0.9436736 0.8561966 0.7817179 0.7192529 0.6671888 0.6242915 0.5893199 0.5614196 0.5397515 0.5237461 0.5128334 0.5066185 0.5046990 0.5067777 0.5125502 0.5217641 0.5341688 0.5495206 0.5675982 0.5881507 0.6109762 0.6358097 0.6624708 0.6906722 0.7202441 0.7508408 0.7822486 0.8139309 0.8454124 0.8755130 0.9026555 0.9232107 0.9307510 0.9111283 0.8398908 0.6975081 0.5323665 0.4126451 0.3331829 0.2727754 0.2224275 0.1789775 0.1403713 0.1056275 7.3587105E-02
0.4586078 0.5098779 0.5693297 0.6377502 0.7181644 0.8123719 0.9252062 1.060158 1.222891 1.406407 1.555480 1.542339 1.388891 1.220542 1.076087 0.9592978 0.8640910 0.7872355 0.7243299 0.6736677 0.6326737 0.6005024 0.5755689 0.5574278 0.5450603 0.5381977 0.5361712 0.5387729 0.5455652 0.5563315 0.5708005 0.5887040 0.6099089 0.6340756 0.6612125 0.6909005 0.7233248 0.7579813 0.7952830 0.8346185 0.8766947 0.9207063 0.9676769 1.016264 1.067432 1.117490 1.163304 1.184547 1.133994 0.9151311 0.6206172 0.4530094 0.3640856 0.2984189 0.2426987 0.1953209 0.1527757 0.1154012 8.0503620E-02
0.4897998 0.5467152 0.6137906 0.6914020 0.7844898 0.8950505 1.031514 1.199912 1.414317 1.673580 1.902124 1.877708 1.639735 1.401684 1.210318 1.063394 0.9469180 0.8555090 0.7815658 0.7231092 0.6759991 0.6395611 0.6113112 0.5910468 0.5771964 0.5696999 0.5675545 0.5706918 0.5785052 0.5908354 0.6073837 0.6278500 0.6522133 0.6800072 0.7115082 0.7460708 0.7843438 0.8254940 0.8706670 0.9188258 0.9718238 1.028368 1.091340 1.158968 1.235414 1.316758 1.404756 1.473333 1.452968 1.151495 0.7083701 0.4907081 0.3941659 0.3239575 0.2628828 0.2117369 0.1651317 0.1252484 8.7377846E-02
0.5204030 0.5829699 0.6572672 0.7439005 0.8488618 0.9749742 1.132839 1.330911 1.587448 1.901832 2.178925 2.148183 1.857263 1.566974 1.336868 1.162980 1.027192 0.9219367 0.8376462 0.7715687 0.7186593 0.6779819 0.6465823 0.6241775 0.6089329 0.6007724 0.5985447 0.6021843 0.6110127 0.6248715 0.6434493 0.6664369 0.6938567 0.7252207 0.7609119 0.8002552 0.8440895 0.8915567 0.9441130 1.000728 1.063756 1.131990 1.209129 1.293624 1.390876 1.496965 1.613838 1.708599 1.690665 1.327719 0.7951863 0.5358881 0.4265806 0.3496565 0.2831350 0.2277996 0.1775030 0.1348133 9.4326355E-02
0.5499966 0.6179531 0.6989382 0.7939321 0.9095231 1.049287 1.224925 1.446079 1.731648 2.077998 2.378028 2.344713 2.028210 1.706602 1.449263 1.254157 1.102266 0.9848521 0.8913162 0.8182138 0.7599589 0.7152755 0.6809314 0.6564744 0.6399226 0.6311136 0.6288192 0.6329314 0.6427338 0.6580508 0.6785593 0.7039487 0.7342521 0.7689946 0.8085933 0.8524055 0.9013366 0.9545889 1.013731 1.077831 1.149418 1.227420 1.315741 1.412896 1.524220 1.644986 1.774894 1.875248 1.845346 1.446378 0.8706859 0.5835671 0.4602404 0.3752404 0.3030525 0.2433920 0.1896032 0.1440674 0.1011525
0.5782021 0.6511132 0.7381350 0.8405364 0.9652631 1.116324 1.305843 1.543645 1.847884 2.212024 2.523126 2.488817 2.159976 1.820647 1.545556 1.335027 1.170532 1.043075 0.9416346 0.8623555 0.7993239 0.7510026 0.7139660 0.6876127 0.6698519 0.6604383 0.6580837 0.6626356 0.6733466 0.6900198 0.7123199 0.7399297 0.7728834 0.8107128 0.8538472 0.9016650 0.9550964 1.013378 1.078113 1.148409 1.226816 1.312262 1.408561 1.513998 1.633366 1.760850 1.894164 1.991624 1.949541 1.529957 0.9319621 0.6273057 0.4924113 0.3997610 0.3221196 0.2582999 0.2012001 0.1529369 0.1077172
0.6047124 0.6820590 0.7743896 0.8831459 1.015470 1.175532 1.375515 1.624974 1.941154 2.315611 2.632771 2.598074 2.262700 1.913139 1.626676 1.405347 1.231378 1.095967 0.9880124 0.9034971 0.8363247 0.7848012 0.7453646 0.7173076 0.6984528 0.6884905 0.6860804 0.6910327 0.7025701 0.7204750 0.7443963 0.7740058 0.8093302 0.8498972 0.8961350 0.9474197 1.004682 1.067153 1.136426 1.211578 1.295105 1.385819 1.487342 1.597613 1.720879 1.850485 1.983053 2.075751 2.024520 1.592390 0.9810416 0.6650516 0.5214826 0.4223989 0.3398972 0.2722860 0.2121226 0.1613203 0.1139329
0.6293094 0.7105507 0.8074443 0.9215320 1.060024 1.227115 1.434862 1.692472 2.016453 2.397223 2.717863 2.683084 2.344144 1.988447 1.694639 1.465826 1.284894 1.143347 1.030176 0.9413397 0.8706753 0.8164023 0.7748794 0.7453254 0.7255036 0.7150531 0.7125935 0.7179011 0.7301738 0.7491714 0.7745252 0.8058925 0.8432851 0.8862169 0.9351015 0.9892989 1.049717 1.115557 1.188368 1.267166 1.354345 1.448576 1.553266 1.666057 1.790787 1.920317 2.050752 2.138944 2.080883 1.640511 1.020797 0.6970476 0.5470111 0.4427502 0.3561219 0.2851695 0.2222545 0.1691283 0.1197418
0.6518714 0.7364708 0.8372260 0.9557108 1.099146 1.271664 1.485169 1.748540 2.077787 2.462664 2.785634 2.750884 2.409751 2.050217 1.751569 1.517563 1.331559 1.185356 1.068086 0.9757620 0.9022138 0.8456322 0.8023323 0.7714919 0.7508310 0.7399551 0.7374500 0.7430673 0.7559792 0.7759260 0.8025192 0.8353966 0.8745521 0.9194784 0.9705660 1.027146 1.090093 1.158563 1.234049 1.315484 1.405165 1.501621 1.608088 1.721984 1.846901 1.975442 2.103532 2.187973 2.125029 1.678951 1.053221 0.7239797 0.5691121 0.4607475 0.3706852 0.2968627 0.2315168 0.1763077 0.1250965
0.6723478 0.7598099 0.8637891 0.9858658 1.133228 1.309933 1.527725 1.795242 2.128146 2.515795 2.840255 2.805622 2.463237 2.101240 1.799347 1.561708 1.372020 1.222312 1.101866 1.006770 0.9308828 0.8723961 0.8276114 0.7956835 0.7743090 0.7630671 0.7605222 0.7664021 0.7798594 0.8006137 0.8282573 0.8624073 0.9030346 0.9496084 1.002489 1.060977 1.125903 1.196377 1.273829 1.357120 1.448449 1.546242 1.653598 1.767799 1.892289 2.019562 2.145473 2.226875 2.160126 1.709890 1.080041 0.7467132 0.5881253 0.4764934 0.3836046 0.3073412 0.2398843 0.1828248 0.1299757
0.6907520 0.7806257 0.8872759 1.012264 1.162740 1.342676 1.563694 1.834245 2.169770 2.559394 2.885016 2.850511 2.507262 2.143634 1.839521 1.599321 1.406950 1.254619 1.131734 1.034460 0.9567007 0.8966663 0.8506590 0.8178273 0.7958541 0.7843035 0.7817221 0.7878207 0.8017339 0.8231633 0.8516808 0.8868830 0.9287174 0.9766264 1.030941 1.090926 1.157373 1.229342 1.308208 1.392767 1.485147 1.583685 1.691397 1.805473 1.929288 2.055281 2.179317 2.258299 2.188769 1.735430 1.102272 0.7658689 0.6044137 0.4901732 0.3949564 0.3166369 0.2473573 0.1886781 0.1343678
0.7071353 0.7990266 0.9078720 1.035213 1.188153 1.370597 1.594061 1.866872 2.204315 2.595361 2.921754 2.887409 2.543697 2.178984 1.873339 1.631315 1.436989 1.282697 1.157950 1.058980 0.9797397 0.9184620 0.8714626 0.8378890 0.8154212 0.8036122 0.8009979 0.8072749 0.8215631 0.8435465 0.8727794 0.9088373 0.9516448 1.000619 1.056061 1.117202 1.184797 1.257862 1.337726 1.423132 1.516150 1.615058 1.722813 1.836560 1.959629 2.084452 2.206898 2.283928 2.212107 1.756371 1.120888 0.7820725 0.6183311 0.5019852 0.4048552 0.3248045 0.2539674 0.1938758 0.1382799
0.7215778 0.8151423 0.9257854 1.055020 1.209913 1.394308 1.619649 1.894163 2.233044 2.625169 2.952241 2.918039 2.573962 2.208507 1.901787 1.658461 1.462702 1.306948 1.180784 1.080505 1.000102 0.9378376 0.8900408 0.8558668 0.8329940 0.8209722 0.8183280 0.8247482 0.8393391 0.8617706 0.8915794 0.9283223 0.9719030 1.021714 1.078029 1.140051 1.208500 1.282358 1.362912 1.448866 1.542248 1.641294 1.748928 1.862258 1.984608 2.108400 2.229534 2.305008 2.231503 1.773907 1.136401 0.7957138 0.6301734 0.5121269 0.4134174 0.3319193 0.2597535 0.1984455 0.1417230
0.7341715 0.8291162 0.9412204 1.071978 1.228416 1.414337 1.641122 1.916940 2.256907 2.649836 2.977352 2.943305 2.599077 2.233124 1.925652 1.681386 1.484580 1.327736 1.200499 1.099213 1.017907 0.9548661 0.9064364 0.8717808 0.8485815 0.8363853 0.8337143 0.8402464 0.8550781 0.8778657 0.9081317 0.9454157 0.9896020 1.040062 1.097045 1.159728 1.228805 1.303226 1.384249 1.470546 1.564113 1.663163 1.770590 1.883494 2.005185 2.128098 2.248142 2.322350 2.247390 1.788315 1.149409 0.8072091 0.6402024 0.5207701 0.4207631 0.3380536 0.2647666 0.2024143 0.1447201
0.7450141 0.8410860 0.9543732 1.086346 1.244008 1.431120 1.659026 1.935843 2.276647 2.670211 2.998161 2.964240 2.619856 2.253557 1.945550 1.700611 1.503035 1.345381 1.217335 1.115283 1.033278 0.9696325 0.9207045 0.8856676 0.8622069 0.8498697 0.8471746 0.8537932 0.8688133 0.8918803 0.9225039 0.9602093 1.004863 1.055819 1.113307 1.176481 1.246012 1.320828 1.402163 1.488662 1.582305 1.681281 1.788476 1.900974 2.022090 2.144261 2.263422 2.336624 2.260618 1.800377 1.160169 0.8167871 0.6486233 0.5280702 0.4269959 0.3432843 0.2690540 0.2058191 0.1472911
0.7541991 0.8511838 0.9654176 1.098357 1.256979 1.445022 1.673793 1.951382 2.292825 2.686866 3.015079 2.981288 2.636882 2.270356 1.961975 1.716548 1.518412 1.360157 1.231507 1.128872 1.046335 0.9822218 0.9329074 0.8975719 0.8739051 0.8614550 0.8587387 0.8654226 0.8805874 0.9038698 0.9347690 0.9727972 1.017807 1.069138 1.127002 1.190536 1.260392 1.335480 1.417015 1.503628 1.597279 1.696148 1.803109 1.915246 2.035871 2.157432 2.275868 2.348251 2.271304 1.810133 1.169075 0.8247273 0.6556166 0.5341543 0.4322136 0.3476758 0.2726661 0.2086907 0.1494620
0.7618148 0.8595245 0.9745074 1.108203 1.267574 1.456335 1.685774 1.963951 2.305889 2.700312 3.028811 2.995116 2.650640 2.283954 1.975309 1.729535 1.530990 1.372295 1.243195 1.140126 1.057186 0.9927184 0.9431072 0.9075416 0.8837149 0.8711765 0.8684413 0.8751736 0.8904474 0.9138933 0.9450008 0.9832723 1.028550 1.080158 1.138299 1.202092 1.272177 1.347450 1.429110 1.515777 1.609402 1.708154 1.814902 1.926728 2.046949 2.168013 2.285877 2.357625 2.280044 1.818147 1.176244 0.8311577 0.6613162 0.5391336 0.4364946 0.3512911 0.2756437 0.2110635 0.1512540
0.7679372 0.8662109 0.9817708 1.116048 1.275989 1.465296 1.695238 1.973862 2.316169 2.710868 3.039512 3.005912 2.661463 2.294678 1.985853 1.739832 1.540997 1.381982 1.252555 1.149166 1.065929 1.001196 0.9513634 0.9156242 0.8916766 0.8790696 0.8763191 0.8830857 0.8984403 0.9220067 0.9532683 0.9917192 1.037193 1.089003 1.147341 1.211318 1.281561 1.356956 1.438692 1.525380 1.618962 1.717603 1.824170 1.935742 2.055636 2.176311 2.293723 2.364967 2.286793 1.824331 1.181947 0.8362682 0.6658404 0.5430924 0.4399087 0.3541782 0.2780279 0.2129628 0.1526903
0.7726310 0.8713245 0.9873137 1.122019 1.282380 1.472086 1.702397 1.981345 2.323924 2.718840 3.047666 3.014127 2.669639 2.302784 1.993834 1.747645 1.548606 1.389368 1.259710 1.156093 1.072642 1.007721 0.9577274 0.9218624 0.8978257 0.8851690 0.8824059 0.8891968 0.9046080 0.9282608 0.9596322 0.9982103 1.043822 1.095774 1.154251 1.218353 1.288702 1.364174 1.445954 1.532644 1.626182 1.724730 1.831152 1.942526 2.062173 2.182553 2.299633 2.370513 2.291997 1.829122 1.186216 0.8401182 0.6692714 0.5461035 0.4425082 0.3563820 0.2798480 0.2144158 0.1537868
0.7759469 0.8749315 0.9912155 1.126216 1.286864 1.476843 1.707404 1.986574 2.329336 2.724387 3.053269 3.019787 2.675340 2.308448 1.999421 1.753121 1.553950 1.394565 1.264753 1.160985 1.077392 1.012342 0.9622415 0.9262912 0.9021941 0.8895031 0.8867314 0.8935375 0.9089870 0.9326967 0.9641410 1.002804 1.048507 1.100553 1.159119 1.223302 1.293718 1.369238 1.451040 1.537726 1.631227 1.729705 1.836020 1.947255 2.066727 2.186903 2.303745 2.374362 2.295518 1.832351 1.189242 0.8428335 0.6716796 0.5482168 0.4443367 0.3579319 0.2811310 0.2154386 0.1545603
0.7779219 0.8770763 0.9935342 1.128706 1.289523 1.479660 1.710367 1.989665 2.332537 2.727679 3.056659 3.023200 2.678717 2.311800 2.002728 1.756368 1.557121 1.397652 1.267753 1.163898 1.080224 1.015101 0.9649371 0.9289376 0.9048054 0.8920943 0.8893173 0.8961322 0.9116032 0.9353456 0.9668317 1.005543 1.051298 1.103397 1.162013 1.226242 1.296694 1.372239 1.454053 1.540732 1.634210 1.732644 1.838896 1.950046 2.069416 2.189468 2.306178 2.376652 2.297700 1.834369 1.190995 0.8444229 0.6731042 0.5494714 0.4454212 0.3588535 0.2818926 0.2160479 0.1550191
0.7785774 0.8777889 0.9943027 1.129532 1.290403 1.480593 1.711348 1.990689 2.333594 2.728755 3.057713 3.024272 2.679828 2.312908 2.003824 1.757442 1.558172 1.398676 1.268749 1.164865 1.081164 1.016017 0.9658337 0.9298180 0.9056742 0.8929563 0.8901778 0.8969952 0.9124735 0.9362264 0.9677259 1.006453 1.052225 1.104341 1.162974 1.227217 1.297681 1.373234 1.455051 1.541728 1.635197 1.733617 1.839847 1.950970 2.070304 2.190319 2.306978 2.377396 2.298337 1.834946 1.191607 0.8449647 0.6735783 0.5498865 0.4457817 0.3591583 0.2821460 0.2162492 0.1551720
0.7779217 0.8770763 0.9935340 1.128706 1.289523 1.479660 1.710367 1.989665 2.332536 2.727679 3.056659 3.023200 2.678717 2.311800 2.002728 1.756368 1.557121 1.397652 1.267753 1.163898 1.080223 1.015101 0.9649369 0.9289377 0.9048056 0.8920943 0.8893172 0.8961323 0.9116032 0.9353457 0.9668317 1.005543 1.051298 1.103396 1.162013 1.226242 1.296694 1.372239 1.454053 1.540732 1.634210 1.732644 1.838896 1.950046 2.069417 2.189468 2.306178 2.376651 2.297700 1.834370 1.190995 0.8444231 0.6731046 0.5494716 0.4454215 0.3588537 0.2818926 0.2160481 0.1550191
0.7759469 0.8749313 0.9912151 1.126216 1.286864 1.476843 1.707404 1.986574 2.329336 2.724386 3.053268 3.019787 2.675339 2.308448 1.999421 1.753121 1.553951 1.394565 1.264754 1.160985 1.077392 1.012343 0.9622414 0.9262909 0.9021945 0.8895028 0.8867318 0.8935376 0.9089870 0.9326972 0.9641411 1.002804 1.048507 1.100553 1.159119 1.223302 1.293718 1.369238 1.451040 1.537726 1.631227 1.729705 1.836020 1.947255 2.066727 2.186903 2.303744 2.374362 2.295518 1.832351 1.189242 0.8428330 0.6716794 0.5482172 0.4443372 0.3579319 0.2811310 0.2154387 0.1545602
