T4-twomodels-1/gx/model30.grd
DSAA
         100         100
  -15.00000       15.00000    
  -15.00000       15.00000    
  -2.824071       1.463290    
[rows 24 to 47 of 100, columns 0 to 54 of 100]
3.3748958E-02 3.8244884E-02 4.3484390E-02 4.9567860E-02 5.6557860E-02 6.4442635E-02 7.3041141E-02 8.1908680E-02 9.0216391E-02 9.6783474E-02 0.1003264 0.1001345 9.6285678E-02 8.9651026E-02 8.1544630E-02 7.3088273E-02 6.5035559E-02 5.7772197E-02 5.1443011E-02 4.6044119E-02 4.1508839E-02 3.7741944E-02 3.4650456E-02 3.2147471E-02 3.0161982E-02 2.8634870E-02 2.7522502E-02 2.6792437E-02 2.6424911E-02 2.6410334E-02 2.6750192E-02 2.7456336E-02 2.8551484E-02 3.0070480E-02 3.2059498E-02 3.4579080E-02 3.7701052E-02 4.1510124E-02 4.6093237E-02 5.1532231E-02 5.7870213E-02 6.5074965E-02 7.2957605E-02 8.1094086E-02 8.8727280E-02 9.4787039E-02 9.8036446E-02 9.7493544E-02 9.2848346E-02 8.4922381E-02 7.5199030E-02 6.4968444E-02 5.5371750E-02 4.6862174E-02 3.9490007E-02
3.7936870E-02 4.3491676E-02 5.0130144E-02 5.8062762E-02 6.7505769E-02 7.8601807E-02 9.1306008E-02 0.1051302 0.1188468 0.1302740 0.1367320 0.1362000 0.1289451 0.1172600 0.1037969 9.0562448E-02 7.8613400E-02 6.8331912E-02 5.9714347E-02 5.2602340E-02 4.6783689E-02 4.2058218E-02 3.8247507E-02 3.5208836E-02 3.2826148E-02 3.1012828E-02 2.9702783E-02 2.8851334E-02 2.8429521E-02 2.8424824E-02 2.8839014E-02 2.9688768E-02 3.1006755E-02 3.2842275E-02 3.5265155E-02 3.8366131E-02 4.2263728E-02 4.7100894E-02 5.3049900E-02 6.0294732E-02 6.9012649E-02 7.9302371E-02 9.1084100E-02 0.1038992 0.1167034 0.1276868 0.1344672 0.1347643 0.1276734 0.1143576 9.7919211E-02 8.1849240E-02 6.7788683E-02 5.6091920E-02 4.6466235E-02
4.2517785E-02 4.9322821E-02 5.7651982E-02 6.7909881E-02 8.0566399E-02 9.6123472E-02 0.1149262 0.1367791 0.1601222 0.1810474 0.1933537 0.1921339 0.1780176 0.1565929 0.1337677 0.1129179 9.5255926E-02 8.0822922E-02 6.9227062E-02 5.9970438E-02 5.2602462E-02 4.6745244E-02 4.2106342E-02 3.8457770E-02 3.5631046E-02 3.3498887E-02 3.1971719E-02 3.0986594E-02 3.0505834E-02 3.0511893E-02 3.1007595E-02 3.2015510E-02 3.3579297E-02 3.5767857E-02 3.8677502E-02 4.2441826E-02 4.7235537E-02 5.3289209E-02 6.0890742E-02 7.0396736E-02 8.2204692E-02 9.6705139E-02 0.1141133 0.1341811 0.1556765 0.1758521 0.1902194 0.1935287 0.1822687 0.1584414 0.1296606 0.1032947 8.2464963E-02 6.6566877E-02 5.4223578E-02
4.7444895E-02 5.5670124E-02 6.5984257E-02 7.9041593E-02 9.5749125E-02 0.1172170 0.1447213 0.1791220 0.2194550 0.2596556 0.2857357 0.2827757 0.2528982 0.2122698 0.1733243 0.1408057 0.1151095 9.5232159E-02 7.9909123E-02 6.8080783E-02 5.8899209E-02 5.1755019E-02 4.6183880E-02 4.1863918E-02 3.8548734E-02 3.6072589E-02 3.4309551E-02 3.3181969E-02 3.2637287E-02 3.2655410E-02 3.3238675E-02 3.4416478E-02 3.6246780E-02 3.8818020E-02 4.2263184E-02 4.6760321E-02 5.2563816E-02 6.0004532E-02 6.9541648E-02 8.1758566E-02 9.7417459E-02 0.1173841 0.1425338 0.1732692 0.2087449 0.2454430 0.2760201 0.2892246 0.2738444 0.2288042 0.1730749 0.1285497 9.8490059E-02 7.7780493E-02 6.2491119E-02
5.2641038E-02 6.2409353E-02 7.4968033E-02 9.1219164E-02 0.1127577 0.1415375 0.1805648 0.2330713 0.3013464 0.3791957 0.4371830 0.4299294 0.3645193 0.2877520 0.2230370 0.1740213 0.1378260 0.1112758 9.1536537E-02 7.6782279E-02 6.5558396E-02 5.7011414E-02 5.0418992E-02 4.5386259E-02 4.1543871E-02 3.8708627E-02 3.6692984E-02 3.5418253E-02 3.4805164E-02 3.4836035E-02 3.5512649E-02 3.6866702E-02 3.8982395E-02 4.1954223E-02 4.5977656E-02 5.1254336E-02 5.8165364E-02 6.7120165E-02 7.8838095E-02 9.4136044E-02 0.1143399 0.1409345 0.1759759 0.2210977 0.2770482 0.3406047 0.4024856 0.4428370 0.4312139 0.3442326 0.2289144 0.1535662 0.1137124 8.8924929E-02 7.0918173E-02
5.8053061E-02 6.9309570E-02 8.4413350E-02 0.1039555 0.1310085 0.1678858 0.2207596 0.2957960 0.4032026 0.5424369 0.6652954 0.6485800 0.5135803 0.3802708 0.2802373 0.2110290 0.1623213 0.1284177 0.1036756 8.5885629E-02 7.2382584E-02 6.2444009E-02 5.4709263E-02 4.8995979E-02 4.4557557E-02 4.1391514E-02 3.9085530E-02 3.7680630E-02 3.6985334E-02 3.7032530E-02 3.7810896E-02 3.9331291E-02 4.1765764E-02 4.5116685E-02 4.9785409E-02 5.5815760E-02 6.3958220E-02 7.4424192E-02 8.8569716E-02 0.1070665 0.1324030 0.1662425 0.2128991 0.2749674 0.3570352 0.4566148 0.5670678 0.6601841 0.6803941 0.5261375 0.2886438 0.1710016 0.1260978 9.9603787E-02 7.9145201E-02
6.3511483E-02 7.6213188E-02 9.3950674E-02 0.1167616 0.1494956 0.1945682 0.2617859 0.3601908 0.5092635 0.7158675 0.9134158 0.8856335 0.6711289 0.4763286 0.3388380 0.2487579 0.1871057 0.1457648 0.1158794 9.5063634E-02 7.9215050E-02 6.7907922E-02 5.8992215E-02 5.2618921E-02 4.7560398E-02 4.4078235E-02 4.1468110E-02 3.9941166E-02 3.9158177E-02 3.9223380E-02 4.0106054E-02 4.1787863E-02 4.4552378E-02 4.8270728E-02 5.3606916E-02 6.0373161E-02 6.9784984E-02 8.1741638E-02 9.8382242E-02 0.1200699 0.1506791 0.1918350 0.2504777 0.3299247 0.4393099 0.5767594 0.7398775 0.8924513 0.9541872 0.7266425 0.3478009 0.1857324 0.1376415 0.1101689 8.7281398E-02
6.8779387E-02 8.3026007E-02 0.1031224 0.1292084 0.1670647 0.2198651 0.2996525 0.4182393 0.6001219 0.8541220 1.095833 1.061890 0.7989989 0.5595075 0.3920659 0.2837336 0.2106750 0.1622997 0.1277450 0.1039240 8.5939385E-02 7.3216438E-02 6.3235782E-02 5.6152578E-02 5.0543867E-02 4.6707999E-02 4.3833435E-02 4.2163122E-02 4.1307818E-02 4.1386753E-02 4.2366028E-02 4.4222243E-02 4.7283795E-02 5.1399432E-02 5.7337638E-02 6.4882793E-02 7.5448461E-02 8.8935837E-02 0.1078568 0.1327086 0.1681172 0.2162340 0.2855457 0.3806334 0.5130334 0.6815327 0.8832867 1.073283 1.148047 0.8678654 0.4065916 0.2083436 0.1518095 0.1211101 9.5648132E-02
7.3785335E-02 8.9510776E-02 0.1116973 0.1407581 0.1829885 0.2422904 0.3319152 0.4652231 0.6681003 0.9475322 1.208505 1.172076 0.8873360 0.6228445 0.4357054 0.3137954 0.2317042 0.1773631 0.1387938 0.1122435 9.2350185E-02 7.8285985E-02 6.7337252E-02 5.9561979E-02 5.3449865E-02 4.9262065E-02 4.6145510E-02 4.4330146E-02 4.3409545E-02 4.3501068E-02 4.4570297E-02 4.6600237E-02 4.9935650E-02 5.4443847E-02 6.0934573E-02 6.9236264E-02 8.0851682E-02 9.5786199E-02 0.1167451 0.1444738 0.1840238 0.2381047 0.3160397 0.4233098 0.5722229 0.7611343 0.9843585 1.189576 1.261588 0.9532748 0.4552340 0.2342662 0.1678076 0.1323679 0.1040018
7.8457139E-02 9.5503017E-02 0.1194975 0.1510758 0.1968494 0.2611768 0.3578767 0.5008436 0.7158468 1.007869 1.277014 1.239596 0.9453503 0.6680768 0.4692510 0.3382471 0.2495646 0.1905648 0.1487199 0.1198501 9.8300278E-02 8.3039187E-02 7.1219943E-02 6.2808506E-02 5.6234654E-02 5.1717136E-02 4.8376154E-02 4.6423376E-02 4.5442246E-02 4.5545358E-02 4.6699006E-02 4.8892561E-02 5.2482627E-02 5.7357069E-02 6.4355008E-02 7.3350258E-02 8.5909076E-02 0.1021322 0.1248596 0.1550344 0.1979789 0.2567675 0.3411418 0.4569449 0.6164529 0.8170749 1.050633 1.260779 1.328231 1.006029 0.4913128 0.2574159 0.1831613 0.1431849 0.1119704
8.2734577E-02 0.1009124 0.1264200 0.1600296 0.2085462 0.2765475 0.3780726 0.5270589 0.7488673 1.047212 1.320192 1.282323 0.9835876 0.6997726 0.4942486 0.3574750 0.2642339 0.2017924 0.1573933 0.1266429 0.1037039 8.7415718E-02 7.4833006E-02 6.5856576E-02 5.8866423E-02 5.4050069E-02 5.0503749E-02 4.8425242E-02 4.7388226E-02 4.7502078E-02 4.8733406E-02 5.1076967E-02 5.4899767E-02 6.0106043E-02 6.7560114E-02 7.7170216E-02 9.0554357E-02 0.1078812 0.1320896 0.1642486 0.2098482 0.2721470 0.3610590 0.4824605 0.6483557 0.8553054 1.093653 1.305220 1.369641 1.040455 0.5171890 0.2760070 0.1964661 0.1529011 0.1192360
8.6581901E-02 0.1057072 0.1324396 0.1676402 0.2182060 0.2888126 0.3935355 0.5462247 0.7718751 1.073506 1.348279 1.310215 1.009345 0.7220781 0.5127165 0.3723436 0.2760457 0.2111412 0.1648213 0.1325923 0.1085263 9.1379695E-02 7.8147084E-02 6.8679325E-02 6.1324149E-02 5.6241482E-02 5.2511819E-02 5.0319646E-02 4.9232487E-02 4.9355924E-02 5.0657313E-02 5.3135831E-02 5.7166625E-02 6.2667497E-02 7.0521265E-02 8.0664292E-02 9.4749555E-02 0.1129963 0.1384038 0.1721211 0.2197213 0.2845459 0.3765377 0.5015006 0.6711488 0.8814977 1.122091 1.333990 1.396426 1.063518 0.5359058 0.2904466 0.2074198 0.1612283 0.1256288
8.9994512E-02 0.1098922 0.1375978 0.1740135 0.2260836 0.2985041 0.4053349 0.5603098 0.7881943 1.091642 1.367458 1.329279 1.027197 0.7380190 0.5264056 0.3837894 0.2854588 0.2188274 0.1710906 0.1377293 0.1127680 9.4922438E-02 8.1146717E-02 7.1262725E-02 6.3591950E-02 5.8278248E-02 5.4386877E-02 5.2094776E-02 5.0962869E-02 5.1094797E-02 5.2458473E-02 5.5055916E-02 5.9269298E-02 6.5025926E-02 7.3223829E-02 8.3817422E-02 9.8486312E-02 0.1174798 0.1438369 0.1787456 0.2278203 0.2944197 0.3884701 0.5156709 0.6875341 0.8997366 1.141441 1.353381 1.414765 1.079795 0.5494897 0.3014904 0.2162160 0.1681724 0.1311045
9.2983715E-02 0.1135039 0.1419676 0.1793021 0.2324616 0.3061435 0.4143655 0.5707805 0.7999976 1.104474 1.380782 1.342560 1.039887 0.7496172 0.5366544 0.3926169 0.2929374 0.2251001 0.1763342 0.1421160 0.1164579 9.8051578E-02 8.3831966E-02 7.3599905E-02 6.5662771E-02 6.0150407E-02 5.6120113E-02 5.3740852E-02 5.2570216E-02 5.2709639E-02 5.4127380E-02 5.6828164E-02 6.1198823E-02 6.7174166E-02 7.5662009E-02 8.6630814E-02 0.1017753 0.1213654 0.1484590 0.1842657 0.2344090 0.3022459 0.3976622 0.5262802 0.6994656 0.9127173 1.154987 1.366871 1.427489 1.091298 0.5596061 0.3099968 0.2232167 0.1738701 0.1357170
9.5577233E-02 0.1165906 0.1456420 0.1836630 0.2376127 0.3121707 0.4213258 0.5786629 0.8087097 1.113820 1.390508 1.352248 1.049150 0.7582184 0.5444157 0.3994663 0.2988806 0.2302043 0.1806921 0.1458342 0.1196381 0.1007897 8.6210899E-02 7.5693794E-02 6.7534149E-02 6.1854772E-02 5.7705872E-02 5.5252407E-02 5.4048326E-02 5.4194219E-02 5.5658184E-02 5.8447268E-02 6.2951289E-02 6.9110356E-02 7.7839434E-02 8.9114830E-02 0.1046422 0.1247010 0.1523605 0.1888351 0.2397498 0.3084445 0.4047746 0.5342965 0.7082947 0.9221539 1.164738 1.376571 1.436830 1.099905 0.5671458 0.3165323 0.2287674 0.1785100 0.1395552
9.7806424E-02 0.1192100 0.1487115 0.1872472 0.2417678 0.3169425 0.4267283 0.5846741 0.8152462 1.120737 1.397575 1.359310 1.056032 0.7646977 0.5503650 0.4048149 0.3036170 0.2343511 0.1843008 0.1489653 0.1223591 0.1031640 8.8299431E-02 7.7550158E-02 6.9208145E-02 6.3389651E-02 5.9141714E-02 5.6625392E-02 5.5393133E-02 5.5544365E-02 5.7047613E-02 5.9910886E-02 6.4526528E-02 7.0838153E-02 7.9764530E-02 9.1288216E-02 0.1071192 0.1275434 0.1556324 0.1926027 0.2440708 0.3133646 0.4103077 0.5404196 0.7149239 0.9291533 1.171906 1.383678 1.443588 1.106185 0.5729389 0.3216366 0.2331770 0.1822696 0.1427282
9.9708259E-02 0.1214162 0.1512641 0.1901830 0.2451208 0.3207305 0.4309535 0.5893059 0.8202279 1.125980 1.402998 1.364717 1.061250 0.7696520 0.5549694 0.4090202 0.3074000 0.2377198 0.1872781 0.1515891 0.1246700 0.1052067 9.0115562E-02 7.9180889E-02 7.0689909E-02 6.4757474E-02 6.0427189E-02 5.7858683E-02 5.6602795E-02 5.6758549E-02 5.8294460E-02 6.1219346E-02 6.5927267E-02 7.2363585E-02 8.1450328E-02 9.3171805E-02 0.1092422 0.1299480 0.1583627 0.1956978 0.2475658 0.3172776 0.4146401 0.5451394 0.7199716 0.9344267 1.177285 1.389022 1.448813 1.111104 0.5773433 0.3256002 0.2366794 0.1853113 0.1453335
0.1013155 0.1232624 0.1533738 0.1925811 0.2478228 0.3237457 0.4342723 0.5929060 0.8240595 1.129972 1.407029 1.368753 1.065239 0.7734740 0.5585622 0.4123393 0.3104277 0.2404516 0.1897269 0.1537741 0.1266190 0.1069478 9.1679767E-02 8.0596969E-02 7.1986750E-02 6.5961674E-02 6.1564069E-02 5.8952641E-02 5.7677407E-02 5.7836808E-02 5.9399597E-02 6.2375117E-02 6.7158110E-02 7.3695458E-02 8.2910255E-02 9.4788946E-02 0.1110456 0.1319682 0.1606272 0.1982329 0.2503880 0.3203960 0.4180450 0.5488071 0.7238508 0.9384532 1.181366 1.393060 1.452660 1.114736 0.5808094 0.3287367 0.2394693 0.1877632 0.1474646
0.1026614 0.1247929 0.1551068 0.1945288 0.2499956 0.3261425 0.4368867 0.5957142 0.8270314 1.133067 1.410230 1.371945 1.068328 0.7764459 0.5613745 0.4149651 0.3128469 0.2426606 0.1917284 0.1555810 0.1282468 0.1084171 9.3010798E-02 8.1811950E-02 7.3106483E-02 6.7007065E-02 6.2555261E-02 5.9909038E-02 5.8617920E-02 5.8780298E-02 6.0364876E-02 6.3381277E-02 6.8224944E-02 7.4842826E-02 8.4159486E-02 9.6160978E-02 0.1125622 0.1336495 0.1624930 0.2002968 0.2526609 0.3228776 0.4207277 0.5516663 0.7268540 0.9415479 1.184501 1.396176 1.455746 1.117682 0.5834597 0.3311788 0.2416830 0.1897345 0.1491936
0.1037729 0.1260479 0.1565147 0.1960990 0.2517301 0.3280416 0.4389392 0.5979058 0.8293334 1.135441 1.412601 1.374326 1.070709 0.7787533 0.5635762 0.4170344 0.3147720 0.2444334 0.1933509 0.1570584 0.1295905 0.1096393 9.4127126E-02 8.2837321E-02 7.4057393E-02 6.7899048E-02 6.3404091E-02 6.0729835E-02 5.9426170E-02 5.9590943E-02 6.1192948E-02 6.4242102E-02 6.9133617E-02 7.5815596E-02 8.5211672E-02 9.7308747E-02 0.1138205 0.1350332 0.1640134 0.2019642 0.2544785 0.3248450 0.4228342 0.5538962 0.7291785 0.9439359 1.186906 1.398551 1.457998 1.119826 0.5855702 0.3331169 0.2434366 0.1913055 0.1505865
0.1046751 0.1270588 0.1576421 0.1973459 0.2530993 0.3295285 0.4405383 0.5996016 0.8311110 1.137284 1.414517 1.376234 1.072551 0.7805383 0.5652841 0.4186521 0.3162856 0.2458391 0.1946463 0.1582480 0.1306797 0.1106378 9.5044285E-02 8.3685249E-02 7.4847184E-02 6.8643257E-02 6.4114295E-02 6.1418250E-02 6.0104486E-02 6.0271151E-02 6.1886836E-02 6.4961456E-02 6.9890685E-02 7.6622017E-02 8.6079605E-02 9.8249428E-02 0.1148455 0.1361515 0.1652338 0.2032911 0.2559148 0.3263868 0.4244750 0.5556206 0.7309697 0.9457661 1.188754 1.400389 1.459848 1.121606 0.5871548 0.3346007 0.2448054 0.1925442 0.1516898
0.1053868 0.1278530 0.1585216 0.1983145 0.2541555 0.3306710 0.4417589 0.6008928 0.8324562 1.138660 1.415872 1.377599 1.073936 0.7818913 0.5665876 0.4198903 0.3174524 0.2469277 0.1956569 0.1591808 0.1315397 0.1114299 9.5776491E-02 8.4364943E-02 7.5483344E-02 6.9244340E-02 6.4689577E-02 6.1976839E-02 6.0655382E-02 6.0823385E-02 6.2449615E-02 6.5543793E-02 7.0501514E-02 7.7270426E-02 8.6774170E-02 9.8998867E-02 0.1156569 0.1370324 0.1661885 0.2043236 0.2570242 0.3275718 0.4257277 0.5569325 0.7323242 0.9471496 1.190141 1.401756 1.461124 1.122826 0.5884022 0.3357537 0.2458571 0.1934974 0.1525458
0.1059250 0.1284498 0.1591809 0.1990361 0.2549404 0.3315149 0.4426590 0.6018399 0.8334442 1.139683 1.416952 1.378672 1.074959 0.7828861 0.5675454 0.4208057 0.3183168 0.2477392 0.1964126 0.1598828 0.1321891 0.1120315 9.6334301E-02 8.4885024E-02 7.5971417E-02 6.9707043E-02 6.5133356E-02 6.2408209E-02 6.1081067E-02 6.1250094E-02 6.2884018E-02 6.5992475E-02 7.0971183E-02 7.7767365E-02 8.7304935E-02 9.9568933E-02 0.1162721 0.1376964 0.1669053 0.2050940 0.2578493 0.3284478 0.4266514 0.5578945 0.7333173 0.9481585 1.191158 1.402771 1.462171 1.123840 0.5892740 0.3365807 0.2466308 0.1942050 0.1531817
0.1063004 0.1288661 0.1596381 0.1995361 0.2554810 0.3320962 0.4432755 0.6024891 0.8341163 1.140366 1.417603 1.379331 1.075649 0.7835640 0.5682028 0.4214338 0.3189133 0.2482998 0.1969377 0.1603711 0.1326433 0.1124529 9.6726798E-02 8.5251600E-02 7.6316662E-02 7.0034601E-02 6.5448128E-02 6.2714539E-02 6.1383564E-02 6.1553359E-02 6.3192479E-02 6.6310771E-02 7.1303591E-02 7.8118563E-02 8.7678656E-02 9.9969566E-02 0.1167025 0.1381600 0.1674034 0.2056283 0.2584184 0.3290512 0.4272841 0.5585536 0.7339936 0.9488475 1.191845 1.403444 1.462773 1.124414 0.5899104 0.3371674 0.2471648 0.1946915 0.1536223
