T4-twomodels-1/gx/model30.grd
DSAA
         100         100
  -15.00000       15.00000    
  -15.00000       15.00000    
  -2.824071       1.463290    
[rows 72 to 95 of 100, columns 0 to 54 of 100]
4.2518090E-02 4.9323142E-02 5.7652209E-02 6.7909978E-02 8.0566324E-02 9.6123271E-02 0.1149260 0.1367789 0.1601222 0.1810479 0.1933544 0.1921345 0.1780176 0.1565923 0.1337672 0.1129177 9.5255896E-02 8.0823049E-02 6.9227174E-02 5.9970517E-02 5.2602574E-02 4.6745311E-02 4.2106237E-02 3.8457554E-02 3.5630777E-02 3.3498663E-02 3.1971660E-02 3.0986736E-02 3.0506115E-02 3.0512223E-02 3.1007843E-02 3.2015614E-02 3.3579241E-02 3.5767712E-02 3.8677361E-02 4.2441882E-02 4.7235671E-02 5.3289372E-02 6.0890894E-02 7.0396751E-02 8.2204595E-02 9.6705198E-02 0.1141133 0.1341810 0.1556763 0.1758520 0.1902193 0.1935292 0.1822695 0.1584417 0.1296605 0.1032942 8.2465082E-02 6.6567205E-02 5.4223802E-02
3.7937175E-02 4.3491978E-02 5.0130378E-02 5.8062859E-02 6.7505687E-02 7.8601606E-02 9.1305874E-02 0.1051301 0.1188469 0.1302747 0.1367330 0.1362008 0.1289452 0.1172595 0.1037964 9.0562314E-02 7.8613400E-02 6.8332076E-02 5.9714522E-02 5.2602462E-02 4.6783835E-02 4.2058270E-02 3.8247410E-02 3.5208620E-02 3.2825898E-02 3.1012613E-02 2.9702723E-02 2.8851490E-02 2.8429819E-02 2.8425178E-02 2.8839292E-02 2.9688902E-02 3.1006752E-02 3.2842156E-02 3.5265040E-02 3.8366221E-02 4.2263869E-02 4.7101080E-02 5.3050067E-02 6.0294785E-02 6.9012597E-02 7.9302475E-02 9.1084190E-02 0.1038992 0.1167034 0.1276868 0.1344672 0.1347650 0.1276744 0.1143579 9.7919129E-02 8.1848815E-02 6.7788802E-02 5.6092266E-02 4.6466496E-02
3.3749279E-02 3.8245235E-02 4.3484662E-02 4.9567986E-02 5.6557734E-02 6.4442344E-02 7.3040895E-02 8.1908420E-02 9.0216234E-02 9.6783891E-02 0.1003271 0.1001350 9.6285522E-02 8.9650311E-02 8.1544057E-02 7.3087968E-02 6.5035477E-02 5.7772316E-02 5.1443174E-02 4.6044219E-02 4.1508954E-02 3.7741970E-02 3.4650348E-02 3.2147244E-02 3.0161683E-02 2.8634595E-02 2.7522402E-02 2.6792545E-02 2.6425181E-02 2.6410643E-02 2.6750403E-02 2.7456407E-02 2.8551387E-02 3.0070271E-02 3.2059319E-02 3.4579094E-02 3.7701167E-02 4.1510265E-02 4.6093374E-02 5.1532228E-02 5.7870097E-02 6.5074958E-02 7.2957523E-02 8.1093840E-02 8.8726997E-02 9.4786666E-02 9.8036118E-02 9.7493872E-02 9.2848897E-02 8.4922493E-02 7.5198725E-02 6.4967871E-02 5.5371720E-02 4.6862431E-02 3.9490230E-02
2.9978605E-02 3.3594955E-02 3.7712477E-02 4.2359903E-02 4.7533933E-02 5.3157359E-02 5.9048306E-02 6.4862654E-02 7.0090920E-02 7.4096158E-02 7.6290578E-02 7.6237589E-02 7.3999420E-02 7.0065916E-02 6.5046504E-02 5.9568759E-02 5.4112181E-02 4.8990671E-02 4.4364881E-02 4.0299498E-02 3.6794417E-02 3.3821464E-02 3.1336427E-02 2.9295376E-02 2.7655439E-02 2.6381616E-02 2.5444640E-02 2.4823811E-02 2.4504945E-02 2.4481822E-02 2.4755117E-02 2.5332890E-02 2.6230628E-02 2.7470632E-02 2.9083045E-02 3.1103387E-02 3.3573292E-02 3.6534049E-02 4.0023584E-02 4.4059370E-02 4.8624754E-02 5.3632133E-02 5.8893546E-02 6.4071499E-02 6.8674371E-02 7.2074525E-02 7.3650658E-02 7.2957076E-02 6.9967359E-02 6.4973235E-02 5.8635399E-02 5.1891401E-02 4.5243867E-02 3.9033458E-02 3.3404093E-02
2.6619919E-02 2.9523164E-02 3.2753650E-02 3.6310408E-02 4.0156279E-02 4.4209082E-02 4.8311815E-02 5.2229654E-02 5.5641979E-02 5.8191869E-02 5.9544031E-02 5.9581786E-02 5.8313046E-02 5.5905938E-02 5.2718028E-02 4.9103692E-02 4.5372870E-02 4.1746836E-02 3.8370598E-02 3.5319515E-02 3.2627255E-02 3.0295856E-02 2.8314272E-02 2.6662091E-02 2.5318837E-02 2.4263740E-02 2.3480326E-02 2.2954997E-02 2.2679234E-02 2.2648569E-02 2.2863526E-02 2.3329178E-02 2.4054939E-02 2.5054755E-02 2.6345432E-02 2.7946930E-02 2.9878126E-02 3.2156054E-02 3.4786377E-02 3.7758213E-02 4.1025970E-02 4.4498559E-02 4.8013449E-02 5.1333442E-02 5.4138795E-02 5.6074969E-02 5.6803674E-02 5.6116480E-02 5.3967435E-02 5.0636493E-02 4.6518106E-02 4.1870467E-02 3.7123937E-02 3.2526806E-02 2.8210055E-02
2.3654692E-02 2.5984250E-02 2.8525352E-02 3.1258292E-02 3.4142662E-02 3.7100594E-02 4.0017165E-02 4.2728387E-02 4.5042649E-02 4.6758384E-02 4.7722425E-02 4.7788925E-02 4.6982594E-02 4.5458414E-02 4.3379631E-02 4.0954202E-02 3.8371421E-02 3.5789661E-02 3.3318624E-02 3.1032076E-02 2.8969433E-02 2.7150370E-02 2.5578080E-02 2.4249380E-02 2.3155376E-02 2.2287209E-02 2.1635432E-02 2.1193061E-02 2.0954652E-02 2.0917743E-02 2.1082366E-02 2.1451343E-02 2.2030128E-02 2.2825817E-02 2.3847213E-02 2.5102206E-02 2.6597438E-02 2.8333088E-02 3.0301040E-02 3.2474831E-02 3.4806199E-02 3.7210770E-02 3.9566923E-02 4.1706137E-02 4.3431431E-02 4.4528782E-02 4.4823401E-02 4.4207383E-02 4.2710129E-02 4.0380899E-02 3.7389074E-02 3.4092538E-02 3.0636128E-02 2.7178433E-02 2.3830784E-02
2.1050481E-02 2.2925181E-02 2.4931237E-02 2.7047426E-02 2.9232096E-02 3.1425614E-02 3.3540186E-02 3.5469897E-02 3.7089385E-02 3.8277168E-02 3.8921434E-02 3.9017387E-02 3.8561203E-02 3.7581295E-02 3.6201045E-02 3.4544062E-02 3.2736376E-02 3.0882576E-02 2.9068068E-02 2.7351504E-02 2.5773838E-02 2.4357481E-02 2.3115272E-02 2.2050831E-02 2.1164484E-02 2.0452991E-02 1.9913230E-02 1.9541482E-02 1.9335365E-02 1.9293234E-02 1.9415062E-02 1.9702131E-02 2.0156743E-02 2.0782080E-02 2.1580568E-02 2.2553930E-02 2.3699809E-02 2.5011623E-02 2.6472624E-02 2.8054975E-02 2.9711446E-02 3.1375926E-02 3.2955207E-02 3.4338024E-02 3.5394344E-02 3.6001470E-02 3.6051504E-02 3.5489175E-02 3.4292575E-02 3.2583021E-02 3.0497035E-02 2.8056514E-02 2.5451764E-02 2.2796258E-02 2.0167837E-02
1.8772595E-02 2.0285999E-02 2.1880295E-02 2.3531793E-02 2.5207728E-02 2.6858829E-02 2.8425450E-02 2.9832581E-02 3.1005248E-02 3.1871710E-02 3.2388259E-02 3.2484762E-02 3.2175321E-02 3.1529166E-02 3.0594042E-02 2.9447468E-02 2.8166385E-02 2.6825979E-02 2.5485866E-02 2.4195038E-02 2.2987060E-02 2.1886207E-02 2.0906378E-02 2.0056618E-02 1.9340390E-02 1.8759450E-02 1.8313292E-02 1.8001398E-02 1.7822625E-02 1.7776407E-02 1.7862417E-02 1.8080877E-02 1.8432328E-02 1.8916797E-02 1.9533690E-02 2.0279901E-02 2.1149831E-02 2.2132043E-02 2.3209298E-02 2.4353307E-02 2.5525829E-02 2.6672887E-02 2.7729472E-02 2.8616376E-02 2.9253658E-02 2.9560706E-02 2.9481415E-02 2.8982369E-02 2.8087966E-02 2.6786705E-02 2.5123706E-02 2.3279155E-02 2.1284109E-02 1.9207690E-02 1.7110940E-02
1.6782593E-02 1.8011531E-02 1.9286536E-02 2.0588866E-02 2.1889394E-02 2.3153521E-02 2.4335705E-02 2.5388323E-02 2.6258338E-02 2.6898861E-02 2.7263008E-02 2.7369699E-02 2.7213307E-02 2.6789049E-02 2.6150417E-02 2.5345774E-02 2.4430189E-02 2.3452448E-02 2.2458466E-02 2.1483889E-02 2.0558365E-02 1.9702088E-02 1.8930476E-02 1.8252762E-02 1.7675456E-02 1.7201619E-02 1.6833428E-02 1.6571384E-02 1.6415805E-02 1.6366372E-02 1.6422786E-02 1.6584609E-02 1.6851051E-02 1.7220752E-02 1.7690631E-02 1.8256089E-02 1.8908858E-02 1.9637523E-02 2.0424170E-02 2.1245398E-02 2.2068312E-02 2.2853665E-02 2.3552084E-02 2.4112049E-02 2.4477344E-02 2.4601277E-02 2.4442434E-02 2.3982791E-02 2.3204150E-02 2.2173947E-02 2.0951759E-02 1.9499844E-02 1.7918296E-02 1.6259639E-02 1.4563507E-02
1.5045560E-02 1.6048513E-02 1.7077075E-02 1.8113365E-02 1.9136503E-02 2.0118179E-02 2.1028506E-02 2.1831799E-02 2.2496903E-02 2.2995533E-02 2.3316266E-02 2.3415398E-02 2.3302820E-02 2.3018865E-02 2.2576459E-02 2.2008052E-02 2.1346882E-02 2.0629780E-02 1.9887850E-02 1.9150194E-02 1.8438956E-02 1.7772837E-02 1.7164698E-02 1.6624805E-02 1.6159397E-02 1.5773287E-02 1.5469050E-02 1.5248518E-02 1.5112266E-02 1.5060518E-02 1.5092817E-02 1.5208319E-02 1.5405709E-02 1.5682425E-02 1.6034838E-02 1.6456896E-02 1.6940659E-02 1.7474158E-02 1.8042412E-02 1.8624457E-02 1.9195639E-02 1.9724421E-02 2.0177254E-02 2.0515671E-02 2.0705229E-02 2.0711396E-02 2.0514088E-02 2.0100253E-02 1.9488040E-02 1.8651508E-02 1.7599134E-02 1.6443001E-02 1.5176675E-02 1.3830293E-02 1.2435836E-02
1.3527361E-02 1.4351962E-02 1.5187635E-02 1.6021555E-02 1.6835403E-02 1.7610239E-02 1.8322179E-02 1.8949086E-02 1.9466365E-02 1.9853774E-02 2.0087149E-02 2.0189354E-02 2.0154921E-02 1.9970892E-02 1.9665631E-02 1.9260101E-02 1.8780610E-02 1.8250633E-02 1.7694978E-02 1.7133949E-02 1.6586563E-02 1.6067026E-02 1.5587651E-02 1.5156926E-02 1.4781777E-02 1.4466585E-02 1.4214866E-02 1.4028396E-02 1.3908363E-02 1.3854957E-02 1.3867809E-02 1.3945921E-02 1.4087497E-02 1.4289862E-02 1.4548662E-02 1.4858291E-02 1.5210442E-02 1.5595090E-02 1.5998375E-02 1.6404258E-02 1.6791977E-02 1.7139383E-02 1.7420052E-02 1.7609293E-02 1.7680531E-02 1.7614296E-02 1.7391551E-02 1.7005306E-02 1.6439501E-02 1.5739232E-02 1.4936403E-02 1.3980086E-02 1.2931962E-02 1.1817591E-02 1.0656551E-02
1.2199172E-02 1.2880977E-02 1.3566350E-02 1.4243283E-02 1.4899356E-02 1.5518453E-02 1.6085498E-02 1.6582392E-02 1.6995542E-02 1.7312899E-02 1.7533632E-02 1.7626142E-02 1.7598048E-02 1.7477082E-02 1.7264500E-02 1.6975371E-02 1.6624864E-02 1.6232122E-02 1.5813438E-02 1.5385807E-02 1.4962793E-02 1.4557122E-02 1.4178196E-02 1.3834324E-02 1.3531128E-02 1.3273430E-02 1.3064248E-02 1.2905856E-02 1.2799248E-02 1.2744868E-02 1.2742274E-02 1.2790394E-02 1.2887455E-02 1.3030491E-02 1.3215601E-02 1.3437003E-02 1.3687738E-02 1.3958337E-02 1.4238057E-02 1.4512882E-02 1.4767840E-02 1.4984687E-02 1.5145808E-02 1.5231371E-02 1.5225564E-02 1.5111583E-02 1.4881787E-02 1.4529908E-02 1.4070033E-02 1.3474697E-02 1.2740614E-02 1.1947652E-02 1.1077587E-02 1.0143515E-02 9.1625303E-03
1.1033989E-02 1.1602251E-02 1.2168242E-02 1.2723862E-02 1.3257855E-02 1.3759970E-02 1.4217188E-02 1.4618807E-02 1.4952308E-02 1.5208066E-02 1.5371241E-02 1.5463904E-02 1.5481085E-02 1.5408274E-02 1.5263220E-02 1.5055809E-02 1.4799791E-02 1.4506879E-02 1.4190890E-02 1.3863255E-02 1.3535825E-02 1.3217783E-02 1.2917834E-02 1.2642289E-02 1.2396776E-02 1.2185107E-02 1.2010569E-02 1.1874993E-02 1.1779632E-02 1.1724760E-02 1.1710042E-02 1.1734444E-02 1.1796131E-02 1.1892477E-02 1.2019567E-02 1.2172574E-02 1.2344843E-02 1.2528978E-02 1.2715335E-02 1.2893617E-02 1.3050993E-02 1.3174994E-02 1.3250889E-02 1.3266341E-02 1.3207585E-02 1.3065902E-02 1.2830954E-02 1.2499683E-02 1.2057987E-02 1.1539971E-02 1.0965806E-02 1.0284394E-02 9.5389560E-03 8.7427488E-03 7.9053668E-03
1.0009778E-02 1.0486013E-02 1.0957827E-02 1.1417392E-02 1.1857489E-02 1.2268763E-02 1.2643474E-02 1.2971740E-02 1.3247506E-02 1.3465411E-02 1.3628229E-02 1.3711035E-02 1.3720007E-02 1.3676270E-02 1.3576919E-02 1.3429611E-02 1.3241527E-02 1.3023231E-02 1.2783380E-02 1.2532031E-02 1.2277304E-02 1.2027538E-02 1.1789008E-02 1.1567716E-02 1.1367883E-02 1.1193351E-02 1.1046667E-02 1.0929833E-02 1.0843770E-02 1.0788897E-02 1.0764821E-02 1.0770571E-02 1.0804534E-02 1.0864126E-02 1.0946120E-02 1.1045901E-02 1.1158221E-02 1.1276306E-02 1.1393013E-02 1.1499214E-02 1.1585964E-02 1.1642455E-02 1.1659185E-02 1.1625235E-02 1.1533011E-02 1.1373281E-02 1.1143223E-02 1.0839300E-02 1.0473017E-02 1.0018733E-02 9.4694067E-03 8.8872127E-03 8.2510188E-03 7.5662183E-03 6.8423953E-03
9.1063911E-03 9.5087215E-03 9.9044312E-03 1.0288572E-02 1.0654154E-02 1.0995630E-02 1.1305516E-02 1.1578490E-02 1.1807576E-02 1.1987783E-02 1.2108731E-02 1.2190482E-02 1.2228586E-02 1.2209028E-02 1.2144303E-02 1.2039420E-02 1.1902189E-02 1.1738573E-02 1.1556583E-02 1.1362650E-02 1.1164208E-02 1.0966980E-02 1.0776813E-02 1.0598046E-02 1.0434777E-02 1.0289837E-02 1.0165812E-02 1.0064181E-02 9.9859796E-03 9.9314367E-03 9.9002579E-03 9.8915771E-03 9.9038491E-03 9.9349488E-03 9.9818064E-03 1.0040784E-02 1.0106991E-02 1.0175388E-02 1.0239510E-02 1.0292871E-02 1.0327475E-02 1.0336220E-02 1.0310467E-02 1.0243876E-02 1.0128674E-02 9.9608032E-03 9.7338455E-03 9.4463127E-03 9.0859225E-03 8.6802822E-03 8.2438393E-03 7.7292491E-03 7.1695792E-03 6.5722009E-03 5.9417719E-03
8.3076367E-03 8.6491825E-03 8.9840824E-03 9.3072224E-03 9.6144443E-03 9.9000605E-03 1.0160089E-02 1.0388728E-02 1.0583340E-02 1.0741496E-02 1.0867144E-02 1.0939620E-02 1.0964075E-02 1.0957555E-02 1.0915742E-02 1.0842858E-02 1.0742302E-02 1.0620240E-02 1.0481319E-02 1.0331666E-02 1.0176117E-02 1.0020024E-02 9.8674204E-03 9.7224684E-03 9.5880562E-03 9.4669834E-03 9.3611097E-03 9.2719859E-03 9.2003271E-03 9.1464436E-03 9.1099991E-03 9.0902131E-03 9.0858089E-03 9.0947822E-03 9.1147153E-03 9.1422163E-03 9.1735916E-03 9.2042135E-03 9.2294645E-03 9.2434008E-03 9.2406524E-03 9.2146248E-03 9.1600586E-03 9.0705669E-03 8.9424085E-03 8.7699844E-03 8.5524851E-03 8.2876105E-03 7.9851663E-03 7.6220925E-03 7.1904440E-03 6.7412690E-03 6.2537035E-03 5.7296590E-03 5.1747835E-03
7.5987265E-03 7.8909565E-03 8.1758033E-03 8.4503265E-03 8.7100351E-03 8.9518875E-03 9.1713788E-03 9.3658529E-03 9.5310416E-03 9.6641276E-03 9.7571826E-03 9.8281847E-03 9.8731052E-03 9.8789418E-03 9.8552769E-03 9.8047741E-03 9.7322185E-03 9.6406434E-03 9.5349038E-03 9.4186394E-03 9.2965346E-03 9.1720643E-03 9.0491679E-03 8.9306654E-03 8.8194013E-03 8.7172976E-03 8.6262384E-03 8.5472828E-03 8.4812306E-03 8.4282076E-03 8.3879652E-03 8.3598271E-03 8.3426218E-03 8.3347708E-03 8.3339829E-03 8.3377194E-03 8.3425418E-03 8.3451299E-03 8.3411746E-03 8.3266292E-03 8.2964096E-03 8.2463985E-03 8.1713023E-03 8.0678165E-03 7.9311961E-03 7.7595804E-03 7.5485194E-03 7.2972518E-03 6.9950689E-03 6.6653308E-03 6.3193096E-03 5.9141363E-03 5.4766820E-03 5.0114319E-03 4.5205052E-03
6.9680451E-03 7.2190594E-03 7.4634226E-03 7.6977657E-03 7.9196664E-03 8.1254905E-03 8.3132358E-03 8.4792757E-03 8.6225681E-03 8.7420503E-03 8.8419430E-03 8.9044739E-03 8.9340182E-03 8.9449538E-03 8.9325625E-03 8.8993330E-03 8.8467905E-03 8.7787556E-03 8.6976979E-03 8.6074369E-03 8.5107926E-03 8.4112650E-03 8.3114151E-03 8.2140341E-03 8.1209941E-03 8.0342479E-03 7.9550687E-03 7.8845685E-03 7.8232381E-03 7.7712932E-03 7.7284486E-03 7.6941079E-03 7.6673343E-03 7.6466450E-03 7.6303012E-03 7.6159216E-03 7.6010376E-03 7.5825057E-03 7.5573786E-03 7.5217672E-03 7.4724355E-03 7.4051875E-03 7.3170788E-03 7.2041559E-03 7.0646117E-03 6.8947542E-03 6.6946917E-03 6.4627747E-03 6.2075667E-03 5.9084487E-03 5.5576027E-03 5.1985951E-03 4.8118285E-03 4.3976004E-03 3.9594327E-03
6.4047077E-03 6.6219759E-03 6.8324241E-03 7.0343316E-03 7.2246799E-03 7.4018207E-03 7.5628981E-03 7.7066426E-03 7.8302277E-03 7.9319077E-03 8.0052419E-03 8.0662351E-03 8.1112338E-03 8.1284111E-03 8.1255129E-03 8.1040170E-03 8.0670798E-03 8.0161979E-03 7.9544066E-03 7.8837033E-03 7.8070979E-03 7.7267243E-03 7.6452079E-03 7.5643086E-03 7.4859574E-03 7.4114176E-03 7.3420010E-03 7.2783981E-03 7.2211730E-03 7.1704038E-03 7.1258885E-03 7.0871171E-03 7.0532258E-03 7.0230658E-03 6.9949916E-03 6.9672954E-03 6.9376291E-03 6.9038430E-03 6.8630530E-03 6.8127406E-03 6.7495857E-03 6.6711861E-03 6.5741357E-03 6.4567477E-03 6.3159638E-03 6.1510205E-03 5.9585921E-03 5.7382556E-03 5.4805838E-03 5.2058506E-03 4.9234079E-03 4.5947852E-03 4.2426777E-03 3.8700555E-03 3.4777317E-03
5.9004426E-03 6.0890550E-03 6.2717735E-03 6.4463015E-03 6.6112112E-03 6.7640869E-03 6.9039925E-03 7.0285168E-03 7.1374234E-03 7.2302879E-03 7.3112249E-03 7.3646018E-03 7.3942025E-03 7.4124690E-03 7.4147335E-03 7.4025569E-03 7.3765116E-03 7.3390882E-03 7.2915051E-03 7.2361990E-03 7.1748057E-03 7.1096737E-03 7.0423535E-03 6.9747046E-03 6.9079106E-03 6.8433234E-03 6.7817462E-03 6.7239464E-03 6.6702389E-03 6.6207782E-03 6.5753339E-03 6.5334542E-03 6.4944662E-03 6.4572799E-03 6.4207013E-03 6.3830856E-03 6.3428232E-03 6.2977863E-03 6.2461230E-03 6.1852103E-03 6.1131003E-03 6.0270345E-03 5.9253648E-03 5.8055311E-03 5.6667845E-03 5.5065104E-03 5.3252238E-03 5.1216539E-03 4.9033943E-03 4.6519823E-03 4.3601380E-03 4.0659485E-03 3.7513704E-03 3.4159541E-03 3.0620482E-03
5.4472717E-03 5.6122094E-03 5.7712565E-03 5.9234235E-03 6.0665938E-03 6.1999280E-03 6.3215178E-03 6.4308369E-03 6.5258676E-03 6.6054198E-03 6.6640116E-03 6.7159557E-03 6.7579276E-03 6.7791962E-03 6.7862901E-03 6.7800526E-03 6.7627067E-03 6.7348955E-03 6.6985665E-03 6.6547566E-03 6.6054813E-03 6.5519940E-03 6.4960448E-03 6.4387182E-03 6.3813324E-03 6.3246721E-03 6.2696273E-03 6.2166220E-03 6.1660516E-03 6.1179497E-03 6.0721561E-03 6.0282834E-03 5.9857033E-03 5.9436024E-03 5.9008170E-03 5.8562364E-03 5.8082510E-03 5.7555079E-03 5.6960629E-03 5.6283264E-03 5.5500627E-03 5.4598893E-03 5.3555262E-03 5.2362010E-03 5.0998349E-03 4.9462356E-03 4.7727511E-03 4.5791506E-03 4.3570683E-03 4.1244114E-03 3.8892813E-03 3.6171125E-03 3.3276032E-03 3.0228829E-03 2.7031093E-03
5.0391932E-03 5.1837014E-03 5.3232168E-03 5.4561156E-03 5.5815824E-03 5.6979451E-03 5.8048554E-03 5.9006140E-03 5.9853625E-03 6.0589733E-03 6.1253035E-03 6.1704605E-03 6.1977613E-03 6.2181512E-03 6.2271697E-03 6.2258709E-03 6.2143165E-03 6.1941976E-03 6.1660227E-03 6.1313934E-03 6.0912259E-03 6.0470877E-03 5.9999120E-03 5.9509734E-03 5.9009800E-03 5.8508567E-03 5.8010886E-03 5.7521942E-03 5.7043652E-03 5.6577125E-03 5.6120339E-03 5.5669830E-03 5.5220826E-03 5.4765455E-03 5.4295701E-03 5.3800428E-03 5.3269225E-03 5.2687596E-03 5.2044047E-03 5.1320433E-03 5.0505064E-03 4.9579367E-03 4.8534526E-03 4.7353180E-03 4.6033515E-03 4.4555841E-03 4.2927144E-03 4.1137277E-03 3.9254702E-03 3.7113773E-03 3.4647717E-03 3.2194227E-03 2.9588516E-03 2.6823103E-03 2.3914792E-03
4.6703061E-03 4.7978074E-03 4.9203541E-03 5.0374023E-03 5.1474134E-03 5.2500032E-03 5.3438316E-03 5.4287789E-03 5.5032955E-03 5.5664801E-03 5.6135468E-03 5.6574899E-03 5.6952471E-03 5.7169721E-03 5.7283188E-03 5.7297777E-03 5.7230056E-03 5.7081683E-03 5.6865634E-03 5.6586578E-03 5.6258263E-03 5.5887881E-03 5.5487505E-03 5.5063358E-03 5.4624435E-03 5.4175556E-03 5.3722742E-03 5.3268247E-03 5.2814889E-03 5.2362727E-03 5.1910449E-03 5.1455079E-03 5.0991937E-03 5.0515383E-03 5.0017382E-03 4.9490975E-03 4.8924969E-03 4.8310827E-03 4.7635194E-03 4.6888161E-03 4.6054316E-03 4.5126155E-03 4.4087800E-03 4.2936527E-03 4.1657314E-03 4.0251422E-03 3.8696877E-03 3.6992810E-03 3.5064907E-03 3.3074296E-03 3.1092120E-03 2.8804687E-03 2.6386939E-03 2.3855814E-03 2.1209596E-03
4.3363520E-03 4.4489303E-03 4.5573730E-03 4.6604997E-03 4.7578556E-03 4.8481924E-03 4.9314783E-03 5.0064628E-03 5.0734864E-03 5.1325369E-03 5.1872032E-03 5.2251378E-03 5.2492516E-03 5.2691768E-03 5.2807373E-03 5.2846749E-03 5.2807918E-03 5.2702995E-03 5.2533043E-03 5.2308766E-03 5.2035139E-03 5.1722890E-03 5.1377225E-03 5.1006782E-03 5.0615817E-03 5.0210827E-03 4.9794465E-03 4.9370122E-03 4.8938883E-03 4.8501496E-03 4.8056389E-03 4.7600949E-03 4.7131530E-03 4.6642488E-03 4.6128710E-03 4.5582680E-03 4.4997651E-03 4.4363602E-03 4.3673511E-03 4.2914576E-03 4.2079948E-03 4.1156877E-03 4.0140953E-03 3.9019845E-03 3.7794542E-03 3.6449805E-03 3.4993391E-03 3.3417260E-03 3.1783995E-03 2.9945544E-03 2.7840140E-03 2.5768322E-03 2.3580878E-03 2.1269822E-03 1.8847932E-03
