T4-twomodels-1/gx/model60.grd
DSAA
         100         100
  -15.00000       15.00000    
  -15.00000       15.00000    
  -4.107214       2.073555    
[rows 0 to 25 of 100, columns 0 to 57 of 100]
1.0536312E-02 1.0775809E-02 1.1005905E-02 1.1225543E-02 1.1433139E-02 1.1627955E-02 1.1808257E-02 1.1973495E-02 1.2122114E-02 1.2253147E-02 1.2362784E-02 1.2461423E-02 1.2546508E-02 1.2610047E-02 1.2656390E-02 1.2685787E-02 1.2699503E-02 1.2697891E-02 1.2682418E-02 1.2653650E-02 1.2612710E-02 1.2560359E-02 1.2497675E-02 1.2425159E-02 1.2343612E-02 1.2253392E-02 1.2154948E-02 1.2048394E-02 1.1933668E-02 1.1810479E-02 1.1678531E-02 1.1537186E-02 1.1385599E-02 1.1223027E-02 1.1048391E-02 1.0860632E-02 1.0658450E-02 1.0440667E-02 1.0205782E-02 9.9529019E-03 9.6806409E-03 9.3881823E-03 9.0741767E-03 8.7382365E-03 8.3790766E-03 7.9971142E-03 7.5910753E-03 7.1614245E-03 6.7027505E-03 6.2283115E-03 5.7442565E-03 5.2255178E-03 4.6863002E-03 4.1287285E-03 3.5533216E-03 2.9605669E-03 2.3525478E-03 1.7298801E-03
1.1279677E-02 1.1546878E-02 1.1804149E-02 1.2049482E-02 1.2281821E-02 1.2499316E-02 1.2700957E-02 1.2884898E-02 1.3050970E-02 1.3198802E-02 1.3331703E-02 1.3437949E-02 1.3520258E-02 1.3587741E-02 1.3636425E-02 1.3667070E-02 1.3679693E-02 1.3675934E-02 1.3656613E-02 1.3623260E-02 1.3576792E-02 1.3518766E-02 1.3449910E-02 1.3371301E-02 1.3283704E-02 1.3187880E-02 1.3084154E-02 1.2972886E-02 1.2853883E-02 1.2726900E-02 1.2591534E-02 1.2447027E-02 1.2292428E-02 1.2126707E-02 1.1948711E-02 1.1756902E-02 1.1549929E-02 1.1326035E-02 1.1083792E-02 1.0821560E-02 1.0538204E-02 1.0231963E-02 9.9020628E-03 9.5469235E-03 9.1663692E-03 8.7591521E-03 8.3264569E-03 7.8679966E-03 7.3901932E-03 6.8795136E-03 6.3307839E-03 5.7725818E-03 5.1911776E-03 4.5867404E-03 3.9613480E-03 3.3172977E-03 2.6554742E-03 1.9780339E-03
1.2091786E-02 1.2391125E-02 1.2679214E-02 1.2954482E-02 1.3214749E-02 1.3458756E-02 1.3684165E-02 1.3890089E-02 1.4074573E-02 1.4236351E-02 1.4371096E-02 1.4490114E-02 1.4590736E-02 1.4664390E-02 1.4716070E-02 1.4746437E-02 1.4757323E-02 1.4749530E-02 1.4725095E-02 1.4685208E-02 1.4631808E-02 1.4566171E-02 1.4489695E-02 1.4403444E-02 1.4308754E-02 1.4206293E-02 1.4096712E-02 1.3980268E-02 1.3856957E-02 1.3726414E-02 1.3588154E-02 1.3441272E-02 1.3284625E-02 1.3117026E-02 1.2936880E-02 1.2742487E-02 1.2531927E-02 1.2303385E-02 1.2054676E-02 1.1784247E-02 1.1490035E-02 1.1170624E-02 1.0824124E-02 1.0449762E-02 1.0045829E-02 9.6126227E-03 9.1486750E-03 8.6543616E-03 8.1238179E-03 7.5716889E-03 7.0049595E-03 6.3964892E-03 5.7620937E-03 5.1043564E-03 4.4241594E-03 3.7223406E-03 3.0014860E-03 2.2625115E-03
1.2981415E-02 1.3317331E-02 1.3641307E-02 1.3950620E-02 1.4243567E-02 1.4517514E-02 1.4770890E-02 1.5001259E-02 1.5208050E-02 1.5390577E-02 1.5552334E-02 1.5680416E-02 1.5777923E-02 1.5855029E-02 1.5907684E-02 1.5937215E-02 1.5944170E-02 1.5930893E-02 1.5898904E-02 1.5850643E-02 1.5787799E-02 1.5712544E-02 1.5626259E-02 1.5530773E-02 1.5427371E-02 1.5317201E-02 1.5200851E-02 1.5078858E-02 1.4951147E-02 1.4817395E-02 1.4676947E-02 1.4528726E-02 1.4371409E-02 1.4203433E-02 1.4022956E-02 1.3827702E-02 1.3615581E-02 1.3383981E-02 1.3130639E-02 1.2853056E-02 1.2549307E-02 1.2216837E-02 1.1854303E-02 1.1459516E-02 1.1031890E-02 1.0569881E-02 1.0074657E-02 9.5458440E-03 8.9906342E-03 8.3943671E-03 7.7516125E-03 7.0941057E-03 6.4071207E-03 5.6912461E-03 4.9491655E-03 4.1837688E-03 3.3963581E-03 2.5896423E-03
1.3957676E-02 1.4336266E-02 1.4701366E-02 1.5050626E-02 1.5380945E-02 1.5690194E-02 1.5975218E-02 1.6234485E-02 1.6465303E-02 1.6665902E-02 1.6831338E-02 1.6974188E-02 1.7091569E-02 1.7174140E-02 1.7227858E-02 1.7254075E-02 1.7255481E-02 1.7233687E-02 1.7191770E-02 1.7131902E-02 1.7056962E-02 1.6969072E-02 1.6870631E-02 1.6763467E-02 1.6649557E-02 1.6530059E-02 1.6406005E-02 1.6277885E-02 1.6145799E-02 1.6009297E-02 1.5867619E-02 1.5719483E-02 1.5563244E-02 1.5397071E-02 1.5218516E-02 1.5025030E-02 1.4813716E-02 1.4581709E-02 1.4325713E-02 1.4043192E-02 1.3731039E-02 1.3386950E-02 1.3008188E-02 1.2593334E-02 1.2140025E-02 1.1648351E-02 1.1116537E-02 1.0544990E-02 9.9273948E-03 9.2803873E-03 8.6119594E-03 7.8923749E-03 7.1396981E-03 6.3573411E-03 5.5467668E-03 4.7093462E-03 3.8483676E-03 2.9652365E-03
1.5031931E-02 1.5459662E-02 1.5873095E-02 1.6268428E-02 1.6642885E-02 1.6992643E-02 1.7315183E-02 1.7607080E-02 1.7867051E-02 1.8093860E-02 1.8291144E-02 1.8444687E-02 1.8557984E-02 1.8642487E-02 1.8694254E-02 1.8715542E-02 1.8707817E-02 1.8674619E-02 1.8618694E-02 1.8543754E-02 1.8452641E-02 1.8348768E-02 1.8234646E-02 1.8113058E-02 1.7986042E-02 1.7855424E-02 1.7722286E-02 1.7587472E-02 1.7450981E-02 1.7312400E-02 1.7170779E-02 1.7024575E-02 1.6871845E-02 1.6710188E-02 1.6536795E-02 1.6348274E-02 1.6141333E-02 1.5912022E-02 1.5656753E-02 1.5371725E-02 1.5053784E-02 1.4699155E-02 1.4305505E-02 1.3869709E-02 1.3390566E-02 1.2866046E-02 1.2297309E-02 1.1683921E-02 1.1034120E-02 1.0332238E-02 9.5726820E-03 8.7909279E-03 7.9714851E-03 7.1157408E-03 6.2272749E-03 5.3098421E-03 4.3654689E-03 3.3975891E-03
1.6216543E-02 1.6702071E-02 1.7171599E-02 1.7621487E-02 1.8047174E-02 1.8445140E-02 1.8810846E-02 1.9141655E-02 1.9433748E-02 1.9684546E-02 1.9888202E-02 2.0058705E-02 2.0192951E-02 2.0280832E-02 2.0329684E-02 2.0341972E-02 2.0321798E-02 2.0272166E-02 2.0197829E-02 2.0102484E-02 1.9990612E-02 1.9865846E-02 1.9732010E-02 1.9592060E-02 1.9448975E-02 1.9304728E-02 1.9161014E-02 1.9018646E-02 1.8877847E-02 1.8738039E-02 1.8598149E-02 1.8456332E-02 1.8310146E-02 1.8156735E-02 1.7992467E-02 1.7813427E-02 1.7615160E-02 1.7393215E-02 1.7142614E-02 1.6859204E-02 1.6538227E-02 1.6175877E-02 1.5768070E-02 1.5312349E-02 1.4805445E-02 1.4247081E-02 1.3635104E-02 1.2970013E-02 1.2245137E-02 1.1479677E-02 1.0683143E-02 9.8230438E-03 8.9204907E-03 7.9802042E-03 7.0046023E-03 5.9959544E-03 4.9585905E-03 3.8946136E-03
1.7526478E-02 1.8079378E-02 1.8615436E-02 1.9129127E-02 1.9615939E-02 2.0070167E-02 2.0487651E-02 2.0863328E-02 2.1194687E-02 2.1479519E-02 2.1721357E-02 2.1904206E-02 2.2032136E-02 2.2118421E-02 2.2159543E-02 2.2159249E-02 2.2120617E-02 2.2049177E-02 2.1949647E-02 2.1827841E-02 2.1688553E-02 2.1537168E-02 2.1377880E-02 2.1214956E-02 2.1051683E-02 2.0890929E-02 2.0734511E-02 2.0583712E-02 2.0438662E-02 2.0298824E-02 2.0162858E-02 2.0028571E-02 1.9893011E-02 1.9752545E-02 1.9602891E-02 1.9438948E-02 1.9255534E-02 1.9046675E-02 1.8806718E-02 1.8529719E-02 1.8210491E-02 1.7843258E-02 1.7424079E-02 1.6948383E-02 1.6414022E-02 1.5818246E-02 1.5162151E-02 1.4445371E-02 1.3677607E-02 1.2842195E-02 1.1933780E-02 1.0993004E-02 1.0003797E-02 8.9689000E-03 7.8933463E-03 6.7823008E-03 5.6388332E-03 4.4674366E-03
1.8978341E-02 1.9611238E-02 2.0225571E-02 2.0815644E-02 2.1374559E-02 2.1896567E-02 2.2374814E-02 2.2804692E-02 2.3180462E-02 2.3498084E-02 2.3750246E-02 2.3952402E-02 2.4101295E-02 2.4186263E-02 2.4216680E-02 2.4196923E-02 2.4133468E-02 2.4031740E-02 2.3899177E-02 2.3742061E-02 2.3567459E-02 2.3381382E-02 2.3189835E-02 2.2997627E-02 2.2809306E-02 2.2628082E-02 2.2456542E-02 2.2296036E-02 2.2146953E-02 2.2008602E-02 2.1879427E-02 2.1756765E-02 2.1636976E-02 2.1515703E-02 2.1387484E-02 2.1246333E-02 2.1085419E-02 2.0897793E-02 2.0675788E-02 2.0412575E-02 2.0100687E-02 1.9733906E-02 1.9305913E-02 1.8812584E-02 1.8249206E-02 1.7614843E-02 1.6906880E-02 1.6126052E-02 1.5265612E-02 1.4348225E-02 1.3385851E-02 1.2343424E-02 1.1246271E-02 1.0101248E-02 8.9124534E-03 7.6836459E-03 6.4206938E-03 5.1267431E-03
2.0592425E-02 2.1319671E-02 2.2027815E-02 2.2708582E-02 2.3354663E-02 2.3957267E-02 2.4509393E-02 2.5003130E-02 2.5433678E-02 2.5796972E-02 2.6095979E-02 2.6312152E-02 2.6450399E-02 2.6526647E-02 2.6538450E-02 2.6492106E-02 2.6393566E-02 2.6251731E-02 2.6074665E-02 2.5871627E-02 2.5650626E-02 2.5420133E-02 2.5187029E-02 2.4957921E-02 2.4737980E-02 2.4531594E-02 2.4341628E-02 2.4170024E-02 2.4017131E-02 2.3882277E-02 2.3763562E-02 2.3657747E-02 2.3560490E-02 2.3466298E-02 2.3368707E-02 2.3260014E-02 2.3132158E-02 2.2975929E-02 2.2782352E-02 2.2541938E-02 2.2246122E-02 2.1885883E-02 2.1454545E-02 2.0945119E-02 2.0353863E-02 1.9676855E-02 1.8915113E-02 1.8068587E-02 1.7149266E-02 1.6139794E-02 1.5035873E-02 1.3885515E-02 1.2672638E-02 1.1402373E-02 1.0082238E-02 8.7196110E-03 7.3191999E-03 5.8870474E-03
2.2390904E-02 2.3231288E-02 2.4051357E-02 2.4842117E-02 2.5592878E-02 2.6294060E-02 2.6934789E-02 2.7506886E-02 2.8001163E-02 2.8410858E-02 2.8726220E-02 2.8964136E-02 2.9121254E-02 2.9186688E-02 2.9173126E-02 2.9088277E-02 2.8942788E-02 2.8746314E-02 2.8510850E-02 2.8246978E-02 2.7966060E-02 2.7677903E-02 2.7391912E-02 2.7115703E-02 2.6856203E-02 2.6618376E-02 2.6406098E-02 2.6221463E-02 2.6065188E-02 2.5936350E-02 2.5832754E-02 2.5750514E-02 2.5684299E-02 2.5627567E-02 2.5572177E-02 2.5508974E-02 2.5427487E-02 2.5316747E-02 2.5164772E-02 2.4960278E-02 2.4691302E-02 2.4347514E-02 2.3918811E-02 2.3398092E-02 2.2778261E-02 2.2057211E-02 2.1231767E-02 2.0303339E-02 1.9265730E-02 1.8146703E-02 1.6962295E-02 1.5675545E-02 1.4317972E-02 1.2900100E-02 1.1428950E-02 9.9107921E-03 8.3538620E-03 6.7628748E-03
2.4401043E-02 2.5376584E-02 2.6332436E-02 2.7255984E-02 2.8135212E-02 2.8956046E-02 2.9706366E-02 3.0373130E-02 3.0947162E-02 3.1420801E-02 3.1795394E-02 3.2048810E-02 3.2187033E-02 3.2229919E-02 3.2177370E-02 3.2040335E-02 3.1829961E-02 3.1561092E-02 3.1247567E-02 3.0904474E-02 3.0545166E-02 3.0182976E-02 2.9828906E-02 2.9493127E-02 2.9183559E-02 2.8906748E-02 2.8667010E-02 2.8467197E-02 2.8307976E-02 2.8188461E-02 2.8105928E-02 2.8055761E-02 2.8031634E-02 2.8025456E-02 2.8027518E-02 2.8026238E-02 2.8009061E-02 2.7961692E-02 2.7869677E-02 2.7717700E-02 2.7491443E-02 2.7176267E-02 2.6760641E-02 2.6233355E-02 2.5587751E-02 2.4818039E-02 2.3925163E-02 2.2909971E-02 2.1788260E-02 2.0543002E-02 1.9172728E-02 1.7736165E-02 1.6218681E-02 1.4629753E-02 1.2981133E-02 1.1283783E-02 9.5450617E-03 7.7732210E-03
2.6652981E-02 2.7792290E-02 2.8912487E-02 2.9999286E-02 3.1035699E-02 3.2005396E-02 3.2890353E-02 3.3675615E-02 3.4345496E-02 3.4887932E-02 3.5288803E-02 3.5566244E-02 3.5716809E-02 3.5730142E-02 3.5624590E-02 3.5414107E-02 3.5116844E-02 3.4750156E-02 3.4333959E-02 3.3886295E-02 3.3425499E-02 3.2967340E-02 3.2526456E-02 3.2114677E-02 3.1742249E-02 3.1416588E-02 3.1143263E-02 3.0925333E-02 3.0763913E-02 3.0657811E-02 3.0603848E-02 3.0596606E-02 3.0628445E-02 3.0689815E-02 3.0768624E-02 3.0851087E-02 3.0921128E-02 3.0961448E-02 3.0952960E-02 3.0876935E-02 3.0713679E-02 3.0445565E-02 3.0055685E-02 2.9531447E-02 2.8861467E-02 2.8041583E-02 2.7067827E-02 2.5943303E-02 2.4663784E-02 2.3265302E-02 2.1771127E-02 2.0143840E-02 1.8424883E-02 1.6631240E-02 1.4775100E-02 1.2866953E-02 1.0918668E-02 8.9372983E-03
2.9183278E-02 3.0520666E-02 3.1842753E-02 3.3130016E-02 3.4362525E-02 3.5517022E-02 3.6571942E-02 3.7504479E-02 3.8296804E-02 3.8933937E-02 3.9413210E-02 3.9707031E-02 3.9822854E-02 3.9786659E-02 3.9603639E-02 3.9293461E-02 3.8877178E-02 3.8380381E-02 3.7827276E-02 3.7242930E-02 3.6649473E-02 3.6067877E-02 3.5515457E-02 3.5007425E-02 3.4555499E-02 3.4169015E-02 3.3854112E-02 3.3614714E-02 3.3451889E-02 3.3364389E-02 3.3348471E-02 3.3397734E-02 3.3503324E-02 3.3653621E-02 3.3834375E-02 3.4028303E-02 3.4216110E-02 3.4375466E-02 3.4482926E-02 3.4513321E-02 3.4442253E-02 3.4244999E-02 3.3900969E-02 3.3391066E-02 3.2703120E-02 3.1827930E-02 3.0766303E-02 2.9521357E-02 2.8115589E-02 2.6535051E-02 2.4784831E-02 2.2940118E-02 2.0991035E-02 1.8955063E-02 1.6851241E-02 1.4696455E-02 1.2502144E-02 1.0279693E-02
3.2032471E-02 3.3612363E-02 3.5182368E-02 3.6719799E-02 3.8197115E-02 3.9586082E-02 4.0855382E-02 4.1976802E-02 4.2921714E-02 4.3667268E-02 4.4190653E-02 4.4510096E-02 4.4622205E-02 4.4519193E-02 4.4230029E-02 4.3780874E-02 4.3204181E-02 4.2531721E-02 4.1797679E-02 4.1033003E-02 4.0267419E-02 3.9526097E-02 3.8831368E-02 3.8200807E-02 3.7649002E-02 3.7186310E-02 3.6820274E-02 3.6555003E-02 3.6391936E-02 3.6329482E-02 3.6363393E-02 3.6486335E-02 3.6687881E-02 3.6954567E-02 3.7269056E-02 3.7610892E-02 3.7955713E-02 3.8276337E-02 3.8542047E-02 3.8721353E-02 3.8780894E-02 3.8689502E-02 3.8417418E-02 3.7941366E-02 3.7241712E-02 3.6309995E-02 3.5141274E-02 3.3742219E-02 3.2113872E-02 3.0306658E-02 2.8357439E-02 2.6232552E-02 2.3990229E-02 2.1658966E-02 1.9260118E-02 1.6811216E-02 1.4329582E-02 1.1825372E-02
3.5248891E-02 3.7125438E-02 3.9003756E-02 4.0853661E-02 4.2641912E-02 4.4328962E-02 4.5875300E-02 4.7238909E-02 4.8383936E-02 4.9279809E-02 4.9913920E-02 5.0249178E-02 5.0295185E-02 5.0088935E-02 4.9647439E-02 4.9008083E-02 4.8211519E-02 4.7303800E-02 4.6328142E-02 4.5326926E-02 4.4336550E-02 4.3389734E-02 4.2512588E-02 4.1727036E-02 4.1049279E-02 4.0491760E-02 4.0062405E-02 3.9766114E-02 3.9604124E-02 3.9574783E-02 3.9673187E-02 3.9891057E-02 4.0216625E-02 4.0634081E-02 4.1123375E-02 4.1659538E-02 4.2213388E-02 4.2750243E-02 4.3232016E-02 4.3616582E-02 4.3861333E-02 4.3922678E-02 4.3762296E-02 4.3345407E-02 4.2648450E-02 4.1655276E-02 4.0366281E-02 3.8789567E-02 3.6960334E-02 3.4874156E-02 3.2550938E-02 3.0093744E-02 2.7504493E-02 2.4815463E-02 2.2058396E-02 1.9259764E-02 1.6436975E-02 1.3605286E-02
3.8885869E-02 4.1128874E-02 4.3390866E-02 4.5636486E-02 4.7820795E-02 4.9894199E-02 5.1799953E-02 5.3482972E-02 5.4887448E-02 5.5966821E-02 5.6679484E-02 5.7040237E-02 5.7046164E-02 5.6697231E-02 5.6044266E-02 5.5139184E-02 5.4043375E-02 5.2816778E-02 5.1519968E-02 5.0206285E-02 4.8923809E-02 4.7711521E-02 4.6602096E-02 4.5620091E-02 4.4784669E-02 4.4108845E-02 4.3601647E-02 4.3267757E-02 4.3108635E-02 4.3122176E-02 4.3303084E-02 4.3642279E-02 4.4126600E-02 4.4738427E-02 4.5454256E-02 4.6245139E-02 4.7075056E-02 4.7901865E-02 4.8676081E-02 4.9344178E-02 4.9847901E-02 5.0130222E-02 5.0135773E-02 4.9818967E-02 4.9142633E-02 4.8088655E-02 4.6650019E-02 4.4840995E-02 4.2675484E-02 4.0231414E-02 3.7573047E-02 3.4680486E-02 3.1642351E-02 2.8508428E-02 2.5316194E-02 2.2094464E-02 1.8868105E-02 1.5650516E-02
4.3005642E-02 4.5701001E-02 4.8445351E-02 5.1193230E-02 5.3889740E-02 5.6466386E-02 5.8848843E-02 6.0955610E-02 6.2711328E-02 6.4049728E-02 6.4933322E-02 6.5306105E-02 6.5181248E-02 6.4617813E-02 6.3661076E-02 6.2387139E-02 6.0877986E-02 5.9220329E-02 5.7492997E-02 5.5768039E-02 5.4104302E-02 5.2551024E-02 5.1145356E-02 4.9916122E-02 4.8883218E-02 4.8060995E-02 4.7457911E-02 4.7078826E-02 4.6924569E-02 4.6992946E-02 4.7278263E-02 4.7770936E-02 4.8457112E-02 4.9317282E-02 5.0325509E-02 5.1447790E-02 5.2641891E-02 5.3855028E-02 5.5025775E-02 5.6082942E-02 5.6950502E-02 5.7548262E-02 5.7801515E-02 5.7641909E-02 5.7020016E-02 5.5903651E-02 5.4290991E-02 5.2200679E-02 4.9693976E-02 4.6791781E-02 4.3548174E-02 4.0117349E-02 3.6528580E-02 3.2842305E-02 2.9112123E-02 2.5379213E-02 2.1668503E-02 1.7998375E-02
4.7675140E-02 5.0932746E-02 5.4283872E-02 5.7676367E-02 6.1038118E-02 6.4281680E-02 6.7301199E-02 6.9984838E-02 7.2216168E-02 7.3892668E-02 7.4927993E-02 7.5321838E-02 7.5073063E-02 7.4204512E-02 7.2817139E-02 7.1021758E-02 6.8942145E-02 6.6695727E-02 6.4392358E-02 6.2123291E-02 5.9964277E-02 5.7972480E-02 5.6191560E-02 5.4651417E-02 5.3373300E-02 5.2370101E-02 5.1649939E-02 5.1216230E-02 5.1069442E-02 5.1206850E-02 5.1622886E-02 5.2308138E-02 5.3248543E-02 5.4424234E-02 5.5806916E-02 5.7359029E-02 5.9030496E-02 6.0758404E-02 6.2464248E-02 6.4057179E-02 6.5433271E-02 6.6484436E-02 6.7101762E-02 6.7190021E-02 6.6670977E-02 6.5501653E-02 6.3668460E-02 6.1201215E-02 5.8144744E-02 5.4633863E-02 5.0792612E-02 4.6641130E-02 4.2326283E-02 3.7938047E-02 3.3541478E-02 2.9181698E-02 2.4891593E-02 2.0684751E-02
5.2969273E-02 5.6924280E-02 6.1044063E-02 6.5265380E-02 6.9501743E-02 7.3634863E-02 7.7522919E-02 8.1000365E-02 8.3900146E-02 8.6067736E-02 8.7398931E-02 8.7793350E-02 8.7271206E-02 8.5943393E-02 8.3928391E-02 8.1394717E-02 7.8517295E-02 7.5466484E-02 7.2387472E-02 6.9401018E-02 6.6597730E-02 6.4045556E-02 6.1790101E-02 5.9862427E-02 5.8280770E-02 5.7056174E-02 5.6193423E-02 5.5694371E-02 5.5557910E-02 5.5781193E-02 5.6359082E-02 5.7283349E-02 5.8541480E-02 6.0114320E-02 6.1973851E-02 6.4079255E-02 6.6374898E-02 6.8785027E-02 7.1213834E-02 7.3542185E-02 7.5633019E-02 7.7333666E-02 7.8491591E-02 7.8961827E-02 7.8631096E-02 7.7424057E-02 7.5327404E-02 7.2380736E-02 6.8702087E-02 6.4378180E-02 5.9545808E-02 5.4464228E-02 4.9225345E-02 4.3943711E-02 3.8709007E-02 3.3581387E-02 2.8590349E-02 2.3750708E-02
5.8964275E-02 6.3786924E-02 6.8878859E-02 7.4173823E-02 7.9564251E-02 8.4901072E-02 8.9984842E-02 9.4581187E-02 9.8429561E-02 0.1012835 0.1029368 0.1033369 0.1024883 0.1004833 9.7553037E-02 9.3955852E-02 8.9959122E-02 8.5799977E-02 8.1678152E-02 7.7743955E-02 7.4107423E-02 7.0840783E-02 6.7990623E-02 6.5582119E-02 6.3628793E-02 6.2134705E-02 6.1100297E-02 6.0523160E-02 6.0400553E-02 6.0729083E-02 6.1505087E-02 6.2723033E-02 6.4373888E-02 6.6442661E-02 6.8903744E-02 7.1717508E-02 7.4823380E-02 7.8135923E-02 8.1537373E-02 8.4877677E-02 8.7971680E-02 9.0610258E-02 9.2569195E-02 9.3636185E-02 9.3628392E-02 9.2430227E-02 8.9999817E-02 8.6394779E-02 8.1734814E-02 7.6286457E-02 7.0317023E-02 6.3955583E-02 5.7470351E-02 5.1028281E-02 4.4737242E-02 3.8658381E-02 3.2823429E-02 2.7232006E-02
6.5738805E-02 7.1634963E-02 7.7959359E-02 8.4643714E-02 9.1569297E-02 9.8544359E-02 0.1053030 0.1114988 0.1167400 0.1206332 0.1228761 0.1232453 0.1217780 0.1187293 0.1144295 0.1092893 0.1037040 9.8016649E-02 9.2488758E-02 8.7308951E-02 8.2597680E-02 7.8428484E-02 7.4837297E-02 7.1839154E-02 6.9433980E-02 6.7616083E-02 6.6376366E-02 6.5707132E-02 6.5602109E-02 6.6057950E-02 6.7073293E-02 6.8647549E-02 7.0778735E-02 7.3459566E-02 7.6673016E-02 8.0384642E-02 8.4536195E-02 8.9033790E-02 9.3741231E-02 9.8469160E-02 0.1029763 0.1069698 0.1101290 0.1121266 0.1126791 0.1115804 0.1087582 0.1042819 9.8398730E-02 9.1374725E-02 8.3566450E-02 7.5475655E-02 6.7344338E-02 5.9390437E-02 5.1752787E-02 4.4499636E-02 3.7642069E-02 3.1165585E-02
7.3362440E-02 8.0583349E-02 8.8460483E-02 9.6945427E-02 0.1059126 0.1151384 0.1242646 0.1327976 0.1401187 0.1455735 0.1485867 0.1489140 0.1465822 0.1419203 0.1355497 0.1281344 0.1202856 0.1124818 0.1050664 9.8254696E-02 9.2170745E-02 8.6869627E-02 8.2366943E-02 7.8652300E-02 7.5705655E-02 7.3502302E-02 7.2020717E-02 7.1243480E-02 7.1160451E-02 7.1767747E-02 7.3068164E-02 7.5069018E-02 7.7779487E-02 8.1206918E-02 8.5349210E-02 9.0187818E-02 9.5674053E-02 0.1017171 0.1081646 0.1147910 0.1212825 0.1272429 0.1322046 0.1356760 0.1371911 0.1363993 0.1331234 0.1274370 0.1196345 0.1103233 0.1001650 8.9607857E-02 7.9197846E-02 6.9242388E-02 5.9889812E-02 5.1179938E-02 4.3095205E-02 3.5574928E-02
8.1892960E-02 9.0729997E-02 0.1005534 0.1113545 0.1230379 0.1353583 0.1478710 0.1598687 0.1703973 0.1783540 0.1827600 0.1829651 0.1790608 0.1718015 0.1622196 0.1514202 0.1403240 0.1295989 0.1196593 0.1107327 0.1029116 9.6211366E-02 9.0600148E-02 8.6028703E-02 8.2440786E-02 7.9786196E-02 7.8022644E-02 7.7121064E-02 7.7064358E-02 7.7849098E-02 7.9483777E-02 8.1987329E-02 8.5386470E-02 8.9710310E-02 9.4983988E-02 0.1012162 0.1083859 0.1164184 0.1251635 0.1343631 0.1436316 0.1524376 0.1601233 0.1659385 0.1691370 0.1690795 0.1653975 0.1581008 0.1477033 0.1349946 0.1210144 0.1069434 9.3410969E-02 8.0804005E-02 6.9260672E-02 5.8763299E-02 4.9209189E-02 4.0477224E-02
9.1358244E-02 0.1021462 0.1143741 0.1281294 0.1433925 0.1599646 0.1773334 0.1945528 0.2101357 0.2221693 0.2287260 0.2287323 0.2223136 0.2107836 0.1961431 0.1802519 0.1645052 0.1497669 0.1364940 0.1248593 0.1148772 0.1064724 9.9537916E-02 9.3956701E-02 8.9623511E-02 8.6447865E-02 8.4361948E-02 8.3318464E-02 8.3293021E-02 8.4281757E-02 8.6301565E-02 8.9387581E-02 9.3590550E-02 9.8972969E-02 0.1055994 0.1135267 0.1227815 0.1333359 0.1450654 0.1577090 0.1708149 0.1837131 0.1954952 0.2050640 0.2112133 0.2128147 0.2090259 0.1996100 0.1851237 0.1671485 0.1476981 0.1283578 0.1103871 9.4247885E-02 7.9941563E-02 6.7269489E-02 5.5991605E-02 4.5863174E-02
0.1017510 0.1148466 0.1299985 0.1474495 0.1673670 0.1897062 0.2140252 0.2391640 0.2629346 0.2820107 0.2926508 0.2922155 0.2810503 0.2621934 0.2394138 0.2158530 0.1934862 0.1733217 0.1557194 0.1406911 0.1280711 0.1176357 0.1091499 0.1024044 9.7219326E-02 9.3454748E-02 9.1005571E-02 8.9803934E-02 8.9814000E-02 9.1033004E-02 9.3488105E-02 9.7235620E-02 0.1023593 0.1089655 0.1171775 0.1271209 0.1389048 0.1525826 0.1681073 0.1852576 0.2035673 0.2222402 0.2401130 0.2556383 0.2669778 0.2721467 0.2693693 0.2575878 0.2373015 0.2108302 0.1819961 0.1546157 0.1303989 0.1096350 9.1911040E-02 7.6671086E-02 6.3404463E-02 5.1708858E-02
