T4-twomodels-1/gx/model90.grd
DSAA
         100         100
  -15.00000       15.00000    
  -15.00000       15.00000    
  -4.902010       2.495092    
[rows 52 to 77 of 100, columns 0 to 57 of 100]
0.4476639 0.5199292 0.6084949 0.7152054 0.8475685 1.009980 1.214530 1.470155 1.792745 2.171794 2.489450 2.449700 2.103865 1.740077 1.437867 1.201156 1.013314 0.8659873 0.7480443 0.6551738 0.5808847 0.5230865 0.4778788 0.4443056 0.4200417 0.4047401 0.3971353 0.3972254 0.4045372 0.4192666 0.4415805 0.4717548 0.5104755 0.5579392 0.6151876 0.6820734 0.7597747 0.8474548 0.9462588 1.054414 1.173193 1.299886 1.436402 1.578894 1.729867 1.881131 2.028177 2.127799 2.076630 1.639642 1.021183 0.6981686 0.5491538 0.4467022 0.3628570 0.2956736 0.2374363 0.1898166
0.4451028 0.5171129 0.6054148 0.7118610 0.8439628 1.006127 1.210448 1.465875 1.788301 2.167225 2.484769 2.445008 2.099242 1.735536 1.433446 1.196884 1.009218 0.8620794 0.7443314 0.6516518 0.5775440 0.5199096 0.4748451 0.4413892 0.4172158 0.4019749 0.3944002 0.3944901 0.4017718 0.4164423 0.4386700 0.4687336 0.5073224 0.5546370 0.6117236 0.6784415 0.7559747 0.8434940 0.9421518 1.050184 1.168868 1.295502 1.432000 1.574518 1.725560 1.876939 2.024139 2.123947 2.072947 1.636204 1.018106 0.6953555 0.5466110 0.4444360 0.3608654 0.2939455 0.2359638 0.1885859
0.4417399 0.5134017 0.6013449 0.7074256 0.8391677 1.000985 1.204990 1.460137 1.782338 2.161104 2.478595 2.438803 2.093045 1.729450 1.427530 1.191187 1.003770 0.8569015 0.7394277 0.6470177 0.5731624 0.5157571 0.4708900 0.4375969 0.4135469 0.3983887 0.3908554 0.3909451 0.3981848 0.4127741 0.4348832 0.4647940 0.5031998 0.5503067 0.6071678 0.6736498 0.7509457 0.8382361 0.9366842 1.044536 1.163080 1.289623 1.426088 1.568632 1.719767 1.871299 2.018716 2.118798 2.068163 1.631768 1.013940 0.6915812 0.5432302 0.4414361 0.3582335 0.2916703 0.2340266 0.1869725
0.4375207 0.5087286 0.5961968 0.7017941 0.8330526 0.9944052 1.197977 1.452746 1.774635 2.153168 2.470487 2.430676 2.085031 1.721604 1.419931 1.183893 0.9968256 0.8503290 0.7332335 0.6411892 0.5676761 0.5105775 0.4659752 0.4328973 0.4090110 0.3939623 0.3864833 0.3865719 0.3937562 0.4082376 0.4301893 0.4598964 0.4980579 0.5448863 0.6014427 0.6676041 0.7445748 0.8315495 0.9297041 1.037301 1.155642 1.282050 1.418454 1.561024 1.712270 1.864003 2.011696 2.112124 2.061844 1.625901 1.008659 0.6867889 0.5389314 0.4376316 0.3549097 0.2888032 0.2315957 0.1849502
0.4323810 0.5030072 0.5898637 0.6948285 0.8254526 0.9861857 1.189181 1.443437 1.764910 2.143149 2.460342 2.420492 2.074915 1.711721 1.410390 1.174780 0.9881918 0.8422043 0.7256177 0.6340644 0.5610046 0.5043106 0.4600532 0.4272559 0.4035808 0.3886730 0.3812630 0.3813494 0.3884622 0.4028041 0.4245514 0.4539940 0.4918361 0.5382984 0.5944523 0.6601857 0.7367194 0.8232640 0.9210165 1.028257 1.146310 1.272513 1.408817 1.551398 1.702777 1.854758 2.002818 2.103714 2.054035 1.618698 1.001992 0.6807904 0.5335974 0.4329360 0.3508234 0.2852966 0.2286303 0.1824936
0.4262440 0.4961376 0.5822122 0.6863624 0.8161561 0.9760734 1.178296 1.431867 1.752771 2.130593 2.447513 2.407642 2.062270 1.699417 1.398572 1.163553 0.9776263 0.8323261 0.7164235 0.6255190 0.5530549 0.4968853 0.4530729 0.4206339 0.3972281 0.3824977 0.3751746 0.3752582 0.3822793 0.3964435 0.4179304 0.4470342 0.4844658 0.5304544 0.5860823 0.6512533 0.7272053 0.8131719 0.9103740 1.017121 1.134762 1.260666 1.396801 1.539368 1.690892 1.843184 1.991701 2.093187 2.044153 1.609596 0.9938267 0.6734589 0.5270927 0.4272393 0.3458962 0.2810863 0.2250884 0.1795680
0.4190263 0.4880021 0.5730883 0.6761904 0.8049051 0.9637434 1.164937 1.417577 1.737715 2.114988 2.431653 2.391743 2.046570 1.684199 1.384035 1.149842 0.9648187 0.8204506 0.7054582 0.6154095 0.5437184 0.4882244 0.4449784 0.4129926 0.3899238 0.3754158 0.3682004 0.3682791 0.3751855 0.3891270 0.4102863 0.4389624 0.4758725 0.5212544 0.5762035 0.6406400 0.7158250 0.8010181 0.8974736 1.003536 1.120594 1.246052 1.381918 1.524414 1.676090 1.828753 1.977861 2.080128 2.032082 1.598559 0.9837678 0.6645143 0.5192365 0.4204121 0.3400277 0.2761061 0.2209190 0.1761420
0.4106348 0.4784739 0.5623124 0.6640754 0.7913831 0.9487962 1.148604 1.399979 1.719054 2.095547 2.411748 2.371825 2.027060 1.665398 1.366210 1.133167 0.9493907 0.8062807 0.6925009 0.6035716 0.5328798 0.4782460 0.4357151 0.4042951 0.3816451 0.3674106 0.3603274 0.3603995 0.3671633 0.3808291 0.4015819 0.4297244 0.4659792 0.5105928 0.5646735 0.6281607 0.7023397 0.7865047 0.8819492 0.9870663 1.103296 1.228098 1.363529 1.505859 1.657662 1.810767 1.960609 2.063873 2.016975 1.584806 0.9715574 0.6537237 0.5098204 0.4122960 0.3331118 0.2702767 0.2160727 0.1721778
0.4009793 0.4674147 0.5496910 0.6497409 0.7752191 0.9307359 1.128668 1.378296 1.695891 2.071308 2.386983 2.347039 2.002774 1.642142 1.344350 1.112934 0.9308748 0.7894700 0.6772974 0.5898282 0.5204164 0.4668709 0.4252319 0.3945119 0.3723747 0.3584736 0.3515499 0.3516136 0.3582033 0.3715318 0.3917863 0.4192712 0.4547123 0.4983635 0.5513445 0.6136138 0.6864851 0.7692900 0.8633734 0.9671861 1.082241 1.206072 1.340811 1.482798 1.634665 1.788261 1.939031 2.043611 1.998399 1.568053 0.9565927 0.6406670 0.4985767 0.4027135 0.3250233 0.2635219 0.2104954 0.1676462
0.3899715 0.4546911 0.5350164 0.6328872 0.7559798 0.9089700 1.104337 1.351525 1.667001 2.040840 2.355629 2.315708 1.972335 1.613249 1.317497 1.088391 0.9087179 0.7696186 0.6595739 0.5739941 0.5062114 0.4540265 0.4134893 0.3836231 0.3621073 0.3486067 0.3418745 0.3419260 0.3483065 0.3612288 0.3808806 0.4075655 0.4420092 0.4844686 0.5360727 0.5967966 0.6679818 0.7490032 0.8412613 0.9432845 1.056673 1.179067 1.312708 1.454048 1.605809 1.759914 1.911810 2.018092 1.974983 1.547102 0.9383535 0.6249446 0.4852013 0.3914596 0.3156397 0.2557612 0.2041444 0.1625173
0.3775427 0.4401789 0.5180910 0.6131980 0.7331909 0.8827986 1.074633 1.318354 1.630748 2.002266 2.315875 2.275996 1.933890 1.577148 1.284411 1.058627 0.8822740 0.7462940 0.6390475 0.5558971 0.4901618 0.4396605 0.4004648 0.3716276 0.3508528 0.3378277 0.3313203 0.3313579 0.3374894 0.3499301 0.3688640 0.3945896 0.4278280 0.4688326 0.5187352 0.5775222 0.6465600 0.7252638 0.8150994 0.9146791 1.025718 1.145988 1.277894 1.418052 1.569357 1.723861 1.877096 1.985620 1.945562 1.521135 0.9158489 0.6059195 0.4693295 0.3783266 0.3048379 0.2469337 0.1969834 0.1567795
0.3636509 0.4237908 0.4987435 0.5903793 0.7063585 0.8514451 1.038377 1.277105 1.584886 1.952804 2.264424 2.224685 1.884770 1.531707 1.243526 1.022554 0.8508371 0.7190544 0.6154610 0.5353934 0.4722019 0.4237501 0.3861650 0.3585469 0.3386430 0.3261721 0.3199259 0.3199457 0.3257881 0.3376666 0.3557591 0.3803540 0.4121592 0.4514170 0.4992502 0.5556477 0.6219897 0.6977277 0.7843856 0.8806698 0.9884191 1.105577 1.234753 1.372822 1.522950 1.677476 1.832127 1.943520 1.907519 1.488031 0.8880479 0.5829508 0.4505816 0.3631154 0.2925307 0.2369980 0.1890050 0.1504303
0.3483021 0.4054910 0.4768713 0.5641977 0.6750385 0.8141072 0.9942284 1.225665 1.526375 1.888545 2.197060 2.157578 1.821206 1.474082 1.192901 0.9789641 0.8136948 0.6875153 0.5886212 0.5124083 0.4523176 0.4063192 0.3706306 0.3444328 0.3255325 0.3136972 0.3077486 0.3077482 0.3132591 0.3244938 0.3416189 0.3649052 0.3950389 0.4322379 0.4776036 0.5311090 0.5941337 0.6661456 0.7487154 0.8406279 0.9438496 1.056502 1.181453 1.315907 1.463480 1.617017 1.772781 1.887721 1.857656 1.445579 0.8531975 0.5551531 0.4286004 0.3457080 0.2786880 0.2259688 0.1802276 0.1434977
0.3315602 0.3853318 0.4524769 0.5345610 0.6389307 0.7701052 0.9408119 1.161541 1.451114 1.803586 2.106451 2.067538 1.737659 1.400525 1.130313 0.9266548 0.7702711 0.6514364 0.5584714 0.4869685 0.4305798 0.3874511 0.3539506 0.3293707 0.3116064 0.3004840 0.2948690 0.2948449 0.2999850 0.3104967 0.3265316 0.3483353 0.3765606 0.4113867 0.4538754 0.5039636 0.5630029 0.6304513 0.7078910 0.7941550 0.8912975 0.9975972 1.116161 1.244586 1.387067 1.537326 1.692737 1.811405 1.789527 1.389112 0.8092710 0.5218132 0.4032471 0.3261524 0.2634025 0.2139212 0.1707203 0.1360287
0.3135695 0.3634697 0.4257251 0.5015938 0.5980388 0.7191114 0.8770735 1.082184 1.353958 1.689311 1.981539 1.943805 1.626204 1.306512 1.053594 0.8647720 0.7203346 0.6108666 0.5251594 0.4592530 0.4071586 0.3673037 0.3362632 0.3134857 0.2969759 0.2866383 0.2813882 0.2813382 0.2860713 0.2957892 0.3106230 0.3307846 0.3568826 0.3890419 0.4282652 0.4744263 0.5288193 0.5908505 0.6620677 0.7412847 0.8305702 0.9282552 1.037585 1.156437 1.289598 1.431899 1.582732 1.703196 1.692485 1.311752 0.7533593 0.4826556 0.3749382 0.3048313 0.2469199 0.2010226 0.1605897 0.1281067
0.2945494 0.3401955 0.3969682 0.4657331 0.5528290 0.6615165 0.8029127 0.9860351 1.229705 1.533804 1.803555 1.768583 1.476490 1.187803 0.9616130 0.7933684 0.6643199 0.5662792 0.4891188 0.4296142 0.3823471 0.3461080 0.3177636 0.2969382 0.2817845 0.2722872 0.2674297 0.2673505 0.2716486 0.2805144 0.2940561 0.3124452 0.3362325 0.3654794 0.4011028 0.4428982 0.4920565 0.5479038 0.6118754 0.6827067 0.7623360 0.8490083 0.9458240 1.050652 1.168388 1.294710 1.431274 1.544998 1.545197 1.199515 0.6833923 0.4396974 0.3452555 0.2825395 0.2296602 0.1874958 0.1499955 0.1198246
0.2747790 0.3159451 0.3667420 0.4277858 0.5043365 0.5987892 0.7200401 0.8746297 1.077135 1.326854 1.548532 1.520079 1.280846 1.044060 0.8560736 0.7141155 0.6036248 0.5186604 0.4511136 0.3985755 0.3565656 0.3241580 0.2987034 0.2799135 0.2662045 0.2575723 0.2531371 0.2530194 0.2568666 0.2648402 0.2770236 0.2935558 0.3148941 0.3410684 0.3728354 0.4099703 0.4534353 0.5025589 0.5584655 0.6199079 0.6883641 0.7620517 0.8433139 0.9298571 1.025386 1.125613 1.232029 1.318386 1.315063 1.029856 0.6022292 0.3993383 0.3169000 0.2601997 0.2121187 0.1735383 0.1391584 0.1112487
0.2545718 0.2912816 0.3357204 0.3888965 0.4541252 0.5335652 0.6324676 0.7547736 0.9065937 1.081322 1.224013 1.207030 1.052229 0.8848002 0.7431718 0.6306547 0.5406607 0.4694616 0.4122028 0.3667915 0.3303441 0.3017870 0.2793839 0.2626101 0.2504351 0.2426414 0.2386715 0.2384903 0.2418920 0.2489508 0.2597415 0.2743903 0.2931932 0.3162519 0.3439997 0.3763873 0.4138733 0.4560922 0.5034350 0.5551036 0.6114732 0.6713080 0.7351565 0.8012142 0.8700369 0.9376070 1.000545 1.038366 1.003748 0.8001387 0.5201992 0.3665193 0.2909275 0.2380594 0.1946760 0.1592501 0.1283515 0.1023983
0.2344240 0.2666520 0.3048469 0.3501706 0.4042978 0.4689011 0.5460616 0.6370679 0.7409098 0.8467981 0.9204222 0.9132908 0.8328870 0.7296932 0.6321149 0.5482206 0.4781877 0.4205964 0.3734340 0.3351235 0.3041480 0.2794476 0.2600459 0.2453011 0.2346313 0.2276877 0.2241691 0.2239339 0.2268874 0.2330382 0.2424457 0.2552171 0.2715097 0.2914602 0.3152364 0.3428928 0.3744821 0.4098330 0.4487535 0.4907336 0.5352722 0.5814602 0.6284105 0.6745398 0.7179129 0.7546087 0.7779809 0.7737335 0.7173241 0.5891813 0.4376896 0.3310513 0.2641470 0.2158258 0.1771549 0.1450405 0.1174989 9.3620643E-02
0.2147594 0.2425594 0.2749655 0.3127546 0.3567797 0.4077784 0.4661360 0.5310695 0.5990615 0.6607383 0.6987985 0.6962857 0.6555869 0.5953013 0.5313034 0.4715703 0.4189066 0.3738263 0.3358810 0.3043578 0.2784761 0.2575459 0.2409575 0.2282291 0.2189673 0.2128869 0.2097771 0.2095104 0.2120179 0.2172916 0.2253657 0.2363080 0.2502042 0.2671336 0.2871501 0.3102412 0.3363084 0.3651135 0.3962732 0.4292029 0.4631316 0.4970231 0.5295652 0.5589690 0.5827944 0.5974103 0.5975038 0.5755947 0.5244539 0.4457709 0.3597449 0.2884468 0.2348342 0.1933413 0.1595879 0.1311831 0.1066696 8.5126109E-02
0.1958599 0.2195404 0.2466778 0.2776936 0.3129106 0.3524175 0.3957490 0.4413750 0.4858341 0.5229297 0.5443008 0.5437664 0.5221241 0.4865047 0.4450904 0.4035321 0.3648708 0.3304078 0.3005129 0.2750850 0.2538308 0.2363890 0.2224099 0.2115790 0.2036371 0.1983779 0.1956519 0.1953586 0.1974432 0.2018882 0.2087057 0.2179259 0.2295818 0.2436927 0.2602370 0.2791300 0.3001878 0.3231036 0.3474127 0.3724780 0.3974580 0.4212941 0.4426552 0.4598933 0.4709283 0.4732025 0.4637186 0.4396983 0.4002291 0.3492522 0.2954118 0.2464010 0.2052722 0.1711818 0.1424665 0.1177762 9.6160337E-02 7.6911159E-02
0.1779899 0.1979616 0.2204567 0.2456306 0.2735023 0.3038060 0.3357997 0.3679524 0.3976651 0.4212142 0.4345437 0.4348511 0.4225107 0.4007761 0.3737719 0.3450633 0.3170517 0.2911250 0.2679494 0.2477672 0.2305734 0.2162498 0.2046258 0.1955285 0.1887964 0.1842969 0.1819254 0.1816094 0.1833030 0.1869839 0.1926456 0.2002879 0.2099045 0.2214659 0.2349003 0.2500696 0.2667469 0.2845888 0.3031200 0.3217101 0.3395720 0.3557441 0.3690987 0.3783274 0.3819843 0.3785481 0.3666930 0.3457375 0.3164555 0.2813438 0.2443222 0.2092450 0.1778201 0.1503085 0.1262555 0.1050562 8.6147234E-02 6.9073275E-02
0.1613328 0.1780586 0.1965696 0.2168695 0.2388083 0.2620020 0.2856973 0.3086604 0.3290947 0.3447952 0.3536071 0.3543414 0.3471457 0.3334901 0.3156359 0.2957585 0.2755783 0.2562571 0.2385013 0.2226783 0.2089450 0.1973248 0.1877750 0.1802187 0.1745729 0.1707581 0.1687088 0.1683730 0.1697142 0.1727064 0.1773297 0.1835618 0.1913677 0.2006860 0.2114120 0.2233816 0.2363499 0.2499782 0.2638163 0.2773007 0.2897492 0.3003772 0.3083073 0.3126174 0.3123863 0.3068259 0.2954315 0.2782578 0.2560844 0.2306460 0.2040487 0.1779225 0.1535381 0.1313443 0.1113157 9.3218982E-02 7.6774240E-02 6.1695077E-02
0.1459976 0.1599367 0.1751092 0.1914292 0.2086889 0.2264907 0.2441996 0.2608876 0.2753710 0.2863345 0.2926376 0.2935489 0.2891771 0.2803895 0.2684076 0.2545688 0.2400389 0.2257168 0.2122167 0.1999279 0.1890663 0.1797367 0.1719691 0.1657547 0.1610618 0.1578530 0.1560898 0.1557383 0.1567684 0.1591531 0.1628636 0.1678631 0.1740987 0.1814899 0.1899171 0.1992074 0.2091236 0.2193508 0.2294947 0.2390760 0.2475455 0.2542932 0.2586863 0.2601011 0.2579963 0.2519794 0.2419319 0.2280876 0.2111373 0.1920000 0.1718001 0.1517652 0.1325440 0.1145209 9.7819172E-02 8.2398064E-02 6.8125717E-02 5.4849114E-02
0.1320169 0.1436065 0.1560227 0.1691481 0.1827620 0.1965177 0.2099080 0.2222726 0.2328231 0.2407523 0.2453702 0.2463763 0.2438105 0.2380833 0.2299523 0.2202521 0.2097770 0.1991826 0.1889707 0.1794888 0.1709658 0.1635357 0.1572712 0.1522010 0.1483297 0.1456463 0.1441336 0.1437696 0.1445310 0.1463904 0.1493143 0.1532582 0.1581594 0.1639300 0.1704470 0.1775444 0.1850033 0.1925499 0.1998498 0.2065175 0.2121228 0.2162161 0.2183489 0.2181198 0.2152091 0.2094442 0.2008317 0.1896150 0.1762280 0.1613845 0.1458211 0.1300315 0.1145854 9.9795230E-02 8.5802868E-02 7.2633907E-02 6.0250226E-02 4.8567507E-02
0.1193709 0.1290003 0.1391701 0.1497521 0.1605485 0.1712690 0.1815327 0.1908673 0.1987569 0.2046986 0.2083086 0.2093249 0.2077950 0.2040325 0.1984664 0.1916320 0.1840607 0.1762309 0.1685279 0.1612472 0.1545969 0.1487185 0.1436989 0.1395895 0.1364138 0.1341796 0.1328821 0.1325095 0.1330429 0.1344564 0.1367148 0.1397706 0.1435586 0.1479906 0.1529497 0.1582834 0.1638010 0.1692695 0.1744185 0.1789425 0.1825178 0.1848145 0.1855262 0.1843896 0.1812254 0.1759548 0.1686411 0.1594810 0.1488300 0.1370413 0.1245351 0.1118557 9.9270076E-02 8.7005436E-02 7.5200237E-02 6.3915178E-02 5.3147502E-02 4.2865518E-02
