T4-twomodels-1/gx/model150.grd
DSAA
         100         100
  -15.00000       15.00000    
  -15.00000       15.00000    
  -5.853254       3.057713    
[rows 0 to 25 of 100, columns 0 to 58 of 100]
5.1047701E-02 5.2169617E-02 5.3252645E-02 5.4291498E-02 5.5280466E-02 5.6214847E-02 5.7089169E-02 5.7899419E-02 5.8640912E-02 5.9309918E-02 5.9900276E-02 6.0420431E-02 6.0866304E-02 6.1228748E-02 6.1511353E-02 6.1713967E-02 6.1837688E-02 6.1882958E-02 6.1851446E-02 6.1744038E-02 6.1562192E-02 6.1306935E-02 6.0979526E-02 6.0580526E-02 6.0110584E-02 5.9569750E-02 5.8957957E-02 5.8274675E-02 5.7518996E-02 5.6689676E-02 5.5785444E-02 5.4804638E-02 5.3745467E-02 5.2606344E-02 5.1385507E-02 5.0081473E-02 4.8692781E-02 4.7218431E-02 4.5657445E-02 4.4009820E-02 4.2275466E-02 4.0455215E-02 3.8549677E-02 3.6560833E-02 3.4489986E-02 3.2340407E-02 3.0113844E-02 2.7813943E-02 2.5438547E-02 2.3004241E-02 2.0520456E-02 1.7965406E-02 1.5356518E-02 1.2699061E-02 9.9965977E-03 7.2525595E-03 4.4718734E-03 1.6579798E-03 -1.1845507E-03
5.4367673E-02 5.5609211E-02 5.6809247E-02 5.7960942E-02 5.9058517E-02 6.0095567E-02 6.1066821E-02 6.1966479E-02 6.2790841E-02 6.3536420E-02 6.4203970E-02 6.4779632E-02 6.5264568E-02 6.5666780E-02 6.5981656E-02 6.6209719E-02 6.6351086E-02 6.6407762E-02 6.6381067E-02 6.6273175E-02 6.6085592E-02 6.5820433E-02 6.5478787E-02 6.5061897E-02 6.4570479E-02 6.4004965E-02 6.3365057E-02 6.2650293E-02 6.1859470E-02 6.0991094E-02 6.0043454E-02 5.9014436E-02 5.7901789E-02 5.6703296E-02 5.5416785E-02 5.4040030E-02 5.2571308E-02 5.1008895E-02 4.9351797E-02 4.7599297E-02 4.5751609E-02 4.3808773E-02 4.1772272E-02 3.9643120E-02 3.7424110E-02 3.5117235E-02 3.2727100E-02 3.0257035E-02 2.7717158E-02 2.5097644E-02 2.2396987E-02 1.9647429E-02 1.6838748E-02 1.3974531E-02 1.1060106E-02 8.1009055E-03 5.1008002E-03 2.0648455E-03 -1.0034797E-03
5.7956263E-02 5.9332754E-02 6.0664199E-02 6.1943479E-02 6.3162915E-02 6.4316034E-02 6.5395601E-02 6.6396177E-02 6.7311801E-02 6.8137690E-02 6.8866670E-02 6.9507830E-02 7.0056811E-02 7.0504054E-02 7.0854090E-02 7.1107611E-02 7.1266919E-02 7.1333542E-02 7.1310401E-02 7.1199782E-02 7.1004555E-02 7.0726901E-02 7.0368841E-02 6.9931813E-02 6.9417149E-02 6.8825215E-02 6.8155937E-02 6.7408554E-02 6.6581719E-02 6.5673485E-02 6.4681679E-02 6.3603573E-02 6.2436264E-02 6.1176971E-02 5.9822645E-02 5.8370579E-02 5.6818128E-02 5.5163361E-02 5.3404391E-02 5.1540591E-02 4.9571339E-02 4.7497224E-02 4.5318868E-02 4.3038476E-02 4.0657736E-02 3.8180631E-02 3.5609625E-02 3.2949258E-02 3.0197812E-02 2.7374167E-02 2.4489431E-02 2.1520521E-02 1.8487146E-02 1.5395566E-02 1.2250202E-02 9.0552028E-03 5.8162464E-03 2.5372575E-03 -7.7671721E-04
6.1841115E-02 6.3369513E-02 6.4849697E-02 6.6272564E-02 6.7630082E-02 6.8913564E-02 7.0115730E-02 7.1228951E-02 7.2248027E-02 7.3168367E-02 7.3990226E-02 7.4698299E-02 7.5294055E-02 7.5786747E-02 7.6172128E-02 7.6451942E-02 7.6627634E-02 7.6702811E-02 7.6680437E-02 7.6564543E-02 7.6358318E-02 7.6065220E-02 7.5687625E-02 7.5227983E-02 7.4687704E-02 7.4067622E-02 7.3367454E-02 7.2586469E-02 7.1722925E-02 7.0774466E-02 6.9738187E-02 6.8610631E-02 6.7388169E-02 6.6067025E-02 6.4643420E-02 6.3113570E-02 6.1474334E-02 5.9722669E-02 5.7856482E-02 5.5874161E-02 5.3775340E-02 5.1559705E-02 4.9228769E-02 4.6783771E-02 4.4228029E-02 4.1564252E-02 3.8798209E-02 3.5934228E-02 3.2984346E-02 2.9938653E-02 2.6796421E-02 2.3593899E-02 2.0320676E-02 1.6981386E-02 1.3582481E-02 1.0130368E-02 6.6295792E-03 3.0858445E-03 -4.9704110E-04
6.6051818E-02 6.7752413E-02 6.9400683E-02 7.0986792E-02 7.2500266E-02 7.3931940E-02 7.5272024E-02 7.6512948E-02 7.7646688E-02 7.8666992E-02 7.9565331E-02 8.0351681E-02 8.1021540E-02 8.1564836E-02 8.1987701E-02 8.2292385E-02 8.2483076E-02 8.2563341E-02 8.2538463E-02 8.2412869E-02 8.2191594E-02 8.1878684E-02 8.1477940E-02 8.0992170E-02 8.0423616E-02 7.9773121E-02 7.9040706E-02 7.8225270E-02 7.7324793E-02 7.6336198E-02 7.5255819E-02 7.4079312E-02 7.2801933E-02 7.1418904E-02 6.9925174E-02 6.8316095E-02 6.6587202E-02 6.4734839E-02 6.2755719E-02 6.0648121E-02 5.8410626E-02 5.6043442E-02 5.3547092E-02 5.0924174E-02 4.8176855E-02 4.5310229E-02 4.2327799E-02 3.9235514E-02 3.6032606E-02 3.2741189E-02 2.9374603E-02 2.5908191E-02 2.2364805E-02 1.8752282E-02 1.5076157E-02 1.1341510E-02 7.5549325E-03 3.7209161E-03 -1.5506521E-04
7.0622593E-02 7.2518237E-02 7.4357919E-02 7.6129153E-02 7.7820539E-02 7.9419963E-02 8.0917142E-02 8.2301594E-02 8.3565846E-02 8.4703490E-02 8.5714117E-02 8.6580761E-02 8.7305300E-02 8.7898739E-02 8.8357799E-02 8.8686295E-02 8.8888064E-02 8.8969424E-02 8.8936321E-02 8.8795662E-02 8.8553309E-02 8.8215306E-02 8.7786227E-02 8.7270185E-02 8.6669803E-02 8.5986525E-02 8.5220255E-02 8.4369853E-02 8.3432600E-02 8.2404763E-02 8.1281602E-02 8.0057576E-02 7.8726716E-02 7.7282712E-02 7.5719275E-02 7.4030139E-02 7.2209820E-02 7.0253097E-02 6.8156131E-02 6.5915845E-02 6.3530959E-02 6.1000522E-02 5.8325995E-02 5.5508967E-02 5.2553542E-02 4.9463566E-02 4.6246462E-02 4.2908248E-02 3.9463609E-02 3.5903260E-02 3.2227658E-02 2.8478097E-02 2.4644399E-02 2.0732807E-02 1.6751304E-02 1.2707525E-02 8.6068902E-03 4.4559129E-03 2.5860209E-04
7.5590737E-02 7.7708922E-02 7.9766467E-02 8.1749536E-02 8.3643459E-02 8.5434914E-02 8.7110177E-02 8.8658325E-02 9.0068258E-02 9.1331430E-02 9.2437424E-02 9.3397215E-02 9.4206154E-02 9.4854116E-02 9.5349699E-02 9.5697895E-02 9.5906168E-02 9.5981598E-02 9.5933273E-02 9.5769338E-02 9.5498435E-02 9.5127791E-02 9.4664074E-02 9.4112173E-02 9.3475848E-02 9.2756815E-02 9.1955289E-02 9.1069631E-02 9.0096571E-02 8.9031272E-02 8.7867826E-02 8.6599216E-02 8.5217699E-02 8.3715372E-02 8.2083926E-02 8.0315568E-02 7.8402855E-02 7.6339439E-02 7.4119709E-02 7.1740188E-02 6.9198087E-02 6.6492952E-02 6.3625090E-02 6.0597610E-02 5.7413533E-02 5.4079633E-02 5.0601121E-02 4.6986122E-02 4.3235540E-02 3.9376009E-02 3.5424009E-02 3.1353682E-02 2.7192073E-02 2.2949288E-02 1.8632453E-02 1.4247932E-02 9.8034684E-03 5.3041875E-03 7.5596035E-04
8.0999330E-02 8.3371289E-02 8.5678704E-02 8.7903954E-02 9.0030603E-02 9.2041321E-02 9.3921028E-02 9.5654793E-02 9.7231530E-02 9.8642059E-02 9.9884674E-02 0.1009401 0.1018109 0.1025110 0.1030390 0.1034022 0.1036087 0.1036694 0.1035952 0.1033978 0.1030877 0.1026751 0.1021681 0.1015735 0.1008959 0.1001379 9.9299498E-02 9.8378859E-02 9.7371720E-02 9.6272118E-02 9.5072515E-02 9.3763977E-02 9.2336729E-02 9.0780511E-02 8.9084946E-02 8.7239757E-02 8.5235670E-02 8.3064020E-02 8.0718093E-02 7.8192443E-02 7.5484082E-02 7.2591074E-02 6.9514729E-02 6.6257074E-02 6.2823564E-02 5.9219833E-02 5.5455841E-02 5.1540244E-02 4.7491752E-02 4.3302387E-02 3.8974885E-02 3.4557465E-02 3.0040776E-02 2.5433488E-02 2.0745719E-02 1.5986871E-02 1.1163482E-02 6.2828828E-03 1.3492594E-03
8.6895265E-02 8.9558728E-02 9.2152730E-02 9.4657317E-02 9.7051360E-02 9.9315211E-02 0.1014290 0.1033763 0.1051411 0.1067111 0.1080729 0.1092384 0.1102032 0.1109577 0.1115147 0.1118838 0.1120781 0.1121107 0.1119971 0.1117517 0.1113890 0.1109215 0.1103605 0.1097142 0.1089890 0.1081878 0.1073111 0.1063562 0.1053181 0.1041890 0.1029594 0.1016181 0.1001526 9.8549955E-02 9.6796662E-02 9.4879881E-02 9.2787333E-02 9.0508334E-02 8.8033557E-02 8.5356392E-02 8.2471922E-02 7.9378359E-02 7.6075703E-02 7.2567806E-02 6.8859145E-02 6.4958900E-02 6.0875092E-02 5.6619387E-02 5.2195702E-02 4.7636934E-02 4.2964566E-02 3.8152203E-02 3.3232782E-02 2.8219724E-02 2.3122599E-02 1.7949549E-02 1.2709841E-02 7.4092443E-03 2.0538748E-03
9.3332514E-02 9.6330896E-02 9.9256150E-02 0.1020830 0.1047872 0.1073432 0.1097283 0.1119203 0.1139020 0.1156595 0.1171888 0.1184673 0.1194989 0.1203016 0.1208781 0.1212418 0.1214077 0.1213951 0.1212228 0.1209108 0.1204770 0.1199385 0.1193091 0.1186000 0.1178188 0.1169698 0.1160531 0.1150657 0.1140010 0.1128494 0.1115989 0.1102352 0.1087424 0.1071041 0.1053032 0.1033232 0.1011487 9.8765306E-02 9.6161619E-02 9.3328156E-02 9.0259150E-02 8.6950801E-02 8.3404116E-02 7.9621814E-02 7.5611353E-02 7.1381152E-02 6.6945255E-02 6.2316678E-02 5.7520248E-02 5.2550759E-02 4.7415096E-02 4.2171303E-02 3.6811959E-02 3.1349413E-02 2.5797112E-02 2.0166930E-02 1.4466825E-02 8.7050283E-03 2.8856564E-03
0.1003701 0.1037560 0.1070644 0.1102664 0.1133307 0.1162275 0.1189269 0.1214033 0.1236325 0.1255958 0.1272751 0.1286827 0.1298148 0.1306638 0.1312495 0.1315893 0.1317063 0.1316237 0.1313679 0.1309636 0.1304353 0.1298040 0.1290882 0.1283017 0.1274545 0.1265517 0.1255936 0.1245764 0.1234918 0.1223275 0.1210685 0.1196966 0.1181920 0.1165337 0.1147000 0.1126700 0.1104237 0.1079432 0.1052129 0.1022212 9.8959185E-02 9.5422991E-02 9.1611721E-02 8.7530293E-02 8.3185337E-02 7.8589953E-02 7.3756866E-02 6.8703406E-02 6.3438863E-02 5.8005571E-02 5.2432705E-02 4.6694998E-02 4.0833760E-02 3.4867637E-02 2.8809911E-02 2.2671394E-02 1.6463315E-02 1.0192086E-02 3.8637896E-03
0.1080753 0.1119098 0.1156650 0.1193042 0.1227905 0.1260855 0.1291535 0.1319603 0.1344781 0.1366848 0.1385716 0.1401111 0.1413095 0.1421915 0.1427666 0.1430592 0.1430969 0.1429125 0.1425389 0.1420097 0.1413553 0.1406038 0.1397778 0.1388958 0.1379695 0.1370059 0.1360051 0.1349621 0.1338665 0.1327029 0.1314523 0.1300919 0.1285966 0.1269398 0.1250945 0.1230335 0.1207318 0.1181658 0.1153161 0.1121664 0.1087060 0.1049279 0.1008322 9.6422121E-02 9.1708362E-02 8.6703911E-02 8.1429221E-02 7.5904727E-02 7.0165031E-02 6.4210512E-02 5.8055356E-02 5.1771939E-02 4.5356747E-02 3.8828302E-02 3.2204960E-02 2.5502225E-02 1.8729987E-02 1.1897442E-02 5.0080768E-03
0.1165220 0.1208794 0.1251563 0.1293093 0.1332915 0.1370566 0.1405579 0.1437539 0.1466060 0.1490841 0.1511618 0.1528512 0.1541496 0.1550536 0.1555949 0.1558051 0.1557243 0.1553938 0.1548582 0.1541598 0.1533391 0.1524309 0.1514650 0.1504636 0.1494426 0.1484094 0.1473646 0.1463016 0.1452072 0.1440621 0.1428425 0.1415197 0.1400623 0.1384368 0.1366088 0.1345442 0.1322107 0.1295785 0.1266218 0.1233200 0.1196575 0.1156262 0.1112232 0.1064546 0.1013301 9.5869169E-02 9.0092115E-02 8.4026106E-02 7.7689849E-02 7.1140505E-02 6.4419843E-02 5.7506416E-02 5.0454427E-02 4.3290772E-02 3.6034625E-02 2.8700819E-02 2.1303108E-02 1.3848458E-02 6.3422662E-03
0.1257931 0.1307608 0.1356511 0.1404097 0.1449801 0.1493024 0.1533192 0.1569748 0.1602227 0.1630253 0.1653646 0.1672060 0.1685584 0.1694577 0.1699266 0.1700090 0.1697544 0.1692200 0.1684623 0.1675379 0.1664975 0.1653865 0.1642418 0.1630919 0.1619555 0.1608423 0.1597522 0.1586771 0.1576000 0.1564970 0.1553380 0.1540873 0.1527056 0.1511509 0.1493799 0.1473493 0.1450182 0.1423480 0.1393057 0.1358635 0.1320014 0.1277064 0.1229757 0.1178133 0.1122339 0.1062578 9.9916063E-02 9.3241766E-02 8.6285435E-02 7.9058751E-02 7.1588963E-02 6.3969828E-02 5.6206044E-02 4.8326064E-02 4.0356077E-02 3.2316953E-02 2.4221027E-02 1.6078314E-02 7.8905672E-03
0.1359790 0.1416631 0.1472766 0.1527546 0.1580254 0.1630152 0.1676482 0.1718547 0.1755701 0.1787427 0.1813305 0.1833431 0.1847795 0.1856457 0.1859941 0.1858829 0.1853821 0.1845648 0.1835074 0.1822812 0.1809529 0.1795792 0.1782068 0.1768706 0.1755938 0.1743875 0.1732514 0.1721744 0.1711356 0.1701049 0.1690448 0.1679112 0.1666548 0.1652234 0.1635623 0.1616175 0.1593361 0.1566696 0.1535741 0.1500139 0.1459609 0.1413981 0.1363183 0.1307272 0.1246395 0.1180839 0.1110934 0.1037119 9.5975332E-02 8.7964967E-02 7.9744257E-02 7.1301192E-02 6.2710695E-02 5.4013070E-02 4.5237023E-02 3.6403246E-02 2.7528761E-02 1.8620398E-02 9.6814353E-03
0.1471800 0.1537064 0.1601779 0.1665136 0.1726261 0.1784196 0.1837988 0.1886694 0.1929493 0.1965715 0.1994984 0.2016824 0.2031367 0.2039170 0.2040716 0.2036800 0.2028325 0.2016290 0.2001675 0.1985423 0.1968371 0.1951246 0.1934620 0.1918925 0.1904436 0.1891283 0.1879452 0.1868800 0.1859060 0.1849863 0.1840742 0.1831152 0.1820484 0.1808085 0.1793278 0.1775378 0.1753721 0.1727676 0.1696684 0.1660258 0.1618032 0.1569745 0.1515298 0.1454715 0.1388194 0.1316049 0.1238761 0.1156879 0.1071184 9.8200902E-02 8.8987105E-02 7.9605378E-02 7.0076473E-02 6.0445327E-02 5.0750818E-02 4.1021507E-02 3.1272639E-02 2.1513803E-02 1.1742767E-02
0.1595030 0.1670244 0.1745163 0.1818824 0.1890112 0.1957835 0.2020724 0.2077560 0.2127195 0.2168690 0.2201308 0.2225058 0.2239967 0.2246282 0.2244929 0.2236984 0.2223711 0.2206414 0.2186402 0.2164880 0.2142926 0.2121435 0.2101125 0.2082506 0.2065908 0.2051469 0.2039161 0.2028795 0.2020042 0.2012440 0.2005417 0.1998302 0.1990348 0.1980752 0.1968666 0.1953239 0.1933627 0.1909030 0.1878708 0.1842030 0.1798477 0.1747697 0.1689495 0.1623892 0.1551073 0.1471460 0.1385595 0.1294206 0.1197964 0.1098109 9.9566244E-02 8.9072138E-02 7.8438163E-02 6.7727461E-02 5.6983963E-02 4.6236876E-02 3.5506442E-02 2.4797274E-02 1.4106958E-02
0.1730635 0.1817616 0.1904741 0.1990822 0.2074498 0.2154216 0.2228350 0.2295230 0.2353340 0.2401398 0.2438609 0.2464232 0.2478476 0.2482260 0.2476593 0.2462969 0.2443065 0.2418660 0.2391451 0.2363013 0.2334692 0.2307613 0.2282630 0.2260360 0.2241169 0.2225208 0.2212416 0.2202551 0.2195197 0.2189791 0.2185634 0.2181908 0.2177705 0.2172036 0.2163864 0.2152123 0.2135758 0.2113739 0.2085115 0.2049035 0.2004798 0.1951875 0.1889975 0.1819026 0.1739255 0.1651113 0.1555361 0.1452927 0.1345083 0.1232601 0.1116475 9.9858597E-02 8.7945953E-02 7.5983539E-02 6.4030245E-02 5.2125018E-02 4.0284801E-02 2.8515276E-02 1.6804732E-02
0.1879803 0.1980746 0.2082494 0.2183651 0.2282501 0.2377094 0.2465251 0.2544760 0.2613460 0.2669515 0.2711504 0.2739183 0.2752641 0.2752547 0.2740649 0.2719023 0.2690029 0.2656025 0.2619275 0.2581779 0.2545245 0.2511026 0.2480157 0.2453334 0.2430969 0.2413196 0.2399916 0.2390808 0.2385360 0.2382882 0.2382529 0.2383320 0.2384153 0.2383835 0.2381095 0.2374625 0.2363096 0.2345211 0.2319725 0.2285517 0.2241605 0.2187239 0.2121913 0.2045464 0.1958041 0.1860217 0.1752855 0.1637188 0.1514489 0.1386793 0.1255874 0.1122324 9.8786294E-02 8.5352220E-02 7.1998022E-02 5.8763321E-02 4.5668438E-02 3.2709297E-02 1.9869616E-02
0.2043754 0.2161253 0.2280592 0.2400099 0.2517699 0.2630869 0.2736775 0.2832353 0.2914630 0.2980988 0.3029638 0.3059251 0.3070161 0.3064061 0.3043118 0.3010300 0.2968821 0.2921917 0.2872535 0.2823251 0.2776155 0.2732889 0.2694633 0.2662173 0.2635926 0.2616001 0.2602225 0.2594184 0.2591241 0.2592566 0.2597149 0.2603821 0.2611271 0.2618066 0.2622679 0.2623505 0.2618910 0.2607248 0.2586925 0.2556433 0.2514438 0.2459816 0.2391784 0.2309916 0.2214290 0.2105455 0.1984566 0.1853203 0.1713575 0.1567383 0.1416625 0.1264334 0.1111690 9.5995702E-02 8.1002399E-02 6.6238739E-02 5.1715888E-02 3.7424568E-02 2.3330655E-02
0.2223641 0.2360793 0.2501294 0.2643249 0.2784119 0.2920754 0.3049366 0.3165796 0.3265734 0.3345282 0.3401380 0.3433048 0.3440506 0.3425457 0.3391515 0.3342961 0.3284385 0.3220137 0.3154116 0.3089539 0.3028967 0.2974296 0.2926853 0.2887453 0.2856495 0.2834012 0.2819733 0.2813115 0.2813381 0.2819535 0.2830388 0.2844568 0.2860532 0.2876596 0.2890939 0.2901636 0.2906683 0.2904039 0.2891652 0.2867549 0.2829869 0.2777002 0.2707651 0.2621020 0.2516867 0.2395733 0.2258863 0.2108340 0.1946641 0.1777439 0.1604142 0.1428526 0.1253538 0.1080930 9.1172174E-02 7.4635401E-02 5.8488432E-02 4.2699013E-02 2.7217530E-02
0.2420520 0.2580925 0.2746907 0.2916343 0.3086286 0.3252769 0.3410875 0.3554796 0.3678378 0.3775775 0.3842609 0.3876026 0.3876614 0.3847966 0.3795125 0.3724438 0.3642361 0.3554869 0.3466981 0.3382715 0.3305059 0.3236153 0.3177372 0.3129516 0.3092879 0.3067374 0.3052576 0.3047791 0.3052064 0.3064224 0.3082888 0.3106464 0.3133183 0.3161086 0.3188055 0.3211814 0.3229962 0.3239985 0.3239319 0.3225366 0.3195616 0.3147703 0.3079615 0.2989810 0.2877529 0.2742936 0.2587462 0.2413720 0.2225767 0.2027477 0.1823257 0.1618647 0.1416313 0.1218465 0.1026355 8.4040299E-02 6.6036917E-02 4.8569124E-02 3.1549927E-02
0.2635181 0.2823019 0.3019573 0.3222693 0.3429027 0.3633832 0.3830684 0.4011640 0.4167574 0.4289390 0.4369493 0.4404583 0.4395202 0.4346030 0.4265601 0.4163511 0.4049132 0.3930503 0.3814075 0.3704624 0.3605542 0.3519037 0.3446443 0.3388387 0.3344984 0.3315929 0.3300600 0.3298091 0.3307260 0.3326736 0.3354933 0.3390054 0.3430092 0.3472838 0.3515865 0.3556561 0.3592103 0.3619497 0.3635564 0.3637015 0.3620454 0.3582553 0.3520144 0.3430555 0.3311864 0.3163481 0.2986426 0.2783877 0.2560738 0.2324519 0.2082789 0.1840567 0.1603513 0.1374648 0.1155216 9.4523497E-02 7.4406035E-02 5.5055287E-02 3.6343593E-02
0.2868081 0.3088022 0.3321103 0.3565338 0.3817304 0.4071503 0.4319950 0.4551718 0.4753430 0.4910650 0.5011092 0.5047065 0.5019833 0.4938790 0.4817352 0.4670461 0.4511546 0.4351422 0.4197981 0.4056692 0.3931034 0.3823090 0.3733876 0.3663702 0.3612330 0.3579156 0.3563267 0.3563517 0.3578531 0.3606734 0.3646342 0.3695359 0.3751574 0.3812541 0.3875584 0.3937769 0.3995911 0.4046521 0.4085838 0.4109764 0.4113937 0.4093711 0.4044389 0.3961386 0.3840839 0.3680187 0.3479362 0.3241559 0.2974314 0.2687213 0.2391695 0.2100092 0.1818812 0.1551551 0.1299307 0.1061382 8.3613433E-02 6.2168073E-02 4.1596368E-02
0.3119088 0.3376275 0.3652557 0.3946679 0.4255580 0.4573616 0.4891290 0.5194258 0.5462658 0.5672845 0.5802165 0.5838243 0.5782772 0.5651353 0.5468094 0.5256686 0.5036511 0.4821414 0.4620575 0.4439553 0.4281484 0.4147816 0.4038959 0.3954602 0.3894005 0.3856106 0.3839633 0.3843126 0.3864968 0.3903361 0.3956340 0.4021737 0.4097174 0.4180043 0.4267470 0.4356311 0.4443082 0.4523947 0.4594606 0.4650270 0.4685507 0.4694273 0.4669797 0.4604878 0.4492179 0.4325435 0.4100902 0.3820105 0.3491525 0.3132924 0.2765546 0.2405711 0.2065992 0.1750671 0.1459195 0.1188880 9.3653589E-02 6.9888383E-02 4.7297206E-02
0.3387402 0.3687150 0.4013898 0.4367733 0.4747044 0.5147058 0.5558016 0.5962189 0.6331276 0.6626076 0.6804653 0.6838373 0.6731238 0.6516889 0.6238412 0.5933835 0.5629817 0.5342917 0.5082332 0.4852713 0.4655847 0.4491962 0.4360313 0.4259698 0.4188598 0.4145377 0.4128281 0.4135503 0.4165131 0.4215164 0.4283463 0.4367734 0.4465496 0.4574053 0.4690466 0.4811494 0.4933575 0.5052685 0.5164286 0.5263093 0.5342940 0.5396407 0.5414665 0.5387074 0.5301416 0.5144387 0.4904230 0.4575232 0.4165877 0.3701560 0.3221633 0.2764609 0.2347379 0.1972274 0.1634380 0.1327221 0.1044704 7.8179039E-02 5.3408697E-02
