T4-twomodels-1/gx/model30.grd
DSAA
         100         100
  -15.00000       15.00000    
  -15.00000       15.00000    
  -2.824071       1.463290    
[rows 0 to 23 of 100, columns 0 to 54 of 100]
3.5044884E-03 3.5840997E-03 3.6602966E-03 3.7328887E-03 3.8011393E-03 3.8651174E-03 3.9238306E-03 3.9773849E-03 4.0247701E-03 4.0654484E-03 4.0959138E-03 4.1267350E-03 4.1554095E-03 4.1738655E-03 4.1862694E-03 4.1925665E-03 4.1936231E-03 4.1893157E-03 4.1805850E-03 4.1674478E-03 4.1504842E-03 4.1299108E-03 4.1063135E-03 4.0797768E-03 4.0507591E-03 4.0193656E-03 3.9859014E-03 3.9504566E-03 3.9130552E-03 3.8736202E-03 3.8321882E-03 3.7885609E-03 3.7424318E-03 3.6936603E-03 3.6418731E-03 3.5867358E-03 3.5277414E-03 3.4645011E-03 3.3962855E-03 3.3229277E-03 3.2437036E-03 3.1583684E-03 3.0660406E-03 2.9666848E-03 2.8592385E-03 2.7441974E-03 2.6202425E-03 2.4876634E-03 2.3407373E-03 2.1923049E-03 2.0479909E-03 1.8821009E-03 1.7081586E-03 1.5275384E-03 1.3399727E-03
3.7566840E-03 3.8456246E-03 3.9311652E-03 4.0123384E-03 4.0890994E-03 4.1605476E-03 4.2265509E-03 4.2860364E-03 4.3394961E-03 4.3870588E-03 4.4323849E-03 4.4639395E-03 4.4844691E-03 4.5029549E-03 4.5151538E-03 4.5214156E-03 4.5212260E-03 4.5155953E-03 4.5046587E-03 4.4892291E-03 4.4695078E-03 4.4463584E-03 4.4198786E-03 4.3905908E-03 4.3588122E-03 4.3249587E-03 4.2891731E-03 4.2517488E-03 4.2126030E-03 4.1717333E-03 4.1291309E-03 4.0845657E-03 4.0377467E-03 3.9883936E-03 3.9362228E-03 3.8805911E-03 3.8211315E-03 3.7570624E-03 3.6879226E-03 3.6129835E-03 3.5319405E-03 3.4437515E-03 3.3482362E-03 3.2442482E-03 3.1319011E-03 3.0100527E-03 2.8798524E-03 2.7408076E-03 2.5989853E-03 2.4403434E-03 2.2590901E-03 2.0830673E-03 1.8977450E-03 1.7024144E-03 1.4982416E-03
4.0328084E-03 4.1328692E-03 4.2288206E-03 4.3203393E-03 4.4064429E-03 4.4870153E-03 4.5607770E-03 4.6277698E-03 4.6868147E-03 4.7372421E-03 4.7751367E-03 4.8119989E-03 4.8451680E-03 4.8658778E-03 4.8787487E-03 4.8838914E-03 4.8824428E-03 4.8743892E-03 4.8608775E-03 4.8421645E-03 4.8192581E-03 4.7925375E-03 4.7625881E-03 4.7297524E-03 4.6947883E-03 4.6579214E-03 4.6195360E-03 4.5798067E-03 4.5388197E-03 4.4965087E-03 4.4528535E-03 4.4075940E-03 4.3603787E-03 4.3109660E-03 4.2588087E-03 4.2033540E-03 4.1438858E-03 4.0798187E-03 4.0101642E-03 3.9345105E-03 3.8518233E-03 3.7615988E-03 3.6626903E-03 3.5548795E-03 3.4368257E-03 3.3089689E-03 3.1697927E-03 3.0194267E-03 2.8515628E-03 2.6802539E-03 2.5117323E-03 2.3179862E-03 2.1138645E-03 1.9009209E-03 1.6789781E-03
4.3362407E-03 4.4487882E-03 4.5572026E-03 4.6602502E-03 4.7576767E-03 4.8482330E-03 4.9316273E-03 5.0065476E-03 5.0733648E-03 5.1321089E-03 5.1867468E-03 5.2246079E-03 5.2487506E-03 5.2690790E-03 5.2810311E-03 5.2852002E-03 5.2812193E-03 5.2703735E-03 5.2530365E-03 5.2304454E-03 5.2030953E-03 5.1720114E-03 5.1375208E-03 5.1005278E-03 5.0615547E-03 5.0211819E-03 4.9796393E-03 4.9373345E-03 4.8942887E-03 4.8505240E-03 4.8059449E-03 4.7602602E-03 4.7131325E-03 4.6641440E-03 4.6127704E-03 4.5581469E-03 4.4996864E-03 4.4362969E-03 4.3672058E-03 4.2913374E-03 4.2080763E-03 4.1160057E-03 4.0147183E-03 3.9027322E-03 3.7799072E-03 3.6448813E-03 3.4987750E-03 3.3408948E-03 3.1778971E-03 2.9943769E-03 2.7839926E-03 2.5774189E-03 2.3587793E-03 2.1274507E-03 1.8848605E-03
4.6701869E-03 4.7976426E-03 4.9201492E-03 5.0371443E-03 5.1472792E-03 5.2501103E-03 5.3440393E-03 5.4289135E-03 5.5031935E-03 5.5659781E-03 5.6128991E-03 5.6567872E-03 5.6946818E-03 5.7168617E-03 5.7286010E-03 5.7302834E-03 5.7234084E-03 5.7082083E-03 5.6862775E-03 5.6582396E-03 5.6254426E-03 5.5885455E-03 5.5485955E-03 5.5062417E-03 5.4624728E-03 5.4177060E-03 5.3725042E-03 5.3271702E-03 5.2819080E-03 5.2366620E-03 5.1913541E-03 5.1456583E-03 5.0991331E-03 5.0513726E-03 5.0015603E-03 4.9489029E-03 4.8923604E-03 4.8309742E-03 4.7633164E-03 4.6886285E-03 4.6054432E-03 4.5128847E-03 4.4093914E-03 4.2944276E-03 4.1661910E-03 4.0250076E-03 3.8690204E-03 3.6982377E-03 3.5056770E-03 3.3070324E-03 3.1091773E-03 2.8810631E-03 2.6393610E-03 2.3860231E-03 2.1210150E-03
5.0389594E-03 5.1834174E-03 5.3228987E-03 5.4557710E-03 5.5813980E-03 5.6980136E-03 5.8050165E-03 5.9006857E-03 5.9851548E-03 6.0582673E-03 6.1243419E-03 6.1694714E-03 6.1970381E-03 6.2179603E-03 6.2273936E-03 6.2263221E-03 6.2146625E-03 6.1941743E-03 6.1656823E-03 6.1309291E-03 6.0907835E-03 6.0467850E-03 5.9997258E-03 5.9508672E-03 5.9009977E-03 5.8509870E-03 5.8013056E-03 5.7525318E-03 5.7047689E-03 5.6580752E-03 5.6123165E-03 5.5671264E-03 5.5220351E-03 5.4763993E-03 5.4294118E-03 5.3798826E-03 5.3268340E-03 5.2686986E-03 5.2042319E-03 5.1318724E-03 5.0505269E-03 4.9582082E-03 4.8540668E-03 4.7360910E-03 4.6037692E-03 4.4553662E-03 4.2919088E-03 4.1124513E-03 3.9243507E-03 3.7107770E-03 3.4647095E-03 3.2200147E-03 2.9594738E-03 2.6826963E-03 2.3914822E-03
5.4470603E-03 5.6119384E-03 5.7709552E-03 5.9231156E-03 6.0664723E-03 6.2000663E-03 6.3217375E-03 6.4309607E-03 6.5256907E-03 6.6046962E-03 6.6629923E-03 6.7149275E-03 6.7572142E-03 6.7790351E-03 6.7865187E-03 6.7804866E-03 6.7630243E-03 6.7348462E-03 6.6982149E-03 6.6542937E-03 6.6050403E-03 6.5516927E-03 6.4958790E-03 6.4386325E-03 6.3813417E-03 6.3247704E-03 6.2698079E-03 6.2169260E-03 6.1664311E-03 6.1182980E-03 6.0724346E-03 6.0284315E-03 5.9856586E-03 5.9434455E-03 5.9006377E-03 5.8560548E-03 5.8081388E-03 5.7554105E-03 5.6958389E-03 5.6280922E-03 5.5500097E-03 5.4600798E-03 5.3560631E-03 5.2368967E-03 5.1001767E-03 4.9459562E-03 4.7718920E-03 4.5777848E-03 4.3558441E-03 4.1237464E-03 3.8892098E-03 3.6177025E-03 3.3282018E-03 3.0232538E-03 2.7031256E-03
5.9002452E-03 6.0887928E-03 6.2714838E-03 6.4460104E-03 6.6111097E-03 6.7642410E-03 6.9042216E-03 7.0286645E-03 7.1372939E-03 7.2296145E-03 7.3102522E-03 7.3636328E-03 7.3935683E-03 7.4123866E-03 7.4149999E-03 7.4029919E-03 7.3768203E-03 7.3390389E-03 7.2911778E-03 7.2357813E-03 7.1744304E-03 7.1094488E-03 7.0422576E-03 6.9746762E-03 6.9079711E-03 6.8434761E-03 6.7819892E-03 6.7243115E-03 6.6706561E-03 6.6211382E-03 6.5756273E-03 6.5336386E-03 6.4944760E-03 6.4571775E-03 6.4205546E-03 6.3829096E-03 6.3426849E-03 6.2976354E-03 6.2458492E-03 6.1849384E-03 6.1130095E-03 6.0271760E-03 5.9258509E-03 5.8062021E-03 5.6671505E-03 5.5063237E-03 5.3245127E-03 5.1204176E-03 4.9022436E-03 4.6513686E-03 4.3601003E-03 4.0665227E-03 3.7518851E-03 3.4162293E-03 3.0619951E-03
6.4044958E-03 6.6217086E-03 6.8321484E-03 7.0340792E-03 7.2246352E-03 7.4020340E-03 7.5631854E-03 7.7068745E-03 7.8302296E-03 7.9314038E-03 8.0044977E-03 8.0654984E-03 8.1107924E-03 8.1284614E-03 8.1258183E-03 8.1044156E-03 8.0673173E-03 8.0160862E-03 7.9540471E-03 7.8832740E-03 7.8067267E-03 7.7265278E-03 7.6451553E-03 7.5643216E-03 7.4860486E-03 7.4115936E-03 7.3422547E-03 7.2787511E-03 7.2215442E-03 7.1707023E-03 7.1261297E-03 7.0872740E-03 7.0532346E-03 7.0229699E-03 6.9948435E-03 6.9670957E-03 6.9374475E-03 6.9036456E-03 6.8627438E-03 6.8124435E-03 6.7494651E-03 6.6712783E-03 6.5745623E-03 6.4573805E-03 6.3163592E-03 6.1509740E-03 5.9581357E-03 5.7373117E-03 5.4797297E-03 5.2054706E-03 4.9234717E-03 4.5953905E-03 4.2431625E-03 3.8703019E-03 3.4777047E-03
6.9678556E-03 7.2188280E-03 7.4631958E-03 7.6975804E-03 7.9196971E-03 8.1257671E-03 8.3135702E-03 8.4795626E-03 8.6226519E-03 8.7416358E-03 8.8413171E-03 8.9038648E-03 8.9336997E-03 8.9451084E-03 8.9329034E-03 8.8996990E-03 8.8469647E-03 8.7786000E-03 8.6973328E-03 8.6070346E-03 8.5104452E-03 8.4110964E-03 8.3113918E-03 8.2140714E-03 8.1211040E-03 8.0344453E-03 7.9553304E-03 7.8848954E-03 7.8235427E-03 7.7715060E-03 7.7286223E-03 7.6942444E-03 7.6673734E-03 7.6465965E-03 7.6301894E-03 7.6157455E-03 7.6008812E-03 7.5823367E-03 7.5571081E-03 7.5215087E-03 7.4723270E-03 7.4052457E-03 7.3174373E-03 7.2047161E-03 7.0649716E-03 6.8947515E-03 6.6943569E-03 6.4619523E-03 6.2068114E-03 5.9081260E-03 5.5576432E-03 5.1991241E-03 4.8121708E-03 4.3977103E-03 3.9593135E-03
7.5985622E-03 7.8907209E-03 8.1755631E-03 8.4501579E-03 8.7101338E-03 8.9522535E-03 9.1718128E-03 9.3662832E-03 9.5313350E-03 9.6639721E-03 9.7568892E-03 9.8279202E-03 9.8730922E-03 9.8793628E-03 9.8557780E-03 9.8051988E-03 9.7324010E-03 9.6405009E-03 9.5345881E-03 9.4182976E-03 9.2962496E-03 9.1719693E-03 9.0492247E-03 8.9307781E-03 8.8195652E-03 8.7175220E-03 8.6264955E-03 8.5475743E-03 8.4814802E-03 8.4283752E-03 8.3881328E-03 8.3600059E-03 8.3427411E-03 8.3348174E-03 8.3339522E-03 8.3375871E-03 8.3424048E-03 8.3449744E-03 8.3409194E-03 8.3263852E-03 8.2963035E-03 8.2464367E-03 8.1716357E-03 8.0683837E-03 7.9316329E-03 7.7597713E-03 7.5485087E-03 7.2967829E-03 6.9946605E-03 6.6652866E-03 6.3194758E-03 5.9147147E-03 5.4769837E-03 5.0114943E-03 4.5203837E-03
8.3074793E-03 8.6489301E-03 8.9838048E-03 9.3070269E-03 9.6145356E-03 9.9004051E-03 1.0160483E-02 1.0389144E-02 1.0583633E-02 1.0741320E-02 1.0866855E-02 1.0939410E-02 1.0964164E-02 1.0958102E-02 1.0916319E-02 1.0843298E-02 1.0742464E-02 1.0620082E-02 1.0481007E-02 1.0331364E-02 1.0175895E-02 1.0019976E-02 9.8674996E-03 9.7225849E-03 9.5882155E-03 9.4671929E-03 9.3613239E-03 9.2721889E-03 9.2004631E-03 9.1464994E-03 9.1100801E-03 9.0903398E-03 9.0859132E-03 9.0948557E-03 9.1147078E-03 9.1420906E-03 9.1734668E-03 9.2040822E-03 9.2292419E-03 9.2431875E-03 9.2405584E-03 9.2146425E-03 9.1603566E-03 9.0711294E-03 8.9428890E-03 8.7702954E-03 8.5526537E-03 8.2872817E-03 7.9848822E-03 7.6221656E-03 7.1906783E-03 6.7418814E-03 6.2539498E-03 5.7296418E-03 5.1746112E-03
9.1062263E-03 9.5084514E-03 9.9041443E-03 1.0288392E-02 1.0654299E-02 1.0996027E-02 1.1305961E-02 1.1578969E-02 1.1807944E-02 1.1987637E-02 1.2108430E-02 1.2190302E-02 1.2228787E-02 1.2209693E-02 1.2144928E-02 1.2039838E-02 1.1902307E-02 1.1738378E-02 1.1556256E-02 1.1362379E-02 1.1164058E-02 1.0966987E-02 1.0776936E-02 1.0598199E-02 1.0434967E-02 1.0290070E-02 1.0166011E-02 1.0064308E-02 9.9860085E-03 9.9313790E-03 9.9002365E-03 9.8916218E-03 9.9039087E-03 9.9350205E-03 9.9817961E-03 1.0040645E-02 1.0106839E-02 1.0175237E-02 1.0239275E-02 1.0292638E-02 1.0327344E-02 1.0336166E-02 1.0310682E-02 1.0244373E-02 1.0129147E-02 9.9611990E-03 9.7341314E-03 9.4460361E-03 9.0856142E-03 8.6803623E-03 8.2441438E-03 7.7299047E-03 7.1697780E-03 6.5721259E-03 5.9415917E-03
1.0009655E-02 1.0485772E-02 1.0957562E-02 1.1417214E-02 1.1857627E-02 1.2269137E-02 1.2643891E-02 1.2972200E-02 1.3247855E-02 1.3465209E-02 1.3627847E-02 1.3710815E-02 1.3720254E-02 1.3677017E-02 1.3577580E-02 1.3430011E-02 1.3241619E-02 1.3023027E-02 1.2783064E-02 1.2531782E-02 1.2277189E-02 1.2027564E-02 1.1789133E-02 1.1567861E-02 1.1368060E-02 1.1193558E-02 1.1046811E-02 1.0929866E-02 1.0843683E-02 1.0788725E-02 1.0764705E-02 1.0770571E-02 1.0804612E-02 1.0864272E-02 1.0946214E-02 1.1045864E-02 1.1158161E-02 1.1276244E-02 1.1392864E-02 1.1499058E-02 1.1585875E-02 1.1642411E-02 1.1659372E-02 1.1625697E-02 1.1533469E-02 1.1373725E-02 1.1143592E-02 1.0839050E-02 1.0472688E-02 1.0018814E-02 9.4697624E-03 8.8878991E-03 8.2511744E-03 7.5660776E-03 6.8421829E-03
1.1033834E-02 1.1601986E-02 1.2167977E-02 1.2723695E-02 1.3257998E-02 1.3760361E-02 1.4217633E-02 1.4619302E-02 1.4952689E-02 1.5207884E-02 1.5370874E-02 1.5463722E-02 1.5481402E-02 1.5409103E-02 1.5263909E-02 1.5056185E-02 1.4799858E-02 1.4506673E-02 1.4190593E-02 1.3863027E-02 1.3535714E-02 1.3217820E-02 1.2917969E-02 1.2642453E-02 1.2396972E-02 1.2185317E-02 1.2010677E-02 1.1874951E-02 1.1779438E-02 1.1724470E-02 1.1709819E-02 1.1734369E-02 1.1796184E-02 1.1892638E-02 1.2019685E-02 1.2172548E-02 1.2344765E-02 1.2528894E-02 1.2715193E-02 1.2893477E-02 1.3050917E-02 1.3174943E-02 1.3251024E-02 1.3266725E-02 1.3208002E-02 1.3066364E-02 1.2831384E-02 1.2499479E-02 1.2057688E-02 1.1540092E-02 1.0966188E-02 1.0285092E-02 9.5390789E-03 8.7425485E-03 7.9051284E-03
1.2199040E-02 1.2880742E-02 1.3566120E-02 1.4243135E-02 1.4899488E-02 1.5518815E-02 1.6085912E-02 1.6582854E-02 1.6995886E-02 1.7312653E-02 1.7533155E-02 1.7625889E-02 1.7598396E-02 1.7477978E-02 1.7265225E-02 1.6975749E-02 1.6624935E-02 1.6231939E-02 1.5813172E-02 1.5385622E-02 1.4962737E-02 1.4557197E-02 1.4178353E-02 1.3834501E-02 1.3531341E-02 1.3273641E-02 1.3064318E-02 1.2905730E-02 1.2798940E-02 1.2744448E-02 1.2741935E-02 1.2790243E-02 1.2887492E-02 1.3030682E-02 1.3215770E-02 1.3437023E-02 1.3687686E-02 1.3958264E-02 1.4237938E-02 1.4512780E-02 1.4767790E-02 1.4984638E-02 1.5145924E-02 1.5231734E-02 1.5225996E-02 1.5112118E-02 1.4882282E-02 1.4529703E-02 1.4069653E-02 1.3474775E-02 1.2741043E-02 1.1948376E-02 1.1077683E-02 1.0143249E-02 9.1622425E-03
1.3527196E-02 1.4351712E-02 1.5187412E-02 1.6021421E-02 1.6835548E-02 1.7610600E-02 1.8322583E-02 1.8949538E-02 1.9466676E-02 1.9853421E-02 2.0086439E-02 2.0188900E-02 2.0155216E-02 1.9971792E-02 1.9666351E-02 1.9260455E-02 1.8780643E-02 1.8250406E-02 1.7694669E-02 1.7133744E-02 1.6586496E-02 1.6067065E-02 1.5587775E-02 1.5157092E-02 1.4781996E-02 1.4466798E-02 1.4214931E-02 1.4028249E-02 1.3908014E-02 1.3854494E-02 1.3867442E-02 1.3945779E-02 1.4087570E-02 1.4290093E-02 1.4548874E-02 1.4858341E-02 1.5210407E-02 1.5595027E-02 1.5998282E-02 1.6404198E-02 1.6791964E-02 1.7139351E-02 1.7420150E-02 1.7609611E-02 1.7680924E-02 1.7614812E-02 1.7391995E-02 1.7004946E-02 1.6438846E-02 1.5739100E-02 1.4936849E-02 1.3980835E-02 1.2932043E-02 1.1817307E-02 1.0656275E-02
1.5045394E-02 1.6048258E-02 1.7076846E-02 1.8113222E-02 1.9136624E-02 2.0118488E-02 2.1028824E-02 2.1832142E-02 2.2497095E-02 2.2995029E-02 2.3315379E-02 2.3414794E-02 2.3303026E-02 2.3019709E-02 2.2577135E-02 2.2008365E-02 2.1346878E-02 2.0629529E-02 1.9887555E-02 1.9150034E-02 1.8438898E-02 1.7772859E-02 1.7164810E-02 1.6624982E-02 1.6159611E-02 1.5773481E-02 1.5469084E-02 1.5248335E-02 1.5111860E-02 1.5059982E-02 1.5092383E-02 1.5208136E-02 1.5405767E-02 1.5682654E-02 1.6035048E-02 1.6456960E-02 1.6940633E-02 1.7474113E-02 1.8042343E-02 1.8624432E-02 1.9195648E-02 1.9724388E-02 2.0177329E-02 2.0515950E-02 2.0705579E-02 2.0711869E-02 2.0514499E-02 2.0099843E-02 1.9487301E-02 1.8651305E-02 1.7599553E-02 1.6443720E-02 1.5176711E-02 1.3829959E-02 1.2435526E-02
1.6782431E-02 1.8011274E-02 1.9286290E-02 2.0588746E-02 2.1889571E-02 2.3153907E-02 2.4336090E-02 2.5388740E-02 2.6258644E-02 2.6898552E-02 2.7262414E-02 2.7369363E-02 2.7213681E-02 2.6790017E-02 2.6151184E-02 2.5346166E-02 2.4430241E-02 2.3452230E-02 2.2458227E-02 2.1483796E-02 2.0558340E-02 1.9702142E-02 1.8930659E-02 1.8253015E-02 1.7675716E-02 1.7201832E-02 1.6833477E-02 1.6571211E-02 1.6415404E-02 1.6365852E-02 1.6422382E-02 1.6584476E-02 1.6851159E-02 1.7221007E-02 1.7690854E-02 1.8256152E-02 1.8908828E-02 1.9637471E-02 2.0424094E-02 2.1245381E-02 2.2068327E-02 2.2853617E-02 2.3552148E-02 2.4112333E-02 2.4477713E-02 2.4601808E-02 2.4442958E-02 2.3982581E-02 2.3203697E-02 2.2173947E-02 2.0952173E-02 1.9500526E-02 1.7918324E-02 1.6259322E-02 1.4563227E-02
1.8772436E-02 2.0285740E-02 2.1880051E-02 2.3531675E-02 2.5207922E-02 2.6859216E-02 2.8425813E-02 2.9832968E-02 3.1005558E-02 3.1871457E-02 3.2387804E-02 3.2484543E-02 3.2175735E-02 3.1530131E-02 3.0594809E-02 2.9447857E-02 2.8166445E-02 2.6825763E-02 2.5485627E-02 2.4194926E-02 2.2986989E-02 2.1886220E-02 2.0906540E-02 2.0056859E-02 1.9340646E-02 1.8759644E-02 1.8313324E-02 1.8001216E-02 1.7822238E-02 1.7775906E-02 1.7862037E-02 1.8080741E-02 1.8432425E-02 1.8917022E-02 1.9533897E-02 2.0279936E-02 2.1149766E-02 2.2131953E-02 2.3209207E-02 2.4353297E-02 2.5525864E-02 2.6672829E-02 2.7729547E-02 2.8616667E-02 2.9254034E-02 2.9561235E-02 2.9481994E-02 2.8982276E-02 2.8087709E-02 2.6786854E-02 2.5124108E-02 2.3279805E-02 2.1284129E-02 1.9207384E-02 1.7110664E-02
2.1050343E-02 2.2924939E-02 2.4930995E-02 2.7047329E-02 2.9232327E-02 3.1426042E-02 3.3540566E-02 3.5470277E-02 3.7089683E-02 3.8276892E-02 3.8920950E-02 3.9017145E-02 3.8561583E-02 3.7582237E-02 3.6201801E-02 3.4544453E-02 3.2736450E-02 3.0882377E-02 2.9067835E-02 2.7351391E-02 2.5773760E-02 2.4357514E-02 2.3115467E-02 2.2051103E-02 2.1164760E-02 2.0453203E-02 1.9913275E-02 1.9541329E-02 1.9335007E-02 1.9292787E-02 1.9414732E-02 1.9702027E-02 2.0156845E-02 2.0782309E-02 2.1580782E-02 2.2553960E-02 2.3699734E-02 2.5011510E-02 2.6472494E-02 2.8054917E-02 2.9711444E-02 3.1375829E-02 3.2955244E-02 3.4338310E-02 3.5394721E-02 3.6001991E-02 3.6052056E-02 3.5489053E-02 3.4292284E-02 3.2583155E-02 3.0497424E-02 2.8057188E-02 2.5451818E-02 2.2796016E-02 2.0167604E-02
2.3654493E-02 2.5983961E-02 2.8525069E-02 3.1258155E-02 3.4142841E-02 3.7100978E-02 4.0017482E-02 4.2728692E-02 4.5042846E-02 4.6758011E-02 4.7721826E-02 4.7788560E-02 4.6982862E-02 4.5459267E-02 4.3380313E-02 4.0954549E-02 3.8371492E-02 3.5789471E-02 3.3318400E-02 3.1031959E-02 2.8969351E-02 2.7150402E-02 2.5578264E-02 2.4249632E-02 2.3155661E-02 2.2287434E-02 2.1635491E-02 2.1192923E-02 2.0954333E-02 2.0917332E-02 2.1082055E-02 2.1451224E-02 2.2030177E-02 2.2825994E-02 2.3847379E-02 2.5102189E-02 2.6597315E-02 2.8332943E-02 3.0300895E-02 3.2474779E-02 3.4806192E-02 3.7210669E-02 3.9566945E-02 4.1706406E-02 4.3431751E-02 4.4529207E-02 4.4823818E-02 4.4207122E-02 4.2709716E-02 4.0380906E-02 3.7389424E-02 3.4093156E-02 3.0636147E-02 2.7178146E-02 2.3830520E-02
2.6619671E-02 2.9522844E-02 3.2753360E-02 3.6310263E-02 4.0156450E-02 4.4209458E-02 4.8312135E-02 5.2229986E-02 5.5642199E-02 5.8191508E-02 5.9543435E-02 5.9581410E-02 5.8313295E-02 5.5906765E-02 5.2718703E-02 4.9104042E-02 4.5372970E-02 4.1746698E-02 3.8370401E-02 3.5319399E-02 3.2627188E-02 3.0295879E-02 2.8314410E-02 2.6662305E-02 2.5319096E-02 2.4263965E-02 2.3480382E-02 2.2954827E-02 2.2678904E-02 2.2648172E-02 2.2863233E-02 2.3329051E-02 2.4054974E-02 2.5054915E-02 2.6345573E-02 2.7946895E-02 2.9877998E-02 3.2155927E-02 3.4786250E-02 3.7758198E-02 4.1026007E-02 4.4498485E-02 4.8013479E-02 5.1333684E-02 5.4139093E-02 5.6075364E-02 5.6804061E-02 5.6116179E-02 5.3966969E-02 5.0636441E-02 4.6518426E-02 4.1871049E-02 3.7123960E-02 3.2526523E-02 2.8209828E-02
2.9978352E-02 3.3594672E-02 3.7712246E-02 4.2359807E-02 4.7534097E-02 5.3157698E-02 5.9048582E-02 6.4862922E-02 7.0091069E-02 7.4095711E-02 7.6289833E-02 7.6237068E-02 7.3999576E-02 7.0066661E-02 6.5047137E-02 5.9569117E-02 5.4112311E-02 4.8990592E-02 4.4364735E-02 4.0299445E-02 3.6794368E-02 3.3821486E-02 3.1336561E-02 2.9295605E-02 2.7655739E-02 2.6381895E-02 2.5444727E-02 2.4823694E-02 2.4504660E-02 2.4481483E-02 2.4754880E-02 2.5332812E-02 2.6230700E-02 2.7470838E-02 2.9083237E-02 3.1103387E-02 3.3573199E-02 3.6533926E-02 4.0023483E-02 4.4059392E-02 4.8624840E-02 5.3632099E-02 5.8893580E-02 6.4071715E-02 6.8674617E-02 7.2074853E-02 7.3650919E-02 7.2956614E-02 6.9966689E-02 6.4973012E-02 5.8635652E-02 5.1891938E-02 4.5243844E-02 3.9033137E-02 3.3403806E-02
