T4-twomodels-1/gx/model30.grd
DSAA
         100         100
  -15.00000       15.00000    
  -15.00000       15.00000    
  -2.824071       1.463290    
[rows 48 to 71 of 100, columns 0 to 54 of 100]
0.1065228 0.1291112 0.1599079 0.1998292 0.2557987 0.3324355 0.4436365 0.6028666 0.8345105 1.140778 1.418061 1.379783 1.076059 0.7839614 0.5685854 0.4218018 0.3192622 0.2486297 0.1972462 0.1606597 0.1329115 0.1127029 9.6959695E-02 8.5469939E-02 7.6522171E-02 7.0230246E-02 6.5636180E-02 6.2897742E-02 6.1564520E-02 6.1734587E-02 6.3376836E-02 6.6500708E-02 7.1501963E-02 7.8327477E-02 8.7901011E-02 0.1002069 0.1169576 0.1384335 0.1676972 0.2059420 0.2587526 0.3294038 0.4276545 0.5589369 0.7343888 0.9492470 1.192250 1.403852 1.463227 1.124858 0.5902434 0.3374910 0.2474746 0.1949774 0.1538797
0.1065960 0.1291925 0.1599963 0.1999264 0.2559028 0.3325478 0.4437545 0.6029915 0.8346379 1.140901 1.418145 1.379875 1.076186 0.7840901 0.5687122 0.4219222 0.3193777 0.2487379 0.1973483 0.1607545 0.1330004 0.1127855 9.7037002E-02 8.5542090E-02 7.6590434E-02 7.0295252E-02 6.5698653E-02 6.2958561E-02 6.1624654E-02 6.1794903E-02 6.3438103E-02 6.6563860E-02 7.1567774E-02 7.8396991E-02 8.7974586E-02 0.1002858 0.1170418 0.1385243 0.1677939 0.2060458 0.2588625 0.3295204 0.4277757 0.5590638 0.7345174 0.9493794 1.192378 1.403972 1.463290 1.124912 0.5903842 0.3376129 0.2475783 0.1950708 0.1539654
0.1065228 0.1291111 0.1599078 0.1998292 0.2557987 0.3324354 0.4436365 0.6028666 0.8345104 1.140778 1.418061 1.379783 1.076058 0.7839613 0.5685854 0.4218020 0.3192624 0.2486298 0.1972462 0.1606597 0.1329115 0.1127029 9.6959710E-02 8.5469812E-02 7.6522171E-02 7.0230410E-02 6.5636292E-02 6.2897861E-02 6.1564568E-02 6.1734740E-02 6.3376904E-02 6.6500761E-02 7.1501926E-02 7.8327388E-02 8.7900914E-02 0.1002070 0.1169575 0.1384335 0.1676971 0.2059418 0.2587527 0.3294038 0.4276546 0.5589371 0.7343889 0.9492471 1.192249 1.403852 1.463227 1.124858 0.5902432 0.3374908 0.2474747 0.1949776 0.1538796
0.1063002 0.1288660 0.1596381 0.1995360 0.2554809 0.3320961 0.4432754 0.6024889 0.8341162 1.140366 1.417603 1.379331 1.075649 0.7835637 0.5682026 0.4214338 0.3189135 0.2483000 0.1969376 0.1603710 0.1326431 0.1124527 9.6726574E-02 8.5251585E-02 7.6316461E-02 7.0034638E-02 6.5448113E-02 6.2714629E-02 6.1383814E-02 6.1553605E-02 6.3192673E-02 6.6310860E-02 7.1303554E-02 7.8118421E-02 8.7678514E-02 9.9969402E-02 0.1167025 0.1381600 0.1674034 0.2056283 0.2584184 0.3290515 0.4272843 0.5585539 0.7339936 0.9488475 1.191845 1.403444 1.462773 1.124414 0.5899101 0.3371671 0.2471649 0.1946917 0.1536224
0.1059249 0.1284498 0.1591809 0.1990359 0.2549402 0.3315147 0.4426589 0.6018395 0.8334438 1.139683 1.416952 1.378672 1.074959 0.7828856 0.5675451 0.4208057 0.3183169 0.2477393 0.1964126 0.1598825 0.1321888 0.1120312 9.6334077E-02 8.4884964E-02 7.5971253E-02 6.9706887E-02 6.5133415E-02 6.2408391E-02 6.1081395E-02 6.1250519E-02 6.2884323E-02 6.5992653E-02 7.0971139E-02 7.7767193E-02 8.7304763E-02 9.9568814E-02 0.1162721 0.1376964 0.1669053 0.2050940 0.2578493 0.3284480 0.4266515 0.5578948 0.7333173 0.9481581 1.191157 1.402770 1.462170 1.123839 0.5892735 0.3365805 0.2466312 0.1942055 0.1531818
0.1053866 0.1278529 0.1585215 0.1983143 0.2541552 0.3306708 0.4417587 0.6008924 0.8324557 1.138660 1.415872 1.377598 1.073935 0.7818906 0.5665874 0.4198905 0.3174527 0.2469278 0.1956569 0.1591806 0.1315394 0.1114296 9.5776275E-02 8.4364593E-02 7.5483158E-02 6.9244206E-02 6.4689659E-02 6.1977029E-02 6.0655776E-02 6.0823824E-02 6.2449973E-02 6.5543920E-02 7.0501380E-02 7.7270247E-02 8.6773962E-02 9.8998778E-02 0.1156570 0.1370325 0.1661885 0.2043235 0.2570244 0.3275721 0.4257280 0.5569330 0.7323245 0.9471493 1.190140 1.401756 1.461123 1.122825 0.5884021 0.3357538 0.2458575 0.1934981 0.1525461
0.1046751 0.1270588 0.1576419 0.1973457 0.2530991 0.3295283 0.4405381 0.5996013 0.8311106 1.137283 1.414517 1.376234 1.072550 0.7805374 0.5652839 0.4186522 0.3162859 0.2458392 0.1946462 0.1582478 0.1306793 0.1106374 9.5044129E-02 8.3685011E-02 7.4847162E-02 6.8643153E-02 6.4114377E-02 6.1418541E-02 6.0104921E-02 6.0271710E-02 6.1887294E-02 6.4961590E-02 6.9890618E-02 7.6621689E-02 8.6079337E-02 9.8249249E-02 0.1148455 0.1361515 0.1652338 0.2032911 0.2559149 0.3263869 0.4244755 0.5556208 0.7309695 0.9457656 1.188753 1.400389 1.459847 1.121606 0.5871546 0.3346005 0.2448060 0.1925449 0.1516899
0.1037729 0.1260479 0.1565146 0.1960988 0.2517299 0.3280414 0.4389389 0.5979054 0.8293329 1.135441 1.412601 1.374325 1.070708 0.7787526 0.5635759 0.4170346 0.3147723 0.2444335 0.1933509 0.1570582 0.1295902 0.1096391 9.4126910E-02 8.2837202E-02 7.4057236E-02 6.7899227E-02 6.3404247E-02 6.0730264E-02 5.9426703E-02 5.9591521E-02 6.1193429E-02 6.4242281E-02 6.9133535E-02 7.5815290E-02 8.5211292E-02 9.7308561E-02 0.1138204 0.1350332 0.1640134 0.2019642 0.2544785 0.3248452 0.4228343 0.5538966 0.7291785 0.9439354 1.186905 1.398551 1.457998 1.119826 0.5855697 0.3331167 0.2434373 0.1913063 0.1505868
0.1026616 0.1247929 0.1551068 0.1945287 0.2499955 0.3261424 0.4368865 0.5957137 0.8270307 1.133067 1.410230 1.371945 1.068327 0.7764449 0.5613742 0.4149652 0.3128473 0.2426607 0.1917282 0.1555807 0.1282463 0.1084167 9.3010500E-02 8.1811756E-02 7.3106222E-02 6.7007087E-02 6.2555306E-02 5.9909351E-02 5.8618393E-02 5.8780938E-02 6.0365390E-02 6.3381545E-02 6.8224847E-02 7.4842706E-02 8.4159292E-02 9.6160762E-02 0.1125623 0.1336495 0.1624929 0.2002967 0.2526609 0.3228778 0.4207281 0.5516666 0.7268541 0.9415474 1.184500 1.396175 1.455747 1.117682 0.5834593 0.3311788 0.2416839 0.1897353 0.1491940
0.1013158 0.1232626 0.1533739 0.1925812 0.2478228 0.3237456 0.4342722 0.5929058 0.8240591 1.129972 1.407029 1.368753 1.065238 0.7734733 0.5585620 0.4123395 0.3104280 0.2404517 0.1897268 0.1537739 0.1266187 0.1069475 9.1679603E-02 8.0596939E-02 7.1986720E-02 6.5961577E-02 6.1564185E-02 5.8953010E-02 5.7677884E-02 5.7837427E-02 5.9400074E-02 6.2375408E-02 6.7158043E-02 7.3695287E-02 8.2910061E-02 9.4788842E-02 0.1110455 0.1319682 0.1606272 0.1982328 0.2503878 0.3203962 0.4180453 0.5488074 0.7238510 0.9384526 1.181365 1.393060 1.452660 1.114736 0.5808089 0.3287365 0.2394700 0.1877641 0.1474649
9.9708401E-02 0.1214163 0.1512641 0.1901830 0.2451209 0.3207305 0.4309535 0.5893056 0.8202274 1.125980 1.402999 1.364716 1.061249 0.7696512 0.5549691 0.4090204 0.3074003 0.2377201 0.1872782 0.1515890 0.1246698 0.1052066 9.0115435E-02 7.9180807E-02 7.0689783E-02 6.4757578E-02 6.0427282E-02 5.7859004E-02 5.6603253E-02 5.6759145E-02 5.8294952E-02 6.1219566E-02 6.5927267E-02 7.2363399E-02 8.1450149E-02 9.3171731E-02 0.1092422 0.1299479 0.1583627 0.1956977 0.2475658 0.3172777 0.4146402 0.5451397 0.7199715 0.9344260 1.177284 1.389021 1.448813 1.111104 0.5773429 0.3256000 0.2366800 0.1853120 0.1453340
9.7806618E-02 0.1192102 0.1487115 0.1872472 0.2417677 0.3169425 0.4267283 0.5846739 0.8152457 1.120737 1.397575 1.359310 1.056031 0.7646968 0.5503648 0.4048150 0.3036173 0.2343513 0.1843009 0.1489652 0.1223589 0.1031638 8.8299297E-02 7.7550158E-02 6.9208048E-02 6.3389771E-02 5.9141818E-02 5.6625508E-02 5.5393573E-02 5.5544768E-02 5.7047911E-02 5.9910946E-02 6.4526431E-02 7.0838019E-02 7.9764418E-02 9.1288112E-02 0.1071192 0.1275434 0.1556324 0.1926025 0.2440706 0.3133648 0.4103079 0.5404199 0.7149239 0.9291528 1.171905 1.383678 1.443589 1.106185 0.5729386 0.3216364 0.2331777 0.1822705 0.1427286
9.5577426E-02 0.1165908 0.1456420 0.1836630 0.2376126 0.3121706 0.4213256 0.5786624 0.8087090 1.113819 1.390509 1.352248 1.049149 0.7582174 0.5444152 0.3994664 0.2988807 0.2302044 0.1806921 0.1458341 0.1196379 0.1007895 8.6210705E-02 7.5693652E-02 6.7534015E-02 6.1854780E-02 5.7706017E-02 5.5252612E-02 5.4048732E-02 5.4194592E-02 5.5658568E-02 5.8447406E-02 6.2951297E-02 6.9110282E-02 7.7839382E-02 8.9114822E-02 0.1046423 0.1247010 0.1523605 0.1888349 0.2397497 0.3084447 0.4047747 0.5342965 0.7082945 0.9221534 1.164737 1.376571 1.436831 1.099905 0.5671455 0.3165323 0.2287681 0.1785108 0.1395557
9.2983991E-02 0.1135042 0.1419677 0.1793021 0.2324616 0.3061434 0.4143655 0.5707803 0.7999972 1.104473 1.380782 1.342560 1.039887 0.7496164 0.5366541 0.3926168 0.2929376 0.2251003 0.1763344 0.1421158 0.1164578 9.8051503E-02 8.3831802E-02 7.3599912E-02 6.5662831E-02 6.0150396E-02 5.6120276E-02 5.3741202E-02 5.2570578E-02 5.2710053E-02 5.4127682E-02 5.6828320E-02 6.1198711E-02 6.7174040E-02 7.5661860E-02 8.6630791E-02 0.1017753 0.1213654 0.1484591 0.1842656 0.2344089 0.3022460 0.3976624 0.5262803 0.6994655 0.9127166 1.154987 1.366871 1.427489 1.091298 0.5596058 0.3099964 0.2232175 0.1738710 0.1357175
8.9994892E-02 0.1098925 0.1375980 0.1740136 0.2260835 0.2985040 0.4053347 0.5603096 0.7881938 1.091642 1.367457 1.329278 1.027196 0.7380180 0.5264051 0.3837894 0.2854588 0.2188275 0.1710906 0.1377290 0.1127677 9.4922327E-02 8.1146471E-02 7.1262494E-02 6.3591845E-02 5.8277965E-02 5.4386821E-02 5.2094925E-02 5.0963078E-02 5.1095091E-02 5.2458689E-02 5.5056006E-02 5.9269272E-02 6.5025724E-02 7.3223628E-02 8.3817363E-02 9.8486334E-02 0.1174798 0.1438369 0.1787454 0.2278202 0.2944197 0.3884701 0.5156708 0.6875337 0.8997358 1.141440 1.353380 1.414765 1.079795 0.5494893 0.3014902 0.2162166 0.1681731 0.1311049
8.6582288E-02 0.1057075 0.1324398 0.1676403 0.2182059 0.2888125 0.3935353 0.5462242 0.7718745 1.073505 1.348279 1.310215 1.009344 0.7220771 0.5127161 0.3723435 0.2760457 0.2111411 0.1648212 0.1325920 0.1085261 9.1379568E-02 7.8147002E-02 6.8679184E-02 6.1323866E-02 5.6241408E-02 5.2511796E-02 5.0319929E-02 4.9232744E-02 4.9356233E-02 5.0657630E-02 5.3135976E-02 5.7166655E-02 6.2667303E-02 7.0521183E-02 8.0664285E-02 9.4749518E-02 0.1129963 0.1384037 0.1721210 0.2197211 0.2845460 0.3765378 0.5015006 0.6711486 0.8814974 1.122090 1.333990 1.396426 1.063518 0.5359053 0.2904466 0.2074206 0.1612291 0.1256292
8.2735024E-02 0.1009128 0.1264202 0.1600297 0.2085462 0.2765474 0.3780725 0.5270584 0.7488666 1.047212 1.320193 1.282323 0.9835868 0.6997716 0.4942482 0.3574750 0.2642341 0.2017924 0.1573932 0.1266427 0.1037037 8.7415621E-02 7.4832961E-02 6.5856434E-02 5.8866322E-02 5.4050021E-02 5.0503828E-02 4.8425492E-02 4.7388613E-02 4.7502384E-02 4.8733633E-02 5.1076997E-02 5.4899730E-02 6.0105823E-02 6.7559935E-02 7.7170148E-02 9.0554319E-02 0.1078813 0.1320896 0.1642484 0.2098480 0.2721469 0.3610591 0.4824605 0.6483555 0.8553048 1.093652 1.305219 1.369641 1.040455 0.5171887 0.2760067 0.1964667 0.1529020 0.1192365
7.8457505E-02 9.5503271E-02 0.1194977 0.1510759 0.1968495 0.2611768 0.3578767 0.5008435 0.7158464 1.007870 1.277014 1.239596 0.9453499 0.6680761 0.4692507 0.3382472 0.2495647 0.1905650 0.1487198 0.1198500 9.8300189E-02 8.3039105E-02 7.1219832E-02 6.2808201E-02 5.6234419E-02 5.1716890E-02 4.8376158E-02 4.6423677E-02 4.5442656E-02 4.5545775E-02 4.6699293E-02 4.8892759E-02 5.2482635E-02 5.7357021E-02 6.4354867E-02 7.3350228E-02 8.5909076E-02 0.1021323 0.1248596 0.1550343 0.1979786 0.2567675 0.3411419 0.4569449 0.6164528 0.8170744 1.050633 1.260779 1.328231 1.006030 0.4913127 0.2574155 0.1831618 0.1431857 0.1119708
7.3785827E-02 8.9511096E-02 0.1116974 0.1407581 0.1829884 0.2422903 0.3319151 0.4652229 0.6680999 0.9475322 1.208505 1.172076 0.8873357 0.6228439 0.4357051 0.3137955 0.2317042 0.1773633 0.1387939 0.1122434 9.2350110E-02 7.8286052E-02 6.7337088E-02 5.9561782E-02 5.3449705E-02 4.9261890E-02 4.6145439E-02 4.4330370E-02 4.3409813E-02 4.3501463E-02 4.4570561E-02 4.6600409E-02 4.9935605E-02 5.4443721E-02 6.0934424E-02 6.9236256E-02 8.0851778E-02 9.5786318E-02 0.1167452 0.1444737 0.1840236 0.2381047 0.3160397 0.4233098 0.5722228 0.7611338 0.9843579 1.189576 1.261589 0.9532746 0.4552336 0.2342658 0.1678080 0.1323684 0.1040021
6.8779796E-02 8.3026320E-02 0.1031225 0.1292084 0.1670648 0.2198651 0.2996526 0.4182392 0.6001219 0.8541226 1.095834 1.061891 0.7989990 0.5595071 0.3920656 0.2837336 0.2106751 0.1622997 0.1277449 0.1039240 8.5939400E-02 7.3216498E-02 6.3235730E-02 5.6152418E-02 5.0543670E-02 4.6707831E-02 4.3833330E-02 4.2163365E-02 4.1308168E-02 4.1387171E-02 4.2366326E-02 4.4222426E-02 4.7283761E-02 5.1399238E-02 5.7337433E-02 6.4882763E-02 7.5448550E-02 8.8935941E-02 0.1078568 0.1327086 0.1681170 0.2162340 0.2855459 0.3806336 0.5130336 0.6815327 0.8832864 1.073284 1.148048 0.8678659 0.4065914 0.2083433 0.1518099 0.1211108 9.5648482E-02
6.3511953E-02 7.6213494E-02 9.3950845E-02 0.1167617 0.1494956 0.1945682 0.2617859 0.3601908 0.5092636 0.7158682 0.9134175 0.8856347 0.6711292 0.4763283 0.3388377 0.2487578 0.1871057 0.1457649 0.1158795 9.5063590E-02 7.9215072E-02 6.7908026E-02 5.8992229E-02 5.2618805E-02 4.7560237E-02 4.4078100E-02 4.1468173E-02 3.9941441E-02 3.9158609E-02 3.9223853E-02 4.0106378E-02 4.1788030E-02 4.4552360E-02 4.8270561E-02 5.3606752E-02 6.0373172E-02 6.9785096E-02 8.1741735E-02 9.8382331E-02 0.1200698 0.1506788 0.1918349 0.2504777 0.3299246 0.4393100 0.5767593 0.7398775 0.8924524 0.9541886 0.7266430 0.3478006 0.1857320 0.1376417 0.1101695 8.7281726E-02
5.8053493E-02 6.9309950E-02 8.4413588E-02 0.1039556 0.1310086 0.1678858 0.2207597 0.2957961 0.4032029 0.5424381 0.6652973 0.6485817 0.5135810 0.3802706 0.2802370 0.2110289 0.1623213 0.1284179 0.1036757 8.5885696E-02 7.2382711E-02 6.2444139E-02 5.4709282E-02 4.8995879E-02 4.4557430E-02 4.1391388E-02 3.9085682E-02 3.7680931E-02 3.6985777E-02 3.7032977E-02 3.7811257E-02 3.9331451E-02 4.1765783E-02 4.5116492E-02 4.9785286E-02 5.5815808E-02 6.3958339E-02 7.4424312E-02 8.8569827E-02 0.1070664 0.1324027 0.1662424 0.2128990 0.2749675 0.3570352 0.4566149 0.5670680 0.6601853 0.6803958 0.5261386 0.2886439 0.1710011 0.1260980 9.9604301E-02 7.9145528E-02
5.2641448E-02 6.2409710E-02 7.4968256E-02 9.1219299E-02 0.1127577 0.1415375 0.1805649 0.2330713 0.3013466 0.3791968 0.4371844 0.4299306 0.3645197 0.2877517 0.2230366 0.1740213 0.1378261 0.1112759 9.1536678E-02 7.6782361E-02 6.5558493E-02 5.7011481E-02 5.0418947E-02 4.5386028E-02 4.1543655E-02 3.8708434E-02 3.6692999E-02 3.5418496E-02 3.4805514E-02 3.4836438E-02 3.5512928E-02 3.6866881E-02 3.8982417E-02 4.1954093E-02 4.5977555E-02 5.1254395E-02 5.8165520E-02 6.7120321E-02 7.8838214E-02 9.4135992E-02 0.1143396 0.1409345 0.1759760 0.2210978 0.2770482 0.3406047 0.4024859 0.4428379 0.4312154 0.3442334 0.2289143 0.1535658 0.1137125 8.8925391E-02 7.0918471E-02
4.7445212E-02 5.5670448E-02 6.5984458E-02 7.9041690E-02 9.5749103E-02 0.1172170 0.1447214 0.1791220 0.2194553 0.2596564 0.2857368 0.2827766 0.2528985 0.2122694 0.1733240 0.1408056 0.1151096 9.5232338E-02 7.9909287E-02 6.8080910E-02 5.8899343E-02 5.1755134E-02 4.6183873E-02 4.1863721E-02 3.8548529E-02 3.6072422E-02 3.4309562E-02 3.3182159E-02 3.2637615E-02 3.2655749E-02 3.3238977E-02 3.4416590E-02 3.6246758E-02 3.8817886E-02 4.2263035E-02 4.6760388E-02 5.2563962E-02 6.0004685E-02 6.9541752E-02 8.1758529E-02 9.7417355E-02 0.1173841 0.1425339 0.1732692 0.2087450 0.2454430 0.2760201 0.2892255 0.2738456 0.2288046 0.1730749 0.1285493 9.8490231E-02 7.7780880E-02 6.2491354E-02
