T1-compare/100/256/model-f256.grd
DSAA
         100         100
  -15.00000       15.00000    
  -15.00000       15.00000    
  0.8435569       99.43054    
[rows 56 to 83 of 100, columns 0 to 62 of 100]
1.957142 2.068601 2.189519 2.320398 2.462790 2.617419 2.786171 2.970080 3.171468 3.391791 3.633928 3.899913 4.193408 4.517236 4.876113 5.273977 5.716978 6.210630 6.763113 7.382190 8.078924 8.864334 9.753631 10.76263 11.91269 13.22675 14.73543 16.47268 18.48349 20.81942 23.54912 26.75406 30.54444 35.05531 40.46595 46.95601 54.52408 62.42753 69.53535 75.45703 80.31014 84.28122 87.52715 90.16850 92.29624 93.97980 95.27094 96.20831 96.81879 97.11986 97.11986 96.81879 96.20831 95.27097 93.97982 92.29627 90.16853 87.52718 84.28126 80.31019 75.45710 69.53542 62.42762
1.944624 2.054903 2.174516 2.303936 2.444708 2.597526 2.764257 2.945911 3.144768 3.362253 3.601216 3.863631 4.153111 4.472415 4.826200 5.218328 5.654850 6.141192 6.685426 7.295195 7.981415 8.754960 9.630905 10.62489 11.75808 13.05326 14.54089 16.25476 18.23972 20.54730 23.24609 26.41770 30.17243 34.64568 40.01709 46.46686 53.99414 61.85697 68.92510 74.80868 79.62584 83.56365 86.77941 89.39398 91.49857 93.16273 94.43832 95.36401 95.96674 96.26392 96.26390 95.96674 95.36403 94.43834 93.16274 91.49860 89.39400 86.77943 83.56368 79.62589 74.80875 68.92519 61.85706
1.930457 2.039409 2.157537 2.285309 2.424244 2.575019 2.739465 2.918563 3.114560 3.328844 3.564200 3.822567 4.107490 4.421667 4.769668 5.155256 5.584394 6.062394 6.597191 7.196271 7.870402 8.630285 9.490774 10.46730 11.58082 12.85388 14.31669 16.00284 17.95700 20.23056 22.89206 26.02313 29.73430 34.16129 39.48425 45.88405 53.36070 61.17313 68.19193 74.02812 78.80070 82.69739 85.87598 88.45773 90.53403 92.17461 93.43133 94.34291 94.93622 95.22872 95.22871 94.93624 94.34291 93.43134 92.17463 90.53405 88.45775 85.87601 82.69743 78.80075 74.02818 68.19200 61.17322
1.914691 2.022157 2.138643 2.264587 2.401480 2.549986 2.711892 2.888152 3.080966 3.291677 3.523031 3.776892 4.056736 4.365186 4.706719 5.085004 5.505872 5.974501 6.498679 7.085714 7.746177 8.490542 9.333429 10.28999 11.38090 12.62840 14.06237 15.71611 17.63401 19.86720 22.48412 25.56640 29.22471 33.59517 38.85857 45.19666 52.61047 60.36016 67.31769 73.09525 77.81284 81.65902 84.79220 87.33403 89.37614 90.98830 92.22242 93.11714 93.69926 93.98617 93.98618 93.69927 93.11714 92.22244 90.98832 89.37615 87.33405 84.79224 81.65906 77.81289 73.09532 67.31776 60.36025
1.897382 2.003229 2.117911 2.241848 2.376512 2.522527 2.681652 2.854795 3.044127 3.250925 3.477878 3.726786 4.001052 4.303207 4.637618 5.007839 5.419571 5.877832 6.390231 6.963864 7.609080 8.336082 9.159179 10.09321 11.15846 12.37677 13.77763 15.39386 17.26946 19.45522 22.01926 25.04311 28.63759 32.93922 38.12957 44.39151 51.72762 59.39970 66.28134 71.98641 76.63631 80.42069 83.49865 85.99228 87.99335 89.57162 90.77891 91.65366 92.22260 92.50294 92.50294 92.22260 91.65367 90.77893 89.57163 87.99337 85.99229 83.49868 80.42072 76.63636 71.98649 66.28142 59.39980
1.878597 1.982687 2.095420 2.217189 2.349436 2.492757 2.648869 2.818643 3.004192 3.206749 3.428935 3.672474 3.940681 4.235990 4.562652 4.924094 5.325854 5.772775 6.272260 6.831176 7.459579 8.167364 8.968491 9.877365 10.91382 12.09919 13.46238 15.03565 16.86237 18.99276 21.49447 24.44874 27.96635 32.18423 37.28487 43.45261 50.69196 58.26713 65.05428 70.66955 75.23613 78.94498 81.95607 84.39178 86.34393 87.88210 89.05782 89.90922 90.46275 90.73543 90.73543 90.46275 89.90923 89.05782 87.88213 86.34394 84.39179 81.95609 78.94501 75.23616 70.66962 65.05436 58.26722
1.858413 1.960620 2.071259 2.190707 2.320362 2.460795 2.613678 2.779840 2.961341 3.159350 3.376416 3.614193 3.875887 4.163834 4.482159 4.834128 5.225124 5.659782 6.145267 6.688176 7.298248 7.985012 8.761988 9.643085 10.64757 11.79612 13.11692 14.64141 16.41212 18.47838 20.90707 23.77878 27.20403 31.31999 36.31018 42.36087 49.47942 56.93346 63.60256 69.10614 73.56998 77.18668 80.11699 82.48349 84.37775 85.86884 87.00775 87.83207 88.36784 88.63171 88.63171 88.36784 87.83208 87.00775 85.86886 84.37776 82.48351 80.11702 77.18671 73.57001 69.10620 63.60263 56.93355
1.836883 1.937093 2.045514 2.162491 2.289400 2.426760 2.576215 2.738543 2.915741 3.108918 3.320543 3.552188 3.806954 4.087063 4.396488 4.738351 5.117834 5.539357 6.009813 6.535505 7.125796 7.789787 8.540496 9.391251 10.36061 11.46844 12.74199 14.21165 15.91874 17.91134 20.25504 23.02927 26.34375 30.33555 35.18916 41.09326 48.05909 55.35941 61.87943 67.24326 71.58008 75.08437 77.91750 80.20180 82.02806 83.46444 84.56087 85.35417 85.86961 86.12344 86.12344 85.86961 85.35417 84.56088 83.46445 82.02808 80.20182 77.91753 75.08440 71.58011 67.24333 61.87950 55.35949
1.814104 1.912199 2.018283 2.132660 2.256669 2.390798 2.536644 2.694925 2.867590 3.055672 3.261565 3.486739 3.734196 4.006024 4.306048 4.637219 5.004510 5.412087 5.866570 6.373907 6.943058 7.582635 8.305082 9.123017 10.05419 11.11747 12.33894 13.74760 15.38319 17.29197 19.53755 22.19739 25.37947 29.21991 33.90375 39.62260 46.39351 53.49714 59.82707 65.01474 69.19401 72.56138 75.27819 77.46564 79.21287 80.58628 81.63434 82.39246 82.88501 83.12756 83.12756 82.88501 82.39248 81.63434 80.58630 79.21289 77.46565 75.27822 72.56141 69.19405 65.01480 59.82714 53.49722
1.790151 1.886042 1.989675 2.101330 2.222308 2.353055 2.495124 2.649178 2.817100 2.999854 3.199750 3.418154 3.657962 3.921114 4.211286 4.531239 4.885722 5.278637 5.716290 6.204251 6.751030 7.364696 8.057033 8.839874 9.729988 10.74509 11.90982 13.25145 14.80764 16.62215 18.75569 21.28248 24.30721 27.96334 32.43509 37.91692 44.43389 51.27985 57.36323 62.32679 66.31030 69.51153 72.09026 74.16483 75.82130 77.12333 78.11697 78.83585 79.30296 79.53301 79.53301 79.30296 78.83586 78.11697 77.12334 75.82132 74.16483 72.09029 69.51156 66.31033 62.32684 57.36330 51.27994
1.765107 1.858704 1.959789 2.068613 2.186443 2.313677 2.451822 2.601483 2.764482 2.941704 3.135366 3.346745 3.578599 3.832737 4.112667 4.420945 4.762082 5.139715 5.559792 6.027488 6.550824 7.137272 7.797878 8.543598 9.390097 10.35373 11.45746 12.72645 14.19573 15.90578 17.91322 20.28733 23.12708 26.56002 30.76607 35.94076 42.12064 48.62234 54.38042 59.05646 62.79709 65.79854 68.21547 70.16047 71.71449 72.93687 73.87038 74.54617 74.98547 75.20188 75.20188 74.98547 74.54617 73.87038 72.93688 71.71451 70.16048 68.21548 65.79857 62.79712 59.05650 54.38048 48.62241
1.739063 1.830283 1.928736 2.034637 2.149209 2.272817 2.406910 2.552042 2.709959 2.881470 3.068706 3.272834 3.496484 3.741324 4.010680 4.306904 4.634261 4.996086 5.397978 5.844681 6.343684 6.901826 7.529365 8.236282 9.037025 9.946438 10.98553 12.17704 13.55279 15.14917 17.01741 19.21974 21.84600 25.01253 28.88744 33.65992 39.37900 45.40392 50.72332 55.02936 58.47174 61.23709 63.46832 65.26780 66.70850 67.84382 68.71214 69.34148 69.75094 69.95275 69.95275 69.75094 69.34149 68.71214 67.84383 66.70852 65.26781 63.46834 61.23711 58.47176 55.02940 50.72338 45.40399
1.712110 1.800895 1.896634 1.999532 2.110757 2.230647 2.360575 2.501063 2.653761 2.819429 3.000070 3.196770 3.412011 3.647332 3.905846 4.189730 4.502954 4.848584 5.231808 5.656964 6.130956 6.659986 7.253435 7.920297 8.673659 9.526764 10.49845 11.60874 12.88579 14.36121 16.07950 18.09382 20.48090 23.33879 26.81070 31.06042 36.13978 41.48900 46.21300 50.05047 53.13676 55.63176 57.65623 59.29680 60.61540 61.65779 62.45699 63.03732 63.41537 63.60184 63.60184 63.41537 63.03732 62.45700 61.65779 60.61542 59.29682 57.65626 55.63178 53.13679 50.05052 46.21305 41.48906
1.684323 1.770643 1.863577 1.963437 2.071210 2.187331 2.312978 2.448763 2.596104 2.755850 2.929737 3.118918 3.325556 3.551231 3.798672 4.070051 4.368851 4.698064 5.062255 5.465556 5.914033 6.413486 6.972136 7.598216 8.303116 9.098713 10.00119 11.02809 12.20313 13.55313 15.11452 16.93039 19.06049 21.57898 24.58839 28.19757 32.42241 36.84086 40.79522 44.07472 46.75967 48.95992 50.76359 52.23656 53.42757 54.37337 55.10106 55.63080 55.97651 56.14719 56.14719 55.97650 55.63080 55.10107 54.37338 53.42759 52.23657 50.76360 48.95994 46.75969 44.07476 40.79526 36.84091
1.655800 1.739625 1.829689 1.926477 2.030718 2.143034 2.264311 2.395344 2.537234 2.691002 2.858024 3.039620 3.237530 3.453484 3.689713 3.948488 4.232703 4.545388 4.890350 5.271656 5.694387 6.164094 6.687650 7.272715 7.928755 8.666490 9.499185 10.44210 11.51420 12.73766 14.14028 15.75506 17.62352 19.79451 22.32444 25.25612 28.54908 31.94109 35.06619 37.76089 40.03210 41.93123 43.51051 44.81370 45.87572 46.72400 47.37959 47.85832 48.17144 48.32624 48.32624 48.17145 47.85832 47.37960 46.72401 45.87574 44.81371 43.51052 41.93124 40.03212 37.76093 35.06622 31.94113
1.626660 1.707921 1.795108 1.888750 1.989458 2.097887 2.214789 2.340984 2.477417 2.625116 2.785271 2.959187 3.148371 3.354508 3.579534 3.825625 4.095284 4.391366 4.717164 5.076432 5.473543 5.913517 6.402215 6.946402 7.554019 8.234277 8.998017 9.857862 10.82867 11.92776 13.17536 14.59464 16.21158 18.05293 20.14044 22.47377 24.99500 27.55671 29.97759 32.14557 34.03041 35.64254 37.00531 38.14348 39.07947 39.83218 40.41689 40.84543 41.12644 41.26556 41.26556 41.12644 40.84543 40.41689 39.83219 39.07948 38.14349 37.00532 35.64256 34.03043 32.14560 29.97761 27.55674
1.596987 1.675643 1.759945 1.850396 1.947562 2.052061 2.164584 2.285901 2.416875 2.558471 2.711768 2.877975 3.058466 3.254777 3.468659 3.702086 3.957299 4.236859 4.543680 4.881090 5.252908 5.663509 6.117918 6.621909 7.182129 7.806203 8.502899 9.282220 10.15554 11.13564 12.23654 13.47312 14.85985 16.40813 18.12068 19.98120 21.94099 23.91540 25.80821 27.54759 29.09855 30.45288 31.61630 32.60009 33.41685 34.07846 34.59524 34.97552 35.22557 35.34956 35.34956 35.22557 34.97552 34.59525 34.07847 33.41685 32.60010 31.61631 30.45289 29.09856 27.54761 25.80823 23.91542
1.566864 1.642895 1.724301 1.811548 1.905165 2.005723 2.113864 2.230300 2.355829 2.491331 2.637797 2.796335 2.968184 3.154742 3.357584 3.578477 3.819423 4.082689 4.370841 4.686785 5.033830 5.415726 5.836735 6.301691 6.816072 7.386046 8.018548 8.721262 9.502605 10.37157 11.33735 12.40862 13.59221 14.89070 16.29863 17.79738 19.35099 20.90778 22.41143 23.81541 25.09031 26.22250 27.20902 28.05293 28.76007 29.33703 29.79021 30.12506 30.34586 30.45552 30.45552 30.34586 30.12506 29.79021 29.33704 28.76007 28.05294 27.20903 26.22250 25.09033 23.81542 22.41144 20.90779
1.536381 1.609784 1.688289 1.772334 1.862402 1.959028 2.062803 2.174383 2.294495 2.423947 2.563644 2.714585 2.877896 3.054828 3.246793 3.455365 3.682311 3.929623 4.199540 4.494575 4.817556 5.171662 5.560458 5.987924 6.458496 6.977061 7.548972 8.179964 8.876049 9.643261 10.48722 11.41241 12.42102 13.51125 14.67513 15.89616 17.14839 18.39831 19.61036 20.75326 21.80425 22.74967 23.58321 24.30351 24.91217 25.41219 25.80702 26.09994 26.29363 26.38998 26.38999 26.29363 26.09994 25.80703 25.41219 24.91217 24.30352 23.58321 22.74968 21.80426 20.75327 19.61037 18.39832
1.505621 1.576400 1.652013 1.732866 1.819407 1.912125 2.011566 2.118331 2.233083 2.356557 2.489572 2.633032 2.787944 2.955430 3.136741 3.333269 3.546566 3.778363 4.030596 4.305412 4.605211 4.932647 5.290660 5.682482 6.111636 6.581920 7.097366 7.662128 8.280341 8.955840 9.691754 10.48988 11.34987 12.26807 13.23643 14.24147 15.26437 16.28231 17.27128 18.20953 19.07983 19.87023 20.57363 21.18665 21.70848 22.13979 22.48206 22.73692 22.90589 22.99008 22.99008 22.90589 22.73692 22.48206 22.13980 21.70848 21.18666 20.57363 19.87023 19.07983 18.20954 17.27129 16.28232
1.474676 1.542844 1.615584 1.693269 1.776311 1.865164 1.960320 2.062330 2.171800 2.289392 2.415845 2.551969 2.698663 2.856925 3.027856 3.212679 3.412743 3.629545 3.864741 4.120148 4.397776 4.699818 5.028666 5.386899 5.777273 6.202674 6.666065 7.170364 7.718284 8.312094 8.953261 9.641982 10.37661 11.15300 11.96387 12.79851 13.64296 14.48105 15.29604 16.07224 16.79652 17.45893 18.05271 18.57378 19.02008 19.39093 19.68650 19.90734 20.05411 20.12733 20.12733 20.05411 19.90734 19.68650 19.39094 19.02008 18.57378 18.05271 17.45893 16.79652 16.07225 15.29605 14.48106
1.443619 1.509199 1.579093 1.653645 1.733232 1.818269 1.909207 2.006544 2.110828 2.222657 2.342690 2.471653 2.610344 2.759640 2.920512 3.094018 3.281330 3.483725 3.702606 3.939501 4.196071 4.474108 4.775531 5.102367 5.456734 5.840774 6.256611 6.706212 7.191259 7.712934 8.271646 8.866693 9.495887 10.15517 10.83830 11.53681 12.24024 12.93677 13.61411 14.26069 14.86647 15.42334 15.92527 16.36815 16.74942 17.06765 17.32224 17.51301 17.64007 17.70354 17.70354 17.64007 17.51301 17.32224 17.06766 16.74942 16.36816 15.92527 15.42334 14.86648 14.26070 13.61411 12.93677
1.412533 1.475555 1.542639 1.614101 1.690288 1.771575 1.858373 1.951132 2.050344 2.156547 2.270328 2.392331 2.523259 2.663885 2.815050 2.977672 3.152752 3.341377 3.544726 3.764066 4.000760 4.256250 4.532057 4.829749 5.150918 5.497124 5.869832 6.270308 6.699496 7.157855 7.645148 8.160213 8.700727 9.262977 9.841732 10.43026 11.02051 11.60363 12.17055 12.71251 13.22164 13.69138 14.11654 14.49328 14.81893 15.09174 15.31068 15.47515 15.58489 15.63977 15.63977 15.58489 15.47515 15.31068 15.09174 14.81893 14.49328 14.11654 13.69138 13.22164 12.71251 12.17056 11.60363
1.381489 1.441988 1.506307 1.574734 1.647585 1.725197 1.807947 1.896236 1.990507 2.091238 2.198953 2.314217 2.437651 2.569923 2.711765 2.863965 3.027372 3.202902 3.391539 3.594323 3.812358 4.046792 4.298812 4.569610 4.860358 5.172158 5.505980 5.862576 6.242380 6.645381 7.070979 7.517810 7.983627 8.465146 8.958022 9.456876 9.955509 10.44712 10.92469 11.38149 11.81138 12.20902 12.57004 12.89098 13.16929 13.40314 13.59128 13.73292 13.82757 13.87495 13.87495 13.82756 13.73292 13.59128 13.40314 13.16929 12.89098 12.57004 12.20902 11.81138 11.38149 10.92469 10.44712
1.350558 1.408579 1.470185 1.535637 1.605223 1.679249 1.758051 1.841991 1.931463 2.026892 2.128741 2.237506 2.353728 2.477988 2.610912 2.753173 2.905487 3.068623 3.243387 3.430629 3.631232 3.846100 4.076141 4.322247 4.585256 4.865918 5.164835 5.482392 5.818682 6.173403 6.545759 6.934353 7.337099 7.751155 8.172906 8.598023 9.021572 9.438272 9.842768 10.22976 10.59434 10.93217 11.23954 11.51348 11.75161 11.95216 12.11385 12.23578 12.31735 12.35823 12.35823 12.31735 12.23578 12.11385 11.95216 11.75161 11.51348 11.23955 10.93217 10.59434 10.22976 9.842771 9.438275
1.319804 1.375395 1.434346 1.496892 1.563294 1.633827 1.708792 1.788513 1.873340 1.963648 2.059844 2.162363 2.271671 2.388271 2.512697 2.645517 2.787334 2.938781 3.100521 3.273235 3.457624 3.654386 3.864206 4.087734 4.325552 4.578139 4.845831 5.128757 5.426785 5.739442 6.065858 6.404679 6.754023 7.111446 7.473948 7.838019 8.199771 8.555010 8.899416 9.228821 9.539310 9.827333 10.08980 10.32413 10.52820 10.70039 10.83943 10.94442 11.01474 11.04999 11.04999 11.01474 10.94442 10.83943 10.70039 10.52821 10.32413 10.08980 9.827333 9.539310 9.228821 8.899416 8.555010
1.289290 1.342508 1.398866 1.458581 1.521885 1.589026 1.660272 1.735913 1.816257 1.901635 1.992402 2.088934 2.191637 2.300939 2.417293 2.541178 2.673094 2.813561 2.963115 3.122300 3.291660 3.471728 3.663011 3.865964 4.080975 4.308322 4.548148 4.800409 5.064831 5.340857 5.627603 5.923804 6.227788 6.537466 6.850332 7.163516 7.473835 7.777953 8.072508 8.354120 8.619600 8.866026 9.090815 9.291750 9.466986 9.615033 9.734732 9.825210 9.885853 9.916268 9.916268 9.885851 9.825210 9.734730 9.615033 9.466986 9.291748 9.090814 8.866023 8.619598 8.354120 8.072506 7.777953
1.259066 1.309968 1.363803 1.420765 1.481063 1.544919 1.612572 1.684277 1.760307 1.840949 1.926516 2.017331 2.113741 2.216111 2.324824 2.440279 2.562887 2.693072 2.831263 2.977886 3.133362 3.298087 3.472424 3.656680 3.851093 4.055797 4.270796 4.495934 4.730855 4.974968 5.227417 5.487042 5.752377 6.021629 6.292710 6.563257 6.830722 7.092386 7.345447 7.587200 7.815059 8.026623 8.219725 8.392475 8.543275 8.670801 8.774002 8.852070 8.904427 8.930696 8.930696 8.904426 8.852068 8.774001 8.670800 8.543274 8.392474 8.219724 8.026621 7.815059 7.587202 7.345447 7.092386
