T1-compare/100/256/model-f256.grd
DSAA
         100         100
  -15.00000       15.00000    
  -15.00000       15.00000    
  0.8435569       99.43054    
[rows 0 to 27 of 100, columns 0 to 62 of 100]
0.8435594 0.8667593 0.8907987 0.9156994 0.9414830 0.9681693 0.9957777 1.024325 1.053827 1.084297 1.115744 1.148176 1.181595 1.216001 1.251385 1.287738 1.325040 1.363265 1.402382 1.442349 1.483115 1.524620 1.566792 1.609552 1.652805 1.696446 1.740359 1.784414 1.828471 1.872376 1.915967 1.959071 2.001504 2.043077 2.083594 2.122854 2.160672 2.196836 2.231120 2.263337 2.293305 2.320846 2.345788 2.367977 2.387271 2.403545 2.416696 2.426636 2.433299 2.436641 2.436641 2.433298 2.426634 2.416695 2.403544 2.387270 2.367976 2.345788 2.320845 2.293305 2.263337 2.231120 2.196836
0.8650586 0.8894837 0.9148220 0.9410994 0.9683425 0.9965751 1.025821 1.056102 1.087440 1.119850 1.153349 1.187948 1.223653 1.260470 1.298394 1.337417 1.377526 1.418696 1.460896 1.504086 1.548216 1.593223 1.639034 1.685562 1.732708 1.780359 1.828388 1.876652 1.924997 1.973253 2.021238 2.068758 2.115605 2.161566 2.206416 2.249926 2.291853 2.331969 2.370070 2.405921 2.439299 2.469994 2.497813 2.522573 2.544113 2.562289 2.576981 2.588089 2.595537 2.599273 2.599273 2.595536 2.588088 2.576980 2.562287 2.544111 2.522570 2.497810 2.469992 2.439297 2.405920 2.370068 2.331967
0.8871809 0.9128925 0.9395968 0.9673247 0.9961076 1.025975 1.056955 1.089076 1.122365 1.156843 1.192532 1.229448 1.267606 1.307012 1.347672 1.389579 1.432724 1.477088 1.522642 1.569348 1.617154 1.665999 1.715806 1.766485 1.817930 1.870020 1.922616 1.975563 2.028691 2.081809 2.134716 2.187191 2.239003 2.289907 2.339650 2.387973 2.434626 2.479334 2.521806 2.561791 2.599046 2.633333 2.664426 2.692117 2.716219 2.736566 2.753016 2.765457 2.773800 2.777986 2.777986 2.773800 2.765456 2.753016 2.736565 2.716218 2.692117 2.664426 2.633334 2.599047 2.561792 2.521807 2.479336
0.9099293 0.9369898 0.9651297 0.9943846 1.024791 1.056385 1.089202 1.123274 1.158635 1.195315 1.233341 1.272737 1.313522 1.355713 1.399317 1.444338 1.490771 1.538600 1.587803 1.638341 1.690169 1.743222 1.797423 1.852679 1.908876 1.965885 2.023557 2.081721 2.140189 2.198752 2.257180 2.315229 2.372636 2.429122 2.484398 2.538165 2.590105 2.639916 2.687321 2.732009 2.773685 2.812069 2.846901 2.877939 2.904968 2.927795 2.946257 2.960222 2.969589 2.974289 2.974289 2.969588 2.960221 2.946255 2.927793 2.904966 2.877937 2.846899 2.812067 2.773683 2.732008 2.687320 2.639915
0.9333057 0.9617808 0.9914277 1.022288 1.054406 1.087823 1.122581 1.158721 1.196284 1.235307 1.275826 1.317871 1.361472 1.406652 1.453428 1.501810 1.551800 1.603390 1.656562 1.711283 1.767510 1.825180 1.884216 1.944520 2.005976 2.068444 2.131763 2.195747 2.260190 2.324857 2.389494 2.453824 2.517550 2.580353 2.641906 2.701865 2.759898 2.815641 2.868714 2.918778 2.965506 3.008577 3.047689 3.082561 3.112943 3.138613 3.159381 3.175094 3.185635 3.190925 3.190925 3.185634 3.175093 3.159379 3.138611 3.112941 3.082559 3.047686 3.008574 2.965504 2.918777 2.868713 2.815640
0.9573039 0.9872600 1.018488 1.051036 1.084955 1.120295 1.157105 1.195435 1.235334 1.276849 1.320024 1.364902 1.411519 1.459908 1.510098 1.562107 1.615946 1.671617 1.729107 1.788393 1.849434 1.912172 1.976530 2.042410 2.109689 2.178220 2.247830 2.318317 2.389453 2.460979 2.532609 2.604032 2.674908 2.744878 2.813561 2.880562 2.945463 3.007859 3.067371 3.123585 3.176102 3.224548 3.268570 3.307845 3.342078 3.371013 3.394431 3.412153 3.424044 3.430012 3.430012 3.424043 3.412152 3.394430 3.371012 3.342077 3.307843 3.268569 3.224547 3.176101 3.123584 3.067371 3.007859
0.9819236 1.013429 1.046314 1.080633 1.116447 1.153813 1.192790 1.233437 1.275814 1.319977 1.365982 1.413882 1.463727 1.515561 1.569423 1.625344 1.683348 1.743445 1.805635 1.869902 1.936214 2.004517 2.074738 2.146778 2.220512 2.295785 2.372413 2.450176 2.528824 2.608069 2.687593 2.767041 2.846029 2.924147 3.000957 3.076006 3.148844 3.218986 3.285926 3.349203 3.408373 3.462999 3.512671 3.557013 3.595680 3.628376 3.654846 3.674882 3.688328 3.695077 3.695077 3.688327 3.674881 3.654845 3.628375 3.595679 3.557011 3.512671 3.462998 3.408372 3.349203 3.285926 3.218987
1.007156 1.040281 1.074899 1.111077 1.148881 1.188380 1.229642 1.272739 1.317740 1.364715 1.413732 1.464857 1.518154 1.573682 1.631493 1.691634 1.754141 1.819040 1.886343 1.956047 2.028128 2.102544 2.179226 2.258078 2.338974 2.421752 2.506217 2.592133 2.679224 2.767173 2.855622 2.944171 3.032384 3.119788 3.205881 3.290133 3.371986 3.450892 3.526328 3.597733 3.664567 3.726319 3.782509 3.832696 3.876483 3.913520 3.943513 3.966221 3.981462 3.989113 3.989113 3.981461 3.966220 3.943513 3.913519 3.876482 3.832695 3.782508 3.726318 3.664567 3.597733 3.526329 3.450893
1.032993 1.067808 1.104240 1.142363 1.182256 1.223998 1.267669 1.313351 1.361129 1.411087 1.463306 1.517869 1.574856 1.634341 1.696396 1.761084 1.828459 1.898564 1.971429 2.047065 2.125464 2.206597 2.290402 2.376790 2.465637 2.556778 2.650007 2.745069 2.841667 2.939448 3.038012 3.136905 3.235633 3.333649 3.430377 3.525204 3.617514 3.706652 3.791935 3.872729 3.948419 4.018410 4.082139 4.139090 4.188800 4.230862 4.264933 4.290732 4.308050 4.316744 4.316744 4.308050 4.290731 4.264932 4.230862 4.188798 4.139090 4.082138 4.018410 3.948419 3.872729 3.791936 3.706654
1.059419 1.095995 1.134321 1.174480 1.216562 1.260659 1.306864 1.355275 1.405988 1.459106 1.514727 1.572951 1.633876 1.697599 1.764211 1.833796 1.906429 1.982176 2.061088 2.143196 2.228513 2.317024 2.408685 2.503415 2.601096 2.701563 2.804602 2.909944 3.017262 3.126169 3.236218 3.346897 3.457638 3.567816 3.676758 3.783748 3.888030 3.988847 4.085472 4.177133 4.263088 4.342630 4.415103 4.479901 4.536482 4.584373 4.623172 4.652559 4.672285 4.682190 4.682190 4.672285 4.652557 4.623172 4.584372 4.536482 4.479900 4.415103 4.342630 4.263088 4.177134 4.085473 3.988848
1.086420 1.124830 1.165129 1.207415 1.251789 1.298356 1.347226 1.398509 1.452322 1.508783 1.568012 1.630130 1.695256 1.763511 1.835010 1.909863 1.988172 2.070029 2.155511 2.244678 2.337566 2.434184 2.534509 2.638476 2.745978 2.856854 2.970887 3.087793 3.207220 3.328743 3.451863 3.576000 3.700506 3.824657 3.947673 4.068722 4.186951 4.301455 4.411293 4.515584 4.613470 4.704121 4.786765 4.860689 4.925261 4.979928 5.024227 5.057780 5.080306 5.091616 5.091616 5.080305 5.057779 5.024226 4.979929 4.925261 4.860689 4.786765 4.704122 4.613471 4.515586 4.411294 4.301456
1.113973 1.154289 1.196645 1.241150 1.287919 1.337073 1.388738 1.443043 1.500123 1.560118 1.623170 1.689423 1.759024 1.832120 1.908855 1.989370 2.073799 2.162267 2.254885 2.351744 2.452916 2.558439 2.668318 2.782516 2.900940 3.023443 3.149807 3.279741 3.412867 3.548722 3.686747 3.826291 3.966607 4.106862 4.246141 4.383465 4.517787 4.648049 4.773221 4.892226 5.004023 5.107631 5.202137 5.286704 5.360592 5.423156 5.473857 5.512263 5.538047 5.550993 5.550992 5.538046 5.512262 5.473856 5.423155 5.360591 5.286704 5.202135 5.107631 5.004022 4.892226 4.773221 4.648050
1.142058 1.184352 1.228845 1.275660 1.324929 1.376788 1.431382 1.488859 1.549379 1.613102 1.680197 1.750836 1.825197 1.903456 1.985793 2.072386 2.163407 2.259021 2.359379 2.464616 2.574844 2.690145 2.810560 2.936085 3.066661 3.202156 3.342366 3.486992 3.635639 3.787803 3.942866 4.100089 4.258618 4.417486 4.575626 4.731882 4.885054 5.033870 5.177012 5.313227 5.441300 5.560068 5.668447 5.765458 5.850231 5.922016 5.980193 6.024258 6.053841 6.068695 6.068695 6.053841 6.024257 5.980191 5.922016 5.850229 5.765456 5.668446 5.560067 5.441300 5.313228 5.177012 5.033870
1.170643 1.214986 1.261697 1.310915 1.362787 1.417470 1.475127 1.535931 1.600064 1.667714 1.739079 1.814363 1.893776 1.977534 2.065857 2.158965 2.257075 2.360401 2.469147 2.583499 2.703621 2.829648 2.961674 3.099744 3.243837 3.393858 3.549622 3.710837 3.877094 4.047853 4.222430 4.399994 4.579564 4.760017 4.940096 5.118428 5.293537 5.463918 5.628079 5.784487 5.931664 6.068221 6.192875 6.304472 6.401993 6.484571 6.551484 6.602163 6.636182 6.653260 6.653260 6.636181 6.602163 6.551484 6.484571 6.401993 6.304471 6.192875 6.068222 5.931665 5.784489 5.628081 5.463920
1.199699 1.246160 1.295169 1.346879 1.401460 1.459084 1.519940 1.584225 1.652147 1.723925 1.799791 1.879982 1.964751 2.054355 2.149061 2.249139 2.354863 2.466502 2.584324 2.708577 2.839495 2.977281 3.122095 3.274046 3.433175 3.599436 3.772684 3.952645 4.138909 4.330903 4.527881 4.728908 4.932861 5.138427 5.344127 5.548328 5.749303 5.945223 6.134191 6.314391 6.484073 6.641575 6.785375 6.914110 7.026594 7.121820 7.198963 7.257377 7.296579 7.316259 7.316259 7.296578 7.257377 7.198963 7.121820 7.026594 6.914109 6.785374 6.641575 6.484073 6.314393 6.134192 5.945224
1.229183 1.277832 1.329216 1.383509 1.440899 1.501582 1.565770 1.633690 1.705578 1.781687 1.862286 1.947655 2.038088 2.133894 2.235394 2.342916 2.456799 2.577383 2.705007 2.840002 2.982684 3.133341 3.292223 3.459525 3.635370 3.819787 4.012691 4.213850 4.422868 4.639154 4.861899 5.090062 5.322353 5.557243 5.792973 6.027585 6.258941 6.484841 6.703077 6.911412 7.107697 7.289939 7.456325 7.605247 7.735323 7.845398 7.934533 8.002000 8.047267 8.069983 8.069983 8.047265 8.002000 7.934533 7.845397 7.735324 7.605247 7.456325 7.289940 7.107698 6.911413 6.703079 6.484842
1.259063 1.309965 1.363800 1.420762 1.481061 1.544917 1.612571 1.684276 1.760306 1.840949 1.926516 2.017332 2.113743 2.216113 2.324827 2.440282 2.562890 2.693074 2.831266 2.977890 3.133366 3.298091 3.472427 3.656685 3.851097 4.055800 4.270799 4.495935 4.730855 4.974967 5.227415 5.487039 5.752373 6.021625 6.292705 6.563250 6.830715 7.092380 7.345440 7.587192 7.815051 8.026613 8.219713 8.392464 8.543262 8.670786 8.773985 8.852053 8.904408 8.930678 8.930678 8.904408 8.852053 8.773985 8.670786 8.543262 8.392464 8.219713 8.026612 7.815051 7.587193 7.345440 7.092380
1.289284 1.342502 1.398860 1.458575 1.521879 1.589020 1.660267 1.735909 1.816253 1.901631 1.992399 2.088932 2.191636 2.300938 2.417293 2.541179 2.673095 2.813561 2.963116 3.122301 3.291661 3.471730 3.663013 3.865966 4.080976 4.308324 4.548149 4.800409 5.064830 5.340855 5.627601 5.923800 6.227783 6.537460 6.850325 7.163508 7.473828 7.777946 8.072500 8.354112 8.619590 8.866014 9.090803 9.291738 9.466971 9.615018 9.734715 9.825191 9.885836 9.916251 9.916251 9.885835 9.825191 9.734715 9.615018 9.466972 9.291738 9.090803 8.866014 8.619590 8.354114 8.072501 7.777948
1.319799 1.375392 1.434343 1.496889 1.563290 1.633824 1.708789 1.788510 1.873339 1.963648 2.059844 2.162363 2.271672 2.388272 2.512698 2.645519 2.787336 2.938782 3.100523 3.273237 3.457626 3.654388 3.864209 4.087736 4.325554 4.578141 4.845832 5.128757 5.426783 5.739439 6.065855 6.404674 6.754018 7.111439 7.473939 7.838010 8.199759 8.554998 8.899405 9.228807 9.539297 9.827318 10.08979 10.32411 10.52819 10.70037 10.83941 10.94440 11.01472 11.04996 11.04997 11.01472 10.94440 10.83941 10.70037 10.52819 10.32411 10.08979 9.827320 9.539298 9.228811 8.899406 8.555001
1.350552 1.408574 1.470180 1.535632 1.605218 1.679245 1.758047 1.841988 1.931460 2.026890 2.128740 2.237505 2.353728 2.477988 2.610912 2.753173 2.905488 3.068623 3.243387 3.430630 3.631233 3.846102 4.076143 4.322249 4.585258 4.865920 5.164836 5.482392 5.818681 6.173400 6.545754 6.934349 7.337093 7.751149 8.172898 8.598014 9.021560 9.438260 9.842753 10.22974 10.59433 10.93215 11.23953 11.51346 11.75158 11.95214 12.11382 12.23575 12.31733 12.35820 12.35820 12.31733 12.23575 12.11382 11.95214 11.75158 11.51345 11.23953 10.93215 10.59433 10.22975 9.842756 9.438261
1.381484 1.441984 1.506304 1.574731 1.647581 1.725195 1.807945 1.896235 1.990505 2.091238 2.198953 2.314217 2.437651 2.569924 2.711766 2.863966 3.027373 3.202903 3.391540 3.594324 3.812360 4.046794 4.298814 4.569612 4.860361 5.172160 5.505981 5.862576 6.242379 6.645379 7.070973 7.517806 7.983620 8.465139 8.958013 9.456866 9.955499 10.44711 10.92467 11.38147 11.81136 12.20900 12.57002 12.89096 13.16927 13.40312 13.59126 13.73289 13.82754 13.87492 13.87492 13.82754 13.73289 13.59126 13.40312 13.16927 12.89096 12.57002 12.20901 11.81136 11.38148 10.92467 10.44711
1.412526 1.475548 1.542632 1.614095 1.690282 1.771569 1.858369 1.951129 2.050341 2.156544 2.270326 2.392328 2.523258 2.663884 2.815048 2.977671 3.152750 3.341376 3.544725 3.764066 4.000760 4.256252 4.532058 4.829751 5.150919 5.497125 5.869833 6.270307 6.699494 7.157852 7.645142 8.160208 8.700720 9.262968 9.841722 10.43025 11.02050 11.60361 12.17054 12.71249 13.22162 13.69136 14.11652 14.49325 14.81890 15.09172 15.31065 15.47512 15.58486 15.63974 15.63974 15.58486 15.47512 15.31065 15.09172 14.81891 14.49326 14.11652 13.69136 13.22163 12.71250 12.17054 11.60362
1.443612 1.509193 1.579087 1.653639 1.733228 1.818264 1.909204 2.006542 2.110826 2.222655 2.342689 2.471652 2.610342 2.759640 2.920512 3.094019 3.281329 3.483724 3.702605 3.939501 4.196072 4.474110 4.775532 5.102370 5.456736 5.840775 6.256611 6.706210 7.191257 7.712930 8.271641 8.866685 9.495877 10.15516 10.83829 11.53679 12.24023 12.93675 13.61409 14.26067 14.86645 15.42332 15.92525 16.36813 16.74939 17.06763 17.32221 17.51298 17.64004 17.70351 17.70351 17.64004 17.51298 17.32221 17.06763 16.74940 16.36813 15.92525 15.42332 14.86646 14.26068 13.61409 12.93676
1.474668 1.542837 1.615578 1.693262 1.776306 1.865158 1.960315 2.062327 2.171797 2.289391 2.415843 2.551966 2.698661 2.856923 3.027854 3.212679 3.412742 3.629545 3.864740 4.120148 4.397777 4.699820 5.028667 5.386901 5.777275 6.202676 6.666066 7.170364 7.718282 8.312090 8.953255 9.641974 10.37660 11.15299 11.96386 12.79850 13.64294 14.48103 15.29602 16.07223 16.79650 17.45890 18.05268 18.57375 19.02005 19.39090 19.68647 19.90731 20.05407 20.12730 20.12730 20.05407 19.90731 19.68647 19.39091 19.02005 18.57375 18.05269 17.45891 16.79650 16.07223 15.29603 14.48104
1.505618 1.576396 1.652011 1.732864 1.819405 1.912123 2.011565 2.118330 2.233083 2.356558 2.489573 2.633032 2.787945 2.955431 3.136742 3.333270 3.546566 3.778364 4.030598 4.305414 4.605213 4.932650 5.290663 5.682485 6.111639 6.581922 7.097367 7.662128 8.280339 8.955836 9.691748 10.48988 11.34986 12.26806 13.23641 14.24145 15.26436 16.28229 17.27126 18.20951 19.07981 19.87020 20.57360 21.18663 21.70845 22.13976 22.48202 22.73689 22.90586 22.99005 22.99005 22.90586 22.73689 22.48203 22.13977 21.70845 21.18663 20.57361 19.87021 19.07981 18.20952 17.27127 16.28230
1.536374 1.609777 1.688283 1.772328 1.862397 1.959023 2.062798 2.174378 2.294490 2.423943 2.563640 2.714582 2.877892 3.054825 3.246789 3.455361 3.682308 3.929621 4.199538 4.494574 4.817555 5.171662 5.560458 5.987925 6.458496 6.977061 7.548972 8.179962 8.876044 9.643256 10.48722 11.41240 12.42100 13.51124 14.67511 15.89614 17.14837 18.39828 19.61033 20.75323 21.80422 22.74963 23.58317 24.30347 24.91213 25.41215 25.80698 26.09990 26.29358 26.38994 26.38994 26.29358 26.09990 25.80698 25.41215 24.91213 24.30348 23.58318 22.74964 21.80423 20.75324 19.61035 18.39830
1.566859 1.642890 1.724296 1.811544 1.905160 2.005718 2.113860 2.230296 2.355824 2.491327 2.637794 2.796331 2.968181 3.154740 3.357580 3.578474 3.819421 4.082687 4.370839 4.686784 5.033829 5.415726 5.836736 6.301690 6.816072 7.386045 8.018546 8.721257 9.502600 10.37156 11.33734 12.40860 13.59219 14.89068 16.29861 17.79736 19.35096 20.90775 22.41140 23.81537 25.09027 26.22245 27.20897 28.05289 28.76001 29.33698 29.79015 30.12500 30.34580 30.45547 30.45547 30.34580 30.12501 29.79016 29.33699 28.76002 28.05290 27.20899 26.22247 25.09029 23.81539 22.41141 20.90776
1.596982 1.675638 1.759941 1.850392 1.947557 2.052056 2.164580 2.285896 2.416871 2.558469 2.711765 2.877972 3.058463 3.254776 3.468656 3.702081 3.957296 4.236857 4.543679 4.881090 5.252909 5.663511 6.117919 6.621909 7.182129 7.806203 8.502899 9.282219 10.15554 11.13563 12.23654 13.47311 14.85984 16.40812 18.12066 19.98118 21.94096 23.91536 25.80817 27.54755 29.09850 30.45283 31.61625 32.60004 33.41679 34.07840 34.59518 34.97546 35.22551 35.34950 35.34950 35.22551 34.97546 34.59519 34.07841 33.41681 32.60004 31.61626 30.45285 29.09852 27.54757 25.80820 23.91539
