T1-compare/100/256/model-f256.grd
DSAA
         100         100
  -15.00000       15.00000    
  -15.00000       15.00000    
  0.8435569       99.43054    
[rows 28 to 55 of 100, columns 0 to 62 of 100]
1.626654 1.707914 1.795102 1.888744 1.989451 2.097878 2.214782 2.340978 2.477411 2.625110 2.785265 2.959181 3.148366 3.354502 3.579529 3.825619 4.095281 4.391361 4.717160 5.076428 5.473539 5.913514 6.402213 6.946400 7.554016 8.234273 8.998013 9.857857 10.82866 11.92775 13.17535 14.59462 16.21156 18.05291 20.14041 22.47374 24.99496 27.55666 29.97753 32.14551 34.03035 35.64247 37.00523 38.14340 39.07940 39.83210 40.41680 40.84534 41.12636 41.26548 41.26548 41.12636 40.84534 40.41681 39.83210 39.07940 38.14341 37.00524 35.64249 34.03036 32.14553 29.97756 27.55669
1.655794 1.739619 1.829682 1.926470 2.030713 2.143029 2.264305 2.395338 2.537228 2.690997 2.858020 3.039616 3.237525 3.453479 3.689707 3.948485 4.232700 4.545386 4.890349 5.271654 5.694388 6.164092 6.687650 7.272713 7.928754 8.666489 9.499184 10.44210 11.51419 12.73766 14.14027 15.75506 17.62350 19.79449 22.32441 25.25608 28.54904 31.94103 35.06612 37.76082 40.03202 41.93115 43.51042 44.81361 45.87563 46.72392 47.37950 47.85823 48.17135 48.32615 48.32615 48.17135 47.85823 47.37951 46.72393 45.87564 44.81362 43.51043 41.93117 40.03204 37.76086 35.06616 31.94108
1.684317 1.770636 1.863572 1.963433 2.071204 2.187326 2.312971 2.448756 2.596100 2.755845 2.929731 3.118916 3.325551 3.551226 3.798671 4.070047 4.368847 4.698061 5.062254 5.465556 5.914033 6.413487 6.972137 7.598219 8.303116 9.098710 10.00119 11.02808 12.20313 13.55313 15.11452 16.93037 19.06048 21.57897 24.58837 28.19753 32.42236 36.84081 40.79515 44.07464 46.75959 48.95984 50.76350 52.23648 53.42747 54.37328 55.10098 55.63070 55.97640 56.14710 56.14709 55.97640 55.63070 55.10098 54.37328 53.42749 52.23649 50.76353 48.95986 46.75962 44.07468 40.79520 36.84085
1.712106 1.800891 1.896629 1.999528 2.110754 2.230643 2.360570 2.501059 2.653757 2.819424 3.000065 3.196769 3.412009 3.647328 3.905843 4.189728 4.502950 4.848582 5.231808 5.656968 6.130955 6.659988 7.253436 7.920295 8.673656 9.526761 10.49844 11.60874 12.88579 14.36120 16.07949 18.09381 20.48088 23.33878 26.81068 31.06039 36.13974 41.48895 46.21294 50.05041 53.13669 55.63168 57.65616 59.29671 60.61532 61.65770 62.45691 63.03723 63.41528 63.60175 63.60175 63.41528 63.03724 62.45691 61.65772 60.61534 59.29673 57.65618 55.63171 53.13672 50.05046 46.21299 41.48902
1.739059 1.830280 1.928733 2.034631 2.149208 2.272812 2.406906 2.552036 2.709954 2.881467 3.068704 3.272828 3.496480 3.741319 4.010676 4.306901 4.634259 4.996085 5.397977 5.844678 6.343684 6.901823 7.529365 8.236282 9.037025 9.946437 10.98553 12.17703 13.55278 15.14916 17.01740 19.21973 21.84598 25.01251 28.88741 33.65989 39.37897 45.40387 50.72327 55.02930 58.47168 61.23703 63.46825 65.26773 66.70843 67.84374 68.71206 69.34141 69.75086 69.95267 69.95268 69.75086 69.34142 68.71207 67.84375 66.70844 65.26773 63.46827 61.23705 58.47171 55.02935 50.72332 45.40395
1.765099 1.858699 1.959783 2.068606 2.186436 2.313670 2.451814 2.601476 2.764475 2.941697 3.135361 3.346738 3.578594 3.832730 4.112663 4.420939 4.762079 5.139711 5.559789 6.027488 6.550822 7.137269 7.797876 8.543593 9.390096 10.35373 11.45746 12.72645 14.19573 15.90577 17.91322 20.28732 23.12707 26.56000 30.76605 35.94074 42.12061 48.62231 54.38038 59.05641 62.79705 65.79848 68.21542 70.16042 71.71443 72.93682 73.87032 74.54610 74.98540 75.20183 75.20183 74.98541 74.54611 73.87033 72.93683 71.71445 70.16044 68.21544 65.79852 62.79708 59.05646 54.38045 48.62238
1.790144 1.886038 1.989669 2.101324 2.222302 2.353050 2.495120 2.649172 2.817096 2.999851 3.199745 3.418152 3.657957 3.921112 4.211287 4.531236 4.885717 5.278637 5.716286 6.204248 6.751027 7.364694 8.057033 8.839871 9.729989 10.74508 11.90981 13.25144 14.80763 16.62215 18.75569 21.28247 24.30720 27.96333 32.43507 37.91690 44.43387 51.27982 57.36319 62.32676 66.31026 69.51150 72.09021 74.16477 75.82126 77.12328 78.11691 78.83580 79.30290 79.53296 79.53296 79.30291 78.83581 78.11691 77.12329 75.82127 74.16479 72.09023 69.51153 66.31030 62.32681 57.36327 51.27991
1.814101 1.912198 2.018281 2.132659 2.256668 2.390797 2.536640 2.694923 2.867589 3.055670 3.261565 3.486741 3.734199 4.006024 4.306053 4.637223 5.004512 5.412091 5.866572 6.373908 6.943060 7.582638 8.305082 9.123024 10.05419 11.11747 12.33894 13.74759 15.38319 17.29197 19.53755 22.19738 25.37946 29.21989 33.90373 39.62259 46.39349 53.49712 59.82704 65.01471 69.19399 72.56135 75.27815 77.46560 79.21283 80.58625 81.63428 82.39242 82.88496 83.12752 83.12752 82.88496 82.39243 81.63430 80.58626 79.21284 77.46561 75.27818 72.56138 69.19402 65.01478 59.82711 53.49719
1.836880 1.937088 2.045510 2.162487 2.289396 2.426756 2.576212 2.738539 2.915737 3.108914 3.320539 3.552184 3.806951 4.087057 4.396484 4.738348 5.117833 5.539353 6.009812 6.535501 7.125793 7.789786 8.540496 9.391248 10.36061 11.46844 12.74199 14.21164 15.91873 17.91134 20.25503 23.02926 26.34374 30.33554 35.18915 41.09325 48.05907 55.35939 61.87941 67.24324 71.58006 75.08434 77.91747 80.20177 82.02802 83.46440 84.56084 85.35413 85.86957 86.12341 86.12341 85.86958 85.35413 84.56086 83.46442 82.02805 80.20179 77.91750 75.08437 71.58009 67.24330 61.87947 55.35948
1.858404 1.960612 2.071252 2.190701 2.320356 2.460787 2.613669 2.779834 2.961337 3.159348 3.376412 3.614189 3.875882 4.163832 4.482155 4.834124 5.225118 5.659779 6.145263 6.688173 7.298244 7.985010 8.761985 9.643083 10.64757 11.79612 13.11692 14.64141 16.41211 18.47837 20.90707 23.77877 27.20402 31.31998 36.31017 42.36086 49.47941 56.93344 63.60254 69.10612 73.56995 77.18666 80.11697 82.48346 84.37772 85.86880 87.00772 87.83205 88.36779 88.63168 88.63168 88.36781 87.83205 87.00773 85.86884 84.37775 82.48349 80.11700 77.18670 73.57000 69.10619 63.60261 56.93354
1.878598 1.982688 2.095420 2.217193 2.349436 2.492756 2.648868 2.818643 3.004193 3.206751 3.428936 3.672477 3.940684 4.235994 4.562655 4.924098 5.325855 5.772775 6.272264 6.831180 7.459581 8.167367 8.968492 9.877368 10.91383 12.09919 13.46238 15.03565 16.86237 18.99276 21.49447 24.44874 27.96634 32.18422 37.28486 43.45261 50.69195 58.26711 65.05427 70.66953 75.23611 78.94498 81.95605 84.39175 86.34391 87.88207 89.05779 89.90919 90.46274 90.73541 90.73541 90.46274 89.90921 89.05779 87.88210 86.34392 84.39177 81.95608 78.94500 75.23616 70.66959 65.05435 58.26720
1.897382 2.003227 2.117912 2.241848 2.376512 2.522527 2.681653 2.854799 3.044128 3.250927 3.477881 3.726786 4.001058 4.303211 4.637619 5.007844 5.419574 5.877835 6.390234 6.963871 7.609084 8.336082 9.159185 10.09321 11.15846 12.37678 13.77763 15.39387 17.26946 19.45522 22.01925 25.04311 28.63759 32.93921 38.12956 44.39151 51.72760 59.39969 66.28133 71.98640 76.63630 80.42066 83.49862 85.99226 87.99332 89.57159 90.77888 91.65364 92.22257 92.50291 92.50291 92.22259 91.65365 90.77890 89.57162 87.99334 85.99228 83.49866 80.42070 76.63634 71.98646 66.28141 59.39978
1.914691 2.022159 2.138644 2.264586 2.401482 2.549985 2.711893 2.888152 3.080966 3.291681 3.523031 3.776895 4.056738 4.365190 4.706718 5.085005 5.505874 5.974504 6.498681 7.085714 7.746178 8.490542 9.333430 10.29000 11.38091 12.62840 14.06237 15.71611 17.63401 19.86720 22.48412 25.56639 29.22470 33.59516 38.85856 45.19665 52.61046 60.36015 67.31767 73.09525 77.81283 81.65901 84.79218 87.33403 89.37612 90.98828 92.22242 93.11713 93.69924 93.98615 93.98615 93.69926 93.11713 92.22242 90.98830 89.37615 87.33404 84.79222 81.65904 77.81287 73.09531 67.31775 60.36025
1.930459 2.039410 2.157535 2.285310 2.424245 2.575021 2.739469 2.918563 3.114564 3.328842 3.564206 3.822569 4.107493 4.421673 4.769669 5.155257 5.584398 6.062399 6.597191 7.196273 7.870406 8.630286 9.490777 10.46730 11.58082 12.85388 14.31670 16.00284 17.95701 20.23056 22.89206 26.02313 29.73430 34.16129 39.48425 45.88405 53.36069 61.17312 68.19191 74.02811 78.80070 82.69739 85.87596 88.45770 90.53403 92.17459 93.43131 94.34289 94.93621 95.22869 95.22870 94.93622 94.34289 93.43134 92.17461 90.53405 88.45773 85.87600 82.69741 78.80074 74.02818 68.19199 61.17322
1.944622 2.054902 2.174513 2.303937 2.444706 2.597524 2.764258 2.945912 3.144767 3.362257 3.601218 3.863633 4.153110 4.472421 4.826200 5.218330 5.654851 6.141189 6.685428 7.295195 7.981411 8.754960 9.630906 10.62489 11.75808 13.05327 14.54089 16.25476 18.23972 20.54729 23.24609 26.41769 30.17243 34.64567 40.01708 46.46685 53.99413 61.85695 68.92508 74.80868 79.62584 83.56364 86.77940 89.39397 91.49855 93.16271 94.43832 95.36400 95.96671 96.26388 96.26388 95.96671 95.36401 94.43832 93.16273 91.49857 89.39400 86.77943 83.56367 79.62587 74.80874 68.92516 61.85705
1.957138 2.068600 2.189517 2.320395 2.462788 2.617419 2.786171 2.970083 3.171470 3.391791 3.633928 3.899916 4.193408 4.517240 4.876115 5.273981 5.716978 6.210629 6.763115 7.382194 8.078927 8.864332 9.753633 10.76263 11.91269 13.22675 14.73543 16.47268 18.48348 20.81942 23.54911 26.75406 30.54443 35.05531 40.46594 46.95601 54.52407 62.42753 69.53535 75.45703 80.31013 84.28122 87.52715 90.16850 92.29624 93.97980 95.27094 96.20829 96.81879 97.11986 97.11986 96.81879 96.20831 95.27095 93.97982 92.29626 90.16853 87.52718 84.28126 80.31018 75.45710 69.53542 62.42762
1.967952 2.080432 2.202485 2.334629 2.478422 2.634616 2.805116 2.990979 3.194553 3.417319 3.662202 3.931277 4.228230 4.555954 4.919210 5.322014 5.770574 6.270490 6.830036 7.457071 8.162753 8.958227 9.858836 10.88052 12.04475 13.37461 14.90085 16.65750 18.68962 21.04884 23.80375 27.03579 30.85496 35.39611 40.83816 47.36040 54.96092 62.89659 70.03595 75.98800 80.86980 84.86750 88.13764 90.80058 92.94701 94.64628 95.95004 96.89690 97.51374 97.81798 97.81798 97.51376 96.89690 95.95006 94.64629 92.94703 90.80058 88.13770 84.86754 80.86984 75.98807 70.03604 62.89668
1.977029 2.090367 2.213372 2.346570 2.491544 2.649058 2.821021 3.008524 3.213931 3.438754 3.685938 3.957590 4.257446 4.588430 4.955351 5.362275 5.815473 6.320608 6.886025 7.519660 8.232759 9.036556 9.946484 10.97858 12.15442 13.49719 15.03769 16.81005 18.85936 21.23727 24.01234 27.26594 31.10793 35.67297 41.13976 47.68727 55.31327 63.27426 70.43835 76.41418 81.31848 85.33710 88.62632 91.30626 93.46750 95.17922 96.49304 97.44745 98.06935 98.37611 98.37613 98.06936 97.44746 96.49304 95.17923 93.46753 91.30627 88.62637 85.33714 81.31852 76.41425 70.43844 63.27435
1.984329 2.098361 2.222133 2.356180 2.502107 2.660675 2.833821 3.022641 3.229525 3.456000 3.705037 3.978758 4.280945 4.614548 4.984406 5.394632 5.851541 6.360850 6.930954 7.569843 8.288844 9.099248 10.01656 11.05688 12.24188 13.59479 15.14647 16.93109 18.99378 21.38618 24.17683 27.44703 31.30654 35.88988 41.37555 47.94230 55.58765 63.56782 70.75068 76.74458 81.66602 85.70059 89.00436 91.69731 93.86990 95.59118 96.91273 97.87295 98.49875 98.80748 98.80748 98.49876 97.87295 96.91273 95.59119 93.86992 91.69733 89.00440 85.70062 81.66608 76.74466 70.75076 63.56791
1.989825 2.104378 2.228729 2.363419 2.510061 2.669428 2.843463 3.033279 3.241271 3.468988 3.719415 3.994704 4.298644 4.634212 5.006277 5.418983 5.878675 6.391109 6.964721 7.607543 8.330950 9.146280 10.06909 11.11553 12.30731 13.66770 15.22763 17.02127 19.09379 21.49680 24.29882 27.58110 31.45333 36.04992 41.54925 48.12991 55.78923 63.78328 70.97969 76.98664 81.92044 85.96651 89.28081 91.98319 94.16399 95.89221 97.21934 98.18382 98.81245 99.12260 99.12260 98.81246 98.18383 97.21935 95.89221 94.16401 91.98321 89.28084 85.96655 81.92047 76.98672 70.97977 63.78338
1.993506 2.108401 2.233142 2.368264 2.515382 2.675282 2.849909 3.040391 3.249127 3.477674 3.729035 4.005366 4.310473 4.647351 5.020888 5.435250 5.896801 6.411314 6.987261 7.632703 8.359033 9.177629 10.10408 11.15456 12.35083 13.71617 15.28153 17.08110 19.16006 21.57002 24.37947 27.66964 31.55015 36.15537 41.66357 48.25323 55.92161 63.92463 71.12980 77.14520 82.08701 86.14054 89.46169 92.17017 94.35632 96.08905 97.41985 98.38708 99.01757 99.32864 99.32864 99.01759 98.38711 97.41985 96.08907 94.35635 92.17020 89.46173 86.14058 82.08704 77.14527 71.12988 63.92472
1.995350 2.110423 2.235351 2.370690 2.518047 2.678213 2.853144 3.043955 3.253067 3.482031 3.733854 4.010707 4.316401 4.653932 5.028213 5.443398 5.905876 6.421433 6.998544 7.645291 8.373081 9.193306 10.12157 11.17407 12.37256 13.74036 15.30841 17.11094 19.19308 21.60648 24.41960 27.71366 31.59827 36.20773 41.72029 48.31440 55.98724 63.99467 71.20416 77.22371 82.16945 86.22665 89.55116 92.26266 94.45143 96.18642 97.51901 98.48761 99.11901 99.43053 99.43054 99.11901 98.48761 97.51901 96.18643 94.45148 92.26268 89.55120 86.22671 82.16949 77.22378 71.20425 63.99476
1.995349 2.110425 2.235353 2.370690 2.518049 2.678217 2.853145 3.043956 3.253067 3.482030 3.733855 4.010708 4.316400 4.653937 5.028214 5.443400 5.905877 6.421436 6.998546 7.645291 8.373083 9.193310 10.12157 11.17407 12.37256 13.74037 15.30842 17.11094 19.19308 21.60648 24.41961 27.71366 31.59827 36.20773 41.72029 48.31440 55.98724 63.99466 71.20415 77.22371 82.16945 86.22666 89.55116 92.26266 94.45143 96.18641 97.51901 98.48761 99.11900 99.43054 99.43054 99.11901 98.48761 97.51901 96.18643 94.45146 92.26268 89.55120 86.22669 82.16949 77.22377 71.20424 63.99476
1.993505 2.108405 2.233142 2.368264 2.515382 2.675283 2.849912 3.040390 3.249128 3.477675 3.729037 4.005367 4.310475 4.647349 5.020889 5.435254 5.896801 6.411318 6.987263 7.632702 8.359031 9.177628 10.10408 11.15456 12.35083 13.71617 15.28153 17.08110 19.16006 21.57001 24.37947 27.66964 31.55016 36.15538 41.66357 48.25323 55.92161 63.92463 71.12980 77.14519 82.08701 86.14054 89.46169 92.17017 94.35632 96.08905 97.41985 98.38708 99.01756 99.32864 99.32864 99.01757 98.38709 97.41985 96.08907 94.35632 92.17018 89.46171 86.14058 82.08704 77.14527 71.12988 63.92471
1.989828 2.104379 2.228728 2.363420 2.510062 2.669429 2.843463 3.033280 3.241271 3.468988 3.719415 3.994705 4.298642 4.634207 5.006275 5.418982 5.878671 6.391105 6.964718 7.607540 8.330950 9.146277 10.06908 11.11552 12.30730 13.66770 15.22762 17.02127 19.09379 21.49680 24.29881 27.58110 31.45333 36.04992 41.54925 48.12990 55.78923 63.78328 70.97968 76.98664 81.92042 85.96650 89.28081 91.98316 94.16399 95.89220 97.21932 98.18380 98.81245 99.12260 99.12260 98.81245 98.18382 97.21935 95.89221 94.16399 91.98320 89.28084 85.96653 81.92046 76.98670 70.97977 63.78337
1.984328 2.098360 2.222131 2.356179 2.502105 2.660673 2.833816 3.022644 3.229524 3.455996 3.705035 3.978757 4.280946 4.614544 4.984404 5.394629 5.851537 6.360844 6.930951 7.569841 8.288842 9.099240 10.01656 11.05688 12.24188 13.59478 15.14647 16.93109 18.99378 21.38619 24.17684 27.44703 31.30654 35.88988 41.37555 47.94230 55.58765 63.56782 70.75068 76.74458 81.66602 85.70059 89.00437 91.69731 93.86990 95.59119 96.91271 97.87295 98.49875 98.80747 98.80747 98.49875 97.87295 96.91273 95.59119 93.86992 91.69733 89.00440 85.70062 81.66607 76.74466 70.75076 63.56791
1.977027 2.090369 2.213374 2.346571 2.491546 2.649057 2.821024 3.008524 3.213932 3.438755 3.685937 3.957592 4.257450 4.588431 4.955355 5.362278 5.815475 6.320608 6.886025 7.519657 8.232761 9.036553 9.946484 10.97857 12.15442 13.49719 15.03769 16.81004 18.85936 21.23727 24.01235 27.26594 31.10793 35.67298 41.13976 47.68727 55.31327 63.27426 70.43835 76.41418 81.31848 85.33710 88.62632 91.30626 93.46750 95.17922 96.49303 97.44746 98.06936 98.37613 98.37613 98.06936 97.44747 96.49305 95.17924 93.46753 91.30627 88.62637 85.33714 81.31853 76.41425 70.43844 63.27435
1.967952 2.080431 2.202486 2.334629 2.478421 2.634620 2.805116 2.990979 3.194551 3.417319 3.662204 3.931278 4.228234 4.555955 4.919216 5.322016 5.770573 6.270488 6.830038 7.457071 8.162755 8.958233 9.858839 10.88051 12.04475 13.37461 14.90085 16.65750 18.68962 21.04884 23.80376 27.03580 30.85497 35.39611 40.83817 47.36041 54.96092 62.89660 70.03596 75.98801 80.86981 84.86751 88.13765 90.80058 92.94702 94.64628 95.95006 96.89691 97.51376 97.81799 97.81800 97.51376 96.89691 95.95006 94.64629 92.94704 90.80060 88.13770 84.86754 80.86985 75.98808 70.03604 62.89669
