T1-compare/WRECTAN/直立/vz1.grd
DSAA
         200         200
  -15.00000       15.00000    
  -15.00000       15.00000    
  7.1291435E-03  0.9937350    
[rows 0 to 23 of 200, columns 55 to 109 of 200]
1.7185519E-02 1.7410036E-02 1.7634159E-02 1.7857691E-02 1.8080419E-02 1.8302120E-02 1.8522572E-02 1.8741544E-02 1.8958805E-02 1.9174110E-02 1.9387217E-02 1.9597879E-02 1.9805841E-02 2.0010851E-02 2.0212652E-02 2.0410987E-02 2.0605596E-02 2.0796224E-02 2.0982610E-02 2.1164499E-02 2.1341637E-02 2.1513775E-02 2.1680659E-02 2.1842051E-02 2.1997707E-02 2.2147400E-02 2.2290900E-02 2.2427989E-02 2.2558460E-02 2.2682102E-02 2.2798730E-02 2.2908153E-02 2.3010196E-02 2.3104703E-02 2.3191515E-02 2.3270488E-02 2.3341505E-02 2.3404440E-02 2.3459196E-02 2.3505680E-02 2.3543818E-02 2.3573549E-02 2.3594819E-02 2.3607597E-02 2.3611855E-02 2.3607593E-02 2.3594813E-02 2.3573540E-02 2.3543810E-02 2.3505667E-02 2.3459179E-02 2.3404423E-02 2.3341486E-02 2.3270471E-02 2.3191493E-02
1.7658582E-02 1.7893769E-02 1.8128643E-02 1.8362980E-02 1.8596565E-02 1.8829161E-02 1.9060533E-02 1.9290436E-02 1.9518621E-02 1.9744834E-02 1.9968813E-02 2.0190291E-02 2.0409003E-02 2.0624679E-02 2.0837042E-02 2.1045819E-02 2.1250730E-02 2.1451507E-02 2.1647865E-02 2.1839537E-02 2.2026245E-02 2.2207726E-02 2.2383707E-02 2.2553928E-02 2.2718137E-02 2.2876080E-02 2.3027521E-02 2.3172222E-02 2.3309948E-02 2.3440495E-02 2.3563648E-02 2.3679210E-02 2.3786992E-02 2.3886822E-02 2.3978531E-02 2.4061972E-02 2.4137009E-02 2.4203511E-02 2.4261376E-02 2.4310503E-02 2.4350807E-02 2.4382228E-02 2.4404710E-02 2.4418216E-02 2.4422716E-02 2.4418211E-02 2.4404703E-02 2.4382219E-02 2.4350796E-02 2.4310486E-02 2.4261357E-02 2.4203490E-02 2.4136987E-02 2.4061950E-02 2.3978505E-02
1.8148504E-02 1.8394960E-02 1.8641181E-02 1.8886946E-02 1.9132014E-02 1.9376138E-02 1.9619074E-02 1.9860551E-02 2.0100314E-02 2.0338088E-02 2.0573596E-02 2.0806555E-02 2.1036679E-02 2.1263679E-02 2.1487260E-02 2.1707132E-02 2.1923000E-02 2.2134567E-02 2.2341534E-02 2.2543609E-02 2.2740509E-02 2.2931933E-02 2.3117602E-02 2.3297232E-02 2.3470553E-02 2.3637291E-02 2.3797194E-02 2.3950005E-02 2.4095479E-02 2.4233386E-02 2.4363499E-02 2.4485610E-02 2.4599513E-02 2.4705024E-02 2.4801964E-02 2.4890170E-02 2.4969498E-02 2.5039807E-02 2.5100989E-02 2.5152935E-02 2.5195556E-02 2.5228782E-02 2.5252558E-02 2.5266837E-02 2.5271600E-02 2.5266835E-02 2.5252549E-02 2.5228772E-02 2.5195543E-02 2.5152916E-02 2.5100971E-02 2.5039783E-02 2.4969472E-02 2.4890140E-02 2.4801932E-02
1.8656010E-02 1.8914366E-02 1.9172588E-02 1.9430432E-02 1.9687653E-02 1.9943984E-02 2.0199161E-02 2.0452909E-02 2.0704944E-02 2.0954983E-02 2.1202728E-02 2.1447873E-02 2.1690119E-02 2.1929154E-02 2.2164663E-02 2.2396337E-02 2.2623857E-02 2.2846907E-02 2.3065170E-02 2.3278331E-02 2.3486078E-02 2.3688104E-02 2.3884093E-02 2.4073757E-02 2.4256792E-02 2.4432912E-02 2.4601839E-02 2.4763307E-02 2.4917046E-02 2.5062809E-02 2.5200352E-02 2.5329458E-02 2.5449896E-02 2.5561472E-02 2.5663996E-02 2.5757289E-02 2.5841201E-02 2.5915580E-02 2.5980305E-02 2.6035262E-02 2.6080357E-02 2.6115514E-02 2.6140671E-02 2.6155779E-02 2.6160818E-02 2.6155777E-02 2.6140664E-02 2.6115507E-02 2.6080349E-02 2.6035251E-02 2.5980290E-02 2.5915563E-02 2.5841180E-02 2.5757268E-02 2.5663968E-02
1.9181874E-02 1.9452808E-02 1.9723715E-02 1.9994343E-02 2.0264426E-02 2.0533687E-02 2.0801840E-02 2.1068599E-02 2.1333657E-02 2.1596715E-02 2.1857454E-02 2.2115547E-02 2.2370676E-02 2.2622509E-02 2.2870708E-02 2.3114938E-02 2.3354866E-02 2.3590149E-02 2.3820443E-02 2.4045417E-02 2.4264732E-02 2.4478061E-02 2.4685062E-02 2.4885425E-02 2.5078828E-02 2.5264960E-02 2.5443524E-02 2.5614234E-02 2.5776796E-02 2.5930952E-02 2.6076432E-02 2.6213005E-02 2.6340427E-02 2.6458489E-02 2.6566977E-02 2.6665706E-02 2.6754517E-02 2.6833249E-02 2.6901757E-02 2.6959937E-02 2.7007675E-02 2.7044896E-02 2.7071526E-02 2.7087523E-02 2.7092855E-02 2.7087521E-02 2.7071523E-02 2.7044887E-02 2.7007667E-02 2.6959924E-02 2.6901744E-02 2.6833227E-02 2.6754498E-02 2.6665686E-02 2.6566949E-02
1.9726846E-02 2.0011077E-02 2.0295406E-02 2.0579560E-02 2.0863263E-02 2.1146219E-02 2.1428132E-02 2.1708690E-02 2.1987567E-02 2.2264445E-02 2.2538986E-02 2.2810843E-02 2.3079665E-02 2.3345113E-02 2.3606814E-02 2.3864415E-02 2.4117552E-02 2.4365865E-02 2.4608981E-02 2.4846546E-02 2.5078198E-02 2.5303578E-02 2.5522327E-02 2.5734110E-02 2.5938578E-02 2.6135400E-02 2.6324257E-02 2.6504833E-02 2.6676826E-02 2.6839942E-02 2.6993910E-02 2.7138460E-02 2.7273344E-02 2.7398335E-02 2.7513200E-02 2.7617747E-02 2.7711792E-02 2.7795173E-02 2.7867734E-02 2.7929354E-02 2.7979923E-02 2.8019346E-02 2.8047556E-02 2.8064501E-02 2.8070152E-02 2.8064497E-02 2.8047550E-02 2.8019333E-02 2.7979910E-02 2.7929343E-02 2.7867718E-02 2.7795149E-02 2.7711773E-02 2.7617723E-02 2.7513172E-02
2.0291770E-02 2.0590059E-02 2.0888587E-02 2.1187067E-02 2.1485200E-02 2.1782681E-02 2.2079185E-02 2.2374386E-02 2.2667944E-02 2.2959504E-02 2.3248717E-02 2.3535209E-02 2.3818610E-02 2.4098543E-02 2.4374627E-02 2.4646470E-02 2.4913689E-02 2.5175892E-02 2.5432684E-02 2.5683682E-02 2.5928497E-02 2.6166743E-02 2.6398038E-02 2.6622016E-02 2.6838304E-02 2.7046554E-02 2.7246406E-02 2.7437534E-02 2.7619602E-02 2.7792301E-02 2.7955342E-02 2.8108427E-02 2.8251296E-02 2.8383695E-02 2.8505389E-02 2.8616155E-02 2.8715806E-02 2.8804157E-02 2.8881051E-02 2.8946355E-02 2.8999947E-02 2.9041732E-02 2.9071635E-02 2.9089591E-02 2.9095579E-02 2.9089587E-02 2.9071625E-02 2.9041722E-02 2.8999938E-02 2.8946342E-02 2.8881032E-02 2.8804135E-02 2.8715787E-02 2.8616128E-02 2.8505355E-02
2.0877473E-02 2.1190643E-02 2.1504203E-02 2.1817861E-02 2.2131294E-02 2.2444177E-02 2.2756170E-02 2.3066923E-02 2.3376070E-02 2.3683242E-02 2.3988061E-02 2.4290126E-02 2.4589045E-02 2.4884416E-02 2.5175819E-02 2.5462845E-02 2.5745081E-02 2.6022105E-02 2.6293496E-02 2.6558833E-02 2.6817707E-02 2.7069699E-02 2.7314397E-02 2.7551413E-02 2.7780337E-02 2.8000800E-02 2.8212415E-02 2.8414823E-02 2.8607674E-02 2.8790636E-02 2.8963378E-02 2.9125601E-02 2.9277014E-02 2.9417343E-02 2.9546339E-02 2.9663766E-02 2.9769415E-02 2.9863095E-02 2.9944630E-02 3.0013880E-02 3.0070707E-02 3.0115021E-02 3.0146729E-02 3.0165778E-02 3.0172128E-02 3.0165773E-02 3.0146724E-02 3.0115014E-02 3.0070700E-02 3.0013867E-02 2.9944615E-02 2.9863076E-02 2.9769400E-02 2.9663742E-02 2.9546311E-02
2.1484891E-02 2.1813812E-02 2.2143297E-02 2.2473035E-02 2.2802696E-02 2.3131922E-02 2.3460360E-02 2.3787634E-02 2.4113359E-02 2.4437137E-02 2.4758562E-02 2.5077211E-02 2.5392661E-02 2.5704477E-02 2.6012219E-02 2.6315447E-02 2.6613705E-02 2.6906552E-02 2.7193526E-02 2.7474184E-02 2.7748076E-02 2.8014760E-02 2.8273797E-02 2.8524755E-02 2.8767198E-02 2.9000720E-02 2.9224925E-02 2.9439406E-02 2.9643802E-02 2.9837742E-02 3.0020872E-02 3.0192882E-02 3.0353442E-02 3.0502271E-02 3.0639088E-02 3.0763648E-02 3.0875726E-02 3.0975109E-02 3.1061614E-02 3.1135088E-02 3.1195393E-02 3.1242408E-02 3.1276058E-02 3.1296268E-02 3.1303015E-02 3.1296268E-02 3.1276051E-02 3.1242402E-02 3.1195382E-02 3.1135077E-02 3.1061601E-02 3.0975090E-02 3.0875703E-02 3.0763624E-02 3.0639064E-02
2.2114927E-02 2.2460517E-02 2.2806875E-02 2.3153668E-02 2.3500539E-02 2.3847120E-02 2.4193028E-02 2.4537863E-02 2.4881218E-02 2.5222667E-02 2.5561772E-02 2.5898088E-02 2.6231149E-02 2.6560508E-02 2.6885681E-02 2.7206190E-02 2.7521558E-02 2.7831299E-02 2.8134931E-02 2.8431961E-02 2.8721917E-02 2.9004317E-02 2.9278677E-02 2.9544549E-02 2.9801462E-02 3.0048974E-02 3.0286651E-02 3.0514069E-02 3.0730823E-02 3.0936522E-02 3.1130787E-02 3.1313270E-02 3.1483635E-02 3.1641573E-02 3.1786770E-02 3.1918976E-02 3.2037944E-02 3.2143440E-02 3.2235276E-02 3.2313280E-02 3.2377303E-02 3.2427222E-02 3.2462951E-02 3.2484412E-02 3.2491565E-02 3.2484408E-02 3.2462940E-02 3.2427214E-02 3.2377291E-02 3.2313269E-02 3.2235265E-02 3.2143421E-02 3.2037921E-02 3.1918954E-02 3.1786744E-02
2.2768606E-02 2.3131860E-02 2.3496108E-02 2.3860989E-02 2.4226135E-02 2.4591148E-02 2.4955625E-02 2.5319140E-02 2.5681255E-02 2.6041519E-02 2.6399463E-02 2.6754608E-02 2.7106468E-02 2.7454540E-02 2.7798316E-02 2.8137291E-02 2.8470937E-02 2.8798744E-02 2.9120179E-02 2.9434726E-02 2.9741867E-02 3.0041084E-02 3.0331863E-02 3.0613704E-02 3.0886114E-02 3.1148612E-02 3.1400725E-02 3.1642001E-02 3.1872001E-02 3.2090310E-02 3.2296512E-02 3.2490235E-02 3.2671109E-02 3.2838810E-02 3.2993000E-02 3.3133406E-02 3.3259757E-02 3.3371817E-02 3.3469364E-02 3.3552229E-02 3.3620238E-02 3.3673272E-02 3.3711229E-02 3.3734027E-02 3.3741631E-02 3.3734024E-02 3.3711221E-02 3.3673260E-02 3.3620227E-02 3.3552211E-02 3.3469345E-02 3.3371795E-02 3.3259735E-02 3.3133376E-02 3.2992966E-02
2.3446901E-02 2.3828877E-02 2.4212092E-02 2.4596175E-02 2.4980724E-02 2.5365328E-02 2.5749547E-02 2.6132941E-02 2.6515028E-02 2.6895339E-02 2.7273363E-02 2.7648591E-02 2.8020501E-02 2.8388556E-02 2.8752206E-02 2.9110909E-02 2.9464094E-02 2.9811218E-02 3.0151706E-02 3.0484999E-02 3.0810537E-02 3.1127762E-02 3.1436119E-02 3.1735078E-02 3.2024093E-02 3.2302655E-02 3.2570243E-02 3.2826386E-02 3.3070590E-02 3.3302419E-02 3.3521425E-02 3.3727203E-02 3.3919353E-02 3.4097522E-02 3.4261364E-02 3.4410566E-02 3.4544840E-02 3.4663942E-02 3.4767620E-02 3.4855701E-02 3.4927987E-02 3.4984365E-02 3.5024714E-02 3.5048954E-02 3.5057034E-02 3.5048950E-02 3.5024706E-02 3.4984361E-02 3.4927983E-02 3.4855690E-02 3.4767609E-02 3.4663923E-02 3.4544829E-02 3.4410544E-02 3.4261338E-02
2.4150956E-02 2.4552777E-02 2.4956124E-02 2.5360592E-02 2.5765762E-02 2.6171193E-02 2.6576428E-02 2.6980985E-02 2.7384358E-02 2.7786039E-02 2.8185485E-02 2.8582156E-02 2.8975477E-02 2.9364886E-02 2.9749785E-02 3.0129589E-02 3.0503690E-02 3.0871490E-02 3.1232383E-02 3.1585753E-02 3.1931005E-02 3.2267541E-02 3.2594748E-02 3.2912061E-02 3.3218890E-02 3.3514678E-02 3.3798885E-02 3.4070969E-02 3.4330428E-02 3.4576770E-02 3.4809515E-02 3.5028230E-02 3.5232496E-02 3.5421908E-02 3.5596114E-02 3.5754755E-02 3.5897549E-02 3.6024198E-02 3.6134474E-02 3.6228143E-02 3.6305033E-02 3.6364999E-02 3.6407914E-02 3.6433700E-02 3.6442295E-02 3.6433693E-02 3.6407907E-02 3.6364991E-02 3.6305029E-02 3.6228132E-02 3.6134459E-02 3.6024187E-02 3.5897531E-02 3.5754740E-02 3.5596080E-02
2.4881868E-02 2.5304742E-02 2.5729451E-02 2.6155572E-02 2.6582666E-02 2.7010260E-02 2.7437862E-02 2.7864963E-02 2.8291024E-02 2.8715502E-02 2.9137818E-02 2.9557377E-02 2.9973587E-02 3.0385822E-02 3.0793447E-02 3.1195827E-02 3.1592321E-02 3.1982277E-02 3.2365024E-02 3.2739922E-02 3.3106316E-02 3.3463549E-02 3.3810984E-02 3.4147985E-02 3.4473933E-02 3.4788221E-02 3.5090260E-02 3.5379469E-02 3.5655301E-02 3.5917226E-02 3.6164738E-02 3.6397357E-02 3.6614619E-02 3.6816120E-02 3.7001450E-02 3.7170243E-02 3.7322182E-02 3.7456952E-02 3.7574299E-02 3.7673984E-02 3.7755817E-02 3.7819635E-02 3.7865311E-02 3.7892748E-02 3.7901901E-02 3.7892748E-02 3.7865303E-02 3.7819628E-02 3.7755810E-02 3.7673976E-02 3.7574288E-02 3.7456933E-02 3.7322167E-02 3.7170224E-02 3.7001420E-02
2.5640786E-02 2.6085999E-02 2.6533397E-02 2.6982531E-02 2.7432939E-02 2.7884118E-02 2.8335545E-02 2.8786678E-02 2.9236943E-02 2.9685745E-02 3.0132480E-02 3.0576508E-02 3.1017177E-02 3.1453829E-02 3.1885784E-02 3.2312345E-02 3.2732822E-02 3.3146508E-02 3.3552699E-02 3.3950675E-02 3.4339745E-02 3.4719195E-02 3.5088342E-02 3.5446491E-02 3.5792965E-02 3.6127124E-02 3.6448311E-02 3.6755927E-02 3.7049346E-02 3.7328023E-02 3.7591398E-02 3.7838954E-02 3.8070206E-02 3.8284689E-02 3.8481981E-02 3.8661689E-02 3.8823452E-02 3.8966950E-02 3.9091900E-02 3.9198056E-02 3.9285198E-02 3.9353155E-02 3.9401799E-02 3.9431021E-02 3.9440766E-02 3.9431017E-02 3.9401788E-02 3.9353151E-02 3.9285190E-02 3.9198041E-02 3.9091889E-02 3.8966935E-02 3.8823433E-02 3.8661662E-02 3.8481954E-02
2.6428973E-02 2.6897900E-02 2.7369400E-02 2.7843012E-02 2.8318230E-02 2.8794527E-02 2.9271349E-02 2.9748110E-02 3.0224208E-02 3.0699002E-02 3.1171832E-02 3.1642020E-02 3.2108873E-02 3.2571673E-02 3.3029679E-02 3.3482160E-02 3.3928353E-02 3.4367502E-02 3.4798842E-02 3.5221606E-02 3.5635028E-02 3.6038354E-02 3.6430813E-02 3.6811687E-02 3.7180234E-02 3.7535742E-02 3.7877534E-02 3.8204923E-02 3.8517274E-02 3.8813964E-02 3.9094403E-02 3.9358035E-02 3.9604317E-02 3.9832778E-02 4.0042929E-02 4.0234368E-02 4.0406711E-02 4.0559601E-02 4.0692728E-02 4.0805839E-02 4.0898692E-02 4.0971108E-02 4.1022938E-02 4.1054077E-02 4.1064467E-02 4.1054077E-02 4.1022938E-02 4.0971104E-02 4.0898684E-02 4.0805832E-02 4.0692721E-02 4.0559582E-02 4.0406700E-02 4.0234350E-02 4.0042907E-02
2.7247712E-02 2.7741820E-02 2.8238945E-02 2.8738594E-02 2.9240228E-02 2.9743291E-02 3.0247191E-02 3.0751308E-02 3.1254984E-02 3.1757548E-02 3.2258295E-02 3.2756478E-02 3.3251360E-02 3.3742175E-02 3.4228113E-02 3.4708384E-02 3.5182171E-02 3.5648655E-02 3.6106993E-02 3.6556378E-02 3.6995966E-02 3.7424941E-02 3.7842479E-02 3.8247783E-02 3.8640067E-02 3.9018556E-02 3.9382502E-02 3.9731182E-02 4.0063895E-02 4.0379971E-02 4.0678773E-02 4.0959697E-02 4.1222170E-02 4.1465659E-02 4.1689664E-02 4.1893732E-02 4.2077452E-02 4.2240441E-02 4.2382382E-02 4.2502973E-02 4.2601973E-02 4.2679183E-02 4.2734448E-02 4.2767651E-02 4.2778727E-02 4.2767651E-02 4.2734444E-02 4.2679176E-02 4.2601965E-02 4.2502966E-02 4.2382374E-02 4.2240430E-02 4.2077437E-02 4.1893713E-02 4.1689645E-02
2.8098349E-02 2.8619219E-02 2.9143585E-02 2.9670937E-02 3.0200714E-02 3.0732315E-02 3.1265110E-02 3.1798430E-02 3.2331582E-02 3.2863848E-02 3.3394456E-02 3.3922624E-02 3.4447543E-02 3.4968380E-02 3.5484284E-02 3.5994381E-02 3.6497798E-02 3.6993641E-02 3.7481010E-02 3.7959009E-02 3.8426738E-02 3.8883302E-02 3.9327826E-02 3.9759424E-02 4.0177256E-02 4.0580478E-02 4.0968280E-02 4.1339882E-02 4.1694518E-02 4.2031474E-02 4.2350058E-02 4.2649604E-02 4.2929504E-02 4.3189183E-02 4.3428104E-02 4.3645773E-02 4.3841742E-02 4.4015616E-02 4.4167031E-02 4.4295680E-02 4.4401303E-02 4.4483673E-02 4.4542633E-02 4.4578053E-02 4.4589873E-02 4.4578053E-02 4.4542629E-02 4.4483669E-02 4.4401295E-02 4.4295669E-02 4.4167023E-02 4.4015601E-02 4.3841731E-02 4.3645751E-02 4.3428078E-02
2.8982278E-02 2.9531585E-02 3.0084945E-02 3.0641805E-02 3.1201573E-02 3.1763613E-02 3.2327250E-02 3.2891784E-02 3.3456456E-02 3.4020498E-02 3.4583092E-02 3.5143390E-02 3.5700511E-02 3.6253572E-02 3.6801640E-02 3.7343778E-02 3.7879027E-02 3.8406439E-02 3.8925022E-02 3.9433807E-02 3.9931819E-02 4.0418092E-02 4.0891666E-02 4.1351587E-02 4.1796934E-02 4.2226803E-02 4.2640317E-02 4.3036610E-02 4.3414883E-02 4.3774337E-02 4.4114225E-02 4.4433847E-02 4.4732526E-02 4.5009658E-02 4.5264646E-02 4.5496967E-02 4.5706142E-02 4.5891732E-02 4.6053361E-02 4.6190690E-02 4.6303440E-02 4.6391375E-02 4.6454318E-02 4.6492137E-02 4.6504747E-02 4.6492130E-02 4.6454310E-02 4.6391368E-02 4.6303432E-02 4.6190683E-02 4.6053346E-02 4.5891713E-02 4.5706123E-02 4.5496941E-02 4.5264620E-02
2.9900948E-02 3.0480495E-02 3.1064706E-02 3.1653002E-02 3.2244749E-02 3.2839280E-02 3.3435863E-02 3.4033760E-02 3.4632161E-02 3.5230234E-02 3.5827100E-02 3.6421843E-02 3.7013523E-02 3.7601177E-02 3.8183801E-02 3.8760375E-02 3.9329872E-02 3.9891239E-02 4.0443417E-02 4.0985353E-02 4.1515987E-02 4.2034265E-02 4.2539135E-02 4.3029584E-02 4.3504596E-02 4.3963198E-02 4.4404417E-02 4.4827349E-02 4.5231100E-02 4.5614816E-02 4.5977689E-02 4.6318948E-02 4.6637882E-02 4.6933822E-02 4.7206137E-02 4.7454253E-02 4.7677666E-02 4.7875889E-02 4.8048526E-02 4.8195213E-02 4.8315644E-02 4.8409577E-02 4.8476804E-02 4.8517197E-02 4.8530675E-02 4.8517197E-02 4.8476800E-02 4.8409570E-02 4.8315637E-02 4.8195202E-02 4.8048515E-02 4.7875874E-02 4.7677647E-02 4.7454234E-02 4.7206111E-02
3.0855926E-02 3.1467650E-02 3.2084718E-02 3.2706518E-02 3.3332393E-02 3.3961613E-02 3.4593422E-02 3.5227008E-02 3.5861526E-02 3.6496062E-02 3.7129682E-02 3.7761394E-02 3.8390197E-02 3.9015029E-02 3.9634805E-02 4.0248431E-02 4.0854786E-02 4.1452724E-02 4.2041101E-02 4.2618766E-02 4.3184560E-02 4.3737348E-02 4.4275984E-02 4.4799365E-02 4.5306385E-02 4.5795981E-02 4.6267118E-02 4.6718787E-02 4.7150034E-02 4.7559928E-02 4.7947597E-02 4.8312221E-02 4.8653007E-02 4.8969239E-02 4.9260244E-02 4.9525399E-02 4.9764160E-02 4.9976017E-02 5.0160524E-02 5.0317299E-02 5.0446015E-02 5.0546411E-02 5.0618265E-02 5.0661441E-02 5.0675839E-02 5.0661433E-02 5.0618265E-02 5.0546400E-02 5.0446007E-02 5.0317295E-02 5.0160512E-02 4.9976002E-02 4.9764149E-02 4.9525384E-02 4.9260221E-02
3.1848736E-02 3.2494701E-02 3.3146765E-02 3.3804297E-02 3.4466587E-02 3.5132881E-02 3.5802357E-02 3.6474153E-02 3.7147354E-02 3.7820991E-02 3.8494051E-02 3.9165471E-02 3.9834149E-02 4.0498957E-02 4.1158713E-02 4.1812226E-02 4.2458277E-02 4.3095626E-02 4.3723021E-02 4.4339210E-02 4.4942942E-02 4.5532968E-02 4.6108045E-02 4.6666969E-02 4.7208540E-02 4.7731616E-02 4.8235044E-02 4.8717748E-02 4.9178682E-02 4.9616843E-02 5.0031286E-02 5.0421122E-02 5.0785497E-02 5.1123641E-02 5.1434811E-02 5.1718358E-02 5.1973686E-02 5.2200239E-02 5.2397553E-02 5.2565221E-02 5.2702870E-02 5.2810233E-02 5.2887078E-02 5.2933250E-02 5.2948650E-02 5.2933250E-02 5.2887075E-02 5.2810226E-02 5.2702863E-02 5.2565210E-02 5.2397545E-02 5.2200224E-02 5.1973671E-02 5.1718339E-02 5.1434785E-02
3.2881089E-02 3.3563506E-02 3.4252882E-02 3.4948539E-02 3.5649735E-02 3.6355656E-02 3.7065439E-02 3.7778161E-02 3.8492840E-02 3.9208438E-02 3.9923858E-02 4.0637955E-02 4.1349534E-02 4.2057373E-02 4.2760190E-02 4.3456689E-02 4.4145539E-02 4.4825409E-02 4.5494914E-02 4.6152692E-02 4.6797391E-02 4.7427639E-02 4.8042092E-02 4.8639428E-02 4.9218345E-02 4.9777590E-02 5.0315920E-02 5.0832160E-02 5.1325180E-02 5.1793896E-02 5.2237269E-02 5.2654337E-02 5.3044200E-02 5.3406000E-02 5.3738967E-02 5.4042373E-02 5.4315582E-02 5.4558013E-02 5.4769155E-02 5.4948553E-02 5.5095851E-02 5.5210743E-02 5.5292964E-02 5.5342369E-02 5.5358857E-02 5.5342376E-02 5.5292964E-02 5.5210732E-02 5.5095848E-02 5.4948542E-02 5.4769136E-02 5.4557994E-02 5.4315567E-02 5.4042347E-02 5.3738941E-02
3.3954632E-02 3.4675870E-02 3.5405025E-02 3.6141373E-02 3.6884136E-02 3.7632454E-02 3.8385402E-02 3.9141990E-02 3.9901167E-02 4.0661819E-02 4.1422762E-02 4.2182755E-02 4.2940516E-02 4.3694705E-02 4.4443928E-02 4.5186792E-02 4.5921836E-02 4.6647593E-02 4.7362577E-02 4.8065294E-02 4.8754264E-02 4.9427994E-02 5.0085012E-02 5.0723884E-02 5.1343180E-02 5.1941540E-02 5.2517619E-02 5.3070135E-02 5.3597845E-02 5.4099593E-02 5.4574240E-02 5.5020768E-02 5.5438165E-02 5.5825539E-02 5.6182042E-02 5.6506887E-02 5.6799430E-02 5.7058997E-02 5.7285063E-02 5.7477150E-02 5.7634868E-02 5.7757869E-02 5.7845909E-02 5.7898808E-02 5.7916448E-02 5.7898801E-02 5.7845898E-02 5.7757862E-02 5.7634857E-02 5.7477143E-02 5.7285048E-02 5.7058979E-02 5.6799412E-02 5.6506876E-02 5.6182019E-02
