T1-compare/WRECTAN/直立/vz1.grd
DSAA
         200         200
  -15.00000       15.00000    
  -15.00000       15.00000    
  7.1291435E-03  0.9937350    
[rows 120 to 143 of 200, columns 55 to 109 of 200]
0.1641461 0.1740017 0.1846419 0.1961447 0.2085982 0.2221013 0.2367658 0.2527188 0.2701044 0.2890872 0.3098542 0.3326169 0.3576104 0.3850835 0.4152689 0.4483065 0.4840738 0.5219178 0.5604901 0.5981043 0.6334543 0.6659302 0.6954328 0.7221107 0.7461968 0.7679371 0.7875616 0.8052765 0.8212627 0.8356785 0.8486608 0.8603296 0.8707882 0.8801277 0.8884259 0.8957512 0.9021622 0.9077092 0.9124352 0.9163761 0.9195614 0.9220150 0.9237547 0.9247937 0.9251391 0.9247937 0.9237548 0.9220150 0.9195614 0.9163760 0.9124352 0.9077091 0.9021622 0.8957511 0.8884258
0.1622797 0.1720143 0.1825258 0.1938924 0.2062016 0.2195522 0.2340561 0.2498401 0.2670485 0.2858463 0.3064206 0.3289835 0.3537706 0.3810317 0.4110003 0.4438173 0.4793616 0.5169813 0.5553294 0.5927210 0.6278512 0.6601114 0.6894038 0.7158776 0.7397671 0.7613190 0.7807640 0.7983088 0.8141348 0.8284003 0.8412427 0.8527819 0.8631213 0.8723516 0.8805512 0.8877875 0.8941196 0.8995975 0.9042639 0.9081547 0.9112993 0.9137213 0.9154385 0.9164639 0.9168049 0.9164639 0.9154385 0.9137211 0.9112992 0.9081547 0.9042639 0.8995975 0.8941196 0.8877874 0.8805510
0.1603139 0.1699185 0.1802916 0.1915110 0.2036639 0.2168490 0.2311778 0.2467773 0.2637918 0.2823862 0.3027483 0.3250905 0.3496491 0.3766750 0.4064024 0.4389740 0.4742695 0.5116389 0.5497368 0.5868797 0.6217647 0.6537842 0.6828423 0.7090893 0.7327606 0.7541038 0.7733504 0.7907076 0.8063573 0.8204579 0.8331470 0.8445445 0.8547539 0.8638656 0.8719576 0.8790977 0.8853445 0.8907476 0.8953497 0.8991864 0.9022868 0.9046748 0.9063680 0.9073787 0.9077148 0.9073787 0.9063678 0.9046749 0.9022869 0.8991864 0.8953497 0.8907475 0.8853445 0.8790977 0.8719574
0.1582487 0.1677137 0.1779380 0.1889986 0.2009826 0.2139882 0.2281266 0.2435248 0.2603269 0.2786981 0.2988264 0.3209248 0.3452303 0.3719948 0.4014540 0.4337516 0.4687694 0.5058590 0.5436769 0.5805418 0.6151525 0.6469035 0.6757002 0.7016948 0.7251238 0.7462357 0.7652629 0.7824134 0.7978691 0.8117889 0.8243102 0.8355531 0.8456208 0.8546035 0.8625792 0.8696152 0.8757696 0.8810923 0.8856249 0.8894036 0.8924568 0.8948080 0.8964751 0.8974704 0.8978013 0.8974704 0.8964751 0.8948081 0.8924567 0.8894035 0.8856249 0.8810921 0.8757696 0.8696151 0.8625791
0.1560838 0.1653996 0.1754641 0.1863539 0.1981555 0.2109667 0.2248983 0.2400769 0.2566468 0.2747729 0.2946436 0.3164725 0.3404975 0.3669713 0.3961313 0.4281228 0.4628298 0.4996059 0.5371101 0.5736634 0.6079669 0.6394174 0.6679223 0.6936357 0.7167952 0.7376508 0.7564356 0.7733580 0.7886006 0.8023221 0.8146604 0.8257348 0.8356485 0.8444915 0.8523413 0.8592647 0.8653197 0.8705555 0.8750138 0.8787299 0.8817325 0.8840445 0.8856839 0.8866626 0.8869880 0.8866626 0.8856839 0.8840448 0.8817325 0.8787299 0.8750138 0.8705553 0.8653197 0.8592647 0.8523411
0.1538197 0.1629762 0.1728697 0.1835760 0.1951811 0.2077820 0.2214892 0.2364288 0.2527446 0.2706018 0.2901888 0.3117197 0.3354332 0.3615834 0.3904092 0.4220581 0.4564163 0.4928403 0.5299920 0.5661952 0.6001539 0.6312675 0.6594461 0.6848456 0.7077053 0.7282766 0.7467933 0.7634646 0.7784732 0.7919779 0.8041162 0.8150074 0.8247541 0.8334461 0.8411599 0.8479621 0.8539102 0.8590528 0.8634314 0.8670807 0.8700291 0.8722994 0.8739088 0.8748697 0.8751892 0.8748697 0.8739088 0.8722994 0.8700290 0.8670806 0.8634314 0.8590527 0.8539102 0.8479620 0.8411597
0.1514575 0.1604443 0.1701550 0.1806647 0.1920584 0.2044324 0.2178964 0.2325758 0.2486143 0.2661763 0.2854506 0.3066518 0.3300192 0.3558085 0.3842604 0.4155247 0.4494907 0.4855181 0.5222723 0.5580810 0.5916515 0.6223868 0.6501995 0.6752481 0.6977742 0.7180299 0.7362504 0.7526451 0.7673970 0.7806647 0.7925853 0.8032775 0.8128436 0.8213722 0.8289396 0.8356118 0.8414452 0.8464882 0.8507815 0.8543597 0.8572502 0.8594760 0.8610538 0.8619958 0.8623090 0.8619958 0.8610537 0.8594759 0.8572502 0.8543594 0.8507816 0.8464881 0.8414453 0.8356117 0.8289395
0.1489988 0.1578052 0.1673211 0.1776206 0.1887874 0.2009170 0.2141178 0.2285147 0.2442503 0.2614888 0.2804186 0.3012546 0.3242372 0.3496232 0.3776556 0.4084871 0.4420105 0.4775896 0.5138943 0.5492567 0.5823889 0.6126977 0.6400996 0.6647556 0.6869096 0.7068151 0.7247083 0.7407987 0.7552693 0.7682783 0.7799621 0.7904388 0.7998098 0.8081627 0.8155730 0.8221058 0.8278168 0.8327535 0.8369560 0.8404582 0.8432876 0.8454661 0.8470103 0.8479322 0.8482388 0.8479322 0.8470103 0.8454661 0.8432876 0.8404582 0.8369560 0.8327534 0.8278168 0.8221057 0.8155729
0.1464456 0.1550609 0.1643697 0.1744449 0.1853689 0.1972357 0.2101527 0.2242431 0.2396485 0.2565326 0.2750829 0.2955146 0.3180686 0.3430032 0.3705639 0.4009067 0.4339286 0.4689990 0.5047929 0.5396488 0.5722842 0.6021111 0.6290503 0.6532662 0.6750048 0.6945217 0.7120532 0.7278091 0.7419720 0.7546992 0.7661264 0.7763702 0.7855311 0.7936954 0.8009375 0.8073215 0.8129020 0.8177257 0.8218319 0.8252538 0.8280181 0.8301465 0.8316553 0.8325560 0.8328555 0.8325560 0.8316553 0.8301464 0.8280181 0.8252537 0.8218319 0.8177255 0.8129020 0.8073214 0.8009374
0.1438009 0.1522144 0.1613039 0.1711406 0.1818053 0.1933904 0.2060015 0.2197602 0.2348066 0.2513026 0.2694354 0.2894191 0.3114955 0.3359239 0.3629526 0.3927416 0.4251933 0.4596833 0.4948945 0.5291725 0.5612425 0.5905229 0.6169397 0.6406612 0.6619363 0.6810215 0.6981538 0.7135426 0.7273695 0.7397907 0.7509401 0.7609331 0.7698684 0.7778311 0.7848938 0.7911194 0.7965614 0.8012654 0.8052697 0.8086067 0.8113025 0.8133782 0.8148496 0.8157281 0.8160201 0.8157280 0.8148496 0.8133782 0.8113025 0.8086067 0.8052697 0.8012653 0.7965614 0.7911193 0.7848937
0.1410685 0.1492695 0.1581273 0.1677112 0.1781002 0.1893843 0.2016671 0.2150677 0.2297242 0.2457966 0.2634700 0.2829579 0.3045013 0.3283612 0.3547883 0.3839473 0.4157472 0.4495720 0.4841141 0.5177297 0.5491531 0.5778112 0.6036366 0.6268021 0.6475592 0.6661655 0.6828578 0.6978446 0.7113054 0.7233950 0.7342451 0.7439690 0.7526630 0.7604107 0.7672829 0.7733406 0.7786363 0.7832139 0.7871110 0.7903586 0.7929825 0.7950026 0.7964349 0.7972899 0.7975743 0.7972899 0.7964349 0.7950027 0.7929824 0.7903586 0.7871109 0.7832138 0.7786362 0.7733406 0.7672828
0.1382530 0.1462312 0.1548452 0.1641623 0.1742589 0.1852226 0.1971540 0.2101695 0.2244041 0.2400148 0.2571841 0.2761233 0.2970724 0.3202928 0.3460377 0.3744768 0.4055277 0.4385850 0.4723544 0.5052055 0.5358856 0.5638325 0.5889866 0.6115260 0.6317043 0.6497800 0.6659883 0.6805357 0.6935995 0.7053311 0.7158598 0.7252957 0.7337331 0.7412526 0.7479231 0.7538040 0.7589454 0.7633902 0.7671747 0.7703286 0.7728771 0.7748395 0.7762308 0.7770615 0.7773376 0.7770615 0.7762308 0.7748395 0.7728771 0.7703286 0.7671745 0.7633901 0.7589453 0.7538038 0.7479231
0.1353599 0.1431053 0.1514639 0.1605004 0.1702884 0.1809125 0.1924697 0.2050727 0.2188524 0.2339618 0.2505794 0.2689128 0.2891995 0.3116999 0.3366691 0.3642825 0.3944674 0.4266332 0.4595032 0.4914661 0.5212867 0.5484172 0.5728078 0.5946416 0.6141742 0.6316630 0.6473405 0.6614100 0.6740445 0.6853916 0.6955767 0.7047064 0.7128716 0.7201502 0.7266084 0.7323033 0.7372831 0.7415891 0.7452558 0.7483124 0.7507823 0.7526845 0.7540331 0.7548383 0.7551060 0.7548383 0.7540331 0.7526844 0.7507823 0.7483124 0.7452558 0.7415890 0.7372831 0.7323031 0.7266083
0.1323956 0.1398989 0.1479912 0.1567342 0.1661982 0.1764640 0.1876246 0.1997879 0.2130798 0.2276475 0.2436638 0.2613306 0.2808805 0.3025708 0.3266567 0.3533189 0.3824968 0.4136188 0.4454334 0.4763564 0.5051774 0.5313674 0.5548880 0.5759275 0.5947411 0.6115832 0.6266815 0.6402335 0.6524063 0.6633427 0.6731625 0.6819682 0.6898465 0.6968720 0.7031079 0.7086084 0.7134198 0.7175812 0.7211258 0.7240811 0.7264695 0.7283092 0.7296136 0.7303925 0.7306516 0.7303925 0.7296136 0.7283092 0.7264695 0.7240810 0.7211257 0.7175812 0.7134198 0.7086083 0.7031078
0.1293674 0.1366202 0.1444361 0.1528736 0.1619992 0.1718895 0.1826323 0.1943299 0.2071018 0.2210877 0.2364526 0.2533898 0.2721236 0.2929045 0.3159847 0.3415483 0.3695482 0.3994385 0.4300038 0.4596998 0.4873519 0.5124556 0.5349856 0.5551330 0.5731499 0.5892834 0.6037533 0.6167485 0.6284286 0.6389288 0.6483629 0.6568280 0.6644059 0.6711670 0.6771712 0.6824698 0.6871064 0.6911182 0.6945363 0.6973869 0.6996914 0.7014666 0.7027256 0.7034774 0.7037274 0.7034774 0.7027255 0.7014666 0.6996914 0.6973869 0.6945363 0.6911181 0.6871064 0.6824697 0.6771711
0.1262835 0.1332784 0.1408091 0.1489305 0.1577049 0.1672039 0.1775098 0.1887179 0.2009397 0.2143059 0.2289706 0.2451154 0.2629517 0.2827177 0.3046565 0.3289512 0.3555681 0.3839953 0.4130701 0.4413090 0.4675893 0.4914389 0.5128449 0.5319968 0.5491369 0.5645004 0.5782942 0.5906954 0.6018535 0.6118944 0.6209242 0.6290335 0.6362988 0.6427857 0.6485502 0.6536401 0.6580965 0.6619540 0.6652421 0.6679853 0.6702034 0.6719125 0.6731248 0.6738489 0.6740896 0.6738488 0.6731248 0.6719125 0.6702034 0.6679852 0.6652422 0.6619540 0.6580965 0.6536400 0.6485500
0.1231527 0.1298835 0.1371217 0.1449181 0.1533306 0.1624251 0.1722774 0.1829753 0.1946207 0.2073332 0.2212534 0.2365470 0.2534071 0.2720520 0.2927067 0.3155440 0.3405398 0.3672248 0.3945145 0.4210195 0.4456931 0.4681035 0.4882456 0.5062978 0.5224842 0.5370201 0.5500945 0.5618687 0.5724790 0.5820404 0.5906501 0.5983909 0.6053333 0.6115376 0.6170554 0.6219313 0.6262029 0.6299027 0.6330577 0.6356909 0.6378208 0.6394624 0.6406270 0.6413227 0.6415539 0.6413227 0.6406270 0.6394624 0.6378208 0.6356907 0.6330577 0.6299025 0.6262029 0.6219312 0.6170554
0.1199847 0.1264468 0.1333867 0.1408513 0.1488934 0.1575730 0.1669589 0.1771300 0.1881778 0.2002089 0.2133479 0.2277403 0.2435553 0.2609825 0.2802166 0.3014058 0.3245251 0.3491542 0.3743220 0.3987824 0.4215984 0.4423832 0.4611280 0.4779863 0.4931517 0.5068113 0.5191302 0.5302504 0.5402923 0.5493582 0.5575352 0.5648977 0.5715090 0.5774243 0.5826904 0.5873478 0.5914312 0.5949702 0.5979899 0.6005114 0.6025516 0.6041248 0.6052410 0.6059079 0.6061296 0.6059079 0.6052410 0.6041248 0.6025517 0.6005113 0.5979899 0.5949702 0.5914311 0.5873477 0.5826903
0.1167897 0.1229797 0.1296176 0.1367457 0.1444117 0.1526695 0.1615800 0.1712133 0.1816490 0.1929796 0.2053113 0.2187669 0.2334860 0.2496222 0.2673273 0.2867085 0.3077234 0.3300021 0.3527254 0.3748505 0.3955858 0.4145889 0.4318311 0.4474239 0.4615189 0.4742673 0.4858055 0.4962530 0.5057124 0.5142721 0.5220078 0.5289852 0.5352603 0.5408823 0.5458931 0.5503292 0.5542221 0.5575985 0.5604814 0.5628899 0.5648397 0.5663435 0.5674109 0.5680487 0.5682607 0.5680485 0.5674108 0.5663434 0.5648397 0.5628899 0.5604814 0.5575985 0.5542220 0.5503291 0.5458930
0.1135779 0.1194945 0.1258285 0.1326180 0.1399053 0.1477379 0.1561691 0.1652591 0.1750760 0.1856970 0.1972093 0.2097109 0.2233098 0.2381187 0.2542399 0.2717285 0.2905129 0.3102713 0.3303607 0.3499831 0.3685147 0.3856539 0.4013400 0.4156322 0.4286330 0.4404536 0.4511993 0.4609653 0.4698357 0.4778841 0.4851747 0.4917637 0.4977002 0.5030268 0.5077807 0.5119943 0.5156955 0.5189086 0.5216538 0.5239488 0.5258077 0.5272419 0.5282601 0.5288687 0.5290711 0.5288687 0.5282602 0.5272419 0.5258077 0.5239488 0.5216538 0.5189084 0.5156955 0.5119942 0.5077807
0.1103602 0.1160033 0.1220337 0.1284848 0.1353939 0.1428019 0.1507545 0.1593025 0.1685020 0.1784154 0.1891112 0.2006630 0.2131476 0.2266382 0.2411895 0.2568074 0.2733943 0.2906776 0.3081837 0.3253479 0.3417080 0.3570046 0.3711482 0.3841486 0.3960611 0.4069579 0.4169140 0.4260006 0.4342834 0.4418216 0.4486679 0.4548694 0.4604677 0.4654994 0.4699966 0.4739878 0.4774977 0.4805474 0.4831553 0.4853368 0.4871047 0.4884694 0.4894386 0.4900179 0.4902106 0.4900179 0.4894386 0.4884694 0.4871047 0.4853368 0.4831553 0.4805473 0.4774976 0.4739878 0.4699965
0.1071469 0.1125185 0.1182475 0.1243632 0.1308974 0.1378853 0.1453650 0.1533782 0.1619700 0.1711888 0.1810855 0.1917121 0.2031179 0.2153424 0.2284024 0.2422693 0.2568347 0.2718767 0.2870586 0.3019951 0.3163556 0.3299260 0.3426037 0.3543631 0.3652217 0.3752190 0.3844025 0.3928223 0.4005270 0.4075622 0.4139699 0.4197883 0.4250517 0.4297912 0.4340341 0.4378048 0.4411246 0.4440122 0.4464836 0.4485524 0.4502300 0.4515256 0.4524460 0.4529963 0.4531793 0.4529963 0.4524460 0.4515256 0.4502300 0.4485524 0.4464835 0.4440121 0.4411245 0.4378046 0.4340340
0.1039485 0.1090520 0.1144839 0.1202692 0.1264351 0.1330109 0.1400279 0.1475194 0.1555203 0.1640669 0.1731950 0.1829381 0.1933236 0.2043662 0.2160573 0.2283500 0.2411401 0.2542527 0.2674495 0.2804667 0.2930690 0.3050859 0.3164169 0.3270174 0.3368795 0.3460178 0.3544585 0.3622335 0.3693767 0.3759218 0.3819006 0.3873437 0.3922786 0.3967309 0.4007235 0.4042768 0.4074094 0.4101370 0.4124736 0.4144312 0.4160195 0.4172467 0.4181189 0.4186405 0.4188141 0.4186405 0.4181189 0.4172467 0.4160195 0.4144312 0.4124736 0.4101369 0.4074094 0.4042768 0.4007234
0.1007748 0.1056152 0.1107559 0.1162182 0.1220248 0.1281998 0.1347681 0.1417558 0.1491890 0.1570935 0.1654928 0.1744061 0.1838448 0.1938070 0.2042699 0.2151808 0.2264473 0.2379336 0.2494683 0.2608664 0.2719582 0.2826102 0.2927323 0.3022732 0.3112106 0.3195426 0.3272795 0.3344392 0.3410436 0.3471159 0.3526799 0.3577585 0.3623737 0.3665459 0.3702938 0.3736345 0.3765835 0.3791542 0.3813585 0.3832068 0.3847074 0.3858674 0.3866921 0.3871855 0.3873496 0.3871855 0.3866921 0.3858674 0.3847074 0.3832068 0.3813585 0.3791541 0.3765835 0.3736345 0.3702937
