T1-compare/WRECTAN/直立/vz1.grd
DSAA
         200         200
  -15.00000       15.00000    
  -15.00000       15.00000    
  7.1291435E-03  0.9937350    
[rows 120 to 143 of 200, columns 110 to 164 of 200]
0.8801275 0.8707882 0.8603293 0.8486606 0.8356783 0.8212625 0.8052760 0.7875611 0.7679365 0.7461962 0.7221101 0.6954322 0.6659293 0.6334535 0.5981033 0.5604891 0.5219167 0.4840730 0.4483057 0.4152682 0.3850828 0.3576098 0.3326163 0.3098537 0.2890868 0.2701041 0.2527184 0.2367656 0.2221010 0.2085981 0.1961445 0.1846416 0.1740016 0.1641460 0.1550051 0.1465163 0.1386236 0.1312765 0.1244295 0.1180418 0.1120759 0.1064983 0.1012785 9.6388854E-02 9.1803990E-02 8.7500907E-02 8.3458684E-02 7.9658106E-02 7.6081716E-02 7.2713494E-02 6.9538556E-02 6.6543579E-02 6.3716069E-02 6.1044723E-02 5.8518849E-02
0.8723516 0.8631212 0.8527815 0.8412426 0.8284001 0.8141345 0.7983084 0.7807636 0.7613184 0.7397665 0.7158769 0.6894031 0.6601106 0.6278504 0.5927200 0.5553285 0.5169803 0.4793608 0.4438165 0.4109995 0.3810310 0.3537700 0.3289829 0.3064201 0.2858459 0.2670482 0.2498397 0.2340558 0.2195519 0.2062014 0.1938922 0.1825256 0.1720141 0.1622796 0.1532524 0.1448706 0.1370783 0.1298252 0.1230664 0.1167613 0.1108727 0.1053676 0.1002156 9.5389314E-02 9.0863787E-02 8.6616233E-02 8.2625963E-02 7.8874044E-02 7.5343147E-02 7.2017513E-02 6.8882503E-02 6.5924890E-02 6.3132405E-02 6.0493845E-02 5.7998706E-02
0.8638654 0.8547538 0.8445442 0.8331469 0.8204577 0.8063570 0.7907072 0.7733499 0.7541033 0.7327600 0.7090887 0.6828416 0.6537834 0.6217639 0.5868788 0.5497358 0.5116380 0.4742686 0.4389730 0.4064017 0.3766742 0.3496486 0.3250899 0.3027478 0.2823858 0.2637915 0.2467770 0.2311775 0.2168487 0.2036637 0.1915108 0.1802914 0.1699184 0.1603138 0.1514087 0.1431412 0.1354560 0.1283032 0.1216381 0.1154206 0.1096140 0.1041855 9.9105060E-02 9.4345644E-02 8.9882620E-02 8.5693486E-02 8.1757843E-02 7.8056946E-02 7.4573800E-02 7.1292832E-02 6.8199590E-02 6.5281048E-02 6.2525123E-02 5.9920851E-02 5.7457823E-02
0.8546035 0.8456208 0.8355529 0.8243101 0.8117886 0.7978688 0.7824129 0.7652625 0.7462352 0.7251232 0.7016942 0.6756996 0.6469026 0.6151518 0.5805409 0.5436760 0.5058580 0.4687685 0.4337507 0.4014532 0.3719941 0.3452298 0.3209242 0.2988259 0.2786978 0.2603266 0.2435244 0.2281264 0.2139879 0.2009825 0.1889984 0.1779378 0.1677136 0.1582486 0.1494739 0.1413285 0.1337572 0.1267110 0.1201453 0.1140206 0.1083006 0.1029528 9.7947799E-02 9.3258761E-02 8.8861398E-02 8.4733561E-02 8.0855139E-02 7.7207699E-02 7.3774457E-02 7.0540152E-02 6.7490503E-02 6.4612754E-02 6.1895009E-02 5.9326421E-02 5.6896798E-02
0.8444915 0.8356484 0.8257346 0.8146603 0.8023220 0.7886003 0.7733576 0.7564352 0.7376503 0.7167946 0.6936350 0.6679217 0.6394166 0.6079662 0.5736625 0.5371091 0.4996049 0.4628289 0.4281220 0.3961306 0.3669707 0.3404969 0.3164719 0.2946431 0.2747725 0.2566464 0.2400766 0.2248980 0.2109664 0.1981554 0.1863537 0.1754639 0.1653995 0.1560836 0.1474483 0.1394328 0.1319827 0.1250493 0.1185888 0.1125621 0.1069333 0.1016706 9.6744746E-02 9.2129514E-02 8.7800942E-02 8.3737269E-02 7.9918675E-02 7.6327026E-02 7.2945893E-02 6.9760211E-02 6.6755988E-02 6.3920662E-02 6.1242595E-02 5.8711112E-02 5.6316212E-02
0.8334460 0.8247541 0.8150071 0.8041161 0.7919778 0.7784730 0.7634643 0.7467930 0.7282761 0.7077047 0.6848449 0.6594455 0.6312668 0.6001531 0.5661942 0.5299911 0.4928395 0.4564156 0.4220573 0.3904084 0.3615827 0.3354326 0.3117191 0.2901883 0.2706014 0.2527443 0.2364284 0.2214890 0.2077818 0.1951810 0.1835759 0.1728695 0.1629761 0.1538196 0.1453326 0.1374551 0.1301333 0.1233193 0.1169698 0.1110462 0.1055134 0.1003399 9.5497072E-02 9.0959117E-02 8.6702466E-02 8.2705729E-02 7.8949511E-02 7.5416006E-02 7.2089083E-02 6.8953939E-02 6.5996900E-02 6.3205652E-02 6.0568716E-02 5.8075693E-02 5.5716757E-02
0.8213721 0.8128435 0.8032773 0.7925851 0.7806645 0.7673967 0.7526448 0.7362500 0.7180294 0.6977736 0.6752475 0.6501989 0.6223859 0.5916508 0.5580800 0.5222714 0.4855171 0.4494899 0.4155239 0.3842596 0.3558078 0.3300187 0.3066512 0.2854502 0.2661759 0.2486139 0.2325756 0.2178962 0.2044322 0.1920583 0.1806646 0.1701548 0.1604442 0.1514574 0.1431280 0.1353967 0.1282106 0.1215224 0.1152896 0.1094745 0.1040422 9.8962180E-02 9.4206132E-02 8.9748785E-02 8.5567124E-02 8.1640095E-02 7.7948734E-02 7.4475639E-02 7.1204953E-02 6.8122268E-02 6.5214120E-02 6.2468488E-02 5.9874177E-02 5.7420906E-02 5.5099152E-02
0.8081626 0.7998097 0.7904387 0.7799621 0.7682782 0.7552691 0.7407984 0.7247078 0.7068146 0.6869090 0.6647550 0.6400990 0.6126969 0.5823882 0.5492558 0.5138934 0.4775887 0.4420097 0.4084863 0.3776549 0.3496226 0.3242368 0.3012542 0.2804182 0.2614884 0.2442500 0.2285144 0.2141176 0.2009167 0.1887873 0.1776204 0.1673209 0.1578051 0.1489987 0.1408361 0.1332593 0.1262162 0.1196604 0.1135503 0.1078486 0.1025216 9.7539037E-02 9.2873424E-02 8.8500030E-02 8.4396303E-02 8.0541670E-02 7.6917648E-02 7.3507115E-02 7.0294686E-02 6.7266263E-02 6.4408623E-02 6.1710153E-02 5.9159756E-02 5.6747556E-02 5.4464128E-02
0.7936954 0.7855310 0.7763700 0.7661263 0.7546991 0.7419717 0.7278088 0.7120528 0.6945212 0.6750043 0.6532656 0.6290497 0.6021103 0.5722835 0.5396479 0.5047920 0.4689981 0.4339279 0.4009059 0.3705631 0.3430026 0.3180681 0.2955141 0.2750825 0.2565322 0.2396482 0.2242427 0.2101524 0.1972355 0.1853688 0.1744448 0.1643696 0.1550608 0.1464454 0.1384593 0.1310453 0.1241525 0.1177355 0.1117536 0.1061705 0.1009532 9.6072212E-02 9.1500677E-02 8.7214410E-02 8.3191484E-02 7.9411879E-02 7.5857453E-02 7.2511666E-02 6.9359399E-02 6.6386938E-02 6.3581467E-02 6.0931530E-02 5.8426421E-02 5.6056470E-02 5.3812470E-02
0.7778310 0.7698683 0.7609330 0.7509399 0.7397905 0.7273693 0.7135423 0.6981534 0.6810210 0.6619357 0.6406606 0.6169391 0.5905222 0.5612418 0.5291716 0.4948936 0.4596824 0.4251924 0.3927408 0.3629519 0.3359233 0.3114950 0.2894186 0.2694349 0.2513023 0.2348063 0.2197599 0.2060013 0.1933902 0.1818052 0.1711404 0.1613037 0.1522143 0.1438008 0.1360004 0.1287573 0.1220220 0.1157502 0.1099022 0.1044426 9.9339381E-02 9.4563819E-02 9.0089738E-02 8.5893728E-02 8.1954412E-02 7.8252256E-02 7.4769713E-02 7.1490638E-02 6.8400376E-02 6.5485545E-02 6.2733710E-02 6.0133718E-02 5.7675134E-02 5.5348549E-02 5.3145036E-02
0.7604106 0.7526630 0.7439688 0.7342450 0.7233949 0.7113053 0.6978441 0.6828575 0.6661651 0.6475586 0.6268016 0.6036360 0.5778104 0.5491524 0.5177288 0.4841133 0.4495711 0.4157464 0.3839465 0.3547876 0.3283606 0.3045008 0.2829573 0.2634696 0.2457962 0.2297239 0.2150674 0.2016668 0.1893841 0.1781001 0.1677111 0.1581272 0.1492694 0.1410684 0.1334630 0.1263989 0.1198281 0.1137076 0.1079988 0.1026675 9.7682558E-02 9.3016110E-02 8.8642836E-02 8.4539980E-02 8.0686867E-02 7.7064544E-02 7.3655978E-02 7.0445530E-02 6.7418985E-02 6.4563341E-02 6.1866537E-02 5.9317749E-02 5.6906894E-02 5.4624747E-02 5.2462719E-02
0.7412525 0.7337330 0.7252955 0.7158596 0.7053310 0.6935993 0.6805354 0.6659880 0.6497795 0.6317039 0.6115254 0.5889860 0.5638317 0.5358849 0.5052046 0.4723536 0.4385841 0.4055269 0.3744761 0.3460370 0.3202922 0.2970720 0.2761228 0.2571837 0.2400144 0.2244038 0.2101693 0.1971537 0.1852223 0.1742587 0.1641621 0.1548451 0.1462311 0.1382529 0.1308514 0.1239741 0.1175745 0.1116111 0.1060467 0.1008482 9.5985413E-02 9.1431610E-02 8.7162234E-02 8.3155304E-02 7.9390831E-02 7.5850531E-02 7.2517931E-02 6.9377884E-02 6.6416636E-02 6.3621633E-02 6.0981173E-02 5.8484819E-02 5.6122735E-02 5.3886041E-02 5.1766366E-02
0.7201501 0.7128715 0.7047062 0.6955766 0.6853915 0.6740443 0.6614096 0.6473402 0.6316625 0.6141738 0.5946410 0.5728071 0.5484165 0.5212861 0.4914652 0.4595025 0.4266324 0.3944667 0.3642818 0.3366685 0.3116993 0.2891991 0.2689123 0.2505790 0.2339615 0.2188521 0.2050724 0.1924695 0.1809123 0.1702883 0.1605002 0.1514638 0.1431052 0.1353598 0.1281707 0.1214875 0.1152655 0.1094647 0.1040494 9.8987870E-02 9.4250992E-02 8.9813031E-02 8.5650414E-02 8.1741974E-02 7.8068435E-02 7.4612178E-02 7.1357347E-02 6.8289340E-02 6.5394863E-02 6.2661834E-02 6.0078956E-02 5.7636082E-02 5.5323787E-02 5.3133477E-02 5.1057026E-02
0.6968720 0.6898465 0.6819680 0.6731624 0.6633425 0.6524063 0.6402330 0.6266812 0.6115828 0.5947407 0.5759269 0.5548875 0.5313667 0.5051767 0.4763555 0.4454326 0.4136180 0.3824961 0.3533183 0.3266561 0.3025703 0.2808801 0.2613301 0.2436634 0.2276472 0.2130795 0.1997877 0.1876244 0.1764638 0.1661981 0.1567340 0.1479911 0.1398989 0.1323955 0.1254267 0.1189444 0.1129058 0.1072727 0.1020110 9.7090177E-02 9.2482589E-02 8.8163435E-02 8.4110156E-02 8.0302507E-02 7.6721936E-02 7.3351584E-02 7.0176154E-02 6.7181669E-02 6.4355299E-02 6.1685447E-02 5.9161205E-02 5.6772843E-02 5.4511242E-02 5.2368104E-02 5.0335620E-02
0.6711670 0.6644058 0.6568277 0.6483628 0.6389287 0.6284284 0.6167482 0.6037530 0.5892830 0.5731496 0.5551325 0.5349851 0.5124549 0.4873513 0.4596991 0.4300031 0.3994378 0.3695475 0.3415477 0.3159841 0.2929040 0.2721232 0.2533893 0.2364522 0.2210875 0.2071015 0.1943297 0.1826321 0.1718892 0.1619991 0.1528734 0.1444360 0.1366201 0.1293673 0.1226260 0.1163507 0.1105007 0.1050398 9.9935532E-02 9.5158935E-02 9.0683579E-02 8.6485885E-02 8.2544304E-02 7.8839481E-02 7.5353727E-02 7.2070874E-02 6.8976320E-02 6.6056639E-02 6.3299574E-02 6.0693953E-02 5.8229338E-02 5.5896353E-02 5.3686243E-02 5.1591020E-02 4.9603175E-02
0.6427856 0.6362988 0.6290333 0.6209241 0.6118942 0.6018533 0.5906951 0.5782939 0.5645000 0.5491365 0.5319963 0.5128444 0.4914384 0.4675888 0.4413083 0.4130694 0.3839945 0.3555675 0.3289506 0.3046559 0.2827172 0.2629513 0.2451150 0.2289703 0.2143057 0.2009394 0.1887177 0.1775096 0.1672037 0.1577048 0.1489303 0.1408089 0.1332783 0.1262834 0.1197758 0.1137128 0.1080560 0.1027712 9.7827807E-02 9.3198344E-02 8.8857785E-02 8.4783800E-02 8.0955900E-02 7.7355660E-02 7.3966272E-02 7.0772342E-02 6.7759924E-02 6.4916164E-02 6.2229425E-02 5.9688959E-02 5.7284787E-02 5.5007935E-02 5.2850019E-02 5.0803378E-02 4.8860759E-02
0.6115375 0.6053332 0.5983908 0.5906500 0.5820403 0.5724789 0.5618684 0.5500942 0.5370198 0.5224839 0.5062973 0.4882451 0.4681030 0.4456926 0.4210187 0.3945138 0.3672241 0.3405392 0.3155434 0.2927062 0.2720516 0.2534067 0.2365466 0.2212531 0.2073329 0.1946205 0.1829751 0.1722773 0.1624249 0.1533305 0.1449180 0.1371216 0.1298835 0.1231526 0.1168840 0.1110377 0.1055778 0.1004724 9.5692627E-02 9.1212742E-02 8.7009117E-02 8.3060689E-02 7.9348102E-02 7.5853914E-02 7.2562203E-02 6.9458321E-02 6.6529058E-02 6.3762210E-02 6.1146606E-02 5.8672071E-02 5.6329049E-02 5.4108988E-02 5.2003849E-02 5.0006293E-02 4.8109401E-02
0.5774242 0.5715090 0.5648974 0.5575351 0.5493581 0.5402922 0.5302501 0.5191299 0.5068108 0.4931513 0.4779858 0.4611276 0.4423826 0.4215979 0.3987818 0.3743214 0.3491535 0.3245246 0.3014053 0.2802160 0.2609821 0.2435549 0.2277400 0.2133476 0.2002087 0.1881776 0.1771298 0.1669587 0.1575728 0.1488933 0.1408512 0.1333866 0.1264467 0.1199846 0.1139590 0.1083327 0.1030727 9.8149121E-02 9.3535140E-02 8.9206658E-02 8.5141614E-02 8.1320189E-02 7.7724181E-02 7.4337162E-02 7.1144134E-02 6.8131246E-02 6.5285958E-02 6.2596709E-02 6.0052935E-02 5.7644952E-02 5.5363629E-02 5.3200845E-02 5.1148951E-02 4.9200941E-02 4.7350179E-02
0.5408823 0.5352603 0.5289851 0.5220078 0.5142720 0.5057123 0.4962528 0.4858053 0.4742670 0.4615186 0.4474235 0.4318307 0.4145884 0.3955854 0.3748499 0.3527249 0.3300016 0.3077229 0.2867081 0.2673269 0.2496217 0.2334857 0.2187665 0.2053110 0.1929793 0.1816488 0.1712131 0.1615799 0.1526693 0.1444116 0.1367456 0.1296174 0.1229796 0.1167895 0.1110095 0.1056056 0.1005474 9.5807336E-02 9.1360599E-02 8.7184839E-02 8.3259463E-02 7.9566039E-02 7.6087512E-02 7.2808489E-02 6.9714822E-02 6.6793554E-02 6.4032830E-02 6.1421745E-02 5.8950264E-02 5.6609254E-02 5.4390080E-02 5.2284982E-02 5.0286669E-02 4.8388515E-02 4.6584204E-02
0.5030268 0.4977002 0.4917637 0.4851746 0.4778840 0.4698356 0.4609651 0.4511991 0.4404533 0.4286327 0.4156318 0.4013397 0.3856535 0.3685143 0.3499826 0.3303602 0.3102708 0.2905124 0.2717281 0.2542394 0.2381183 0.2233095 0.2097106 0.1972090 0.1856968 0.1750758 0.1652589 0.1561689 0.1477377 0.1399052 0.1326178 0.1258283 0.1194944 0.1135779 0.1080447 0.1028643 9.8008856E-02 9.3453169E-02 8.9174442E-02 8.5152060E-02 8.1366986E-02 7.7802077E-02 7.4441500E-02 7.1270920E-02 6.8277054E-02 6.5447770E-02 6.2771954E-02 6.0239326E-02 5.7840489E-02 5.5566724E-02 5.3409915E-02 5.1362749E-02 4.9418293E-02 4.7570221E-02 4.5812547E-02
0.4654993 0.4604677 0.4548694 0.4486679 0.4418215 0.4342833 0.4260004 0.4169137 0.4069577 0.3960608 0.3841483 0.3711479 0.3570042 0.3417076 0.3253475 0.3081833 0.2906772 0.2733939 0.2568070 0.2411891 0.2266379 0.2131474 0.2006627 0.1891109 0.1784152 0.1685018 0.1593023 0.1507543 0.1428017 0.1353938 0.1284847 0.1220336 0.1160032 0.1103601 0.1050738 0.1001168 9.5464051E-02 9.1092758E-02 8.6982064E-02 8.3113097E-02 7.9468377E-02 7.6032095E-02 7.2789565E-02 6.9727466E-02 6.6833526E-02 6.4096332E-02 6.1505534E-02 5.9051499E-02 5.6725375E-02 5.4519009E-02 5.2424707E-02 5.0435580E-02 4.8545074E-02 4.6747196E-02 4.5036267E-02
0.4297912 0.4250516 0.4197882 0.4139698 0.4075622 0.4005269 0.3928221 0.3844023 0.3752187 0.3652215 0.3543628 0.3426034 0.3299257 0.3163553 0.3019947 0.2870582 0.2718763 0.2568344 0.2422690 0.2284021 0.2153421 0.2031177 0.1917119 0.1810853 0.1711886 0.1619698 0.1533780 0.1453649 0.1378852 0.1308973 0.1243630 0.1182474 0.1125184 0.1071468 0.1021058 9.7371057E-02 9.2920028E-02 8.8732287E-02 8.4788933E-02 8.1072845E-02 7.7567995E-02 7.4259929E-02 7.1135141E-02 6.8181306E-02 6.5387048E-02 6.2741794E-02 6.0235877E-02 5.7860341E-02 5.5606864E-02 5.3467844E-02 5.1436003E-02 4.9504902E-02 4.7668330E-02 4.5920692E-02 4.4256549E-02
0.3967309 0.3922786 0.3873436 0.3819006 0.3759217 0.3693767 0.3622334 0.3544583 0.3460176 0.3368793 0.3270171 0.3164167 0.3050856 0.2930687 0.2804663 0.2674492 0.2542524 0.2411398 0.2283497 0.2160570 0.2043659 0.1933234 0.1829378 0.1731948 0.1640667 0.1555202 0.1475192 0.1400278 0.1330108 0.1264351 0.1202691 0.1144838 0.1090520 0.1039484 9.9149890E-02 9.4634935E-02 9.0383664E-02 8.6377807E-02 8.2600415E-02 7.9035990E-02 7.5670049E-02 7.2489381E-02 6.9481604E-02 6.6635422E-02 6.3940346E-02 6.1386619E-02 5.8965225E-02 5.6667868E-02 5.4486793E-02 5.2414861E-02 5.0445329E-02 4.8572104E-02 4.6789378E-02 4.5091845E-02 4.3474399E-02
0.3665458 0.3623736 0.3577584 0.3526798 0.3471158 0.3410435 0.3344391 0.3272794 0.3195424 0.3112105 0.3022730 0.2927321 0.2826100 0.2719580 0.2608661 0.2494680 0.2379334 0.2264471 0.2151805 0.2042696 0.1938067 0.1838446 0.1744058 0.1654926 0.1570933 0.1491889 0.1417556 0.1347680 0.1281996 0.1220248 0.1162181 0.1107558 0.1056151 0.1007747 9.6214481E-02 9.1915913E-02 8.7861516E-02 8.4035099E-02 8.0421612E-02 7.7007137E-02 7.3778600E-02 7.0724040E-02 6.7832224E-02 6.5092772E-02 6.2496085E-02 6.0033150E-02 5.7695713E-02 5.5476021E-02 5.3366907E-02 5.1361736E-02 4.9454186E-02 4.7638573E-02 4.5909435E-02 4.4261809E-02 4.2690929E-02
