T1-compare/WRECTAN/直立/vz1.grd
DSAA
         200         200
  -15.00000       15.00000    
  -15.00000       15.00000    
  7.1291435E-03  0.9937350    
[rows 24 to 47 of 200, columns 110 to 164 of 200]
5.8392726E-02 5.7977702E-02 5.7530511E-02 5.7052143E-02 5.6543656E-02 5.6006160E-02 5.5440888E-02 5.4849118E-02 5.4232173E-02 5.3591475E-02 5.2928451E-02 5.2244630E-02 5.1541537E-02 5.0820760E-02 5.0083891E-02 4.9332563E-02 4.8568409E-02 4.7793053E-02 4.7008120E-02 4.6215203E-02 4.5415901E-02 4.4611737E-02 4.3804217E-02 4.2994816E-02 4.2184900E-02 4.1375834E-02 4.0568877E-02 3.9765235E-02 3.8966037E-02 3.8172357E-02 3.7385147E-02 3.6605328E-02 3.5833746E-02 3.5071135E-02 3.4318179E-02 3.3575494E-02 3.2843608E-02 3.2122999E-02 3.1414077E-02 3.0717198E-02 3.0032633E-02 2.9360641E-02 2.8701395E-02 2.8055036E-02 2.7421666E-02 2.6801342E-02 2.6194077E-02 2.5599863E-02 2.5018657E-02 2.4450393E-02 2.3894971E-02 2.3352275E-02 2.2822173E-02 2.2304514E-02 2.1799114E-02
6.1118651E-02 6.0673714E-02 6.0194299E-02 5.9681445E-02 5.9136324E-02 5.8560137E-02 5.7954203E-02 5.7319917E-02 5.6658711E-02 5.5972140E-02 5.5261768E-02 5.4529238E-02 5.3776246E-02 5.3004518E-02 5.2215789E-02 5.1411852E-02 5.0594486E-02 4.9765486E-02 4.8926614E-02 4.8079621E-02 4.7226246E-02 4.6368163E-02 4.5506995E-02 4.4644356E-02 4.3781735E-02 4.2920597E-02 4.2062301E-02 4.1208170E-02 4.0359393E-02 3.9517116E-02 3.8682356E-02 3.7856109E-02 3.7039239E-02 3.6232531E-02 3.5436697E-02 3.4652367E-02 3.3880092E-02 3.3120357E-02 3.2373551E-02 3.1640053E-02 3.0920113E-02 3.0213973E-02 2.9521789E-02 2.8843693E-02 2.8179748E-02 2.7529992E-02 2.6894413E-02 2.6272969E-02 2.5665591E-02 2.5072183E-02 2.4492607E-02 2.3926720E-02 2.3374356E-02 2.2835333E-02 2.2309434E-02
6.4015552E-02 6.3538238E-02 6.3023917E-02 6.2473733E-02 6.1888926E-02 6.1270807E-02 6.0620803E-02 5.9940424E-02 5.9231244E-02 5.8494925E-02 5.7733219E-02 5.6947891E-02 5.6140795E-02 5.5313829E-02 5.4468889E-02 5.3607959E-02 5.2732967E-02 5.1845878E-02 5.0948635E-02 5.0043155E-02 4.9131338E-02 4.8215009E-02 4.7295947E-02 4.6375901E-02 4.5456499E-02 4.4539310E-02 4.3625832E-02 4.2717464E-02 4.1815493E-02 4.0921148E-02 4.0035509E-02 3.9159626E-02 3.8294408E-02 3.7440680E-02 3.6599182E-02 3.5770565E-02 3.4955382E-02 3.4154132E-02 3.3367198E-02 3.2594949E-02 3.1837627E-02 3.1095440E-02 3.0368544E-02 2.9657027E-02 2.8960938E-02 2.8280271E-02 2.7614992E-02 2.6965015E-02 2.6330249E-02 2.5710551E-02 2.5105748E-02 2.4515670E-02 2.3940103E-02 2.3378836E-02 2.2831615E-02
6.7096762E-02 6.6584393E-02 6.6032276E-02 6.5441631E-02 6.4813800E-02 6.4150222E-02 6.3452430E-02 6.2722050E-02 6.1960816E-02 6.1170533E-02 6.0353093E-02 5.9510462E-02 5.8644652E-02 5.7757750E-02 5.6851834E-02 5.5929061E-02 5.4991581E-02 5.4041535E-02 5.3081069E-02 5.2112266E-02 5.1137213E-02 5.0157916E-02 4.9176317E-02 4.8194315E-02 4.7213685E-02 4.6236135E-02 4.5263279E-02 4.4296619E-02 4.3337543E-02 4.2387370E-02 4.1447248E-02 4.0518273E-02 3.9601423E-02 3.8697544E-02 3.7807398E-02 3.6931667E-02 3.6070909E-02 3.5225611E-02 3.4396164E-02 3.3582907E-02 3.2786075E-02 3.2005858E-02 3.1242367E-02 3.0495675E-02 2.9765783E-02 2.9052660E-02 2.8356222E-02 2.7676364E-02 2.7012933E-02 2.6365759E-02 2.5734622E-02 2.5119308E-02 2.4519576E-02 2.3935160E-02 2.3365771E-02
7.0376806E-02 6.9826454E-02 6.9233358E-02 6.8598859E-02 6.7924380E-02 6.7211471E-02 6.6461802E-02 6.5677144E-02 6.4859383E-02 6.4010479E-02 6.3132517E-02 6.2227637E-02 6.1298043E-02 6.0346019E-02 5.9373885E-02 5.8383975E-02 5.7378676E-02 5.6360330E-02 5.5331293E-02 5.4293856E-02 5.3250331E-02 5.2202888E-02 5.1153667E-02 5.0104741E-02 4.9058039E-02 4.8015423E-02 4.6978626E-02 4.5949277E-02 4.4928871E-02 4.3918803E-02 4.2920303E-02 4.1934531E-02 4.0962514E-02 4.0005114E-02 3.9063144E-02 3.8137276E-02 3.7228089E-02 3.6336057E-02 3.5461556E-02 3.4604911E-02 3.3766333E-02 3.2945979E-02 3.2143924E-02 3.1360205E-02 3.0594787E-02 2.9847585E-02 2.9118486E-02 2.8407324E-02 2.7713915E-02 2.7038034E-02 2.6379414E-02 2.5737794E-02 2.5112892E-02 2.4504395E-02 2.3911970E-02
7.3871583E-02 7.3280059E-02 7.2642542E-02 7.1960457E-02 7.1235351E-02 7.0468895E-02 6.9662876E-02 6.8819247E-02 6.7940049E-02 6.7027435E-02 6.6083662E-02 6.5111086E-02 6.4112134E-02 6.3089311E-02 6.2045168E-02 6.0982291E-02 5.9903286E-02 5.8810756E-02 5.7707280E-02 5.6595404E-02 5.5477630E-02 5.4356378E-02 5.3233977E-02 5.2112680E-02 5.0994623E-02 4.9881801E-02 4.8776109E-02 4.7679290E-02 4.6592962E-02 4.5518611E-02 4.4457536E-02 4.3410975E-02 4.2379975E-02 4.1365467E-02 4.0368255E-02 3.9389044E-02 3.8428389E-02 3.7486762E-02 3.6564525E-02 3.5661977E-02 3.4779292E-02 3.3916585E-02 3.3073895E-02 3.2251213E-02 3.1448454E-02 3.0665493E-02 2.9902156E-02 2.9158231E-02 2.8433470E-02 2.7727602E-02 2.7040310E-02 2.6371287E-02 2.5720185E-02 2.5086649E-02 2.4470296E-02
7.7598497E-02 7.6962337E-02 7.6276638E-02 7.5542912E-02 7.4762821E-02 7.3938183E-02 7.3070943E-02 7.2163202E-02 7.1217172E-02 7.0235215E-02 6.9219835E-02 6.8173572E-02 6.7099124E-02 6.5999232E-02 6.4876720E-02 6.3734435E-02 6.2575258E-02 6.1402064E-02 6.0217686E-02 5.9024945E-02 5.7826601E-02 5.6625303E-02 5.5423621E-02 5.4224029E-02 5.3028818E-02 5.1840197E-02 5.0660208E-02 4.9490735E-02 4.8333503E-02 4.7190111E-02 4.6061944E-02 4.4950273E-02 4.3856226E-02 4.2780738E-02 4.1724645E-02 4.0688649E-02 3.9673295E-02 3.8679048E-02 3.7706230E-02 3.6755115E-02 3.5825815E-02 3.4918435E-02 3.4032941E-02 3.3169266E-02 3.2327291E-02 3.1506803E-02 3.0707590E-02 2.9929366E-02 2.9171841E-02 2.8434675E-02 2.7717486E-02 2.7019914E-02 2.6341548E-02 2.5681989E-02 2.5040794E-02
8.1576534E-02 8.0891974E-02 8.0153964E-02 7.9364173E-02 7.8524366E-02 7.7636473E-02 7.6702632E-02 7.5725116E-02 7.4706346E-02 7.3648892E-02 7.2555490E-02 7.1428955E-02 7.0272222E-02 6.9088362E-02 6.7880444E-02 6.6651657E-02 6.5405153E-02 6.4144149E-02 6.2871754E-02 6.1591089E-02 6.0305204E-02 5.9017029E-02 5.7729363E-02 5.6444939E-02 5.5166267E-02 5.3895734E-02 5.2635562E-02 5.1387791E-02 5.0154272E-02 4.8936695E-02 4.7736526E-02 4.6555120E-02 4.5393635E-02 4.4253033E-02 4.3134164E-02 4.2037722E-02 4.0964238E-02 3.9914150E-02 3.8887750E-02 3.7885249E-02 3.6906730E-02 3.5952225E-02 3.5021648E-02 3.4114871E-02 3.3231694E-02 3.2371856E-02 3.1535067E-02 3.0720973E-02 2.9929213E-02 2.9159382E-02 2.8411038E-02 2.7683740E-02 2.6977036E-02 2.6290445E-02 2.5623472E-02
8.5826851E-02 8.5089765E-02 8.4295005E-02 8.3444282E-02 8.2539544E-02 8.1582867E-02 8.0576532E-02 7.9523042E-02 7.8425005E-02 7.7285253E-02 7.6106757E-02 7.4892648E-02 7.3646158E-02 7.2370656E-02 7.1069576E-02 6.9746405E-02 6.8404697E-02 6.7047961E-02 6.5679684E-02 6.4303294E-02 6.2922180E-02 6.1539579E-02 6.0158573E-02 5.8782157E-02 5.7413083E-02 5.6053966E-02 5.4707192E-02 5.3374983E-02 5.2059308E-02 5.0761972E-02 4.9484529E-02 4.8228391E-02 4.6994749E-02 4.5784608E-02 4.4598792E-02 4.3438002E-02 4.2302739E-02 4.1193400E-02 4.0110223E-02 3.9053380E-02 3.8022880E-02 3.7018687E-02 3.6040645E-02 3.5088550E-02 3.4162119E-02 3.3261031E-02 3.2384899E-02 3.1533301E-02 3.0705785E-02 2.9901894E-02 2.9121084E-02 2.8362868E-02 2.7626704E-02 2.6912048E-02 2.6218340E-02
9.0372257E-02 8.9578189E-02 8.8721767E-02 8.7804861E-02 8.6829506E-02 8.5797951E-02 8.4712677E-02 8.3576359E-02 8.2391888E-02 8.1162319E-02 7.9890959E-02 7.8581214E-02 7.7236697E-02 7.5861089E-02 7.4458227E-02 7.3031999E-02 7.1586318E-02 7.0125103E-02 6.8652220E-02 6.7171514E-02 6.5686688E-02 6.4201355E-02 6.2718920E-02 6.1242644E-02 5.9775591E-02 5.8320563E-02 5.6880195E-02 5.5456843E-02 5.4052655E-02 5.2669529E-02 5.1309105E-02 4.9972862E-02 4.8662014E-02 4.7377579E-02 4.6120390E-02 4.4891100E-02 4.3690182E-02 4.2517979E-02 4.1374680E-02 4.0260367E-02 3.9174993E-02 3.8118422E-02 3.7090424E-02 3.6090706E-02 3.5118904E-02 3.4174580E-02 3.3257276E-02 3.2366481E-02 3.1501662E-02 3.0662265E-02 2.9847665E-02 2.9057292E-02 2.8290531E-02 2.7546765E-02 2.6825355E-02
9.5238157E-02 9.4382226E-02 9.3458839E-02 9.2469953E-02 9.1417767E-02 9.0304680E-02 8.9133359E-02 8.7906718E-02 8.6627886E-02 8.5300244E-02 8.3927393E-02 8.2513116E-02 8.1061363E-02 7.9576284E-02 7.8062102E-02 7.6523148E-02 7.4963786E-02 7.3388383E-02 7.1801260E-02 7.0206679E-02 6.8608776E-02 6.7011528E-02 6.5418713E-02 6.3833959E-02 6.2260557E-02 6.0701635E-02 5.9160020E-02 5.7638261E-02 5.6138642E-02 5.4663200E-02 5.3213637E-02 5.1791497E-02 5.0398014E-02 4.9034201E-02 4.7700889E-02 4.6398684E-02 4.5128003E-02 4.3889128E-02 4.2682156E-02 4.1507106E-02 4.0363811E-02 3.9252065E-02 3.8171511E-02 3.7121773E-02 3.6102369E-02 3.5112776E-02 3.4152415E-02 3.3220693E-02 3.2316960E-02 3.1440567E-02 3.0590819E-02 2.9767033E-02 2.8968513E-02 2.8194562E-02 2.7444456E-02
0.1004523 9.9529244E-02 9.8533094E-02 9.7465947E-02 9.6330121E-02 9.5128186E-02 9.3863025E-02 9.2537791E-02 9.1155887E-02 8.9721024E-02 8.8237152E-02 8.6708441E-02 8.5139297E-02 8.3534323E-02 8.1898198E-02 8.0235787E-02 7.8551956E-02 7.6851584E-02 7.5139508E-02 7.3420472E-02 7.1699098E-02 6.9979794E-02 6.8266757E-02 6.6563979E-02 6.4875096E-02 6.3203506E-02 6.1552286E-02 5.9924189E-02 5.8321640E-02 5.6746803E-02 5.5201460E-02 5.3687181E-02 5.2205253E-02 5.0756656E-02 4.9342159E-02 4.7962345E-02 4.6617556E-02 4.5307975E-02 4.4033609E-02 4.2794369E-02 4.1589990E-02 4.0420122E-02 3.9284319E-02 3.8182072E-02 3.7112780E-02 3.6075797E-02 3.5070442E-02 3.4095991E-02 3.3151705E-02 3.2236814E-02 3.1350508E-02 3.0492032E-02 2.9660571E-02 2.8855346E-02 2.8075548E-02
0.1060457 0.1050498 0.1039746 0.1028223 0.1015954 0.1002966 9.8929010E-02 9.7496070E-02 9.6001461E-02 9.4449244E-02 9.2843771E-02 9.1189660E-02 8.9491807E-02 8.7755300E-02 8.5985430E-02 8.4187597E-02 8.2367264E-02 8.0529906E-02 7.8680947E-02 7.6825693E-02 7.4969299E-02 7.3116697E-02 7.1272545E-02 6.9441229E-02 6.7626789E-02 6.5832920E-02 6.4062946E-02 6.2319852E-02 6.0606223E-02 5.8924329E-02 5.7276029E-02 5.5662937E-02 5.4086298E-02 5.2547101E-02 5.1046055E-02 4.9583659E-02 4.8160154E-02 4.6775620E-02 4.5429945E-02 4.4122912E-02 4.2854112E-02 4.1623086E-02 4.0429220E-02 3.9271880E-02 3.8150329E-02 3.7063785E-02 3.6011443E-02 3.4992438E-02 3.4005903E-02 3.3050958E-02 3.2126684E-02 3.1232201E-02 3.0366603E-02 2.9529005E-02 2.8718494E-02
0.1120520 0.1109770 0.1098159 0.1085709 0.1072448 0.1058404 0.1043610 0.1028103 0.1011924 9.9511594E-02 9.7772792E-02 9.5981084E-02 9.4141901E-02 9.2260957E-02 9.0344146E-02 8.8397540E-02 8.6427294E-02 8.4439553E-02 8.2440406E-02 8.0435842E-02 7.8431636E-02 7.6433256E-02 7.4445926E-02 7.2474502E-02 7.0523404E-02 6.8596698E-02 6.6697985E-02 6.4830482E-02 6.2996916E-02 6.1199680E-02 5.9440687E-02 5.7721566E-02 5.6043565E-02 5.4407582E-02 5.2814286E-02 5.1264029E-02 4.9756952E-02 4.8292998E-02 4.6871915E-02 4.5493320E-02 4.4156644E-02 4.2861275E-02 4.1606449E-02 4.0391352E-02 3.9215107E-02 3.8076770E-02 3.6975380E-02 3.5909940E-02 3.4879446E-02 3.3882882E-02 3.2919198E-02 3.1987391E-02 3.1086445E-02 3.0215356E-02 2.9373117E-02
0.1185090 0.1173481 0.1160936 0.1147479 0.1133137 0.1117940 0.1101925 0.1085129 0.1067599 0.1049381 0.1030530 0.1011101 9.9115483E-02 9.7075641E-02 9.4997130E-02 9.2886820E-02 9.0751633E-02 8.8598505E-02 8.6434335E-02 8.4265828E-02 8.2099497E-02 7.9941489E-02 7.7797607E-02 7.5673230E-02 7.3573269E-02 7.1502142E-02 6.9463752E-02 6.7461550E-02 6.5498427E-02 6.3576877E-02 6.1698873E-02 5.9866004E-02 5.8079500E-02 5.6340154E-02 5.4648522E-02 5.3004846E-02 5.1409088E-02 4.9861021E-02 4.8360229E-02 4.6906136E-02 4.5498006E-02 4.4135012E-02 4.2816207E-02 4.1540615E-02 4.0307164E-02 3.9114740E-02 3.7962217E-02 3.6848433E-02 3.5772234E-02 3.4732442E-02 3.3727884E-02 3.2757420E-02 3.1819899E-02 3.0914206E-02 3.0039214E-02
0.1254583 0.1242043 0.1228484 0.1213930 0.1198410 0.1181955 0.1164604 0.1146398 0.1127386 0.1107621 0.1087160 0.1066068 0.1044411 0.1022262 9.9969417E-02 9.7678639E-02 9.5361643E-02 9.3026310E-02 9.0680443E-02 8.8331632E-02 8.5987233E-02 8.3654143E-02 8.1338853E-02 7.9047345E-02 7.6785028E-02 7.4556731E-02 7.2366700E-02 7.0218600E-02 6.8115480E-02 6.6059932E-02 6.4053923E-02 6.2099040E-02 6.0196396E-02 5.8346700E-02 5.6550320E-02 5.4807328E-02 5.3117517E-02 5.1480442E-02 4.9895458E-02 4.8361789E-02 4.6878465E-02 4.5444459E-02 4.4058591E-02 4.2719681E-02 4.1426457E-02 4.0177610E-02 3.8971823E-02 3.7807748E-02 3.6684062E-02 3.5599440E-02 3.4552533E-02 3.3542059E-02 3.2566737E-02 3.1625312E-02 3.0716542E-02
0.1329461 0.1315911 0.1301251 0.1285504 0.1268700 0.1250872 0.1232060 0.1212309 0.1191672 0.1170205 0.1147974 0.1125048 0.1101504 0.1077422 0.1052886 0.1027985 0.1002807 9.7744241E-02 9.5197976E-02 9.2650518E-02 9.0110190E-02 8.7584771E-02 8.5081533E-02 8.2607165E-02 8.0167606E-02 7.7768140E-02 7.5413354E-02 7.3107146E-02 7.0852712E-02 6.8652697E-02 6.6509053E-02 6.4423285E-02 6.2396392E-02 6.0428903E-02 5.8520999E-02 5.6672528E-02 5.4883026E-02 5.3151820E-02 5.1477984E-02 4.9860504E-02 4.8298143E-02 4.6789616E-02 4.5333516E-02 4.3928407E-02 4.2572796E-02 4.1265141E-02 4.0003918E-02 3.8787596E-02 3.7614640E-02 3.6483556E-02 3.5392817E-02 3.4340993E-02 3.3326633E-02 3.2348361E-02 3.1404786E-02
0.1410240 0.1395596 0.1379740 0.1362695 0.1344492 0.1325164 0.1304754 0.1283310 0.1260886 0.1237548 0.1213366 0.1188417 0.1162788 0.1136568 0.1109854 0.1082746 0.1055346 0.1027757 0.1000079 9.7241148E-02 9.4484843E-02 9.1747835E-02 8.9038245E-02 8.6363539E-02 8.3730273E-02 8.1144243E-02 7.8610338E-02 7.6132730E-02 7.3714711E-02 7.1358941E-02 6.9067307E-02 6.6841207E-02 6.4681441E-02 6.2588304E-02 6.0561739E-02 5.8601301E-02 5.6706227E-02 5.4875553E-02 5.3108040E-02 5.1402386E-02 4.9757034E-02 4.8170414E-02 4.6640832E-02 4.5166589E-02 4.3745916E-02 4.2377051E-02 4.1058216E-02 3.9787650E-02 3.8563624E-02 3.7384443E-02 3.6248393E-02 3.5153866E-02 3.4099247E-02 3.3083014E-02 3.2103620E-02
0.1497495 0.1481666 0.1464512 0.1446057 0.1426329 0.1405364 0.1383204 0.1359902 0.1335516 0.1310116 0.1283780 0.1256596 0.1228657 0.1200069 0.1170939 0.1141384 0.1111519 0.1081463 0.1051331 0.1021238 9.9128962E-02 9.6158706E-02 9.3222186E-02 9.0327725E-02 8.7482572E-02 8.4693007E-02 8.1964307E-02 7.9300813E-02 7.6705918E-02 7.4182235E-02 7.1731545E-02 6.9355026E-02 6.7053244E-02 6.4826183E-02 6.2673457E-02 6.0594279E-02 5.8587529E-02 5.6651864E-02 5.4785702E-02 5.2987352E-02 5.1254954E-02 4.9586583E-02 4.7980219E-02 4.6433859E-02 4.4945441E-02 4.3512926E-02 4.2134270E-02 4.0807482E-02 3.9530590E-02 3.8301680E-02 3.7118834E-02 3.5980266E-02 3.4884173E-02 3.3828869E-02 3.2812659E-02
0.1591867 0.1574756 0.1556195 0.1536206 0.1514818 0.1492064 0.1467990 0.1442648 0.1416104 0.1388431 0.1359715 0.1330054 0.1299555 0.1268336 0.1236522 0.1204244 0.1171638 0.1138840 0.1105985 0.1073201 0.1040613 0.1008335 9.7647093E-02 9.4511285E-02 9.1434099E-02 8.8422358E-02 8.5481688E-02 8.2616583E-02 7.9830453E-02 7.7125825E-02 7.4504241E-02 7.1966603E-02 6.9513142E-02 6.7143463E-02 6.4856738E-02 6.2651768E-02 6.0527001E-02 5.8480658E-02 5.6510724E-02 5.4615106E-02 5.2791525E-02 5.1037677E-02 4.9351182E-02 4.7729697E-02 4.6170831E-02 4.4672217E-02 4.3231547E-02 4.1846544E-02 4.0514994E-02 3.9234728E-02 3.8003627E-02 3.6819682E-02 3.5680920E-02 3.4585461E-02 3.3531439E-02
0.1694077 0.1675581 0.1655496 0.1633843 0.1610646 0.1585940 0.1559769 0.1532190 0.1503268 0.1473086 0.1441736 0.1409328 0.1375984 0.1341836 0.1307029 0.1271716 0.1236054 0.1200200 0.1164311 0.1128538 0.1093022 0.1057895 0.1023274 9.8926127E-02 9.5594637E-02 9.2340216E-02 8.9168817E-02 8.6085021E-02 8.3092190E-02 8.0192618E-02 7.7387556E-02 7.4677490E-02 7.2062187E-02 6.9540761E-02 6.7111894E-02 6.4773843E-02 6.2524512E-02 6.0361650E-02 5.8282711E-02 5.6285139E-02 5.4366168E-02 5.2523106E-02 5.0753117E-02 4.9053479E-02 4.7421444E-02 4.5854300E-02 4.4349425E-02 4.2904232E-02 4.1516244E-02 4.0183034E-02 3.8902227E-02 3.7671607E-02 3.6488988E-02 3.5352308E-02 3.4259509E-02
0.1804933 0.1784941 0.1763208 0.1739749 0.1714585 0.1687749 0.1659284 0.1629246 0.1597706 0.1564750 0.1530482 0.1495021 0.1458506 0.1421090 0.1382939 0.1344231 0.1305150 0.1265880 0.1226605 0.1187500 0.1148730 0.1110444 0.1072776 0.1035841 9.9973634E-02 9.6454017E-02 9.3031436E-02 8.9710481E-02 8.6494319E-02 8.3384909E-02 8.0383010E-02 7.7488586E-02 7.4700825E-02 7.2018199E-02 6.9438733E-02 6.6960074E-02 6.4579509E-02 6.2294152E-02 6.0100898E-02 5.7996631E-02 5.5978067E-02 5.4041997E-02 5.2185144E-02 5.0404344E-02 4.8696436E-02 4.7058351E-02 4.5487098E-02 4.3979775E-02 4.2533591E-02 4.1145861E-02 3.9813943E-02 3.8535375E-02 3.7307747E-02 3.6128808E-02 3.4996305E-02
0.1925345 0.1903743 0.1880230 0.1854814 0.1827513 0.1798354 0.1767378 0.1734641 0.1700215 0.1664191 0.1626682 0.1587823 0.1547768 0.1506693 0.1464794 0.1422276 0.1379357 0.1336256 0.1293188 0.1250359 0.1207962 0.1166167 0.1125127 0.1084971 0.1045804 0.1007708 9.7074814E-02 9.3496785E-02 9.0039492E-02 8.6704388E-02 8.3491579E-02 8.0400340E-02 7.7429034E-02 7.4575394E-02 7.1836665E-02 6.9209710E-02 6.6691093E-02 6.4277217E-02 6.1964285E-02 5.9748564E-02 5.7626165E-02 5.5593323E-02 5.3646270E-02 5.1781312E-02 4.9994867E-02 4.8283461E-02 4.6643700E-02 4.5072343E-02 4.3566268E-02 4.2122472E-02 4.0738061E-02 3.9410308E-02 3.8136572E-02 3.6914371E-02 3.5741251E-02
0.2056345 0.2033012 0.2007579 0.1980048 0.1950427 0.1918738 0.1885016 0.1849315 0.1811707 0.1772287 0.1731176 0.1688524 0.1644506 0.1599325 0.1553207 0.1506399 0.1459157 0.1411742 0.1364411 0.1317407 0.1270955 0.1225255 0.1180477 0.1136765 0.1094234 0.1052969 0.1013033 9.7446814E-02 9.3729451E-02 9.0151928E-02 8.6713456E-02 8.3412394E-02 8.0246128E-02 7.7211410E-02 7.4304558E-02 7.1521506E-02 6.8857953E-02 6.6309460E-02 6.3871495E-02 6.1539579E-02 5.9309144E-02 5.7175830E-02 5.5135231E-02 5.3183202E-02 5.1315628E-02 4.9528558E-02 4.7818217E-02 4.6180964E-02 4.4613328E-02 4.3112010E-02 4.1673772E-02 4.0295638E-02 3.8974717E-02 3.7708290E-02 3.6493700E-02
