T1-compare/WRECTAN/直立/vz1o.grd
DSAA
200 200
-15 15
-15 15
0.71291435 99.3735
[rows 0 to 33 of 200, columns 78 to 155 of 200]
2.184 2.2 2.215 2.229 2.243 2.256 2.268 2.28 2.291 2.301 2.31 2.319 2.327 2.334 2.34 2.346 2.351 2.354 2.357 2.359 2.361 2.361 2.361 2.359 2.357 2.354 2.351 2.346 2.34 2.334 2.327 2.319 2.31 2.301 2.291 2.28 2.268 2.256 2.243 2.229 2.215 2.2 2.184 2.168 2.151 2.134 2.116 2.098 2.08 2.061 2.041 2.021 2.001 1.981 1.96 1.939 1.917 1.896 1.874 1.852 1.83 1.808 1.786 1.763 1.741 1.719 1.696 1.674 1.651 1.629 1.606 1.584 1.562 1.54 1.518 1.496 1.474 1.453
2.255 2.272 2.288 2.303 2.317 2.331 2.344 2.356 2.368 2.379 2.389 2.398 2.406 2.414 2.42 2.426 2.431 2.435 2.438 2.44 2.442 2.442 2.442 2.44 2.438 2.435 2.431 2.426 2.42 2.414 2.406 2.398 2.389 2.379 2.368 2.356 2.344 2.331 2.317 2.303 2.288 2.272 2.255 2.238 2.221 2.203 2.184 2.165 2.145 2.125 2.105 2.084 2.062 2.041 2.019 1.997 1.974 1.952 1.929 1.906 1.883 1.86 1.836 1.813 1.789 1.766 1.742 1.719 1.695 1.672 1.648 1.625 1.602 1.579 1.556 1.533 1.51 1.488
2.33 2.347 2.364 2.38 2.395 2.41 2.423 2.436 2.449 2.46 2.471 2.48 2.489 2.497 2.504 2.51 2.515 2.52 2.523 2.525 2.527 2.527 2.527 2.525 2.523 2.52 2.515 2.51 2.504 2.497 2.489 2.48 2.47 2.46 2.449 2.436 2.423 2.41 2.395 2.38 2.364 2.347 2.33 2.312 2.293 2.274 2.254 2.234 2.213 2.192 2.171 2.149 2.126 2.104 2.081 2.057 2.034 2.01 1.986 1.962 1.938 1.913 1.889 1.864 1.839 1.815 1.79 1.766 1.741 1.716 1.692 1.668 1.643 1.619 1.595 1.572 1.548 1.524
2.407 2.426 2.443 2.46 2.476 2.492 2.506 2.52 2.533 2.545 2.556 2.566 2.576 2.584 2.592 2.598 2.604 2.608 2.612 2.614 2.616 2.616 2.616 2.614 2.612 2.608 2.604 2.598 2.592 2.584 2.576 2.566 2.556 2.545 2.533 2.52 2.506 2.492 2.476 2.46 2.443 2.426 2.407 2.388 2.369 2.349 2.328 2.307 2.285 2.262 2.24 2.216 2.193 2.169 2.145 2.12 2.095 2.07 2.045 2.02 1.994 1.969 1.943 1.917 1.891 1.866 1.84 1.814 1.788 1.763 1.737 1.712 1.686 1.661 1.636 1.611 1.586 1.562
2.489 2.508 2.526 2.544 2.561 2.578 2.593 2.608 2.621 2.634 2.646 2.657 2.667 2.675 2.683 2.69 2.696 2.701 2.704 2.707 2.709 2.709 2.709 2.707 2.704 2.701 2.696 2.69 2.683 2.675 2.667 2.657 2.646 2.634 2.621 2.608 2.593 2.578 2.561 2.544 2.526 2.508 2.489 2.469 2.448 2.426 2.405 2.382 2.359 2.335 2.311 2.287 2.262 2.237 2.212 2.186 2.16 2.133 2.107 2.08 2.053 2.026 1.999 1.972 1.945 1.918 1.891 1.864 1.837 1.81 1.783 1.757 1.73 1.704 1.678 1.652 1.626 1.601
2.573 2.594 2.614 2.632 2.65 2.668 2.684 2.699 2.714 2.727 2.74 2.751 2.762 2.771 2.78 2.787 2.793 2.798 2.802 2.805 2.806 2.807 2.806 2.805 2.802 2.798 2.793 2.787 2.78 2.771 2.762 2.751 2.74 2.727 2.714 2.699 2.684 2.668 2.65 2.632 2.614 2.594 2.573 2.552 2.53 2.508 2.485 2.461 2.437 2.412 2.386 2.361 2.335 2.308 2.281 2.254 2.226 2.199 2.171 2.143 2.115 2.086 2.058 2.03 2.001 1.973 1.944 1.916 1.888 1.86 1.832 1.804 1.776 1.748 1.721 1.694 1.667 1.641
2.662 2.684 2.705 2.725 2.744 2.762 2.779 2.796 2.811 2.825 2.838 2.851 2.862 2.872 2.88 2.888 2.895 2.9 2.904 2.907 2.909 2.91 2.909 2.907 2.904 2.9 2.895 2.888 2.88 2.872 2.862 2.851 2.838 2.825 2.811 2.796 2.779 2.762 2.744 2.725 2.705 2.684 2.662 2.64 2.617 2.593 2.568 2.543 2.518 2.491 2.465 2.437 2.41 2.382 2.354 2.325 2.296 2.267 2.237 2.208 2.178 2.149 2.119 2.089 2.059 2.029 1.999 1.97 1.94 1.911 1.881 1.852 1.823 1.794 1.766 1.738 1.71 1.682
2.755 2.778 2.8 2.821 2.841 2.861 2.879 2.896 2.913 2.928 2.942 2.955 2.966 2.977 2.986 2.994 3.001 3.007 3.012 3.015 3.017 3.017 3.017 3.015 3.012 3.007 3.001 2.994 2.986 2.977 2.966 2.955 2.942 2.928 2.913 2.896 2.879 2.861 2.841 2.821 2.8 2.778 2.755 2.731 2.707 2.682 2.656 2.629 2.602 2.575 2.546 2.518 2.488 2.459 2.429 2.399 2.368 2.338 2.307 2.276 2.244 2.213 2.182 2.15 2.119 2.088 2.056 2.025 1.994 1.963 1.933 1.902 1.872 1.842 1.812 1.782 1.753 1.724
2.852 2.877 2.9 2.922 2.944 2.964 2.984 3.002 3.019 3.035 3.05 3.064 3.076 3.088 3.098 3.106 3.114 3.12 3.124 3.128 3.13 3.13 3.13 3.128 3.124 3.12 3.114 3.106 3.098 3.088 3.076 3.064 3.05 3.035 3.019 3.002 2.984 2.964 2.944 2.922 2.9 2.877 2.852 2.827 2.801 2.775 2.747 2.719 2.691 2.661 2.632 2.601 2.57 2.539 2.508 2.476 2.444 2.411 2.379 2.346 2.313 2.28 2.247 2.214 2.181 2.148 2.116 2.083 2.05 2.018 1.986 1.954 1.922 1.891 1.86 1.829 1.798 1.768
2.954 2.98 3.005 3.029 3.051 3.073 3.094 3.113 3.131 3.148 3.164 3.179 3.192 3.204 3.214 3.224 3.231 3.238 3.243 3.246 3.248 3.249 3.248 3.246 3.243 3.238 3.231 3.224 3.214 3.204 3.192 3.179 3.164 3.148 3.131 3.113 3.094 3.073 3.051 3.029 3.005 2.98 2.954 2.928 2.9 2.872 2.843 2.813 2.783 2.752 2.721 2.689 2.656 2.623 2.59 2.556 2.522 2.488 2.454 2.419 2.385 2.35 2.315 2.281 2.246 2.211 2.177 2.143 2.109 2.075 2.041 2.007 1.974 1.941 1.909 1.876 1.844 1.813
3.061 3.089 3.115 3.14 3.164 3.187 3.209 3.23 3.249 3.267 3.284 3.299 3.313 3.326 3.337 3.347 3.355 3.362 3.367 3.371 3.373 3.374 3.373 3.371 3.367 3.362 3.355 3.347 3.337 3.326 3.313 3.299 3.284 3.267 3.249 3.23 3.209 3.187 3.164 3.14 3.115 3.089 3.061 3.033 3.004 2.974 2.943 2.912 2.88 2.847 2.814 2.78 2.745 2.711 2.675 2.64 2.604 2.568 2.532 2.496 2.459 2.423 2.386 2.35 2.313 2.277 2.241 2.205 2.169 2.133 2.098 2.063 2.028 1.993 1.959 1.926 1.892 1.859
3.174 3.202 3.23 3.257 3.283 3.307 3.33 3.352 3.373 3.392 3.41 3.426 3.441 3.454 3.466 3.477 3.486 3.493 3.498 3.502 3.505 3.506 3.505 3.502 3.498 3.493 3.486 3.477 3.466 3.454 3.441 3.426 3.41 3.392 3.373 3.352 3.33 3.307 3.283 3.257 3.23 3.202 3.174 3.144 3.113 3.081 3.048 3.015 2.981 2.946 2.911 2.875 2.839 2.802 2.765 2.727 2.69 2.651 2.613 2.575 2.537 2.498 2.46 2.421 2.383 2.345 2.307 2.269 2.231 2.194 2.157 2.12 2.084 2.047 2.012 1.976 1.941 1.907
3.291 3.322 3.351 3.38 3.407 3.433 3.458 3.481 3.503 3.523 3.542 3.56 3.575 3.59 3.602 3.613 3.623 3.631 3.636 3.641 3.643 3.644 3.643 3.641 3.636 3.631 3.623 3.613 3.602 3.59 3.575 3.56 3.542 3.523 3.503 3.481 3.458 3.433 3.407 3.38 3.351 3.322 3.291 3.259 3.227 3.193 3.159 3.123 3.087 3.05 3.013 2.975 2.936 2.898 2.858 2.819 2.779 2.738 2.698 2.658 2.617 2.577 2.536 2.496 2.455 2.415 2.375 2.335 2.296 2.257 2.218 2.179 2.141 2.103 2.066 2.029 1.992 1.956
3.415 3.447 3.479 3.509 3.538 3.566 3.592 3.616 3.64 3.661 3.682 3.7 3.717 3.732 3.746 3.757 3.767 3.776 3.782 3.787 3.789 3.79 3.789 3.787 3.782 3.776 3.767 3.757 3.746 3.732 3.717 3.7 3.682 3.661 3.64 3.616 3.592 3.566 3.538 3.509 3.479 3.447 3.415 3.381 3.346 3.311 3.274 3.236 3.198 3.159 3.12 3.079 3.039 2.997 2.956 2.914 2.872 2.829 2.786 2.744 2.701 2.658 2.616 2.573 2.53 2.488 2.446 2.404 2.363 2.322 2.281 2.24 2.2 2.161 2.122 2.083 2.045 2.007
3.545 3.579 3.613 3.645 3.676 3.705 3.733 3.759 3.784 3.807 3.828 3.848 3.866 3.882 3.897 3.909 3.92 3.929 3.935 3.94 3.943 3.944 3.943 3.94 3.935 3.929 3.92 3.909 3.897 3.882 3.866 3.848 3.828 3.807 3.784 3.759 3.733 3.705 3.676 3.645 3.613 3.579 3.545 3.509 3.472 3.434 3.395 3.355 3.315 3.273 3.231 3.189 3.145 3.102 3.058 3.013 2.969 2.924 2.879 2.834 2.788 2.743 2.698 2.653 2.609 2.564 2.52 2.476 2.432 2.389 2.346 2.304 2.262 2.22 2.179 2.139 2.099 2.059
3.681 3.718 3.754 3.788 3.82 3.852 3.881 3.909 3.936 3.96 3.983 4.004 4.023 4.041 4.056 4.069 4.081 4.09 4.097 4.102 4.105 4.106 4.105 4.102 4.097 4.09 4.081 4.069 4.056 4.041 4.023 4.004 3.983 3.96 3.936 3.909 3.881 3.852 3.82 3.788 3.754 3.718 3.681 3.643 3.604 3.563 3.522 3.48 3.437 3.393 3.348 3.303 3.257 3.211 3.164 3.117 3.07 3.022 2.975 2.927 2.879 2.832 2.784 2.737 2.69 2.643 2.596 2.55 2.504 2.459 2.414 2.369 2.325 2.282 2.239 2.196 2.155 2.113
3.825 3.864 3.902 3.938 3.973 4.006 4.038 4.068 4.096 4.122 4.147 4.169 4.189 4.208 4.224 4.238 4.25 4.26 4.268 4.273 4.277 4.278 4.277 4.273 4.268 4.26 4.25 4.238 4.224 4.208 4.189 4.169 4.147 4.122 4.096 4.068 4.038 4.006 3.973 3.938 3.902 3.864 3.825 3.784 3.742 3.7 3.656 3.611 3.565 3.518 3.471 3.423 3.374 3.325 3.276 3.226 3.176 3.125 3.075 3.025 2.974 2.924 2.874 2.824 2.774 2.725 2.676 2.627 2.579 2.531 2.484 2.437 2.391 2.345 2.3 2.256 2.212 2.169
3.976 4.018 4.058 4.097 4.134 4.169 4.203 4.235 4.265 4.293 4.319 4.343 4.365 4.384 4.402 4.417 4.43 4.44 4.448 4.454 4.458 4.459 4.458 4.454 4.448 4.44 4.43 4.417 4.402 4.384 4.365 4.343 4.319 4.293 4.265 4.235 4.203 4.169 4.134 4.097 4.058 4.018 3.976 3.933 3.888 3.843 3.796 3.748 3.699 3.65 3.599 3.548 3.497 3.445 3.392 3.339 3.286 3.233 3.18 3.127 3.073 3.02 2.967 2.914 2.862 2.81 2.758 2.707 2.656 2.606 2.556 2.507 2.459 2.411 2.364 2.317 2.272 2.226
4.135 4.18 4.223 4.264 4.304 4.341 4.377 4.411 4.443 4.473 4.501 4.526 4.55 4.571 4.589 4.605 4.619 4.63 4.639 4.645 4.649 4.65 4.649 4.645 4.639 4.63 4.619 4.605 4.589 4.571 4.55 4.526 4.501 4.473 4.443 4.411 4.377 4.341 4.304 4.264 4.223 4.18 4.135 4.089 4.042 3.993 3.943 3.892 3.841 3.788 3.734 3.68 3.625 3.57 3.514 3.458 3.402 3.346 3.289 3.233 3.176 3.12 3.064 3.008 2.953 2.898 2.844 2.79 2.736 2.684 2.631 2.58 2.529 2.479 2.429 2.381 2.333 2.286
4.303 4.35 4.396 4.44 4.483 4.523 4.561 4.598 4.632 4.664 4.693 4.721 4.745 4.768 4.788 4.805 4.82 4.832 4.841 4.848 4.852 4.853 4.852 4.848 4.841 4.832 4.82 4.805 4.788 4.768 4.745 4.721 4.693 4.664 4.632 4.598 4.561 4.523 4.483 4.44 4.396 4.35 4.303 4.254 4.203 4.152 4.099 4.044 3.989 3.933 3.876 3.818 3.76 3.701 3.642 3.583 3.523 3.463 3.403 3.344 3.284 3.224 3.165 3.106 3.048 2.99 2.933 2.876 2.82 2.764 2.709 2.655 2.601 2.549 2.497 2.446 2.396 2.347
4.48 4.531 4.58 4.627 4.672 4.715 4.756 4.795 4.831 4.865 4.897 4.926 4.953 4.976 4.998 5.016 5.032 5.045 5.055 5.062 5.066 5.068 5.066 5.062 5.055 5.045 5.032 5.016 4.998 4.976 4.953 4.926 4.897 4.865 4.831 4.795 4.756 4.715 4.672 4.627 4.58 4.531 4.48 4.428 4.374 4.318 4.262 4.204 4.145 4.085 4.025 3.963 3.901 3.839 3.776 3.713 3.65 3.586 3.523 3.459 3.396 3.333 3.271 3.208 3.147 3.086 3.025 2.965 2.906 2.847 2.79 2.733 2.677 2.621 2.567 2.513 2.461 2.409
4.667 4.721 4.773 4.824 4.872 4.918 4.962 5.003 5.042 5.079 5.112 5.143 5.172 5.197 5.22 5.24 5.257 5.27 5.281 5.289 5.293 5.295 5.293 5.289 5.281 5.27 5.257 5.24 5.22 5.197 5.172 5.143 5.112 5.079 5.042 5.003 4.962 4.918 4.872 4.824 4.773 4.721 4.667 4.611 4.553 4.494 4.434 4.372 4.31 4.246 4.181 4.116 4.05 3.983 3.917 3.849 3.782 3.715 3.647 3.58 3.513 3.447 3.38 3.315 3.249 3.185 3.121 3.058 2.995 2.934 2.873 2.813 2.754 2.696 2.639 2.583 2.528 2.474
4.864 4.922 4.978 5.032 5.083 5.133 5.179 5.224 5.265 5.304 5.341 5.374 5.404 5.432 5.456 5.477 5.495 5.51 5.521 5.529 5.534 5.536 5.534 5.529 5.521 5.51 5.495 5.477 5.456 5.432 5.404 5.374 5.341 5.304 5.265 5.224 5.179 5.133 5.083 5.032 4.978 4.922 4.864 4.804 4.743 4.68 4.615 4.549 4.483 4.415 4.346 4.276 4.206 4.135 4.064 3.992 3.921 3.849 3.778 3.707 3.636 3.565 3.495 3.425 3.356 3.288 3.221 3.154 3.088 3.023 2.959 2.896 2.834 2.774 2.714 2.655 2.597 2.541
5.072 5.134 5.194 5.252 5.307 5.36 5.41 5.457 5.502 5.544 5.583 5.618 5.651 5.68 5.706 5.729 5.748 5.763 5.776 5.785 5.79 5.792 5.79 5.785 5.776 5.763 5.748 5.729 5.706 5.68 5.651 5.618 5.583 5.544 5.502 5.457 5.41 5.36 5.307 5.252 5.194 5.134 5.072 5.008 4.943 4.875 4.807 4.736 4.665 4.592 4.519 4.444 4.369 4.294 4.218 4.142 4.066 3.99 3.914 3.839 3.763 3.688 3.614 3.54 3.468 3.395 3.324 3.254 3.184 3.116 3.049 2.983 2.917 2.853 2.791 2.729 2.669 2.609
5.293 5.359 5.423 5.485 5.544 5.601 5.654 5.705 5.753 5.798 5.839 5.877 5.912 5.944 5.971 5.996 6.016 6.033 6.046 6.056 6.061 6.063 6.061 6.056 6.046 6.033 6.016 5.996 5.971 5.944 5.912 5.877 5.839 5.798 5.753 5.705 5.654 5.601 5.544 5.485 5.423 5.359 5.293 5.224 5.154 5.082 5.008 4.933 4.857 4.779 4.701 4.622 4.542 4.461 4.38 4.299 4.218 4.138 4.057 3.977 3.897 3.817 3.739 3.661 3.583 3.507 3.432 3.358 3.284 3.212 3.141 3.072 3.003 2.936 2.87 2.806 2.742 2.68
5.526 5.597 5.666 5.732 5.795 5.856 5.914 5.968 6.019 6.067 6.112 6.153 6.19 6.224 6.254 6.279 6.302 6.32 6.334 6.344 6.35 6.352 6.35 6.344 6.334 6.32 6.302 6.279 6.254 6.224 6.19 6.153 6.112 6.067 6.019 5.968 5.914 5.856 5.795 5.732 5.666 5.597 5.526 5.453 5.378 5.3 5.222 5.141 5.059 4.977 4.893 4.808 4.723 4.637 4.551 4.464 4.378 4.292 4.206 4.121 4.036 3.952 3.868 3.786 3.704 3.623 3.544 3.465 3.388 3.312 3.237 3.164 3.092 3.021 2.952 2.884 2.818 2.753
5.773 5.849 5.923 5.994 6.062 6.127 6.189 6.247 6.302 6.354 6.402 6.445 6.486 6.522 6.554 6.581 6.605 6.624 6.64 6.65 6.657 6.659 6.657 6.65 6.64 6.624 6.605 6.581 6.554 6.522 6.486 6.445 6.402 6.354 6.302 6.247 6.189 6.127 6.062 5.994 5.923 5.849 5.773 5.695 5.614 5.531 5.447 5.361 5.273 5.185 5.095 5.004 4.913 4.822 4.73 4.638 4.546 4.454 4.363 4.272 4.182 4.092 4.004 3.916 3.829 3.744 3.66 3.577 3.496 3.415 3.337 3.259 3.184 3.11 3.037 2.966 2.896 2.828
6.035 6.117 6.196 6.272 6.345 6.415 6.481 6.544 6.603 6.658 6.71 6.757 6.8 6.838 6.873 6.903 6.928 6.949 6.965 6.977 6.984 6.986 6.984 6.977 6.965 6.949 6.928 6.903 6.873 6.838 6.8 6.757 6.71 6.658 6.603 6.544 6.481 6.415 6.345 6.272 6.196 6.117 6.035 5.951 5.864 5.776 5.685 5.593 5.499 5.404 5.308 5.211 5.114 5.016 4.918 4.819 4.721 4.624 4.526 4.43 4.334 4.239 4.145 4.052 3.96 3.87 3.781 3.693 3.607 3.523 3.44 3.358 3.279 3.201 3.124 3.05 2.977 2.905
6.313 6.401 6.486 6.568 6.646 6.721 6.792 6.86 6.923 6.983 7.038 7.088 7.134 7.176 7.213 7.245 7.272 7.295 7.312 7.325 7.332 7.335 7.332 7.325 7.312 7.295 7.272 7.245 7.213 7.176 7.134 7.088 7.038 6.983 6.923 6.86 6.792 6.721 6.646 6.568 6.486 6.401 6.313 6.223 6.13 6.035 5.937 5.838 5.738 5.636 5.533 5.429 5.325 5.22 5.115 5.01 4.906 4.802 4.698 4.595 4.493 4.392 4.292 4.193 4.096 4.001 3.906 3.814 3.723 3.634 3.546 3.46 3.377 3.295 3.214 3.136 3.059 2.985
6.608 6.703 6.794 6.882 6.966 7.047 7.124 7.196 7.264 7.328 7.387 7.442 7.491 7.536 7.575 7.61 7.639 7.663 7.682 7.695 7.703 7.706 7.703 7.695 7.682 7.663 7.639 7.61 7.575 7.536 7.491 7.442 7.387 7.328 7.264 7.196 7.124 7.047 6.966 6.882 6.794 6.703 6.608 6.511 6.411 6.309 6.205 6.098 5.99 5.881 5.771 5.66 5.548 5.436 5.323 5.211 5.099 4.988 4.878 4.768 4.659 4.552 4.446 4.341 4.238 4.137 4.037 3.939 3.843 3.749 3.656 3.566 3.478 3.392 3.307 3.225 3.145 3.067
6.922 7.024 7.122 7.216 7.307 7.394 7.476 7.554 7.628 7.696 7.76 7.818 7.872 7.92 7.962 7.999 8.031 8.057 8.077 8.091 8.1 8.103 8.1 8.091 8.077 8.057 8.031 7.999 7.962 7.92 7.872 7.818 7.76 7.696 7.628 7.554 7.476 7.394 7.307 7.216 7.122 7.024 6.922 6.817 6.71 6.6 6.488 6.373 6.258 6.14 6.022 5.902 5.783 5.663 5.542 5.422 5.303 5.184 5.066 4.949 4.833 4.719 4.606 4.495 4.386 4.278 4.172 4.069 3.967 3.868 3.771 3.676 3.583 3.492 3.403 3.317 3.233 3.151
7.256 7.365 7.471 7.573 7.67 7.764 7.852 7.936 8.015 8.089 8.158 8.221 8.278 8.33 8.375 8.415 8.449 8.477 8.498 8.514 8.523 8.526 8.523 8.514 8.498 8.477 8.449 8.415 8.375 8.33 8.278 8.221 8.158 8.089 8.015 7.936 7.852 7.764 7.67 7.573 7.471 7.365 7.256 7.143 7.027 6.909 6.788 6.665 6.541 6.414 6.287 6.159 6.031 5.902 5.773 5.644 5.517 5.39 5.264 5.139 5.015 4.894 4.774 4.656 4.539 4.425 4.313 4.204 4.096 3.991 3.889 3.789 3.691 3.595 3.502 3.411 3.323 3.237
7.611 7.729 7.843 7.952 8.058 8.158 8.254 8.344 8.43 8.509 8.583 8.65 8.712 8.768 8.817 8.86 8.896 8.926 8.949 8.966 8.976 8.979 8.976 8.966 8.949 8.926 8.896 8.86 8.817 8.768 8.712 8.65 8.583 8.509 8.43 8.344 8.254 8.158 8.058 7.952 7.843 7.729 7.611 7.489 7.365 7.237 7.107 6.975 6.84 6.705 6.568 6.43 6.292 6.154 6.016 5.878 5.741 5.605 5.471 5.337 5.206 5.076 4.948 4.823 4.699 4.578 4.46 4.344 4.23 4.119 4.011 3.905 3.802 3.702 3.604 3.509 3.416 3.326
7.989 8.116 8.239 8.358 8.471 8.58 8.683 8.78 8.872 8.958 9.037 9.11 9.177 9.236 9.289 9.336 9.375 9.407 9.432 9.45 9.461 9.464 9.461 9.45 9.432 9.407 9.375 9.336 9.289 9.236 9.177 9.11 9.037 8.958 8.872 8.78 8.683 8.58 8.471 8.358 8.239 8.116 7.989 7.858 7.724 7.586 7.446 7.303 7.159 7.013 6.865 6.717 6.569 6.42 6.272 6.124 5.978 5.832 5.688 5.546 5.405 5.267 5.131 4.997 4.866 4.738 4.612 4.489 4.369 4.252 4.137 4.026 3.917 3.812 3.709 3.609 3.512 3.417
