T1-compare/WRECTAN/直立/vz1o.grd
DSAA
200 200
-15 15
-15 15
0.71291435 99.3735
[rows 136 to 169 of 200, columns 78 to 155 of 200]
50.63 52.25 53.7 55.01 56.19 57.25 58.2 59.07 59.84 60.53 61.15 61.71 62.19 62.62 62.99 63.31 63.57 63.78 63.95 64.06 64.13 64.16 64.13 64.06 63.95 63.78 63.57 63.31 62.99 62.62 62.19 61.71 61.15 60.53 59.84 59.06 58.2 57.25 56.19 55.01 53.7 52.25 50.63 48.82 46.81 44.57 42.1 39.45 36.72 34.05 31.55 29.27 27.21 25.34 23.65 22.13 20.73 19.46 18.3 17.23 16.24 15.33 14.49 13.71 12.99 12.32 11.69 11.1 10.56 10.05 9.569 9.121 8.701 8.306 7.935 7.585 7.256 6.946
47.8 49.32 50.68 51.91 53.03 54.03 54.94 55.75 56.49 57.15 57.74 58.27 58.73 59.14 59.5 59.8 60.05 60.26 60.41 60.52 60.59 60.61 60.59 60.52 60.41 60.26 60.05 59.8 59.5 59.14 58.73 58.27 57.74 57.15 56.49 55.75 54.94 54.03 53.03 51.91 50.68 49.32 47.8 46.11 44.24 42.16 39.88 37.43 34.92 32.45 30.14 28.02 26.1 24.36 22.77 21.33 20.02 18.82 17.71 16.7 15.76 14.89 14.09 13.34 12.64 12 11.4 10.83 10.31 9.815 9.354 8.921 8.514 8.132 7.772 7.434 7.114 6.813
44.74 46.15 47.43 48.58 49.63 50.57 51.43 52.2 52.9 53.53 54.09 54.59 55.03 55.42 55.76 56.05 56.29 56.48 56.63 56.74 56.8 56.83 56.8 56.74 56.63 56.48 56.29 56.05 55.76 55.42 55.03 54.59 54.09 53.53 52.9 52.2 51.43 50.57 49.63 48.58 47.43 46.15 44.74 43.18 41.46 39.56 37.48 35.27 33 30.77 28.67 26.73 24.96 23.35 21.88 20.53 19.3 18.16 17.12 16.16 15.27 14.44 13.67 12.96 12.3 11.68 11.1 10.56 10.05 9.581 9.136 8.718 8.326 7.957 7.609 7.281 6.971 6.679
41.56 42.86 44.05 45.12 46.1 46.98 47.79 48.52 49.18 49.77 50.3 50.78 51.2 51.57 51.89 52.17 52.39 52.58 52.72 52.83 52.89 52.91 52.89 52.83 52.72 52.58 52.39 52.17 51.89 51.57 51.2 50.78 50.3 49.77 49.18 48.52 47.79 46.98 46.1 45.12 44.05 42.86 41.56 40.13 38.57 36.85 35 33.04 31.03 29.05 27.17 25.42 23.81 22.33 20.97 19.72 18.57 17.51 16.53 15.62 14.77 13.99 13.26 12.58 11.95 11.36 10.8 10.29 9.801 9.345 8.917 8.515 8.137 7.78 7.444 7.127 6.828 6.545
38.41 39.61 40.7 41.69 42.6 43.43 44.18 44.87 45.49 46.05 46.55 47 47.4 47.75 48.05 48.32 48.53 48.71 48.85 48.94 49 49.02 49 48.94 48.85 48.71 48.53 48.32 48.05 47.75 47.4 47 46.55 46.05 45.49 44.87 44.18 43.43 42.6 41.69 40.7 39.61 38.41 37.11 35.7 34.17 32.53 30.82 29.07 27.34 25.68 24.12 22.66 21.31 20.07 18.91 17.84 16.85 15.93 15.08 14.28 13.54 12.85 12.2 11.6 11.04 10.51 10.01 9.546 9.109 8.698 8.311 7.947 7.603 7.279 6.973 6.683 6.41
35.44 36.52 37.52 38.44 39.28 40.05 40.76 41.4 41.98 42.51 42.98 43.4 43.78 44.11 44.4 44.65 44.86 45.02 45.15 45.24 45.3 45.32 45.3 45.24 45.15 45.02 44.86 44.65 44.4 44.11 43.78 43.4 42.98 42.51 41.98 41.4 40.76 40.05 39.28 38.44 37.52 36.52 35.44 34.26 32.99 31.64 30.2 28.71 27.19 25.68 24.23 22.84 21.53 20.31 19.17 18.11 17.12 16.2 15.34 14.54 13.79 13.09 12.44 11.82 11.25 10.71 10.21 9.737 9.292 8.873 8.479 8.107 7.757 7.426 7.114 6.818 6.539 6.274
32.7 33.69 34.6 35.45 36.22 36.94 37.59 38.19 38.73 39.23 39.67 40.07 40.43 40.74 41.01 41.25 41.44 41.6 41.72 41.81 41.86 41.88 41.86 41.81 41.72 41.6 41.44 41.25 41.01 40.74 40.43 40.07 39.67 39.23 38.73 38.19 37.59 36.94 36.22 35.45 34.6 33.69 32.7 31.64 30.51 29.31 28.05 26.74 25.43 24.11 22.83 21.61 20.44 19.33 18.29 17.32 16.41 15.55 14.75 14 13.3 12.64 12.03 11.45 10.91 10.39 9.915 9.463 9.038 8.638 8.26 7.904 7.567 7.249 6.948 6.664 6.394 6.139
30.23 31.12 31.95 32.73 33.44 34.1 34.71 35.27 35.78 36.24 36.65 37.03 37.36 37.66 37.92 38.14 38.32 38.47 38.59 38.67 38.72 38.73 38.72 38.67 38.59 38.47 38.32 38.14 37.92 37.66 37.36 37.03 36.65 36.24 35.78 35.27 34.71 34.1 33.44 32.73 31.95 31.12 30.23 29.27 28.26 27.2 26.09 24.95 23.79 22.64 21.52 20.43 19.38 18.38 17.44 16.55 15.71 14.92 14.18 13.48 12.82 12.2 11.62 11.08 10.56 10.08 9.621 9.192 8.786 8.404 8.042 7.701 7.378 7.072 6.783 6.509 6.25 6.003
28 28.81 29.57 30.27 30.93 31.54 32.1 32.62 33.09 33.52 33.91 34.26 34.58 34.86 35.1 35.3 35.48 35.62 35.73 35.81 35.85 35.87 35.85 35.81 35.73 35.62 35.48 35.3 35.1 34.86 34.58 34.26 33.91 33.52 33.09 32.62 32.1 31.54 30.93 30.27 29.57 28.81 28 27.14 26.24 25.29 24.31 23.3 22.29 21.28 20.28 19.31 18.37 17.47 16.62 15.8 15.03 14.3 13.61 12.96 12.35 11.77 11.22 10.71 10.22 9.763 9.331 8.922 8.536 8.171 7.826 7.499 7.19 6.897 6.619 6.356 6.106 5.868
25.99 26.72 27.41 28.06 28.66 29.23 29.75 30.22 30.66 31.06 31.43 31.76 32.05 32.31 32.54 32.73 32.9 33.03 33.13 33.2 33.25 33.26 33.25 33.2 33.13 33.03 32.9 32.73 32.54 32.31 32.05 31.76 31.43 31.06 30.66 30.22 29.75 29.23 28.66 28.06 27.41 26.72 25.99 25.22 24.41 23.56 22.69 21.8 20.91 20.01 19.12 18.26 17.42 16.6 15.82 15.08 14.37 13.7 13.06 12.46 11.88 11.34 10.83 10.35 9.887 9.454 9.044 8.656 8.288 7.941 7.611 7.299 7.003 6.722 6.456 6.203 5.963 5.734
24.18 24.84 25.47 26.06 26.61 27.13 27.61 28.05 28.46 28.83 29.17 29.48 29.75 30 30.21 30.39 30.54 30.67 30.77 30.84 30.88 30.89 30.88 30.84 30.77 30.67 30.54 30.39 30.21 30 29.75 29.48 29.17 28.83 28.46 28.05 27.61 27.13 26.61 26.06 25.47 24.84 24.18 23.48 22.75 22 21.22 20.43 19.63 18.84 18.04 17.27 16.51 15.78 15.07 14.39 13.74 13.12 12.53 11.97 11.43 10.93 10.45 9.99 9.558 9.149 8.761 8.393 8.044 7.713 7.399 7.101 6.818 6.549 6.294 6.051 5.82 5.601
22.54 23.14 23.71 24.25 24.76 25.23 25.67 26.08 26.46 26.81 27.12 27.41 27.66 27.89 28.09 28.26 28.4 28.52 28.61 28.68 28.72 28.73 28.72 28.68 28.61 28.52 28.4 28.26 28.09 27.89 27.66 27.41 27.12 26.81 26.46 26.08 25.67 25.23 24.76 24.25 23.71 23.14 22.54 21.91 21.25 20.58 19.88 19.17 18.46 17.75 17.04 16.34 15.65 14.99 14.35 13.72 13.13 12.56 12.01 11.49 10.99 10.52 10.07 9.643 9.236 8.85 8.483 8.135 7.804 7.489 7.19 6.906 6.635 6.378 6.134 5.901 5.679 5.468
21.05 21.59 22.11 22.61 23.07 23.51 23.91 24.29 24.64 24.96 25.25 25.52 25.76 25.97 26.16 26.32 26.45 26.56 26.64 26.71 26.74 26.75 26.74 26.71 26.64 26.56 26.45 26.32 26.16 25.97 25.76 25.52 25.25 24.96 24.64 24.29 23.91 23.51 23.07 22.61 22.11 21.59 21.05 20.48 19.89 19.28 18.65 18.02 17.38 16.74 16.1 15.47 14.85 14.25 13.66 13.09 12.54 12.02 11.51 11.03 10.57 10.13 9.705 9.303 8.921 8.557 8.211 7.881 7.567 7.268 6.984 6.713 6.455 6.209 5.975 5.752 5.54 5.337
19.69 20.19 20.66 21.11 21.54 21.94 22.31 22.66 22.98 23.28 23.55 23.8 24.02 24.22 24.39 24.54 24.66 24.77 24.85 24.9 24.94 24.95 24.94 24.9 24.85 24.77 24.66 24.54 24.39 24.22 24.02 23.8 23.55 23.28 22.98 22.66 22.31 21.94 21.54 21.11 20.66 20.19 19.69 19.17 18.64 18.09 17.53 16.95 16.38 15.8 15.22 14.65 14.09 13.54 13.01 12.49 11.98 11.5 11.03 10.58 10.15 9.743 9.349 8.973 8.614 8.271 7.944 7.632 7.335 7.051 6.781 6.523 6.277 6.043 5.819 5.606 5.402 5.207
18.45 18.9 19.33 19.74 20.13 20.5 20.84 21.17 21.46 21.74 21.99 22.22 22.43 22.61 22.77 22.91 23.03 23.12 23.2 23.25 23.28 23.29 23.28 23.25 23.2 23.12 23.03 22.91 22.77 22.61 22.43 22.22 21.99 21.74 21.46 21.17 20.84 20.5 20.13 19.74 19.33 18.9 18.45 17.98 17.5 17 16.49 15.97 15.45 14.93 14.41 13.89 13.38 12.88 12.39 11.91 11.45 11 10.57 10.16 9.756 9.373 9.005 8.652 8.315 7.992 7.684 7.389 7.108 6.839 6.582 6.337 6.103 5.879 5.665 5.461 5.266 5.079
17.31 17.72 18.12 18.49 18.85 19.19 19.5 19.8 20.08 20.33 20.56 20.78 20.97 21.14 21.29 21.42 21.53 21.62 21.69 21.74 21.77 21.78 21.77 21.74 21.69 21.62 21.53 21.42 21.29 21.14 20.97 20.78 20.56 20.33 20.08 19.8 19.5 19.19 18.85 18.49 18.12 17.72 17.31 16.89 16.45 15.99 15.53 15.06 14.59 14.12 13.64 13.17 12.71 12.25 11.8 11.37 10.94 10.53 10.13 9.745 9.373 9.015 8.671 8.341 8.025 7.721 7.43 7.152 6.886 6.631 6.387 6.154 5.931 5.718 5.514 5.318 5.132 4.953
16.27 16.64 17 17.35 17.67 17.98 18.28 18.55 18.8 19.04 19.25 19.45 19.63 19.79 19.93 20.05 20.15 20.23 20.3 20.34 20.37 20.38 20.37 20.34 20.3 20.23 20.15 20.05 19.93 19.79 19.63 19.45 19.25 19.04 18.8 18.55 18.28 17.98 17.67 17.35 17 16.64 16.27 15.88 15.48 15.07 14.65 14.22 13.79 13.36 12.93 12.5 12.08 11.66 11.25 10.85 10.46 10.08 9.707 9.35 9.004 8.67 8.349 8.04 7.743 7.458 7.184 6.921 6.669 6.428 6.196 5.975 5.763 5.559 5.365 5.178 4.999 4.828
15.3 15.65 15.98 16.29 16.59 16.88 17.15 17.4 17.63 17.85 18.05 18.23 18.4 18.54 18.67 18.79 18.88 18.96 19.02 19.06 19.09 19.1 19.09 19.06 19.02 18.96 18.88 18.79 18.67 18.54 18.4 18.23 18.05 17.85 17.63 17.4 17.15 16.88 16.59 16.29 15.98 15.65 15.3 14.95 14.59 14.21 13.83 13.44 13.05 12.66 12.27 11.87 11.49 11.1 10.73 10.36 9.997 9.645 9.303 8.971 8.649 8.338 8.038 7.749 7.47 7.202 6.944 6.696 6.458 6.229 6.01 5.8 5.598 5.404 5.219 5.04 4.87 4.706
14.42 14.73 15.03 15.32 15.6 15.86 16.11 16.34 16.55 16.76 16.94 17.11 17.26 17.4 17.52 17.62 17.71 17.78 17.84 17.88 17.91 17.91 17.91 17.88 17.84 17.78 17.71 17.62 17.52 17.4 17.26 17.11 16.94 16.76 16.55 16.34 16.11 15.86 15.6 15.32 15.03 14.73 14.42 14.09 13.76 13.42 13.07 12.72 12.36 12 11.64 11.29 10.93 10.58 10.23 9.893 9.559 9.234 8.917 8.608 8.309 8.019 7.739 7.468 7.206 6.954 6.711 6.477 6.252 6.036 5.828 5.629 5.437 5.252 5.075 4.905 4.742 4.585
13.6 13.88 14.16 14.43 14.68 14.92 15.15 15.36 15.56 15.75 15.92 16.08 16.22 16.34 16.46 16.55 16.63 16.7 16.75 16.79 16.81 16.82 16.81 16.79 16.75 16.7 16.63 16.55 16.46 16.34 16.22 16.08 15.92 15.75 15.56 15.36 15.15 14.92 14.68 14.43 14.16 13.88 13.6 13.3 13 12.68 12.37 12.04 11.72 11.39 11.06 10.73 10.41 10.08 9.765 9.451 9.143 8.842 8.548 8.262 7.983 7.713 7.45 7.197 6.951 6.714 6.486 6.265 6.053 5.848 5.651 5.462 5.279 5.104 4.935 4.773 4.617 4.467
12.84 13.1 13.36 13.6 13.83 14.05 14.26 14.46 14.65 14.82 14.97 15.12 15.25 15.37 15.47 15.56 15.64 15.7 15.75 15.78 15.81 15.81 15.81 15.78 15.75 15.7 15.64 15.56 15.47 15.37 15.25 15.12 14.97 14.82 14.65 14.46 14.26 14.05 13.83 13.6 13.36 13.1 12.84 12.57 12.29 12 11.71 11.41 11.12 10.81 10.51 10.21 9.913 9.616 9.322 9.033 8.748 8.469 8.196 7.93 7.671 7.418 7.173 6.935 6.705 6.483 6.267 6.059 5.859 5.665 5.479 5.299 5.125 4.959 4.798 4.643 4.495 4.351
12.13 12.38 12.61 12.83 13.05 13.25 13.44 13.63 13.8 13.96 14.1 14.24 14.36 14.47 14.56 14.65 14.72 14.78 14.82 14.85 14.87 14.88 14.87 14.85 14.82 14.78 14.72 14.65 14.56 14.47 14.36 14.24 14.1 13.96 13.8 13.63 13.44 13.25 13.05 12.83 12.61 12.38 12.13 11.88 11.63 11.37 11.1 10.83 10.55 10.28 10 9.724 9.448 9.175 8.904 8.636 8.373 8.114 7.861 7.613 7.371 7.136 6.907 6.684 6.468 6.259 6.056 5.86 5.671 5.488 5.311 5.14 4.976 4.817 4.664 4.517 4.375 4.238
11.48 11.7 11.92 12.12 12.32 12.51 12.69 12.86 13.01 13.16 13.29 13.42 13.53 13.63 13.72 13.8 13.87 13.92 13.96 13.99 14.01 14.02 14.01 13.99 13.96 13.92 13.87 13.8 13.72 13.63 13.53 13.42 13.29 13.16 13.01 12.86 12.69 12.51 12.32 12.12 11.92 11.7 11.48 11.25 11.02 10.77 10.53 10.28 10.03 9.774 9.52 9.265 9.011 8.758 8.508 8.261 8.017 7.777 7.541 7.311 7.085 6.865 6.651 6.442 6.24 6.043 5.852 5.667 5.488 5.315 5.148 4.986 4.83 4.679 4.533 4.393 4.257 4.127
10.87 11.08 11.27 11.46 11.65 11.82 11.98 12.14 12.28 12.42 12.55 12.66 12.77 12.86 12.94 13.01 13.08 13.13 13.16 13.19 13.21 13.21 13.21 13.19 13.16 13.13 13.08 13.01 12.94 12.86 12.77 12.66 12.55 12.42 12.28 12.14 11.98 11.82 11.65 11.46 11.27 11.08 10.87 10.66 10.44 10.22 9.997 9.768 9.536 9.303 9.068 8.833 8.599 8.365 8.134 7.905 7.678 7.456 7.237 7.022 6.812 6.606 6.405 6.21 6.02 5.835 5.655 5.481 5.312 5.148 4.99 4.836 4.688 4.544 4.406 4.272 4.143 4.018
10.31 10.49 10.68 10.85 11.02 11.18 11.33 11.47 11.61 11.73 11.85 11.96 12.05 12.14 12.22 12.28 12.34 12.39 12.42 12.45 12.47 12.47 12.47 12.45 12.42 12.39 12.34 12.28 12.22 12.14 12.05 11.96 11.85 11.73 11.61 11.47 11.33 11.18 11.02 10.85 10.68 10.49 10.31 10.11 9.912 9.708 9.5 9.289 9.075 8.86 8.643 8.427 8.21 7.994 7.78 7.567 7.357 7.15 6.946 6.746 6.55 6.358 6.17 5.987 5.808 5.634 5.465 5.3 5.141 4.986 4.836 4.691 4.55 4.413 4.282 4.154 4.031 3.911
9.777 9.951 10.12 10.28 10.44 10.58 10.72 10.86 10.98 11.1 11.21 11.3 11.39 11.47 11.55 11.61 11.66 11.7 11.74 11.76 11.78 11.78 11.78 11.76 11.74 11.7 11.66 11.61 11.55 11.47 11.39 11.3 11.21 11.1 10.98 10.86 10.72 10.58 10.44 10.28 10.12 9.951 9.777 9.598 9.414 9.226 9.034 8.84 8.643 8.444 8.244 8.044 7.843 7.643 7.445 7.247 7.052 6.86 6.67 6.483 6.3 6.12 5.944 5.772 5.604 5.441 5.281 5.126 4.976 4.829 4.687 4.549 4.416 4.286 4.161 4.039 3.922 3.808
9.284 9.445 9.6 9.75 9.893 10.03 10.16 10.28 10.4 10.5 10.6 10.7 10.78 10.85 10.92 10.98 11.03 11.07 11.1 11.12 11.13 11.14 11.13 11.12 11.1 11.07 11.03 10.98 10.92 10.85 10.78 10.7 10.6 10.5 10.4 10.28 10.16 10.03 9.893 9.75 9.6 9.445 9.284 9.119 8.949 8.776 8.599 8.419 8.237 8.053 7.868 7.683 7.497 7.312 7.127 6.944 6.763 6.583 6.406 6.232 6.061 5.892 5.728 5.566 5.409 5.255 5.105 4.958 4.816 4.678 4.543 4.412 4.285 4.162 4.043 3.927 3.815 3.706
8.824 8.972 9.116 9.254 9.386 9.513 9.633 9.747 9.853 9.953 10.05 10.13 10.21 10.28 10.34 10.39 10.44 10.47 10.5 10.52 10.54 10.54 10.54 10.52 10.5 10.47 10.44 10.39 10.34 10.28 10.21 10.13 10.05 9.953 9.853 9.747 9.633 9.513 9.386 9.254 9.116 8.972 8.824 8.671 8.514 8.353 8.19 8.024 7.855 7.685 7.514 7.342 7.17 6.998 6.827 6.656 6.488 6.32 6.155 5.992 5.832 5.675 5.52 5.369 5.221 5.076 4.934 4.796 4.662 4.531 4.403 4.279 4.159 4.042 3.928 3.818 3.711 3.608
8.393 8.53 8.663 8.791 8.913 9.03 9.142 9.247 9.346 9.438 9.524 9.602 9.674 9.738 9.796 9.845 9.887 9.922 9.949 9.968 9.98 9.984 9.98 9.968 9.949 9.922 9.887 9.845 9.796 9.738 9.674 9.602 9.524 9.438 9.346 9.247 9.142 9.03 8.913 8.791 8.663 8.53 8.393 8.251 8.106 7.958 7.806 7.652 7.496 7.339 7.18 7.021 6.861 6.701 6.542 6.383 6.226 6.07 5.916 5.764 5.614 5.466 5.321 5.179 5.04 4.903 4.77 4.64 4.513 4.389 4.268 4.151 4.036 3.925 3.817 3.712 3.61 3.511
7.989 8.116 8.239 8.358 8.471 8.58 8.683 8.78 8.872 8.958 9.037 9.11 9.177 9.236 9.289 9.336 9.375 9.407 9.432 9.45 9.461 9.464 9.461 9.45 9.432 9.407 9.375 9.336 9.289 9.236 9.177 9.11 9.037 8.958 8.872 8.78 8.683 8.58 8.471 8.358 8.239 8.116 7.989 7.858 7.724 7.586 7.446 7.303 7.159 7.013 6.865 6.717 6.569 6.42 6.272 6.124 5.978 5.832 5.688 5.546 5.405 5.267 5.131 4.997 4.866 4.738 4.612 4.489 4.369 4.252 4.137 4.026 3.917 3.812 3.709 3.609 3.512 3.417
7.611 7.729 7.842 7.952 8.058 8.158 8.254 8.344 8.429 8.509 8.583 8.65 8.712 8.768 8.817 8.86 8.896 8.926 8.949 8.966 8.976 8.979 8.976 8.966 8.949 8.926 8.896 8.86 8.817 8.768 8.712 8.65 8.583 8.509 8.429 8.344 8.254 8.158 8.058 7.952 7.842 7.729 7.611 7.489 7.365 7.237 7.107 6.975 6.84 6.705 6.568 6.43 6.292 6.154 6.016 5.878 5.741 5.605 5.471 5.337 5.206 5.076 4.948 4.823 4.699 4.578 4.46 4.344 4.23 4.119 4.011 3.905 3.802 3.702 3.604 3.509 3.416 3.326
7.256 7.365 7.471 7.573 7.67 7.764 7.852 7.936 8.015 8.089 8.158 8.221 8.278 8.33 8.375 8.415 8.449 8.477 8.498 8.514 8.523 8.526 8.523 8.514 8.498 8.477 8.449 8.415 8.375 8.33 8.278 8.221 8.158 8.089 8.015 7.936 7.852 7.764 7.67 7.573 7.471 7.365 7.256 7.143 7.027 6.909 6.788 6.665 6.541 6.414 6.287 6.159 6.031 5.902 5.773 5.644 5.517 5.39 5.264 5.139 5.015 4.894 4.774 4.656 4.539 4.425 4.313 4.204 4.096 3.991 3.889 3.789 3.691 3.595 3.502 3.411 3.323 3.237
6.922 7.024 7.122 7.216 7.307 7.394 7.476 7.554 7.628 7.696 7.76 7.818 7.872 7.92 7.962 7.999 8.031 8.057 8.077 8.091 8.1 8.103 8.1 8.091 8.077 8.057 8.031 7.999 7.962 7.92 7.872 7.818 7.76 7.696 7.628 7.554 7.476 7.394 7.307 7.216 7.122 7.024 6.922 6.817 6.71 6.6 6.488 6.373 6.258 6.14 6.022 5.902 5.783 5.663 5.542 5.422 5.303 5.184 5.066 4.949 4.833 4.719 4.606 4.495 4.386 4.278 4.172 4.069 3.967 3.868 3.771 3.676 3.583 3.492 3.403 3.317 3.233 3.151
6.608 6.703 6.794 6.882 6.966 7.047 7.124 7.196 7.264 7.328 7.387 7.442 7.491 7.536 7.575 7.61 7.639 7.663 7.682 7.695 7.703 7.706 7.703 7.695 7.682 7.663 7.639 7.61 7.575 7.536 7.491 7.442 7.387 7.328 7.264 7.196 7.124 7.047 6.966 6.882 6.794 6.703 6.608 6.511 6.411 6.309 6.205 6.098 5.99 5.881 5.771 5.66 5.548 5.436 5.323 5.211 5.099 4.988 4.878 4.768 4.659 4.552 4.446 4.341 4.238 4.137 4.037 3.939 3.843 3.749 3.656 3.566 3.478 3.392 3.307 3.225 3.145 3.067
