T1-compare/WRECTAN/直立/vz1o.grd
DSAA
200 200
-15 15
-15 15
0.71291435 99.3735
[rows 68 to 101 of 200, columns 78 to 155 of 200]
62.68 64.76 66.62 68.29 69.78 71.13 72.34 73.42 74.4 75.27 76.04 76.73 77.33 77.86 78.32 78.71 79.04 79.3 79.5 79.64 79.73 79.76 79.73 79.64 79.5 79.3 79.04 78.71 78.32 77.86 77.33 76.73 76.04 75.27 74.4 73.42 72.34 71.13 69.78 68.29 66.62 64.76 62.68 60.36 57.78 54.92 51.77 48.41 44.96 41.57 38.39 35.48 32.84 30.45 28.3 26.35 24.58 22.97 21.51 20.17 18.94 17.81 16.77 15.81 14.93 14.11 13.35 12.64 11.98 11.37 10.8 10.27 9.768 9.302 8.864 8.454 8.069 7.706
64.07 66.19 68.1 69.82 71.35 72.74 73.98 75.09 76.09 76.99 77.78 78.49 79.11 79.66 80.13 80.53 80.86 81.13 81.34 81.48 81.57 81.6 81.57 81.48 81.34 81.13 80.86 80.53 80.13 79.66 79.11 78.49 77.78 76.99 76.09 75.09 73.98 72.74 71.35 69.82 68.1 66.19 64.07 61.69 59.05 56.12 52.92 49.49 45.97 42.52 39.27 36.3 33.59 31.15 28.94 26.94 25.13 23.48 21.98 20.6 19.34 18.18 17.11 16.13 15.22 14.38 13.6 12.88 12.2 11.58 10.99 10.44 9.934 9.456 9.009 8.589 8.195 7.825
65.33 67.5 69.45 71.21 72.78 74.2 75.47 76.61 77.64 78.55 79.37 80.09 80.73 81.29 81.77 82.18 82.53 82.8 83.01 83.17 83.26 83.29 83.26 83.17 83.01 82.8 82.53 82.18 81.77 81.29 80.73 80.09 79.37 78.55 77.64 76.61 75.47 74.2 72.78 71.21 69.45 67.5 65.33 62.9 60.21 57.23 53.96 50.48 46.9 43.39 40.09 37.06 34.3 31.81 29.55 27.51 25.65 23.96 22.42 21.02 19.72 18.54 17.44 16.44 15.51 14.64 13.85 13.1 12.42 11.77 11.18 10.62 10.1 9.607 9.15 8.721 8.319 7.941
66.48 68.69 70.68 72.47 74.08 75.53 76.83 78 79.04 79.98 80.82 81.56 82.21 82.78 83.28 83.7 84.05 84.33 84.55 84.7 84.79 84.82 84.79 84.7 84.55 84.33 84.05 83.7 83.28 82.78 82.21 81.56 80.82 79.98 79.04 78 76.83 75.53 74.08 72.47 70.68 68.69 66.48 64.01 61.27 58.24 54.93 51.39 47.76 44.2 40.85 37.77 34.96 32.42 30.13 28.04 26.15 24.43 22.85 21.41 20.09 18.88 17.76 16.73 15.78 14.9 14.08 13.33 12.62 11.97 11.36 10.78 10.25 9.754 9.287 8.85 8.44 8.054
67.52 69.78 71.8 73.63 75.26 76.74 78.07 79.26 80.33 81.28 82.14 82.89 83.56 84.14 84.65 85.08 85.44 85.73 85.95 86.11 86.2 86.23 86.2 86.11 85.95 85.73 85.44 85.08 84.65 84.14 83.56 82.89 82.14 81.28 80.33 79.26 78.07 76.74 75.26 73.63 71.8 69.78 67.52 65.02 62.24 59.17 55.81 52.23 48.55 44.95 41.55 38.43 35.58 33 30.67 28.55 26.62 24.86 23.26 21.79 20.44 19.21 18.07 17.02 16.04 15.15 14.31 13.54 12.82 12.15 11.53 10.95 10.4 9.896 9.421 8.975 8.557 8.164
68.48 70.77 72.83 74.68 76.35 77.85 79.2 80.41 81.5 82.48 83.34 84.12 84.8 85.39 85.91 86.34 86.71 87 87.23 87.39 87.49 87.52 87.49 87.39 87.23 87 86.71 86.34 85.91 85.39 84.8 84.12 83.34 82.48 81.5 80.41 79.2 77.85 76.35 74.68 72.83 70.77 68.48 65.94 63.13 60.02 56.62 53 49.28 45.64 42.21 39.04 36.16 33.54 31.17 29.02 27.06 25.27 23.64 22.15 20.78 19.52 18.36 17.29 16.3 15.38 14.53 13.75 13.01 12.33 11.7 11.1 10.55 10.03 9.55 9.096 8.67 8.271
69.36 71.68 73.77 75.64 77.34 78.86 80.23 81.47 82.57 83.56 84.45 85.23 85.93 86.53 87.06 87.5 87.87 88.17 88.4 88.57 88.67 88.7 88.67 88.57 88.4 88.17 87.87 87.5 87.06 86.53 85.93 85.23 84.45 83.56 82.57 81.47 80.23 78.86 77.34 75.64 73.77 71.68 69.36 66.79 63.94 60.8 57.37 53.71 49.96 46.28 42.81 39.61 36.7 34.05 31.65 29.46 27.48 25.66 24.01 22.49 21.1 19.82 18.64 17.55 16.54 15.61 14.74 13.94 13.2 12.5 11.86 11.26 10.69 10.17 9.674 9.213 8.78 8.374
70.17 72.51 74.62 76.53 78.24 79.79 81.18 82.43 83.56 84.56 85.46 86.26 86.96 87.58 88.11 88.56 88.94 89.25 89.48 89.65 89.75 89.78 89.75 89.65 89.48 89.25 88.94 88.56 88.11 87.58 86.96 86.26 85.46 84.56 83.56 82.43 81.18 79.79 78.24 76.53 74.62 72.51 70.17 67.57 64.69 61.52 58.05 54.37 50.59 46.88 43.38 40.15 37.2 34.52 32.09 29.88 27.87 26.03 24.35 22.81 21.4 20.1 18.9 17.79 16.77 15.82 14.95 14.13 13.38 12.67 12.01 11.4 10.83 10.3 9.795 9.326 8.886 8.473
70.91 73.28 75.41 77.34 79.07 80.64 82.05 83.31 84.45 85.48 86.39 87.2 87.91 88.53 89.07 89.53 89.92 90.23 90.47 90.64 90.74 90.77 90.74 90.64 90.47 90.23 89.92 89.53 89.07 88.53 87.91 87.2 86.39 85.48 84.45 83.31 82.05 80.64 79.07 77.34 75.41 73.28 70.91 68.28 65.38 62.18 58.69 54.97 51.16 47.43 43.9 40.64 37.67 34.96 32.51 30.27 28.24 26.38 24.68 23.12 21.68 20.37 19.15 18.03 16.99 16.03 15.14 14.31 13.55 12.83 12.16 11.54 10.96 10.42 9.911 9.435 8.988 8.569
71.59 73.98 76.13 78.08 79.83 81.41 82.84 84.12 85.28 86.31 87.24 88.06 88.78 89.41 89.96 90.43 90.82 91.13 91.37 91.54 91.65 91.68 91.65 91.54 91.37 91.13 90.82 90.43 89.96 89.41 88.78 88.06 87.24 86.31 85.28 84.12 82.84 81.41 79.83 78.08 76.13 73.98 71.59 68.94 66.01 62.79 59.27 55.53 51.7 47.94 44.38 41.1 38.1 35.38 32.9 30.64 28.58 26.7 24.98 23.41 21.96 20.62 19.39 18.25 17.2 16.23 15.33 14.49 13.71 12.98 12.31 11.68 11.09 10.54 10.02 9.539 9.086 8.662
72.21 74.62 76.79 78.76 80.53 82.13 83.57 84.87 86.03 87.08 88.01 88.84 89.58 90.22 90.77 91.24 91.64 91.96 92.2 92.38 92.48 92.51 92.48 92.38 92.2 91.96 91.64 91.24 90.77 90.22 89.58 88.84 88.01 87.08 86.03 84.87 83.57 82.13 80.53 78.76 76.79 74.62 72.21 69.54 66.59 63.35 59.81 56.05 52.19 48.41 44.83 41.53 38.51 35.76 33.26 30.99 28.91 27.01 25.27 23.68 22.21 20.86 19.61 18.46 17.4 16.41 15.5 14.65 13.86 13.13 12.44 11.8 11.21 10.65 10.13 9.639 9.18 8.75
72.78 75.21 77.4 79.38 81.17 82.78 84.23 85.55 86.72 87.78 88.73 89.56 90.3 90.95 91.51 91.99 92.39 92.71 92.96 93.14 93.24 93.28 93.24 93.14 92.96 92.71 92.39 91.99 91.51 90.95 90.3 89.56 88.73 87.78 86.72 85.55 84.23 82.78 81.17 79.38 77.4 75.21 72.78 70.1 67.13 63.86 60.31 56.52 52.65 48.84 45.25 41.92 38.88 36.12 33.6 31.31 29.21 27.3 25.54 23.93 22.45 21.09 19.83 18.66 17.59 16.59 15.67 14.81 14.01 13.27 12.57 11.93 11.32 10.76 10.23 9.734 9.27 8.835
73.31 75.75 77.96 79.95 81.75 83.38 84.85 86.17 87.36 88.42 89.38 90.23 90.97 91.63 92.2 92.68 93.08 93.41 93.66 93.84 93.94 93.98 93.94 93.84 93.66 93.41 93.08 92.68 92.2 91.63 90.97 90.22 89.38 88.42 87.36 86.17 84.85 83.38 81.75 79.95 77.96 75.75 73.31 70.61 67.62 64.34 60.76 56.96 53.07 49.25 45.63 42.29 39.23 36.45 33.92 31.6 29.49 27.56 25.79 24.17 22.68 21.3 20.03 18.85 17.77 16.76 15.82 14.96 14.15 13.4 12.7 12.04 11.43 10.86 10.33 9.825 9.356 8.915
73.79 76.25 78.47 80.47 82.29 83.93 85.41 86.74 87.94 89.01 89.98 90.83 91.58 92.25 92.82 93.31 93.71 94.04 94.3 94.48 94.58 94.62 94.58 94.48 94.3 94.04 93.71 93.31 92.82 92.25 91.58 90.83 89.98 89.01 87.94 86.74 85.41 83.93 82.29 80.47 78.47 76.25 73.79 71.07 68.07 64.77 61.18 57.37 53.46 49.62 45.99 42.63 39.56 36.76 34.21 31.88 29.76 27.81 26.03 24.39 22.89 21.5 20.21 19.03 17.93 16.92 15.97 15.1 14.28 13.52 12.81 12.15 11.53 10.96 10.42 9.912 9.437 8.992
74.23 76.7 78.93 80.95 82.78 84.43 85.92 87.26 88.47 89.55 90.52 91.38 92.14 92.81 93.39 93.88 94.29 94.62 94.88 95.06 95.17 95.2 95.17 95.06 94.88 94.62 94.29 93.88 93.39 92.81 92.14 91.38 90.52 89.55 88.47 87.26 85.92 84.43 82.78 80.95 78.93 76.7 74.23 71.5 68.49 65.17 61.57 57.74 53.81 49.96 46.31 42.94 39.86 37.04 34.48 32.14 30 28.05 26.25 24.6 23.08 21.68 20.39 19.2 18.09 17.06 16.11 15.23 14.4 13.64 12.92 12.26 11.63 11.05 10.5 9.993 9.514 9.065
74.64 77.12 79.36 81.39 83.23 84.89 86.38 87.74 88.95 90.04 91.02 91.89 92.66 93.33 93.91 94.4 94.82 95.15 95.41 95.59 95.7 95.74 95.7 95.59 95.41 95.15 94.82 94.4 93.91 93.33 92.66 91.89 91.02 90.04 88.95 87.74 86.38 84.89 83.23 81.39 79.36 77.12 74.64 71.89 68.87 65.54 61.92 58.08 54.14 50.28 46.62 43.23 40.13 37.31 34.73 32.38 30.23 28.26 26.46 24.8 23.27 21.86 20.56 19.35 18.24 17.2 16.24 15.35 14.52 13.75 13.03 12.35 11.72 11.14 10.59 10.07 9.587 9.133
75.01 77.5 79.75 81.79 83.64 85.3 86.81 88.17 89.39 90.49 91.47 92.35 93.12 93.8 94.38 94.88 95.3 95.64 95.9 96.08 96.19 96.23 96.19 96.08 95.9 95.64 95.3 94.88 94.38 93.8 93.12 92.35 91.47 90.49 89.39 88.17 86.81 85.3 83.64 81.79 79.75 77.5 75.01 72.25 69.21 65.88 62.25 58.39 54.44 50.56 46.89 43.5 40.39 37.55 34.96 32.6 30.44 28.46 26.65 24.98 23.44 22.02 20.71 19.5 18.37 17.33 16.36 15.47 14.63 13.85 13.12 12.44 11.81 11.22 10.66 10.14 9.655 9.198
75.34 77.84 80.11 82.16 84.01 85.68 87.2 88.56 89.8 90.9 91.89 92.77 93.54 94.23 94.81 95.32 95.74 96.08 96.34 96.52 96.63 96.67 96.63 96.52 96.34 96.08 95.74 95.32 94.81 94.23 93.54 92.77 91.89 90.9 89.8 88.56 87.2 85.68 84.01 82.16 80.11 77.84 75.34 72.58 69.53 66.18 62.54 58.68 54.72 50.83 47.15 43.74 40.62 37.77 35.18 32.8 30.63 28.65 26.82 25.14 23.59 22.17 20.85 19.63 18.5 17.45 16.48 15.57 14.73 13.95 13.21 12.53 11.89 11.29 10.73 10.21 9.719 9.258
75.65 78.16 80.43 82.49 84.35 86.03 87.55 88.92 90.16 91.27 92.26 93.15 93.93 94.61 95.21 95.71 96.13 96.48 96.74 96.93 97.04 97.07 97.04 96.93 96.74 96.48 96.13 95.71 95.21 94.61 93.93 93.15 92.26 91.27 90.16 88.92 87.55 86.03 84.35 82.49 80.43 78.16 75.65 72.88 69.82 66.46 62.81 58.94 54.97 51.07 47.38 43.96 40.83 37.98 35.37 32.99 30.81 28.81 26.98 25.29 23.74 22.31 20.98 19.75 18.62 17.56 16.58 15.67 14.82 14.03 13.3 12.61 11.97 11.36 10.8 10.27 9.779 9.314
75.93 78.44 80.72 82.78 84.65 86.34 87.87 89.25 90.49 91.6 92.6 93.49 94.28 94.96 95.56 96.07 96.49 96.84 97.1 97.29 97.4 97.44 97.4 97.29 97.1 96.84 96.49 96.07 95.56 94.96 94.28 93.49 92.6 91.6 90.49 89.25 87.87 86.34 84.65 82.78 80.72 78.44 75.93 73.15 70.08 66.71 63.06 59.18 55.2 51.29 47.59 44.17 41.03 38.16 35.55 33.16 30.97 28.97 27.13 25.43 23.87 22.43 21.1 19.87 18.72 17.66 16.68 15.76 14.91 14.12 13.37 12.68 12.04 11.43 10.86 10.33 9.834 9.366
76.18 78.7 80.98 83.05 84.93 86.62 88.15 89.54 90.79 91.91 92.91 93.8 94.59 95.28 95.88 96.39 96.82 97.16 97.43 97.61 97.73 97.76 97.73 97.61 97.43 97.16 96.82 96.39 95.88 95.28 94.59 93.8 92.91 91.91 90.79 89.54 88.15 86.62 84.93 83.05 80.98 78.7 76.18 73.39 70.32 66.94 63.28 59.39 55.4 51.49 47.78 44.35 41.2 38.33 35.71 33.31 31.12 29.11 27.26 25.56 23.99 22.55 21.21 19.97 18.82 17.76 16.77 15.85 14.99 14.19 13.45 12.75 12.1 11.49 10.92 10.39 9.885 9.414
76.4 78.93 81.22 83.29 85.17 86.87 88.41 89.8 91.05 92.17 93.18 94.08 94.87 95.56 96.16 96.68 97.1 97.45 97.72 97.91 98.02 98.06 98.02 97.91 97.72 97.45 97.1 96.68 96.16 95.56 94.87 94.08 93.18 92.17 91.05 89.8 88.41 86.87 85.17 83.29 81.22 78.93 76.4 73.61 70.53 67.15 63.48 59.58 55.59 51.67 47.95 44.52 41.36 38.48 35.86 33.45 31.25 29.24 27.38 25.68 24.1 22.65 21.31 20.07 18.91 17.84 16.85 15.92 15.06 14.26 13.51 12.81 12.16 11.54 10.97 10.43 9.931 9.458
76.6 79.13 81.43 83.51 85.39 87.1 88.64 90.03 91.29 92.41 93.42 94.32 95.12 95.81 96.42 96.93 97.36 97.71 97.98 98.17 98.28 98.32 98.28 98.17 97.98 97.71 97.36 96.93 96.42 95.81 95.12 94.32 93.42 92.41 91.29 90.03 88.64 87.1 85.39 83.51 81.43 79.13 76.6 73.8 70.71 67.33 63.66 59.75 55.75 51.83 48.11 44.66 41.51 38.62 35.99 33.58 31.37 29.35 27.49 25.78 24.2 22.75 21.4 20.15 18.99 17.92 16.92 15.99 15.13 14.32 13.57 12.87 12.21 11.59 11.02 10.48 9.973 9.498
76.77 79.31 81.61 83.7 85.58 87.29 88.84 90.24 91.49 92.62 93.64 94.54 95.33 96.03 96.64 97.15 97.58 97.93 98.2 98.39 98.51 98.55 98.51 98.39 98.2 97.93 97.58 97.15 96.64 96.03 95.33 94.54 93.64 92.62 91.49 90.24 88.84 87.29 85.58 83.7 81.61 79.31 76.77 73.97 70.88 67.49 63.81 59.9 55.9 51.97 48.24 44.79 41.63 38.74 36.1 33.69 31.48 29.45 27.59 25.87 24.29 22.83 21.48 20.23 19.06 17.99 16.99 16.05 15.18 14.38 13.62 12.91 12.26 11.64 11.06 10.52 10.01 9.533
76.93 79.47 81.77 83.86 85.75 87.46 89.01 90.41 91.67 92.81 93.82 94.72 95.52 96.22 96.83 97.35 97.78 98.13 98.4 98.59 98.71 98.74 98.71 98.59 98.4 98.13 97.78 97.35 96.83 96.22 95.52 94.72 93.82 92.81 91.67 90.41 89.01 87.46 85.75 83.86 81.77 79.47 76.93 74.12 71.03 67.63 63.95 60.04 56.03 52.09 48.36 44.91 41.74 38.85 36.2 33.79 31.57 29.54 27.67 25.95 24.37 22.9 21.55 20.29 19.13 18.05 17.04 16.11 15.24 14.42 13.67 12.96 12.3 11.68 11.1 10.55 10.04 9.564
77.06 79.6 81.91 84 85.9 87.61 89.16 90.56 91.83 92.96 93.98 94.88 95.69 96.39 97 97.51 97.95 98.3 98.57 98.76 98.88 98.91 98.88 98.76 98.57 98.3 97.95 97.51 97 96.39 95.69 94.88 93.98 92.96 91.83 90.56 89.16 87.61 85.9 84 81.91 79.6 77.06 74.25 71.15 67.75 64.06 60.15 56.14 52.2 48.46 45.01 41.83 38.94 36.29 33.87 31.65 29.62 27.75 26.02 24.43 22.97 21.61 20.35 19.18 18.1 17.09 16.15 15.28 14.47 13.71 13 12.33 11.71 11.13 10.58 10.07 9.591
77.17 79.72 82.03 84.12 86.02 87.73 89.29 90.69 91.96 93.09 94.11 95.02 95.82 96.52 97.13 97.65 98.09 98.44 98.71 98.9 99.02 99.06 99.02 98.9 98.71 98.44 98.09 97.65 97.13 96.52 95.82 95.02 94.11 93.09 91.96 90.69 89.29 87.73 86.02 84.12 82.03 79.72 77.17 74.35 71.25 67.85 64.16 60.24 56.23 52.28 48.55 45.09 41.91 39.01 36.36 33.94 31.72 29.68 27.81 26.08 24.49 23.02 21.66 20.4 19.23 18.14 17.13 16.19 15.32 14.5 13.74 13.03 12.36 11.74 11.16 10.61 10.1 9.614
77.25 79.81 82.12 84.22 86.11 87.83 89.39 90.79 92.06 93.2 94.22 95.13 95.93 96.64 97.25 97.77 98.2 98.55 98.83 99.02 99.13 99.17 99.13 99.02 98.83 98.55 98.2 97.77 97.25 96.64 95.93 95.13 94.22 93.2 92.06 90.79 89.39 87.83 86.11 84.21 82.12 79.81 77.25 74.44 71.34 67.93 64.24 60.32 56.3 52.36 48.62 45.15 41.98 39.07 36.42 34 31.77 29.73 27.86 26.13 24.53 23.06 21.7 20.44 19.27 18.18 17.17 16.22 15.35 14.53 13.77 13.05 12.39 11.76 11.18 10.63 10.12 9.633
77.32 79.88 82.19 84.29 86.19 87.91 89.47 90.87 92.14 93.28 94.3 95.21 96.02 96.72 97.33 97.85 98.29 98.64 98.91 99.11 99.22 99.26 99.22 99.11 98.91 98.64 98.29 97.85 97.33 96.72 96.02 95.21 94.3 93.28 92.14 90.87 89.47 87.91 86.19 84.29 82.19 79.88 77.32 74.51 71.4 68 64.3 60.38 56.36 52.41 48.67 45.21 42.03 39.12 36.47 34.04 31.81 29.77 27.9 26.17 24.57 23.1 21.73 20.47 19.29 18.2 17.19 16.25 15.37 14.55 13.79 13.07 12.41 11.78 11.2 10.65 10.13 9.648
77.37 79.93 82.24 84.34 86.24 87.96 89.52 90.93 92.2 93.34 94.36 95.27 96.08 96.78 97.39 97.92 98.35 98.7 98.98 99.17 99.28 99.32 99.28 99.17 98.98 98.7 98.35 97.92 97.39 96.78 96.08 95.27 94.36 93.34 92.2 90.93 89.52 87.96 86.24 84.34 82.24 79.93 77.37 74.55 71.45 68.04 64.35 60.42 56.4 52.45 48.71 45.24 42.06 39.16 36.5 34.07 31.84 29.8 27.92 26.19 24.59 23.12 21.75 20.49 19.31 18.22 17.21 16.27 15.39 14.57 13.8 13.09 12.42 11.79 11.21 10.66 10.14 9.658
77.4 79.96 82.27 84.37 86.27 88 89.56 90.96 92.23 93.37 94.4 95.31 96.11 96.82 97.43 97.95 98.39 98.74 99.01 99.21 99.32 99.36 99.32 99.21 99.01 98.74 98.39 97.95 97.43 96.82 96.11 95.31 94.4 93.37 92.23 90.96 89.56 88 86.27 84.37 82.27 79.96 77.4 74.58 71.48 68.07 64.37 60.45 56.42 52.47 48.73 45.26 42.08 39.18 36.52 34.09 31.86 29.82 27.94 26.21 24.61 23.13 21.77 20.5 19.33 18.24 17.22 16.28 15.4 14.58 13.81 13.1 12.43 11.8 11.21 10.66 10.15 9.664
77.41 79.97 82.28 84.38 86.28 88.01 89.57 90.97 92.24 93.39 94.41 95.32 96.12 96.83 97.44 97.97 98.4 98.75 99.03 99.22 99.34 99.37 99.34 99.22 99.03 98.75 98.4 97.97 97.44 96.83 96.12 95.32 94.41 93.39 92.24 90.97 89.57 88.01 86.28 84.38 82.28 79.97 77.41 74.59 71.48 68.08 64.38 60.45 56.43 52.48 48.74 45.27 42.09 39.18 36.53 34.1 31.87 29.82 27.94 26.21 24.61 23.14 21.77 20.51 19.33 18.24 17.23 16.28 15.4 14.58 13.82 13.1 12.43 11.8 11.22 10.67 10.15 9.666
77.4 79.96 82.27 84.37 86.27 88 89.56 90.96 92.23 93.37 94.4 95.31 96.11 96.82 97.43 97.95 98.39 98.74 99.01 99.21 99.32 99.36 99.32 99.21 99.01 98.74 98.39 97.95 97.43 96.82 96.11 95.31 94.4 93.37 92.23 90.96 89.56 88 86.27 84.37 82.27 79.96 77.4 74.58 71.48 68.07 64.37 60.45 56.42 52.47 48.73 45.26 42.08 39.18 36.52 34.09 31.86 29.82 27.94 26.21 24.61 23.13 21.77 20.5 19.33 18.24 17.22 16.28 15.4 14.58 13.81 13.1 12.43 11.8 11.21 10.66 10.15 9.664
77.37 79.93 82.24 84.34 86.24 87.96 89.52 90.93 92.2 93.34 94.36 95.27 96.08 96.78 97.39 97.92 98.35 98.7 98.98 99.17 99.28 99.32 99.28 99.17 98.98 98.7 98.35 97.92 97.39 96.78 96.08 95.27 94.36 93.34 92.2 90.93 89.52 87.96 86.24 84.34 82.24 79.93 77.37 74.55 71.45 68.04 64.35 60.42 56.4 52.45 48.71 45.24 42.06 39.16 36.5 34.07 31.84 29.8 27.92 26.19 24.59 23.12 21.75 20.49 19.31 18.22 17.21 16.27 15.39 14.57 13.8 13.09 12.42 11.79 11.21 10.66 10.14 9.658
