T3-twomodels/gz/model150.grd
DSAA
         100         100
  -15.00000       15.00000    
  -15.00000       15.00000    
  -1.926746       6.827332    
[rows 0 to 26 of 100, columns 0 to 61 of 100]
-0.2669502 -0.2728639 -0.2788712 -0.2849642 -0.2911353 -0.2973748 -0.3036741 -0.3100225 -0.3164112 -0.3228303 -0.3292899 -0.3357792 -0.3422343 -0.3486582 -0.3550547 -0.3614143 -0.3677268 -0.3739828 -0.3801726 -0.3862873 -0.3923183 -0.3982586 -0.4041003 -0.4098375 -0.4154641 -0.4209754 -0.4263663 -0.4316333 -0.4367724 -0.4417812 -0.4466567 -0.4513969 -0.4559993 -0.4604627 -0.4647850 -0.4689650 -0.4730007 -0.4768912 -0.4806342 -0.4842288 -0.4876719 -0.4909622 -0.4940961 -0.4970717 -0.4998844 -0.5025323 -0.5050091 -0.5073134 -0.5094399 -0.5114127 -0.5132020 -0.5147440 -0.5160844 -0.5172251 -0.5181537 -0.5188614 -0.5193417 -0.5195872 -0.5195920 -0.5193487 -0.5188519 -0.5180949
-0.2757826 -0.2820876 -0.2884966 -0.2950019 -0.3015941 -0.3082636 -0.3149992 -0.3217914 -0.3286273 -0.3354951 -0.3423601 -0.3492092 -0.3560863 -0.3629633 -0.3698131 -0.3766226 -0.3833808 -0.3900768 -0.3967003 -0.4032412 -0.4096910 -0.4160409 -0.4222834 -0.4284115 -0.4344196 -0.4403020 -0.4460544 -0.4516723 -0.4571528 -0.4624925 -0.4676896 -0.4727416 -0.4776469 -0.4824040 -0.4870117 -0.4914683 -0.4957732 -0.4999245 -0.5039214 -0.5077617 -0.5114442 -0.5149656 -0.5183246 -0.5215170 -0.5245405 -0.5273896 -0.5300624 -0.5325507 -0.5348501 -0.5369241 -0.5387912 -0.5405062 -0.5420074 -0.5432786 -0.5443189 -0.5451237 -0.5456852 -0.5459970 -0.5460503 -0.5458385 -0.5453540 -0.5445905
-0.2850645 -0.2917918 -0.2986355 -0.3055863 -0.3126349 -0.3197696 -0.3269796 -0.3342520 -0.3415760 -0.3489387 -0.3563498 -0.3637956 -0.3712050 -0.3785795 -0.3859217 -0.3932196 -0.4004608 -0.4076338 -0.4147266 -0.4217291 -0.4286309 -0.4354233 -0.4420977 -0.4486474 -0.4550658 -0.4613477 -0.4674879 -0.4734829 -0.4793288 -0.4850236 -0.4905648 -0.4959509 -0.5011800 -0.5062518 -0.5111644 -0.5159178 -0.5205104 -0.5249420 -0.5292109 -0.5333161 -0.5372554 -0.5410275 -0.5446287 -0.5480574 -0.5513082 -0.5543789 -0.5572626 -0.5599574 -0.5624566 -0.5647859 -0.5669119 -0.5687641 -0.5703911 -0.5717940 -0.5729582 -0.5738720 -0.5745278 -0.5749158 -0.5750281 -0.5748553 -0.5743901 -0.5736239
-0.2948189 -0.3020025 -0.3093157 -0.3167493 -0.3242919 -0.3319318 -0.3396557 -0.3474512 -0.3553027 -0.3631953 -0.3710893 -0.3789683 -0.3868790 -0.3947886 -0.4026653 -0.4104936 -0.4182592 -0.4259491 -0.4335508 -0.4410523 -0.4484432 -0.4557132 -0.4628541 -0.4698578 -0.4767184 -0.4834293 -0.4899866 -0.4963857 -0.5026240 -0.5086988 -0.5146088 -0.5203519 -0.5259280 -0.5313359 -0.5365757 -0.5416462 -0.5465479 -0.5512794 -0.5558409 -0.5602303 -0.5644473 -0.5684888 -0.5723535 -0.5760369 -0.5795369 -0.5828470 -0.5859649 -0.5888810 -0.5915902 -0.5940511 -0.5962835 -0.5983461 -0.6001704 -0.6017370 -0.6030433 -0.6040831 -0.6048462 -0.6053238 -0.6055050 -0.6053810 -0.6049417 -0.6041790
-0.3050720 -0.3127483 -0.3205701 -0.3285262 -0.3366050 -0.3447927 -0.3530758 -0.3614383 -0.3698663 -0.3783440 -0.3868801 -0.3954576 -0.4039950 -0.4124925 -0.4209510 -0.4293555 -0.4376904 -0.4459415 -0.4540946 -0.4621370 -0.4700565 -0.4778430 -0.4854869 -0.4929805 -0.5003164 -0.5074893 -0.5144939 -0.5213273 -0.5279858 -0.5344682 -0.5407724 -0.5468984 -0.5528449 -0.5586132 -0.5642021 -0.5696129 -0.5748449 -0.5798990 -0.5847738 -0.5894701 -0.5939854 -0.5983192 -0.6024677 -0.6064295 -0.6101987 -0.6137728 -0.6171438 -0.6203090 -0.6232603 -0.6260254 -0.6285661 -0.6308031 -0.6327888 -0.6345231 -0.6359880 -0.6371693 -0.6380565 -0.6386372 -0.6389009 -0.6388357 -0.6384317 -0.6376781
-0.3158481 -0.3240573 -0.3324292 -0.3409520 -0.3496122 -0.3583953 -0.3672852 -0.3762659 -0.3853183 -0.3944240 -0.4035366 -0.4126357 -0.4217701 -0.4309013 -0.4399922 -0.4490231 -0.4579768 -0.4668368 -0.4755882 -0.4842161 -0.4927083 -0.5010529 -0.5092402 -0.5172613 -0.5251096 -0.5327787 -0.5402646 -0.5475632 -0.5546726 -0.5615907 -0.5683175 -0.5748521 -0.5811959 -0.5873485 -0.5933118 -0.5990859 -0.6046727 -0.6100717 -0.6152844 -0.6203095 -0.6251479 -0.6297963 -0.6342543 -0.6385167 -0.6425816 -0.6464419 -0.6500944 -0.6535281 -0.6567359 -0.6596715 -0.6623554 -0.6648511 -0.6670806 -0.6690211 -0.6706681 -0.6720124 -0.6730410 -0.6737422 -0.6741018 -0.6741084 -0.6737487 -0.6730123
-0.3271742 -0.3359596 -0.3449273 -0.3540642 -0.3633559 -0.3727854 -0.3823361 -0.3919881 -0.4017236 -0.4115227 -0.4213926 -0.4313116 -0.4411864 -0.4510142 -0.4607940 -0.4705066 -0.4801326 -0.4896544 -0.4990544 -0.5083173 -0.5174288 -0.5263768 -0.5351502 -0.5437406 -0.5521401 -0.5603433 -0.5683454 -0.5761434 -0.5837353 -0.5911205 -0.5982985 -0.6052710 -0.6120382 -0.6186026 -0.6249654 -0.6311292 -0.6370949 -0.6428649 -0.6484395 -0.6538201 -0.6590055 -0.6639959 -0.6687878 -0.6733797 -0.6777653 -0.6819419 -0.6859002 -0.6896360 -0.6931398 -0.6964409 -0.6994954 -0.7022132 -0.7046508 -0.7068059 -0.7086565 -0.7101847 -0.7113764 -0.7122155 -0.7126886 -0.7127799 -0.7124768 -0.7117652
-0.3390747 -0.3484834 -0.3580963 -0.3678995 -0.3778763 -0.3880091 -0.3982775 -0.4086618 -0.4191380 -0.4296824 -0.4402409 -0.4507876 -0.4613737 -0.4719535 -0.4824827 -0.4929369 -0.5032943 -0.5135344 -0.5236388 -0.5335895 -0.5433717 -0.5529718 -0.5623784 -0.5715818 -0.5805752 -0.5893517 -0.5979083 -0.6062415 -0.6143504 -0.6222348 -0.6298961 -0.6373354 -0.6445558 -0.6515594 -0.6583498 -0.6649294 -0.6713020 -0.6774690 -0.6834334 -0.6891956 -0.6947575 -0.7001165 -0.7052729 -0.7102216 -0.7149606 -0.7194815 -0.7237805 -0.7278444 -0.7316639 -0.7351860 -0.7384318 -0.7414700 -0.7442114 -0.7466282 -0.7487127 -0.7504522 -0.7518296 -0.7528291 -0.7534329 -0.7536258 -0.7533909 -0.7527143
-0.3515759 -0.3616583 -0.3719703 -0.3824956 -0.3932169 -0.4041133 -0.4151637 -0.4263436 -0.4376299 -0.4489973 -0.4604506 -0.4719626 -0.4834247 -0.4948308 -0.5061767 -0.5174381 -0.5285904 -0.5396112 -0.5504793 -0.5611758 -0.5716835 -0.5819885 -0.5920780 -0.6019426 -0.6115742 -0.6209674 -0.6301184 -0.6390253 -0.6476872 -0.6561059 -0.6642826 -0.6722213 -0.6799247 -0.6873980 -0.6946446 -0.7016698 -0.7084768 -0.7150706 -0.7214529 -0.7276275 -0.7335942 -0.7393546 -0.7449056 -0.7502462 -0.7553696 -0.7602726 -0.7649437 -0.7693776 -0.7735620 -0.7775280 -0.7812245 -0.7845475 -0.7875578 -0.7902503 -0.7925974 -0.7945755 -0.7961664 -0.7973490 -0.7981057 -0.7984163 -0.7982645 -0.7976322
-0.3646998 -0.3755111 -0.3865796 -0.3978882 -0.4094169 -0.4211438 -0.4330435 -0.4450909 -0.4572557 -0.4695080 -0.4817830 -0.4940477 -0.5063569 -0.5186552 -0.5308893 -0.5430284 -0.5550449 -0.5669130 -0.5786101 -0.5901139 -0.6014071 -0.6124732 -0.6232998 -0.6338758 -0.6441943 -0.6542490 -0.6640376 -0.6735582 -0.6828122 -0.6918008 -0.7005286 -0.7089991 -0.7172188 -0.7251922 -0.7329268 -0.7404271 -0.7477003 -0.7547504 -0.7615831 -0.7682007 -0.7746069 -0.7808008 -0.7867836 -0.7925502 -0.7980987 -0.8034192 -0.8085067 -0.8133450 -0.8179221 -0.8221756 -0.8261269 -0.8298507 -0.8332434 -0.8362699 -0.8389183 -0.8411705 -0.8430040 -0.8443980 -0.8453295 -0.8457784 -0.8457236 -0.8451473
-0.3784699 -0.3900683 -0.4019557 -0.4141126 -0.4265178 -0.4391454 -0.4519693 -0.4649581 -0.4780826 -0.4913100 -0.5046422 -0.5180444 -0.5313893 -0.5446665 -0.5578671 -0.5709605 -0.5839151 -0.5967031 -0.6092979 -0.6216764 -0.6338180 -0.6457065 -0.6573268 -0.6686691 -0.6797250 -0.6904899 -0.7009610 -0.7111387 -0.7210242 -0.7306221 -0.7399366 -0.7489751 -0.7577437 -0.7662515 -0.7745055 -0.7825143 -0.7902851 -0.7978257 -0.8051411 -0.8122379 -0.8191179 -0.8257846 -0.8322362 -0.8384722 -0.8444849 -0.8502707 -0.8558157 -0.8611120 -0.8661436 -0.8709435 -0.8754497 -0.8795412 -0.8832829 -0.8866655 -0.8896530 -0.8922147 -0.8943263 -0.8959603 -0.8970934 -0.8977001 -0.8977596 -0.8972490
-0.3929029 -0.4053512 -0.4181233 -0.4311989 -0.4445529 -0.4581583 -0.4719836 -0.4859967 -0.5001594 -0.5144333 -0.5287406 -0.5430396 -0.5573884 -0.5717200 -0.5859694 -0.6000980 -0.6140705 -0.6278546 -0.6414219 -0.6547456 -0.6678041 -0.6805784 -0.6930541 -0.7052195 -0.7170675 -0.7285928 -0.7397949 -0.7506739 -0.7612342 -0.7714804 -0.7814209 -0.7910630 -0.8004172 -0.8094928 -0.8183014 -0.8268520 -0.8351559 -0.8432210 -0.8510568 -0.8586688 -0.8660638 -0.8732427 -0.8802086 -0.8869568 -0.8934852 -0.8997824 -0.9058416 -0.9116420 -0.9171676 -0.9223436 -0.9271904 -0.9317893 -0.9360166 -0.9398280 -0.9432046 -0.9461212 -0.9485475 -0.9504561 -0.9518170 -0.9526049 -0.9527933 -0.9523597
-0.4080143 -0.4213781 -0.4351056 -0.4491730 -0.4635539 -0.4782165 -0.4931276 -0.5082480 -0.5235399 -0.5389620 -0.5545121 -0.5701459 -0.5857127 -0.6011961 -0.6165824 -0.6318321 -0.6469056 -0.6617677 -0.6763850 -0.6907297 -0.7047761 -0.7185051 -0.7318998 -0.7449495 -0.7576458 -0.7699856 -0.7819677 -0.7935959 -0.8048743 -0.8158119 -0.8264170 -0.8367019 -0.8466776 -0.8563584 -0.8657565 -0.8748858 -0.8837581 -0.8923864 -0.9007798 -0.9089498 -0.9169006 -0.9246396 -0.9321659 -0.9394807 -0.9465756 -0.9534458 -0.9600738 -0.9664484 -0.9725478 -0.9784055 -0.9839454 -0.9890230 -0.9937064 -0.9979792 -1.001794 -1.005111 -1.007896 -1.010113 -1.011732 -1.012722 -1.013055 -1.012705
-0.4238107 -0.4381600 -0.4529155 -0.4680525 -0.4835402 -0.4993446 -0.5154260 -0.5317441 -0.5482502 -0.5648966 -0.5815886 -0.5982736 -0.6150153 -0.6317318 -0.6483438 -0.6648028 -0.6810647 -0.6970885 -0.7128384 -0.7282817 -0.7433918 -0.7581461 -0.7725282 -0.7865247 -0.8001296 -0.8133388 -0.8261539 -0.8385791 -0.8506225 -0.8622934 -0.8736054 -0.8845715 -0.8952082 -0.9055306 -0.9155565 -0.9253011 -0.9347815 -0.9440116 -0.9530065 -0.9617765 -0.9703329 -0.9786802 -0.9868237 -0.9947600 -1.002487 -1.009991 -1.017263 -1.024275 -1.031004 -1.037359 -1.043357 -1.049084 -1.054391 -1.059217 -1.063534 -1.067308 -1.070495 -1.073061 -1.074966 -1.076180 -1.076669 -1.076408
-0.4402932 -0.4556991 -0.4715594 -0.4878449 -0.5045227 -0.5215527 -0.5388930 -0.5564947 -0.5743092 -0.5922851 -0.6104163 -0.6286476 -0.6467995 -0.6648496 -0.6827782 -0.7005358 -0.7180732 -0.7353452 -0.7523108 -0.7689343 -0.7851849 -0.8010390 -0.8164771 -0.8314873 -0.8460615 -0.8601983 -0.8738997 -0.8871731 -0.9000276 -0.9124777 -0.9245379 -0.9362268 -0.9475627 -0.9585667 -0.9692581 -0.9796585 -0.9897864 -0.9996625 -1.009302 -1.018722 -1.027934 -1.036948 -1.045767 -1.054394 -1.062821 -1.071040 -1.079030 -1.086773 -1.094238 -1.101458 -1.108336 -1.114691 -1.120597 -1.126023 -1.130907 -1.135192 -1.138832 -1.141783 -1.144004 -1.145457 -1.146110 -1.145932
-0.4574485 -0.4739850 -0.4910261 -0.5085407 -0.5264899 -0.5448304 -0.5635124 -0.5824846 -0.6016867 -0.6210593 -0.6404887 -0.6599115 -0.6794003 -0.6988572 -0.7181861 -0.7373278 -0.7562265 -0.7748311 -0.7930963 -0.8109807 -0.8284512 -0.8454794 -0.8620461 -0.8781363 -0.8937440 -0.9088667 -0.9235104 -0.9376825 -0.9513978 -0.9646713 -0.9775240 -0.9899766 -1.002053 -1.013777 -1.025176 -1.036271 -1.047091 -1.057656 -1.067990 -1.078111 -1.088037 -1.097778 -1.107345 -1.116734 -1.125946 -1.134964 -1.143773 -1.152336 -1.160619 -1.168505 -1.176002 -1.183201 -1.189913 -1.196056 -1.201584 -1.206448 -1.210590 -1.213964 -1.216521 -1.218224 -1.219037 -1.218929
-0.4752539 -0.4929934 -0.5112920 -0.5301126 -0.5494124 -0.5691401 -0.5892422 -0.6096564 -0.6303238 -0.6511812 -0.6722226 -0.6933829 -0.7144492 -0.7353958 -0.7561997 -0.7768010 -0.7971386 -0.8171558 -0.8367999 -0.8560256 -0.8747926 -0.8930713 -0.9108374 -0.9280767 -0.9447809 -0.9609507 -0.9765915 -0.9917159 -1.006340 -1.020484 -1.034172 -1.047431 -1.060288 -1.072775 -1.084920 -1.096756 -1.108310 -1.119613 -1.130692 -1.141573 -1.152274 -1.162814 -1.173202 -1.183444 -1.193532 -1.203457 -1.213190 -1.222702 -1.231948 -1.240954 -1.249589 -1.257623 -1.265126 -1.272047 -1.278297 -1.283801 -1.288494 -1.292319 -1.295227 -1.297174 -1.298127 -1.298056
-0.4936646 -0.5126786 -0.5323062 -0.5525054 -0.5732245 -0.5944068 -0.6159869 -0.6379006 -0.6600744 -0.6824390 -0.7048621 -0.7272735 -0.7497684 -0.7722350 -0.7945617 -0.8166788 -0.8385183 -0.8600155 -0.8811114 -0.9017510 -0.9218901 -0.9414914 -0.9605289 -0.9789842 -0.9968501 -1.014126 -1.030821 -1.046949 -1.062532 -1.077592 -1.092160 -1.106267 -1.119948 -1.133237 -1.146173 -1.158789 -1.171126 -1.183217 -1.195098 -1.206797 -1.218344 -1.229759 -1.241060 -1.252250 -1.263330 -1.274279 -1.285075 -1.295666 -1.305998 -1.315909 -1.325393 -1.334537 -1.343089 -1.350933 -1.357997 -1.364207 -1.369489 -1.373783 -1.377033 -1.379199 -1.380245 -1.380149
-0.5126204 -0.5329743 -0.5539965 -0.5756344 -0.5978283 -0.6205075 -0.6436004 -0.6670284 -0.6907207 -0.7146076 -0.7386943 -0.7629182 -0.7870359 -0.8110329 -0.8348925 -0.8585473 -0.8819240 -0.9049497 -0.9275535 -0.9496722 -0.9712499 -0.9922435 -1.012619 -1.032357 -1.051447 -1.069889 -1.087693 -1.104878 -1.121467 -1.137490 -1.152982 -1.167980 -1.182524 -1.196658 -1.210425 -1.223870 -1.237036 -1.249968 -1.262707 -1.275294 -1.287761 -1.300140 -1.312451 -1.324708 -1.336904 -1.349029 -1.361041 -1.372895 -1.384516 -1.395913 -1.406898 -1.417159 -1.426753 -1.435591 -1.443547 -1.450512 -1.456404 -1.461153 -1.464708 -1.467026 -1.468082 -1.467856
-0.5320289 -0.5537818 -0.5762504 -0.5993716 -0.6230675 -0.6472554 -0.6718442 -0.6967496 -0.7218853 -0.7471807 -0.7724973 -0.7977819 -0.8231903 -0.8486161 -0.8739449 -0.8991030 -0.9240093 -0.9485779 -0.9727245 -0.9963686 -1.019442 -1.041889 -1.063667 -1.084749 -1.105123 -1.124788 -1.143757 -1.162048 -1.179692 -1.196722 -1.213181 -1.229110 -1.244560 -1.259579 -1.274221 -1.288537 -1.302583 -1.316409 -1.330071 -1.343614 -1.357087 -1.370526 -1.383964 -1.397415 -1.410887 -1.424355 -1.437785 -1.451097 -1.464196 -1.476852 -1.489012 -1.500746 -1.511700 -1.521694 -1.530617 -1.538366 -1.544848 -1.549996 -1.553758 -1.556107 -1.557024 -1.556508
-0.5517749 -0.5749719 -0.5989233 -0.6235438 -0.6487354 -0.6743861 -0.7003868 -0.7266294 -0.7530317 -0.7795339 -0.8061919 -0.8329918 -0.8596957 -0.8863479 -0.9129726 -0.9395089 -0.9658672 -0.9919448 -1.017632 -1.042826 -1.067434 -1.091385 -1.114619 -1.137104 -1.158819 -1.179763 -1.199946 -1.219394 -1.238137 -1.256219 -1.273684 -1.290586 -1.306979 -1.322925 -1.338482 -1.353717 -1.368690 -1.383470 -1.398116 -1.412695 -1.427261 -1.441871 -1.456562 -1.471368 -1.486290 -1.501318 -1.516393 -1.531435 -1.546316 -1.560994 -1.575174 -1.588399 -1.600685 -1.611880 -1.621796 -1.630292 -1.637275 -1.642677 -1.646468 -1.648632 -1.649178 -1.648120
-0.5716978 -0.5963707 -0.6218155 -0.6479185 -0.6745412 -0.7015356 -0.7287470 -0.7560450 -0.7833247 -0.8105410 -0.8376031 -0.8645649 -0.8917618 -0.9191729 -0.9467308 -0.9743775 -1.002008 -1.029486 -1.056664 -1.083396 -1.109559 -1.135047 -1.159786 -1.183722 -1.206830 -1.229101 -1.250549 -1.271197 -1.291085 -1.310257 -1.328769 -1.346680 -1.364056 -1.380966 -1.397482 -1.413677 -1.429630 -1.445416 -1.461118 -1.476809 -1.492571 -1.508466 -1.524562 -1.540895 -1.557491 -1.574325 -1.591346 -1.608421 -1.625377 -1.641835 -1.657643 -1.672796 -1.686762 -1.699257 -1.710119 -1.719224 -1.726487 -1.731871 -1.735367 -1.737002 -1.736811 -1.734849
-0.5916049 -0.6177635 -0.6446841 -0.6722026 -0.7001240 -0.7282256 -0.7562883 -0.7841133 -0.8115849 -0.8386908 -0.8656634 -0.8927152 -0.9197842 -0.9471487 -0.9749807 -1.003249 -1.031817 -1.060487 -1.089036 -1.117256 -1.144961 -1.172006 -1.198280 -1.223710 -1.248254 -1.271900 -1.294655 -1.316547 -1.337617 -1.357919 -1.377512 -1.396470 -1.414863 -1.432774 -1.450285 -1.467485 -1.484464 -1.501318 -1.518140 -1.535033 -1.552089 -1.569407 -1.587066 -1.605139 -1.623654 -1.642613 -1.661926 -1.681453 -1.700938 -1.720210 -1.738733 -1.755761 -1.771218 -1.784851 -1.796414 -1.805771 -1.812879 -1.817744 -1.820421 -1.820982 -1.819523 -1.816133
-0.6112440 -0.6388777 -0.6672187 -0.6960320 -0.7250208 -0.7538478 -0.7821519 -0.8096198 -0.8360459 -0.8614483 -0.8859765 -0.9101514 -0.9349437 -0.9607435 -0.9876915 -1.015754 -1.044704 -1.074215 -1.103935 -1.133535 -1.162743 -1.191339 -1.219168 -1.246122 -1.272141 -1.297198 -1.321301 -1.344473 -1.366762 -1.388225 -1.408936 -1.428969 -1.448413 -1.467357 -1.485902 -1.504145 -1.522199 -1.540173 -1.558189 -1.576364 -1.594830 -1.613705 -1.633116 -1.653156 -1.673899 -1.695340 -1.717404 -1.739849 -1.762308 -1.784063 -1.804674 -1.823935 -1.840988 -1.855428 -1.867108 -1.875998 -1.882142 -1.885658 -1.886681 -1.885372 -1.881881 -1.876362
-0.6303164 -0.6593889 -0.6890601 -0.7189789 -0.7486979 -0.7776644 -0.8052701 -0.8309143 -0.8541980 -0.8751290 -0.8945072 -0.9135511 -0.9332482 -0.9548367 -0.9789303 -1.005443 -1.033915 -1.063745 -1.094330 -1.125150 -1.155780 -1.185905 -1.215291 -1.243791 -1.271312 -1.297815 -1.323295 -1.347781 -1.371318 -1.393975 -1.415827 -1.436967 -1.457487 -1.477497 -1.497104 -1.516431 -1.535600 -1.554751 -1.574021 -1.593570 -1.613550 -1.634138 -1.655490 -1.677767 -1.701071 -1.725451 -1.750779 -1.776762 -1.802804 -1.828315 -1.852140 -1.872924 -1.890476 -1.904551 -1.915052 -1.922091 -1.925903 -1.926746 -1.924893 -1.920586 -1.914055 -1.905495
-0.6484420 -0.6788985 -0.7097704 -0.7405481 -0.7705337 -0.7988313 -0.8243356 -0.8458537 -0.8623497 -0.8735400 -0.8803679 -0.8856199 -0.8932920 -0.9057393 -0.9236423 -0.9465078 -0.9732467 -1.002666 -1.033711 -1.065529 -1.097476 -1.129080 -1.160018 -1.190072 -1.219117 -1.247087 -1.273974 -1.299796 -1.324609 -1.348480 -1.371501 -1.393766 -1.415390 -1.436487 -1.457189 -1.477627 -1.497955 -1.518325 -1.538919 -1.559914 -1.581527 -1.603966 -1.627472 -1.652257 -1.678520 -1.706324 -1.735556 -1.765675 -1.795675 -1.823785 -1.848699 -1.869845 -1.886129 -1.897478 -1.904305 -1.907128 -1.906442 -1.902709 -1.896304 -1.887557 -1.876730 -1.864056
-0.6651758 -0.6969424 -0.7288660 -0.7602014 -0.7898968 -0.8164753 -0.8379610 -0.8518333 -0.8553990 -0.8469338 -0.8283588 -0.8064573 -0.7896135 -0.7838115 -0.7899943 -0.8060973 -0.8293958 -0.8574851 -0.8884923 -0.9210510 -0.9541802 -0.9872085 -1.019673 -1.051285 -1.081862 -1.111321 -1.139629 -1.166811 -1.192914 -1.218022 -1.242224 -1.265638 -1.288378 -1.310586 -1.332398 -1.353980 -1.375492 -1.397131 -1.419092 -1.441618 -1.464953 -1.489396 -1.515244 -1.542838 -1.572445 -1.604240 -1.637980 -1.672766 -1.706522 -1.736692 -1.760459 -1.776266 -1.785380 -1.788882 -1.787709 -1.782704 -1.774571 -1.763825 -1.750881 -1.736034 -1.719541 -1.701588
