T3-twomodels/gz/model150.grd
DSAA
         100         100
  -15.00000       15.00000    
  -15.00000       15.00000    
  -1.926746       6.827332    
[rows 54 to 80 of 100, columns 0 to 61 of 100]
-0.8930916 -0.9453643 -0.9939613 -1.036876 -1.065823 -1.073068 -1.036900 -0.9267573 -0.6646159 -0.1058101 0.9942199 2.407729 3.387596 3.869306 4.090780 4.181949 4.205548 4.192187 4.157598 4.111889 4.059623 4.005294 3.949856 3.895808 3.842664 3.792127 3.743046 3.696801 3.651886 3.609584 3.568156 3.528895 3.489855 3.452409 3.414367 3.377217 3.338435 3.299663 3.257883 3.214914 3.166978 3.116128 3.057392 2.993306 2.917352 2.834703 2.742047 2.673293 2.718050 3.144404 3.804600 4.143898 4.279244 4.385148 4.488227 4.588675 4.686801 4.780474 4.871488 4.958207 5.042664 5.123332
-0.8848601 -0.9364430 -0.9843149 -1.026469 -1.054628 -1.061056 -1.024053 -0.9130529 -0.6500498 -9.0381026E-02 1.010334 2.424340 3.404954 3.887535 4.109879 4.201910 4.226355 4.213819 4.180033 4.135098 4.083578 4.029958 3.975196 3.921790 3.869251 3.819285 3.770744 3.725007 3.680576 3.638730 3.597739 3.558897 3.520264 3.483215 3.445567 3.408807 3.370423 3.332052 3.290691 3.248152 3.200671 3.150294 3.092063 3.028504 2.953112 2.871044 2.779003 2.710868 2.756250 3.182981 3.843496 4.183527 4.319571 4.426060 4.529654 4.630561 4.729078 4.823079 4.914346 5.001249 5.085816 5.166524
-0.8752453 -0.9260219 -0.9730450 -1.014315 -1.041557 -1.047045 -1.009078 -0.8971043 -0.6331095 -7.2434150E-02 1.029480 2.444883 3.426635 3.910222 4.133562 4.226578 4.251994 4.240415 4.207560 4.163529 4.112877 4.060092 4.006123 3.953470 3.901642 3.852350 3.804441 3.759304 3.715438 3.674131 3.633652 3.595305 3.557150 3.520571 3.483385 3.447089 3.409173 3.371284 3.330416 3.288398 3.241459 3.191661 3.134037 3.071130 2.996419 2.915079 2.823786 2.756443 2.802641 3.230453 3.892095 4.232785 4.369461 4.476604 4.580812 4.682255 4.781230 4.875594 4.967136 5.054220 5.138877 5.219588
-0.8643243 -0.9141813 -0.9602434 -1.000515 -1.026730 -1.031166 -0.9921387 -0.8790926 -0.6140311 -5.2297849E-02 1.050479 2.466543 3.449226 3.933882 4.158301 4.252400 4.278894 4.268380 4.236573 4.193562 4.143899 4.092062 4.039000 3.987206 3.936196 3.887672 3.840492 3.796039 3.752824 3.712132 3.672245 3.634462 3.596858 3.560815 3.524164 3.488402 3.451029 3.413696 3.373409 3.331995 3.285702 3.236581 3.179690 3.117556 3.043677 2.963210 2.872846 2.806450 2.853612 3.282124 3.944400 4.286148 4.423813 4.531796 4.636727 4.738791 4.838267 4.933020 5.024828 5.112062 5.196757 5.277399
-0.8521855 -0.9010215 -0.9460194 -0.9851949 -1.010292 -1.013602 -0.9734474 -0.8592888 -0.5931215 -3.0289141E-02 1.073778 2.491342 3.475254 3.961015 4.186550 4.281782 4.309420 4.300056 4.269390 4.227503 4.178933 4.128154 4.076104 4.025277 3.975180 3.927523 3.881158 3.837479 3.794992 3.754996 3.715768 3.678625 3.641638 3.606204 3.570154 3.534999 3.498241 3.461544 3.421919 3.381207 3.335654 3.287334 3.231296 3.170088 3.097195 3.017789 2.928535 2.863315 2.911689 3.341701 4.005510 4.348266 4.486871 4.595770 4.701514 4.804249 4.904252 4.999373 5.091402 5.178709 5.263340 5.343791
-0.8389540 -0.8866755 -0.9305244 -0.9685286 -0.9924517 -0.9946013 -0.9533190 -0.8380712 -0.5708718 -7.0598675E-03 1.097747 2.515823 3.500553 3.987314 4.213907 4.310250 4.339046 4.330871 4.301412 4.260728 4.213344 4.163717 4.112780 4.063014 4.013928 3.967226 3.921765 3.878938 3.837261 3.798030 3.759538 3.723100 3.686800 3.652039 3.616661 3.582179 3.546113 3.510129 3.471256 3.431337 3.386639 3.339237 3.284201 3.224073 3.152360 3.074213 2.986312 2.922493 2.972300 3.403458 4.068318 4.412544 4.552488 4.662485 4.769124 4.872558 4.973051 5.068469 5.160599 5.247833 5.332226 5.412296
-0.8247748 -0.8713076 -0.9139433 -0.9507353 -0.9734716 -0.9744939 -0.9321648 -0.8159808 -0.5479475 1.6607577E-02 1.122313 2.541498 3.527067 4.014594 4.242053 4.339373 4.369255 4.362251 4.334016 4.294588 4.248458 4.200068 4.150329 4.101716 4.053728 4.008069 3.963593 3.921698 3.880902 3.842511 3.804820 3.769154 3.733605 3.699583 3.664939 3.631204 3.595899 3.560711 3.522673 3.483652 3.439919 3.393574 3.339691 3.280835 3.210506 3.133875 3.047589 2.985492 3.037080 3.470327 4.137275 4.482939 4.624156 4.735286 4.842828 4.946898 5.047764 5.143295 5.235307 5.322208 5.406091 5.485489
-0.8098413 -0.8551272 -0.8965161 -0.9320946 -0.9536980 -0.9537145 -0.9105615 -0.7937641 -0.5253576 3.9355464E-02 1.144843 2.563523 3.548978 4.036714 4.264610 4.362605 4.393377 4.387436 4.360391 4.322227 4.277398 4.230306 4.181841 4.134460 4.087653 4.043113 3.999702 3.958811 3.918968 3.881483 3.844659 3.809826 3.775092 3.741868 3.708027 3.675100 3.640632 3.606314 3.569206 3.531180 3.488539 3.443390 3.390838 3.333455 3.264769 3.189934 3.105613 3.045579 3.099289 3.534313 4.202864 4.550482 4.693346 4.805686 4.914038 5.018548 5.119501 5.214804 5.306308 5.392470 5.475413 5.553722
-0.7943801 -0.8383870 -0.8785263 -0.9129462 -0.9335499 -0.9328161 -0.8892478 -0.7724580 -0.5045039 5.9344988E-02 1.163921 2.581862 3.566374 4.053328 4.280872 4.378972 4.410257 4.405156 4.379185 4.342249 4.298730 4.252982 4.205851 4.159772 4.114216 4.070872 4.028592 3.988777 3.949951 3.913436 3.877535 3.843599 3.809733 3.777372 3.744389 3.712340 3.678773 3.645409 3.609313 3.572393 3.530965 3.487172 3.436135 3.380469 3.313704 3.241029 3.159061 3.101569 3.157899 3.595837 4.267162 4.616605 4.760851 4.874155 4.982971 5.087448 5.187936 5.282398 5.372765 5.457551 5.538945 5.615569
-0.7786773 -0.8213934 -0.8603225 -0.8936974 -0.9135422 -0.9124807 -0.8691955 -0.7534605 -0.4874612 7.3561154E-02 1.174418 2.588158 3.569141 4.053445 4.279237 4.376467 4.407634 4.402992 4.377891 4.342086 4.299857 4.255468 4.209718 4.164996 4.120758 4.078673 4.037592 3.998912 3.961166 3.925675 3.890759 3.857769 3.824830 3.793381 3.761317 3.730200 3.697607 3.665265 3.630277 3.594563 3.554482 3.512200 3.462892 3.409196 3.344700 3.274583 3.195482 3.141051 3.200500 3.641026 4.314457 4.666018 4.811589 4.925317 5.033792 5.137306 5.236325 5.328949 5.417202 5.499695 5.578678 5.652837
-0.7630689 -0.8045101 -0.8423044 -0.8748175 -0.8942574 -0.8935101 -0.8515826 -0.7386376 -0.4771685 7.7504039E-02 1.170875 2.576966 3.550596 4.028908 4.250548 4.345331 4.375403 4.370652 4.346106 4.311282 4.270280 4.227252 4.182908 4.139593 4.096722 4.055954 4.016129 3.978642 3.942026 3.907615 3.873731 3.841740 3.809773 3.779291 3.748194 3.718071 3.686507 3.655265 3.621461 3.587063 3.548450 3.507853 3.460484 3.409056 3.347192 3.280134 3.204465 3.153754 3.216920 3.661142 4.337486 4.690105 4.835528 4.948093 5.054533 5.155351 5.251248 5.340485 5.425229 5.504169 5.579633 5.650340
-0.7479740 -0.7881742 -0.8249449 -0.8568360 -0.8763475 -0.8767880 -0.8377956 -0.7303492 -0.4778858 6.3706398E-02 1.140228 2.527937 3.485388 3.951452 4.164876 4.254766 4.282347 4.276707 4.252303 4.218250 4.178390 4.136696 4.093777 4.051900 4.010446 3.971042 3.932522 3.896275 3.860841 3.827552 3.794746 3.763795 3.732849 3.703373 3.673293 3.644208 3.613736 3.583653 3.551118 3.518123 3.481112 3.442356 3.397154 3.348286 3.289478 3.226000 3.154434 3.108040 3.175170 3.621711 4.298346 4.649848 4.792272 4.900429 5.001669 5.096943 5.187217 5.270933 5.350338 5.424182 5.494801 5.560934
-0.7338833 -0.7728917 -0.8087656 -0.8403155 -0.8604550 -0.8631777 -0.8292164 -0.7313091 -0.4953655 2.0165468E-02 1.061405 2.410519 3.334234 3.776292 3.974831 4.056288 4.079531 4.072052 4.047300 4.013782 3.974955 3.934566 3.893073 3.852662 3.812656 3.774661 3.737485 3.702523 3.668307 3.636183 3.604491 3.574621 3.544727 3.516299 3.487273 3.459275 3.429936 3.401074 3.369870 3.338372 3.303067 3.266313 3.223480 3.177479 3.122129 3.062808 2.995940 2.954208 3.024328 3.470355 4.141640 4.483637 4.615307 4.712729 4.803737 4.889478 4.970985 5.046658 5.118698 5.185778 5.250186 5.310596
-0.7213754 -0.7592337 -0.7943433 -0.8258196 -0.8471659 -0.8533298 -0.8268822 -0.7438411 -0.5362820 -7.1958169E-02 0.8888528 2.144312 2.993177 3.389411 3.562958 3.631416 3.648200 3.637870 3.612280 3.579059 3.541164 3.502040 3.461977 3.423050 3.384525 3.347965 3.312172 3.278524 3.245563 3.214632 3.184089 3.155324 3.126519 3.099166 3.071231 3.044349 3.016191 2.988588 2.958779 2.928840 2.895345 2.860708 2.820441 2.777553 2.726063 2.671368 2.609651 2.571782 2.639303 3.067447 3.707118 4.018495 4.126271 4.204819 4.280209 4.352614 4.422502 4.487925 4.550826 4.609708 4.666712 4.720419
-0.7109190 -0.7476196 -0.7821103 -0.8136667 -0.8367549 -0.8472741 -0.8307489 -0.7680495 -0.6041747 -0.2327832 0.5472346 1.573217 2.260276 2.576494 2.712669 2.763482 2.771872 2.757824 2.731016 2.697890 2.660871 2.622963 2.584358 2.546900 2.509906 2.474779 2.440425 2.408086 2.376438 2.346691 2.317356 2.289685 2.262031 2.235736 2.208959 2.183174 2.156275 2.129913 2.101596 2.073205 2.041657 2.009151 1.971674 1.931992 1.884773 1.834901 1.778606 1.741738 1.790203 2.140469 2.664086 2.904524 2.980940 3.039338 3.098252 3.156224 3.213282 3.267328 3.320014 3.369808 3.418585 3.464942
-0.7020082 -0.7374403 -0.7714985 -0.8030596 -0.8283385 -0.8434579 -0.8385009 -0.7990794 -0.6904108 -0.4492111 2.4428347E-02 0.6296294 1.052346 1.259372 1.349549 1.379938 1.378922 1.360630 1.332514 1.299284 1.263230 1.226404 1.189395 1.153287 1.117980 1.084161 1.051411 1.020249 0.9900867 0.9613808 0.9334374 0.9067042 0.8803980 0.8549872 0.8295874 0.8047020 0.7793099 0.7539605 0.7274309 0.7003177 0.6710840 0.6403848 0.6061936 0.5693124 0.5271090 0.4814782 0.4314506 0.3914904 0.4007758 0.5697302 0.8404661 0.9869816 1.048795 1.096595 1.142617 1.187600 1.231786 1.274484 1.316392 1.356956 1.396958 1.435864
-0.6922686 -0.7264569 -0.7600022 -0.7915888 -0.8189014 -0.8385686 -0.8446880 -0.8277815 -0.7709844 -0.6488408 -0.4409494 -0.1931844 -2.0537409E-03 0.1044129 0.1510301 0.1617639 0.1516190 0.1292513 9.9853687E-02 6.6603906E-02 3.1495154E-02 -4.1804160E-03 -3.9629489E-02 -7.4322999E-02 -0.1079848 -0.1404285 -0.1716201 -0.2015367 -0.2302626 -0.2578557 -0.2844622 -0.3101821 -0.3352006 -0.3596456 -0.3837375 -0.4076333 -0.4315990 -0.4558344 -0.4806760 -0.5063940 -0.5334386 -0.5621905 -0.5932676 -0.6271717 -0.6646163 -0.7057538 -0.7498301 -0.7915199 -0.8150089 -0.7920253 -0.7279032 -0.6699456 -0.6297896 -0.5962398 -0.5644400 -0.5330176 -0.5017261 -0.4704462 -0.4391519 -0.4078180 -0.3764255 -0.3449750
-0.6799651 -0.7129695 -0.7457811 -0.7773696 -0.8061596 -0.8298377 -0.8448986 -0.8462459 -0.8267944 -0.7791418 -0.7023255 -0.6138142 -0.5422944 -0.5009803 -0.4867124 -0.4918127 -0.5095965 -0.5353118 -0.5657546 -0.5987769 -0.6329566 -0.6673377 -0.7013082 -0.7344663 -0.7665867 -0.7975371 -0.8272847 -0.8558322 -0.8832439 -0.9095926 -0.9349940 -0.9595584 -0.9834346 -1.006758 -1.029706 -1.052440 -1.075171 -1.098099 -1.121485 -1.145586 -1.170743 -1.197296 -1.225687 -1.256333 -1.289697 -1.325965 -1.364767 -1.403935 -1.438224 -1.459358 -1.464923 -1.461354 -1.452747 -1.440640 -1.425819 -1.408844 -1.390108 -1.369920 -1.348481 -1.325971 -1.302509 -1.278216
-0.6651761 -0.6969422 -0.7288656 -0.7602009 -0.7898963 -0.8164753 -0.8379612 -0.8518337 -0.8554000 -0.8469348 -0.8283589 -0.8064563 -0.7896117 -0.7838106 -0.7899940 -0.8060972 -0.8293955 -0.8574851 -0.8884918 -0.9210504 -0.9541793 -0.9872072 -1.019671 -1.051284 -1.081861 -1.111320 -1.139628 -1.166811 -1.192914 -1.218022 -1.242223 -1.265636 -1.288376 -1.310584 -1.332397 -1.353979 -1.375491 -1.397130 -1.419091 -1.441617 -1.464952 -1.489395 -1.515243 -1.542837 -1.572444 -1.604238 -1.637979 -1.672766 -1.706523 -1.736692 -1.760458 -1.776265 -1.785379 -1.788882 -1.787708 -1.782703 -1.774570 -1.763824 -1.750880 -1.736034 -1.719540 -1.701587
-0.6484422 -0.6788982 -0.7097698 -0.7405475 -0.7705331 -0.7988313 -0.8243359 -0.8458543 -0.8623506 -0.8735412 -0.8803675 -0.8856182 -0.8932894 -0.9057374 -0.9236412 -0.9465070 -0.9732460 -1.002665 -1.033710 -1.065528 -1.097475 -1.129078 -1.160016 -1.190070 -1.219115 -1.247086 -1.273973 -1.299795 -1.324608 -1.348479 -1.371500 -1.393764 -1.415389 -1.436485 -1.457187 -1.477625 -1.497953 -1.518324 -1.538917 -1.559913 -1.581526 -1.603964 -1.627471 -1.652255 -1.678519 -1.706323 -1.735555 -1.765674 -1.795675 -1.823784 -1.848698 -1.869844 -1.886128 -1.897477 -1.904304 -1.907127 -1.906441 -1.902707 -1.896302 -1.887556 -1.876729 -1.864053
-0.6303166 -0.6593884 -0.6890593 -0.7189780 -0.7486972 -0.7776641 -0.8052703 -0.8309149 -0.8541991 -0.8751304 -0.8945072 -0.9135500 -0.9332466 -0.9548355 -0.9789302 -1.005444 -1.033916 -1.063745 -1.094330 -1.125150 -1.155780 -1.185904 -1.215290 -1.243791 -1.271311 -1.297815 -1.323295 -1.347781 -1.371318 -1.393975 -1.415827 -1.436966 -1.457486 -1.477496 -1.497103 -1.516431 -1.535600 -1.554751 -1.574022 -1.593570 -1.613551 -1.634138 -1.655489 -1.677767 -1.701071 -1.725451 -1.750780 -1.776763 -1.802806 -1.828316 -1.852140 -1.872924 -1.890477 -1.904551 -1.915052 -1.922091 -1.925903 -1.926746 -1.924893 -1.920586 -1.914055 -1.905495
-0.6112441 -0.6388775 -0.6672181 -0.6960311 -0.7250200 -0.7538478 -0.7821523 -0.8096204 -0.8360473 -0.8614498 -0.8859768 -0.9101503 -0.9349421 -0.9607426 -0.9876915 -1.015754 -1.044705 -1.074216 -1.103935 -1.133535 -1.162742 -1.191338 -1.219167 -1.246121 -1.272141 -1.297198 -1.321301 -1.344473 -1.366762 -1.388225 -1.408936 -1.428968 -1.448413 -1.467356 -1.485901 -1.504145 -1.522200 -1.540173 -1.558189 -1.576364 -1.594830 -1.613706 -1.633117 -1.653156 -1.673900 -1.695341 -1.717405 -1.739851 -1.762310 -1.784065 -1.804675 -1.823936 -1.840989 -1.855429 -1.867109 -1.875998 -1.882143 -1.885659 -1.886682 -1.885373 -1.881881 -1.876362
-0.5916055 -0.6177634 -0.6446837 -0.6722018 -0.7001234 -0.7282256 -0.7562888 -0.7841142 -0.8115866 -0.8386927 -0.8656641 -0.8927149 -0.9197833 -0.9471489 -0.9749817 -1.003251 -1.031819 -1.060488 -1.089037 -1.117257 -1.144962 -1.172007 -1.198280 -1.223710 -1.248255 -1.271901 -1.294656 -1.316549 -1.337618 -1.357920 -1.377513 -1.396470 -1.414863 -1.432775 -1.450285 -1.467486 -1.484465 -1.501319 -1.518142 -1.535035 -1.552091 -1.569409 -1.587068 -1.605140 -1.623656 -1.642614 -1.661928 -1.681456 -1.700941 -1.720213 -1.738735 -1.755763 -1.771220 -1.784853 -1.796417 -1.805773 -1.812881 -1.817745 -1.820423 -1.820985 -1.819524 -1.816134
-0.5716986 -0.5963709 -0.6218154 -0.6479180 -0.6745408 -0.7015359 -0.7287479 -0.7560464 -0.7833267 -0.8105431 -0.8376043 -0.8645650 -0.8917614 -0.9191736 -0.9467326 -0.9743795 -1.002011 -1.029488 -1.056666 -1.083398 -1.109560 -1.135048 -1.159787 -1.183723 -1.206831 -1.229103 -1.250551 -1.271200 -1.291087 -1.310259 -1.328771 -1.346681 -1.364058 -1.380967 -1.397483 -1.413678 -1.429631 -1.445418 -1.461120 -1.476812 -1.492573 -1.508469 -1.524564 -1.540897 -1.557492 -1.574327 -1.591348 -1.608424 -1.625380 -1.641838 -1.657645 -1.672798 -1.686764 -1.699259 -1.710121 -1.719227 -1.726489 -1.731873 -1.735370 -1.737005 -1.736814 -1.734851
-0.5517758 -0.5749725 -0.5989235 -0.6235437 -0.6487352 -0.6743865 -0.7003880 -0.7266309 -0.7530341 -0.7795365 -0.8061934 -0.8329926 -0.8596961 -0.8863495 -0.9129754 -0.9395121 -0.9658707 -0.9919482 -1.017635 -1.042828 -1.067437 -1.091386 -1.114621 -1.137106 -1.158821 -1.179766 -1.199949 -1.219397 -1.238140 -1.256222 -1.273686 -1.290588 -1.306981 -1.322927 -1.338484 -1.353719 -1.368693 -1.383472 -1.398119 -1.412698 -1.427264 -1.441873 -1.456564 -1.471370 -1.486292 -1.501321 -1.516395 -1.531439 -1.546320 -1.560998 -1.575178 -1.588402 -1.600688 -1.611883 -1.621799 -1.630295 -1.637278 -1.642680 -1.646472 -1.648636 -1.649181 -1.648123
-0.5320300 -0.5537823 -0.5762506 -0.5993714 -0.6230676 -0.6472561 -0.6718454 -0.6967513 -0.7218879 -0.7471836 -0.7724991 -0.7977830 -0.8231912 -0.8486183 -0.8739484 -0.8991069 -0.9240134 -0.9485818 -0.9727279 -0.9963716 -1.019445 -1.041891 -1.063669 -1.084751 -1.105126 -1.124792 -1.143761 -1.162052 -1.179696 -1.196726 -1.213183 -1.229112 -1.244562 -1.259581 -1.274223 -1.288539 -1.302585 -1.316412 -1.330074 -1.343617 -1.357090 -1.370528 -1.383966 -1.397418 -1.410890 -1.424358 -1.437788 -1.451100 -1.464200 -1.476856 -1.489016 -1.500749 -1.511704 -1.521698 -1.530621 -1.538370 -1.544852 -1.550000 -1.553762 -1.556111 -1.557028 -1.556512
-0.5126215 -0.5329750 -0.5539967 -0.5756342 -0.5978282 -0.6205080 -0.6436015 -0.6670297 -0.6907229 -0.7146100 -0.7386957 -0.7629182 -0.7870357 -0.8110339 -0.8348945 -0.8585498 -0.8819266 -0.9049523 -0.9275556 -0.9496740 -0.9712514 -0.9922447 -1.012620 -1.032359 -1.051448 -1.069891 -1.087696 -1.104881 -1.121469 -1.137493 -1.152983 -1.167981 -1.182525 -1.196659 -1.210425 -1.223871 -1.237037 -1.249969 -1.262709 -1.275296 -1.287762 -1.300142 -1.312452 -1.324709 -1.336905 -1.349030 -1.361042 -1.372898 -1.384520 -1.395916 -1.406901 -1.417161 -1.426755 -1.435594 -1.443549 -1.450514 -1.456407 -1.461155 -1.464710 -1.467028 -1.468084 -1.467858
