T3-twomodels/gz/model60.grd
DSAA
         100         100
  -15.00000       15.00000    
  -15.00000       15.00000    
  -1.905614       6.885620    
[rows 54 to 80 of 100, columns 0 to 61 of 100]
-1.007945 -1.061579 -1.112033 -1.156511 -1.187552 -1.196591 -1.162790 -1.054709 -0.7952450 -0.2388088 0.8581889 2.268977 3.245408 3.723996 3.941581 4.029187 4.048398 4.030993 3.991484 3.941227 3.883506 3.824156 3.762783 3.703350 3.643958 3.587926 3.532647 3.481310 3.430941 3.384899 3.340013 3.300019 3.261659 3.229255 3.199533 3.177623 3.160316 3.153846 3.155159 3.172030 3.201867 3.254985 3.330415 3.443899 3.600735 3.832300 4.170056 4.698947 5.506327 6.385881 6.477442 6.054723 5.811518 5.687850 5.626385 5.578609 5.549798 5.522990 5.507708 5.493235 5.487838 5.483314
-0.9998176 -1.052752 -1.102469 -1.146174 -1.176412 -1.184620 -1.149966 -1.041012 -0.7806655 -0.2233456 0.8743610 2.285671 3.262876 3.742366 3.960855 4.049355 4.069451 4.052912 4.014253 3.964817 3.907894 3.849309 3.788672 3.729940 3.671223 3.615827 3.561159 3.510401 3.460588 3.415071 3.370692 3.331180 3.293287 3.261327 3.232039 3.210548 3.193655 3.187584 3.189301 3.206570 3.236817 3.290348 3.366211 3.480139 3.637449 3.869498 4.207767 4.737160 5.544958 6.424604 6.516627 6.094640 5.851927 5.728714 5.667639 5.620229 5.591719 5.565176 5.550097 5.535789 5.530499 5.526039
-0.9902561 -1.042372 -1.091227 -1.134033 -1.163338 -1.170588 -1.134951 -1.025000 -0.7636407 -0.2052893 0.8936428 2.306379 3.284755 3.765287 3.984808 4.074337 4.095451 4.079916 4.042239 3.993766 3.937771 3.880084 3.820308 3.762403 3.704470 3.649827 3.595872 3.545794 3.496626 3.451727 3.407933 3.368984 3.331625 3.300181 3.271383 3.250369 3.233932 3.228312 3.230464 3.248176 3.278860 3.332848 3.409177 3.523605 3.681434 3.914044 4.252893 4.782919 5.591463 6.472196 6.564911 6.143300 5.901150 5.778461 5.717885 5.670900 5.642773 5.616538 5.601718 5.587600 5.582448 5.578058
-0.9792864 -1.030468 -1.078346 -1.120136 -1.148396 -1.154575 -1.117855 -1.006809 -0.7443557 -0.1849180 0.9149084 2.328340 3.307683 3.789324 4.009969 4.100626 4.122869 4.108456 4.071887 4.024496 3.969559 3.912894 3.854103 3.797139 3.740109 3.686322 3.633183 3.583880 3.535450 3.491249 3.448121 3.409801 3.373044 3.342167 3.313914 3.293413 3.277470 3.272319 3.274932 3.293087 3.324224 3.378667 3.455481 3.570415 3.728802 3.962005 4.301510 4.832208 5.641360 6.522374 6.615772 6.195135 5.953698 5.831670 5.771668 5.725211 5.697523 5.671670 5.657146 5.643263 5.638265 5.633970
-0.9669405 -1.017085 -1.063881 -1.104557 -1.131677 -1.136708 -1.098836 -0.9866499 -0.7230623 -0.1624934 0.9386581 2.353627 3.334241 3.817032 4.038842 4.130685 4.154130 4.140927 4.105567 4.059372 4.005604 3.950079 3.892386 3.836478 3.780454 3.727630 3.675404 3.626967 3.579358 3.535936 3.493543 3.455920 3.419815 3.389557 3.361879 3.341919 3.326478 3.321801 3.324854 3.343437 3.374984 3.429851 3.507101 3.622521 3.781439 4.015255 4.355434 4.886906 5.696997 6.579350 6.673687 6.253655 6.013022 5.891746 5.832448 5.786592 5.759438 5.734016 5.719852 5.706231 5.701426 5.697235
-0.9532563 -1.002269 -1.047897 -1.087380 -1.113304 -1.117148 -1.078122 -0.9648178 -0.7001651 -0.1385821 0.9633484 2.378870 3.360348 3.844187 4.067110 4.160122 4.184788 4.172843 4.138762 4.093848 4.041351 3.987066 3.930580 3.875831 3.820920 3.769152 3.717934 3.670449 3.623743 3.581170 3.539578 3.502703 3.467301 3.437689 3.410609 3.391191 3.376241 3.371999 3.375445 3.394373 3.426248 3.481425 3.559012 3.674801 3.834173 4.068528 4.409373 4.941602 5.752448 6.635258 6.730529 6.311765 6.072119 5.951759 5.893263 5.848131 5.821581 5.796673 5.782909 5.769604 5.765009 5.760947
-0.9382783 -0.9860824 -1.030477 -1.068725 -1.093438 -1.096127 -1.056025 -0.9417511 -0.6762310 -0.1138650 0.9890037 2.405682 3.388048 3.872707 4.096551 4.190608 4.216425 4.205727 4.172949 4.129377 4.078224 4.025272 3.970084 3.916594 3.862887 3.812272 3.762143 3.715696 3.669961 3.628307 3.587569 3.551494 3.516822 3.487880 3.461395 3.442501 3.427994 3.424118 3.427842 3.446987 3.479009 3.534307 3.612001 3.727949 3.887552 4.122287 4.463665 4.996647 5.808536 6.692931 6.789414 6.371539 6.133008 6.013687 5.956153 5.911842 5.886003 5.861670 5.848377 5.835415 5.831071 5.827147
-0.9220548 -0.9685919 -1.011717 -1.048727 -1.072280 -1.073934 -1.032976 -0.9180554 -0.6521224 -8.9558400E-02 1.013138 2.429359 3.411665 3.896591 4.120936 4.215733 4.242516 4.232957 4.201457 4.159238 4.109484 4.057932 4.004128 3.951977 3.899566 3.850183 3.801231 3.755888 3.711198 3.670516 3.630687 3.595441 3.561526 3.533252 3.507349 3.488927 3.474785 3.471147 3.474991 3.494119 3.526021 3.581098 3.658536 3.774226 3.933670 4.168397 4.510032 5.043528 5.856119 6.741053 6.838740 6.422516 6.185337 6.067276 6.010839 5.967495 5.942453 5.918789 5.906010 5.893450 5.889375 5.885617
-0.9046363 -0.9498711 -0.9917227 -1.027547 -1.050073 -1.050946 -1.009539 -0.8945881 -0.6290679 -6.7323983E-02 1.034510 2.450044 3.431462 3.915668 4.139727 4.234701 4.262075 4.253441 4.223104 4.182212 4.133870 4.083769 4.031411 3.980681 3.929637 3.881569 3.833859 3.789694 3.746104 3.706450 3.667564 3.633180 3.600028 3.572416 3.547047 3.529029 3.515126 3.511557 3.515268 3.534068 3.565427 3.619788 3.696356 3.811122 3.969669 4.203695 4.544935 5.078526 5.891844 6.778432 6.877607 6.462646 6.227030 6.110420 6.055294 6.013043 5.988927 5.965994 5.953805 5.941676 5.937909 5.934329
-0.8860649 -0.9299865 -0.9706020 -1.005354 -1.027090 -1.027603 -0.9864422 -0.8725072 -0.6088991 -4.9935400E-02 1.048230 2.459618 3.437567 3.919188 4.141567 4.235746 4.263085 4.254999 4.225626 4.185967 4.139022 4.090395 4.039536 3.990284 3.940681 3.893988 3.847593 3.804660 3.762228 3.723642 3.685737 3.652227 3.619842 3.592859 3.567972 3.550248 3.536434 3.532696 3.535964 3.553990 3.584246 3.637145 3.711947 3.824688 3.981120 4.213115 4.552719 5.085291 5.898330 6.785048 6.885615 6.472855 6.239186 6.124375 6.070767 6.029802 6.006710 5.984610 5.973054 5.961410 5.957971 5.954593
-0.8663746 -0.9089958 -0.9484499 -0.9823103 -1.003610 -1.004401 -0.9645616 -0.8533748 -0.5942521 -4.1589305E-02 1.049142 2.452940 3.423598 3.899296 4.117596 4.209408 4.235739 4.227638 4.198919 4.160347 4.114741 4.067594 4.018262 3.970544 3.922432 3.877181 3.832148 3.790508 3.749274 3.711797 3.674892 3.642275 3.610639 3.584255 3.559769 3.542226 3.528302 3.524129 3.526546 3.543264 3.571659 3.622116 3.693836 3.802916 3.955189 4.182824 4.518260 5.047528 5.858823 6.746092 6.848168 6.437346 6.206138 6.093537 6.041791 6.002290 5.980372 5.959173 5.948323 5.937187 5.934113 5.930943
-0.8455702 -0.8869255 -0.9253274 -0.9585358 -0.9798728 -0.9818170 -0.9448714 -0.8391421 -0.5889773 -4.9344078E-02 1.024594 2.410068 3.364615 3.828134 4.038297 4.125300 4.149228 4.140334 4.111862 4.074169 4.029823 3.984132 3.936354 3.890200 3.843634 3.799868 3.756256 3.715944 3.675953 3.639612 3.603734 3.572004 3.541111 3.515274 3.491117 3.473609 3.459379 3.454452 3.455585 3.470345 3.495994 3.542738 3.609659 3.712689 3.857656 4.076828 4.403207 4.923841 5.728494 6.612203 6.715137 6.307899 6.080307 5.970763 5.921313 5.883555 5.862931 5.842732 5.832623 5.822048 5.819345 5.816408
-0.8236282 -0.8637640 -0.9012401 -0.9340751 -0.9560058 -0.9601933 -0.9282395 -0.8320032 -0.5983110 -8.4685721E-02 0.9540275 2.300970 3.221848 3.661436 3.856791 3.935448 3.955130 3.944499 3.915784 3.878742 3.835547 3.791287 3.745064 3.700511 3.655522 3.613289 3.571130 3.532194 3.493472 3.458297 3.423454 3.392622 3.362444 3.337121 3.313202 3.295608 3.280856 3.274874 3.274253 3.286392 3.308297 3.349908 3.409905 3.503805 3.636879 3.840968 4.148930 4.649026 5.434793 6.307801 6.410212 6.008523 5.787348 5.682431 5.636059 5.600345 5.581188 5.562050 5.552745 5.542741 5.540444 5.537736
-0.8004879 -0.8394474 -0.8761266 -0.9088572 -0.9319571 -0.9395495 -0.9150642 -0.8336501 -0.6282899 -0.1658195 0.7925265 2.045877 2.891976 3.285813 3.456262 3.522005 3.535328 3.521943 3.492504 3.455872 3.413737 3.370867 3.326210 3.283270 3.239899 3.199222 3.158562 3.121019 3.083606 3.049606 3.015824 2.985877 2.956415 2.931553 2.907819 2.890009 2.874572 2.867244 2.864470 2.873346 2.890587 2.925604 2.976478 3.057699 3.173193 3.352657 3.626280 4.080008 4.811260 5.641883 5.738567 5.354044 5.147496 5.050691 5.008506 4.975300 4.957722 4.939753 4.931253 4.921874 4.919966 4.917521
-0.7761216 -0.8139183 -0.8499237 -0.8827248 -0.9075050 -0.9194378 -0.9048048 -0.8437123 -0.6819566 -0.3123914 0.4652512 1.489160 2.173558 2.487424 2.620617 2.668773 2.673833 2.656800 2.626293 2.589837 2.548743 2.507180 2.464157 2.422781 2.381120 2.341956 2.302893 2.266695 2.230689 2.197802 2.165175 2.136031 2.107368 2.082850 2.059356 2.041144 2.025007 2.016014 2.010907 2.015912 2.027901 2.055016 2.095063 2.160269 2.252795 2.396918 2.615302 2.978212 3.568847 4.253814 4.329944 4.005537 3.834100 3.751864 3.714921 3.685027 3.668839 3.652373 3.644458 3.635934 3.634228 3.632228
-0.7508245 -0.7874165 -0.8228616 -0.8557308 -0.8825628 -0.8991585 -0.8959425 -0.8581890 -0.7514747 -0.5121592 -4.0713724E-02 0.5623592 0.9826117 1.187237 1.274651 1.302338 1.298234 1.276917 1.245365 1.208772 1.168932 1.128420 1.087301 1.047235 1.007581 0.9696634 0.9325135 0.8973724 0.8631091 0.8310215 0.7999054 0.7712151 0.7437305 0.7191567 0.6963013 0.6772197 0.6607920 0.6495494 0.6424980 0.6428330 0.6498325 0.6677862 0.6967763 0.7434368 0.8106983 0.9118782 1.061036 1.292932 1.639842 2.005251 2.037148 1.852668 1.740095 1.679903 1.647502 1.622636 1.606682 1.592805 1.584555 1.577725 1.575471 1.574603
-0.7254292 -0.7608151 -0.7956454 -0.8285757 -0.8573297 -0.8785061 -0.8862444 -0.8710350 -0.8160574 -0.6958231 -0.4899774 -0.2443601 -5.5528410E-02 4.8524421E-02 9.2561685E-02 0.1005889 8.7557897E-02 6.2168185E-02 2.9559107E-02 -7.0415442E-03 -4.5691364E-02 -8.5038155E-02 -0.1243334 -0.1629721 -0.2007101 -0.2372597 -0.2725949 -0.3065504 -0.3391781 -0.3703294 -0.4000499 -0.4281373 -0.4545703 -0.4790337 -0.5013878 -0.5211512 -0.5380161 -0.5512846 -0.5604317 -0.5644785 -0.5625992 -0.5533876 -0.5354714 -0.5065850 -0.4640713 -0.4036451 -0.3198839 -0.2069631 -7.0921749E-02 3.4139168E-02 2.9823277E-02 -4.2301185E-02 -0.1034895 -0.1440300 -0.1715205 -0.1919720 -0.2072494 -0.2189394 -0.2271782 -0.2326286 -0.2351506 -0.2351462
-0.7005878 -0.7347662 -0.7688224 -0.8017256 -0.8319104 -0.8570632 -0.8736886 -0.8766912 -0.8589963 -0.8132026 -0.7383593 -0.6519353 -0.5826301 -0.5436578 -0.5318724 -0.5395945 -0.5601522 -0.5887909 -0.6223175 -0.6585777 -0.6961560 -0.7340837 -0.7717474 -0.8087211 -0.8447641 -0.8797011 -0.9134603 -0.9459692 -0.9772152 -1.007146 -1.035740 -1.062909 -1.088574 -1.112564 -1.134706 -1.154714 -1.172292 -1.187018 -1.198463 -1.206065 -1.209271 -1.207386 -1.199741 -1.185529 -1.164047 -1.134678 -1.097735 -1.055922 -1.018150 -1.001238 -1.018047 -1.054940 -1.091013 -1.120041 -1.142518 -1.160121 -1.173790 -1.184219 -1.191682 -1.196460 -1.198628 -1.198331
-0.6764071 -0.7093177 -0.7424503 -0.7750655 -0.8061143 -0.8341266 -0.8571287 -0.8726078 -0.8778740 -0.8712103 -0.8545406 -0.8346575 -0.8199496 -0.8164109 -0.8249860 -0.8436182 -0.8695855 -0.9004911 -0.9344615 -0.9701359 -1.006529 -1.042969 -1.078981 -1.114268 -1.148623 -1.181936 -1.214130 -1.245179 -1.275051 -1.303740 -1.331207 -1.357419 -1.382294 -1.405741 -1.427606 -1.447724 -1.465857 -1.481766 -1.495146 -1.505718 -1.513170 -1.517270 -1.517816 -1.514818 -1.508494 -1.499614 -1.489716 -1.481757 -1.480210 -1.489768 -1.509708 -1.535146 -1.560852 -1.583396 -1.602195 -1.617450 -1.629592 -1.638874 -1.645543 -1.649707 -1.651497 -1.650952
-0.6528270 -0.6843953 -0.7164431 -0.7484629 -0.7797630 -0.8094500 -0.8364251 -0.8594977 -0.8776399 -0.8905709 -0.8992400 -0.9064389 -0.9161722 -0.9307992 -0.9510073 -0.9763052 -1.005612 -1.037735 -1.071628 -1.106435 -1.141516 -1.176392 -1.210737 -1.244318 -1.276998 -1.308681 -1.339329 -1.368909 -1.397422 -1.424849 -1.451188 -1.476403 -1.500460 -1.523283 -1.544789 -1.564850 -1.583341 -1.600094 -1.614969 -1.627810 -1.638535 -1.647104 -1.653632 -1.658375 -1.661887 -1.665013 -1.669057 -1.675588 -1.686110 -1.701103 -1.720598 -1.742230 -1.763006 -1.781706 -1.797738 -1.811082 -1.821796 -1.830048 -1.835922 -1.839535 -1.840931 -1.840178
-0.6297919 -0.6599451 -0.6907570 -0.7218816 -0.7528740 -0.7831873 -0.8122157 -0.8393646 -0.8642385 -0.8868513 -0.9080049 -0.9289269 -0.9506084 -0.9742956 -1.000605 -1.029456 -1.060392 -1.092817 -1.126131 -1.159817 -1.193447 -1.226707 -1.259356 -1.291239 -1.322247 -1.352322 -1.381429 -1.409561 -1.436709 -1.462883 -1.488073 -1.512276 -1.535462 -1.557599 -1.578627 -1.598484 -1.617085 -1.634361 -1.650232 -1.664668 -1.677666 -1.689324 -1.699814 -1.709481 -1.718790 -1.728409 -1.739072 -1.751549 -1.766370 -1.783682 -1.802041 -1.820371 -1.838026 -1.854008 -1.867930 -1.879611 -1.889077 -1.896347 -1.901500 -1.904568 -1.905614 -1.904651
-0.6072843 -0.6359666 -0.6654143 -0.6953955 -0.7256181 -0.7557477 -0.7854279 -0.8143488 -0.8423107 -0.8693342 -0.8955739 -0.9215560 -0.9482579 -0.9760739 -1.005150 -1.035455 -1.066769 -1.098765 -1.131098 -1.163438 -1.195516 -1.227109 -1.258059 -1.288248 -1.317607 -1.346090 -1.373683 -1.400377 -1.426181 -1.451097 -1.475139 -1.498301 -1.520581 -1.541957 -1.562409 -1.581896 -1.600391 -1.617855 -1.634282 -1.649672 -1.664093 -1.677647 -1.690536 -1.703018 -1.715458 -1.728237 -1.741765 -1.756290 -1.771813 -1.787906 -1.804621 -1.821211 -1.836628 -1.850566 -1.862724 -1.873000 -1.881322 -1.887714 -1.892179 -1.894758 -1.895462 -1.894322
-0.5853128 -0.6124883 -0.6404807 -0.6691303 -0.6982446 -0.7276060 -0.7569973 -0.7862250 -0.8151767 -0.8438450 -0.8724644 -0.9012547 -0.9301574 -0.9594580 -0.9893302 -1.019748 -1.050577 -1.081625 -1.112670 -1.143509 -1.173953 -1.203859 -1.233110 -1.261630 -1.289364 -1.316290 -1.342392 -1.367676 -1.392147 -1.415822 -1.438708 -1.460818 -1.482152 -1.502712 -1.522485 -1.541468 -1.559646 -1.577023 -1.593604 -1.609432 -1.624564 -1.639119 -1.653236 -1.667123 -1.680986 -1.695061 -1.709507 -1.724426 -1.739795 -1.755538 -1.770804 -1.785237 -1.798789 -1.811010 -1.821706 -1.830732 -1.838053 -1.843629 -1.847478 -1.849594 -1.849999 -1.848689
-0.5639051 -0.5895627 -0.6160452 -0.6432416 -0.6710177 -0.6992280 -0.7277219 -0.7563714 -0.7850772 -0.8137960 -0.8424416 -0.8710726 -0.9000296 -0.9292960 -0.9588087 -0.9885108 -1.018304 -1.048052 -1.077613 -1.106842 -1.135616 -1.163829 -1.191404 -1.218283 -1.244433 -1.269833 -1.294483 -1.318385 -1.341552 -1.363996 -1.385736 -1.406781 -1.427146 -1.446835 -1.465857 -1.484211 -1.501909 -1.518957 -1.535386 -1.551228 -1.566552 -1.581436 -1.595996 -1.610346 -1.624626 -1.638929 -1.653333 -1.667801 -1.682188 -1.696169 -1.709907 -1.723068 -1.735094 -1.745896 -1.755309 -1.763259 -1.769669 -1.774526 -1.777803 -1.779509 -1.779634 -1.778187
-0.5430942 -0.5672445 -0.5921993 -0.6178766 -0.6441811 -0.6710052 -0.6982417 -0.7257859 -0.7535598 -0.7815067 -0.8096848 -0.8380864 -0.8664767 -0.8949059 -0.9233997 -0.9519007 -0.9803225 -1.008566 -1.036523 -1.064095 -1.091187 -1.117729 -1.143661 -1.168944 -1.193552 -1.217475 -1.240710 -1.263268 -1.285157 -1.306396 -1.326997 -1.346982 -1.366359 -1.385146 -1.403350 -1.420987 -1.438067 -1.454612 -1.470643 -1.486202 -1.501330 -1.516097 -1.530563 -1.544811 -1.558896 -1.572870 -1.586727 -1.600441 -1.613946 -1.627209 -1.639679 -1.651211 -1.661880 -1.671428 -1.679747 -1.686733 -1.692349 -1.696548 -1.699323 -1.700652 -1.700538 -1.698966
-0.5229165 -0.5455908 -0.5690290 -0.5931700 -0.6179399 -0.6432582 -0.6690368 -0.6951941 -0.7216483 -0.7483304 -0.7751055 -0.8019243 -0.8289475 -0.8560723 -0.8831872 -0.9102196 -0.9370934 -0.9637243 -0.9900317 -1.015935 -1.041370 -1.066276 -1.090614 -1.114351 -1.137471 -1.159964 -1.181835 -1.203088 -1.223737 -1.243795 -1.263281 -1.282208 -1.300596 -1.318455 -1.335805 -1.352655 -1.369026 -1.384932 -1.400401 -1.415457 -1.430140 -1.444483 -1.458534 -1.472324 -1.485886 -1.499218 -1.512308 -1.525083 -1.537419 -1.549095 -1.560296 -1.570839 -1.580363 -1.588846 -1.596189 -1.602343 -1.607243 -1.610867 -1.613184 -1.614187 -1.613856 -1.612190
-0.5034028 -0.5246472 -0.5466050 -0.5692269 -0.5924551 -0.6162229 -0.6404600 -0.6650913 -0.6900491 -0.7152664 -0.7407498 -0.7664422 -0.7921034 -0.8177235 -0.8432865 -0.8687287 -0.8939781 -0.9189659 -0.9436221 -0.9678867 -0.9917029 -1.015029 -1.037829 -1.060082 -1.081770 -1.102892 -1.123447 -1.143444 -1.162890 -1.181804 -1.200196 -1.218086 -1.235486 -1.252415 -1.268883 -1.284909 -1.300504 -1.315689 -1.330479 -1.344898 -1.358964 -1.372707 -1.386140 -1.399285 -1.412137 -1.424693 -1.436910 -1.448748 -1.460159 -1.471140 -1.481300 -1.490572 -1.499057 -1.506584 -1.513088 -1.518495 -1.522773 -1.525879 -1.527800 -1.528509 -1.527999 -1.526251
