T3-twomodels/gz/model30.grd
DSAA
         100         100
  -15.00000       15.00000    
  -15.00000       15.00000    
  -1.949471       6.657344    
[rows 27 to 53 of 100, columns 0 to 61 of 100]
-0.7222592 -0.7575763 -0.7928131 -0.8269419 -0.8583873 -0.8848349 -0.9027758 -0.9071090 -0.8907371 -0.8462462 -0.7726542 -0.6874025 -0.6191420 -0.5810419 -0.5698873 -0.5779324 -0.5984067 -0.6264592 -0.6587681 -0.6930533 -0.7277452 -0.7617317 -0.7942374 -0.8247024 -0.8527510 -0.8781233 -0.9006816 -0.9203592 -0.9371815 -0.9512181 -0.9626052 -0.9715014 -0.9781114 -0.9826423 -0.9853359 -0.9864283 -0.9861903 -0.9848903 -0.9828469 -0.9803949 -0.9779509 -0.9759857 -0.9751042 -0.9760228 -0.9796615 -0.9871089 -0.9996940 -1.018943 -1.046511 -1.083347 -1.126264 -1.164924 -1.193876 -1.214954 -1.230501 -1.242066 -1.250371 -1.255877 -1.258799 -1.259327 -1.257537 -1.253524
-0.7536815 -0.7902485 -0.8262874 -0.8604881 -0.8905311 -0.9130472 -0.9221265 -0.9082875 -0.8546494 -0.7357453 -0.5311475 -0.2867029 -9.8873027E-02 4.3599866E-03 4.7880456E-02 5.5728897E-02 4.3016486E-02 1.8510735E-02 -1.2448663E-02 -4.6531856E-02 -8.1559181E-02 -0.1160547 -0.1490141 -0.1797168 -0.2076831 -0.2325647 -0.2541677 -0.2723686 -0.2871566 -0.2985559 -0.3066714 -0.3116127 -0.3135393 -0.3125907 -0.3089321 -0.3026942 -0.2940167 -0.2829996 -0.2697430 -0.2543113 -0.2367589 -0.2171165 -0.1953897 -0.1715861 -0.1456712 -0.1177386 -8.8130407E-02 -5.9174605E-02 -4.0236160E-02 -5.7307024E-02 -0.1206984 -0.1865790 -0.2284851 -0.2544892 -0.2721389 -0.2849694 -0.2940877 -0.3002193 -0.3035444 -0.3043520 -0.3026706 -0.2986593
-0.7871631 -0.8250447 -0.8616576 -0.8959113 -0.9239880 -0.9420412 -0.9401152 -0.9038491 -0.7984087 -0.5605320 -9.0244412E-02 0.5115694 0.9309562 1.134725 1.221837 1.249397 1.245958 1.225728 1.196383 1.162757 1.127421 1.092582 1.059151 1.028375 1.000483 0.9762878 0.9556705 0.9391973 0.9265345 0.9181041 0.9134420 0.9129070 0.9159828 0.9230487 0.9336026 0.9481151 0.9661624 0.9883831 1.014503 1.045433 1.081193 1.123184 1.172072 1.230297 1.300171 1.386719 1.496662 1.639022 1.809955 1.909692 1.800215 1.652798 1.585401 1.551217 1.531898 1.517168 1.507725 1.500558 1.497185 1.495780 1.497632 1.501382
-0.8208852 -0.8601077 -0.8972099 -0.9315391 -0.9574876 -0.9710272 -0.9575991 -0.8981442 -0.7375613 -0.3695779 0.4070374 1.429566 2.113275 2.426209 2.559359 2.607398 2.613518 2.597731 2.570040 2.536954 2.501302 2.466190 2.432270 2.401490 2.373656 2.350224 2.330580 2.315921 2.305381 2.300020 2.298821 2.302818 2.310928 2.324270 2.341789 2.364793 2.392348 2.426092 2.465345 2.512296 2.566813 2.632115 2.709380 2.804094 2.921012 3.071614 3.271493 3.545786 3.903455 4.156991 3.992892 3.744373 3.647889 3.604476 3.583771 3.566855 3.557316 3.548921 3.545667 3.543516 3.545667 3.549033
-0.8524857 -0.8929294 -0.9307133 -0.9650324 -0.9893082 -0.9985692 -0.9752909 -0.8955730 -0.6913776 -0.2305342 0.7268143 1.978766 2.824250 3.217187 3.387738 3.453487 3.468140 3.456279 3.430127 3.397390 3.361481 3.325961 3.291644 3.260724 3.233034 3.210203 3.191594 3.178549 3.170151 3.167601 3.169827 3.178005 3.191019 3.210154 3.234353 3.265145 3.301652 3.345824 3.397145 3.458263 3.529416 3.614562 3.715650 3.839461 3.992374 4.188293 4.446016 4.793411 5.233931 5.536722 5.343393 5.050233 4.936056 4.886574 4.863811 4.845473 4.835238 4.826120 4.822544 4.820033 4.822134 4.825429
-0.8812303 -0.9228837 -0.9614951 -0.9959552 -1.019093 -1.024985 -0.9942663 -0.8997558 -0.6672485 -0.1552673 0.8824502 2.228005 3.148305 3.587054 3.782619 3.861434 3.882669 3.873862 3.848848 3.816239 3.779976 3.743958 3.709203 3.678058 3.650450 3.628092 3.610397 3.598759 3.592292 3.592235 3.597538 3.609421 3.626791 3.650992 3.681010 3.718457 3.762534 3.815305 3.876375 3.948558 4.032252 4.131625 4.248806 4.390749 4.563874 4.781887 5.062787 5.432354 5.889235 6.194569 5.988271 5.680432 5.558179 5.504909 5.480229 5.460674 5.449617 5.439885 5.435893 5.433104 5.435082 5.438368
-0.9073784 -0.9502819 -0.9898514 -1.024716 -1.047294 -1.050974 -1.015296 -0.9113178 -0.6623606 -0.1243858 0.9485517 2.332651 3.286652 3.749392 3.959859 4.047164 4.072850 4.066064 4.041673 4.008916 3.972150 3.935526 3.900247 3.868777 3.841133 3.819087 3.802106 3.791611 3.786750 3.788773 3.796653 3.811615 3.832588 3.860922 3.895627 3.938324 3.988239 4.047445 4.115562 4.195385 4.287287 4.395329 4.521492 4.672429 4.854125 5.079614 5.366041 5.738124 6.193449 6.492987 6.279487 5.965411 5.838762 5.782830 5.756452 5.735756 5.723866 5.713541 5.709123 5.706070 5.707914 5.711201
-0.9313055 -0.9755062 -1.016158 -1.051708 -1.074278 -1.076838 -1.038294 -0.9288872 -0.6709927 -0.1200035 0.9697227 2.372153 3.342296 3.817265 4.035959 4.128202 4.156476 4.150738 4.126445 4.093260 4.055819 4.018476 3.982567 3.950657 3.922831 3.900916 3.884407 3.874756 3.871119 3.874759 3.884645 3.902003 3.925748 3.957226 3.995421 4.041943 4.095979 4.159567 4.232255 4.316761 4.413319 4.525836 4.656045 4.810322 4.994296 5.220658 5.506261 5.875786 6.327250 6.622361 6.403785 6.085268 5.955548 5.897454 5.869577 5.847784 5.835098 5.824181 5.819359 5.816040 5.817761 5.821039
-0.9532964 -0.9988247 -1.040668 -1.077139 -1.100178 -1.102487 -1.062653 -0.9505231 -0.6881663 -0.1308916 0.9662608 2.376289 3.353743 3.834683 4.057530 4.152256 4.181701 4.176205 4.151561 4.117686 4.079414 4.041237 4.004597 3.972128 3.943975 3.921996 3.905715 3.896595 3.893800 3.898586 3.909915 3.928993 3.954718 3.988401 4.029002 4.078075 4.134764 4.201032 4.276355 4.363334 4.462093 4.576374 4.707758 4.862431 5.045876 5.270669 5.553673 5.919679 6.366871 6.657344 6.435135 6.113790 5.981665 5.921769 5.892525 5.869721 5.856268 5.844798 5.839576 5.836012 5.837606 5.840886
-0.9735456 -1.020416 -1.063524 -1.101097 -1.124954 -1.127654 -1.087600 -0.9744812 -0.7102342 -0.1501962 0.9506166 2.364792 3.345734 3.829297 4.053887 4.149505 4.179126 4.173276 4.147928 4.113160 4.073926 4.034821 3.997355 3.964224 3.935604 3.913383 3.897099 3.888220 3.885907 3.891408 3.903667 3.923868 3.950875 3.985968 4.028060 4.078664 4.136858 4.204546 4.281121 4.369107 4.468523 4.583024 4.714086 4.867827 5.049679 5.272241 5.552462 5.915356 6.359499 6.647287 6.422106 6.098064 5.963953 5.902486 5.872043 5.848301 5.834149 5.822147 5.816560 5.812756 5.814241 5.817513
-0.9921750 -1.040372 -1.084781 -1.123567 -1.148480 -1.151989 -1.112411 -0.9993472 -0.7347105 -0.1738697 0.9277951 2.342656 3.324496 3.808809 4.033737 4.129259 4.158404 4.151793 4.125497 4.089688 4.049403 4.009298 3.970942 3.937059 3.907857 3.885239 3.868752 3.859863 3.857726 3.863574 3.876331 3.897153 3.924877 3.960745 4.003630 4.054994 4.113871 4.182105 4.259033 4.347114 4.446312 4.560222 4.690283 4.842584 5.022573 5.242886 5.520565 5.880709 6.321897 6.606638 6.379234 6.053446 5.917697 5.854908 5.823392 5.798822 5.784019 5.771540 5.765607 5.761591 5.762968 5.766244
-1.009260 -1.058750 -1.104453 -1.144503 -1.170603 -1.175173 -1.136477 -1.024086 -0.7598823 -0.1992588 0.9025666 2.317880 3.299788 3.783855 4.008323 4.103167 4.131444 4.123823 4.096429 4.059494 4.018106 3.976967 3.937672 3.902980 3.873108 3.849975 3.833125 3.824025 3.821815 3.827717 3.840630 3.861690 3.889698 3.925868 3.969033 4.020623 4.079623 4.147842 4.224570 4.312232 4.410753 4.523705 4.652509 4.803265 4.981439 5.199727 5.475243 5.833219 6.272469 6.555619 6.326289 5.998664 5.861533 5.797593 5.765159 5.739843 5.724467 5.711549 5.705312 5.701095 5.702382 5.705661
-1.024839 -1.075559 -1.122521 -1.163830 -1.191167 -1.196917 -1.159322 -1.047923 -0.7846096 -0.2247854 0.8760865 2.290237 3.271259 3.754521 3.978096 4.071949 4.099147 4.090385 4.061827 4.023736 3.981236 3.939053 3.898807 3.863272 3.832679 3.808945 3.791619 3.782157 3.779693 3.785428 3.798247 3.819258 3.847243 3.883381 3.926482 3.977939 4.036713 4.104577 4.180799 4.267776 4.365419 4.477285 4.604803 4.754078 4.930613 5.147136 5.420816 5.776905 6.214147 6.495199 6.264426 5.935671 5.797400 5.732503 5.699262 5.673306 5.657417 5.644117 5.637600 5.633212 5.634416 5.637704
-1.038934 -1.090808 -1.138959 -1.181485 -1.210040 -1.217001 -1.180583 -1.070326 -0.8080974 -0.2493069 0.8507732 2.264362 3.244519 3.726740 3.949224 4.041943 4.067977 4.058039 4.028310 3.989079 3.945488 3.902285 3.861103 3.824723 3.793384 3.769005 3.751129 3.741209 3.738364 3.743785 3.756335 3.777108 3.804860 3.840752 3.883566 3.934677 3.993019 4.060349 4.135914 4.222101 4.318808 4.429597 4.555897 4.703838 4.878938 5.093967 5.366132 5.720767 6.156782 6.436889 6.204814 5.874763 5.735524 5.669799 5.635882 5.609362 5.593035 5.579394 5.572639 5.568094 5.569232 5.572528
-1.051554 -1.104484 -1.153737 -1.197398 -1.227114 -1.235245 -1.200001 -1.090904 -0.8298300 -0.2721889 0.8265508 2.238591 3.217474 3.698547 3.919881 4.011440 4.036313 4.025222 3.994368 3.954048 3.909424 3.865247 3.823167 3.785967 3.753891 3.728853 3.710396 3.699963 3.696666 3.701680 3.713859 3.734274 3.761671 3.797187 3.839593 3.890240 3.948053 4.014769 4.089631 4.175013 4.270816 4.380599 4.505806 4.652572 4.826446 5.040210 5.311103 5.664449 6.099063 6.377665 6.144636 5.813861 5.673831 5.607428 5.572926 5.545935 5.529222 5.515292 5.508324 5.503652 5.504729 5.508041
-1.062698 -1.116580 -1.166827 -1.211523 -1.242305 -1.251526 -1.217384 -1.109403 -0.8494412 -0.2929027 0.8049288 2.216263 3.194171 3.674136 3.894353 3.984799 4.008572 3.996403 3.964499 3.923175 3.877591 3.832517 3.789600 3.751629 3.718846 3.693169 3.674131 3.663172 3.659392 3.663960 3.675713 3.695716 3.722694 3.757777 3.799718 3.849859 3.907111 3.973209 4.047380 4.132003 4.226973 4.335859 4.460106 4.605870 4.778705 4.991425 5.261283 5.613663 6.047514 6.325589 6.091667 5.759964 5.619266 5.552280 5.517298 5.489898 5.472867 5.458686 5.451544 5.446758 5.447790 5.451114
-1.072366 -1.127081 -1.178207 -1.223818 -1.255550 -1.265746 -1.232606 -1.125636 -0.8667060 -0.3112142 0.7853768 2.195274 3.172003 3.650923 3.870109 3.959538 3.982312 3.969169 3.936323 3.894093 3.847652 3.801767 3.758093 3.719418 3.685986 3.659710 3.640121 3.628652 3.624398 3.628516 3.639837 3.659413 3.685961 3.720599 3.762072 3.811713 3.868426 3.933936 4.007473 4.091409 4.185647 4.293751 4.417183 4.562100 4.734076 4.945928 5.214927 5.566432 5.999298 6.276269 6.041728 5.709586 5.568352 5.500903 5.465512 5.437784 5.420478 5.406092 5.398799 5.393924 5.394916 5.398257
-1.080553 -1.135982 -1.187858 -1.234256 -1.266805 -1.277849 -1.245576 -1.139496 -0.8814620 -0.3268684 0.7690021 2.178367 3.154313 3.632328 3.850610 3.939147 3.961049 3.947057 3.913392 3.870378 3.823189 3.776599 3.732263 3.692970 3.658960 3.632149 3.612061 3.600125 3.595429 3.599126 3.610038 3.629208 3.655347 3.689567 3.730602 3.779782 3.836004 3.900992 3.973971 4.057315 4.150925 4.258377 4.381129 4.525353 4.696626 4.907784 5.176105 5.526994 5.959423 6.236162 6.001021 5.668218 5.526538 5.458700 5.422987 5.394980 5.377459 5.362899 5.355487 5.350534 5.351500 5.354855
-1.087256 -1.143270 -1.195767 -1.242814 -1.276042 -1.287786 -1.256238 -1.150897 -0.8936228 -0.3398062 0.7551011 2.163314 3.138354 3.615592 3.833114 3.920905 3.942077 3.927378 3.893031 3.849363 3.801550 3.754370 3.709477 3.669661 3.635164 3.607895 3.587378 3.575036 3.569956 3.573282 3.583832 3.602643 3.628422 3.662271 3.702925 3.751704 3.807507 3.872052 3.944564 4.027416 4.120516 4.227436 4.349644 4.493313 4.664032 4.874634 5.142408 5.492732 5.924478 6.200406 5.964893 5.631871 5.489854 5.421721 5.385743 5.357526 5.339824 5.325132 5.317621 5.312613 5.313553 5.316924
-1.092472 -1.148947 -1.201926 -1.249482 -1.283240 -1.295536 -1.264556 -1.159801 -0.9031172 -0.3498931 0.7445933 2.152566 3.127126 3.603765 3.820688 3.907891 3.928488 3.913230 3.878345 3.834161 3.785857 3.738210 3.692876 3.652647 3.617758 3.590122 3.569258 3.556589 3.551194 3.554216 3.564468 3.582986 3.608468 3.642017 3.682358 3.730816 3.786281 3.850474 3.922617 4.005088 4.097788 4.204300 4.326090 4.469339 4.639635 4.849825 5.117201 5.467180 5.898742 6.174665 5.938781 5.605305 5.463022 5.394652 5.358485 5.330098 5.312267 5.297470 5.289889 5.284834 5.285760 5.289141
-1.096198 -1.153000 -1.206328 -1.254248 -1.288387 -1.301079 -1.270509 -1.166172 -0.9099219 -0.3571462 0.7367140 2.143877 3.117867 3.594059 3.810548 3.897326 3.917510 3.901850 3.866576 3.822021 3.773363 3.725378 3.679726 3.639194 3.604023 3.576117 3.555001 3.542089 3.536463 3.539260 3.549293 3.567591 3.592854 3.626180 3.666293 3.714514 3.769735 3.833672 3.905552 3.987747 4.080165 4.186386 4.307882 4.450833 4.620835 4.830731 5.097817 5.447479 5.878597 6.153941 5.917888 5.584370 5.441912 5.373392 5.337081 5.308583 5.290656 5.275790 5.268154 5.263071 5.263986 5.267377
-1.098436 -1.155434 -1.208970 -1.257110 -1.291478 -1.304409 -1.274084 -1.170002 -0.9140072 -0.3614821 0.7322978 2.139558 3.113410 3.589346 3.805575 3.892098 3.912030 3.896129 3.860621 3.815841 3.766968 3.718781 3.672934 3.632221 3.596877 3.568810 3.547537 3.534479 3.528709 3.531370 3.541267 3.559432 3.584560 3.617749 3.657723 3.705801 3.760872 3.824656 3.896375 3.978406 4.070653 4.176703 4.298022 4.440800 4.610626 4.820353 5.087280 5.436826 5.867976 6.143512 5.907274 5.573478 5.430907 5.362284 5.325898 5.297328 5.279349 5.264438 5.256774 5.251670 5.252582 5.255976
-1.099180 -1.156245 -1.209851 -1.258063 -1.292508 -1.305518 -1.275277 -1.171278 -0.9153729 -0.3629479 0.7305586 2.137368 3.111003 3.586842 3.802984 3.889419 3.909269 3.893286 3.857701 3.812846 3.763901 3.715645 3.669735 3.628960 3.593558 3.565436 3.544111 3.531003 3.525186 3.527800 3.537653 3.555771 3.580855 3.613998 3.653925 3.701954 3.756975 3.820707 3.892374 3.974349 4.066541 4.172532 4.293795 4.436512 4.606281 4.815948 5.082813 5.432261 5.863178 6.138335 5.902104 5.568428 5.425827 5.357181 5.320763 5.292175 5.274173 5.259251 5.251575 5.246469 5.247374 5.250772
-1.098435 -1.155434 -1.208970 -1.257110 -1.291477 -1.304409 -1.274084 -1.170003 -0.9140074 -0.3614824 0.7322974 2.139558 3.113410 3.589346 3.805575 3.892098 3.912030 3.896130 3.860621 3.815841 3.766969 3.718781 3.672934 3.632221 3.596877 3.568809 3.547537 3.534477 3.528709 3.531370 3.541266 3.559432 3.584559 3.617749 3.657722 3.705800 3.760871 3.824655 3.896374 3.978405 4.070653 4.176702 4.298021 4.440799 4.610626 4.820353 5.087279 5.436826 5.867976 6.143512 5.907274 5.573477 5.430907 5.362284 5.325898 5.297328 5.279349 5.264436 5.256774 5.251670 5.252581 5.255975
-1.096198 -1.153000 -1.206327 -1.254248 -1.288387 -1.301079 -1.270509 -1.166172 -0.9099226 -0.3571469 0.7367129 2.143877 3.117866 3.594058 3.810547 3.897325 3.917509 3.901849 3.866576 3.822020 3.773361 3.725378 3.679724 3.639193 3.604021 3.576117 3.554999 3.542087 3.536461 3.539259 3.549293 3.567591 3.592853 3.626178 3.666292 3.714513 3.769733 3.833671 3.905550 3.987745 4.080163 4.186384 4.307881 4.450832 4.620834 4.830730 5.097816 5.447477 5.878596 6.153941 5.917886 5.584368 5.441911 5.373391 5.337080 5.308583 5.290656 5.275789 5.268154 5.263070 5.263984 5.267375
-1.092472 -1.148946 -1.201926 -1.249483 -1.283240 -1.295537 -1.264556 -1.159801 -0.9031187 -0.3498948 0.7445919 2.152565 3.127125 3.603763 3.820685 3.907888 3.928486 3.913229 3.878344 3.834160 3.785855 3.738208 3.692873 3.652643 3.617755 3.590119 3.569255 3.556586 3.551191 3.554214 3.564466 3.582984 3.608465 3.642014 3.682355 3.730813 3.786278 3.850471 3.922615 4.005085 4.097785 4.204297 4.326088 4.469337 4.639633 4.849823 5.117199 5.467177 5.898739 6.174663 5.938778 5.605300 5.463018 5.394651 5.358483 5.330095 5.312264 5.297468 5.289886 5.284831 5.285758 5.289138
-1.087256 -1.143270 -1.195768 -1.242814 -1.276042 -1.287786 -1.256238 -1.150897 -0.8936236 -0.3398080 0.7550995 2.163312 3.138351 3.615588 3.833110 3.920902 3.942075 3.927376 3.893028 3.849360 3.801548 3.754366 3.709473 3.669657 3.635160 3.607891 3.587374 3.575032 3.569952 3.573278 3.583829 3.602640 3.628418 3.662268 3.702922 3.751701 3.807503 3.872047 3.944561 4.027413 4.120512 4.227432 4.349641 4.493310 4.664028 4.874631 5.142405 5.492728 5.924473 6.200402 5.964889 5.631866 5.489850 5.421717 5.385739 5.357522 5.339820 5.325129 5.317618 5.312609 5.313549 5.316920
