T3-twomodels/gz/model150.grd
DSAA
         100         100
  -15.00000       15.00000    
  -15.00000       15.00000    
  -1.926746       6.827332    
[rows 27 to 53 of 100, columns 0 to 61 of 100]
-0.6799650 -0.7129699 -0.7457817 -0.7773702 -0.8061600 -0.8298379 -0.8448983 -0.8462456 -0.8267936 -0.7791411 -0.7023262 -0.6138163 -0.5422975 -0.5009826 -0.4867143 -0.4918144 -0.5095980 -0.5353134 -0.5657565 -0.5987790 -0.6329590 -0.6673405 -0.7013112 -0.7344693 -0.7665893 -0.7975396 -0.8272868 -0.8558342 -0.8832461 -0.9095948 -0.9349967 -0.9595616 -0.9834378 -1.006762 -1.029709 -1.052443 -1.075174 -1.098101 -1.121487 -1.145589 -1.170746 -1.197299 -1.225689 -1.256336 -1.289700 -1.325968 -1.364770 -1.403936 -1.438225 -1.459360 -1.464925 -1.461357 -1.452750 -1.440643 -1.425822 -1.408848 -1.390112 -1.369924 -1.348484 -1.325974 -1.302512 -1.278220
-0.6922686 -0.7264574 -0.7600029 -0.7915897 -0.8189023 -0.8385689 -0.8446882 -0.8277818 -0.7709842 -0.6488410 -0.4409516 -0.1931889 -2.0596897E-03 0.1044073 0.1510253 0.1617592 0.1516144 0.1292465 9.9848643E-02 6.6598698E-02 3.1489763E-02 -4.1861436E-03 -3.9635427E-02 -7.4328937E-02 -0.1079905 -0.1404339 -0.1716253 -0.2015418 -0.2302681 -0.2578614 -0.2844684 -0.3101885 -0.3352072 -0.3596524 -0.3837442 -0.4076397 -0.4316053 -0.4558405 -0.4806820 -0.5063998 -0.5334445 -0.5621964 -0.5932736 -0.6271777 -0.6646222 -0.7057595 -0.7498355 -0.7915245 -0.8150131 -0.7920304 -0.7279093 -0.6699526 -0.6297963 -0.5962467 -0.5644473 -0.5330252 -0.5017339 -0.4704538 -0.4391593 -0.4078255 -0.3764335 -0.3449834
-0.7020084 -0.7374412 -0.7714994 -0.8030605 -0.8283395 -0.8434587 -0.8385014 -0.7990803 -0.6904113 -0.4492121 2.4424773E-02 0.6296220 1.052336 1.259363 1.349541 1.379930 1.378914 1.360622 1.332505 1.299275 1.263221 1.226395 1.189385 1.153277 1.117970 1.084152 1.051402 1.020240 0.9900776 0.9613714 0.9334275 0.9066942 0.8803877 0.8549769 0.8295771 0.8046920 0.7793004 0.7539510 0.7274215 0.7003083 0.6710747 0.6403758 0.6061845 0.5693030 0.5270998 0.4814690 0.4314421 0.3914827 0.4007682 0.5697213 0.8404548 0.9869692 1.048783 1.096583 1.142605 1.187587 1.231774 1.274471 1.316380 1.356943 1.396945 1.435850
-0.7109194 -0.7476208 -0.7821113 -0.8136678 -0.8367562 -0.8472750 -0.8307496 -0.7680501 -0.6041752 -0.2327839 0.5472322 1.573211 2.260270 2.576488 2.712663 2.763476 2.771866 2.757818 2.731010 2.697884 2.660865 2.622957 2.584351 2.546893 2.509899 2.474772 2.440420 2.408080 2.376432 2.346684 2.317349 2.289679 2.262023 2.235729 2.208952 2.183168 2.156268 2.129907 2.101590 2.073199 2.041651 2.009146 1.971668 1.931986 1.884767 1.834894 1.778601 1.741733 1.790198 2.140463 2.664079 2.904516 2.980932 3.039330 3.098244 3.156214 3.213273 3.267318 3.320005 3.369799 3.418575 3.464932
-0.7213761 -0.7592349 -0.7943445 -0.8258204 -0.8471667 -0.8533303 -0.8268827 -0.7438415 -0.5362821 -7.1957625E-02 0.8888518 2.144310 2.993174 3.389409 3.562956 3.631414 3.648199 3.637867 3.612277 3.579056 3.541161 3.502037 3.461974 3.423046 3.384522 3.347962 3.312170 3.278521 3.245560 3.214628 3.184086 3.155321 3.126516 3.099162 3.071228 3.044345 3.016188 2.988585 2.958776 2.928838 2.895342 2.860704 2.820438 2.777551 2.726060 2.671365 2.609649 2.571781 2.639303 3.067446 3.707117 4.018493 4.126269 4.204817 4.280207 4.352611 4.422498 4.487922 4.550823 4.609705 4.666708 4.720416
-0.7338842 -0.7728924 -0.8087671 -0.8403165 -0.8604559 -0.8631783 -0.8292172 -0.7313097 -0.4953660 2.0165756E-02 1.061405 2.410518 3.334233 3.776291 3.974831 4.056288 4.079531 4.072052 4.047300 4.013782 3.974954 3.934566 3.893072 3.852662 3.812656 3.774660 3.737485 3.702524 3.668306 3.636183 3.604490 3.574620 3.544725 3.516299 3.487272 3.459274 3.429935 3.401074 3.369870 3.338372 3.303066 3.266312 3.223480 3.177478 3.122129 3.062807 2.995940 2.954208 3.024330 3.470356 4.141640 4.483637 4.615308 4.712729 4.803737 4.889478 4.970986 5.046658 5.118699 5.185779 5.250186 5.310596
-0.7479745 -0.7881753 -0.8249461 -0.8568363 -0.8763486 -0.8767893 -0.8377962 -0.7303498 -0.4778860 6.3706942E-02 1.140228 2.527936 3.485387 3.951452 4.164877 4.254767 4.282348 4.276707 4.252303 4.218250 4.178391 4.136697 4.093777 4.051901 4.010446 3.971043 3.932523 3.896276 3.860841 3.827553 3.794747 3.763796 3.732849 3.703373 3.673293 3.644209 3.613737 3.583653 3.551119 3.518124 3.481113 3.442357 3.397156 3.348287 3.289479 3.226002 3.154435 3.108042 3.175173 3.621713 4.298348 4.649850 4.792274 4.900431 5.001670 5.096945 5.187219 5.270934 5.350339 5.424184 5.494802 5.560935
-0.7630694 -0.8045115 -0.8423058 -0.8748192 -0.8942584 -0.8935115 -0.8515838 -0.7386385 -0.4771687 7.7504277E-02 1.170875 2.576965 3.550596 4.028908 4.250550 4.345332 4.375405 4.370654 4.346106 4.311283 4.270282 4.227253 4.182909 4.139594 4.096724 4.055957 4.016130 3.978644 3.942028 3.907617 3.873732 3.841742 3.809774 3.779291 3.748194 3.718072 3.686508 3.655267 3.621464 3.587064 3.548451 3.507856 3.460486 3.409057 3.347194 3.280136 3.204467 3.153757 3.216923 3.661146 4.337490 4.690108 4.835532 4.948096 5.054535 5.155354 5.251250 5.340487 5.425231 5.504172 5.579636 5.650342
-0.7786777 -0.8213939 -0.8603236 -0.8936982 -0.9135433 -0.9124812 -0.8691962 -0.7534611 -0.4874612 7.3561847E-02 1.174419 2.588159 3.569141 4.053447 4.279240 4.376470 4.407637 4.402995 4.377893 4.342089 4.299860 4.255471 4.209720 4.164999 4.120760 4.078675 4.037596 3.998915 3.961169 3.925678 3.890761 3.857771 3.824833 3.793384 3.761319 3.730203 3.697609 3.665269 3.630280 3.594567 3.554485 3.512203 3.462895 3.409199 3.344703 3.274586 3.195486 3.141055 3.200505 3.641031 4.314463 4.666022 4.811594 4.925323 5.033797 5.137311 5.236329 5.328953 5.417206 5.499699 5.578681 5.652841
-0.7943799 -0.8383871 -0.8785265 -0.9129462 -0.9335504 -0.9328164 -0.8892482 -0.7724584 -0.5045040 5.9345562E-02 1.163922 2.581863 3.566375 4.053331 4.280875 4.378976 4.410259 4.405159 4.379187 4.342252 4.298733 4.252985 4.205853 4.159775 4.114218 4.070875 4.028595 3.988781 3.949954 3.913438 3.877538 3.843602 3.809736 3.777375 3.744391 3.712342 3.678775 3.645411 3.609316 3.572398 3.530968 3.487175 3.436138 3.380472 3.313708 3.241032 3.159065 3.101574 3.157905 3.595844 4.267168 4.616610 4.760858 4.874161 4.982976 5.087453 5.187939 5.282402 5.372770 5.457556 5.538949 5.615573
-0.8098413 -0.8551280 -0.8965169 -0.9320955 -0.9536987 -0.9537148 -0.9105617 -0.7937647 -0.5253574 3.9355852E-02 1.144843 2.563523 3.548978 4.036715 4.264611 4.362607 4.393378 4.387436 4.360392 4.322228 4.277400 4.230307 4.181843 4.134461 4.087655 4.043115 3.999703 3.958812 3.918971 3.881484 3.844659 3.809827 3.775092 3.741868 3.708027 3.675101 3.640633 3.606316 3.569207 3.531182 3.488540 3.443391 3.390839 3.333456 3.264770 3.189935 3.105614 3.045582 3.099292 3.534315 4.202866 4.550484 4.693347 4.805688 4.914040 5.018549 5.119501 5.214804 5.306309 5.392471 5.475414 5.553723
-0.8247744 -0.8713078 -0.9139434 -0.9507357 -0.9734715 -0.9744937 -0.9321644 -0.8159804 -0.5479470 1.6608993E-02 1.122313 2.541498 3.527067 4.014595 4.242053 4.339375 4.369256 4.362251 4.334017 4.294589 4.248459 4.200068 4.150329 4.101717 4.053729 4.008070 3.963594 3.921699 3.880903 3.842512 3.804820 3.769154 3.733605 3.699583 3.664939 3.631204 3.595899 3.560712 3.522673 3.483652 3.439919 3.393575 3.339691 3.280835 3.210507 3.133875 3.047589 2.985492 3.037082 3.470328 4.137275 4.482940 4.624156 4.735287 4.842828 4.946897 5.047764 5.143293 5.235307 5.322209 5.406091 5.485487
-0.8389533 -0.8866754 -0.9305242 -0.9685289 -0.9924518 -0.9946007 -0.9533180 -0.8380708 -0.5708708 -7.0578945E-03 1.097749 2.515823 3.500553 3.987316 4.213910 4.310252 4.339048 4.330873 4.301413 4.260729 4.213346 4.163719 4.112782 4.063015 4.013930 3.967228 3.921767 3.878940 3.837262 3.798032 3.759539 3.723100 3.686801 3.652040 3.616661 3.582180 3.546114 3.510130 3.471257 3.431338 3.386640 3.339238 3.284202 3.224074 3.152361 3.074214 2.986313 2.922495 2.972302 3.403460 4.068320 4.412546 4.552491 4.662488 4.769124 4.872558 4.973052 5.068470 5.160600 5.247834 5.332227 5.412297
-0.8521850 -0.9010211 -0.9460189 -0.9851947 -1.010291 -1.013602 -0.9734467 -0.8592880 -0.5931206 -3.0287234E-02 1.073780 2.491343 3.475255 3.961017 4.186553 4.281785 4.309423 4.300058 4.269392 4.227506 4.178936 4.128157 4.076107 4.025279 3.975183 3.927526 3.881161 3.837481 3.794995 3.754998 3.715770 3.678627 3.641640 3.606205 3.570155 3.535000 3.498242 3.461546 3.421921 3.381209 3.335655 3.287336 3.231298 3.170089 3.097196 3.017790 2.928536 2.863317 2.911692 3.341704 4.005513 4.348268 4.486875 4.595772 4.701515 4.804250 4.904253 4.999374 5.091404 5.178711 5.263343 5.343793
-0.8643233 -0.9141814 -0.9602434 -1.000514 -1.026729 -1.031166 -0.9921378 -0.8790922 -0.6140301 -5.2296285E-02 1.050480 2.466543 3.449226 3.933883 4.158304 4.252401 4.278895 4.268381 4.236574 4.193563 4.143900 4.092063 4.039001 3.987208 3.936198 3.887674 3.840494 3.796041 3.752826 3.712134 3.672246 3.634462 3.596859 3.560815 3.524164 3.488403 3.451030 3.413696 3.373410 3.331996 3.285702 3.236582 3.179691 3.117557 3.043679 2.963210 2.872846 2.806452 2.853614 3.282126 3.944400 4.286149 4.423815 4.531798 4.636727 4.738791 4.838267 4.933020 5.024829 5.112064 5.196758 5.277400
-0.8752444 -0.9260216 -0.9730448 -1.014315 -1.041556 -1.047044 -1.009077 -0.8971030 -0.6331080 -7.2432332E-02 1.029481 2.444883 3.426636 3.910224 4.133564 4.226580 4.251996 4.240417 4.207561 4.163531 4.112879 4.060095 4.006125 3.953471 3.901645 3.852352 3.804444 3.759306 3.715441 3.674133 3.633654 3.595306 3.557151 3.520571 3.483385 3.447091 3.409174 3.371284 3.330418 3.288399 3.241461 3.191662 3.134039 3.071131 2.996419 2.915079 2.823786 2.756444 2.802643 3.230455 3.892095 4.232786 4.369462 4.476606 4.580813 4.682255 4.781231 4.875594 4.967138 5.054221 5.138879 5.219589
-0.8848595 -0.9364426 -0.9843148 -1.026468 -1.054627 -1.061055 -1.024052 -0.9130523 -0.6500487 -9.0378784E-02 1.010336 2.424342 3.404955 3.887537 4.109882 4.201912 4.226356 4.213820 4.180034 4.135100 4.083580 4.029961 3.975199 3.921792 3.869255 3.819289 3.770747 3.725010 3.680579 3.638732 3.597741 3.558898 3.520266 3.483216 3.445568 3.408809 3.370425 3.332054 3.290692 3.248154 3.200673 3.150296 3.092064 3.028506 2.953114 2.871045 2.779004 2.710870 2.756253 3.182983 3.843498 4.183529 4.319572 4.426062 4.529655 4.630562 4.729080 4.823079 4.914348 5.001251 5.085818 5.166526
-0.8930915 -0.9453647 -0.9939615 -1.036876 -1.065823 -1.073068 -1.036900 -0.9267567 -0.6646152 -0.1058082 0.9942216 2.407732 3.387598 3.869309 4.090784 4.181953 4.205551 4.192191 4.157601 4.111892 4.059628 4.005299 3.949859 3.895813 3.842669 3.792132 3.743051 3.696805 3.651891 3.609589 3.568159 3.528898 3.489858 3.452413 3.414370 3.377220 3.338439 3.299666 3.257886 3.214918 3.166982 3.116131 3.057395 2.993309 2.917354 2.834707 2.742049 2.673295 2.718054 3.144408 3.804604 4.143901 4.279248 4.385153 4.488231 4.588679 4.686805 4.780478 4.871492 4.958212 5.042669 5.123337
-0.8998910 -0.9527308 -1.001927 -1.045467 -1.075069 -1.082990 -1.047521 -0.9380888 -0.6766780 -0.1186191 0.9804780 2.392866 3.371858 3.852822 4.073566 4.164017 4.186911 4.172865 4.137611 4.091264 4.038385 3.983471 3.927477 3.872902 3.819262 3.768255 3.718732 3.672067 3.626759 3.584080 3.542293 3.502685 3.463313 3.425540 3.387178 3.349706 3.310603 3.271500 3.229385 3.186063 3.137765 3.086530 3.027395 2.962884 2.886491 2.803376 2.710245 2.640988 2.685228 3.110812 3.770192 4.109105 4.244077 4.349561 4.452233 4.552314 4.650115 4.743515 4.834307 4.920864 5.005209 5.085823
-0.9052139 -0.9584973 -1.008160 -1.052193 -1.082306 -1.090759 -1.055837 -0.9469691 -0.6861266 -0.1286361 0.9700640 2.382236 3.360773 3.841163 4.061331 4.151217 4.173558 4.158975 4.123201 4.076352 4.022995 3.967624 3.911195 3.856210 3.802181 3.750809 3.700939 3.653950 3.608332 3.565361 3.523294 3.483419 3.443785 3.405760 3.367145 3.329426 3.290071 3.250714 3.208337 3.164748 3.116167 3.064641 3.005197 2.940369 2.863636 2.780177 2.686678 2.617059 2.660936 3.086400 3.745709 4.084147 4.218668 4.323789 4.426144 4.525937 4.623486 4.716669 4.807285 4.893703 4.977954 5.058512
-0.9090355 -0.9626347 -1.012634 -1.057018 -1.087500 -1.096333 -1.061807 -0.9533417 -0.6929163 -0.1358572 0.9622339 2.373615 3.351598 3.831560 4.051314 4.140792 4.162736 4.147764 4.111618 4.064411 4.010710 3.955011 3.898273 3.842993 3.788687 3.737052 3.686937 3.639714 3.593876 3.550694 3.508427 3.468359 3.428540 3.390331 3.351541 3.313641 3.274109 3.234570 3.192008 3.148226 3.099449 3.047714 2.988057 2.923000 2.846036 2.762328 2.668583 2.598696 2.642294 3.067235 3.725976 4.064260 4.198625 4.303535 4.405671 4.505265 4.602633 4.695663 4.786149 4.872466 4.956642 5.037157
-0.9113331 -0.9651248 -1.015324 -1.059921 -1.090622 -1.099688 -1.065397 -0.9571773 -0.6969966 -0.1401778 0.9578434 2.369333 3.347189 3.826906 4.046410 4.135644 4.157347 4.142145 4.105773 4.058351 4.004443 3.948548 3.891622 3.836167 3.781693 3.729902 3.679638 3.632275 3.586303 3.542997 3.500608 3.460426 3.420494 3.382178 3.343278 3.305274 3.265632 3.225987 3.183312 3.139419 3.090520 3.038665 2.978877 2.913689 2.836582 2.752734 2.658834 2.588803 2.632260 3.057300 3.716188 4.054217 4.188340 4.293085 4.395086 4.494558 4.591820 4.684754 4.775164 4.861416 4.945548 5.026032
-0.9121020 -0.9659557 -1.016223 -1.060889 -1.091666 -1.100806 -1.066597 -0.9584571 -0.6983638 -0.1416416 0.9561103 2.367151 3.344795 3.824418 4.043839 4.132990 4.154614 4.139333 4.102888 4.055392 4.001417 3.945456 3.888468 3.832954 3.778426 3.726580 3.676267 3.628857 3.582842 3.539492 3.497065 3.456843 3.416875 3.378520 3.339586 3.301545 3.261869 3.222186 3.179476 3.135542 3.086608 3.034708 2.974881 2.909645 2.832497 2.748595 2.654652 2.584561 2.627952 3.052686 3.711224 4.049303 4.183471 4.288194 4.390155 4.489590 4.586814 4.679718 4.770100 4.856333 4.940448 5.020924
-0.9113333 -0.9651244 -1.015324 -1.059920 -1.090622 -1.099687 -1.065397 -0.9571774 -0.6969965 -0.1401780 0.9578438 2.369333 3.347190 3.826906 4.046411 4.135643 4.157347 4.142145 4.105773 4.058350 4.004443 3.948548 3.891623 3.836167 3.781693 3.729902 3.679637 3.632275 3.586303 3.542997 3.500608 3.460426 3.420494 3.382177 3.343277 3.305273 3.265632 3.225986 3.183311 3.139418 3.090520 3.038664 2.978876 2.913689 2.836581 2.752733 2.658834 2.588803 2.632259 3.057300 3.716187 4.054216 4.188340 4.293084 4.395086 4.494558 4.591819 4.684753 4.775163 4.861416 4.945547 5.026032
-0.9090346 -0.9626345 -1.012633 -1.057017 -1.087499 -1.096333 -1.061807 -0.9533418 -0.6929166 -0.1358577 0.9622339 2.373616 3.351599 3.831560 4.051313 4.140791 4.162735 4.147764 4.111618 4.064410 4.010709 3.955010 3.898272 3.842993 3.788686 3.737051 3.686936 3.639712 3.593874 3.550693 3.508426 3.468358 3.428540 3.390331 3.351539 3.313640 3.274108 3.234569 3.192006 3.148225 3.099448 3.047713 2.988056 2.922999 2.846036 2.762327 2.668583 2.598695 2.642292 3.067234 3.725976 4.064259 4.198623 4.303534 4.405670 4.505265 4.602633 4.695662 4.786148 4.872465 4.956641 5.037155
-0.9052134 -0.9584967 -1.008159 -1.052192 -1.082306 -1.090760 -1.055837 -0.9469696 -0.6861274 -0.1286375 0.9700631 2.382235 3.360771 3.841161 4.061330 4.151215 4.173556 4.158973 4.123199 4.076350 4.022993 3.967621 3.911192 3.856207 3.802178 3.750806 3.700937 3.653947 3.608329 3.565359 3.523291 3.483417 3.443783 3.405758 3.367144 3.329423 3.290069 3.250712 3.208334 3.164745 3.116165 3.064639 3.005195 2.940366 2.863634 2.780175 2.686678 2.617057 2.660933 3.086397 3.745707 4.084145 4.218665 4.323787 4.426141 4.525934 4.623483 4.716667 4.807283 4.893699 4.977952 5.058509
-0.8998912 -0.9527305 -1.001927 -1.045467 -1.075070 -1.082991 -1.047522 -0.9380891 -0.6766795 -0.1186210 0.9804767 2.392864 3.371855 3.852819 4.073563 4.164014 4.186908 4.172862 4.137609 4.091260 4.038382 3.983467 3.927473 3.872898 3.819257 3.768250 3.718727 3.672062 3.626755 3.584075 3.542289 3.502682 3.463310 3.425537 3.387175 3.349703 3.310600 3.271496 3.229381 3.186060 3.137762 3.086527 3.027392 2.962881 2.886488 2.803373 2.710243 2.640986 2.685224 3.110809 3.770188 4.109101 4.244073 4.349557 4.452229 4.552311 4.650110 4.743511 4.834304 4.920859 5.005205 5.085818
