T3-twomodels/gz/model60.grd
DSAA
         100         100
  -15.00000       15.00000    
  -15.00000       15.00000    
  -1.905614       6.885620    
[rows 27 to 53 of 100, columns 0 to 61 of 100]
-0.7005873 -0.7347662 -0.7688226 -0.8017259 -0.8319107 -0.8570631 -0.8736883 -0.8766909 -0.8589956 -0.8132018 -0.7383598 -0.6519371 -0.5826328 -0.5436600 -0.5318738 -0.5395958 -0.5601534 -0.5887923 -0.6223192 -0.6585796 -0.6961579 -0.7340859 -0.7717497 -0.8087233 -0.8447662 -0.8797029 -0.9134619 -0.9459708 -0.9772171 -1.007148 -1.035743 -1.062912 -1.088577 -1.112567 -1.134709 -1.154717 -1.172295 -1.187021 -1.198466 -1.206068 -1.209274 -1.207389 -1.199745 -1.185532 -1.164050 -1.134682 -1.097737 -1.055924 -1.018154 -1.001242 -1.018052 -1.054943 -1.091015 -1.120044 -1.142522 -1.160124 -1.173794 -1.184223 -1.191686 -1.196464 -1.198633 -1.198335
-0.7254293 -0.7608155 -0.7956461 -0.8285764 -0.8573305 -0.8785065 -0.8862447 -0.8710354 -0.8160574 -0.6958233 -0.4899794 -0.2443644 -5.5534091E-02 4.8519161E-02 9.2557214E-02 0.1005845 8.7553494E-02 6.2163688E-02 2.9554289E-02 -7.0463400E-03 -4.5696389E-02 -8.5043423E-02 -0.1243389 -0.1629774 -0.2007154 -0.2372646 -0.2725995 -0.3065553 -0.3391832 -0.3703349 -0.4000558 -0.4281435 -0.4545765 -0.4790400 -0.5013935 -0.5211569 -0.5380221 -0.5512908 -0.5604380 -0.5644848 -0.5626052 -0.5533935 -0.5354773 -0.5065911 -0.4640775 -0.4036512 -0.3198895 -0.2069684 -7.0929132E-02 3.4130409E-02 2.9814523E-02 -4.2308774E-02 -0.1034960 -0.1440375 -0.1715285 -0.1919800 -0.2072577 -0.2189475 -0.2271863 -0.2326373 -0.2351594 -0.2351549
-0.7508247 -0.7874176 -0.8228624 -0.8557317 -0.8825638 -0.8991592 -0.8959435 -0.8581898 -0.7514750 -0.5121600 -4.0717352E-02 0.5623521 0.9826027 1.187228 1.274643 1.302330 1.298226 1.276909 1.245357 1.208764 1.168924 1.128411 1.087292 1.047226 1.007573 0.9696553 0.9325055 0.8973641 0.8631004 0.8310122 0.7998958 0.7712056 0.7437207 0.7191468 0.6962917 0.6772105 0.6607827 0.6495402 0.6424881 0.6428232 0.6498230 0.6677771 0.6967671 0.7434275 0.8106888 0.9118686 1.061027 1.292922 1.639831 2.005236 2.037133 1.852655 1.740083 1.679890 1.647489 1.622623 1.606668 1.592792 1.584541 1.577711 1.575457 1.574589
-0.7761222 -0.8139192 -0.8499249 -0.8827258 -0.9075060 -0.9194384 -0.9048056 -0.8437130 -0.6819572 -0.3123921 0.4652488 1.489155 2.173551 2.487417 2.620612 2.668767 2.673828 2.656794 2.626287 2.589831 2.548737 2.507173 2.464151 2.422774 2.381113 2.341950 2.302887 2.266689 2.230682 2.197796 2.165168 2.136024 2.107361 2.082842 2.059349 2.041137 2.025000 2.016007 2.010900 2.015904 2.027895 2.055010 2.095057 2.160262 2.252788 2.396910 2.615296 2.978206 3.568839 4.253804 4.329934 4.005528 3.834092 3.751856 3.714912 3.685018 3.668830 3.652363 3.644448 3.635924 3.634218 3.632218
-0.8004885 -0.8394485 -0.8761278 -0.9088583 -0.9319575 -0.9395503 -0.9150648 -0.8336511 -0.6282899 -0.1658194 0.7925252 2.045874 2.891973 3.285811 3.456260 3.522003 3.535327 3.521940 3.492503 3.455870 3.413736 3.370866 3.326209 3.283267 3.239897 3.199220 3.158561 3.121018 3.083604 3.049604 3.015821 2.985874 2.956412 2.931550 2.907817 2.890006 2.874569 2.867241 2.864467 2.873343 2.890584 2.925602 2.976475 3.057697 3.173191 3.352654 3.626277 4.080007 4.811257 5.641879 5.738564 5.354042 5.147494 5.050688 5.008502 4.975296 4.957718 4.939750 4.931249 4.921870 4.919961 4.917517
-0.8236287 -0.8637647 -0.9012410 -0.9340757 -0.9560070 -0.9601941 -0.9282402 -0.8320037 -0.5983109 -8.4684744E-02 0.9540273 2.300970 3.221846 3.661436 3.856792 3.935448 3.955131 3.944499 3.915784 3.878742 3.835548 3.791288 3.745064 3.700511 3.655522 3.613289 3.571131 3.532194 3.493473 3.458297 3.423453 3.392621 3.362444 3.337120 3.313202 3.295608 3.280856 3.274874 3.274251 3.286392 3.308297 3.349908 3.409905 3.503805 3.636880 3.840968 4.148930 4.649028 5.434794 6.307801 6.410212 6.008525 5.787350 5.682432 5.636059 5.600344 5.581189 5.562050 5.552745 5.542741 5.540443 5.537735
-0.8455707 -0.8869267 -0.9253281 -0.9585364 -0.9798732 -0.9818176 -0.9448723 -0.8391426 -0.5889772 -4.9343564E-02 1.024594 2.410067 3.364615 3.828134 4.038298 4.125301 4.149230 4.140335 4.111862 4.074171 4.029825 3.984132 3.936354 3.890201 3.843635 3.799870 3.756257 3.715945 3.675956 3.639612 3.603734 3.572004 3.541111 3.515275 3.491118 3.473610 3.459381 3.454452 3.455586 3.470344 3.495994 3.542739 3.609660 3.712689 3.857656 4.076828 4.403210 4.923844 5.728497 6.612204 6.715137 6.307901 6.080308 5.970764 5.921315 5.883556 5.862932 5.842733 5.832624 5.822048 5.819346 5.816409
-0.8663747 -0.9089971 -0.9484509 -0.9823110 -1.003611 -1.004402 -0.9645630 -0.8533757 -0.5942525 -4.1588701E-02 1.049142 2.452939 3.423599 3.899296 4.117598 4.209410 4.235741 4.227639 4.198920 4.160348 4.114743 4.067595 4.018263 3.970546 3.922434 3.877183 3.832151 3.790510 3.749276 3.711799 3.674893 3.642276 3.610640 3.584256 3.559771 3.542228 3.528304 3.524131 3.526548 3.543266 3.571661 3.622118 3.693838 3.802917 3.955190 4.182826 4.518264 5.047532 5.858828 6.746096 6.848171 6.437350 6.206142 6.093540 6.041795 6.002292 5.980375 5.959175 5.948325 5.937190 5.934115 5.930945
-0.8860657 -0.9299878 -0.9706033 -1.005355 -1.027091 -1.027604 -0.9864435 -0.8725086 -0.6088992 -4.9935073E-02 1.048230 2.459618 3.437568 3.919189 4.141570 4.235749 4.263088 4.255002 4.225629 4.185969 4.139024 4.090398 4.039538 3.990288 3.940685 3.893992 3.847595 3.804664 3.762231 3.723644 3.685739 3.652230 3.619843 3.592861 3.567974 3.550251 3.536437 3.532699 3.535966 3.553993 3.584248 3.637149 3.711950 3.824690 3.981123 4.213119 4.552723 5.085297 5.898335 6.785054 6.885620 6.472861 6.239192 6.124381 6.070770 6.029807 6.006713 5.984613 5.973058 5.961414 5.957975 5.954597
-0.9046366 -0.9498717 -0.9917235 -1.027548 -1.050074 -1.050947 -1.009540 -0.8945889 -0.6290680 -6.7323148E-02 1.034510 2.450044 3.431464 3.915671 4.139731 4.234705 4.262078 4.253445 4.223107 4.182215 4.133872 4.083773 4.031414 3.980685 3.929641 3.881572 3.833863 3.789698 3.746108 3.706453 3.667567 3.633183 3.600030 3.572419 3.547050 3.529032 3.515128 3.511559 3.515270 3.534071 3.565431 3.619792 3.696358 3.811125 3.969672 4.203698 4.544940 5.078533 5.891850 6.778439 6.877612 6.462653 6.227037 6.110425 6.055298 6.013048 5.988931 5.965998 5.953809 5.941679 5.937913 5.934332
-0.9220548 -0.9685923 -1.011717 -1.048727 -1.072280 -1.073935 -1.032976 -0.9180554 -0.6521218 -8.9557566E-02 1.013139 2.429359 3.411665 3.896592 4.120938 4.215735 4.242517 4.232959 4.201458 4.159240 4.109485 4.057933 4.004128 3.951980 3.899569 3.850184 3.801232 3.755889 3.711200 3.670517 3.630687 3.595442 3.561528 3.533254 3.507350 3.488929 3.474787 3.471147 3.474992 3.494120 3.526022 3.581100 3.658538 3.774227 3.933671 4.168398 4.510033 5.043531 5.856122 6.741055 6.838744 6.422519 6.185341 6.067278 6.010840 5.967497 5.942454 5.918789 5.906012 5.893450 5.889375 5.885618
-0.9382780 -0.9860824 -1.030477 -1.068724 -1.093438 -1.096127 -1.056025 -0.9417514 -0.6762301 -0.1138636 0.9890045 2.405682 3.388048 3.872708 4.096553 4.190609 4.216426 4.205727 4.172949 4.129377 4.078224 4.025272 3.970085 3.916595 3.862888 3.812273 3.762145 3.715697 3.669962 3.628307 3.587569 3.551494 3.516821 3.487880 3.461395 3.442502 3.427994 3.424117 3.427843 3.446988 3.479009 3.534307 3.612001 3.727949 3.887551 4.122286 4.463666 4.996649 5.808537 6.692930 6.789414 6.371541 6.133010 6.013686 5.956152 5.911841 5.886002 5.861670 5.848376 5.835414 5.831070 5.827147
-0.9532547 -1.002268 -1.047897 -1.087379 -1.113304 -1.117148 -1.078121 -0.9648172 -0.7001638 -0.1385795 0.9633501 2.378870 3.360349 3.844189 4.067113 4.160124 4.184790 4.172844 4.138763 4.093850 4.041353 3.987068 3.930583 3.875834 3.820923 3.769155 3.717937 3.670452 3.623745 3.581171 3.539580 3.502704 3.467301 3.437690 3.410611 3.391191 3.376243 3.372000 3.375445 3.394374 3.426250 3.481426 3.559013 3.674802 3.834173 4.068527 4.409374 4.941605 5.752451 6.635259 6.730530 6.311769 6.072121 5.951760 5.893263 5.848132 5.821581 5.796674 5.782911 5.769604 5.765010 5.760947
-0.9669387 -1.017084 -1.063880 -1.104555 -1.131676 -1.136707 -1.098835 -0.9866490 -0.7230606 -0.1624909 0.9386606 2.353629 3.334243 3.817035 4.038846 4.130688 4.154133 4.140930 4.105568 4.059374 4.005607 3.950081 3.892389 3.836480 3.780458 3.727633 3.675407 3.626971 3.579361 3.535939 3.493545 3.455921 3.419817 3.389558 3.361881 3.341921 3.326480 3.321802 3.324855 3.343438 3.374986 3.429852 3.507102 3.622523 3.781440 4.015256 4.355436 4.886910 5.697000 6.579352 6.673690 6.253660 6.013027 5.891747 5.832449 5.786593 5.759438 5.734018 5.719854 5.706233 5.701428 5.697237
-0.9792855 -1.030468 -1.078346 -1.120136 -1.148396 -1.154575 -1.117855 -1.006809 -0.7443541 -0.1849164 0.9149097 2.328340 3.307683 3.789325 4.009972 4.100628 4.122870 4.108457 4.071887 4.024497 3.969561 3.912895 3.854105 3.797141 3.740111 3.686324 3.633186 3.583882 3.535452 3.491250 3.448122 3.409801 3.373044 3.342167 3.313915 3.293413 3.277471 3.272320 3.274932 3.293088 3.324225 3.378668 3.455481 3.570415 3.728802 3.962005 4.301510 4.832210 5.641362 6.522375 6.615773 6.195137 5.953700 5.831670 5.771668 5.725210 5.697522 5.671669 5.657147 5.643262 5.638266 5.633971
-0.9902557 -1.042371 -1.091226 -1.134032 -1.163337 -1.170587 -1.134950 -1.025000 -0.7636393 -0.2052871 0.8936445 2.306380 3.284757 3.765290 3.984812 4.074340 4.095453 4.079917 4.042241 3.993768 3.937773 3.880087 3.820312 3.762405 3.704474 3.649831 3.595875 3.545798 3.496629 3.451730 3.407935 3.368985 3.331626 3.300182 3.271385 3.250371 3.233934 3.228314 3.230466 3.248177 3.278862 3.332850 3.409179 3.523607 3.681434 3.914045 4.252894 4.782922 5.591465 6.472198 6.564913 6.143302 5.901153 5.778463 5.717885 5.670901 5.642773 5.616539 5.601720 5.587602 5.582449 5.578059
-0.9998173 -1.052752 -1.102469 -1.146174 -1.176412 -1.184620 -1.149966 -1.041011 -0.7806640 -0.2233440 0.8743632 2.285672 3.262877 3.742368 3.960858 4.049358 4.069454 4.052914 4.014255 3.964819 3.907896 3.849311 3.788675 3.729944 3.671226 3.615830 3.561163 3.510404 3.460591 3.415073 3.370693 3.331181 3.293288 3.261329 3.232042 3.210550 3.193657 3.187587 3.189303 3.206573 3.236819 3.290350 3.366213 3.480141 3.637450 3.869498 4.207769 4.737164 5.544962 6.424606 6.516629 6.094643 5.851931 5.728716 5.667640 5.620231 5.591721 5.565177 5.550099 5.535791 5.530502 5.526041
-1.007945 -1.061579 -1.112033 -1.156511 -1.187551 -1.196591 -1.162789 -1.054708 -0.7952437 -0.2388065 0.8581909 2.268979 3.245410 3.724001 3.941586 4.029191 4.048401 4.030995 3.991487 3.941231 3.883510 3.824160 3.762788 3.703354 3.643963 3.587931 3.532652 3.481315 3.430946 3.384903 3.340016 3.300023 3.261663 3.229258 3.199536 3.177627 3.160320 3.153850 3.155162 3.172034 3.201871 3.254990 3.330418 3.443902 3.600738 3.832304 4.170060 4.698952 5.506331 6.385885 6.477448 6.054728 5.811523 5.687854 5.626388 5.578614 5.549801 5.522994 5.507712 5.493239 5.487844 5.483318
-1.014617 -1.068828 -1.119890 -1.165004 -1.196711 -1.206439 -1.173350 -1.065995 -0.8072767 -0.2516060 0.8444405 2.254086 3.229619 3.707438 3.924265 4.011122 4.029599 4.011471 3.971263 3.920326 3.861949 3.801968 3.739993 3.679979 3.620038 3.563477 3.507699 3.455882 3.405058 3.358577 3.313273 3.272876 3.234131 3.201349 3.171265 3.148998 3.131345 3.124526 3.125497 3.142019 3.171507 3.224262 3.299325 3.412421 3.568866 3.800017 4.137359 4.665803 5.472642 6.351338 6.442422 6.019526 5.775959 5.651954 5.590157 5.542108 5.513043 5.486033 5.470581 5.455983 5.450497 5.445928
-1.019820 -1.074481 -1.126018 -1.171632 -1.203860 -1.214130 -1.181598 -1.074819 -0.8166822 -0.2615927 0.8340410 2.243455 3.218514 3.695740 3.911972 3.998239 4.016138 3.997447 3.956687 3.905219 3.846329 3.785856 3.723407 3.662943 3.602570 3.545599 3.489428 3.437238 3.386056 3.339234 3.293600 3.252888 3.213835 3.180759 3.150383 3.127835 3.109900 3.102806 3.103496 3.119741 3.148943 3.201412 3.276174 3.388968 3.545093 3.775927 4.112933 4.641063 5.447678 6.326467 6.417289 5.993867 5.749993 5.625707 5.563676 5.515403 5.486158 5.458985 5.443408 5.428711 5.423162 5.418552
-1.023543 -1.078526 -1.130404 -1.176376 -1.208978 -1.219636 -1.187507 -1.081139 -0.8234279 -0.2687803 0.8262345 2.234844 3.209338 3.686121 3.901923 3.987767 4.005249 3.986151 3.945000 3.893149 3.833894 3.773066 3.710280 3.649491 3.588811 3.531545 3.475094 3.422634 3.371197 3.324126 3.278259 3.237317 3.198045 3.164753 3.134169 3.111413 3.093276 3.085977 3.086467 3.102505 3.131502 3.183755 3.258303 3.370872 3.526774 3.757370 4.094146 4.622020 5.428291 6.306431 6.396971 5.973550 5.729490 5.605029 5.542820 5.494401 5.465018 5.437739 5.422068 5.407307 5.401706 5.397076
-1.025780 -1.080956 -1.133039 -1.179226 -1.212052 -1.222946 -1.191057 -1.084940 -0.8274791 -0.2730773 0.8218604 2.230572 3.204931 3.681461 3.897004 3.982593 3.999825 3.980484 3.939095 3.887016 3.827538 3.766499 3.703508 3.642527 3.581660 3.524218 3.467597 3.414977 3.363384 3.316168 3.270155 3.229078 3.189670 3.156250 3.125538 3.102659 3.084396 3.076976 3.077339 3.093256 3.122122 3.174251 3.248664 3.361102 3.516861 3.747322 4.083951 4.611701 5.417939 6.296352 6.386814 5.963050 5.718853 5.594266 5.531965 5.483449 5.453993 5.426644 5.410923 5.396117 5.390493 5.385845
-1.026525 -1.081766 -1.133917 -1.180175 -1.213078 -1.224049 -1.192242 -1.086206 -0.8288345 -0.2745318 0.8201347 2.228396 3.202540 3.678973 3.894429 3.979933 3.997082 3.977659 3.936192 3.884034 3.824483 3.763373 3.700316 3.639268 3.578341 3.520838 3.464162 3.411487 3.359844 3.312577 3.266519 3.225393 3.185943 3.152477 3.121724 3.098801 3.080499 3.073035 3.073360 3.089231 3.118059 3.170141 3.244513 3.356902 3.512621 3.743029 4.079617 4.607301 5.413384 6.291342 6.381704 5.958110 5.713891 5.589281 5.526935 5.478397 5.448910 5.421542 5.405801 5.390985 5.385348 5.380698
-1.025779 -1.080956 -1.133038 -1.179226 -1.212052 -1.222946 -1.191057 -1.084940 -0.8274796 -0.2730775 0.8218605 2.230572 3.204931 3.681460 3.897004 3.982594 3.999825 3.980484 3.939095 3.887016 3.827537 3.766499 3.703508 3.642527 3.581660 3.524218 3.467596 3.414977 3.363383 3.316167 3.270155 3.229078 3.189670 3.156250 3.125537 3.102658 3.084395 3.076975 3.077338 3.093255 3.122122 3.174250 3.248663 3.361101 3.516861 3.747323 4.083951 4.611701 5.417938 6.296352 6.386814 5.963049 5.718853 5.594266 5.531965 5.483448 5.453992 5.426643 5.410922 5.396117 5.390493 5.385844
-1.023543 -1.078526 -1.130404 -1.176376 -1.208978 -1.219636 -1.187507 -1.081139 -0.8234289 -0.2687813 0.8262338 2.234844 3.209338 3.686121 3.901922 3.987766 4.005249 3.986151 3.945000 3.893149 3.833893 3.773065 3.710278 3.649490 3.588810 3.531542 3.475092 3.422633 3.371196 3.324126 3.278259 3.237316 3.198045 3.164752 3.134168 3.111411 3.093275 3.085975 3.086465 3.102504 3.131501 3.183754 3.258303 3.370872 3.526773 3.757369 4.094145 4.622018 5.428289 6.306429 6.396970 5.973549 5.729488 5.605027 5.542819 5.494400 5.465017 5.437738 5.422066 5.407305 5.401704 5.397075
-1.019820 -1.074481 -1.126018 -1.171632 -1.203860 -1.214131 -1.181598 -1.074819 -0.8166828 -0.2615942 0.8340399 2.243454 3.218513 3.695737 3.911969 3.998237 4.016135 3.997445 3.956686 3.905217 3.846327 3.785853 3.723403 3.662940 3.602567 3.545597 3.489425 3.437235 3.386053 3.339231 3.293598 3.252887 3.213833 3.180757 3.150381 3.127833 3.109897 3.102803 3.103493 3.119739 3.148941 3.201409 3.276171 3.388967 3.545092 3.775925 4.112930 4.641061 5.447675 6.326464 6.417285 5.993864 5.749990 5.625705 5.563675 5.515401 5.486156 5.458983 5.443406 5.428709 5.423159 5.418550
-1.014617 -1.068828 -1.119890 -1.165005 -1.196712 -1.206440 -1.173350 -1.065996 -0.8072780 -0.2516079 0.8444382 2.254084 3.229616 3.707434 3.924261 4.011118 4.029596 4.011468 3.971260 3.920322 3.861947 3.801964 3.739988 3.679975 3.620034 3.563473 3.507695 3.455877 3.405054 3.358573 3.313270 3.272874 3.234128 3.201347 3.171262 3.148995 3.131342 3.124523 3.125493 3.142015 3.171504 3.224259 3.299322 3.412419 3.568864 3.800014 4.137355 4.665799 5.472639 6.351334 6.442418 6.019523 5.775954 5.651949 5.590154 5.542104 5.513040 5.486030 5.470575 5.455980 5.450492 5.445924
