T3-twomodels/gz/model90.grd
DSAA
         100         100
  -15.00000       15.00000    
  -15.00000       15.00000    
  -1.879617       6.701500    
[rows 27 to 53 of 100, columns 0 to 61 of 100]
-0.6933064 -0.7270736 -0.7606962 -0.7931385 -0.8228376 -0.8474742 -0.8635557 -0.8659814 -0.8476786 -0.8012410 -0.7257220 -0.6385831 -0.5685278 -0.5287631 -0.5161496 -0.5230042 -0.5426617 -0.5703642 -0.6029295 -0.6382030 -0.6747854 -0.7117138 -0.7483993 -0.7844308 -0.8196062 -0.8537808 -0.8869419 -0.9190730 -0.9502519 -0.9805183 -1.009988 -1.038714 -1.066816 -1.094332 -1.121355 -1.147871 -1.173913 -1.199360 -1.224114 -1.247856 -1.270218 -1.290481 -1.307719 -1.320354 -1.326216 -1.321837 -1.302567 -1.262779 -1.201072 -1.131239 -1.085423 -1.076052 -1.085984 -1.100967 -1.115528 -1.128511 -1.139550 -1.148673 -1.155737 -1.160759 -1.163614 -1.164314
-0.7149643 -0.7499202 -0.7843110 -0.8167591 -0.8450197 -0.8656559 -0.8728406 -0.8570271 -0.8014293 -0.6805206 -0.4739846 -0.2276186 -3.8019031E-02 6.6864982E-02 0.1117512 0.1206888 0.1085813 8.4173769E-02 5.2550133E-02 1.6983574E-02 -2.0649169E-02 -5.8953162E-02 -9.7258881E-02 -0.1349248 -0.1718063 -0.2075929 -0.2423880 -0.2760271 -0.3087347 -0.3404014 -0.3713092 -0.4013508 -0.4308285 -0.4595984 -0.4879523 -0.5156649 -0.5429748 -0.5695033 -0.5953543 -0.6198564 -0.6427965 -0.6628968 -0.6791621 -0.6888677 -0.6888149 -0.6721235 -0.6284485 -0.5386872 -0.3824864 -0.1836220 -6.2732540E-02 -5.9246298E-02 -9.0754963E-02 -0.1186496 -0.1393118 -0.1556536 -0.1684563 -0.1789154 -0.1867509 -0.1924901 -0.1957111 -0.1967722
-0.7364209 -0.7725323 -0.8075651 -0.8398972 -0.8662629 -0.8822588 -0.8785166 -0.8400940 -0.7327863 -0.4927259 -2.0617852E-02 0.5832795 1.004273 1.209814 1.298050 1.326739 1.323530 1.303294 1.272697 1.237241 1.198381 1.159014 1.118833 1.079835 1.040955 1.003872 0.9671254 0.9323155 0.8977346 0.8650329 0.8323110 0.8013543 0.7700866 0.7405058 0.7103594 0.6819506 0.6528495 0.6258182 0.5982777 0.5737125 0.5495296 0.5305118 0.5145625 0.5092927 0.5152411 0.5484239 0.6230273 0.7906818 1.126382 1.646529 1.930571 1.859949 1.769315 1.715268 1.686823 1.664813 1.651034 1.638100 1.630323 1.623033 1.620162 1.618056
-0.7576067 -0.7948602 -0.8304935 -0.8626895 -0.8870445 -0.8983044 -0.8831870 -0.8213458 -0.6590397 -0.2886428 0.4896197 1.514448 2.199543 2.514426 2.648397 2.697664 2.703572 2.687737 2.658133 2.622939 2.582762 2.542473 2.500309 2.460122 2.419125 2.380894 2.342067 2.306245 2.269650 2.236084 2.201393 2.169706 2.136476 2.106288 2.074155 2.045278 2.014164 1.986890 1.957401 1.933080 1.907354 1.889801 1.873823 1.873532 1.885085 1.935917 2.042458 2.295036 2.833932 3.738970 4.213853 4.042915 3.881928 3.798019 3.761763 3.733299 3.718982 3.703105 3.695771 3.686570 3.684367 3.680918
-0.7784564 -0.8168455 -0.8531568 -0.8852514 -0.9079295 -0.9148154 -0.8898470 -0.8076473 -0.6017361 -0.1383922 0.8205764 2.074893 2.921695 3.316601 3.487832 3.554743 3.568921 3.556793 3.528264 3.492956 3.451741 3.410206 3.366397 3.324695 3.281955 3.242229 3.201722 3.164515 3.126336 3.091498 3.055304 3.022437 2.987755 2.956459 2.922906 2.892991 2.860503 2.832328 2.801620 2.776752 2.750314 2.733213 2.718114 2.721274 2.739006 2.803835 2.938043 3.252132 3.918462 5.018822 5.600366 5.403064 5.206675 5.104744 5.061378 5.028773 5.012827 4.995296 4.987391 4.977252 4.974862 4.970869
-0.7988914 -0.8384431 -0.8755414 -0.9077262 -0.9292235 -0.9326868 -0.9002359 -0.8031936 -0.5689338 -5.4411832E-02 0.9849451 2.332882 3.254484 3.695171 3.891336 3.971194 3.991760 3.982422 3.954647 3.918966 3.876720 3.833825 3.788470 3.745173 3.700813 3.659520 3.617468 3.578793 3.539175 3.502973 3.465430 3.431278 3.395310 3.362784 3.327988 3.296894 3.263225 3.233971 3.202246 3.176589 3.149619 3.132563 3.118337 3.123972 3.146803 3.221717 3.374922 3.724123 4.448493 5.620079 6.246385 6.054136 5.849450 5.740374 5.692811 5.657648 5.640142 5.621463 5.612781 5.602010 5.599213 5.594911
-0.8188235 -0.8595844 -0.8975966 -0.9301424 -0.9510321 -0.9522377 -0.9147797 -0.8082264 -0.5574758 -1.6925437E-02 1.057677 2.444169 3.399467 3.864111 4.075111 4.163345 4.188188 4.180620 4.153119 4.116821 4.073454 4.029156 3.982269 3.937388 3.891454 3.848614 3.805070 3.764951 3.723947 3.686400 3.647560 3.612138 3.574937 3.541192 3.505207 3.472937 3.438134 3.407789 3.375074 3.348567 3.321016 3.303786 3.290099 3.297393 3.323781 3.405271 3.569875 3.937192 4.686654 5.884542 6.529710 6.345149 6.140619 6.029628 5.980114 5.943436 5.924742 5.905162 5.895757 5.884444 5.881236 5.876672
-0.8381555 -0.8801720 -0.9192265 -0.9524115 -0.9732508 -0.9732894 -0.9329221 -0.8208951 -0.5611686 -7.5682765E-03 1.083848 2.488686 3.460120 3.936969 4.156133 4.249207 4.276481 4.269738 4.242022 4.204876 4.160279 4.114553 4.066136 4.019706 3.972232 3.927897 3.882902 3.841390 3.799038 3.760198 3.720097 3.683456 3.645052 3.610137 3.572990 3.539589 3.503670 3.472263 3.438547 3.411173 3.382940 3.365366 3.351826 3.360081 3.388607 3.474025 3.644919 4.021365 4.782267 5.992353 6.646541 6.466220 6.263051 6.151780 6.101449 6.063823 6.044279 6.023941 6.013922 6.002105 5.998533 5.993713
-0.8567827 -0.9000893 -0.9402946 -0.9743596 -0.9956232 -0.9953690 -0.9536665 -0.8388756 -0.5746454 -1.4726643E-02 1.084145 2.496595 3.475343 3.958139 4.181410 4.276877 4.305189 4.298491 4.270153 4.231949 4.186043 4.138864 4.088944 4.040998 3.992039 3.946257 3.899871 3.857016 3.813377 3.773287 3.731984 3.694165 3.654616 3.618566 3.580311 3.545808 3.508820 3.476365 3.441668 3.413393 3.384418 3.366321 3.352628 3.361230 3.390865 3.478346 3.652524 4.033405 4.799479 6.014092 6.672161 6.494739 6.292646 6.181449 6.130650 6.092392 6.072161 6.051204 6.040630 6.028374 6.024454 6.019411
-0.8745951 -0.9192062 -0.9606372 -0.9957644 -1.017805 -1.017899 -0.9759355 -0.8601135 -0.5939556 -3.1238506E-02 1.071321 2.487938 3.470177 3.955584 4.180558 4.276847 4.305220 4.298005 4.268731 4.229324 4.182049 4.133425 4.082029 4.032622 3.982232 3.935072 3.887353 3.843223 3.798351 3.757080 3.714623 3.675690 3.635041 3.597919 3.558597 3.523050 3.485023 3.451565 3.415894 3.386720 3.356939 3.338209 3.324102 3.332639 3.362626 3.451028 3.626694 4.009649 4.778176 5.995723 6.655879 6.479260 6.277593 6.166318 6.115157 6.076353 6.055558 6.034040 6.022986 6.010317 6.006094 6.000836
-0.8914855 -0.9373901 -0.9800844 -1.016387 -1.039444 -1.040307 -0.9987786 -0.8829733 -0.6163862 -5.2833490E-02 1.050608 2.467930 3.451077 3.937225 4.162510 4.258646 4.286457 4.278342 4.247933 4.207229 4.158570 4.108520 4.055702 4.004895 3.953149 3.904675 3.855701 3.810359 3.764330 3.721935 3.678396 3.638402 3.596724 3.558579 3.518255 3.481709 3.442703 3.408273 3.371667 3.341592 3.310990 3.291533 3.276863 3.285023 3.314910 3.403490 3.579672 3.963367 4.732722 5.950567 6.611190 6.435283 6.233705 6.122225 6.070643 6.031354 6.010026 5.988019 5.976514 5.963483 5.958970 5.953527
-0.9073500 -0.9545136 -0.9984691 -1.035999 -1.060206 -1.062092 -1.021408 -0.9062357 -0.6400469 -7.6675668E-02 1.026953 2.444752 3.427978 3.913881 4.138688 4.234105 4.260977 4.251748 4.220089 4.178058 4.128028 4.076604 4.022426 3.970297 3.917269 3.867568 3.817411 3.770941 3.723821 3.680381 3.635823 3.594843 3.552193 3.513098 3.471828 3.434350 3.394413 3.359072 3.321561 3.290619 3.259187 3.238973 3.223627 3.231251 3.260732 3.349097 3.525203 3.908996 4.678578 5.897116 6.558001 6.381699 6.179850 6.067989 6.015973 5.976182 5.954374 5.931900 5.919996 5.906623 5.901856 5.896236
-0.9220938 -0.9704586 -1.015639 -1.054397 -1.079804 -1.082835 -1.043214 -0.9289993 -0.6636642 -0.1010610 1.001646 2.418304 3.400661 3.885763 4.109669 4.204066 4.229810 4.219358 4.186421 4.143074 4.091727 4.038993 3.983540 3.930171 3.875956 3.825109 3.773860 3.726338 3.678214 3.633799 3.588304 3.546403 3.502858 3.462875 3.420733 3.382383 3.341587 3.305383 3.267029 3.235251 3.203019 3.182034 3.165985 3.172962 3.201903 3.289800 3.465556 3.849038 4.618300 5.836082 6.496509 6.320179 6.117985 6.005703 5.953200 5.912941 5.890660 5.867769 5.855487 5.841813 5.836807 5.831035
-0.9356347 -0.9851235 -1.031465 -1.071405 -1.098002 -1.102208 -1.063732 -0.9506235 -0.6863418 -0.1247386 0.9772036 2.393326 3.374835 3.858908 4.081720 4.174970 4.199512 4.187827 4.153633 4.109029 4.056434 4.002484 3.945845 3.891338 3.836025 3.784133 3.731879 3.683398 3.634347 3.589045 3.542685 3.499947 3.455575 3.414785 3.371838 3.332693 3.291098 3.254107 3.214962 3.182410 3.149407 3.127687 3.110922 3.117239 3.145552 3.232895 3.408128 3.791162 4.560062 5.777913 6.438093 6.261037 6.058341 5.945567 5.892601 5.851868 5.829165 5.805873 5.793259 5.779300 5.774089 5.768174
-0.9479010 -0.9984210 -1.045838 -1.086885 -1.114612 -1.119959 -1.082625 -0.9706454 -0.7074865 -0.1470027 0.9536276 2.368225 3.348481 3.831419 4.053085 4.145166 4.168527 4.155651 4.120271 4.074493 4.020752 3.965683 3.907969 3.852424 3.796120 3.743277 3.690117 3.640765 3.590883 3.544772 3.497635 3.454134 3.409022 3.367496 3.323823 3.283953 3.241641 3.203927 3.164067 3.130795 3.097090 3.074667 3.057229 3.062883 3.090577 3.177315 3.351995 3.734473 4.502789 5.719671 6.379185 6.201914 5.998772 5.885543 5.832107 5.790951 5.767838 5.744199 5.731274 5.717071 5.711666 5.705632
-0.9588340 -1.010282 -1.058669 -1.100726 -1.129491 -1.135900 -1.099641 -0.9887476 -0.7266721 -0.1672639 0.9324841 2.346401 3.325701 3.807547 4.028104 4.119073 4.141321 4.127345 4.090875 4.044035 3.989254 3.933186 3.874505 3.818038 3.760848 3.707162 3.653192 3.603068 3.552441 3.505617 3.457783 3.413610 3.367831 3.325654 3.281333 3.240822 3.197863 3.159510 3.119002 3.085092 3.050740 3.027687 3.009617 3.014662 3.041750 3.127918 3.302025 3.683982 4.451843 5.668671 6.327858 6.149847 5.946202 5.832507 5.778657 5.737096 5.713631 5.689667 5.676475 5.662046 5.656483 5.650335
-0.9683875 -1.020650 -1.069893 -1.112843 -1.142534 -1.149895 -1.114610 -1.004705 -0.7436340 -0.1852481 0.9132849 2.325786 3.303929 3.784743 4.004282 4.094239 4.115486 4.100520 4.063086 4.015301 3.959611 3.902661 3.843138 3.785860 3.727901 3.673474 3.618802 3.568002 3.516728 3.469276 3.420839 3.376072 3.329719 3.286969 3.242086 3.201010 3.157493 3.118572 3.077505 3.043025 3.008112 2.984490 2.965865 2.970351 2.996900 3.082525 3.256123 3.637556 4.404858 5.620768 6.279330 6.101123 5.897087 5.783000 5.728759 5.686854 5.663066 5.638829 5.625395 5.610781 5.605070 5.598835
-0.9765226 -1.029480 -1.079456 -1.123174 -1.153662 -1.161849 -1.127410 -1.018371 -0.7581759 -0.2006645 0.8971683 2.309158 3.286536 3.766463 3.985109 4.074184 4.094558 4.078740 4.040472 3.991881 3.935408 3.877711 3.817466 3.759501 3.700883 3.645832 3.590557 3.539185 3.487357 3.439377 3.390421 3.345155 3.298306 3.255075 3.209708 3.168157 3.124158 3.084762 3.043208 3.008250 2.972847 2.948745 2.929630 2.933641 2.959708 3.044872 3.218001 3.599001 4.365930 5.581842 6.240153 6.061307 5.856859 5.742404 5.687842 5.645627 5.621574 5.597095 5.583467 5.568686 5.562858 5.556542
-0.9832116 -1.036742 -1.087322 -1.131673 -1.162823 -1.171693 -1.137961 -1.029643 -0.7701872 -0.2134351 0.8834541 2.294308 3.270798 3.749962 3.967861 4.056197 4.075849 4.059320 4.020364 3.971105 3.913991 3.855674 3.794839 3.736308 3.677150 3.621582 3.565817 3.513971 3.461693 3.413272 3.363896 3.318215 3.270964 3.227331 3.181572 3.139624 3.095235 3.055442 3.013497 2.978135 2.942338 2.917829 2.898319 2.901923 2.927600 3.012363 3.185115 3.565719 4.332215 5.547351 6.205161 6.026224 5.821496 5.706760 5.651915 5.609460 5.585175 5.560507 5.546709 5.531802 5.525872 5.519497
-0.9884328 -1.042410 -1.093463 -1.138310 -1.169977 -1.179385 -1.146207 -1.038460 -0.7795810 -0.2234050 0.8730772 2.283707 3.259728 3.738307 3.955617 4.043373 4.062455 4.045372 4.005876 3.956096 3.898477 3.839680 3.778381 3.719410 3.659830 3.603862 3.547711 3.495498 3.442864 3.394105 3.344396 3.298395 3.250826 3.206885 3.160815 3.118563 3.073865 3.033767 2.991508 2.955839 2.919725 2.894906 2.875076 2.878373 2.903729 2.988191 3.160627 3.540947 4.307213 5.522476 6.180165 6.000731 5.795722 5.680739 5.625689 5.583030 5.558579 5.533752 5.519832 5.504817 5.498816 5.492388
-0.9921717 -1.046469 -1.097860 -1.143062 -1.175102 -1.184895 -1.152117 -1.044778 -0.7863210 -0.2305837 0.8652840 2.275114 3.250576 3.728716 3.945602 4.032939 4.051613 4.034130 3.994248 3.944093 3.886116 3.826970 3.765343 3.706055 3.646175 3.589917 3.533493 3.481016 3.428130 3.379124 3.329181 3.282948 3.235155 3.190989 3.144700 3.102226 3.057311 3.016988 2.974512 2.938617 2.902283 2.877234 2.857182 2.860247 2.885386 2.969616 3.141841 3.521929 4.287921 5.502573 6.159914 5.980523 5.775369 5.660234 5.605021 5.562230 5.537648 5.512718 5.498701 5.483619 5.477558 5.471100
-0.9944189 -1.048908 -1.100503 -1.145919 -1.178181 -1.188208 -1.155669 -1.048579 -0.7903697 -0.2348754 0.8609169 2.270852 3.246182 3.724072 3.940701 4.027789 4.046215 4.028493 3.988376 3.937998 3.879804 3.820452 3.758624 3.699149 3.639086 3.582656 3.526065 3.473432 3.420393 3.371243 3.321155 3.274784 3.226854 3.182555 3.136132 3.093528 3.048478 3.008027 2.965414 2.929388 2.892915 2.867735 2.847542 2.850477 2.875474 2.959577 3.131660 3.511632 4.277558 5.492490 6.149861 5.970126 5.764831 5.649581 5.594285 5.551401 5.526750 5.501750 5.487684 5.472553 5.466465 5.459982
-0.9951679 -1.049722 -1.101384 -1.146871 -1.179209 -1.189313 -1.156855 -1.049845 -0.7917247 -0.2363289 0.8591938 2.268678 3.243794 3.721589 3.938134 4.025135 4.043480 4.025677 3.985485 3.935029 3.876763 3.817341 3.755449 3.695909 3.635787 3.579298 3.522654 3.469966 3.416877 3.367677 3.317543 3.271125 3.223151 3.178806 3.132340 3.089689 3.044599 3.004100 2.961446 2.925372 2.888858 2.863628 2.843395 2.846278 2.871237 2.955287 3.127334 3.507248 4.273070 5.487559 6.144742 5.965198 5.759900 5.644631 5.589295 5.546391 5.521708 5.496691 5.482602 5.467463 5.461358 5.454873
-0.9944190 -1.048909 -1.100503 -1.145919 -1.178182 -1.188209 -1.155669 -1.048579 -0.7903703 -0.2348759 0.8609166 2.270852 3.246181 3.724071 3.940701 4.027789 4.046214 4.028493 3.988376 3.937998 3.879803 3.820452 3.758624 3.699148 3.639085 3.582656 3.526065 3.473431 3.420391 3.371242 3.321154 3.274784 3.226853 3.182555 3.136131 3.093527 3.048478 3.008026 2.965413 2.929388 2.892914 2.867735 2.847542 2.850477 2.875474 2.959578 3.131660 3.511632 4.277557 5.492489 6.149861 5.970126 5.764831 5.649581 5.594285 5.551402 5.526751 5.501750 5.487683 5.472552 5.466464 5.459981
-0.9921713 -1.046469 -1.097860 -1.143062 -1.175101 -1.184896 -1.152117 -1.044778 -0.7863214 -0.2305841 0.8652836 2.275114 3.250576 3.728715 3.945600 4.032938 4.051612 4.034130 3.994248 3.944093 3.886115 3.826970 3.765342 3.706053 3.646173 3.589916 3.533492 3.481014 3.428129 3.379124 3.329180 3.282947 3.235154 3.190987 3.144699 3.102225 3.057309 3.016988 2.974511 2.938616 2.902282 2.877233 2.857181 2.860246 2.885385 2.969616 3.141840 3.521927 4.287920 5.502572 6.159913 5.980521 5.775367 5.660233 5.605021 5.562228 5.537647 5.512718 5.498700 5.483618 5.477557 5.471099
-0.9884328 -1.042410 -1.093463 -1.138310 -1.169977 -1.179386 -1.146207 -1.038460 -0.7795817 -0.2234061 0.8730764 2.283706 3.259727 3.738304 3.955614 4.043370 4.062453 4.045371 4.005874 3.956094 3.898476 3.839678 3.778379 3.719408 3.659827 3.603859 3.547708 3.495496 3.442862 3.394103 3.344395 3.298394 3.250825 3.206883 3.160814 3.118562 3.073863 3.033764 2.991506 2.955837 2.919722 2.894905 2.875074 2.878371 2.903728 2.988189 3.160625 3.540945 4.307210 5.522474 6.180163 6.000728 5.795718 5.680736 5.625687 5.583028 5.558577 5.533750 5.519830 5.504815 5.498813 5.492385
-0.9832115 -1.036741 -1.087322 -1.131673 -1.162823 -1.171693 -1.137962 -1.029644 -0.7701882 -0.2134370 0.8834523 2.294307 3.270795 3.749958 3.967856 4.056192 4.075845 4.059318 4.020362 3.971102 3.913987 3.855670 3.794835 3.736304 3.677146 3.621578 3.565813 3.513967 3.461688 3.413268 3.363893 3.318212 3.270961 3.227328 3.181569 3.139621 3.095233 3.055439 3.013493 2.978131 2.942334 2.917825 2.898315 2.901920 2.927598 3.012361 3.185112 3.565714 4.332211 5.547347 6.205156 6.026218 5.821490 5.706757 5.651911 5.609457 5.585173 5.560504 5.546705 5.531798 5.525867 5.519493
