T3-twomodels/gz/model120.grd
DSAA
         100         100
  -15.00000       15.00000    
  -15.00000       15.00000    
  -1.866752       6.740206    
[rows 0 to 26 of 100, columns 0 to 61 of 100]
-0.2649710 -0.2710656 -0.2772601 -0.2835473 -0.2899193 -0.2963670 -0.3028816 -0.3094530 -0.3160723 -0.3227300 -0.3294362 -0.3361806 -0.3428991 -0.3495951 -0.3562725 -0.3629220 -0.3695331 -0.3760970 -0.3826037 -0.3890445 -0.3954105 -0.4016950 -0.4078897 -0.4139887 -0.4199853 -0.4258748 -0.4316515 -0.4373118 -0.4428506 -0.4482650 -0.4535511 -0.4587063 -0.4637266 -0.4686102 -0.4733531 -0.4779535 -0.4824072 -0.4867122 -0.4908637 -0.4948598 -0.4986946 -0.5023658 -0.5058665 -0.5091942 -0.5123404 -0.5153031 -0.5180724 -0.5206472 -0.5230210 -0.5252249 -0.5271955 -0.5288838 -0.5303581 -0.5315993 -0.5325971 -0.5333409 -0.5338266 -0.5340455 -0.5339935 -0.5336627 -0.5330498 -0.5321481
-0.2736259 -0.2801192 -0.2867236 -0.2934311 -0.3002331 -0.3071198 -0.3140808 -0.3211062 -0.3281838 -0.3353016 -0.3424256 -0.3495424 -0.3566967 -0.3638602 -0.3710062 -0.3781215 -0.3851955 -0.3922169 -0.3991761 -0.4060627 -0.4128684 -0.4195842 -0.4262026 -0.4327161 -0.4391195 -0.4454060 -0.4515717 -0.4576110 -0.4635207 -0.4692963 -0.4749358 -0.4804349 -0.4857917 -0.4910027 -0.4960661 -0.5009780 -0.5057369 -0.5103382 -0.5147798 -0.5190567 -0.5231665 -0.5271026 -0.5308624 -0.5344378 -0.5378259 -0.5410174 -0.5440099 -0.5467910 -0.5493539 -0.5516499 -0.5537311 -0.5556340 -0.5572703 -0.5586450 -0.5597544 -0.5605955 -0.5611579 -0.5614371 -0.5614234 -0.5611125 -0.5604964 -0.5595714
-0.2827164 -0.2896397 -0.2966866 -0.3038485 -0.3111158 -0.3184775 -0.3259228 -0.3334394 -0.3410162 -0.3486413 -0.3563238 -0.3640513 -0.3717518 -0.3794281 -0.3870822 -0.3947030 -0.4022776 -0.4097950 -0.4172432 -0.4246124 -0.4318920 -0.4390736 -0.4461480 -0.4531090 -0.4599493 -0.4666635 -0.4732460 -0.4796931 -0.4859997 -0.4921636 -0.4981809 -0.5040497 -0.5097661 -0.5153292 -0.5207352 -0.5259828 -0.5310680 -0.5359892 -0.5407414 -0.5453229 -0.5497274 -0.5539522 -0.5579900 -0.5618374 -0.5654851 -0.5689302 -0.5721613 -0.5751764 -0.5779671 -0.5805669 -0.5829049 -0.5849272 -0.5867068 -0.5882217 -0.5894595 -0.5904071 -0.5910596 -0.5914058 -0.5914401 -0.5911531 -0.5905396 -0.5895919
-0.2922656 -0.2996529 -0.3071779 -0.3148312 -0.3226021 -0.3304788 -0.3384487 -0.3464994 -0.3546158 -0.3627831 -0.3709622 -0.3791366 -0.3873536 -0.3955806 -0.4037862 -0.4119548 -0.4200727 -0.4281267 -0.4361050 -0.4439951 -0.4517873 -0.4594709 -0.4670378 -0.4744798 -0.4817909 -0.4889640 -0.4959951 -0.5028789 -0.5096124 -0.5161915 -0.5226148 -0.5288785 -0.5349815 -0.5409210 -0.5466958 -0.5523022 -0.5577394 -0.5630031 -0.5680915 -0.5729994 -0.5777243 -0.5822592 -0.5866012 -0.5907411 -0.5946751 -0.5983924 -0.6018897 -0.6051524 -0.6081722 -0.6108944 -0.6133748 -0.6156526 -0.6176294 -0.6193096 -0.6206875 -0.6217586 -0.6225104 -0.6229365 -0.6230252 -0.6227707 -0.6221629 -0.6211968
-0.3022980 -0.3101863 -0.3182284 -0.3264135 -0.3347302 -0.3431651 -0.3517050 -0.3603344 -0.3690395 -0.3778051 -0.3866399 -0.3955277 -0.4043871 -0.4132185 -0.4220234 -0.4307870 -0.4394937 -0.4481300 -0.4566815 -0.4651360 -0.4734814 -0.4817078 -0.4898052 -0.4977663 -0.5055830 -0.5132504 -0.5207624 -0.5281158 -0.5353060 -0.5423315 -0.5491885 -0.5558766 -0.5623928 -0.5687368 -0.5749056 -0.5808986 -0.5867127 -0.5923463 -0.5977949 -0.6030570 -0.6081261 -0.6129993 -0.6176682 -0.6221291 -0.6263711 -0.6303902 -0.6341732 -0.6377166 -0.6410104 -0.6440903 -0.6468765 -0.6493075 -0.6514632 -0.6533179 -0.6548564 -0.6560629 -0.6569306 -0.6574456 -0.6576009 -0.6573844 -0.6567897 -0.6558066
-0.3128390 -0.3212686 -0.3298697 -0.3386308 -0.3475390 -0.3565801 -0.3657380 -0.3749976 -0.3843401 -0.3937471 -0.4031731 -0.4125977 -0.4220704 -0.4315529 -0.4410085 -0.4504180 -0.4597645 -0.4690314 -0.4782046 -0.4872693 -0.4962136 -0.5050254 -0.5136957 -0.5222149 -0.5305769 -0.5387746 -0.5468040 -0.5546603 -0.5623413 -0.5698435 -0.5771667 -0.5843079 -0.5912678 -0.5980439 -0.6046366 -0.6110429 -0.6172629 -0.6232927 -0.6291313 -0.6347733 -0.6402169 -0.6454538 -0.6504808 -0.6552874 -0.6598693 -0.6642133 -0.6683152 -0.6721571 -0.6757289 -0.6789685 -0.6819364 -0.6846735 -0.6870701 -0.6891294 -0.6908434 -0.6922057 -0.6932011 -0.6938210 -0.6940510 -0.6938835 -0.6933061 -0.6923119
-0.3239136 -0.3329280 -0.3421341 -0.3515192 -0.3610692 -0.3707677 -0.3805981 -0.3905416 -0.4005801 -0.4106948 -0.4208929 -0.4311537 -0.4413835 -0.4515809 -0.4617445 -0.4718564 -0.4818967 -0.4918488 -0.5016949 -0.5114209 -0.5210119 -0.5304569 -0.5397442 -0.5488657 -0.5578134 -0.5665820 -0.5751660 -0.5835629 -0.5917686 -0.5997830 -0.6076038 -0.6152318 -0.6226651 -0.6299056 -0.6369509 -0.6438020 -0.6504566 -0.6569144 -0.6631710 -0.6692256 -0.6750712 -0.6807052 -0.6861179 -0.6913049 -0.6962532 -0.7009578 -0.7054028 -0.7095827 -0.7134849 -0.7171480 -0.7204811 -0.7234138 -0.7260332 -0.7283096 -0.7302238 -0.7317570 -0.7328998 -0.7336358 -0.7339554 -0.7338441 -0.7332931 -0.7322904
-0.3355477 -0.3451942 -0.3550549 -0.3651163 -0.3753621 -0.3857752 -0.3963356 -0.4070240 -0.4178172 -0.4286918 -0.4395944 -0.4504991 -0.4614582 -0.4724262 -0.4833596 -0.4942342 -0.5050289 -0.5157233 -0.5263000 -0.5367410 -0.5470323 -0.5571600 -0.5671135 -0.5768828 -0.5864617 -0.5958426 -0.6050229 -0.6139979 -0.6227670 -0.6313283 -0.6396831 -0.6478302 -0.6557720 -0.6635077 -0.6710396 -0.6783663 -0.6854892 -0.6924053 -0.6991144 -0.7056119 -0.7118958 -0.7179572 -0.7237926 -0.7293899 -0.7347431 -0.7398371 -0.7446651 -0.7492059 -0.7534462 -0.7573152 -0.7608781 -0.7641788 -0.7670925 -0.7696214 -0.7717544 -0.7734829 -0.7747881 -0.7756590 -0.7760785 -0.7760363 -0.7755173 -0.7745129
-0.3477666 -0.3580962 -0.3686657 -0.3794595 -0.3904608 -0.4016491 -0.4130040 -0.4245014 -0.4361189 -0.4478317 -0.4596450 -0.4715326 -0.4833860 -0.4952002 -0.5069711 -0.5186754 -0.5302886 -0.5417895 -0.5531569 -0.5643728 -0.5754201 -0.5862859 -0.5969570 -0.6074249 -0.6176810 -0.6277207 -0.6375391 -0.6471350 -0.6565060 -0.6656538 -0.6745781 -0.6832820 -0.6917656 -0.7000331 -0.7080845 -0.7159226 -0.7235463 -0.7309573 -0.7381520 -0.7451304 -0.7518854 -0.7584140 -0.7647055 -0.7707546 -0.7765456 -0.7820719 -0.7873135 -0.7922624 -0.7969028 -0.8012753 -0.8052762 -0.8088237 -0.8120140 -0.8148113 -0.8171926 -0.8191345 -0.8206252 -0.8216448 -0.8221810 -0.8222167 -0.8217406 -0.8207378
-0.3605951 -0.3716626 -0.3829985 -0.3945862 -0.4064062 -0.4184371 -0.4306542 -0.4430328 -0.4555435 -0.4681568 -0.4808088 -0.4934668 -0.5061865 -0.5189132 -0.5315945 -0.5441995 -0.5567022 -0.5690769 -0.5813019 -0.5933554 -0.6052209 -0.6168822 -0.6283277 -0.6395460 -0.6505313 -0.6612766 -0.6717803 -0.6820394 -0.6920556 -0.7018288 -0.7113633 -0.7206602 -0.7297248 -0.7385591 -0.7471680 -0.7555522 -0.7637156 -0.7716566 -0.7793767 -0.7868718 -0.7941402 -0.8011726 -0.8079648 -0.8145023 -0.8207775 -0.8267719 -0.8324752 -0.8378617 -0.8429136 -0.8475488 -0.8518381 -0.8558286 -0.8593777 -0.8624848 -0.8651361 -0.8673199 -0.8690132 -0.8702027 -0.8708677 -0.8709959 -0.8705689 -0.8695756
-0.3740564 -0.3859206 -0.3980854 -0.4105325 -0.4232405 -0.4361847 -0.4493389 -0.4626735 -0.4761587 -0.4897635 -0.5034899 -0.5173040 -0.5310794 -0.5448063 -0.5584766 -0.5720607 -0.5855274 -0.5988500 -0.6120024 -0.6249628 -0.6377108 -0.6502311 -0.6625091 -0.6745356 -0.6863024 -0.6978055 -0.7090417 -0.7200119 -0.7307161 -0.7411589 -0.7513428 -0.7612747 -0.7709576 -0.7803994 -0.7896026 -0.7985737 -0.8073137 -0.8158269 -0.8241107 -0.8321669 -0.8399882 -0.8475716 -0.8549048 -0.8619810 -0.8687811 -0.8752953 -0.8814987 -0.8873796 -0.8929166 -0.8981534 -0.9029689 -0.9072676 -0.9111561 -0.9145920 -0.9175469 -0.9199927 -0.9219148 -0.9232891 -0.9241015 -0.9243312 -0.9239650 -0.9229842
-0.3881714 -0.4008951 -0.4139552 -0.4273317 -0.4410006 -0.4549351 -0.4691046 -0.4834777 -0.4980170 -0.5126849 -0.5274044 -0.5421343 -0.5569344 -0.5717376 -0.5864805 -0.6011248 -0.6156368 -0.6299846 -0.6441410 -0.6580797 -0.6717808 -0.6852252 -0.6984001 -0.7112935 -0.7239000 -0.7362134 -0.7482346 -0.7599628 -0.7714028 -0.7825581 -0.7934365 -0.8040432 -0.8143877 -0.8244756 -0.8343162 -0.8439131 -0.8532739 -0.8623993 -0.8712934 -0.8799527 -0.8883767 -0.8965552 -0.9044830 -0.9121428 -0.9195241 -0.9266025 -0.9333646 -0.9397767 -0.9458150 -0.9513822 -0.9565557 -0.9613866 -0.9657087 -0.9695198 -0.9728021 -0.9755406 -0.9777089 -0.9792907 -0.9802620 -0.9806085 -0.9803084 -0.9793481
-0.4029581 -0.4166074 -0.4306334 -0.4450132 -0.4597210 -0.4747258 -0.4899951 -0.5054905 -0.5211750 -0.5370084 -0.5529889 -0.5690738 -0.5851128 -0.6010909 -0.6169949 -0.6327869 -0.6484280 -0.6638844 -0.6791234 -0.6941185 -0.7088448 -0.7232848 -0.7374217 -0.7512463 -0.7647505 -0.7779323 -0.7907903 -0.8033291 -0.8155518 -0.8274677 -0.8390836 -0.8504108 -0.8614579 -0.8722371 -0.8827555 -0.8930240 -0.9030474 -0.9128335 -0.9223820 -0.9316965 -0.9407703 -0.9496003 -0.9581723 -0.9664763 -0.9744889 -0.9821954 -0.9895632 -0.9965746 -1.003201 -1.009488 -1.015293 -1.020501 -1.025234 -1.029439 -1.033084 -1.036135 -1.038575 -1.040378 -1.041525 -1.041996 -1.041772 -1.040833
-0.4184303 -0.4330750 -0.4481401 -0.4636011 -0.4794281 -0.4955881 -0.5120421 -0.5287502 -0.5456657 -0.5627408 -0.5798826 -0.5970387 -0.6142749 -0.6315094 -0.6486648 -0.6656932 -0.6825523 -0.6992018 -0.7156078 -0.7317377 -0.7475677 -0.7630749 -0.7782450 -0.7930652 -0.8075311 -0.8216382 -0.8353904 -0.8487903 -0.8618479 -0.8745705 -0.8869725 -0.8990636 -0.9108602 -0.9223728 -0.9336164 -0.9445997 -0.9553354 -0.9658277 -0.9760845 -0.9861038 -0.9958867 -1.005421 -1.014702 -1.023706 -1.032418 -1.040808 -1.048853 -1.056509 -1.063744 -1.070439 -1.076680 -1.082522 -1.087768 -1.092417 -1.096445 -1.099837 -1.102563 -1.104604 -1.105936 -1.106541 -1.106396 -1.105484
-0.4345955 -0.4503073 -0.4664879 -0.4831093 -0.5001390 -0.5175382 -0.5352657 -0.5532733 -0.5715140 -0.5899368 -0.6085372 -0.6272609 -0.6459296 -0.6645223 -0.6830204 -0.7013760 -0.7195407 -0.7374717 -0.7551283 -0.7724773 -0.7894883 -0.8061402 -0.8224141 -0.8382997 -0.8537900 -0.8688852 -0.8835871 -0.8979048 -0.9118468 -0.9254280 -0.9386618 -0.9515661 -0.9641560 -0.9764507 -0.9884638 -1.000213 -1.011707 -1.022961 -1.033977 -1.044762 -1.055310 -1.065617 -1.075667 -1.085445 -1.094920 -1.104069 -1.112849 -1.121231 -1.129176 -1.136730 -1.143720 -1.150009 -1.155735 -1.160838 -1.165281 -1.169025 -1.172055 -1.174340 -1.175866 -1.176607 -1.176545 -1.175656
-0.4514530 -0.4683056 -0.4856785 -0.5035408 -0.5218548 -0.5405784 -0.5596625 -0.5790565 -0.5987021 -0.6185402 -0.6384590 -0.6583953 -0.6784245 -0.6984489 -0.7183747 -0.7381431 -0.7577011 -0.7769983 -0.7959918 -0.8146410 -0.8329153 -0.8507874 -0.8682402 -0.8852596 -0.9018423 -0.9179860 -0.9336985 -0.9489875 -0.9638692 -0.9783576 -0.9924745 -1.006238 -1.019671 -1.032793 -1.045627 -1.058188 -1.070498 -1.082564 -1.094402 -1.106010 -1.117393 -1.128538 -1.139434 -1.150055 -1.160376 -1.170354 -1.179954 -1.189117 -1.197793 -1.205836 -1.213339 -1.220363 -1.226676 -1.232275 -1.237138 -1.241250 -1.244582 -1.247118 -1.248832 -1.249709 -1.249723 -1.248855
-0.4689933 -0.4870596 -0.5057012 -0.5248817 -0.5445595 -0.5646845 -0.5852035 -0.6060565 -0.6271845 -0.6485268 -0.6700777 -0.6917742 -0.7134044 -0.7349445 -0.7563729 -0.7776313 -0.7986603 -0.8194059 -0.8398161 -0.8598481 -0.8794634 -0.8986347 -0.9173388 -0.9355647 -0.9533046 -0.9705620 -0.9873429 -1.003662 -1.019535 -1.034984 -1.050032 -1.064705 -1.079027 -1.093029 -1.106731 -1.120160 -1.133336 -1.146277 -1.158995 -1.171498 -1.183782 -1.195845 -1.207663 -1.219217 -1.230461 -1.241361 -1.251853 -1.261890 -1.271413 -1.280468 -1.288838 -1.296358 -1.303192 -1.309275 -1.314566 -1.319032 -1.322662 -1.325430 -1.327325 -1.328321 -1.328403 -1.327540
-0.4871941 -0.5065454 -0.5265275 -0.5470988 -0.5682095 -0.5898030 -0.6118159 -0.6341844 -0.6568373 -0.6797057 -0.7026595 -0.7256294 -0.7487130 -0.7717993 -0.7947795 -0.8175843 -0.8401493 -0.8624107 -0.8843124 -0.9058008 -0.9268350 -0.9473787 -0.9674093 -0.9869096 -1.005876 -1.024308 -1.042220 -1.059623 -1.076543 -1.093003 -1.109034 -1.124664 -1.139928 -1.154855 -1.169480 -1.183828 -1.197931 -1.211805 -1.225472 -1.238937 -1.252207 -1.265265 -1.278101 -1.290672 -1.302944 -1.314849 -1.326332 -1.337304 -1.347688 -1.357294 -1.366225 -1.374551 -1.381997 -1.388569 -1.394254 -1.399051 -1.402939 -1.405914 -1.407954 -1.409050 -1.409172 -1.408301
-0.5060194 -0.5267216 -0.5481097 -0.5701326 -0.5927309 -0.6158363 -0.6393775 -0.6632776 -0.6874668 -0.7118775 -0.7365159 -0.7613217 -0.7860527 -0.8106969 -0.8352386 -0.8596137 -0.8837498 -0.9075776 -0.9310275 -0.9540396 -0.9765597 -0.9985486 -1.019974 -1.040819 -1.061075 -1.080747 -1.099846 -1.118393 -1.136411 -1.153936 -1.170997 -1.187635 -1.203887 -1.219794 -1.235391 -1.250717 -1.265801 -1.280677 -1.295360 -1.309869 -1.324202 -1.338355 -1.352298 -1.365999 -1.379393 -1.392417 -1.404973 -1.416982 -1.428346 -1.439103 -1.448978 -1.457769 -1.465687 -1.472669 -1.478694 -1.483745 -1.487832 -1.490946 -1.493087 -1.494231 -1.494364 -1.493449
-0.5254156 -0.5475272 -0.5703737 -0.5938920 -0.6180068 -0.6426349 -0.6676881 -0.6930824 -0.7187340 -0.7445729 -0.7704633 -0.7963528 -0.8224003 -0.8485005 -0.8745420 -0.9004520 -0.9261539 -0.9515622 -0.9765973 -1.001180 -1.025246 -1.048740 -1.071627 -1.093880 -1.115492 -1.136462 -1.156808 -1.176551 -1.195723 -1.214358 -1.232502 -1.250195 -1.267487 -1.284420 -1.301045 -1.317401 -1.333533 -1.349472 -1.365250 -1.380880 -1.396374 -1.411714 -1.426881 -1.441816 -1.456459 -1.470701 -1.484444 -1.497542 -1.509869 -1.521159 -1.531532 -1.541081 -1.549486 -1.556787 -1.563014 -1.568205 -1.572371 -1.575533 -1.577683 -1.578817 -1.578901 -1.577907
-0.5453115 -0.5688787 -0.5932195 -0.6182502 -0.6438735 -0.6699800 -0.6964608 -0.7232100 -0.7501465 -0.7772127 -0.8044662 -0.8318952 -0.8592638 -0.8866188 -0.9139862 -0.9413083 -0.9684976 -0.9954552 -1.022073 -1.048252 -1.073904 -1.098959 -1.123362 -1.147084 -1.170108 -1.192436 -1.214083 -1.235076 -1.255449 -1.275249 -1.294519 -1.313316 -1.331691 -1.349704 -1.367405 -1.384852 -1.402089 -1.419165 -1.436110 -1.452954 -1.469700 -1.486344 -1.502846 -1.519153 -1.535159 -1.550753 -1.565765 -1.580044 -1.593418 -1.605899 -1.617131 -1.626870 -1.635434 -1.642806 -1.649029 -1.654145 -1.658219 -1.661270 -1.663318 -1.664339 -1.664310 -1.663177
-0.5656129 -0.5906665 -0.6165127 -0.6430383 -0.6701072 -0.6975718 -0.7252797 -0.7531013 -0.7809346 -0.8087350 -0.8364152 -0.8640299 -0.8919179 -0.9200600 -0.9483922 -0.9768577 -1.005357 -1.033754 -1.061907 -1.089672 -1.116931 -1.143580 -1.169550 -1.194791 -1.219283 -1.243020 -1.266021 -1.288312 -1.309937 -1.330942 -1.351388 -1.371331 -1.390840 -1.409975 -1.428808 -1.447395 -1.465805 -1.484082 -1.502280 -1.520423 -1.538533 -1.556592 -1.574569 -1.592373 -1.609896 -1.626950 -1.643341 -1.658801 -1.673093 -1.685822 -1.697138 -1.707209 -1.715708 -1.722806 -1.728653 -1.733391 -1.737096 -1.739835 -1.741606 -1.742399 -1.742157 -1.740825
-0.5862042 -0.6127548 -0.6400883 -0.6680427 -0.6964238 -0.7250107 -0.7535855 -0.7819522 -0.8099961 -0.8377073 -0.8653197 -0.8930494 -0.9208354 -0.9489602 -0.9775971 -1.006720 -1.036193 -1.065823 -1.095391 -1.124694 -1.153547 -1.181812 -1.209381 -1.236187 -1.262191 -1.287388 -1.311787 -1.335425 -1.358341 -1.380599 -1.402258 -1.423393 -1.444073 -1.464382 -1.484390 -1.504179 -1.523815 -1.543370 -1.562896 -1.582440 -1.602016 -1.621624 -1.641206 -1.660673 -1.679844 -1.698501 -1.716312 -1.732955 -1.748078 -1.761627 -1.773138 -1.782400 -1.790021 -1.796180 -1.801108 -1.804987 -1.807968 -1.810099 -1.811394 -1.811797 -1.811242 -1.809626
-0.6069437 -0.6349800 -0.6637463 -0.6930076 -0.7224704 -0.7517972 -0.7806301 -0.8086569 -0.8356748 -0.8617027 -0.8868939 -0.9117706 -0.9373074 -0.9638957 -0.9916812 -1.020631 -1.050526 -1.081038 -1.111823 -1.142554 -1.172965 -1.202840 -1.232031 -1.260431 -1.287991 -1.314684 -1.340527 -1.365547 -1.389800 -1.413344 -1.436259 -1.458618 -1.480516 -1.502033 -1.523268 -1.544302 -1.565231 -1.586126 -1.607067 -1.628100 -1.649265 -1.670544 -1.691895 -1.713169 -1.734161 -1.754506 -1.773770 -1.791375 -1.806786 -1.819354 -1.829360 -1.837305 -1.843112 -1.847370 -1.850534 -1.852930 -1.854693 -1.855883 -1.856444 -1.856296 -1.855299 -1.853327
-0.6276678 -0.6571542 -0.6872619 -0.7176422 -0.7478482 -0.7773302 -0.8054804 -0.8317015 -0.8555953 -0.8771735 -0.8972366 -0.9170075 -0.9374752 -0.9598821 -0.9848446 -1.012281 -1.041734 -1.072608 -1.104303 -1.136305 -1.168193 -1.199658 -1.230472 -1.260493 -1.289633 -1.317862 -1.345179 -1.371622 -1.397239 -1.422108 -1.446305 -1.469929 -1.493072 -1.515843 -1.538339 -1.560674 -1.582941 -1.605249 -1.627674 -1.650301 -1.673157 -1.696257 -1.719516 -1.742782 -1.765719 -1.787846 -1.808408 -1.826550 -1.841379 -1.852656 -1.859989 -1.863752 -1.865603 -1.866370 -1.866655 -1.866743 -1.866752 -1.866609 -1.866194 -1.865308 -1.863765 -1.861346
-0.6481832 -0.6790638 -0.7103847 -0.7416356 -0.7721227 -0.8009499 -0.8270156 -0.8491274 -0.8662532 -0.8781105 -0.8856468 -0.8916496 -0.9001202 -0.9134145 -0.9322191 -0.9560423 -0.9838019 -1.014306 -1.046509 -1.079558 -1.112821 -1.145825 -1.178258 -1.209906 -1.240654 -1.270439 -1.299264 -1.327151 -1.354167 -1.380381 -1.405896 -1.430804 -1.455230 -1.479277 -1.503079 -1.526745 -1.550411 -1.574179 -1.598174 -1.622469 -1.647143 -1.672179 -1.697522 -1.722919 -1.747953 -1.771813 -1.793330 -1.810831 -1.822662 -1.827565 -1.826917 -1.823341 -1.818355 -1.813564 -1.809599 -1.806573 -1.804283 -1.802487 -1.800856 -1.799101 -1.796899 -1.793981
-0.6682752 -0.7004776 -0.7328606 -0.7646827 -0.7948921 -0.8220161 -0.8440779 -0.8585625 -0.8627761 -0.8549996 -0.8371546 -0.8160296 -0.8000097 -0.7950854 -0.8022006 -0.8192978 -0.8436536 -0.8728722 -0.9050813 -0.9389246 -0.9734229 -1.007915 -1.041942 -1.075225 -1.107585 -1.138952 -1.169297 -1.198659 -1.227085 -1.254675 -1.281518 -1.307743 -1.333462 -1.358822 -1.383946 -1.408991 -1.434082 -1.459377 -1.484988 -1.511050 -1.537620 -1.564741 -1.592286 -1.619991 -1.647170 -1.672634 -1.694181 -1.708620 -1.712232 -1.703983 -1.686732 -1.666863 -1.650151 -1.637511 -1.628305 -1.621619 -1.616763 -1.613098 -1.610141 -1.607402 -1.604491 -1.601012
