T3-twomodels/gz/model90.grd
DSAA
         100         100
  -15.00000       15.00000    
  -15.00000       15.00000    
  -1.879617       6.701500    
[rows 0 to 26 of 100, columns 0 to 61 of 100]
-0.2646856 -0.2708949 -0.2772080 -0.2836176 -0.2901163 -0.2966949 -0.3033446 -0.3100554 -0.3168186 -0.3236246 -0.3304836 -0.3373852 -0.3442654 -0.3511279 -0.3579761 -0.3648009 -0.3715916 -0.3783394 -0.3850339 -0.3916666 -0.3982283 -0.4047119 -0.4111088 -0.4174129 -0.4236169 -0.4297158 -0.4357032 -0.4415751 -0.4473254 -0.4529511 -0.4584469 -0.4638098 -0.4690346 -0.4741191 -0.4790579 -0.4838485 -0.4884852 -0.4929653 -0.4972829 -0.5014350 -0.5054147 -0.5092187 -0.5128393 -0.5162727 -0.5195103 -0.5225493 -0.5253792 -0.5279990 -0.5304045 -0.5326257 -0.5345797 -0.5362431 -0.5376824 -0.5388694 -0.5397978 -0.5404564 -0.5408434 -0.5409492 -0.5407715 -0.5403028 -0.5395411 -0.5384804
-0.2732808 -0.2798941 -0.2866226 -0.2934586 -0.3003934 -0.3074176 -0.3145206 -0.3216928 -0.3289219 -0.3361962 -0.3434815 -0.3507646 -0.3580901 -0.3654300 -0.3727572 -0.3800587 -0.3873238 -0.3945410 -0.4017008 -0.4087923 -0.4158074 -0.4227363 -0.4295717 -0.4363054 -0.4429320 -0.4494440 -0.4558371 -0.4621048 -0.4682434 -0.4742476 -0.4801146 -0.4858391 -0.4914184 -0.4968478 -0.5021248 -0.5072439 -0.5122025 -0.5169948 -0.5216179 -0.5260652 -0.5303335 -0.5344147 -0.5383055 -0.5419965 -0.5454845 -0.5487591 -0.5518177 -0.5546469 -0.5572361 -0.5595375 -0.5616240 -0.5635049 -0.5650946 -0.5664090 -0.5674409 -0.5681890 -0.5686423 -0.5687977 -0.5686458 -0.5681841 -0.5674050 -0.5663062
-0.2823058 -0.2893546 -0.2965315 -0.3038279 -0.3112346 -0.3187406 -0.3263352 -0.3340062 -0.3417428 -0.3495327 -0.3573855 -0.3652888 -0.3731707 -0.3810337 -0.3888802 -0.3966988 -0.4044766 -0.4122026 -0.4198647 -0.4274528 -0.4349563 -0.4423662 -0.4496733 -0.4568709 -0.4639510 -0.4709082 -0.4777359 -0.4844298 -0.4909841 -0.4973956 -0.5036595 -0.5097731 -0.5157314 -0.5215324 -0.5271709 -0.5326443 -0.5379475 -0.5430775 -0.5480278 -0.5527955 -0.5573731 -0.5617567 -0.5659374 -0.5699111 -0.5736677 -0.5772035 -0.5805063 -0.5835739 -0.5864009 -0.5890193 -0.5913373 -0.5933285 -0.5950645 -0.5965129 -0.5976660 -0.5985107 -0.5990436 -0.5992538 -0.5991370 -0.5986844 -0.5978929 -0.5967553
-0.2917834 -0.2993019 -0.3069630 -0.3147572 -0.3226742 -0.3307025 -0.3388293 -0.3470424 -0.3553270 -0.3636682 -0.3720270 -0.3803873 -0.3887961 -0.3972210 -0.4056307 -0.4140093 -0.4223435 -0.4306196 -0.4388259 -0.4469499 -0.4549815 -0.4629097 -0.4707263 -0.4784223 -0.4859917 -0.4934265 -0.5007221 -0.5078724 -0.5148737 -0.5217210 -0.5284119 -0.5349414 -0.5413075 -0.5475057 -0.5535339 -0.5593864 -0.5650616 -0.5705530 -0.5758579 -0.5809691 -0.5858832 -0.5905913 -0.5950893 -0.5993668 -0.6034192 -0.6072351 -0.6108100 -0.6141288 -0.6171786 -0.6199060 -0.6223899 -0.6246393 -0.6265587 -0.6281651 -0.6294487 -0.6304072 -0.6310272 -0.6313044 -0.6312273 -0.6307922 -0.6299896 -0.6288162
-0.3017379 -0.3097633 -0.3179477 -0.3262804 -0.3347503 -0.3433442 -0.3520489 -0.3608491 -0.3697313 -0.3786801 -0.3877047 -0.3967888 -0.4058510 -0.4148922 -0.4239134 -0.4329002 -0.4418367 -0.4507096 -0.4595042 -0.4682085 -0.4768098 -0.4852983 -0.4936633 -0.5018973 -0.5099919 -0.5179410 -0.5257383 -0.5333798 -0.5408597 -0.5481756 -0.5553229 -0.5622997 -0.5691018 -0.5757275 -0.5821721 -0.5884336 -0.5945069 -0.6003891 -0.6060738 -0.6115579 -0.6168332 -0.6218953 -0.6267341 -0.6313449 -0.6357154 -0.6398413 -0.6437080 -0.6473120 -0.6506466 -0.6537457 -0.6565065 -0.6588984 -0.6609994 -0.6627726 -0.6642082 -0.6652901 -0.6660138 -0.6663654 -0.6663397 -0.6659257 -0.6651186 -0.6639096
-0.3121937 -0.3207666 -0.3295165 -0.3384322 -0.3475010 -0.3567088 -0.3660398 -0.3754790 -0.3850078 -0.3946079 -0.4042341 -0.4138660 -0.4235533 -0.4332578 -0.4429429 -0.4525892 -0.4621801 -0.4716989 -0.4811315 -0.4904627 -0.4996807 -0.5087731 -0.5177304 -0.5265427 -0.5352036 -0.5437046 -0.5520419 -0.5602092 -0.5682036 -0.5760205 -0.5836585 -0.5911132 -0.5983839 -0.6054665 -0.6123596 -0.6190583 -0.6255611 -0.6318619 -0.6379578 -0.6438419 -0.6495101 -0.6549523 -0.6601642 -0.6651333 -0.6698543 -0.6743134 -0.6785050 -0.6824107 -0.6860157 -0.6892592 -0.6922266 -0.6949267 -0.6972527 -0.6992216 -0.7008213 -0.7020476 -0.7028848 -0.7033265 -0.7033587 -0.7029762 -0.7021671 -0.7009271
-0.3231767 -0.3323408 -0.3417025 -0.3512492 -0.3609674 -0.3708407 -0.3808527 -0.3909848 -0.4012194 -0.4115376 -0.4219469 -0.4324264 -0.4428831 -0.4533154 -0.4637223 -0.4740856 -0.4843856 -0.4946056 -0.5047283 -0.5147387 -0.5246223 -0.5343677 -0.5439625 -0.5533988 -0.5626677 -0.5717633 -0.5806791 -0.5894118 -0.5979565 -0.6063118 -0.6144739 -0.6224421 -0.6302133 -0.6377869 -0.6451591 -0.6523288 -0.6592911 -0.6660440 -0.6725810 -0.6788989 -0.6849887 -0.6908456 -0.6964584 -0.7018209 -0.7069190 -0.7117470 -0.7162875 -0.7205351 -0.7244812 -0.7281625 -0.7314623 -0.7343449 -0.7368959 -0.7390726 -0.7408624 -0.7422461 -0.7432171 -0.7437586 -0.7438633 -0.7435179 -0.7427158 -0.7414458
-0.3347124 -0.3445151 -0.3545384 -0.3647690 -0.3751909 -0.3857870 -0.3965380 -0.4074247 -0.4184241 -0.4295129 -0.4406380 -0.4517737 -0.4629725 -0.4741891 -0.4853801 -0.4965214 -0.5075920 -0.5185716 -0.5294427 -0.5401873 -0.5507913 -0.5612403 -0.5715238 -0.5816309 -0.5915549 -0.6012877 -0.6108258 -0.6201634 -0.6292992 -0.6382293 -0.6469541 -0.6554704 -0.6637790 -0.6718770 -0.6797644 -0.6874373 -0.6948951 -0.7021320 -0.7091459 -0.7159290 -0.7224773 -0.7287797 -0.7348309 -0.7406166 -0.7461301 -0.7513549 -0.7562832 -0.7608935 -0.7651673 -0.7690354 -0.7725917 -0.7758436 -0.7786705 -0.7810895 -0.7830855 -0.7846519 -0.7857698 -0.7864302 -0.7866166 -0.7863214 -0.7855306 -0.7842373
-0.3468261 -0.3573186 -0.3680578 -0.3790286 -0.3902140 -0.4015943 -0.4131490 -0.4248545 -0.4366885 -0.4486268 -0.4606745 -0.4728058 -0.4849123 -0.4969894 -0.5090331 -0.5210202 -0.5329264 -0.5447305 -0.5564115 -0.5679513 -0.5793326 -0.5905423 -0.6015667 -0.6123970 -0.6230240 -0.6334426 -0.6436465 -0.6536338 -0.6634009 -0.6729480 -0.6822730 -0.6913773 -0.7002590 -0.7089199 -0.7173572 -0.7255715 -0.7335587 -0.7413180 -0.7488426 -0.7561300 -0.7631701 -0.7699580 -0.7764806 -0.7827305 -0.7886909 -0.7943544 -0.7996998 -0.8047199 -0.8094029 -0.8137887 -0.8177443 -0.8212273 -0.8243324 -0.8270098 -0.8292431 -0.8310089 -0.8322982 -0.8330905 -0.8333765 -0.8331396 -0.8323711 -0.8310570
-0.3595434 -0.3707807 -0.3822939 -0.3940664 -0.4060791 -0.4183108 -0.4307373 -0.4433344 -0.4560727 -0.4689229 -0.4818217 -0.4947366 -0.5077237 -0.5207282 -0.5336981 -0.5466031 -0.5594168 -0.5721138 -0.5846725 -0.5970713 -0.6092933 -0.6213222 -0.6331460 -0.6447530 -0.6561367 -0.6672893 -0.6782085 -0.6888899 -0.6993340 -0.7095389 -0.7195072 -0.7292379 -0.7387341 -0.7479948 -0.7570226 -0.7658145 -0.7743719 -0.7826893 -0.7907657 -0.7985933 -0.8061677 -0.8134767 -0.8205140 -0.8272632 -0.8337154 -0.8398505 -0.8456591 -0.8511140 -0.8561934 -0.8608170 -0.8650886 -0.8690150 -0.8724577 -0.8754339 -0.8779246 -0.8799202 -0.8813976 -0.8823452 -0.8827429 -0.8825805 -0.8818406 -0.8805147
-0.3728877 -0.3849291 -0.3972788 -0.4099188 -0.4228282 -0.4359826 -0.4493564 -0.4629199 -0.4766440 -0.4904980 -0.5044841 -0.5185689 -0.5326262 -0.5466467 -0.5606224 -0.5745239 -0.5883204 -0.6019856 -0.6154931 -0.6288212 -0.6419495 -0.6548627 -0.6675457 -0.6799889 -0.6921833 -0.7041245 -0.7158080 -0.7272333 -0.7383992 -0.7493086 -0.7599618 -0.7703632 -0.7805132 -0.7904169 -0.8000734 -0.8094857 -0.8186509 -0.8275698 -0.8362364 -0.8446485 -0.8527953 -0.8606712 -0.8682615 -0.8755568 -0.8825375 -0.8891933 -0.8954988 -0.9014434 -0.9070128 -0.9122495 -0.9170005 -0.9212157 -0.9250003 -0.9282955 -0.9310805 -0.9333265 -0.9350215 -0.9361408 -0.9366719 -0.9365948 -0.9358980 -0.9345642
-0.3868817 -0.3997899 -0.4130428 -0.4266207 -0.4405000 -0.4546545 -0.4690536 -0.4836667 -0.4984567 -0.5133862 -0.5283790 -0.5433940 -0.5584913 -0.5736044 -0.5886703 -0.6036506 -0.6185123 -0.6332236 -0.6477576 -0.6620880 -0.6761947 -0.6900586 -0.7036666 -0.7170063 -0.7300716 -0.7428555 -0.7553578 -0.7675764 -0.7795145 -0.7911734 -0.8025588 -0.8136729 -0.8245226 -0.8351097 -0.8454397 -0.8555121 -0.8653306 -0.8748911 -0.8841939 -0.8932310 -0.9019979 -0.9104813 -0.9186736 -0.9265555 -0.9341156 -0.9413298 -0.9481849 -0.9546485 -0.9606937 -0.9662263 -0.9713631 -0.9761093 -0.9803042 -0.9839656 -0.9870690 -0.9896014 -0.9915344 -0.9928532 -0.9935330 -0.9935610 -0.9929157 -0.9915857
-0.4015453 -0.4153867 -0.4296135 -0.4442034 -0.4591309 -0.4743656 -0.4898751 -0.5056220 -0.5215693 -0.5376773 -0.5539451 -0.5703298 -0.5866820 -0.6029872 -0.6192323 -0.6353799 -0.6513914 -0.6672336 -0.6828737 -0.6982853 -0.7134438 -0.7283315 -0.7429313 -0.7572336 -0.7712296 -0.7849165 -0.7982917 -0.8113581 -0.8241171 -0.8365762 -0.8487388 -0.8606139 -0.8722060 -0.8835233 -0.8945685 -0.9053480 -0.9158614 -0.9261113 -0.9360925 -0.9458037 -0.9552335 -0.9643756 -0.9732125 -0.9817334 -0.9899139 -0.9977410 -1.005184 -1.012228 -1.018856 -1.025113 -1.030822 -1.035921 -1.040532 -1.044582 -1.048047 -1.050890 -1.053095 -1.054633 -1.055488 -1.055634 -1.055058 -1.053737
-0.4168949 -0.4317394 -0.4470136 -0.4626935 -0.4787498 -0.4951497 -0.5118550 -0.5288262 -0.5460171 -0.5633802 -0.5808236 -0.5982953 -0.6158611 -0.6334404 -0.6509560 -0.6683603 -0.6856115 -0.7026699 -0.7195016 -0.7360745 -0.7523646 -0.7683493 -0.7840137 -0.7993448 -0.8143373 -0.8289862 -0.8432937 -0.8572608 -0.8708956 -0.8842030 -0.8971940 -0.9098753 -0.9222585 -0.9343497 -0.9461585 -0.9576883 -0.9689456 -0.9799283 -0.9906385 -1.001068 -1.011213 -1.021058 -1.030594 -1.039797 -1.048654 -1.057134 -1.065222 -1.072877 -1.080067 -1.086681 -1.092850 -1.098581 -1.103684 -1.108177 -1.112029 -1.115224 -1.117725 -1.119515 -1.120562 -1.120850 -1.120354 -1.119057
-0.4329418 -0.4488614 -0.4652595 -0.4821090 -0.4993776 -0.5170274 -0.5350174 -0.5533001 -0.5718290 -0.5905541 -0.6094707 -0.6285261 -0.6475415 -0.6664975 -0.6853752 -0.7041280 -0.7227075 -0.7410716 -0.7591797 -0.7769992 -0.7944998 -0.8116603 -0.8284614 -0.8448932 -0.8609467 -0.8766223 -0.8919197 -0.9068466 -0.9214087 -0.9356188 -0.9494858 -0.9630243 -0.9762440 -0.9891589 -1.001776 -1.014106 -1.026151 -1.037918 -1.049403 -1.060604 -1.071509 -1.082112 -1.092391 -1.102332 -1.111907 -1.121097 -1.129867 -1.138198 -1.146067 -1.153527 -1.160368 -1.166519 -1.172115 -1.177073 -1.181361 -1.184933 -1.187770 -1.189833 -1.191103 -1.191549 -1.191153 -1.189888
-0.4496914 -0.4667597 -0.4843588 -0.5024584 -0.5210215 -0.5400062 -0.5593644 -0.5790460 -0.5989932 -0.6191477 -0.6393983 -0.6596826 -0.6800765 -0.7004829 -0.7208091 -0.7409964 -0.7609928 -0.7807482 -0.8002205 -0.8193689 -0.8381636 -0.8565769 -0.8745918 -0.8921938 -0.9093787 -0.9261432 -0.9424937 -0.9584358 -0.9739829 -0.9891459 -1.003942 -1.018385 -1.032493 -1.046277 -1.059753 -1.072928 -1.085814 -1.098411 -1.110722 -1.122740 -1.134461 -1.145865 -1.156942 -1.167663 -1.178011 -1.187948 -1.197455 -1.206484 -1.214997 -1.222861 -1.230233 -1.237117 -1.243289 -1.248769 -1.253517 -1.257512 -1.260708 -1.263082 -1.264594 -1.265225 -1.264942 -1.263726
-0.4671407 -0.4854309 -0.5043074 -0.5237349 -0.5436718 -0.5640692 -0.5848740 -0.6060270 -0.6274704 -0.6491437 -0.6710421 -0.6931038 -0.7151169 -0.7370590 -0.7589086 -0.7806089 -0.8021008 -0.8233307 -0.8442476 -0.8648091 -0.8849766 -0.9047235 -0.9240258 -0.9428728 -0.9612556 -0.9791766 -0.9966397 -1.013658 -1.030243 -1.046416 -1.062191 -1.077591 -1.092632 -1.107337 -1.121717 -1.135790 -1.149561 -1.163041 -1.176225 -1.189114 -1.201694 -1.213954 -1.225868 -1.237421 -1.248574 -1.259307 -1.269575 -1.279359 -1.288632 -1.297459 -1.305592 -1.312944 -1.319679 -1.325696 -1.330952 -1.335393 -1.338990 -1.341697 -1.343486 -1.344319 -1.344172 -1.343014
-0.4852782 -0.5048618 -0.5250880 -0.5459158 -0.5672961 -0.5891728 -0.6114838 -0.6341655 -0.6571476 -0.6803622 -0.7036800 -0.7270322 -0.7505177 -0.7740259 -0.7974494 -0.8207195 -0.8437726 -0.8665455 -0.8889832 -0.9110321 -0.9326520 -0.9538066 -0.9744738 -0.9946350 -1.014287 -1.033427 -1.052067 -1.070218 -1.087900 -1.105132 -1.121940 -1.138345 -1.154373 -1.170043 -1.185380 -1.200395 -1.215104 -1.229511 -1.243621 -1.257424 -1.270913 -1.284067 -1.296867 -1.309278 -1.321277 -1.332821 -1.343884 -1.354417 -1.364373 -1.373602 -1.382296 -1.390464 -1.397838 -1.404441 -1.410223 -1.415154 -1.419175 -1.422252 -1.424338 -1.425403 -1.425407 -1.424327
-0.5040806 -0.5250235 -0.5466647 -0.5689539 -0.5918326 -0.6152326 -0.6390841 -0.6633107 -0.6878434 -0.7126157 -0.7376347 -0.7628407 -0.7879929 -0.8130800 -0.8380873 -0.8629521 -0.8876022 -0.9119698 -0.9359855 -0.9595907 -0.9827310 -1.005368 -1.027469 -1.049017 -1.070002 -1.090429 -1.110305 -1.129649 -1.148481 -1.166828 -1.184717 -1.202178 -1.219238 -1.235927 -1.252264 -1.268273 -1.283963 -1.299349 -1.314425 -1.329192 -1.343626 -1.357716 -1.371423 -1.384724 -1.397572 -1.409941 -1.421780 -1.433075 -1.443801 -1.454054 -1.463539 -1.472161 -1.480125 -1.487307 -1.493652 -1.499087 -1.503571 -1.507040 -1.509458 -1.510773 -1.510955 -1.509963
-0.5235131 -0.5458741 -0.5689830 -0.5927774 -0.6171831 -0.6421176 -0.6674936 -0.6932278 -0.7192373 -0.7454536 -0.7717414 -0.7980494 -0.8245382 -0.8511026 -0.8776329 -0.9040573 -0.9303001 -0.9562771 -0.9819095 -1.007118 -1.031840 -1.056021 -1.079625 -1.102624 -1.125010 -1.146783 -1.167957 -1.188548 -1.208586 -1.228097 -1.247120 -1.265684 -1.283826 -1.301575 -1.318963 -1.336006 -1.352729 -1.369133 -1.385224 -1.400985 -1.416405 -1.431447 -1.446084 -1.460263 -1.473953 -1.487099 -1.499680 -1.511644 -1.522961 -1.533464 -1.543420 -1.552858 -1.561454 -1.569237 -1.576139 -1.582112 -1.587074 -1.590974 -1.593742 -1.595340 -1.595714 -1.594833
-0.5435272 -0.5673525 -0.5919649 -0.6172820 -0.6432072 -0.6696316 -0.6964477 -0.7235504 -0.7508599 -0.7783195 -0.8059875 -0.8338541 -0.8616835 -0.8895248 -0.9174045 -0.9452665 -0.9730244 -1.000580 -1.027827 -1.054667 -1.081012 -1.106792 -1.131954 -1.156468 -1.180314 -1.203495 -1.226020 -1.247915 -1.269208 -1.289936 -1.310137 -1.329852 -1.349119 -1.367977 -1.386455 -1.404583 -1.422373 -1.439841 -1.456976 -1.473770 -1.490188 -1.506198 -1.521742 -1.536775 -1.551229 -1.565071 -1.578248 -1.590766 -1.602639 -1.614034 -1.624626 -1.634328 -1.643419 -1.651741 -1.659212 -1.665721 -1.671196 -1.675541 -1.678699 -1.680596 -1.681192 -1.680432
-0.5640603 -0.5893805 -0.6155078 -0.6423299 -0.6697116 -0.6975057 -0.7255619 -0.7537510 -0.7819722 -0.8101819 -0.8382944 -0.8663654 -0.8947354 -0.9233855 -0.9522545 -0.9812858 -1.010382 -1.039407 -1.068222 -1.096684 -1.124673 -1.152089 -1.178861 -1.204939 -1.230303 -1.254943 -1.278876 -1.302123 -1.324723 -1.346711 -1.368138 -1.389045 -1.409483 -1.429487 -1.449101 -1.468347 -1.487250 -1.505810 -1.524025 -1.541864 -1.559293 -1.576244 -1.592659 -1.608444 -1.623538 -1.637863 -1.651405 -1.664144 -1.676112 -1.687189 -1.697813 -1.708088 -1.717620 -1.726439 -1.734431 -1.741494 -1.747488 -1.752319 -1.755883 -1.758117 -1.758949 -1.758337
-0.5850368 -0.6118628 -0.6394870 -0.6677479 -0.6964526 -0.7253816 -0.7543175 -0.7830657 -0.8115123 -0.8396495 -0.8677120 -0.8959174 -0.9242058 -0.9528618 -0.9820595 -1.011775 -1.041873 -1.072163 -1.102427 -1.132461 -1.162084 -1.191158 -1.219573 -1.247264 -1.274189 -1.300341 -1.325727 -1.350377 -1.374323 -1.397619 -1.420309 -1.442453 -1.464094 -1.485289 -1.506070 -1.526477 -1.546518 -1.566205 -1.585512 -1.604410 -1.622825 -1.640681 -1.657857 -1.674247 -1.689715 -1.704190 -1.717611 -1.730057 -1.741681 -1.752890 -1.763433 -1.773321 -1.782966 -1.792122 -1.800611 -1.808208 -1.814758 -1.820092 -1.824107 -1.826695 -1.827798 -1.827343
-0.6063693 -0.6346896 -0.6637560 -0.6933341 -0.7231318 -0.7528124 -0.7820196 -0.8104417 -0.8378779 -0.8643481 -0.8900074 -0.9153788 -0.9414397 -0.9685819 -0.9969531 -1.026523 -1.057072 -1.088275 -1.119790 -1.151290 -1.182510 -1.213235 -1.243318 -1.272651 -1.301183 -1.328886 -1.355771 -1.381859 -1.407199 -1.431834 -1.455831 -1.479240 -1.502128 -1.524540 -1.546528 -1.568117 -1.589332 -1.610158 -1.630577 -1.650514 -1.669887 -1.688548 -1.706343 -1.723056 -1.738507 -1.752507 -1.765018 -1.776104 -1.786056 -1.795081 -1.804168 -1.813706 -1.823194 -1.832558 -1.841467 -1.849633 -1.856755 -1.862649 -1.867138 -1.870127 -1.871515 -1.871250
-0.6279621 -0.6577413 -0.6881583 -0.7188658 -0.7494176 -0.7792655 -0.8078028 -0.8344338 -0.8587608 -0.8807983 -0.9013472 -0.9216331 -0.9426456 -0.9656299 -0.9912028 -1.019287 -1.049423 -1.081020 -1.113479 -1.146288 -1.179025 -1.211384 -1.243136 -1.274139 -1.304303 -1.333596 -1.362011 -1.389579 -1.416339 -1.442354 -1.467681 -1.492395 -1.516550 -1.540216 -1.563430 -1.586236 -1.608635 -1.630624 -1.652140 -1.673106 -1.693359 -1.712712 -1.730875 -1.747537 -1.762308 -1.774877 -1.785017 -1.792913 -1.799213 -1.805312 -1.811728 -1.818996 -1.827673 -1.837031 -1.846401 -1.855172 -1.862961 -1.869457 -1.874488 -1.877900 -1.879617 -1.879550
-0.6497144 -0.6808965 -0.7125362 -0.7441243 -0.7749683 -0.8041732 -0.8306393 -0.8531746 -0.8707495 -0.8830826 -0.8911229 -0.8976599 -0.9066972 -0.9205916 -0.9400327 -0.9645298 -0.9930032 -1.024263 -1.057265 -1.091158 -1.125311 -1.159253 -1.192671 -1.225350 -1.257175 -1.288078 -1.318058 -1.347128 -1.375344 -1.402757 -1.429450 -1.455483 -1.480940 -1.505873 -1.530346 -1.554376 -1.577985 -1.601128 -1.623746 -1.645684 -1.666748 -1.686603 -1.704846 -1.720886 -1.734067 -1.743608 -1.748952 -1.750009 -1.747890 -1.744752 -1.744384 -1.748561 -1.756039 -1.765512 -1.775517 -1.785123 -1.793694 -1.800913 -1.806530 -1.810430 -1.812490 -1.812660
-0.6715274 -0.7040400 -0.7367511 -0.7689208 -0.7994980 -0.8270119 -0.8494867 -0.8644093 -0.8690869 -0.8618030 -0.8444799 -0.8239092 -0.8084769 -0.8041765 -0.8119528 -0.8297520 -0.8548513 -0.8848580 -0.9179010 -0.9526263 -0.9880558 -1.023530 -1.058588 -1.092953 -1.126443 -1.158985 -1.190541 -1.221143 -1.250826 -1.279668 -1.307734 -1.335117 -1.361882 -1.388111 -1.413844 -1.439126 -1.463937 -1.488250 -1.511932 -1.534814 -1.556563 -1.576745 -1.594665 -1.609418 -1.619692 -1.623906 -1.620222 -1.607585 -1.587487 -1.566637 -1.552861 -1.550102 -1.556477 -1.566931 -1.578364 -1.589214 -1.598856 -1.606911 -1.613225 -1.617640 -1.620099 -1.620507
