T3-twomodels/gz/model60.grd
DSAA
         100         100
  -15.00000       15.00000    
  -15.00000       15.00000    
  -1.905614       6.885620    
[rows 0 to 26 of 100, columns 0 to 61 of 100]
-0.2649935 -0.2713362 -0.2777871 -0.2843387 -0.2909837 -0.2977130 -0.3045178 -0.3113881 -0.3183151 -0.3252892 -0.3323207 -0.3393991 -0.3464601 -0.3535074 -0.3605442 -0.3675611 -0.3745473 -0.3814936 -0.3883895 -0.3952259 -0.4019933 -0.4086838 -0.4152887 -0.4218010 -0.4282130 -0.4345188 -0.4407115 -0.4467858 -0.4527354 -0.4585558 -0.4642413 -0.4697876 -0.4751889 -0.4804417 -0.4855399 -0.4904796 -0.4952547 -0.4998611 -0.5042923 -0.5085444 -0.5126100 -0.5164846 -0.5201604 -0.5236330 -0.5268939 -0.5299392 -0.5327597 -0.5353532 -0.5377213 -0.5398840 -0.5417504 -0.5433250 -0.5446615 -0.5457297 -0.5465262 -0.5470408 -0.5472723 -0.5472122 -0.5468596 -0.5462079 -0.5452560 -0.5439993
-0.2735570 -0.2803105 -0.2871840 -0.2941695 -0.3012586 -0.3084418 -0.3157086 -0.3230494 -0.3304520 -0.3379045 -0.3453728 -0.3528438 -0.3603616 -0.3678983 -0.3754267 -0.3829334 -0.3904074 -0.3978373 -0.4052129 -0.4125231 -0.4197592 -0.4269110 -0.4339705 -0.4409291 -0.4477802 -0.4545161 -0.4611313 -0.4676187 -0.4739734 -0.4801894 -0.4862627 -0.4921871 -0.4979587 -0.5035721 -0.5090231 -0.5143054 -0.5194156 -0.5243464 -0.5290942 -0.5336516 -0.5380141 -0.5421734 -0.5461251 -0.5498599 -0.5533736 -0.5566565 -0.5597042 -0.5625044 -0.5650402 -0.5672757 -0.5692930 -0.5710730 -0.5725453 -0.5737297 -0.5746174 -0.5752081 -0.5754914 -0.5754657 -0.5751229 -0.5744613 -0.5734750 -0.5721627
-0.2825456 -0.2897416 -0.2970709 -0.3045247 -0.3120939 -0.3197675 -0.3275352 -0.3353845 -0.3433047 -0.3512834 -0.3593306 -0.3674333 -0.3755199 -0.3835925 -0.3916536 -0.3996911 -0.4076926 -0.4156461 -0.4235397 -0.4313625 -0.4391035 -0.4467533 -0.4543019 -0.4617418 -0.4690648 -0.4762639 -0.4833322 -0.4902641 -0.4970531 -0.5036948 -0.5101832 -0.5165142 -0.5226824 -0.5286838 -0.5345126 -0.5401646 -0.5456336 -0.5509152 -0.5560027 -0.5608912 -0.5655727 -0.5700423 -0.5742907 -0.5783129 -0.5820988 -0.5856438 -0.5889366 -0.5919740 -0.5947567 -0.5973061 -0.5995216 -0.6014071 -0.6030201 -0.6043268 -0.6053224 -0.6059951 -0.6063424 -0.6063547 -0.6060293 -0.6053590 -0.6043415 -0.6029710
-0.2919817 -0.2996549 -0.3074761 -0.3154359 -0.3235241 -0.3317293 -0.3400387 -0.3484402 -0.3569191 -0.3654604 -0.3740253 -0.3825974 -0.3912239 -0.3998720 -0.4085103 -0.4171228 -0.4256958 -0.4342156 -0.4426700 -0.4510459 -0.4593327 -0.4675189 -0.4755956 -0.4835532 -0.4913846 -0.4990810 -0.5066372 -0.5140455 -0.5213014 -0.5283988 -0.5353336 -0.5421000 -0.5486947 -0.5551117 -0.5613473 -0.5673952 -0.5732515 -0.5789093 -0.5843642 -0.5896083 -0.5946365 -0.5994397 -0.6040124 -0.6083441 -0.6124294 -0.6162569 -0.6198209 -0.6231067 -0.6260951 -0.6287450 -0.6311461 -0.6332760 -0.6350564 -0.6365077 -0.6376195 -0.6383899 -0.6388074 -0.6388685 -0.6385638 -0.6378908 -0.6368418 -0.6354150
-0.3018892 -0.3100770 -0.3184296 -0.3269364 -0.3355866 -0.3443670 -0.3532643 -0.3622638 -0.3713515 -0.3805123 -0.3897554 -0.3990644 -0.4083580 -0.4176368 -0.4269017 -0.4361381 -0.4453300 -0.4544635 -0.4635238 -0.4724983 -0.4813738 -0.4901399 -0.4987849 -0.5073010 -0.5156784 -0.5239105 -0.5319898 -0.5399106 -0.5476667 -0.5552540 -0.5626666 -0.5699010 -0.5769519 -0.5838159 -0.5904869 -0.5969613 -0.6032327 -0.6092967 -0.6151457 -0.6207753 -0.6261762 -0.6313428 -0.6362646 -0.6409354 -0.6453435 -0.6494829 -0.6533400 -0.6569103 -0.6601939 -0.6632125 -0.6658539 -0.6681206 -0.6700759 -0.6716810 -0.6729290 -0.6738062 -0.6743085 -0.6744245 -0.6741503 -0.6734768 -0.6724011 -0.6709158
-0.3122928 -0.3210360 -0.3299626 -0.3390616 -0.3483200 -0.3577242 -0.3672586 -0.3769081 -0.3866542 -0.3964788 -0.4063366 -0.4162073 -0.4261404 -0.4360977 -0.4460424 -0.4559550 -0.4658186 -0.4756162 -0.4853334 -0.4949543 -0.5044668 -0.5138577 -0.5231164 -0.5322327 -0.5411987 -0.5500056 -0.5586475 -0.5671174 -0.5754110 -0.5835223 -0.5914480 -0.5991828 -0.6067238 -0.6140656 -0.6212051 -0.6281358 -0.6348545 -0.6413536 -0.6476291 -0.6536725 -0.6594782 -0.6650357 -0.6703389 -0.6753752 -0.6801382 -0.6846142 -0.6887959 -0.6926656 -0.6962010 -0.6993554 -0.7022256 -0.7047856 -0.7069479 -0.7087336 -0.7101296 -0.7111327 -0.7117290 -0.7119136 -0.7116752 -0.7110097 -0.7099080 -0.7083672
-0.3232174 -0.3325601 -0.3421074 -0.3518467 -0.3617645 -0.3718446 -0.3820712 -0.3924253 -0.4028897 -0.4134454 -0.4241001 -0.4348329 -0.4455509 -0.4562521 -0.4669355 -0.4775825 -0.4881739 -0.4986920 -0.5091193 -0.5194404 -0.5296401 -0.5397059 -0.5496253 -0.5593889 -0.5689870 -0.5784123 -0.5876575 -0.5967174 -0.6055860 -0.6142598 -0.6227340 -0.6310057 -0.6390703 -0.6469252 -0.6545651 -0.6619865 -0.6691838 -0.6761524 -0.6828848 -0.6893763 -0.6956168 -0.7015997 -0.7073134 -0.7127503 -0.7178965 -0.7227442 -0.7272774 -0.7314894 -0.7353788 -0.7389684 -0.7421309 -0.7448680 -0.7472487 -0.7492280 -0.7507967 -0.7519382 -0.7526469 -0.7529088 -0.7527187 -0.7520653 -0.7509444 -0.7493470
-0.3346894 -0.3446794 -0.3548974 -0.3653301 -0.3759619 -0.3867760 -0.3977530 -0.4088741 -0.4201162 -0.4314562 -0.4428412 -0.4542455 -0.4657216 -0.4772240 -0.4887094 -0.5001534 -0.5115348 -0.5228329 -0.5340300 -0.5451073 -0.5560502 -0.5668435 -0.5774756 -0.5879350 -0.5982136 -0.6083021 -0.6181955 -0.6278867 -0.6373721 -0.6466470 -0.6557091 -0.6645539 -0.6731799 -0.6815824 -0.6897593 -0.6977049 -0.7054167 -0.7128874 -0.7201132 -0.7270849 -0.7337968 -0.7402372 -0.7463988 -0.7522675 -0.7578349 -0.7630846 -0.7680069 -0.7725803 -0.7767788 -0.7805474 -0.7839931 -0.7870846 -0.7897223 -0.7919280 -0.7936854 -0.7949895 -0.7958232 -0.7961800 -0.7960460 -0.7954156 -0.7942779 -0.7926285
-0.3467336 -0.3574224 -0.3683658 -0.3795488 -0.3909550 -0.4025646 -0.4143573 -0.4263101 -0.4384005 -0.4506044 -0.4629273 -0.4753432 -0.4877440 -0.5001249 -0.5124817 -0.5247913 -0.5370290 -0.5491733 -0.5612027 -0.5730987 -0.5848432 -0.5964223 -0.6078213 -0.6190304 -0.6300390 -0.6408404 -0.6514274 -0.6617956 -0.6719400 -0.6818588 -0.6915479 -0.7010065 -0.7102305 -0.7192195 -0.7279688 -0.7364767 -0.7447375 -0.7527483 -0.7605013 -0.7679916 -0.7752090 -0.7821461 -0.7887898 -0.7951309 -0.8011529 -0.8068461 -0.8121901 -0.8171763 -0.8218009 -0.8260874 -0.8298905 -0.8332100 -0.8361211 -0.8385711 -0.8405482 -0.8420312 -0.8430135 -0.8434771 -0.8434154 -0.8428149 -0.8416696 -0.8399685
-0.3593763 -0.3708192 -0.3825464 -0.3945417 -0.4067862 -0.4192592 -0.4319365 -0.4447940 -0.4578028 -0.4709338 -0.4841237 -0.4973402 -0.5106392 -0.5239663 -0.5372691 -0.5505173 -0.5636843 -0.5767444 -0.5896755 -0.6024553 -0.6150663 -0.6274912 -0.6397168 -0.6517307 -0.6635243 -0.6750888 -0.6864198 -0.6975113 -0.7083611 -0.7189661 -0.7293258 -0.7394371 -0.7493007 -0.7589133 -0.7682750 -0.7773811 -0.7862306 -0.7948169 -0.8031368 -0.8111815 -0.8189451 -0.8264151 -0.8335832 -0.8404331 -0.8469542 -0.8531265 -0.8589376 -0.8643611 -0.8693649 -0.8738849 -0.8780390 -0.8817896 -0.8850211 -0.8877564 -0.8899742 -0.8916670 -0.8928144 -0.8934075 -0.8934293 -0.8928729 -0.8917247 -0.8899789
-0.3726418 -0.3848982 -0.3974722 -0.4103458 -0.4234987 -0.4369065 -0.4505441 -0.4643820 -0.4783914 -0.4925419 -0.5068357 -0.5212398 -0.5356278 -0.5499905 -0.5643200 -0.5785865 -0.5927594 -0.6068116 -0.6207166 -0.6344519 -0.6479964 -0.6613334 -0.6744471 -0.6873265 -0.6999608 -0.7123439 -0.7244695 -0.7363349 -0.7479364 -0.7592742 -0.7703466 -0.7811549 -0.7916973 -0.8019754 -0.8119867 -0.8217318 -0.8312063 -0.8404086 -0.8493319 -0.8579726 -0.8663195 -0.8743657 -0.8820964 -0.8895010 -0.8965598 -0.9032602 -0.9095775 -0.9154990 -0.9210182 -0.9261584 -0.9307517 -0.9347947 -0.9383696 -0.9414136 -0.9439111 -0.9458359 -0.9471784 -0.9479172 -0.9480435 -0.9475412 -0.9464025 -0.9446142
-0.3865539 -0.3996871 -0.4131748 -0.4269976 -0.4411323 -0.4555529 -0.4702296 -0.4851316 -0.5002223 -0.5154647 -0.5307825 -0.5461352 -0.5615826 -0.5770587 -0.5924999 -0.6078685 -0.6231306 -0.6382543 -0.6532121 -0.6679772 -0.6825284 -0.6968457 -0.7109144 -0.7247211 -0.7382573 -0.7515147 -0.7644903 -0.7771796 -0.7895831 -0.8016994 -0.8135312 -0.8250778 -0.8363427 -0.8473252 -0.8580281 -0.8684492 -0.8785896 -0.8884445 -0.8980127 -0.9072860 -0.9162595 -0.9249203 -0.9332597 -0.9412594 -0.9489061 -0.9561762 -0.9630526 -0.9695030 -0.9754875 -0.9809290 -0.9859584 -0.9905289 -0.9945052 -0.9979092 -1.000714 -1.002910 -1.004470 -1.005383 -1.005629 -1.005200 -1.004078 -1.002257
-0.4011339 -0.4152104 -0.4296830 -0.4445294 -0.4597247 -0.4752387 -0.4910398 -0.5070906 -0.5233548 -0.5397925 -0.5564034 -0.5731451 -0.5898679 -0.6065575 -0.6232009 -0.6397606 -0.6561978 -0.6724787 -0.6885704 -0.7044455 -0.7200785 -0.7354501 -0.7505423 -0.7653436 -0.7798431 -0.7940354 -0.8079158 -0.8214839 -0.8347385 -0.8476830 -0.8603182 -0.8726489 -0.8846765 -0.8964061 -0.9078380 -0.9189760 -0.9298182 -0.9403659 -0.9506146 -0.9605623 -0.9701993 -0.9795193 -0.9885070 -0.9971511 -1.005428 -1.013323 -1.020805 -1.027855 -1.034464 -1.040653 -1.046224 -1.051169 -1.055577 -1.059373 -1.062535 -1.065031 -1.066846 -1.067956 -1.068349 -1.068006 -1.066917 -1.065068
-0.4164022 -0.4314923 -0.4470234 -0.4629718 -0.4793086 -0.4960016 -0.5130129 -0.5303038 -0.5478277 -0.5655385 -0.5833437 -0.6011922 -0.6191497 -0.6371360 -0.6550736 -0.6729152 -0.6906183 -0.7081433 -0.7254554 -0.7425220 -0.7593173 -0.7758180 -0.7920076 -0.8078706 -0.8233997 -0.8385870 -0.8534317 -0.8679316 -0.8820905 -0.8959101 -0.9093969 -0.9225535 -0.9353878 -0.9479023 -0.9601036 -0.9719931 -0.9835756 -0.9948494 -1.005817 -1.016473 -1.026814 -1.036829 -1.046511 -1.055840 -1.064801 -1.073366 -1.081513 -1.089200 -1.096378 -1.102951 -1.109065 -1.114660 -1.119572 -1.123824 -1.127380 -1.130225 -1.132325 -1.133668 -1.134228 -1.133996 -1.132951 -1.131086
-0.4323727 -0.4485486 -0.4652151 -0.4823453 -0.4999078 -0.5178646 -0.5361757 -0.5547940 -0.5736733 -0.5927641 -0.6120622 -0.6315150 -0.6509444 -0.6703304 -0.6896550 -0.7088711 -0.7279301 -0.7467894 -0.7654081 -0.7837523 -0.8017907 -0.8195004 -0.8368602 -0.8538578 -0.8704818 -0.8867288 -0.9025954 -0.9180847 -0.9331982 -0.9479439 -0.9623261 -0.9763539 -0.9900329 -1.003372 -1.016377 -1.029054 -1.041407 -1.053441 -1.065156 -1.076554 -1.087629 -1.098378 -1.108788 -1.118848 -1.128534 -1.137827 -1.146688 -1.155095 -1.163027 -1.170505 -1.177289 -1.183361 -1.188820 -1.193571 -1.197583 -1.200815 -1.203248 -1.204852 -1.205614 -1.205511 -1.204532 -1.202659
-0.4490570 -0.4663927 -0.4842719 -0.5026648 -0.5215352 -0.5408416 -0.5605362 -0.5805700 -0.6008853 -0.6214244 -0.6420766 -0.6627800 -0.6836104 -0.7044714 -0.7252699 -0.7459477 -0.7664521 -0.7867326 -0.8067465 -0.8264519 -0.8458177 -0.8648143 -0.8834223 -0.9016247 -0.9194139 -0.9367826 -0.9537331 -0.9702656 -0.9863883 -1.002106 -1.017431 -1.032369 -1.046933 -1.061130 -1.074972 -1.088463 -1.101616 -1.114432 -1.126921 -1.139081 -1.150917 -1.162422 -1.173594 -1.184416 -1.194874 -1.204936 -1.214575 -1.223740 -1.232362 -1.240322 -1.247782 -1.254660 -1.260756 -1.266087 -1.270605 -1.274286 -1.277091 -1.279003 -1.279992 -1.280048 -1.279149 -1.277286
-0.4664587 -0.4850277 -0.5041963 -0.5239301 -0.5441882 -0.5649217 -0.5860791 -0.6076013 -0.6294310 -0.6515084 -0.6738294 -0.6963319 -0.7188053 -0.7412269 -0.7635754 -0.7857941 -0.8078232 -0.8296095 -0.8511003 -0.8722520 -0.8930249 -0.9133898 -0.9333206 -0.9528026 -0.9718234 -0.9903805 -1.008473 -1.026107 -1.043287 -1.060027 -1.076335 -1.092225 -1.107706 -1.122794 -1.137496 -1.151827 -1.165793 -1.179408 -1.192678 -1.205613 -1.218216 -1.230493 -1.242438 -1.254049 -1.265303 -1.276183 -1.286644 -1.296655 -1.306183 -1.315243 -1.323533 -1.331020 -1.337809 -1.343777 -1.348879 -1.353061 -1.356298 -1.358555 -1.359815 -1.360054 -1.359261 -1.357418
-0.4845771 -0.5044507 -0.5249813 -0.5461287 -0.5678442 -0.5900726 -0.6127524 -0.6358207 -0.6592078 -0.6828464 -0.7066079 -0.7304241 -0.7543939 -0.7784076 -0.8023573 -0.8261748 -0.8497955 -0.8731565 -0.8962010 -0.9188748 -0.9411350 -0.9629434 -0.9842741 -1.005105 -1.025428 -1.045235 -1.064531 -1.083318 -1.101610 -1.119414 -1.136748 -1.153621 -1.170052 -1.186051 -1.201634 -1.216812 -1.231601 -1.246010 -1.260058 -1.273754 -1.287114 -1.300145 -1.312861 -1.325254 -1.337323 -1.349038 -1.360371 -1.371257 -1.381605 -1.391256 -1.400387 -1.408882 -1.416481 -1.423190 -1.428942 -1.433703 -1.437423 -1.440081 -1.441646 -1.442105 -1.441438 -1.439636
-0.5034015 -0.5246462 -0.5466045 -0.5692264 -0.5924550 -0.6162222 -0.6404589 -0.6650898 -0.6900467 -0.7152636 -0.7407483 -0.7664416 -0.7921032 -0.8177223 -0.8432840 -0.8687256 -0.8939748 -0.9189631 -0.9436197 -0.9678845 -0.9917009 -1.015028 -1.037827 -1.060080 -1.081768 -1.102890 -1.123445 -1.143441 -1.162888 -1.181802 -1.200194 -1.218085 -1.235485 -1.252413 -1.268881 -1.284907 -1.300502 -1.315687 -1.330477 -1.344897 -1.358963 -1.372705 -1.386138 -1.399283 -1.412135 -1.424691 -1.436907 -1.448745 -1.460156 -1.471138 -1.481299 -1.490569 -1.499053 -1.506581 -1.513086 -1.518493 -1.522771 -1.525878 -1.527798 -1.528507 -1.527997 -1.526250
-0.5229157 -0.5455901 -0.5690288 -0.5931700 -0.6179399 -0.6432577 -0.6690360 -0.6951929 -0.7216461 -0.7483279 -0.7751038 -0.8019233 -0.8289468 -0.8560703 -0.8831836 -0.9102157 -0.9370895 -0.9637205 -0.9900283 -1.015932 -1.041367 -1.066273 -1.090611 -1.114348 -1.137468 -1.159961 -1.181832 -1.203084 -1.223734 -1.243792 -1.263278 -1.282205 -1.300593 -1.318453 -1.335802 -1.352652 -1.369023 -1.384929 -1.400398 -1.415454 -1.430137 -1.444480 -1.458532 -1.472321 -1.485884 -1.499215 -1.512305 -1.525079 -1.537415 -1.549092 -1.560293 -1.570835 -1.580358 -1.588842 -1.596186 -1.602339 -1.607239 -1.610864 -1.613181 -1.614184 -1.613853 -1.612186
-0.5430934 -0.5672441 -0.5921991 -0.6178768 -0.6441813 -0.6710048 -0.6982406 -0.7257845 -0.7535577 -0.7815042 -0.8096831 -0.8380854 -0.8664761 -0.8949041 -0.9233967 -0.9518972 -0.9803188 -1.008563 -1.036520 -1.064092 -1.091185 -1.117727 -1.143658 -1.168941 -1.193549 -1.217472 -1.240707 -1.263265 -1.285154 -1.306393 -1.326995 -1.346979 -1.366356 -1.385143 -1.403347 -1.420984 -1.438064 -1.454609 -1.470640 -1.486199 -1.501328 -1.516095 -1.530561 -1.544809 -1.558893 -1.572868 -1.586724 -1.600437 -1.613943 -1.627206 -1.639676 -1.651207 -1.661876 -1.671424 -1.679743 -1.686730 -1.692346 -1.696545 -1.699320 -1.700649 -1.700534 -1.698963
-0.5639045 -0.5895624 -0.6160452 -0.6432420 -0.6710181 -0.6992277 -0.7277212 -0.7563702 -0.7850752 -0.8137938 -0.8424405 -0.8710722 -0.9000297 -0.9292951 -0.9588065 -0.9885080 -1.018301 -1.048050 -1.077611 -1.106840 -1.135614 -1.163827 -1.191403 -1.218281 -1.244431 -1.269831 -1.294481 -1.318382 -1.341549 -1.363994 -1.385734 -1.406779 -1.427145 -1.446833 -1.465855 -1.484209 -1.501907 -1.518955 -1.535384 -1.551226 -1.566551 -1.581434 -1.595994 -1.610344 -1.624624 -1.638927 -1.653331 -1.667798 -1.682186 -1.696167 -1.709905 -1.723065 -1.735090 -1.745893 -1.755306 -1.763257 -1.769667 -1.774523 -1.777801 -1.779507 -1.779632 -1.778185
-0.5853124 -0.6124882 -0.6404811 -0.6691307 -0.6982452 -0.7276061 -0.7569969 -0.7862241 -0.8151752 -0.8438431 -0.8724636 -0.9012548 -0.9301581 -0.9594576 -0.9893285 -1.019746 -1.050575 -1.081623 -1.112669 -1.143508 -1.173952 -1.203858 -1.233109 -1.261629 -1.289363 -1.316288 -1.342390 -1.367674 -1.392146 -1.415821 -1.438707 -1.460818 -1.482151 -1.502710 -1.522484 -1.541467 -1.559645 -1.577022 -1.593603 -1.609431 -1.624563 -1.639117 -1.653235 -1.667121 -1.680984 -1.695059 -1.709504 -1.724423 -1.739793 -1.755537 -1.770803 -1.785235 -1.798786 -1.811007 -1.821704 -1.830731 -1.838051 -1.843628 -1.847477 -1.849593 -1.849997 -1.848688
-0.6072842 -0.6359668 -0.6654149 -0.6953962 -0.7256188 -0.7557481 -0.7854278 -0.8143484 -0.8423097 -0.8693331 -0.8955739 -0.9215571 -0.9482596 -0.9760749 -1.005150 -1.035454 -1.066768 -1.098764 -1.131097 -1.163438 -1.195516 -1.227109 -1.258059 -1.288248 -1.317607 -1.346090 -1.373683 -1.400376 -1.426180 -1.451097 -1.475139 -1.498301 -1.520581 -1.541957 -1.562408 -1.581895 -1.600391 -1.617855 -1.634282 -1.649672 -1.664092 -1.677647 -1.690536 -1.703018 -1.715458 -1.728237 -1.741764 -1.756288 -1.771813 -1.787906 -1.804622 -1.821211 -1.836627 -1.850565 -1.862724 -1.873000 -1.881322 -1.887715 -1.892179 -1.894759 -1.895463 -1.894323
-0.6297915 -0.6599452 -0.6907574 -0.7218822 -0.7528745 -0.7831875 -0.8122154 -0.8393639 -0.8642372 -0.8868499 -0.9080046 -0.9289277 -0.9506099 -0.9742963 -1.000604 -1.029455 -1.060391 -1.092817 -1.126131 -1.159816 -1.193447 -1.226707 -1.259356 -1.291240 -1.322247 -1.352322 -1.381428 -1.409560 -1.436709 -1.462883 -1.488073 -1.512277 -1.535462 -1.557600 -1.578627 -1.598484 -1.617085 -1.634361 -1.650232 -1.664669 -1.677667 -1.689324 -1.699815 -1.709482 -1.718790 -1.728409 -1.739071 -1.751548 -1.766370 -1.783683 -1.802041 -1.820370 -1.838025 -1.854007 -1.867929 -1.879611 -1.889077 -1.896347 -1.901500 -1.904569 -1.905614 -1.904652
-0.6528270 -0.6843958 -0.7164438 -0.7484636 -0.7797636 -0.8094503 -0.8364249 -0.8594976 -0.8776390 -0.8905699 -0.8992404 -0.9064406 -0.9161748 -0.9308010 -0.9510081 -0.9763057 -1.005612 -1.037736 -1.071629 -1.106436 -1.141517 -1.176393 -1.210738 -1.244319 -1.276999 -1.308682 -1.339329 -1.368910 -1.397422 -1.424850 -1.451189 -1.476405 -1.500462 -1.523284 -1.544790 -1.564851 -1.583342 -1.600095 -1.614970 -1.627811 -1.638537 -1.647105 -1.653634 -1.658376 -1.661889 -1.665014 -1.669058 -1.675588 -1.686112 -1.701105 -1.720600 -1.742231 -1.763007 -1.781708 -1.797740 -1.811084 -1.821799 -1.830050 -1.835924 -1.839537 -1.840933 -1.840181
-0.6764070 -0.7093180 -0.7424510 -0.7750661 -0.8061150 -0.8341269 -0.8571287 -0.8726076 -0.8778734 -0.8712094 -0.8545406 -0.8346587 -0.8199515 -0.8164119 -0.8249860 -0.8436180 -0.8695853 -0.9004909 -0.9344618 -0.9701364 -1.006530 -1.042970 -1.078982 -1.114269 -1.148623 -1.181936 -1.214130 -1.245179 -1.275051 -1.303740 -1.331208 -1.357420 -1.382294 -1.405742 -1.427607 -1.447725 -1.465858 -1.481766 -1.495147 -1.505720 -1.513171 -1.517270 -1.517818 -1.514820 -1.508495 -1.499616 -1.489716 -1.481757 -1.480212 -1.489770 -1.509710 -1.535146 -1.560852 -1.583397 -1.602196 -1.617452 -1.629593 -1.638875 -1.645544 -1.649709 -1.651499 -1.650953
