T3-twomodels/gz/model120.grd
DSAA
         100         100
  -15.00000       15.00000    
  -15.00000       15.00000    
  -1.866752       6.740206    
[rows 54 to 80 of 100, columns 0 to 61 of 100]
-0.9472216 -0.9998534 -1.049279 -1.092617 -1.122487 -1.130232 -1.095096 -0.9855436 -0.7245608 -0.1664519 0.9322725 2.344959 3.323348 3.804084 4.023880 4.113894 4.135576 4.120847 4.084061 4.036726 3.981929 3.925665 3.867297 3.810947 3.754405 3.701126 3.648089 3.598581 3.549057 3.502884 3.456084 3.412264 3.367001 3.324259 3.279100 3.235965 3.189274 3.144129 3.094127 3.045332 2.990318 2.936769 2.876270 2.820044 2.760564 2.720992 2.711809 2.826257 3.242278 4.258882 5.224484 5.444368 5.440980 5.446727 5.473421 5.498114 5.524670 5.542660 5.560397 5.571376 5.583549 5.591727
-0.9390634 -0.9910026 -1.039698 -1.082273 -1.111349 -1.118273 -1.082296 -0.9718810 -0.7100294 -0.1510508 0.9483674 2.361558 3.340705 3.822320 4.042998 4.133887 4.156429 4.142541 4.106575 4.060032 4.006001 3.950469 3.892805 3.837122 3.781218 3.728543 3.676084 3.627124 3.578128 3.532460 3.486153 3.442809 3.398019 3.355740 3.311049 3.268380 3.222167 3.177506 3.128008 3.079722 3.025243 2.972234 2.912299 2.856637 2.797739 2.758731 2.750125 2.865105 3.281615 4.298329 5.264131 5.484642 5.481676 5.487751 5.514704 5.539626 5.566361 5.584506 5.602354 5.613422 5.625646 5.633849
-0.9295012 -0.9806291 -1.028473 -1.070158 -1.098312 -1.104289 -1.067342 -0.9559454 -0.6930950 -0.1331013 0.9675242 2.382123 3.362418 3.845053 4.066739 4.158629 4.182159 4.169245 4.134230 4.088614 4.035475 3.980806 3.923962 3.869066 3.813908 3.761946 3.710164 3.661852 3.613474 3.568405 3.522674 3.479893 3.435655 3.393927 3.349783 3.307672 3.262021 3.217941 3.169034 3.121367 3.067518 3.015170 2.955904 2.900935 2.842724 2.804417 2.796480 2.912131 3.329294 4.346968 5.313540 5.534276 5.531635 5.538024 5.565260 5.590402 5.617322 5.635604 5.653564 5.664702 5.676974 5.685183
-0.9185846 -0.9687887 -1.015665 -1.056346 -1.083467 -1.088387 -1.050371 -0.9378952 -0.6739685 -0.1129086 0.9885917 2.403862 3.385101 3.868819 4.091600 4.184588 4.209215 4.197387 4.163443 4.118872 4.066750 4.013057 3.957157 3.903158 3.848858 3.797710 3.746707 3.699136 3.651469 3.607081 3.562014 3.519879 3.476279 3.435179 3.391672 3.350198 3.305204 3.261792 3.213582 3.166630 3.113531 3.061948 3.003484 2.949321 2.891938 2.854439 2.847309 2.963705 3.381540 4.399452 5.366324 5.587777 5.585602 5.592330 5.619811 5.645155 5.672221 5.690619 5.708652 5.719843 5.732130 5.740334
-0.9063740 -0.9555512 -1.001358 -1.040937 -1.066933 -1.070719 -1.031569 -0.9179708 -0.6529286 -9.0757929E-02 1.012043 2.428826 3.411309 3.896148 4.120062 4.214202 4.239994 4.229338 4.196560 4.153141 4.102144 4.049545 3.994694 3.941703 3.888364 3.838133 3.788002 3.741266 3.694397 3.650779 3.606456 3.565050 3.522165 3.481782 3.438987 3.398243 3.353988 3.311345 3.263926 3.217803 3.165560 3.114877 3.057329 3.004119 2.947685 2.911144 2.904922 3.022199 3.440861 4.459883 5.427609 5.649281 5.647392 5.654365 5.682036 5.707496 5.734645 5.753085 5.771146 5.782334 5.794606 5.802762
-0.8929517 -0.9410094 -0.9856601 -1.024061 -1.048876 -1.051493 -1.011205 -0.8965088 -0.6304234 -6.7261703E-02 1.036293 2.453602 3.436918 3.922773 4.147766 4.243037 4.270010 4.260569 4.229026 4.186841 4.137064 4.085654 4.031959 3.980075 3.927798 3.878579 3.829415 3.783600 3.737617 3.694849 3.651353 3.610751 3.568665 3.529071 3.487077 3.447141 3.403722 3.361936 3.315417 3.270226 3.218968 3.169303 3.112825 3.060699 3.005373 2.969908 2.964741 3.082961 3.502428 4.521716 5.489699 5.712016 5.710443 5.717557 5.745259 5.770708 5.797801 5.816184 5.834172 5.845296 5.857486 5.865557
-0.8784125 -0.9252745 -0.9687060 -1.005887 -1.029507 -1.030987 -0.9896442 -0.8739991 -0.6070697 -4.3150492E-02 1.061315 2.479751 3.463923 3.950564 4.176439 4.272714 4.300797 4.292555 4.262267 4.221371 4.172886 4.122754 4.070301 4.019623 3.968498 3.920385 3.872272 3.827467 3.782447 3.740612 3.698016 3.658300 3.617082 3.578361 3.537242 3.498204 3.455701 3.414876 3.369353 3.325219 3.275061 3.226563 3.171288 3.120413 3.066336 3.032112 3.028091 3.147366 3.567734 4.588123 5.556819 5.779049 5.777398 5.784358 5.811851 5.837041 5.863892 5.882039 5.899834 5.910781 5.922822 5.930737
-0.8628756 -0.9084844 -0.9506613 -0.9866208 -1.009099 -1.009564 -0.9673856 -0.8511169 -0.5837997 -1.9710355E-02 1.084554 2.502500 3.486578 3.973447 4.199784 4.296756 4.325758 4.318606 4.289543 4.249946 4.202802 4.154013 4.102885 4.053490 4.003608 3.956681 3.909707 3.865986 3.822012 3.781180 3.739562 3.700798 3.660527 3.622748 3.582586 3.544519 3.503029 3.463252 3.418838 3.375868 3.326952 3.279752 3.225852 3.176379 3.123731 3.090875 3.088129 3.208450 3.629562 4.649917 5.618394 5.840701 5.838682 5.845074 5.871922 5.896508 5.922804 5.940496 5.957907 5.968554 5.980339 5.988041
-0.8464813 -0.8908027 -0.9317222 -0.9665135 -0.9879830 -0.9876879 -0.9450828 -0.8288094 -0.5619318 1.3090670E-03 1.104679 2.521903 3.505057 3.991166 4.217174 4.314278 4.343819 4.337542 4.309586 4.271259 4.225466 4.178068 4.128326 4.080293 4.031725 3.986065 3.940302 3.897746 3.854884 3.815129 3.774553 3.736816 3.697554 3.660793 3.621655 3.584646 3.544245 3.505617 3.462409 3.420729 3.373179 3.327442 3.275069 3.227192 3.176125 3.144796 3.143364 3.264710 3.686411 4.707284 5.675558 5.896577 5.893226 5.898259 5.923835 5.947274 5.972625 5.989544 6.006363 6.016541 6.027966 6.035363
-0.8293916 -0.8724149 -0.9121156 -0.9458529 -0.9665528 -0.9659190 -0.9235849 -0.8083531 -0.5434157 1.7013924E-02 1.116681 2.529724 3.509369 3.992851 4.217133 4.313393 4.342849 4.337062 4.310014 4.272859 4.228403 4.182413 4.134108 4.087493 4.040311 3.995984 3.951506 3.910176 3.868497 3.829880 3.790414 3.753760 3.715580 3.679893 3.641856 3.605970 3.566748 3.529351 3.487462 3.447181 3.401143 3.357012 3.306353 3.260237 3.210943 3.181233 3.181128 3.303200 3.724807 4.744148 5.710227 5.929163 5.923271 5.925800 5.949141 5.970747 5.994630 6.010433 6.026395 6.035943 6.046879 6.053897
-0.8117924 -0.8535329 -0.8920898 -0.9249557 -0.9452404 -0.9449088 -0.9039201 -0.7914637 -0.5310419 2.3054961E-02 1.115255 2.520668 3.492982 3.970496 4.190653 4.284495 4.312888 4.307029 4.280573 4.244442 4.201259 4.156684 4.109843 4.064700 4.018957 3.976029 3.932891 3.892854 3.852412 3.814996 3.776693 3.741186 3.704136 3.669594 3.632712 3.598027 3.560049 3.523979 3.483495 3.444739 3.400334 3.357979 3.309195 3.265043 3.217660 3.189650 3.190652 3.312840 3.733081 4.749888 5.711829 5.925253 5.914293 5.912501 5.932393 5.951315 5.973192 5.987493 6.002370 6.011109 6.021457 6.028009
-0.7938954 -0.8343862 -0.8719097 -0.9041439 -0.9244887 -0.9253333 -0.8872659 -0.7802946 -0.5288619 1.2171059E-02 1.087540 2.474592 3.430751 3.896041 4.108010 4.196990 4.222923 4.216212 4.189940 4.154624 4.112633 4.069448 4.024093 3.980455 3.936204 3.894721 3.852982 3.814285 3.775139 3.738968 3.701885 3.667569 3.631709 3.598356 3.562694 3.529262 3.492607 3.457930 3.418954 3.381817 3.339187 3.298742 3.252022 3.209991 3.164670 3.138282 3.139895 3.260617 3.676228 4.684289 5.635395 5.838781 5.819204 5.810859 5.825968 5.841473 5.860871 5.873401 5.886984 5.894804 5.904464 5.910503
-0.7759333 -0.8152233 -0.8518406 -0.8837226 -0.9046844 -0.9077978 -0.8747484 -0.7773006 -0.5423721 -2.7381618E-02 1.012725 2.361204 3.283648 3.724961 3.922072 4.002651 4.024280 4.015770 3.989191 3.954457 3.913549 3.871726 3.827859 3.785758 3.743032 3.703043 3.662744 3.625437 3.587626 3.552752 3.516923 3.483848 3.449214 3.417104 3.382703 3.350585 3.315302 3.282097 3.244697 3.209287 3.168531 3.130149 3.085631 3.045896 3.002690 2.977721 2.978766 3.094677 3.498003 4.485694 5.412562 5.595131 5.562000 5.545310 5.555088 5.566928 5.583738 5.594379 5.606605 5.613420 5.622354 5.627829
-0.7581658 -0.7962983 -0.8321392 -0.8639382 -0.8860926 -0.8926365 -0.8670841 -0.7844893 -0.5779261 -0.1141265 0.8455744 2.100418 2.948041 3.343552 3.515704 3.583312 3.598524 3.587196 3.559827 3.525432 3.485515 3.445011 3.402644 3.362092 3.320931 3.282461 3.243649 3.207758 3.171329 3.137773 3.103250 3.071437 3.038080 3.007233 2.974149 2.943371 2.909528 2.877829 2.842090 2.808461 2.769703 2.733466 2.691317 2.653959 2.612925 2.588873 2.587390 2.691432 3.063057 3.992029 4.856564 5.003497 4.956341 4.933721 4.939841 4.948924 4.963502 4.972426 4.983309 4.989145 4.997317 5.002230
-0.7408056 -0.7777972 -0.8129819 -0.8448776 -0.8687332 -0.8796481 -0.8639738 -0.8017350 -0.6388069 -0.2679529 0.5110089 1.536364 2.222242 2.537728 2.672575 2.722534 2.729427 2.714381 2.685881 2.651586 2.612644 2.573368 2.532573 2.493514 2.454020 2.417017 2.379800 2.345268 2.310339 2.278037 2.244942 2.214317 2.182373 2.152705 2.121088 2.091554 2.059323 2.029022 1.995155 1.963185 1.926687 1.892460 1.853018 1.817835 1.779268 1.755191 1.748971 1.829211 2.126945 2.889993 3.596556 3.704492 3.664137 3.647419 3.654514 3.662982 3.675896 3.683594 3.693079 3.698132 3.705401 3.709889
-0.7237347 -0.7595492 -0.7941867 -0.8261826 -0.8521063 -0.8677204 -0.8634825 -0.8246258 -0.7167623 -0.4762076 -3.4718076E-03 0.6009913 1.022690 1.228870 1.317898 1.347314 1.344996 1.325584 1.295988 1.261465 1.223726 1.185405 1.146468 1.108630 1.071115 1.035293 1.000010 0.9665279 0.9334596 0.9020739 0.8708012 0.8409897 0.8108901 0.7819836 0.7523165 0.7235520 0.6934855 0.6640368 0.6326856 0.6017304 0.5682732 0.5352728 0.4995186 0.4654812 0.4306006 0.4046468 0.3936225 0.4380982 0.6157931 1.047780 1.463940 1.571462 1.576490 1.580786 1.592263 1.602693 1.613604 1.621121 1.628542 1.633531 1.639274 1.643924
-0.7062089 -0.7408438 -0.7748811 -0.8069688 -0.8348328 -0.8550630 -0.8618018 -0.8455300 -0.7894300 -0.6680036 -0.4608994 -0.2139464 -2.3706375E-02 8.1838377E-02 0.1274450 0.1371295 0.1258349 0.1022701 7.1561478E-02 3.6942542E-02 3.3460092E-04 -3.6910571E-02 -7.4077353E-02 -0.1105730 -0.1462060 -0.1807210 -0.2141765 -0.2464741 -0.2777986 -0.3081236 -0.3377046 -0.3665446 -0.3949447 -0.4229167 -0.4507988 -0.4785998 -0.5066929 -0.5350689 -0.5641302 -0.5938125 -0.6245055 -0.6559693 -0.6883862 -0.7208765 -0.7525198 -0.7796826 -0.7956566 -0.7832278 -0.7111523 -0.5547392 -0.3853292 -0.2935612 -0.2562112 -0.2357164 -0.2207646 -0.2092016 -0.2001040 -0.1931400 -0.1875211 -0.1828648 -0.1784103 -0.1738222
-0.6876968 -0.7211455 -0.7544297 -0.7865154 -0.8158349 -0.8400708 -0.8557259 -0.8577006 -0.8389179 -0.7919722 -0.7159104 -0.6281976 -0.5575311 -0.5171212 -0.5038205 -0.5099475 -0.5288302 -0.5557136 -0.5874079 -0.6217625 -0.6573709 -0.6932745 -0.7288789 -0.7637799 -0.7977711 -0.8307182 -0.8626090 -0.8934433 -0.9233080 -0.9522710 -0.9804707 -1.008009 -1.035055 -1.061728 -1.088213 -1.114641 -1.141210 -1.168047 -1.195351 -1.223217 -1.251800 -1.281074 -1.310985 -1.341071 -1.370468 -1.397096 -1.417078 -1.423020 -1.404739 -1.356792 -1.296128 -1.247731 -1.216141 -1.195815 -1.181896 -1.171970 -1.164674 -1.159220 -1.154895 -1.151174 -1.147501 -1.143459
-0.6682752 -0.7004771 -0.7328598 -0.7646819 -0.7948914 -0.8220158 -0.8440779 -0.8585626 -0.8627767 -0.8550003 -0.8371539 -0.8160281 -0.8000074 -0.7950840 -0.8021998 -0.8192974 -0.8436534 -0.8728718 -0.9050805 -0.9389237 -0.9734216 -1.007914 -1.041940 -1.075223 -1.107584 -1.138952 -1.169297 -1.198658 -1.227085 -1.254674 -1.281517 -1.307741 -1.333460 -1.358820 -1.383944 -1.408990 -1.434080 -1.459376 -1.484987 -1.511049 -1.537619 -1.564740 -1.592284 -1.619989 -1.647169 -1.672632 -1.694180 -1.708621 -1.712232 -1.703983 -1.686731 -1.666861 -1.650151 -1.637511 -1.628304 -1.621618 -1.616762 -1.613098 -1.610141 -1.607401 -1.604490 -1.601010
-0.6481832 -0.6790633 -0.7103838 -0.7416347 -0.7721220 -0.8009495 -0.8270156 -0.8491275 -0.8662539 -0.8781113 -0.8856462 -0.8916476 -0.9001172 -0.9134123 -0.9322178 -0.9560414 -0.9838009 -1.014305 -1.046508 -1.079557 -1.112819 -1.145823 -1.178256 -1.209904 -1.240652 -1.270437 -1.299263 -1.327150 -1.354166 -1.380380 -1.405894 -1.430803 -1.455227 -1.479275 -1.503077 -1.526743 -1.550409 -1.574178 -1.598173 -1.622468 -1.647141 -1.672178 -1.697520 -1.722917 -1.747952 -1.771811 -1.793329 -1.810832 -1.822662 -1.827564 -1.826915 -1.823338 -1.818354 -1.813563 -1.809597 -1.806571 -1.804281 -1.802485 -1.800855 -1.799100 -1.796897 -1.793979
-0.6276678 -0.6571536 -0.6872611 -0.7176412 -0.7478473 -0.7773299 -0.8054805 -0.8317018 -0.8555962 -0.8771745 -0.8972363 -0.9170063 -0.9374733 -0.9598811 -0.9848444 -1.012282 -1.041735 -1.072608 -1.104303 -1.136305 -1.168193 -1.199657 -1.230471 -1.260492 -1.289632 -1.317862 -1.345179 -1.371622 -1.397239 -1.422108 -1.446304 -1.469929 -1.493071 -1.515842 -1.538338 -1.560673 -1.582940 -1.605249 -1.627675 -1.650301 -1.673156 -1.696257 -1.719515 -1.742782 -1.765718 -1.787846 -1.808409 -1.826552 -1.841381 -1.852657 -1.859989 -1.863752 -1.865603 -1.866370 -1.866655 -1.866743 -1.866752 -1.866609 -1.866194 -1.865308 -1.863765 -1.861346
-0.6069435 -0.6349795 -0.6637454 -0.6930066 -0.7224693 -0.7517968 -0.7806301 -0.8086572 -0.8356757 -0.8617039 -0.8868937 -0.9117692 -0.9373056 -0.9638947 -0.9916812 -1.020631 -1.050526 -1.081038 -1.111823 -1.142554 -1.172965 -1.202839 -1.232030 -1.260430 -1.287990 -1.314684 -1.340528 -1.365548 -1.389801 -1.413344 -1.436258 -1.458617 -1.480515 -1.502032 -1.523268 -1.544302 -1.565231 -1.586126 -1.607068 -1.628100 -1.649265 -1.670544 -1.691895 -1.713169 -1.734161 -1.754506 -1.773771 -1.791377 -1.806788 -1.819354 -1.829360 -1.837305 -1.843113 -1.847371 -1.850535 -1.852930 -1.854693 -1.855883 -1.856444 -1.856296 -1.855300 -1.853327
-0.5862045 -0.6127545 -0.6400880 -0.6680420 -0.6964230 -0.7250108 -0.7535861 -0.7819530 -0.8099975 -0.8377092 -0.8653203 -0.8930491 -0.9208347 -0.9489604 -0.9775985 -1.006721 -1.036195 -1.065825 -1.095393 -1.124695 -1.153548 -1.181813 -1.209381 -1.236188 -1.262192 -1.287390 -1.311789 -1.335427 -1.358343 -1.380601 -1.402259 -1.423394 -1.444074 -1.464383 -1.484391 -1.504180 -1.523816 -1.543372 -1.562897 -1.582442 -1.602017 -1.621626 -1.641207 -1.660674 -1.679845 -1.698502 -1.716314 -1.732958 -1.748081 -1.761629 -1.773139 -1.782402 -1.790024 -1.796183 -1.801110 -1.804989 -1.807970 -1.810101 -1.811396 -1.811799 -1.811244 -1.809627
-0.5656132 -0.5906665 -0.6165124 -0.6430377 -0.6701066 -0.6975718 -0.7252802 -0.7531022 -0.7809363 -0.8087369 -0.8364159 -0.8640298 -0.8919174 -0.9200604 -0.9483935 -0.9768597 -1.005359 -1.033756 -1.061909 -1.089674 -1.116932 -1.143581 -1.169551 -1.194792 -1.219285 -1.243022 -1.266024 -1.288314 -1.309939 -1.330944 -1.351389 -1.371332 -1.390841 -1.409976 -1.428809 -1.447397 -1.465806 -1.484084 -1.502283 -1.520425 -1.538535 -1.556594 -1.574570 -1.592374 -1.609897 -1.626952 -1.643343 -1.658805 -1.673097 -1.685825 -1.697140 -1.707210 -1.715711 -1.722809 -1.728655 -1.733393 -1.737099 -1.739837 -1.741609 -1.742401 -1.742159 -1.740827
-0.5453121 -0.5688788 -0.5932194 -0.6182499 -0.6438733 -0.6699803 -0.6964617 -0.7232113 -0.7501484 -0.7772151 -0.8044676 -0.8318959 -0.8592640 -0.8866202 -0.9139888 -0.9413115 -0.9685010 -0.9954584 -1.022076 -1.048255 -1.073906 -1.098961 -1.123364 -1.147087 -1.170110 -1.192439 -1.214086 -1.235080 -1.255452 -1.275252 -1.294521 -1.313318 -1.331693 -1.349706 -1.367407 -1.384854 -1.402091 -1.419168 -1.436112 -1.452957 -1.469702 -1.486347 -1.502848 -1.519155 -1.535161 -1.550755 -1.565767 -1.580048 -1.593422 -1.605903 -1.617133 -1.626872 -1.635437 -1.642810 -1.649032 -1.654148 -1.658222 -1.661274 -1.663322 -1.664343 -1.664313 -1.663180
-0.5254163 -0.5475275 -0.5703737 -0.5938919 -0.6180065 -0.6426354 -0.6676891 -0.6930838 -0.7187362 -0.7445753 -0.7704649 -0.7963536 -0.8224011 -0.8485023 -0.8745451 -0.9004558 -0.9261577 -0.9515659 -0.9766006 -1.001182 -1.025249 -1.048743 -1.071630 -1.093883 -1.115495 -1.136465 -1.156812 -1.176554 -1.195727 -1.214362 -1.232505 -1.250197 -1.267488 -1.284421 -1.301047 -1.317403 -1.333536 -1.349474 -1.365253 -1.380883 -1.396376 -1.411716 -1.426883 -1.441818 -1.456461 -1.470703 -1.484447 -1.497547 -1.509874 -1.521163 -1.531535 -1.541085 -1.549490 -1.556792 -1.563018 -1.568209 -1.572375 -1.575537 -1.577688 -1.578821 -1.578905 -1.577911
-0.5060204 -0.5267223 -0.5481098 -0.5701324 -0.5927310 -0.6158367 -0.6393785 -0.6632789 -0.6874689 -0.7118800 -0.7365173 -0.7613219 -0.7860525 -0.8106979 -0.8352408 -0.8596163 -0.8837526 -0.9075803 -0.9310297 -0.9540417 -0.9765614 -0.9985500 -1.019975 -1.040820 -1.061077 -1.080750 -1.099849 -1.118396 -1.136414 -1.153938 -1.170998 -1.187636 -1.203887 -1.219795 -1.235391 -1.250718 -1.265803 -1.280679 -1.295362 -1.309871 -1.324203 -1.338356 -1.352299 -1.366000 -1.379394 -1.392418 -1.404975 -1.416985 -1.428349 -1.439105 -1.448980 -1.457770 -1.465690 -1.472672 -1.478697 -1.483747 -1.487835 -1.490949 -1.493089 -1.494234 -1.494366 -1.493451
