T3-twomodels/gz/model90.grd
DSAA
         100         100
  -15.00000       15.00000    
  -15.00000       15.00000    
  -1.879617       6.701500    
[rows 54 to 80 of 100, columns 0 to 61 of 100]
-0.9765226 -1.029480 -1.079456 -1.123174 -1.153663 -1.161850 -1.127411 -1.018372 -0.7581767 -0.2006662 0.8971665 2.309156 3.286534 3.766460 3.985105 4.074180 4.094555 4.078736 4.040468 3.991877 3.935405 3.877706 3.817461 3.759497 3.700878 3.645827 3.590552 3.539180 3.487353 3.439372 3.390417 3.345153 3.298303 3.255071 3.209705 3.168152 3.124154 3.084758 3.043205 3.008246 2.972844 2.948741 2.929627 2.933638 2.959706 3.044870 3.217998 3.598995 4.365924 5.581838 6.240149 6.061302 5.856853 5.742400 5.687838 5.645625 5.621571 5.597090 5.583461 5.568681 5.562853 5.556537
-0.9683878 -1.020650 -1.069893 -1.112843 -1.142535 -1.149895 -1.114611 -1.004706 -0.7436359 -0.1852500 0.9132831 2.325785 3.303928 3.784741 4.004279 4.094236 4.115484 4.100518 4.063084 4.015299 3.959609 3.902659 3.843135 3.785858 3.727897 3.673471 3.618799 3.567998 3.516725 3.469274 3.420837 3.376072 3.329718 3.286968 3.242085 3.201008 3.157491 3.118571 3.077503 3.043023 3.008110 2.984488 2.965862 2.970349 2.996899 3.082524 3.256121 3.637553 4.404855 5.620766 6.279328 6.101120 5.897083 5.782997 5.728758 5.686854 5.663065 5.638827 5.625393 5.610779 5.605068 5.598833
-0.9588346 -1.010282 -1.058669 -1.100727 -1.129492 -1.135901 -1.099642 -0.9887483 -0.7266733 -0.1672655 0.9324827 2.346400 3.325701 3.807544 4.028100 4.119071 4.141320 4.127343 4.090874 4.044033 3.989253 3.933184 3.874503 3.818035 3.760845 3.707159 3.653189 3.603066 3.552438 3.505615 3.457781 3.413609 3.367830 3.325654 3.281332 3.240820 3.197862 3.159508 3.119001 3.085091 3.050739 3.027686 3.009614 3.014661 3.041749 3.127917 3.302025 3.683980 4.451841 5.668670 6.327857 6.149845 5.946199 5.832506 5.778656 5.737096 5.713631 5.689665 5.676474 5.662045 5.656482 5.650334
-0.9479016 -0.9984214 -1.045838 -1.086886 -1.114612 -1.119959 -1.082625 -0.9706455 -0.7074875 -0.1470046 0.9536265 2.368225 3.348480 3.831418 4.053082 4.145164 4.168525 4.155649 4.120270 4.074492 4.020750 3.965683 3.907967 3.852422 3.796118 3.743275 3.690115 3.640763 3.590880 3.544771 3.497635 3.454134 3.409021 3.367495 3.323823 3.283952 3.241640 3.203925 3.164065 3.130794 3.097089 3.074666 3.057228 3.062882 3.090577 3.177314 3.351994 3.734471 4.502788 5.719669 6.379184 6.201912 5.998770 5.885541 5.832106 5.790951 5.767838 5.744198 5.731273 5.717070 5.711665 5.705630
-0.9356355 -0.9851241 -1.031465 -1.071406 -1.098002 -1.102209 -1.063733 -0.9506239 -0.6863427 -0.1247408 0.9772023 2.393324 3.374834 3.858906 4.081717 4.174966 4.199508 4.187825 4.153631 4.109027 4.056432 4.002481 3.945842 3.891335 3.836022 3.784129 3.731875 3.683395 3.634345 3.589042 3.542683 3.499945 3.455574 3.414784 3.371836 3.332691 3.291096 3.254105 3.214959 3.182407 3.149406 3.127685 3.110920 3.117237 3.145550 3.232894 3.408127 3.791159 4.560059 5.777910 6.438091 6.261034 6.058336 5.945565 5.892599 5.851866 5.829161 5.805871 5.793258 5.779299 5.774087 5.768170
-0.9220947 -0.9704587 -1.015639 -1.054396 -1.079805 -1.082835 -1.043214 -0.9289995 -0.6636655 -0.1010626 1.001644 2.418303 3.400660 3.885761 4.109667 4.204064 4.229807 4.219357 4.186419 4.143073 4.091725 4.038991 3.983537 3.930169 3.875953 3.825106 3.773858 3.726336 3.678212 3.633796 3.588303 3.546402 3.502856 3.462874 3.420732 3.382381 3.341585 3.305382 3.267027 3.235250 3.203017 3.182032 3.165983 3.172962 3.201902 3.289800 3.465554 3.849034 4.618298 5.836081 6.496506 6.320177 6.117980 6.005701 5.953200 5.912940 5.890659 5.867768 5.855484 5.841811 5.836805 5.831033
-0.9073504 -0.9545135 -0.9984687 -1.035999 -1.060206 -1.062092 -1.021408 -0.9062353 -0.6400472 -7.6676592E-02 1.026953 2.444752 3.427979 3.913880 4.138685 4.234105 4.260976 4.251748 4.220089 4.178057 4.128027 4.076603 4.022425 3.970296 3.917268 3.867567 3.817410 3.770939 3.723820 3.680379 3.635823 3.594843 3.552193 3.513098 3.471827 3.434350 3.394413 3.359071 3.321561 3.290620 3.259187 3.238973 3.223628 3.231250 3.260733 3.349098 3.525204 3.908994 4.678577 5.897116 6.558002 6.381699 6.179847 6.067988 6.015973 5.976183 5.954375 5.931900 5.919997 5.906623 5.901857 5.896237
-0.8914856 -0.9373900 -0.9800836 -1.016386 -1.039444 -1.040307 -0.9987786 -0.8829722 -0.6163864 -5.2834000E-02 1.050607 2.467930 3.451077 3.937223 4.162508 4.258644 4.286456 4.278341 4.247932 4.207228 4.158568 4.108519 4.055700 4.004893 3.953147 3.904673 3.855699 3.810357 3.764328 3.721933 3.678395 3.638401 3.596723 3.558578 3.518254 3.481707 3.442702 3.408273 3.371666 3.341591 3.310990 3.291531 3.276861 3.285021 3.314909 3.403490 3.579671 3.963364 4.732718 5.950565 6.611188 6.435280 6.233702 6.122223 6.070642 6.031353 6.010025 5.988018 5.976511 5.963482 5.958969 5.953526
-0.8745952 -0.9192063 -0.9606364 -0.9957635 -1.017805 -1.017899 -0.9759349 -0.8601131 -0.5939558 -3.1238876E-02 1.071319 2.487937 3.470175 3.955580 4.180554 4.276844 4.305217 4.298002 4.268728 4.229321 4.182045 4.133422 4.082025 4.032619 3.982229 3.935068 3.887349 3.843219 3.798348 3.757076 3.714620 3.675688 3.635039 3.597917 3.558594 3.523047 3.485020 3.451562 3.415890 3.386718 3.356936 3.338205 3.324099 3.332636 3.362622 3.451025 3.626690 4.009643 4.778170 5.995718 6.655874 6.479253 6.277587 6.166313 6.115152 6.076349 6.055554 6.034037 6.022981 6.010313 6.006091 6.000831
-0.8567820 -0.9000882 -0.9402931 -0.9743584 -0.9956218 -0.9953676 -0.9536652 -0.8388743 -0.5746451 -1.4726749E-02 1.084144 2.496595 3.475342 3.958138 4.181406 4.276874 4.305186 4.298488 4.270149 4.231946 4.186039 4.138862 4.088941 4.040996 3.992036 3.946254 3.899867 3.857012 3.813374 3.773285 3.731982 3.694163 3.654614 3.618565 3.580309 3.545806 3.508817 3.476363 3.441666 3.413390 3.384416 3.366318 3.352625 3.361228 3.390862 3.478344 3.652520 4.033399 4.799475 6.014087 6.672156 6.494733 6.292640 6.181444 6.130646 6.092388 6.072157 6.051201 6.040626 6.028370 6.024451 6.019409
-0.8381544 -0.8801706 -0.9192249 -0.9524099 -0.9732499 -0.9732881 -0.9329205 -0.8208938 -0.5611678 -7.5682299E-03 1.083849 2.488687 3.460121 3.936968 4.156132 4.249205 4.276479 4.269736 4.242020 4.204875 4.160277 4.114551 4.066135 4.019705 3.972229 3.927895 3.882900 3.841388 3.799036 3.760196 3.720096 3.683455 3.645052 3.610137 3.572990 3.539587 3.503669 3.472262 3.438546 3.411172 3.382938 3.365364 3.351825 3.360079 3.388605 3.474022 3.644916 4.021361 4.782263 5.992349 6.646538 6.466217 6.263046 6.151776 6.101446 6.063820 6.044277 6.023939 6.013920 6.002103 5.998531 5.993712
-0.8188227 -0.8595833 -0.8975953 -0.9301413 -0.9510310 -0.9522368 -0.9147787 -0.8082255 -0.5574756 -1.6925832E-02 1.057677 2.444170 3.399467 3.864111 4.075109 4.163344 4.188187 4.180620 4.153119 4.116820 4.073453 4.029156 3.982268 3.937387 3.891453 3.848613 3.805069 3.764949 3.723945 3.686399 3.647560 3.612138 3.574937 3.541192 3.505206 3.472937 3.438133 3.407788 3.375074 3.348567 3.321015 3.303785 3.290098 3.297393 3.323781 3.405271 3.569874 3.937189 4.686652 5.884541 6.529709 6.345148 6.140616 6.029626 5.980114 5.943436 5.924742 5.905161 5.895756 5.884444 5.881236 5.876672
-0.7988905 -0.8384419 -0.8755407 -0.9077253 -0.9292224 -0.9326857 -0.9002350 -0.8031929 -0.5689335 -5.4411501E-02 0.9849454 2.332883 3.254485 3.695171 3.891335 3.971194 3.991759 3.982422 3.954647 3.918966 3.876719 3.833825 3.788469 3.745173 3.700813 3.659519 3.617467 3.578792 3.539175 3.502973 3.465430 3.431279 3.395310 3.362784 3.327989 3.296894 3.263225 3.233970 3.202246 3.176589 3.149618 3.132562 3.118337 3.123971 3.146803 3.221717 3.374922 3.724122 4.448492 5.620079 6.246385 6.054134 5.849449 5.740373 5.692811 5.657648 5.640141 5.621463 5.612780 5.602009 5.599214 5.594912
-0.7784557 -0.8168441 -0.8531557 -0.8852506 -0.9079286 -0.9148145 -0.8898463 -0.8076465 -0.6017358 -0.1383918 0.8205776 2.074896 2.921698 3.316604 3.487833 3.554745 3.568923 3.556795 3.528266 3.492959 3.451743 3.410208 3.366400 3.324697 3.281956 3.242231 3.201723 3.164516 3.126338 3.091500 3.055306 3.022440 2.987758 2.956462 2.922908 2.892994 2.860505 2.832330 2.801622 2.776755 2.750317 2.733215 2.718117 2.721277 2.739008 2.803838 2.938045 3.252133 3.918463 5.018825 5.600369 5.403066 5.206676 5.104746 5.061382 5.028776 5.012830 4.995298 4.987394 4.977256 4.974866 4.970873
-0.7576064 -0.7948591 -0.8304923 -0.8626890 -0.8870432 -0.8983033 -0.8831859 -0.8213447 -0.6590392 -0.2886420 0.4896232 1.514454 2.199550 2.514433 2.648402 2.697670 2.703578 2.687743 2.658139 2.622945 2.582768 2.542480 2.500315 2.460128 2.419131 2.380900 2.342072 2.306251 2.269656 2.236091 2.201401 2.169713 2.136483 2.106296 2.074162 2.045285 2.014170 1.986896 1.957409 1.933087 1.907361 1.889807 1.873829 1.873539 1.885092 1.935924 2.042463 2.295041 2.833938 3.738979 4.213863 4.042925 3.881936 3.798027 3.761773 3.733307 3.718992 3.703114 3.695780 3.686580 3.684377 3.680929
-0.7364203 -0.7725316 -0.8075642 -0.8398963 -0.8662622 -0.8822582 -0.8785161 -0.8400932 -0.7327859 -0.4927250 -2.0614184E-02 0.5832868 1.004282 1.209823 1.298058 1.326747 1.323538 1.303302 1.272705 1.237250 1.198389 1.159023 1.118842 1.079844 1.040964 1.003880 0.9671338 0.9323238 0.8977436 0.8650422 0.8323208 0.8013644 0.7700965 0.7405161 0.7103691 0.6819600 0.6528590 0.6258278 0.5982873 0.5737225 0.5495391 0.5305212 0.5145718 0.5093018 0.5152505 0.5484332 0.6230358 0.7906897 1.126392 1.646542 1.930585 1.859962 1.769327 1.715281 1.686836 1.664825 1.651047 1.638113 1.630336 1.623047 1.620176 1.618070
-0.7149642 -0.7499195 -0.7843102 -0.8167584 -0.8450190 -0.8656553 -0.8728402 -0.8570265 -0.8014291 -0.6805201 -0.4739822 -0.2276141 -3.8013104E-02 6.6870451E-02 0.1117558 0.1206933 0.1085857 8.4178381E-02 5.2555047E-02 1.6988488E-02 -2.0644069E-02 -5.8947973E-02 -9.7253241E-02 -0.1349194 -0.1718010 -0.2075881 -0.2423832 -0.2760223 -0.3087296 -0.3403959 -0.3713031 -0.4013444 -0.4308220 -0.4595921 -0.4879462 -0.5156592 -0.5429690 -0.5694976 -0.5953484 -0.6198500 -0.6427904 -0.6628912 -0.6791563 -0.6888619 -0.6888093 -0.6721178 -0.6284436 -0.5386834 -0.3824808 -0.1836143 -6.2723801E-02 -5.9238285E-02 -9.0748630E-02 -0.1186425 -0.1393041 -0.1556458 -0.1684485 -0.1789077 -0.1867434 -0.1924820 -0.1957023 -0.1967635
-0.6933066 -0.7270731 -0.7606956 -0.7931379 -0.8228371 -0.8474737 -0.8635557 -0.8659813 -0.8476790 -0.8012415 -0.7257209 -0.6385808 -0.5685246 -0.5287604 -0.5161478 -0.5230026 -0.5426601 -0.5703626 -0.6029274 -0.6382008 -0.6747831 -0.7117113 -0.7483965 -0.7844282 -0.8196039 -0.8537788 -0.8869401 -0.9190712 -0.9502499 -0.9805158 -1.009985 -1.038711 -1.066813 -1.094329 -1.121352 -1.147869 -1.173910 -1.199358 -1.224112 -1.247853 -1.270215 -1.290478 -1.307716 -1.320351 -1.326213 -1.321835 -1.302565 -1.262778 -1.201070 -1.131235 -1.085418 -1.076048 -1.085981 -1.100964 -1.115524 -1.128507 -1.139546 -1.148670 -1.155733 -1.160756 -1.163610 -1.164310
-0.6715274 -0.7040396 -0.7367504 -0.7689199 -0.7994974 -0.8270115 -0.8494866 -0.8644092 -0.8690875 -0.8618037 -0.8444796 -0.8239079 -0.8084750 -0.8041753 -0.8119527 -0.8297521 -0.8548514 -0.8848580 -0.9179006 -0.9526258 -0.9880551 -1.023529 -1.058587 -1.092952 -1.126443 -1.158984 -1.190541 -1.221143 -1.250826 -1.279668 -1.307733 -1.335116 -1.361880 -1.388110 -1.413843 -1.439125 -1.463937 -1.488249 -1.511931 -1.534813 -1.556562 -1.576744 -1.594663 -1.609417 -1.619691 -1.623905 -1.620221 -1.607586 -1.587487 -1.566635 -1.552859 -1.550100 -1.556477 -1.566930 -1.578363 -1.589213 -1.598855 -1.606909 -1.613224 -1.617639 -1.620098 -1.620505
-0.6497144 -0.6808958 -0.7125353 -0.7441234 -0.7749677 -0.8041729 -0.8306392 -0.8531747 -0.8707502 -0.8830832 -0.8911225 -0.8976581 -0.9066944 -0.9205896 -0.9400318 -0.9645290 -0.9930027 -1.024262 -1.057264 -1.091157 -1.125309 -1.159251 -1.192669 -1.225348 -1.257174 -1.288077 -1.318058 -1.347127 -1.375343 -1.402756 -1.429448 -1.455481 -1.480939 -1.505871 -1.530344 -1.554375 -1.577984 -1.601127 -1.623745 -1.645683 -1.666746 -1.686602 -1.704844 -1.720884 -1.734065 -1.743607 -1.748952 -1.750009 -1.747889 -1.744750 -1.744382 -1.748559 -1.756038 -1.765510 -1.775515 -1.785121 -1.793692 -1.800911 -1.806528 -1.810428 -1.812487 -1.812657
-0.6279621 -0.6577411 -0.6881577 -0.7188651 -0.7494169 -0.7792653 -0.8078028 -0.8344340 -0.8587618 -0.8807994 -0.9013472 -0.9216318 -0.9426438 -0.9656289 -0.9912030 -1.019287 -1.049424 -1.081021 -1.113480 -1.146288 -1.179025 -1.211384 -1.243135 -1.274139 -1.304302 -1.333596 -1.362011 -1.389580 -1.416339 -1.442354 -1.467681 -1.492394 -1.516549 -1.540216 -1.563430 -1.586236 -1.608635 -1.630624 -1.652140 -1.673105 -1.693359 -1.712712 -1.730874 -1.747537 -1.762308 -1.774877 -1.785019 -1.792915 -1.799214 -1.805312 -1.811728 -1.818995 -1.827675 -1.837032 -1.846401 -1.855172 -1.862961 -1.869457 -1.874488 -1.877900 -1.879616 -1.879549
-0.6063693 -0.6346892 -0.6637554 -0.6933333 -0.7231311 -0.7528122 -0.7820197 -0.8104420 -0.8378789 -0.8643492 -0.8900074 -0.9153777 -0.9414378 -0.9685809 -0.9969534 -1.026523 -1.057073 -1.088276 -1.119790 -1.151290 -1.182510 -1.213235 -1.243318 -1.272651 -1.301183 -1.328886 -1.355772 -1.381860 -1.407199 -1.431834 -1.455830 -1.479239 -1.502127 -1.524539 -1.546528 -1.568117 -1.589332 -1.610158 -1.630577 -1.650514 -1.669887 -1.688548 -1.706343 -1.723056 -1.738507 -1.752508 -1.765019 -1.776106 -1.786057 -1.795081 -1.804167 -1.813706 -1.823195 -1.832558 -1.841468 -1.849633 -1.856755 -1.862649 -1.867138 -1.870127 -1.871514 -1.871249
-0.5850372 -0.6118628 -0.6394868 -0.6677473 -0.6964520 -0.7253816 -0.7543178 -0.7830663 -0.8115137 -0.8396512 -0.8677125 -0.8959169 -0.9242049 -0.9528618 -0.9820609 -1.011777 -1.041875 -1.072165 -1.102428 -1.132462 -1.162085 -1.191159 -1.219573 -1.247265 -1.274190 -1.300343 -1.325729 -1.350379 -1.374325 -1.397620 -1.420310 -1.442453 -1.464095 -1.485290 -1.506072 -1.526478 -1.546519 -1.566207 -1.585514 -1.604412 -1.622826 -1.640682 -1.657858 -1.674248 -1.689717 -1.704191 -1.717614 -1.730061 -1.741683 -1.752892 -1.763434 -1.773323 -1.782969 -1.792125 -1.800614 -1.808210 -1.814760 -1.820094 -1.824109 -1.826697 -1.827799 -1.827345
-0.5640608 -0.5893807 -0.6155078 -0.6423294 -0.6697113 -0.6975060 -0.7255627 -0.7537519 -0.7819741 -0.8101840 -0.8382955 -0.8663654 -0.8947351 -0.9233863 -0.9522562 -0.9812881 -1.010384 -1.039410 -1.068224 -1.096685 -1.124675 -1.152090 -1.178862 -1.204941 -1.230305 -1.254945 -1.278879 -1.302126 -1.324725 -1.346713 -1.368140 -1.389046 -1.409484 -1.429488 -1.449103 -1.468349 -1.487252 -1.505812 -1.524027 -1.541865 -1.559294 -1.576246 -1.592660 -1.608445 -1.623540 -1.637864 -1.651407 -1.664147 -1.676115 -1.687191 -1.697814 -1.708090 -1.717623 -1.726442 -1.734434 -1.741497 -1.747490 -1.752321 -1.755885 -1.758119 -1.758950 -1.758339
-0.5435280 -0.5673528 -0.5919649 -0.6172819 -0.6432069 -0.6696320 -0.6964486 -0.7235518 -0.7508618 -0.7783218 -0.8059888 -0.8338547 -0.8616838 -0.8895263 -0.9174073 -0.9452700 -0.9730278 -1.000584 -1.027830 -1.054670 -1.081014 -1.106794 -1.131957 -1.156470 -1.180316 -1.203498 -1.226023 -1.247919 -1.269211 -1.289939 -1.310139 -1.329854 -1.349120 -1.367979 -1.386457 -1.404585 -1.422376 -1.439844 -1.456979 -1.473773 -1.490190 -1.506201 -1.521744 -1.536777 -1.551231 -1.565073 -1.578251 -1.590771 -1.602643 -1.614037 -1.624628 -1.634331 -1.643424 -1.651745 -1.659216 -1.665724 -1.671199 -1.675545 -1.678702 -1.680600 -1.681195 -1.680435
-0.5235140 -0.5458746 -0.5689831 -0.5927774 -0.6171832 -0.6421183 -0.6674947 -0.6932292 -0.7192398 -0.7454561 -0.7717431 -0.7980506 -0.8245390 -0.8511044 -0.8776363 -0.9040613 -0.9303042 -0.9562808 -0.9819124 -1.007121 -1.031843 -1.056024 -1.079627 -1.102627 -1.125014 -1.146787 -1.167961 -1.188552 -1.208589 -1.228101 -1.247122 -1.265686 -1.283828 -1.301577 -1.318965 -1.336009 -1.352732 -1.369136 -1.385226 -1.400988 -1.416408 -1.431449 -1.446086 -1.460265 -1.473956 -1.487101 -1.499683 -1.511649 -1.522965 -1.533467 -1.543423 -1.552862 -1.561459 -1.569241 -1.576142 -1.582116 -1.587077 -1.590977 -1.593746 -1.595344 -1.595717 -1.594836
-0.5040818 -0.5250244 -0.5466653 -0.5689542 -0.5918329 -0.6152334 -0.6390852 -0.6633120 -0.6878455 -0.7126182 -0.7376360 -0.7628411 -0.7879929 -0.8130813 -0.8380898 -0.8629549 -0.8876053 -0.9119726 -0.9359879 -0.9595927 -0.9827328 -1.005370 -1.027470 -1.049019 -1.070004 -1.090432 -1.110308 -1.129652 -1.148483 -1.166830 -1.184718 -1.202179 -1.219239 -1.235928 -1.252265 -1.268274 -1.283965 -1.299351 -1.314427 -1.329193 -1.343628 -1.357717 -1.371424 -1.384725 -1.397573 -1.409942 -1.421783 -1.433078 -1.443804 -1.454056 -1.463540 -1.472163 -1.480128 -1.487310 -1.493654 -1.499089 -1.503573 -1.507042 -1.509460 -1.510775 -1.510957 -1.509964
