T3-twomodels/gz/model30.grd
DSAA
         100         100
  -15.00000       15.00000    
  -15.00000       15.00000    
  -1.949471       6.657344    
[rows 0 to 26 of 100, columns 0 to 61 of 100]
-0.2677978 -0.2744637 -0.2812456 -0.2881359 -0.2951271 -0.3022095 -0.3093742 -0.3166108 -0.3239100 -0.3312618 -0.3386756 -0.3461404 -0.3535915 -0.3610312 -0.3684623 -0.3758739 -0.3832548 -0.3905941 -0.3978805 -0.4051034 -0.4122520 -0.4193169 -0.4262883 -0.4331572 -0.4399149 -0.4465532 -0.4530643 -0.4594406 -0.4656748 -0.4717603 -0.4776902 -0.4834584 -0.4890580 -0.4944832 -0.4997275 -0.5047849 -0.5096492 -0.5143144 -0.5187743 -0.5230233 -0.5270548 -0.5308633 -0.5344422 -0.5377865 -0.5408897 -0.5437472 -0.5463538 -0.5487080 -0.5508175 -0.5526779 -0.5542166 -0.5554650 -0.5564518 -0.5571539 -0.5575695 -0.5576922 -0.5575213 -0.5570521 -0.5562840 -0.5552134 -0.5538399 -0.5521613
-0.2764162 -0.2835119 -0.2907360 -0.2980809 -0.3055373 -0.3130959 -0.3207457 -0.3284767 -0.3362761 -0.3441318 -0.3520088 -0.3598934 -0.3678288 -0.3757865 -0.3837378 -0.3916689 -0.3995674 -0.4074208 -0.4152173 -0.4229450 -0.4305930 -0.4381503 -0.4456068 -0.4529526 -0.4601793 -0.4672776 -0.4742398 -0.4810575 -0.4877238 -0.4942311 -0.5005732 -0.5067426 -0.5127336 -0.5185391 -0.5241531 -0.5295686 -0.5347798 -0.5397797 -0.5445626 -0.5491214 -0.5534502 -0.5575418 -0.5613905 -0.5649891 -0.5683323 -0.5714128 -0.5742248 -0.5767571 -0.5789906 -0.5809191 -0.5826093 -0.5840179 -0.5851059 -0.5858896 -0.5863630 -0.5865257 -0.5863719 -0.5859002 -0.5851065 -0.5839899 -0.5825469 -0.5807774
-0.2854558 -0.2930138 -0.3007147 -0.3085492 -0.3165085 -0.3245810 -0.3327560 -0.3410208 -0.3493640 -0.3577730 -0.3662568 -0.3748017 -0.3833355 -0.3918591 -0.4003742 -0.4088674 -0.4173253 -0.4257347 -0.4340821 -0.4423552 -0.4505415 -0.4586296 -0.4666084 -0.4744684 -0.4821993 -0.4897928 -0.4972396 -0.5045322 -0.5116624 -0.5186235 -0.5254081 -0.5320097 -0.5384210 -0.5446363 -0.5506479 -0.5564500 -0.5620351 -0.5673972 -0.5725288 -0.5774237 -0.5820741 -0.5864737 -0.5906148 -0.5944912 -0.5980954 -0.6014218 -0.6044632 -0.6072183 -0.6096944 -0.6118861 -0.6137133 -0.6152101 -0.6164067 -0.6172776 -0.6178203 -0.6180274 -0.6178976 -0.6174252 -0.6166088 -0.6154445 -0.6139312 -0.6120659
-0.2949386 -0.3029947 -0.3112092 -0.3195728 -0.3280748 -0.3367036 -0.3454461 -0.3542900 -0.3632196 -0.3722199 -0.3812508 -0.3902957 -0.3994005 -0.4085318 -0.4176568 -0.4267586 -0.4358220 -0.4448321 -0.4537750 -0.4626364 -0.4714037 -0.4800639 -0.4886059 -0.4970189 -0.5052930 -0.5134183 -0.5213864 -0.5291888 -0.5368180 -0.5442660 -0.5515265 -0.5585920 -0.5654561 -0.5721116 -0.5785522 -0.5847701 -0.5907595 -0.5965121 -0.6020215 -0.6072798 -0.6122799 -0.6170137 -0.6214740 -0.6256526 -0.6295426 -0.6331356 -0.6364238 -0.6393949 -0.6420267 -0.6443118 -0.6463227 -0.6480111 -0.6493338 -0.6503079 -0.6509263 -0.6511879 -0.6510859 -0.6506184 -0.6497802 -0.6485697 -0.6469829 -0.6450191
-0.3048879 -0.3134804 -0.3222494 -0.3311839 -0.3402730 -0.3495030 -0.3588609 -0.3683306 -0.3778985 -0.3875484 -0.3972890 -0.4071029 -0.4169081 -0.4267039 -0.4364904 -0.4462512 -0.4559696 -0.4656298 -0.4752159 -0.4847130 -0.4941067 -0.5033839 -0.5125321 -0.5215405 -0.5303981 -0.5390954 -0.5476232 -0.5559732 -0.5641374 -0.5721088 -0.5798798 -0.5874439 -0.5947940 -0.6019236 -0.6088253 -0.6154922 -0.6219168 -0.6280920 -0.6340097 -0.6396626 -0.6450418 -0.6501397 -0.6549470 -0.6594562 -0.6636582 -0.6675458 -0.6711103 -0.6743492 -0.6772701 -0.6798659 -0.6820471 -0.6838504 -0.6853094 -0.6863948 -0.6871031 -0.6874257 -0.6873606 -0.6869012 -0.6860453 -0.6847880 -0.6831276 -0.6810604
-0.3153284 -0.3244995 -0.3338664 -0.3434182 -0.3531418 -0.3630232 -0.3730465 -0.3831963 -0.3934533 -0.4037989 -0.4141871 -0.4245968 -0.4350762 -0.4455864 -0.4560891 -0.4665637 -0.4769915 -0.4873545 -0.4976360 -0.5078189 -0.5178886 -0.5278304 -0.5376316 -0.5472799 -0.5567648 -0.5660760 -0.5752047 -0.5841420 -0.5928805 -0.6014125 -0.6097316 -0.6178305 -0.6257029 -0.6333413 -0.6407397 -0.6478896 -0.6547847 -0.6614159 -0.6677764 -0.6738566 -0.6796485 -0.6851420 -0.6903290 -0.6951987 -0.6997429 -0.7039515 -0.7078144 -0.7113170 -0.7144338 -0.7171553 -0.7195609 -0.7215965 -0.7232134 -0.7244297 -0.7252369 -0.7256336 -0.7256114 -0.7251678 -0.7242963 -0.7229947 -0.7212583 -0.7190855
-0.3262841 -0.3360787 -0.3460915 -0.3563099 -0.3667205 -0.3773066 -0.3880522 -0.3989376 -0.4099455 -0.4210557 -0.4322754 -0.4435829 -0.4548839 -0.4661754 -0.4774553 -0.4887033 -0.4998987 -0.5110222 -0.5220547 -0.5329785 -0.5437766 -0.5544344 -0.5649376 -0.5752739 -0.5854321 -0.5954019 -0.6051744 -0.6147412 -0.6240942 -0.6332272 -0.6421329 -0.6508052 -0.6592373 -0.6674229 -0.6753544 -0.6830251 -0.6904267 -0.6975515 -0.7043906 -0.7109353 -0.7171751 -0.7231008 -0.7287012 -0.7339669 -0.7388861 -0.7434499 -0.7476476 -0.7514747 -0.7549386 -0.7580300 -0.7606485 -0.7628339 -0.7646227 -0.7659816 -0.7669060 -0.7673859 -0.7674184 -0.7669955 -0.7661147 -0.7647694 -0.7629578 -0.7606748
-0.3377818 -0.3482487 -0.3589586 -0.3698982 -0.3810516 -0.3924019 -0.4039293 -0.4156145 -0.4274338 -0.4393637 -0.4513498 -0.4633661 -0.4754634 -0.4875956 -0.4997172 -0.5118030 -0.5238295 -0.5357751 -0.5476190 -0.5593415 -0.5709249 -0.5823527 -0.5936106 -0.6046851 -0.6155654 -0.6262405 -0.6367024 -0.6469418 -0.6569526 -0.6667274 -0.6762609 -0.6855463 -0.6945782 -0.7033497 -0.7118546 -0.7200847 -0.7280330 -0.7356904 -0.7430485 -0.7500965 -0.7568247 -0.7632209 -0.7692747 -0.7749733 -0.7803055 -0.7852582 -0.7898193 -0.7939703 -0.7976817 -0.8009413 -0.8038365 -0.8063055 -0.8082936 -0.8098198 -0.8108742 -0.8114539 -0.8115498 -0.8111582 -0.8102716 -0.8088872 -0.8069987 -0.8046041
-0.3498464 -0.3610381 -0.3725009 -0.3842195 -0.3961775 -0.4083546 -0.4207308 -0.4332817 -0.4459849 -0.4588150 -0.4717771 -0.4848436 -0.4979057 -0.5109566 -0.5239914 -0.5369844 -0.5499101 -0.5627442 -0.5754638 -0.5880475 -0.6004758 -0.6127318 -0.6247992 -0.6366653 -0.6483180 -0.6597475 -0.6709448 -0.6819029 -0.6926146 -0.7030747 -0.7132775 -0.7232180 -0.7328904 -0.7422895 -0.7514082 -0.7602401 -0.7687765 -0.7770096 -0.7849289 -0.7925243 -0.7997832 -0.8066945 -0.8132439 -0.8194190 -0.8252053 -0.8305904 -0.8355603 -0.8401082 -0.8442408 -0.8479459 -0.8511088 -0.8537738 -0.8559805 -0.8576902 -0.8588973 -0.8595901 -0.8597648 -0.8594120 -0.8585284 -0.8571067 -0.8551440 -0.8526338
-0.3625053 -0.3744786 -0.3867536 -0.3993146 -0.4121423 -0.4252157 -0.4385103 -0.4520018 -0.4656600 -0.4794556 -0.4933235 -0.5072311 -0.5212324 -0.5352718 -0.5492947 -0.5632696 -0.5771673 -0.5909607 -0.6046246 -0.6181352 -0.6314721 -0.6446161 -0.6575515 -0.6702637 -0.6827418 -0.6949753 -0.7069569 -0.7186789 -0.7301368 -0.7413250 -0.7522403 -0.7628775 -0.7732332 -0.7833016 -0.7930778 -0.8025542 -0.8117240 -0.8205771 -0.8291045 -0.8372934 -0.8451319 -0.8526052 -0.8596994 -0.8663977 -0.8726861 -0.8785467 -0.8839632 -0.8889131 -0.8933603 -0.8972895 -0.9007972 -0.9038129 -0.9062726 -0.9081975 -0.9095753 -0.9104027 -0.9106683 -0.9103684 -0.9094942 -0.9080418 -0.9060044 -0.9033788
-0.3757838 -0.3885987 -0.4017504 -0.4152206 -0.4289893 -0.4430315 -0.4573222 -0.4718306 -0.4865279 -0.5013819 -0.5163946 -0.5315309 -0.5466635 -0.5617810 -0.5768740 -0.5919104 -0.6068574 -0.6216854 -0.6363659 -0.6508735 -0.6651849 -0.6792809 -0.6931435 -0.7067590 -0.7201158 -0.7332046 -0.7460179 -0.7585510 -0.7707989 -0.7827592 -0.7944288 -0.8058056 -0.8168860 -0.8276674 -0.8381442 -0.8483108 -0.8581594 -0.8676816 -0.8768657 -0.8856999 -0.8941689 -0.9022582 -0.9099497 -0.9172266 -0.9240693 -0.9304608 -0.9363822 -0.9418229 -0.9467876 -0.9512603 -0.9551085 -0.9583808 -0.9611202 -0.9632827 -0.9648607 -0.9658405 -0.9662178 -0.9659817 -0.9651287 -0.9636501 -0.9615424 -0.9587984
-0.3897085 -0.4034295 -0.4175256 -0.4319776 -0.4467616 -0.4618522 -0.4772182 -0.4928290 -0.5086465 -0.5246333 -0.5407112 -0.5568386 -0.5730733 -0.5893476 -0.6055954 -0.6217770 -0.6378555 -0.6537969 -0.6695703 -0.6851467 -0.7005022 -0.7156145 -0.7304661 -0.7450420 -0.7593318 -0.7733260 -0.7870194 -0.8004078 -0.8134895 -0.8262631 -0.8387285 -0.8508850 -0.8627322 -0.8742679 -0.8854895 -0.8963913 -0.9069675 -0.9172078 -0.9271020 -0.9366353 -0.9457929 -0.9545559 -0.9629058 -0.9708204 -0.9782791 -0.9852582 -0.9917352 -0.9976804 -1.003049 -1.007821 -1.012104 -1.015814 -1.018879 -1.021319 -1.023122 -1.024283 -1.024789 -1.024635 -1.023813 -1.022317 -1.020141 -1.017280
-0.4043042 -0.4189986 -0.4341112 -0.4496200 -0.4654997 -0.4817198 -0.4982484 -0.5150468 -0.5320783 -0.5493017 -0.5667152 -0.5842742 -0.6018276 -0.6193581 -0.6368510 -0.6542652 -0.6715596 -0.6886967 -0.7056412 -0.7223620 -0.7388313 -0.7550266 -0.7709283 -0.7865224 -0.8017976 -0.8167465 -0.8313650 -0.8456519 -0.8596069 -0.8732327 -0.8865310 -0.8995053 -0.9121570 -0.9244876 -0.9364954 -0.9481781 -0.9595286 -0.9705393 -0.9811980 -0.9914901 -1.001397 -1.010900 -1.019974 -1.028596 -1.036739 -1.044378 -1.051486 -1.058047 -1.064061 -1.069506 -1.074227 -1.078275 -1.081701 -1.084451 -1.086517 -1.087883 -1.088544 -1.088488 -1.087713 -1.086208 -1.083970 -1.080990
-0.4195964 -0.4353356 -0.4515395 -0.4681847 -0.4852417 -0.5026781 -0.5204556 -0.5385343 -0.5568669 -0.5754054 -0.5940557 -0.6127647 -0.6315955 -0.6504652 -0.6692931 -0.6880289 -0.7066265 -0.7250425 -0.7432384 -0.7611785 -0.7788333 -0.7961771 -0.8131903 -0.8298573 -0.8461688 -0.8621174 -0.8777028 -0.8929249 -0.9077885 -0.9222987 -0.9364625 -0.9502860 -0.9637761 -0.9769357 -0.9897689 -1.002273 -1.014446 -1.026277 -1.037758 -1.048870 -1.059594 -1.069906 -1.079781 -1.089186 -1.098094 -1.106468 -1.114277 -1.121481 -1.128021 -1.133868 -1.139144 -1.143748 -1.147595 -1.150708 -1.153070 -1.154678 -1.155517 -1.155584 -1.154869 -1.153368 -1.151072 -1.147978
-0.4356062 -0.4524630 -0.4698362 -0.4876982 -0.5060177 -0.5247563 -0.5438733 -0.5633201 -0.5830498 -0.6030106 -0.6231968 -0.6435524 -0.6638972 -0.6842071 -0.7044610 -0.7246073 -0.7445935 -0.7643720 -0.7838981 -0.8031330 -0.8220423 -0.8405993 -0.8587814 -0.8765739 -0.8939665 -0.9109555 -0.9275416 -0.9437298 -0.9595279 -0.9749470 -0.9899985 -1.004695 -1.019046 -1.033063 -1.046751 -1.060115 -1.073151 -1.085853 -1.098211 -1.110208 -1.121819 -1.133020 -1.143777 -1.154056 -1.163817 -1.173023 -1.181635 -1.189623 -1.196982 -1.203678 -1.209524 -1.214578 -1.218896 -1.222415 -1.225124 -1.227008 -1.228060 -1.228270 -1.227637 -1.226149 -1.223806 -1.220598
-0.4523560 -0.4704056 -0.4890257 -0.5081868 -0.5278518 -0.5479790 -0.5685197 -0.5894236 -0.6106311 -0.6320830 -0.6536654 -0.6753135 -0.6970994 -0.7189229 -0.7406855 -0.7623248 -0.7837820 -0.8050019 -0.8259349 -0.8465357 -0.8667668 -0.8865960 -0.9060007 -0.9249635 -0.9434766 -0.9615365 -0.9791488 -0.9963214 -1.013069 -1.029408 -1.045356 -1.060934 -1.076158 -1.091046 -1.105609 -1.119856 -1.133790 -1.147406 -1.160696 -1.173639 -1.186213 -1.198385 -1.210118 -1.221367 -1.232088 -1.242230 -1.251740 -1.260562 -1.268616 -1.275859 -1.282428 -1.288199 -1.293068 -1.297063 -1.300165 -1.302371 -1.303668 -1.304054 -1.303519 -1.302064 -1.299680 -1.296364
-0.4698634 -0.4891795 -0.5091246 -0.5296630 -0.5507541 -0.5723481 -0.5943925 -0.6168263 -0.6395909 -0.6626229 -0.6859158 -0.7094032 -0.7328702 -0.7562884 -0.7796319 -0.8028361 -0.8258356 -0.8485686 -0.8709770 -0.8930097 -0.9146211 -0.9357768 -0.9564486 -0.9766198 -0.9962804 -1.015432 -1.034080 -1.052241 -1.069935 -1.087186 -1.104021 -1.120469 -1.136557 -1.152310 -1.167748 -1.182889 -1.197739 -1.212301 -1.226565 -1.240516 -1.254125 -1.267357 -1.280166 -1.292500 -1.304301 -1.315507 -1.326057 -1.335901 -1.345018 -1.353355 -1.360681 -1.367059 -1.372550 -1.377082 -1.380643 -1.383217 -1.384802 -1.385390 -1.384983 -1.383574 -1.381162 -1.377740
-0.4881481 -0.5088034 -0.5301458 -0.5521356 -0.5747227 -0.5978521 -0.6214596 -0.6454815 -0.6698450 -0.6944801 -0.7192534 -0.7440928 -0.7690908 -0.7941316 -0.8190995 -0.8439186 -0.8685151 -0.8928171 -0.9167582 -0.9402761 -0.9633189 -0.9858430 -1.007818 -1.029220 -1.050044 -1.070288 -1.089966 -1.109098 -1.127713 -1.145843 -1.163529 -1.180807 -1.197720 -1.214303 -1.230590 -1.246605 -1.262368 -1.277885 -1.293155 -1.308159 -1.322873 -1.337253 -1.351247 -1.364789 -1.377808 -1.390223 -1.401952 -1.412902 -1.422960 -1.432055 -1.440341 -1.447661 -1.453884 -1.459046 -1.463128 -1.466131 -1.468046 -1.468877 -1.468619 -1.467278 -1.464849 -1.461331
-0.5072243 -0.5292851 -0.5520917 -0.5755938 -0.5997335 -0.6244417 -0.6496479 -0.6752737 -0.7012486 -0.7275020 -0.7540373 -0.7807885 -0.8075094 -0.8341794 -0.8607756 -0.8872235 -0.9134407 -0.9393451 -0.9648553 -0.9898977 -1.014406 -1.038329 -1.061625 -1.084270 -1.106251 -1.127571 -1.148247 -1.168306 -1.187784 -1.206729 -1.225191 -1.243223 -1.260882 -1.278219 -1.295284 -1.312117 -1.328748 -1.345198 -1.361470 -1.377556 -1.393425 -1.409036 -1.424323 -1.439211 -1.453605 -1.467409 -1.480514 -1.492831 -1.504306 -1.514852 -1.524167 -1.532317 -1.539375 -1.545252 -1.549942 -1.553432 -1.555732 -1.556840 -1.556766 -1.555511 -1.553081 -1.549472
-0.5271119 -0.5506380 -0.5749616 -0.6000214 -0.6257420 -0.6520414 -0.6788300 -0.7060232 -0.7335348 -0.7612920 -0.7891543 -0.8170639 -0.8451716 -0.8733640 -0.9015179 -0.9295492 -0.9573655 -0.9848671 -1.011956 -1.038537 -1.064529 -1.089860 -1.114481 -1.138355 -1.161468 -1.183820 -1.205434 -1.226340 -1.246589 -1.266238 -1.285355 -1.304011 -1.322282 -1.340240 -1.357955 -1.375486 -1.392885 -1.410187 -1.427413 -1.444560 -1.461607 -1.478507 -1.495191 -1.511563 -1.527510 -1.542897 -1.557585 -1.571413 -1.584200 -1.595824 -1.606450 -1.615870 -1.623914 -1.630633 -1.636013 -1.640069 -1.642805 -1.644237 -1.644374 -1.643232 -1.640813 -1.637124
-0.5478305 -0.5728679 -0.5987453 -0.6253797 -0.6526750 -0.6805204 -0.7088077 -0.7374282 -0.7662992 -0.7953580 -0.8246568 -0.8541763 -0.8836715 -0.9131771 -0.9427058 -0.9721829 -1.001503 -1.030545 -1.059181 -1.087286 -1.114750 -1.141480 -1.167403 -1.192473 -1.216664 -1.239977 -1.262430 -1.284066 -1.304942 -1.325134 -1.344724 -1.363809 -1.382485 -1.400851 -1.419003 -1.437030 -1.455006 -1.472997 -1.491040 -1.509158 -1.527337 -1.545540 -1.563689 -1.581677 -1.599360 -1.616570 -1.633121 -1.648836 -1.663584 -1.677204 -1.689272 -1.699853 -1.709034 -1.716712 -1.722896 -1.727590 -1.730827 -1.732624 -1.733011 -1.732002 -1.729614 -1.725851
-0.5694119 -0.5959927 -0.6234350 -0.6516274 -0.6804336 -0.7097060 -0.7392908 -0.7690567 -0.7988970 -0.8287629 -0.8585590 -0.8883313 -0.9184058 -0.9487496 -0.9792795 -1.009919 -1.040544 -1.070991 -1.101088 -1.130661 -1.159559 -1.187648 -1.214830 -1.241034 -1.266222 -1.290384 -1.313543 -1.335740 -1.357049 -1.377555 -1.397367 -1.416599 -1.435381 -1.453839 -1.472105 -1.490299 -1.508539 -1.526918 -1.545517 -1.564383 -1.583537 -1.602951 -1.622563 -1.642247 -1.661838 -1.681113 -1.699818 -1.717660 -1.734307 -1.749519 -1.763447 -1.775791 -1.786326 -1.795134 -1.802226 -1.807653 -1.811449 -1.813665 -1.814331 -1.813484 -1.811139 -1.807315
-0.5918984 -0.6200326 -0.6490228 -0.6787065 -0.7088910 -0.7393541 -0.7698766 -0.8002586 -0.8303818 -0.8602290 -0.8900254 -0.9199744 -0.9500015 -0.9803689 -1.011229 -1.042527 -1.074098 -1.105711 -1.137111 -1.168049 -1.198302 -1.227685 -1.256053 -1.283304 -1.309375 -1.334246 -1.357929 -1.380473 -1.401954 -1.422479 -1.442171 -1.461176 -1.479648 -1.497755 -1.515661 -1.533537 -1.551539 -1.569818 -1.588500 -1.607691 -1.627451 -1.647804 -1.668705 -1.690047 -1.711639 -1.733216 -1.754440 -1.774950 -1.794429 -1.812522 -1.828561 -1.842580 -1.854691 -1.864787 -1.872928 -1.879169 -1.883598 -1.886272 -1.887258 -1.886591 -1.884311 -1.880432
-0.6153648 -0.6450424 -0.6755246 -0.7065790 -0.7379106 -0.7691820 -0.8000321 -0.8301454 -0.8593124 -0.8875454 -0.9149841 -0.9421382 -0.9699626 -0.9988262 -1.028845 -1.059955 -1.091894 -1.124291 -1.156749 -1.188889 -1.220385 -1.250964 -1.280420 -1.308601 -1.335415 -1.360815 -1.384804 -1.407426 -1.428764 -1.448932 -1.468078 -1.486367 -1.503989 -1.521143 -1.538041 -1.554896 -1.571926 -1.589338 -1.607334 -1.626087 -1.645748 -1.666409 -1.688106 -1.710771 -1.734241 -1.758204 -1.782228 -1.805740 -1.828060 -1.848618 -1.867441 -1.884013 -1.898021 -1.909633 -1.918944 -1.926103 -1.931218 -1.934404 -1.935732 -1.935275 -1.933069 -1.929150
-0.6399183 -0.6711020 -0.7029864 -0.7352220 -0.7673630 -0.7988565 -0.8290936 -0.8574702 -0.8835825 -0.9074308 -0.9298031 -0.9519031 -0.9746989 -0.9994023 -1.026597 -1.056157 -1.087577 -1.120202 -1.153370 -1.186493 -1.219076 -1.250729 -1.281151 -1.310128 -1.337516 -1.363241 -1.387280 -1.409670 -1.430489 -1.449863 -1.467946 -1.484930 -1.501023 -1.516463 -1.531495 -1.546385 -1.561400 -1.576824 -1.592932 -1.610005 -1.628297 -1.648040 -1.669396 -1.692441 -1.717101 -1.743122 -1.770014 -1.797092 -1.823572 -1.848540 -1.870666 -1.889786 -1.906040 -1.919375 -1.930018 -1.938168 -1.944037 -1.947762 -1.949471 -1.949234 -1.947123 -1.943165
-0.6657348 -0.6983703 -0.7315266 -0.7646961 -0.7971821 -0.8280890 -0.8563089 -0.8806453 -0.9000557 -0.9142475 -0.9241490 -0.9325295 -0.9433596 -0.9589640 -0.9799838 -1.005879 -1.035501 -1.067592 -1.101020 -1.134846 -1.168333 -1.200914 -1.232169 -1.261789 -1.289574 -1.315398 -1.339213 -1.361031 -1.380925 -1.399011 -1.415455 -1.430450 -1.444228 -1.457037 -1.469155 -1.480871 -1.492506 -1.504387 -1.516877 -1.530345 -1.545189 -1.561798 -1.580558 -1.601780 -1.625667 -1.652185 -1.680980 -1.711219 -1.741541 -1.770418 -1.797117 -1.820306 -1.839371 -1.854751 -1.866846 -1.876081 -1.882734 -1.887041 -1.889139 -1.889150 -1.887135 -1.883156
-0.6930630 -0.7270753 -0.7613542 -0.7951558 -0.8274300 -0.8566983 -0.8809828 -0.8977575 -0.9043221 -0.8989393 -0.8835146 -0.8648084 -0.8511759 -0.8485634 -0.8578672 -0.8769643 -0.9030600 -0.9336667 -0.9668159 -1.001033 -1.035219 -1.068578 -1.100521 -1.130637 -1.158634 -1.184336 -1.207647 -1.228554 -1.247101 -1.263400 -1.277597 -1.289889 -1.300494 -1.309666 -1.317673 -1.324814 -1.331402 -1.337790 -1.344355 -1.351530 -1.359784 -1.369667 -1.381763 -1.396722 -1.415168 -1.437647 -1.464416 -1.495278 -1.529371 -1.564695 -1.597435 -1.625461 -1.648253 -1.666052 -1.679789 -1.690147 -1.697632 -1.702523 -1.705040 -1.705296 -1.703399 -1.699392
