T3-twomodels/gz/model120.grd
DSAA
         100         100
  -15.00000       15.00000    
  -15.00000       15.00000    
  -1.866752       6.740206    
[rows 27 to 53 of 100, columns 0 to 61 of 100]
-0.6876969 -0.7211462 -0.7544306 -0.7865162 -0.8158357 -0.8400713 -0.8557260 -0.8577008 -0.8389175 -0.7919720 -0.7159116 -0.6282003 -0.5575346 -0.5171240 -0.5038227 -0.5099493 -0.5288320 -0.5557153 -0.5874100 -0.6217648 -0.6573735 -0.6932774 -0.7288819 -0.7637827 -0.7977737 -0.8307205 -0.8626109 -0.8934453 -0.9233102 -0.9522734 -0.9804735 -1.008013 -1.035058 -1.061731 -1.088217 -1.114644 -1.141213 -1.168050 -1.195353 -1.223220 -1.251803 -1.281077 -1.310988 -1.341074 -1.370472 -1.397099 -1.417081 -1.423021 -1.404741 -1.356795 -1.296132 -1.247735 -1.216144 -1.195818 -1.181899 -1.171974 -1.164677 -1.159223 -1.154898 -1.151177 -1.147504 -1.143463
-0.7062089 -0.7408443 -0.7748818 -0.8069696 -0.8348336 -0.8550634 -0.8618020 -0.8455303 -0.7894301 -0.6680040 -0.4609017 -0.2139510 -2.3712300E-02 8.1832848E-02 0.1274402 0.1371248 0.1258304 0.1022655 7.1556590E-02 3.6937464E-02 3.2933895E-04 -3.6916181E-02 -7.4083149E-02 -0.1105787 -0.1462115 -0.1807263 -0.2141815 -0.2464791 -0.2778038 -0.3081293 -0.3377106 -0.3665510 -0.3949512 -0.4229233 -0.4508053 -0.4786058 -0.5066990 -0.5350749 -0.5641362 -0.5938186 -0.6245117 -0.6559752 -0.6883922 -0.7208827 -0.7525258 -0.7796887 -0.7956620 -0.7832317 -0.7111568 -0.5547457 -0.3853372 -0.2935696 -0.2562182 -0.2357236 -0.2207724 -0.2092096 -0.2001119 -0.1931479 -0.1875287 -0.1828728 -0.1784188 -0.1738309
-0.7237352 -0.7595504 -0.7941878 -0.8261837 -0.8521072 -0.8677211 -0.8634834 -0.8246267 -0.7167630 -0.4762088 -3.4756612E-03 0.6009836 1.022681 1.228861 1.317889 1.347305 1.344988 1.325575 1.295980 1.261456 1.223716 1.185396 1.146458 1.108620 1.071106 1.035284 1.000002 0.9665197 0.9334508 0.9020646 0.8707913 0.8409793 0.8108799 0.7819733 0.7523064 0.7235422 0.6934758 0.6640271 0.6326762 0.6017207 0.5682634 0.5352634 0.4995090 0.4654715 0.4305911 0.4046373 0.3936135 0.4380907 0.6157850 1.047768 1.463926 1.571449 1.576478 1.580774 1.592250 1.602680 1.613591 1.621108 1.628529 1.633518 1.639261 1.643910
-0.7408063 -0.7777982 -0.8129835 -0.8448789 -0.8687347 -0.8796490 -0.8639745 -0.8017362 -0.6388077 -0.2679542 0.5110059 1.536359 2.222235 2.537722 2.672569 2.722528 2.729421 2.714374 2.685874 2.651580 2.612638 2.573362 2.532567 2.493508 2.454013 2.417011 2.379795 2.345263 2.310332 2.278031 2.244936 2.214310 2.182365 2.152698 2.121081 2.091546 2.059316 2.029015 1.995148 1.963178 1.926680 1.892454 1.853011 1.817828 1.779261 1.755184 1.748965 1.829205 2.126939 2.889986 3.596547 3.704483 3.664129 3.647411 3.654505 3.662972 3.675887 3.683586 3.693070 3.698123 3.705391 3.709879
-0.7581663 -0.7962995 -0.8321404 -0.8639393 -0.8860937 -0.8926376 -0.8670849 -0.7844903 -0.5779263 -0.1141270 0.8455728 2.100415 2.948037 3.343549 3.515702 3.583310 3.598522 3.587193 3.559824 3.525430 3.485513 3.445009 3.402641 3.362089 3.320928 3.282459 3.243646 3.207756 3.171326 3.137771 3.103247 3.071434 3.038076 3.007230 2.974146 2.943368 2.909525 2.877826 2.842088 2.808458 2.769700 2.733463 2.691314 2.653955 2.612922 2.588870 2.587387 2.691432 3.063056 3.992028 4.856560 5.003494 4.956338 4.933718 4.939837 4.948920 4.963499 4.972422 4.983307 4.989142 4.997313 5.002226
-0.7759344 -0.8152248 -0.8518421 -0.8837243 -0.9046857 -0.9077985 -0.8747495 -0.7773015 -0.5423728 -2.7381908E-02 1.012724 2.361202 3.283647 3.724960 3.922072 4.002651 4.024281 4.015770 3.989191 3.954456 3.913549 3.871726 3.827858 3.785758 3.743032 3.703044 3.662745 3.625438 3.587626 3.552752 3.516923 3.483847 3.449214 3.417103 3.382702 3.350585 3.315302 3.282098 3.244697 3.209287 3.168531 3.130149 3.085631 3.045897 3.002689 2.977720 2.978766 3.094678 3.498005 4.485694 5.412562 5.595131 5.562001 5.545310 5.555087 5.566928 5.583738 5.594379 5.606605 5.613420 5.622355 5.627828
-0.7938960 -0.8343878 -0.8719115 -0.9041453 -0.9244899 -0.9253346 -0.8872673 -0.7802957 -0.5288623 1.2171757E-02 1.087540 2.474591 3.430750 3.896041 4.108011 4.196991 4.222925 4.216214 4.189941 4.154624 4.112635 4.069449 4.024093 3.980455 3.936205 3.894721 3.852984 3.814286 3.775140 3.738970 3.701886 3.667569 3.631709 3.598356 3.562695 3.529262 3.492609 3.457932 3.418955 3.381818 3.339187 3.298743 3.252023 3.209992 3.164671 3.138284 3.139896 3.260619 3.676231 4.684291 5.635397 5.838782 5.819207 5.810862 5.825969 5.841474 5.860871 5.873403 5.886986 5.894805 5.904464 5.910504
-0.8117931 -0.8535337 -0.8920910 -0.9249564 -0.9452414 -0.9449092 -0.9039207 -0.7914643 -0.5310423 2.3055507E-02 1.115255 2.520668 3.492981 3.970497 4.190654 4.284496 4.312889 4.307030 4.280574 4.244443 4.201261 4.156686 4.109844 4.064702 4.018958 3.976031 3.932894 3.892855 3.852414 3.814997 3.776694 3.741187 3.704137 3.669594 3.632714 3.598028 3.560050 3.523981 3.483497 3.444741 3.400336 3.357980 3.309196 3.265045 3.217662 3.189653 3.190655 3.312844 3.733085 4.749892 5.711833 5.925256 5.914299 5.912505 5.932395 5.951316 5.973193 5.987495 6.002374 6.011112 6.021460 6.028012
-0.8293923 -0.8724160 -0.9121171 -0.9458545 -0.9665542 -0.9659196 -0.9235862 -0.8083546 -0.5434160 1.7014112E-02 1.116682 2.529724 3.509369 3.992852 4.217136 4.313396 4.342851 4.337066 4.310018 4.272861 4.228405 4.182416 4.134109 4.087496 4.040314 3.995988 3.951510 3.910179 3.868500 3.829882 3.790416 3.753762 3.715581 3.679895 3.641858 3.605973 3.566751 3.529354 3.487465 3.447184 3.401145 3.357015 3.306356 3.260240 3.210947 3.181235 3.181132 3.303205 3.724812 4.744153 5.710233 5.929169 5.923276 5.925805 5.949145 5.970751 5.994633 6.010437 6.026399 6.035946 6.046883 6.053901
-0.8464814 -0.8908029 -0.9317232 -0.9665141 -0.9879834 -0.9876879 -0.9450837 -0.8288099 -0.5619318 1.3101730E-03 1.104679 2.521904 3.505058 3.991169 4.217177 4.314281 4.343822 4.337545 4.309589 4.271262 4.225470 4.178072 4.128328 4.080296 4.031728 3.986069 3.940306 3.897749 3.854887 3.815132 3.774556 3.736819 3.697557 3.660795 3.621658 3.584648 3.544248 3.505620 3.462412 3.420733 3.373182 3.327446 3.275072 3.227195 3.176128 3.144798 3.143368 3.264716 3.686418 4.707288 5.675563 5.896583 5.893233 5.898265 5.923839 5.947278 5.972629 5.989548 6.006369 6.016545 6.027971 6.035367
-0.8628761 -0.9084853 -0.9506618 -0.9866207 -1.009100 -1.009564 -0.9673862 -0.8511178 -0.5838004 -1.9709876E-02 1.084554 2.502499 3.486577 3.973447 4.199784 4.296757 4.325758 4.318607 4.289544 4.249947 4.202803 4.154014 4.102887 4.053492 4.003610 3.956681 3.909709 3.865988 3.822014 3.781181 3.739563 3.700799 3.660528 3.622748 3.582587 3.544520 3.503031 3.463253 3.418840 3.375869 3.326953 3.279754 3.225852 3.176380 3.123733 3.090876 3.088131 3.208453 3.629566 4.649920 5.618396 5.840704 5.838686 5.845077 5.871922 5.896508 5.922804 5.940497 5.957909 5.968556 5.980341 5.988042
-0.8784122 -0.9252744 -0.9687063 -1.005887 -1.029507 -1.030987 -0.9896438 -0.8739997 -0.6070693 -4.3149404E-02 1.061316 2.479750 3.463923 3.950565 4.176441 4.272715 4.300799 4.292556 4.262268 4.221372 4.172887 4.122756 4.070302 4.019623 3.968499 3.920386 3.872273 3.827467 3.782448 3.740613 3.698016 3.658300 3.617082 3.578361 3.537243 3.498203 3.455702 3.414877 3.369353 3.325218 3.275060 3.226563 3.171288 3.120413 3.066335 3.032111 3.028091 3.147367 3.567735 4.588124 5.556818 5.779049 5.777400 5.784359 5.811850 5.837039 5.863891 5.882038 5.899835 5.910780 5.922822 5.930737
-0.8929511 -0.9410093 -0.9856607 -1.024062 -1.048876 -1.051493 -1.011205 -0.8965091 -0.6304235 -6.7260452E-02 1.036294 2.453602 3.436918 3.922775 4.147768 4.243039 4.270012 4.260570 4.229027 4.186842 4.137066 4.085656 4.031960 3.980077 3.927800 3.878580 3.829417 3.783602 3.737618 3.694850 3.651354 3.610752 3.568664 3.529072 3.487078 3.447142 3.403723 3.361937 3.315418 3.270227 3.218969 3.169304 3.112826 3.060699 3.005374 2.969908 2.964741 3.082963 3.502431 4.521718 5.489700 5.712018 5.710446 5.717558 5.745259 5.770708 5.797802 5.816185 5.834173 5.845298 5.857487 5.865558
-0.9063738 -0.9555511 -1.001358 -1.040936 -1.066932 -1.070719 -1.031569 -0.9179700 -0.6529280 -9.0756282E-02 1.012045 2.428827 3.411310 3.896151 4.120065 4.214205 4.239996 4.229342 4.196562 4.153144 4.102146 4.049548 3.994696 3.941705 3.888366 3.838137 3.788005 3.741269 3.694399 3.650781 3.606457 3.565051 3.522166 3.481783 3.438988 3.398244 3.353990 3.311347 3.263927 3.217804 3.165561 3.114878 3.057332 3.004121 2.947687 2.911145 2.904923 3.022203 3.440864 4.459885 5.427610 5.649283 5.647396 5.654368 5.682038 5.707497 5.734646 5.753086 5.771147 5.782337 5.794607 5.802763
-0.9185839 -0.9687886 -1.015665 -1.056346 -1.083467 -1.088387 -1.050371 -0.9378951 -0.6739678 -0.1129068 0.9885924 2.403861 3.385101 3.868819 4.091602 4.184590 4.209216 4.197387 4.163444 4.118872 4.066751 4.013058 3.957158 3.903159 3.848860 3.797712 3.746709 3.699137 3.651471 3.607082 3.562015 3.519879 3.476279 3.435180 3.391672 3.350199 3.305205 3.261793 3.213583 3.166631 3.113531 3.061949 3.003484 2.949321 2.891938 2.854439 2.847309 2.963707 3.381542 4.399454 5.366324 5.587779 5.585604 5.592331 5.619812 5.645155 5.672220 5.690619 5.708653 5.719844 5.732130 5.740335
-0.9295002 -0.9806290 -1.028472 -1.070157 -1.098311 -1.104288 -1.067341 -0.9559454 -0.6930939 -0.1331000 0.9675254 2.382123 3.362419 3.845055 4.066741 4.158631 4.182160 4.169246 4.134231 4.088615 4.035477 3.980807 3.923964 3.869069 3.813911 3.761949 3.710167 3.661856 3.613477 3.568406 3.522675 3.479895 3.435656 3.393928 3.349784 3.307673 3.262022 3.217942 3.169035 3.121369 3.067520 3.015172 2.955905 2.900936 2.842725 2.804417 2.796480 2.912132 3.329296 4.346970 5.313541 5.534278 5.531638 5.538026 5.565261 5.590401 5.617323 5.635605 5.653566 5.664704 5.676975 5.685185
-0.9390633 -0.9910029 -1.039698 -1.082272 -1.111349 -1.118272 -1.082295 -0.9718799 -0.7100279 -0.1510491 0.9483688 2.361559 3.340706 3.822322 4.043002 4.133889 4.156431 4.142542 4.106576 4.060035 4.006003 3.950472 3.892809 3.837125 3.781222 3.728545 3.676087 3.627127 3.578131 3.532463 3.486156 3.442810 3.398020 3.355741 3.311050 3.268381 3.222169 3.177508 3.128009 3.079725 3.025244 2.972235 2.912302 2.856638 2.797741 2.758732 2.750126 2.865108 3.281618 4.298332 5.264132 5.484644 5.481680 5.487754 5.514705 5.539627 5.566362 5.584508 5.602356 5.613424 5.625648 5.633851
-0.9472221 -0.9998535 -1.049279 -1.092617 -1.122487 -1.130231 -1.095096 -0.9855433 -0.7245598 -0.1664501 0.9322747 2.344961 3.323350 3.804088 4.023883 4.113898 4.135579 4.120851 4.084064 4.036730 3.981932 3.925668 3.867302 3.810951 3.754410 3.701130 3.648094 3.598586 3.549061 3.502887 3.456088 3.412267 3.367004 3.324262 3.279103 3.235968 3.189277 3.144133 3.094131 3.045335 2.990321 2.936772 2.876273 2.820047 2.760567 2.720994 2.711812 2.826260 3.242283 4.258887 5.224488 5.444373 5.440985 5.446732 5.473425 5.498117 5.524673 5.542665 5.560401 5.571381 5.583554 5.591732
-0.9539402 -1.007142 -1.057169 -1.101137 -1.131665 -1.140091 -1.105657 -0.9968210 -0.7365736 -0.1792182 0.9185676 2.330124 3.307632 3.787613 4.006669 4.095955 4.116921 4.101492 4.064030 4.016039 3.960613 3.903744 3.844802 3.787901 3.730837 3.677059 3.623551 3.573589 3.523633 3.477042 3.429842 3.385626 3.339980 3.296854 3.251318 3.207797 3.160720 3.115177 3.064773 3.015557 2.960119 2.906126 2.845182 2.788491 2.728557 2.688512 2.678885 2.792874 3.208436 4.224267 5.189250 5.409013 5.405383 5.410874 5.437325 5.461821 5.488201 5.506058 5.523680 5.534581 5.546696 5.554850
-0.9591894 -1.012837 -1.063334 -1.107796 -1.138839 -1.147799 -1.113917 -1.005649 -0.7459739 -0.1891913 0.9081919 2.319528 3.296573 3.775974 3.994448 4.083160 4.103564 4.087589 4.049593 4.001091 3.945171 3.887832 3.828438 3.771110 3.713638 3.659472 3.605594 3.555282 3.504987 3.458073 3.410557 3.366037 3.320089 3.276668 3.230832 3.187016 3.139635 3.093789 3.043068 2.993535 2.937762 2.883435 2.822141 2.765105 2.704809 2.664419 2.654432 2.768093 3.183360 4.199241 5.164172 5.383448 5.379509 5.384767 5.411032 5.435355 5.461598 5.479333 5.496864 5.507690 5.519758 5.527883
-0.9629514 -1.016918 -1.067751 -1.112568 -1.143981 -1.153325 -1.119840 -1.011977 -0.7527230 -0.1963751 0.9003965 2.310937 3.287425 3.766392 3.984445 4.072744 4.092744 4.076375 4.037999 3.989128 3.932857 3.875179 3.815464 3.757828 3.700065 3.645621 3.591480 3.540914 3.490379 3.443231 3.395493 3.350751 3.304591 3.260955 3.214911 3.170879 3.123287 3.077219 3.026279 2.976513 2.920512 2.865940 2.804406 2.747118 2.686577 2.645930 2.635704 2.749108 3.164106 4.179404 5.143887 5.363180 5.359125 5.364237 5.390353 5.414557 5.440690 5.458340 5.475796 5.486570 5.498597 5.506702
-0.9652129 -1.019371 -1.070407 -1.115436 -1.147071 -1.156648 -1.123401 -1.015785 -0.7567770 -0.2006711 0.8960274 2.306674 3.283032 3.761752 3.979553 4.067603 4.087359 4.070754 4.032148 3.983058 3.926573 3.868693 3.808784 3.750965 3.693025 3.638417 3.584114 3.533399 3.482718 3.435432 3.387556 3.342686 3.296394 3.252633 3.206458 3.162303 3.114579 3.068383 3.017306 2.967408 2.911262 2.856553 2.794870 2.737437 2.676742 2.635953 2.625570 2.738843 3.153735 4.169255 5.133846 5.352812 5.348587 5.353587 5.379621 5.403744 5.429816 5.447407 5.464822 5.475557 5.487564 5.495652
-0.9659681 -1.020189 -1.071293 -1.116393 -1.148103 -1.157755 -1.124590 -1.017054 -0.7581343 -0.2021265 0.8943029 2.304500 3.280645 3.759270 3.976985 4.064951 4.084628 4.067943 4.029262 3.980096 3.923542 3.865593 3.805621 3.747738 3.689742 3.635076 3.580723 3.529955 3.479227 3.431893 3.383974 3.339058 3.292726 3.248919 3.202705 3.158504 3.110740 3.064497 3.013380 2.963433 2.907244 2.852484 2.790756 2.733270 2.672532 2.631685 2.621263 2.734474 3.149285 4.164405 5.128720 5.347857 5.343657 5.348638 5.374637 5.398740 5.424784 5.442360 5.459756 5.470484 5.482479 5.490567
-0.9652134 -1.019371 -1.070407 -1.115437 -1.147072 -1.156648 -1.123401 -1.015785 -0.7567772 -0.2006715 0.8960273 2.306674 3.283033 3.761752 3.979552 4.067603 4.087359 4.070754 4.032148 3.983057 3.926573 3.868693 3.808784 3.750964 3.693024 3.638416 3.584114 3.533398 3.482717 3.435431 3.387556 3.342686 3.296394 3.252633 3.206458 3.162302 3.114578 3.068382 3.017305 2.967407 2.911262 2.856553 2.794869 2.737437 2.676742 2.635953 2.625570 2.738843 3.153734 4.169255 5.133846 5.352811 5.348587 5.353587 5.379622 5.403744 5.429816 5.447406 5.464822 5.475557 5.487564 5.495652
-0.9629514 -1.016917 -1.067751 -1.112567 -1.143981 -1.153325 -1.119841 -1.011977 -0.7527228 -0.1963755 0.9003961 2.310937 3.287425 3.766392 3.984443 4.072742 4.092743 4.076374 4.037998 3.989128 3.932857 3.875178 3.815463 3.757827 3.700064 3.645620 3.591478 3.540912 3.490378 3.443230 3.395492 3.350751 3.304590 3.260955 3.214909 3.170878 3.123286 3.077217 3.026277 2.976511 2.920510 2.865938 2.804406 2.747116 2.686577 2.645929 2.635703 2.749106 3.164104 4.179403 5.143886 5.363179 5.359123 5.364236 5.390351 5.414556 5.440689 5.458339 5.475794 5.486568 5.498596 5.506701
-0.9591887 -1.012836 -1.063333 -1.107796 -1.138839 -1.147800 -1.113918 -1.005649 -0.7459749 -0.1891927 0.9081913 2.319527 3.296572 3.775972 3.994444 4.083158 4.103561 4.087586 4.049591 4.001089 3.945168 3.887829 3.828435 3.771107 3.713634 3.659470 3.605591 3.555278 3.504984 3.458071 3.410554 3.366035 3.320087 3.276665 3.230829 3.187014 3.139633 3.093786 3.043066 2.993532 2.937760 2.883433 2.822139 2.765104 2.704808 2.664418 2.654431 2.768091 3.183357 4.199239 5.164170 5.383445 5.379507 5.384764 5.411029 5.435353 5.461596 5.479330 5.496861 5.507687 5.519756 5.527880
-0.9539397 -1.007142 -1.057169 -1.101138 -1.131666 -1.140091 -1.105658 -0.9968218 -0.7365746 -0.1792202 0.9185659 2.330123 3.307629 3.787610 4.006665 4.095951 4.116919 4.101490 4.064026 4.016036 3.960609 3.903740 3.844798 3.787897 3.730833 3.677055 3.623547 3.573585 3.523630 3.477039 3.429839 3.385624 3.339978 3.296851 3.251315 3.207793 3.160717 3.115173 3.064770 3.015553 2.960116 2.906122 2.845179 2.788489 2.728554 2.688511 2.678883 2.792871 3.208433 4.224264 5.189247 5.409009 5.405377 5.410870 5.437321 5.461818 5.488198 5.506054 5.523676 5.534577 5.546691 5.554845
