T3-twomodels/gz/model30.grd
DSAA
         100         100
  -15.00000       15.00000    
  -15.00000       15.00000    
  -1.949471       6.657344    
[rows 54 to 80 of 100, columns 0 to 61 of 100]
-1.080553 -1.135982 -1.187859 -1.234257 -1.266806 -1.277849 -1.245576 -1.139497 -0.8814635 -0.3268705 0.7690001 2.178365 3.154311 3.632324 3.850606 3.939143 3.961045 3.947054 3.913389 3.870375 3.823186 3.776595 3.732259 3.692965 3.658956 3.632144 3.612056 3.600121 3.595425 3.599122 3.610034 3.629205 3.655344 3.689564 3.730599 3.779779 3.836000 3.900989 3.973967 4.057311 4.150921 4.258373 4.381125 4.525350 4.696623 4.907781 5.176100 5.526989 5.959419 6.236156 6.001016 5.668213 5.526535 5.458695 5.422983 5.394976 5.377454 5.362895 5.355483 5.350530 5.351495 5.354850
-1.072367 -1.127081 -1.178208 -1.223819 -1.255550 -1.265746 -1.232606 -1.125637 -0.8667076 -0.3112163 0.7853755 2.195273 3.172002 3.650920 3.870105 3.959536 3.982310 3.969167 3.936321 3.894092 3.847649 3.801764 3.758090 3.719416 3.685983 3.659707 3.640119 3.628649 3.624395 3.628513 3.639836 3.659411 3.685959 3.720597 3.762070 3.811710 3.868423 3.933934 4.007471 4.091407 4.185643 4.293749 4.417181 4.562099 4.734075 4.945927 5.214925 5.566429 5.999295 6.276266 6.041725 5.709583 5.568349 5.500902 5.465510 5.437781 5.420476 5.406091 5.398797 5.393922 5.394914 5.398256
-1.062699 -1.116580 -1.166828 -1.211524 -1.242305 -1.251526 -1.217385 -1.109404 -0.8494425 -0.2929046 0.8049271 2.216262 3.194171 3.674134 3.894350 3.984796 4.008570 3.996402 3.964499 3.923173 3.877590 3.832515 3.789597 3.751626 3.718843 3.693166 3.674128 3.663169 3.659390 3.663958 3.675712 3.695715 3.722693 3.757776 3.799716 3.849858 3.907110 3.973208 4.047379 4.132001 4.226971 4.335857 4.460105 4.605869 4.778704 4.991424 5.261281 5.613660 6.047512 6.325588 6.091666 5.759962 5.619263 5.552279 5.517296 5.489897 5.472867 5.458684 5.451543 5.446757 5.447789 5.451113
-1.051554 -1.104484 -1.153738 -1.197398 -1.227115 -1.235245 -1.200001 -1.090904 -0.8298315 -0.2721905 0.8265499 2.238591 3.217473 3.698546 3.919878 4.011438 4.036311 4.025221 3.994367 3.954047 3.909422 3.865246 3.823166 3.785966 3.753888 3.728851 3.710395 3.699962 3.696665 3.701679 3.713858 3.734274 3.761670 3.797187 3.839592 3.890239 3.948052 4.014769 4.089631 4.175012 4.270814 4.380598 4.505805 4.652572 4.826445 5.040210 5.311102 5.664446 6.099061 6.377665 6.144634 5.813859 5.673830 5.607429 5.572926 5.545934 5.529221 5.515292 5.508324 5.503652 5.504728 5.508040
-1.038935 -1.090809 -1.138960 -1.181486 -1.210041 -1.217002 -1.180584 -1.070326 -0.8080992 -0.2493093 0.8507714 2.264360 3.244518 3.726737 3.949221 4.041940 4.067974 4.058036 4.028307 3.989077 3.945486 3.902282 3.861099 3.824720 3.793380 3.769002 3.751126 3.741206 3.738361 3.743783 3.756334 3.777107 3.804858 3.840750 3.883565 3.934675 3.993017 4.060347 4.135912 4.222098 4.318806 4.429595 4.555896 4.703837 4.878937 5.093966 5.366129 5.720764 6.156779 6.436887 6.204810 5.874760 5.735522 5.669797 5.635881 5.609361 5.593033 5.579392 5.572637 5.568092 5.569230 5.572526
-1.024839 -1.075559 -1.122521 -1.163831 -1.191167 -1.196918 -1.159323 -1.047923 -0.7846107 -0.2247874 0.8760855 2.290237 3.271258 3.754519 3.978094 4.071945 4.099145 4.090384 4.061827 4.023736 3.981234 3.939050 3.898806 3.863270 3.832676 3.808943 3.791616 3.782155 3.779691 3.785426 3.798247 3.819257 3.847242 3.883380 3.926481 3.977937 4.036712 4.104576 4.180799 4.267775 4.365418 4.477283 4.604802 4.754077 4.930613 5.147135 5.420814 5.776902 6.214144 6.495196 6.264423 5.935668 5.797399 5.732501 5.699261 5.673306 5.657417 5.644116 5.637599 5.633211 5.634414 5.637702
-1.009260 -1.058750 -1.104453 -1.144503 -1.170603 -1.175173 -1.136478 -1.024086 -0.7598833 -0.1992602 0.9025657 2.317880 3.299788 3.783854 4.008321 4.103165 4.131444 4.123822 4.096428 4.059494 4.018106 3.976967 3.937671 3.902978 3.873107 3.849974 3.833124 3.824024 3.821815 3.827718 3.840631 3.861690 3.889698 3.925868 3.969033 4.020622 4.079623 4.147842 4.224570 4.312232 4.410752 4.523705 4.652509 4.803265 4.981439 5.199728 5.475241 5.833218 6.272468 6.555618 6.326288 5.998662 5.861532 5.797593 5.765159 5.739843 5.724468 5.711550 5.705311 5.701095 5.702382 5.705661
-0.9921751 -1.040372 -1.084781 -1.123566 -1.148480 -1.151989 -1.112411 -0.9993470 -0.7347109 -0.1738707 0.9277947 2.342656 3.324496 3.808807 4.033735 4.129257 4.158403 4.151793 4.125496 4.089686 4.049402 4.009296 3.970941 3.937058 3.907855 3.885238 3.868751 3.859862 3.857724 3.863573 3.876331 3.897153 3.924877 3.960744 4.003629 4.054993 4.113870 4.182104 4.259032 4.347112 4.446311 4.560221 4.690282 4.842583 5.022572 5.242884 5.520563 5.880707 6.321895 6.606636 6.379232 6.053443 5.917695 5.854908 5.823392 5.798822 5.784018 5.771540 5.765607 5.761590 5.762966 5.766244
-0.9735454 -1.020415 -1.063523 -1.101096 -1.124953 -1.127653 -1.087599 -0.9744806 -0.7102342 -0.1501969 0.9506159 2.364791 3.345733 3.829294 4.053884 4.149502 4.179122 4.173274 4.147924 4.113156 4.073923 4.034817 3.997352 3.964221 3.935600 3.913380 3.897094 3.888217 3.885903 3.891406 3.903664 3.923865 3.950871 3.985965 4.028057 4.078661 4.136854 4.204543 4.281117 4.369103 4.468519 4.583020 4.714082 4.867824 5.049675 5.272237 5.552456 5.915350 6.359493 6.647281 6.422100 6.098058 5.963947 5.902481 5.872039 5.848298 5.834144 5.822143 5.816556 5.812753 5.814236 5.817510
-0.9532956 -0.9988236 -1.040667 -1.077138 -1.100177 -1.102486 -1.062652 -0.9505224 -0.6881659 -0.1308918 0.9662605 2.376288 3.353742 3.834681 4.057527 4.152253 4.181698 4.176203 4.151559 4.117684 4.079412 4.041234 4.004594 3.972126 3.943972 3.921993 3.905712 3.896592 3.893797 3.898583 3.909913 3.928991 3.954716 3.988399 4.029000 4.078073 4.134761 4.201030 4.276352 4.363331 4.462090 4.576371 4.707755 4.862427 5.045872 5.270665 5.553668 5.919673 6.366865 6.657338 6.435129 6.113782 5.981659 5.921764 5.892520 5.869717 5.856265 5.844794 5.839572 5.836008 5.837602 5.840881
-0.9313051 -0.9755051 -1.016157 -1.051707 -1.074277 -1.076836 -1.038293 -0.9288862 -0.6709929 -0.1200045 0.9697224 2.372153 3.342295 3.817265 4.035957 4.128201 4.156475 4.150738 4.126444 4.093259 4.055816 4.018474 3.982565 3.950655 3.922828 3.900913 3.884404 3.874753 3.871117 3.874758 3.884644 3.902002 3.925747 3.957224 3.995420 4.041941 4.095978 4.159565 4.232254 4.316759 4.413317 4.525834 4.656043 4.810320 4.994294 5.220656 5.506258 5.875782 6.327248 6.622356 6.403781 6.085264 5.955544 5.897452 5.869575 5.847781 5.835096 5.824179 5.819356 5.816038 5.817759 5.821037
-0.9073774 -0.9502805 -0.9898499 -1.024715 -1.047293 -1.050973 -1.015294 -0.9113168 -0.6623603 -0.1243860 0.9485518 2.332652 3.286652 3.749391 3.959859 4.047164 4.072849 4.066064 4.041672 4.008916 3.972150 3.935526 3.900246 3.868776 3.841131 3.819086 3.802104 3.791610 3.786748 3.788772 3.796653 3.811616 3.832588 3.860922 3.895627 3.938324 3.988239 4.047445 4.115562 4.195385 4.287286 4.395329 4.521492 4.672428 4.854125 5.079613 5.366039 5.738121 6.193447 6.492984 6.279484 5.965408 5.838760 5.782829 5.756450 5.735756 5.723865 5.713539 5.709122 5.706069 5.707913 5.711200
-0.8812293 -0.9228822 -0.9614941 -0.9959539 -1.019092 -1.024984 -0.9942654 -0.8997556 -0.6672481 -0.1552671 0.8824500 2.228006 3.148306 3.587053 3.782618 3.861433 3.882668 3.873862 3.848848 3.816238 3.779976 3.743958 3.709203 3.678058 3.650449 3.628092 3.610397 3.598759 3.592292 3.592235 3.597539 3.609421 3.626791 3.650992 3.681011 3.718458 3.762534 3.815306 3.876376 3.948558 4.032253 4.131625 4.248806 4.390749 4.563875 4.781887 5.062787 5.432353 5.889235 6.194569 5.988271 5.680431 5.558179 5.504909 5.480230 5.460675 5.449617 5.439885 5.435894 5.433104 5.435082 5.438368
-0.8524848 -0.8929285 -0.9307120 -0.9650310 -0.9893069 -0.9985681 -0.9752903 -0.8955723 -0.6913778 -0.2305342 0.7268156 1.978770 2.824253 3.217189 3.387739 3.453489 3.468141 3.456281 3.430130 3.397393 3.361483 3.325963 3.291646 3.260727 3.233036 3.210205 3.191596 3.178551 3.170153 3.167603 3.169830 3.178008 3.191021 3.210157 3.234355 3.265148 3.301655 3.345827 3.397147 3.458267 3.529418 3.614565 3.715653 3.839465 3.992377 4.188297 4.446019 4.793414 5.233933 5.536725 5.343396 5.050235 4.936059 4.886577 4.863815 4.845477 4.835240 4.826124 4.822548 4.820037 4.822138 4.825432
-0.8208846 -0.8601063 -0.8972084 -0.9315377 -0.9574862 -0.9710259 -0.9575976 -0.8981431 -0.7375606 -0.3695770 0.4070404 1.429571 2.113282 2.426215 2.559366 2.607404 2.613524 2.597737 2.570046 2.536960 2.501308 2.466197 2.432277 2.401497 2.373663 2.350230 2.330586 2.315928 2.305387 2.300028 2.298829 2.302825 2.310936 2.324278 2.341796 2.364801 2.392355 2.426100 2.465353 2.512303 2.566820 2.632121 2.709388 2.804101 2.921020 3.071622 3.271500 3.545793 3.903463 4.157000 3.992901 3.744380 3.647897 3.604484 3.583781 3.566864 3.557325 3.548930 3.545675 3.543526 3.545676 3.549042
-0.7871626 -0.8250436 -0.8616565 -0.8959099 -0.9239866 -0.9420401 -0.9401141 -0.9038481 -0.7984079 -0.5605308 -9.0240322E-02 0.5115768 0.9309659 1.134734 1.221846 1.249406 1.245966 1.225737 1.196392 1.162766 1.127430 1.092591 1.059160 1.028384 1.000492 0.9762967 0.9556793 0.9392062 0.9265441 0.9181138 0.9134519 0.9129173 0.9159935 0.9230593 0.9336129 0.9481255 0.9661731 0.9883938 1.014514 1.045444 1.081204 1.123194 1.172082 1.230307 1.300182 1.386729 1.496672 1.639033 1.809968 1.909706 1.800228 1.652810 1.585413 1.551230 1.531911 1.517181 1.507738 1.500571 1.497198 1.495794 1.497645 1.501396
-0.7536813 -0.7902478 -0.8262864 -0.8604870 -0.8905300 -0.9130465 -0.9221258 -0.9082872 -0.8546494 -0.7357450 -0.5311451 -0.2866984 -9.8867163E-02 4.3653888E-03 4.7885161E-02 5.5733513E-02 4.3021049E-02 1.8515484E-02 -1.2443634E-02 -4.6526924E-02 -8.1554011E-02 -0.1160491 -0.1490085 -0.1797112 -0.2076777 -0.2325595 -0.2541626 -0.2723633 -0.2871511 -0.2985501 -0.3066651 -0.3116062 -0.3135327 -0.3125841 -0.3089258 -0.3026878 -0.2940100 -0.2829928 -0.2697362 -0.2543047 -0.2367525 -0.2171102 -0.1953831 -0.1715793 -0.1456643 -0.1177316 -8.8123702E-02 -5.9167668E-02 -4.0228106E-02 -5.7298690E-02 -0.1206906 -0.1865720 -0.2284783 -0.2544816 -0.2721311 -0.2849614 -0.2940795 -0.3002112 -0.3035363 -0.3043438 -0.3026625 -0.2986510
-0.7222590 -0.7575757 -0.7928123 -0.8269409 -0.8583862 -0.8848344 -0.9027755 -0.9071087 -0.8907374 -0.8462467 -0.7726532 -0.6874000 -0.6191387 -0.5810391 -0.5698855 -0.5779305 -0.5984049 -0.6264572 -0.6587659 -0.6930511 -0.7277427 -0.7617289 -0.7942345 -0.8246996 -0.8527482 -0.8781210 -0.9006794 -0.9203572 -0.9371792 -0.9512153 -0.9626024 -0.9714984 -0.9781082 -0.9826390 -0.9853330 -0.9864252 -0.9861869 -0.9848869 -0.9828432 -0.9803914 -0.9779477 -0.9759825 -0.9751005 -0.9760192 -0.9796576 -0.9871052 -0.9996906 -1.018940 -1.046507 -1.083343 -1.126261 -1.164922 -1.193874 -1.214950 -1.230497 -1.242062 -1.250367 -1.255874 -1.258796 -1.259323 -1.257534 -1.253521
-0.6930628 -0.7270747 -0.7613534 -0.7951548 -0.8274290 -0.8566976 -0.8809826 -0.8977575 -0.9043224 -0.8989397 -0.8835142 -0.8648069 -0.8511739 -0.8485623 -0.8578668 -0.8769639 -0.9030597 -0.9336664 -0.9668153 -1.001032 -1.035218 -1.068577 -1.100520 -1.130636 -1.158633 -1.184336 -1.207646 -1.228554 -1.247101 -1.263399 -1.277596 -1.289888 -1.300492 -1.309665 -1.317671 -1.324813 -1.331400 -1.337789 -1.344353 -1.351528 -1.359783 -1.369666 -1.381762 -1.396721 -1.415166 -1.437645 -1.464415 -1.495277 -1.529369 -1.564694 -1.597434 -1.625461 -1.648252 -1.666051 -1.679787 -1.690145 -1.697631 -1.702522 -1.705039 -1.705295 -1.703398 -1.699391
-0.6657346 -0.6983696 -0.7315255 -0.7646952 -0.7971811 -0.8280883 -0.8563085 -0.8806451 -0.9000561 -0.9142479 -0.9241483 -0.9325274 -0.9433568 -0.9589619 -0.9799826 -1.005878 -1.035500 -1.067591 -1.101019 -1.134844 -1.168332 -1.200912 -1.232166 -1.261788 -1.289573 -1.315396 -1.339212 -1.361030 -1.380924 -1.399009 -1.415453 -1.430448 -1.444226 -1.457035 -1.469153 -1.480870 -1.492504 -1.504385 -1.516875 -1.530343 -1.545187 -1.561796 -1.580556 -1.601778 -1.625665 -1.652184 -1.680978 -1.711217 -1.741539 -1.770416 -1.797115 -1.820305 -1.839370 -1.854749 -1.866844 -1.876079 -1.882732 -1.887039 -1.889137 -1.889148 -1.887133 -1.883153
-0.6399183 -0.6711015 -0.7029855 -0.7352209 -0.7673618 -0.7988559 -0.8290933 -0.8574704 -0.8835834 -0.9074318 -0.9298031 -0.9519020 -0.9746972 -0.9994016 -1.026597 -1.056158 -1.087578 -1.120203 -1.153370 -1.186493 -1.219075 -1.250728 -1.281150 -1.310128 -1.337516 -1.363241 -1.387280 -1.409670 -1.430489 -1.449863 -1.467946 -1.484929 -1.501022 -1.516462 -1.531494 -1.546384 -1.561400 -1.576823 -1.592931 -1.610004 -1.628296 -1.648040 -1.669395 -1.692441 -1.717100 -1.743122 -1.770015 -1.797093 -1.823572 -1.848540 -1.870666 -1.889787 -1.906041 -1.919376 -1.930018 -1.938168 -1.944037 -1.947762 -1.949470 -1.949234 -1.947122 -1.943165
-0.6153647 -0.6450417 -0.6755236 -0.7065778 -0.7379092 -0.7691814 -0.8000319 -0.8301455 -0.8593133 -0.8875462 -0.9149840 -0.9421368 -0.9699605 -0.9988251 -1.028845 -1.059955 -1.091894 -1.124291 -1.156750 -1.188889 -1.220385 -1.250964 -1.280420 -1.308601 -1.335415 -1.360815 -1.384805 -1.407426 -1.428764 -1.448932 -1.468078 -1.486367 -1.503989 -1.521142 -1.538041 -1.554895 -1.571925 -1.589337 -1.607333 -1.626087 -1.645748 -1.666409 -1.688106 -1.710771 -1.734241 -1.758204 -1.782229 -1.805741 -1.828060 -1.848619 -1.867441 -1.884015 -1.898022 -1.909633 -1.918944 -1.926103 -1.931218 -1.934404 -1.935733 -1.935275 -1.933069 -1.929150
-0.5918987 -0.6200324 -0.6490222 -0.6787055 -0.7088901 -0.7393537 -0.7698768 -0.8002591 -0.8303834 -0.8602304 -0.8900259 -0.9199741 -0.9500006 -0.9803690 -1.011230 -1.042529 -1.074100 -1.105713 -1.137112 -1.168051 -1.198303 -1.227686 -1.256054 -1.283305 -1.309376 -1.334247 -1.357930 -1.380475 -1.401956 -1.422480 -1.442172 -1.461177 -1.479649 -1.497756 -1.515662 -1.533538 -1.551540 -1.569819 -1.588502 -1.607692 -1.627453 -1.647805 -1.668706 -1.690049 -1.711640 -1.733218 -1.754442 -1.774953 -1.794430 -1.812524 -1.828563 -1.842582 -1.854694 -1.864789 -1.872930 -1.879170 -1.883599 -1.886274 -1.887259 -1.886593 -1.884313 -1.880434
-0.5694122 -0.5959926 -0.6234345 -0.6516265 -0.6804327 -0.7097057 -0.7392910 -0.7690572 -0.7988984 -0.8287646 -0.8585597 -0.8883311 -0.9184051 -0.9487499 -0.9792810 -1.009921 -1.040546 -1.070993 -1.101090 -1.130663 -1.159560 -1.187649 -1.214831 -1.241035 -1.266224 -1.290386 -1.313545 -1.335743 -1.357051 -1.377557 -1.397368 -1.416601 -1.435382 -1.453841 -1.472107 -1.490301 -1.508540 -1.526919 -1.545519 -1.564385 -1.583539 -1.602954 -1.622564 -1.642249 -1.661840 -1.681115 -1.699821 -1.717663 -1.734309 -1.749521 -1.763450 -1.775794 -1.786329 -1.795137 -1.802228 -1.807655 -1.811451 -1.813667 -1.814333 -1.813486 -1.811141 -1.807318
-0.5478312 -0.5728681 -0.5987452 -0.6253791 -0.6526744 -0.6805205 -0.7088084 -0.7374294 -0.7663012 -0.7953602 -0.8246582 -0.8541769 -0.8836719 -0.9131786 -0.9427084 -0.9721860 -1.001506 -1.030548 -1.059184 -1.087289 -1.114753 -1.141482 -1.167405 -1.192476 -1.216667 -1.239979 -1.262433 -1.284069 -1.304945 -1.325136 -1.344727 -1.363811 -1.382487 -1.400854 -1.419005 -1.437032 -1.455009 -1.472999 -1.491043 -1.509161 -1.527340 -1.545543 -1.563691 -1.581680 -1.599362 -1.616573 -1.633124 -1.648839 -1.663587 -1.677207 -1.689275 -1.699857 -1.709038 -1.716716 -1.722899 -1.727593 -1.730829 -1.732627 -1.733015 -1.732006 -1.729618 -1.725854
-0.5271127 -0.5506385 -0.5749617 -0.6000211 -0.6257417 -0.6520417 -0.6788307 -0.7060244 -0.7335368 -0.7612946 -0.7891558 -0.8170649 -0.8451724 -0.8733658 -0.9015210 -0.9295527 -0.9573690 -0.9848705 -1.011959 -1.038540 -1.064532 -1.089863 -1.114483 -1.138357 -1.161470 -1.183823 -1.205437 -1.226344 -1.246592 -1.266241 -1.285358 -1.304013 -1.322285 -1.340242 -1.357957 -1.375488 -1.392888 -1.410190 -1.427416 -1.444563 -1.461610 -1.478510 -1.495194 -1.511566 -1.527513 -1.542900 -1.557588 -1.571417 -1.584204 -1.595828 -1.606454 -1.615874 -1.623919 -1.630637 -1.636017 -1.640073 -1.642808 -1.644240 -1.644378 -1.643237 -1.640818 -1.637128
-0.5072253 -0.5292857 -0.5520920 -0.5755937 -0.5997334 -0.6244419 -0.6496487 -0.6752748 -0.7012507 -0.7275044 -0.7540385 -0.7807888 -0.8075091 -0.8341802 -0.8607779 -0.8872263 -0.9134436 -0.9393478 -0.9648575 -0.9898996 -1.014408 -1.038331 -1.061627 -1.084271 -1.106252 -1.127573 -1.148249 -1.168308 -1.187787 -1.206731 -1.225192 -1.243224 -1.260883 -1.278221 -1.295285 -1.312118 -1.328749 -1.345199 -1.361472 -1.377558 -1.393427 -1.409038 -1.424325 -1.439213 -1.453607 -1.467410 -1.480516 -1.492834 -1.504309 -1.514855 -1.524169 -1.532320 -1.539378 -1.545255 -1.549945 -1.553434 -1.555734 -1.556841 -1.556768 -1.555514 -1.553083 -1.549474
