T1-compare/GL1.grd
DSAA
          90          90
  -15.00000       15.00000    
  -15.00000       15.00000    
  5.0561097E-03  0.9028906    
[rows 24 to 47 of 90, columns 0 to 52 of 90]
1.0799823E-02 1.1407155E-02 1.2061605E-02 1.2767545E-02 1.3529809E-02 1.4353758E-02 1.5245317E-02 1.6211033E-02 1.7258180E-02 1.8394791E-02 1.9629767E-02 2.0972919E-02 2.2435129E-02 2.4028352E-02 2.5765736E-02 2.7661679E-02 2.9731892E-02 3.1993337E-02 3.4464221E-02 3.7163820E-02 4.0112164E-02 4.3329582E-02 4.6835914E-02 5.0649416E-02 5.4785248E-02 5.9253268E-02 6.4055495E-02 6.9182724E-02 7.4611172E-02 8.0298990E-02 8.6184226E-02 9.2184685E-02 9.8201953E-02 0.1041248 0.1098390 0.1152397 0.1202352 0.1247514 0.1287327 0.1321400 0.1349479 0.1371412 0.1387116 0.1396549 0.1399695 0.1396549 0.1387116 0.1371412 0.1349479 0.1321400 0.1287327 0.1247514 0.1202352
1.1060727E-02 1.1694669E-02 1.2378926E-02 1.3118344E-02 1.3918253E-02 1.4784640E-02 1.5724089E-02 1.6743986E-02 1.7852521E-02 1.9058870E-02 2.0373188E-02 2.1806821E-02 2.3372393E-02 2.5083978E-02 2.6957162E-02 2.9009247E-02 3.1259313E-02 3.3728350E-02 3.6439240E-02 3.9416764E-02 4.2687293E-02 4.6278551E-02 5.0218664E-02 5.4535203E-02 5.9253275E-02 6.4393058E-02 6.9966070E-02 7.5970784E-02 8.2386769E-02 8.9169160E-02 9.6243367E-02 0.1035036 0.1108151 0.1180277 0.1249890 0.1315551 0.1376063 0.1430516 0.1478280 0.1518958 0.1552334 0.1578307 0.1596850 0.1607966 0.1611670 0.1607966 0.1596849 0.1578307 0.1552334 0.1518958 0.1478280 0.1430516 0.1376063
1.1318406E-02 1.1979032E-02 1.2693278E-02 1.3466426E-02 1.4304378E-02 1.5213721E-02 1.6201802E-02 1.7276853E-02 1.8448098E-02 1.9725861E-02 2.1121731E-02 2.2648668E-02 2.4321288E-02 2.6155947E-02 2.8170979E-02 3.0386936E-02 3.2826807E-02 3.5516191E-02 3.8483508E-02 4.1760061E-02 4.5380052E-02 4.9380351E-02 5.3799871E-02 5.8678541E-02 6.4055495E-02 6.9966070E-02 7.6437406E-02 8.3482079E-02 9.1089755E-02 9.9216841E-02 0.1077767 0.1166335 0.1256061 0.1344796 0.1430328 0.1510705 0.1584368 0.1650228 0.1707612 0.1756178 0.1795806 0.1826504 0.1848345 0.1861408 0.1865755 0.1861408 0.1848344 0.1826504 0.1795806 0.1756178 0.1707612 0.1650228 0.1584369
1.1571699E-02 1.2258973E-02 1.3003202E-02 1.3810163E-02 1.4686313E-02 1.5638931E-02 1.6676081E-02 1.7806955E-02 1.9041819E-02 2.0392291E-02 2.1871433E-02 2.3493994E-02 2.5276674E-02 2.7238404E-02 2.9400505E-02 3.1787183E-02 3.4425773E-02 3.7347175E-02 4.0586125E-02 4.4181682E-02 4.8177291E-02 5.2621141E-02 5.7565577E-02 6.3066751E-02 6.9182716E-02 7.5970769E-02 8.3482079E-02 9.1754101E-02 0.1007981 0.1105828 0.1210141 0.1319186 0.1430390 0.1540633 0.1646719 0.1745839 0.1835949 0.1915793 0.1984758 0.2042668 0.2089604 0.2125768 0.2151394 0.2166680 0.2171760 0.2166680 0.2151394 0.2125768 0.2089604 0.2042668 0.1984759 0.1915793 0.1835949
1.1819478E-02 1.2533182E-02 1.3307221E-02 1.4147854E-02 1.5062163E-02 1.6058035E-02 1.7144427E-02 1.8331412E-02 1.9630445E-02 2.1054398E-02 2.2617951E-02 2.4337761E-02 2.6232807E-02 2.8324693E-02 3.0638075E-02 3.3201084E-02 3.6045957E-02 3.9209377E-02 4.2733386E-02 4.6665799E-02 5.1061019E-02 5.5980537E-02 6.1493356E-02 6.7675836E-02 7.4611187E-02 8.2386762E-02 9.1089763E-02 0.1007981 0.1115651 0.1233942 0.1362021 0.1497770 0.1637567 0.1776559 0.1909696 0.2032921 0.2143623 0.2240533 0.2323310 0.2392154 0.2447514 0.2489910 0.2519815 0.2537601 0.2543504 0.2537601 0.2519815 0.2489910 0.2447515 0.2392154 0.2323310 0.2240533 0.2143624
1.2060462E-02 1.2800259E-02 1.3603741E-02 1.4477711E-02 1.5429830E-02 1.6468722E-02 1.7604131E-02 1.8847158E-02 2.0210346E-02 2.1708047E-02 2.3356553E-02 2.5174506E-02 2.7183276E-02 2.9407406E-02 3.1874973E-02 3.4618486E-02 3.7675332E-02 4.1088745E-02 4.4908639E-02 4.9192835E-02 5.4007992E-02 5.9431266E-02 6.5551102E-02 7.2468840E-02 8.0298997E-02 8.9169145E-02 9.9216849E-02 0.1105828 0.1233942 0.1377327 0.1535728 0.1706870 0.1885488 0.2063654 0.2233037 0.2387480 0.2523875 0.2641375 0.2740373 0.2821791 0.2886690 0.2936055 0.2970710 0.2991256 0.2998064 0.2991256 0.2970710 0.2936055 0.2886690 0.2821791 0.2740373 0.2641375 0.2523876
1.2293495E-02 1.3058795E-02 1.3891184E-02 1.4797916E-02 1.5787272E-02 1.6868586E-02 1.8052468E-02 1.9350970E-02 2.0777889E-02 2.2348959E-02 2.4082247E-02 2.5998365E-02 2.8121252E-02 3.0478401E-02 3.3101697E-02 3.6028039E-02 3.9300501E-02 4.2969164E-02 4.7092631E-02 5.1739428E-02 5.6990068E-02 6.2938958E-02 6.9697097E-02 7.7394612E-02 8.6184211E-02 9.6243374E-02 0.1077767 0.1210141 0.1362021 0.1535728 0.1732660 0.1951447 0.2184948 0.2418933 0.2637955 0.2832816 0.3000798 0.3142620 0.3260218 0.3355754 0.3431194 0.3488185 0.3527993 0.3551523 0.3559307 0.3551523 0.3527993 0.3488184 0.3431194 0.3355754 0.3260219 0.3142620 0.3000799
1.2517322E-02 1.3307363E-02 1.4167950E-02 1.5106538E-02 1.6132364E-02 1.7255092E-02 1.8486567E-02 1.9839473E-02 2.1329243E-02 2.2972578E-02 2.4789780E-02 2.6803073E-02 2.9039465E-02 3.1529028E-02 3.4307994E-02 3.7417416E-02 4.0906798E-02 4.4832721E-02 4.9263749E-02 5.4279048E-02 5.9974670E-02 6.6462912E-02 7.3880471E-02 8.2388610E-02 9.2184693E-02 0.1035036 0.1166335 0.1319186 0.1497770 0.1706870 0.1951447 0.2233990 0.2546758 0.2862352 0.3149448 0.3395388 0.3600869 0.3770396 0.3908598 0.4019494 0.4106251 0.4171363 0.4216622 0.4243304 0.4252108 0.4243304 0.4216622 0.4171363 0.4106251 0.4019494 0.3908599 0.3770396 0.3600870
1.2730875E-02 1.3544383E-02 1.4432579E-02 1.5401552E-02 1.6463133E-02 1.7625542E-02 1.8903766E-02 2.0309074E-02 2.1860657E-02 2.3574017E-02 2.5473963E-02 2.7581912E-02 2.9930618E-02 3.2549858E-02 3.5483401E-02 3.8773164E-02 4.2478856E-02 4.6659842E-02 5.1399034E-02 5.6782052E-02 6.2926151E-02 6.9956698E-02 7.8043647E-02 8.7374248E-02 9.8201953E-02 0.1108151 0.1256060 0.1430390 0.1637567 0.1885488 0.2184947 0.2546758 0.2968727 0.3398783 0.3772990 0.4078857 0.4325985 0.4525443 0.4685417 0.4812431 0.4910897 0.4984437 0.5035265 0.5065219 0.5075035 0.5065219 0.5035265 0.4984437 0.4910896 0.4812432 0.4685418 0.4525444 0.4325986
1.2932802E-02 1.3768583E-02 1.4683338E-02 1.5681239E-02 1.6777208E-02 1.7977610E-02 1.9300923E-02 2.0756561E-02 2.2367952E-02 2.4148757E-02 2.6129078E-02 2.8328601E-02 3.0786635E-02 3.3531908E-02 3.6616523E-02 4.0082265E-02 4.4000033E-02 4.8430983E-02 5.3473551E-02 5.9218455E-02 6.5805674E-02 7.3372215E-02 8.2123093E-02 9.2269950E-02 0.1041248 0.1180277 0.1344796 0.1540633 0.1776559 0.2063654 0.2418933 0.2862353 0.3398782 0.3949192 0.4413531 0.4780530 0.5069774 0.5299388 0.5481209 0.5624387 0.5734555 0.5816528 0.5872908 0.5906141 0.5916954 0.5906141 0.5872908 0.5816528 0.5734555 0.5624387 0.5481209 0.5299389 0.5069776
1.3121637E-02 1.3978868E-02 1.4918286E-02 1.5944079E-02 1.7072178E-02 1.8309152E-02 1.9674834E-02 2.1178940E-02 2.2846766E-02 2.4692655E-02 2.6749119E-02 2.9037096E-02 3.1599253E-02 3.4466431E-02 3.7695497E-02 4.1331798E-02 4.5453191E-02 5.0126772E-02 5.5461511E-02 6.1558168E-02 6.8573251E-02 7.6660939E-02 8.6053476E-02 9.6993074E-02 0.1098390 0.1249890 0.1430328 0.1646719 0.1909696 0.2233037 0.2637955 0.3149448 0.3772990 0.4413531 0.4951188 0.5371766 0.5699636 0.5957475 0.6160109 0.6318730 0.6440216 0.6530299 0.6592097 0.6628466 0.6640287 0.6628466 0.6592095 0.6530298 0.6440216 0.6318730 0.6160110 0.5957475 0.5699638
1.3296401E-02 1.4173722E-02 1.5136095E-02 1.6188046E-02 1.7346192E-02 1.8617526E-02 2.0022834E-02 2.1572687E-02 2.3293454E-02 2.5200818E-02 2.7328938E-02 2.9700670E-02 3.2361105E-02 3.5343908E-02 3.8709659E-02 4.2508055E-02 4.6822492E-02 5.1726881E-02 5.7338983E-02 6.3770339E-02 7.1191445E-02 7.9774164E-02 8.9773908E-02 0.1014627 0.1152396 0.1315551 0.1510705 0.1745839 0.2032921 0.2387480 0.2832816 0.3395388 0.4078857 0.4780530 0.5371766 0.5835069 0.6195723 0.6478454 0.6699921 0.6872721 0.7004727 0.7102381 0.7169278 0.7208593 0.7221375 0.7208593 0.7169278 0.7102382 0.7004727 0.6872723 0.6699923 0.6478455 0.6195725
1.3455986E-02 1.4351855E-02 1.5335386E-02 1.6411440E-02 1.7597293E-02 1.8900409E-02 2.0342389E-02 2.1934515E-02 2.3704374E-02 2.5668778E-02 2.7863493E-02 3.0313037E-02 3.3064887E-02 3.6155421E-02 3.9648544E-02 4.3598022E-02 4.8092514E-02 5.3212259E-02 5.9082955E-02 6.5826140E-02 7.3624901E-02 8.2667142E-02 9.3228467E-02 0.1056070 0.1202351 0.1376063 0.1584368 0.1835949 0.2143623 0.2523875 0.3000799 0.3600870 0.4325984 0.5069774 0.5699636 0.6195723 0.6582944 0.6886675 0.7124494 0.7309844 0.7451293 0.7555804 0.7627351 0.7669358 0.7683023 0.7669358 0.7627350 0.7555804 0.7451293 0.7309844 0.7124494 0.6886676 0.6582946
1.3599453E-02 1.4512121E-02 1.5514749E-02 1.6612682E-02 1.7823614E-02 1.9155623E-02 2.0630870E-02 2.2261519E-02 2.4076022E-02 2.6092445E-02 2.8347790E-02 3.0868387E-02 3.3703722E-02 3.6892645E-02 4.0502127E-02 4.4589765E-02 4.9248848E-02 5.4565299E-02 6.0672011E-02 6.7699395E-02 7.5841643E-02 8.5300356E-02 9.6368589E-02 0.1093658 0.1247514 0.1430516 0.1650228 0.1915793 0.2240533 0.2641375 0.3142620 0.3770396 0.4525444 0.5299389 0.5957475 0.6478454 0.6886674 0.7207586 0.7459144 0.7655258 0.7804921 0.7915462 0.7991124 0.8035529 0.8049980 0.8035529 0.7991124 0.7915462 0.7804921 0.7655257 0.7459145 0.7207587 0.6886677
1.3725828E-02 1.4653305E-02 1.5672911E-02 1.6790288E-02 1.8023495E-02 1.9381138E-02 2.0885969E-02 2.2550885E-02 2.4405204E-02 2.6467873E-02 2.8777320E-02 3.1361323E-02 3.4271132E-02 3.7547890E-02 4.1261327E-02 4.5472287E-02 5.0278232E-02 5.5770129E-02 6.2087052E-02 6.9367066E-02 7.7813804E-02 8.7640457E-02 9.9154092E-02 0.1126916 0.1287327 0.1478280 0.1707612 0.1984758 0.2323310 0.2740373 0.3260218 0.3908598 0.4685417 0.5481208 0.6160108 0.6699921 0.7124494 0.7459144 0.7721944 0.7927024 0.8083631 0.8199319 0.8278524 0.8324998 0.8340129 0.8324997 0.8278523 0.8199319 0.8083631 0.7927024 0.7721945 0.7459145 0.7124496
1.3834220E-02 1.4774529E-02 1.5808750E-02 1.6942900E-02 1.8195322E-02 1.9575179E-02 2.1105573E-02 2.2800162E-02 2.4688901E-02 2.6791722E-02 2.9148040E-02 3.1787001E-02 3.4761403E-02 3.8114388E-02 4.1917939E-02 4.6235882E-02 5.1169097E-02 5.6812871E-02 6.3311525E-02 7.0809536E-02 7.9518139E-02 8.9660019E-02 0.1015534 0.1155483 0.1321400 0.1518958 0.1756178 0.2042668 0.2392154 0.2821791 0.3355753 0.4019494 0.4812431 0.5624387 0.6318729 0.6872721 0.7309844 0.7655257 0.7927024 0.8139368 0.8301668 0.8421620 0.8503776 0.8551983 0.8567686 0.8551984 0.8503776 0.8421620 0.8301669 0.8139368 0.7927024 0.7655257 0.7309846
1.3923924E-02 1.4874879E-02 1.5921306E-02 1.7069343E-02 1.8337818E-02 1.9736096E-02 2.1287881E-02 2.3007162E-02 2.4924608E-02 2.7060911E-02 2.9456371E-02 3.2141186E-02 3.5169575E-02 3.8586158E-02 4.2464968E-02 4.6872150E-02 5.1911511E-02 5.7681810E-02 6.4331673E-02 7.2010487E-02 8.0935903E-02 9.1337733E-02 0.1035427 0.1179108 0.1349479 0.1552334 0.1795805 0.2089603 0.2447514 0.2886690 0.3431194 0.4106251 0.4910896 0.5734554 0.6440216 0.7004727 0.7451292 0.7804921 0.8083631 0.8301669 0.8468480 0.8591835 0.8676362 0.8725966 0.8742131 0.8725966 0.8676362 0.8591834 0.8468481 0.8301669 0.8083632 0.7804921 0.7451295
1.3994381E-02 1.4953721E-02 1.6009687E-02 1.7168760E-02 1.8449839E-02 1.9862697E-02 2.1431262E-02 2.3170084E-02 2.5110226E-02 2.7272943E-02 2.9699327E-02 3.2420401E-02 3.5491440E-02 3.8958296E-02 4.2896576E-02 4.7374245E-02 5.2497353E-02 5.8367427E-02 6.5136246E-02 7.2957247E-02 8.2052536E-02 9.2657387E-02 0.1051048 0.1197616 0.1371412 0.1578307 0.1826504 0.2125768 0.2489910 0.2936056 0.3488185 0.4171363 0.4984437 0.5816528 0.6530299 0.7102382 0.7555804 0.7915462 0.8199319 0.8421620 0.8591834 0.8717775 0.8804112 0.8854786 0.8871303 0.8854786 0.8804111 0.8717775 0.8591835 0.8421621 0.8199321 0.7915462 0.7555807
1.4045067E-02 1.5010416E-02 1.6073354E-02 1.7240316E-02 1.8530535E-02 1.9953880E-02 2.1534618E-02 2.3287490E-02 2.5244044E-02 2.7425876E-02 2.9874614E-02 3.2621883E-02 3.5723705E-02 3.9226912E-02 4.3208141E-02 4.7736712E-02 5.2920312E-02 5.8862314E-02 6.5716892E-02 7.3640093E-02 8.2857370E-02 9.3607530E-02 0.1062279 0.1210898 0.1387116 0.1596849 0.1848345 0.2151394 0.2519815 0.2970710 0.3527993 0.4216622 0.5035265 0.5872909 0.6592096 0.7169278 0.7627351 0.7991125 0.8278524 0.8503777 0.8676362 0.8804111 0.8891719 0.8943148 0.8959917 0.8943148 0.8891719 0.8804111 0.8676364 0.8503777 0.8278525 0.7991126 0.7627354
1.4075588E-02 1.5044607E-02 1.6111670E-02 1.7283462E-02 1.8579165E-02 2.0008909E-02 2.1596979E-02 2.3358393E-02 2.5324805E-02 2.7518209E-02 2.9980421E-02 3.2743581E-02 3.5864037E-02 3.9389230E-02 4.3396425E-02 4.7955759E-02 5.3175878E-02 5.9161305E-02 6.6067584E-02 7.4052431E-02 8.3343044E-02 9.4180547E-02 0.1069045 0.1218889 0.1396549 0.1607966 0.1861408 0.2166680 0.2537602 0.2991256 0.3551523 0.4243303 0.5065220 0.5906141 0.6628466 0.7208593 0.7669358 0.8035529 0.8324997 0.8551984 0.8725966 0.8854786 0.8943147 0.8995023 0.9011940 0.8995023 0.8943148 0.8854785 0.8725967 0.8551984 0.8325000 0.8035530 0.7669361
1.4085835E-02 1.5056051E-02 1.6124522E-02 1.7297884E-02 1.8595470E-02 2.0027282E-02 2.1617847E-02 2.3382084E-02 2.5351858E-02 2.7549103E-02 3.0015856E-02 3.2784287E-02 3.5910998E-02 3.9443508E-02 4.3459404E-02 4.8029039E-02 5.3261392E-02 5.9261341E-02 6.6184893E-02 7.4190311E-02 8.3505392E-02 9.4372004E-02 0.1071305 0.1221557 0.1399695 0.1611670 0.1865755 0.2171760 0.2543503 0.2998065 0.3559307 0.4252108 0.5075035 0.5916954 0.6640287 0.7221376 0.7683023 0.8049980 0.8340130 0.8567687 0.8742131 0.8871306 0.8959916 0.9011940 0.9028906 0.9011941 0.8959917 0.8871303 0.8742132 0.8567686 0.8340132 0.8049982 0.7683026
1.4075588E-02 1.5044623E-02 1.6111679E-02 1.7283455E-02 1.8579191E-02 2.0008927E-02 2.1596996E-02 2.3358393E-02 2.5324808E-02 2.7518231E-02 2.9980449E-02 3.2743603E-02 3.5864040E-02 3.9389238E-02 4.3396425E-02 4.7955777E-02 5.3175911E-02 5.9161328E-02 6.6067606E-02 7.4052431E-02 8.3343044E-02 9.4180539E-02 0.1069045 0.1218889 0.1396549 0.1607966 0.1861408 0.2166680 0.2537601 0.2991256 0.3551523 0.4243304 0.5065219 0.5906141 0.6628466 0.7208592 0.7669358 0.8035529 0.8324997 0.8551983 0.8725966 0.8854786 0.8943148 0.8995023 0.9011940 0.8995023 0.8943148 0.8854785 0.8725967 0.8551985 0.8325000 0.8035530 0.7669362
1.4045063E-02 1.5010431E-02 1.6073342E-02 1.7240312E-02 1.8530535E-02 1.9953893E-02 2.1534625E-02 2.3287486E-02 2.5244050E-02 2.7425895E-02 2.9874619E-02 3.2621890E-02 3.5723720E-02 3.9226927E-02 4.3208148E-02 4.7736716E-02 5.2920304E-02 5.8862310E-02 6.5716885E-02 7.3640101E-02 8.2857341E-02 9.3607560E-02 0.1062279 0.1210898 0.1387116 0.1596849 0.1848345 0.2151394 0.2519815 0.2970710 0.3527993 0.4216622 0.5035264 0.5872908 0.6592096 0.7169278 0.7627351 0.7991125 0.8278523 0.8503776 0.8676362 0.8804111 0.8891719 0.8943146 0.8959916 0.8943147 0.8891719 0.8804111 0.8676362 0.8503777 0.8278525 0.7991126 0.7627353
1.3994391E-02 1.4953728E-02 1.6009677E-02 1.7168764E-02 1.8449852E-02 1.9862700E-02 2.1431280E-02 2.3170102E-02 2.5110232E-02 2.7272955E-02 2.9699331E-02 3.2420438E-02 3.5491448E-02 3.8958289E-02 4.2896576E-02 4.7374252E-02 5.2497342E-02 5.8367439E-02 6.5136246E-02 7.2957247E-02 8.2052529E-02 9.2657402E-02 0.1051048 0.1197616 0.1371412 0.1578307 0.1826504 0.2125768 0.2489910 0.2936055 0.3488185 0.4171363 0.4984437 0.5816528 0.6530298 0.7102381 0.7555804 0.7915462 0.8199319 0.8421620 0.8591834 0.8717775 0.8804112 0.8854786 0.8871303 0.8854786 0.8804111 0.8717775 0.8591834 0.8421621 0.8199321 0.7915462 0.7555807
