T1-compare/GL1.grd
DSAA
          90          90
  -15.00000       15.00000    
  -15.00000       15.00000    
  5.0561097E-03  0.9028906    
[rows 48 to 71 of 90, columns 0 to 52 of 90]
1.3923964E-02 1.4874905E-02 1.5921321E-02 1.7069364E-02 1.8337838E-02 1.9736111E-02 2.1287911E-02 2.3007158E-02 2.4924623E-02 2.7060915E-02 2.9456392E-02 3.2141212E-02 3.5169575E-02 3.8586151E-02 4.2464968E-02 4.6872139E-02 5.1911496E-02 5.7681825E-02 6.4331658E-02 7.2010502E-02 8.0935895E-02 9.1337688E-02 0.1035427 0.1179108 0.1349479 0.1552334 0.1795806 0.2089604 0.2447514 0.2886690 0.3431194 0.4106252 0.4910896 0.5734555 0.6440216 0.7004727 0.7451293 0.7804921 0.8083631 0.8301669 0.8468481 0.8591835 0.8676362 0.8725967 0.8742132 0.8725966 0.8676363 0.8591835 0.8468481 0.8301670 0.8083633 0.7804922 0.7451296
1.3834215E-02 1.4774526E-02 1.5808750E-02 1.6942890E-02 1.8195322E-02 1.9575169E-02 2.1105589E-02 2.2800168E-02 2.4688881E-02 2.6791710E-02 2.9148031E-02 3.1787015E-02 3.4761406E-02 3.8114384E-02 4.1917942E-02 4.6235871E-02 5.1169056E-02 5.6812841E-02 6.3311532E-02 7.0809491E-02 7.9518139E-02 8.9660004E-02 0.1015534 0.1155484 0.1321400 0.1518958 0.1756178 0.2042668 0.2392154 0.2821791 0.3355754 0.4019494 0.4812432 0.5624387 0.6318730 0.6872723 0.7309844 0.7655257 0.7927024 0.8139368 0.8301669 0.8421621 0.8503777 0.8551985 0.8567688 0.8551984 0.8503777 0.8421620 0.8301670 0.8139369 0.7927026 0.7655258 0.7309847
1.3725840E-02 1.4653314E-02 1.5672928E-02 1.6790302E-02 1.8023489E-02 1.9381128E-02 2.0885969E-02 2.2550894E-02 2.4405200E-02 2.6467890E-02 2.8777335E-02 3.1361330E-02 3.4271151E-02 3.7547894E-02 4.1261297E-02 4.5472272E-02 5.0278213E-02 5.5770103E-02 6.2087055E-02 6.9367051E-02 7.7813759E-02 8.7640427E-02 9.9154070E-02 0.1126915 0.1287327 0.1478280 0.1707612 0.1984759 0.2323310 0.2740373 0.3260218 0.3908598 0.4685418 0.5481209 0.6160110 0.6699923 0.7124494 0.7459145 0.7721945 0.7927025 0.8083631 0.8199321 0.8278525 0.8324999 0.8340132 0.8324999 0.8278525 0.8199320 0.8083632 0.7927025 0.7721946 0.7459146 0.7124497
1.3599459E-02 1.4512113E-02 1.5514774E-02 1.6612694E-02 1.7823616E-02 1.9155631E-02 2.0630879E-02 2.2261525E-02 2.4076045E-02 2.6092455E-02 2.8347807E-02 3.0868394E-02 3.3703726E-02 3.6892638E-02 4.0502150E-02 4.4589762E-02 4.9248844E-02 5.4565299E-02 6.0672026E-02 6.7699365E-02 7.5841621E-02 8.5300341E-02 9.6368574E-02 0.1093658 0.1247514 0.1430516 0.1650228 0.1915793 0.2240533 0.2641375 0.3142620 0.3770396 0.4525444 0.5299389 0.5957475 0.6478455 0.6886675 0.7207587 0.7459145 0.7655259 0.7804922 0.7915463 0.7991126 0.8035530 0.8049981 0.8035530 0.7991126 0.7915462 0.7804922 0.7655259 0.7459146 0.7207587 0.6886677
1.3456014E-02 1.4351869E-02 1.5335418E-02 1.6411468E-02 1.7597310E-02 1.8900422E-02 2.0342404E-02 2.1934552E-02 2.3704408E-02 2.5668804E-02 2.7863497E-02 3.0313075E-02 3.3064932E-02 3.6155447E-02 3.9648566E-02 4.3598033E-02 4.8092540E-02 5.3212278E-02 5.9082970E-02 6.5826111E-02 7.3624916E-02 8.2667112E-02 9.3228482E-02 0.1056070 0.1202352 0.1376063 0.1584369 0.1835949 0.2143624 0.2523876 0.3000799 0.3600871 0.4325986 0.5069776 0.5699638 0.6195725 0.6582946 0.6886677 0.7124496 0.7309847 0.7451295 0.7555807 0.7627354 0.7669362 0.7683026 0.7669361 0.7627353 0.7555807 0.7451296 0.7309847 0.7124497 0.6886677 0.6582949
1.3296396E-02 1.4173712E-02 1.5136104E-02 1.6188033E-02 1.7346194E-02 1.8617529E-02 2.0022865E-02 2.1572683E-02 2.3293454E-02 2.5200814E-02 2.7328946E-02 2.9700652E-02 3.2361094E-02 3.5343904E-02 3.8709655E-02 4.2508006E-02 4.6822459E-02 5.1726863E-02 5.7338968E-02 6.3770287E-02 7.1191423E-02 7.9774141E-02 8.9773901E-02 0.1014627 0.1152396 0.1315551 0.1510705 0.1745839 0.2032921 0.2387481 0.2832816 0.3395388 0.4078857 0.4780531 0.5371767 0.5835071 0.6195723 0.6478455 0.6699923 0.6872723 0.7004729 0.7102383 0.7169279 0.7208595 0.7221376 0.7208595 0.7169279 0.7102383 0.7004729 0.6872723 0.6699924 0.6478456 0.6195726
1.3121654E-02 1.3978872E-02 1.4918314E-02 1.5944073E-02 1.7072203E-02 1.8309163E-02 1.9674828E-02 2.1178940E-02 2.2846779E-02 2.4692666E-02 2.6749104E-02 2.9037107E-02 3.1599268E-02 3.4466419E-02 3.7695508E-02 4.1331779E-02 4.5453187E-02 5.0126769E-02 5.5461492E-02 6.1558161E-02 6.8573222E-02 7.6660931E-02 8.6053446E-02 9.6993059E-02 0.1098390 0.1249890 0.1430328 0.1646719 0.1909696 0.2233037 0.2637956 0.3149448 0.3772991 0.4413532 0.4951189 0.5371768 0.5699638 0.5957476 0.6160110 0.6318731 0.6440217 0.6530300 0.6592098 0.6628469 0.6640290 0.6628469 0.6592098 0.6530300 0.6440217 0.6318732 0.6160111 0.5957476 0.5699639
1.2932808E-02 1.3768597E-02 1.4683366E-02 1.5681243E-02 1.6777217E-02 1.7977625E-02 1.9300936E-02 2.0756580E-02 2.2367943E-02 2.4148764E-02 2.6129071E-02 2.8328605E-02 3.0786645E-02 3.3531919E-02 3.6616515E-02 4.0082261E-02 4.4000015E-02 4.8430964E-02 5.3473525E-02 5.9218429E-02 6.5805629E-02 7.3372200E-02 8.2123071E-02 9.2269935E-02 0.1041248 0.1180277 0.1344796 0.1540634 0.1776559 0.2063655 0.2418934 0.2862353 0.3398783 0.3949193 0.4413533 0.4780532 0.5069776 0.5299390 0.5481210 0.5624388 0.5734556 0.5816531 0.5872911 0.5906144 0.5916957 0.5906143 0.5872911 0.5816530 0.5734557 0.5624388 0.5481212 0.5299391 0.5069777
1.2730901E-02 1.3544419E-02 1.4432606E-02 1.5401557E-02 1.6463136E-02 1.7625570E-02 1.8903760E-02 2.0309081E-02 2.1860654E-02 2.3574017E-02 2.5473960E-02 2.7581898E-02 2.9930612E-02 3.2549866E-02 3.5483412E-02 3.8773146E-02 4.2478822E-02 4.6659827E-02 5.1399004E-02 5.6782007E-02 6.2926129E-02 6.9956705E-02 7.8043625E-02 8.7374255E-02 9.8201953E-02 0.1108151 0.1256060 0.1430390 0.1637567 0.1885489 0.2184948 0.2546759 0.2968729 0.3398785 0.3772992 0.4078859 0.4325987 0.4525446 0.4685420 0.4812435 0.4910901 0.4984440 0.5035268 0.5065223 0.5075038 0.5065223 0.5035268 0.4984440 0.4910899 0.4812435 0.4685421 0.4525446 0.4325989
1.2517344E-02 1.3307395E-02 1.4167969E-02 1.5106564E-02 1.6132373E-02 1.7255103E-02 1.8486576E-02 1.9839490E-02 2.1329232E-02 2.2972580E-02 2.4789782E-02 2.6803086E-02 2.9039463E-02 3.1529028E-02 3.4307986E-02 3.7417401E-02 4.0906765E-02 4.4832699E-02 4.9263716E-02 5.4279011E-02 5.9974622E-02 6.6462874E-02 7.3880434E-02 8.2388587E-02 9.2184663E-02 0.1035035 0.1166335 0.1319186 0.1497771 0.1706870 0.1951448 0.2233990 0.2546759 0.2862354 0.3149450 0.3395389 0.3600871 0.3770398 0.3908600 0.4019497 0.4106254 0.4171366 0.4216625 0.4243307 0.4252111 0.4243306 0.4216625 0.4171366 0.4106254 0.4019497 0.3908601 0.3770398 0.3600872
1.2293519E-02 1.3058825E-02 1.3891210E-02 1.4797938E-02 1.5787305E-02 1.6868606E-02 1.8052492E-02 1.9350993E-02 2.0777922E-02 2.2348989E-02 2.4082266E-02 2.5998387E-02 2.8121293E-02 3.0478423E-02 3.3101715E-02 3.6028050E-02 3.9300524E-02 4.2969164E-02 4.7092628E-02 5.1739424E-02 5.6990076E-02 6.2938958E-02 6.9697097E-02 7.7394612E-02 8.6184233E-02 9.6243389E-02 0.1077767 0.1210141 0.1362022 0.1535729 0.1732661 0.1951448 0.2184949 0.2418935 0.2637957 0.2832818 0.3000801 0.3142622 0.3260221 0.3355757 0.3431197 0.3488188 0.3527997 0.3551527 0.3559310 0.3551527 0.3527996 0.3488187 0.3431197 0.3355757 0.3260221 0.3142623 0.3000801
1.2060483E-02 1.2800281E-02 1.3603757E-02 1.4477739E-02 1.5429846E-02 1.6468750E-02 1.7604150E-02 1.8847179E-02 2.0210365E-02 2.1708069E-02 2.3356576E-02 2.5174523E-02 2.7183307E-02 2.9407416E-02 3.1874985E-02 3.4618504E-02 3.7675336E-02 4.1088745E-02 4.4908632E-02 4.9192823E-02 5.4007988E-02 5.9431266E-02 6.5551087E-02 7.2468825E-02 8.0298997E-02 8.9169160E-02 9.9216864E-02 0.1105828 0.1233943 0.1377328 0.1535729 0.1706870 0.1885490 0.2063656 0.2233039 0.2387482 0.2523878 0.2641378 0.2740376 0.2821794 0.2886693 0.2936058 0.2970713 0.2991260 0.2998068 0.2991260 0.2970713 0.2936058 0.2886693 0.2821795 0.2740376 0.2641378 0.2523878
1.1819487E-02 1.2533201E-02 1.3307233E-02 1.4147870E-02 1.5062170E-02 1.6058050E-02 1.7144443E-02 1.8331427E-02 1.9630451E-02 2.1054400E-02 2.2617972E-02 2.4337778E-02 2.6232826E-02 2.8324712E-02 3.0638088E-02 3.3201084E-02 3.6045957E-02 3.9209381E-02 4.2733390E-02 4.6665799E-02 5.1061019E-02 5.5980533E-02 6.1493356E-02 6.7675851E-02 7.4611202E-02 8.2386784E-02 9.1089800E-02 0.1007981 0.1115652 0.1233943 0.1362022 0.1497771 0.1637569 0.1776561 0.1909699 0.2032923 0.2143627 0.2240536 0.2323313 0.2392157 0.2447518 0.2489914 0.2519819 0.2537605 0.2543508 0.2537605 0.2519819 0.2489913 0.2447518 0.2392158 0.2323313 0.2240536 0.2143627
1.1571732E-02 1.2259011E-02 1.3003229E-02 1.3810196E-02 1.4686340E-02 1.5638944E-02 1.6676113E-02 1.7806984E-02 1.9041846E-02 2.0392317E-02 2.1871451E-02 2.3494009E-02 2.5276685E-02 2.7238423E-02 2.9400511E-02 3.1787187E-02 3.4425769E-02 3.7347171E-02 4.0586118E-02 4.4181675E-02 4.8177276E-02 5.2621141E-02 5.7565570E-02 6.3066751E-02 6.9182724E-02 7.5970776E-02 8.3482094E-02 9.1754124E-02 0.1007981 0.1105828 0.1210142 0.1319187 0.1430391 0.1540635 0.1646721 0.1745841 0.1835951 0.1915796 0.1984761 0.2042670 0.2089606 0.2125771 0.2151397 0.2166683 0.2171763 0.2166683 0.2151397 0.2125771 0.2089606 0.2042670 0.1984761 0.1915796 0.1835951
1.1318438E-02 1.1979062E-02 1.2693305E-02 1.3466456E-02 1.4304414E-02 1.5213751E-02 1.6201831E-02 1.7276881E-02 1.8448133E-02 1.9725889E-02 2.1121763E-02 2.2648707E-02 2.4321320E-02 2.6155969E-02 2.8170992E-02 3.0386942E-02 3.2826815E-02 3.5516191E-02 3.8483500E-02 4.1760057E-02 4.5380052E-02 4.9380351E-02 5.3799875E-02 5.8678553E-02 6.4055517E-02 6.9966100E-02 7.6437443E-02 8.3482131E-02 9.1089822E-02 9.9216916E-02 0.1077768 0.1166336 0.1256062 0.1344797 0.1430330 0.1510707 0.1584370 0.1650230 0.1707614 0.1756181 0.1795808 0.1826507 0.1848347 0.1861411 0.1865758 0.1861411 0.1848347 0.1826507 0.1795808 0.1756181 0.1707614 0.1650230 0.1584371
1.1060753E-02 1.1694687E-02 1.2378945E-02 1.3118360E-02 1.3918273E-02 1.4784663E-02 1.5724111E-02 1.6744014E-02 1.7852552E-02 1.9058896E-02 2.0373212E-02 2.1806842E-02 2.3372410E-02 2.5083994E-02 2.6957175E-02 2.9009247E-02 3.1259306E-02 3.3728331E-02 3.6439221E-02 3.9416742E-02 4.2687278E-02 4.6278536E-02 5.0218649E-02 5.4535195E-02 5.9253283E-02 6.4393066E-02 6.9966085E-02 7.5970791E-02 8.2386799E-02 8.9169189E-02 9.6243396E-02 0.1035036 0.1108151 0.1180278 0.1249891 0.1315552 0.1376064 0.1430517 0.1478281 0.1518960 0.1552336 0.1578309 0.1596851 0.1607968 0.1611672 0.1607968 0.1596851 0.1578309 0.1552336 0.1518960 0.1478282 0.1430517 0.1376065
1.0799843E-02 1.1407173E-02 1.2061621E-02 1.2767554E-02 1.3529830E-02 1.4353786E-02 1.5245343E-02 1.6211065E-02 1.7258214E-02 1.8394824E-02 1.9629801E-02 2.0972954E-02 2.2435158E-02 2.4028376E-02 2.5765758E-02 2.7661698E-02 2.9731899E-02 3.1993333E-02 3.4464221E-02 3.7163816E-02 4.0112156E-02 4.3329578E-02 4.6835925E-02 5.0649434E-02 5.4785274E-02 5.9253301E-02 6.4055540E-02 6.9182768E-02 7.4611232E-02 8.0299065E-02 8.6184278E-02 9.2184752E-02 9.8202042E-02 0.1041249 0.1098391 0.1152398 0.1202353 0.1247516 0.1287329 0.1321402 0.1349481 0.1371415 0.1387118 0.1396552 0.1399697 0.1396552 0.1387118 0.1371415 0.1349481 0.1321402 0.1287329 0.1247516 0.1202353
1.0536744E-02 1.1117707E-02 1.1742650E-02 1.2415551E-02 1.3140740E-02 1.3923029E-02 1.4767670E-02 1.5680473E-02 1.6667826E-02 1.7736772E-02 1.8895006E-02 2.0150987E-02 2.1513982E-02 2.2994114E-02 2.4602327E-02 2.6350537E-02 2.8251475E-02 3.0318759E-02 3.2566607E-02 3.5009846E-02 3.7663337E-02 4.0541694E-02 4.3658383E-02 4.7024921E-02 5.0649438E-02 5.4535229E-02 5.8678564E-02 6.3066788E-02 6.7675896E-02 7.2468892E-02 7.7394657E-02 8.2388639E-02 8.7374344E-02 9.2270046E-02 9.6993163E-02 0.1014628 0.1056071 0.1093660 0.1126917 0.1155485 0.1179109 0.1197617 0.1210900 0.1218891 0.1221559 0.1218891 0.1210900 0.1197617 0.1179109 0.1155485 0.1126917 0.1093660 0.1056071
1.0272482E-02 1.0827402E-02 1.1423306E-02 1.2063740E-02 1.2752595E-02 1.3494154E-02 1.4293068E-02 1.5154445E-02 1.6083892E-02 1.7087493E-02 1.8171912E-02 1.9344358E-02 2.0612694E-02 2.1985374E-02 2.3471486E-02 2.5080729E-02 2.6823381E-02 2.8710151E-02 3.0752091E-02 3.2960307E-02 3.5345662E-02 3.7918299E-02 4.0687010E-02 4.3658406E-02 4.6835963E-02 5.0218705E-02 5.3799920E-02 5.7565641E-02 6.1493412E-02 6.5551169E-02 6.9697171E-02 7.3880531E-02 7.8043751E-02 8.2123227E-02 8.6053595E-02 8.9774035E-02 9.3228601E-02 9.6368738E-02 9.9154264E-02 0.1015536 0.1035429 0.1051050 0.1062282 0.1069047 0.1071307 0.1069047 0.1062282 0.1051050 0.1035429 0.1015536 9.9154256E-02 9.6368723E-02 9.3228601E-02
1.0007981E-02 1.0537322E-02 1.1104732E-02 1.1713416E-02 1.2366827E-02 1.3068752E-02 1.3823294E-02 1.4634942E-02 1.5508546E-02 1.6449383E-02 1.7463138E-02 1.8555952E-02 1.9734407E-02 2.1005543E-02 2.2376800E-02 2.3856049E-02 2.5451429E-02 2.7171319E-02 2.9024107E-02 3.1018022E-02 3.3160731E-02 3.5459053E-02 3.7918288E-02 4.0541705E-02 4.3329608E-02 4.6278574E-02 4.9380381E-02 5.2621186E-02 5.5980597E-02 5.9431314E-02 6.2938996E-02 6.6462964E-02 6.9956787E-02 7.3372319E-02 7.6661073E-02 7.9774283E-02 8.2667254E-02 8.5300505E-02 8.7640584E-02 8.9660183E-02 9.1337882E-02 9.2657574E-02 9.3607754E-02 9.4180740E-02 9.4372213E-02 9.4180740E-02 9.3607746E-02 9.2657581E-02 9.1337882E-02 8.9660160E-02 8.7640576E-02 8.5300483E-02 8.2667239E-02
9.7441319E-03 1.0248419E-02 1.0788019E-02 1.1365761E-02 1.1984733E-02 1.2648259E-02 1.3359948E-02 1.4123693E-02 1.4943708E-02 1.5824502E-02 1.6770933E-02 1.7788153E-02 1.8881669E-02 2.0057276E-02 2.1321028E-02 2.2679204E-02 2.4138231E-02 2.5704516E-02 2.7384354E-02 2.9183650E-02 3.1107679E-02 3.3160742E-02 3.5345670E-02 3.7663370E-02 4.0112201E-02 4.2687342E-02 4.5380108E-02 4.8177369E-02 5.1061094E-02 5.4008082E-02 5.6990162E-02 5.9974749E-02 6.2926292E-02 6.5805875E-02 6.8573460E-02 7.1191676E-02 7.3625132E-02 7.5841881E-02 7.7814057E-02 7.9518430E-02 8.0936193E-02 8.2052857E-02 8.2857668E-02 8.3343364E-02 8.3505720E-02 8.3343364E-02 8.2857661E-02 8.2052842E-02 8.0936186E-02 7.9518415E-02 7.7814035E-02 7.5841859E-02 7.3625125E-02
9.4817439E-03 9.9616060E-03 1.0474135E-02 1.1021861E-02 1.1607487E-02 1.2233954E-02 1.2904398E-02 1.3622200E-02 1.4390967E-02 1.5214570E-02 1.6097097E-02 1.7042868E-02 1.8056436E-02 1.9142542E-02 2.0306049E-02 2.1551946E-02 2.2885185E-02 2.4310637E-02 2.5832884E-02 2.7456073E-02 2.9183628E-02 3.1018011E-02 3.2960288E-02 3.5009850E-02 3.7163828E-02 3.9416779E-02 4.1760080E-02 4.4181708E-02 4.6665829E-02 4.9192864E-02 5.1739458E-02 5.4279085E-02 5.6782130E-02 5.9218563E-02 6.1558288E-02 6.3770451E-02 6.5826252E-02 6.7699514E-02 6.9367215E-02 7.0809655E-02 7.2010666E-02 7.2957426E-02 7.3640302E-02 7.4052624E-02 7.4190497E-02 7.4052624E-02 7.3640294E-02 7.2957426E-02 7.2010666E-02 7.0809647E-02 6.9367215E-02 6.7699507E-02 6.5826252E-02
9.2215408E-03 9.6776541E-03 1.0163941E-02 1.0682630E-02 1.1236108E-02 1.1826923E-02 1.2457824E-02 1.3131707E-02 1.3851667E-02 1.4620977E-02 1.5443080E-02 1.6321559E-02 1.7260158E-02 1.8262703E-02 1.9333085E-02 2.0475185E-02 2.1692801E-02 2.2989528E-02 2.4368640E-02 2.5832888E-02 2.7384339E-02 2.9024107E-02 3.0752085E-02 3.2566626E-02 3.4464244E-02 3.6439274E-02 3.8483541E-02 4.0586162E-02 4.2733431E-02 4.4908687E-02 4.7092672E-02 4.9263805E-02 5.1399145E-02 5.3473689E-02 5.5461675E-02 5.7339169E-02 5.9083130E-02 6.0672201E-02 6.2087245E-02 6.3311741E-02 6.4331852E-02 6.5136470E-02 6.5717101E-02 6.6067837E-02 6.6185124E-02 6.6067845E-02 6.5717101E-02 6.5136462E-02 6.4331837E-02 6.3311726E-02 6.2087230E-02 6.0672186E-02 5.9083119E-02
8.9641893E-03 9.3972990E-03 9.8582180E-03 1.0348916E-02 1.0871474E-02 1.1428127E-02 1.2021223E-02 1.2653266E-02 1.3326878E-02 1.4044830E-02 1.4809972E-02 1.5625279E-02 1.6493788E-02 1.7418576E-02 1.8402690E-02 1.9449139E-02 2.0560753E-02 2.1740139E-02 2.2989519E-02 2.4310630E-02 2.5704494E-02 2.7171308E-02 2.8710136E-02 3.0318752E-02 3.1993352E-02 3.3728376E-02 3.5516221E-02 3.7347209E-02 3.9209407E-02 4.1088782E-02 4.2969190E-02 4.4832777E-02 4.6659928E-02 4.8431113E-02 5.0126899E-02 5.1727019E-02 5.3212397E-02 5.4565437E-02 5.5770267E-02 5.6813028E-02 5.7681993E-02 5.8367606E-02 5.8862522E-02 5.9161536E-02 5.9261553E-02 5.9161540E-02 5.8862526E-02 5.8367603E-02 5.7681985E-02 5.6813020E-02 5.5770267E-02 5.4565426E-02 5.3212397E-02
