T1-compare/GL1.grd
DSAA
          90          90
  -15.00000       15.00000    
  -15.00000       15.00000    
  5.0561097E-03  0.9028906    
[rows 0 to 23 of 90, columns 0 to 52 of 90]
5.3658024E-03 5.5307797E-03 5.7015610E-03 5.8782394E-03 6.0608895E-03 6.2495684E-03 6.4443108E-03 6.6451249E-03 6.8519930E-03 7.0648645E-03 7.2836527E-03 7.5082304E-03 7.7384296E-03 7.9740323E-03 8.2147634E-03 8.4602982E-03 8.7102465E-03 8.9641549E-03 9.2215054E-03 9.4817085E-03 9.7441012E-03 1.0007951E-02 1.0272452E-02 1.0536720E-02 1.0799819E-02 1.1060734E-02 1.1318404E-02 1.1571701E-02 1.1819461E-02 1.2060464E-02 1.2293487E-02 1.2517313E-02 1.2730869E-02 1.2932803E-02 1.3121640E-02 1.3296391E-02 1.3456002E-02 1.3599461E-02 1.3725814E-02 1.3834229E-02 1.3923957E-02 1.3994400E-02 1.4045065E-02 1.4075607E-02 1.4085808E-02 1.4075604E-02 1.4045059E-02 1.3994396E-02 1.3923956E-02 1.3834229E-02 1.3725819E-02 1.3599466E-02 1.3456005E-02
5.5307774E-03 5.7057189E-03 5.8870646E-03 6.0749357E-03 6.2694377E-03 6.4706556E-03 6.6786516E-03 6.8934634E-03 7.1150949E-03 7.3435223E-03 7.5786775E-03 7.8204516E-03 8.0686901E-03 8.3231777E-03 8.5836472E-03 8.8497661E-03 9.1211302E-03 9.3972674E-03 9.6776262E-03 9.9615734E-03 1.0248395E-02 1.0537294E-02 1.0827380E-02 1.1117687E-02 1.1407159E-02 1.1694678E-02 1.1979040E-02 1.2258985E-02 1.2533181E-02 1.2800262E-02 1.3058805E-02 1.3307377E-02 1.3544387E-02 1.3768582E-02 1.3978860E-02 1.4173728E-02 1.4351877E-02 1.4512099E-02 1.4653309E-02 1.4774523E-02 1.4874898E-02 1.4953719E-02 1.5010432E-02 1.5044618E-02 1.5056045E-02 1.5044617E-02 1.5010428E-02 1.4953715E-02 1.4874896E-02 1.4774522E-02 1.4653309E-02 1.4512097E-02 1.4351877E-02
5.7015643E-03 5.8870707E-03 6.0796393E-03 6.2794243E-03 6.4865681E-03 6.7011882E-03 6.9233831E-03 7.1532214E-03 7.3907403E-03 7.6359436E-03 7.8887930E-03 8.1492001E-03 8.4170317E-03 8.6920857E-03 8.9740995E-03 9.2627425E-03 9.5576001E-03 9.8581826E-03 1.0163906E-02 1.0474096E-02 1.0787985E-02 1.1104699E-02 1.1423269E-02 1.1742624E-02 1.2061596E-02 1.2378929E-02 1.2693274E-02 1.3003197E-02 1.3307211E-02 1.3603737E-02 1.3891180E-02 1.4167946E-02 1.4432582E-02 1.4683331E-02 1.4918295E-02 1.5136116E-02 1.5335388E-02 1.5514746E-02 1.5672911E-02 1.5808759E-02 1.5921297E-02 1.6009709E-02 1.6073329E-02 1.6111696E-02 1.6124513E-02 1.6111694E-02 1.6073328E-02 1.6009709E-02 1.5921298E-02 1.5808765E-02 1.5672918E-02 1.5514752E-02 1.5335396E-02
5.8782445E-03 6.0749440E-03 6.2794271E-03 6.4918902E-03 6.7125112E-03 6.9414559E-03 7.1788561E-03 7.4248258E-03 7.6794396E-03 7.9427371E-03 8.2147168E-03 8.4953224E-03 8.7844413E-03 9.0819011E-03 9.3874447E-03 9.7007500E-03 1.0021399E-02 1.0348887E-02 1.0682602E-02 1.1021830E-02 1.1365738E-02 1.1713388E-02 1.2063711E-02 1.2415529E-02 1.2767545E-02 1.3118351E-02 1.3466428E-02 1.3810169E-02 1.4147861E-02 1.4477728E-02 1.4797918E-02 1.5106550E-02 1.5401557E-02 1.5681235E-02 1.5944049E-02 1.6188042E-02 1.6411465E-02 1.6612699E-02 1.6790286E-02 1.6942887E-02 1.7069371E-02 1.7168764E-02 1.7240318E-02 1.7283469E-02 1.7297892E-02 1.7283468E-02 1.7240316E-02 1.7168764E-02 1.7069371E-02 1.6942888E-02 1.6790288E-02 1.6612701E-02 1.6411468E-02
6.0608904E-03 6.2694405E-03 6.4865663E-03 6.7125075E-03 6.9474941E-03 7.1917335E-03 7.4454136E-03 7.7086901E-03 7.9816896E-03 8.2644997E-03 8.5571585E-03 8.8596521E-03 9.1719059E-03 9.4937710E-03 9.8250201E-03 1.0165340E-02 1.0514321E-02 1.0871441E-02 1.1236073E-02 1.1607452E-02 1.1984702E-02 1.2366792E-02 1.2752566E-02 1.3140718E-02 1.3529811E-02 1.3918267E-02 1.4304380E-02 1.4686320E-02 1.5062154E-02 1.5429839E-02 1.5787283E-02 1.6132362E-02 1.6463123E-02 1.6777227E-02 1.7072212E-02 1.7346209E-02 1.7597299E-02 1.7823638E-02 1.8023502E-02 1.8195357E-02 1.8337857E-02 1.8449888E-02 1.8530553E-02 1.8579215E-02 1.8595479E-02 1.8579215E-02 1.8530553E-02 1.8449888E-02 1.8337855E-02 1.8195357E-02 1.8023506E-02 1.7823642E-02 1.7597307E-02
6.2495749E-03 6.4706663E-03 6.7011937E-03 6.9414587E-03 7.1917390E-03 7.4523091E-03 7.7234046E-03 8.0052475E-03 8.2980180E-03 8.6018620E-03 8.9168735E-03 9.2430897E-03 9.5804809E-03 9.9289436E-03 1.0288280E-02 1.0658205E-02 1.1038317E-02 1.1428100E-02 1.1826897E-02 1.2233924E-02 1.2648228E-02 1.3068717E-02 1.3494116E-02 1.3923000E-02 1.4353761E-02 1.4784644E-02 1.5213717E-02 1.5638920E-02 1.6058028E-02 1.6468728E-02 1.6868582E-02 1.7255096E-02 1.7625548E-02 1.7977612E-02 1.8309141E-02 1.8617533E-02 1.8900422E-02 1.9155623E-02 1.9381139E-02 1.9575154E-02 1.9736120E-02 1.9862710E-02 1.9953888E-02 2.0008899E-02 2.0027289E-02 2.0008899E-02 1.9953888E-02 1.9862708E-02 1.9736119E-02 1.9575158E-02 1.9381139E-02 1.9155627E-02 1.8900430E-02
6.4443201E-03 6.6786632E-03 6.9233906E-03 7.1788584E-03 7.4454197E-03 7.7234060E-03 8.0131264E-03 8.3148694E-03 8.6288908E-03 8.9554004E-03 9.2945630E-03 9.6464818E-03 1.0011191E-02 1.0388637E-02 1.0778675E-02 1.1181052E-02 1.1595397E-02 1.2021197E-02 1.2457795E-02 1.2904366E-02 1.3359917E-02 1.3823264E-02 1.4293031E-02 1.4767641E-02 1.5245322E-02 1.5724098E-02 1.6201803E-02 1.6676085E-02 1.7144427E-02 1.7604142E-02 1.8052472E-02 1.8486572E-02 1.8903764E-02 1.9300934E-02 1.9674832E-02 2.0022854E-02 2.0342374E-02 2.0630872E-02 2.0885978E-02 2.1105599E-02 2.1287885E-02 2.1431310E-02 2.1534637E-02 2.1596998E-02 2.1617845E-02 2.1596998E-02 2.1534637E-02 2.1431310E-02 2.1287883E-02 2.1105593E-02 2.0885976E-02 2.0630868E-02 2.0342378E-02
6.6451281E-03 6.8934709E-03 7.1532251E-03 7.4248272E-03 7.7086948E-03 8.0052465E-03 8.3148694E-03 8.6379349E-03 8.9747803E-03 9.3257073E-03 9.6909599E-03 1.0070724E-02 1.0465111E-02 1.0874143E-02 1.1297738E-02 1.1735702E-02 1.2187697E-02 1.2653241E-02 1.3131678E-02 1.3622169E-02 1.4123662E-02 1.4634909E-02 1.5154407E-02 1.5680442E-02 1.6211035E-02 1.6743993E-02 1.7276853E-02 1.7806957E-02 1.8331412E-02 1.8847160E-02 1.9350965E-02 1.9839481E-02 2.0309081E-02 2.0756571E-02 2.1178931E-02 2.1572661E-02 2.1934522E-02 2.2261515E-02 2.2550888E-02 2.2800149E-02 2.3007156E-02 2.3170087E-02 2.3287510E-02 2.3358386E-02 2.3382084E-02 2.3358388E-02 2.3287514E-02 2.3170089E-02 2.3007162E-02 2.2800153E-02 2.2550890E-02 2.2261517E-02 2.1934532E-02
6.8519930E-03 7.1150982E-03 7.3907403E-03 7.6794350E-03 7.9816896E-03 8.2980115E-03 8.6288825E-03 8.9747729E-03 9.3361260E-03 9.7133340E-03 1.0106754E-02 1.0516670E-02 1.0943294E-02 1.1386740E-02 1.1847018E-02 1.2324003E-02 1.2817427E-02 1.3326845E-02 1.3851629E-02 1.4390929E-02 1.4943662E-02 1.5508503E-02 1.6083840E-02 1.6667787E-02 1.7258178E-02 1.7852530E-02 1.8448096E-02 1.9041823E-02 1.9630423E-02 2.0210348E-02 2.0777896E-02 2.1329232E-02 2.1860650E-02 2.2367954E-02 2.2846768E-02 2.3293467E-02 2.3704395E-02 2.4076059E-02 2.4405196E-02 2.4688903E-02 2.4924627E-02 2.5110237E-02 2.5244046E-02 2.5324831E-02 2.5351839E-02 2.5324833E-02 2.5244048E-02 2.5110243E-02 2.4924628E-02 2.4688907E-02 2.4405200E-02 2.4076061E-02 2.3704402E-02
7.0648678E-03 7.3435255E-03 7.6359450E-03 7.9427371E-03 8.2645025E-03 8.6018601E-03 8.9553967E-03 9.3257055E-03 9.7133387E-03 1.0118826E-02 1.0542640E-02 1.0985192E-02 1.1446817E-02 1.1927759E-02 1.2428126E-02 1.2947911E-02 1.3486925E-02 1.4044798E-02 1.4620946E-02 1.5214542E-02 1.5824467E-02 1.6449349E-02 1.7087450E-02 1.7736737E-02 1.8394798E-02 1.9058885E-02 1.9725868E-02 2.0392302E-02 2.1054385E-02 2.1708056E-02 2.2348970E-02 2.2972589E-02 2.3574011E-02 2.4148783E-02 2.4692658E-02 2.5200823E-02 2.5668807E-02 2.6092442E-02 2.6467901E-02 2.6791725E-02 2.7060924E-02 2.7272973E-02 2.7425893E-02 2.7518222E-02 2.7549103E-02 2.7518228E-02 2.7425895E-02 2.7272977E-02 2.7060928E-02 2.6791722E-02 2.6467895E-02 2.6092440E-02 2.5668811E-02
7.2836657E-03 7.5786924E-03 7.8888070E-03 8.2147261E-03 8.5571762E-03 8.9168809E-03 9.2945723E-03 9.6909674E-03 1.0106772E-02 1.0542649E-02 1.0999235E-02 1.1477087E-02 1.1976701E-02 1.2498464E-02 1.3042643E-02 1.3609355E-02 1.4198548E-02 1.4809948E-02 1.5443053E-02 1.6097069E-02 1.6770901E-02 1.7463110E-02 1.8171873E-02 1.8894970E-02 1.9629778E-02 2.0373203E-02 2.1121740E-02 2.1871436E-02 2.2617960E-02 2.3356570E-02 2.4082258E-02 2.4789779E-02 2.5473975E-02 2.6129076E-02 2.6749119E-02 2.7328964E-02 2.7863488E-02 2.8347798E-02 2.8777342E-02 2.9148057E-02 2.9456384E-02 2.9699359E-02 2.9874615E-02 2.9980464E-02 3.0015858E-02 2.9980464E-02 2.9874623E-02 2.9699363E-02 2.9456384E-02 2.9148057E-02 2.8777335E-02 2.8347794E-02 2.7863488E-02
7.5082351E-03 7.8204591E-03 8.1492066E-03 8.4953271E-03 8.8596623E-03 9.2430906E-03 9.6464837E-03 1.0070724E-02 1.0516676E-02 1.0985194E-02 1.1477077E-02 1.1993085E-02 1.2533895E-02 1.3100090E-02 1.3692117E-02 1.4310291E-02 1.4954704E-02 1.5625248E-02 1.6321521E-02 1.7042836E-02 1.7788114E-02 1.8555911E-02 1.9344315E-02 2.0150950E-02 2.0972924E-02 2.1806825E-02 2.2648672E-02 2.3493996E-02 2.4337759E-02 2.5174523E-02 2.5998369E-02 2.6803082E-02 2.7581915E-02 2.8328605E-02 2.9037083E-02 2.9700659E-02 3.0313052E-02 3.0868400E-02 3.1361327E-02 3.1786993E-02 3.2141201E-02 3.2420423E-02 3.2621894E-02 3.2743581E-02 3.2784283E-02 3.2743584E-02 3.2621898E-02 3.2420430E-02 3.2141205E-02 3.1786993E-02 3.1361330E-02 3.0868400E-02 3.0313062E-02
7.7384328E-03 8.0686919E-03 8.4170373E-03 8.7844403E-03 9.1719106E-03 9.5804762E-03 1.0011187E-02 1.0465106E-02 1.0943297E-02 1.1446817E-02 1.1976686E-02 1.2533888E-02 1.3119340E-02 1.3733855E-02 1.4378126E-02 1.5052686E-02 1.5757868E-02 1.6493747E-02 1.7260112E-02 1.8056396E-02 1.8881623E-02 1.9734357E-02 2.0612640E-02 2.1513943E-02 2.2435127E-02 2.3372395E-02 2.4321290E-02 2.5276678E-02 2.6232801E-02 2.7183285E-02 2.8121261E-02 2.9039465E-02 2.9930603E-02 3.0786643E-02 3.1599261E-02 3.2361113E-02 3.3064917E-02 3.3703744E-02 3.4271158E-02 3.4761444E-02 3.5169594E-02 3.5491459E-02 3.5723735E-02 3.5864059E-02 3.5910994E-02 3.5864066E-02 3.5723738E-02 3.5491467E-02 3.5169601E-02 3.4761447E-02 3.4271162E-02 3.3703744E-02 3.3064928E-02
7.9740416E-03 8.3231898E-03 8.6920969E-03 9.0819066E-03 9.4937840E-03 9.9289482E-03 1.0388640E-02 1.0874148E-02 1.1386753E-02 1.1927765E-02 1.2498458E-02 1.3100093E-02 1.3733865E-02 1.4400886E-02 1.5102146E-02 1.5838476E-02 1.6610486E-02 1.7418545E-02 1.8262671E-02 1.9142516E-02 2.0057242E-02 2.1005508E-02 2.1985333E-02 2.2994084E-02 2.4028361E-02 2.5083994E-02 2.6155952E-02 2.7238414E-02 2.8324697E-02 2.9407404E-02 3.0478410E-02 3.1529035E-02 3.2549862E-02 3.3531915E-02 3.4466431E-02 3.5343911E-02 3.6155436E-02 3.6892638E-02 3.7547909E-02 3.8114395E-02 3.8586169E-02 3.8958307E-02 3.9226923E-02 3.9389215E-02 3.9443508E-02 3.9389215E-02 3.9226927E-02 3.8958304E-02 3.8586162E-02 3.8114380E-02 3.7547898E-02 3.6892623E-02 3.6155425E-02
8.2147671E-03 8.5836481E-03 8.9741061E-03 9.3874419E-03 9.8250266E-03 1.0288278E-02 1.0778674E-02 1.1297734E-02 1.1847024E-02 1.2428124E-02 1.3042632E-02 1.3692117E-02 1.4378132E-02 1.5102140E-02 1.5865507E-02 1.6669428E-02 1.7514911E-02 1.8402658E-02 1.9333053E-02 2.0306025E-02 2.1320995E-02 2.2376772E-02 2.3471447E-02 2.4602301E-02 2.5765743E-02 2.6957171E-02 2.8170982E-02 2.9400507E-02 3.0638075E-02 3.1874981E-02 3.3101704E-02 3.4308001E-02 3.5483427E-02 3.6616538E-02 3.7695508E-02 3.8709681E-02 3.9648540E-02 4.0502150E-02 4.1261334E-02 4.1917957E-02 4.2464986E-02 4.2896584E-02 4.3208156E-02 4.3396425E-02 4.3459397E-02 4.3396428E-02 4.3208152E-02 4.2896584E-02 4.2464975E-02 4.1917950E-02 4.1261319E-02 4.0502135E-02 3.9648540E-02
8.4603038E-03 8.8497708E-03 9.2627499E-03 9.7007519E-03 1.0165345E-02 1.0658205E-02 1.1181052E-02 1.1735699E-02 1.2324009E-02 1.2947909E-02 1.3609345E-02 1.4310287E-02 1.5052687E-02 1.5838470E-02 1.6669428E-02 1.7547257E-02 1.8473415E-02 1.9449111E-02 2.0475157E-02 2.1551922E-02 2.2679174E-02 2.3856023E-02 2.5080698E-02 2.6350515E-02 2.7661685E-02 2.9009249E-02 3.0386936E-02 3.1787187E-02 3.3201087E-02 3.4618489E-02 3.6028039E-02 3.7417408E-02 3.8773179E-02 4.0082276E-02 4.1331790E-02 4.2508006E-02 4.3598015E-02 4.4589758E-02 4.5472290E-02 4.6235871E-02 4.6872154E-02 4.7374230E-02 4.7736723E-02 4.7955755E-02 4.8029028E-02 4.7955755E-02 4.7736723E-02 4.7374230E-02 4.6872143E-02 4.6235856E-02 4.5472272E-02 4.4589739E-02 4.3598007E-02
8.7102437E-03 9.1211265E-03 9.5576020E-03 1.0021394E-02 1.0514323E-02 1.1038312E-02 1.1595390E-02 1.2187689E-02 1.2817428E-02 1.3486917E-02 1.4198534E-02 1.4954697E-02 1.5757868E-02 1.6610475E-02 1.7514901E-02 1.8473409E-02 1.9488083E-02 2.0560725E-02 2.1692771E-02 2.2885162E-02 2.4138201E-02 2.5451405E-02 2.6823344E-02 2.8251456E-02 2.9731890E-02 3.1259306E-02 3.2826800E-02 3.4425773E-02 3.6045935E-02 3.7675321E-02 3.9300505E-02 4.0906772E-02 4.2478841E-02 4.4000037E-02 4.5453183E-02 4.6822488E-02 4.8092525E-02 4.9248837E-02 5.0278224E-02 5.1169097E-02 5.1911507E-02 5.2497361E-02 5.2920312E-02 5.3175878E-02 5.3261362E-02 5.3175878E-02 5.2920312E-02 5.2497353E-02 5.1911499E-02 5.1169079E-02 5.0278217E-02 4.9248826E-02 4.8092525E-02
8.9641577E-03 9.3972664E-03 9.8581873E-03 1.0348887E-02 1.0871443E-02 1.1428098E-02 1.2021195E-02 1.2653236E-02 1.3326852E-02 1.4044800E-02 1.4809941E-02 1.5625248E-02 1.6493751E-02 1.7418541E-02 1.8402660E-02 1.9449113E-02 2.0560736E-02 2.1740131E-02 2.2989519E-02 2.4310637E-02 2.5704501E-02 2.7171317E-02 2.8710138E-02 3.0318746E-02 3.1993337E-02 3.3728357E-02 3.5516195E-02 3.7347175E-02 3.9209377E-02 4.1088752E-02 4.2969156E-02 4.4832733E-02 4.6659846E-02 4.8430994E-02 5.0126765E-02 5.1726889E-02 5.3212274E-02 5.4565296E-02 5.5770122E-02 5.6812879E-02 5.7681818E-02 5.8367413E-02 5.8862321E-02 5.9161317E-02 5.9261326E-02 5.9161317E-02 5.8862321E-02 5.8367413E-02 5.7681806E-02 5.6812853E-02 5.5770110E-02 5.4565273E-02 5.3212259E-02
9.2215054E-03 9.6776206E-03 1.0163907E-02 1.0682595E-02 1.1236071E-02 1.1826893E-02 1.2457790E-02 1.3131669E-02 1.3851629E-02 1.4620938E-02 1.5443039E-02 1.6321516E-02 1.7260114E-02 1.8262660E-02 1.9333046E-02 2.0475153E-02 2.1692775E-02 2.2989511E-02 2.4368629E-02 2.5832880E-02 2.7384335E-02 2.9024106E-02 3.0752072E-02 3.2566607E-02 3.4464221E-02 3.6439240E-02 3.8483504E-02 4.0586121E-02 4.2733379E-02 4.4908643E-02 4.7092631E-02 4.9263749E-02 5.1399052E-02 5.3473558E-02 5.5461511E-02 5.7339020E-02 5.9082970E-02 6.0672037E-02 6.2087070E-02 6.3311562E-02 6.4331651E-02 6.5136261E-02 6.5716870E-02 6.6067591E-02 6.6184878E-02 6.6067591E-02 6.5716870E-02 6.5136254E-02 6.4331643E-02 6.3311547E-02 6.2087055E-02 6.0672011E-02 5.9082970E-02
9.4817113E-03 9.9615762E-03 1.0474106E-02 1.1021830E-02 1.1607460E-02 1.2233925E-02 1.2904368E-02 1.3622169E-02 1.4390935E-02 1.5214540E-02 1.6097065E-02 1.7042838E-02 1.8056408E-02 1.9142514E-02 2.0306028E-02 2.1551928E-02 2.2885172E-02 2.4310637E-02 2.5832891E-02 2.7456088E-02 2.9183645E-02 3.1018026E-02 3.2960303E-02 3.5009854E-02 3.7163824E-02 3.9416771E-02 4.1760065E-02 4.4181690E-02 4.6665810E-02 4.9192842E-02 5.1739439E-02 5.4279048E-02 5.6782056E-02 5.9218448E-02 6.1558153E-02 6.3770324E-02 6.5826125E-02 6.7699388E-02 6.9367073E-02 7.0809506E-02 7.2010502E-02 7.2957240E-02 7.3640101E-02 7.4052416E-02 7.4190289E-02 7.4052408E-02 7.3640093E-02 7.2957240E-02 7.2010487E-02 7.0809484E-02 6.9367066E-02 6.7699365E-02 6.5826118E-02
9.7441059E-03 1.0248396E-02 1.0787997E-02 1.1365738E-02 1.1984708E-02 1.2648234E-02 1.3359917E-02 1.4123661E-02 1.4943669E-02 1.5824465E-02 1.6770892E-02 1.7788110E-02 1.8881625E-02 2.0057233E-02 2.1320987E-02 2.2679172E-02 2.4138203E-02 2.5704492E-02 2.7384330E-02 2.9183635E-02 3.1107664E-02 3.3160724E-02 3.5345640E-02 3.7663333E-02 4.0112156E-02 4.2687286E-02 4.5380041E-02 4.8177291E-02 5.1061008E-02 5.4007988E-02 5.6990076E-02 5.9974648E-02 6.2926143E-02 6.5805689E-02 6.8573236E-02 7.1191452E-02 7.3624909E-02 7.5841658E-02 7.7813804E-02 7.9518162E-02 8.0935918E-02 8.2052566E-02 8.2857355E-02 8.3343044E-02 8.3505392E-02 8.3343051E-02 8.2857355E-02 8.2052559E-02 8.0935903E-02 7.9518154E-02 7.7813797E-02 7.5841635E-02 7.3624901E-02
1.0007956E-02 1.0537295E-02 1.1104707E-02 1.1713390E-02 1.2366799E-02 1.3068725E-02 1.3823262E-02 1.4634908E-02 1.5508508E-02 1.6449345E-02 1.7463101E-02 1.8555915E-02 1.9734366E-02 2.1005508E-02 2.2376768E-02 2.3856027E-02 2.5451418E-02 2.7171319E-02 2.9024107E-02 3.1018022E-02 3.3160735E-02 3.5459068E-02 3.7918296E-02 4.0541697E-02 4.3329593E-02 4.6278555E-02 4.9380355E-02 5.2621152E-02 5.5980545E-02 5.9431277E-02 6.2938966E-02 6.6462927E-02 6.9956720E-02 7.3372222E-02 7.6660961E-02 7.9774164E-02 8.2667142E-02 8.5300379E-02 8.7640449E-02 8.9660026E-02 9.1337718E-02 9.2657395E-02 9.3607545E-02 9.4180524E-02 9.4371997E-02 9.4180524E-02 9.3607545E-02 9.2657395E-02 9.1337703E-02 8.9660004E-02 8.7640427E-02 8.5300349E-02 8.2667112E-02
1.0272458E-02 1.0827380E-02 1.1423280E-02 1.2063711E-02 1.2752571E-02 1.3494118E-02 1.4293029E-02 1.5154404E-02 1.6083850E-02 1.7087447E-02 1.8171869E-02 1.9344315E-02 2.0612650E-02 2.1985330E-02 2.3471447E-02 2.5080698E-02 2.6823362E-02 2.8710138E-02 3.0752081E-02 3.2960299E-02 3.5345659E-02 3.7918296E-02 4.0686999E-02 4.3658379E-02 4.6835925E-02 5.0218660E-02 5.3799871E-02 5.7565589E-02 6.1493345E-02 6.5551102E-02 6.9697104E-02 7.3880471E-02 7.8043662E-02 8.2123101E-02 8.6053468E-02 8.9773908E-02 9.3228467E-02 9.6368581E-02 9.9154100E-02 0.1015534 0.1035427 0.1051048 0.1062279 0.1069045 0.1071305 0.1069045 0.1062279 0.1051048 0.1035427 0.1015534 9.9154092E-02 9.6368574E-02 9.3228459E-02
1.0536730E-02 1.1117691E-02 1.1742636E-02 1.2415534E-02 1.3140724E-02 1.3923008E-02 1.4767641E-02 1.5680442E-02 1.6667794E-02 1.7736737E-02 1.8894970E-02 2.0150958E-02 2.1513948E-02 2.2994084E-02 2.4602303E-02 2.6350519E-02 2.8251469E-02 3.0318752E-02 3.2566611E-02 3.5009850E-02 3.7663344E-02 4.0541705E-02 4.3658391E-02 4.7024913E-02 5.0649427E-02 5.4535203E-02 5.8678541E-02 6.3066766E-02 6.7675851E-02 7.2468854E-02 7.7394612E-02 8.2388610E-02 8.7374277E-02 9.2269957E-02 9.6993059E-02 0.1014627 0.1056070 0.1093658 0.1126916 0.1155484 0.1179108 0.1197616 0.1210898 0.1218889 0.1221557 0.1218889 0.1210898 0.1197616 0.1179107 0.1155483 0.1126915 0.1093658 0.1056070
