T1-compare/model-t.grd
DSAA
         100         100
      -15.000000       15.000000
      -15.000000       15.000000
    7.077141E-01       99.306335
[rows 0 to 26 of 100, columns 0 to 60 of 100]
7.077621E-01 7.311831E-01 7.554077E-01 7.804715E-01 8.064830E-01 8.334517E-01 8.611595E-01 8.899200E-01 9.195865E-01 9.502910E-01 9.818764E-01 1.014400 1.047996 1.082607 1.118084 1.154638 1.192032 1.230372 1.269662 1.309771 1.350590 1.392225 1.434538 1.477361 1.520702 1.564441 1.608439 1.652584 1.696709 1.740695 1.784374 1.827540 1.870051 1.911619 1.952216 1.991549 2.029446 2.065590 2.099925 2.132163 2.162181 2.189725 2.214724 2.236913 2.256235 2.272534 2.285701 2.295620 2.302312 2.305611 2.305630 2.302349 2.295633 2.285692 2.272502 2.256231 2.236923 2.214725 2.189733 2.162159 2.132146
7.294308E-01 7.541268E-01 7.796787E-01 8.061329E-01 8.335680E-01 8.620167E-01 8.914590E-01 9.220163E-01 9.534106E-01 9.859923E-01 1.019699 1.054500 1.090320 1.127288 1.165395 1.204507 1.244732 1.286085 1.328437 1.371752 1.415980 1.461082 1.506966 1.553605 1.600862 1.648623 1.696800 1.745116 1.793538 1.841871 1.889960 1.937494 1.984449 2.030469 2.075365 2.118942 2.160880 2.201064 2.239249 2.275125 2.308556 2.339289 2.367118 2.391928 2.413475 2.431643 2.446375 2.457520 2.464945 2.468703 2.468690 2.464990 2.457505 2.446409 2.431674 2.413481 2.391911 2.367172 2.339294 2.308548 2.275190
7.517671E-01 7.777934E-01 8.047084E-01 8.326619E-01 8.615649E-01 8.916108E-01 9.229066E-01 9.551463E-01 9.886904E-01 1.023257 1.059194 1.096265 1.134507 1.174042 1.214950 1.256967 1.300277 1.344763 1.390448 1.437245 1.485203 1.534174 1.584013 1.634813 1.686386 1.738565 1.791298 1.844340 1.897522 1.950672 2.003684 2.056260 2.108096 2.159065 2.208878 2.257227 2.303918 2.348650 2.391177 2.431204 2.468470 2.502804 2.533945 2.561633 2.585738 2.606123 2.622604 2.635020 2.643355 2.647587 2.647563 2.643380 2.635030 2.622598 2.606107 2.585778 2.561648 2.533902 2.502782 2.468468 2.431146
7.747684E-01 8.020331E-01 8.304377E-01 8.598392E-01 8.905142E-01 9.222944E-01 9.553474E-01 9.896064E-01 1.025187 1.061946 1.100213 1.139754 1.180713 1.223042 1.266734 1.311928 1.358506 1.406511 1.455838 1.506480 1.558467 1.611611 1.665917 1.721282 1.777593 1.834717 1.892447 1.950729 2.009251 2.067893 2.126382 2.184547 2.241971 2.298541 2.353916 2.407677 2.459746 2.509619 2.557091 2.601795 2.643549 2.681914 2.716787 2.747848 2.774919 2.797751 2.816227 2.830225 2.839606 2.844261 2.844306 2.839586 2.830221 2.816222 2.797738 2.774887 2.747849 2.716781 2.681909 2.643502 2.601818
7.983570E-01 8.271073E-01 8.569358E-01 8.879953E-01 9.202704E-01 9.539902E-01 9.889292E-01 1.025193 1.063036 1.102181 1.142987 1.185085 1.228840 1.274258 1.321124 1.369671 1.419799 1.471523 1.524866 1.579696 1.636023 1.693782 1.752958 1.813413 1.874924 1.937524 2.000876 2.064965 2.129489 2.194235 2.258974 2.323329 2.387203 2.450063 2.511674 2.571679 2.629749 2.685538 2.738585 2.788719 2.835521 2.878552 2.917717 2.952645 2.983062 3.008708 3.029497 3.045246 3.055781 3.061048 3.061088 3.055788 3.045219 3.029519 3.008725 2.983046 2.952623 2.917725 2.878617 2.835451 2.788724
8.225676E-01 8.527340E-01 8.842139E-01 9.169586E-01 9.510677E-01 9.866364E-01 1.023668 1.062157 1.102361 1.143995 1.187318 1.232425 1.279163 1.327697 1.378070 1.430192 1.484174 1.540047 1.597605 1.657098 1.718257 1.781036 1.845507 1.911565 1.978885 2.047547 2.117189 2.187805 2.259055 2.330652 2.402389 2.473830 2.544786 2.614830 2.683625 2.750654 2.815591 2.878102 2.937684 2.993897 3.046455 3.094940 3.138987 3.178311 3.212538 3.241490 3.264957 3.282723 3.294606 3.300566 3.300549 3.294556 3.282651 3.264949 3.241514 3.212529 3.178290 3.139015 3.094942 3.046464 2.993911
8.473474E-01 8.791540E-01 9.122083E-01 9.467563E-01 9.828097E-01 1.020351 1.059590 1.100412 1.142973 1.187298 1.233535 1.281631 1.331590 1.383580 1.437566 1.493698 1.551857 1.612069 1.674370 1.738821 1.805210 1.873601 1.943974 2.016133 2.089964 2.165395 2.242048 2.319917 2.398637 2.477995 2.557585 2.637119 2.716148 2.794348 2.871242 2.946318 3.019200 3.089344 3.156363 3.219674 3.278863 3.333555 3.383242 3.427588 3.466252 3.499011 3.525455 3.545526 3.559009 3.565754 3.565724 3.559014 3.545549 3.525489 3.499025 3.466293 3.427639 3.383246 3.333555 3.278880 3.219640
8.727304E-01 9.061083E-01 9.409642E-01 9.774458E-01 1.015451 1.055191 1.096628 1.139990 1.185106 1.232221 1.281473 1.332801 1.386254 1.441915 1.499902 1.560147 1.622844 1.687827 1.755363 1.825163 1.897339 1.971889 2.048727 2.127690 2.208650 2.291585 2.376115 2.462131 2.549293 2.637303 2.725839 2.814494 2.902777 2.990216 3.076390 3.160685 3.242668 3.321658 3.397098 3.468593 3.535461 3.597229 3.653446 3.703679 3.747479 3.784553 3.814572 3.837295 3.852498 3.860153 3.860175 3.852563 3.837287 3.814532 3.784546 3.747505 3.703670 3.653439 3.597229 3.535444 3.468552
8.988223E-01 9.338953E-01 9.705787E-01 1.008919 1.048996 1.090923 1.134775 1.180781 1.228752 1.278794 1.331239 1.385979 1.443130 1.502835 1.564995 1.629822 1.697421 1.767571 1.840638 1.916388 1.994941 2.076179 2.160075 2.246616 2.335559 2.426813 2.520139 2.615264 2.711960 2.809841 2.908500 3.007464 3.106247 3.204354 3.301113 3.396042 3.488381 3.577517 3.662834 3.743641 3.819424 3.889424 3.953196 4.010163 4.059920 4.101989 4.136063 4.161919 4.179211 4.187893 4.187926 4.179211 4.161875 4.136060 4.101978 4.059910 4.010184 3.953176 3.889443 3.819388 3.743685
9.254108E-01 9.622022E-01 1.000727 1.041238 1.083498 1.127836 1.174216 1.222848 1.273780 1.327047 1.382874 1.441267 1.502362 1.566252 1.633038 1.702757 1.775519 1.851444 1.930444 2.012749 2.098203 2.186804 2.278586 2.373433 2.471251 2.571826 2.674949 2.780389 2.887776 2.996802 3.106886 3.217642 3.328489 3.438732 3.547763 3.654764 3.759168 3.860041 3.956731 4.048490 4.134444 4.214019 4.286534 4.351344 4.407988 4.455881 4.494710 4.524096 4.543803 4.553713 4.553745 4.543808 4.524109 4.494657 4.455847 4.407939 4.351367 4.286522 4.214039 4.134451 4.048443
9.526191E-01 9.912656E-01 1.031863 1.074345 1.118910 1.165749 1.214760 1.266285 1.320272 1.376991 1.436335 1.498648 1.563989 1.632359 1.704051 1.779083 1.857508 1.939505 2.025080 2.114421 2.207466 2.304174 2.404666 2.508731 2.616326 2.727297 2.841413 2.958425 3.077931 3.199558 3.322749 3.446987 3.571565 3.695813 3.818866 3.939959 4.058277 4.172726 4.282624 4.386950 4.484899 4.575601 4.658268 4.732215 4.796834 4.851537 4.895817 4.929403 4.951917 4.963250 4.963213 4.951937 4.929360 4.895802 4.851485 4.796804 4.732233 4.658256 4.575588 4.484905 4.386979
9.802540E-01 1.020872 1.063457 1.108237 1.155206 1.204568 1.256506 1.310916 1.368245 1.428461 1.491700 1.558120 1.627872 1.701204 1.778057 1.858810 1.943347 2.031911 2.124711 2.221662 2.322987 2.428631 2.538649 2.652952 2.771485 2.894114 3.020537 3.150615 3.283784 3.419746 3.557874 3.697461 3.837903 3.978223 4.117566 4.254961 4.389332 4.519704 4.644932 4.764006 4.875821 4.979440 5.073958 5.158633 5.232488 5.295120 5.345805 5.384243 5.410013 5.422979 5.422999 5.410036 5.384250 5.345817 5.295105 5.232518 5.158571 5.074021 4.979462 4.875797 4.763980
1.008605 1.051118 1.095810 1.142906 1.192393 1.244481 1.299297 1.356990 1.417745 1.481590 1.548910 1.619713 1.694293 1.772697 1.855231 1.941934 2.033098 2.128815 2.229382 2.334790 2.445067 2.560509 2.681037 2.806682 2.937428 3.072998 3.213334 3.358012 3.506807 3.659022 3.814180 3.971491 4.130113 4.289020 4.447252 4.603538 4.756819 4.905597 5.048785 5.185022 5.313165 5.431966 5.540380 5.637394 5.722206 5.794031 5.852218 5.896288 5.925869 5.940758 5.940722 5.925875 5.896297 5.852210 5.794029 5.722202 5.637406 5.540366 5.431968 5.313174 5.185029
1.037359 1.081889 1.128798 1.178272 1.230441 1.285309 1.343187 1.404205 1.468581 1.536395 1.607982 1.683432 1.762951 1.846896 1.935461 2.028744 2.127016 2.230438 2.339290 2.453797 2.574048 2.700218 2.832356 2.970574 3.114772 3.264894 3.420784 3.582108 3.748450 3.919278 4.093932 4.271596 4.451270 4.631730 4.811918 4.990304 5.165531 5.336006 5.500221 5.656694 5.803863 5.940489 6.065179 6.176808 6.274355 6.356907 6.423839 6.474580 6.508580 6.525674 6.525690 6.508588 6.474574 6.423867 6.356967 6.274344 6.176797 6.065158 5.940475 5.803888 5.656663
1.066515 1.113286 1.162485 1.214440 1.269241 1.327085 1.388193 1.452672 1.520753 1.592811 1.668839 1.749160 1.834147 1.923934 2.018781 2.119031 2.224913 2.336681 2.454660 2.579082 2.710094 2.848048 2.993024 3.145097 3.304314 3.470634 3.644027 3.824095 4.010426 4.202526 4.399624 4.600654 4.804761 5.010384 5.216142 5.420431 5.621396 5.817354 6.006343 6.186566 6.356328 6.513869 6.657707 6.786486 6.899006 6.994231 7.071379 7.129781 7.169027 7.188723 7.188683 7.169008 7.129814 7.071394 6.994197 6.898943 6.786451 6.657666 6.513844 6.356308 6.186586
1.096067 1.145049 1.196694 1.251206 1.308847 1.369762 1.434144 1.502322 1.574396 1.650681 1.731465 1.817034 1.907689 2.003642 2.105312 2.212993 2.327061 2.447761 2.575554 2.710703 2.853490 3.004302 3.163304 3.330719 3.506685 3.691221 3.884248 4.085494 4.294600 4.510974 4.733822 4.962020 5.194412 5.429339 5.665214 5.899869 6.131330 6.357310 6.575594 6.783949 6.980286 7.162601 7.329020 7.477943 7.608049 7.718171 7.807315 7.874790 7.920056 7.942762 7.942790 7.920057 7.874811 7.807307 7.718159 7.608057 7.477973 7.329010 7.162601 6.980317 6.783979
1.126164 1.177321 1.231336 1.288593 1.349132 1.413177 1.481073 1.552997 1.629293 1.710083 1.795850 1.886881 1.983467 2.086028 2.194895 2.310522 2.433286 2.563593 2.701962 2.848735 3.004359 3.169187 3.343688 3.528021 3.722610 3.927387 4.142488 4.367770 4.602786 4.846961 5.099515 5.359191 5.624621 5.893952 6.165078 6.435716 6.703174 6.964872 7.217957 7.459750 7.687650 7.899265 8.092438 8.265181 8.416004 8.543557 8.646746 8.724843 8.777202 8.803482 8.803505 8.777221 8.724836 8.646762 8.543536 8.416028 8.265181 8.092402 7.899272 7.687663 7.459747
1.156533 1.210024 1.266620 1.326539 1.390127 1.457452 1.528889 1.604800 1.685406 1.770969 1.861935 1.958590 2.061524 2.170993 2.287484 2.411579 2.543602 2.684303 2.833990 2.993284 3.162801 3.343004 3.534421 3.737530 3.952622 4.180089 4.420016 4.672359 4.936880 5.212994 5.499823 5.796137 6.100224 6.409953 6.722911 7.036149 7.346539 7.650764 7.945382 8.227054 8.492581 8.739054 8.963869 9.164829 9.340066 9.488167 9.607893 9.698367 9.759022 9.789398 9.789447 9.758995 9.698370 9.607868 9.488145 9.340083 9.164831 8.963871 8.739020 8.492596 8.227055
1.187175 1.242983 1.302171 1.365070 1.431595 1.502434 1.577576 1.657555 1.742537 1.833105 1.929498 2.032237 2.141670 2.258449 2.383078 2.516105 2.658085 2.809648 2.971565 3.144399 3.328938 3.525871 3.735785 3.959472 4.197364 4.450065 4.717851 5.000897 5.299005 5.611757 5.938268 6.277188 6.626591 6.984075 7.346652 7.710794 8.072538 8.427834 8.772249 9.101708 9.412269 9.700303 9.962798 10.197202 10.401271 10.573484 10.712516 10.817526 10.887836 10.923120 10.923109 10.887861 10.817520 10.712540 10.573463 10.401255 10.197139 9.962814 9.700303 9.412248 9.101714
1.218115 1.276344 1.338228 1.403847 1.473731 1.547937 1.626958 1.711189 1.800833 1.896484 1.998552 2.107479 2.223920 2.348375 2.481455 2.623863 2.776374 2.939673 3.114587 3.301940 3.502691 3.717706 3.947870 4.194075 4.457206 4.737984 5.037039 5.354714 5.691065 6.045898 6.418328 6.806988 7.209855 7.623951 8.045774 8.470982 8.894600 9.311414 9.715972 10.103017 10.467628 10.805486 11.112944 11.386896 11.625042 11.825626 11.987332 12.109262 12.190861 12.231722 12.231710 12.190829 12.109267 11.987307 11.825610 11.625045 11.386903 11.112943 10.805502 10.467645 10.103024
1.249080 1.309861 1.374411 1.443063 1.516180 1.594003 1.677043 1.765549 1.859991 1.960990 2.068904 2.184290 2.307982 2.440394 2.582442 2.734796 2.898412 3.074079 3.262859 3.465824 3.683941 3.918488 4.170689 4.441560 4.732482 5.044415 5.378308 5.735026 6.114907 6.518024 6.943695 7.390653 7.856519 8.338128 8.831051 9.329972 9.828622 10.320231 10.797851 11.254686 11.684613 12.082298 12.443364 12.764330 13.042650 13.276539 13.464702 13.606339 13.700982 13.748374 13.748406 13.701011 13.606354 13.464695 13.276527 13.042673 12.764325 12.443363 12.082297 11.684637 11.254691
1.280266 1.343548 1.410879 1.482615 1.559029 1.640550 1.727610 1.820572 1.919979 2.026391 2.140416 2.262562 2.393713 2.534517 2.685812 2.848601 3.023907 3.212691 3.416194 3.635673 3.872520 4.128148 4.404082 4.701895 5.023180 5.369518 5.742294 6.142892 6.572202 7.030616 7.518005 8.033147 8.573784 9.136062 9.714921 10.303521 10.893836 11.477088 12.044089 12.586119 13.095260 13.565068 13.990231 14.366984 14.692653 14.965538 15.184481 15.348964 15.458694 15.513587 15.513594 15.458705 15.348953 15.184465 14.965508 14.692698 14.367012 13.990238 13.565046 13.095281 12.586067
1.311472 1.377284 1.447430 1.522207 1.602067 1.687344 1.778484 1.876098 1.980592 2.092635 2.212887 2.341996 2.480947 2.630388 2.791453 2.965107 3.152616 3.355137 3.574220 3.811227 4.067929 4.346122 4.647686 4.974633 5.329166 5.713284 6.129233 6.578950 7.064100 7.585870 8.144668 8.739800 9.369092 10.028434 10.711617 11.410196 12.113667 12.810172 13.487539 14.134149 14.740005 15.296903 15.798890 16.241795 16.623089 16.941334 17.195938 17.386721 17.513790 17.577263 17.577286 17.513788 17.386736 17.195927 16.941341 16.623066 16.241798 15.798876 15.296909 14.740033 14.134213
1.342610 1.411053 1.484038 1.561959 1.645305 1.734365 1.829738 1.931979 2.041673 2.159460 2.286150 2.422479 2.569371 2.727790 2.898920 3.083908 3.284124 3.501106 3.736462 3.992040 4.269756 4.571988 4.900949 5.259312 5.649834 6.075354 6.538816 7.043240 7.591284 8.185146 8.826393 9.515232 10.249952 11.026417 11.837358 12.672081 13.516603 14.354798 15.169880 15.946160 16.670448 17.332912 17.926691 18.447802 18.894125 19.265007 19.560595 19.781450 19.928228 20.001448 20.001450 19.928207 19.781446 19.560600 19.265007 18.894133 18.447783 17.926697 17.332874 16.670458 15.946137
1.373702 1.444731 1.520573 1.601685 1.688471 1.781401 1.881101 1.988131 2.103117 2.226763 2.359981 2.503618 2.658760 2.826386 3.007896 3.204602 3.418054 3.650034 3.902421 4.177399 4.477304 4.804876 5.163015 5.555008 5.984284 6.454685 6.970275 7.535112 8.153455 8.829049 9.565013 10.363250 11.223289 12.141618 13.110036 14.115137 15.138071 16.155981 17.144983 18.083294 18.953669 19.744093 20.447517 21.060555 21.582430 22.013775 22.356041 22.610907 22.779877 22.864101 22.864098 22.779905 22.610924 22.356043 22.013754 21.582417 21.060564 20.447508 19.744085 18.953651 18.083313
1.404554 1.478194 1.556947 1.641250 1.731559 1.828461 1.932403 2.044310 2.164599 2.294268 2.434183 2.585333 2.748801 2.925931 3.118091 3.326826 3.553962 3.801393 4.071458 4.366686 4.689816 5.044101 5.432981 5.860575 6.331254 6.849961 7.421955 8.053090 8.749278 9.516573 10.360592 11.285926 12.294590 13.384890 14.548837 15.769955 17.022306 18.272291 19.484436 20.627386 21.678402 22.623871 23.457447 24.177778 24.786469 25.286526 25.681370 25.974287 26.167990 26.264334 26.264362 26.167982 25.974274 25.681366 25.286495 24.786484 24.177790 23.457432 22.623873 21.678427 20.627405
1.435015 1.511388 1.593048 1.680542 1.774445 1.875303 1.983613 2.100327 2.226081 2.361776 2.508401 2.667162 2.839189 3.025941 3.228994 3.450054 3.691144 3.954582 4.242912 4.559008 4.906198 5.288237 5.709382 6.174436 6.688997 7.259051 7.891661 8.594501 9.375925 10.245007 11.210855 12.282241 13.465909 14.764451 16.172474 17.671312 19.224941 20.781754 22.285425 23.689455 24.964415 26.096634 27.083220 27.927143 28.634291 29.211281 29.664486 29.999321 30.220133 30.329821 30.329807 30.220150 29.999346 29.664486 29.211287 28.634304 27.927162 27.083200 26.096630 24.964426 23.689468
