T1-compare/model-f.grd
DSAA
         100         100
  -15.00000       15.00000    
  -15.00000       15.00000    
  0.7096778       99.30827    
[rows 28 to 55 of 100, columns 0 to 62 of 100]
1.496994 1.578531 1.665988 1.759889 1.860849 1.969523 2.086663 2.213089 2.349747 2.497664 2.658028 2.832146 3.021530 3.227859 3.453069 3.699336 3.969169 4.265414 4.591372 4.950790 5.348050 5.788166 6.276998 6.821316 7.429058 8.109432 8.873286 9.733236 10.70415 11.80333 13.05101 14.47038 16.08739 17.92882 20.01639 22.34977 24.87105 27.43280 29.85373 32.02176 33.90664 35.51880 36.88159 38.01980 38.95582 39.70855 40.29327 40.72183 41.00285 41.14198 41.14198 41.00286 40.72184 40.29329 39.70856 38.95585 38.01983 36.88164 35.51884 33.90669 32.02182 29.85380 27.43288
1.526213 1.610315 1.700650 1.797698 1.902195 2.014754 2.136271 2.267535 2.409651 2.563637 2.730871 2.912670 3.110781 3.326925 3.563339 3.822296 4.106684 4.419532 4.764654 5.146112 5.568992 6.038840 6.562533 7.147729 7.803897 8.541749 9.374559 10.31758 11.38977 12.61334 14.01604 15.63091 17.49944 19.67050 22.20048 25.13221 28.42522 31.81726 34.94240 37.63715 39.90839 41.80756 43.38687 44.69009 45.75215 46.60045 47.25606 47.73479 48.04794 48.20272 48.20274 48.04794 47.73481 47.25607 46.60047 45.75217 44.69012 43.38691 41.80761 39.90845 37.63723 34.94249 31.81737
1.554814 1.641406 1.734621 1.834735 1.942768 2.059129 2.185022 2.321031 2.468608 2.628565 2.802672 2.992052 3.198897 3.424760 3.672396 3.943947 4.242925 4.572297 4.936654 5.340101 5.788733 6.288324 6.847118 7.473326 8.178356 8.974067 9.876662 10.90366 12.07881 13.42890 14.99039 16.80633 18.93652 21.45507 24.46453 28.07376 32.29864 36.71713 40.67154 43.95107 46.63607 48.83636 50.64006 52.11306 53.30410 54.24992 54.97764 55.50738 55.85310 56.02379 56.02380 55.85310 55.50739 54.97765 54.24994 53.30412 52.11310 50.64011 48.83642 46.63614 43.95116 40.67164 36.71726
1.582676 1.671732 1.767756 1.870905 1.982396 2.102519 2.232698 2.373409 2.526346 2.692223 2.873087 3.069985 3.285438 3.520944 3.779656 4.063710 4.377115 4.722902 5.106296 5.531599 6.005745 6.534911 7.128508 7.795491 8.548987 9.402207 10.37401 11.48441 12.76157 14.23707 15.95546 17.96986 20.35701 23.21497 26.68694 30.93669 36.01610 41.36536 46.08941 49.92693 53.01326 55.50829 57.53282 59.17340 60.49205 61.53445 62.33367 62.91401 63.29207 63.47855 63.47856 63.29207 62.91403 62.33368 61.53448 60.49208 59.17344 57.53287 55.50837 53.01334 49.92704 46.08954 41.36553
1.609698 1.701192 1.799929 1.906080 2.020921 2.144766 2.279108 2.424463 2.582617 2.754343 2.941802 3.146126 3.369990 3.615018 3.884569 4.180968 4.508504 4.870487 5.272547 5.719396 6.218556 6.776835 7.404521 8.111565 8.912442 9.821971 10.86119 12.05279 13.42865 15.02512 16.89345 19.09586 21.72221 24.88880 28.76376 33.53629 39.25542 45.28038 50.59985 54.90593 58.34837 61.11375 63.34502 65.14453 66.58527 67.72060 68.58895 69.21830 69.62777 69.82958 69.82959 69.62777 69.21832 68.58896 67.72062 66.58530 65.14458 63.34507 61.11382 58.34845 54.90605 50.60000 45.28057
1.635805 1.729675 1.831046 1.940122 2.058219 2.185689 2.324086 2.473974 2.637212 2.814644 3.008533 3.220108 3.452176 3.706502 3.986632 4.295081 4.636402 5.014189 5.434435 5.902279 6.425772 7.012356 7.673110 8.418957 9.265594 10.22934 11.33319 12.60229 14.07168 15.78181 17.78935 20.16354 23.00337 26.43637 30.64248 35.81722 41.99715 48.49890 54.25704 58.93314 62.67382 65.67531 68.09227 70.03733 71.59137 72.81377 73.74730 74.42310 74.86241 75.07883 75.07883 74.86242 74.42311 73.74731 72.81380 71.59141 70.03737 68.09234 65.67538 62.67392 58.93327 54.25721 48.49910
1.660908 1.757073 1.860993 1.972901 2.094148 2.225134 2.367454 2.521736 2.689897 2.872864 3.072983 3.291590 3.531609 3.794950 4.085324 4.405452 4.760112 5.153187 5.591005 6.079115 6.626052 7.239859 7.932344 8.715310 9.605560 10.62078 11.78563 13.12736 14.68366 16.49826 18.63190 21.15876 24.18358 27.83978 32.31158 37.79345 44.31049 51.15652 57.23996 62.20357 66.18713 69.38840 71.96718 74.04176 75.69828 77.00033 77.99400 78.71290 79.18002 79.41007 79.41007 79.18002 78.71291 77.99400 77.00036 75.69833 74.04182 71.96725 69.38849 66.18723 62.20370 57.24013 51.15673
1.684916 1.783289 1.889659 2.004290 2.128571 2.262938 2.409034 2.567544 2.740448 2.928744 3.134863 3.360237 3.607912 3.879926 4.180151 4.511499 4.878967 5.286704 5.741355 6.248840 6.818151 7.457870 8.180459 8.998526 9.929832 10.99323 12.21482 13.62358 15.25928 17.16815 19.41383 22.07375 25.25591 29.09641 33.78032 39.49922 46.27019 53.37387 59.70387 64.89160 69.07093 72.43834 75.15519 77.34267 79.08994 80.46337 81.51144 82.26958 82.76215 83.00471 83.00471 82.76215 82.26960 81.51146 80.46340 79.08997 77.34272 75.15527 72.43842 69.07104 64.89175 59.70405 53.37409
1.707752 1.808233 1.916943 2.034176 2.161353 2.298954 2.448663 2.611217 2.788656 2.982048 3.193900 3.425743 3.680727 3.961024 4.270649 4.612691 4.992356 5.414035 5.884661 6.410498 7.000949 7.665082 8.415940 9.266821 10.23632 11.34427 12.61794 14.08770 15.79490 17.78759 20.13139 22.90570 26.22026 30.21213 35.06580 40.96995 47.93584 55.23622 61.75631 67.12021 71.45707 74.96141 77.79457 80.07892 81.90521 83.34161 84.43808 85.23137 85.74683 86.00066 86.00067 85.74683 85.23138 84.43810 83.34164 81.90527 80.07896 77.79465 74.96150 71.45718 67.12037 61.75649 55.23644
1.729323 1.831804 1.942737 2.062440 2.192369 2.333035 2.486176 2.652567 2.834308 3.032532 3.249827 3.487803 3.749717 4.037855 4.356374 4.708526 5.099702 5.534519 6.020173 6.563231 7.173466 7.860366 8.637488 9.518719 10.52334 11.67201 12.99294 14.51753 16.28834 18.35470 20.78348 23.65528 27.08060 31.19663 36.18689 42.23763 49.35624 56.81034 63.47950 68.98315 73.44704 77.06379 79.99415 82.36068 84.25497 85.74610 86.88503 87.70937 88.24514 88.50900 88.50902 88.24514 87.70938 86.88505 85.74612 84.25502 82.36074 79.99422 77.06389 73.44716 68.98331 63.47969 56.81057
1.749558 1.853921 1.966945 2.088973 2.221492 2.365048 2.521417 2.691422 2.877216 3.079987 3.302398 3.546141 3.814565 4.110064 4.436926 4.798546 5.200489 5.647570 6.147223 6.706289 7.334854 8.042780 8.844050 9.753054 10.78965 11.97514 13.33846 14.91183 16.73866 18.86913 21.37094 24.32529 27.84299 32.06094 37.16164 43.32944 50.56885 58.14407 64.93130 70.54663 75.11326 78.82218 81.83331 84.26904 86.22123 87.75943 88.93516 89.78658 90.34013 90.61282 90.61282 90.34013 89.78661 88.93518 87.75946 86.22128 84.26910 81.83338 78.82228 75.11338 70.54679 64.93150 58.14431
1.768383 1.874503 1.989477 2.113676 2.248611 2.394864 2.554245 2.727621 2.917193 3.124205 3.351388 3.600500 3.874981 4.177330 4.511941 4.882341 5.294256 5.752676 6.265243 6.839033 7.484404 8.211545 9.034795 9.968950 11.03434 12.25277 13.65375 15.27009 17.14580 19.33165 21.89578 24.91972 28.51428 32.81598 38.00639 44.26839 51.60455 59.27671 66.15842 71.86356 76.51352 80.29793 83.37594 85.86960 87.87070 89.44901 90.65633 91.53109 92.10004 92.38036 92.38038 92.10004 91.53110 90.65633 89.44904 87.87075 85.86965 83.37602 80.29803 76.51363 71.86372 66.15862 59.27694
1.785726 1.893471 2.010246 2.136449 2.273617 2.422361 2.584525 2.761012 2.954071 3.164999 3.396579 3.650642 3.930706 4.239350 4.581083 4.959544 5.380597 5.849386 6.373732 6.960919 7.621543 8.366051 9.209085 10.16578 11.25683 12.50444 13.93854 15.59239 17.51039 19.74368 22.36069 25.44304 29.10144 33.47197 38.73545 45.07359 52.48746 60.23721 67.19481 72.97246 77.69009 81.53632 84.66956 87.21141 89.25355 90.86575 92.09991 92.99461 93.57675 93.86368 93.86368 93.57677 92.99462 92.09992 90.86578 89.25360 87.21146 84.66962 81.53642 77.69022 72.97262 67.19501 60.23746
1.801524 1.910751 2.029175 2.157203 2.296410 2.447428 2.612132 2.791460 2.987700 3.202200 3.437786 3.696357 3.981496 4.295870 4.644066 5.029839 5.459159 5.937319 6.472287 7.071517 7.745811 8.505836 9.366472 10.34313 11.45679 12.72997 14.19291 15.87916 17.83343 20.10708 22.76867 25.89984 29.61109 34.03814 39.36117 45.76102 53.23774 61.05022 68.06909 73.90536 78.67800 82.57474 85.75336 88.33515 90.41150 92.05209 93.30885 94.22043 94.81377 95.10626 95.10627 94.81378 94.22045 93.30889 92.05213 90.41154 88.33521 85.75346 82.57484 78.67813 73.90553 68.06930 61.05046
1.815721 1.926280 2.046183 2.175863 2.316905 2.469968 2.636956 2.818839 3.017942 3.235646 3.474834 3.737456 4.027150 4.346653 4.700638 5.092942 5.529647 6.016151 6.560558 7.170473 7.856853 8.630547 9.506641 10.50075 11.63408 12.92939 14.41714 16.13111 18.11619 20.42385 23.12275 26.29443 30.04925 34.52257 39.89405 46.34388 53.87120 61.73411 68.80232 74.68596 79.50317 83.44103 86.65683 89.27145 91.37608 93.04028 94.31588 95.24158 95.84432 96.14148 96.14149 95.84431 95.24161 94.31591 93.04031 91.37612 89.27151 86.65692 83.44113 79.50330 74.68613 68.80252 61.73435
1.828260 1.939999 2.061213 2.192350 2.335015 2.489887 2.658897 2.843038 3.044669 3.265209 3.507576 3.773769 4.067477 4.391501 4.750579 5.148624 5.591806 6.085621 6.638278 7.257507 7.954398 8.739946 9.629396 10.63853 11.78872 13.10290 14.61171 16.34907 18.35998 20.69601 23.42580 26.63084 30.42129 34.93224 40.34294 46.83305 54.40118 62.30470 69.41259 75.33437 80.18752 84.15865 87.40462 90.04602 92.17379 93.85738 95.14856 96.08591 96.69641 96.99749 96.99749 96.69643 96.08593 95.14856 93.85741 92.17385 90.04607 87.40472 84.15874 80.18764 75.33452 69.41280 62.30495
1.839095 1.951855 2.074203 2.206602 2.350672 2.507109 2.677868 2.863961 3.067779 3.290765 3.535879 3.805153 4.102326 4.430244 4.793706 5.196686 5.645428 6.145507 6.705226 7.332410 8.038255 8.833871 9.734631 10.75644 11.92081 13.25080 14.77716 16.53391 18.56615 20.92546 23.68048 26.91260 30.73185 35.27306 40.71518 47.23748 54.83806 62.77379 69.91325 75.86536 80.74721 84.74496 88.01515 90.67811 92.82459 94.52388 95.82767 96.77456 97.39140 97.69564 97.69564 97.39141 96.77456 95.82768 94.52391 92.82463 90.67816 88.01524 84.74506 80.74733 75.86552 69.91344 62.77405
1.848189 1.961807 2.085107 2.218565 2.363813 2.521569 2.693791 2.881525 3.087177 3.312216 3.559633 3.831490 4.131563 4.462743 4.829867 5.236970 5.690349 6.195650 6.761238 7.395020 8.108279 8.912222 9.822300 10.85452 12.03050 13.37339 14.91402 16.68648 18.73591 21.11391 23.88908 27.14276 30.98484 35.54995 41.01681 47.56437 55.19042 63.15149 70.31565 76.29156 81.19592 85.21458 88.50385 91.18382 93.34510 95.05685 96.37069 97.32513 97.94703 98.25381 98.25381 97.94704 97.32513 96.37070 95.05689 93.34515 91.18388 88.50394 85.21468 81.19603 76.29172 70.31586 63.15173
1.855504 1.969813 2.093881 2.228191 2.374388 2.533201 2.706606 2.895659 3.102786 3.329477 3.578743 3.852675 4.155078 4.488872 4.858937 5.269342 5.726434 6.235903 6.806180 7.445223 8.164383 8.974930 9.892392 10.93285 12.11798 13.47101 15.02282 16.80755 18.87035 21.26284 24.05360 27.32388 31.18347 35.76688 41.25262 47.81942 55.46483 63.44506 70.62801 76.62198 81.54346 85.57809 88.88190 91.57490 93.74752 95.46882 96.79038 97.75066 98.37644 98.68519 98.68519 98.37647 97.75067 96.79041 95.46886 93.74757 91.57496 88.88200 85.57819 81.54360 76.62215 70.62821 63.44532
1.861015 1.975846 2.100491 2.235442 2.382356 2.541966 2.716261 2.906307 3.114546 3.342482 3.593139 3.868633 4.172787 4.508547 4.880818 5.293703 5.753581 6.266176 6.839961 7.482936 8.206502 9.021973 9.944929 10.99150 12.18342 13.54394 15.10399 16.89775 18.97037 21.37347 24.17559 27.45796 31.33027 35.92693 41.42633 48.00703 55.66642 63.66054 70.85703 76.86404 81.79789 85.84402 89.15836 91.86077 94.04161 95.76985 97.09701 98.06151 98.69017 99.00031 99.00031 98.69017 98.06153 97.09703 95.76990 94.04166 91.86084 89.15847 85.84412 81.79801 76.86421 70.85723 63.66079
1.864700 1.979880 2.104912 2.240292 2.387686 2.547830 2.722719 2.913430 3.122411 3.351178 3.602766 3.879303 4.184629 4.521701 4.895446 5.309983 5.771719 6.286397 6.862514 7.508105 8.234598 9.053335 9.979935 11.03055 12.22696 13.59242 15.15791 16.95759 19.03666 21.44671 24.25626 27.54651 31.42711 36.03240 41.54066 48.13038 55.79881 63.80188 71.00716 77.02261 81.96445 86.01807 89.33925 92.04778 94.23396 95.96671 97.29754 98.26479 98.89528 99.20638 99.20638 98.89529 98.26481 97.29755 95.96675 94.23401 92.04784 89.33933 86.01817 81.96460 77.02278 71.00735 63.80214
1.866547 1.981901 2.107126 2.242724 2.390357 2.550768 2.725955 2.916999 3.126352 3.355536 3.607593 3.884649 4.190559 4.528292 4.902771 5.318136 5.780797 6.296518 6.873801 7.520700 8.248652 9.069019 9.997430 11.05006 12.24869 13.61662 15.18480 16.98743 19.06968 21.48317 24.29639 27.59053 31.47523 36.08476 41.59739 48.19154 55.86444 63.87193 71.08151 77.10113 82.04692 86.10418 89.42873 92.14027 94.32908 96.06408 97.39669 98.36530 98.99673 99.30824 99.30827 98.99673 98.36533 97.39671 96.06412 94.32914 92.14034 89.42883 86.10429 82.04704 77.10130 71.08171 63.87218
1.866548 1.981901 2.107126 2.242724 2.390356 2.550769 2.725957 2.916999 3.126353 3.355536 3.607593 3.884651 4.190562 4.528292 4.902772 5.318138 5.780798 6.296518 6.873801 7.520700 8.248652 9.069021 9.997433 11.05007 12.24870 13.61662 15.18480 16.98743 19.06968 21.48317 24.29639 27.59053 31.47523 36.08475 41.59739 48.19155 55.86445 63.87193 71.08151 77.10113 82.04692 86.10418 89.42873 92.14028 94.32908 96.06408 97.39669 98.36531 98.99673 99.30826 99.30826 98.99673 98.36533 97.39671 96.06412 94.32914 92.14034 89.42883 86.10428 82.04704 77.10130 71.08171 63.87218
1.864701 1.979881 2.104912 2.240294 2.387687 2.547830 2.722720 2.913431 3.122412 3.351179 3.602767 3.879304 4.184631 4.521704 4.895447 5.309985 5.771718 6.286397 6.862514 7.508105 8.234598 9.053337 9.979935 11.03055 12.22696 13.59242 15.15791 16.95759 19.03666 21.44671 24.25626 27.54650 31.42711 36.03240 41.54066 48.13038 55.79881 63.80188 71.00714 77.02261 81.96445 86.01807 89.33924 92.04777 94.23396 95.96671 97.29752 98.26479 98.89528 99.20636 99.20636 98.89529 98.26480 97.29754 95.96675 94.23399 92.04784 89.33933 86.01815 81.96458 77.02277 71.00735 63.80213
1.861016 1.975847 2.100492 2.235445 2.382358 2.541969 2.716264 2.906311 3.114547 3.342483 3.593142 3.868635 4.172791 4.508551 4.880819 5.293705 5.753582 6.266179 6.839962 7.482940 8.206505 9.021974 9.944931 10.99150 12.18342 13.54394 15.10400 16.89775 18.97037 21.37347 24.17559 27.45796 31.33027 35.92693 41.42633 48.00703 55.66642 63.66053 70.85701 76.86404 81.79787 85.84399 89.15836 91.86076 94.04159 95.76984 97.09701 98.06149 98.69016 99.00029 99.00030 98.69017 98.06151 97.09703 95.76987 94.04165 91.86081 89.15845 85.84411 81.79800 76.86420 70.85722 63.66078
1.855505 1.969813 2.093883 2.228193 2.374392 2.533204 2.706609 2.895662 3.102788 3.329481 3.578747 3.852680 4.155081 4.488874 4.858940 5.269344 5.726435 6.235903 6.806181 7.445225 8.164386 8.974931 9.892393 10.93285 12.11799 13.47101 15.02282 16.80755 18.87036 21.26284 24.05360 27.32388 31.18347 35.76688 41.25261 47.81942 55.46482 63.44505 70.62798 76.62196 81.54345 85.57808 88.88189 91.57487 93.74750 95.46881 96.79037 97.75061 98.37643 98.68516 98.68516 98.37644 97.75063 96.79039 95.46883 93.74755 91.57494 88.88199 85.57817 81.54358 76.62213 70.62819 63.44530
1.848190 1.961807 2.085109 2.218567 2.363815 2.521571 2.693794 2.881528 3.087179 3.312217 3.559633 3.831491 4.131566 4.462745 4.829868 5.236973 5.690352 6.195650 6.761238 7.395019 8.108280 8.912223 9.822298 10.85452 12.03051 13.37340 14.91402 16.68649 18.73592 21.11392 23.88909 27.14277 30.98484 35.54995 41.01681 47.56436 55.19042 63.15147 70.31564 76.29153 81.19588 85.21455 88.50382 91.18381 93.34509 95.05682 96.37066 97.32511 97.94702 98.25379 98.25379 97.94701 97.32511 96.37069 95.05686 93.34513 91.18386 88.50392 85.21466 81.19601 76.29170 70.31584 63.15173
1.839097 1.951859 2.074206 2.206604 2.350676 2.507115 2.677873 2.863966 3.067783 3.290770 3.535883 3.805157 4.102332 4.430251 4.793712 5.196692 5.645434 6.145512 6.705232 7.332412 8.038260 8.833878 9.734636 10.75644 11.92081 13.25080 14.77716 16.53392 18.56616 20.92547 23.68048 26.91261 30.73186 35.27307 40.71519 47.23747 54.83805 62.77378 69.91322 75.86534 80.74718 84.74494 88.01513 90.67808 92.82457 94.52386 95.82764 96.77451 97.39139 97.69562 97.69563 97.39139 96.77454 95.82767 94.52390 92.82462 90.67814 88.01521 84.74504 80.74731 75.86552 69.91343 62.77403
