T1-compare/model-f.grd
DSAA
         100         100
  -15.00000       15.00000    
  -15.00000       15.00000    
  0.7096778       99.30827    
[rows 0 to 27 of 100, columns 0 to 62 of 100]
0.7096792 0.7331004 0.7573545 0.7824631 0.8084485 0.8353302 0.8631277 0.8918582 0.9215378 0.9521789 0.9837928 1.016385 1.049960 1.084516 1.120045 1.156538 1.193974 1.232329 1.271571 1.311657 1.352538 1.394154 1.436433 1.479294 1.522644 1.566378 1.610379 1.654519 1.698656 1.742638 1.786301 1.829472 1.871970 1.913604 1.954178 1.993494 2.031361 2.067572 2.101899 2.134156 2.164159 2.191730 2.216701 2.238913 2.258226 2.274517 2.287680 2.297629 2.304298 2.307644 2.307644 2.304298 2.297629 2.287681 2.274518 2.258227 2.238913 2.216701 2.191732 2.164160 2.134157 2.101900 2.067574
0.7314067 0.7560558 0.7816116 0.8081000 0.8355472 0.8639779 0.8934155 0.9238825 0.9553992 0.9879836 1.021651 1.056413 1.092276 1.129244 1.167315 1.206481 1.246725 1.288026 1.330353 1.373665 1.417912 1.463031 1.508949 1.555580 1.602825 1.650570 1.698688 1.747038 1.795465 1.843799 1.891857 1.939445 1.986357 2.032379 2.077288 2.120853 2.162827 2.202985 2.241127 2.277018 2.310432 2.341159 2.369004 2.393789 2.415349 2.433543 2.448247 2.459365 2.466818 2.470558 2.470558 2.466819 2.459366 2.448249 2.433544 2.415350 2.393789 2.369006 2.341160 2.310433 2.277020 2.241129 2.202986
0.7537513 0.7796894 0.8066138 0.8345553 0.8635451 0.8936128 0.9247873 0.9570963 0.9905663 1.025221 1.061080 1.098162 1.136479 1.176040 1.216848 1.258899 1.302183 1.346680 1.392362 1.439191 1.487116 1.536074 1.585991 1.636774 1.688319 1.740504 1.793192 1.846226 1.899436 1.952634 2.005615 2.058160 2.110038 2.161004 2.210807 2.259185 2.305889 2.350646 2.393161 2.433186 2.470478 2.504797 2.535918 2.563633 2.587755 2.608119 2.624583 2.637033 2.645383 2.649572 2.649572 2.645383 2.637034 2.624584 2.608120 2.587757 2.563634 2.535919 2.504798 2.470479 2.433188 2.393163 2.350648
0.7767150 0.8040053 0.8323677 0.8618386 0.8924547 0.9242515 0.9572642 0.9915269 1.027072 1.063931 1.102129 1.141692 1.182640 1.224986 1.268741 1.313908 1.360480 1.408445 1.457777 1.508441 1.560388 1.613556 1.667868 1.723229 1.779528 1.836634 1.894397 1.952650 2.011202 2.069844 2.128348 2.186469 2.243942 2.300492 2.355828 2.409651 2.461638 2.511491 2.558938 2.603667 2.645379 2.683795 2.718656 2.749719 2.776769 2.799614 2.818090 2.832065 2.841438 2.846142 2.846142 2.841439 2.832066 2.818091 2.799615 2.776771 2.749720 2.718657 2.683797 2.645381 2.603669 2.558940 2.511493
0.8002992 0.8290064 0.8588784 0.8899576 0.9222870 0.9559094 0.9908661 1.027199 1.064948 1.104152 1.144845 1.187060 1.230825 1.276163 1.323092 1.371621 1.421752 1.473479 1.526782 1.581630 1.637978 1.695765 1.754913 1.815324 1.876882 1.939448 2.002861 2.066935 2.131462 2.196211 2.260925 2.325327 2.389120 2.451988 2.513602 2.573618 2.631702 2.687494 2.740611 2.790716 2.837482 2.880586 2.919727 2.954624 2.985029 3.010716 3.031498 3.047222 3.057770 3.063063 3.063064 3.057770 3.047222 3.031499 3.010717 2.985030 2.954626 2.919728 2.880588 2.837484 2.790718 2.740613 2.687496
0.8245012 0.8546922 0.8861476 0.9189165 0.9530498 0.9885968 1.025608 1.064133 1.104220 1.145918 1.189270 1.234319 1.281101 1.329651 1.379995 1.432153 1.486135 1.541944 1.599568 1.658981 1.720145 1.783001 1.847473 1.913461 1.980844 2.049474 2.119179 2.189757 2.260979 2.332587 2.404296 2.475791 2.546736 2.616772 2.685517 2.752576 2.817526 2.879966 2.939522 2.995777 3.048332 3.096812 3.140864 3.180164 3.214420 3.243373 3.266806 3.284538 3.296437 3.302408 3.302408 3.296437 3.284539 3.266807 3.243374 3.214422 3.180166 3.140866 3.096814 3.048334 2.995780 2.939524 2.879969
0.8493170 0.8810597 0.9141743 0.9487169 0.9847469 1.022322 1.061502 1.102346 1.144913 1.189261 1.235446 1.283519 1.333531 1.385527 1.439545 1.495617 1.553766 1.614003 1.676328 1.740724 1.807160 1.875582 1.945918 2.018068 2.091907 2.167280 2.244005 2.321860 2.400594 2.479923 2.559526 2.639048 2.718107 2.796290 2.873164 2.948273 3.021166 3.091360 3.158346 3.221667 3.280875 3.335536 3.385238 3.429605 3.468296 3.501011 3.527495 3.547542 3.560994 3.567748 3.567748 3.560995 3.547543 3.527497 3.501012 3.468297 3.429606 3.385241 3.335538 3.280877 3.221669 3.158349 3.091362
0.8747404 0.9081048 0.9429559 0.9793586 1.017381 1.057092 1.098559 1.141855 1.187048 1.234210 1.283408 1.334708 1.388175 1.443866 1.501835 1.562128 1.624781 1.689822 1.757261 1.827095 1.899303 1.973840 2.050637 2.129600 2.210602 2.293482 2.378044 2.464053 2.551233 2.639266 2.727795 2.816420 2.904703 2.992176 3.078333 3.162645 3.244553 3.323506 3.398989 3.470439 3.537313 3.599100 3.655320 3.705533 3.749343 3.786400 3.816408 3.839128 3.854375 3.862030 3.862030 3.854376 3.839128 3.816410 3.786402 3.749345 3.705535 3.655322 3.599102 3.537315 3.470442 3.398992 3.323510
0.9007611 0.9358177 0.9724842 1.010835 1.050949 1.092904 1.136782 1.182665 1.230638 1.280784 1.333187 1.387927 1.445085 1.504735 1.566949 1.631791 1.699314 1.769562 1.842564 1.918332 1.996859 2.078113 2.162035 2.248536 2.337491 2.428735 2.522061 2.617218 2.713905 2.811772 2.910416 3.009387 3.108186 3.206272 3.303066 3.397955 3.490324 3.579518 3.664850 3.745690 3.821421 3.891448 3.955207 4.012186 4.061918 4.104001 4.138086 4.163898 4.181223 4.189920 4.189921 4.181223 4.163898 4.138088 4.104002 4.061921 4.012187 3.955210 3.891449 3.821424 3.745693 3.664853 3.579521
0.9273655 0.9641861 1.002748 1.043137 1.085442 1.129754 1.176169 1.224782 1.275692 1.329000 1.384806 1.443208 1.504307 1.568197 1.634969 1.704708 1.777491 1.853382 1.932433 2.014675 2.100120 2.188755 2.280534 2.375378 2.473168 2.573739 2.676877 2.782314 2.889722 2.998716 3.108847 3.219604 3.330419 3.440667 3.549675 3.656728 3.761066 3.861935 3.958609 4.050318 4.136312 4.215892 4.288396 4.353222 4.409827 4.457737 4.496552 4.525949 4.545684 4.555593 4.555593 4.545685 4.525950 4.496554 4.457739 4.409829 4.353224 4.288399 4.215894 4.136315 4.050321 3.958612 3.861938
0.9545385 0.9931945 1.033733 1.076251 1.120849 1.167634 1.216714 1.268202 1.322214 1.378868 1.438283 1.500581 1.565882 1.634305 1.705966 1.780976 1.859436 1.941438 2.027061 2.116363 2.209380 2.306123 2.406568 2.510650 2.618262 2.729243 2.843377 2.960378 3.079897 3.201509 3.324711 3.448928 3.573507 3.697729 3.820813 3.941926 4.060214 4.174774 4.284664 4.389002 4.486928 4.577618 4.660292 4.734245 4.798841 4.853529 4.897842 4.931407 4.953941 4.965255 4.965255 4.953941 4.931408 4.897843 4.853531 4.798844 4.734248 4.660295 4.577620 4.486931 4.389004 4.284667 4.174777
0.9822588 1.022823 1.065420 1.110158 1.157154 1.206528 1.258405 1.312917 1.370198 1.430387 1.493626 1.560061 1.629838 1.703104 1.780003 1.860676 1.945257 2.033872 2.126632 2.223627 2.324930 2.430579 2.540580 2.654892 2.773428 2.896037 3.022503 3.152534 3.285752 3.421696 3.559805 3.699428 3.839819 3.980145 4.119493 4.256880 4.391259 4.521574 4.646796 4.765847 4.877686 4.981332 5.075870 5.160465 5.234377 5.296961 5.347680 5.386098 5.411890 5.424840 5.424840 5.411890 5.386098 5.347681 5.296964 5.234380 5.160467 5.075873 4.981335 4.877689 4.765850 4.646799 4.521577
1.010504 1.053048 1.097784 1.144834 1.194332 1.246413 1.301221 1.358907 1.419629 1.483548 1.550833 1.621655 1.696193 1.774623 1.857126 1.943879 2.035053 2.130815 2.231317 2.336691 2.447052 2.562479 2.683017 2.808659 2.939347 3.074950 3.215263 3.359986 3.508727 3.660980 3.816128 3.973431 4.132038 4.290977 4.449185 4.605505 4.758738 4.907611 5.050806 5.187068 5.315184 5.433988 5.542401 5.639441 5.724238 5.796046 5.854238 5.898315 5.927907 5.942764 5.942764 5.927907 5.898317 5.854239 5.796047 5.724241 5.639443 5.542404 5.433990 5.315187 5.187072 5.050808 4.907615
1.039244 1.083839 1.130795 1.180250 1.232353 1.287260 1.345134 1.406148 1.470484 1.538332 1.609888 1.685356 1.764948 1.848879 1.937369 2.030638 2.128903 2.232380 2.341270 2.455760 2.576015 2.702171 2.834321 2.972508 3.116714 3.266844 3.422712 3.584025 3.750377 3.921226 4.095888 4.273533 4.453181 4.633707 4.813855 4.992251 5.167418 5.337852 5.502064 5.658520 5.805741 5.942335 6.067023 6.178648 6.276195 6.358793 6.425724 6.476414 6.510441 6.527525 6.527525 6.510443 6.476415 6.425725 6.358796 6.276199 6.178652 6.067027 5.942339 5.805744 5.658525 5.502069 5.337857
1.068448 1.115165 1.164420 1.216370 1.271182 1.329032 1.390107 1.454603 1.522731 1.594708 1.670766 1.751144 1.836093 1.925871 2.020746 2.120986 2.226866 2.338658 2.456625 2.581018 2.712071 2.849986 2.994924 3.146994 3.306238 3.472608 3.645961 3.826022 4.012381 4.204465 4.401530 4.602639 4.806668 5.012310 5.218079 5.422345 5.623384 5.819360 6.008381 6.188631 6.358356 6.515896 6.659729 6.788494 6.901003 6.996251 7.073412 7.131837 7.171048 7.190732 7.190732 7.171049 7.131838 7.073413 6.996253 6.901007 6.788497 6.659735 6.515900 6.358361 6.188637 6.008388 5.819367
1.098080 1.146986 1.198619 1.253153 1.310777 1.371687 1.436096 1.504228 1.576323 1.652634 1.733427 1.818983 1.909598 2.005579 2.107248 2.214935 2.328976 2.449712 2.577482 2.712619 2.855436 3.006223 3.165231 3.332653 3.508613 3.693141 3.886149 4.087409 4.296523 4.512900 4.735734 4.963978 5.196347 5.431312 5.667112 5.901788 6.133206 6.359159 6.577448 6.785831 6.982160 7.164441 7.330860 7.479812 7.609914 7.720011 7.809163 7.876641 7.921916 7.944639 7.944639 7.921916 7.876643 7.809165 7.720014 7.609919 7.479815 7.330865 7.164446 6.982166 6.785838 6.577455 6.359166
1.128097 1.179258 1.233344 1.290549 1.351083 1.415169 1.483044 1.554964 1.631203 1.712048 1.797810 1.888815 1.985409 2.087957 2.196842 2.312462 2.435229 2.565567 2.703907 2.850672 3.006285 3.171141 3.345605 3.529983 3.724512 3.929325 4.144430 4.369668 4.604685 4.848889 5.101425 5.361132 5.626546 5.895871 6.167022 6.437635 6.705163 6.966886 7.220001 7.461802 7.689704 7.901305 8.094440 8.267222 8.418046 8.545591 8.648809 8.726890 8.779253 8.805528 8.805528 8.779253 8.726891 8.648811 8.545595 8.418051 8.267226 8.094448 7.901311 7.689712 7.461810 7.220009 6.966895
1.158454 1.211932 1.268543 1.328502 1.392044 1.459416 1.530886 1.606744 1.687298 1.772880 1.863844 1.960568 2.063456 2.172936 2.289464 2.413516 2.545592 2.686214 2.835917 2.995245 3.164744 3.344945 3.536355 3.739430 3.954558 4.182016 4.421949 4.674310 4.938829 5.214948 5.501780 5.798065 6.102129 6.411880 6.724817 7.038067 7.348448 7.652622 7.947228 8.228890 8.494412 8.740876 8.965700 9.166664 9.341925 9.489993 9.609709 9.700199 9.760848 9.791270 9.791270 9.760850 9.700200 9.609712 9.489997 9.341930 9.166670 8.965708 8.740884 8.494421 8.228899 7.947236 7.652631
1.189099 1.244953 1.304158 1.366951 1.433591 1.504357 1.579547 1.659486 1.744525 1.835039 1.931434 2.034145 2.143640 2.260419 2.385020 2.518008 2.659986 2.811589 2.973480 3.146339 3.330866 3.527762 3.737711 3.961361 4.199296 4.451996 4.719795 5.002823 5.300947 5.613697 5.940202 6.279105 6.628529 6.986026 7.348598 7.712738 8.074553 8.429853 8.774313 9.103766 9.414301 9.702363 9.964868 10.19922 10.40332 10.57553 10.71459 10.81959 10.88991 10.92517 10.92517 10.88992 10.81959 10.71459 10.57553 10.40333 10.19923 9.964875 9.702373 9.414310 9.103779 8.774323 8.429864
1.219977 1.278262 1.340124 1.405824 1.475651 1.549911 1.628940 1.713099 1.802784 1.898421 2.000470 2.109429 2.225838 2.350279 2.483379 2.625808 2.778286 2.941578 3.116494 3.303882 3.504625 3.719628 3.949799 4.196027 4.459155 4.739930 5.038955 5.356615 5.693001 6.047815 6.420259 6.808938 7.211763 7.625894 8.047718 8.472899 8.896511 9.313268 9.717817 10.10486 10.46948 10.80735 11.11476 11.38872 11.62687 11.82745 11.98916 12.11110 12.19268 12.23356 12.23356 12.19268 12.11110 11.98916 11.82746 11.62688 11.38873 11.11477 10.80736 10.46949 10.10487 9.717829 9.313281
1.251028 1.311793 1.376370 1.445046 1.518139 1.595987 1.678965 1.767475 1.861961 1.962900 2.070816 2.186275 2.309898 2.442353 2.584372 2.736742 2.900312 3.076001 3.264790 3.467721 3.685896 3.920466 4.172616 4.443539 4.734407 5.046319 5.380250 5.736948 6.116851 6.519945 6.945630 7.392548 7.858443 8.340038 8.832987 9.331908 9.830606 10.32228 10.79990 11.25675 11.68668 12.08437 12.44542 12.76639 13.04472 13.27859 13.46675 13.60841 13.70306 13.75044 13.75044 13.70306 13.60841 13.46676 13.27860 13.04473 12.76640 12.44543 12.08438 11.68670 11.25676 10.79991 10.32229
1.282186 1.345475 1.412818 1.484532 1.560963 1.642487 1.729514 1.822496 1.921924 2.028336 2.142320 2.264519 2.395638 2.536448 2.687790 2.850583 3.025828 3.214612 3.418115 3.637603 3.874438 4.130066 4.406003 4.703820 5.025109 5.371429 5.744246 6.144825 6.574112 7.032564 7.519947 8.035096 8.575689 9.138016 9.716843 10.30544 10.89575 11.47892 12.04590 12.58791 13.09708 13.56686 13.99205 14.36882 14.69450 14.96734 15.18629 15.35077 15.46052 15.51541 15.51541 15.46052 15.35078 15.18629 14.96734 14.69451 14.36883 13.99206 13.56687 13.09710 12.58792 12.04592 11.47894
1.313383 1.379232 1.449387 1.524191 1.604024 1.689299 1.780468 1.878030 1.982531 2.094569 2.214807 2.343967 2.482849 2.632331 2.793380 2.967061 3.154536 3.357091 3.576127 3.813170 4.069883 4.348058 4.649612 4.976575 5.331061 5.715217 6.131162 6.580867 7.066015 7.587781 8.146584 8.741714 9.370989 10.03034 10.71355 11.41212 12.11562 12.81220 13.48960 14.13624 14.74206 15.29896 15.80093 16.24384 16.62513 16.94339 17.19799 17.38878 17.51584 17.57932 17.57932 17.51584 17.38878 17.19799 16.94340 16.62514 16.24385 15.80094 15.29898 14.74208 14.13626 13.48961 12.81222
1.344545 1.412984 1.485987 1.563925 1.647215 1.736306 1.831695 1.933932 2.043620 2.161424 2.288081 2.424403 2.571290 2.729737 2.900849 3.085845 3.286077 3.503040 3.738389 3.993947 4.271717 4.573898 4.902878 5.261238 5.651734 6.077250 6.540751 7.045154 7.593174 8.187078 8.828334 9.517139 10.25185 11.02831 11.83925 12.67396 13.51847 14.35661 15.17166 15.94791 16.67223 17.33467 17.92849 18.44958 18.89591 19.26679 19.56238 19.78323 19.93000 20.00323 20.00323 19.93000 19.78323 19.56238 19.26680 18.89592 18.44960 17.92851 17.33469 16.67225 15.94793 15.17168 14.35664
1.375594 1.446645 1.522522 1.603630 1.690419 1.783378 1.883053 1.990044 2.105016 2.228703 2.361925 2.505584 2.660690 2.828363 3.009854 3.206556 3.420021 3.651980 3.904368 4.179335 4.479278 4.806852 5.164999 5.556948 5.986224 6.456624 6.972180 7.537047 8.155360 8.830953 9.566956 10.36517 11.22523 12.14351 13.11194 14.11704 15.14001 16.15800 17.14703 18.08533 18.95567 19.74611 20.44954 21.06260 21.58445 22.01578 22.35806 22.61294 22.78192 22.86612 22.86612 22.78192 22.61295 22.35807 22.01579 21.58446 21.06261 20.44956 19.74613 18.95569 18.08536 17.14705 16.15804
1.406448 1.480125 1.558895 1.643196 1.733515 1.830382 1.934392 2.046199 2.166532 2.296199 2.436102 2.587245 2.750750 2.927870 3.120016 3.328764 3.555879 3.803354 4.073428 4.368613 4.691740 5.045985 5.434914 5.862509 6.333202 6.851885 7.423906 8.055004 8.751187 9.518494 10.36255 11.28782 12.29650 13.38682 14.55075 15.77186 17.02414 18.27411 19.48621 20.62916 21.68019 22.62565 23.45922 24.17956 24.78824 25.28827 25.68313 25.97606 26.16976 26.26612 26.26612 26.16976 25.97607 25.68314 25.28829 24.78825 24.17957 23.45925 22.62568 21.68022 20.62919 19.48625 18.27415
1.437024 1.513331 1.595002 1.682508 1.776373 1.877174 1.985552 2.102217 2.227967 2.363684 2.510361 2.669100 2.841144 3.027892 3.230915 3.451985 3.693102 3.956530 4.244840 4.560936 4.908126 5.290162 5.711306 6.176390 6.690895 7.260987 7.893599 8.596417 9.377861 10.24692 11.21279 12.28414 13.46781 14.76637 16.17437 17.67318 19.22685 20.78369 22.28739 23.69142 24.96636 26.09859 27.08514 27.92909 28.63624 29.21323 29.66642 30.00128 30.22209 30.33176 30.33177 30.22210 30.00129 29.66643 29.21324 28.63626 27.92911 27.08517 26.09862 24.96640 23.69146 22.28744 20.78374
1.467235 1.546166 1.630736 1.721447 1.818864 1.923607 2.036366 2.157912 2.289111 2.430923 2.584430 2.750841 2.931527 3.128029 3.342095 3.575697 3.831081 4.110805 4.417785 4.755348 5.127313 5.538055 5.992599 6.496718 7.057062 7.681254 8.378063 9.157489 10.03091 11.01110 12.11210 13.34876 14.73557 16.28392 17.99653 19.85711 21.81694 23.79141 25.68427 27.42369 28.97468 30.32905 31.49251 32.47633 33.29311 33.95475 34.47155 34.85184 35.10190 35.22589 35.22589 35.10190 34.85185 34.47157 33.95477 33.29314 32.47636 31.49255 30.32910 28.97473 27.42375 25.68432 23.79147
