T1-compare/model-t.grd
DSAA
         100         100
      -15.000000       15.000000
      -15.000000       15.000000
    7.077141E-01       99.306335
[rows 54 to 80 of 100, columns 0 to 60 of 100]
1.846177 1.959922 2.083103 2.216708 2.361791 2.519665 2.691731 2.879670 3.085161 3.310355 3.557627 3.829617 4.129509 4.460877 4.827814 5.235125 5.688291 6.193834 6.759194 7.393186 8.106209 8.910417 9.820227 10.852744 12.028389 13.371640 14.911880 16.684752 18.733728 21.112261 23.886860 27.141253 30.982492 35.548698 41.014194 47.563454 55.187656 63.150284 70.313515 76.289757 81.193993 85.212639 88.501968 91.181854 93.343193 95.054893 96.368759 97.323135 97.945053 98.251823 98.251823 97.945091 97.323135 96.368767 95.054871 93.343178 91.181839 88.501984 85.212662 81.194008 76.289757
1.837096 1.949967 2.072227 2.204716 2.348658 2.505255 2.675847 2.862109 3.065777 3.288908 3.533859 3.803280 4.100291 4.428432 4.791666 5.194866 5.643366 6.143673 6.703175 7.330585 8.036182 8.832055 9.732564 10.754666 11.918707 13.249028 14.775035 16.532198 18.563995 20.923817 23.678230 26.911083 30.729513 35.271793 40.712582 47.236580 54.835316 62.772671 69.911201 75.863625 80.745377 84.743088 88.013344 90.676208 92.822731 94.521980 95.825836 96.772629 97.389534 97.693741 97.693756 97.389565 96.772667 95.825836 94.521988 92.822754 90.676216 88.013351 84.743088 80.745384 75.863625
1.826271 1.938116 2.059255 2.190496 2.333028 2.488035 2.656921 2.841195 3.042678 3.263354 3.505533 3.771916 4.065461 4.389667 4.748580 5.146759 5.589759 6.083789 6.636225 7.255675 7.952327 8.738118 9.627327 10.636773 11.786612 13.101174 14.609591 16.347372 18.357800 20.694408 23.423567 26.629345 30.418964 34.930958 40.340343 46.832161 54.398411 62.303463 69.410408 75.332504 80.185539 84.156647 87.402710 90.043999 92.171860 93.855339 95.146568 96.083862 96.694435 96.995461 96.995476 96.694435 96.083862 95.146576 93.855362 92.171860 90.043991 87.402702 84.156639 80.185532 75.332520
1.813746 1.924418 2.044182 2.173986 2.314889 2.468115 2.634956 2.816976 3.015930 3.233806 3.472832 3.735605 4.025120 4.344807 4.698627 5.091085 5.527564 6.014298 6.558497 7.168640 7.854790 8.628720 9.504565 10.498940 11.631966 12.927644 14.415004 16.129387 18.114012 20.422237 23.120518 26.292898 30.046885 34.521278 39.891479 46.342957 53.868458 61.733021 68.800301 74.684319 79.501381 83.439186 86.655052 89.269608 91.374290 93.038383 94.314041 95.239738 95.842461 96.139603 96.139595 95.842468 95.239738 94.314041 93.038368 91.374290 89.269592 86.655014 83.439178 79.501389 74.684319
1.799544 1.908851 2.027139 2.155354 2.294429 2.445552 2.610125 2.789619 2.985704 3.200343 3.435775 3.694503 3.979481 4.294020 4.642048 5.027980 5.457134 5.935501 6.470225 7.069680 7.743753 8.504014 9.364376 10.341337 11.454687 12.728227 14.190796 15.877434 17.831299 20.105434 22.766460 25.898357 29.608730 34.036846 39.358570 45.760155 53.234932 61.048954 68.066917 73.903534 78.676025 82.572716 85.751427 88.333115 90.409531 92.050079 93.306816 94.218391 94.811737 95.104210 95.104225 94.811737 94.218391 93.306831 92.050056 90.409531 88.333122 85.751427 82.572723 78.676041 73.903503
1.783727 1.891597 2.008268 2.134541 2.271594 2.420493 2.582491 2.759176 2.952091 3.163147 3.394544 3.648797 3.928663 4.237483 4.579056 4.957684 5.378556 5.847558 6.371683 6.959085 7.619483 8.364216 9.207010 10.164006 11.254724 12.502682 13.936411 15.590676 17.508244 19.742054 22.358496 25.441553 29.099106 33.470722 38.732895 45.072739 52.484741 60.236126 67.192741 72.970779 77.688332 81.534546 84.667809 87.209564 89.251801 90.863899 92.098091 92.992790 93.574982 93.861862 93.861870 93.574966 92.992790 92.098106 90.863892 89.251793 87.209549 84.667778 81.534546 77.688309 72.970802
1.766359 1.872646 1.987474 2.111801 2.246610 2.392983 2.552238 2.725752 2.915154 3.122359 3.349373 3.598645 3.872953 4.175469 4.509914 4.880493 5.292173 5.750830 6.263189 6.837220 7.482339 8.209727 9.032714 9.967164 11.032245 12.251004 13.651636 15.268372 17.143641 19.330023 21.893549 24.918209 28.511889 32.814671 38.003742 44.267498 51.601768 59.275391 66.156128 71.861694 76.511513 80.295944 83.373955 85.867523 87.868683 89.446968 90.654266 91.529007 92.097954 92.378311 92.378304 92.097984 91.529007 90.654266 89.446953 87.868683 85.867516 83.373947 80.295944 76.511528 71.861664
1.747542 1.852077 1.964942 2.087098 2.219485 2.363187 2.519425 2.689566 2.875178 3.078109 3.300379 3.544296 3.812557 4.108221 4.434885 4.796716 5.198438 5.645748 6.145181 6.704474 7.332777 8.040967 8.841960 9.751287 10.787567 11.973396 13.336333 14.910137 16.736481 18.867485 21.368711 24.323797 27.840664 32.059650 37.159081 43.328529 50.566154 58.143013 64.929306 70.545013 75.111526 78.820404 81.831589 84.267281 86.219513 87.757652 88.933426 89.784782 90.338341 90.611046 90.611053 90.338364 89.784813 88.933441 87.757645 86.219505 84.267265 81.831604 78.820389 75.111511 70.545029
1.727317 1.829913 1.940709 2.060563 2.190379 2.331159 2.484179 2.650703 2.832280 3.030668 3.247810 3.485922 3.747660 4.036030 4.354364 4.706666 5.097672 5.532686 6.018101 6.561405 7.171404 7.858559 8.635428 9.516949 10.521257 11.670254 12.990817 14.515805 16.286152 18.353083 20.781265 23.653793 27.078285 31.195316 36.184315 42.236694 49.353439 56.809040 63.477253 68.981247 73.444962 77.061699 79.992088 82.358528 84.252968 85.744011 86.882965 87.707268 88.243080 88.506920 88.506912 88.243065 87.707283 86.882957 85.743980 84.252937 82.358521 79.992073 77.061699 73.444931 68.981216
1.705746 1.806367 1.914931 2.032302 2.159331 2.297093 2.446660 2.609347 2.786667 2.980188 3.191892 3.423903 3.678724 3.959174 4.268617 4.610841 4.990302 5.412204 5.882607 6.408711 6.998879 7.663248 8.413864 9.265052 10.234221 11.342492 12.615839 14.085970 15.792731 17.785982 20.129185 22.904200 26.217915 30.210884 35.063210 40.969036 47.933167 55.235210 61.754395 67.118637 71.455429 74.959770 77.792969 80.077225 81.903572 83.339897 84.436417 85.229691 85.745178 85.998985 85.998985 85.745186 85.229683 84.436409 83.339905 81.903580 80.077240 77.792961 74.959770 71.455444 67.118637
1.682921 1.781419 1.887653 2.002404 2.126567 2.261074 2.407035 2.565670 2.738429 2.926897 3.132850 3.358376 3.605894 3.878048 4.178123 4.509639 4.876925 5.284867 5.739305 6.247035 6.816105 7.456065 8.178375 8.996778 9.927745 10.991495 12.212671 13.621863 15.257111 17.166517 19.411594 22.072258 25.253569 29.095144 33.777687 39.498291 46.267349 53.372444 59.701450 64.889549 69.068802 72.436142 75.153099 77.340485 79.087791 80.461174 81.509285 82.267372 82.759995 83.002510 83.002495 82.759995 82.267387 81.509285 80.461159 79.087791 77.340454 75.153099 72.436165 69.068794 64.889565
1.658921 1.755201 1.858995 1.971016 2.092140 2.223255 2.365424 2.519887 2.687866 2.870999 3.070962 3.289727 3.529562 3.793111 4.083287 4.403603 4.758038 5.151322 5.588978 6.077272 6.623985 7.238043 7.930264 8.713523 9.603462 10.619004 11.783494 13.125649 14.681483 16.496620 18.629665 21.157236 24.181217 27.838436 32.308975 37.792599 44.307865 51.155651 57.238205 62.202232 66.185684 69.386978 71.965714 74.040245 75.696815 76.998825 77.992500 78.711388 79.178551 79.408585 79.408585 79.178535 78.711395 77.992485 76.998840 75.696777 74.040253 71.965744 69.386993 66.185677 62.202248
1.633792 1.727807 1.829051 1.938258 2.056197 2.183824 2.322072 2.472132 2.635206 2.812793 3.006483 3.218261 3.450166 3.704666 3.984622 4.293237 4.634372 5.012357 5.432365 5.900475 6.423724 7.010541 7.670997 8.417185 9.263488 10.227597 11.331072 12.600616 14.069530 15.780179 17.787148 20.162058 23.001051 26.435081 30.639870 35.816280 41.994236 48.497284 54.254501 58.930893 62.671467 65.672958 68.089996 70.034935 71.589119 72.811386 73.745003 74.420753 74.860046 75.076469 75.076485 74.860039 74.420746 73.744995 72.811378 71.589073 70.034935 68.090019 65.672974 62.671467 58.930908
1.607681 1.699335 1.797919 1.904176 2.018937 2.142870 2.277105 2.422599 2.580619 2.752468 2.939799 3.144245 3.367955 3.613159 3.882516 4.179109 4.506473 4.868621 5.270516 5.717588 6.216507 6.775043 7.402428 8.109787 8.910360 9.820212 10.859054 12.051067 13.426477 15.023480 16.891233 19.094307 21.719833 24.887529 28.761139 33.535465 39.252880 45.279812 50.598389 54.904957 58.347210 61.112560 63.343918 65.143326 66.584129 67.719414 68.587791 69.217110 69.626617 69.828407 69.828407 69.626640 69.217117 68.587799 67.719429 66.584129 65.143311 63.343952 61.112560 58.347206 54.904919
1.580693 1.669809 1.765788 1.869024 1.980357 2.100643 2.230700 2.371554 2.524352 2.690348 2.871074 3.068138 3.283423 3.519090 3.777611 4.061856 4.375087 4.721055 5.104253 5.529784 6.003715 6.533077 7.126405 7.793696 8.546898 9.400452 10.371876 11.482687 12.759397 14.235413 15.953258 17.968290 20.354675 23.213583 26.684383 30.935741 36.013084 41.363544 46.086601 49.924370 53.010696 55.505623 57.530247 59.170738 60.489441 61.531788 62.331039 62.911354 63.289459 63.475891 63.475899 63.289452 62.911350 62.331043 61.531792 60.489441 59.170727 57.530258 55.505623 53.010654 49.924355
1.552866 1.639494 1.732638 1.832829 1.940766 2.057247 2.183023 2.319152 2.466622 2.626630 2.800684 2.990180 3.196903 3.422899 3.670359 3.942038 4.240903 4.570437 4.934639 5.338214 5.786732 6.286485 6.845104 7.471511 8.176298 8.972244 9.874622 10.901903 12.076723 13.427194 14.988301 16.804655 18.934340 21.453508 24.462240 28.072515 32.296516 36.716496 40.670364 43.950245 46.635178 48.835407 50.639130 52.112156 53.303204 54.248985 54.976761 55.506416 55.852184 56.022869 56.022846 55.852165 55.506405 54.976749 54.248985 53.303215 52.112118 50.639133 48.835419 46.635170 43.950233
1.524247 1.608395 1.698701 1.795771 1.900236 2.012854 2.134308 2.265638 2.407688 2.561709 2.728937 2.910721 3.108847 3.325029 3.561374 3.820351 4.104722 4.417590 4.762703 5.144175 5.567037 6.036917 6.560570 7.145834 7.801929 8.539843 9.372590 10.315672 11.387821 12.611469 14.014097 15.629110 17.497469 19.668776 22.198503 25.130404 28.423067 31.815161 34.940071 37.634827 39.906128 41.805222 43.384537 44.687794 45.749863 46.598095 47.253716 47.732430 48.045593 48.200375 48.200401 48.045609 47.732437 47.253731 46.598114 45.749870 44.687790 43.384525 41.805214 39.906128 37.634815
1.495033 1.576550 1.664035 1.757926 1.858919 1.967586 2.084713 2.211168 2.347816 2.495750 2.656085 2.830201 3.019597 3.225955 3.451119 3.697381 3.967248 4.263504 4.589428 4.948856 5.346133 5.786192 6.275058 6.819395 7.427153 8.107525 8.871347 9.731311 10.702246 11.801393 13.049088 14.468490 16.085472 17.926914 20.014540 22.347885 24.869274 27.431170 29.852045 32.020149 33.905037 35.517223 36.880001 38.018131 38.954212 39.706947 40.291630 40.720173 41.001213 41.140331 41.140316 41.001236 40.720173 40.291634 39.706913 38.954216 38.018173 36.880009 35.517185 33.905010 32.020153
1.465298 1.544207 1.628793 1.719495 1.816916 1.921669 2.034432 2.155969 2.287179 2.428987 2.582463 2.748889 2.929606 3.126086 3.340150 3.573766 3.829159 4.108843 4.415855 4.753424 5.125362 5.536115 5.990641 6.494788 7.055088 7.679316 8.376147 9.155576 10.029022 11.009201 12.110194 13.346871 14.733599 16.281975 17.994555 19.855249 21.815079 23.789589 25.682528 27.421949 28.972847 30.327154 31.490625 32.474495 33.291222 33.952892 34.469753 34.849964 35.100052 35.224022 35.223999 35.100052 34.849983 34.469719 33.952888 33.291245 32.474522 31.490620 30.327122 28.972837 27.421930
1.435104 1.511368 1.593059 1.680566 1.774429 1.875218 1.983638 2.100286 2.226044 2.361755 2.508397 2.667148 2.839211 3.025976 3.228972 3.450048 3.691157 3.954589 4.242876 4.559011 4.906189 5.288217 5.709360 6.174463 6.688964 7.259027 7.891671 8.594480 9.375904 10.244976 11.210835 12.282207 13.465875 14.764451 16.172499 17.671171 19.224907 20.781773 22.285418 23.689558 24.964415 26.096668 27.083252 27.927145 28.634338 29.211264 29.664488 29.999363 30.220171 30.329777 30.329786 30.220181 29.999369 29.664478 29.211283 28.634338 27.927162 27.083244 26.096666 24.964411 23.689562
1.404509 1.478196 1.556963 1.641261 1.731581 1.828492 1.932431 2.044273 2.164593 2.294270 2.434163 2.585293 2.748822 2.925923 3.118086 3.326855 3.553970 3.801424 4.071492 4.366672 4.689799 5.044016 5.433014 5.860555 6.331274 6.849989 7.421982 8.053105 8.749253 9.516578 10.360653 11.285899 12.294610 13.384944 14.548984 15.769985 17.022282 18.272245 19.484451 20.627316 21.678316 22.623888 23.457422 24.177755 24.786451 25.286499 25.681341 25.974247 26.168016 26.264286 26.264311 26.168011 25.974230 25.681332 25.286499 24.786444 24.177771 23.457409 22.623850 21.678366 20.627338
1.373648 1.444679 1.520597 1.601689 1.688473 1.781453 1.881106 1.988116 2.103068 2.226726 2.360034 2.503655 2.658749 2.826431 3.007937 3.204617 3.418105 3.650053 3.902451 4.177405 4.477336 4.804935 5.163071 5.555024 5.984291 6.454704 6.970263 7.535182 8.153430 8.828971 9.565102 10.363307 11.223351 12.141665 13.110058 14.115136 15.138095 16.155895 17.144938 18.083284 18.953644 19.744001 20.447538 21.060589 21.582428 22.013763 22.356010 22.610909 22.779888 22.864096 22.864084 22.779890 22.610928 22.355997 22.013735 21.582418 21.060591 20.447548 19.743996 18.953640 18.083303
1.342567 1.411042 1.484049 1.561976 1.645272 1.734361 1.829748 1.932002 2.041671 2.159492 2.286153 2.422469 2.569353 2.727811 2.898910 3.083904 3.284132 3.501095 3.736438 3.991987 4.269754 4.571964 4.900963 5.259283 5.649807 6.075297 6.538786 7.043252 7.591208 8.185129 8.826372 9.515152 10.249929 11.026349 11.837237 12.671954 13.516561 14.354849 15.169913 15.946170 16.670431 17.332930 17.926702 18.447863 18.894157 19.265055 19.560595 19.781387 19.928232 20.001492 20.001492 19.928223 19.781384 19.560591 19.265060 18.894144 18.447865 17.926689 17.332897 16.670429 15.946171
1.311445 1.377263 1.447463 1.522259 1.602112 1.687351 1.778505 1.876094 1.980630 2.092644 2.212862 2.342026 2.480901 2.630414 2.791443 2.965141 3.152559 3.355164 3.574181 3.811252 4.067966 4.346125 4.647671 4.974643 5.329138 5.713331 6.129253 6.578967 7.064122 7.585887 8.144691 8.739834 9.369027 10.028456 10.711661 11.410258 12.113660 12.810128 13.487518 14.134101 14.740020 15.296844 15.798863 16.241795 16.623081 16.941284 17.195942 17.386671 17.513796 17.577246 17.577255 17.513792 17.386679 17.195942 16.941275 16.623091 16.241816 15.798865 15.296836 14.740041 14.134116
1.280242 1.343541 1.410871 1.482591 1.559026 1.640568 1.727560 1.820536 1.919971 2.026397 2.140379 2.262588 2.393708 2.534512 2.685835 2.848651 3.023906 3.212711 3.416163 3.635663 3.872494 4.128117 4.404083 4.701877 5.023171 5.369490 5.742337 6.142888 6.572133 7.030623 7.518012 8.033123 8.573728 9.136073 9.714860 10.303466 10.893833 11.477162 12.044147 12.586123 13.095379 13.565019 13.990226 14.367046 14.692733 14.965465 15.184457 15.348973 15.458759 15.513623 15.513623 15.458771 15.349001 15.184492 14.965458 14.692712 14.367026 13.990224 13.565027 13.095369 12.586092
1.249107 1.309797 1.374425 1.443086 1.516212 1.594033 1.677046 1.765522 1.860014 1.960943 2.068861 2.184314 2.307962 2.440406 2.582429 2.734769 2.898359 3.074065 3.262838 3.465780 3.683961 3.918538 4.170652 4.441638 4.732413 5.044357 5.378364 5.735012 6.114875 6.518014 6.943699 7.390597 7.856476 8.338006 8.831046 9.329933 9.828608 10.320271 10.797955 11.254755 11.684660 12.082325 12.443456 12.764311 13.042638 13.276497 13.464695 13.606362 13.701007 13.748395 13.748402 13.701018 13.606359 13.464698 13.276475 13.042667 12.764328 12.443456 12.082314 11.684645 11.254797
1.218038 1.276344 1.338192 1.403912 1.473746 1.547981 1.627005 1.711129 1.800833 1.896477 1.998501 2.107506 2.223908 2.348358 2.481460 2.623883 2.776393 2.939648 3.114577 3.301961 3.502686 3.717676 3.947837 4.194096 4.457235 4.737980 5.036994 5.354662 5.691087 6.045903 6.418375 6.807067 7.209821 7.623951 8.045832 8.470966 8.894619 9.311366 9.715929 10.102974 10.467639 10.805435 11.112974 11.386828 11.625069 11.825652 11.987315 12.109221 12.190886 12.231679 12.231687 12.190859 12.109231 11.987286 11.825640 11.625054 11.386858 11.112981 10.805427 10.467649 10.102989
