T1-compare/model-t.grd
DSAA
         100         100
      -15.000000       15.000000
      -15.000000       15.000000
    7.077141E-01       99.306335
[rows 27 to 53 of 100, columns 0 to 60 of 100]
1.465288 1.544195 1.628779 1.719519 1.816897 1.921642 2.034424 2.156002 2.287144 2.428990 2.582513 2.748876 2.929602 3.126068 3.340170 3.573776 3.829163 4.108903 4.415823 4.753431 5.125379 5.536112 5.990667 6.494773 7.055139 7.679350 8.376162 9.155560 10.029007 11.009168 12.110167 13.346841 14.733676 16.282013 17.994654 19.855236 21.815092 23.789574 25.682388 27.421858 28.972847 30.327196 31.490662 32.474476 33.291264 33.952904 34.469700 34.849968 35.100044 35.224049 35.224018 35.100025 34.849976 34.469692 33.952908 33.291256 32.474480 31.490654 30.327187 28.972820 27.421858
1.495035 1.576601 1.664049 1.757948 1.858880 1.967564 2.084732 2.211160 2.347854 2.495706 2.656080 2.830236 3.019603 3.225888 3.451123 3.697389 3.967217 4.263485 4.589437 4.948826 5.346096 5.786213 6.275023 6.819365 7.427127 8.107506 8.871363 9.731309 10.702213 11.801426 13.049133 14.468476 16.085468 17.926952 20.014502 22.347944 24.869247 27.431152 29.852064 32.020134 33.905006 35.517193 36.879974 38.018166 38.954178 39.706917 40.291653 40.720196 41.001213 41.140354 41.140339 41.001213 40.720200 40.291634 39.706905 38.954193 38.018181 36.879974 35.517136 33.904995 32.020126
1.524303 1.608426 1.698720 1.795754 1.900262 2.012799 2.134298 2.265599 2.407761 2.561725 2.728938 2.910742 3.108832 3.325022 3.561380 3.820366 4.104737 4.417625 4.762680 5.144202 5.567055 6.036896 6.560591 7.145798 7.801925 8.539830 9.372575 10.315717 11.387831 12.611482 14.014092 15.629075 17.497482 19.668722 22.198505 25.130516 28.423042 31.815115 34.940010 37.634850 39.906055 41.805241 43.384541 44.687759 45.749802 46.598106 47.253719 47.732449 48.045597 48.200386 48.200382 48.045597 47.732449 47.253735 46.598129 45.749825 44.687752 43.384510 41.805237 39.906055 37.634834
1.552796 1.639506 1.732633 1.832834 1.940791 2.057238 2.183039 2.319131 2.466578 2.626668 2.800680 2.990153 3.196900 3.422864 3.670422 3.942069 4.240918 4.570412 4.934646 5.338265 5.786730 6.286448 6.845104 7.471479 8.176309 8.972239 9.874593 10.901837 12.076745 13.427168 14.988261 16.804705 18.934324 21.453587 24.462193 28.072592 32.296478 36.716499 40.670422 43.950199 46.635136 48.835407 50.639160 52.112122 53.303204 54.248985 54.976723 55.506432 55.852154 56.022869 56.022846 55.852165 55.506435 54.976730 54.248978 53.303188 52.112106 50.639149 48.835419 46.635139 43.950188
1.580681 1.669882 1.765718 1.869008 1.980370 2.100620 2.230696 2.371558 2.524355 2.690358 2.871074 3.068117 3.283396 3.519100 3.777614 4.061824 4.375041 4.721073 5.104231 5.529753 6.003699 6.533100 7.126431 7.793683 8.546894 9.400461 10.371886 11.482717 12.759398 14.235456 15.953231 17.968319 20.354719 23.213642 26.684387 30.935707 36.013123 41.363472 46.086517 49.924370 53.010620 55.505630 57.530224 59.170719 60.489445 61.531754 62.331051 62.911335 63.289421 63.475906 63.475872 63.289421 62.911335 62.331039 61.531769 60.489441 59.170746 57.530231 55.505642 53.010601 49.924339
1.607759 1.699315 1.797906 1.904211 2.018912 2.142896 2.277097 2.422596 2.580607 2.752494 2.939748 3.144302 3.367984 3.613164 3.882582 4.179101 4.506423 4.868709 5.270518 5.717583 6.216483 6.775038 7.402446 8.109810 8.910326 9.820217 10.859076 12.051105 13.426490 15.023474 16.891260 19.094362 21.719879 24.887541 28.761185 33.535416 39.252907 45.279751 50.598415 54.904869 58.347206 61.112560 63.343887 65.143318 66.584129 67.719414 68.587784 69.217102 69.626595 69.828407 69.828423 69.626595 69.217110 68.587814 67.719398 66.584137 65.143326 63.343906 61.112564 58.347187 54.904861
1.633788 1.727816 1.829037 1.938188 2.056244 2.183844 2.322077 2.472101 2.635189 2.812758 3.006519 3.218247 3.450125 3.704623 3.984571 4.293248 4.634362 5.012359 5.432381 5.900487 6.423698 7.010582 7.671010 8.417194 9.263477 10.227633 11.331072 12.600596 14.069504 15.780201 17.787119 20.162012 23.001028 26.435091 30.639904 35.816303 41.994236 48.497337 54.254463 58.930908 62.671478 65.672951 68.089989 70.034927 71.589073 72.811417 73.744972 74.420715 74.860062 75.076492 75.076469 74.860069 74.420746 73.744972 72.811401 71.589035 70.034950 68.089996 65.672966 62.671505 58.930901
1.658920 1.755193 1.858936 1.971014 2.092153 2.223313 2.365431 2.519886 2.687915 2.870989 3.070975 3.289739 3.529575 3.793077 4.083288 4.403616 4.758056 5.151393 5.588912 6.077301 6.623963 7.238059 7.930244 8.713532 9.603464 10.619026 11.783484 13.125655 14.681526 16.496656 18.629694 21.157288 24.181236 27.838491 32.308994 37.792591 44.307865 51.155632 57.238224 62.202209 66.185654 69.386894 71.965736 74.040237 75.696831 76.998825 77.992516 78.711380 79.178513 79.408569 79.408569 79.178520 78.711380 77.992523 76.998817 75.696815 74.040230 71.965736 69.386948 66.185638 62.202213
1.682948 1.781430 1.887673 2.002408 2.126537 2.261049 2.407022 2.565698 2.738433 2.926901 3.132871 3.358351 3.605888 3.878100 4.178131 4.509645 4.876885 5.284881 5.739307 6.247049 6.816086 7.456059 8.178360 8.996747 9.927753 10.991497 12.212682 13.621861 15.257104 17.166523 19.411621 22.072250 25.253551 29.095129 33.777740 39.498306 46.267311 53.372448 59.701473 64.889549 69.068764 72.436165 75.153053 77.340454 79.087784 80.461174 81.509293 82.267372 82.759979 83.002487 83.002510 82.759956 82.267380 81.509300 80.461182 79.087807 77.340446 75.153076 72.436165 69.068771 64.889565
1.705750 1.806368 1.914904 2.032276 2.159381 2.297088 2.446661 2.609367 2.786625 2.980201 3.191864 3.423841 3.678694 3.959182 4.268603 4.610842 4.990308 5.412215 5.882607 6.408683 6.998896 7.663274 8.413895 9.265019 10.234221 11.342521 12.615837 14.085992 15.792727 17.785965 20.129156 22.904173 26.217939 30.210844 35.063225 40.969074 47.933189 55.235249 61.754452 67.118683 71.455444 74.959755 77.792976 80.077232 81.903610 83.339912 84.436462 85.229706 85.745178 85.999008 85.999023 85.745163 85.229706 84.436447 83.339920 81.903603 80.077225 77.792961 74.959747 71.455452 67.118706
1.727299 1.829930 1.940740 2.060583 2.190331 2.331172 2.484169 2.650689 2.832292 3.030681 3.247828 3.485950 3.747698 4.036022 4.354321 4.706637 5.097649 5.532683 6.018118 6.561425 7.171416 7.858559 8.635390 9.516959 10.521225 11.670259 12.990803 14.515838 16.286158 18.353085 20.781261 23.653772 27.078262 31.195362 36.184299 42.236706 49.353420 56.809002 63.477203 68.981209 73.444992 77.061714 79.992111 82.358574 84.252937 85.743988 86.882957 87.707260 88.243042 88.506897 88.506897 88.243050 87.707260 86.882950 85.743980 84.252907 82.358551 79.992111 77.061699 73.444977 68.981178
1.747583 1.852082 1.964934 2.087120 2.219502 2.363178 2.519387 2.689548 2.875220 3.078131 3.300396 3.544303 3.812516 4.108202 4.434900 4.796718 5.198457 5.645727 6.145164 6.704466 7.332755 8.040986 8.842004 9.751295 10.787534 11.973388 13.336304 14.910112 16.736500 18.867489 21.368708 24.323782 27.840651 32.059662 37.159042 43.328529 50.566135 58.143024 64.929367 70.545044 75.111542 78.820435 81.831596 84.267296 86.219521 87.757675 88.933441 89.784813 90.338387 90.611069 90.611046 90.338379 89.784805 88.933441 87.757629 86.219505 84.267273 81.831612 78.820442 75.111542 70.545029
1.766357 1.872606 1.987463 2.111805 2.246586 2.392990 2.552255 2.725788 2.915183 3.122334 3.349377 3.598652 3.872924 4.175482 4.509868 4.880490 5.292237 5.750851 6.263178 6.837200 7.482341 8.209739 9.032710 9.967171 11.032239 12.251045 13.651625 15.268389 17.143642 19.330002 21.893553 24.918209 28.511938 32.814701 38.003803 44.267487 51.601753 59.275410 66.156166 71.861656 76.511497 80.295876 83.373947 85.867516 87.868690 89.446930 90.654305 91.529022 92.098007 92.378319 92.378326 92.097984 91.529030 90.654289 89.446930 87.868698 85.867523 83.373940 80.295883 76.511536 71.861649
1.783766 1.891599 2.008222 2.134591 2.271616 2.420495 2.582502 2.759130 2.952087 3.163137 3.394526 3.648761 3.928663 4.237513 4.579034 4.957708 5.378530 5.847563 6.371667 6.959089 7.619485 8.364253 9.207032 10.163999 11.254706 12.502687 13.936425 15.590676 17.508221 19.742064 22.358465 25.441532 29.099115 33.470695 38.732849 45.072697 52.484722 60.236134 67.192802 72.970802 77.688332 81.534531 84.667801 87.209595 89.251801 90.863937 92.098129 92.992775 93.574974 93.861847 93.861847 93.574959 92.992790 92.098106 90.863907 89.251778 87.209587 84.667778 81.534538 77.688332 72.970802
1.799532 1.908875 2.027159 2.155350 2.294394 2.445538 2.610129 2.789608 2.985694 3.200349 3.435777 3.694520 3.979486 4.294000 4.642038 5.027989 5.457111 5.935474 6.470257 7.069711 7.743772 8.504040 9.364386 10.341344 11.454680 12.728217 14.190763 15.877439 17.831266 20.105473 22.766457 25.898314 29.608736 34.036861 39.358593 45.760120 53.234951 61.048954 68.066879 73.903519 78.676041 82.572731 85.751411 88.333107 90.409546 92.050064 93.306854 94.218407 94.811768 95.104225 95.104210 94.811775 94.218399 93.306877 92.050041 90.409546 88.333115 85.751419 82.572746 78.676025 73.903481
1.813727 1.924411 2.044166 2.173965 2.314873 2.468102 2.634938 2.816982 3.015921 3.233766 3.472782 3.735631 4.025152 4.344795 4.698592 5.091132 5.527601 6.014349 6.558506 7.168664 7.854805 8.628756 9.504569 10.498960 11.631989 12.927642 14.415015 16.129385 18.114027 20.422207 23.120518 26.292919 30.046913 34.521286 39.891453 46.342964 53.868458 61.732986 68.800278 74.684273 79.501389 83.439194 86.655052 89.269600 91.374275 93.038368 94.314056 95.239716 95.842461 96.139610 96.139633 95.842461 95.239716 94.314056 93.038406 91.374275 89.269585 86.655037 83.439224 79.501396 74.684273
1.826278 1.938085 2.059199 2.190479 2.332971 2.488040 2.656903 2.841206 3.042634 3.263329 3.505566 3.771913 4.065459 4.389679 4.748544 5.146768 5.589752 6.083811 6.636195 7.255696 7.952324 8.738130 9.627322 10.636738 11.786625 13.101131 14.609577 16.347359 18.357828 20.694386 23.423586 26.629320 30.418934 34.930962 40.340351 46.832157 54.398407 62.303467 69.410416 75.332527 80.185585 84.156662 87.402702 90.044014 92.171875 93.855362 95.146584 96.083900 96.694435 96.995491 96.995483 96.694466 96.083900 95.146584 93.855370 92.171860 90.044014 87.402702 84.156654 80.185570 75.332527
1.837088 1.949968 2.072223 2.204746 2.348695 2.505210 2.675850 2.862066 3.065714 3.288944 3.533846 3.803300 4.100282 4.428383 4.791696 5.194844 5.643398 6.143673 6.703146 7.330567 8.036180 8.832080 9.732557 10.754642 11.918710 13.249043 14.775039 16.532213 18.563986 20.923826 23.678242 26.911070 30.729488 35.271793 40.712593 47.236584 54.835308 62.772663 69.911186 75.863640 80.745377 84.743103 88.013351 90.676224 92.822777 94.521996 95.825821 96.772636 97.389526 97.693748 97.693756 97.389542 96.772652 95.825821 94.521973 92.822754 90.676224 88.013344 84.743095 80.745354 75.863640
1.846222 1.959907 2.083141 2.216689 2.361816 2.519699 2.691827 2.879644 3.085153 3.310334 3.557585 3.829650 4.129552 4.460882 4.827804 5.235096 5.688302 6.193823 6.759183 7.393217 8.106203 8.910428 9.820209 10.852747 12.028393 13.371647 14.911887 16.684776 18.733749 21.112280 23.886833 27.141243 30.982496 35.548649 41.014206 47.563469 55.187656 63.150249 70.313499 76.289742 81.193985 85.212639 88.501923 91.181831 93.343193 95.054871 96.368736 97.323143 97.945061 98.251816 98.251854 97.945068 97.323128 96.368729 95.054878 93.343185 91.181831 88.501953 85.212646 81.193993 76.289757
1.853520 1.967970 2.091913 2.226324 2.372363 2.531315 2.704598 2.893829 3.100788 3.327612 3.576705 3.850803 4.153030 4.487022 4.856892 5.267512 5.724375 6.234074 6.804115 7.443377 8.162312 8.973140 9.890306 10.931057 12.115889 13.469272 15.020685 16.805828 18.868189 21.261198 24.051371 27.322372 31.181128 35.765594 41.250042 47.818542 55.462074 63.443901 70.625916 76.620224 81.541611 85.576195 88.880089 91.572983 93.745682 95.466919 96.788513 97.748726 98.374565 98.683266 98.683266 98.374580 97.748726 96.788513 95.466911 93.745674 91.572975 88.880089 85.576202 81.541595 76.620216
1.859058 1.973953 2.098456 2.233576 2.380332 2.540098 2.714240 2.904431 3.112492 3.340641 3.591134 3.866759 4.170774 4.506711 4.878802 5.291839 5.751534 6.264341 6.837895 7.481116 8.204433 9.020141 9.942862 10.989733 12.181318 13.542181 15.101860 16.896025 18.968225 21.371834 24.173361 27.456451 31.327911 35.925659 41.423733 48.006130 55.663639 63.659336 70.854912 76.862267 81.795982 85.842087 89.156517 91.858788 94.039719 95.767883 97.095085 98.059555 98.688225 98.998344 98.998329 98.688217 98.059547 97.095070 95.767899 94.039703 91.858818 89.156502 85.842079 81.795975 76.862251
1.862720 1.977982 2.102892 2.238449 2.385681 2.545970 2.720697 2.911555 3.120419 3.349335 3.600749 3.877441 4.182594 4.519891 4.893427 5.308094 5.769656 6.284560 6.860457 7.506291 8.232553 9.051515 9.977850 11.028759 12.224847 13.590668 15.155764 16.955879 19.034491 21.445063 24.254013 27.544979 31.424776 36.031105 41.538067 48.129486 55.796070 63.800705 71.005081 77.020851 81.962624 86.016159 89.337418 92.045845 94.232101 95.964806 97.295647 98.262856 98.893379 99.204453 99.204430 98.893394 98.262878 97.295654 95.964806 94.232086 92.045845 89.337418 86.016182 81.962631 77.020874
1.864568 1.980002 2.105129 2.240872 2.388351 2.548903 2.723929 2.915135 3.124353 3.353692 3.605564 3.882789 4.188549 4.526453 4.900731 5.316289 5.778759 6.294676 6.871750 7.518853 8.246597 9.067211 9.995341 11.048273 12.246610 13.614864 15.182685 16.985729 19.067520 21.481539 24.294149 27.589029 31.472883 36.083481 41.594799 48.190639 55.861687 63.870762 71.079407 77.099358 82.045013 86.102287 89.426857 92.138351 94.327225 96.062141 97.394798 98.363388 98.994781 99.306328 99.306313 98.994789 98.363365 97.394821 96.062126 94.327179 92.138351 89.426865 86.102310 82.045029 77.099350
1.864542 1.980007 2.105151 2.240873 2.388366 2.548907 2.723927 2.915139 3.124336 3.353684 3.605555 3.882820 4.188498 4.526423 4.900738 5.316278 5.778750 6.294697 6.871733 7.518890 8.246593 9.067213 9.995350 11.048283 12.246581 13.614883 15.182654 16.985712 19.067526 21.481522 24.294157 27.589029 31.472868 36.083481 41.594810 48.190651 55.861698 63.870743 71.079384 77.099358 82.045052 86.102280 89.426872 92.138321 94.327217 96.062141 97.394783 98.363388 98.994812 99.306335 99.306313 98.994797 98.363365 97.394783 96.062126 94.327187 92.138321 89.426888 86.102295 82.045036 77.099342
1.862715 1.977991 2.102901 2.238430 2.385712 2.545953 2.720691 2.911588 3.120368 3.349345 3.600783 3.877451 4.182615 4.519849 4.893387 5.308140 5.769684 6.284544 6.860466 7.506293 8.232520 9.051536 9.977843 11.028785 12.224858 13.590675 15.155766 16.955870 19.034489 21.445065 24.254021 27.544992 31.424770 36.031094 41.538067 48.129456 55.796059 63.800705 71.005035 77.020836 81.962608 86.016197 89.337402 92.045853 94.232086 95.964790 97.295670 98.262863 98.893379 99.204453 99.204460 98.893410 98.262878 97.295654 95.964767 94.232101 92.045860 89.337410 86.016197 81.962616 77.020859
1.859001 1.973998 2.098512 2.233595 2.380326 2.540102 2.714252 2.904427 3.112530 3.340600 3.591089 3.866802 4.170754 4.506728 4.878789 5.291858 5.751526 6.264338 6.837894 7.481112 8.204452 9.020186 9.942866 10.989719 12.181304 13.542184 15.101867 16.896044 18.968199 21.371838 24.173368 27.456446 31.327911 35.925659 41.423733 48.006111 55.663658 63.659336 70.854919 76.862267 81.796021 85.842094 89.156502 91.858833 94.039719 95.767876 97.095070 98.059547 98.688232 98.998344 98.998344 98.688225 98.059540 97.095070 95.767899 94.039742 91.858818 89.156487 85.842102 81.795998 76.862244
1.853509 1.967904 2.091840 2.226347 2.372409 2.531325 2.704630 2.893816 3.100758 3.327601 3.576728 3.850822 4.153069 4.487032 4.856904 5.267516 5.724358 6.234091 6.804124 7.443426 8.162305 8.973124 9.890317 10.931060 12.115907 13.469268 15.020706 16.805836 18.868183 21.261246 24.051378 27.322372 31.181147 35.765587 41.250023 47.818508 55.462093 63.443913 70.625938 76.620247 81.541603 85.576233 88.880096 91.572975 93.745674 95.466919 96.788528 97.748734 98.374557 98.683266 98.683273 98.374573 97.748703 96.788513 95.466919 93.745667 91.572983 88.880112 85.576218 81.541573 76.620270
