T1-compare/model-f.grd
DSAA
         100         100
  -15.00000       15.00000    
  -15.00000       15.00000    
  0.7096778       99.30827    
[rows 56 to 83 of 100, columns 0 to 62 of 100]
1.828260 1.940002 2.061213 2.192351 2.335016 2.489892 2.658901 2.843042 3.044672 3.265212 3.507581 3.773770 4.067481 4.391505 4.750584 5.148625 5.591808 6.085623 6.638278 7.257509 7.954400 8.739950 9.629400 10.63853 11.78872 13.10291 14.61172 16.34907 18.35999 20.69602 23.42581 26.63084 30.42130 34.93224 40.34294 46.83305 54.40118 62.30469 69.41258 75.33434 80.18749 84.15862 87.40459 90.04599 92.17377 93.85736 95.14852 96.08589 96.69640 96.99747 96.99747 96.69641 96.08591 95.14854 93.85738 92.17383 90.04606 87.40469 84.15873 80.18762 75.33450 69.41278 62.30494
1.815721 1.926280 2.046184 2.175865 2.316908 2.469971 2.636959 2.818843 3.017947 3.235649 3.474838 3.737459 4.027153 4.346656 4.700642 5.092947 5.529651 6.016154 6.560561 7.170476 7.856856 8.630551 9.506645 10.50076 11.63409 12.92939 14.41715 16.13112 18.11619 20.42386 23.12275 26.29444 30.04926 34.52258 39.89405 46.34388 53.87121 61.73410 68.80231 74.68595 79.50317 83.44102 86.65683 89.27145 91.37608 93.04027 94.31588 95.24157 95.84431 96.14148 96.14148 95.84431 95.24158 94.31591 93.04030 91.37612 89.27151 86.65692 83.44112 79.50329 74.68613 68.80251 61.73434
1.801525 1.910750 2.029173 2.157205 2.296412 2.447432 2.612135 2.791463 2.987705 3.202203 3.437789 3.696361 3.981502 4.295874 4.644071 5.029841 5.459162 5.937321 6.472289 7.071521 7.745814 8.505839 9.366477 10.34313 11.45679 12.72997 14.19291 15.87917 17.83344 20.10709 22.76868 25.89984 29.61109 34.03815 39.36117 45.76102 53.23772 61.05021 68.06908 73.90536 78.67799 82.57471 85.75335 88.33515 90.41148 92.05208 93.30883 94.22041 94.81375 95.10624 95.10626 94.81377 94.22043 93.30886 92.05211 90.41154 88.33520 85.75344 82.57482 78.67812 73.90552 68.06927 61.05046
1.785725 1.893469 2.010247 2.136449 2.273621 2.422365 2.584528 2.761016 2.954076 3.165003 3.396582 3.650647 3.930710 4.239356 4.581088 4.959548 5.380600 5.849389 6.373734 6.960923 7.621547 8.366055 9.209091 10.16579 11.25683 12.50445 13.93855 15.59240 17.51040 19.74369 22.36070 25.44306 29.10145 33.47198 38.73545 45.07359 52.48745 60.23721 67.19481 72.97245 77.69009 81.53631 84.66953 87.21141 89.25354 90.86575 92.09990 92.99461 93.57675 93.86366 93.86366 93.57675 92.99462 92.09991 90.86578 89.25359 87.21146 84.66962 81.53641 77.69021 72.97260 67.19501 60.23746
1.768381 1.874503 1.989478 2.113675 2.248611 2.394866 2.554247 2.727622 2.917196 3.124209 3.351390 3.600504 3.874985 4.177332 4.511943 4.882344 5.294257 5.752677 6.265245 6.839033 7.484406 8.211549 9.034798 9.968954 11.03435 12.25278 13.65376 15.27010 17.14581 19.33165 21.89579 24.91973 28.51430 32.81599 38.00640 44.26840 51.60456 59.27671 66.15842 71.86356 76.51352 80.29793 83.37594 85.86961 87.87071 89.44901 90.65633 91.53109 92.10004 92.38038 92.38038 92.10004 91.53112 90.65633 89.44904 87.87075 85.86965 83.37601 80.29803 76.51363 71.86371 66.15862 59.27695
1.749556 1.853920 1.966944 2.088971 2.221493 2.365050 2.521419 2.691425 2.877219 3.079990 3.302402 3.546145 3.814569 4.110068 4.436930 4.798550 5.200494 5.647573 6.147226 6.706290 7.334856 8.042783 8.844055 9.753061 10.78966 11.97515 13.33846 14.91184 16.73867 18.86914 21.37095 24.32531 27.84300 32.06096 37.16166 43.32945 50.56886 58.14409 64.93132 70.54663 75.11327 78.82219 81.83331 84.26907 86.22124 87.75945 88.93518 89.78661 90.34014 90.61284 90.61285 90.34016 89.78662 88.93520 87.75947 86.22129 84.26910 81.83339 78.82229 75.11339 70.54680 64.93150 58.14433
1.729318 1.831801 1.942735 2.062440 2.192369 2.333036 2.486178 2.652569 2.834313 3.032536 3.249829 3.487808 3.749720 4.037858 4.356379 4.708528 5.099705 5.534521 6.020175 6.563235 7.173469 7.860372 8.637495 9.518723 10.52335 11.67202 12.99295 14.51754 16.28835 18.35471 20.78350 23.65529 27.08063 31.19665 36.18691 42.23765 49.35626 56.81036 63.47953 68.98317 73.44707 77.06381 79.99417 82.36071 84.25500 85.74612 86.88506 87.70941 88.24516 88.50905 88.50905 88.24518 87.70941 86.88508 85.74616 84.25506 82.36076 79.99426 77.06391 73.44718 68.98332 63.47971 56.81060
1.707748 1.808229 1.916940 2.034174 2.161354 2.298955 2.448665 2.611219 2.788659 2.982049 3.193902 3.425746 3.680731 3.961030 4.270654 4.612694 4.992360 5.414038 5.884664 6.410502 7.000953 7.665088 8.415946 9.266829 10.23633 11.34428 12.61796 14.08771 15.79491 17.78761 20.13140 22.90572 26.22028 30.21215 35.06583 40.96998 47.93587 55.23625 61.75634 67.12025 71.45711 74.96145 77.79462 80.07896 81.90527 83.34165 84.43813 85.23141 85.74688 86.00072 86.00073 85.74689 85.23145 84.43814 83.34168 81.90531 80.07901 77.79470 74.96153 71.45721 67.12039 61.75652 55.23648
1.684913 1.783287 1.889657 2.004290 2.128572 2.262938 2.409038 2.567547 2.740452 2.928747 3.134866 3.360241 3.607916 3.879930 4.180159 4.511501 4.878971 5.286708 5.741360 6.248842 6.818156 7.457874 8.180469 8.998533 9.929840 10.99324 12.21484 13.62360 15.25930 17.16817 19.41385 22.07377 25.25594 29.09645 33.78036 39.49926 46.27023 53.37391 59.70392 64.89165 69.07098 72.43840 75.15526 77.34275 79.09000 80.46346 81.51152 82.26967 82.76223 83.00478 83.00479 82.76223 82.26968 81.51154 80.46349 79.09005 77.34280 75.15534 72.43849 69.07111 64.89181 59.70410 53.37415
1.660904 1.757069 1.860991 1.972900 2.094147 2.225135 2.367456 2.521738 2.689900 2.872866 3.072985 3.291592 3.531611 3.794954 4.085329 4.405455 4.760113 5.153188 5.591007 6.079116 6.626056 7.239865 7.932350 8.715320 9.605570 10.62079 11.78564 13.12738 14.68368 16.49829 18.63192 21.15879 24.18361 27.83981 32.31163 37.79351 44.31054 51.15658 57.24002 62.20364 66.18720 69.38849 71.96727 74.04185 75.69838 77.00043 77.99410 78.71299 79.18011 79.41016 79.41017 79.18012 78.71301 77.99412 77.00046 75.69843 74.04190 71.96733 69.38857 66.18732 62.20378 57.24020 51.15679
1.635801 1.729670 1.831043 1.940121 2.058218 2.185691 2.324088 2.473975 2.637213 2.814647 3.008537 3.220111 3.452179 3.706507 3.986635 4.295084 4.636404 5.014191 5.434438 5.902281 6.425776 7.012361 7.673119 8.418964 9.265604 10.22936 11.33321 12.60231 14.07170 15.78183 17.78938 20.16357 23.00341 26.43641 30.64253 35.81728 41.99722 48.49898 54.25713 58.93324 62.67393 65.67542 68.09240 70.03745 71.59150 72.81390 73.74744 74.42324 74.86255 75.07896 75.07897 74.86256 74.42325 73.74745 72.81393 71.59153 70.03749 68.09246 65.67550 62.67402 58.93336 54.25730 48.49919
1.609694 1.701188 1.799927 1.906078 2.020921 2.144766 2.279109 2.424466 2.582620 2.754345 2.941805 3.146128 3.369992 3.615022 3.884573 4.180971 4.508506 4.870489 5.272549 5.719398 6.218559 6.776840 7.404528 8.111573 8.912453 9.821981 10.86120 12.05281 13.42867 15.02514 16.89348 19.09590 21.72224 24.88885 28.76382 33.53637 39.25552 45.28050 50.59997 54.90608 58.34851 61.11391 63.34519 65.14470 66.58544 67.72079 68.58913 69.21849 69.62794 69.82978 69.82978 69.62796 69.21850 68.58914 67.72082 66.58548 65.14475 63.34525 61.11399 58.34860 54.90620 50.60013 45.28069
1.582670 1.671726 1.767751 1.870903 1.982394 2.102519 2.232698 2.373410 2.526347 2.692223 2.873089 3.069987 3.285440 3.520947 3.779657 4.063710 4.377115 4.722900 5.106296 5.531600 6.005748 6.534916 7.128512 7.795497 8.548996 9.402218 10.37403 11.48443 12.76159 14.23709 15.95548 17.96989 20.35705 23.21502 26.68700 30.93678 36.01622 41.36550 46.08957 49.92711 53.01346 55.50851 57.53303 59.17363 60.49228 61.53467 62.33390 62.91425 63.29230 63.47878 63.47879 63.29230 62.91425 62.33392 61.53470 60.49229 59.17367 57.53309 55.50856 53.01353 49.92722 46.08971 41.36567
1.554810 1.641402 1.734619 1.834735 1.942770 2.059130 2.185023 2.321034 2.468610 2.628568 2.802674 2.992056 3.198902 3.424764 3.672399 3.943949 4.242927 4.572299 4.936656 5.340104 5.788736 6.288331 6.847124 7.473333 8.178365 8.974078 9.876677 10.90368 12.07884 13.42893 14.99041 16.80636 18.93656 21.45513 24.46461 28.07385 32.29876 36.71729 40.67173 43.95128 46.63629 48.83660 50.64030 52.11331 53.30436 54.25018 54.97790 55.50764 55.85336 56.02406 56.02406 55.85337 55.50766 54.97791 54.25020 53.30438 52.11335 50.64035 48.83665 46.63636 43.95137 40.67184 36.71743
1.526209 1.610312 1.700648 1.797696 1.902195 2.014756 2.136274 2.267538 2.409653 2.563640 2.730875 2.912673 3.110785 3.326930 3.563344 3.822299 4.106687 4.419535 4.764657 5.146116 5.568997 6.038846 6.562543 7.147739 7.803908 8.541762 9.374577 10.31760 11.38980 12.61337 14.01607 15.63095 17.49949 19.67056 22.20055 25.13231 28.42534 31.81742 34.94260 37.63736 39.90862 41.80780 43.38711 44.69035 45.75241 46.60071 47.25632 47.73506 48.04820 48.20299 48.20300 48.04820 47.73508 47.25633 46.60073 45.75243 44.69037 43.38716 41.80785 39.90868 37.63745 34.94269 31.81753
1.496989 1.578527 1.665985 1.759888 1.860849 1.969524 2.086664 2.213091 2.349749 2.497667 2.658031 2.832150 3.021535 3.227863 3.453072 3.699338 3.969171 4.265416 4.591373 4.950793 5.348055 5.788171 6.277005 6.821325 7.429070 8.109447 8.873304 9.733258 10.70417 11.80335 13.05105 14.47041 16.08744 17.92887 20.01646 22.34986 24.87116 27.43294 29.85388 32.02192 33.90682 35.51900 36.88180 38.02001 38.95604 39.70877 40.29350 40.72205 41.00308 41.14221 41.14221 41.00309 40.72206 40.29351 39.70879 38.95606 38.02004 36.88184 35.51904 33.90687 32.02199 29.85396 27.43302
1.467232 1.546164 1.630734 1.721446 1.818865 1.923608 2.036368 2.157916 2.289115 2.430928 2.584434 2.750845 2.931531 3.128034 3.342099 3.575701 3.831085 4.110809 4.417789 4.755352 5.127319 5.538062 5.992607 6.496728 7.057075 7.681269 8.378080 9.157512 10.03094 11.01112 12.11213 13.34879 14.73560 16.28397 17.99659 19.85719 21.81703 23.79151 25.68439 27.42383 28.97483 30.32920 31.49266 32.47649 33.29328 33.95492 34.47172 34.85201 35.10207 35.22607 35.22607 35.10208 34.85202 34.47173 33.95494 33.29330 32.47652 31.49271 30.32924 28.97487 27.42388 25.68444 23.79157
1.437020 1.513327 1.595000 1.682507 1.776374 1.877176 1.985553 2.102220 2.227970 2.363688 2.510364 2.669103 2.841149 3.027896 3.230919 3.451989 3.693105 3.956534 4.244845 4.560941 4.908133 5.290170 5.711314 6.176400 6.690906 7.261000 7.893617 8.596437 9.377884 10.24694 11.21281 12.28417 13.46784 14.76641 16.17442 17.67324 19.22692 20.78378 22.28749 23.69152 24.96647 26.09870 27.08526 27.92921 28.63637 29.21336 29.66656 30.00142 30.22223 30.33190 30.33190 30.22223 30.00143 29.66656 29.21338 28.63639 27.92923 27.08529 26.09873 24.96651 23.69156 22.28753 20.78382
1.406444 1.480121 1.558892 1.643194 1.733514 1.830383 1.934393 2.046201 2.166534 2.296202 2.436105 2.587248 2.750753 2.927875 3.120020 3.328767 3.555882 3.803357 4.073431 4.368617 4.691745 5.045992 5.434922 5.862518 6.333214 6.851899 7.423923 8.055023 8.751209 9.518518 10.36257 11.28785 12.29654 13.38686 14.55080 15.77191 17.02419 18.27417 19.48628 20.62923 21.68027 22.62573 23.45931 24.17965 24.78833 25.28838 25.68324 25.97616 26.16986 26.26622 26.26622 26.16987 25.97617 25.68324 25.28839 24.78835 24.17966 23.45934 22.62576 21.68030 20.62927 19.48632 18.27421
1.375590 1.446641 1.522519 1.603629 1.690418 1.783378 1.883054 1.990046 2.105019 2.228707 2.361928 2.505588 2.660693 2.828367 3.009858 3.206561 3.420025 3.651983 3.904372 4.179340 4.479283 4.806859 5.165007 5.556957 5.986236 6.456638 6.972195 7.537064 8.155378 8.830973 9.566978 10.36520 11.22526 12.14355 13.11197 14.11708 15.14005 16.15805 17.14707 18.08537 18.95572 19.74616 20.44960 21.06265 21.58451 22.01585 22.35813 22.61301 22.78199 22.86619 22.86619 22.78199 22.61301 22.35814 22.01586 21.58452 21.06267 20.44962 19.74618 18.95575 18.08541 17.14710 16.15808
1.344542 1.412981 1.485984 1.563924 1.647214 1.736306 1.831697 1.933935 2.043622 2.161427 2.288085 2.424407 2.571294 2.729742 2.900853 3.085849 3.286080 3.503044 3.738394 3.993952 4.271723 4.573905 4.902886 5.261249 5.651744 6.077263 6.540766 7.045172 7.593193 8.187098 8.828355 9.517162 10.25187 11.02834 11.83928 12.67399 13.51850 14.35664 15.17169 15.94794 16.67226 17.33471 17.92853 18.44963 18.89596 19.26684 19.56243 19.78328 19.93005 20.00329 20.00329 19.93006 19.78329 19.56244 19.26685 18.89597 18.44964 17.92855 17.33473 16.67228 15.94797 15.17172 14.35667
1.313380 1.379229 1.449385 1.524190 1.604025 1.689300 1.780470 1.878033 1.982535 2.094574 2.214812 2.343972 2.482855 2.632336 2.793386 2.967065 3.154541 3.357096 3.576131 3.813175 4.069889 4.348064 4.649620 4.976584 5.331071 5.715229 6.131177 6.580884 7.066032 7.587801 8.146602 8.741735 9.371011 10.03036 10.71357 11.41214 12.11564 12.81222 13.48961 14.13625 14.74208 15.29898 15.80095 16.24387 16.62516 16.94341 17.19802 17.38881 17.51587 17.57935 17.57935 17.51587 17.38881 17.19802 16.94342 16.62517 16.24388 15.80097 15.29900 14.74209 14.13627 13.48963 12.81224
1.282184 1.345473 1.412817 1.484532 1.560964 1.642489 1.729518 1.822500 1.921929 2.028341 2.142325 2.264524 2.395643 2.536453 2.687795 2.850588 3.025832 3.214617 3.418119 3.637609 3.874444 4.130073 4.406011 4.703829 5.025119 5.371441 5.744259 6.144840 6.574128 7.032581 7.519964 8.035115 8.575706 9.138033 9.716857 10.30545 10.89576 11.47893 12.04591 12.58791 13.09708 13.56686 13.99205 14.36883 14.69450 14.96734 15.18629 15.35078 15.46053 15.51542 15.51542 15.46053 15.35079 15.18630 14.96735 14.69451 14.36883 13.99207 13.56687 13.09710 12.58792 12.04592 11.47895
1.251025 1.311791 1.376368 1.445046 1.518140 1.595989 1.678968 1.767479 1.861965 1.962905 2.070821 2.186280 2.309902 2.442358 2.584376 2.736746 2.900316 3.076005 3.264794 3.467725 3.685901 3.920472 4.172622 4.443545 4.734415 5.046329 5.380261 5.736959 6.116865 6.519958 6.945643 7.392561 7.858456 8.340051 8.832994 9.331913 9.830606 10.32227 10.79989 11.25674 11.68667 12.08435 12.44540 12.76638 13.04471 13.27858 13.46675 13.60840 13.70305 13.75044 13.75044 13.70305 13.60840 13.46675 13.27859 13.04472 12.76639 12.44542 12.08437 11.68668 11.25675 10.79990 10.32229
1.219975 1.278261 1.340123 1.405825 1.475652 1.549913 1.628943 1.713103 1.802789 1.898426 2.000475 2.109434 2.225843 2.350284 2.483383 2.625813 2.778290 2.941582 3.116498 3.303886 3.504630 3.719633 3.949805 4.196034 4.459163 4.739940 5.038966 5.356627 5.693014 6.047828 6.420272 6.808950 7.211775 7.625905 8.047725 8.472903 8.896509 9.313262 9.717806 10.10485 10.46947 10.80733 11.11474 11.38871 11.62686 11.82744 11.98915 12.11109 12.19267 12.23355 12.23355 12.19267 12.11109 11.98915 11.82744 11.62687 11.38871 11.11475 10.80734 10.46948 10.10486 9.717817 9.313276
1.189097 1.244952 1.304157 1.366951 1.433593 1.504359 1.579551 1.659491 1.744531 1.835045 1.931440 2.034151 2.143646 2.260425 2.385025 2.518013 2.659991 2.811594 2.973484 3.146343 3.330871 3.527767 3.737717 3.961368 4.199304 4.452004 4.719804 5.002833 5.300958 5.613708 5.940211 6.279116 6.628540 6.986034 7.348603 7.712738 8.074547 8.429843 8.774299 9.103750 9.414281 9.702342 9.964845 10.19920 10.40330 10.57551 10.71457 10.81957 10.88990 10.92515 10.92515 10.88990 10.81958 10.71457 10.57551 10.40331 10.19921 9.964854 9.702351 9.414289 9.103761 8.774309 8.429854
1.158452 1.211931 1.268543 1.328503 1.392045 1.459418 1.530890 1.606749 1.687304 1.772886 1.863850 1.960574 2.063462 2.172942 2.289469 2.413521 2.545596 2.686218 2.835922 2.995250 3.164748 3.344950 3.536360 3.739436 3.954564 4.182024 4.421958 4.674321 4.938838 5.214957 5.501791 5.798072 6.102136 6.411886 6.724818 7.038064 7.348441 7.652611 7.947214 8.228873 8.494392 8.740856 8.965679 9.166644 9.341906 9.489975 9.609690 9.700182 9.760834 9.791255 9.791256 9.760835 9.700184 9.609693 9.489979 9.341910 9.166650 8.965687 8.740864 8.494400 8.228881 7.947223 7.652621
1.128096 1.179257 1.233343 1.290550 1.351085 1.415171 1.483048 1.554969 1.631208 1.712054 1.797817 1.888821 1.985415 2.087963 2.196847 2.312466 2.435233 2.565572 2.703910 2.850677 3.006290 3.171147 3.345609 3.529988 3.724518 3.929332 4.144439 4.369678 4.604695 4.848899 5.101433 5.361141 5.626552 5.895877 6.167024 6.437632 6.705157 6.966877 7.219988 7.461786 7.689687 7.901287 8.094421 8.267202 8.418027 8.545574 8.648792 8.726872 8.779238 8.805513 8.805513 8.779240 8.726875 8.648793 8.545578 8.418033 8.267209 8.094429 7.901293 7.689693 7.461793 7.219996 6.966886
