T6-multimodels/gx/model90.grd
DSAA
         100         100
  -15.00000       15.00000    
  -15.00000       15.00000    
  -1.933526       2.737130    
[rows 52 to 77 of 100, columns 0 to 57 of 100]
-0.7262023 -0.7884605 -0.8491394 -0.9055035 -0.9514469 -0.9809201 -0.9833241 -0.9482605 -0.8618260 -0.7231627 -0.5868262 -0.5981318 -0.7319109 -0.8466948 -0.9078528 -0.9190800 -0.8950394 -0.8450725 -0.7795141 -0.7035223 -0.6229261 -0.5397677 -0.4569904 -0.3748102 -0.2945305 -0.2154288 -0.1379319 -6.0879208E-02 1.5775789E-02 9.3393669E-02 0.1723083 0.2539837 0.3389669 0.4287933 0.5241935 0.6267440 0.7373152 0.8574328 0.9879749 1.130167 1.284569 1.451555 1.630706 1.820482 2.018365 2.219071 2.416023 2.594054 2.720621 2.691520 2.495144 2.357018 2.280656 2.185623 2.064273 1.922984 1.771910 1.617842
-0.7210727 -0.7829242 -0.8431999 -0.8991719 -0.9447457 -0.9738809 -0.9759905 -0.9406863 -0.8540753 -0.7153099 -0.5789647 -0.5903161 -0.7242060 -0.8391954 -0.9006318 -0.9122049 -0.8885654 -0.8390485 -0.7739769 -0.6985016 -0.6184415 -0.5358334 -0.4536140 -0.3719964 -0.2922804 -0.2137434 -0.1368122 -6.0328096E-02 1.5753601E-02 9.2789896E-02 0.1711115 0.2521783 0.3365342 0.4257106 0.5204362 0.6222848 0.7321271 0.8514901 0.9812549 1.122653 1.276253 1.442439 1.620808 1.809837 2.007025 2.207108 2.403529 2.581140 2.707399 2.678130 2.481768 2.343756 2.267637 2.172982 2.052119 1.911408 1.760983 1.607617
-0.7144133 -0.7757270 -0.8354665 -0.8909171 -0.9359962 -0.9646801 -0.9663943 -0.9307664 -0.8439148 -0.7050005 -0.5685915 -0.5800117 -0.7140925 -0.8293585 -0.8911672 -0.9031974 -0.8800916 -0.8311692 -0.7667421 -0.6919467 -0.6125931 -0.5307066 -0.4492180 -0.3683342 -0.2893531 -0.2115499 -0.1353531 -5.9605472E-02 1.5733602E-02 9.2017367E-02 0.1695711 0.2498498 0.3333917 0.4217242 0.5155709 0.6165037 0.7253915 0.8437629 0.9725026 1.112849 1.265384 1.430504 1.607826 1.795849 1.992100 2.191342 2.387043 2.564084 2.689952 2.660472 2.464050 2.326211 2.250454 2.156317 2.036118 1.896190 1.746643 1.594221
-0.7061813 -0.7668139 -0.8258733 -0.8806591 -0.9251075 -0.9532114 -0.9544184 -0.9183725 -0.8312117 -0.6921124 -0.5556675 -0.5671620 -0.7014387 -0.8170508 -0.8793297 -0.8919416 -0.8695109 -0.8213422 -0.7577282 -0.6837906 -0.6053234 -0.5243412 -0.4437645 -0.3637947 -0.2857252 -0.2088310 -0.1335411 -5.8702253E-02 1.5722204E-02 9.1078833E-02 0.1676868 0.2469939 0.3295312 0.4168190 0.5095758 0.6093683 0.7170641 0.8341914 0.9616399 1.100656 1.251834 1.415591 1.591568 1.778295 1.973331 2.171478 2.366241 2.542536 2.667870 2.638103 2.441690 2.304070 2.228766 2.135312 2.015984 1.877080 1.728675 1.577474
-0.6963292 -0.7561253 -0.8143452 -0.8683090 -0.9119729 -0.9393561 -0.9399286 -0.9033604 -0.8158078 -0.6764644 -0.5399204 -0.5515127 -0.6860734 -0.8021152 -0.8649753 -0.8783028 -0.8567042 -0.8094610 -0.7468448 -0.6739551 -0.5965692 -0.5166849 -0.4372129 -0.3583450 -0.2813720 -0.2055674 -0.1313626 -5.7608053E-02 1.5725696E-02 8.9978188E-02 0.1654590 0.2436070 0.3249435 0.4109803 0.5024268 0.6008443 0.7070954 0.8227084 0.9485760 1.085954 1.235453 1.397513 1.571805 1.756897 1.950396 2.147151 2.340720 2.516063 2.640742 2.610627 2.414151 2.276835 2.202150 2.109580 1.991371 1.853777 1.706820 1.557160
-0.6848106 -0.7435995 -0.8008065 -0.8537733 -0.8964851 -0.9229890 -0.9227872 -0.8855779 -0.7975471 -0.6579117 -0.5212921 -0.5329877 -0.6678416 -0.7843950 -0.8479522 -0.8621428 -0.8415451 -0.7954153 -0.7339956 -0.6623613 -0.5862643 -0.5076860 -0.4295208 -0.3519535 -0.2762688 -0.2017407 -0.1288029 -5.6312688E-02 1.5751867E-02 8.8719405E-02 0.1628892 0.2396869 0.3196223 0.4041944 0.4941023 0.5908973 0.6954359 0.8092431 0.9332148 1.068616 1.216074 1.376056 1.548271 1.731338 1.922918 2.117927 2.309991 2.484136 2.607965 2.577405 2.380946 2.244019 2.170105 2.078665 1.961876 1.825929 1.680782 1.533035
-0.6715827 -0.7291809 -0.7851847 -0.8369653 -0.8785399 -0.9039935 -0.9028645 -0.8648891 -0.7762825 -0.6362850 -0.4995195 -0.5113416 -0.6465839 -0.7637420 -0.8281227 -0.8433298 -0.8239154 -0.7790990 -0.7190909 -0.6489320 -0.5743475 -0.4972941 -0.4206508 -0.3445904 -0.2703936 -0.1973340 -0.1258500 -5.4806437E-02 1.5807431E-02 8.7308317E-02 0.1599801 0.2352339 0.3135633 0.3964518 0.4845835 0.5794970 0.6820384 0.7937271 0.9154584 1.048507 1.193517 1.350988 1.520674 1.701253 1.890462 2.083302 2.273489 2.446136 2.568934 2.537846 2.341343 2.204943 2.132049 2.042043 1.927042 1.793149 1.650241 1.504839
-0.6566150 -0.7128250 -0.7674227 -0.8178129 -0.8580551 -0.8822772 -0.8800646 -0.8411946 -0.7519205 -0.6115125 -0.4746273 -0.4865799 -0.6222155 -0.7400599 -0.8053830 -0.8217644 -0.8037180 -0.7604257 -0.7020535 -0.6336043 -0.5607665 -0.4854696 -0.4105715 -0.3362335 -0.2637298 -0.1923354 -0.1224942 -5.3081837E-02 1.5899761E-02 8.5750557E-02 0.1567375 0.2302518 0.3067679 0.3877490 0.4738601 0.5666218 0.6668655 0.7761002 0.8952180 1.025498 1.167605 1.322071 1.488703 1.666251 1.852549 2.042708 2.230564 2.401350 2.522847 2.491107 2.294673 2.158953 2.087340 1.999150 1.886381 1.755030 1.614866 1.472311
-0.6398938 -0.6945090 -0.7474875 -0.7962772 -0.8349865 -0.8577991 -0.8543540 -0.8144776 -0.7244585 -0.5835881 -0.4465196 -0.4586245 -0.5947371 -0.7133395 -0.7797111 -0.7974060 -0.7809059 -0.7393438 -0.6828371 -0.6163368 -0.5454893 -0.4721880 -0.3992668 -0.3268709 -0.2562697 -0.1867389 -0.1187311 -5.1133636E-02 1.6034115E-02 8.4053554E-02 0.1531690 0.2247496 0.2992442 0.3780919 0.4619324 0.5522633 0.6498948 0.7563198 0.8724208 0.9994789 1.138174 1.289073 1.452044 1.625926 1.808667 1.995525 2.180499 2.348984 2.468913 2.436416 2.240029 2.105233 2.035295 1.949392 1.839400 1.711170 1.574338 1.435207
-0.6214317 -0.6742398 -0.7253841 -0.7723638 -0.8093510 -0.8305967 -0.8258062 -0.7848562 -0.6940700 -0.5527499 -0.4155622 -0.4278175 -0.5643657 -0.6837418 -0.7512094 -0.7703151 -0.7555032 -0.7158597 -0.6614362 -0.5971236 -0.5285105 -0.4574478 -0.3867369 -0.3165061 -0.2480169 -0.1805483 -0.1145618 -4.8961107E-02 1.6215386E-02 8.2224980E-02 0.1492871 0.2187417 0.2910095 0.3674977 0.4488164 0.5364319 0.6311266 0.7343687 0.8470243 0.9703677 1.105090 1.251793 1.410407 1.579875 1.758291 1.941099 2.122516 2.288162 2.406152 2.372767 2.176628 2.043056 1.975241 1.892210 1.785643 1.661214 1.528390 1.393334
-0.6012723 -0.6520649 -0.7011657 -0.7461432 -0.7812490 -0.8008236 -0.7946510 -0.7526647 -0.6611977 -0.5195192 -0.3822231 -0.3946410 -0.5316155 -0.6516833 -0.7201867 -0.7406970 -0.7276455 -0.6900566 -0.6379075 -0.5760037 -0.5098626 -0.4412761 -0.3730076 -0.3051613 -0.2389911 -0.1737781 -0.1099966 -4.6567805E-02 1.6445376E-02 8.0274090E-02 0.1451064 0.2122504 0.2820906 0.3559990 0.4345465 0.5191624 0.6105908 0.7102668 0.8190282 0.9381337 1.068275 1.210083 1.363553 1.527742 1.700921 1.878773 2.055808 2.217963 2.333646 2.299298 2.103520 1.971637 1.906588 1.827144 1.724766 1.604907 1.476846 1.346581
-0.5794994 -0.6280774 -0.6749464 -0.7177611 -0.7508855 -0.7687787 -0.7613340 -0.7185413 -0.6267117 -0.4849955 -0.3478388 -0.3603939 -0.4975341 -0.6179853 -0.6872331 -0.7089588 -0.6975998 -0.6621172 -0.6123768 -0.5530729 -0.4896206 -0.4237370 -0.3581319 -0.2928818 -0.2292285 -0.1664569 -0.1050543 -4.3964107E-02 1.6724633E-02 7.8210369E-02 0.1406475 0.2053050 0.2725281 0.3436444 0.4191806 0.5005180 0.5883548 0.6840796 0.7884900 0.9028137 1.027730 1.163886 1.311336 1.469260 1.636129 1.807927 1.979562 2.137424 2.250328 2.214984 2.020047 1.890489 1.828969 1.753957 1.656619 1.542172 1.419680 1.294960
-0.5562367 -0.6024231 -0.6469011 -0.6874465 -0.7185755 -0.7349260 -0.7265519 -0.6835293 -0.5920803 -0.4510502 -0.3144177 -0.3270767 -0.4639275 -0.5840222 -0.6533101 -0.6757345 -0.6657872 -0.6323231 -0.5850481 -0.5284847 -0.4679090 -0.4049315 -0.3421956 -0.2797373 -0.2187854 -0.1586265 -9.9764340E-02 -4.1165192E-02 1.7049851E-02 7.6045066E-02 0.1359342 0.1979448 0.2623743 0.3305022 0.4028008 0.4805969 0.5645295 0.6559291 0.7555372 0.8645334 0.9835646 1.113273 1.253758 1.404311 1.563625 1.728045 1.893007 2.045573 2.155241 2.119095 1.925622 1.799397 1.742441 1.672794 1.581377 1.473184 1.357069 1.238652
-0.5316532 -0.5752979 -0.6172682 -0.6554993 -0.6847313 -0.6998703 -0.6912508 -0.6491212 -0.5595853 -0.4208537 -0.2858373 -0.2984691 -0.4337849 -0.5519005 -0.6197748 -0.6418814 -0.6327542 -0.6010500 -0.5561931 -0.5024524 -0.4448989 -0.3850029 -0.3253151 -0.2658243 -0.2077376 -0.1503454 -9.4166189E-02 -3.8194586E-02 1.7415790E-02 7.3788986E-02 0.1309963 0.1902163 0.2516963 0.3166590 0.3855172 0.4595319 0.5392736 0.6260001 0.7203805 0.8235251 0.9360245 1.058488 1.191026 1.333018 1.483365 1.638811 1.795466 1.941389 2.047231 2.010853 1.820414 1.699064 1.647827 1.584411 1.499657 1.398451 1.289442 1.178031
-0.5059550 -0.5469430 -0.5863308 -0.6222698 -0.6498098 -0.6642767 -0.6564976 -0.6171619 -0.5323896 -0.3993170 -0.2682346 -0.2805586 -0.4116675 -0.5244673 -0.5882732 -0.6083540 -0.5991052 -0.5687158 -0.5261331 -0.4752333 -0.4208056 -0.3641293 -0.3076404 -0.2512633 -0.1961819 -0.1416852 -8.8310823E-02 -3.5080817E-02 1.7813686E-02 7.1454927E-02 0.1258662 0.1821756 0.2405735 0.3022214 0.3674650 0.4374924 0.5127941 0.5945430 0.6833178 0.7801393 0.8855124 0.9999794 1.123617 1.255837 1.395690 1.540285 1.686478 1.823740 1.924931 1.889808 1.705473 1.591595 1.547193 1.490371 1.412602 1.318841 1.217499 1.113681
-0.4793851 -0.5176318 -0.5544046 -0.5881142 -0.6142406 -0.6287051 -0.6231860 -0.5893556 -0.5140877 -0.3934396 -0.2720585 -0.2833051 -0.4037829 -0.5048199 -0.5602745 -0.5759487 -0.5653521 -0.5357221 -0.4951997 -0.4471190 -0.3958756 -0.3425247 -0.2893451 -0.2362000 -0.1842296 -0.1327333 -8.2256019E-02 -3.1860068E-02 1.8233748E-02 6.9054328E-02 0.1205828 0.1738851 0.2290982 0.2873121 0.3488053 0.4146809 0.4853455 0.5618713 0.6447355 0.7348463 0.8325979 0.9384277 1.052324 1.173658 1.301508 1.433193 1.566135 1.691411 1.785763 1.754918 1.584309 1.482073 1.444279 1.393045 1.321786 1.235530 1.142179 1.046381
-0.4522176 -0.4876514 -0.5218224 -0.5533506 -0.5783515 -0.5934109 -0.5915863 -0.5662024 -0.5066655 -0.4097939 -0.3107943 -0.3191088 -0.4154111 -0.4944890 -0.5361593 -0.5449293 -0.5317454 -0.5023950 -0.4636928 -0.4184245 -0.3703670 -0.3204352 -0.2706168 -0.2208053 -0.1719990 -0.1235939 -7.6060683E-02 -2.8579276E-02 1.8669967E-02 6.6593863E-02 0.1151921 0.1654078 0.2173771 0.2720634 0.3297225 0.3913238 0.4572233 0.5283495 0.6050968 0.6882219 0.7780042 0.8747364 0.9782676 1.087868 1.202464 1.319386 1.435966 1.544329 1.625929 1.603785 1.464272 1.379082 1.343615 1.294907 1.228852 1.149839 1.064574 0.9770625
-0.4247535 -0.4572883 -0.4889260 -0.5182377 -0.5423420 -0.5582455 -0.5610349 -0.5458307 -0.5066264 -0.4437523 -0.3825203 -0.3854562 -0.4418431 -0.4903730 -0.5143098 -0.5147890 -0.4981929 -0.4689625 -0.4318625 -0.3894803 -0.3445366 -0.2981361 -0.2516448 -0.2052735 -0.1596079 -0.1143883 -6.9780156E-02 -2.5296956E-02 1.9122759E-02 6.4072862E-02 0.1097500 0.1568044 0.2055292 0.2566110 0.3104204 0.3676613 0.4287557 0.4943755 0.5649244 0.6409174 0.7225740 0.8099816 0.9028424 1.000299 1.100963 1.202125 1.300243 1.387720 1.448688 1.437771 1.351544 1.286450 1.246285 1.197088 1.135038 1.063055 0.9858518 0.9067479
-0.3972380 -0.4269001 -0.4559770 -0.4830877 -0.5062252 -0.5229168 -0.5300643 -0.5245816 -0.5043990 -0.4724678 -0.4440660 -0.4424252 -0.4639085 -0.4844172 -0.4917496 -0.4843019 -0.4645338 -0.4354599 -0.4000383 -0.3605216 -0.3187290 -0.2758320 -0.2326942 -0.1897394 -0.1472380 -0.1051848 -6.3523710E-02 -2.2023696E-02 1.9545631E-02 6.1534513E-02 0.1042715 0.1481760 0.1936403 0.2411290 0.2910773 0.3439713 0.4002563 0.4603888 0.5247470 0.5936369 0.6671965 0.7453292 0.8275892 0.9129984 0.9999033 1.085558 1.165796 1.233536 1.276431 1.276118 1.235974 1.190216 1.147695 1.098917 1.041229 0.9763376 0.9072127 0.8364903
-0.3699392 -0.3968136 -0.4232685 -0.4481842 -0.4700771 -0.4871542 -0.4974466 -0.4992911 -0.4922901 -0.4791242 -0.4668979 -0.4632713 -0.4671232 -0.4700914 -0.4658627 -0.4524633 -0.4306045 -0.4019906 -0.3685118 -0.3318222 -0.2932512 -0.2537573 -0.2139993 -0.1743629 -0.1350445 -9.6074075E-02 -5.7378598E-02 -1.8790377E-02 1.9911544E-02 5.9003241E-02 9.8788545E-02 0.1396062 0.1818097 0.2257752 0.2718821 0.3205162 0.3720459 0.4268126 0.4850933 0.5470664 0.6127489 0.6819187 0.7540085 0.8279588 0.9020421 0.9735943 1.038683 1.091596 1.124756 1.131388 1.113671 1.082854 1.045103 1.000290 0.9484055 0.8908873 0.8298456 0.7673347
-0.3431530 -0.3673050 -0.3911453 -0.4137955 -0.4341553 -0.4509515 -0.4629120 -0.4690968 -0.4694700 -0.4655100 -0.4601563 -0.4558477 -0.4522377 -0.4465063 -0.4358577 -0.4190955 -0.3964264 -0.3688323 -0.3375365 -0.3037157 -0.2683485 -0.2321836 -0.1957383 -0.1593361 -0.1231367 -8.7176852E-02 -5.1394165E-02 -1.5656818E-02 2.0224096E-02 5.6475528E-02 9.3357496E-02 0.1311508 0.1701550 0.2106781 0.2530332 0.2975253 0.3444411 0.3940269 0.4464636 0.5018250 0.5600281 0.6207604 0.6833893 0.7468452 0.8094846 0.8689312 0.9219344 0.9643772 0.9918070 1.001248 0.9935115 0.9724223 0.9416360 0.9030533 0.8579918 0.8080203 0.7548879 0.7002692
-0.3171332 -0.3386557 -0.3599247 -0.3802578 -0.3988237 -0.4147064 -0.4270225 -0.4351416 -0.4389419 -0.4389975 -0.4363600 -0.4319186 -0.4255244 -0.4161291 -0.4026867 -0.3847052 -0.3623742 -0.3363347 -0.3074298 -0.2764989 -0.2442764 -0.2113367 -0.1780948 -0.1448134 -0.1116321 -7.8585774E-02 -4.5631282E-02 -1.2662198E-02 2.0472834E-02 5.3962022E-02 8.8017985E-02 0.1228736 0.1587726 0.1959656 0.2347003 0.2752135 0.3177153 0.3623732 0.4092844 0.4584425 0.5096906 0.5626638 0.6167156 0.6708350 0.7235591 0.7729008 0.8163487 0.8510288 0.8742192 0.8841742 0.8808985 0.8660965 0.8417882 0.8097706 0.7716573 0.7290118 0.6833739 0.6361609
-0.2921023 -0.3111188 -0.3299050 -0.3479194 -0.3645257 -0.3790324 -0.3907825 -0.3992660 -0.4042526 -0.4058359 -0.4043348 -0.3999478 -0.3926271 -0.3820800 -0.3679599 -0.3501878 -0.3290051 -0.3049088 -0.2785136 -0.2504465 -0.2212624 -0.1914125 -0.1612274 -0.1309276 -0.1006323 -7.0380345E-02 -4.0142484E-02 -9.8396214E-03 2.0649249E-02 5.1473238E-02 8.2805097E-02 0.1148309 0.1477467 0.1817490 0.2170297 0.2537634 0.2920972 0.3321314 0.3738984 0.4173314 0.4622280 0.5082031 0.5546374 0.6006206 0.6449078 0.6859028 0.7217094 0.7503083 0.7698776 0.7792718 0.7783317 0.7676843 0.7486033 0.7225100 0.6908141 0.6549133 0.6161390 0.5757006
-0.2682423 -0.2849099 -0.3013418 -0.3171050 -0.3316956 -0.3445758 -0.3552211 -0.3631950 -0.3682027 -0.3701194 -0.3689328 -0.3647040 -0.3573960 -0.3469086 -0.3332294 -0.3164681 -0.2969051 -0.2749502 -0.2510851 -0.2257895 -0.1994983 -0.1725673 -0.1452680 -0.1177836 -9.0222120E-02 -6.2622905E-02 -3.4972869E-02 -7.2137918E-03 2.0744983E-02 4.9020618E-02 7.7747382E-02 0.1070723 0.1371466 0.1681217 0.2001389 0.2333222 0.2677649 0.3035152 0.3405561 0.3787811 0.4179643 0.4577267 0.4975001 0.5364941 0.5736798 0.6077989 0.6374305 0.6611264 0.6776345 0.6861036 0.6862543 0.6784914 0.6635595 0.6424715 0.6163753 0.5864316 0.5537579 0.5193730
-0.2456928 -0.2601913 -0.2744367 -0.2880734 -0.3006974 -0.3118743 -0.3211775 -0.3282239 -0.3327160 -0.3344552 -0.3333411 -0.3292918 -0.3222975 -0.3124022 -0.2996793 -0.2843078 -0.2665604 -0.2467887 -0.2253769 -0.2027079 -0.1791255 -0.1549193 -0.1303117 -0.1054612 -8.0463268E-02 -5.5361770E-02 -3.0154333E-02 -4.8039015E-03 2.0756444E-02 4.6613399E-02 7.2869949E-02 9.9636674E-02 0.1270283 0.1551553 0.1841183 0.2139980 0.2448460 0.2766699 0.3094189 0.3429626 0.3770697 0.4113837 0.4454000 0.4784492 0.5096949 0.5381554 0.5627612 0.5824574 0.5963293 0.6037701 0.6045710 0.5988390 0.5871030 0.5701147 0.5487417 0.5239110 0.4965325 0.4674502
-0.2245469 -0.2370736 -0.2493236 -0.2610043 -0.2717836 -0.2813088 -0.2892250 -0.2952059 -0.2989732 -0.3003162 -0.2990879 -0.2952419 -0.2887598 -0.2796698 -0.2680976 -0.2542287 -0.2383150 -0.2206498 -0.2015484 -0.1813174 -0.1602369 -0.1385425 -0.1164222 -9.4011143E-02 -7.1398146E-02 -4.8627812E-02 -2.5709318E-02 -2.6210619E-03 2.0681413E-02 4.4260856E-02 6.8191372E-02 9.2554405E-02 0.1174318 0.1429014 0.1690290 0.1958619 0.2234183 0.2516777 0.2805665 0.3099439 0.3395851 0.3691657 0.3982480 0.4262739 0.4525712 0.4763758 0.4968804 0.5133051 0.5249921 0.5314702 0.5325202 0.5282760 0.5190537 0.5053770 0.4879140 0.4673873 0.4445249 0.4200143
