T6-multimodels/gx/model150.grd
DSAA
         100         100
  -15.00000       15.00000    
  -15.00000       15.00000    
  -1.574004       2.169790    
[rows 50 to 74 of 100, columns 0 to 57 of 100]
-0.7660344 -0.8309752 -0.8946003 -0.9540183 -1.003303 -1.036240 -1.042425 -1.011293 -0.9291521 -0.7949766 -0.6635578 -0.6800463 -0.8195387 -0.9404052 -1.008316 -1.026811 -1.010890 -0.9697484 -0.9141007 -0.8489667 -0.7806077 -0.7109393 -0.6433997 -0.5780974 -0.5169091 -0.4590358 -0.4055765 -0.3553371 -0.3090688 -0.2654349 -0.2250532 -0.1865522 -0.1505164 -0.1155678 -8.2298346E-02 -4.9312413E-02 -1.7218281E-02 1.5435433E-02 4.8035335E-02 8.2153179E-02 0.1172084 0.1550126 0.1951247 0.2398573 0.2892688 0.3469757 0.4150195 0.5010720 0.6102098 0.7187994 0.7479191 0.7550958 0.8181545 0.9161890 1.032683 1.155670 1.279928 1.400774
-0.7638072 -0.8285754 -0.8920290 -0.9512799 -1.000406 -1.033198 -1.039256 -1.008017 -0.9257947 -0.7915686 -0.6601461 -0.6766369 -0.8161474 -0.9370789 -1.005082 -1.023695 -1.007913 -0.9669278 -0.9114475 -0.8464904 -0.7783123 -0.7088268 -0.6414673 -0.5763421 -0.5153247 -0.4576157 -0.4043126 -0.3542216 -0.3080932 -0.2645919 -0.2243350 -0.1859529 -0.1500295 -0.1151891 -8.2023419E-02 -4.9139339E-02 -1.7144673E-02 1.5409436E-02 4.7909684E-02 8.1925325E-02 0.1168763 0.1545711 0.1945693 0.2391807 0.2884645 0.3460338 0.4139315 0.4998262 0.6087919 0.7171887 0.7461374 0.7531214 0.8159546 0.9137608 1.030018 1.152763 1.276773 1.397369
-0.7600768 -0.8245524 -0.8877153 -0.9466835 -0.9955410 -1.028087 -1.033926 -1.002505 -0.9201422 -0.7858192 -0.6543345 -0.6708391 -0.8104317 -0.9314781 -0.9996422 -1.018456 -1.002910 -0.9621886 -0.9069943 -0.8423356 -0.7744642 -0.7052867 -0.6382329 -0.5734053 -0.5126760 -0.4552424 -0.4022021 -0.3523594 -0.3064659 -0.2631857 -0.2231382 -0.1849536 -0.1492186 -0.1145580 -8.1566274E-02 -4.8850879E-02 -1.7022820E-02 1.5366158E-02 4.7699381E-02 8.1545785E-02 0.1163215 0.1538349 0.1936418 0.2380519 0.2871204 0.3444611 0.4121127 0.4977449 0.6064323 0.7145398 0.7431450 0.7497748 0.8122554 0.9096829 1.025544 1.147878 1.271469 1.391643
-0.7548161 -0.8188729 -0.8816192 -0.9401803 -0.9886514 -1.020841 -1.026366 -0.9946812 -0.9121168 -0.7776636 -0.6461385 -0.6626542 -0.8023183 -0.9235265 -0.9919200 -1.011025 -0.9958189 -0.9554780 -0.9006928 -0.8364638 -0.7690309 -0.7002941 -0.6336747 -0.5692716 -0.5089507 -0.4519083 -0.3992388 -0.3497474 -0.3041843 -0.2612160 -0.2214620 -0.1835554 -0.1480839 -0.1136759 -8.0926895E-02 -4.8448436E-02 -1.6852824E-02 1.5304210E-02 4.7404606E-02 8.1012957E-02 0.1155441 0.1528020 0.1923415 0.2364672 0.2852342 0.3422512 0.4095566 0.4948156 0.6030990 0.7107649 0.7389331 0.7450864 0.8070396 0.9039208 1.019213 1.140960 1.263949 1.383515
-0.7479891 -0.8114925 -0.8736855 -0.9317060 -0.9796618 -1.011376 -1.016479 -0.9844427 -0.9016048 -0.7669672 -0.6353385 -0.6518778 -0.7916828 -0.9131115 -0.9818148 -1.001306 -0.9865557 -0.9467207 -0.8924810 -0.8288206 -0.7619690 -0.6938131 -0.6277666 -0.5639197 -0.5041345 -0.4476021 -0.3954163 -0.3463806 -0.3012469 -0.2586815 -0.2193073 -0.1817586 -0.1466273 -0.1125435 -8.0107324E-02 -4.7932506E-02 -1.6636185E-02 1.5223685E-02 4.7023952E-02 8.0326974E-02 0.1145425 0.1514720 0.1906651 0.2344247 0.2827997 0.3393979 0.4062522 0.4910274 0.5987936 0.7059126 0.7334592 0.7389602 0.8002446 0.8964115 1.010955 1.131924 1.254116 1.372875
-0.7395536 -0.8023568 -0.8638489 -0.9211819 -0.9684806 -0.9995869 -1.004151 -0.9716615 -0.8884756 -0.7536093 -0.6218955 -0.6384558 -0.7783957 -0.9001026 -0.9691999 -0.9891883 -0.9750171 -0.9358285 -0.8822812 -0.8193431 -0.7532257 -0.6858031 -0.6204759 -0.5573266 -0.4982094 -0.4423129 -0.3907267 -0.3422558 -0.2976513 -0.2555828 -0.2166744 -0.1795655 -0.1448501 -0.1111634 -7.9108812E-02 -4.7305495E-02 -1.6373675E-02 1.5122578E-02 4.6557102E-02 7.9486132E-02 0.1133160 0.1498422 0.1886109 0.2319187 0.2798117 0.3358912 0.4021879 0.4863601 0.5934729 0.6998791 0.7266968 0.7314073 0.7918260 0.8870872 1.000681 1.120666 1.241846 1.359578
-0.7294627 -0.7914075 -0.8520355 -0.9085190 -0.9550039 -0.9853559 -0.9892489 -0.9561952 -0.8725719 -0.7374106 -0.6055418 -0.6221352 -0.7622882 -0.8843455 -0.9539354 -0.9745389 -0.9610881 -0.9226986 -0.8700082 -0.8079591 -0.7427441 -0.6762181 -0.6117689 -0.5494664 -0.4911588 -0.4360283 -0.3851643 -0.3373693 -0.2933977 -0.2519205 -0.2135668 -0.1769786 -0.1427559 -0.1095380 -7.7934541E-02 -4.6568785E-02 -1.6067730E-02 1.5000562E-02 4.6002433E-02 7.8490317E-02 0.1118630 0.1479119 0.1861753 0.2289458 0.2762620 0.3317213 0.3973470 0.4807952 0.5871284 0.6927021 0.7185858 0.7223064 0.7816937 0.8758518 0.9882845 1.107056 1.226987 1.343446
-0.7176710 -0.7785836 -0.8381706 -0.8936265 -0.9391250 -0.9685596 -0.9716364 -0.9378946 -0.8537410 -0.7182290 -0.5862193 -0.6028441 -0.7432092 -0.8656874 -0.9358723 -0.9572251 -0.9446470 -0.9072278 -0.8555717 -0.7945961 -0.7304653 -0.6650143 -0.6016120 -0.5403169 -0.4829670 -0.4287408 -0.3787241 -0.3317213 -0.2884876 -0.2476990 -0.2099878 -0.1740029 -0.1403489 -0.1076720 -7.6587386E-02 -4.5725785E-02 -1.5719434E-02 1.4855363E-02 4.5360066E-02 7.7338248E-02 0.1101835 0.1456786 0.1833564 0.2255003 0.2721438 0.3268751 0.3917133 0.4743054 0.5797065 0.6842611 0.7090832 0.7116493 0.7697757 0.8626034 0.9736335 1.090941 1.209357 1.324270
-0.7041368 -0.7638303 -0.8221830 -0.8764181 -0.9207411 -0.9490830 -0.9511855 -0.9166252 -0.8318372 -0.6958983 -0.5636699 -0.5803398 -0.7210026 -0.8439837 -0.9148782 -0.9371201 -0.9255818 -0.8893147 -0.8388892 -0.7791844 -0.7163361 -0.6521506 -0.5899774 -0.5298589 -0.4736242 -0.4204452 -0.3714073 -0.3253146 -0.2829271 -0.2429240 -0.2059453 -0.1706449 -0.1376356 -0.1055703 -7.5072512E-02 -4.4779338E-02 -1.5332310E-02 1.4686160E-02 4.4627879E-02 7.6029971E-02 0.1082762 0.1431423 0.1801506 0.2215781 0.2674472 0.3213399 0.3852647 0.4668642 0.5711884 0.6745831 0.6981082 0.6992877 0.7559521 0.8472100 0.9565777 1.072140 1.188747 1.301806
-0.6888308 -0.7471049 -0.8040173 -0.8568240 -0.8997722 -0.9268358 -0.9278026 -0.8922899 -0.8067701 -0.6703488 -0.5379207 -0.5546321 -0.6955878 -0.8191435 -0.8908551 -0.9141306 -0.9038020 -0.8688811 -0.8198910 -0.7616708 -0.7003145 -0.6375987 -0.5768464 -0.5180838 -0.4631277 -0.4111454 -0.3632198 -0.3181590 -0.2767256 -0.2376071 -0.2014488 -0.1669146 -0.1346244 -0.1032410 -7.3395126E-02 -4.3734685E-02 -1.4908344E-02 1.4490646E-02 4.3806557E-02 7.4565157E-02 0.1061423 0.1403017 0.1765575 0.2171737 0.2621644 0.3150993 0.3779793 0.4584350 0.5615067 0.6635256 0.6855983 0.6851919 0.7401217 0.8295341 0.9369444 1.050451 1.164919 1.275782
-0.6717406 -0.7283861 -0.7836416 -0.8348065 -0.8761758 -0.9017792 -0.9014565 -0.8648750 -0.7785401 -0.6415786 -0.5088799 -0.5256462 -0.6669706 -0.7911627 -0.8637862 -0.8882217 -0.8792676 -0.8458830 -0.7985407 -0.7420233 -0.6823800 -0.6213458 -0.5622160 -0.5049942 -0.4514864 -0.4008526 -0.3541772 -0.3102693 -0.2699000 -0.2317626 -0.1965135 -0.1628244 -0.1313267 -0.1006920 -7.1563013E-02 -4.2595994E-02 -1.4451461E-02 1.4268334E-02 4.2895135E-02 7.2945744E-02 0.1037825 0.1371591 0.1725750 0.2122840 0.2562849 0.3081373 0.3698280 0.4489805 0.5506279 0.6511015 0.6714464 0.6691801 0.7221301 0.8094065 0.9145412 1.025647 1.137612 1.245899
-0.6528798 -0.7076821 -0.7610630 -0.8103732 -0.8499712 -0.8739527 -0.8722240 -0.8345011 -0.7473240 -0.6098291 -0.4769174 -0.4937301 -0.6353732 -0.7602077 -0.8337806 -0.8594623 -0.8520111 -0.8203367 -0.7748424 -0.7202477 -0.6625391 -0.6034051 -0.5461022 -0.4906114 -0.4387229 -0.3895927 -0.3443032 -0.3016709 -0.2624724 -0.2254128 -0.1911574 -0.1583913 -0.1277558 -9.7935811E-02 -6.9583990E-02 -4.1370094E-02 -1.3964524E-02 1.4016777E-02 4.1895278E-02 7.1172893E-02 0.1012006 0.1337158 0.1682054 0.2069048 0.2497998 0.3004323 0.3607782 0.4384463 0.5384586 0.6371310 0.6555593 0.6511949 0.7018431 0.7866541 0.8891566 0.9974827 1.106545 1.211841
-0.6322939 -0.6850416 -0.7363364 -0.7835966 -0.8212606 -0.8435127 -0.8403373 -0.8015063 -0.7135679 -0.5756254 -0.4425061 -0.4593697 -0.6013145 -0.7267011 -0.8011539 -0.8280643 -0.8221759 -0.7923340 -0.7488639 -0.6963948 -0.6408388 -0.5838189 -0.5285487 -0.4749768 -0.4248792 -0.3774037 -0.3336360 -0.2923969 -0.2544746 -0.2185841 -0.1854056 -0.1536351 -0.1239294 -9.4984934E-02 -6.7469195E-02 -4.0063042E-02 -1.3452146E-02 1.3736297E-02 4.0807672E-02 6.9251485E-02 9.8400705E-02 0.1299783 0.1634503 0.2010355 0.2426972 0.2919610 0.3507838 0.4267665 0.5249279 0.6215897 0.6377810 0.6310058 0.6790723 0.7610795 0.8605739 0.9657078 1.071434 1.173293
-0.6100679 -0.6605598 -0.7095771 -0.7546246 -0.7902517 -0.8107606 -0.8062445 -0.7665311 -0.6781455 -0.5400708 -0.4069859 -0.4238692 -0.5658484 -0.6914713 -0.7665031 -0.7944440 -0.7900392 -0.7620688 -0.7207423 -0.6705743 -0.6173688 -0.5626688 -0.5096272 -0.4581582 -0.4100159 -0.3643428 -0.3222252 -0.2824933 -0.2459455 -0.2113122 -0.1792865 -0.1485815 -0.1198670 -9.1856144E-02 -6.5229163E-02 -3.8683426E-02 -1.2916985E-02 1.3425604E-02 3.9636694E-02 6.7186475E-02 9.5392220E-02 0.1259541 0.1583184 0.1946763 0.2349679 0.2826904 0.3397840 0.4138363 0.5098683 0.6042053 0.6179476 0.6085150 0.6536651 0.7325138 0.8285955 0.9300969 1.032022 1.129976
-0.5863276 -0.6343846 -0.6809633 -0.7236885 -0.7572616 -0.7761632 -0.7706460 -0.7306224 -0.6425292 -0.5050417 -0.3723710 -0.3892347 -0.5307869 -0.6558991 -0.7307981 -0.7592434 -0.7560320 -0.7298341 -0.6906955 -0.6429541 -0.5922703 -0.5400740 -0.4894451 -0.4402486 -0.3942171 -0.3504827 -0.3101363 -0.2720158 -0.2369349 -0.2036379 -0.1728365 -0.1432586 -0.1155930 -8.8566691E-02 -6.2878251E-02 -3.7238702E-02 -1.2364408E-02 1.3086287E-02 3.8385566E-02 6.4987406E-02 9.2185237E-02 0.1216578 0.1528201 0.1878342 0.2266002 0.2725815 0.3276849 0.3994957 0.4930685 0.5848019 0.5957690 0.5834308 0.6254641 0.7008495 0.7931181 0.8905134 0.9881423 1.081700
-0.5612430 -0.6067133 -0.6507342 -0.6910904 -0.7227055 -0.7403282 -0.7344909 -0.6952773 -0.6090047 -0.4737129 -0.3425430 -0.3592522 -0.4991256 -0.6220990 -0.6954042 -0.7233296 -0.7207112 -0.6960171 -0.6590077 -0.6137627 -0.5657313 -0.5161979 -0.4681413 -0.4213712 -0.3775878 -0.3359163 -0.2974477 -0.2610330 -0.2274994 -0.1956107 -0.1660949 -0.1377006 -0.1111325 -8.5137799E-02 -6.0429700E-02 -3.5738774E-02 -1.1796342E-02 1.2719003E-02 3.7062705E-02 6.2665053E-02 8.8797852E-02 0.1171078 0.1469779 0.1805227 0.2175921 0.2615840 0.3143525 0.3834637 0.4740599 0.5627408 0.5708355 0.5556432 0.5945161 0.6662369 0.7542863 0.8470497 0.9398254 1.028475
-0.5350226 -0.5777891 -0.6191763 -0.6571830 -0.6870431 -0.7039240 -0.6988497 -0.6623439 -0.5807392 -0.4510002 -0.3236456 -0.3399143 -0.4754328 -0.5929244 -0.6619754 -0.6876667 -0.6846919 -0.6610481 -0.6260146 -0.5832733 -0.5379864 -0.4912394 -0.4458896 -0.4016735 -0.3602570 -0.3207515 -0.2842531 -0.2496229 -0.2177063 -0.1872851 -0.1591084 -0.1319437 -0.1065163 -8.1590645E-02 -5.7900343E-02 -3.4192167E-02 -1.1217542E-02 1.2327434E-02 3.5675690E-02 6.0236022E-02 8.5250385E-02 0.1123337 0.1408223 0.1727743 0.2079554 0.2496569 0.2995991 0.3652680 0.4519793 0.5370148 0.5423549 0.5250477 0.5613660 0.6294230 0.7127869 0.8002288 0.8874663 0.9706330
-0.5079102 -0.5478880 -0.5866063 -0.6223254 -0.6507064 -0.6675133 -0.6646184 -0.6335305 -0.5613309 -0.4439073 -0.3261317 -0.3411872 -0.4659226 -0.5714819 -0.6319900 -0.6530608 -0.6484968 -0.6253423 -0.5920619 -0.5517952 -0.5092998 -0.4654350 -0.4228891 -0.3813312 -0.3423690 -0.3051160 -0.2706553 -0.2378761 -0.2076270 -0.1787245 -0.1519248 -0.1260305 -0.1017734 -7.7951834E-02 -5.5304416E-02 -3.2611106E-02 -1.0628323E-02 1.1913013E-02 3.4238596E-02 5.7716593E-02 8.1574105E-02 0.1073705 0.1344056 0.1646424 0.1977468 0.2368014 0.2832493 0.3441865 0.4250036 0.5049222 0.5090609 0.4927080 0.5280366 0.5923589 0.6701370 0.7511801 0.8319393 0.9089516
-0.4801806 -0.5173010 -0.5533574 -0.5868403 -0.6140233 -0.6313575 -0.6320695 -0.6093432 -0.5527679 -0.4590154 -0.3634898 -0.3754814 -0.4758787 -0.5593122 -0.6058339 -0.6197901 -0.6123848 -0.5892419 -0.5574613 -0.5196635 -0.4799457 -0.4390577 -0.3993483 -0.3605497 -0.3240726 -0.2891593 -0.2567561 -0.2259008 -0.1973281 -0.1700062 -0.1445850 -0.1200158 -9.6925199E-02 -7.4258566E-02 -5.2646734E-02 -3.1018134E-02 -1.0018429E-02 1.1467425E-02 3.2778241E-02 5.5115446E-02 7.7817813E-02 0.1022510 0.1278106 0.1562010 0.1871048 0.2231333 0.2653609 0.3196154 0.3903726 0.4612181 0.4697563 0.4626327 0.4987016 0.5579895 0.6282694 0.7013510 0.7744592 0.8446261
-0.4521318 -0.4863210 -0.5197692 -0.5509936 -0.5771921 -0.5953155 -0.6005370 -0.5879202 -0.5515523 -0.4917068 -0.4337980 -0.4402943 -0.5005927 -0.5533285 -0.5818917 -0.5873639 -0.5762683 -0.5529953 -0.5224696 -0.4872340 -0.4501927 -0.4124135 -0.3754745 -0.3395630 -0.3055117 -0.2730545 -0.2426489 -0.2138242 -0.1868661 -0.1612250 -0.1371178 -0.1139705 -9.1979578E-02 -7.0563450E-02 -4.9917728E-02 -2.9450869E-02 -9.3615735E-03 1.0967334E-02 3.1339742E-02 5.2426379E-02 7.4053146E-02 9.6997410E-02 0.1211581 0.1475368 0.1762724 0.2089463 0.2465816 0.2924592 0.3485621 0.4042374 0.4264619 0.4388735 0.4749133 0.5269166 0.5876182 0.6515718 0.7161297 0.7790714
-0.4240198 -0.4552983 -0.4861151 -0.5150903 -0.5402380 -0.5590886 -0.5685677 -0.5655953 -0.5481287 -0.5191279 -0.4939031 -0.4956982 -0.5209145 -0.5454708 -0.5572098 -0.5545527 -0.5400124 -0.5166362 -0.4874479 -0.4547431 -0.4204219 -0.3857127 -0.3515783 -0.3185177 -0.2869242 -0.2568914 -0.2285153 -0.2016925 -0.1763816 -0.1523949 -0.1296351 -0.1078843 -8.7027088E-02 -6.6836566E-02 -4.7192164E-02 -2.7861612E-02 -8.7191705E-03 1.0479597E-02 2.9875597E-02 4.9741264E-02 7.0252620E-02 9.1742501E-02 0.1144643 0.1388775 0.1654146 0.1948257 0.2279499 0.2659465 0.3088269 0.3513720 0.3841269 0.4127611 0.4492081 0.4946704 0.5464343 0.6015814 0.6578431 0.7136499
-0.3961183 -0.4245588 -0.4526941 -0.4794130 -0.5032442 -0.5224052 -0.5349417 -0.5392041 -0.5348122 -0.5244628 -0.5152819 -0.5149500 -0.5223720 -0.5292114 -0.5291865 -0.5203562 -0.5034708 -0.4802752 -0.4527085 -0.4224754 -0.3909669 -0.3592055 -0.3279265 -0.2975968 -0.2685083 -0.2407936 -0.2144992 -0.1895852 -0.1659792 -0.1435628 -0.1222128 -0.1017802 -8.2123280E-02 -6.3082278E-02 -4.4509023E-02 -2.6238237E-02 -8.1156436E-03 1.0033563E-02 2.8377356E-02 4.7110945E-02 6.6430815E-02 8.6573295E-02 0.1077900 0.1303938 0.1547363 0.1812547 0.2104054 0.2425408 0.2773178 0.3128855 0.3469048 0.3806059 0.4173308 0.4585029 0.5036568 0.5514755 0.6005505 0.6497543
-0.3687198 -0.3943854 -0.4198476 -0.4442376 -0.4664649 -0.4852678 -0.4993864 -0.5078945 -0.5107711 -0.5095115 -0.5070732 -0.5059158 -0.5057150 -0.5036763 -0.4970312 -0.4846150 -0.4666680 -0.4442113 -0.4185104 -0.3907902 -0.3620824 -0.3331956 -0.3047127 -0.2770326 -0.2503965 -0.2249343 -0.2006850 -0.1776310 -0.1557076 -0.1348258 -0.1148737 -9.5732182E-02 -7.7270262E-02 -5.9356961E-02 -4.1853525E-02 -2.4622805E-02 -7.5199292E-03 9.6003376E-03 2.6894383E-02 4.4522610E-02 6.2662475E-02 8.1502147E-02 0.1012550 0.1221518 0.1444545 0.1684330 0.1943412 0.2223021 0.2521361 0.2832608 0.3152193 0.3482088 0.3831116 0.4205959 0.4605777 0.5024638 0.5454418 0.5887460
-0.3420793 -0.3650624 -0.3878952 -0.4099037 -0.4302666 -0.4480779 -0.4624663 -0.4728135 -0.4790124 -0.4816517 -0.4818006 -0.4803665 -0.4772221 -0.4713410 -0.4617038 -0.4478458 -0.4299886 -0.4088073 -0.3851844 -0.3600015 -0.3340413 -0.3079307 -0.2821442 -0.2570091 -0.2327382 -0.2094456 -0.1871774 -0.1659232 -0.1456382 -0.1262483 -0.1076646 -8.9783378E-02 -7.2496429E-02 -5.5687163E-02 -3.9238788E-02 -2.3027813E-02 -6.9313101E-03 9.1813589E-03 2.5442297E-02 4.1993696E-02 5.8982208E-02 7.6568678E-02 9.4920993E-02 0.1142228 0.1346614 0.1564258 0.1796711 0.2044860 0.2308364 0.2585838 0.2875578 0.3179033 0.3498874 0.3836459 0.4191094 0.4559373 0.4936350 0.5316574
-0.3164212 -0.3368451 -0.3571365 -0.3767622 -0.3950948 -0.4114526 -0.4251890 -0.4358064 -0.4430865 -0.4471378 -0.4482945 -0.4467725 -0.4425428 -0.4353339 -0.4248221 -0.4109542 -0.3939996 -0.3744869 -0.3530651 -0.3303998 -0.3070880 -0.2836279 -0.2604015 -0.2376865 -0.2156646 -0.1944437 -0.1740693 -0.1545445 -0.1358356 -0.1178884 -0.1006285 -8.3972901E-02 -6.7827925E-02 -5.2097149E-02 -3.6677256E-02 -2.1464655E-02 -6.3497922E-03 8.7773809E-03 2.4033926E-02 3.9538231E-02 5.5417545E-02 7.1801968E-02 8.8831224E-02 0.1066458 0.1253918 0.1452035 0.1661990 0.1884525 0.2119881 0.2367859 0.2628815 0.2902631 0.3189769 0.3490649 0.3804111 0.4127727 0.4457963 0.4790713
