T6-multimodels/gx/model120.grd
DSAA
         100         100
  -15.00000       15.00000    
  -15.00000       15.00000    
  -1.875417       2.432827    
[rows 26 to 51 of 100, columns 0 to 57 of 100]
-0.3547841 -0.3796605 -0.4042796 -0.4277684 -0.4490317 -0.4668022 -0.4798147 -0.4871363 -0.4887392 -0.4861113 -0.4822009 -0.4794586 -0.4775496 -0.4736682 -0.4650338 -0.4504672 -0.4301933 -0.4052160 -0.3767816 -0.3460937 -0.3141601 -0.2817627 -0.2494552 -0.2176025 -0.1864093 -0.1559631 -0.1262568 -9.7219497E-02 -6.8727925E-02 -4.0626395E-02 -1.2729079E-02 1.5167234E-02 4.3286271E-02 7.1863838E-02 0.1011540 0.1314224 0.1629537 0.1960455 0.2310151 0.2681897 0.3079098 0.3505116 0.3963156 0.4455838 0.4984643 0.5548666 0.6142582 0.6753169 0.7355677 0.7916499 0.8409531 0.8827184 0.9170817 0.9432318 0.9596229 0.9649942 0.9587976 0.9412809
-0.3818806 -0.4095069 -0.4367720 -0.4625599 -0.4853944 -0.5034873 -0.5148784 -0.5179110 -0.5121977 -0.5004272 -0.4897161 -0.4877349 -0.4933774 -0.4982951 -0.4961931 -0.4851148 -0.4657938 -0.4399563 -0.4095207 -0.3761684 -0.3412644 -0.3058018 -0.2704835 -0.2357395 -0.2018210 -0.1688137 -0.1367120 -0.1054171 -7.4789852E-02 -4.4636700E-02 -1.4749595E-02 1.5116594E-02 4.5211621E-02 7.5817324E-02 0.1072190 0.1397354 0.1736919 0.2094521 0.2473902 0.2879218 0.3314731 0.3785062 0.4294767 0.4848371 0.5449514 0.6100012 0.6796747 0.7525306 0.8247273 0.8894265 0.9416490 0.9845197 1.021660 1.051378 1.070411 1.076534 1.068975 1.048084
-0.4094860 -0.4399256 -0.4698456 -0.4978601 -0.5219792 -0.5397258 -0.5480211 -0.5437752 -0.5249403 -0.4944656 -0.4676535 -0.4677348 -0.4911009 -0.5136561 -0.5232313 -0.5182279 -0.5011442 -0.4750042 -0.4428123 -0.4068359 -0.3689494 -0.3303469 -0.2919585 -0.2542401 -0.2175423 -0.1819050 -0.1473691 -0.1137629 -8.0973186E-02 -4.8725192E-02 -1.6828714E-02 1.5045912E-02 4.7135070E-02 7.9808846E-02 0.1133448 0.1481578 0.1845756 0.2230728 0.2640435 0.3080413 0.3555456 0.4072056 0.4635963 0.5254573 0.5934252 0.6682025 0.7500948 0.8383039 0.9275608 1.001951 1.048477 1.085417 1.125862 1.161573 1.185019 1.192717 1.184060 1.159666
-0.4373079 -0.4706349 -0.5031589 -0.5333948 -0.5585317 -0.5755175 -0.5795151 -0.5655839 -0.5277994 -0.4664298 -0.4068750 -0.4115956 -0.4699718 -0.5206301 -0.5469406 -0.5499717 -0.5362226 -0.5100675 -0.4764008 -0.4377447 -0.3969660 -0.3551052 -0.3136942 -0.2728846 -0.2334512 -0.1950812 -0.1581581 -0.1221504 -8.7249376E-02 -5.2824963E-02 -1.8972339E-02 1.4988089E-02 4.9017895E-02 8.3837554E-02 0.1194571 0.1566498 0.1954850 0.2368147 0.2807891 0.3283740 0.3798346 0.4362962 0.4981909 0.5668657 0.6430267 0.7283574 0.8240455 0.9314385 1.046006 1.133625 1.155339 1.176435 1.225302 1.271018 1.301209 1.311237 1.301874 1.273875
-0.4650738 -0.5013101 -0.5364145 -0.5688825 -0.5949708 -0.6111348 -0.6105829 -0.5865029 -0.5284625 -0.4331372 -0.3359067 -0.3460625 -0.4444653 -0.5257474 -0.5699273 -0.5813502 -0.5711812 -0.5450400 -0.5099812 -0.4686168 -0.4249892 -0.3798341 -0.3354344 -0.2915010 -0.2493632 -0.2082322 -0.1689533 -0.1305194 -9.3538545E-02 -5.6915186E-02 -2.1138135E-02 1.4929363E-02 5.0868303E-02 8.7854780E-02 0.1255267 0.1651210 0.2063434 0.2505300 0.2974801 0.3486815 0.4040759 0.4653788 0.5327690 0.6083223 0.6927166 0.7887645 0.8985569 1.026023 1.168244 1.270396 1.261236 1.263955 1.323180 1.379964 1.417485 1.429982 1.420018 1.388384
-0.4925297 -0.5316003 -0.5693414 -0.6040173 -0.6312733 -0.6468765 -0.6426806 -0.6101977 -0.5364881 -0.4174415 -0.2979056 -0.3110640 -0.4337372 -0.5370688 -0.5951511 -0.6135943 -0.6061617 -0.5798911 -0.5432008 -0.4992196 -0.4526483 -0.4043293 -0.3568820 -0.3099508 -0.2650577 -0.2212804 -0.1795953 -0.1388403 -9.9728867E-02 -6.1005469E-02 -2.3253147E-02 1.4825631E-02 5.2723784E-02 9.1781057E-02 0.1315534 0.1734496 0.2171030 0.2640380 0.3139986 0.3686903 0.4280327 0.4940135 0.5668594 0.6490328 0.7414398 0.8475769 0.9703000 1.114745 1.277174 1.390114 1.368451 1.361199 1.425262 1.489622 1.532511 1.546934 1.536028 1.500854
-0.5193774 -0.5612142 -0.6015998 -0.6385363 -0.6672417 -0.6828859 -0.6764747 -0.6385341 -0.5553753 -0.4239641 -0.2947953 -0.3091065 -0.4424969 -0.5576865 -0.6242295 -0.6472008 -0.6412547 -0.6143794 -0.5758072 -0.5292063 -0.4796807 -0.4282959 -0.3778378 -0.3280139 -0.2804015 -0.2340706 -0.1900055 -0.1470091 -0.1057848 -6.5032296E-02 -2.5317673E-02 1.4705193E-02 5.4550208E-02 9.5609799E-02 0.1374663 0.1815884 0.2276457 0.2772361 0.3301571 0.3882118 0.4514043 0.5218621 0.5999530 0.6883578 0.7882327 0.9034303 1.037168 1.194666 1.370641 1.492473 1.471342 1.462961 1.529652 1.598253 1.644355 1.659817 1.647630 1.609020
-0.5453433 -0.5898621 -0.6328579 -0.6721175 -0.7025490 -0.7189034 -0.7116943 -0.6710069 -0.5831376 -0.4461263 -0.3130895 -0.3277830 -0.4654636 -0.5860628 -0.6567799 -0.6818957 -0.6762059 -0.6481682 -0.6074941 -0.5582484 -0.5058197 -0.4514693 -0.3981025 -0.3454964 -0.2952587 -0.2464681 -0.2000991 -0.1549381 -0.1116626 -6.8945907E-02 -2.7322432E-02 1.4584773E-02 5.6324653E-02 9.9324815E-02 0.1432074 0.1894829 0.2378695 0.2900187 0.3457920 0.4070650 0.4739308 0.5486205 0.6316292 0.7257863 0.8324192 0.9555476 1.098469 1.266146 1.452236 1.582179 1.566079 1.560890 1.630697 1.702337 1.750504 1.766411 1.752804 1.710966
-0.5701842 -0.6172689 -0.6627992 -0.7044027 -0.7367647 -0.7543673 -0.7474445 -0.7059101 -0.6161786 -0.4769259 -0.3423377 -0.3571297 -0.4964264 -0.6190948 -0.6913280 -0.7168770 -0.7104973 -0.6808473 -0.6379224 -0.5860436 -0.5308086 -0.4736222 -0.4174875 -0.3622341 -0.3094979 -0.2583605 -0.2097908 -0.1625561 -0.1173138 -7.2709128E-02 -2.9250456E-02 1.4471101E-02 5.8034394E-02 0.1029026 0.1487321 0.1970747 0.2476910 0.3022833 0.3607672 0.4250846 0.4954007 0.5740338 0.6615728 0.7609520 0.8735966 1.003593 1.154203 1.330135 1.524460 1.661776 1.651548 1.650972 1.724491 1.798952 1.848800 1.864949 1.850003 1.805269
-0.5936924 -0.6431920 -0.6911392 -0.7350409 -0.7694300 -0.7886107 -0.7826567 -0.7413965 -0.6513332 -0.5114496 -0.3763984 -0.3911560 -0.5308195 -0.6539320 -0.7262234 -0.7511843 -0.7435185 -0.7119914 -0.6667616 -0.6123248 -0.5544203 -0.4945637 -0.4358284 -0.3780898 -0.3230023 -0.2696534 -0.2190026 -0.1698039 -0.1226925 -7.6292366E-02 -3.1084022E-02 1.4367135E-02 5.9670631E-02 0.1063189 0.1540033 0.2043099 0.2570401 0.3139383 0.3749708 0.4421321 0.5156497 0.5979068 0.6895642 0.7936223 0.9115616 1.047482 1.204582 1.387376 1.588579 1.732349 1.727864 1.732044 1.809324 1.886530 1.937948 1.954354 1.938277 1.891064
-0.6156985 -0.6674351 -0.7176387 -0.7637304 -0.8001311 -0.8210272 -0.8163831 -0.7759713 -0.6863173 -0.5465241 -0.4113922 -0.4260788 -0.5656504 -0.6884632 -0.7601039 -0.7839554 -0.7747165 -0.7412186 -0.6937333 -0.6368700 -0.5764739 -0.5141385 -0.4529951 -0.3929511 -0.3356790 -0.2802677 -0.2276716 -0.1766300 -0.1277621 -7.9669073E-02 -3.2809902E-02 1.4276192E-02 6.1223626E-02 0.1095542 0.1589876 0.2111436 0.2658565 0.3249105 0.3883117 0.4581014 0.5345542 0.6201053 0.7154637 0.8236744 0.9462420 1.087260 1.249864 1.438429 1.645455 1.794824 1.795378 1.803946 1.884791 1.964577 2.017495 2.034225 2.017266 1.968001
-0.6360776 -0.6898507 -0.7421211 -0.7902410 -0.8285520 -0.8511510 -0.8479246 -0.8085887 -0.7196603 -0.5802751 -0.4453073 -0.4598939 -0.5991094 -0.7213095 -0.7920034 -0.8145504 -0.8036646 -0.7682397 -0.7186248 -0.6595169 -0.5968348 -0.5322345 -0.4688889 -0.4067343 -0.3474542 -0.2901426 -0.2357464 -0.1829953 -0.1324913 -8.2819134E-02 -3.4416106E-02 1.4199410E-02 6.2686481E-02 0.1125902 0.1636585 0.2175373 0.2740930 0.3351404 0.4007220 0.4729143 0.5520313 0.6405442 0.7391982 0.8510627 0.9776534 1.123047 1.290322 1.483748 1.695662 1.849760 1.854751 1.867174 1.951159 2.033272 2.087577 2.104685 2.087070 2.036149
-0.6547456 -0.7103453 -0.7644718 -0.8144262 -0.8544859 -0.8786820 -0.8768343 -0.8386096 -0.7504901 -0.6116011 -0.4768049 -0.4912998 -0.6301459 -0.7516464 -0.8213275 -0.8425581 -0.8300899 -0.7928664 -0.7413040 -0.6801618 -0.6154193 -0.5487778 -0.4834461 -0.4193807 -0.3582782 -0.2992332 -0.2431905 -0.1888684 -0.1368578 -8.5726239E-02 -3.5894908E-02 1.4138396E-02 6.4051852E-02 0.1154137 0.1679934 0.2234626 0.2817124 0.3445859 0.4121529 0.4865203 0.5680302 0.6591828 0.7607448 0.8758014 1.005868 1.155002 1.326234 1.523752 1.739788 1.897894 1.906561 1.922274 2.008999 2.093144 2.148696 2.166200 2.148111 2.095877
-0.6716574 -0.7288702 -0.7846363 -0.8362136 -0.8778315 -0.9034649 -0.9028811 -0.8656971 -0.7783622 -0.6399788 -0.5054151 -0.5198121 -0.6582422 -0.7790538 -0.8477640 -0.8677688 -0.8538526 -0.8150102 -0.7617080 -0.6987589 -0.6321869 -0.5637323 -0.4966305 -0.4308574 -0.3681184 -0.3075117 -0.2499779 -0.1942296 -0.1408451 -8.8380590E-02 -3.7240572E-02 1.4091842E-02 6.5314241E-02 0.1180121 0.1719757 0.2288966 0.2886886 0.3532163 0.4225736 0.4988894 0.5825292 0.6760112 0.7801186 0.8979427 1.030995 1.183312 1.357882 1.558831 1.778293 1.939716 1.951532 1.970010 2.059018 2.144896 2.201531 2.219419 2.200995 2.147728
-0.6868000 -0.7454180 -0.8026084 -0.8555967 -0.8985706 -0.9254610 -0.9259897 -0.8897325 -0.8031006 -0.6651680 -0.5307683 -0.5450851 -0.6831787 -0.8033671 -0.8712061 -0.8901167 -0.8749232 -0.8346590 -0.7798361 -0.7153075 -0.6471363 -0.5770914 -0.5084331 -0.4411510 -0.3769608 -0.3149622 -0.2560952 -0.1990653 -0.1444438 -9.0774499E-02 -3.8450688E-02 1.4059932E-02 6.6468269E-02 0.1203772 0.1755926 0.2338246 0.2950037 0.3610142 0.4319673 0.5100111 0.5955260 0.6910456 0.7973604 0.9175659 1.053165 1.208175 1.385549 1.589362 1.811686 1.975882 1.990234 2.011000 2.101936 2.189266 2.246827 2.265068 2.246410 2.192336
-0.7001865 -0.7600104 -0.8184212 -0.8726146 -0.9167464 -0.9447107 -0.9461927 -0.9107305 -0.8247067 -0.6871726 -0.5529599 -0.5671956 -0.7049518 -0.8245934 -0.8916736 -0.9096400 -0.8933455 -0.8518601 -0.7957296 -0.7298434 -0.6602926 -0.5888731 -0.5188622 -0.4502651 -0.3848034 -0.3215814 -0.2615362 -0.2033710 -0.1476488 -9.2905708E-02 -3.9523583E-02 1.4040200E-02 6.7510411E-02 0.1225019 0.1788360 0.2382357 0.3006479 0.3679704 0.4403299 0.5198874 0.6070360 0.7043177 0.8125297 0.9347649 1.072520 1.229792 1.409505 1.615691 1.840361 2.006814 2.023314 2.045962 2.138456 2.226984 2.285317 2.303870 2.285050 2.230346
-0.7118466 -0.7726910 -0.8321303 -0.8873373 -0.9324400 -0.9613047 -0.9635838 -0.9287889 -0.8432724 -0.7060627 -0.5719620 -0.5861351 -0.7236440 -0.8428252 -0.9092661 -0.9264345 -0.9092124 -0.8666955 -0.8094615 -0.7424247 -0.6717029 -0.5991109 -0.5279434 -0.4582153 -0.3916566 -0.3273731 -0.2663035 -0.2071462 -0.1504602 -9.4773598E-02 -4.0460914E-02 1.4031167E-02 6.8436600E-02 0.1243823 0.1816997 0.2421253 0.3056164 0.3740837 0.4476644 0.5285306 0.6170833 0.7158715 0.8256937 0.9496415 1.089202 1.248356 1.430005 1.638144 1.864749 2.033065 2.051249 2.075420 2.169207 2.258714 2.317685 2.336506 2.317573 2.262380
-0.7218224 -0.7835155 -0.8438073 -0.8998511 -0.9457545 -0.9753584 -0.9782925 -0.9440427 -0.8589432 -0.7220063 -0.5880364 -0.6021477 -0.7394125 -0.8582089 -0.9241189 -0.9406289 -0.9226381 -0.8792682 -0.8211172 -0.7531239 -0.6814236 -0.6078495 -0.5357082 -0.4650252 -0.3975354 -0.3323487 -0.2704029 -0.2103953 -0.1528800 -9.6380644E-02 -4.1263808E-02 1.4030084E-02 6.9244556E-02 0.1260144 0.1841815 0.2454906 0.3099096 0.3793573 0.4539810 0.5359588 0.6256995 0.7257543 0.8369239 0.9622958 1.103349 1.264051 1.447280 1.657006 1.885163 2.054960 2.074560 2.099959 2.194758 2.285052 2.344537 2.363582 2.344570 2.289000
-0.7301599 -0.7925444 -0.8535275 -0.9102492 -0.9567976 -0.9869965 -0.9904553 -0.9566430 -0.8718747 -0.7351471 -0.6012403 -0.6153073 -0.7524107 -0.8708993 -0.9363824 -0.9523591 -0.9337476 -0.8896852 -0.8307902 -0.7620168 -0.6895177 -0.6151376 -0.5421950 -0.4707224 -0.4024607 -0.3365219 -0.2738449 -0.2131247 -0.1549136 -9.7729847E-02 -4.1936070E-02 1.4034764E-02 6.9931321E-02 0.1273970 0.1862795 0.2483324 0.3135297 0.3837989 0.4592919 0.5421944 0.6329175 0.7340165 0.8462901 0.9728236 1.115088 1.277039 1.461539 1.672535 1.901943 2.072937 2.093597 2.119964 2.215586 2.306504 2.366400 2.385626 2.366560 2.310700
-0.7369059 -0.7998368 -0.8613655 -0.9186188 -0.9656732 -0.9963367 -1.000206 -0.9667326 -0.8822230 -0.7456641 -0.6118432 -0.6258671 -0.7628080 -0.8810515 -0.9461979 -0.9617569 -0.9426569 -0.8980506 -0.8385678 -0.7691780 -0.6960441 -0.6210233 -0.5474406 -0.4753360 -0.4064536 -0.3399090 -0.2766404 -0.2153431 -0.1565663 -9.8825954E-02 -4.2480022E-02 1.4042168E-02 7.0495829E-02 0.1285283 0.1879943 0.2506519 0.3164819 0.3874159 0.4636120 0.5472586 0.6387708 0.7407036 0.8538570 0.9813112 1.124532 1.287465 1.472959 1.684945 1.915310 2.087211 2.108749 2.135865 2.232099 2.323495 2.383709 2.403078 2.383973 2.327898
-0.7421038 -0.8054476 -0.8673870 -0.9250406 -0.9724736 -1.003485 -1.007660 -0.9744402 -0.8901209 -0.7536802 -0.6198856 -0.6338831 -0.7707352 -0.8887981 -0.9536935 -0.9689381 -0.9494717 -0.9044546 -0.8445296 -0.7746732 -0.7010591 -0.6255504 -0.5514804 -0.4788923 -0.4095351 -0.3425245 -0.2788010 -0.2170580 -0.1578443 -9.9672958E-02 -4.2899638E-02 1.4050852E-02 7.0935972E-02 0.1294086 0.1893262 0.2524523 0.3187709 0.3902183 0.4669551 0.5511733 0.6432889 0.7458588 0.8596803 0.9878327 1.131775 1.295448 1.481688 1.694415 1.925508 2.098102 2.120236 2.147904 2.244614 2.336367 2.396816 2.416292 2.397163 2.340929
-0.7457891 -0.8094212 -0.8716471 -0.9295787 -0.9772753 -1.008528 -1.012913 -0.9798686 -0.8956818 -0.7593290 -0.6255873 -0.6395593 -0.7763171 -0.8942514 -0.9589705 -0.9739978 -0.9542759 -0.9089742 -0.8487391 -0.7785574 -0.7046065 -0.6287563 -0.5543432 -0.4814151 -0.4117222 -0.3443825 -0.2803360 -0.2182772 -0.1587528 -0.1002750 -4.3196768E-02 1.4058117E-02 7.1251266E-02 0.1300368 0.1902767 0.2537358 0.3204020 0.3922133 0.4693336 0.5539554 0.6464972 0.7495151 0.8638064 0.9924470 1.136895 1.301081 1.487840 1.701079 1.932663 2.105718 2.128315 2.156366 2.253381 2.345378 2.405990 2.425541 2.406395 2.350055
-0.7479886 -0.8117915 -0.8741862 -0.9322818 -0.9801329 -1.011527 -1.016037 -0.9830947 -0.8989842 -0.7626762 -0.6289324 -0.6428954 -0.7796281 -0.8974895 -0.9621067 -0.9770048 -0.9571329 -0.9116625 -0.8512456 -0.7808709 -0.7067212 -0.6306681 -0.5560519 -0.4829211 -0.4130288 -0.3454926 -0.2812540 -0.2190060 -0.1592962 -0.1006346 -4.3374382E-02 1.4063390E-02 7.1440570E-02 0.1304141 0.1908463 0.2545052 0.3213788 0.3934079 0.4707565 0.5556193 0.6484142 0.7516985 0.8662680 0.9951985 1.139944 1.304435 1.491498 1.705040 1.936924 2.110265 2.133085 2.161357 2.258571 2.350712 2.411420 2.431015 2.411860 2.355457
-0.7487202 -0.8125791 -0.8750299 -0.9331794 -0.9810823 -1.012522 -1.017073 -0.9841644 -0.9000806 -0.7637926 -0.6300754 -0.6440297 -0.7807294 -0.8985642 -0.9631464 -0.9780027 -0.9580807 -0.9125550 -0.8520775 -0.7816396 -0.7074235 -0.6313038 -0.5566198 -0.4834223 -0.4134632 -0.3458622 -0.2815593 -0.2192488 -0.1594768 -0.1007545 -4.3433208E-02 1.4065124E-02 7.1503937E-02 0.1305397 0.1910363 0.2547612 0.3217043 0.3938055 0.4712303 0.5561728 0.6490521 0.7524244 0.8670865 0.9961125 1.140957 1.305547 1.492712 1.706353 1.938325 2.111748 2.134681 2.163029 2.260292 2.352479 2.413217 2.432827 2.413669 2.357246
-0.7479888 -0.8117917 -0.8741864 -0.9322820 -0.9801331 -1.011527 -1.016037 -0.9830948 -0.8989844 -0.7626764 -0.6289328 -0.6428957 -0.7796284 -0.8974896 -0.9621069 -0.9770049 -0.9571331 -0.9116625 -0.8512457 -0.7808711 -0.7067212 -0.6306683 -0.5560521 -0.4829215 -0.4130288 -0.3454927 -0.2812540 -0.2190060 -0.1592961 -0.1006346 -4.3374278E-02 1.4063437E-02 7.1440630E-02 0.1304141 0.1908463 0.2545051 0.3213788 0.3934079 0.4707566 0.5556193 0.6484143 0.7516986 0.8662680 0.9951986 1.139944 1.304435 1.491498 1.705040 1.936924 2.110265 2.133085 2.161357 2.258571 2.350712 2.411420 2.431015 2.411860 2.355457
-0.7457890 -0.8094211 -0.8716473 -0.9295786 -0.9772750 -1.008528 -1.012913 -0.9798684 -0.8956820 -0.7593287 -0.6255869 -0.6395591 -0.7763171 -0.8942514 -0.9589707 -0.9739978 -0.9542756 -0.9089739 -0.8487394 -0.7785575 -0.7046064 -0.6287563 -0.5543432 -0.4814153 -0.4117222 -0.3443826 -0.2803361 -0.2182772 -0.1587527 -0.1002749 -4.3196686E-02 1.4058175E-02 7.1251258E-02 0.1300368 0.1902767 0.2537358 0.3204020 0.3922134 0.4693336 0.5539554 0.6464972 0.7495150 0.8638063 0.9924470 1.136895 1.301081 1.487840 1.701079 1.932663 2.105717 2.128315 2.156366 2.253381 2.345378 2.405990 2.425541 2.406395 2.350055
