T6-multimodels/gx/model90.grd
DSAA
         100         100
  -15.00000       15.00000    
  -15.00000       15.00000    
  -1.933526       2.737130    
[rows 26 to 51 of 100, columns 0 to 57 of 100]
-0.3431529 -0.3673049 -0.3911452 -0.4137953 -0.4341552 -0.4509512 -0.4629117 -0.4690964 -0.4694697 -0.4655101 -0.4601563 -0.4558478 -0.4522374 -0.4465058 -0.4358572 -0.4190952 -0.3964261 -0.3688321 -0.3375363 -0.3037154 -0.2683483 -0.2321834 -0.1957380 -0.1593358 -0.1231364 -8.7176606E-02 -5.1394008E-02 -1.5656803E-02 2.0224031E-02 5.6475349E-02 9.3357384E-02 0.1311508 0.1701549 0.2106780 0.2530332 0.2975251 0.3444410 0.3940267 0.4464633 0.5018248 0.5600280 0.6207602 0.6833889 0.7468451 0.8094844 0.8689309 0.9219343 0.9643769 0.9918064 1.001247 0.9935111 0.9724222 0.9416355 0.9030529 0.8579913 0.8080201 0.7548876 0.7002689
-0.3699391 -0.3968136 -0.4232684 -0.4481841 -0.4700769 -0.4871540 -0.4974462 -0.4992908 -0.4922900 -0.4791244 -0.4668982 -0.4632714 -0.4671230 -0.4700910 -0.4658621 -0.4524628 -0.4306040 -0.4019903 -0.3685115 -0.3318219 -0.2932510 -0.2537571 -0.2139990 -0.1743627 -0.1350441 -9.6073851E-02 -5.7378482E-02 -1.8790353E-02 1.9911474E-02 5.9003059E-02 9.8788343E-02 0.1396060 0.1818096 0.2257751 0.2718820 0.3205160 0.3720457 0.4268122 0.4850930 0.5470662 0.6127486 0.6819185 0.7540080 0.8279585 0.9020416 0.9735937 1.038683 1.091595 1.124755 1.131387 1.113671 1.082853 1.045102 1.000289 0.9484049 0.8908867 0.8298451 0.7673343
-0.3972380 -0.4269000 -0.4559769 -0.4830876 -0.5062249 -0.5229166 -0.5300639 -0.5245814 -0.5043989 -0.4724680 -0.4440664 -0.4424255 -0.4639085 -0.4844168 -0.4917491 -0.4843016 -0.4645334 -0.4354596 -0.4000380 -0.3605213 -0.3187288 -0.2758318 -0.2326940 -0.1897392 -0.1472377 -0.1051846 -6.3523605E-02 -2.2023696E-02 1.9545492E-02 6.1534338E-02 0.1042713 0.1481758 0.1936402 0.2411290 0.2910773 0.3439712 0.4002561 0.4603886 0.5247468 0.5936366 0.6671963 0.7453289 0.8275889 0.9129983 0.9999030 1.085558 1.165796 1.233536 1.276431 1.276117 1.235974 1.190216 1.147695 1.098917 1.041229 0.9763371 0.9072123 0.8364900
-0.4247535 -0.4572882 -0.4889259 -0.5182375 -0.5423417 -0.5582453 -0.5610347 -0.5458305 -0.5066261 -0.4437525 -0.3825210 -0.3854568 -0.4418430 -0.4903725 -0.5143093 -0.5147887 -0.4981925 -0.4689622 -0.4318621 -0.3894800 -0.3445365 -0.2981359 -0.2516445 -0.2052733 -0.1596076 -0.1143881 -6.9779977E-02 -2.5296910E-02 1.9122701E-02 6.4072743E-02 0.1097498 0.1568043 0.2055291 0.2566110 0.3104204 0.3676611 0.4287555 0.4943753 0.5649241 0.6409172 0.7225739 0.8099813 0.9028420 1.000299 1.100963 1.202125 1.300243 1.387720 1.448686 1.437770 1.351544 1.286450 1.246285 1.197088 1.135038 1.063054 0.9858512 0.9067475
-0.4522177 -0.4876514 -0.5218223 -0.5533504 -0.5783513 -0.5934107 -0.5915861 -0.5662020 -0.5066653 -0.4097940 -0.3107948 -0.3191091 -0.4154111 -0.4944886 -0.5361589 -0.5449291 -0.5317451 -0.5023947 -0.4636925 -0.4184242 -0.3703668 -0.3204351 -0.2706166 -0.2208050 -0.1719987 -0.1235937 -7.6060556E-02 -2.8579252E-02 1.8669898E-02 6.6593751E-02 0.1151920 0.1654077 0.2173770 0.2720633 0.3297225 0.3913237 0.4572232 0.5283493 0.6050966 0.6882218 0.7780042 0.8747363 0.9782674 1.087868 1.202464 1.319386 1.435966 1.544328 1.625928 1.603785 1.464272 1.379082 1.343615 1.294907 1.228852 1.149839 1.064574 0.9770623
-0.4793850 -0.5176318 -0.5544044 -0.5881140 -0.6142404 -0.6287048 -0.6231856 -0.5893553 -0.5140874 -0.3934395 -0.2720586 -0.2833049 -0.4037826 -0.5048196 -0.5602741 -0.5759484 -0.5653518 -0.5357217 -0.4951992 -0.4471187 -0.3958754 -0.3425244 -0.2893450 -0.2361997 -0.1842293 -0.1327331 -8.2255810E-02 -3.1860020E-02 1.8233597E-02 6.9054164E-02 0.1205825 0.1738849 0.2290981 0.2873119 0.3488053 0.4146809 0.4853453 0.5618711 0.6447353 0.7348461 0.8325977 0.9384274 1.052323 1.173658 1.301508 1.433193 1.566134 1.691411 1.785763 1.754918 1.584308 1.482072 1.444279 1.393044 1.321785 1.235530 1.142178 1.046381
-0.5059552 -0.5469431 -0.5863306 -0.6222696 -0.6498097 -0.6642764 -0.6564974 -0.6171617 -0.5323896 -0.3993170 -0.2682344 -0.2805587 -0.4116670 -0.5244667 -0.5882726 -0.6083539 -0.5991050 -0.5687154 -0.5261328 -0.4752330 -0.4208055 -0.3641291 -0.3076401 -0.2512631 -0.1961816 -0.1416851 -8.8310681E-02 -3.5080805E-02 1.7813558E-02 7.1454801E-02 0.1258661 0.1821756 0.2405734 0.3022214 0.3674650 0.4374923 0.5127940 0.5945430 0.6833176 0.7801392 0.8855124 0.9999792 1.123616 1.255837 1.395690 1.540285 1.686478 1.823740 1.924931 1.889808 1.705472 1.591595 1.547193 1.490370 1.412601 1.318841 1.217499 1.113680
-0.5316531 -0.5752978 -0.6172680 -0.6554990 -0.6847310 -0.6998700 -0.6912505 -0.6491207 -0.5595849 -0.4208532 -0.2858370 -0.2984689 -0.4337843 -0.5518999 -0.6197745 -0.6418810 -0.6327540 -0.6010496 -0.5561928 -0.5024521 -0.4448985 -0.3850026 -0.3253149 -0.2658240 -0.2077374 -0.1503451 -9.4166026E-02 -3.8194634E-02 1.7415768E-02 7.3788851E-02 0.1309961 0.1902162 0.2516963 0.3166589 0.3855172 0.4595318 0.5392734 0.6259999 0.7203803 0.8235249 0.9360242 1.058488 1.191026 1.333018 1.483365 1.638811 1.795466 1.941389 2.047230 2.010852 1.820414 1.699064 1.647826 1.584410 1.499656 1.398450 1.289442 1.178030
-0.5562369 -0.6024232 -0.6469010 -0.6874462 -0.7185754 -0.7349257 -0.7265515 -0.6835288 -0.5920797 -0.4510501 -0.3144177 -0.3270762 -0.4639270 -0.5840214 -0.6533095 -0.6757343 -0.6657869 -0.6323229 -0.5850480 -0.5284843 -0.4679088 -0.4049313 -0.3421953 -0.2797370 -0.2187851 -0.1586263 -9.9764206E-02 -4.1165262E-02 1.7049678E-02 7.6044925E-02 0.1359341 0.1979447 0.2623743 0.3305021 0.4028008 0.4805970 0.5645294 0.6559291 0.7555371 0.8645334 0.9835646 1.113273 1.253758 1.404311 1.563625 1.728045 1.893007 2.045573 2.155240 2.119095 1.925622 1.799397 1.742440 1.672794 1.581376 1.473184 1.357068 1.238652
-0.5794994 -0.6280774 -0.6749462 -0.7177609 -0.7508854 -0.7687786 -0.7613338 -0.7185411 -0.6267110 -0.4849948 -0.3478384 -0.3603935 -0.4975336 -0.6179847 -0.6872327 -0.7089585 -0.6975994 -0.6621168 -0.6123764 -0.5530726 -0.4896203 -0.4237369 -0.3581317 -0.2928816 -0.2292282 -0.1664567 -0.1050542 -4.3964166E-02 1.6724516E-02 7.8210190E-02 0.1406473 0.2053049 0.2725280 0.3436444 0.4191806 0.5005180 0.5883548 0.6840794 0.7884898 0.9028135 1.027730 1.163885 1.311336 1.469259 1.636128 1.807927 1.979562 2.137424 2.250327 2.214984 2.020047 1.890489 1.828969 1.753956 1.656618 1.542172 1.419680 1.294960
-0.6012725 -0.6520650 -0.7011657 -0.7461432 -0.7812490 -0.8008236 -0.7946509 -0.7526647 -0.6611973 -0.5195190 -0.3822232 -0.3946409 -0.5316149 -0.6516827 -0.7201865 -0.7406968 -0.7276453 -0.6900566 -0.6379073 -0.5760036 -0.5098626 -0.4412760 -0.3730074 -0.3051611 -0.2389910 -0.1737780 -0.1099967 -4.6567921E-02 1.6445201E-02 8.0273941E-02 0.1451062 0.2122503 0.2820905 0.3559990 0.4345466 0.5191622 0.6105906 0.7102668 0.8190282 0.9381337 1.068275 1.210083 1.363553 1.527742 1.700921 1.878773 2.055809 2.217963 2.333646 2.299298 2.103520 1.971637 1.906587 1.827143 1.724765 1.604907 1.476846 1.346580
-0.6214316 -0.6742398 -0.7253840 -0.7723636 -0.8093511 -0.8305963 -0.8258061 -0.7848560 -0.6940697 -0.5527495 -0.4155620 -0.4278171 -0.5643651 -0.6837412 -0.7512089 -0.7703147 -0.7555032 -0.7158594 -0.6614361 -0.5971234 -0.5285104 -0.4574477 -0.3867367 -0.3165060 -0.2480168 -0.1805482 -0.1145618 -4.8961211E-02 1.6215233E-02 8.2224764E-02 0.1492869 0.2187416 0.2910093 0.3674978 0.4488164 0.5364318 0.6311266 0.7343686 0.8470242 0.9703677 1.105090 1.251793 1.410407 1.579875 1.758291 1.941099 2.122516 2.288162 2.406152 2.372766 2.176628 2.043056 1.975240 1.892209 1.785643 1.661214 1.528390 1.393334
-0.6398937 -0.6945089 -0.7474872 -0.7962772 -0.8349862 -0.8577990 -0.8543537 -0.8144774 -0.7244581 -0.5835877 -0.4465193 -0.4586240 -0.5947364 -0.7133390 -0.7797108 -0.7974057 -0.7809058 -0.7393434 -0.6828369 -0.6163366 -0.5454890 -0.4721878 -0.3992666 -0.3268707 -0.2562695 -0.1867388 -0.1187311 -5.1133685E-02 1.6034000E-02 8.4053375E-02 0.1531689 0.2247494 0.2992442 0.3780919 0.4619324 0.5522632 0.6498948 0.7563196 0.8724207 0.9994788 1.138173 1.289073 1.452044 1.625925 1.808667 1.995525 2.180499 2.348984 2.468913 2.436416 2.240029 2.105233 2.035295 1.949392 1.839399 1.711170 1.574338 1.435207
-0.6566148 -0.7128248 -0.7674226 -0.8178128 -0.8580549 -0.8822771 -0.8800645 -0.8411942 -0.7519202 -0.6115122 -0.4746271 -0.4865800 -0.6222150 -0.7400594 -0.8053828 -0.8217646 -0.8037180 -0.7604256 -0.7020533 -0.6336043 -0.5607662 -0.4854696 -0.4105714 -0.3362334 -0.2637297 -0.1923353 -0.1224943 -5.3081941E-02 1.5899446E-02 8.5750237E-02 0.1567372 0.2302517 0.3067679 0.3877489 0.4738601 0.5666217 0.6668653 0.7761000 0.8952178 1.025498 1.167605 1.322071 1.488703 1.666251 1.852549 2.042708 2.230564 2.401351 2.522847 2.491107 2.294673 2.158953 2.087340 1.999149 1.886380 1.755030 1.614866 1.472311
-0.6715826 -0.7291809 -0.7851845 -0.8369651 -0.8785396 -0.9039933 -0.9028643 -0.8648888 -0.7762821 -0.6362846 -0.4995195 -0.5113414 -0.6465834 -0.7637415 -0.8281224 -0.8433295 -0.8239152 -0.7790989 -0.7190906 -0.6489317 -0.5743473 -0.4972938 -0.4206505 -0.3445901 -0.2703935 -0.1973338 -0.1258500 -5.4806542E-02 1.5807293E-02 8.7308079E-02 0.1599799 0.2352338 0.3135632 0.3964518 0.4845835 0.5794970 0.6820382 0.7937269 0.9154584 1.048507 1.193517 1.350988 1.520674 1.701253 1.890462 2.083302 2.273489 2.446137 2.568934 2.537846 2.341343 2.204943 2.132049 2.042043 1.927042 1.793149 1.650241 1.504839
-0.6848105 -0.7435995 -0.8008064 -0.8537732 -0.8964850 -0.9229890 -0.9227872 -0.8855776 -0.7975469 -0.6579114 -0.5212919 -0.5329877 -0.6678412 -0.7843947 -0.8479521 -0.8621427 -0.8415451 -0.7954153 -0.7339954 -0.6623611 -0.5862640 -0.5076858 -0.4295207 -0.3519533 -0.2762685 -0.2017407 -0.1288029 -5.6312781E-02 1.5751634E-02 8.8719182E-02 0.1628890 0.2396867 0.3196222 0.4041943 0.4941023 0.5908973 0.6954358 0.8092431 0.9332147 1.068616 1.216073 1.376056 1.548271 1.731337 1.922918 2.117927 2.309992 2.484136 2.607964 2.577405 2.380946 2.244019 2.170105 2.078664 1.961876 1.825929 1.680782 1.533035
-0.6963292 -0.7561253 -0.8143451 -0.8683088 -0.9119729 -0.9393563 -0.9399286 -0.9033602 -0.8158074 -0.6764641 -0.5399206 -0.5515126 -0.6860731 -0.8021149 -0.8649753 -0.8783028 -0.8567042 -0.8094609 -0.7468445 -0.6739550 -0.5965689 -0.5166849 -0.4372127 -0.3583450 -0.2813719 -0.2055673 -0.1313624 -5.7608053E-02 1.5725557E-02 8.9977890E-02 0.1654588 0.2436069 0.3249436 0.4109803 0.5024270 0.6008443 0.7070954 0.8227084 0.9485760 1.085954 1.235453 1.397513 1.571805 1.756897 1.950396 2.147152 2.340720 2.516063 2.640742 2.610628 2.414151 2.276836 2.202150 2.109580 1.991371 1.853777 1.706820 1.557160
-0.7061812 -0.7668139 -0.8258733 -0.8806589 -0.9251074 -0.9532114 -0.9544182 -0.9183723 -0.8312113 -0.6921121 -0.5556677 -0.5671618 -0.7014384 -0.8170503 -0.8793294 -0.8919416 -0.8695109 -0.8213422 -0.7577279 -0.6837903 -0.6053231 -0.5243410 -0.4437643 -0.3637945 -0.2857250 -0.2088311 -0.1335412 -5.8702406E-02 1.5721947E-02 9.1078557E-02 0.1676867 0.2469936 0.3295311 0.4168189 0.5095758 0.6093683 0.7170642 0.8341914 0.9616398 1.100656 1.251834 1.415591 1.591568 1.778294 1.973331 2.171478 2.366241 2.542537 2.667870 2.638103 2.441690 2.304070 2.228766 2.135312 2.015983 1.877081 1.728675 1.577474
-0.7144132 -0.7757270 -0.8354664 -0.8909169 -0.9359965 -0.9646800 -0.9663944 -0.9307663 -0.8439146 -0.7050003 -0.5685917 -0.5800114 -0.7140922 -0.8293580 -0.8911672 -0.9031976 -0.8800918 -0.8311692 -0.7667420 -0.6919467 -0.6125929 -0.5307065 -0.4492179 -0.3683341 -0.2893529 -0.2115500 -0.1353531 -5.9605576E-02 1.5733495E-02 9.2017107E-02 0.1695709 0.2498497 0.3333918 0.4217243 0.5155711 0.6165037 0.7253917 0.8437630 0.9725027 1.112849 1.265384 1.430504 1.607826 1.795849 1.992100 2.191342 2.387044 2.564084 2.689953 2.660473 2.464051 2.326211 2.250454 2.156316 2.036118 1.896190 1.746643 1.594222
-0.7210727 -0.7829242 -0.8431999 -0.8991719 -0.9447455 -0.9738809 -0.9759906 -0.9406859 -0.8540748 -0.7153096 -0.5789642 -0.5903157 -0.7242054 -0.8391951 -0.9006316 -0.9122047 -0.8885654 -0.8390484 -0.7739767 -0.6985014 -0.6184414 -0.5358334 -0.4536138 -0.3719963 -0.2922802 -0.2137434 -0.1368122 -6.0328260E-02 1.5753414E-02 9.2789687E-02 0.1711113 0.2521781 0.3365341 0.4257107 0.5204362 0.6222848 0.7321272 0.8514900 0.9812549 1.122653 1.276253 1.442439 1.620808 1.809836 2.007025 2.207108 2.403529 2.581140 2.707399 2.678130 2.481768 2.343756 2.267637 2.172982 2.052119 1.911408 1.760983 1.607617
-0.7262022 -0.7884605 -0.8491393 -0.9055032 -0.9514467 -0.9809201 -0.9833239 -0.9482605 -0.8618258 -0.7231626 -0.5868261 -0.5981316 -0.7319107 -0.8466946 -0.9078527 -0.9190800 -0.8950394 -0.8450724 -0.7795141 -0.7035221 -0.6229259 -0.5397675 -0.4569903 -0.3748102 -0.2945304 -0.2154288 -0.1379320 -6.0879335E-02 1.5775604E-02 9.3393549E-02 0.1723081 0.2539836 0.3389669 0.4287933 0.5241936 0.6267441 0.7373151 0.8574328 0.9879749 1.130167 1.284569 1.451555 1.630706 1.820482 2.018365 2.219071 2.416023 2.594055 2.720621 2.691520 2.495144 2.357018 2.280656 2.185623 2.064273 1.922984 1.771910 1.617842
-0.7298388 -0.7923805 -0.8533407 -0.9099767 -0.9561772 -0.9858840 -0.9884917 -0.9535933 -0.8672811 -0.7286947 -0.5923984 -0.6036642 -0.7373334 -0.8519709 -0.9129330 -0.9239204 -0.8995990 -0.8493191 -0.7834194 -0.7070665 -0.6260936 -0.5425487 -0.4593779 -0.3768013 -0.2961227 -0.2166213 -0.1387230 -6.1267149E-02 1.5795371E-02 9.3826197E-02 0.1731624 0.2552697 0.3406982 0.4309850 0.5268626 0.6299081 0.7409927 0.8616407 0.9927275 1.135474 1.290436 1.457976 1.637668 1.827961 2.026322 2.227457 2.424772 2.603093 2.729852 2.700856 2.504529 2.366317 2.289772 2.194481 2.072798 1.931113 1.779593 1.625042
-0.7320093 -0.7947186 -0.8558444 -0.9126412 -0.9589921 -0.9888366 -0.9915627 -0.9567618 -0.8705202 -0.7319717 -0.5956656 -0.6069140 -0.7405484 -0.8551023 -0.9159504 -0.9267954 -0.9023092 -0.8518435 -0.7857428 -0.7091757 -0.6279798 -0.5442051 -0.4608010 -0.3779880 -0.2970719 -0.2173318 -0.1391943 -6.1497230E-02 1.5808502E-02 9.4086662E-02 0.1736744 0.2560401 0.3417342 0.4322957 0.5284576 0.6317982 0.7431876 0.8641503 0.9955595 1.138634 1.293925 1.461793 1.641803 1.832398 2.031040 2.232425 2.429953 2.608443 2.735332 2.706406 2.510056 2.371802 2.295167 2.199727 2.077852 1.935935 1.784154 1.629320
-0.7327311 -0.7954957 -0.8566765 -0.9135259 -0.9599269 -0.9898160 -0.9925822 -0.9578126 -0.8715953 -0.7330646 -0.5967829 -0.6080202 -0.7416177 -0.8561417 -0.9169508 -0.9277494 -0.9032079 -0.8526814 -0.7865137 -0.7098762 -0.6286059 -0.5447554 -0.4612736 -0.3783824 -0.2973872 -0.2175681 -0.1393507 -6.1573535E-02 1.5813310E-02 9.4173349E-02 0.1738452 0.2562965 0.3420792 0.4327319 0.5289884 0.6324266 0.7439175 0.8649841 0.9965005 1.139683 1.295084 1.463059 1.643173 1.833869 2.032603 2.234070 2.431668 2.610213 2.737130 2.708221 2.511907 2.373633 2.296955 2.201465 2.079526 1.937533 1.785667 1.630739
-0.7320092 -0.7947185 -0.8558446 -0.9126412 -0.9589922 -0.9888364 -0.9915626 -0.9567618 -0.8705201 -0.7319719 -0.5956659 -0.6069142 -0.7405486 -0.8551024 -0.9159504 -0.9267954 -0.9023092 -0.8518435 -0.7857429 -0.7091758 -0.6279799 -0.5442052 -0.4608010 -0.3779880 -0.2970720 -0.2173319 -0.1391942 -6.1497115E-02 1.5808560E-02 9.4086654E-02 0.1736745 0.2560400 0.3417342 0.4322957 0.5284577 0.6317980 0.7431874 0.8641502 0.9955595 1.138634 1.293925 1.461793 1.641803 1.832398 2.031040 2.232424 2.429953 2.608443 2.735331 2.706406 2.510056 2.371802 2.295168 2.199727 2.077852 1.935935 1.784154 1.629320
-0.7298388 -0.7923805 -0.8533409 -0.9099768 -0.9561772 -0.9858840 -0.9884915 -0.9535931 -0.8672814 -0.7286949 -0.5923983 -0.6036640 -0.7373335 -0.8519710 -0.9129329 -0.9239204 -0.8995988 -0.8493190 -0.7834195 -0.7070666 -0.6260935 -0.5425487 -0.4593779 -0.3768013 -0.2961227 -0.2166212 -0.1387230 -6.1267018E-02 1.5795428E-02 9.3826346E-02 0.1731624 0.2552698 0.3406982 0.4309848 0.5268625 0.6299081 0.7409927 0.8616405 0.9927275 1.135474 1.290436 1.457976 1.637668 1.827960 2.026322 2.227457 2.424772 2.603093 2.729852 2.700856 2.504529 2.366317 2.289772 2.194481 2.072798 1.931113 1.779593 1.625042
