T6-multimodels/gx/model120.grd
DSAA
         100         100
  -15.00000       15.00000    
  -15.00000       15.00000    
  -1.875417       2.432827    
[rows 0 to 25 of 100, columns 0 to 57 of 100]
-3.6601208E-02 -3.6904722E-02 -3.7118405E-02 -3.7234347E-02 -3.7245221E-02 -3.7143849E-02 -3.6924068E-02 -3.6580015E-02 -3.6107138E-02 -3.5501707E-02 -3.4762420E-02 -3.3882216E-02 -3.2861535E-02 -3.1704932E-02 -3.0411834E-02 -2.8984942E-02 -2.7427338E-02 -2.5743747E-02 -2.3938954E-02 -2.2019099E-02 -1.9990431E-02 -1.7860025E-02 -1.5634969E-02 -1.3323017E-02 -1.0931714E-02 -8.4690489E-03 -5.9427912E-03 -3.3610559E-03 -7.3165575E-04 1.9372144E-03 4.6377210E-03 7.3616523E-03 1.0100929E-02 1.2847090E-02 1.5591813E-02 1.8326199E-02 2.1041401E-02 2.3727994E-02 2.6376458E-02 2.8976653E-02 3.1518407E-02 3.3990886E-02 3.6383230E-02 3.8684044E-02 4.0882070E-02 4.2965669E-02 4.4923622E-02 4.6744615E-02 4.8417114E-02 4.9931504E-02 5.1284060E-02 5.2457146E-02 5.3445265E-02 5.4245774E-02 5.4852538E-02 5.5262800E-02 5.5474974E-02 5.5489689E-02
-3.9716568E-02 -4.0101681E-02 -4.0388651E-02 -4.0568545E-02 -4.0632427E-02 -4.0572260E-02 -4.0380377E-02 -4.0050305E-02 -3.9575953E-02 -3.8952380E-02 -3.8174260E-02 -3.7245102E-02 -3.6162719E-02 -3.4923095E-02 -3.3530258E-02 -3.1987019E-02 -3.0297970E-02 -2.8467828E-02 -2.6502864E-02 -2.4409624E-02 -2.2195740E-02 -1.9868849E-02 -1.7437464E-02 -1.4909951E-02 -1.2295088E-02 -9.6014217E-03 -6.8378770E-03 -4.0129861E-03 -1.1355996E-03 1.7857427E-03 4.7423178E-03 7.7256300E-03 1.0726753E-02 1.3736949E-02 1.6747043E-02 1.9747805E-02 2.2729423E-02 2.5682010E-02 2.8594939E-02 3.1457398E-02 3.4257885E-02 3.6984663E-02 3.9625287E-02 4.2167209E-02 4.4597343E-02 4.6902712E-02 4.9070131E-02 5.1086895E-02 5.2941360E-02 5.4621041E-02 5.6108586E-02 5.7403840E-02 5.8496118E-02 5.9374429E-02 6.0035001E-02 6.0474005E-02 6.0690161E-02 6.0683679E-02
-4.3134134E-02 -4.3615274E-02 -4.3989446E-02 -4.4245910E-02 -4.4374529E-02 -4.4365454E-02 -4.4210043E-02 -4.3900136E-02 -4.3429215E-02 -4.2791970E-02 -4.1986071E-02 -4.1003205E-02 -3.9843630E-02 -3.8512424E-02 -3.7009381E-02 -3.5338186E-02 -3.3503238E-02 -3.1510882E-02 -2.9367782E-02 -2.7082127E-02 -2.4662226E-02 -2.2117358E-02 -1.9456783E-02 -1.6690375E-02 -1.3827608E-02 -1.0878378E-02 -7.8521892E-03 -4.7587180E-03 -1.6072387E-03 1.5927334E-03 4.8321499E-03 8.1016477E-03 1.1392053E-02 1.4693812E-02 1.7997475E-02 2.1292921E-02 2.4569944E-02 2.7817620E-02 3.1024737E-02 3.4179181E-02 3.7268616E-02 4.0279683E-02 4.3198787E-02 4.6011448E-02 4.8703112E-02 5.1258594E-02 5.3662982E-02 5.5901125E-02 5.7957530E-02 5.9818838E-02 6.1478175E-02 6.2913679E-02 6.4116985E-02 6.5083221E-02 6.5804049E-02 6.6275351E-02 6.6494763E-02 6.6462956E-02
-4.6886224E-02 -4.7480572E-02 -4.7958072E-02 -4.8306432E-02 -4.8513394E-02 -4.8567709E-02 -4.8458658E-02 -4.8177082E-02 -4.7714476E-02 -4.7063928E-02 -4.6218514E-02 -4.5181397E-02 -4.3949924E-02 -4.2519841E-02 -4.0896155E-02 -3.9082885E-02 -3.7086319E-02 -3.4913167E-02 -3.2571997E-02 -3.0071769E-02 -2.7422711E-02 -2.4635060E-02 -2.1719880E-02 -1.8687939E-02 -1.5550326E-02 -1.2317690E-02 -9.0008974E-03 -5.6101913E-03 -2.1559566E-03 1.3519370E-03 4.9035130E-03 8.4891533E-03 1.2098887E-02 1.5722966E-02 1.9351117E-02 2.2972943E-02 2.6577307E-02 3.0152826E-02 3.3687070E-02 3.7167192E-02 4.0579304E-02 4.3908939E-02 4.7140528E-02 5.0258078E-02 5.3244654E-02 5.6083165E-02 5.8756083E-02 6.1246153E-02 6.3537166E-02 6.5612040E-02 6.7448340E-02 6.9042750E-02 7.0380680E-02 7.1447618E-02 7.2237477E-02 7.2744600E-02 7.2966874E-02 7.2904505E-02
-5.1009137E-02 -5.1736604E-02 -5.2336767E-02 -5.2794863E-02 -5.3096756E-02 -5.3228740E-02 -5.3178545E-02 -5.2934654E-02 -5.2487757E-02 -5.1830236E-02 -5.0958212E-02 -4.9861651E-02 -4.8540559E-02 -4.7000878E-02 -4.5243140E-02 -4.3272566E-02 -4.1095551E-02 -3.8721025E-02 -3.6158368E-02 -3.3418812E-02 -3.0513760E-02 -2.7455607E-02 -2.4256611E-02 -2.0929491E-02 -1.7486358E-02 -1.3939522E-02 -1.0300590E-02 -6.5811374E-03 -2.7919931E-03 1.0559176E-03 4.9523748E-03 8.8869222E-03 1.2849481E-02 1.6829545E-02 2.0816717E-02 2.4799775E-02 2.8767303E-02 3.2706857E-02 3.6605433E-02 4.0448762E-02 4.4221956E-02 4.7908667E-02 5.1491808E-02 5.4952949E-02 5.8273144E-02 6.1432380E-02 6.4410612E-02 6.7187242E-02 6.9741137E-02 7.2053455E-02 7.4112646E-02 7.5890645E-02 7.7374734E-02 7.8556553E-02 7.9424545E-02 7.9972371E-02 8.0196559E-02 8.0097735E-02
-5.5542719E-02 -5.6427013E-02 -5.7172369E-02 -5.7761710E-02 -5.8177963E-02 -5.8405254E-02 -5.8428422E-02 -5.8234319E-02 -5.7810917E-02 -5.7148468E-02 -5.6237727E-02 -5.5081151E-02 -5.3675592E-02 -5.2016750E-02 -5.0111156E-02 -4.7964770E-02 -4.5586489E-02 -4.2986147E-02 -4.0175755E-02 -3.7167925E-02 -3.3976737E-02 -3.0616062E-02 -2.7100598E-02 -2.3444422E-02 -1.9661713E-02 -1.5765792E-02 -1.1769908E-02 -7.6862844E-03 -3.5269666E-03 6.9681118E-04 4.9739322E-03 9.2938812E-03 1.3645861E-02 1.8019399E-02 2.2403413E-02 2.6786610E-02 3.1156724E-02 3.5500970E-02 3.9805129E-02 4.4054165E-02 4.8231445E-02 5.2319247E-02 5.6298099E-02 6.0147535E-02 6.3845530E-02 6.7369364E-02 7.0695430E-02 7.3800005E-02 7.6660268E-02 7.9252385E-02 8.1546642E-02 8.3534561E-02 8.5195668E-02 8.6510219E-02 8.7468475E-02 8.8062093E-02 8.8287547E-02 8.8144913E-02
-6.0531590E-02 -6.1600272E-02 -6.2517762E-02 -6.3263543E-02 -6.3817769E-02 -6.4161040E-02 -6.4275742E-02 -6.4145468E-02 -6.3756645E-02 -6.3098282E-02 -6.2164146E-02 -6.0941920E-02 -5.9431348E-02 -5.7639632E-02 -5.5568621E-02 -5.3226054E-02 -5.0621539E-02 -4.7767926E-02 -4.4678852E-02 -4.1370112E-02 -3.7857693E-02 -3.4158494E-02 -3.0288991E-02 -2.6265897E-02 -2.2104824E-02 -1.7821154E-02 -1.3429068E-02 -8.9422921E-03 -4.3733367E-03 2.6554480E-04 4.9631721E-03 9.7083384E-03 1.4490413E-02 1.9298375E-02 2.4121311E-02 2.8947329E-02 3.3764120E-02 3.8557973E-02 4.3314219E-02 4.8016336E-02 5.2646600E-02 5.7185076E-02 6.1610393E-02 6.5899000E-02 7.0026107E-02 7.3965095E-02 7.7688724E-02 8.1168637E-02 8.4375449E-02 8.7282225E-02 8.9870177E-02 9.2102267E-02 9.3958959E-02 9.5426425E-02 9.6488088E-02 9.7134285E-02 9.7359650E-02 9.7164802E-02
-6.6024795E-02 -6.7310564E-02 -6.8431690E-02 -6.9364265E-02 -7.0084214E-02 -7.0568867E-02 -7.0796430E-02 -7.0747808E-02 -7.0405699E-02 -6.9756091E-02 -6.8786375E-02 -6.7497984E-02 -6.5887071E-02 -6.3949615E-02 -6.1694607E-02 -5.9131116E-02 -5.6272302E-02 -5.3132769E-02 -4.9729943E-02 -4.6082020E-02 -4.2208679E-02 -3.8129240E-02 -3.3863496E-02 -2.9430147E-02 -2.4847496E-02 -2.0132294E-02 -1.5300647E-02 -1.0367017E-02 -5.3451690E-03 -2.4749752E-04 4.9140858E-03 1.0128639E-02 1.5385098E-02 2.0672871E-02 2.5980696E-02 3.1297017E-02 3.6608949E-02 4.1902717E-02 4.7162600E-02 5.2371372E-02 5.7509437E-02 6.2555268E-02 6.7484617E-02 7.2271250E-02 7.6886371E-02 8.1299566E-02 8.5478641E-02 8.9390576E-02 9.3002863E-02 9.6281536E-02 9.9186122E-02 0.1017000 0.1037936 0.1054393 0.1066216 0.1073277 0.1075519 0.1072943
-7.2076865E-02 -7.3617883E-02 -7.4980289E-02 -7.6135300E-02 -7.7054664E-02 -7.7710614E-02 -7.8077510E-02 -7.8131497E-02 -7.7852651E-02 -7.7224769E-02 -7.6238126E-02 -7.4877337E-02 -7.3141828E-02 -7.1040675E-02 -6.8578117E-02 -6.5765999E-02 -6.2619127E-02 -5.9156541E-02 -5.5398520E-02 -5.1367823E-02 -4.7087263E-02 -4.2580407E-02 -3.7869792E-02 -3.2977629E-02 -2.7924212E-02 -2.2728896E-02 -1.7408915E-02 -1.1980380E-02 -6.4574182E-03 -8.5327198E-04 4.8204125E-03 1.0552357E-02 1.6332159E-02 2.2149127E-02 2.7992751E-02 3.3851273E-02 3.9712317E-02 4.5561504E-02 5.1382989E-02 5.7158154E-02 6.2866338E-02 6.8483517E-02 7.3983118E-02 7.9335034E-02 8.4506750E-02 8.9462534E-02 9.4165012E-02 9.8574556E-02 0.1026497 0.1063514 0.1096495 0.1124935 0.1148534 0.1167065 0.1180283 0.1188040 0.1190252 0.1186925
-7.8747228E-02 -8.0588706E-02 -8.2236439E-02 -8.3656721E-02 -8.4815226E-02 -8.5679024E-02 -8.6216509E-02 -8.6399391E-02 -8.6202420E-02 -8.5604995E-02 -8.4589608E-02 -8.3155967E-02 -8.1299476E-02 -7.9016969E-02 -7.6321319E-02 -7.3226862E-02 -6.9753528E-02 -6.5923609E-02 -6.1762948E-02 -5.7298262E-02 -5.2557793E-02 -4.7568809E-02 -4.2358480E-02 -3.6951900E-02 -3.1372853E-02 -2.5642507E-02 -1.9780377E-02 -1.3803266E-02 -7.7264649E-03 -1.5630532E-03 4.6750270E-03 1.0977298E-02 1.7333511E-02 2.3734113E-02 3.0168861E-02 3.6627069E-02 4.3096323E-02 4.9562860E-02 5.6010079E-02 6.2419042E-02 6.8767205E-02 7.5028837E-02 8.1173934E-02 8.7169051E-02 9.2976339E-02 9.8554865E-02 0.1038602 0.1088460 0.1134652 0.1176687 0.1213996 0.1246282 0.1273111 0.1294080 0.1308940 0.1317499 0.1319662 0.1315429
-8.6101346E-02 -8.8295951E-02 -9.0281561E-02 -9.2017487E-02 -9.3463123E-02 -9.4578117E-02 -9.5324717E-02 -9.5667645E-02 -9.5577143E-02 -9.5029026E-02 -9.4008133E-02 -9.2494749E-02 -9.0488002E-02 -8.7999962E-02 -8.5039049E-02 -8.1623957E-02 -7.7777892E-02 -7.3529765E-02 -6.8910293E-02 -6.3952990E-02 -5.8691058E-02 -5.3157806E-02 -4.7384568E-02 -4.1401163E-02 -3.5234157E-02 -2.8907916E-02 -2.2443278E-02 -1.5858736E-02 -9.1696419E-03 -2.3895553E-03 4.4704792E-03 1.1400314E-02 1.8391216E-02 2.5434326E-02 3.2521091E-02 3.9641496E-02 4.6784483E-02 5.3936385E-02 6.1081190E-02 6.8198964E-02 7.5266339E-02 8.2254983E-02 8.9132182E-02 9.5859684E-02 0.1023947 0.1086892 0.1146912 0.1203448 0.1255906 0.1303709 0.1346379 0.1383206 0.1413720 0.1437553 0.1454336 0.1463833 0.1465918 0.1460593
-9.4209798E-02 -9.6819706E-02 -9.9204652E-02 -0.1013166 -0.1031061 -0.1045249 -0.1055262 -0.1060679 -0.1061120 -0.1056281 -0.1045908 -0.1029973 -0.1008421 -9.8123915E-02 -9.4862133E-02 -9.1079772E-02 -8.6807787E-02 -8.2080744E-02 -7.6937802E-02 -7.1418904E-02 -6.5565124E-02 -5.9415627E-02 -5.3008098E-02 -4.6376575E-02 -3.9552134E-02 -3.2561444E-02 -2.5427861E-02 -1.8170495E-02 -1.0805498E-02 -3.3456017E-03 4.1985246E-03 1.1818541E-02 1.9506846E-02 2.7256873E-02 3.5061423E-02 4.2912733E-02 5.0800804E-02 5.8713600E-02 6.6635236E-02 7.4546136E-02 8.2421489E-02 9.0231314E-02 9.7939119E-02 0.1055024 0.1128717 0.1199914 0.1268001 0.1332316 0.1392172 0.1446847 0.1495521 0.1537685 0.1572683 0.1599911 0.1618972 0.1629563 0.1631535 0.1624885
-0.1031491 -0.1062467 -0.1091038 -0.1116626 -0.1138641 -0.1156490 -0.1169610 -0.1177472 -0.1179624 -0.1175700 -0.1165460 -0.1148646 -0.1125247 -0.1095433 -0.1059361 -0.1017330 -9.6971065E-02 -9.1694988E-02 -8.5951984E-02 -7.9792179E-02 -7.3264524E-02 -6.6416875E-02 -5.9293039E-02 -5.1933445E-02 -4.4372927E-02 -3.6641978E-02 -2.8765423E-02 -2.0763870E-02 -1.2652951E-02 -4.4451240E-03 3.8509083E-03 1.2228272E-02 2.0682219E-02 2.9208250E-02 3.7802346E-02 4.6458777E-02 5.5170413E-02 6.3926622E-02 7.2713353E-02 8.1510954E-02 9.0294577E-02 9.9031858E-02 0.1076834 0.1162011 0.1245288 0.1326016 0.1403470 0.1476854 0.1545303 0.1607957 0.1664052 0.1712562 0.1752746 0.1783998 0.1805750 0.1817628 0.1819433 0.1811173
-0.1130002 -0.1166701 -0.1200845 -0.1231744 -0.1258682 -0.1280944 -0.1297831 -0.1308702 -0.1312984 -0.1310212 -0.1300016 -0.1282321 -0.1257065 -0.1224272 -0.1184245 -0.1137358 -0.1084100 -0.1025014 -9.6070044E-02 -8.9176387E-02 -8.1881091E-02 -7.4240692E-02 -6.6308014E-02 -5.8129407E-02 -4.9745440E-02 -4.1189428E-02 -3.2488856E-02 -2.3664447E-02 -1.4731972E-02 -5.7019498E-03 3.4185650E-03 1.2626037E-02 2.1918410E-02 3.1295288E-02 4.0755715E-02 5.0298139E-02 5.9918210E-02 6.9608770E-02 7.9357430E-02 8.9146391E-02 9.8950282E-02 0.1087358 0.1184597 0.1280690 0.1374990 0.1466748 0.1555103 0.1639107 0.1717748 0.1789945 0.1854487 0.1910519 0.1957026 0.1993083 0.2018044 0.2031429 0.2033003 0.2022766
-0.1238486 -0.1281888 -0.1322600 -0.1359796 -0.1392613 -0.1420172 -0.1441625 -0.1456169 -0.1463109 -0.1461883 -0.1452114 -0.1433449 -0.1405879 -0.1369653 -0.1325054 -0.1272567 -0.1212785 -0.1146410 -0.1074172 -9.9683113E-02 -9.1511331E-02 -8.2971014E-02 -7.4123845E-02 -6.5024734E-02 -5.5719197E-02 -4.6244971E-02 -3.6630787E-02 -2.6898414E-02 -1.7061966E-02 -7.1303714E-03 2.8929587E-03 1.3007713E-02 2.3216808E-02 3.3523917E-02 4.3933563E-02 5.4448444E-02 6.5069407E-02 7.5792871E-02 8.6610474E-02 9.7506203E-02 0.1084562 0.1194259 0.1303695 0.1412275 0.1519275 0.1623815 0.1724886 0.1821337 0.1911903 0.1995277 0.2070245 0.2135277 0.2189185 0.2230977 0.2259752 0.2274915 0.2276153 0.2263488
-0.1357815 -0.1409052 -0.1457487 -0.1502134 -0.1541944 -0.1575853 -0.1602807 -0.1621825 -0.1632031 -0.1632709 -0.1623304 -0.1603669 -0.1573735 -0.1533595 -0.1483730 -0.1424749 -0.1357428 -0.1282627 -0.1201272 -0.1114286 -0.1022568 -9.2693746E-02 -8.2813777E-02 -7.2679810E-02 -6.2344536E-02 -5.1848870E-02 -4.1224040E-02 -3.0490903E-02 -1.9662449E-02 -8.7438738E-03 2.2650203E-03 1.3369582E-02 2.4577742E-02 3.5899971E-02 4.7346417E-02 5.8926817E-02 7.0647568E-02 8.2511455E-02 9.4514422E-02 0.1066450 0.1188809 0.1311883 0.1435184 0.1558066 0.1679703 0.1799083 0.1915006 0.2026101 0.2130864 0.2227655 0.2314647 0.2390417 0.2453365 0.2502038 0.2535380 0.2552620 0.2553388 0.2537707
-0.1488867 -0.1549232 -0.1606721 -0.1660150 -0.1708256 -0.1749733 -0.1783294 -0.1807715 -0.1821925 -0.1825052 -0.1816508 -0.1795802 -0.1762926 -0.1718262 -0.1662294 -0.1595805 -0.1519750 -0.1435226 -0.1343369 -0.1245332 -0.1142195 -0.1034962 -9.2449822E-02 -8.1154741E-02 -6.9669716E-02 -5.8040604E-02 -4.6299167E-02 -3.4466211E-02 -2.2551179E-02 -1.0555668E-02 1.5267842E-03 1.3707325E-02 2.6001828E-02 3.8427822E-02 5.1004268E-02 6.3748330E-02 7.6675214E-02 8.9794651E-02 0.1031103 0.1166155 0.1302930 0.1441098 0.1580163 0.1719419 0.1857944 0.1994563 0.2127867 0.2256194 0.2377662 0.2490273 0.2592087 0.2680764 0.2754380 0.2811299 0.2850077 0.2869750 0.2869839 0.2850404
-0.1632489 -0.1703449 -0.1771502 -0.1835240 -0.1893128 -0.1943581 -0.1985008 -0.2015912 -0.2034948 -0.2041021 -0.2033299 -0.2011524 -0.1975619 -0.1925796 -0.1862808 -0.1787636 -0.1701505 -0.1605764 -0.1501846 -0.1391150 -0.1275012 -0.1154623 -0.1031022 -9.0505838E-02 -7.7740774E-02 -6.4855948E-02 -5.1884908E-02 -3.8845766E-02 -2.5744835E-02 -1.2577092E-02 6.7027286E-04 1.4017394E-02 2.7488476E-02 4.1111462E-02 5.4914717E-02 6.8926476E-02 8.3171524E-02 9.7670421E-02 0.1124354 0.1274689 0.1427590 0.1582775 0.1739742 0.1897745 0.2055751 0.2212420 0.2366076 0.2514735 0.2656143 0.2787785 0.2906851 0.3010985 0.3097625 0.3164450 0.3209723 0.3232208 0.3231329 0.3207180
-0.1789459 -0.1872644 -0.1952961 -0.2028716 -0.2098066 -0.2159067 -0.2209781 -0.2248354 -0.2273156 -0.2282862 -0.2276578 -0.2253619 -0.2213985 -0.2158250 -0.2087199 -0.2002065 -0.1904344 -0.1795738 -0.1677999 -0.1552868 -0.1421956 -0.1286707 -0.1148337 -0.1007842 -8.6597152E-02 -7.2326384E-02 -5.8004659E-02 -4.3648027E-02 -2.9256359E-02 -1.4818123E-02 -3.1054951E-04 1.4295799E-02 2.9037198E-02 4.3952603E-02 5.9083734E-02 7.4470796E-02 9.0152457E-02 0.1061613 0.1225228 0.1392499 0.1563411 0.1737739 0.1915018 0.2094462 0.2274944 0.2454922 0.2632434 0.2805076 0.2970026 0.3124194 0.3264469 0.3387198 0.3489256 0.3567933 0.3620902 0.3646611 0.3644331 0.3614241
-0.1960423 -0.2057632 -0.2152072 -0.2241730 -0.2324369 -0.2397633 -0.2459142 -0.2506652 -0.2538159 -0.2552051 -0.2547129 -0.2523001 -0.2479584 -0.2417236 -0.2337083 -0.2240616 -0.2129710 -0.2006437 -0.1872981 -0.1731459 -0.1583848 -0.1431870 -0.1276977 -0.1120306 -9.6271060E-02 -8.0475457E-02 -6.4676821E-02 -4.8885781E-02 -3.3095952E-02 -1.7285353E-02 -1.4210818E-03 1.4539776E-02 3.0646035E-02 4.6952024E-02 6.3513592E-02 8.0387630E-02 9.7627968E-02 0.1152844 0.1333976 0.1519966 0.1710927 0.1906751 0.2107022 0.2310965 0.2517349 0.2724431 0.2929900 0.3130867 0.3323927 0.3505181 0.3670238 0.3815215 0.3935987 0.4028820 0.4090881 0.4120199 0.4115910 0.4078294
-0.2145848 -0.2259004 -0.2369570 -0.2475128 -0.2572984 -0.2660260 -0.2734078 -0.2791712 -0.2830808 -0.2849508 -0.2846597 -0.2821181 -0.2773272 -0.2703639 -0.2613394 -0.2504309 -0.2378602 -0.2238829 -0.2087646 -0.1927672 -0.1761297 -0.1590610 -0.1417313 -0.1242738 -0.1067823 -8.9318007E-02 -7.1910776E-02 -5.4566331E-02 -3.7267841E-02 -1.9982807E-02 -2.6636757E-03 1.4746360E-02 3.2313276E-02 5.0107483E-02 6.8203993E-02 8.6677507E-02 0.1056026 0.1250482 0.1450765 0.1657357 0.1870569 0.2090443 0.2316690 0.2548560 0.2784763 0.3023330 0.3261559 0.3495943 0.3722205 0.3935505 0.4130834 0.4302424 0.4445216 0.4554795 0.4627440 0.4660704 0.4653522 0.4606363
-0.2345939 -0.2477059 -0.2605817 -0.2729321 -0.2844287 -0.2947225 -0.3034631 -0.3103289 -0.3150465 -0.3174111 -0.3172813 -0.3146174 -0.3094083 -0.3016900 -0.2915976 -0.2793254 -0.2651358 -0.2493329 -0.2322446 -0.2141901 -0.1954640 -0.1763168 -0.1569527 -0.1375240 -0.1181375 -9.8855935E-02 -7.9707466E-02 -6.0688425E-02 -4.1771807E-02 -2.2909656E-02 -4.0395535E-03 1.4914162E-02 3.4035135E-02 5.3415116E-02 7.3149152E-02 9.3335621E-02 0.1140714 0.1354515 0.1575625 0.1804799 0.2042589 0.2289282 0.2544764 0.2808400 0.3078859 0.3353970 0.3630554 0.3904373 0.4170187 0.4421839 0.4652379 0.4855478 0.5024573 0.5153770 0.5238582 0.5275956 0.5264668 0.5205410
-0.2560582 -0.2711693 -0.2860705 -0.3004101 -0.3137877 -0.3257734 -0.3359453 -0.3439255 -0.3494221 -0.3522429 -0.3522939 -0.3495005 -0.3438610 -0.3354290 -0.3242877 -0.3106266 -0.2947302 -0.2769632 -0.2577236 -0.2374098 -0.2163825 -0.1949495 -0.1733527 -0.1517717 -0.1303242 -0.1090780 -8.8054910E-02 -6.7242935E-02 -4.6599507E-02 -2.6061403E-02 -5.5459212E-03 1.5041590E-02 3.5808124E-02 5.6867108E-02 7.8339726E-02 0.1003491 0.1230214 0.1464802 0.1708449 0.1962226 0.2227037 0.2503480 0.2791741 0.3091374 0.3401108 0.3718563 0.4040035 0.4360319 0.4672717 0.4969444 0.5242366 0.5482439 0.5681756 0.5833479 0.5931907 0.5973329 0.5956273 0.5881780
-0.2789261 -0.2962340 -0.3133523 -0.3298518 -0.3452331 -0.3589627 -0.3705219 -0.3794793 -0.3855469 -0.3886065 -0.3886530 -0.3857557 -0.3798869 -0.3709565 -0.3589637 -0.3440298 -0.3264491 -0.3066459 -0.2851183 -0.2623638 -0.2388371 -0.2149153 -0.1908936 -0.1669804 -0.1433113 -0.1199550 -9.6929625E-02 -7.4209198E-02 -5.1736530E-02 -2.9427139E-02 -7.1783955E-03 1.5129364E-02 3.7626248E-02 6.0453780E-02 8.3759442E-02 0.1076982 0.1324272 0.1581068 0.1848930 0.2129357 0.2423673 0.2732939 0.3057745 0.3398010 0.3752623 0.4119092 0.4493085 0.4868164 0.5235817 0.5585844 0.5907022 0.6189469 0.6423467 0.6600420 0.6713699 0.6758739 0.6733822 0.6640350
-0.3031039 -0.3227887 -0.3422919 -0.3610765 -0.3785107 -0.3939085 -0.4066180 -0.4161358 -0.4222381 -0.4250266 -0.4248278 -0.4218495 -0.4160540 -0.4071600 -0.3948335 -0.3790094 -0.3599437 -0.3381506 -0.3142634 -0.2889296 -0.2627269 -0.2361316 -0.2095018 -0.1830883 -0.1570432 -0.1314415 -0.1062922 -8.1557408E-02 -5.7158843E-02 -3.2991998E-02 -8.9276992E-03 1.5177694E-02 3.9484091E-02 6.4160466E-02 8.9387864E-02 0.1153533 0.1422531 0.1702865 0.1996572 0.2305633 0.2631944 0.2977136 0.3342432 0.3728289 0.4134022 0.4557142 0.4992685 0.5432482 0.5865018 0.6276576 0.6653638 0.6983014 0.7254290 0.7458439 0.7587342 0.7635326 0.7600097 0.7483479
-0.3284507 -0.3506694 -0.3726865 -0.3938238 -0.4132554 -0.4300706 -0.4433924 -0.4525967 -0.4575697 -0.4588936 -0.4576288 -0.4546742 -0.4498927 -0.4422481 -0.4307089 -0.4147981 -0.3947222 -0.3711411 -0.3449192 -0.3169192 -0.2879018 -0.2584697 -0.2290705 -0.2000021 -0.1714433 -0.1434715 -0.1160908 -8.9244582E-02 -6.2836125E-02 -3.6733504E-02 -1.0783255E-02 1.5189714E-02 4.1373204E-02 6.7971058E-02 9.5196664E-02 0.1232773 0.1524487 0.1829593 0.2150632 0.2490209 0.2850878 0.3235067 0.3644814 0.4081479 0.4545126 0.5033696 0.5541667 0.6058590 0.6568320 0.7050716 0.7486560 0.7863920 0.8173593 0.8405944 0.8551245 0.8601632 0.8553764 0.8409731
