T6-multimodels/gx/model150.grd
DSAA
         100         100
  -15.00000       15.00000    
  -15.00000       15.00000    
  -1.574004       2.169790    
[rows 0 to 24 of 100, columns 0 to 57 of 100]
-4.2890724E-02 -4.3435384E-02 -4.3899268E-02 -4.4274770E-02 -4.4554822E-02 -4.4732567E-02 -4.4802081E-02 -4.4757772E-02 -4.4595316E-02 -4.4311225E-02 -4.3904375E-02 -4.3367863E-02 -4.2702243E-02 -4.1912176E-02 -4.0997092E-02 -3.9959703E-02 -3.8802925E-02 -3.7531301E-02 -3.6149316E-02 -3.4662709E-02 -3.3077169E-02 -3.1399116E-02 -2.9634748E-02 -2.7790835E-02 -2.5873631E-02 -2.3889681E-02 -2.1845005E-02 -1.9745741E-02 -1.7597366E-02 -1.5405447E-02 -1.3174799E-02 -1.0910296E-02 -8.6161904E-03 -6.2967809E-03 -3.9557558E-03 -1.5969818E-03 7.7619264E-04 3.1601957E-03 5.5518369E-03 7.9475390E-03 1.0344090E-02 1.2737693E-02 1.5124795E-02 1.7501129E-02 1.9862631E-02 2.2204321E-02 2.4521388E-02 2.6807966E-02 2.9057812E-02 3.1263761E-02 3.3424206E-02 3.5526153E-02 3.7560008E-02 3.9521109E-02 4.1399825E-02 4.3187212E-02 4.4873688E-02 4.6450153E-02
-4.6242166E-02 -4.6882395E-02 -4.7434423E-02 -4.7889654E-02 -4.8239507E-02 -4.8476275E-02 -4.8592634E-02 -4.8582438E-02 -4.8439920E-02 -4.8160404E-02 -4.7738880E-02 -4.7179047E-02 -4.6478972E-02 -4.5634758E-02 -4.4650592E-02 -4.3529309E-02 -4.2275488E-02 -4.0893734E-02 -3.9390106E-02 -3.7770785E-02 -3.6042985E-02 -3.4213711E-02 -3.2290678E-02 -3.0281246E-02 -2.8193016E-02 -2.6033016E-02 -2.3808463E-02 -2.1525802E-02 -1.9191505E-02 -1.6811280E-02 -1.4390721E-02 -1.1934659E-02 -9.4479332E-03 -6.9346819E-03 -4.3990170E-03 -1.8445076E-03 7.2513509E-04 3.3067307E-03 5.8967825E-03 8.4921410E-03 1.1089244E-02 1.3684752E-02 1.6274657E-02 1.8855104E-02 2.1421442E-02 2.3969023E-02 2.6492227E-02 2.8985536E-02 3.1442698E-02 3.3857435E-02 3.6216233E-02 3.8516559E-02 4.0751316E-02 4.2906910E-02 4.4974279E-02 4.6942908E-02 4.8802540E-02 5.0542161E-02
-4.9902458E-02 -5.0653320E-02 -5.1308099E-02 -5.1856466E-02 -5.2288689E-02 -5.2595302E-02 -5.2768115E-02 -5.2799352E-02 -5.2682880E-02 -5.2413795E-02 -5.1990103E-02 -5.1403843E-02 -5.0655566E-02 -4.9750611E-02 -4.8689015E-02 -4.7474615E-02 -4.6111874E-02 -4.4607151E-02 -4.2966973E-02 -4.1199334E-02 -3.9312169E-02 -3.7314225E-02 -3.5214081E-02 -3.3020660E-02 -3.0742286E-02 -2.8387411E-02 -2.5963780E-02 -2.3479020E-02 -2.0939888E-02 -1.8353024E-02 -1.5724100E-02 -1.3058634E-02 -1.0361330E-02 -7.6368153E-03 -4.8888992E-03 -2.1215049E-03 6.6208665E-04 3.4584133E-03 6.2644947E-03 9.0769008E-03 1.1892610E-02 1.4707950E-02 1.7519437E-02 2.0322742E-02 2.3113675E-02 2.5886888E-02 2.8637145E-02 3.1357825E-02 3.4041755E-02 3.6680520E-02 3.9271582E-02 4.1799683E-02 4.4253085E-02 4.6625219E-02 4.8903797E-02 5.1077027E-02 5.3132232E-02 5.5057112E-02
-5.3903855E-02 -5.4783177E-02 -5.5557571E-02 -5.6215163E-02 -5.6744184E-02 -5.7133902E-02 -5.7374079E-02 -5.7456035E-02 -5.7371765E-02 -5.7114851E-02 -5.6678817E-02 -5.6067254E-02 -5.5277944E-02 -5.4306991E-02 -5.3159777E-02 -5.1840596E-02 -5.0355960E-02 -4.8712667E-02 -4.6919342E-02 -4.4984821E-02 -4.2919129E-02 -4.0732089E-02 -3.8434178E-02 -3.6035329E-02 -3.3545580E-02 -3.0974185E-02 -2.8330337E-02 -2.5622163E-02 -2.2857551E-02 -2.0043369E-02 -1.7186109E-02 -1.4291259E-02 -1.1364091E-02 -8.4089292E-03 -5.4299738E-03 -2.4306749E-03 5.8543007E-04 3.6154699E-03 6.6562532E-03 9.7050015E-03 1.2758467E-02 1.5813634E-02 1.8866690E-02 2.1913894E-02 2.4950525E-02 2.7971750E-02 3.0971492E-02 3.3943582E-02 3.6880866E-02 3.9775912E-02 4.2613063E-02 4.5388453E-02 4.8092917E-02 5.0709885E-02 5.3227421E-02 5.5631708E-02 5.7908975E-02 6.0044371E-02
-5.8282517E-02 -5.9310894E-02 -6.0224917E-02 -6.1010398E-02 -6.1653730E-02 -6.2141787E-02 -6.2462896E-02 -6.2606141E-02 -6.2562756E-02 -6.2325779E-02 -6.1891850E-02 -6.1251536E-02 -6.0405396E-02 -5.9359863E-02 -5.8115982E-02 -5.6679409E-02 -5.5056877E-02 -5.3257603E-02 -5.1291160E-02 -4.9168862E-02 -4.6901997E-02 -4.4502791E-02 -4.1983012E-02 -3.9354719E-02 -3.6629088E-02 -3.3817161E-02 -3.0928899E-02 -2.7973894E-02 -2.4960423E-02 -2.1896403E-02 -1.8788403E-02 -1.5642609E-02 -1.2464071E-02 -9.2575233E-03 -6.0266852E-03 -2.7752591E-03 4.9388182E-04 3.7777433E-03 7.0738783E-03 1.0379403E-02 1.3691874E-02 1.7008096E-02 2.0325018E-02 2.3638560E-02 2.6944660E-02 3.0237852E-02 3.3512607E-02 3.6761649E-02 3.9976839E-02 4.3148398E-02 4.6272758E-02 4.9331948E-02 5.2311495E-02 5.5202324E-02 5.7988714E-02 6.0655061E-02 6.3184492E-02 6.5560244E-02
-6.3078180E-02 -6.4279951E-02 -6.5356903E-02 -6.6292539E-02 -6.7070499E-02 -6.7675531E-02 -6.8093181E-02 -6.8310991E-02 -6.8317637E-02 -6.8104111E-02 -6.7661859E-02 -6.6994064E-02 -6.6098228E-02 -6.4970769E-02 -6.3618869E-02 -6.2049076E-02 -6.0270857E-02 -5.8294475E-02 -5.6132372E-02 -5.3797364E-02 -5.1303726E-02 -4.8665259E-02 -4.5896430E-02 -4.3010835E-02 -4.0021900E-02 -3.6941830E-02 -3.3782423E-02 -3.0553930E-02 -2.7266001E-02 -2.3926787E-02 -2.0543760E-02 -1.7122971E-02 -1.3669970E-02 -1.0189047E-02 -6.6841543E-03 -3.1582792E-03 3.8564758E-04 3.9454862E-03 7.5188144E-03 1.1103696E-02 1.4697679E-02 1.8298516E-02 2.1903025E-02 2.5507994E-02 2.9108953E-02 3.2701209E-02 3.6278460E-02 3.9834060E-02 4.3359954E-02 4.6847474E-02 5.0278556E-02 5.3647742E-02 5.6943212E-02 6.0144626E-02 6.3236304E-02 6.6200040E-02 6.9017209E-02 7.1667619E-02
-6.8335325E-02 -6.9738731E-02 -7.1006253E-02 -7.2118118E-02 -7.3055193E-02 -7.3798873E-02 -7.4332364E-02 -7.4640006E-02 -7.4709140E-02 -7.4529566E-02 -7.4095972E-02 -7.3396876E-02 -7.2432898E-02 -7.1212068E-02 -6.9737121E-02 -6.8016574E-02 -6.6060819E-02 -6.3883342E-02 -6.1498452E-02 -5.8922432E-02 -5.6171615E-02 -5.3263154E-02 -5.0213516E-02 -4.7039215E-02 -4.3755312E-02 -4.0376343E-02 -3.6915202E-02 -3.3383865E-02 -2.9792538E-02 -2.6150517E-02 -2.2465300E-02 -1.8743591E-02 -1.4990531E-02 -1.1210691E-02 -7.4072713E-03 -3.5832780E-03 2.5933550E-04 4.1185701E-03 7.9931067E-03 1.1881175E-02 1.5781499E-02 1.9691905E-02 2.3610339E-02 2.7533446E-02 3.1457789E-02 3.5378166E-02 3.9289083E-02 4.3182820E-02 4.7050346E-02 5.0880477E-02 5.4668564E-02 5.8393389E-02 6.2037136E-02 6.5587521E-02 6.9024272E-02 7.2326779E-02 7.5472414E-02 7.8438133E-02
-7.4102826E-02 -7.5741224E-02 -7.7231593E-02 -7.8550793E-02 -7.9675667E-02 -8.0584392E-02 -8.1256144E-02 -8.1672706E-02 -8.1817806E-02 -8.1678435E-02 -8.1243016E-02 -8.0514006E-02 -7.9488650E-02 -7.8163981E-02 -7.6550022E-02 -7.4656881E-02 -7.2498761E-02 -7.0091181E-02 -6.7452461E-02 -6.4601593E-02 -6.1558917E-02 -5.8344305E-02 -5.4977864E-02 -5.1478378E-02 -4.7863942E-02 -4.4150751E-02 -4.0353943E-02 -3.6486451E-02 -3.2560010E-02 -2.8584173E-02 -2.4567323E-02 -2.0515872E-02 -1.6435321E-02 -1.2329483E-02 -8.2015544E-03 -4.0534637E-03 1.1308293E-04 4.2973743E-03 8.4984312E-03 1.2715890E-02 1.6948774E-02 2.1196321E-02 2.5456632E-02 2.9727660E-02 3.4005836E-02 3.8287058E-02 4.2565241E-02 4.6833571E-02 5.1083285E-02 5.5304542E-02 5.9476554E-02 6.3592002E-02 6.7635924E-02 7.1583189E-02 7.5413242E-02 7.9101995E-02 8.2624197E-02 8.5952275E-02
-8.0435038E-02 -8.2347251E-02 -8.4098794E-02 -8.5661836E-02 -8.7009087E-02 -8.8113792E-02 -8.8951379E-02 -8.9499064E-02 -8.9738086E-02 -8.9653440E-02 -8.9236595E-02 -8.8473395E-02 -8.7364569E-02 -8.5920483E-02 -8.4146656E-02 -8.2056277E-02 -7.9665393E-02 -7.6994322E-02 -7.4064530E-02 -7.0899919E-02 -6.7524336E-02 -6.3962243E-02 -6.0236897E-02 -5.6370988E-02 -5.2384961E-02 -4.8298061E-02 -4.4126902E-02 -3.9886490E-02 -3.5589181E-02 -3.1245770E-02 -2.6864490E-02 -2.2452282E-02 -1.8013934E-02 -1.3553270E-02 -9.0723261E-03 -4.5726821E-03 -5.4588600E-05 4.4817533E-03 9.0370392E-03 1.3611441E-02 1.8205699E-02 2.2819513E-02 2.7452642E-02 3.2103278E-02 3.6769331E-02 4.1446529E-02 4.6129949E-02 5.0811891E-02 5.5482715E-02 6.0129922E-02 6.4747810E-02 6.9311425E-02 7.3798932E-02 7.8194007E-02 8.2470551E-02 8.6601160E-02 9.0555407E-02 9.4301552E-02
-8.7391116E-02 -8.9622989E-02 -9.1680534E-02 -9.3531050E-02 -9.5141299E-02 -9.6479572E-02 -9.7515389E-02 -9.8221779E-02 -9.8574735E-02 -9.8555118E-02 -9.8146752E-02 -9.7350873E-02 -9.6164443E-02 -9.4585717E-02 -9.2629261E-02 -9.0310991E-02 -8.7652415E-02 -8.4677443E-02 -8.1413500E-02 -7.7888831E-02 -7.4133120E-02 -7.0175000E-02 -6.6042759E-02 -6.1762504E-02 -5.7358697E-02 -5.2852847E-02 -4.8264366E-02 -4.3609466E-02 -3.8902156E-02 -3.4153398E-02 -2.9372236E-02 -2.4564981E-02 -1.9736486E-02 -1.4889396E-02 -1.0025299E-02 -5.1441649E-03 -2.4553592E-04 4.6722759E-03 9.6107973E-03 1.4572241E-02 1.9558148E-02 2.4570249E-02 2.9608946E-02 3.4674332E-02 3.9764620E-02 4.4877183E-02 5.0006837E-02 5.5147231E-02 6.0289353E-02 6.5422446E-02 7.0522726E-02 7.5580977E-02 8.0578499E-02 8.5484214E-02 9.0271309E-02 9.4907813E-02 9.9359564E-02 0.1035887
-9.5036216E-02 -9.7641096E-02 -0.1000579 -0.1022471 -0.1041692 -0.1057854 -0.1070591 -0.1079565 -0.1084495 -0.1085153 -0.1081405 -0.1073070 -0.1060158 -0.1042809 -0.1021124 -9.9531077E-02 -9.6562110E-02 -9.3236379E-02 -8.9586586E-02 -8.5648291E-02 -8.1456564E-02 -7.7046648E-02 -7.2451562E-02 -6.7702681E-02 -6.2827878E-02 -5.7852466E-02 -5.2797846E-02 -4.7682591E-02 -4.2521343E-02 -3.7326254E-02 -3.2105912E-02 -2.6866851E-02 -2.1612743E-02 -1.6345751E-02 -1.1065684E-02 -5.7716360E-03 -4.6099740E-04 4.8690331E-03 1.0222337E-02 1.5602311E-02 2.1012917E-02 2.6456982E-02 3.1937286E-02 3.7454728E-02 4.3009698E-02 4.8599891E-02 5.4221928E-02 5.9868887E-02 6.5531135E-02 7.1195208E-02 7.6854698E-02 8.2480468E-02 8.8046007E-02 9.3529984E-02 9.8898865E-02 0.1041164 0.1091414 0.1139302
-0.1034407 -0.1064813 -0.1093195 -0.1119085 -0.1142002 -0.1161478 -0.1177061 -0.1188346 -0.1194971 -0.1196648 -0.1193144 -0.1184450 -0.1170532 -0.1151398 -0.1127266 -0.1098388 -0.1065099 -0.1027768 -9.8681077E-02 -9.4265342E-02 -8.9573145E-02 -8.4646083E-02 -7.9524256E-02 -7.4243948E-02 -6.8838254E-02 -6.3335575E-02 -5.7760686E-02 -5.2133471E-02 -4.6470344E-02 -4.0783353E-02 -3.5081565E-02 -2.9370377E-02 -2.3652993E-02 -1.7929683E-02 -1.2199200E-02 -6.4582275E-03 -7.0277165E-04 5.0727017E-03 1.0873627E-02 1.6706269E-02 2.2576140E-02 2.8488971E-02 3.4448877E-02 4.0459558E-02 4.6522342E-02 5.2637387E-02 5.8801621E-02 6.5010175E-02 7.1254641E-02 7.7523991E-02 8.3791494E-02 9.0046167E-02 9.6265085E-02 0.1024100 0.1084460 0.1143311 0.1200188 0.1254570
-0.1126806 -0.1162299 -0.1195631 -0.1226235 -0.1253537 -0.1276961 -0.1295961 -0.1310026 -0.1318724 -0.1321709 -0.1318764 -0.1309653 -0.1294388 -0.1273165 -0.1246169 -0.1213724 -0.1176231 -0.1134166 -0.1088032 -0.1038361 -9.8567419E-02 -9.3048215E-02 -8.7325394E-02 -8.1442520E-02 -7.5437307E-02 -6.9342978E-02 -6.3186646E-02 -5.6990828E-02 -5.0772388E-02 -4.4544287E-02 -3.8314547E-02 -3.2088276E-02 -2.5866654E-02 -1.9648748E-02 -1.3430654E-02 -7.2073718E-03 -9.7178563E-04 5.2835662E-03 1.1567494E-02 1.7888268E-02 2.4254883E-02 3.0674979E-02 3.7156109E-02 4.3703586E-02 5.0321959E-02 5.7012454E-02 6.3774772E-02 7.0604026E-02 7.7491760E-02 8.4424391E-02 9.1395549E-02 9.8371774E-02 0.1053212 0.1122167 0.1190154 0.1256694 0.1321235 0.1383173
-0.1228365 -0.1269799 -0.1308936 -0.1345105 -0.1377604 -0.1405737 -0.1428824 -0.1446245 -0.1457449 -0.1461995 -0.1459537 -0.1450026 -0.1433426 -0.1409793 -0.1379461 -0.1342834 -0.1300435 -0.1252843 -0.1200696 -0.1144636 -0.1085308 -0.1023318 -9.5923550E-02 -8.9356288E-02 -8.2674637E-02 -7.5915672E-02 -6.9110423E-02 -6.2282741E-02 -5.5451039E-02 -4.8627574E-02 -4.1820303E-02 -3.5032220E-02 -2.8263254E-02 -2.1509510E-02 -1.4765155E-02 -8.0216182E-03 -1.2694669E-03 5.5026612E-03 1.2306098E-02 1.9153176E-02 2.6055427E-02 3.3024598E-02 4.0070586E-02 4.7202729E-02 5.4427490E-02 6.1749764E-02 6.9170393E-02 7.6687738E-02 8.4295511E-02 9.1983587E-02 9.9722832E-02 0.1075011 0.1152911 0.1230459 0.1307210 0.1382611 0.1456037 0.1526769
-0.1339934 -0.1388294 -0.1434241 -0.1476966 -0.1515625 -0.1549360 -0.1577344 -0.1598798 -0.1613050 -0.1619565 -0.1617993 -0.1608013 -0.1589645 -0.1563173 -0.1528915 -0.1487392 -0.1439241 -0.1385200 -0.1326048 -0.1262587 -0.1195592 -0.1125805 -0.1053893 -9.8045520E-02 -9.0599954E-02 -8.3095528E-02 -7.5565830E-02 -6.8037383E-02 -6.0528446E-02 -5.3051598E-02 -4.5612741E-02 -3.8213629E-02 -3.0850912E-02 -2.3518503E-02 -1.6206561E-02 -8.9037735E-03 -1.5962170E-03 5.7304935E-03 1.3092426E-02 2.0505061E-02 2.7984807E-02 3.5546489E-02 4.3204889E-02 5.0972100E-02 5.8859285E-02 6.6873536E-02 7.5019911E-02 8.3297700E-02 9.1701493E-02 0.1002191 0.1088458 0.1175440 0.1262764 0.1350094 0.1436885 0.1522513 0.1606238 0.1687227
-0.1462383 -0.1518805 -0.1572721 -0.1623164 -0.1669105 -0.1709505 -0.1743330 -0.1769628 -0.1787548 -0.1796405 -0.1795675 -0.1785244 -0.1765078 -0.1735311 -0.1696461 -0.1649183 -0.1594298 -0.1532714 -0.1465412 -0.1393365 -0.1317531 -0.1238790 -0.1157948 -0.1075697 -9.9263117E-02 -9.0922549E-02 -8.2585953E-02 -7.4280620E-02 -6.6025861E-02 -5.7832409E-02 -4.9705002E-02 -4.1641887E-02 -3.3637300E-02 -2.5680607E-02 -1.7758748E-02 -9.8553617E-03 -1.9528904E-03 5.9684860E-03 1.3928659E-02 2.1948745E-02 3.0049011E-02 3.8250051E-02 4.6570368E-02 5.5027764E-02 6.3636743E-02 7.2409809E-02 8.1354454E-02 9.0474904E-02 9.9769406E-02 0.1092310 0.1188292 0.1285521 0.1383686 0.1482221 0.1580563 0.1677994 0.1773677 0.1866627
-0.1596583 -0.1662365 -0.1725587 -0.1785084 -0.1839619 -0.1887907 -0.1928690 -0.1960772 -0.1983112 -0.1994870 -0.1995493 -0.1984528 -0.1962008 -0.1928358 -0.1884108 -0.1830091 -0.1767315 -0.1696932 -0.1620141 -0.1538156 -0.1452128 -0.1363131 -0.1272106 -0.1179876 -0.1087110 -9.9435210E-02 -9.0200603E-02 -8.1036650E-02 -7.1961366E-02 -6.2984608E-02 -5.4107461E-02 -4.5325495E-02 -3.6627851E-02 -2.8000247E-02 -1.9423848E-02 -1.0878008E-02 -2.3390255E-03 6.2174732E-03 1.4817867E-02 2.3487926E-02 3.2254636E-02 4.1143261E-02 5.0179124E-02 5.9384480E-02 6.8780512E-02 7.8383625E-02 8.8207491E-02 9.8258838E-02 0.1085382 0.1190374 0.1297563 0.1406539 0.1516879 0.1628180 0.1739766 0.1850829 0.1960382 0.2067291
-0.1743375 -0.1819988 -0.1894031 -0.1964117 -0.2028737 -0.2086332 -0.2135339 -0.2174294 -0.2201886 -0.2217055 -0.2219009 -0.2207530 -0.2182589 -0.2144444 -0.2093904 -0.2032003 -0.1960028 -0.1879393 -0.1791600 -0.1698124 -0.1600381 -0.1499645 -0.1397048 -0.1293532 -0.1189875 -0.1086672 -9.8436683E-02 -8.8325270E-02 -7.8350678E-02 -6.8519108E-02 -5.8828820E-02 -4.9269829E-02 -3.9827045E-02 -3.0479595E-02 -2.1203751E-02 -1.1971771E-02 -2.7546980E-03 6.4792619E-03 1.5761992E-02 2.5126971E-02 3.4606792E-02 4.4234674E-02 5.4041564E-02 6.4057812E-02 7.4309841E-02 8.4821925E-02 9.5612139E-02 0.1066945 0.1180755 0.1297545 0.1417020 0.1539094 0.1663426 0.1789351 0.1916168 0.2042957 0.2168607 0.2291782
-0.1903531 -0.1992612 -0.2079179 -0.2161567 -0.2237958 -0.2306437 -0.2365099 -0.2412124 -0.2445918 -0.2465198 -0.2469112 -0.2457021 -0.2428977 -0.2385607 -0.2327757 -0.2256722 -0.2174068 -0.2081571 -0.1981063 -0.1874372 -0.1763200 -0.1649092 -0.1533371 -0.1417148 -0.1301291 -0.1186470 -0.1073146 -9.6162118E-02 -8.5204050E-02 -7.4443795E-02 -6.3873529E-02 -5.3478502E-02 -4.3236170E-02 -3.3120003E-02 -2.3098176E-02 -1.3136809E-02 -3.1985401E-03 6.7547695E-03 1.6763786E-02 2.6868554E-02 3.7110828E-02 4.7530610E-02 5.8168352E-02 6.9061063E-02 8.0244847E-02 9.1750033E-02 0.1036038 0.1158247 0.1284237 0.1414002 0.1547632 0.1684701 0.1824753 0.1967327 0.2111593 0.2256521 0.2400811 0.2542926
-0.2077693 -0.2181041 -0.2281998 -0.2378577 -0.2468571 -0.2549656 -0.2619488 -0.2675858 -0.2716805 -0.2740759 -0.2746571 -0.2733898 -0.2702713 -0.2653439 -0.2587264 -0.2505752 -0.2410856 -0.2304731 -0.2189655 -0.2067841 -0.1941376 -0.1812095 -0.1681576 -0.1551092 -0.1421639 -0.1293938 -0.1168482 -0.1045553 -9.2527121E-02 -8.0760725E-02 -6.9242954E-02 -5.7950664E-02 -4.6854816E-02 -3.5919625E-02 -2.5106169E-02 -1.4371105E-02 -3.6696673E-03 7.0461612E-03 1.7824553E-02 2.8715976E-02 3.9770044E-02 5.1037736E-02 6.2567696E-02 7.4408315E-02 8.6603709E-02 9.9195473E-02 0.1122178 0.1256997 0.1396608 0.1541118 0.1690267 0.1844052 0.2002136 0.2163746 0.2328036 0.2493835 0.2659683 0.2823782
-0.2266320 -0.2385861 -0.2503213 -0.2615986 -0.2721516 -0.2816963 -0.2899484 -0.2966394 -0.3015385 -0.3044647 -0.3053016 -0.3039655 -0.3004639 -0.2948805 -0.2873337 -0.2780090 -0.2671364 -0.2549815 -0.2418200 -0.2279251 -0.2135480 -0.1989111 -0.1841991 -0.1695606 -0.1551068 -0.1409172 -0.1270414 -0.1135064 -0.1003179 -8.7467566E-02 -7.4932814E-02 -6.2683009E-02 -5.0678588E-02 -3.8875598E-02 -2.7224261E-02 -1.5672870E-02 -4.1655703E-03 7.3542064E-03 1.8946309E-02 3.0670119E-02 4.2587705E-02 5.4759584E-02 6.7247771E-02 8.0110520E-02 9.3405768E-02 0.1071843 0.1214933 0.1363687 0.1518365 0.1679087 0.1846094 0.2018977 0.2197277 0.2380503 0.2567656 0.2757425 0.2948110 0.3137645
-0.2469609 -0.2607364 -0.2743180 -0.2874194 -0.2997158 -0.3108619 -0.3205115 -0.3283471 -0.3341006 -0.3375721 -0.3386261 -0.3372290 -0.3333768 -0.3271126 -0.3185798 -0.3079817 -0.2955903 -0.2817204 -0.2667115 -0.2508955 -0.2345810 -0.2180337 -0.2014745 -0.1850739 -0.1689584 -0.1532125 -0.1378878 -0.1230060 -0.1085677 -9.4554156E-02 -8.0934659E-02 -6.7666523E-02 -5.4700807E-02 -4.1981138E-02 -2.9448295E-02 -1.7037950E-02 -4.6846778E-03 7.6809903E-03 2.0128893E-02 3.2732185E-02 4.5563817E-02 5.8699466E-02 7.2212987E-02 8.6179130E-02 0.1006679 0.1157464 0.1314717 0.1478936 0.1650492 0.1829644 0.2016194 0.2210299 0.2411692 0.2619517 0.2832770 0.3049959 0.3269157 0.3487953
-0.2687439 -0.2845438 -0.3001781 -0.3152986 -0.3295087 -0.3423823 -0.3535022 -0.3624952 -0.3690744 -0.3730537 -0.3743451 -0.3728809 -0.3686669 -0.3617648 -0.3522667 -0.3403722 -0.3263763 -0.3106558 -0.2936215 -0.2756864 -0.2572264 -0.2385671 -0.2199689 -0.2016327 -0.1836988 -0.1662604 -0.1493665 -0.1330354 -0.1172573 -0.1020045 -8.7232813E-02 -7.2889023E-02 -5.8909878E-02 -4.5228340E-02 -3.1770814E-02 -1.8462440E-02 -5.2233986E-03 8.0266763E-03 2.1372778E-02 3.4899987E-02 4.8697993E-02 6.2856063E-02 7.7467188E-02 9.2621267E-02 0.1084088 0.1249113 0.1422035 0.1603431 0.1793718 0.1993132 0.2202116 0.2420325 0.2647405 0.2882948 0.3125779 0.3374206 0.3625941 0.3878187
-0.2919290 -0.3099506 -0.3278296 -0.3451401 -0.3613866 -0.3760402 -0.3885868 -0.3986001 -0.4057978 -0.4100678 -0.4114121 -0.4099072 -0.4055336 -0.3982101 -0.3879457 -0.3748726 -0.3592969 -0.3416561 -0.3224628 -0.3022303 -0.2814310 -0.2604615 -0.2396383 -0.2191935 -0.1992891 -0.1800226 -0.1614441 -0.1435625 -0.1263597 -0.1097931 -9.3806997E-02 -7.8331739E-02 -6.3292064E-02 -4.8604682E-02 -3.4184236E-02 -1.9939797E-02 -5.7798023E-03 8.3926776E-03 2.2675233E-02 3.7171144E-02 5.1984824E-02 6.7226849E-02 8.3008155E-02 9.9443749E-02 0.1166443 0.1347166 0.1537502 0.1738168 0.1949617 0.2172128 0.2405459 0.2650089 0.2906096 0.3172764 0.3448990 0.3732783 0.4021433 0.4311587
-0.3164213 -0.3368451 -0.3571365 -0.3767622 -0.3950946 -0.4114523 -0.4251887 -0.4358061 -0.4430862 -0.4471377 -0.4482946 -0.4467725 -0.4425426 -0.4353334 -0.4248217 -0.4109540 -0.3939994 -0.3744867 -0.3530651 -0.3303999 -0.3070880 -0.2836279 -0.2604014 -0.2376864 -0.2156644 -0.1944435 -0.1740692 -0.1545445 -0.1358357 -0.1178884 -0.1006285 -8.3972894E-02 -6.7827903E-02 -5.2097049E-02 -3.6677111E-02 -2.1464465E-02 -6.3495799E-03 8.7775961E-03 2.4034090E-02 3.9538350E-02 5.5417642E-02 7.1802050E-02 8.8831268E-02 0.1066459 0.1253919 0.1452036 0.1661991 0.1884526 0.2119880 0.2367857 0.2628813 0.2902631 0.3189769 0.3490646 0.3804108 0.4127724 0.4457961 0.4790710
