T6-multimodels/gx/model120.grd
DSAA
         100         100
  -15.00000       15.00000    
  -15.00000       15.00000    
  -1.875417       2.432827    
[rows 52 to 77 of 100, columns 0 to 57 of 100]
-0.7421036 -0.8054478 -0.8673871 -0.9250408 -0.9724738 -1.003485 -1.007659 -0.9744404 -0.8901212 -0.7536799 -0.6198856 -0.6338831 -0.7707353 -0.8887981 -0.9536937 -0.9689379 -0.9494717 -0.9044549 -0.8445296 -0.7746733 -0.7010591 -0.6255506 -0.5514805 -0.4788923 -0.4095352 -0.3425247 -0.2788010 -0.2170580 -0.1578443 -9.9672891E-02 -4.2899538E-02 1.4050910E-02 7.0935965E-02 0.1294085 0.1893262 0.2524523 0.3187709 0.3902184 0.4669552 0.5511733 0.6432889 0.7458588 0.8596804 0.9878328 1.131775 1.295448 1.481688 1.694414 1.925508 2.098102 2.120236 2.147904 2.244613 2.336366 2.396816 2.416292 2.397163 2.340929
-0.7369060 -0.7998369 -0.8613656 -0.9186190 -0.9656733 -0.9963367 -1.000206 -0.9667329 -0.8822232 -0.7456645 -0.6118435 -0.6258672 -0.7628086 -0.8810518 -0.9461980 -0.9617571 -0.9426569 -0.8980507 -0.8385680 -0.7691782 -0.6960445 -0.6210234 -0.5474407 -0.4753361 -0.4064538 -0.3399091 -0.2766404 -0.2153430 -0.1565661 -9.8825902E-02 -4.2479940E-02 1.4042272E-02 7.0495822E-02 0.1285282 0.1879942 0.2506518 0.3164819 0.3874160 0.4636121 0.5472587 0.6387708 0.7407039 0.8538570 0.9813113 1.124532 1.287465 1.472959 1.684945 1.915310 2.087211 2.108749 2.135865 2.232100 2.323496 2.383709 2.403078 2.383973 2.327898
-0.7301597 -0.7925443 -0.8535275 -0.9102492 -0.9567974 -0.9869964 -0.9904553 -0.9566432 -0.8718749 -0.7351471 -0.6012402 -0.6153073 -0.7524108 -0.8708995 -0.9363826 -0.9523588 -0.9337476 -0.8896852 -0.8307902 -0.7620169 -0.6895178 -0.6151376 -0.5421951 -0.4707225 -0.4024609 -0.3365220 -0.2738449 -0.2131247 -0.1549135 -9.7729675E-02 -4.1935895E-02 1.4034868E-02 6.9931403E-02 0.1273969 0.1862794 0.2483323 0.3135297 0.3837988 0.4592919 0.5421944 0.6329176 0.7340164 0.8462901 0.9728236 1.115088 1.277039 1.461539 1.672535 1.901943 2.072937 2.093597 2.119964 2.215586 2.306504 2.366400 2.385625 2.366559 2.310700
-0.7218222 -0.7835155 -0.8438072 -0.8998513 -0.9457549 -0.9753585 -0.9782928 -0.9440432 -0.8589438 -0.7220066 -0.5880363 -0.6021480 -0.7394128 -0.8582094 -0.9241192 -0.9406290 -0.9226382 -0.8792686 -0.8211173 -0.7531241 -0.6814240 -0.6078498 -0.5357085 -0.4650254 -0.3975355 -0.3323489 -0.2704029 -0.2103953 -0.1528798 -9.6380413E-02 -4.1263681E-02 1.4030177E-02 6.9244504E-02 0.1260143 0.1841814 0.2454906 0.3099095 0.3793574 0.4539810 0.5359589 0.6256995 0.7257545 0.8369241 0.9622959 1.103349 1.264051 1.447280 1.657006 1.885164 2.054961 2.074560 2.099960 2.194758 2.285052 2.344537 2.363582 2.344570 2.289000
-0.7118465 -0.7726911 -0.8321302 -0.8873373 -0.9324401 -0.9613047 -0.9635837 -0.9287886 -0.8432726 -0.7060629 -0.5719616 -0.5861351 -0.7236443 -0.8428255 -0.9092661 -0.9264343 -0.9092121 -0.8666956 -0.8094615 -0.7424247 -0.6717032 -0.5991111 -0.5279436 -0.4582153 -0.3916567 -0.3273732 -0.2663035 -0.2071460 -0.1504600 -9.4773382E-02 -4.0460706E-02 1.4031329E-02 6.8436548E-02 0.1243823 0.1816997 0.2421253 0.3056163 0.3740837 0.4476644 0.5285306 0.6170833 0.7158715 0.8256937 0.9496415 1.089202 1.248357 1.430004 1.638143 1.864749 2.033065 2.051248 2.075420 2.169207 2.258714 2.317685 2.336505 2.317572 2.262379
-0.7001865 -0.7600103 -0.8184214 -0.8726150 -0.9167466 -0.9447109 -0.9461926 -0.9107308 -0.8247071 -0.6871727 -0.5529599 -0.5671956 -0.7049524 -0.8245937 -0.8916736 -0.9096401 -0.8933455 -0.8518604 -0.7957299 -0.7298438 -0.6602929 -0.5888734 -0.5188626 -0.4502654 -0.3848037 -0.3215815 -0.2615363 -0.2033710 -0.1476487 -9.2905462E-02 -3.9523419E-02 1.4040386E-02 6.7510515E-02 0.1225019 0.1788360 0.2382357 0.3006480 0.3679705 0.4403301 0.5198875 0.6070361 0.7043179 0.8125300 0.9347652 1.072520 1.229792 1.409505 1.615691 1.840361 2.006814 2.023314 2.045962 2.138456 2.226985 2.285317 2.303871 2.285050 2.230346
-0.6867999 -0.7454179 -0.8026085 -0.8555971 -0.8985706 -0.9254613 -0.9259898 -0.8897330 -0.8031010 -0.6651681 -0.5307688 -0.5450850 -0.6831791 -0.8033676 -0.8712063 -0.8901168 -0.8749232 -0.8346592 -0.7798361 -0.7153078 -0.6471366 -0.5770918 -0.5084332 -0.4411510 -0.3769610 -0.3149623 -0.2560953 -0.1990653 -0.1444438 -9.0774313E-02 -3.8450513E-02 1.4059991E-02 6.6468321E-02 0.1203772 0.1755925 0.2338246 0.2950037 0.3610143 0.4319674 0.5100113 0.5955261 0.6910456 0.7973606 0.9175662 1.053166 1.208175 1.385549 1.589362 1.811686 1.975882 1.990234 2.011000 2.101937 2.189267 2.246827 2.265068 2.246410 2.192335
-0.6716574 -0.7288702 -0.7846363 -0.8362137 -0.8778317 -0.9034650 -0.9028815 -0.8656975 -0.7783624 -0.6399789 -0.5054151 -0.5198122 -0.6582426 -0.7790542 -0.8477645 -0.8677688 -0.8538526 -0.8150104 -0.7617082 -0.6987591 -0.6321873 -0.5637327 -0.4966307 -0.4308577 -0.3681186 -0.3075120 -0.2499781 -0.1942296 -0.1408451 -8.8380441E-02 -3.7240565E-02 1.4091946E-02 6.5314204E-02 0.1180120 0.1719757 0.2288966 0.2886886 0.3532164 0.4225736 0.4988894 0.5825292 0.6760113 0.7801187 0.8979427 1.030995 1.183312 1.357882 1.558831 1.778293 1.939716 1.951532 1.970010 2.059018 2.144896 2.201531 2.219419 2.200996 2.147728
-0.6547456 -0.7103454 -0.7644718 -0.8144262 -0.8544859 -0.8786820 -0.8768346 -0.8386096 -0.7504905 -0.6116017 -0.4768052 -0.4913000 -0.6301461 -0.7516469 -0.8213278 -0.8425582 -0.8300901 -0.7928666 -0.7413042 -0.6801621 -0.6154196 -0.5487781 -0.4834464 -0.4193808 -0.3582785 -0.2992335 -0.2431906 -0.1888684 -0.1368579 -8.5726254E-02 -3.5894860E-02 1.4138396E-02 6.4051755E-02 0.1154137 0.1679933 0.2234627 0.2817124 0.3445860 0.4121530 0.4865204 0.5680303 0.6591830 0.7607449 0.8758016 1.005868 1.155002 1.326233 1.523752 1.739789 1.897894 1.906561 1.922274 2.008999 2.093145 2.148696 2.166200 2.148111 2.095876
-0.6360777 -0.6898508 -0.7421213 -0.7902410 -0.8285521 -0.8511512 -0.8479246 -0.8085890 -0.7196609 -0.5802754 -0.4453074 -0.4598943 -0.5991099 -0.7213102 -0.7920035 -0.8145507 -0.8036647 -0.7682400 -0.7186252 -0.6595172 -0.5968350 -0.5322347 -0.4688892 -0.4067344 -0.3474546 -0.2901428 -0.2357465 -0.1829953 -0.1324912 -8.2818978E-02 -3.4415979E-02 1.4199538E-02 6.2686533E-02 0.1125903 0.1636585 0.2175373 0.2740931 0.3351405 0.4007222 0.4729144 0.5520314 0.6405444 0.7391984 0.8510629 0.9776537 1.123047 1.290322 1.483748 1.695662 1.849760 1.854751 1.867174 1.951159 2.033272 2.087578 2.104686 2.087070 2.036150
-0.6156984 -0.6674348 -0.7176387 -0.7637305 -0.8001312 -0.8210274 -0.8163832 -0.7759714 -0.6863179 -0.5465243 -0.4113925 -0.4260791 -0.5656508 -0.6884637 -0.7601044 -0.7839555 -0.7747166 -0.7412187 -0.6937336 -0.6368702 -0.5764742 -0.5141385 -0.4529952 -0.3929513 -0.3356791 -0.2802678 -0.2276717 -0.1766301 -0.1277621 -7.9668917E-02 -3.2809794E-02 1.4276256E-02 6.1223604E-02 0.1095541 0.1589876 0.2111435 0.2658565 0.3249105 0.3883117 0.4581014 0.5345542 0.6201053 0.7154636 0.8236744 0.9462420 1.087260 1.249864 1.438429 1.645455 1.794824 1.795378 1.803946 1.884791 1.964577 2.017495 2.034225 2.017266 1.968001
-0.5936922 -0.6431920 -0.6911393 -0.7350411 -0.7694302 -0.7886109 -0.7826569 -0.7413967 -0.6513335 -0.5114499 -0.3763987 -0.3911565 -0.5308202 -0.6539328 -0.7262235 -0.7511846 -0.7435187 -0.7119916 -0.6667619 -0.6123253 -0.5544205 -0.4945639 -0.4358286 -0.3780902 -0.3230025 -0.2696536 -0.2190027 -0.1698040 -0.1226926 -7.6292254E-02 -3.1083986E-02 1.4367135E-02 5.9670620E-02 0.1063188 0.1540033 0.2043099 0.2570402 0.3139384 0.3749709 0.4421322 0.5156497 0.5979070 0.6895644 0.7936226 0.9115618 1.047482 1.204582 1.387377 1.588579 1.732350 1.727865 1.732045 1.809325 1.886531 1.937949 1.954354 1.938278 1.891064
-0.5701841 -0.6172690 -0.6627994 -0.7044029 -0.7367648 -0.7543676 -0.7474447 -0.7059103 -0.6161792 -0.4769264 -0.3423380 -0.3571299 -0.4964267 -0.6190954 -0.6913283 -0.7168774 -0.7104976 -0.6808474 -0.6379226 -0.5860439 -0.5308090 -0.4736225 -0.4174878 -0.3622344 -0.3094981 -0.2583607 -0.2097910 -0.1625562 -0.1173138 -7.2709091E-02 -2.9250445E-02 1.4471117E-02 5.8034431E-02 0.1029025 0.1487321 0.1970748 0.2476910 0.3022833 0.3607672 0.4250848 0.4954009 0.5740340 0.6615731 0.7609522 0.8735968 1.003593 1.154203 1.330135 1.524461 1.661776 1.651548 1.650972 1.724492 1.798953 1.848800 1.864949 1.850003 1.805269
-0.5453434 -0.5898622 -0.6328580 -0.6721178 -0.7025493 -0.7189038 -0.7116945 -0.6710075 -0.5831380 -0.4461264 -0.3130898 -0.3277832 -0.4654641 -0.5860636 -0.6567802 -0.6818959 -0.6762061 -0.6481686 -0.6074945 -0.5582486 -0.5058201 -0.4514696 -0.3981027 -0.3454967 -0.2952591 -0.2464684 -0.2000993 -0.1549382 -0.1116627 -6.8945825E-02 -2.7322408E-02 1.4584826E-02 5.6324728E-02 9.9324808E-02 0.1432074 0.1894829 0.2378696 0.2900188 0.3457922 0.4070653 0.4739310 0.5486206 0.6316294 0.7257865 0.8324195 0.9555480 1.098469 1.266146 1.452237 1.582180 1.566080 1.560891 1.630698 1.702337 1.750505 1.766412 1.752805 1.710966
-0.5193773 -0.5612143 -0.6015998 -0.6385365 -0.6672420 -0.6828861 -0.6764748 -0.6385341 -0.5553755 -0.4239641 -0.2947952 -0.3091066 -0.4424970 -0.5576870 -0.6242298 -0.6472009 -0.6412547 -0.6143796 -0.5758074 -0.5292065 -0.4796809 -0.4282961 -0.3778381 -0.3280142 -0.2804018 -0.2340708 -0.1900057 -0.1470092 -0.1057847 -6.5032206E-02 -2.5317684E-02 1.4705229E-02 5.4550178E-02 9.5609799E-02 0.1374662 0.1815883 0.2276456 0.2772360 0.3301572 0.3882119 0.4514043 0.5218623 0.5999531 0.6883579 0.7882328 0.9034303 1.037168 1.194666 1.370641 1.492473 1.471343 1.462961 1.529652 1.598253 1.644355 1.659817 1.647630 1.609020
-0.4925297 -0.5316003 -0.5693414 -0.6040176 -0.6312735 -0.6468766 -0.6426809 -0.6101978 -0.5364883 -0.4174416 -0.2979051 -0.3110637 -0.4337372 -0.5370691 -0.5951514 -0.6135947 -0.6061618 -0.5798914 -0.5432010 -0.4992198 -0.4526485 -0.4043295 -0.3568823 -0.3099510 -0.2650580 -0.2212807 -0.1795955 -0.1388404 -9.9728853E-02 -6.1005402E-02 -2.3253053E-02 1.4825695E-02 5.2723780E-02 9.1781035E-02 0.1315534 0.1734496 0.2171030 0.2640381 0.3139987 0.3686904 0.4280328 0.4940137 0.5668596 0.6490330 0.7414399 0.8475771 0.9703000 1.114745 1.277174 1.390115 1.368451 1.361200 1.425263 1.489622 1.532512 1.546934 1.536029 1.500854
-0.4650737 -0.5013101 -0.5364147 -0.5688826 -0.5949710 -0.6111351 -0.6105830 -0.5865031 -0.5284626 -0.4331369 -0.3359061 -0.3460620 -0.4444653 -0.5257476 -0.5699278 -0.5813503 -0.5711815 -0.5450402 -0.5099815 -0.4686171 -0.4249894 -0.3798343 -0.3354347 -0.2915012 -0.2493636 -0.2082326 -0.1689536 -0.1305195 -9.3538508E-02 -5.6915160E-02 -2.1138102E-02 1.4929416E-02 5.0868295E-02 8.7854721E-02 0.1255266 0.1651210 0.2063434 0.2505301 0.2974802 0.3486817 0.4040760 0.4653789 0.5327691 0.6083224 0.6927167 0.7887647 0.8985572 1.026023 1.168245 1.270396 1.261237 1.263955 1.323180 1.379964 1.417485 1.429982 1.420018 1.388385
-0.4373079 -0.4706350 -0.5031592 -0.5333951 -0.5585319 -0.5755179 -0.5795153 -0.5655840 -0.5277996 -0.4664295 -0.4068742 -0.4115950 -0.4699718 -0.5206304 -0.5469408 -0.5499720 -0.5362229 -0.5100678 -0.4764012 -0.4377451 -0.3969662 -0.3551054 -0.3136944 -0.2728848 -0.2334515 -0.1950815 -0.1581582 -0.1221505 -8.7249294E-02 -5.2824873E-02 -1.8972181E-02 1.4988182E-02 4.9018010E-02 8.3837584E-02 0.1194571 0.1566499 0.1954851 0.2368148 0.2807892 0.3283741 0.3798348 0.4362964 0.4981911 0.5668659 0.6430269 0.7283577 0.8240458 0.9314388 1.046007 1.133626 1.155339 1.176435 1.225302 1.271018 1.301210 1.311238 1.301875 1.273876
-0.4094861 -0.4399256 -0.4698458 -0.4978603 -0.5219795 -0.5397261 -0.5480213 -0.5437755 -0.5249405 -0.4944654 -0.4676529 -0.4677343 -0.4911008 -0.5136564 -0.5232316 -0.5182284 -0.5011444 -0.4750045 -0.4428124 -0.4068361 -0.3689494 -0.3303472 -0.2919587 -0.2542404 -0.2175426 -0.1819053 -0.1473693 -0.1137630 -8.0973156E-02 -4.8725121E-02 -1.6828569E-02 1.5045970E-02 4.7135118E-02 7.9808868E-02 0.1133448 0.1481578 0.1845757 0.2230729 0.2640437 0.3080414 0.3555458 0.4072057 0.4635965 0.5254575 0.5934254 0.6682027 0.7500951 0.8383042 0.9275614 1.001952 1.048478 1.085418 1.125862 1.161573 1.185019 1.192718 1.184061 1.159666
-0.3818806 -0.4095070 -0.4367721 -0.4625602 -0.4853947 -0.5034878 -0.5148788 -0.5179113 -0.5121979 -0.5004271 -0.4897159 -0.4877346 -0.4933776 -0.4982954 -0.4961935 -0.4851151 -0.4657941 -0.4399566 -0.4095210 -0.3761686 -0.3412646 -0.3058021 -0.2704838 -0.2357400 -0.2018214 -0.1688141 -0.1367123 -0.1054173 -7.4789912E-02 -4.4636708E-02 -1.4749576E-02 1.5116558E-02 4.5211617E-02 7.5817294E-02 0.1072190 0.1397354 0.1736919 0.2094522 0.2473903 0.2879219 0.3314732 0.3785063 0.4294769 0.4848374 0.5449517 0.6100013 0.6796747 0.7525310 0.8247279 0.8894271 0.9416497 0.9845201 1.021660 1.051379 1.070412 1.076535 1.068975 1.048085
-0.3547842 -0.3796605 -0.4042797 -0.4277686 -0.4490320 -0.4668025 -0.4798151 -0.4871366 -0.4887395 -0.4861113 -0.4822007 -0.4794584 -0.4775497 -0.4736686 -0.4650342 -0.4504675 -0.4301936 -0.4052162 -0.3767819 -0.3460938 -0.3141603 -0.2817629 -0.2494554 -0.2176027 -0.1864095 -0.1559635 -0.1262571 -9.7219601E-02 -6.8727940E-02 -4.0626369E-02 -1.2729026E-02 1.5167315E-02 4.3286286E-02 7.1863830E-02 0.1011539 0.1314223 0.1629537 0.1960456 0.2310152 0.2681898 0.3079100 0.3505118 0.3963158 0.4455840 0.4984644 0.5548667 0.6142583 0.6753170 0.7355683 0.7916504 0.8409534 0.8827186 0.9170820 0.9432324 0.9596235 0.9649945 0.9587981 0.9412814
-0.3284508 -0.3506696 -0.3726868 -0.3938241 -0.4132558 -0.4300711 -0.4433929 -0.4525972 -0.4575702 -0.4588937 -0.4576286 -0.4546741 -0.4498930 -0.4422487 -0.4307096 -0.4147986 -0.3947225 -0.3711414 -0.3449195 -0.3169195 -0.2879020 -0.2584699 -0.2290708 -0.2000025 -0.1714438 -0.1434719 -0.1160911 -8.9244790E-02 -6.2836230E-02 -3.6733542E-02 -1.0783243E-02 1.5189708E-02 4.1373212E-02 6.7971066E-02 9.5196642E-02 0.1232774 0.1524488 0.1829595 0.2150634 0.2490212 0.2850881 0.3235070 0.3644818 0.4081482 0.4545129 0.5033699 0.5541670 0.6058595 0.6568327 0.7050725 0.7486568 0.7863926 0.8173599 0.8405952 0.8551253 0.8601640 0.8553773 0.8409740
-0.3031039 -0.3227887 -0.3422920 -0.3610767 -0.3785110 -0.3939088 -0.4066183 -0.4161361 -0.4222384 -0.4250266 -0.4248278 -0.4218494 -0.4160541 -0.4071605 -0.3948340 -0.3790097 -0.3599439 -0.3381507 -0.3142635 -0.2889298 -0.2627269 -0.2361318 -0.2095020 -0.1830887 -0.1570436 -0.1314419 -0.1062925 -8.1557587E-02 -5.7158913E-02 -3.2991987E-02 -8.9276936E-03 1.5177706E-02 3.9484099E-02 6.4160421E-02 8.9387782E-02 0.1153532 0.1422531 0.1702866 0.1996573 0.2305635 0.2631945 0.2977138 0.3342434 0.3728290 0.4134022 0.4557143 0.4992685 0.5432483 0.5865022 0.6276579 0.6653640 0.6983016 0.7254292 0.7458442 0.7587347 0.7635330 0.7600101 0.7483481
-0.2789262 -0.2962340 -0.3133524 -0.3298520 -0.3452334 -0.3589631 -0.3705223 -0.3794798 -0.3855473 -0.3886065 -0.3886528 -0.3857556 -0.3798870 -0.3709569 -0.3589641 -0.3440302 -0.3264494 -0.3066461 -0.2851184 -0.2623639 -0.2388372 -0.2149155 -0.1908938 -0.1669807 -0.1433117 -0.1199554 -9.6929923E-02 -7.4209377E-02 -5.1736634E-02 -2.9427145E-02 -7.1783783E-03 1.5129356E-02 3.7626214E-02 6.0453746E-02 8.3759345E-02 0.1076982 0.1324272 0.1581068 0.1848930 0.2129359 0.2423675 0.2732941 0.3057747 0.3398012 0.3752626 0.4119093 0.4493085 0.4868165 0.5235821 0.5585849 0.5907027 0.6189472 0.6423470 0.6600426 0.6713704 0.6758744 0.6733826 0.6640354
-0.2560583 -0.2711694 -0.2860706 -0.3004103 -0.3137880 -0.3257739 -0.3359458 -0.3439260 -0.3494225 -0.3522429 -0.3522938 -0.3495005 -0.3438614 -0.3354295 -0.3242882 -0.3106270 -0.2947305 -0.2769633 -0.2577237 -0.2374100 -0.2163827 -0.1949497 -0.1733529 -0.1517720 -0.1303246 -0.1090784 -8.8055201E-02 -6.7243114E-02 -4.6599578E-02 -2.6061397E-02 -5.5458630E-03 1.5041616E-02 3.5808120E-02 5.6867104E-02 7.8339666E-02 0.1003490 0.1230215 0.1464802 0.1708450 0.1962227 0.2227038 0.2503482 0.2791744 0.3091376 0.3401110 0.3718564 0.4040036 0.4360321 0.4672721 0.4969448 0.5242370 0.5482441 0.5681758 0.5833483 0.5931912 0.5973333 0.5956277 0.5881783
-0.2345941 -0.2477060 -0.2605819 -0.2729324 -0.2844290 -0.2947229 -0.3034635 -0.3103293 -0.3150469 -0.3174112 -0.3172813 -0.3146175 -0.3094086 -0.3016907 -0.2915981 -0.2793259 -0.2651361 -0.2493332 -0.2322448 -0.2141903 -0.1954641 -0.1763170 -0.1569530 -0.1375244 -0.1181379 -9.8856308E-02 -7.9707757E-02 -6.0688607E-02 -4.1771896E-02 -2.2909623E-02 -4.0394841E-03 1.4914206E-02 3.4035161E-02 5.3415123E-02 7.3149137E-02 9.3335599E-02 0.1140715 0.1354516 0.1575627 0.1804801 0.2042591 0.2289285 0.2544767 0.2808402 0.3078861 0.3353972 0.3630555 0.3904375 0.4170192 0.4421844 0.4652384 0.4855480 0.5024576 0.5153775 0.5238587 0.5275961 0.5264672 0.5205413
