T6-multimodels/gx/model30.grd
DSAA
         100         100
  -15.00000       15.00000    
  -15.00000       15.00000    
  -2.003509       2.184445    
[rows 0 to 25 of 100, columns 0 to 56 of 100]
-1.1178468E-02 -1.0633225E-02 -9.9860700E-03 -9.2314193E-03 -8.3647044E-03 -7.3818858E-03 -6.2805018E-03 -5.0587635E-03 -3.7168604E-03 -2.2562409E-03 -6.8147783E-04 1.0081406E-03 2.8050782E-03 4.6972129E-03 6.6768364E-03 8.7324847E-03 1.0851685E-02 1.3020040E-02 1.5222518E-02 1.7442642E-02 1.9663515E-02 2.1867534E-02 2.4037115E-02 2.6154516E-02 2.8202549E-02 3.0164510E-02 3.2024689E-02 3.3768371E-02 3.5382308E-02 3.6854673E-02 3.8175490E-02 3.9336488E-02 4.0331323E-02 4.1155618E-02 4.1806906E-02 4.2284612E-02 4.2589925E-02 4.2725775E-02 4.2696562E-02 4.2508159E-02 4.2167500E-02 4.1682608E-02 4.1062094E-02 4.0315371E-02 3.9451957E-02 3.8481947E-02 3.7414905E-02 3.6260746E-02 3.5028115E-02 3.3729970E-02 3.2373413E-02 3.0961247E-02 2.9506583E-02 2.8015934E-02 2.6495701E-02 2.4951575E-02 2.3389341E-02
-1.2800034E-02 -1.2250275E-02 -1.1586179E-02 -1.0801217E-02 -9.8891994E-03 -8.8453991E-03 -7.6658763E-03 -6.3486048E-03 -4.8924009E-03 -3.2980286E-03 -1.5663988E-03 2.9191579E-04 2.2714217E-03 4.3676179E-03 6.5673334E-03 8.8577596E-03 1.1223822E-02 1.3649568E-02 1.6117167E-02 1.8607950E-02 2.1102041E-02 2.3579309E-02 2.6019031E-02 2.8400797E-02 3.0704483E-02 3.2910801E-02 3.5001360E-02 3.6959235E-02 3.8768969E-02 4.0417012E-02 4.1891847E-02 4.3184098E-02 4.4286624E-02 4.5194630E-02 4.5905609E-02 4.6419229E-02 4.6737339E-02 4.6863705E-02 4.6803966E-02 4.6565264E-02 4.6156183E-02 4.5586236E-02 4.4865988E-02 4.4006318E-02 4.3018885E-02 4.1915074E-02 4.0706828E-02 3.9405346E-02 3.8022492E-02 3.6564648E-02 3.5043519E-02 3.3474214E-02 3.1859528E-02 3.0208170E-02 2.8527610E-02 2.6824752E-02 2.5105206E-02
-1.4637519E-02 -1.4089573E-02 -1.3413769E-02 -1.2601633E-02 -1.1645860E-02 -1.0539879E-02 -9.2790229E-03 -7.8596445E-03 -6.2805600E-03 -4.5424141E-03 -2.6497322E-03 -6.0177123E-04 1.5926576E-03 3.9191740E-03 6.3676429E-03 8.9233089E-03 1.1569752E-02 1.4287984E-02 1.7057884E-02 1.9857433E-02 2.2663906E-02 2.5453568E-02 2.8202543E-02 3.0886855E-02 3.3483233E-02 3.5969045E-02 3.8323019E-02 4.0525328E-02 4.2558163E-02 4.4405777E-02 4.6054941E-02 4.7494940E-02 4.8717771E-02 4.9718179E-02 5.0493620E-02 5.1044196E-02 5.1372487E-02 5.1483490E-02 5.1384151E-02 5.1083438E-02 5.0591663E-02 4.9920525E-02 4.9082443E-02 4.8090730E-02 4.6958741E-02 4.5700338E-02 4.4328652E-02 4.2856902E-02 4.1296754E-02 3.9664328E-02 3.7969045E-02 3.6215372E-02 3.4418780E-02 3.2587264E-02 3.0728469E-02 2.8849088E-02 2.6955711E-02
-1.6719436E-02 -1.6181851E-02 -1.5500952E-02 -1.4666713E-02 -1.3669566E-02 -1.2501681E-02 -1.1156277E-02 -9.6289758E-03 -7.9167578E-03 -6.0191583E-03 -3.9364807E-03 -1.6802078E-03 7.4308773E-04 3.3272475E-03 6.0559190E-03 8.9125065E-03 1.1877307E-02 1.4929035E-02 1.8043870E-02 2.1196691E-02 2.4360681E-02 2.7508484E-02 3.0611992E-02 3.3643454E-02 3.6575463E-02 3.9381780E-02 4.2037394E-02 4.4519342E-02 4.6806797E-02 4.8881579E-02 5.0728355E-02 5.2334923E-02 5.3692237E-02 5.4794550E-02 5.5639405E-02 5.6227390E-02 5.6562178E-02 5.6650072E-02 5.6499962E-02 5.6122720E-02 5.5531144E-02 5.4739185E-02 5.3762048E-02 5.2615270E-02 5.1315095E-02 4.9877357E-02 4.8318233E-02 4.6652783E-02 4.4896528E-02 4.3058641E-02 4.1153818E-02 3.9200149E-02 3.7201881E-02 3.5169475E-02 3.3111773E-02 3.1036729E-02 2.8950671E-02
-1.9078279E-02 -1.8561559E-02 -1.7884718E-02 -1.7034985E-02 -1.6000967E-02 -1.4772180E-02 -1.3340428E-02 -1.1699004E-02 -9.8443972E-03 -7.7756410E-03 -5.4967036E-03 -3.0063849E-03 -3.1489762E-04 2.5605494E-03 5.6066914E-03 8.8044079E-03 1.2131968E-02 1.5564099E-02 1.9073717E-02 2.2631126E-02 2.6205443E-02 2.9764391E-02 3.3275437E-02 3.6705829E-02 4.0023722E-02 4.3198183E-02 4.6200130E-02 4.9002573E-02 5.1581338E-02 5.3915184E-02 5.5986445E-02 5.7781056E-02 5.9288837E-02 6.0503542E-02 6.1422791E-02 6.2047962E-02 6.2383942E-02 6.2438942E-02 6.2223952E-02 6.1752565E-02 6.1040219E-02 6.0104076E-02 5.8962148E-02 5.7633374E-02 5.6136534E-02 5.4490812E-02 5.2714232E-02 5.0824571E-02 4.8837535E-02 4.6773277E-02 4.4644199E-02 4.2456791E-02 4.0229376E-02 3.7971672E-02 3.5692673E-02 3.3400036E-02 3.1101082E-02
-2.1750316E-02 -2.1268167E-02 -2.0606807E-02 -1.9751076E-02 -1.8686311E-02 -1.7399874E-02 -1.5880518E-02 -1.4120035E-02 -1.2112246E-02 -9.8544722E-03 -7.3456294E-03 -4.5977971E-03 -1.6186445E-03 1.5835685E-03 4.9884254E-03 8.5743032E-03 1.2315212E-02 1.6182596E-02 2.0144371E-02 2.4166407E-02 2.8212219E-02 3.2244403E-02 3.6224544E-02 4.0114533E-02 4.3876760E-02 4.7475141E-02 5.0875399E-02 5.4046053E-02 5.6958687E-02 5.9588615E-02 6.1915264E-02 6.3922495E-02 6.5598771E-02 6.6937290E-02 6.7935906E-02 6.8596944E-02 6.8927005E-02 6.8936460E-02 6.8639196E-02 6.8051852E-02 6.7193523E-02 6.6084802E-02 6.4747676E-02 6.3204452E-02 6.1477941E-02 5.9590198E-02 5.7563264E-02 5.5417489E-02 5.3173229E-02 5.0843343E-02 4.8446253E-02 4.6003651E-02 4.3521546E-02 4.1012380E-02 3.8486376E-02 3.5952505E-02 3.3417668E-02
-2.4776634E-02 -2.4345804E-02 -2.3715094E-02 -2.2865452E-02 -2.1779289E-02 -2.0440103E-02 -1.8834172E-02 -1.6949836E-02 -1.4779598E-02 -1.2319576E-02 -9.5722442E-03 -6.5353410E-03 -3.2204497E-03 3.5178673E-04 4.1640336E-03 8.1913434E-03 1.2404753E-02 1.6770370E-02 2.1251447E-02 2.5807599E-02 3.0396564E-02 3.4974139E-02 3.9495599E-02 4.3915879E-02 4.8191022E-02 5.2278385E-02 5.6137890E-02 5.9732348E-02 6.3028559E-02 6.5997534E-02 6.8615362E-02 7.0863381E-02 7.2728507E-02 7.4203335E-02 7.5286083E-02 7.5980358E-02 7.6294824E-02 7.6242797E-02 7.5841479E-02 7.5111628E-02 7.4076429E-02 7.2761171E-02 7.1192078E-02 6.9396280E-02 6.7400411E-02 6.5231092E-02 6.2913127E-02 6.0470466E-02 5.7924166E-02 5.5299666E-02 5.2613020E-02 4.9873192E-02 4.7101878E-02 4.4310637E-02 4.1509766E-02 3.8707756E-02 3.5912402E-02
-2.8203050E-02 -2.7844837E-02 -2.7263513E-02 -2.6436333E-02 -2.5340986E-02 -2.3957435E-02 -2.2267422E-02 -2.0256570E-02 -1.7913412E-02 -1.5231350E-02 -1.2206586E-02 -8.8513074E-03 -5.1741228E-03 -1.1857512E-03 3.0881171E-03 7.6191211E-03 1.2372696E-02 1.7310232E-02 2.2388181E-02 2.7559843E-02 3.2775223E-02 3.7982836E-02 4.3129791E-02 4.8163369E-02 5.3031545E-02 5.7684328E-02 6.2074266E-02 6.6157728E-02 6.9895484E-02 7.3253609E-02 7.6204069E-02 7.8725256E-02 8.0802262E-02 8.2427032E-02 8.3598308E-02 8.4321357E-02 8.4607549E-02 8.4473699E-02 8.3941489E-02 8.3036348E-02 8.1786968E-02 8.0223881E-02 7.8379117E-02 7.6284841E-02 7.3973283E-02 7.1475334E-02 6.8821080E-02 6.6038065E-02 6.3153036E-02 6.0183637E-02 5.7152897E-02 5.4086886E-02 5.0993498E-02 4.7887258E-02 4.4779696E-02 4.1680533E-02 3.8596842E-02
-3.2081045E-02 -3.1821351E-02 -3.1313565E-02 -3.0529402E-02 -2.9441930E-02 -2.8025430E-02 -2.6257494E-02 -2.4118513E-02 -2.1594372E-02 -1.8676059E-02 -1.5363010E-02 -1.1650811E-02 -7.5522489E-03 -3.0920084E-03 1.7072861E-03 6.8127881E-03 1.2185623E-02 1.7779972E-02 2.3545606E-02 2.9427230E-02 3.5366654E-02 4.1302949E-02 4.7174234E-02 5.2918110E-02 5.8473501E-02 6.3781157E-02 6.8785228E-02 7.3434010E-02 7.7681303E-02 8.1487037E-02 8.4818363E-02 8.7650061E-02 8.9965053E-02 9.1754638E-02 9.3018249E-02 9.3763322E-02 9.4004571E-02 9.3763411E-02 9.3066774E-02 9.1946371E-02 9.0437181E-02 8.8576712E-02 8.6403444E-02 8.3956435E-02 8.1273623E-02 7.8392126E-02 7.5346164E-02 7.2168067E-02 6.8885930E-02 6.5531865E-02 6.2126491E-02 5.8681693E-02 5.5222854E-02 5.1763352E-02 4.8314579E-02 4.4885401E-02 4.1483585E-02
-3.6467504E-02 -3.6338657E-02 -3.5934012E-02 -3.5219692E-02 -3.4161892E-02 -3.2729216E-02 -3.0892454E-02 -2.8627282E-02 -2.5913626E-02 -2.2738099E-02 -1.9092070E-02 -1.4986758E-02 -1.0431285E-02 -5.4392088E-03 -4.3082400E-05 5.7195751E-03 1.1802410E-02 1.8152833E-02 2.4711289E-02 3.1413492E-02 3.8190566E-02 4.4971265E-02 5.1682316E-02 5.8250491E-02 6.4603366E-02 7.0671119E-02 7.6387480E-02 8.1691340E-02 8.6527854E-02 9.0849705E-02 9.4618052E-02 9.7803444E-02 0.1003862 0.1023567 0.1037156 0.1044729 0.1046477 0.1042670 0.1033647 0.1019797 0.1001555 9.7937398E-02 9.5372595E-02 9.2507593E-02 8.9388326E-02 8.6058028E-02 8.2558043E-02 7.8925572E-02 7.5195797E-02 7.1392365E-02 6.7543991E-02 6.3681774E-02 5.9815470E-02 5.5961512E-02 5.2132331E-02 4.8337825E-02 4.4584449E-02
-4.1425683E-02 -4.1466724E-02 -4.1202579E-02 -4.0591378E-02 -3.9592218E-02 -3.8165245E-02 -3.6274470E-02 -3.3887643E-02 -3.0979747E-02 -2.7533080E-02 -2.3541391E-02 -1.8996211E-02 -1.3911002E-02 -8.3152438E-03 -2.2385533E-03 4.2754547E-03 1.1174185E-02 1.8395184E-02 2.5869394E-02 3.3520643E-02 4.1268475E-02 4.9028553E-02 5.6714915E-02 6.4240783E-02 7.1520850E-02 7.8472212E-02 8.5016467E-02 9.1080882E-02 9.6600421E-02 0.1015187 0.1057899 0.1093790 0.1122634 0.1144326 0.1158884 0.1166445 0.1167252 0.1161648 0.1150054 0.1132957 0.1110888 0.1084407 0.1054081 0.1020478 9.8413870E-02 9.4558418E-02 9.0528622E-02 8.6368158E-02 8.2114302E-02 7.7807508E-02 7.3473856E-02 6.9128312E-02 6.4800166E-02 6.0504198E-02 5.6252211E-02 5.2052610E-02 4.7912069E-02
-4.7024544E-02 -4.7283489E-02 -4.7205187E-02 -4.6739466E-02 -4.5835298E-02 -4.4443995E-02 -4.2519268E-02 -4.0020965E-02 -3.6914974E-02 -3.3176541E-02 -2.8788630E-02 -2.3759471E-02 -1.8097844E-02 -1.1820639E-02 -4.9694791E-03 2.4055771E-03 1.0241749E-02 1.8466951E-02 2.6999176E-02 3.5749629E-02 4.4623036E-02 5.3520571E-02 6.2340479E-02 7.0980683E-02 7.9339966E-02 8.7320343E-02 9.4828390E-02 0.1017778 0.1080907 0.1137002 0.1185512 0.1226025 0.1258275 0.1282147 0.1297675 0.1305040 0.1304555 0.1296649 0.1281854 0.1260770 0.1234055 0.1202394 0.1166480 0.1126993 0.1084588 0.1039874 9.9342041E-02 9.4572797E-02 8.9725778E-02 8.4832132E-02 7.9927117E-02 7.5047478E-02 7.0204221E-02 6.5415092E-02 6.0692478E-02 5.6045223E-02 5.1477853E-02
-5.3339567E-02 -5.3873762E-02 -5.4037467E-02 -5.3769045E-02 -5.3006720E-02 -5.1689103E-02 -4.9759109E-02 -4.7164403E-02 -4.3862350E-02 -3.9820753E-02 -3.5023198E-02 -2.9454013E-02 -2.3126317E-02 -1.6075321E-02 -8.3400812E-03 2.0972222E-05 8.9359879E-03 1.8319288E-02 2.8075388E-02 3.8099051E-02 4.8278857E-02 5.8497861E-02 6.8636626E-02 7.8574285E-02 8.8191420E-02 9.7371481E-02 0.1060036 0.1139845 0.1212213 0.1276335 0.1331552 0.1377371 0.1413478 0.1439742 0.1456220 0.1463148 0.1460925 0.1450094 0.1431315 0.1405341 0.1372982 0.1335080 0.1292478 0.1246001 0.1196429 0.1144493 0.1090846 0.1036073 9.8066866E-02 9.2513703E-02 8.6980104E-02 8.1483789E-02 7.6057673E-02 7.0716813E-02 6.5472052E-02 6.0329657E-02 5.5293504E-02
-6.0451351E-02 -6.1330270E-02 -6.1803382E-02 -6.1796825E-02 -6.1233994E-02 -6.0039852E-02 -5.8141641E-02 -5.5474296E-02 -5.1981043E-02 -4.7618482E-02 -4.2355280E-02 -3.6193307E-02 -2.9139511E-02 -2.1214660E-02 -1.2472511E-02 -2.9806979E-03 7.1750432E-03 1.7895164E-02 2.9066378E-02 4.0565729E-02 5.2261438E-02 6.4016536E-02 7.5689904E-02 8.7139361E-02 9.8223351E-02 0.1088039 0.1187486 0.1279342 0.1362489 0.1435959 0.1498956 0.1550886 0.1591373 0.1620267 0.1637651 0.1643830 0.1639310 0.1624775 0.1601056 0.1569086 0.1529870 0.1484442 0.1433834 0.1379041 0.1321004 0.1260584 0.1198561 0.1135612 0.1072334 0.1009129 9.4642200E-02 8.8463470E-02 8.2387701E-02 7.6432392E-02 7.0607908E-02 6.4919941E-02 5.9368771E-02
-6.8445943E-02 -6.9751516E-02 -7.0615880E-02 -7.0948876E-02 -7.0657805E-02 -6.9648720E-02 -6.7831881E-02 -6.5123528E-02 -6.1452739E-02 -5.6763645E-02 -5.1022701E-02 -4.4201907E-02 -3.6312208E-02 -2.7395831E-02 -1.7504634E-02 -6.7178742E-03 4.8655551E-03 1.7127253E-02 2.9934976E-02 4.3143224E-02 5.6597941E-02 7.0137575E-02 8.3596729E-02 9.6807525E-02 0.1096030 0.1218192 0.1332985 0.1438929 0.1534681 0.1619064 0.1691115 0.1750109 0.1795590 0.1827382 0.1845600 0.1850631 0.1843118 0.1823924 0.1794087 0.1754775 0.1707229 0.1652728 0.1592527 0.1527838 0.1459786 0.1389400 0.1317582 0.1245118 0.1172650 0.1100804 0.1029965 9.6032359E-02 8.9223318E-02 8.2582377E-02 7.6116666E-02 6.9827467E-02 6.3712902E-02
-7.7411950E-02 -7.9241455E-02 -8.0593720E-02 -8.1360780E-02 -8.1428483E-02 -8.0681987E-02 -7.9008058E-02 -7.6302581E-02 -7.2473072E-02 -6.7446046E-02 -6.1166823E-02 -5.3625725E-02 -4.4825163E-02 -3.4790494E-02 -2.3592060E-02 -1.1322095E-02 1.9012135E-03 1.5939882E-02 3.0637143E-02 4.5823060E-02 6.1316058E-02 7.6927461E-02 9.2462629E-02 0.1077247 0.1225164 0.1366436 0.1499180 0.1621622 0.1732136 0.1829294 0.1911914 0.1979107 0.2030309 0.2065311 0.2084259 0.2087645 0.2076282 0.2051254 0.2013865 0.1965570 0.1907914 0.1842468 0.1770776 0.1694302 0.1614405 0.1532300 0.1449063 0.1365598 0.1282677 0.1200800 0.1120462 0.1042131 9.6588448E-02 8.9186288E-02 8.2011417E-02 7.5062595E-02 6.8332076E-02
-8.7439805E-02 -8.9905947E-02 -9.1860630E-02 -9.3173005E-02 -9.3705036E-02 -9.3314089E-02 -9.1860771E-02 -8.9212835E-02 -8.5255109E-02 -7.9894356E-02 -7.3069245E-02 -6.4731777E-02 -5.4887854E-02 -4.3588243E-02 -3.0902330E-02 -1.6938487E-02 -1.8336752E-03 1.4248176E-02 3.1123985E-02 4.8593372E-02 6.6444695E-02 8.4456600E-02 0.1024021 0.1200500 0.1371684 0.1535270 0.1689018 0.1830793 0.1958624 0.2070765 0.2165763 0.2242512 0.2300310 0.2338890 0.2358437 0.2359569 0.2343307 0.2311018 0.2264333 0.2205072 0.2135155 0.2056522 0.1971061 0.1880557 0.1786637 0.1690757 0.1594159 0.1497895 0.1402791 0.1309608 0.1218782 0.1130488 0.1045068 9.6258789E-02 8.8303231E-02 8.0631383E-02 7.3230952E-02
-9.8617591E-02 -0.1018508 -0.1045398 -0.1065285 -0.1076479 -0.1077243 -0.1065835 -0.1040621 -0.1000127 -9.4315812E-02 -8.6880371E-02 -7.7677466E-02 -6.6701248E-02 -5.3981926E-02 -3.9612118E-02 -2.3718011E-02 -6.4627617E-03 1.1962507E-02 3.1341519E-02 5.1440842E-02 7.2012477E-02 9.2799298E-02 0.1135362 0.1339537 0.1537792 0.1727411 0.1905721 0.2070155 0.2218320 0.2348072 0.2457609 0.2545547 0.2610997 0.2653609 0.2673603 0.2671748 0.2649327 0.2608052 0.2549971 0.2477358 0.2392600 0.2298092 0.2196151 0.2088942 0.1978433 0.1866345 0.1754162 0.1643090 0.1534116 0.1427841 0.1324815 0.1225517 0.1129935 0.1038110 9.4997138E-02 8.6537242E-02 7.8409463E-02
-0.1110278 -0.1151749 -0.1187494 -0.1215632 -0.1234127 -0.1240839 -0.1233635 -0.1210471 -0.1169539 -0.1109352 -0.1028885 -9.2735671E-02 -8.0473214E-02 -6.6161387E-02 -4.9891602E-02 -3.1811047E-02 -1.2108113E-02 8.9912741E-03 3.1235365E-02 5.4350264E-02 7.8048490E-02 0.1020308 0.1259902 0.1496129 0.1725807 0.1945732 0.2152728 0.2343706 0.2515754 0.2666233 0.2792896 0.2893995 0.2968387 0.3015603 0.3035888 0.3030193 0.3000115 0.2947802 0.2875819 0.2787009 0.2684334 0.2570755 0.2449109 0.2322033 0.2191890 0.2060746 0.1930323 0.1802027 0.1676911 0.1555884 0.1439399 0.1327546 0.1220594 0.1118454 0.1020936 9.2776760E-02 8.3864562E-02
-0.1247411 -0.1299661 -0.1345935 -0.1383995 -0.1411363 -0.1425444 -0.1423606 -0.1403358 -0.1362454 -0.1299053 -0.1211751 -0.1099990 -9.6357033E-02 -8.0281220E-02 -6.1889347E-02 -4.1349176E-02 -1.8882042E-02 5.2505871E-03 3.0753065E-02 5.7307865E-02 8.4580272E-02 0.1122253 0.1398879 0.1672053 0.1938069 0.2193172 0.2433589 0.2655613 0.2855695 0.3030581 0.3177456 0.3294100 0.3379023 0.3431582 0.3452032 0.3441530 0.3402059 0.3336304 0.3247477 0.3139114 0.3014899 0.2878476 0.2733324 0.2582641 0.2429290 0.2275726 0.2124013 0.1975777 0.1832274 0.1694201 0.1562125 0.1436469 0.1317004 0.1203561 0.1095828 9.9341460E-02 8.9586370E-02
-0.1398115 -0.1462912 -0.1521541 -0.1571307 -0.1609233 -0.1632140 -0.1636843 -0.1620296 -0.1579834 -0.1513286 -0.1419150 -0.1296270 -0.1144452 -9.6432820E-02 -7.5697467E-02 -5.2426137E-02 -2.6867840E-02 6.7247311E-04 2.9852690E-02 6.0302068E-02 9.1634527E-02 0.1234515 0.1553457 0.1868990 0.2176832 0.2472589 0.2751808 0.3010038 0.3242968 0.3446576 0.3617330 0.3752392 0.3849810 0.3908684 0.3929252 0.3912901 0.3862078 0.3780130 0.3671055 0.3539260 0.3389291 0.3225632 0.3052522 0.2873855 0.2693074 0.2513146 0.2336497 0.2165044 0.2000147 0.1842883 0.1693658 0.1552347 0.1419006 0.1293220 0.1174462 0.1062124 9.5560096E-02
-0.1562681 -0.1641899 -0.1714774 -0.1778094 -0.1828231 -0.1861337 -0.1873526 -0.1861191 -0.1821198 -0.1751096 -0.1649079 -0.1514383 -0.1346573 -0.1145757 -9.1312565E-02 -6.5061405E-02 -3.6101207E-02 -4.7781505E-03 2.8508250E-02 6.3328475E-02 9.9234030E-02 0.1357678 0.1724625 0.2088404 0.2444081 0.2786559 0.3110591 0.3410867 0.3682151 0.3919483 0.4118426 0.4275347 0.4387680 0.4454157 0.4474948 0.4451691 0.4387392 0.4286191 0.4153061 0.3993444 0.3812936 0.3617005 0.3410811 0.3199051 0.2985908 0.2774948 0.2569129 0.2370725 0.2181405 0.2001980 0.1832966 0.1674587 0.1526159 0.1387054 0.1256485 0.1133623 0.1017614
-0.1741095 -0.1836624 -0.1925651 -0.2004279 -0.2068105 -0.2112399 -0.2132487 -0.2124109 -0.2083851 -0.2009281 -0.1898950 -0.1751617 -0.1566805 -0.1344650 -0.1085683 -7.9163656E-02 -4.6539728E-02 -1.1090585E-02 2.6720997E-02 6.6390291E-02 0.1073973 0.1492143 0.1913090 0.2331363 0.2741328 0.3137098 0.3512537 0.3861332 0.4177157 0.4453909 0.4686036 0.4868886 0.4999086 0.5074854 0.5096222 0.5065097 0.4985130 0.4861434 0.4700133 0.4507919 0.4291600 0.4057795 0.3812699 0.3561985 0.3310694 0.3063201 0.2823083 0.2593136 0.2375271 0.2170854 0.1980170 0.1802622 0.1637741 0.1484401 0.1341387 0.1207486 0.1081595
-0.1932951 -0.2046649 -0.2153597 -0.2249071 -0.2327605 -0.2383365 -0.2410617 -0.2404477 -0.2361455 -0.2279743 -0.2158647 -0.1998218 -0.1797557 -0.1555197 -0.1270646 -9.4477959E-02 -5.8039907E-02 -1.8189535E-02 2.4524041E-02 6.9502980E-02 0.1161336 0.1638068 0.2119133 0.2598363 0.3069349 0.3525348 0.3959230 0.4363544 0.4730688 0.5053201 0.5324161 0.5537649 0.5689245 0.5776476 0.5799137 0.5759406 0.5661697 0.5512262 0.5318611 0.5088867 0.4831223 0.4553539 0.4263171 0.3966866 0.3670748 0.3380171 0.3099659 0.2832729 0.2581941 0.2348474 0.2132817 0.1934724 0.1752446 0.1584267 0.1428388 0.1283163 0.1147115
-0.2137440 -0.2270999 -0.2397421 -0.2510837 -0.2604393 -0.2670637 -0.2702422 -0.2694031 -0.2642505 -0.2548095 -0.2413278 -0.2239318 -0.2025039 -0.1766860 -0.1460754 -0.1105507 -7.0333324E-02 -2.5930861E-02 2.1988550E-02 7.2690159E-02 0.1254404 0.1795249 0.2342481 0.2889110 0.3427914 0.3951216 0.4450805 0.4917949 0.5343596 0.5718689 0.6034673 0.6284073 0.6461156 0.6562541 0.6587667 0.6538985 0.6421788 0.6243685 0.6013784 0.5741846 0.5437524 0.5109968 0.4767667 0.4418551 0.4069967 0.3728596 0.3400127 0.3089170 0.2799069 0.2532290 0.2289322 0.2068632 0.1868241 0.1685116 0.1516453 0.1359917 0.1213690
-0.2353290 -0.2508194 -0.2655270 -0.2787177 -0.2895037 -0.2969075 -0.2999782 -0.2980129 -0.2908123 -0.2788678 -0.2631439 -0.2444408 -0.2225201 -0.1962472 -0.1644971 -0.1267124 -8.3038136E-02 -3.4104031E-02 1.9214012E-02 7.5982176E-02 0.1352945 0.1963061 0.2582150 0.3202342 0.3815520 0.4413032 0.4985493 0.5522777 0.6014196 0.6448882 0.6816364 0.7107319 0.7314408 0.7433109 0.7462366 0.7404912 0.7267061 0.7058010 0.6788730 0.6470757 0.6115242 0.5732460 0.5331897 0.4922564 0.4513252 0.4112201 0.3726704 0.3362747 0.3025376 0.2718148 0.2443144 0.2199388 0.1981700 0.1784757 0.1604176 0.1436898 0.1280733
