T6-multimodels/gx/model30.grd
DSAA
         100         100
  -15.00000       15.00000    
  -15.00000       15.00000    
  -2.003509       2.184445    
[rows 52 to 77 of 100, columns 0 to 56 of 100]
-0.5907338 -0.6409129 -0.6881413 -0.7296630 -0.7590525 -0.7702050 -0.7521470 -0.6943825 -0.5825702 -0.4157037 -0.2478317 -0.2240689 -0.3186730 -0.3899352 -0.4026055 -0.3601397 -0.2765978 -0.1611719 -2.3732986E-02 0.1304508 0.2956604 0.4692177 0.6476285 0.8291741 1.010992 1.191109 1.366285 1.533670 1.689303 1.829510 1.950007 2.047103 2.117374 2.158630 2.169975 2.152218 2.107882 2.040574 1.954776 1.854316 1.742715 1.621656 1.493201 1.358820 1.223030 1.089249 0.9614705 0.8347569 0.6958649 0.5239729 0.3951521 0.3644446 0.3503415 0.3268017 0.2967667 0.2660536 0.2350999
-0.5864290 -0.6362943 -0.6832237 -0.7244699 -0.7536201 -0.7645805 -0.7463917 -0.6885677 -0.5767817 -0.4100374 -0.2424055 -0.2189633 -0.3139810 -0.3857791 -0.3990885 -0.3573584 -0.2746368 -0.1601071 -2.3625465E-02 0.1295514 0.2937205 0.4662176 0.6435649 0.8240588 1.004854 1.183993 1.358253 1.524799 1.679686 1.819251 1.939225 2.035923 2.105927 2.147048 2.158389 2.140752 2.096650 2.029678 1.944304 1.844339 1.733289 1.612820 1.484978 1.351220 1.216050 1.082877 0.9556832 0.8295265 0.6911507 0.5197625 0.3914193 0.3611194 0.3473977 0.3242094 0.2944966 0.2640764 0.2333912
-0.5808239 -0.6302710 -0.6767978 -0.7176722 -0.7464957 -0.7571918 -0.7388170 -0.6809036 -0.5691373 -0.4025343 -0.2351607 -0.2121429 -0.3077435 -0.3802484 -0.3943998 -0.3536368 -0.2719975 -0.1586489 -2.3432449E-02 0.1284152 0.2912080 0.4623028 0.6382414 0.8173417 0.9967786 1.174618 1.347659 1.513087 1.666977 1.805688 1.924962 2.021130 2.090779 2.131723 2.143062 2.125591 2.081808 2.015294 1.930494 1.831200 1.720893 1.601217 1.474199 1.341276 1.206935 1.074570 0.9481577 0.8227436 0.6850747 0.5143228 0.3865570 0.3568202 0.3436055 0.3208761 0.2915796 0.2615393 0.2311995
-0.5738723 -0.6227828 -0.6687922 -0.7091843 -0.7375809 -0.7479263 -0.7293000 -0.6712551 -0.5594990 -0.3930666 -0.2260529 -0.2035484 -0.2998291 -0.3732131 -0.3884179 -0.3488712 -0.2685933 -0.1567342 -2.3112355E-02 0.1270562 0.2881108 0.4574316 0.6315867 0.8089191 0.9866319 1.162818 1.334304 1.498304 1.650921 1.788536 1.906915 2.002403 2.071598 2.112320 2.123663 2.106413 2.063051 1.997135 1.913084 1.814660 1.705315 1.586665 1.460708 1.328857 1.195577 1.064247 0.9388235 0.8143449 0.6775435 0.5076182 0.3806242 0.3515597 0.3389653 0.3168020 0.2880203 0.2584459 0.2285309
-0.5655203 -0.6137649 -0.6591258 -0.6989101 -0.7267631 -0.7366576 -0.7176991 -0.6594700 -0.5477009 -0.3814470 -0.2148048 -0.1929208 -0.2900643 -0.3645169 -0.3810047 -0.3429397 -0.2643257 -0.1542873 -2.2618987E-02 0.1254924 0.2844134 0.4515552 0.6235152 0.7986692 0.9742520 1.148392 1.317949 1.480175 1.631204 1.767452 1.884710 1.979348 2.047978 2.088425 2.099781 2.082817 2.039995 1.974841 1.891742 1.794422 1.686294 1.568937 1.444313 1.313805 1.181850 1.051804 0.9276097 0.8042910 0.6685794 0.4996378 0.3735331 0.3453128 0.3334748 0.3119922 0.2838237 0.2548048 0.2253921
-0.5557159 -0.6031482 -0.6477153 -0.6867486 -0.7139259 -0.7232511 -0.7038668 -0.6453871 -0.5335773 -0.3675204 -0.2013489 -0.1801767 -0.2782898 -0.3540022 -0.3720115 -0.3357139 -0.2590861 -0.1512274 -2.1899540E-02 0.1237423 0.2801002 0.4446189 0.6139328 0.7864543 0.9594578 1.131112 1.298320 1.458377 1.607462 1.742029 1.857909 1.951500 2.019435 2.059547 2.070925 2.054326 2.012182 1.947984 1.866075 1.770130 1.663515 1.547759 1.424783 1.295929 1.165600 1.037125 0.9144234 0.7925040 0.6580806 0.4903450 0.3653501 0.3380984 0.3271416 0.3064540 0.2790014 0.2506257 0.2217950
-0.5444080 -0.5908689 -0.6344788 -0.6726028 -0.6989541 -0.7075791 -0.6876608 -0.6288571 -0.5169672 -0.3511051 -0.1854096 -0.1650593 -0.2643355 -0.3415132 -0.3612980 -0.3270654 -0.2527688 -0.1474719 -2.0901952E-02 0.1218263 0.2751532 0.4365656 0.6027382 0.7721272 0.9420518 1.110730 1.275116 1.432557 1.579288 1.711815 1.826016 1.918328 1.985413 2.025117 2.036527 2.020380 1.979076 1.916059 1.835617 1.741365 1.636607 1.522814 1.401850 1.275009 1.146654 1.020078 0.8991756 0.7789373 0.6460734 0.4797360 0.3559928 0.3299021 0.3199750 0.3002039 0.2735686 0.2459260 0.2177537
-0.5315584 -0.5768729 -0.6193494 -0.6563896 -0.6817536 -0.6895356 -0.6689715 -0.6097650 -0.4977619 -0.3321110 -0.1669949 -0.1475576 -0.2481017 -0.3269409 -0.3487515 -0.3168913 -0.2452804 -0.1429484 -1.9577192E-02 0.1197614 0.2695559 0.4273381 0.5898312 0.7555391 0.9218344 1.086990 1.248022 1.402342 1.546251 1.676322 1.788492 1.879252 1.945300 1.984504 1.995950 1.980354 1.940075 1.878499 1.799844 1.707652 1.605150 1.493735 1.375206 1.250795 1.124814 1.000516 0.8817589 0.7635110 0.6324596 0.4677873 0.3455506 0.3207634 0.3120014 0.2932659 0.2675509 0.2407269 0.2132890
-0.5171429 -0.5611269 -0.6022813 -0.6380563 -0.6622650 -0.6690634 -0.6477467 -0.5880758 -0.4759374 -0.3105122 -0.1459857 -0.1275700 -0.2295661 -0.3102542 -0.3343296 -0.3051342 -0.2365637 -0.1376039 -1.7889963E-02 0.1175615 0.2632911 0.4168851 0.5751187 0.7365522 0.8986155 1.059647 1.216733 1.367362 1.507916 1.635051 1.744780 1.833664 1.898450 1.937037 1.948513 1.933571 1.894521 1.834677 1.758173 1.668458 1.568667 1.460109 1.344500 1.223001 1.099862 0.9782801 0.8620759 0.7461863 0.6172896 0.4545246 0.3339663 0.3106973 0.3032582 0.2856802 0.2609825 0.2350605 0.2084261
-0.5011635 -0.5436253 -0.5832669 -0.6175935 -0.6404891 -0.6461816 -0.6240407 -0.5638846 -0.4516439 -0.2865191 -0.1227201 -0.1054092 -0.2089144 -0.2915815 -0.3181029 -0.2918243 -0.2266162 -0.1314239 -1.5822845E-02 0.1152318 0.2563460 0.4051660 0.5585282 0.7150528 0.8722361 1.028488 1.180977 1.327281 1.463882 1.587533 1.694348 1.780972 1.844223 1.882041 1.893523 1.879335 1.841731 1.783937 1.709985 1.623210 1.526639 1.421475 1.309339 1.191307 1.071549 0.9531981 0.8400165 0.7269017 0.6004967 0.4399708 0.3213891 0.2997945 0.2938143 0.2775046 0.2539152 0.2289672 0.2031998
-0.4836518 -0.5244023 -0.5623436 -0.5950552 -0.6165066 -0.6210231 -0.5980592 -0.5375001 -0.4252944 -0.2606216 -9.7631104E-02 -8.1518568E-02 -0.1866190 -0.2712954 -0.3003339 -0.2771200 -0.2155246 -0.1244452 -1.3389719E-02 0.1127684 0.2487114 0.3921596 0.5400168 0.6909714 0.8425906 0.9933656 1.140555 1.281845 1.413827 1.533382 1.636741 1.720661 1.782049 1.818902 1.830336 1.816990 1.781048 1.725633 1.654653 1.571313 1.478509 1.377329 1.269283 1.155346 1.039597 0.9250786 0.8154854 0.7056546 0.5822009 0.4242327 0.3078363 0.2881456 0.2837709 0.2688280 0.2464171 0.2225025 0.1976509
-0.4646786 -0.5035363 -0.5396088 -0.5705683 -0.5905024 -0.5938624 -0.5702214 -0.5095296 -0.3977259 -0.2338814 -7.2012559E-02 -5.7149958E-02 -0.1636763 -0.2501600 -0.2815498 -0.2613596 -0.2034841 -0.1167732 -1.0637473E-02 0.1101546 0.2403884 0.3778718 0.5195886 0.6643010 0.8096552 0.9542286 1.095384 1.230923 1.357575 1.472361 1.571662 1.652371 1.711511 1.747155 1.758447 1.746000 1.711915 1.659197 1.591604 1.512191 1.423714 1.327130 1.223837 1.114697 1.003672 0.8937008 0.7883689 0.6824315 0.5624252 0.4074628 0.2936093 0.2759701 0.2732955 0.2597766 0.2385845 0.2157338 0.1918310
-0.4443539 -0.4811578 -0.5152205 -0.5443416 -0.5627681 -0.5651382 -0.5411943 -0.4809837 -0.3703683 -0.2081272 -4.7824439E-02 -3.4248736E-02 -0.1418287 -0.2294789 -0.2626326 -0.2450881 -0.1908158 -0.1085810 -7.6502101E-03 0.1073669 0.2313914 0.3623463 0.4973069 0.6351197 0.7735137 0.9111618 1.045537 1.174573 1.295152 1.404462 1.499059 1.576001 1.632455 1.666594 1.677603 1.666066 1.633992 1.584242 1.520404 1.445364 1.361728 1.270332 1.172461 1.068863 0.9633698 0.8587750 0.7585349 0.6572797 0.5414466 0.3899972 0.2789638 0.2635736 0.2626448 0.2505362 0.2305403 0.2087468 0.1857964
-0.4228317 -0.4574451 -0.4893973 -0.5166534 -0.5336913 -0.5354265 -0.5118921 -0.4533180 -0.3454608 -0.1864801 -2.8887298E-02 -1.6530324E-02 -0.1239917 -0.2112739 -0.2448426 -0.2290513 -0.1779396 -0.1000982 -4.5348657E-03 0.1043779 0.2217574 0.3456713 0.4733081 0.6036060 0.7343847 0.8644156 0.9912917 1.113091 1.226862 1.329986 1.419218 1.491814 1.545112 1.577409 1.587944 1.577274 1.547299 1.500709 1.440897 1.370566 1.292174 1.206455 1.114610 1.017285 0.9181648 0.8198754 0.7257089 0.6301573 0.5194644 0.3723813 0.2646900 0.2515749 0.2522392 0.2413651 0.2224424 0.2016351 0.1796108
-0.4003028 -0.4326226 -0.4624023 -0.4878308 -0.5037027 -0.5053629 -0.4833465 -0.4283370 -0.3261205 -0.1737980 -2.1277461E-02 -9.9100173E-03 -0.1146434 -0.1982938 -0.2297108 -0.2140714 -0.1653046 -9.1563165E-02 -1.4039223E-03 0.1011716 0.2115496 0.3279879 0.4478078 0.5700516 0.6926334 0.8144296 0.9331572 1.047048 1.153336 1.249609 1.332848 1.400536 1.450209 1.480312 1.490150 1.480249 1.452384 1.409043 1.353396 1.287943 1.215010 1.135265 1.049878 0.9594182 0.8674210 0.7763141 0.6892657 0.6007310 0.4968384 0.3556673 0.2520389 0.2410535 0.2427367 0.2326086 0.2144636 0.1944961 0.1733305
-0.3769939 -0.4069448 -0.4345308 -0.4582055 -0.4732044 -0.4754741 -0.4564143 -0.4077018 -0.3158917 -0.1770212 -3.5375450E-02 -2.4267660E-02 -0.1198980 -0.1935275 -0.2185791 -0.2007921 -0.1532442 -8.3165646E-02 1.6608043E-03 9.7751521E-02 0.2008676 0.3094887 0.4211038 0.5348587 0.6487769 0.7618337 0.8718826 0.9773098 1.075549 1.164409 1.241121 1.303411 1.349043 1.376625 1.385541 1.376282 1.350472 1.310373 1.258893 1.198316 1.130840 1.057118 0.9783440 0.8950559 0.8105904 0.7271398 0.6478205 0.5675200 0.4729948 0.3415443 0.2440655 0.2341230 0.2350970 0.2246342 0.2067584 0.1873988 0.1670037
-0.3531651 -0.3806781 -0.4060954 -0.4280698 -0.4424973 -0.4459814 -0.4313300 -0.3918659 -0.3167113 -0.2026601 -8.4597290E-02 -7.1918175E-02 -0.1449382 -0.1983841 -0.2116897 -0.1893084 -0.1418122 -7.4991308E-02 4.6393601E-03 9.4143532E-02 0.1898526 0.2904073 0.3935708 0.4985237 0.6034697 0.7074252 0.8084361 0.9050010 0.9948002 1.075841 1.145646 1.202180 1.243465 1.268276 1.276090 1.267353 1.243522 1.206608 1.159214 1.103410 1.041236 0.9734089 0.9011396 0.8250104 0.7479661 0.6718928 0.5996469 0.5273325 0.4446985 0.3318108 0.2464804 0.2339055 0.2302064 0.2176067 0.1993870 0.1803444 0.1606670
-0.3291040 -0.3540863 -0.3774202 -0.3976520 -0.4117561 -0.4166973 -0.4073947 -0.3789070 -0.3250326 -0.2460185 -0.1669519 -0.1502535 -0.1849561 -0.2096323 -0.2072822 -0.1789295 -0.1307100 -6.7006640E-02 7.5826887E-03 9.0392269E-02 0.1786828 0.2710056 0.3656425 0.4616086 0.5574675 0.6521237 0.7439492 0.8314428 0.9126328 0.9856474 1.048373 1.098970 1.135763 1.157680 1.164295 1.156024 1.134110 1.100354 1.056960 1.005870 0.9488393 0.8868212 0.8208660 0.7518296 0.6818486 0.6126622 0.5460733 0.4800428 0.4089376 0.3252049 0.2615087 0.2403440 0.2274783 0.2111232 0.1922461 0.1732391 0.1543508
-0.3050315 -0.3275155 -0.3487366 -0.3672479 -0.3809557 -0.3873050 -0.3830921 -0.3651296 -0.3312212 -0.2841957 -0.2391832 -0.2192736 -0.2206641 -0.2191029 -0.2022175 -0.1682602 -0.1195461 -5.8996607E-02 1.0490953E-02 8.6630948E-02 0.1674878 0.2516164 0.3377298 0.4247505 0.5115376 0.5969385 0.6796039 0.7580734 0.8306877 0.8957232 0.9514065 0.9961069 1.028440 1.047491 1.052930 1.045136 1.025157 0.9945643 0.9551965 0.9088359 0.8569997 0.8008143 0.7412385 0.6793168 0.6165245 0.5543821 0.4939308 0.4347996 0.3755682 0.3176185 0.2723646 0.2446293 0.2240187 0.2044002 0.1849475 0.1660715 0.1479476
-0.2811964 -0.3012771 -0.3203128 -0.3371194 -0.3501403 -0.3575038 -0.3571522 -0.3473274 -0.3275262 -0.3003163 -0.2726799 -0.2521496 -0.2374697 -0.2201440 -0.1937255 -0.1561204 -0.1079362 -5.0809585E-02 1.3390579E-02 8.2958095E-02 0.1564193 0.2325450 0.3102561 0.3885597 0.4664480 0.5428501 0.6165723 0.6862965 0.7505817 0.8079206 0.8568093 0.8958634 0.9239434 0.9403010 0.9446948 0.9374605 0.9194887 0.8921039 0.8568621 0.8153211 0.7688662 0.7186418 0.6656500 0.6109273 0.5556757 0.5011167 0.4482107 0.3974710 0.3494255 0.3057165 0.2693772 0.2410486 0.2176928 0.1967493 0.1772024 0.1587879 0.1414050
-0.2578826 -0.2756240 -0.2924772 -0.3075052 -0.3195440 -0.3272493 -0.3292724 -0.3245886 -0.3130718 -0.2961022 -0.2765161 -0.2566438 -0.2360287 -0.2117403 -0.1808787 -0.1421549 -9.5704272E-02 -4.2469919E-02 1.6315632E-02 7.9402052E-02 0.1456485 0.2140354 0.2836381 0.3535680 0.4229211 0.4907282 0.5559283 0.6173579 0.6737698 0.7238743 0.7664081 0.8002248 0.8244008 0.8383465 0.8418939 0.8353455 0.8194523 0.7953213 0.7642620 0.7276234 0.6866592 0.6424803 0.5960892 0.5484771 0.5006692 0.4536797 0.4083807 0.3654796 0.3256439 0.2897705 0.2585845 0.2318942 0.2087421 0.1880106 0.1689930 0.1513147 0.1347695
-0.2353291 -0.2508197 -0.2655272 -0.2787181 -0.2895043 -0.2969081 -0.2999787 -0.2980135 -0.2908128 -0.2788680 -0.2631438 -0.2444408 -0.2225204 -0.1962477 -0.1644976 -0.1267128 -8.3038330E-02 -3.4104150E-02 1.9213965E-02 7.5982243E-02 0.1352947 0.1963063 0.2582152 0.3202344 0.3815522 0.4413035 0.4985497 0.5522782 0.6014202 0.6448888 0.6816370 0.7107326 0.7314416 0.7433115 0.7462373 0.7404919 0.7267068 0.7058016 0.6788734 0.6470761 0.6115247 0.5732464 0.5331901 0.4922569 0.4513256 0.4112204 0.3726707 0.3362750 0.3025378 0.2718148 0.2443144 0.2199389 0.1981702 0.1784759 0.1604177 0.1436899 0.1280734
-0.2137441 -0.2271000 -0.2397423 -0.2510839 -0.2604397 -0.2670641 -0.2702427 -0.2694036 -0.2642510 -0.2548096 -0.2413277 -0.2239317 -0.2025041 -0.1766864 -0.1460757 -0.1105510 -7.0333481E-02 -2.5930896E-02 2.1988561E-02 7.2690241E-02 0.1254406 0.1795250 0.2342482 0.2889111 0.3427915 0.3951217 0.4450807 0.4917951 0.5343599 0.5718693 0.6034676 0.6284076 0.6461158 0.6562544 0.6587669 0.6538988 0.6421790 0.6243687 0.6013787 0.5741847 0.5437526 0.5109970 0.4767669 0.4418553 0.4069968 0.3728596 0.3400128 0.3089172 0.2799070 0.2532290 0.2289322 0.2068633 0.1868243 0.1685118 0.1516454 0.1359918 0.1213690
-0.1932952 -0.2046650 -0.2153599 -0.2249074 -0.2327610 -0.2383370 -0.2410622 -0.2404482 -0.2361459 -0.2279744 -0.2158646 -0.1998218 -0.1797560 -0.1555202 -0.1270650 -9.4478264E-02 -5.8040116E-02 -1.8189617E-02 2.4524076E-02 6.9503032E-02 0.1161337 0.1638069 0.2119135 0.2598364 0.3069350 0.3525349 0.3959232 0.4363546 0.4730691 0.5053204 0.5324165 0.5537653 0.5689249 0.5776479 0.5799142 0.5759410 0.5661701 0.5512265 0.5318613 0.5088869 0.4831225 0.4553542 0.4263174 0.3966869 0.3670750 0.3380172 0.3099660 0.2832731 0.2581941 0.2348474 0.2132817 0.1934724 0.1752448 0.1584270 0.1428389 0.1283165 0.1147116
-0.1741095 -0.1836625 -0.1925652 -0.2004282 -0.2068109 -0.2112404 -0.2132493 -0.2124114 -0.2083856 -0.2009282 -0.1898950 -0.1751617 -0.1566808 -0.1344654 -0.1085686 -7.9163983E-02 -4.6539877E-02 -1.1090643E-02 2.6721055E-02 6.6390373E-02 0.1073975 0.1492145 0.1913091 0.2331364 0.2741329 0.3137098 0.3512537 0.3861333 0.4177160 0.4453913 0.4686039 0.4868889 0.4999088 0.5074857 0.5096225 0.5065100 0.4985134 0.4861435 0.4700134 0.4507920 0.4291603 0.4057798 0.3812701 0.3561986 0.3310696 0.3063201 0.2823083 0.2593138 0.2375272 0.2170854 0.1980170 0.1802623 0.1637743 0.1484403 0.1341388 0.1207486 0.1081595
-0.1562682 -0.1641900 -0.1714776 -0.1778097 -0.1828235 -0.1861342 -0.1873530 -0.1861196 -0.1821202 -0.1751097 -0.1649079 -0.1514384 -0.1346576 -0.1145762 -9.1312952E-02 -6.5061688E-02 -3.6101382E-02 -4.7781854E-03 2.8508274E-02 6.3328534E-02 9.9234141E-02 0.1357679 0.1724626 0.2088405 0.2444081 0.2786559 0.3110592 0.3410869 0.3682154 0.3919486 0.4118429 0.4275350 0.4387684 0.4454160 0.4474951 0.4451694 0.4387394 0.4286193 0.4153063 0.3993446 0.3812939 0.3617008 0.3410814 0.3199053 0.2985910 0.2774950 0.2569130 0.2370726 0.2181406 0.2001980 0.1832966 0.1674588 0.1526161 0.1387056 0.1256487 0.1133624 0.1017614
