T6-multimodels/gx/model60.grd
DSAA
         100         100
  -15.00000       15.00000    
  -15.00000       15.00000    
  -1.967934       2.660909    
[rows 52 to 77 of 100, columns 0 to 57 of 100]
-0.7014443 -0.7618142 -0.8203496 -0.8744403 -0.9178069 -0.9445290 -0.9438180 -0.9054067 -0.8151854 -0.6724261 -0.5314575 -0.5377238 -0.6658044 -0.7743539 -0.8284600 -0.8319326 -0.7991173 -0.7394570 -0.6629248 -0.5747618 -0.4803837 -0.3818928 -0.2817593 -0.1802337 -7.8082994E-02 2.5399402E-02 0.1303777 0.2379894 0.3488908 0.4643440 0.5852180 0.7126538 0.8474616 0.9903446 1.141661 1.301166 1.468162 1.640712 1.816300 1.990492 2.158410 2.312853 2.447022 2.551886 2.620645 2.644428 2.619162 2.535240 2.376025 2.087471 1.758780 1.570256 1.448044 1.326361 1.202642 1.082709 0.9691238 0.8643457
-0.6964378 -0.7564142 -0.8145603 -0.8682750 -0.9112901 -0.9376941 -0.9367118 -0.8980843 -0.8077151 -0.6648851 -0.5239439 -0.5302960 -0.6585326 -0.7673378 -0.8217793 -0.8256612 -0.7933187 -0.7341883 -0.6582325 -0.5706856 -0.4769552 -0.3791380 -0.2796993 -0.1788868 -7.7465221E-02 2.5272416E-02 0.1294904 0.2363250 0.3464324 0.4610736 0.5811175 0.7077070 0.8416550 0.9836693 1.134116 1.292759 1.458915 1.630661 1.805496 1.979007 2.146333 2.300291 2.434097 2.538733 2.607403 2.631242 2.606170 2.522572 2.363785 2.075771 1.747728 1.559867 1.438358 1.317406 1.194421 1.075210 0.9623274 0.8582222
-0.6899358 -0.7493907 -0.8070192 -0.8602329 -0.9027766 -0.9287547 -0.9274054 -0.8884875 -0.7979134 -0.6549751 -0.5140159 -0.5204876 -0.6489727 -0.7581194 -0.8130061 -0.8174270 -0.7857098 -0.7272768 -0.6520806 -0.5653430 -0.4724625 -0.3755271 -0.2769965 -0.1771140 -7.6642588E-02 2.5125617E-02 0.1283538 0.2341772 0.3432498 0.4568314 0.5757905 0.7012709 0.8340888 0.9749581 1.124254 1.281753 1.446789 1.617458 1.791283 1.963876 2.130402 2.283702 2.417016 2.521341 2.589893 2.613809 2.589005 2.505852 2.347679 2.060396 1.733157 1.546220 1.425678 1.305707 1.183701 1.065452 0.9534986 0.8502823
-0.6818950 -0.7406886 -0.7976593 -0.8502329 -0.8921732 -0.9176029 -0.9157816 -0.8764843 -0.7856449 -0.6425711 -0.5016314 -0.5082401 -0.6369912 -0.7465627 -0.8020085 -0.8071106 -0.7761807 -0.7186271 -0.6443852 -0.5586633 -0.4668460 -0.3710120 -0.2736126 -0.1748870 -7.5595103E-02 2.4970435E-02 0.1269716 0.2315408 0.3393287 0.4515926 0.5691995 0.6932932 0.8246933 0.9641202 1.111960 1.268005 1.431610 1.600898 1.773421 1.944825 2.110310 2.262753 2.395421 2.499339 2.567737 2.591756 2.567305 2.484738 2.327343 2.041023 1.714911 1.529148 1.409837 1.291127 1.170376 1.053352 0.9425768 0.8404806
-0.6722665 -0.7302471 -0.7864041 -0.8381850 -0.8793736 -0.9041190 -0.9017038 -0.8619299 -0.7707506 -0.6274905 -0.4865170 -0.4932962 -0.6224139 -0.7325077 -0.7886391 -0.7945743 -0.7646090 -0.7081292 -0.6350522 -0.5505660 -0.4600399 -0.3655390 -0.2695059 -0.1721736 -7.4300386E-02 2.4820702E-02 0.1253485 0.2284110 0.3346541 0.4453303 0.5613030 0.6837155 0.8133890 0.9510515 1.097101 1.251349 1.413175 1.580734 1.751619 1.921520 2.085681 2.237027 2.368869 2.472263 2.540463 2.564616 2.540624 2.458816 2.302454 2.017367 1.692618 1.508373 1.390638 1.273511 1.154324 1.038817 0.9294933 0.8287691
-0.6610036 -0.7180035 -0.7731772 -0.8239942 -0.8642679 -0.8881752 -0.8850330 -0.8446703 -0.7530717 -0.6095855 -0.4686108 -0.4755774 -0.6050826 -0.7157943 -0.7727426 -0.7796760 -0.7508633 -0.6956686 -0.6239811 -0.5409669 -0.4519737 -0.3590515 -0.2646313 -0.1689402 -7.2734483E-02 2.4690967E-02 0.1234903 0.2247843 0.3292119 0.4380178 0.5520597 0.6724772 0.8000929 0.9356403 1.079531 1.231598 1.391251 1.556685 1.725542 1.893567 2.056070 2.206032 2.336825 2.439553 2.507499 2.531824 2.508417 2.427574 2.272497 1.988977 1.666023 1.483652 1.367857 1.252683 1.135412 1.021750 0.9141783 0.8150991
-0.6480617 -0.7039008 -0.7579042 -0.8075722 -0.8467503 -0.8696541 -0.8656364 -0.8245668 -0.7324579 -0.5886843 -0.4476466 -0.4548339 -0.5848335 -0.6962695 -0.7541758 -0.7622778 -0.7348202 -0.6811330 -0.6110755 -0.5297830 -0.4425796 -0.3514944 -0.2589461 -0.1651540 -7.0873812E-02 2.4596626E-02 0.1214038 0.2206594 0.3229907 0.4296318 0.5414306 0.6595206 0.7847221 0.9177737 1.059100 1.208557 1.365590 1.528443 1.694816 1.860528 2.020965 2.169196 2.298667 2.400547 2.468168 2.492706 2.470041 2.390425 2.237003 1.955450 1.634661 1.454643 1.341252 1.228462 1.113505 1.002055 0.8965659 0.7994291
-0.6334096 -0.6878927 -0.7405273 -0.7888459 -0.8267372 -0.8484606 -0.8434170 -0.8015169 -0.7088137 -0.5647111 -0.4236463 -0.4310678 -0.5615776 -0.6738322 -0.7328304 -0.7422758 -0.7163765 -0.6644288 -0.5962512 -0.5169436 -0.4317978 -0.3428199 -0.2524117 -0.1607860 -6.8696424E-02 2.4552586E-02 0.1190981 0.2160378 0.3159841 0.4201553 0.5293853 0.6447963 0.7672036 0.8973473 1.035664 1.182034 1.335942 1.495688 1.659047 1.821924 1.979811 2.125882 2.253688 2.354493 2.421691 2.446491 2.424756 2.346685 2.195312 1.916226 1.598211 1.421064 1.310586 1.200672 1.088483 0.9796498 0.8766061 0.7817303
-0.6170321 -0.6699562 -0.7210110 -0.7677736 -0.8041814 -0.8245516 -0.8183377 -0.7755019 -0.6821323 -0.5376565 -0.3965081 -0.4041955 -0.5353102 -0.6484673 -0.7086771 -0.7196206 -0.6954771 -0.6454961 -0.5794522 -0.5023974 -0.4195858 -0.3329923 -0.2450007 -0.1558132 -6.6184908E-02 2.4572959E-02 0.1165830 0.2109258 0.3081929 0.4095816 0.5159059 0.6282716 0.7474826 0.8742767 1.009099 1.151856 1.302073 1.458114 1.617841 1.777270 1.932020 2.075406 2.201121 2.300554 2.367196 2.392304 2.371731 2.295600 2.146836 1.870828 1.556164 1.382565 1.275636 1.169163 1.060248 0.9544795 0.8542698 0.7619946
-0.5989400 -0.6500953 -0.6993586 -0.7443587 -0.7790984 -0.7979611 -0.7904695 -0.7466359 -0.6525841 -0.5077544 -0.3665952 -0.3745550 -0.5062428 -0.6203294 -0.6818117 -0.6943656 -0.6721373 -0.6243318 -0.5606628 -0.4861267 -0.4059253 -0.3219967 -0.2366990 -0.1502245 -6.3327819E-02 2.4668675E-02 0.1138707 0.2053351 0.2996278 0.3979183 0.5009938 0.6099364 0.7255321 0.8485100 0.9793200 1.117889 1.263787 1.415450 1.570838 1.726100 1.877013 2.017072 2.140159 2.237837 2.303734 2.329187 2.310046 2.236344 2.090816 1.818655 1.508224 1.338922 1.236240 1.133844 1.028758 0.9265310 0.8295670 0.7402437
-0.5791755 -0.6283560 -0.6756213 -0.7186700 -0.7515850 -0.7688408 -0.7600384 -0.7152492 -0.6206073 -0.4755212 -0.3343693 -0.3426213 -0.4748825 -0.5898275 -0.6525342 -0.6667072 -0.6464817 -0.6010073 -0.5399264 -0.4681562 -0.3908330 -0.3098432 -0.2275136 -0.1440215 -6.0122903E-02 2.4848001E-02 0.1109741 0.1992846 0.2903120 0.3851915 0.4846753 0.5898133 0.7013654 0.8200437 0.9462951 1.080064 1.220963 1.367502 1.517754 1.668022 1.814274 1.950233 2.070021 2.165439 2.230319 2.256123 2.238728 2.168058 2.026632 1.759277 1.453982 1.289934 1.192335 1.094716 0.9940447 0.8958561 0.8025553 0.7165387
-0.5578208 -0.6048294 -0.6499109 -0.6908506 -0.7218444 -0.7374859 -0.7274873 -0.6819765 -0.5870680 -0.4420517 -0.3011608 -0.3096878 -0.4422708 -0.5577748 -0.6214263 -0.6370413 -0.6187667 -0.5756919 -0.5173542 -0.4485651 -0.3743656 -0.2965743 -0.2174742 -0.1372236 -5.6577697E-02 2.5113754E-02 0.1079085 0.1928006 0.2802834 0.3714491 0.4670068 0.5679647 0.6750463 0.7889372 0.9100718 1.038404 1.173584 1.314198 1.458440 1.602785 1.743428 1.874363 1.990024 2.082524 2.145983 2.172077 2.156757 2.089851 1.953549 1.692242 1.393409 1.235680 1.144047 1.051928 0.9562591 0.8625893 0.7733557 0.6909863
-0.5349978 -0.5796599 -0.6224005 -0.6611270 -0.6901882 -0.7043577 -0.6935086 -0.6478567 -0.5534292 -0.4092125 -0.2689733 -0.2777479 -0.4102048 -0.5255377 -0.5894389 -0.6059917 -0.5894000 -0.5486535 -0.4931339 -0.4274881 -0.3566255 -0.2822671 -0.2066383 -0.1298688 -5.2712567E-02 2.5464676E-02 0.1046902 0.1859186 0.2695960 0.3567644 0.4480798 0.5444996 0.6466995 0.7553271 0.8707931 0.9930496 1.121778 1.255635 1.392942 1.530358 1.664335 1.789185 1.899714 1.988442 2.049886 2.076058 2.063110 2.000831 1.871062 1.617450 1.326577 1.176493 1.091790 1.005849 0.9156977 0.8269694 0.7421603 0.6637462
-0.5108733 -0.5530405 -0.5933256 -0.6297963 -0.6570259 -0.6700569 -0.6590453 -0.6143789 -0.5219688 -0.3801678 -0.2416773 -0.2505749 -0.3816663 -0.4952129 -0.5579194 -0.5744029 -0.5589149 -0.5202511 -0.4675187 -0.4051175 -0.3377601 -0.2670363 -0.1950904 -0.1220161 -4.8560467E-02 2.5892677E-02 0.1013373 0.1786821 0.2583209 0.3412361 0.4280233 0.5195773 0.6165165 0.7194371 0.8287141 0.9442847 1.065850 1.192131 1.321570 1.451021 1.577209 1.694801 1.799033 1.882913 1.941475 1.967236 1.956761 1.900022 1.778546 1.534988 1.254388 1.113422 1.036450 0.9571421 0.8728368 0.7893426 0.7092342 0.6350277
-0.4856518 -0.5252106 -0.5629672 -0.5972062 -0.6228113 -0.6352463 -0.6251599 -0.5833830 -0.4958438 -0.3598233 -0.2254033 -0.2341483 -0.3612081 -0.4696376 -0.5285015 -0.5432168 -0.5279001 -0.4908856 -0.4408100 -0.3816874 -0.3179577 -0.2510294 -0.1829434 -0.1137433 -4.4167019E-02 2.6384847E-02 9.7868688E-02 0.1711446 0.2465459 0.3249904 0.4070034 0.4934098 0.5847583 0.6815831 0.7842095 0.8925480 1.006305 1.124253 1.244950 1.365442 1.482733 1.591862 1.688528 1.766282 1.820767 1.845164 1.836754 1.786190 1.675309 1.445550 1.178637 1.048535 0.9795995 0.9068157 0.8283198 0.7501498 0.6749015 0.6050851
-0.4595745 -0.4964413 -0.5316389 -0.5637098 -0.5879713 -0.6004808 -0.5927421 -0.5565681 -0.4786439 -0.3551715 -0.2305943 -0.2384194 -0.3550290 -0.4518991 -0.5026442 -0.5132154 -0.4968528 -0.4609404 -0.4133185 -0.3574643 -0.2974361 -0.2344252 -0.1703320 -0.1051478 -3.9588451E-02 2.6921626E-02 9.4305798E-02 0.1633656 0.2343746 0.3081764 0.3852222 0.4662570 0.5517520 0.6421697 0.7377728 0.8384343 0.9438493 1.052836 1.164050 1.274727 1.382135 1.481697 1.569562 1.639839 1.688776 1.710293 1.702534 1.657558 1.559298 1.349883 1.103633 0.9859639 0.9236421 0.8561251 0.7828697 0.7098687 0.6395221 0.5741989
-0.4329154 -0.4670150 -0.4996727 -0.5296203 -0.5528323 -0.5660105 -0.5620610 -0.5344272 -0.4723527 -0.3727772 -0.2707307 -0.2757789 -0.3684027 -0.4435143 -0.4807183 -0.4846464 -0.4660101 -0.4307191 -0.3853259 -0.3327339 -0.2764265 -0.2174307 -0.1574040 -9.6346043E-02 -3.4886040E-02 2.7475739E-02 9.0672947E-02 0.1554090 0.2219251 0.2909620 0.3629109 0.4384190 0.5178804 0.6016774 0.6899964 0.7826762 0.8793712 0.9789615 1.080152 1.180408 1.277189 1.366365 1.444416 1.506093 1.548021 1.564903 1.555255 1.512878 1.426193 1.247737 1.037176 0.9318930 0.8710643 0.8060952 0.7370852 0.6689216 0.6034622 0.5426504
-0.4059767 -0.4372130 -0.4674112 -0.4951898 -0.5175943 -0.5316793 -0.5324520 -0.5150805 -0.4734715 -0.4080022 -0.3438884 -0.3437002 -0.3966151 -0.4413663 -0.4610981 -0.4569831 -0.4352681 -0.4004251 -0.3570639 -0.3077941 -0.2551599 -0.2002771 -0.1443106 -8.7472126E-02 -3.0120136E-02 2.8010482E-02 8.7001570E-02 0.1473379 0.2093285 0.2735248 0.3403244 0.4102216 0.4835668 0.5606389 0.6415473 0.7261066 0.8138906 0.9038928 0.9947820 1.084352 1.170112 1.248541 1.316209 1.368760 1.402749 1.413970 1.400218 1.357073 1.277015 1.138836 0.9833564 0.8876559 0.8216430 0.7567202 0.6912282 0.6276096 0.5670711 0.5107078
-0.3789941 -0.4073980 -0.4351060 -0.4607358 -0.4822589 -0.4971998 -0.5024351 -0.4948731 -0.4724150 -0.4380024 -0.4068793 -0.4022635 -0.4204765 -0.4374007 -0.4407844 -0.4289967 -0.4044380 -0.3700860 -0.3288273 -0.2828660 -0.2339351 -0.1831450 -0.1312574 -7.8621507E-02 -2.5391707E-02 2.8520603E-02 8.3294749E-02 0.1392411 0.1966996 0.2560643 0.3177141 0.3820111 0.4492488 0.5196118 0.5931310 0.6695943 0.7485080 0.8289598 0.9096128 0.9885544 1.063391 1.131155 1.188589 1.232139 1.258445 1.264271 1.247070 1.204195 1.132558 1.031894 0.9251800 0.8401335 0.7710927 0.7069669 0.6452018 0.5862219 0.5305961 0.4787137
-0.3522311 -0.3778978 -0.4030443 -0.4265423 -0.4468958 -0.4623013 -0.4707749 -0.4706400 -0.4614805 -0.4459599 -0.4311603 -0.4247199 -0.4254900 -0.4250808 -0.4171445 -0.3996729 -0.3733349 -0.3397913 -0.3008803 -0.2582020 -0.2130231 -0.1662370 -0.1184279 -6.9906466E-02 -2.0785082E-02 2.8986823E-02 7.9566948E-02 0.1311962 0.1841603 0.2387708 0.2953339 0.3541262 0.4153601 0.4791453 0.5454414 0.6139988 0.6842981 0.7554764 0.8262737 0.8949788 0.9594364 1.017078 1.065053 1.100389 1.120237 1.122098 1.104121 1.065329 1.006410 0.9320548 0.8535395 0.7813512 0.7164425 0.6561062 0.5990187 0.5450396 0.4943224 0.4469780
-0.3259852 -0.3489818 -0.3715726 -0.3928699 -0.4117636 -0.4269691 -0.4372021 -0.4415087 -0.4398383 -0.4336517 -0.4258694 -0.4189095 -0.4124022 -0.4035009 -0.3893811 -0.3688139 -0.3419705 -0.3097928 -0.2734607 -0.2341027 -0.1926455 -0.1497807 -0.1059654 -6.1459161E-02 -1.6356377E-02 2.9372016E-02 7.5849839E-02 0.1232628 0.1718376 0.2218148 0.2734289 0.3268799 0.3823068 0.4397505 0.4991145 0.5601146 0.6222283 0.6846400 0.7461954 0.8053739 0.8602933 0.9087642 0.9483975 0.9767766 0.9916738 0.9913201 0.9747038 0.9419742 0.8949674 0.8378940 0.7767346 0.7163944 0.6589857 0.6046184 0.5530939 0.5044012 0.4586129 0.4157608
-0.3005092 -0.3209291 -0.3410069 -0.3600520 -0.3772241 -0.3915969 -0.4022758 -0.4086178 -0.4104874 -0.4084435 -0.4035203 -0.3965884 -0.3874783 -0.3751180 -0.3584360 -0.3369125 -0.3107053 -0.2804216 -0.2468667 -0.2108396 -0.1730304 -0.1339670 -9.4014406E-02 -5.3385030E-02 -1.2166927E-02 2.9653694E-02 7.2163880E-02 0.1155032 0.1598406 0.2053553 0.2522149 0.3005535 0.3504450 0.4018738 0.4546990 0.5086151 0.5631109 0.6174284 0.6705330 0.7210966 0.7675171 0.8079721 0.8405272 0.8632894 0.8746142 0.8733358 0.8590388 0.8323118 0.7949783 0.7499784 0.7008367 0.6506979 0.6013673 0.5537027 0.5080949 0.4647591 0.4238239 0.3853438
-0.2760242 -0.2939900 -0.3116430 -0.3284338 -0.3437180 -0.3567947 -0.3669966 -0.3738028 -0.3769702 -0.3765789 -0.3729326 -0.3662129 -0.3563539 -0.3430423 -0.3259092 -0.3048513 -0.2800828 -0.2520716 -0.2214013 -0.1886642 -0.1543794 -0.1189600 -8.2697548E-02 -4.5772899E-02 -8.2675712E-03 2.9814046E-02 6.8528593E-02 0.1079718 0.1482636 0.1895274 0.2318744 0.2753810 0.3200686 0.3658759 0.4126316 0.4600223 0.5075608 0.5545579 0.6001028 0.6430609 0.6820964 0.7157311 0.7424387 0.7607852 0.7695935 0.7681350 0.7563040 0.7347612 0.7049443 0.6689625 0.6291554 0.5875288 0.5456619 0.5045331 0.4647204 0.4265730 0.3902962 0.3559884
-0.2527097 -0.2683783 -0.2837343 -0.2983375 -0.3116767 -0.3232054 -0.3323902 -0.3387845 -0.3420825 -0.3421470 -0.3389523 -0.3325450 -0.3228718 -0.3098149 -0.2933426 -0.2735436 -0.2506755 -0.2251239 -0.1973438 -0.1677876 -0.1368605 -0.1048890 -7.2113998E-02 -3.8690235E-02 -4.6987319E-03 2.9842237E-02 6.4960279E-02 0.1007152 0.1371829 0.1744409 0.2125515 0.2515451 0.2914006 0.3320244 0.3732269 0.4146985 0.4559866 0.4964766 0.5353830 0.5717531 0.6044960 0.6324347 0.6543926 0.6693021 0.6763400 0.6750550 0.6654876 0.6482202 0.6243653 0.5953764 0.5628585 0.5283789 0.4931178 0.4579647 0.4235370 0.3902384 0.3583197 0.3279227
-0.2307042 -0.2442546 -0.2574803 -0.2700195 -0.2814614 -0.2913640 -0.2992926 -0.3048549 -0.3077440 -0.3077503 -0.3047616 -0.2986833 -0.2894915 -0.2772152 -0.2619114 -0.2437411 -0.2229583 -0.1998944 -0.1749120 -0.1483717 -0.1205949 -9.1848254E-02 -6.2332306E-02 -3.2185253E-02 -1.4862802E-03 2.9732084E-02 6.1474733E-02 9.3769625E-02 0.1266575 0.1601765 0.1943507 0.2291735 0.2645927 0.3004927 0.3366771 0.3728497 0.4085991 0.4433878 0.4765487 0.5072955 0.5347502 0.5579915 0.5761228 0.5883614 0.5941318 0.5931594 0.5855319 0.5717267 0.5525580 0.5291140 0.5025727 0.4739996 0.4443914 0.4145141 0.3849304 0.3560411 0.3281160 0.3013211
-0.2100987 -0.2217274 -0.2330129 -0.2436573 -0.2533223 -0.2616484 -0.2682735 -0.2728636 -0.2751315 -0.2748573 -0.2718834 -0.2661528 -0.2576351 -0.2463454 -0.2323956 -0.2159567 -0.1972648 -0.1765969 -0.1542514 -0.1305176 -0.1056582 -7.9892769E-02 -5.3393703E-02 -2.6284136E-02 1.3558543E-03 2.9483903E-02 5.8084920E-02 8.7162472E-02 0.1167276 0.1467883 0.1773379 0.2083425 0.2397282 0.2713675 0.3030651 0.3345453 0.3654414 0.3952902 0.4235337 0.4495306 0.4725836 0.4919776 0.5070371 0.5171887 0.5220326 0.5213977 0.5153849 0.5043678 0.4889688 0.4699551 0.4481781 0.4245285 0.3997357 0.3744294 0.3491118 0.3241567 0.2998286 0.2763058
