T6-multimodels/gx/model90.grd
DSAA
         100         100
  -15.00000       15.00000    
  -15.00000       15.00000    
  -1.933526       2.737130    
[rows 0 to 25 of 100, columns 0 to 57 of 100]
-3.2168053E-02 -3.2303933E-02 -3.2344230E-02 -3.2280955E-02 -3.2106712E-02 -3.1814318E-02 -3.1397611E-02 -3.0850736E-02 -3.0169243E-02 -2.9349513E-02 -2.8390452E-02 -2.7285185E-02 -2.6034502E-02 -2.4643337E-02 -2.3111608E-02 -2.1442555E-02 -1.9640027E-02 -1.7709505E-02 -1.5656790E-02 -1.3489103E-02 -1.1214003E-02 -8.8400077E-03 -6.3759144E-03 -3.8313188E-03 -1.2158779E-03 1.4601058E-03 4.1862559E-03 6.9517009E-03 9.7454945E-03 1.2556207E-02 1.5372452E-02 1.8182339E-02 2.0973861E-02 2.3734663E-02 2.6452310E-02 2.9113948E-02 3.1706739E-02 3.4217585E-02 3.6633451E-02 3.8941294E-02 4.1128386E-02 4.3182217E-02 4.5090809E-02 4.6842843E-02 4.8427839E-02 4.9836434E-02 5.1060420E-02 5.2093111E-02 5.2928004E-02 5.3563505E-02 5.4002024E-02 5.4233443E-02 5.4263715E-02 5.4098230E-02 5.3740785E-02 5.3198043E-02 5.2477933E-02 5.1589679E-02
-3.5084255E-02 -3.5289690E-02 -3.5390452E-02 -3.5377525E-02 -3.5241861E-02 -3.4975365E-02 -3.4570288E-02 -3.4020193E-02 -3.3318963E-02 -3.2461796E-02 -3.1443458E-02 -3.0267682E-02 -2.8932530E-02 -2.7434347E-02 -2.5777588E-02 -2.3965668E-02 -2.2003813E-02 -1.9897634E-02 -1.7654326E-02 -1.5281597E-02 -1.2788408E-02 -1.0183968E-02 -7.4785319E-03 -4.6825139E-03 -1.8069244E-03 1.1370765E-03 4.1377950E-03 7.1835029E-03 1.0261958E-02 1.3360840E-02 1.6467467E-02 1.9568983E-02 2.2652026E-02 2.5703130E-02 2.8708391E-02 3.1653672E-02 3.4524474E-02 3.7306231E-02 3.9984111E-02 4.2543408E-02 4.4969484E-02 4.7248032E-02 4.9365219E-02 5.1307898E-02 5.3063918E-02 5.4622255E-02 5.5973530E-02 5.7109714E-02 5.8026124E-02 5.8716327E-02 5.9173439E-02 5.9408259E-02 5.9418086E-02 5.9204783E-02 5.8775846E-02 5.8139011E-02 5.7303905E-02 5.6281302E-02
-3.8295321E-02 -3.8583979E-02 -3.8758364E-02 -3.8807537E-02 -3.8721226E-02 -3.8489450E-02 -3.8103458E-02 -3.7555028E-02 -3.6837615E-02 -3.5945937E-02 -3.4877736E-02 -3.3624850E-02 -3.2187738E-02 -3.0571762E-02 -2.8777182E-02 -2.6808150E-02 -2.4669752E-02 -2.2369137E-02 -1.9913966E-02 -1.7313547E-02 -1.4577596E-02 -1.1716971E-02 -8.7428680E-03 -5.6672464E-03 -2.5020696E-03 7.4002310E-04 4.0463712E-03 7.4038594E-03 1.0799316E-02 1.4219050E-02 1.7649394E-02 2.1076087E-02 2.4484679E-02 2.7860193E-02 3.1187432E-02 3.4450557E-02 3.7633512E-02 4.0719811E-02 4.3692805E-02 4.6535637E-02 4.9231671E-02 5.1764343E-02 5.4117668E-02 5.6276336E-02 5.8226112E-02 5.9954159E-02 6.1449151E-02 6.2701784E-02 6.3703358E-02 6.4451084E-02 6.4947076E-02 6.5180317E-02 6.5157972E-02 6.4887099E-02 6.4373463E-02 6.3626498E-02 6.2657349E-02 6.1478902E-02
-4.1833419E-02 -4.2221762E-02 -4.2485040E-02 -4.2610742E-02 -4.2586371E-02 -4.2400528E-02 -4.2042300E-02 -4.1502394E-02 -4.0772192E-02 -3.9844804E-02 -3.8713243E-02 -3.7380774E-02 -3.5844862E-02 -3.4101523E-02 -3.2156091E-02 -3.0013073E-02 -2.7679333E-02 -2.5162406E-02 -2.2471773E-02 -1.9617580E-02 -1.6611420E-02 -1.3465216E-02 -1.0191971E-02 -6.8047461E-03 -3.3172125E-03 2.5692570E-04 3.9034525E-03 7.6082209E-03 1.1356631E-02 1.5133979E-02 1.8925158E-02 2.2714823E-02 2.6487015E-02 3.0225487E-02 3.3913333E-02 3.7533142E-02 4.1066874E-02 4.4496115E-02 4.7801923E-02 5.0965201E-02 5.3966746E-02 5.6787498E-02 5.9408825E-02 6.1812878E-02 6.3982919E-02 6.5903679E-02 6.7562036E-02 6.8946727E-02 7.0050679E-02 7.0865534E-02 7.1383081E-02 7.1615212E-02 7.1559735E-02 7.1220100E-02 7.0606567E-02 6.9730230E-02 6.8604641E-02 6.7245014E-02
-4.5734782E-02 -4.6241950E-02 -4.6612632E-02 -4.6831742E-02 -4.6884909E-02 -4.6758123E-02 -4.6438891E-02 -4.5915470E-02 -4.5178391E-02 -4.4219885E-02 -4.3036003E-02 -4.1616686E-02 -3.9962038E-02 -3.8078096E-02 -3.5965696E-02 -3.3630420E-02 -3.1079261E-02 -2.8321777E-02 -2.5368337E-02 -2.2231253E-02 -1.8923350E-02 -1.5458680E-02 -1.1851548E-02 -8.1170136E-03 -4.2700078E-03 -3.2600801E-04 3.6996265E-03 7.7911653E-03 1.1932960E-02 1.6108826E-02 2.0302594E-02 2.4497397E-02 2.8676085E-02 3.2820735E-02 3.6912926E-02 4.0933248E-02 4.4861738E-02 4.8677620E-02 5.2359514E-02 5.5885535E-02 5.9233684E-02 6.2381797E-02 6.5308198E-02 6.7991860E-02 7.0413031E-02 7.2553687E-02 7.4397884E-02 7.5932324E-02 7.7145018E-02 7.8031339E-02 7.8592837E-02 7.8817271E-02 7.8713484E-02 7.8291066E-02 7.7558868E-02 7.6530404E-02 7.5221688E-02 7.3650934E-02
-5.0039254E-02 -5.0688170E-02 -5.1187888E-02 -5.1520970E-02 -5.1669993E-02 -5.1618747E-02 -5.1351707E-02 -5.0855447E-02 -5.0117631E-02 -4.9128339E-02 -4.7878060E-02 -4.6369221E-02 -4.4598527E-02 -4.2561803E-02 -4.0265694E-02 -3.7716463E-02 -3.4923442E-02 -3.1897109E-02 -2.8650295E-02 -2.5196699E-02 -2.1551697E-02 -1.7730940E-02 -1.3751068E-02 -9.6286843E-03 -5.3808182E-03 -1.0242846E-03 3.4237716E-03 7.9464680E-03 1.2526579E-02 1.7146876E-02 2.1789683E-02 2.6437035E-02 3.1070150E-02 3.5669740E-02 4.0215459E-02 4.4686079E-02 4.9059231E-02 5.3311717E-02 5.7419192E-02 6.1356768E-02 6.5098941E-02 6.8620041E-02 7.1894623E-02 7.4897915E-02 7.7606462E-02 7.9998650E-02 8.2055621E-02 8.3761171E-02 8.5104510E-02 8.6074382E-02 8.6660691E-02 8.6876556E-02 8.6720683E-02 8.6199105E-02 8.5326284E-02 8.4118329E-02 8.2594790E-02 8.0777451E-02
-5.4791536E-02 -5.5608932E-02 -5.6263756E-02 -5.6735013E-02 -5.7002440E-02 -5.7046138E-02 -5.6848142E-02 -5.6391533E-02 -5.5662453E-02 -5.4649465E-02 -5.3346105E-02 -5.1739767E-02 -4.9830031E-02 -4.7623973E-02 -4.5123514E-02 -4.2336505E-02 -3.9272919E-02 -3.5946041E-02 -3.2370292E-02 -2.8562374E-02 -2.4539609E-02 -2.0320470E-02 -1.5923535E-02 -1.1367946E-02 -6.6723707E-03 -1.8557534E-03 3.0634548E-03 8.0666309E-03 1.3135453E-02 1.8251188E-02 2.3395140E-02 2.8547835E-02 3.3689305E-02 3.8798481E-02 4.3853387E-02 4.8830505E-02 5.3705208E-02 5.8451250E-02 6.3041262E-02 6.7446567E-02 7.1637824E-02 7.5585000E-02 7.9258189E-02 8.2628042E-02 8.5666537E-02 8.8347815E-02 9.0648815E-02 9.2550077E-02 9.4034553E-02 9.5094591E-02 9.5730573E-02 9.5928892E-02 9.5700778E-02 9.5059611E-02 9.4019100E-02 9.2599079E-02 9.0822831E-02 8.8716790E-02
-6.0040690E-02 -6.1058499E-02 -6.1899010E-02 -6.2537789E-02 -6.2950201E-02 -6.3113034E-02 -6.3003957E-02 -6.2603340E-02 -6.1893325E-02 -6.0859457E-02 -5.9488624E-02 -5.7781920E-02 -5.5735085E-02 -5.3343933E-02 -5.0617203E-02 -4.7564033E-02 -4.4197679E-02 -4.0533129E-02 -3.6588319E-02 -3.2382295E-02 -2.7935863E-02 -2.3269914E-02 -1.8406162E-02 -1.3365860E-02 -8.1702778E-03 -2.8399809E-03 2.6045514E-03 8.1434818E-03 1.3756909E-02 1.9425146E-02 2.5128093E-02 3.0845301E-02 3.6555260E-02 4.2235557E-02 4.7862187E-02 5.3409621E-02 5.8850389E-02 6.4155295E-02 6.9293149E-02 7.4231230E-02 7.8935415E-02 8.3370663E-02 8.7501593E-02 9.1293246E-02 9.4712079E-02 9.7726725E-02 0.1003095 0.1024363 0.1040905 0.1052562 0.1059207 0.1060984 0.1057896 0.1050047 0.1037644 0.1020928 0.1000186 9.7573616E-02
-6.5841392E-02 -6.7096889E-02 -6.8159789E-02 -6.9000661E-02 -6.9590650E-02 -6.9901221E-02 -6.9906116E-02 -6.9580786E-02 -6.8904631E-02 -6.7860790E-02 -6.6438973E-02 -6.4623095E-02 -6.2412195E-02 -5.9814781E-02 -5.6834828E-02 -5.3483877E-02 -4.9776737E-02 -4.5732498E-02 -4.1371822E-02 -3.6718074E-02 -3.1795073E-02 -2.6627686E-02 -2.1240357E-02 -1.5657637E-02 -9.9029280E-03 -3.9992854E-03 2.0313398E-03 8.1673255E-03 1.4387821E-02 2.0671768E-02 2.6998349E-02 3.3345807E-02 3.9691672E-02 4.6011902E-02 5.2280899E-02 5.8470670E-02 6.4551108E-02 7.0489414E-02 7.6250419E-02 8.1796460E-02 8.7088011E-02 9.2083819E-02 9.6742079E-02 0.1010209 0.1048797 0.1082807 0.1111894 0.1135767 0.1154175 0.1166990 0.1174197 0.1175640 0.1171471 0.1161880 0.1147083 0.1127378 0.1103111 0.1074672
-7.2253101E-02 -7.3790677E-02 -7.5119086E-02 -7.6203912E-02 -7.7009939E-02 -7.7503562E-02 -7.7652209E-02 -7.7426843E-02 -7.6801293E-02 -7.5754225E-02 -7.4267179E-02 -7.2339207E-02 -6.9964901E-02 -6.7140386E-02 -6.3877940E-02 -6.0191449E-02 -5.6100473E-02 -5.1627185E-02 -4.6797436E-02 -4.1638382E-02 -3.6178872E-02 -3.0447379E-02 -2.4472637E-02 -1.8282037E-02 -1.1902230E-02 -5.3582103E-03 1.3258861E-03 8.1273410E-03 1.5023899E-02 2.1993957E-02 2.9015627E-02 3.6066666E-02 4.3123417E-02 5.0160807E-02 5.7151392E-02 6.4065136E-02 7.0868775E-02 7.7525929E-02 8.3996676E-02 9.0237901E-02 9.6203521E-02 0.1018451 0.1071127 0.1119561 0.1163263 0.1201765 0.1234651 0.1261554 0.1282212 0.1296392 0.1303921 0.1304964 0.1299554 0.1287859 0.1270192 0.1246920 0.1218473 0.1185326
-7.9341576E-02 -8.1213035E-02 -8.2858600E-02 -8.4236614E-02 -8.5305586E-02 -8.6024158E-02 -8.6353593E-02 -8.6257637E-02 -8.5705452E-02 -8.4671795E-02 -8.3140522E-02 -8.1090778E-02 -7.8520775E-02 -7.5441554E-02 -7.1860708E-02 -6.7796059E-02 -6.3270204E-02 -5.8311511E-02 -5.2950457E-02 -4.7220524E-02 -4.1155312E-02 -3.4788877E-02 -2.8153891E-02 -2.1282088E-02 -1.4202827E-02 -6.9439760E-03 4.6885980E-04 8.0113141E-03 1.5660634E-02 2.3394333E-02 3.1190481E-02 3.9026137E-02 4.6877377E-02 5.4717992E-02 6.2519327E-02 7.0248984E-02 7.7870928E-02 8.5344575E-02 9.2624970E-02 9.9662483E-02 0.1064036 0.1127910 0.1187653 0.1242656 0.1292320 0.1336076 0.1373399 0.1403839 0.1427014 0.1442710 0.1450875 0.1451333 0.1444291 0.1430036 0.1408911 0.1381373 0.1347952 0.1309234
-8.7177537E-02 -8.9444272E-02 -9.1467455E-02 -9.3197994E-02 -9.4585374E-02 -9.5580243E-02 -9.6134618E-02 -9.6205041E-02 -9.5752440E-02 -9.4744980E-02 -9.3156084E-02 -9.0981528E-02 -8.8214532E-02 -8.4852502E-02 -8.0913581E-02 -7.6419719E-02 -7.1400680E-02 -6.5890223E-02 -5.9926685E-02 -5.3549681E-02 -4.6800110E-02 -3.9717499E-02 -3.2340389E-02 -2.4704393E-02 -1.6842881E-02 -8.7858904E-03 -5.6123827E-04 7.8060320E-03 1.6292339E-02 2.4875475E-02 3.3533320E-02 4.2243429E-02 5.0981607E-02 5.9721507E-02 6.8433195E-02 7.7082679E-02 8.5630685E-02 9.4032608E-02 0.1022376 0.1101890 0.1178242 0.1250755 0.1318717 0.1381389 0.1438040 0.1487961 0.1530504 0.1565101 0.1591324 0.1608820 0.1617345 0.1617090 0.1608137 0.1590769 0.1565470 0.1532811 0.1493457 0.1448128
-9.5837839E-02 -9.8571278E-02 -0.1010440 -0.1031969 -0.1049697 -0.1063018 -0.1071354 -0.1074164 -0.1070978 -0.1061416 -0.1045224 -0.1022124 -9.9208958E-02 -9.5527418E-02 -9.1181874E-02 -8.6200602E-02 -8.0619149E-02 -7.4480772E-02 -6.7831464E-02 -6.0720347E-02 -5.3195715E-02 -4.5305099E-02 -3.7092682E-02 -2.8599782E-02 -1.9863121E-02 -1.0915956E-02 -1.7872662E-03 7.4967248E-03 1.6912904E-02 2.6439242E-02 3.6054868E-02 4.5737993E-02 5.5465486E-02 6.5211050E-02 7.4944623E-02 8.4630460E-02 9.4226845E-02 0.1036846 0.1129468 0.1219485 0.1306167 0.1388713 0.1466265 0.1537928 0.1602796 0.1659991 0.1708696 0.1748195 0.1777889 0.1797416 0.1806655 0.1805408 0.1793971 0.1772794 0.1742432 0.1703610 0.1657154 0.1603960
-0.1054037 -0.1086878 -0.1116941 -0.1143526 -0.1165899 -0.1183331 -0.1195105 -0.1200566 -0.1199121 -0.1190288 -0.1173676 -0.1149191 -0.1116749 -0.1076355 -0.1028291 -9.7290851E-02 -9.1067553E-02 -8.4211618E-02 -7.6781064E-02 -6.8834864E-02 -6.0432144E-02 -5.1628515E-02 -4.2476293E-02 -3.3022039E-02 -2.3307335E-02 -1.3367681E-02 -3.2339564E-03 7.0678974E-03 1.7515050E-02 2.8087363E-02 3.8765427E-02 4.9529802E-02 6.0358852E-02 7.1227945E-02 8.2107157E-02 9.2960306E-02 0.1037431 0.1144022 0.1248742 0.1350846 0.1449487 0.1543714 0.1632492 0.1714729 0.1789304 0.1855117 0.1911142 0.1956465 0.1990383 0.2012337 0.2021965 0.2019491 0.2005092 0.1979250 0.1942737 0.1896469 0.1841491 0.1778918
-0.1159609 -0.1198928 -0.1235316 -0.1267931 -0.1295893 -0.1318306 -0.1334303 -0.1343061 -0.1343867 -0.1336132 -0.1319459 -0.1293472 -0.1258134 -0.1213671 -0.1160337 -0.1098590 -0.1028999 -9.5223546E-02 -8.6900525E-02 -7.8004152E-02 -6.8604954E-02 -5.8770064E-02 -4.8559826E-02 -3.8028218E-02 -2.7220881E-02 -1.6176606E-02 -4.9267579E-03 6.5027210E-03 1.8091200E-02 2.9820604E-02 4.1675135E-02 5.3638279E-02 6.5691970E-02 7.7813901E-02 8.9976162E-02 0.1021426 0.1142675 0.1262936 0.1381504 0.1497535 0.1610043 0.1717899 0.1819856 0.1914572 0.2000659 0.2076734 0.2141487 0.2193756 0.2232564 0.2257296 0.2267708 0.2263573 0.2245347 0.2213760 0.2169736 0.2114450 0.2049216 0.1975436
-0.1275973 -0.1322894 -0.1366751 -0.1406541 -0.1441195 -0.1469630 -0.1490769 -0.1503611 -0.1507252 -0.1500954 -0.1484133 -0.1456614 -0.1418296 -0.1369244 -0.1309904 -0.1240852 -0.1162828 -0.1076658 -9.8323412E-02 -8.8344283E-02 -7.7814981E-02 -6.6814631E-02 -5.5414759E-02 -4.3676287E-02 -3.1650551E-02 -1.9378381E-02 -6.8920432E-03 5.7844040E-03 1.8632758E-02 3.1639490E-02 4.4793047E-02 5.8082405E-02 7.1494095E-02 8.5010521E-02 9.8606855E-02 0.1122490 0.1258906 0.1394713 0.1529136 0.1661223 0.1789829 0.1913619 0.2031084 0.2140579 0.2240371 0.2328711 0.2403934 0.2464538 0.2509333 0.2537403 0.2548194 0.2541979 0.2519115 0.2480440 0.2427229 0.2360984 0.2283385 0.2196187
-0.1404011 -0.1459819 -0.1512469 -0.1560753 -0.1603392 -0.1639053 -0.1666427 -0.1684262 -0.1691462 -0.1687122 -0.1670625 -0.1641444 -0.1599537 -0.1545248 -0.1479021 -0.1401599 -0.1313892 -0.1216952 -0.1111873 -9.9975787E-02 -8.8164546E-02 -7.5849168E-02 -6.3112468E-02 -5.0024863E-02 -3.6642410E-02 -2.3008868E-02 -9.1555705E-03 4.8955553E-03 1.9131275E-02 3.3543367E-02 4.8127502E-02 6.2879384E-02 7.7793151E-02 9.2857480E-02 0.1080535 0.1233504 0.1387037 0.1540504 0.1693073 0.1843673 0.1990983 0.2133427 0.2269183 0.2396226 0.2512388 0.2615455 0.2703279 0.2773921 0.2825746 0.2857683 0.2869279 0.2860279 0.2831435 0.2783974 0.2719478 0.2639893 0.2547355 0.2444078
-0.1544573 -0.1610729 -0.1673672 -0.1731972 -0.1784069 -0.1828354 -0.1863206 -0.1887101 -0.1898660 -0.1896756 -0.1880519 -0.1849651 -0.1804035 -0.1743837 -0.1669764 -0.1582747 -0.1483955 -0.1374687 -0.1256314 -0.1130181 -9.9755988E-02 -8.5958339E-02 -7.1723178E-02 -5.7129964E-02 -4.2241208E-02 -2.7101848E-02 -1.1742430E-02 3.8198777E-03 1.9577647E-02 3.5531197E-02 5.1684860E-02 6.8044603E-02 8.4613994E-02 0.1013916 0.1183666 0.1355150 0.1527956 0.1701459 0.1874769 0.2046705 0.2215751 0.2380053 0.2537415 0.2685344 0.2821122 0.2941928 0.3044996 0.3127791 0.3188262 0.3224861 0.3236707 0.3224172 0.3187968 0.3129595 0.3051219 0.2955359 0.2844758 0.2722203
-0.1698445 -0.1776573 -0.1851502 -0.1921515 -0.1984743 -0.2039210 -0.2082950 -0.2114074 -0.2130917 -0.2132114 -0.2116730 -0.2084032 -0.2033976 -0.1967080 -0.1884075 -0.1786134 -0.1674689 -0.1551376 -0.1417876 -0.1275856 -0.1126849 -9.7222164E-02 -8.1311196E-02 -6.5043673E-02 -4.8487108E-02 -3.1688489E-02 -1.4674949E-02 2.5417656E-03 1.9963481E-02 3.7600517E-02 5.5469841E-02 7.3589772E-02 9.1977581E-02 0.1106443 0.1295913 0.1488044 0.1682498 0.1878672 0.2075652 0.2272144 0.2466436 0.2656353 0.2839260 0.3012090 0.3171431 0.3313677 0.3435234 0.3532784 0.3603516 0.3645540 0.3658036 0.3640775 0.3595073 0.3523092 0.3427598 0.3311875 0.3179428 0.3033777
-0.1866279 -0.1958171 -0.2046939 -0.2130543 -0.2206716 -0.2273073 -0.2327195 -0.2366802 -0.2389851 -0.2394683 -0.2380053 -0.2345517 -0.2290934 -0.2216606 -0.2123589 -0.2013306 -0.1887557 -0.1748334 -0.1597732 -0.1437781 -0.1270360 -0.1097091 -9.1932446E-02 -7.3809251E-02 -5.5414274E-02 -3.6794137E-02 -1.7972309E-02 1.0483840E-03 2.0280378E-02 3.9748371E-02 5.9483998E-02 7.9522759E-02 9.9898413E-02 0.1206396 0.1417634 0.1632704 0.1851380 0.2073132 0.2297044 0.2521742 0.2745306 0.2965219 0.3178330 0.3380874 0.3568568 0.3736787 0.3880853 0.3996381 0.4079745 0.4128274 0.4140549 0.4117182 0.4059636 0.3970670 0.3854065 0.3714100 0.3555273 0.3382007
-0.2048550 -0.2156122 -0.2260726 -0.2359911 -0.2450952 -0.2530935 -0.2596943 -0.2646207 -0.2676330 -0.2685402 -0.2672154 -0.2635633 -0.2575789 -0.2493321 -0.2389264 -0.2265310 -0.2123587 -0.1966556 -0.1796771 -0.1616741 -0.1428738 -0.1234727 -0.1036282 -8.3459564E-02 -6.3046977E-02 -4.2437624E-02 -2.1647884E-02 -6.7067455E-04 2.0521654E-02 4.1970130E-02 6.3726299E-02 8.5845605E-02 0.1083840 0.1313914 0.1549067 0.1789502 0.2035166 0.2285649 0.2540097 0.2797080 0.3054499 0.3309468 0.3558254 0.3796255 0.4018097 0.4217843 0.4389353 0.4526807 0.4625229 0.4681253 0.4693477 0.4661892 0.4589010 0.4478795 0.4336157 0.4166675 0.3976085 0.3769927
-0.2245468 -0.2370735 -0.2493235 -0.2610041 -0.2717834 -0.2813084 -0.2892246 -0.2952054 -0.2989728 -0.3003162 -0.2990879 -0.2952417 -0.2887594 -0.2796691 -0.2680970 -0.2542283 -0.2383146 -0.2206495 -0.2015481 -0.1813172 -0.1602367 -0.1385423 -0.1164219 -9.4010793E-02 -7.1397774E-02 -4.8627473E-02 -2.5709085E-02 -2.6209629E-03 2.0681383E-02 4.4260744E-02 6.8191253E-02 9.2554331E-02 0.1174317 0.1429014 0.1690290 0.1958618 0.2234182 0.2516775 0.2805662 0.3099436 0.3395848 0.3691654 0.3982476 0.4262736 0.4525711 0.4763757 0.4968804 0.5133048 0.5249916 0.5314699 0.5325199 0.5282759 0.5190534 0.5053765 0.4879136 0.4673868 0.4445245 0.4200140
-0.2456928 -0.2601913 -0.2744366 -0.2880733 -0.3006971 -0.3118739 -0.3211772 -0.3282235 -0.3327156 -0.3344550 -0.3333412 -0.3292918 -0.3222972 -0.3124016 -0.2996788 -0.2843073 -0.2665600 -0.2467885 -0.2253768 -0.2027078 -0.1791253 -0.1549191 -0.1303115 -0.1054609 -8.0462992E-02 -5.5361506E-02 -3.0154200E-02 -4.8038843E-03 2.0756334E-02 4.6613242E-02 7.2869785E-02 9.9636547E-02 0.1270282 0.1551552 0.1841182 0.2139979 0.2448458 0.2766697 0.3094187 0.3429623 0.3770695 0.4113833 0.4453997 0.4784490 0.5096948 0.5381554 0.5627612 0.5824571 0.5963287 0.6037697 0.6045707 0.5988390 0.5871028 0.5701143 0.5487413 0.5239106 0.4965321 0.4674499
-0.2682423 -0.2849098 -0.3013418 -0.3171049 -0.3316954 -0.3445754 -0.3552207 -0.3631946 -0.3682024 -0.3701193 -0.3689329 -0.3647040 -0.3573958 -0.3469081 -0.3332289 -0.3164676 -0.2969047 -0.2749500 -0.2510849 -0.2257893 -0.1994981 -0.1725671 -0.1452677 -0.1177834 -9.0221770E-02 -6.2622629E-02 -3.4972683E-02 -7.2137453E-03 2.0744914E-02 4.9020480E-02 7.7747248E-02 0.1070722 0.1371466 0.1681216 0.2001389 0.2333222 0.2677647 0.3035150 0.3405559 0.3787809 0.4179640 0.4577264 0.4974996 0.5364939 0.5736796 0.6077988 0.6374304 0.6611260 0.6776339 0.6861033 0.6862541 0.6784913 0.6635592 0.6424710 0.6163749 0.5864311 0.5537574 0.5193726
-0.2921024 -0.3111189 -0.3299050 -0.3479193 -0.3645254 -0.3790321 -0.3907822 -0.3992657 -0.4042524 -0.4058359 -0.4043349 -0.3999479 -0.3926268 -0.3820795 -0.3679595 -0.3501875 -0.3290048 -0.3049085 -0.2785134 -0.2504463 -0.2212622 -0.1914124 -0.1612272 -0.1309274 -0.1006320 -7.0380077E-02 -4.0142320E-02 -9.8396093E-03 2.0649202E-02 5.1473092E-02 8.2804970E-02 0.1148308 0.1477466 0.1817490 0.2170296 0.2537633 0.2920971 0.3321312 0.3738982 0.4173312 0.4622279 0.5082029 0.5546371 0.6006204 0.6449078 0.6859027 0.7217094 0.7503081 0.7698772 0.7792714 0.7783315 0.7676843 0.7486031 0.7225096 0.6908138 0.6549130 0.6161387 0.5757005
-0.3171330 -0.3386556 -0.3599245 -0.3802575 -0.3988233 -0.4147060 -0.4270220 -0.4351410 -0.4389415 -0.4389974 -0.4363601 -0.4319185 -0.4255242 -0.4161284 -0.4026860 -0.3847047 -0.3623737 -0.3363343 -0.3074294 -0.2764986 -0.2442762 -0.2113365 -0.1780944 -0.1448130 -0.1116318 -7.8585424E-02 -4.5631081E-02 -1.2662099E-02 2.0472787E-02 5.3961903E-02 8.8017851E-02 0.1228735 0.1587724 0.1959655 0.2347002 0.2752133 0.3177150 0.3623729 0.4092841 0.4584422 0.5096903 0.5626633 0.6167151 0.6708345 0.7235586 0.7729002 0.8163481 0.8510281 0.8742183 0.8841734 0.8808978 0.8660960 0.8417876 0.8097697 0.7716565 0.7290112 0.6833733 0.6361602
