T6-multimodels/gx/model150.grd
DSAA
         100         100
  -15.00000       15.00000    
  -15.00000       15.00000    
  -1.574004       2.169790    
[rows 75 to 99 of 100, columns 0 to 57 of 100]
-0.2919289 -0.3099506 -0.3278297 -0.3451402 -0.3613870 -0.3760406 -0.3885872 -0.3986005 -0.4057982 -0.4100679 -0.4114122 -0.4099073 -0.4055339 -0.3982106 -0.3879462 -0.3748729 -0.3592972 -0.3416563 -0.3224629 -0.3022303 -0.2814311 -0.2604615 -0.2396383 -0.2191937 -0.1992893 -0.1800228 -0.1614442 -0.1435626 -0.1263597 -0.1097931 -9.3806982E-02 -7.8331754E-02 -6.3292131E-02 -4.8604790E-02 -3.4184411E-02 -1.9939974E-02 -5.7799686E-03 8.3924942E-03 2.2675091E-02 3.7171058E-02 5.1984768E-02 6.7226820E-02 8.3008140E-02 9.9443689E-02 0.1166442 0.1347165 0.1537500 0.1738167 0.1949618 0.2172130 0.2405461 0.2650090 0.2906098 0.3172767 0.3448993 0.3732786 0.4021436 0.4311590
-0.2687439 -0.2845437 -0.3001781 -0.3152988 -0.3295088 -0.3423828 -0.3535026 -0.3624956 -0.3690748 -0.3730537 -0.3743450 -0.3728810 -0.3686672 -0.3617654 -0.3522672 -0.3403726 -0.3263766 -0.3106559 -0.2936216 -0.2756864 -0.2572264 -0.2385671 -0.2199690 -0.2016328 -0.1836991 -0.1662606 -0.1493667 -0.1330355 -0.1172573 -0.1020045 -8.7232798E-02 -7.2889030E-02 -5.8909938E-02 -4.5228437E-02 -3.1770997E-02 -1.8462645E-02 -5.2236109E-03 8.0264751E-03 2.1372631E-02 3.4899883E-02 4.8697922E-02 6.2856033E-02 7.7467173E-02 9.2621215E-02 0.1084087 0.1249112 0.1422034 0.1603430 0.1793719 0.1993134 0.2202117 0.2420326 0.2647406 0.2882950 0.3125781 0.3374209 0.3625943 0.3878189
-0.2469609 -0.2607364 -0.2743181 -0.2874196 -0.2997161 -0.3108624 -0.3205119 -0.3283476 -0.3341011 -0.3375723 -0.3386261 -0.3372290 -0.3333770 -0.3271132 -0.3185803 -0.3079821 -0.2955906 -0.2817206 -0.2667115 -0.2508955 -0.2345809 -0.2180337 -0.2014746 -0.1850740 -0.1689586 -0.1532127 -0.1378879 -0.1230060 -0.1085677 -9.4554104E-02 -8.0934592E-02 -6.7666478E-02 -5.4700822E-02 -4.1981202E-02 -2.9448410E-02 -1.7038086E-02 -4.6848087E-03 7.6808566E-03 2.0128790E-02 3.2732148E-02 4.5563810E-02 5.8699492E-02 7.2213046E-02 8.6179137E-02 0.1006678 0.1157463 0.1314716 0.1478935 0.1650493 0.1829646 0.2016196 0.2210300 0.2411692 0.2619519 0.2832773 0.3049962 0.3269161 0.3487955
-0.2266319 -0.2385861 -0.2503213 -0.2615986 -0.2721519 -0.2816966 -0.2899487 -0.2966398 -0.3015389 -0.3044648 -0.3053016 -0.3039656 -0.3004642 -0.2948810 -0.2873343 -0.2780093 -0.2671368 -0.2549817 -0.2418200 -0.2279252 -0.2135480 -0.1989112 -0.1841992 -0.1695609 -0.1551071 -0.1409175 -0.1270416 -0.1135065 -0.1003179 -8.7467521E-02 -7.4932754E-02 -6.2683009E-02 -5.0678626E-02 -3.8875680E-02 -2.7224407E-02 -1.5673051E-02 -4.1657710E-03 7.3540173E-03 1.8946165E-02 3.0670036E-02 4.2587634E-02 5.4759581E-02 6.7247763E-02 8.0110498E-02 9.3405679E-02 0.1071843 0.1214932 0.1363685 0.1518365 0.1679088 0.1846096 0.2018979 0.2197277 0.2380505 0.2567658 0.2757428 0.2948112 0.3137647
-0.2077692 -0.2181040 -0.2281998 -0.2378578 -0.2468573 -0.2549660 -0.2619492 -0.2675862 -0.2716809 -0.2740760 -0.2746570 -0.2733898 -0.2702717 -0.2653444 -0.2587268 -0.2505756 -0.2410858 -0.2304732 -0.2189655 -0.2067841 -0.1941375 -0.1812095 -0.1681577 -0.1551094 -0.1421642 -0.1293940 -0.1168484 -0.1045554 -9.2527129E-02 -8.0760650E-02 -6.9242865E-02 -5.7950642E-02 -4.6854850E-02 -3.5919711E-02 -2.5106313E-02 -1.4371268E-02 -3.6698328E-03 7.0459717E-03 1.7824421E-02 2.8715890E-02 3.9769996E-02 5.1037725E-02 6.2567696E-02 7.4408270E-02 8.6603634E-02 9.9195391E-02 0.1122177 0.1256996 0.1396608 0.1541119 0.1690269 0.1844053 0.2002136 0.2163748 0.2328039 0.2493837 0.2659685 0.2823784
-0.1903531 -0.1992611 -0.2079180 -0.2161568 -0.2237960 -0.2306440 -0.2365102 -0.2412127 -0.2445922 -0.2465198 -0.2469110 -0.2457020 -0.2428979 -0.2385612 -0.2327761 -0.2256725 -0.2174070 -0.2081571 -0.1981063 -0.1874372 -0.1763199 -0.1649092 -0.1533372 -0.1417149 -0.1301293 -0.1186472 -0.1073147 -9.6162163E-02 -8.5204013E-02 -7.4443690E-02 -6.3873410E-02 -5.3478431E-02 -4.3236166E-02 -3.3120055E-02 -2.3098279E-02 -1.3136954E-02 -3.1986944E-03 6.7546093E-03 1.6763669E-02 2.6868505E-02 3.7110824E-02 4.7530640E-02 5.8168408E-02 6.9061086E-02 8.0244824E-02 9.1749981E-02 0.1036037 0.1158247 0.1284238 0.1414004 0.1547634 0.1684702 0.1824753 0.1967329 0.2111596 0.2256523 0.2400813 0.2542928
-0.1743375 -0.1819988 -0.1894032 -0.1964118 -0.2028740 -0.2086336 -0.2135343 -0.2174299 -0.2201890 -0.2217056 -0.2219007 -0.2207529 -0.2182592 -0.2144450 -0.2093909 -0.2032006 -0.1960030 -0.1879394 -0.1791600 -0.1698125 -0.1600382 -0.1499646 -0.1397049 -0.1293534 -0.1189878 -0.1086675 -9.8436914E-02 -8.8325404E-02 -7.8350693E-02 -6.8519078E-02 -5.8828767E-02 -4.9269807E-02 -3.9827075E-02 -3.0479703E-02 -2.1203890E-02 -1.1971954E-02 -2.7548757E-03 6.4790873E-03 1.5761860E-02 2.5126908E-02 3.4606766E-02 4.4234678E-02 5.4041605E-02 6.4057797E-02 7.4309811E-02 8.4821880E-02 9.5612071E-02 0.1066944 0.1180756 0.1297548 0.1417022 0.1539095 0.1663427 0.1789353 0.1916171 0.2042960 0.2168610 0.2291786
-0.1596582 -0.1662365 -0.1725587 -0.1785085 -0.1839621 -0.1887911 -0.1928693 -0.1960776 -0.1983115 -0.1994870 -0.1995491 -0.1984527 -0.1962010 -0.1928363 -0.1884112 -0.1830094 -0.1767316 -0.1696933 -0.1620141 -0.1538156 -0.1452128 -0.1363130 -0.1272107 -0.1179877 -0.1087112 -9.9435441E-02 -9.0200767E-02 -8.1036739E-02 -7.1961366E-02 -6.2984526E-02 -5.4107364E-02 -4.5325432E-02 -3.6627848E-02 -2.8000306E-02 -1.9423945E-02 -1.0878145E-02 -2.3391536E-03 6.2173335E-03 1.4817769E-02 2.3487894E-02 3.2254655E-02 4.1143294E-02 5.0179183E-02 5.9384491E-02 6.8780512E-02 7.8383617E-02 8.8207461E-02 9.8258816E-02 0.1085384 0.1190377 0.1297566 0.1406540 0.1516880 0.1628183 0.1739769 0.1850832 0.1960385 0.2067293
-0.1462382 -0.1518805 -0.1572721 -0.1623164 -0.1669107 -0.1709507 -0.1743333 -0.1769632 -0.1787552 -0.1796405 -0.1795674 -0.1785244 -0.1765081 -0.1735316 -0.1696465 -0.1649186 -0.1594300 -0.1532715 -0.1465411 -0.1393364 -0.1317530 -0.1238790 -0.1157949 -0.1075699 -9.9263325E-02 -9.0922788E-02 -8.2586125E-02 -7.4280739E-02 -6.6025890E-02 -5.7832386E-02 -4.9704958E-02 -4.1641884E-02 -3.3637334E-02 -2.5680695E-02 -1.7758885E-02 -9.8555032E-03 -1.9530330E-03 5.9683505E-03 1.3928555E-02 2.1948710E-02 3.0049002E-02 3.8250070E-02 4.6570398E-02 5.5027746E-02 6.3636690E-02 7.2409771E-02 8.1354395E-02 9.0474859E-02 9.9769555E-02 0.1092312 0.1188293 0.1285522 0.1383687 0.1482223 0.1580566 0.1677997 0.1773679 0.1866630
-0.1339934 -0.1388293 -0.1434241 -0.1476966 -0.1515626 -0.1549363 -0.1577348 -0.1598801 -0.1613054 -0.1619565 -0.1617993 -0.1608013 -0.1589648 -0.1563178 -0.1528919 -0.1487396 -0.1439243 -0.1385201 -0.1326048 -0.1262587 -0.1195593 -0.1125806 -0.1053894 -9.8045759E-02 -9.0600245E-02 -8.3095819E-02 -7.5566098E-02 -6.8037577E-02 -6.0528576E-02 -5.3051651E-02 -4.5612775E-02 -3.8213678E-02 -3.0851003E-02 -2.3518629E-02 -1.6206739E-02 -8.9039532E-03 -1.5963975E-03 5.7303146E-03 1.3092294E-02 2.0505005E-02 2.7984787E-02 3.5546489E-02 4.3204907E-02 5.0972067E-02 5.8859225E-02 6.6873506E-02 7.5019851E-02 8.3297655E-02 9.1701642E-02 0.1002193 0.1088460 0.1175442 0.1262765 0.1350096 0.1436888 0.1522516 0.1606241 0.1687230
-0.1228365 -0.1269799 -0.1308936 -0.1345106 -0.1377606 -0.1405740 -0.1428827 -0.1446249 -0.1457453 -0.1461996 -0.1459537 -0.1450026 -0.1433429 -0.1409799 -0.1379465 -0.1342837 -0.1300437 -0.1252844 -0.1200696 -0.1144636 -0.1085308 -0.1023319 -9.5923699E-02 -8.9356497E-02 -8.2674868E-02 -7.5915933E-02 -6.9110654E-02 -6.2282909E-02 -5.5451162E-02 -4.8627663E-02 -4.1820362E-02 -3.5032291E-02 -2.8263342E-02 -2.1509627E-02 -1.4765291E-02 -8.0217673E-03 -1.2696082E-03 5.5025187E-03 1.2305996E-02 1.9153142E-02 2.6055418E-02 3.3024609E-02 4.0070616E-02 4.7202706E-02 5.4427434E-02 6.1749734E-02 6.9170371E-02 7.6687723E-02 8.4295660E-02 9.1983795E-02 9.9723049E-02 0.1075013 0.1152912 0.1230461 0.1307213 0.1382614 0.1456040 0.1526772
-0.1126805 -0.1162299 -0.1195630 -0.1226235 -0.1253538 -0.1276964 -0.1295964 -0.1310030 -0.1318727 -0.1321709 -0.1318763 -0.1309653 -0.1294390 -0.1273170 -0.1246172 -0.1213727 -0.1176233 -0.1134167 -0.1088032 -0.1038360 -9.8567374E-02 -9.3048215E-02 -8.7325484E-02 -8.1442647E-02 -7.5437494E-02 -6.9343209E-02 -6.3186854E-02 -5.6991000E-02 -5.0772529E-02 -4.4544384E-02 -3.8314641E-02 -3.2088380E-02 -2.5866769E-02 -1.9648865E-02 -1.3430799E-02 -7.2075212E-03 -9.7192684E-04 5.2834149E-03 1.1567387E-02 1.7888224E-02 2.4254870E-02 3.0674972E-02 3.7156124E-02 4.3703545E-02 5.0321899E-02 5.7012413E-02 6.3774712E-02 7.0604004E-02 7.7491894E-02 8.4424555E-02 9.1395758E-02 9.8371901E-02 0.1053213 0.1122169 0.1190156 0.1256697 0.1321238 0.1383176
-0.1034407 -0.1064813 -0.1093195 -0.1119085 -0.1142003 -0.1161481 -0.1177065 -0.1188350 -0.1194974 -0.1196648 -0.1193144 -0.1184450 -0.1170534 -0.1151402 -0.1127270 -0.1098392 -0.1065101 -0.1027768 -9.8681033E-02 -9.4265267E-02 -8.9573100E-02 -8.4646083E-02 -7.9524353E-02 -7.4244089E-02 -6.8838440E-02 -6.3335799E-02 -5.7760913E-02 -5.2133668E-02 -4.6470530E-02 -4.0783502E-02 -3.5081696E-02 -2.9370513E-02 -2.3653127E-02 -1.7929798E-02 -1.2199329E-02 -6.4583570E-03 -7.0289534E-04 5.0725695E-03 1.0873524E-02 1.6706211E-02 2.2576116E-02 2.8488949E-02 3.4448873E-02 4.0459514E-02 4.6522260E-02 5.2637342E-02 5.8801591E-02 6.5010175E-02 7.1254790E-02 7.7524155E-02 8.3791710E-02 9.0046331E-02 9.6265197E-02 0.1024101 0.1084462 0.1143313 0.1200191 0.1254573
-9.5036186E-02 -9.7641028E-02 -0.1000578 -0.1022470 -0.1041693 -0.1057856 -0.1070594 -0.1079568 -0.1084497 -0.1085152 -0.1081403 -0.1073069 -0.1060159 -0.1042811 -0.1021127 -9.9531367E-02 -9.6562281E-02 -9.3236409E-02 -8.9586511E-02 -8.5648172E-02 -8.1456468E-02 -7.7046625E-02 -7.2451614E-02 -6.7702785E-02 -6.2828012E-02 -5.7852659E-02 -5.2798063E-02 -4.7682814E-02 -4.2521555E-02 -3.7326429E-02 -3.2106053E-02 -2.6867002E-02 -2.1612886E-02 -1.6345870E-02 -1.1065806E-02 -5.7717613E-03 -4.6110948E-04 4.8689139E-03 1.0222254E-02 1.5602269E-02 2.1012895E-02 2.6456963E-02 3.1937283E-02 3.7454676E-02 4.3009631E-02 4.8599854E-02 5.4221917E-02 5.9868898E-02 6.5531284E-02 7.1195386E-02 7.6854885E-02 8.2480617E-02 8.8046074E-02 9.3530104E-02 9.8898999E-02 0.1041165 0.1091416 0.1139305
-8.7391175E-02 -8.9623027E-02 -9.1680571E-02 -9.3531094E-02 -9.5141508E-02 -9.6479908E-02 -9.7515784E-02 -9.8222122E-02 -9.8574989E-02 -9.8555095E-02 -9.8146610E-02 -9.7350746E-02 -9.6164487E-02 -9.4586030E-02 -9.2629664E-02 -9.0311401E-02 -8.7652721E-02 -8.4677555E-02 -8.1413530E-02 -7.7888831E-02 -7.4133120E-02 -7.0175037E-02 -6.6042878E-02 -6.1762664E-02 -5.7358894E-02 -5.2853078E-02 -4.8264634E-02 -4.3609738E-02 -3.8902424E-02 -3.4153637E-02 -2.9372435E-02 -2.4565158E-02 -1.9736646E-02 -1.4889520E-02 -1.0025426E-02 -5.1442739E-03 -2.4563199E-04 4.6721878E-03 9.6107498E-03 1.4572237E-02 1.9558152E-02 2.4570260E-02 2.9608971E-02 3.4674328E-02 3.9764602E-02 4.4877209E-02 5.0006900E-02 5.5147365E-02 6.0289633E-02 6.5422736E-02 7.0523024E-02 7.5581223E-02 8.0578670E-02 8.5484423E-02 9.0271547E-02 9.4908148E-02 9.9360004E-02 0.1035891
-8.0435060E-02 -8.2347229E-02 -8.4098771E-02 -8.5661829E-02 -8.7009199E-02 -8.8114023E-02 -8.8951677E-02 -8.9499317E-02 -8.9738190E-02 -8.9653246E-02 -8.9236282E-02 -8.8473096E-02 -8.7364443E-02 -8.5920639E-02 -8.4146947E-02 -8.2056582E-02 -7.9665631E-02 -7.6994382E-02 -7.4064471E-02 -7.0899837E-02 -6.7524262E-02 -6.3962236E-02 -6.0236961E-02 -5.6371082E-02 -5.2385103E-02 -4.8298266E-02 -4.4127140E-02 -3.9886761E-02 -3.5589468E-02 -3.1246025E-02 -2.6864698E-02 -2.2452468E-02 -1.8014086E-02 -1.3553400E-02 -9.0724453E-03 -4.5727999E-03 -5.4703560E-05 4.4816332E-03 9.0369321E-03 1.3611373E-02 1.8205632E-02 2.2819446E-02 2.7452590E-02 3.2103203E-02 3.6769252E-02 4.1446485E-02 4.6129961E-02 5.0811980E-02 5.5482939E-02 6.0130149E-02 6.4748026E-02 6.9311582E-02 7.3798992E-02 7.8194097E-02 8.2470670E-02 8.6601377E-02 9.0555735E-02 9.4301924E-02
-7.4102916E-02 -7.5741276E-02 -7.7231623E-02 -7.8550838E-02 -7.9675823E-02 -8.0584690E-02 -8.1256486E-02 -8.1672981E-02 -8.1817925E-02 -8.1678234E-02 -8.1242643E-02 -8.0513649E-02 -7.9488494E-02 -7.8164138E-02 -7.6550342E-02 -7.4657254E-02 -7.2499059E-02 -7.0091292E-02 -6.7452453E-02 -6.4601533E-02 -6.1558887E-02 -5.8344331E-02 -5.4977976E-02 -5.1478531E-02 -4.7864135E-02 -4.4151004E-02 -4.0354218E-02 -3.6486771E-02 -3.2560352E-02 -2.8584488E-02 -2.4567595E-02 -2.0516103E-02 -1.6435506E-02 -1.2329629E-02 -8.2016997E-03 -4.0536080E-03 1.1295051E-04 4.2972192E-03 8.4982961E-03 1.2715791E-02 1.6948685E-02 2.1196229E-02 2.5456544E-02 2.9727545E-02 3.4005728E-02 3.8287010E-02 4.2565264E-02 4.6833683E-02 5.1083546E-02 5.5304822E-02 5.9476804E-02 6.3592151E-02 6.7635976E-02 7.1583271E-02 7.5413384E-02 7.9102255E-02 8.2624599E-02 8.5952722E-02
-6.8335362E-02 -6.9738716E-02 -7.1006209E-02 -7.2118066E-02 -7.3055238E-02 -7.3799074E-02 -7.4332595E-02 -7.4640185E-02 -7.4709110E-02 -7.4529245E-02 -7.4095488E-02 -7.3396407E-02 -7.2432615E-02 -7.1212135E-02 -6.9737367E-02 -6.8016894E-02 -6.6061057E-02 -6.3883401E-02 -6.1498366E-02 -5.8922302E-02 -5.6171488E-02 -5.3263094E-02 -5.0213538E-02 -4.7039282E-02 -4.3755416E-02 -4.0376518E-02 -3.6915399E-02 -3.3384107E-02 -2.9792795E-02 -2.6150741E-02 -2.2465473E-02 -1.8743731E-02 -1.4990624E-02 -1.1210740E-02 -7.4073249E-03 -3.5833423E-03 2.5927441E-04 4.1184765E-03 7.9930201E-03 1.1881124E-02 1.5781449E-02 1.9691849E-02 2.3610283E-02 2.7533364E-02 3.1457715E-02 3.5378169E-02 3.9289158E-02 4.3182988E-02 4.7050647E-02 5.0880779E-02 5.4668836E-02 5.8393564E-02 6.2037200E-02 6.5587595E-02 6.9024414E-02 7.2327070E-02 7.5472832E-02 7.8438617E-02
-6.3078240E-02 -6.4279966E-02 -6.5356866E-02 -6.6292495E-02 -6.7070551E-02 -6.7675717E-02 -6.8093434E-02 -6.8311177E-02 -6.8317629E-02 -6.8103813E-02 -6.7661434E-02 -6.6993631E-02 -6.6097982E-02 -6.4970836E-02 -6.3619129E-02 -6.2049419E-02 -6.0271118E-02 -5.8294553E-02 -5.6132287E-02 -5.3797249E-02 -5.1303603E-02 -4.8665211E-02 -4.5896456E-02 -4.3010898E-02 -4.0021993E-02 -3.6942005E-02 -3.3782620E-02 -3.0554147E-02 -2.7266242E-02 -2.3927001E-02 -2.0543920E-02 -1.7123092E-02 -1.3670040E-02 -1.0189079E-02 -6.6841906E-03 -3.1583216E-03 3.8559519E-04 3.9454028E-03 7.5187339E-03 1.1103631E-02 1.4697607E-02 1.8298432E-02 2.1902945E-02 2.5507890E-02 2.9108869E-02 3.2701198E-02 3.6278531E-02 3.9834227E-02 4.3360237E-02 4.6847746E-02 5.0278798E-02 5.3647883E-02 5.6943253E-02 6.0144648E-02 6.3236393E-02 6.6200271E-02 6.9017582E-02 7.1668066E-02
-5.8282524E-02 -5.9310853E-02 -6.0224835E-02 -6.1010271E-02 -6.1653692E-02 -6.2141910E-02 -6.2463071E-02 -6.2606260E-02 -6.2562719E-02 -6.2325496E-02 -6.1891500E-02 -6.1251178E-02 -6.0405154E-02 -5.9359912E-02 -5.8116216E-02 -5.6679711E-02 -5.5057101E-02 -5.3257633E-02 -5.1291056E-02 -4.9168710E-02 -4.6901871E-02 -4.4502728E-02 -4.1983016E-02 -3.9354771E-02 -3.6629189E-02 -3.3817329E-02 -3.0929113E-02 -2.7974121E-02 -2.4960682E-02 -2.1896627E-02 -1.8788572E-02 -1.5642736E-02 -1.2464141E-02 -9.2575550E-03 -6.0267304E-03 -2.7753091E-03 4.9382728E-04 3.7776569E-03 7.0737866E-03 1.0379327E-02 1.3691790E-02 1.7008007E-02 2.0324940E-02 2.3638476E-02 2.6944583E-02 3.0237837E-02 3.3512659E-02 3.6761787E-02 3.9977070E-02 4.3148588E-02 4.6272926E-02 4.9332067E-02 5.2311506E-02 5.5202324E-02 5.7988767E-02 6.0655255E-02 6.3184828E-02 6.5560624E-02
-5.3903967E-02 -5.4783247E-02 -5.5557579E-02 -5.6215145E-02 -5.6744244E-02 -5.7134103E-02 -5.7374358E-02 -5.7456259E-02 -5.7371840E-02 -5.7114720E-02 -5.6678660E-02 -5.6067083E-02 -5.5277813E-02 -5.4307107E-02 -5.3160068E-02 -5.1840961E-02 -5.0356217E-02 -4.8712749E-02 -4.6919271E-02 -4.4984702E-02 -4.2919021E-02 -4.0732052E-02 -3.8434207E-02 -3.6035396E-02 -3.3545692E-02 -3.0974362E-02 -2.8330548E-02 -2.5622401E-02 -2.2857811E-02 -2.0043600E-02 -1.7186282E-02 -1.4291388E-02 -1.1364163E-02 -8.4089655E-03 -5.4300153E-03 -2.4307258E-03 5.8537698E-04 3.6153886E-03 6.6561620E-03 9.7049167E-03 1.2758371E-02 1.5813529E-02 1.8866608E-02 2.1913821E-02 2.4950465E-02 2.7971741E-02 3.0971551E-02 3.3943728E-02 3.6881097E-02 3.9776079E-02 4.2613231E-02 4.5388605E-02 4.8092961E-02 5.0709911E-02 5.3227495E-02 5.5631913E-02 5.7909336E-02 6.0044806E-02
-4.9902521E-02 -5.0653350E-02 -5.1308084E-02 -5.1856421E-02 -5.2288707E-02 -5.2595470E-02 -5.2768353E-02 -5.2799542E-02 -5.2682929E-02 -5.2413676E-02 -5.1989995E-02 -5.1403709E-02 -5.0655439E-02 -4.9750701E-02 -4.8689261E-02 -4.7474913E-02 -4.6112075E-02 -4.4607162E-02 -4.2966858E-02 -4.1199174E-02 -3.9312005E-02 -3.7314143E-02 -3.5214063E-02 -3.3020686E-02 -3.0742362E-02 -2.8387541E-02 -2.5963943E-02 -2.3479214E-02 -2.0940093E-02 -1.8353201E-02 -1.5724218E-02 -1.3058715E-02 -1.0361364E-02 -7.6368167E-03 -4.8889122E-03 -2.1215333E-03 6.6205102E-04 3.4583579E-03 6.2644281E-03 9.0768384E-03 1.1892526E-02 1.4707860E-02 1.7519370E-02 2.0322680E-02 2.3113621E-02 2.5886891E-02 2.8637206E-02 3.1357959E-02 3.4041941E-02 3.6680635E-02 3.9271690E-02 4.1799787E-02 4.4253085E-02 4.6625189E-02 4.8903808E-02 5.1077161E-02 5.3132512E-02 5.5057459E-02
-4.6242300E-02 -4.6882484E-02 -4.7434479E-02 -4.7889672E-02 -4.8239589E-02 -4.8476502E-02 -4.8592944E-02 -4.8582699E-02 -4.8440032E-02 -4.8160359E-02 -4.7738835E-02 -4.7178980E-02 -4.6478923E-02 -4.5634910E-02 -4.4650890E-02 -4.3529667E-02 -4.2275742E-02 -4.0893819E-02 -3.9390057E-02 -3.7770685E-02 -3.6042873E-02 -3.4213647E-02 -3.2290690E-02 -3.0281302E-02 -2.8193112E-02 -2.6033178E-02 -2.3808641E-02 -2.1526007E-02 -1.9191720E-02 -1.6811455E-02 -1.4390835E-02 -1.1934738E-02 -9.4479760E-03 -6.9346824E-03 -4.3990184E-03 -1.8445316E-03 7.2511099E-04 3.3066915E-03 5.8967383E-03 8.4921038E-03 1.1089187E-02 1.3684681E-02 1.6274605E-02 1.8855071E-02 2.1421429E-02 2.3969065E-02 2.6492344E-02 2.8985722E-02 3.1442944E-02 3.3857618E-02 3.6216415E-02 3.8516715E-02 4.0751364E-02 4.2906925E-02 4.4974335E-02 4.6943091E-02 4.8802875E-02 5.0542574E-02
-4.2890865E-02 -4.3435499E-02 -4.3899346E-02 -4.4274826E-02 -4.4554945E-02 -4.4732802E-02 -4.4802412E-02 -4.4758063E-02 -4.4595461E-02 -4.4311199E-02 -4.3904331E-02 -4.3367799E-02 -4.2702213E-02 -4.1912332E-02 -4.0997412E-02 -3.9960060E-02 -3.8803205E-02 -3.7531413E-02 -3.6149312E-02 -3.4662671E-02 -3.3077117E-02 -3.1399101E-02 -2.9634813E-02 -2.7790941E-02 -2.5873777E-02 -2.3889873E-02 -2.1845231E-02 -1.9745979E-02 -1.7597618E-02 -1.5405648E-02 -1.3174950E-02 -1.0910420E-02 -8.6162714E-03 -6.2968242E-03 -3.9557926E-03 -1.5970349E-03 7.7613734E-04 3.1601246E-03 5.5517680E-03 7.9474812E-03 1.0344026E-02 1.2737628E-02 1.5124756E-02 1.7501114E-02 1.9862646E-02 2.2204379E-02 2.4521504E-02 2.6808135E-02 2.9058035E-02 3.1263914E-02 3.3424340E-02 3.5526261E-02 3.7560005E-02 3.9521076E-02 4.1399833E-02 4.3187339E-02 4.4873957E-02 4.6450499E-02
-3.9819140E-02 -4.0281344E-02 -4.0669326E-02 -4.0976778E-02 -4.1197442E-02 -4.1325737E-02 -4.1356184E-02 -4.1284293E-02 -4.1105870E-02 -4.0817574E-02 -4.0415548E-02 -3.9903335E-02 -3.9279282E-02 -3.8539764E-02 -3.7687950E-02 -3.6725726E-02 -3.5656326E-02 -3.4482975E-02 -3.3210136E-02 -3.1842209E-02 -3.0384446E-02 -2.8841972E-02 -2.7220519E-02 -2.5525527E-02 -2.3762845E-02 -2.1937912E-02 -2.0056367E-02 -1.8123390E-02 -1.6144268E-02 -1.4123729E-02 -1.2066550E-02 -9.9770045E-03 -7.8593884E-03 -5.7175104E-03 -3.5552783E-03 -1.3761200E-03 8.1634353E-04 3.0188847E-03 5.2279932E-03 7.4404646E-03 9.6526789E-03 1.1861280E-02 1.4062388E-02 1.6252233E-02 1.8426441E-02 2.0580735E-02 2.2710048E-02 2.4809508E-02 2.6873739E-02 2.8897392E-02 3.0868974E-02 3.2786928E-02 3.4645714E-02 3.6434270E-02 3.8145687E-02 3.9771937E-02 4.1305285E-02 4.2737421E-02
