T6-multimodels/gx/model30.grd
DSAA
         100         100
  -15.00000       15.00000    
  -15.00000       15.00000    
  -2.003509       2.184445    
[rows 26 to 51 of 100, columns 0 to 56 of 100]
-0.2578826 -0.2756239 -0.2924769 -0.3075050 -0.3195436 -0.3272489 -0.3292719 -0.3245881 -0.3130714 -0.2961022 -0.2765162 -0.2566439 -0.2360286 -0.2117399 -0.1808784 -0.1421546 -9.5704086E-02 -4.2469822E-02 1.6315678E-02 7.9402022E-02 0.1456484 0.2140353 0.2836380 0.3535679 0.4229210 0.4907281 0.5559282 0.6173576 0.6737695 0.7238739 0.7664077 0.8002243 0.8244005 0.8383460 0.8418934 0.8353451 0.8194521 0.7953210 0.7642619 0.7276232 0.6866590 0.6424800 0.5960890 0.5484769 0.5006689 0.4536796 0.4083807 0.3654794 0.3256438 0.2897706 0.2585845 0.2318942 0.2087420 0.1880104 0.1689929 0.1513147 0.1347695
-0.2811962 -0.3012770 -0.3203125 -0.3371191 -0.3501399 -0.3575032 -0.3571517 -0.3473270 -0.3275258 -0.3003163 -0.2726801 -0.2521498 -0.2374697 -0.2201436 -0.1937252 -0.1561201 -0.1079360 -5.0809447E-02 1.3390579E-02 8.2958132E-02 0.1564192 0.2325449 0.3102560 0.3885596 0.4664479 0.5428499 0.6165720 0.6862961 0.7505812 0.8079200 0.8568085 0.8958626 0.9239428 0.9403005 0.9446942 0.9374599 0.9194882 0.8921033 0.8568616 0.8153207 0.7688658 0.7186413 0.6656495 0.6109269 0.5556754 0.5011165 0.4482106 0.3974708 0.3494253 0.3057165 0.2693772 0.2410486 0.2176926 0.1967491 0.1772022 0.1587878 0.1414050
-0.3050313 -0.3275153 -0.3487363 -0.3672476 -0.3809554 -0.3873047 -0.3830917 -0.3651292 -0.3312208 -0.2841958 -0.2391837 -0.2192741 -0.2206641 -0.2191025 -0.2022172 -0.1682600 -0.1195459 -5.8996584E-02 1.0490953E-02 8.6630940E-02 0.1674876 0.2516162 0.3377296 0.4247504 0.5115374 0.5969383 0.6796037 0.7580732 0.8306873 0.8957227 0.9514060 0.9961064 1.028440 1.047491 1.052930 1.045136 1.025156 0.9945641 0.9551962 0.9088358 0.8569995 0.8008140 0.7412382 0.6793165 0.6165243 0.5543820 0.4939308 0.4347995 0.3755680 0.3176186 0.2723647 0.2446293 0.2240185 0.2043999 0.1849474 0.1660714 0.1479476
-0.3291039 -0.3540860 -0.3774200 -0.3976516 -0.4117557 -0.4166969 -0.4073943 -0.3789065 -0.3250323 -0.2460186 -0.1669524 -0.1502541 -0.1849562 -0.2096321 -0.2072820 -0.1789293 -0.1307099 -6.7006499E-02 7.5827353E-03 9.0392306E-02 0.1786827 0.2710055 0.3656423 0.4616086 0.5574675 0.6521236 0.7439489 0.8314425 0.9126323 0.9856468 1.048373 1.098969 1.135763 1.157679 1.164295 1.156023 1.134110 1.100354 1.056959 1.005869 0.9488389 0.8868207 0.8208657 0.7518294 0.6818485 0.6126621 0.5460731 0.4800426 0.4089374 0.3252049 0.2615089 0.2403440 0.2274780 0.2111230 0.1922460 0.1732390 0.1543507
-0.3531650 -0.3806781 -0.4060951 -0.4280694 -0.4424970 -0.4459811 -0.4313296 -0.3918654 -0.3167110 -0.2026602 -8.4597714E-02 -7.1918592E-02 -0.1449384 -0.1983838 -0.2116895 -0.1893083 -0.1418121 -7.4991211E-02 4.6394304E-03 9.4143577E-02 0.1898525 0.2904072 0.3935708 0.4985237 0.6034696 0.7074252 0.8084359 0.9050008 0.9948000 1.075841 1.145646 1.202179 1.243465 1.268276 1.276090 1.267353 1.243522 1.206608 1.159214 1.103409 1.041235 0.9734085 0.9011393 0.8250102 0.7479659 0.6718928 0.5996469 0.5273322 0.4446984 0.3318109 0.2464805 0.2339055 0.2302061 0.2176065 0.1993868 0.1803443 0.1606669
-0.3769938 -0.4069445 -0.4345304 -0.4582053 -0.4732042 -0.4754737 -0.4564139 -0.4077015 -0.3158916 -0.1770211 -3.5375543E-02 -2.4267845E-02 -0.1198980 -0.1935272 -0.2185788 -0.2007920 -0.1532440 -8.3165526E-02 1.6608974E-03 9.7751498E-02 0.2008675 0.3094885 0.4211037 0.5348586 0.6487768 0.7618335 0.8718824 0.9773096 1.075548 1.164408 1.241120 1.303411 1.349043 1.376624 1.385541 1.376281 1.350472 1.310373 1.258893 1.198316 1.130840 1.057118 0.9783438 0.8950558 0.8105901 0.7271396 0.6478205 0.5675198 0.4729947 0.3415442 0.2440655 0.2341229 0.2350968 0.2246339 0.2067583 0.1873987 0.1670037
-0.4003027 -0.4326225 -0.4624021 -0.4878304 -0.5037025 -0.5053625 -0.4833461 -0.4283365 -0.3261201 -0.1737977 -2.1277275E-02 -9.9100173E-03 -0.1146431 -0.1982936 -0.2297105 -0.2140713 -0.1653045 -9.1563053E-02 -1.4038059E-03 0.1011717 0.2115496 0.3279878 0.4478077 0.5700515 0.6926333 0.8144295 0.9331571 1.047048 1.153335 1.249608 1.332848 1.400536 1.450209 1.480312 1.490149 1.480249 1.452383 1.409043 1.353396 1.287943 1.215010 1.135265 1.049878 0.9594178 0.8674208 0.7763142 0.6892658 0.6007310 0.4968382 0.3556673 0.2520390 0.2410533 0.2427364 0.2326083 0.2144635 0.1944960 0.1733304
-0.4228317 -0.4574450 -0.4893970 -0.5166530 -0.5336912 -0.5354262 -0.5118918 -0.4533176 -0.3454604 -0.1864797 -2.8887298E-02 -1.6530044E-02 -0.1239915 -0.2112734 -0.2448422 -0.2290511 -0.1779396 -0.1000981 -4.5348424E-03 0.1043779 0.2217574 0.3456712 0.4733080 0.6036058 0.7343845 0.8644154 0.9912912 1.113090 1.226862 1.329986 1.419217 1.491814 1.545111 1.577408 1.587943 1.577273 1.547298 1.500708 1.440897 1.370565 1.292173 1.206454 1.114610 1.017284 0.9181645 0.8198754 0.7257089 0.6301572 0.5194642 0.3723812 0.2646900 0.2515748 0.2522388 0.2413649 0.2224422 0.2016349 0.1796107
-0.4443538 -0.4811576 -0.5152202 -0.5443413 -0.5627676 -0.5651379 -0.5411940 -0.4809834 -0.3703676 -0.2081269 -4.7824066E-02 -3.4248549E-02 -0.1418282 -0.2294783 -0.2626323 -0.2450881 -0.1908157 -0.1085810 -7.6501630E-03 0.1073671 0.2313915 0.3623463 0.4973069 0.6351197 0.7735136 0.9111617 1.045537 1.174573 1.295152 1.404462 1.499058 1.576001 1.632455 1.666594 1.677602 1.666066 1.633992 1.584242 1.520404 1.445364 1.361728 1.270331 1.172461 1.068863 0.9633698 0.8587750 0.7585349 0.6572796 0.5414464 0.3899970 0.2789637 0.2635733 0.2626444 0.2505360 0.2305400 0.2087466 0.1857963
-0.4646785 -0.5035363 -0.5396085 -0.5705680 -0.5905021 -0.5938620 -0.5702211 -0.5095294 -0.3977252 -0.2338813 -7.2012380E-02 -5.7149678E-02 -0.1636760 -0.2501595 -0.2815496 -0.2613595 -0.2034840 -0.1167731 -1.0637380E-02 0.1101547 0.2403884 0.3778718 0.5195885 0.6643009 0.8096550 0.9542285 1.095383 1.230923 1.357575 1.472361 1.571662 1.652371 1.711511 1.747154 1.758447 1.746000 1.711915 1.659197 1.591604 1.512191 1.423713 1.327130 1.223837 1.114697 1.003672 0.8937008 0.7883691 0.6824314 0.5624250 0.4074629 0.2936092 0.2759699 0.2732952 0.2597762 0.2385843 0.2157336 0.1918308
-0.4836516 -0.5244021 -0.5623433 -0.5950550 -0.6165063 -0.6210228 -0.5980589 -0.5374997 -0.4252940 -0.2606215 -9.7630918E-02 -8.1518292E-02 -0.1866186 -0.2712950 -0.3003337 -0.2771201 -0.2155247 -0.1244451 -1.3389671E-02 0.1127685 0.2487113 0.3921595 0.5400167 0.6909714 0.8425906 0.9933655 1.140555 1.281844 1.413827 1.533382 1.636741 1.720661 1.782049 1.818902 1.830336 1.816990 1.781047 1.725633 1.654653 1.571313 1.478509 1.377329 1.269283 1.155346 1.039597 0.9250788 0.8154856 0.7056545 0.5822009 0.4242326 0.3078363 0.2881454 0.2837706 0.2688277 0.2464168 0.2225024 0.1976508
-0.5011634 -0.5436252 -0.5832667 -0.6175932 -0.6404887 -0.6461813 -0.6240405 -0.5638843 -0.4516435 -0.2865188 -0.1227203 -0.1054090 -0.2089140 -0.2915808 -0.3181028 -0.2918244 -0.2266163 -0.1314239 -1.5822798E-02 0.1152319 0.2563460 0.4051660 0.5585282 0.7150528 0.8722361 1.028488 1.180977 1.327281 1.463881 1.587533 1.694348 1.780972 1.844223 1.882041 1.893523 1.879335 1.841731 1.783937 1.709985 1.623210 1.526639 1.421475 1.309339 1.191307 1.071549 0.9531980 0.8400165 0.7269015 0.6004966 0.4399707 0.3213890 0.2997943 0.2938139 0.2775042 0.2539150 0.2289669 0.2031998
-0.5171428 -0.5611269 -0.6022813 -0.6380563 -0.6622648 -0.6690633 -0.6477465 -0.5880755 -0.4759371 -0.3105117 -0.1459857 -0.1275702 -0.2295659 -0.3102537 -0.3343293 -0.3051342 -0.2365637 -0.1376037 -1.7889868E-02 0.1175617 0.2632913 0.4168852 0.5751189 0.7365523 0.8986155 1.059647 1.216732 1.367362 1.507916 1.635050 1.744780 1.833664 1.898450 1.937037 1.948513 1.933571 1.894521 1.834677 1.758174 1.668458 1.568667 1.460109 1.344500 1.223001 1.099862 0.9782801 0.8620759 0.7461861 0.6172895 0.4545247 0.3339664 0.3106971 0.3032579 0.2856798 0.2609823 0.2350604 0.2084260
-0.5315582 -0.5768728 -0.6193492 -0.6563895 -0.6817535 -0.6895353 -0.6689714 -0.6097648 -0.4977615 -0.3321109 -0.1669949 -0.1475575 -0.2481015 -0.3269407 -0.3487516 -0.3168915 -0.2452804 -0.1429483 -1.9577146E-02 0.1197615 0.2695561 0.4273381 0.5898312 0.7555391 0.9218344 1.086990 1.248022 1.402342 1.546251 1.676322 1.788492 1.879252 1.945300 1.984504 1.995950 1.980354 1.940075 1.878499 1.799844 1.707652 1.605150 1.493735 1.375206 1.250795 1.124814 1.000516 0.8817590 0.7635108 0.6324593 0.4677873 0.3455506 0.3207631 0.3120011 0.2932656 0.2675508 0.2407267 0.2132889
-0.5444080 -0.5908689 -0.6344789 -0.6726027 -0.6989540 -0.7075790 -0.6876608 -0.6288569 -0.5169672 -0.3511048 -0.1854098 -0.1650594 -0.2643355 -0.3415128 -0.3612980 -0.3270655 -0.2527689 -0.1474719 -2.0901861E-02 0.1218264 0.2751535 0.4365657 0.6027383 0.7721273 0.9420519 1.110730 1.275116 1.432557 1.579288 1.711815 1.826016 1.918328 1.985413 2.025117 2.036527 2.020380 1.979077 1.916059 1.835618 1.741365 1.636607 1.522814 1.401850 1.275009 1.146654 1.020078 0.8991758 0.7789373 0.6460733 0.4797359 0.3559927 0.3299018 0.3199746 0.3002037 0.2735684 0.2459258 0.2177535
-0.5557159 -0.6031481 -0.6477150 -0.6867484 -0.7139258 -0.7232509 -0.7038667 -0.6453868 -0.5335770 -0.3675203 -0.2013490 -0.1801767 -0.2782896 -0.3540018 -0.3720115 -0.3357139 -0.2590863 -0.1512274 -2.1899398E-02 0.1237425 0.2801002 0.4446190 0.6139329 0.7864544 0.9594578 1.131112 1.298320 1.458377 1.607461 1.742029 1.857909 1.951500 2.019435 2.059547 2.070925 2.054326 2.012182 1.947984 1.866075 1.770129 1.663514 1.547759 1.424783 1.295929 1.165600 1.037125 0.9144235 0.7925040 0.6580806 0.4903449 0.3653501 0.3380981 0.3271413 0.3064537 0.2790013 0.2506255 0.2217950
-0.5655204 -0.6137648 -0.6591258 -0.6989101 -0.7267631 -0.7366575 -0.7176991 -0.6594698 -0.5477007 -0.3814472 -0.2148048 -0.1929208 -0.2900643 -0.3645169 -0.3810047 -0.3429399 -0.2643259 -0.1542873 -2.2618845E-02 0.1254925 0.2844136 0.4515553 0.6235153 0.7986693 0.9742522 1.148392 1.317949 1.480175 1.631204 1.767452 1.884709 1.979348 2.047978 2.088425 2.099782 2.082817 2.039996 1.974841 1.891743 1.794422 1.686294 1.568937 1.444313 1.313805 1.181850 1.051804 0.9276098 0.8042908 0.6685793 0.4996378 0.3735331 0.3453127 0.3334745 0.3119920 0.2838235 0.2548047 0.2253922
-0.5738723 -0.6227828 -0.6687922 -0.7091837 -0.7375807 -0.7479261 -0.7292998 -0.6712548 -0.5594987 -0.3930666 -0.2260528 -0.2035482 -0.2998286 -0.3732127 -0.3884178 -0.3488714 -0.2685935 -0.1567342 -2.3112306E-02 0.1270564 0.2881109 0.4574317 0.6315867 0.8089193 0.9866319 1.162818 1.334304 1.498304 1.650921 1.788536 1.906914 2.002403 2.071598 2.112320 2.123663 2.106413 2.063051 1.997135 1.913084 1.814660 1.705315 1.586665 1.460708 1.328857 1.195577 1.064247 0.9388235 0.8143448 0.6775433 0.5076181 0.3806241 0.3515596 0.3389649 0.3168017 0.2880201 0.2584459 0.2285309
-0.5808239 -0.6302710 -0.6767977 -0.7176720 -0.7464957 -0.7571917 -0.7388167 -0.6809036 -0.5691371 -0.4025342 -0.2351606 -0.2121428 -0.3077432 -0.3802483 -0.3944000 -0.3536370 -0.2719977 -0.1586490 -2.3432355E-02 0.1284153 0.2912081 0.4623029 0.6382416 0.8173417 0.9967786 1.174619 1.347659 1.513087 1.666977 1.805688 1.924962 2.021130 2.090779 2.131723 2.143062 2.125591 2.081809 2.015294 1.930495 1.831200 1.720893 1.601217 1.474199 1.341276 1.206935 1.074571 0.9481577 0.8227435 0.6850746 0.5143227 0.3865570 0.3568200 0.3436052 0.3208758 0.2915794 0.2615391 0.2311995
-0.5864289 -0.6362944 -0.6832237 -0.7244699 -0.7536200 -0.7645805 -0.7463917 -0.6885677 -0.5767813 -0.4100371 -0.2424053 -0.2189634 -0.3139806 -0.3857788 -0.3990886 -0.3573586 -0.2746370 -0.1601072 -2.3625372E-02 0.1295516 0.2937207 0.4662177 0.6435651 0.8240590 1.004854 1.183993 1.358253 1.524799 1.679686 1.819252 1.939225 2.035923 2.105927 2.147049 2.158389 2.140752 2.096650 2.029678 1.944304 1.844339 1.733289 1.612819 1.484978 1.351220 1.216050 1.082877 0.9556834 0.8295264 0.6911507 0.5197624 0.3914193 0.3611192 0.3473975 0.3242092 0.2944965 0.2640764 0.2333912
-0.5907339 -0.6409128 -0.6881413 -0.7296630 -0.7590523 -0.7702049 -0.7521470 -0.6943824 -0.5825699 -0.4157036 -0.2478315 -0.2240688 -0.3186731 -0.3899348 -0.4026054 -0.3601397 -0.2765978 -0.1611721 -2.3732848E-02 0.1304510 0.2956605 0.4692178 0.6476288 0.8291743 1.010992 1.191109 1.366285 1.533670 1.689303 1.829510 1.950007 2.047103 2.117374 2.158630 2.169975 2.152218 2.107882 2.040574 1.954777 1.854316 1.742716 1.621656 1.493201 1.358820 1.223030 1.089249 0.9614704 0.8347569 0.6958649 0.5239728 0.3951521 0.3644445 0.3503412 0.3268014 0.2967667 0.2660535 0.2350999
-0.5937791 -0.6441749 -0.6916102 -0.7333204 -0.7628736 -0.7741550 -0.7561845 -0.6984555 -0.5866216 -0.4196717 -0.2516630 -0.2276652 -0.3219455 -0.3928265 -0.4050464 -0.3620659 -0.2779481 -0.1618957 -2.3786025E-02 0.1311014 0.2970387 0.4713363 0.6504900 0.8327687 1.015299 1.196097 1.371911 1.539879 1.696030 1.836682 1.957542 2.054915 2.125372 2.166723 2.178073 2.160236 2.115741 2.048203 1.962115 1.861315 1.749334 1.627869 1.498990 1.364178 1.227957 1.093753 0.9655645 0.8384579 0.6991863 0.5269600 0.3978389 0.3668220 0.3524421 0.3286517 0.2983891 0.2674671 0.2363228
-0.5955938 -0.6461174 -0.6936732 -0.7354940 -0.7651417 -0.7764983 -0.7585766 -0.7008675 -0.5890175 -0.4220098 -0.2538856 -0.2297537 -0.3238706 -0.3945287 -0.4064830 -0.3631962 -0.2787384 -0.1623146 -2.3808843E-02 0.1314952 0.2978623 0.4725977 0.6521900 0.8349020 1.017853 1.199053 1.375242 1.543553 1.700010 1.840923 1.961997 2.059533 2.130100 2.171507 2.182861 2.164978 2.120390 2.052719 1.966461 1.865462 1.753261 1.631557 1.502429 1.367363 1.230889 1.096436 0.9680081 0.8406734 0.7011937 0.5287514 0.3994189 0.3682384 0.3537003 0.3297619 0.2993625 0.2683161 0.2370570
-0.5961967 -0.6467621 -0.6943581 -0.7362149 -0.7658942 -0.7772745 -0.7593694 -0.7016656 -0.5898113 -0.4227893 -0.2546541 -0.2304723 -0.3245106 -0.3950916 -0.4069567 -0.3635694 -0.2789985 -0.1624520 -2.3814710E-02 0.1316267 0.2981364 0.4730165 0.6527539 0.8356088 1.018699 1.200031 1.376345 1.544769 1.701327 1.842327 1.963471 2.061061 2.131664 2.173090 2.184445 2.166547 2.121930 2.054214 1.967901 1.866836 1.754562 1.632779 1.503570 1.368421 1.231862 1.097328 0.9688182 0.8414049 0.7018425 0.5293432 0.3999682 0.3687163 0.3541204 0.3301315 0.2996873 0.2685989 0.2373023
-0.5955936 -0.6461173 -0.6936732 -0.7354940 -0.7651417 -0.7764983 -0.7585766 -0.7008674 -0.5890174 -0.4220096 -0.2538854 -0.2297538 -0.3238710 -0.3945287 -0.4064830 -0.3631961 -0.2787385 -0.1623146 -2.3808751E-02 0.1314952 0.2978623 0.4725978 0.6521900 0.8349020 1.017853 1.199053 1.375242 1.543553 1.700010 1.840923 1.961997 2.059533 2.130100 2.171507 2.182861 2.164977 2.120390 2.052719 1.966461 1.865462 1.753261 1.631557 1.502429 1.367363 1.230889 1.096436 0.9680080 0.8406732 0.7011937 0.5287514 0.3994189 0.3682384 0.3537003 0.3297620 0.2993625 0.2683160 0.2370570
-0.5937791 -0.6441751 -0.6916103 -0.7333203 -0.7628736 -0.7741551 -0.7561846 -0.6984556 -0.5866219 -0.4196716 -0.2516628 -0.2276652 -0.3219455 -0.3928265 -0.4050463 -0.3620657 -0.2779481 -0.1618957 -2.3786072E-02 0.1311013 0.2970385 0.4713362 0.6504899 0.8327687 1.015299 1.196097 1.371911 1.539879 1.696030 1.836682 1.957542 2.054915 2.125372 2.166723 2.178072 2.160235 2.115741 2.048203 1.962115 1.861315 1.749334 1.627869 1.498990 1.364178 1.227957 1.093753 0.9655643 0.8384580 0.6991864 0.5269601 0.3978390 0.3668220 0.3524423 0.3286519 0.2983893 0.2674671 0.2363229
