T6-multimodels/gx/model150.grd
DSAA
         100         100
  -15.00000       15.00000    
  -15.00000       15.00000    
  -1.574004       2.169790    
[rows 25 to 49 of 100, columns 0 to 57 of 100]
-0.3420793 -0.3650623 -0.3878950 -0.4099033 -0.4302661 -0.4480774 -0.4624657 -0.4728130 -0.4790120 -0.4816516 -0.4818007 -0.4803666 -0.4772219 -0.4713406 -0.4617033 -0.4478455 -0.4299882 -0.4088070 -0.3851842 -0.3600014 -0.3340413 -0.3079307 -0.2821440 -0.2570089 -0.2327380 -0.2094454 -0.1871772 -0.1659231 -0.1456382 -0.1262483 -0.1076646 -8.9783363E-02 -7.2496384E-02 -5.5687085E-02 -3.9238609E-02 -2.3027625E-02 -6.9311387E-03 9.1815162E-03 2.5442451E-02 4.1993801E-02 5.8982298E-02 7.6568708E-02 9.4921015E-02 0.1142228 0.1346615 0.1564258 0.1796711 0.2044860 0.2308363 0.2585836 0.2875575 0.3179031 0.3498873 0.3836455 0.4191090 0.4559369 0.4936346 0.5316570
-0.3687198 -0.3943855 -0.4198476 -0.4442375 -0.4664647 -0.4852674 -0.4993860 -0.5078942 -0.5107708 -0.5095116 -0.5070733 -0.5059158 -0.5057148 -0.5036759 -0.4970310 -0.4846147 -0.4666678 -0.4442112 -0.4185103 -0.3907901 -0.3620824 -0.3331956 -0.3047127 -0.2770325 -0.2503964 -0.2249341 -0.2006849 -0.1776309 -0.1557076 -0.1348258 -0.1148738 -9.5732212E-02 -7.7270292E-02 -5.9356894E-02 -4.1853387E-02 -2.4622673E-02 -7.5197895E-03 9.6004894E-03 2.6894534E-02 4.4522703E-02 6.2662564E-02 8.1502207E-02 0.1012550 0.1221519 0.1444547 0.1684331 0.1943414 0.2223022 0.2521361 0.2832606 0.3152191 0.3482087 0.3831115 0.4205957 0.4605774 0.5024636 0.5454416 0.5887457
-0.3961183 -0.4245588 -0.4526938 -0.4794127 -0.5032438 -0.5224048 -0.5349413 -0.5392038 -0.5348119 -0.5244628 -0.5152821 -0.5149502 -0.5223718 -0.5292110 -0.5291861 -0.5203557 -0.5034705 -0.4802750 -0.4527083 -0.4224753 -0.3909669 -0.3592055 -0.3279264 -0.2975966 -0.2685081 -0.2407934 -0.2144990 -0.1895851 -0.1659791 -0.1435628 -0.1222128 -0.1017802 -8.2123213E-02 -6.3082166E-02 -4.4508848E-02 -2.6238037E-02 -8.1154285E-03 1.0033723E-02 2.8377505E-02 4.7111049E-02 6.6430904E-02 8.6573318E-02 0.1077900 0.1303939 0.1547364 0.1812548 0.2104055 0.2425409 0.2773177 0.3128853 0.3469045 0.3806058 0.4173307 0.4585026 0.5036564 0.5514752 0.6005503 0.6497539
-0.4240198 -0.4552984 -0.4861150 -0.5150902 -0.5402378 -0.5590882 -0.5685675 -0.5655950 -0.5481284 -0.5191280 -0.4939035 -0.4956985 -0.5209145 -0.5454704 -0.5572096 -0.5545523 -0.5400122 -0.5166360 -0.4874478 -0.4547431 -0.4204219 -0.3857127 -0.3515781 -0.3185175 -0.2869240 -0.2568911 -0.2285151 -0.2016924 -0.1763816 -0.1523948 -0.1296350 -0.1078842 -8.7027021E-02 -6.6836387E-02 -4.7191925E-02 -2.7861407E-02 -8.7189665E-03 1.0479833E-02 2.9875770E-02 4.9741425E-02 7.0252798E-02 9.1742665E-02 0.1144643 0.1388776 0.1654147 0.1948259 0.2279501 0.2659466 0.3088268 0.3513717 0.3841267 0.4127610 0.4492079 0.4946701 0.5464340 0.6015811 0.6578428 0.7136495
-0.4521319 -0.4863210 -0.5197691 -0.5509934 -0.5771918 -0.5953153 -0.6005367 -0.5879200 -0.5515522 -0.4917071 -0.4337987 -0.4402950 -0.5005928 -0.5533282 -0.5818913 -0.5873637 -0.5762680 -0.5529951 -0.5224696 -0.4872340 -0.4501926 -0.4124135 -0.3754745 -0.3395629 -0.3055116 -0.2730545 -0.2426489 -0.2138242 -0.1868663 -0.1612252 -0.1371180 -0.1139706 -9.1979608E-02 -7.0563398E-02 -4.9917620E-02 -2.9450743E-02 -9.3614506E-03 1.0967438E-02 3.1339873E-02 5.2426513E-02 7.4053310E-02 9.6997470E-02 0.1211582 0.1475369 0.1762725 0.2089464 0.2465817 0.2924593 0.3485618 0.4042369 0.4264615 0.4388734 0.4749133 0.5269163 0.5876178 0.6515715 0.7161294 0.7790712
-0.4801808 -0.5173010 -0.5533574 -0.5868400 -0.6140233 -0.6313572 -0.6320692 -0.6093429 -0.5527678 -0.4590155 -0.3634904 -0.3754818 -0.4758787 -0.5593119 -0.6058336 -0.6197899 -0.6123847 -0.5892417 -0.5574612 -0.5196633 -0.4799457 -0.4390577 -0.3993483 -0.3605496 -0.3240724 -0.2891592 -0.2567561 -0.2259007 -0.1973282 -0.1700062 -0.1445850 -0.1200159 -9.6925184E-02 -7.4258491E-02 -5.2646607E-02 -3.1017970E-02 -1.0018266E-02 1.1467593E-02 3.2778360E-02 5.5115566E-02 7.7817947E-02 0.1022511 0.1278107 0.1562011 0.1871049 0.2231334 0.2653610 0.3196156 0.3903725 0.4612179 0.4697560 0.4626326 0.4987015 0.5579893 0.6282692 0.7013507 0.7744588 0.8446258
-0.5079103 -0.5478881 -0.5866061 -0.6223252 -0.6507062 -0.6675131 -0.6646181 -0.6335301 -0.5613306 -0.4439072 -0.3261318 -0.3411873 -0.4659224 -0.5714816 -0.6319897 -0.6530607 -0.6484966 -0.6253421 -0.5920617 -0.5517951 -0.5092996 -0.4654350 -0.4228890 -0.3813312 -0.3423688 -0.3051158 -0.2706552 -0.2378760 -0.2076271 -0.1787244 -0.1519249 -0.1260305 -0.1017734 -7.7951781E-02 -5.5304311E-02 -3.2610938E-02 -1.0628190E-02 1.1913132E-02 3.4238704E-02 5.7716720E-02 8.1574157E-02 0.1073706 0.1344056 0.1646424 0.1977468 0.2368014 0.2832495 0.3441866 0.4250034 0.5049219 0.5090604 0.4927078 0.5280363 0.5923585 0.6701367 0.7511798 0.8319388 0.9089511
-0.5350226 -0.5777892 -0.6191760 -0.6571828 -0.6870429 -0.7039237 -0.6988494 -0.6623437 -0.5807387 -0.4509999 -0.3236454 -0.3399143 -0.4754326 -0.5929239 -0.6619751 -0.6876664 -0.6846918 -0.6610479 -0.6260144 -0.5832732 -0.5379863 -0.4912394 -0.4458896 -0.4016733 -0.3602569 -0.3207514 -0.2842530 -0.2496229 -0.2177064 -0.1872851 -0.1591085 -0.1319436 -0.1065162 -8.1590548E-02 -5.7900235E-02 -3.4192022E-02 -1.1217356E-02 1.2327556E-02 3.5675816E-02 6.0236100E-02 8.5250504E-02 0.1123338 0.1408223 0.1727743 0.2079555 0.2496570 0.2995992 0.3652681 0.4519793 0.5370147 0.5423547 0.5250475 0.5613658 0.6294227 0.7127866 0.8002287 0.8874661 0.9706328
-0.5612431 -0.6067133 -0.6507342 -0.6910902 -0.7227052 -0.7403280 -0.7344906 -0.6952770 -0.6090043 -0.4737126 -0.3425427 -0.3592519 -0.4991252 -0.6220984 -0.6954039 -0.7233292 -0.7207111 -0.6960171 -0.6590073 -0.6137626 -0.5657312 -0.5161977 -0.4681410 -0.4213710 -0.3775876 -0.3359161 -0.2974475 -0.2610329 -0.2274993 -0.1956108 -0.1660949 -0.1377006 -0.1111325 -8.5137628E-02 -6.0429566E-02 -3.5738628E-02 -1.1796161E-02 1.2719142E-02 3.7062790E-02 6.2665135E-02 8.8797994E-02 0.1171078 0.1469779 0.1805227 0.2175922 0.2615840 0.3143526 0.3834638 0.4740599 0.5627406 0.5708351 0.5556430 0.5945159 0.6662363 0.7542859 0.8470492 0.9398251 1.028474
-0.5863276 -0.6343848 -0.6809632 -0.7236883 -0.7572613 -0.7761631 -0.7706456 -0.7306221 -0.6425288 -0.5050413 -0.3723707 -0.3892345 -0.5307865 -0.6558986 -0.7307979 -0.7592431 -0.7560318 -0.7298339 -0.6906953 -0.6429539 -0.5922702 -0.5400740 -0.4894448 -0.4402484 -0.3942170 -0.3504825 -0.3101363 -0.2720157 -0.2369349 -0.2036379 -0.1728365 -0.1432585 -0.1155928 -8.8566475E-02 -6.2878065E-02 -3.7238505E-02 -1.2364186E-02 1.3086457E-02 3.8385831E-02 6.4987518E-02 9.2185356E-02 0.1216579 0.1528202 0.1878344 0.2266003 0.2725816 0.3276851 0.3994959 0.4930685 0.5848019 0.5957689 0.5834307 0.6254639 0.7008491 0.7931176 0.8905132 0.9881420 1.081700
-0.6100680 -0.6605598 -0.7095771 -0.7546244 -0.7902514 -0.8107603 -0.8062443 -0.7665306 -0.6781451 -0.5400704 -0.4069856 -0.4238690 -0.5658482 -0.6914709 -0.7665029 -0.7944437 -0.7900392 -0.7620688 -0.7207420 -0.6705743 -0.6173688 -0.5626688 -0.5096270 -0.4581581 -0.4100158 -0.3643428 -0.3222251 -0.2824934 -0.2459455 -0.2113124 -0.1792865 -0.1485815 -0.1198670 -9.1856025E-02 -6.5229081E-02 -3.8683299E-02 -1.2916932E-02 1.3425708E-02 3.9636731E-02 6.7186438E-02 9.5392279E-02 0.1259542 0.1583184 0.1946764 0.2349680 0.2826905 0.3397841 0.4138364 0.5098683 0.6042051 0.6179472 0.6085148 0.6536648 0.7325135 0.8285950 0.9300967 1.032022 1.129976
-0.6322942 -0.6850417 -0.7363364 -0.7835966 -0.8212605 -0.8435127 -0.8403372 -0.8015061 -0.7135674 -0.5756250 -0.4425057 -0.4593694 -0.6013142 -0.7267008 -0.8011539 -0.8280642 -0.8221759 -0.7923340 -0.7488639 -0.6963946 -0.6408387 -0.5838188 -0.5285485 -0.4749766 -0.4248791 -0.3774037 -0.3336360 -0.2923969 -0.2544746 -0.2185842 -0.1854056 -0.1536350 -0.1239294 -9.4984733E-02 -6.7469038E-02 -4.0062916E-02 -1.3451960E-02 1.3736490E-02 4.0807780E-02 6.9251560E-02 9.8400831E-02 0.1299784 0.1634504 0.2010356 0.2426973 0.2919611 0.3507839 0.4267668 0.5249278 0.6215895 0.6377809 0.6310057 0.6790721 0.7610791 0.8605735 0.9657075 1.071434 1.173293
-0.6528798 -0.7076821 -0.7610629 -0.8103729 -0.8499710 -0.8739523 -0.8722238 -0.8345008 -0.7473235 -0.6098288 -0.4769174 -0.4937301 -0.6353726 -0.7602074 -0.8337802 -0.8594620 -0.8520108 -0.8203365 -0.7748422 -0.7202476 -0.6625391 -0.6034050 -0.5461021 -0.4906114 -0.4387228 -0.3895925 -0.3443032 -0.3016708 -0.2624724 -0.2254128 -0.1911575 -0.1583912 -0.1277557 -9.7935632E-02 -6.9583863E-02 -4.1369893E-02 -1.3964362E-02 1.4016935E-02 4.1895367E-02 7.1172915E-02 0.1012006 0.1337159 0.1682053 0.2069048 0.2497999 0.3004323 0.3607784 0.4384464 0.5384585 0.6371309 0.6555590 0.6511946 0.7018430 0.7866535 0.8891564 0.9974825 1.106544 1.211841
-0.6717407 -0.7283861 -0.7836416 -0.8348064 -0.8761756 -0.9017790 -0.9014564 -0.8648746 -0.7785397 -0.6415783 -0.5088799 -0.5256462 -0.6669704 -0.7911623 -0.8637860 -0.8882217 -0.8792676 -0.8458830 -0.7985405 -0.7420229 -0.6823799 -0.6213456 -0.5622160 -0.5049940 -0.4514863 -0.4008524 -0.3541771 -0.3102693 -0.2699001 -0.2317626 -0.1965136 -0.1628243 -0.1313266 -0.1006918 -7.1562901E-02 -4.2595726E-02 -1.4451332E-02 1.4268462E-02 4.2895168E-02 7.2945744E-02 0.1037824 0.1371591 0.1725750 0.2122840 0.2562849 0.3081373 0.3698282 0.4489806 0.5506279 0.6511013 0.6714463 0.6691801 0.7221299 0.8094063 0.9145409 1.025646 1.137612 1.245899
-0.6888309 -0.7471049 -0.8040173 -0.8568239 -0.8997720 -0.9268357 -0.9278027 -0.8922896 -0.8067698 -0.6703485 -0.5379205 -0.5546319 -0.6955875 -0.8191432 -0.8908551 -0.9141307 -0.9038019 -0.8688811 -0.8198912 -0.7616708 -0.7003143 -0.6375986 -0.5768464 -0.5180838 -0.4631275 -0.4111452 -0.3632198 -0.3181590 -0.2767256 -0.2376071 -0.2014489 -0.1669146 -0.1346243 -0.1032407 -7.3394984E-02 -4.3734420E-02 -1.4908141E-02 1.4490785E-02 4.3806616E-02 7.4565254E-02 0.1061424 0.1403017 0.1765574 0.2171737 0.2621645 0.3150993 0.3779795 0.4584351 0.5615066 0.6635255 0.6855981 0.6851918 0.7401214 0.8295338 0.9369441 1.050451 1.164919 1.275782
-0.7041371 -0.7638304 -0.8221831 -0.8764180 -0.9207409 -0.9490829 -0.9511855 -0.9166250 -0.8318370 -0.6958979 -0.5636698 -0.5803398 -0.7210022 -0.8439832 -0.9148782 -0.9371201 -0.9255819 -0.8893148 -0.8388892 -0.7791843 -0.7163360 -0.6521503 -0.5899774 -0.5298587 -0.4736242 -0.4204452 -0.3714073 -0.3253146 -0.2829271 -0.2429241 -0.2059454 -0.1706448 -0.1376355 -0.1055702 -7.5072363E-02 -4.4779211E-02 -1.5332207E-02 1.4686224E-02 4.4627927E-02 7.6030038E-02 0.1082762 0.1431422 0.1801506 0.2215780 0.2674471 0.3213397 0.3852648 0.4668642 0.5711884 0.6745829 0.6981080 0.6992877 0.7559519 0.8472095 0.9565772 1.072140 1.188747 1.301806
-0.7176710 -0.7785835 -0.8381706 -0.8936263 -0.9391246 -0.9685596 -0.9716364 -0.9378946 -0.8537406 -0.7182290 -0.5862191 -0.6028440 -0.7432089 -0.8656871 -0.9358721 -0.9572251 -0.9446470 -0.9072276 -0.8555716 -0.7945960 -0.7304651 -0.6650141 -0.6016117 -0.5403167 -0.4829668 -0.4287408 -0.3787239 -0.3317213 -0.2884876 -0.2476992 -0.2099879 -0.1740029 -0.1403487 -0.1076719 -7.6587237E-02 -4.5725681E-02 -1.5719363E-02 1.4855398E-02 4.5360044E-02 7.7338129E-02 0.1101834 0.1456785 0.1833563 0.2255002 0.2721436 0.3268750 0.3917133 0.4743054 0.5797063 0.6842608 0.7090829 0.7116491 0.7697756 0.8626029 0.9736330 1.090941 1.209357 1.324270
-0.7294629 -0.7914076 -0.8520355 -0.9085191 -0.9550041 -0.9853559 -0.9892489 -0.9561951 -0.8725719 -0.7374104 -0.6055413 -0.6221354 -0.7622880 -0.8843452 -0.9539352 -0.9745389 -0.9610881 -0.9226987 -0.8700079 -0.8079591 -0.7427439 -0.6762179 -0.6117687 -0.5494662 -0.4911587 -0.4360281 -0.3851641 -0.3373692 -0.2933977 -0.2519207 -0.2135669 -0.1769785 -0.1427559 -0.1095379 -7.7934369E-02 -4.6568573E-02 -1.6067544E-02 1.5000615E-02 4.6002615E-02 7.8490384E-02 0.1118630 0.1479118 0.1861753 0.2289458 0.2762620 0.3317213 0.3973472 0.4807954 0.5871283 0.6927019 0.7185858 0.7223065 0.7816935 0.8758515 0.9882842 1.107056 1.226987 1.343446
-0.7395535 -0.8023569 -0.8638489 -0.9211818 -0.9684806 -0.9995865 -1.004151 -0.9716613 -0.8884751 -0.7536086 -0.6218955 -0.6384557 -0.7783952 -0.9001024 -0.9691997 -0.9891883 -0.9750171 -0.9358285 -0.8822809 -0.8193429 -0.7532256 -0.6858029 -0.6204756 -0.5573264 -0.4982092 -0.4423125 -0.3907266 -0.3422558 -0.2976513 -0.2555829 -0.2166745 -0.1795655 -0.1448500 -0.1111633 -7.9108708E-02 -4.7305297E-02 -1.6373565E-02 1.5122641E-02 4.6557195E-02 7.9486132E-02 0.1133159 0.1498421 0.1886108 0.2319185 0.2798116 0.3358910 0.4021879 0.4863602 0.5934728 0.6998789 0.7266967 0.7314070 0.7918260 0.8870870 1.000681 1.120666 1.241846 1.359577
-0.7479891 -0.8114926 -0.8736855 -0.9317060 -0.9796617 -1.011376 -1.016479 -0.9844424 -0.9016048 -0.7669669 -0.6353384 -0.6518775 -0.7916824 -0.9131113 -0.9818150 -1.001307 -0.9865558 -0.9467208 -0.8924810 -0.8288205 -0.7619689 -0.6938129 -0.6277665 -0.5639195 -0.5041344 -0.4476020 -0.3954163 -0.3463806 -0.3012469 -0.2586816 -0.2193073 -0.1817586 -0.1466273 -0.1125433 -8.0107152E-02 -4.7932409E-02 -1.6636001E-02 1.5223742E-02 4.7024023E-02 8.0326967E-02 0.1145424 0.1514720 0.1906650 0.2344246 0.2827996 0.3393979 0.4062523 0.4910275 0.5987936 0.7059124 0.7334590 0.7389604 0.8002445 0.8964113 1.010955 1.131923 1.254116 1.372875
-0.7548162 -0.8188729 -0.8816190 -0.9401802 -0.9886514 -1.020841 -1.026366 -0.9946811 -0.9121163 -0.7776634 -0.6461381 -0.6626543 -0.8023180 -0.9235263 -0.9919199 -1.011025 -0.9958189 -0.9554780 -0.9006927 -0.8364636 -0.7690307 -0.7002940 -0.6336747 -0.5692714 -0.5089505 -0.4519083 -0.3992389 -0.3497474 -0.3041842 -0.2612162 -0.2214620 -0.1835554 -0.1480839 -0.1136757 -8.0926806E-02 -4.8448298E-02 -1.6852684E-02 1.5304284E-02 4.7404639E-02 8.1012882E-02 0.1155441 0.1528019 0.1923414 0.2364673 0.2852342 0.3422511 0.4095566 0.4948157 0.6030993 0.7107650 0.7389331 0.7450866 0.8070396 0.9039206 1.019212 1.140959 1.263949 1.383515
-0.7600769 -0.8245524 -0.8877154 -0.9466835 -0.9955409 -1.028086 -1.033926 -1.002505 -0.9201420 -0.7858192 -0.6543343 -0.6708391 -0.8104316 -0.9314779 -0.9996423 -1.018456 -1.002911 -0.9621886 -0.9069942 -0.8423355 -0.7744643 -0.7052866 -0.6382328 -0.5734052 -0.5126759 -0.4552424 -0.4022020 -0.3523594 -0.3064659 -0.2631858 -0.2231381 -0.1849536 -0.1492185 -0.1145579 -8.1566140E-02 -4.8850767E-02 -1.7022749E-02 1.5366288E-02 4.7699403E-02 8.1545770E-02 0.1163214 0.1538349 0.1936417 0.2380518 0.2871203 0.3444611 0.4121128 0.4977450 0.6064324 0.7145396 0.7431448 0.7497750 0.8122555 0.9096829 1.025544 1.147878 1.271470 1.391643
-0.7638074 -0.8285752 -0.8920290 -0.9512801 -1.000406 -1.033198 -1.039256 -1.008017 -0.9257942 -0.7915685 -0.6601464 -0.6766366 -0.8161473 -0.9370787 -1.005082 -1.023695 -1.007913 -0.9669276 -0.9114477 -0.8464904 -0.7783122 -0.7088265 -0.6414673 -0.5763422 -0.5153247 -0.4576157 -0.4043126 -0.3542217 -0.3080933 -0.2645920 -0.2243351 -0.1859530 -0.1500295 -0.1151891 -8.2023419E-02 -4.9139362E-02 -1.7144630E-02 1.5409373E-02 4.7909603E-02 8.1925258E-02 0.1168762 0.1545710 0.1945693 0.2391806 0.2884644 0.3460338 0.4139316 0.4998263 0.6087919 0.7171886 0.7461373 0.7531214 0.8159544 0.9137606 1.030018 1.152763 1.276773 1.397370
-0.7660344 -0.8309752 -0.8946005 -0.9540184 -1.003303 -1.036240 -1.042426 -1.011293 -0.9291521 -0.7949765 -0.6635580 -0.6800463 -0.8195387 -0.9404052 -1.008316 -1.026811 -1.010890 -0.9697484 -0.9141008 -0.8489667 -0.7806078 -0.7109395 -0.6433997 -0.5780973 -0.5169092 -0.4590358 -0.4055766 -0.3553372 -0.3090688 -0.2654349 -0.2250533 -0.1865523 -0.1505164 -0.1155678 -8.2298264E-02 -4.9312461E-02 -1.7218292E-02 1.5435467E-02 4.8035316E-02 8.2153127E-02 0.1172084 0.1550126 0.1951246 0.2398573 0.2892688 0.3469758 0.4150194 0.5010722 0.6102098 0.7187992 0.7479191 0.7550958 0.8181545 0.9161890 1.032683 1.155670 1.279928 1.400774
-0.7667750 -0.8317727 -0.8954546 -0.9549277 -1.004264 -1.037249 -1.043477 -1.012380 -0.9302667 -0.7961131 -0.6647230 -0.6812052 -0.8206670 -0.9415098 -1.009388 -1.027845 -1.011878 -0.9706852 -0.9149816 -0.8497895 -0.7813703 -0.7116420 -0.6440420 -0.5786815 -0.5174362 -0.4595087 -0.4059973 -0.3557088 -0.3093936 -0.2657160 -0.2252925 -0.1867523 -0.1506785 -0.1156944 -8.2389809E-02 -4.9370524E-02 -1.7242763E-02 1.5443873E-02 4.8077401E-02 8.2228735E-02 0.1173193 0.1551595 0.1953100 0.2400823 0.2895370 0.3472890 0.4153820 0.5014857 0.6106755 0.7193117 0.7485158 0.7557710 0.8188906 0.9169974 1.033568 1.156636 1.280975 1.401904
