T6-multimodels/gx/model60.grd
DSAA
         100         100
  -15.00000       15.00000    
  -15.00000       15.00000    
  -1.967934       2.660909    
[rows 0 to 25 of 100, columns 0 to 57 of 100]
-2.6588991E-02 -2.6520781E-02 -2.6351243E-02 -2.6072521E-02 -2.5677437E-02 -2.5159014E-02 -2.4511455E-02 -2.3729298E-02 -2.2808628E-02 -2.1746403E-02 -2.0542283E-02 -1.9190220E-02 -1.7692043E-02 -1.6053785E-02 -1.4276738E-02 -1.2365635E-02 -1.0326060E-02 -8.1653902E-03 -5.8915876E-03 -3.5142263E-03 -1.0435106E-03 1.5092082E-03 4.1320049E-03 6.8119965E-03 9.5359422E-03 1.2289848E-02 1.5059428E-02 1.7829860E-02 2.0586118E-02 2.3312831E-02 2.5994668E-02 2.8616132E-02 3.1161817E-02 3.3616520E-02 3.5965420E-02 3.8194075E-02 4.0288761E-02 4.2236570E-02 4.4025537E-02 4.5644984E-02 4.7085498E-02 4.8339233E-02 4.9399853E-02 5.0262935E-02 5.0925627E-02 5.1387332E-02 5.1648773E-02 5.1712964E-02 5.1582795E-02 5.1267717E-02 5.0776940E-02 5.0109975E-02 4.9282167E-02 4.8304588E-02 4.7187541E-02 4.5942362E-02 4.4580895E-02 4.3114711E-02
-2.9217452E-02 -2.9201347E-02 -2.9073784E-02 -2.8825860E-02 -2.8448664E-02 -2.7934313E-02 -2.7275342E-02 -2.6465712E-02 -2.5499770E-02 -2.4373315E-02 -2.3081824E-02 -2.1629898E-02 -2.0016586E-02 -1.8239463E-02 -1.6304329E-02 -1.4216240E-02 -1.1982230E-02 -9.6099861E-03 -7.1089994E-03 -4.4896225E-03 -1.7636587E-03 1.0564298E-03 3.9569479E-03 6.9236849E-03 9.9415909E-03 1.2995175E-02 1.6068252E-02 1.9144358E-02 2.2206504E-02 2.5237517E-02 2.8220052E-02 3.1136656E-02 3.3969853E-02 3.6702409E-02 3.9317388E-02 4.1798294E-02 4.4129364E-02 4.6295721E-02 4.8283614E-02 5.0080627E-02 5.1675934E-02 5.3060334E-02 5.4226689E-02 5.5169683E-02 5.5886451E-02 5.6375965E-02 5.6639966E-02 5.6681667E-02 5.6508183E-02 5.6122977E-02 5.5532996E-02 5.4758370E-02 5.3804278E-02 5.2682512E-02 5.1406994E-02 4.9991291E-02 4.8448879E-02 4.6793420E-02
-3.2127503E-02 -3.2175876E-02 -3.2102052E-02 -3.1895123E-02 -3.1544942E-02 -3.1041622E-02 -3.0376714E-02 -2.9542264E-02 -2.8532226E-02 -2.7341824E-02 -2.5969541E-02 -2.4408007E-02 -2.2658743E-02 -2.0728303E-02 -1.8618383E-02 -1.6334808E-02 -1.3884617E-02 -1.1277121E-02 -8.5225319E-03 -5.6329565E-03 -2.6213399E-03 4.9794908E-04 3.7097780E-03 6.9979480E-03 1.0345819E-02 1.3735841E-02 1.7150044E-02 2.0569850E-02 2.3976333E-02 2.7350107E-02 3.0671693E-02 3.3921350E-02 3.7079323E-02 4.0125974E-02 4.3041985E-02 4.5808446E-02 4.8407197E-02 5.0821099E-02 5.3034160E-02 5.5032015E-02 5.6801982E-02 5.8333483E-02 5.9618030E-02 6.0649760E-02 6.1425060E-02 6.1943393E-02 6.2206227E-02 6.2218051E-02 6.1983801E-02 6.1515972E-02 6.0827240E-02 5.9919946E-02 5.8813952E-02 5.7524476E-02 5.6065999E-02 5.4454014E-02 5.2704465E-02 5.0832786E-02
-3.5350956E-02 -3.5478950E-02 -3.5472639E-02 -3.5319526E-02 -3.5007097E-02 -3.4524072E-02 -3.3859685E-02 -3.3004943E-02 -3.1951565E-02 -3.0693201E-02 -2.9223489E-02 -2.7546532E-02 -2.5660759E-02 -2.3563450E-02 -2.1261349E-02 -1.8760741E-02 -1.6070466E-02 -1.3200441E-02 -1.0162802E-02 -6.9707823E-03 -3.6394456E-03 -1.8466380E-04 3.3762262E-03 7.0253215E-03 1.0743711E-02 1.4511956E-02 1.8309770E-02 2.2116503E-02 2.5910858E-02 2.9671187E-02 3.3375472E-02 3.7001487E-02 4.0526811E-02 4.3929141E-02 4.7186326E-02 5.0276674E-02 5.3179245E-02 5.5874117E-02 5.8342751E-02 6.0568281E-02 6.2535994E-02 6.4233340E-02 6.5650612E-02 6.6780694E-02 6.7619860E-02 6.8167076E-02 6.8425104E-02 6.8398930E-02 6.8098500E-02 6.7530341E-02 6.6705145E-02 6.5648519E-02 6.4369820E-02 6.2885813E-02 6.1215535E-02 5.9377529E-02 5.7390124E-02 5.5271510E-02
-3.8923908E-02 -3.9149199E-02 -3.9227385E-02 -3.9143208E-02 -3.8882285E-02 -3.8430568E-02 -3.7775688E-02 -3.6906041E-02 -3.5812493E-02 -3.4487676E-02 -3.2928266E-02 -3.1124907E-02 -2.9078709E-02 -2.6796876E-02 -2.4281722E-02 -2.1540577E-02 -1.8582534E-02 -1.5419608E-02 -1.2065039E-02 -8.5343914E-03 -4.8443386E-03 -1.0131844E-03 2.9398580E-03 6.9943927E-03 1.1129459E-02 1.5323092E-02 1.9552832E-02 2.3795428E-02 2.8027231E-02 3.2223854E-02 3.6360662E-02 4.0412482E-02 4.4353966E-02 4.8159674E-02 5.1804274E-02 5.5262759E-02 5.8510911E-02 6.1525572E-02 6.4284988E-02 6.6769488E-02 6.8961628E-02 7.0846774E-02 7.2413258E-02 7.3653042E-02 7.4561395E-02 7.5137839E-02 7.5385012E-02 7.5309694E-02 7.4919894E-02 7.4232757E-02 7.3266059E-02 7.2026476E-02 7.0540443E-02 6.8829313E-02 6.6913508E-02 6.4814471E-02 6.2553830E-02 6.0152378E-02
-4.2885967E-02 -4.3230053E-02 -4.3412682E-02 -4.3416250E-02 -4.3223102E-02 -4.2817000E-02 -4.2182341E-02 -4.1305795E-02 -4.0175226E-02 -3.8781028E-02 -3.7114203E-02 -3.5177834E-02 -3.2969505E-02 -3.0486209E-02 -2.7735986E-02 -2.4726918E-02 -2.1470426E-02 -1.7979551E-02 -1.4270098E-02 -1.0359334E-02 -6.2666717E-03 -2.0124922E-03 2.3812433E-03 6.8918555E-03 1.1495635E-02 1.6168253E-02 2.0884488E-02 2.5618594E-02 3.0344008E-02 3.5033617E-02 3.9659645E-02 4.4193819E-02 4.8607379E-02 5.2871335E-02 5.6956641E-02 6.0834434E-02 6.4476617E-02 6.7856066E-02 7.0947379E-02 7.3727198E-02 7.6174989E-02 7.8273229E-02 8.0008283E-02 8.1370309E-02 8.2354225E-02 8.2959026E-02 8.3188958E-02 8.3051816E-02 8.2561843E-02 8.1730299E-02 8.0573715E-02 7.9125457E-02 7.7401400E-02 7.5425595E-02 7.3224492E-02 7.0823766E-02 6.8248443E-02 6.5523021E-02
-4.7281627E-02 -4.7769658E-02 -4.8081130E-02 -4.8194703E-02 -4.8089825E-02 -4.7746398E-02 -4.7146253E-02 -4.6272453E-02 -4.5111183E-02 -4.3651190E-02 -4.1886397E-02 -3.9804708E-02 -3.7406553E-02 -3.4700014E-02 -3.1688392E-02 -2.8381240E-02 -2.4790706E-02 -2.0932628E-02 -1.6824581E-02 -1.2486950E-02 -7.9414230E-03 -3.2115525E-03 1.6781823E-03 6.7020021E-03 1.1833638E-02 1.7045734E-02 2.2310439E-02 2.7598947E-02 3.2881860E-02 3.8128812E-02 4.3308809E-02 4.8389960E-02 5.3339750E-02 5.8125075E-02 6.2712632E-02 6.7069046E-02 7.1161546E-02 7.4958391E-02 7.8429513E-02 8.1547327E-02 8.4287196E-02 8.6628348E-02 8.8554211E-02 9.0053357E-02 9.1119282E-02 9.1751620E-02 9.1954716E-02 9.1738917E-02 9.1117099E-02 9.0113342E-02 8.8753156E-02 8.7050222E-02 8.5040532E-02 8.2754552E-02 8.0221422E-02 7.7471040E-02 7.4533090E-02 7.1435630E-02
-5.2159805E-02 -5.2822154E-02 -5.3291257E-02 -5.3542230E-02 -5.3550009E-02 -5.3290993E-02 -5.2742533E-02 -5.1884778E-02 -5.0699770E-02 -4.9173087E-02 -4.7291785E-02 -4.5057379E-02 -4.2466220E-02 -3.9515063E-02 -3.6213860E-02 -3.2573424E-02 -2.8609049E-02 -2.4338365E-02 -1.9782446E-02 -1.4964229E-02 -9.9090952E-03 -4.6434230E-03 8.0472964E-04 6.4067165E-03 1.2132888E-02 1.7953081E-02 2.3836184E-02 2.9750478E-02 3.5663217E-02 4.1540775E-02 4.7348458E-02 5.3050522E-02 5.8610115E-02 6.3989587E-02 6.9150575E-02 7.4054465E-02 7.8662954E-02 8.2938634E-02 8.6845927E-02 9.0351783E-02 9.3426786E-02 9.6045680E-02 9.8188736E-02 9.9841759E-02 0.1009975 0.1016549 0.1018204 0.1015063 0.1007333 9.9520333E-02 9.7892866E-02 9.5895976E-02 9.3555488E-02 9.0906329E-02 8.7985821E-02 8.4829874E-02 8.1472978E-02 7.7948213E-02
-5.7575107E-02 -5.8447387E-02 -5.9109032E-02 -5.9529953E-02 -5.9680682E-02 -5.9532128E-02 -5.9057597E-02 -5.8232002E-02 -5.7034545E-02 -5.5448104E-02 -5.3462405E-02 -5.1061552E-02 -4.8244990E-02 -4.5021944E-02 -4.1397478E-02 -3.7384596E-02 -3.3000104E-02 -2.8265582E-02 -2.3204921E-02 -1.7845368E-02 -1.2215608E-02 -6.3462243E-03 -2.6857015E-04 5.9848242E-03 1.2381193E-02 1.8886797E-02 2.5467522E-02 3.2088175E-02 3.8712822E-02 4.5304097E-02 5.1823523E-02 5.8230974E-02 6.4484917E-02 7.0542365E-02 7.6359279E-02 8.1890784E-02 8.7091953E-02 9.1918647E-02 9.6328363E-02 0.1002815 0.1037424 0.1066805 0.1090715 0.1108985 0.1121520 0.1128316 0.1129445 0.1125064 0.1115379 0.1100739 0.1081519 0.1057968 0.1030590 9.9982500E-02 9.6609332E-02 9.2981689E-02 8.9140527E-02 8.5123926E-02
-6.3587181E-02 -6.4712100E-02 -6.5607496E-02 -6.6238075E-02 -6.6567890E-02 -6.6562489E-02 -6.6188611E-02 -6.5416582E-02 -6.4219639E-02 -6.2576041E-02 -6.0467016E-02 -5.7891563E-02 -5.4844376E-02 -5.1322103E-02 -4.7337789E-02 -4.2906608E-02 -3.8049858E-02 -3.2792117E-02 -2.7162319E-02 -2.1191575E-02 -1.4913624E-02 -8.3630029E-03 -1.5756610E-03 5.4122559E-03 1.2563934E-02 1.9842409E-02 2.7209917E-02 3.4628093E-02 4.2057332E-02 4.9456682E-02 5.6783404E-02 6.3992843E-02 7.1038097E-02 7.7870339E-02 8.4438801E-02 9.0691313E-02 9.6575119E-02 0.1020377 0.1070283 0.1114988 0.1154061 0.1187124 0.1213882 0.1234122 0.1247732 0.1254701 0.1255127 0.1249201 0.1237236 0.1219540 0.1196513 0.1168784 0.1136766 0.1100974 0.1061940 0.1020174 9.7615182E-02 9.3032375E-02
-7.0261709E-02 -7.1689367E-02 -7.2868213E-02 -7.3755585E-02 -7.4308902E-02 -7.4485801E-02 -7.4246623E-02 -7.3554099E-02 -7.2376586E-02 -7.0688076E-02 -6.8471797E-02 -6.5706514E-02 -6.2390275E-02 -5.8534171E-02 -5.4146305E-02 -4.9245395E-02 -4.3855570E-02 -3.8007256E-02 -3.1733904E-02 -2.5072735E-02 -1.8062331E-02 -1.0742881E-02 -3.1547358E-03 4.6611968E-03 1.2664395E-02 2.0813923E-02 2.9068781E-02 3.7386980E-02 4.5725606E-02 5.4039720E-02 6.2282450E-02 7.0404068E-02 7.8351989E-02 8.6070657E-02 9.3501695E-02 0.1005843 0.1072563 0.1134551 0.1191195 0.1241912 0.1286169 0.1323505 0.1353548 0.1376036 0.1390825 0.1397905 0.1397391 0.1389526 0.1374644 0.1353263 0.1325945 0.1293126 0.1255526 0.1213794 0.1168541 0.1120368 0.1069844 0.1017487
-7.7669673E-02 -7.9459719E-02 -8.0980539E-02 -8.2181789E-02 -8.3011597E-02 -8.3419360E-02 -8.3355777E-02 -8.2776174E-02 -8.1640236E-02 -7.9915047E-02 -7.7572964E-02 -7.4609064E-02 -7.1015812E-02 -6.6790387E-02 -6.1950937E-02 -5.6519896E-02 -5.0528053E-02 -4.4010967E-02 -3.7009455E-02 -2.9566756E-02 -2.1728525E-02 -1.3540493E-02 -5.0489614E-03 3.7006629E-03 1.2663214E-02 2.1794256E-02 3.1049084E-02 4.0382624E-02 4.9748380E-02 5.9097849E-02 6.8379708E-02 7.7539146E-02 8.6517312E-02 9.5251225E-02 0.1036737 0.1117139 0.1192984 0.1263521 0.1328011 0.1385739 0.1436050 0.1478366 0.1512223 0.1537288 0.1553382 0.1560483 0.1558745 0.1548468 0.1530134 0.1504250 0.1471449 0.1432635 0.1388469 0.1339718 0.1287154 0.1231503 0.1173429 0.1113542
-8.5888147E-02 -8.8110253E-02 -9.0043031E-02 -9.1625690E-02 -9.2796497E-02 -9.3493126E-02 -9.3656279E-02 -9.3229979E-02 -9.2165992E-02 -9.0424404E-02 -8.7978475E-02 -8.4799133E-02 -8.0882646E-02 -7.6243356E-02 -7.0894912E-02 -6.4865448E-02 -5.8191080E-02 -5.0916139E-02 -4.3088764E-02 -3.4761131E-02 -2.5986072E-02 -1.6816977E-02 -7.3059723E-03 2.4957175E-03 1.2538783E-02 2.2774657E-02 3.3155628E-02 4.3633357E-02 5.4158494E-02 6.4678930E-02 7.5139269E-02 8.5479371E-02 9.5633872E-02 0.1055315 0.1150952 0.1242422 0.1328854 0.1409351 0.1483009 0.1548953 0.1606363 0.1654519 0.1692830 0.1720874 0.1738414 0.1745425 0.1742088 0.1728792 0.1706075 0.1674729 0.1635628 0.1589504 0.1537422 0.1480346 0.1419178 0.1354778 0.1287937 0.1219357
-9.4998784E-02 -9.7735204E-02 -0.1001619 -0.1022070 -0.1037952 -0.1048517 -0.1053028 -0.1050807 -0.1041242 -0.1023831 -9.9816084E-02 -9.6412048E-02 -9.2160717E-02 -8.7061122E-02 -8.1140019E-02 -7.4432060E-02 -6.6983551E-02 -5.8847468E-02 -5.0083105E-02 -4.0751953E-02 -3.0916909E-02 -2.0639228E-02 -9.9786846E-03 1.0080112E-03 1.2266467E-02 2.3744807E-02 3.5392113E-02 4.7157805E-02 5.8989856E-02 7.0833422E-02 8.2629167E-02 9.4312005E-02 0.1058096 0.1170419 0.1279204 0.1383488 0.1482236 0.1574368 0.1658781 0.1734390 0.1800173 0.1855214 0.1898765 0.1930272 0.1949434 0.1956203 0.1950818 0.1933761 0.1905792 0.1867752 0.1820658 0.1765855 0.1704399 0.1637448 0.1566136 0.1491499 0.1414466 0.1335856
-0.1050879 -0.1084338 -0.1114514 -0.1140540 -0.1161516 -0.1176520 -0.1184661 -0.1185091 -0.1177068 -0.1159979 -0.1133402 -0.1096931 -0.1050507 -9.9432983E-02 -9.2863567E-02 -8.5386336E-02 -7.7057049E-02 -6.7942247E-02 -5.8113024E-02 -4.7644142E-02 -3.6609117E-02 -2.5079807E-02 -1.3123633E-02 -8.0418837E-04 1.1819817E-02 2.4692796E-02 3.7761919E-02 5.0974667E-02 6.4277709E-02 7.7613994E-02 9.0921357E-02 0.1041299 0.1171606 0.1299239 0.1423185 0.1542324 0.1655427 0.1761190 0.1858262 0.1945295 0.2020998 0.2084211 0.2133961 0.2169537 0.2190527 0.2196872 0.2188850 0.2167089 0.2132478 0.2086270 0.2029849 0.1964444 0.1891664 0.1812965 0.1729685 0.1643057 0.1554180 0.1463993
-0.1162437 -0.1203101 -0.1240309 -0.1273034 -0.1300180 -0.1320634 -0.1333291 -0.1337118 -0.1331179 -0.1314702 -0.1287069 -0.1248072 -0.1197576 -0.1135612 -0.1062595 -9.7907312E-02 -8.8576332E-02 -7.8347377E-02 -6.7308627E-02 -5.5549189E-02 -4.3157175E-02 -3.0215470E-02 -1.6801426E-02 -2.9850402E-03 1.1169846E-02 2.5605351E-02 4.0266991E-02 5.5102136E-02 7.0057072E-02 8.5074320E-02 0.1000898 0.1150298 0.1298090 0.1443278 0.1584713 0.1721089 0.1850953 0.1972725 0.2084747 0.2185333 0.2272855 0.2345819 0.2402967 0.2443356 0.2466443 0.2472119 0.2460748 0.2433122 0.2390474 0.2334217 0.2266016 0.2187937 0.2101678 0.2009005 0.1911592 0.1810923 0.1708281 0.1604751
-0.1285553 -0.1334688 -0.1380234 -0.1420955 -0.1455538 -0.1482618 -0.1500850 -0.1508946 -0.1505769 -0.1490373 -0.1462100 -0.1420379 -0.1365124 -0.1296633 -0.1215310 -0.1121854 -0.1017138 -9.0218142E-02 -7.7805281E-02 -6.4584091E-02 -5.0658584E-02 -3.6126178E-02 -2.1074263E-02 -5.5807587E-03 1.0286592E-02 2.6467629E-02 4.2908348E-02 5.9557147E-02 7.6362342E-02 9.3267582E-02 0.1102089 0.1271103 0.1438808 0.1604110 0.1765712 0.1922101 0.2071554 0.2212166 0.2341891 0.2458624 0.2560289 0.2644964 0.2710999 0.2757147 0.2782661 0.2787382 0.2771745 0.2736781 0.2683989 0.2615406 0.2533288 0.2439705 0.2337140 0.2227816 0.2113718 0.1996609 0.1877992 0.1759100
-0.1421086 -0.1480136 -0.1535501 -0.1585716 -0.1629186 -0.1664261 -0.1689279 -0.1702671 -0.1703013 -0.1689126 -0.1660089 -0.1615552 -0.1555339 -0.1479561 -0.1388865 -0.1284126 -0.1166460 -0.1037112 -8.9740984E-02 -7.4866265E-02 -5.9212130E-02 -4.2891663E-02 -2.6004976E-02 -8.6372895E-03 9.1392547E-03 2.7264299E-02 4.5685485E-02 6.4355165E-02 8.3225697E-02 0.1022450 0.1213514 0.1404691 0.1595028 0.1783341 0.1968177 0.2147794 0.2320158 0.2482969 0.2633709 0.2769735 0.2888404 0.2987219 0.3064016 0.3117115 0.3145501 0.3148906 0.3127887 0.3083764 0.3018592 0.2934790 0.2835153 0.2722941 0.2600902 0.2471755 0.2337966 0.2201641 0.2064512 0.1927977
-0.1569830 -0.1640404 -0.1707263 -0.1768650 -0.1822653 -0.1867254 -0.1900435 -0.1920257 -0.1924999 -0.1913236 -0.1883972 -0.1836406 -0.1770427 -0.1686478 -0.1585219 -0.1467744 -0.1335414 -0.1189789 -0.1032482 -8.6509764E-02 -6.8912320E-02 -5.0589118E-02 -3.1653408E-02 -1.2199441E-02 7.6980330E-03 2.7979171E-02 4.8596460E-02 6.9508471E-02 9.0675585E-02 0.1120529 0.1335849 0.1551985 0.1767973 0.1982548 0.2194106 0.2400653 0.2599801 0.2788781 0.2964498 0.3123639 0.3262824 0.3378811 0.3468725 0.3530313 0.3562151 0.3563832 0.3536015 0.3480425 0.3399642 0.3297094 0.3176555 0.3041544 0.2895959 0.2743210 0.2586226 0.2427479 0.2268966 0.2112226
-0.1732447 -0.1816323 -0.1896511 -0.1970929 -0.2037259 -0.2093065 -0.2135872 -0.2163343 -0.2173364 -0.2164211 -0.2134563 -0.2083896 -0.2011985 -0.1919043 -0.1806033 -0.1674284 -0.1525491 -0.1361553 -0.1184465 -9.9616535E-02 -7.9844952E-02 -5.9287380E-02 -3.8074080E-02 -1.6307343E-02 5.9349523E-03 2.8596744E-02 5.1637322E-02 7.5025938E-02 9.8734394E-02 0.1227300 0.1469674 0.1713808 0.1958757 0.2203209 0.2445412 0.2683111 0.2913522 0.3133331 0.3338746 0.3525616 0.3689627 0.3826549 0.3932572 0.4004622 0.4040721 0.4040199 0.4003872 0.3933963 0.3834004 0.3708237 0.3561459 0.3398976 0.3225261 0.3044488 0.2860250 0.2675444 0.2492319 0.2312552
-0.1909425 -0.2008505 -0.2104004 -0.2193423 -0.2273980 -0.2342703 -0.2396613 -0.2432869 -0.2449000 -0.2443015 -0.2413557 -0.2359578 -0.2280927 -0.2178195 -0.2052304 -0.1904825 -0.1737760 -0.1553441 -0.1354291 -0.1142689 -9.2078462E-02 -6.9043018E-02 -4.5310732E-02 -2.0994585E-02 3.8268976E-03 2.9102447E-02 5.4802787E-02 8.0911301E-02 0.1074170 0.1343041 0.1615433 0.1890815 0.2168311 0.2446600 0.2723806 0.2997417 0.3264217 0.3520267 0.3760947 0.3981086 0.4175175 0.4337717 0.4463627 0.4548727 0.4590195 0.4586988 0.4540019 0.4452195 0.4328058 0.4173585 0.3995295 0.3799239 0.3591626 0.3377654 0.3161536 0.2946589 0.2735302 0.2529432
-0.2100987 -0.2217273 -0.2330128 -0.2436572 -0.2533220 -0.2616480 -0.2682731 -0.2728631 -0.2751310 -0.2748570 -0.2718833 -0.2661527 -0.2576346 -0.2463447 -0.2323949 -0.2159562 -0.1972644 -0.1765966 -0.1542511 -0.1305174 -0.1056581 -7.9892613E-02 -5.3393520E-02 -2.6283937E-02 1.3560522E-03 2.9484067E-02 5.8085006E-02 8.7162443E-02 0.1167275 0.1467882 0.1773377 0.2083424 0.2397281 0.2713673 0.3030649 0.3345450 0.3654411 0.3952899 0.4235334 0.4495304 0.4725833 0.4919774 0.5070368 0.5171885 0.5220324 0.5213974 0.5153847 0.5043674 0.4889685 0.4699549 0.4481780 0.4245284 0.3997353 0.3744289 0.3491114 0.3241562 0.2998283 0.2763056
-0.2307042 -0.2442546 -0.2574803 -0.2700194 -0.2814611 -0.2913636 -0.2992921 -0.3048545 -0.3077436 -0.3077501 -0.3047616 -0.2986832 -0.2894911 -0.2772146 -0.2619108 -0.2437406 -0.2229580 -0.1998941 -0.1749118 -0.1483716 -0.1205948 -9.1848128E-02 -6.2332213E-02 -3.2185122E-02 -1.4861289E-03 2.9732216E-02 6.1474763E-02 9.3769565E-02 0.1266573 0.1601764 0.1943506 0.2291733 0.2645925 0.3004926 0.3366769 0.3728495 0.4085989 0.4433876 0.4765484 0.5072953 0.5347500 0.5579912 0.5761226 0.5883613 0.5941317 0.5931593 0.5855318 0.5717264 0.5525576 0.5291138 0.5025727 0.4739995 0.4443910 0.4145136 0.3849300 0.3560408 0.3281157 0.3013209
-0.2527098 -0.2683784 -0.2837343 -0.2983374 -0.3116763 -0.3232050 -0.3323898 -0.3387840 -0.3420821 -0.3421468 -0.3389524 -0.3325449 -0.3228715 -0.3098142 -0.2933420 -0.2735430 -0.2506752 -0.2251236 -0.1973436 -0.1677874 -0.1368604 -0.1048889 -7.2113842E-02 -3.8690135E-02 -4.6985694E-03 2.9842382E-02 6.4960308E-02 0.1007151 0.1371827 0.1744407 0.2125513 0.2515449 0.2914004 0.3320242 0.3732267 0.4146982 0.4559862 0.4964764 0.5353826 0.5717528 0.6044957 0.6324344 0.6543922 0.6693018 0.6763397 0.6750547 0.6654872 0.6482198 0.6243649 0.5953761 0.5628584 0.5283787 0.4931175 0.4579642 0.4235366 0.3902380 0.3583193 0.3279224
-0.2760242 -0.2939901 -0.3116430 -0.3284337 -0.3437177 -0.3567943 -0.3669963 -0.3738024 -0.3769698 -0.3765787 -0.3729326 -0.3662128 -0.3563536 -0.3430417 -0.3259087 -0.3048508 -0.2800825 -0.2520714 -0.2214011 -0.1886640 -0.1543794 -0.1189599 -8.2697429E-02 -4.5772746E-02 -8.2674325E-03 2.9814180E-02 6.8528615E-02 0.1079717 0.1482634 0.1895273 0.2318742 0.2753809 0.3200685 0.3658758 0.4126315 0.4600221 0.5075606 0.5545577 0.6001025 0.6430607 0.6820963 0.7157309 0.7424386 0.7607850 0.7695932 0.7681348 0.7563038 0.7347609 0.7049438 0.6689624 0.6291554 0.5875288 0.5456616 0.5045327 0.4647200 0.4265727 0.3902960 0.3559882
-0.3005091 -0.3209290 -0.3410067 -0.3600517 -0.3772237 -0.3915965 -0.4022752 -0.4086171 -0.4104869 -0.4084431 -0.4035202 -0.3965884 -0.3874778 -0.3751173 -0.3584354 -0.3369121 -0.3107048 -0.2804212 -0.2468663 -0.2108393 -0.1730303 -0.1339668 -9.4014183E-02 -5.3384867E-02 -1.2166728E-02 2.9653853E-02 7.2163932E-02 0.1155031 0.1598404 0.2053550 0.2522146 0.3005533 0.3504448 0.4018735 0.4546986 0.5086146 0.5631104 0.6174279 0.6705324 0.7210960 0.7675166 0.8079714 0.8405265 0.8632887 0.8746132 0.8733350 0.8590381 0.8323110 0.7949772 0.7499778 0.7008362 0.6506976 0.6013667 0.5537020 0.5080943 0.4647586 0.4238234 0.3853434
