T6-multimodels/gx/model60.grd
DSAA
         100         100
  -15.00000       15.00000    
  -15.00000       15.00000    
  -1.967934       2.660909    
[rows 26 to 51 of 100, columns 0 to 57 of 100]
-0.3259853 -0.3489819 -0.3715726 -0.3928699 -0.4117634 -0.4269687 -0.4372019 -0.4415084 -0.4398380 -0.4336515 -0.4258694 -0.4189095 -0.4124019 -0.4035003 -0.3893806 -0.3688135 -0.3419701 -0.3097924 -0.2734605 -0.2341025 -0.1926454 -0.1497806 -0.1059653 -6.1458986E-02 -1.6356166E-02 2.9372158E-02 7.5849898E-02 0.1232627 0.1718375 0.2218147 0.2734288 0.3268798 0.3823066 0.4397503 0.4991142 0.5601143 0.6222280 0.6846398 0.7461951 0.8053737 0.8602930 0.9087639 0.9483972 0.9767761 0.9916735 0.9913199 0.9747036 0.9419737 0.8949670 0.8378937 0.7767345 0.7163944 0.6589854 0.6046181 0.5530936 0.5044008 0.4586126 0.4157605
-0.3522311 -0.3778977 -0.4030441 -0.4265420 -0.4468956 -0.4623009 -0.4707745 -0.4706395 -0.4614801 -0.4459599 -0.4311604 -0.4247200 -0.4254897 -0.4250802 -0.4171439 -0.3996724 -0.3733344 -0.3397909 -0.3008799 -0.2582017 -0.2130229 -0.1662369 -0.1184278 -6.9906354E-02 -2.0784931E-02 2.8986914E-02 7.9566978E-02 0.1311961 0.1841601 0.2387706 0.2953336 0.3541260 0.4153598 0.4791450 0.5454411 0.6139985 0.6842976 0.7554759 0.8262731 0.8949786 0.9594359 1.017077 1.065053 1.100388 1.120236 1.122097 1.104121 1.065328 1.006409 0.9320544 0.8535391 0.7813510 0.7164420 0.6561056 0.5990181 0.5450391 0.4943220 0.4469776
-0.3789942 -0.4073980 -0.4351058 -0.4607355 -0.4822587 -0.4971994 -0.5024348 -0.4948729 -0.4724147 -0.4380025 -0.4068798 -0.4022637 -0.4204764 -0.4374003 -0.4407839 -0.4289963 -0.4044377 -0.3700857 -0.3288271 -0.2828658 -0.2339350 -0.1831449 -0.1312573 -7.8621343E-02 -2.5391603E-02 2.8520718E-02 8.3294742E-02 0.1392410 0.1966994 0.2560641 0.3177139 0.3820109 0.4492486 0.5196116 0.5931308 0.6695940 0.7485076 0.8289595 0.9096125 0.9885541 1.063391 1.131154 1.188589 1.232139 1.258444 1.264271 1.247070 1.204194 1.132557 1.031894 0.9251800 0.8401335 0.7710924 0.7069665 0.6452014 0.5862215 0.5305957 0.4787135
-0.4059768 -0.4372130 -0.4674111 -0.4951895 -0.5175940 -0.5316790 -0.5324519 -0.5150802 -0.4734712 -0.4080023 -0.3438887 -0.3437008 -0.3966149 -0.4413658 -0.4610976 -0.4569828 -0.4352678 -0.4004248 -0.3570636 -0.3077939 -0.2551596 -0.2002769 -0.1443104 -8.7471962E-02 -3.0119950E-02 2.8010646E-02 8.7001644E-02 0.1473379 0.2093284 0.2735246 0.3403242 0.4102214 0.4835666 0.5606387 0.6415471 0.7261063 0.8138904 0.9038923 0.9947816 1.084352 1.170112 1.248540 1.316208 1.368759 1.402748 1.413969 1.400217 1.357072 1.277014 1.138836 0.9833564 0.8876559 0.8216424 0.7567196 0.6912278 0.6276091 0.5670707 0.5107075
-0.4329156 -0.4670152 -0.4996726 -0.5296201 -0.5528321 -0.5660104 -0.5620607 -0.5344270 -0.4723525 -0.3727774 -0.2707312 -0.2757793 -0.3684026 -0.4435138 -0.4807178 -0.4846461 -0.4660098 -0.4307188 -0.3853257 -0.3327337 -0.2764263 -0.2174306 -0.1574039 -9.6345901E-02 -3.4885898E-02 2.7475834E-02 9.0672977E-02 0.1554089 0.2219249 0.2909618 0.3629108 0.4384189 0.5178802 0.6016772 0.6899962 0.7826760 0.8793709 0.9789611 1.080152 1.180407 1.277189 1.366365 1.444416 1.506093 1.548020 1.564903 1.555255 1.512878 1.426192 1.247736 1.037176 0.9318930 0.8710641 0.8060948 0.7370848 0.6689214 0.6034620 0.5426502
-0.4595746 -0.4964412 -0.5316387 -0.5637096 -0.5879711 -0.6004806 -0.5927418 -0.5565676 -0.4786435 -0.3551714 -0.2305945 -0.2384193 -0.3550287 -0.4518985 -0.5026438 -0.5132150 -0.4968525 -0.4609400 -0.4133182 -0.3574642 -0.2974359 -0.2344251 -0.1703319 -0.1051476 -3.9588381E-02 2.6921766E-02 9.4305679E-02 0.1633654 0.2343744 0.3081761 0.3852220 0.4662568 0.5517519 0.6421695 0.7377726 0.8384339 0.9438490 1.052836 1.164049 1.274726 1.382135 1.481697 1.569561 1.639838 1.688775 1.710292 1.702534 1.657558 1.559298 1.349883 1.103633 0.9859636 0.9236416 0.8561246 0.7828692 0.7098684 0.6395218 0.5741987
-0.4856519 -0.5252107 -0.5629671 -0.5972061 -0.6228112 -0.6352462 -0.6251596 -0.5833827 -0.4958433 -0.3598228 -0.2254033 -0.2341481 -0.3612076 -0.4696371 -0.5285012 -0.5432165 -0.5278998 -0.4908854 -0.4408099 -0.3816873 -0.3179575 -0.2510293 -0.1829433 -0.1137431 -4.4166937E-02 2.6384892E-02 9.7868711E-02 0.1711445 0.2465457 0.3249902 0.4070033 0.4934097 0.5847582 0.6815830 0.7842094 0.8925479 1.006304 1.124252 1.244950 1.365442 1.482732 1.591862 1.688528 1.766282 1.820766 1.845164 1.836754 1.786190 1.675308 1.445549 1.178637 1.048535 0.9795989 0.9068152 0.8283196 0.7501495 0.6749012 0.6050849
-0.5108733 -0.5530404 -0.5933254 -0.6297961 -0.6570257 -0.6700568 -0.6590450 -0.6143786 -0.5219681 -0.3801673 -0.2416769 -0.2505746 -0.3816658 -0.4952123 -0.5579190 -0.5744026 -0.5589145 -0.5202509 -0.4675185 -0.4051172 -0.3377598 -0.2670362 -0.1950903 -0.1220159 -4.8560303E-02 2.5892759E-02 0.1013373 0.1786821 0.2583207 0.3412360 0.4280230 0.5195771 0.6165163 0.7194369 0.8287138 0.9442846 1.065850 1.192130 1.321569 1.451021 1.577209 1.694800 1.799032 1.882913 1.941475 1.967236 1.956760 1.900022 1.778545 1.534988 1.254387 1.113422 1.036449 0.9571415 0.8728362 0.7893421 0.7092338 0.6350273
-0.5349979 -0.5796600 -0.6224004 -0.6611269 -0.6901880 -0.7043574 -0.6935083 -0.6478564 -0.5534286 -0.4092122 -0.2689730 -0.2777479 -0.4102042 -0.5255370 -0.5894386 -0.6059914 -0.5893996 -0.5486533 -0.4931336 -0.4274880 -0.3566254 -0.2822670 -0.2066381 -0.1298687 -5.2712534E-02 2.5464876E-02 0.1046901 0.1859185 0.2695958 0.3567643 0.4480796 0.5444995 0.6466994 0.7553270 0.8707930 0.9930494 1.121778 1.255635 1.392942 1.530358 1.664335 1.789184 1.899714 1.988442 2.049886 2.076057 2.063110 2.000830 1.871062 1.617450 1.326577 1.176493 1.091790 1.005849 0.9156973 0.8269691 0.7421600 0.6637461
-0.5578209 -0.6048294 -0.6499107 -0.6908505 -0.7218443 -0.7374856 -0.7274869 -0.6819760 -0.5870672 -0.4420513 -0.3011605 -0.3096874 -0.4422702 -0.5577742 -0.6214259 -0.6370412 -0.6187665 -0.5756916 -0.5173541 -0.4485648 -0.3743654 -0.2965742 -0.2174740 -0.1372235 -5.6577582E-02 2.5113825E-02 0.1079085 0.1928005 0.2802832 0.3714490 0.4670066 0.5679646 0.6750463 0.7889372 0.9100718 1.038404 1.173584 1.314198 1.458440 1.602785 1.743428 1.874363 1.990023 2.082524 2.145983 2.172077 2.156758 2.089851 1.953549 1.692242 1.393409 1.235680 1.144047 1.051928 0.9562587 0.8625891 0.7733554 0.6909861
-0.5791757 -0.6283560 -0.6756213 -0.7186700 -0.7515848 -0.7688407 -0.7600385 -0.7152489 -0.6206066 -0.4755210 -0.3343688 -0.3426211 -0.4748821 -0.5898269 -0.6525341 -0.6667069 -0.6464816 -0.6010072 -0.5399263 -0.4681560 -0.3908329 -0.3098429 -0.2275135 -0.1440213 -6.0122810E-02 2.4848012E-02 0.1109740 0.1992845 0.2903118 0.3851913 0.4846751 0.5898133 0.7013654 0.8200437 0.9462951 1.080064 1.220963 1.367502 1.517754 1.668022 1.814274 1.950232 2.070021 2.165439 2.230319 2.256123 2.238728 2.168058 2.026631 1.759277 1.453982 1.289934 1.192335 1.094715 0.9940446 0.8958559 0.8025550 0.7165385
-0.5989400 -0.6500953 -0.6993585 -0.7443585 -0.7790981 -0.7979609 -0.7904692 -0.7466352 -0.6525837 -0.5077541 -0.3665951 -0.3745543 -0.5062425 -0.6203287 -0.6818114 -0.6943654 -0.6721373 -0.6243317 -0.5606627 -0.4861265 -0.4059252 -0.3219968 -0.2366990 -0.1502244 -6.3327841E-02 2.4668615E-02 0.1138706 0.2053349 0.2996276 0.3979180 0.5009936 0.6099362 0.7255319 0.8485098 0.9793200 1.117889 1.263787 1.415450 1.570838 1.726100 1.877013 2.017072 2.140159 2.237837 2.303734 2.329187 2.310046 2.236344 2.090816 1.818654 1.508224 1.338922 1.236239 1.133844 1.028757 0.9265306 0.8295667 0.7402435
-0.6170321 -0.6699561 -0.7210108 -0.7677733 -0.8041813 -0.8245513 -0.8183374 -0.7755015 -0.6821318 -0.5376562 -0.3965082 -0.4041953 -0.5353098 -0.6484668 -0.7086769 -0.7196205 -0.6954769 -0.6454961 -0.5794520 -0.5023972 -0.4195855 -0.3329923 -0.2450007 -0.1558131 -6.6184886E-02 2.4572970E-02 0.1165829 0.2109257 0.3081926 0.4095814 0.5159058 0.6282715 0.7474825 0.8742766 1.009099 1.151856 1.302073 1.458114 1.617841 1.777270 1.932020 2.075405 2.201121 2.300554 2.367196 2.392304 2.371731 2.295600 2.146836 1.870828 1.556164 1.382564 1.275636 1.169163 1.060248 0.9544793 0.8542696 0.7619945
-0.6334097 -0.6878930 -0.7405272 -0.7888456 -0.8267371 -0.8484605 -0.8434169 -0.8015167 -0.7088133 -0.5647108 -0.4236459 -0.4310678 -0.5615770 -0.6738317 -0.7328302 -0.7422758 -0.7163765 -0.6644288 -0.5962511 -0.5169434 -0.4317976 -0.3428198 -0.2524117 -0.1607858 -6.8696313E-02 2.4552608E-02 0.1190980 0.2160377 0.3159839 0.4201550 0.5293851 0.6447963 0.7672036 0.8973473 1.035664 1.182034 1.335942 1.495689 1.659047 1.821924 1.979811 2.125882 2.253688 2.354493 2.421691 2.446491 2.424757 2.346685 2.195312 1.916226 1.598211 1.421064 1.310586 1.200671 1.088483 0.9796497 0.8766059 0.7817300
-0.6480618 -0.7039007 -0.7579042 -0.8075722 -0.8467503 -0.8696539 -0.8656363 -0.8245665 -0.7324577 -0.5886839 -0.4476468 -0.4548336 -0.5848331 -0.6962692 -0.7541757 -0.7622780 -0.7348203 -0.6811329 -0.6110754 -0.5297828 -0.4425795 -0.3514942 -0.2589461 -0.1651540 -7.0873670E-02 2.4596533E-02 0.1214037 0.2206592 0.3229904 0.4296315 0.5414304 0.6595204 0.7847220 0.9177737 1.059100 1.208557 1.365590 1.528443 1.694816 1.860528 2.020966 2.169196 2.298667 2.400547 2.468168 2.492707 2.470042 2.390426 2.237003 1.955450 1.634661 1.454643 1.341252 1.228461 1.113505 1.002055 0.8965658 0.7994291
-0.6610036 -0.7180033 -0.7731771 -0.8239941 -0.8642678 -0.8881751 -0.8850327 -0.8446701 -0.7530712 -0.6095852 -0.4686107 -0.4755772 -0.6050825 -0.7157940 -0.7727423 -0.7796760 -0.7508634 -0.6956686 -0.6239810 -0.5409666 -0.4519737 -0.3590514 -0.2646314 -0.1689402 -7.2734386E-02 2.4690898E-02 0.1234900 0.2247841 0.3292117 0.4380176 0.5520595 0.6724772 0.8000928 0.9356403 1.079531 1.231598 1.391250 1.556685 1.725542 1.893567 2.056069 2.206032 2.336825 2.439553 2.507498 2.531824 2.508417 2.427574 2.272497 1.988977 1.666023 1.483652 1.367856 1.252683 1.135412 1.021750 0.9141780 0.8150991
-0.6722667 -0.7302470 -0.7864040 -0.8381848 -0.8793735 -0.9041187 -0.9017034 -0.8619297 -0.7707502 -0.6274902 -0.4865167 -0.4932964 -0.6224135 -0.7325076 -0.7886390 -0.7945744 -0.7646088 -0.7081293 -0.6350520 -0.5505658 -0.4600398 -0.3655387 -0.2695057 -0.1721734 -7.4300170E-02 2.4820887E-02 0.1253484 0.2284109 0.3346539 0.4453301 0.5613028 0.6837155 0.8133892 0.9510517 1.097101 1.251349 1.413175 1.580734 1.751619 1.921520 2.085682 2.237027 2.368869 2.472263 2.540463 2.564617 2.540625 2.458816 2.302454 2.017367 1.692618 1.508373 1.390637 1.273511 1.154324 1.038817 0.9294932 0.8287691
-0.6818950 -0.7406886 -0.7976592 -0.8502328 -0.8921733 -0.9176029 -0.9157814 -0.8764839 -0.7856448 -0.6425710 -0.5016313 -0.5082401 -0.6369910 -0.7465626 -0.8020083 -0.8071110 -0.7761808 -0.7186271 -0.6443851 -0.5586631 -0.4668458 -0.3710119 -0.2736126 -0.1748869 -7.5594947E-02 2.4970505E-02 0.1269716 0.2315405 0.3393285 0.4515924 0.5691993 0.6932932 0.8246933 0.9641202 1.111960 1.268005 1.431610 1.600898 1.773421 1.944825 2.110310 2.262753 2.395421 2.499339 2.567737 2.591756 2.567306 2.484738 2.327343 2.041023 1.714911 1.529148 1.409837 1.291127 1.170376 1.053351 0.9425768 0.8404806
-0.6899358 -0.7493910 -0.8070191 -0.8602331 -0.9027765 -0.9287546 -0.9274054 -0.8884873 -0.7979130 -0.6549749 -0.5140157 -0.5204877 -0.6489723 -0.7581191 -0.8130061 -0.8174270 -0.7857097 -0.7272768 -0.6520806 -0.5653428 -0.4724622 -0.3755269 -0.2769964 -0.1771139 -7.6642543E-02 2.5125662E-02 0.1283537 0.2341771 0.3432496 0.4568312 0.5757903 0.7012709 0.8340889 0.9749583 1.124254 1.281753 1.446789 1.617458 1.791283 1.963876 2.130402 2.283702 2.417016 2.521340 2.589893 2.613809 2.589005 2.505852 2.347679 2.060396 1.733158 1.546220 1.425677 1.305706 1.183701 1.065452 0.9534987 0.8502824
-0.6964378 -0.7564141 -0.8145603 -0.8682748 -0.9112898 -0.9376940 -0.9367116 -0.8980843 -0.8077146 -0.6648848 -0.5239435 -0.5302956 -0.6585323 -0.7673376 -0.8217791 -0.8256612 -0.7933187 -0.7341883 -0.6582324 -0.5706854 -0.4769550 -0.3791379 -0.2796992 -0.1788867 -7.7465065E-02 2.5272440E-02 0.1294903 0.2363250 0.3464323 0.4610733 0.5811175 0.7077070 0.8416550 0.9836694 1.134116 1.292759 1.458915 1.630661 1.805496 1.979007 2.146333 2.300291 2.434097 2.538733 2.607403 2.631242 2.606170 2.522572 2.363785 2.075771 1.747728 1.559867 1.438358 1.317406 1.194421 1.075210 0.9623274 0.8582221
-0.7014443 -0.7618144 -0.8203495 -0.8744403 -0.9178070 -0.9445291 -0.9438183 -0.9054070 -0.8151851 -0.6724259 -0.5314575 -0.5377235 -0.6658044 -0.7743536 -0.8284602 -0.8319328 -0.7991176 -0.7394571 -0.6629249 -0.5747617 -0.4803837 -0.3818928 -0.2817594 -0.1802337 -7.8082949E-02 2.5399379E-02 0.1303776 0.2379892 0.3488906 0.4643439 0.5852178 0.7126539 0.8474618 0.9903448 1.141661 1.301166 1.468162 1.640712 1.816300 1.990492 2.158411 2.312853 2.447022 2.551887 2.620645 2.644428 2.619162 2.535240 2.376025 2.087471 1.758780 1.570256 1.448043 1.326361 1.202642 1.082709 0.9691240 0.8643457
-0.7049925 -0.7656369 -0.8244429 -0.8787943 -0.9224052 -0.9493460 -0.9488230 -0.9105585 -0.8204394 -0.6777338 -0.5367805 -0.5429778 -0.6709166 -0.7792834 -0.8331532 -0.8363405 -0.8031935 -0.7431628 -0.6662257 -0.5776303 -0.4827963 -0.3838310 -0.2832072 -0.1811784 -7.8512028E-02 2.5496934E-02 0.1310132 0.2391742 0.3506372 0.4666638 0.5881229 0.7161546 0.8515666 0.9950582 1.146982 1.307087 1.474668 1.647776 1.823883 1.998545 2.166870 2.321645 2.456063 2.561085 2.629902 2.653649 2.628250 2.544107 2.384579 2.095659 1.766576 1.577578 1.454867 1.332679 1.208452 1.088015 0.9739405 0.8686905
-0.7071097 -0.7679164 -0.8268818 -0.8813868 -0.9251406 -0.9522103 -0.9517963 -0.9136186 -0.8235570 -0.6808761 -0.5398979 -0.5460606 -0.6739452 -0.7822063 -0.8359379 -0.8389555 -0.8056128 -0.7453622 -0.6681859 -0.5793338 -0.4842294 -0.3849819 -0.2840666 -0.1817379 -7.8764647E-02 2.5558285E-02 0.1313952 0.2398837 0.3516810 0.4680490 0.5898563 0.7182418 0.8540118 0.9978639 1.150148 1.310607 1.478531 1.651967 1.828379 2.003316 2.171879 2.326849 2.461412 2.566525 2.635379 2.659104 2.633629 2.549357 2.389668 2.100531 1.771171 1.581913 1.458923 1.336439 1.211912 1.091179 0.9768144 0.8712857
-0.7078137 -0.7686735 -0.8276921 -0.8822474 -0.9260488 -0.9531606 -0.9527829 -0.9146329 -0.8245921 -0.6819242 -0.5409645 -0.5471107 -0.6749520 -0.7831761 -0.8368605 -0.8398224 -0.8064147 -0.7460917 -0.6688355 -0.5798987 -0.4847045 -0.3853636 -0.2843515 -0.1819233 -7.8847960E-02 2.5579216E-02 0.1315228 0.2401199 0.3520283 0.4685097 0.5904324 0.7189353 0.8548241 0.9987954 1.151198 1.311774 1.479812 1.653356 1.829869 2.004896 2.173538 2.328572 2.463182 2.568326 2.637191 2.660909 2.635408 2.551094 2.391335 2.102130 1.772719 1.583362 1.460269 1.337687 1.213061 1.092230 0.9777699 0.8721485
-0.7071097 -0.7679163 -0.8268818 -0.8813868 -0.9251404 -0.9522103 -0.9517961 -0.9136186 -0.8235574 -0.6808763 -0.5398977 -0.5460607 -0.6739450 -0.7822064 -0.8359379 -0.8389553 -0.8056127 -0.7453622 -0.6681858 -0.5793335 -0.4842293 -0.3849818 -0.2840666 -0.1817378 -7.8764603E-02 2.5558449E-02 0.1313952 0.2398838 0.3516811 0.4680493 0.5898563 0.7182418 0.8540120 0.9978639 1.150148 1.310607 1.478531 1.651967 1.828379 2.003316 2.171879 2.326849 2.461412 2.566525 2.635379 2.659103 2.633629 2.549357 2.389668 2.100531 1.771171 1.581913 1.458923 1.336439 1.211912 1.091179 0.9768143 0.8712858
-0.7049925 -0.7656367 -0.8244430 -0.8787943 -0.9224051 -0.9493460 -0.9488232 -0.9105588 -0.8204396 -0.6777341 -0.5367805 -0.5429780 -0.6709167 -0.7792835 -0.8331534 -0.8363404 -0.8031935 -0.7431626 -0.6662256 -0.5776303 -0.4827963 -0.3838310 -0.2832072 -0.1811783 -7.8512058E-02 2.5496982E-02 0.1310133 0.2391744 0.3506372 0.4666639 0.5881230 0.7161546 0.8515664 0.9950581 1.146982 1.307087 1.474668 1.647776 1.823883 1.998545 2.166870 2.321645 2.456063 2.561084 2.629903 2.653649 2.628250 2.544107 2.384579 2.095659 1.766576 1.577578 1.454867 1.332680 1.208452 1.088015 0.9739405 0.8686906
