T5-twomodels-2/gz/model120.grd
DSAA
         100         100
  -15.00000       15.00000    
  -15.00000       15.00000    
  -3.640737       6.206838    
[rows 27 to 53 of 100, columns 0 to 60 of 100]
0.2693120 0.2896446 0.3104867 0.3311915 0.3506752 0.3672632 0.3783138 0.3799090 0.3665234 0.3322898 0.2760627 0.2104562 0.1564666 0.1235176 0.1088158 0.1062808 0.1106734 0.1183087 0.1267324 0.1343461 0.1401190 0.1433951 0.1437679 0.1409963 0.1349562 0.1256051 0.1129705 9.7142115E-02 7.8279808E-02 5.6624830E-02 3.2523558E-02 6.4520631E-03 -2.0951778E-02 -4.8857182E-02 -7.6215297E-02 -0.1017460 -0.1239519 -0.1411569 -0.1515944 -0.1535184 -0.1453528 -0.1258349 -9.4175339E-02 -5.0194979E-02 5.4663979E-03 7.1031272E-02 0.1428774 0.2141324 0.2723528 0.2986003 0.2750340 0.2023006 9.9899948E-02 -1.1682184E-02 -0.1202095 -0.2203438 -0.3103841 -0.3902904 -0.4606491 -0.5222725 -0.5759678
0.2678129 0.2895417 0.3116142 0.3332035 0.3526991 0.3676589 0.3736546 0.3634772 0.3242359 0.2364696 8.4372588E-02 -9.8231189E-02 -0.2395842 -0.3192427 -0.3563209 -0.3691641 -0.3692821 -0.3632894 -0.3551241 -0.3471318 -0.3407486 -0.3368512 -0.3359597 -0.3383818 -0.3442616 -0.3536537 -0.3665121 -0.3827297 -0.4020970 -0.4243187 -0.4489515 -0.4754000 -0.5028415 -0.5302078 -0.5561133 -0.5788482 -0.5963449 -0.6062221 -0.6058257 -0.5923385 -0.5628580 -0.5144873 -0.4443143 -0.3493316 -0.2261812 -7.0913903E-02 0.1211071 0.3531755 0.6170712 0.8634130 1.003817 1.005212 0.9175630 0.7986344 0.6778899 0.5658989 0.4656615 0.3772548 0.2999213 0.2325566 0.1741668
0.2610985 0.2843270 0.3074636 0.3299958 0.3491033 0.3621338 0.3615151 0.3365020 0.2605785 8.6015396E-02 -0.2628715 -0.7109364 -1.023553 -1.176312 -1.244116 -1.269991 -1.275710 -1.271787 -1.264060 -1.255774 -1.248795 -1.244292 -1.242864 -1.244938 -1.250635 -1.260064 -1.273125 -1.289720 -1.309567 -1.332328 -1.357450 -1.384209 -1.411597 -1.438266 -1.462502 -1.482078 -1.494355 -1.496086 -1.483691 -1.452983 -1.399573 -1.318317 -1.203588 -1.047993 -0.8418641 -0.5701835 -0.2093530 0.2787402 0.9385394 1.708377 2.281574 2.475494 2.430529 2.308436 2.175873 2.051523 1.940890 1.843601 1.759240 1.685896 1.622837
0.2530544 0.2778268 0.3019603 0.3254803 0.3440782 0.3551748 0.3475732 0.3071930 0.1920910 -7.7573560E-02 -0.6537164 -1.414702 -1.923144 -2.155427 -2.255783 -2.295217 -2.306748 -2.304974 -2.297715 -2.289151 -2.281573 -2.276470 -2.274494 -2.276220 -2.281723 -2.291185 -2.304435 -2.321400 -2.341716 -2.365000 -2.390597 -2.417642 -2.444953 -2.470883 -2.493405 -2.509739 -2.516702 -2.510119 -2.485516 -2.437239 -2.359430 -2.244525 -2.084130 -1.866076 -1.573968 -1.180409 -0.6402020 0.1268722 1.235374 2.624119 3.718054 4.141751 4.147326 4.023098 3.878881 3.742062 3.621052 3.514788 3.423438 3.344051 3.276371
0.2489887 0.2751704 0.3004712 0.3248592 0.3433038 0.3525708 0.3392262 0.2855801 0.1399315 -0.1970106 -0.9062389 -1.836797 -2.464174 -2.754222 -2.880655 -2.931673 -2.948227 -2.948300 -2.941385 -2.932476 -2.924292 -2.918564 -2.916053 -2.917415 -2.922734 -2.932217 -2.945662 -2.962989 -2.983773 -3.007585 -3.033663 -3.061023 -3.088291 -3.113573 -3.134495 -3.147820 -3.149778 -3.135430 -3.099374 -3.034770 -2.934321 -2.788584 -2.586721 -2.313077 -1.946173 -1.450655 -0.7686540 0.1993468 1.587499 3.304982 4.656373 5.196601 5.227738 5.097952 4.941677 4.792827 4.661527 4.546643 4.448298 4.363113 4.290753
0.2500459 0.2775999 0.3041499 0.3294681 0.3481072 0.3561425 0.3387715 0.2758393 0.1109897 -0.2620963 -1.029291 -2.027727 -2.708973 -3.031300 -3.174644 -3.233881 -3.254079 -3.255430 -3.248608 -3.239249 -3.230419 -3.224051 -3.221008 -3.222005 -3.227148 -3.236649 -3.250296 -3.267985 -3.289248 -3.313601 -3.340196 -3.367931 -3.395264 -3.420075 -3.439686 -3.450460 -3.448117 -3.427084 -3.381189 -3.302676 -3.183168 -3.011940 -2.776621 -2.459669 -2.037261 -1.471203 -0.7006103 0.3756028 1.886643 3.721596 5.154427 5.729008 5.763243 5.624066 5.455678 5.295418 5.154313 5.031247 4.926157 4.835419 4.758503
0.2551547 0.2840739 0.3119217 0.3382996 0.3574785 0.3650356 0.3453581 0.2769632 0.1016152 -0.2889753 -1.080505 -2.105762 -2.810266 -3.148721 -3.301579 -3.365770 -3.388150 -3.390117 -3.383093 -3.373154 -3.363635 -3.356615 -3.353045 -3.353684 -3.358659 -3.368186 -3.382042 -3.400098 -3.421856 -3.446777 -3.473939 -3.502137 -3.529688 -3.554277 -3.572974 -3.581818 -3.576122 -3.549830 -3.496202 -3.406853 -3.272731 -3.082417 -2.822855 -2.475907 -2.017344 -1.409028 -0.5910569 0.5349078 2.092572 3.963032 5.414824 5.992814 6.020318 5.870149 5.690196 5.519392 5.369206 5.238515 5.127080 5.031090 4.949831
0.2630350 0.2933094 0.3224846 0.3500486 0.3700716 0.3778328 0.3572481 0.2862179 0.1057719 -0.2928453 -1.095162 -2.132356 -2.847223 -3.193235 -3.350830 -3.417505 -3.440839 -3.442829 -3.435326 -3.424693 -3.414442 -3.406765 -3.402678 -3.402974 -3.407794 -3.417358 -3.431430 -3.449865 -3.472136 -3.497656 -3.525444 -3.554208 -3.582150 -3.606800 -3.625033 -3.632637 -3.624630 -3.594611 -3.535471 -3.438449 -3.294146 -3.090875 -2.815457 -2.449843 -1.970243 -1.339423 -0.4990110 0.6471660 2.220395 4.100003 5.553309 6.125858 6.143857 5.982837 5.792330 5.612017 5.453605 5.315932 5.198638 5.097753 5.012422
0.2726621 0.3042619 0.3347763 0.3636103 0.3847151 0.3931812 0.3726885 0.3008340 0.1183976 -0.2834740 -1.089844 -2.131222 -2.850116 -3.199259 -3.358778 -3.426308 -3.449711 -3.451270 -3.443075 -3.431660 -3.420655 -3.412328 -3.407742 -3.407714 -3.412396 -3.422008 -3.436308 -3.455134 -3.477932 -3.504084 -3.532555 -3.561988 -3.590494 -3.615489 -3.633698 -3.640737 -3.631416 -3.599120 -3.536515 -3.434653 -3.284005 -3.072865 -2.788184 -2.412256 -1.921874 -1.280670 -0.4313596 0.7210125 2.296569 4.173777 5.620794 6.184833 6.193157 6.022245 5.822384 5.633664 5.467913 5.323951 5.201320 5.095938 5.006835
0.2832303 0.3161125 0.3479469 0.3780925 0.4004194 0.4099206 0.3901384 0.3185452 0.1358027 -0.2669496 -1.074834 -2.118094 -2.838427 -3.188454 -3.348330 -3.415731 -3.438636 -3.439467 -3.430442 -3.418197 -3.406438 -3.397481 -3.392420 -3.392092 -3.396656 -3.406330 -3.420868 -3.440093 -3.463433 -3.490241 -3.519446 -3.549637 -3.578862 -3.604452 -3.623032 -3.630097 -3.620332 -3.586988 -3.522623 -3.418211 -3.264217 -3.049018 -2.759774 -2.379122 -1.884342 -1.239658 -0.3884220 0.7637983 2.336959 4.209922 5.650778 6.206838 6.206387 6.026780 5.818784 5.622720 5.450505 5.300941 5.173512 5.064047 4.971494
0.2941592 0.3282591 0.3613711 0.3928189 0.4164309 0.4271356 0.4084143 0.3376634 0.1555130 -0.2468980 -1.054450 -2.097261 -2.817348 -3.167099 -3.326497 -3.393222 -3.415308 -3.415247 -3.405327 -3.392244 -3.379750 -3.370194 -3.364693 -3.364092 -3.368560 -3.378309 -3.393092 -3.412722 -3.436611 -3.464091 -3.494064 -3.525084 -3.555150 -3.581539 -3.600805 -3.608374 -3.598851 -3.565423 -3.500597 -3.395340 -3.240154 -3.023533 -2.732825 -2.350940 -1.855489 -1.211057 -0.3613248 0.7878882 2.356333 4.222682 5.655812 6.204021 6.195806 6.008695 5.793689 5.591271 5.413409 5.258907 5.127202 5.014071 4.918394
0.3049994 0.3402415 0.3745610 0.4072653 0.4321531 0.4441227 0.4266110 0.3569868 0.1758444 -0.2256789 -1.032608 -2.075026 -2.794473 -3.143413 -3.301928 -3.367714 -3.388833 -3.387817 -3.376994 -3.363098 -3.349908 -3.339797 -3.333892 -3.333051 -3.337441 -3.347280 -3.362313 -3.382347 -3.406782 -3.434939 -3.465698 -3.497588 -3.528578 -3.555908 -3.576093 -3.584512 -3.575734 -3.542911 -3.478542 -3.373608 -3.218671 -3.002321 -2.712057 -2.330974 -1.836890 -1.194589 -0.3479095 0.7972788 2.360902 4.222095 5.649547 6.191340 6.176486 5.982956 5.761955 5.554066 5.371308 5.212482 5.077006 4.960610 4.862135
0.3154411 0.3517343 0.3871763 0.4210590 0.4471687 0.4603778 0.4441070 0.3756961 0.1957341 -0.2046492 -1.010314 -2.051323 -2.769602 -3.117492 -3.274963 -3.339718 -3.359834 -3.357872 -3.346182 -3.331522 -3.317690 -3.307072 -3.300807 -3.299756 -3.304091 -3.314029 -3.329311 -3.349742 -3.374714 -3.403537 -3.435080 -3.467855 -3.499811 -3.528168 -3.549415 -3.558910 -3.551202 -3.519435 -3.456112 -3.352240 -3.198431 -2.983357 -2.694613 -2.315418 -1.823706 -1.184369 -0.3413068 0.7995812 2.358144 4.213349 5.634462 6.170237 6.149660 5.950669 5.724558 5.511988 5.325006 5.162426 5.023645 4.904372 4.803410
0.3252431 0.3624924 0.3989552 0.4339212 0.4611606 0.4755394 0.4604561 0.3932435 0.2144674 -0.1847507 -0.9894295 -2.029637 -2.746918 -3.093724 -3.250135 -3.313867 -3.333019 -3.330163 -3.317671 -3.302312 -3.287901 -3.276830 -3.270248 -3.269019 -3.273317 -3.283361 -3.298889 -3.319702 -3.345191 -3.374657 -3.406962 -3.440609 -3.473536 -3.502948 -3.525326 -3.536014 -3.529556 -3.499096 -3.437150 -3.334749 -3.182546 -2.969266 -2.682572 -2.305751 -1.816805 -1.180670 -0.3412658 0.7955492 2.349813 4.200869 5.617718 6.148793 6.123410 5.919795 5.689352 5.472790 5.282191 5.116371 4.974720 4.852931 4.749784
0.3342523 0.3723533 0.4097318 0.4456684 0.4739313 0.4893718 0.4753850 0.4092841 0.2316352 -0.1664509 -0.9698539 -2.008645 -2.724740 -3.070495 -3.225901 -3.288682 -3.306945 -3.303277 -3.290062 -3.274081 -3.259156 -3.247691 -3.240834 -3.239457 -3.243736 -3.253887 -3.269652 -3.290827 -3.316802 -3.346875 -3.379904 -3.414385 -3.448252 -3.478703 -3.502213 -3.514124 -3.508979 -3.479928 -3.419498 -3.318741 -3.168338 -2.957050 -2.672581 -2.298256 -1.812110 -1.179096 -0.3431303 0.7899352 2.340070 4.186423 5.598456 6.125127 6.095644 5.888135 5.654037 5.434098 5.240419 5.071828 4.927707 4.803741 4.698692
0.3423446 0.3811953 0.4193762 0.4561687 0.4853324 0.5017162 0.4887024 0.4236019 0.2469619 -0.1501167 -0.9526624 -1.990761 -2.705986 -3.050802 -3.205304 -3.267233 -3.284706 -3.280322 -3.266472 -3.249949 -3.234581 -3.222775 -3.215687 -3.214190 -3.218461 -3.228720 -3.244705 -3.266217 -3.292640 -3.323272 -3.356970 -3.392227 -3.426975 -3.458409 -3.483002 -3.496097 -3.492241 -3.464587 -3.405675 -3.306570 -3.157974 -2.948668 -2.666382 -2.294457 -1.810943 -1.180792 -0.3479097 0.7819023 2.328774 4.172170 5.581254 6.104637 6.071773 5.861012 5.623853 5.401077 5.204805 5.033863 4.887642 4.761813 4.655132
0.3494519 0.3889454 0.4278184 0.4653459 0.4952874 0.5124836 0.5003150 0.4360792 0.2603248 -0.1358561 -0.9373647 -1.974290 -2.688556 -3.032540 -3.186255 -3.247446 -3.264237 -3.259238 -3.244846 -3.227861 -3.212116 -3.200025 -3.192745 -3.191153 -3.195427 -3.205787 -3.221975 -3.243789 -3.270615 -3.301750 -3.336049 -3.372006 -3.407552 -3.439883 -3.465471 -3.479661 -3.477003 -3.450657 -3.393169 -3.295616 -3.148712 -2.941251 -2.660971 -2.291225 -1.810064 -1.182436 -0.3522294 0.7747591 2.318581 4.158493 5.564055 6.084325 6.048623 5.835173 5.595483 5.370356 5.171923 4.999020 4.851035 4.723639 4.615575
0.3555138 0.3955486 0.4349996 0.4731447 0.5037373 0.5216176 0.5101560 0.4466511 0.2716352 -0.1238061 -0.9247149 -1.961193 -2.674840 -3.018136 -3.171191 -3.231762 -3.247983 -3.242470 -3.227627 -3.210260 -3.194204 -3.181878 -3.174443 -3.172777 -3.177060 -3.187514 -3.203881 -3.225959 -3.253135 -3.284708 -3.319530 -3.356099 -3.392344 -3.425461 -3.451927 -3.467086 -3.465492 -3.440310 -3.384092 -3.287920 -3.142516 -2.936680 -2.658157 -2.290299 -1.811157 -1.185668 -0.3577055 0.7669740 2.308562 4.146587 5.550308 6.068422 6.030459 5.814826 5.573080 5.346035 5.145837 4.971326 4.821892 4.693202 4.583995
0.3605055 0.4009778 0.4408995 0.4795431 0.5106648 0.5290967 0.5182111 0.4552949 0.2808849 -0.1139395 -0.9140977 -1.949693 -2.662656 -3.005382 -3.157901 -3.217972 -3.233734 -3.227806 -3.212601 -3.194926 -3.178622 -3.166111 -3.158554 -3.156833 -3.161128 -3.171663 -3.188180 -3.210480 -3.237950 -3.269888 -3.305149 -3.342230 -3.379060 -3.412839 -3.440043 -3.456021 -3.455326 -3.431129 -3.375984 -3.280979 -3.136838 -2.932365 -2.655304 -2.289010 -1.811525 -1.187780 -0.3616367 0.7611486 2.300679 4.136271 5.537538 6.053585 6.013792 5.796434 5.553058 5.324495 5.122894 4.947104 4.796512 4.666786 4.556661
0.3643991 0.4052098 0.4454931 0.4845230 0.5160502 0.5349090 0.5244640 0.4620048 0.2880546 -0.1063113 -0.9061442 -1.941558 -2.654169 -2.996468 -3.148577 -3.208264 -3.223673 -3.217429 -3.201946 -3.184036 -3.167543 -3.154891 -3.147242 -3.145481 -3.149789 -3.160391 -3.177029 -3.199506 -3.227208 -3.259434 -3.295041 -3.332526 -3.369821 -3.404124 -3.431914 -3.448541 -3.448562 -3.425148 -3.370856 -3.276775 -3.133633 -2.930234 -2.654322 -2.289248 -1.813052 -1.190654 -0.3659067 0.7554662 2.293689 4.128328 5.528691 6.043520 6.002383 5.783720 5.539112 5.309395 5.106730 4.929965 4.778491 4.647973 4.537145
0.3671900 0.4082401 0.4487809 0.4880832 0.5198996 0.5390585 0.5289280 0.4667892 0.2931706 -0.1008551 -0.9002173 -1.935029 -2.647226 -2.989213 -3.141030 -3.200445 -3.215605 -3.209138 -3.193460 -3.175384 -3.158759 -3.146008 -3.138296 -3.136508 -3.140827 -3.151478 -3.168205 -3.190808 -3.218678 -3.251113 -3.286971 -3.324748 -3.362378 -3.397061 -3.425275 -3.442372 -3.442911 -3.420064 -3.366388 -3.272977 -3.130555 -2.927928 -2.652840 -2.288639 -1.813359 -1.191920 -0.3681617 0.7521794 2.289234 4.122352 5.521168 6.034815 5.992701 5.773123 5.527651 5.297128 5.093715 4.916265 4.764170 4.633095 4.521770
0.3688633 0.4100573 0.4507508 0.4902169 0.5222040 0.5415444 0.5315989 0.4696537 0.2962272 -9.7610019E-02 -0.8969145 -1.931805 -2.643908 -2.985719 -3.137365 -3.196618 -3.211631 -3.205030 -3.189236 -3.171062 -3.154358 -3.141549 -3.133800 -3.131997 -3.136323 -3.147004 -3.163785 -3.186466 -3.214436 -3.246998 -3.283007 -3.320960 -3.358793 -3.393705 -3.422176 -3.439558 -3.440410 -3.417905 -3.364603 -3.271595 -3.129608 -2.927447 -2.652854 -2.289176 -1.814445 -1.193575 -0.3704049 0.7493556 2.285948 4.118954 5.517700 6.030953 5.988294 5.768177 5.522194 5.291193 5.087338 4.909482 4.757018 4.625609 4.513991
0.3694247 0.4106658 0.4514109 0.4909301 0.5229753 0.5423743 0.5324923 0.4706088 0.2972507 -9.6511789E-02 -0.8956124 -1.930167 -2.642111 -2.983855 -3.135443 -3.194643 -3.209606 -3.202961 -3.187129 -3.168922 -3.152193 -3.139363 -3.131603 -3.129795 -3.134124 -3.144814 -3.161613 -3.184320 -3.212326 -3.244929 -3.280988 -3.319001 -3.356901 -3.391890 -3.420447 -3.437924 -3.438881 -3.416492 -3.363314 -3.270440 -3.128598 -2.926593 -2.652164 -2.288661 -1.814113 -1.193433 -0.3704597 0.7490813 2.285328 4.117641 5.515663 6.028531 5.985662 5.765366 5.519213 5.288054 5.084051 4.906061 4.753475 4.621957 4.510240
0.3688640 0.4100582 0.4507514 0.4902176 0.5222049 0.5415446 0.5315989 0.4696540 0.2962273 -9.7610019E-02 -0.8969144 -1.931805 -2.643908 -2.985719 -3.137365 -3.196618 -3.211631 -3.205030 -3.189236 -3.171062 -3.154358 -3.141549 -3.133801 -3.131997 -3.136323 -3.147005 -3.163785 -3.186466 -3.214437 -3.246998 -3.283007 -3.320961 -3.358793 -3.393705 -3.422177 -3.439559 -3.440411 -3.417906 -3.364604 -3.271596 -3.129609 -2.927447 -2.652854 -2.289176 -1.814446 -1.193575 -0.3704047 0.7493554 2.285948 4.118954 5.517700 6.030953 5.988294 5.768177 5.522195 5.291193 5.087338 4.909482 4.757018 4.625610 4.513991
0.3671908 0.4082412 0.4487818 0.4880838 0.5199001 0.5390592 0.5289282 0.4667888 0.2931704 -0.1008549 -0.9002170 -1.935029 -2.647226 -2.989213 -3.141030 -3.200445 -3.215606 -3.209139 -3.193460 -3.175385 -3.158759 -3.146008 -3.138297 -3.136509 -3.140828 -3.151479 -3.168205 -3.190809 -3.218679 -3.251114 -3.286972 -3.324749 -3.362379 -3.397061 -3.425276 -3.442373 -3.442912 -3.420065 -3.366390 -3.272977 -3.130556 -2.927929 -2.652842 -2.288640 -1.813360 -1.191920 -0.3681624 0.7521787 2.289233 4.122352 5.521168 6.034815 5.992700 5.773123 5.527650 5.297128 5.093716 4.916266 4.764171 4.633095 4.521771
0.3644001 0.4052109 0.4454939 0.4845241 0.5160509 0.5349096 0.5244638 0.4620041 0.2880542 -0.1063111 -0.9061437 -1.941557 -2.654169 -2.996468 -3.148577 -3.208264 -3.223673 -3.217429 -3.201946 -3.184035 -3.167543 -3.154891 -3.147242 -3.145481 -3.149789 -3.160391 -3.177030 -3.199506 -3.227208 -3.259434 -3.295041 -3.332525 -3.369820 -3.404124 -3.431914 -3.448541 -3.448562 -3.425148 -3.370856 -3.276775 -3.133634 -2.930234 -2.654323 -2.289248 -1.813052 -1.190654 -0.3659065 0.7554649 2.293687 4.128327 5.528689 6.043519 6.002381 5.783718 5.539110 5.309394 5.106730 4.929964 4.778490 4.647972 4.537144
0.3605067 0.4009786 0.4409003 0.4795443 0.5106656 0.5290973 0.5182109 0.4552942 0.2808846 -0.1139391 -0.9140970 -1.949692 -2.662655 -3.005380 -3.157900 -3.217971 -3.233733 -3.227806 -3.212601 -3.194925 -3.178621 -3.166109 -3.158553 -3.156831 -3.161127 -3.171662 -3.188180 -3.210480 -3.237950 -3.269887 -3.305148 -3.342228 -3.379058 -3.412837 -3.440042 -3.456019 -3.455325 -3.431128 -3.375983 -3.280979 -3.136837 -2.932364 -2.655303 -2.289009 -1.811524 -1.187779 -0.3616354 0.7611482 2.300678 4.136270 5.537536 6.053581 6.013789 5.796432 5.553056 5.324493 5.122891 4.947101 4.796510 4.666783 4.556658
