T5-twomodels-2/gz/model30.grd
DSAA
         100         100
  -15.00000       15.00000    
  -15.00000       15.00000    
  -1.615354       4.978239    
[rows 0 to 26 of 100, columns 0 to 60 of 100]
-0.1610813 -0.1651439 -0.1692842 -0.1734977 -0.1777801 -0.1821256 -0.1865289 -0.1909837 -0.1954846 -0.2000255 -0.2046157 -0.2092483 -0.2138765 -0.2185043 -0.2231355 -0.2277640 -0.2323833 -0.2369875 -0.2415699 -0.2461250 -0.2506467 -0.2551303 -0.2595701 -0.2639618 -0.2683007 -0.2725829 -0.2768043 -0.2809613 -0.2850498 -0.2890669 -0.2930085 -0.2968717 -0.3006523 -0.3043475 -0.3079529 -0.3114649 -0.3148791 -0.3181918 -0.3213978 -0.3244934 -0.3274728 -0.3303317 -0.3330639 -0.3356652 -0.3381289 -0.3404511 -0.3426248 -0.3446479 -0.3465247 -0.3482637 -0.3497931 -0.3511247 -0.3522929 -0.3532759 -0.3540711 -0.3546709 -0.3550740 -0.3552741 -0.3552701 -0.3550571 -0.3546340
-0.1664390 -0.1707756 -0.1751985 -0.1797031 -0.1842842 -0.1889359 -0.1936517 -0.1984256 -0.2032497 -0.2081164 -0.2130016 -0.2178967 -0.2228362 -0.2278004 -0.2327702 -0.2377371 -0.2426940 -0.2476338 -0.2525500 -0.2574357 -0.2622854 -0.2670929 -0.2718530 -0.2765605 -0.2812116 -0.2858010 -0.2903256 -0.2947808 -0.2991635 -0.3034696 -0.3076965 -0.3118396 -0.3158965 -0.3198627 -0.3237350 -0.3275086 -0.3311802 -0.3347443 -0.3381973 -0.3415332 -0.3447477 -0.3478340 -0.3507878 -0.3536019 -0.3562717 -0.3587895 -0.3611509 -0.3633453 -0.3653560 -0.3671615 -0.3688265 -0.3703264 -0.3716144 -0.3727035 -0.3735865 -0.3742624 -0.3747239 -0.3749687 -0.3749914 -0.3747901 -0.3743604
-0.1720804 -0.1767138 -0.1814434 -0.1862641 -0.1911703 -0.1961551 -0.2012120 -0.2063330 -0.2115115 -0.2167397 -0.2220263 -0.2273630 -0.2326975 -0.2380328 -0.2433722 -0.2487083 -0.2540326 -0.2593381 -0.2646169 -0.2698624 -0.2750677 -0.2802269 -0.2853337 -0.2903838 -0.2953720 -0.3002943 -0.3051461 -0.3099241 -0.3146240 -0.3192432 -0.3237775 -0.3282241 -0.3325790 -0.3368392 -0.3409999 -0.3450578 -0.3490079 -0.3528463 -0.3565669 -0.3601657 -0.3636357 -0.3669721 -0.3701673 -0.3732163 -0.3761109 -0.3788463 -0.3814137 -0.3838101 -0.3860393 -0.3881098 -0.3899423 -0.3915486 -0.3929656 -0.3941688 -0.3951543 -0.3959135 -0.3964440 -0.3967387 -0.3967952 -0.3966082 -0.3961757
-0.1780225 -0.1829781 -0.1880410 -0.1932058 -0.1984659 -0.2038144 -0.2092429 -0.2147440 -0.2203079 -0.2259250 -0.2315673 -0.2372243 -0.2429326 -0.2486694 -0.2544122 -0.2601508 -0.2658764 -0.2715800 -0.2772541 -0.2828905 -0.2884825 -0.2940230 -0.2995065 -0.3049274 -0.3102814 -0.3155631 -0.3207692 -0.3258956 -0.3309390 -0.3358957 -0.3407629 -0.3455369 -0.3502148 -0.3547923 -0.3592664 -0.3636320 -0.3678854 -0.3720208 -0.3760341 -0.3799185 -0.3836690 -0.3872777 -0.3907391 -0.3940446 -0.3971886 -0.4001617 -0.4029576 -0.4055643 -0.4079621 -0.4101267 -0.4121279 -0.4139380 -0.4155044 -0.4168407 -0.4179381 -0.4187947 -0.4194019 -0.4197564 -0.4198517 -0.4196852 -0.4192516
-0.1842848 -0.1895902 -0.1950158 -0.2005553 -0.2062019 -0.2119470 -0.2177825 -0.2236985 -0.2296861 -0.2357356 -0.2418551 -0.2480340 -0.2542128 -0.2603933 -0.2665778 -0.2727569 -0.2789202 -0.2850587 -0.2911633 -0.2972257 -0.3032378 -0.3091931 -0.3150849 -0.3209082 -0.3266575 -0.3323288 -0.3379177 -0.3434211 -0.3488351 -0.3541571 -0.3593836 -0.3645120 -0.3695386 -0.3744606 -0.3792734 -0.3839734 -0.3885555 -0.3930151 -0.3973461 -0.4015435 -0.4055993 -0.4095078 -0.4132600 -0.4168493 -0.4202660 -0.4235036 -0.4265516 -0.4294054 -0.4320682 -0.4345481 -0.4367561 -0.4387046 -0.4404331 -0.4419136 -0.4431412 -0.4441053 -0.4448026 -0.4452244 -0.4453678 -0.4452261 -0.4447965
-0.1908872 -0.1965733 -0.2023940 -0.2083425 -0.2144109 -0.2205903 -0.2268706 -0.2332421 -0.2396923 -0.2462091 -0.2527601 -0.2593315 -0.2659618 -0.2726240 -0.2792921 -0.2859530 -0.2925954 -0.2992086 -0.3057833 -0.3123095 -0.3187796 -0.3251854 -0.3315210 -0.3377801 -0.3439584 -0.3500508 -0.3560542 -0.3619646 -0.3677796 -0.3734958 -0.3791112 -0.3846221 -0.3900266 -0.3953206 -0.4005011 -0.4055631 -0.4105031 -0.4153146 -0.4199932 -0.4245312 -0.4289226 -0.4331584 -0.4372316 -0.4411317 -0.4448513 -0.4483793 -0.4517075 -0.4548210 -0.4576968 -0.4603066 -0.4627261 -0.4649234 -0.4668394 -0.4684882 -0.4698587 -0.4709480 -0.4717458 -0.4722481 -0.4724464 -0.4723377 -0.4719151
-0.1978508 -0.2039513 -0.2102030 -0.2165981 -0.2231283 -0.2297829 -0.2365518 -0.2434221 -0.2503825 -0.2574201 -0.2645422 -0.2717345 -0.2789288 -0.2861249 -0.2933238 -0.3005132 -0.3076799 -0.3148129 -0.3219006 -0.3289333 -0.3359016 -0.3427980 -0.3496151 -0.3563476 -0.3629901 -0.3695389 -0.3759901 -0.3823411 -0.3885887 -0.3947313 -0.4007659 -0.4066909 -0.4125032 -0.4182005 -0.4237785 -0.4292342 -0.4345620 -0.4397575 -0.4448139 -0.4497254 -0.4544830 -0.4590794 -0.4635041 -0.4677487 -0.4718013 -0.4756534 -0.4792915 -0.4827091 -0.4859085 -0.4888970 -0.4915737 -0.4939510 -0.4960722 -0.4979042 -0.4994408 -0.5006691 -0.5015848 -0.5021775 -0.5024430 -0.5023732 -0.5019648
-0.2051979 -0.2117502 -0.2184723 -0.2253562 -0.2323919 -0.2395684 -0.2468730 -0.2542928 -0.2618121 -0.2694150 -0.2770629 -0.2847380 -0.2924808 -0.3002588 -0.3080406 -0.3158098 -0.3235520 -0.3312535 -0.3389027 -0.3464879 -0.3539999 -0.3614297 -0.3687706 -0.3760162 -0.3831625 -0.3902048 -0.3971407 -0.4039671 -0.4106825 -0.4172847 -0.4237728 -0.4301443 -0.4363979 -0.4425306 -0.4485400 -0.4544216 -0.4601718 -0.4657842 -0.4712539 -0.4765724 -0.4817326 -0.4867237 -0.4915372 -0.4961603 -0.5005834 -0.5047923 -0.5087759 -0.5125161 -0.5159856 -0.5191505 -0.5220937 -0.5247781 -0.5271362 -0.5291818 -0.5309019 -0.5322920 -0.5333397 -0.5340396 -0.5343817 -0.5343621 -0.5339726
-0.2129517 -0.2199967 -0.2272333 -0.2346521 -0.2422426 -0.2499919 -0.2578865 -0.2659101 -0.2740476 -0.2822817 -0.2906179 -0.2990376 -0.3074609 -0.3158853 -0.3243090 -0.3327158 -0.3410891 -0.3494145 -0.3576778 -0.3658671 -0.3739715 -0.3819826 -0.3898923 -0.3976955 -0.4053869 -0.4129638 -0.4204231 -0.4277634 -0.4349830 -0.4420820 -0.4490584 -0.4559125 -0.4626420 -0.4692462 -0.4757215 -0.4820656 -0.4882734 -0.4943406 -0.5002598 -0.5060245 -0.5116243 -0.5170509 -0.5222911 -0.5273344 -0.5321658 -0.5367737 -0.5411412 -0.5452588 -0.5491267 -0.5527514 -0.5560170 -0.5589361 -0.5615548 -0.5638351 -0.5657681 -0.5673385 -0.5685402 -0.5693612 -0.5697961 -0.5698351 -0.5694740
-0.2211366 -0.2287197 -0.2365188 -0.2445242 -0.2527238 -0.2611035 -0.2696469 -0.2783373 -0.2871540 -0.2960761 -0.3050567 -0.3140724 -0.3231660 -0.3322971 -0.3414275 -0.3505358 -0.3596032 -0.3686125 -0.3775489 -0.3863982 -0.3951496 -0.4037933 -0.4123220 -0.4207295 -0.4290123 -0.4371666 -0.4451920 -0.4530864 -0.4608506 -0.4684841 -0.4759879 -0.4833614 -0.4906051 -0.4977174 -0.5046973 -0.5115412 -0.5182467 -0.5248070 -0.5312173 -0.5374683 -0.5435517 -0.5494550 -0.5551677 -0.5606737 -0.5659602 -0.5710093 -0.5758060 -0.5803272 -0.5845394 -0.5884021 -0.5920062 -0.5953076 -0.5982279 -0.6007811 -0.6029508 -0.6047305 -0.6061056 -0.6070693 -0.6076099 -0.6077222 -0.6073969
-0.2297774 -0.2379479 -0.2463632 -0.2550119 -0.2638811 -0.2729543 -0.2822139 -0.2916389 -0.3012087 -0.3109003 -0.3207161 -0.3306313 -0.3405511 -0.3504688 -0.3603790 -0.3702602 -0.3800906 -0.3898514 -0.3995250 -0.4090968 -0.4185540 -0.4278873 -0.4370882 -0.4461519 -0.4550743 -0.4638539 -0.4724895 -0.4809822 -0.4893323 -0.4975422 -0.5056128 -0.5135463 -0.5213429 -0.5290040 -0.5365276 -0.5439133 -0.5511564 -0.5582535 -0.5651973 -0.5719808 -0.5785922 -0.5850216 -0.5912531 -0.5972735 -0.6030630 -0.6086064 -0.6138815 -0.6188745 -0.6235827 -0.6280098 -0.6320217 -0.6356297 -0.6388839 -0.6417388 -0.6441827 -0.6461971 -0.6477742 -0.6488994 -0.6495663 -0.6497639 -0.6494868
-0.2388995 -0.2477124 -0.2568023 -0.2661575 -0.2757626 -0.2856003 -0.2956491 -0.3058868 -0.3162860 -0.3268189 -0.3374273 -0.3480803 -0.3588219 -0.3696019 -0.3803724 -0.3911052 -0.4017757 -0.4123615 -0.4228439 -0.4332055 -0.4434339 -0.4535176 -0.4634496 -0.4732243 -0.4828396 -0.4922938 -0.5015885 -0.5107245 -0.5197059 -0.5285346 -0.5372152 -0.5457497 -0.5541419 -0.5623924 -0.5705029 -0.5784717 -0.5862976 -0.5939752 -0.6015001 -0.6088626 -0.6160537 -0.6230586 -0.6298647 -0.6364517 -0.6428030 -0.6488945 -0.6547061 -0.6602079 -0.6653575 -0.6701044 -0.6745495 -0.6786388 -0.6822795 -0.6854854 -0.6882359 -0.6905223 -0.6923268 -0.6936415 -0.6944528 -0.6947545 -0.6945361
-0.2485285 -0.2580429 -0.2678721 -0.2780024 -0.2884176 -0.2990970 -0.3100177 -0.3211519 -0.3324714 -0.3439455 -0.3555721 -0.3673167 -0.3790657 -0.3908060 -0.4025266 -0.4141986 -0.4257933 -0.4372862 -0.4486547 -0.4598811 -0.4709503 -0.4818518 -0.4925773 -0.5031232 -0.5134869 -0.5236696 -0.5336732 -0.5435021 -0.5531603 -0.5626541 -0.5719879 -0.5811678 -0.5901974 -0.5990818 -0.6078215 -0.6164188 -0.6248717 -0.6331781 -0.6413315 -0.6493254 -0.6571474 -0.6647858 -0.6722221 -0.6794388 -0.6864112 -0.6931182 -0.6995298 -0.7056259 -0.7113987 -0.7168475 -0.7218132 -0.7263045 -0.7303761 -0.7339725 -0.7370784 -0.7396706 -0.7417398 -0.7432689 -0.7442510 -0.7446733 -0.7445299
-0.2586905 -0.2689715 -0.2796098 -0.2905912 -0.3018968 -0.3135042 -0.3253857 -0.3375114 -0.3498448 -0.3623486 -0.3749496 -0.3876059 -0.4003627 -0.4131559 -0.4259245 -0.4386312 -0.4512435 -0.4637318 -0.4760722 -0.4882434 -0.5002304 -0.5120209 -0.5236084 -0.5349882 -0.5461611 -0.5571280 -0.5678947 -0.5784663 -0.5888510 -0.5990555 -0.6090891 -0.6189581 -0.6286705 -0.6382309 -0.6476455 -0.6569152 -0.6660424 -0.6750239 -0.6838573 -0.6925336 -0.7010443 -0.7093729 -0.7175044 -0.7254141 -0.7330796 -0.7404696 -0.7475557 -0.7542973 -0.7606397 -0.7665178 -0.7720426 -0.7771465 -0.7817177 -0.7857688 -0.7892735 -0.7922202 -0.7945881 -0.7963678 -0.7975443 -0.7981113 -0.7980570
-0.2694097 -0.2805272 -0.2920510 -0.3039652 -0.3162496 -0.3288774 -0.3418186 -0.3550363 -0.3684925 -0.3821453 -0.3959856 -0.4099674 -0.4239504 -0.4379133 -0.4518374 -0.4656835 -0.4794132 -0.4929944 -0.5063979 -0.5196020 -0.5325884 -0.5453460 -0.5578667 -0.5701491 -0.5821932 -0.5940046 -0.6055894 -0.6169575 -0.6281179 -0.6390824 -0.6498609 -0.6604651 -0.6709030 -0.6811851 -0.6913165 -0.7013043 -0.7111496 -0.7208549 -0.7304163 -0.7398296 -0.7490832 -0.7581653 -0.7670551 -0.7757311 -0.7841622 -0.7923184 -0.8001599 -0.8076555 -0.8147885 -0.8215500 -0.8277464 -0.8333811 -0.8385130 -0.8430729 -0.8470402 -0.8503866 -0.8531012 -0.8551644 -0.8565695 -0.8573027 -0.8573589
-0.2807099 -0.2927391 -0.3052301 -0.3181660 -0.3315229 -0.3452722 -0.3593771 -0.3737978 -0.3884856 -0.4033898 -0.4184178 -0.4335130 -0.4487217 -0.4639619 -0.4791550 -0.4942514 -0.5092072 -0.5239839 -0.5385503 -0.5528797 -0.5669541 -0.5807600 -0.5942918 -0.6075469 -0.6205301 -0.6332468 -0.6457087 -0.6579265 -0.6699148 -0.6816867 -0.6932579 -0.7046403 -0.7158485 -0.7268926 -0.7377843 -0.7485300 -0.7591376 -0.7696088 -0.7799460 -0.7901438 -0.8001971 -0.8100905 -0.8198080 -0.8293213 -0.8386018 -0.8476074 -0.8562980 -0.8646170 -0.8724891 -0.8798277 -0.8867532 -0.8931773 -0.8989611 -0.9041144 -0.9086031 -0.9124130 -0.9155191 -0.9179123 -0.9195766 -0.9205071 -0.9206920
-0.2926122 -0.3056327 -0.3191779 -0.3332286 -0.3477591 -0.3627344 -0.3781148 -0.3938507 -0.4098912 -0.4261797 -0.4426993 -0.4593878 -0.4760716 -0.4927185 -0.5093002 -0.5257636 -0.5420581 -0.5581402 -0.5739725 -0.5895268 -0.6047810 -0.6197228 -0.6343450 -0.6486488 -0.6626387 -0.6763261 -0.6897232 -0.7028470 -0.7157139 -0.7283429 -0.7407508 -0.7529558 -0.7649734 -0.7768198 -0.7885070 -0.8000484 -0.8114520 -0.8227274 -0.8338768 -0.8449037 -0.8558015 -0.8665634 -0.8771693 -0.8875964 -0.8978065 -0.9077600 -0.9174004 -0.9266799 -0.9355651 -0.9440312 -0.9518335 -0.9589642 -0.9654844 -0.9713061 -0.9764006 -0.9807338 -0.9842934 -0.9870593 -0.9890258 -0.9901809 -0.9905217
-0.3051363 -0.3192318 -0.3339217 -0.3491853 -0.3649917 -0.3813023 -0.3980684 -0.4152360 -0.4327402 -0.4505140 -0.4684404 -0.4864457 -0.5045810 -0.5227419 -0.5408288 -0.5587753 -0.5765238 -0.5940222 -0.6112291 -0.6281096 -0.6446410 -0.6608077 -0.6766052 -0.6920336 -0.7071029 -0.7218248 -0.7362189 -0.7503032 -0.7641009 -0.7776328 -0.7909222 -0.8039883 -0.8168529 -0.8295324 -0.8420464 -0.8544081 -0.8666340 -0.8787345 -0.8907225 -0.9026026 -0.9143804 -0.9260489 -0.9375994 -0.9490036 -0.9602294 -0.9712228 -0.9819260 -0.9922565 -1.002106 -1.011349 -1.020114 -1.028276 -1.035657 -1.042260 -1.048040 -1.052980 -1.057051 -1.060248 -1.062556 -1.063974 -1.064494
-0.3182976 -0.3335536 -0.3494812 -0.3660558 -0.3832422 -0.4009929 -0.4192528 -0.4379553 -0.4570318 -0.4764091 -0.4960637 -0.5159187 -0.5357610 -0.5555505 -0.5752493 -0.5947884 -0.6141000 -0.6331254 -0.6518131 -0.6701245 -0.6880302 -0.7055154 -0.7225721 -0.7392054 -0.7554248 -0.7712491 -0.7866988 -0.8018000 -0.8165770 -0.8310580 -0.8452670 -0.8592304 -0.8729694 -0.8865081 -0.8998643 -0.9130601 -0.9261120 -0.9390418 -0.9518650 -0.9646013 -0.9772612 -0.9898547 -1.002375 -1.014809 -1.027117 -1.039250 -1.051130 -1.062681 -1.073837 -1.084541 -1.094466 -1.103580 -1.111941 -1.119429 -1.126006 -1.131632 -1.136294 -1.139977 -1.142679 -1.144394 -1.145125
-0.3321109 -0.3486138 -0.3658707 -0.3838525 -0.4025151 -0.4218023 -0.4416446 -0.4619669 -0.4826834 -0.5037102 -0.5249050 -0.5461846 -0.5676219 -0.5890948 -0.6104818 -0.6316994 -0.6526698 -0.6733212 -0.6935930 -0.7134348 -0.7328137 -0.7517079 -0.7701115 -0.7880272 -0.8054709 -0.8224618 -0.8390284 -0.8551978 -0.8710030 -0.8864724 -0.9016378 -0.9165243 -0.9311596 -0.9455656 -0.9597672 -0.9737845 -0.9876442 -1.001369 -1.014992 -1.028538 -1.042042 -1.055524 -1.069004 -1.082473 -1.095910 -1.109255 -1.122428 -1.135305 -1.147717 -1.159470 -1.170684 -1.181172 -1.190683 -1.199211 -1.206693 -1.213112 -1.218440 -1.222680 -1.225824 -1.227881 -1.228851
-0.3465869 -0.3644198 -0.3830937 -0.4025696 -0.4227920 -0.4436868 -0.4651695 -0.4871436 -0.5095177 -0.5322041 -0.5551904 -0.5784059 -0.6016089 -0.6247740 -0.6478680 -0.6708067 -0.6934981 -0.7158552 -0.7377982 -0.7592649 -0.7802083 -0.8006028 -0.8204360 -0.8397139 -0.8584514 -0.8766749 -0.8944137 -0.9117041 -0.9285791 -0.9450752 -0.9612225 -0.9770527 -0.9925893 -1.007859 -1.022881 -1.037683 -1.052288 -1.066733 -1.081053 -1.095303 -1.109530 -1.123794 -1.138133 -1.152580 -1.167122 -1.181720 -1.196275 -1.210665 -1.224761 -1.238435 -1.251212 -1.262999 -1.273834 -1.283546 -1.292083 -1.299398 -1.305491 -1.310353 -1.314001 -1.316440 -1.317686
-0.3617381 -0.3809797 -0.4011477 -0.4221898 -0.4440277 -0.4665630 -0.4896782 -0.5132548 -0.5371744 -0.5613437 -0.5856209 -0.6099612 -0.6345296 -0.6592274 -0.6839345 -0.7085532 -0.7329721 -0.7570745 -0.7807549 -0.8039231 -0.8265166 -0.8484935 -0.8698387 -0.8905522 -0.9106537 -0.9301692 -0.9491370 -0.9675928 -0.9855788 -1.003129 -1.020281 -1.037060 -1.053492 -1.069595 -1.085390 -1.100895 -1.116138 -1.131153 -1.145996 -1.160733 -1.175455 -1.190253 -1.205227 -1.220450 -1.235966 -1.251751 -1.267722 -1.283695 -1.299393 -1.314478 -1.329010 -1.342667 -1.355069 -1.366179 -1.375914 -1.384263 -1.391211 -1.396783 -1.400989 -1.403861 -1.405413
-0.3775782 -0.3982969 -0.4200223 -0.4426757 -0.4661457 -0.4902847 -0.5149266 -0.5398976 -0.5650573 -0.5903181 -0.6157520 -0.6414039 -0.6671069 -0.6929581 -0.7189897 -0.7451078 -0.7711636 -0.7969928 -0.8224356 -0.8473619 -0.8716729 -0.8953091 -0.9182382 -0.9404594 -0.9619871 -0.9828544 -1.003099 -1.022764 -1.041892 -1.060523 -1.078686 -1.096411 -1.113710 -1.130598 -1.147078 -1.163162 -1.178863 -1.194221 -1.209289 -1.224165 -1.238970 -1.253865 -1.269015 -1.284591 -1.300713 -1.317440 -1.334709 -1.352358 -1.370144 -1.387767 -1.404443 -1.419914 -1.434139 -1.446853 -1.457985 -1.467497 -1.475418 -1.481771 -1.486606 -1.489952 -1.491851
-0.3941332 -0.4163849 -0.4397083 -0.4639856 -0.4890420 -0.5146523 -0.5405469 -0.5664595 -0.5921683 -0.6175812 -0.6426759 -0.6676870 -0.6931818 -0.7193007 -0.7460216 -0.7732236 -0.8006805 -0.8281243 -0.8553044 -0.8820096 -0.9080901 -0.9334450 -0.9580259 -0.9818155 -1.004830 -1.027099 -1.048667 -1.069576 -1.089875 -1.109599 -1.128778 -1.147427 -1.165553 -1.183144 -1.200189 -1.216669 -1.232581 -1.247938 -1.262799 -1.277265 -1.291509 -1.305751 -1.320276 -1.335375 -1.351335 -1.368348 -1.386475 -1.405544 -1.425115 -1.444536 -1.463638 -1.481738 -1.498156 -1.512776 -1.525494 -1.536336 -1.545332 -1.552561 -1.558078 -1.561952 -1.564225
-0.4114441 -0.4352674 -0.4602055 -0.4860727 -0.5125966 -0.5394030 -0.5660411 -0.5920236 -0.6169645 -0.6407346 -0.6637551 -0.6867349 -0.7102001 -0.7348789 -0.7610629 -0.7885654 -0.8169672 -0.8457943 -0.8746126 -0.9030821 -0.9309554 -0.9580783 -0.9843618 -1.009777 -1.034327 -1.058046 -1.080972 -1.103159 -1.124646 -1.145474 -1.165656 -1.185203 -1.204090 -1.222285 -1.239733 -1.256377 -1.272163 -1.287069 -1.301114 -1.314400 -1.327110 -1.339545 -1.352096 -1.365254 -1.379526 -1.395404 -1.413203 -1.432990 -1.454487 -1.477052 -1.499116 -1.519847 -1.538877 -1.555711 -1.570277 -1.582597 -1.592798 -1.600974 -1.607244 -1.611682 -1.614371
-0.4295867 -0.4550051 -0.4815447 -0.5089231 -0.5367016 -0.5642632 -0.5907925 -0.6153514 -0.6370564 -0.6555218 -0.6712255 -0.6859896 -0.7025331 -0.7223607 -0.7457665 -0.7722227 -0.8008235 -0.8306468 -0.8609313 -0.8911015 -0.9207707 -0.9496873 -0.9777189 -1.004801 -1.030932 -1.056134 -1.080455 -1.103938 -1.126632 -1.148559 -1.169734 -1.190132 -1.209710 -1.228383 -1.246048 -1.262572 -1.277834 -1.291718 -1.304182 -1.315255 -1.325105 -1.334038 -1.342552 -1.351295 -1.361102 -1.372876 -1.387519 -1.405623 -1.427124 -1.451029 -1.476371 -1.501089 -1.523416 -1.542951 -1.559618 -1.573613 -1.585114 -1.594330 -1.601395 -1.606449 -1.609573
-0.4486791 -0.4756966 -0.5038028 -0.5325668 -0.5613084 -0.5889959 -0.6141685 -0.6348897 -0.6490080 -0.6550156 -0.6540617 -0.6508940 -0.6514439 -0.6598684 -0.6765988 -0.6998925 -0.7275955 -0.7578791 -0.7893763 -0.8211528 -0.8525900 -0.8833179 -0.9131212 -0.9419083 -0.9696490 -0.9963687 -1.022103 -1.046904 -1.070805 -1.093833 -1.115971 -1.137181 -1.157364 -1.176389 -1.194062 -1.210167 -1.224450 -1.236682 -1.246660 -1.254292 -1.259598 -1.262805 -1.264330 -1.264886 -1.265456 -1.267416 -1.272471 -1.282648 -1.299831 -1.324583 -1.353648 -1.382959 -1.409728 -1.432602 -1.451754 -1.467579 -1.480510 -1.490814 -1.498740 -1.504429 -1.508026
