T5-twomodels-2/gz/model60.grd
DSAA
         100         100
  -15.00000       15.00000    
  -15.00000       15.00000    
  -1.467331       5.175422    
[rows 52 to 77 of 100, columns 0 to 59 of 100]
-0.3647607 -0.3854513 -0.4066702 -0.4277633 -0.4471531 -0.4626895 -0.4693642 -0.4591633 -0.4128360 -0.2936130 -4.0424522E-02 0.2905779 0.5126053 0.6103186 0.6430474 0.6439002 0.6281586 0.6039072 0.5744581 0.5426619 0.5089205 0.4746749 0.4393850 0.4040661 0.3678387 0.3316539 0.2945403 0.2575783 0.2198669 0.1828007 0.1457249 0.1105789 7.7188112E-02 4.8337039E-02 2.4596509E-02 9.8858960E-03 5.7001598E-03 1.7226301E-02 4.6809670E-02 0.1008277 0.1823646 0.2992927 0.4563585 0.6653117 0.9372110 1.296517 1.777192 2.442323 3.354954 4.333214 4.779160 4.746886 4.623304 4.489254 4.371693 4.265444 4.177185 4.099819 4.036817 3.982402
-0.3635571 -0.3841063 -0.4051731 -0.4261035 -0.4453199 -0.4606729 -0.4671547 -0.4567522 -0.4102161 -0.2907805 -3.7417211E-02 0.2937185 0.5159435 0.6138873 0.6468506 0.6479387 0.6324342 0.6084192 0.5792072 0.5476481 0.5141451 0.4801393 0.4450925 0.4100198 0.3740450 0.3381181 0.3012717 0.2645858 0.2271633 0.1903978 0.1536387 0.1188245 8.5785337E-02 5.7303999E-02 3.3956863E-02 1.9661244E-02 1.5917888E-02 2.7911179E-02 5.7993833E-02 0.1125392 0.1946383 0.3121580 0.4698516 0.6794598 0.9520456 1.312057 1.793458 2.459305 3.372544 4.351137 4.797598 4.766050 4.643126 4.509706 4.392721 4.287009 4.199233 4.122304 4.059685 4.005608
-0.3620026 -0.3823688 -0.4032386 -0.4239583 -0.4429506 -0.4580663 -0.4642987 -0.4536357 -0.4068280 -0.2871096 -3.3411592E-02 0.2981119 0.5206675 0.6189144 0.6521809 0.6535738 0.6383739 0.6146644 0.5857580 0.5545048 0.5213084 0.4876116 0.4528765 0.4181211 0.3824684 0.3468733 0.3103679 0.2740362 0.2369805 0.2005997 0.1642420 0.1298511 9.7255878E-02 6.9244586E-02 4.6392437E-02 3.2622833E-02 2.9434638E-02 4.2020254E-02 7.2729304E-02 0.1279443 0.2107524 0.3290285 0.4875197 0.6979732 0.9714406 1.332374 1.814721 2.481552 3.395895 4.375857 4.823468 4.792802 4.670755 4.538152 4.421939 4.316927 4.229794 4.153434 4.091324 4.037683
-0.3600839 -0.3802255 -0.4008533 -0.4213141 -0.4400302 -0.4548544 -0.4607801 -0.4497963 -0.4026572 -0.2825994 -2.8598147E-02 0.3031875 0.5260744 0.6246879 0.6583260 0.6600922 0.6452667 0.6219311 0.5933992 0.5625202 0.5296998 0.4963796 0.4620257 0.4276558 0.3923969 0.3572041 0.3211133 0.2852099 0.2486000 0.2126822 0.1768100 0.1429263 0.1108649 8.3413728E-02 6.1153434E-02 4.8007261E-02 4.5480583E-02 5.8765337E-02 9.0220615E-02 0.1462277 0.2298844 0.3490630 0.5085195 0.7199940 0.9945443 1.356607 1.840129 2.508143 3.423568 4.404333 4.852930 4.823457 4.702514 4.570959 4.455709 4.351591 4.265257 4.189620 4.128139 4.075050
-0.3577937 -0.3776681 -0.3980087 -0.4181612 -0.4365494 -0.4510272 -0.4565892 -0.4452261 -0.3976925 -0.2772256 -2.2758428E-02 0.3095513 0.5329034 0.6319553 0.6660334 0.6682414 0.6538582 0.6309663 0.6028765 0.5724413 0.5400636 0.5071896 0.4732842 0.4393695 0.4045722 0.3698529 0.3342472 0.2988453 0.2627538 0.2273762 0.1920657 0.1587698 0.1273213 0.1005142 7.8927264E-02 6.6490844E-02 6.4709976E-02 7.8786723E-02 0.1110806 0.1679854 0.2526001 0.3728111 0.5333734 0.7460380 1.021854 1.385261 1.870189 2.539680 3.456728 4.439405 4.889687 4.861606 4.742029 4.611753 4.497699 4.394665 4.309319 4.234555 4.173847 4.121422
-0.3551100 -0.3746748 -0.3946817 -0.4144779 -0.4324872 -0.4465649 -0.4517073 -0.4399079 -0.3919240 -0.2709965 -1.6105525E-02 0.3165858 0.5403952 0.6399435 0.6745256 0.6772408 0.6633674 0.6409857 0.6134070 0.5834816 0.5516157 0.5192543 0.4858655 0.4524719 0.4182056 0.3840259 0.3489753 0.3141432 0.2786418 0.2438741 0.2091976 0.1765584 0.1457950 0.1196978 9.8852262E-02 8.7187156E-02 8.6216353E-02 0.1011420 0.1343378 0.1922014 0.2778506 0.3991775 0.5609567 0.7749397 1.052189 1.417133 1.903698 2.574880 3.493551 4.477576 4.929410 4.903091 4.785165 4.656450 4.543830 4.442114 4.357945 4.284233 4.224440 4.172807
-0.3520113 -0.3712245 -0.3908533 -0.4102450 -0.4278259 -0.4414525 -0.4461244 -0.4338376 -0.3853512 -0.2639058 -8.4362226E-03 0.3248975 0.5492883 0.6493933 0.6845360 0.6878195 0.6745176 0.6527106 0.6257074 0.5963594 0.5650703 0.5332884 0.5004811 0.4676754 0.4340037 0.4004312 0.3659997 0.3318045 0.2969572 0.2628651 0.2288834 0.1969634 0.1669382 0.1416031 0.1215397 0.1106823 0.1105426 0.1263354 0.1604380 0.2192690 0.3059575 0.4284238 0.5914567 0.8068358 1.085627 1.452275 1.940685 2.613863 3.534744 4.521336 4.975511 4.951222 4.835279 4.708419 4.597524 4.497365 4.414599 4.342120 4.283406 4.232697
-0.3484566 -0.3672771 -0.3864840 -0.4054266 -0.4225331 -0.4356641 -0.4398233 -0.4270095 -0.3779866 -0.2559988 -2.9802322E-05 0.3337574 0.5586871 0.6593797 0.6951269 0.6990255 0.6863497 0.6651749 0.6388093 0.6100997 0.5794522 0.5483119 0.5161512 0.4839956 0.4509828 0.4180782 0.3843293 0.3508308 0.3166981 0.2833366 0.2501050 0.2189483 0.1897017 0.1651534 0.1458855 0.1358261 0.1364940 0.1531017 0.1880449 0.2477545 0.3353919 0.4589043 0.6231245 0.8398606 1.120218 1.488647 1.979066 2.654425 3.577515 4.566090 5.022514 5.000718 4.887128 4.762486 4.653622 4.555311 4.474182 4.403147 4.345682 4.296044
-0.3443966 -0.3627854 -0.3815298 -0.3999828 -0.4165763 -0.4291779 -0.4327967 -0.4194387 -0.3698696 -0.2473332 9.2420494E-03 0.3437028 0.5692456 0.6705358 0.7069023 0.7114450 0.6994331 0.6789388 0.6532629 0.6252509 0.5953031 0.5648667 0.5334116 0.5019677 0.4696722 0.4374958 0.4044856 0.3717403 0.3383733 0.3057925 0.2733498 0.2429893 0.2145359 0.1907732 0.1722709 0.1629535 0.1643291 0.1816182 0.2172195 0.2775921 0.3659267 0.4902260 0.6553742 0.8732525 1.155016 1.525171 2.017642 2.695397 3.621283 4.613178 5.072761 5.053812 4.943011 4.820978 4.714518 4.618359 4.539145 4.469776 4.413750 4.365330
-0.3397497 -0.3576707 -0.3759169 -0.3938466 -0.4099007 -0.4219560 -0.4250345 -0.4111508 -0.3610804 -0.2380675 1.8914696E-02 0.3537253 0.5797237 0.6815492 0.7185032 0.7236819 0.7123486 0.6925637 0.6676211 0.6403546 0.6111620 0.5814843 0.5507932 0.5201163 0.4885958 0.4572006 0.4249832 0.3930391 0.3604850 0.3287205 0.2970969 0.2675435 0.2398777 0.2168614 0.1990519 0.1903492 0.1922521 0.2099657 0.2458994 0.3065253 0.3950844 0.5196379 0.6851689 0.9036525 1.186365 1.557894 2.052236 2.732335 3.660869 4.655389 5.118049 5.102527 4.995005 4.876059 4.772404 4.678765 4.601756 4.534302 4.479910 4.432876
-0.3344080 -0.3518295 -0.3695483 -0.3869319 -0.4024362 -0.4139562 -0.4165349 -0.4022100 -0.3517666 -0.2284455 2.8859196E-02 0.3640537 0.5903904 0.6925922 0.7300178 0.7357656 0.7250839 0.7060148 0.6818296 0.6553499 0.6269574 0.5980905 0.5682141 0.5383582 0.5076620 0.4771001 0.4457205 0.4146234 0.3829164 0.3519993 0.3212060 0.2924566 0.2655411 0.2432001 0.2259517 0.2176677 0.2198050 0.2375491 0.2732878 0.3335121 0.4214955 0.5453897 0.7102902 0.9283444 1.211000 1.583042 2.078602 2.760733 3.692201 4.690654 5.157364 5.145710 5.042037 4.926694 4.826329 4.735596 4.661127 4.595847 4.543307 4.497818
-0.3282078 -0.3451030 -0.3622730 -0.3791019 -0.3940687 -0.4051029 -0.4072890 -0.3927077 -0.3421793 -0.2189478 3.8078267E-02 0.3728921 0.5990224 0.7012286 0.7388658 0.7450198 0.7349055 0.7165200 0.6930981 0.6674282 0.6398751 0.6118615 0.5828484 0.5538586 0.5240358 0.4943493 0.4638515 0.4336353 0.4028080 0.3727532 0.3427951 0.3148229 0.2886000 0.2668193 0.2499516 0.2418029 0.2437732 0.2609808 0.2957740 0.3546149 0.4408097 0.5625761 0.7251661 0.9409336 1.221626 1.592342 2.087547 2.770488 3.703877 4.704967 5.175418 5.168259 5.069043 4.957922 4.861360 4.773983 4.702399 4.639581 4.589103 4.545337
-0.3209251 -0.3372737 -0.3538834 -0.3701636 -0.3846348 -0.3952841 -0.3972774 -0.3827910 -0.3327308 -0.2103682 4.5542534E-02 0.3792228 0.6042961 0.7057738 0.7431156 0.7493674 0.7396500 0.7218710 0.6991885 0.6743401 0.6476527 0.6205302 0.5924184 0.5643393 0.5354283 0.5066588 0.4770765 0.4477744 0.4178459 0.3886660 0.3595295 0.3322985 0.3066836 0.2853211 0.2685986 0.2602347 0.2615165 0.2774588 0.3102988 0.3664265 0.4491000 0.5665777 0.7242225 0.9346420 1.209948 1.575770 2.067171 2.748040 3.681629 4.685492 5.160096 5.157689 5.063567 4.957304 4.865140 4.781579 4.713261 4.653182 4.604993 4.563111
-0.3122345 -0.3280224 -0.3440698 -0.3598250 -0.3738711 -0.3842980 -0.3864224 -0.3726285 -0.3240620 -0.2041506 4.8412081E-02 0.3783838 0.6003025 0.6995885 0.7357137 0.7415340 0.7319377 0.7146324 0.6926408 0.6686062 0.6428026 0.6165982 0.5894243 0.5622890 0.5343279 0.5065069 0.4778727 0.4495067 0.4204962 0.3921910 0.3638612 0.3373191 0.3122183 0.2911055 0.2742662 0.2652757 0.2652688 0.2790716 0.3087396 0.3604701 0.4373741 0.5475990 0.6965084 0.8968275 1.161019 1.515318 1.995779 2.667552 3.595123 4.596589 5.072957 5.075225 4.986689 4.885976 4.798803 4.719561 4.654870 4.597820 4.552125 4.512292
-0.3017032 -0.3169215 -0.3324124 -0.3476785 -0.3613970 -0.3718205 -0.3745366 -0.3623691 -0.3170896 -0.2027791 4.1927606E-02 0.3632413 0.5777159 0.6719676 0.7052945 0.7098766 0.7000057 0.6829948 0.6616187 0.6383801 0.6134675 0.5882048 0.5619935 0.5358345 0.5088508 0.4820088 0.4543452 0.4269379 0.3988544 0.3714252 0.3438779 0.3179754 0.2932871 0.2722585 0.2550260 0.2449910 0.2430561 0.2537904 0.2789375 0.3243743 0.3928533 0.4921835 0.6273885 0.8109413 1.055168 1.386529 1.841913 2.488526 3.394567 4.382797 4.855254 4.860244 4.777457 4.682895 4.601330 4.526867 4.466170 4.412402 4.369400 4.331750
-0.2887772 -0.3034205 -0.3183655 -0.3331815 -0.3466811 -0.3573482 -0.3612223 -0.3519503 -0.3128501 -0.2103476 1.5302981E-02 0.3142804 0.5111189 0.5949613 0.6230385 0.6253041 0.6146863 0.5977618 0.5769207 0.5544510 0.5304338 0.5061251 0.4809020 0.4557396 0.4297610 0.4039178 0.3772485 0.3508122 0.3236686 0.2971098 0.2703294 0.2450164 0.2206573 0.1995586 0.1816942 0.1702276 0.1657865 0.1725727 0.1919183 0.2291822 0.2865407 0.3710837 0.4869946 0.6456669 0.8581192 1.149218 1.554368 2.140695 2.981713 3.916094 4.362926 4.365214 4.287795 4.199971 4.124529 4.055287 3.998870 3.948617 3.908451 3.873113
-0.2730134 -0.2870752 -0.3014880 -0.3158805 -0.3292621 -0.3403774 -0.3459656 -0.3409209 -0.3117646 -0.2314520 -4.9878493E-02 0.1928601 0.3503955 0.4153284 0.4351241 0.4339481 0.4221493 0.4051192 0.3847569 0.3630187 0.3399156 0.3165550 0.2923549 0.2681881 0.2432530 0.2184058 0.1927689 0.1672947 0.1411219 0.1154097 8.9409992E-02 6.4628899E-02 4.0565293E-02 1.9260172E-02 6.1704777E-04 -1.2594694E-02 -1.9945625E-02 -1.7808007E-02 -5.2245338E-03 2.2342196E-02 6.6417597E-02 0.1328382 0.2245285 0.3505898 0.5190839 0.7496614 1.069827 1.534636 2.209164 2.970651 3.329535 3.319530 3.247211 3.166935 3.097854 3.034308 2.982254 2.935792 2.898470 2.865618
-0.2550848 -0.2685647 -0.2824500 -0.2964251 -0.3097525 -0.3213987 -0.3290559 -0.3289889 -0.3125916 -0.2637964 -0.1576243 -1.8962426E-02 7.3709756E-02 0.1124230 0.1218537 0.1165168 0.1033553 8.6052947E-02 6.6216178E-02 4.5118388E-02 2.3021294E-02 5.2661635E-04 -2.2544015E-02 -4.5799907E-02 -6.9576316E-02 -9.3519710E-02 -0.1180032 -0.1426171 -0.1676923 -0.1926754 -0.2177671 -0.2421600 -0.2658108 -0.2875164 -0.3068615 -0.3221146 -0.3324061 -0.3354256 -0.3298927 -0.3129804 -0.2830776 -0.2367494 -0.1716861 -8.2860798E-02 3.4685224E-02 0.1912115 0.4009578 0.6889308 1.076761 1.481076 1.657373 1.631225 1.564032 1.492818 1.429508 1.372489 1.324339 1.282235 1.247381 1.217437
-0.2376878 -0.2505792 -0.2639302 -0.2774806 -0.2907292 -0.3028812 -0.3125012 -0.3172097 -0.3127567 -0.2926840 -0.2517760 -0.2013431 -0.1653656 -0.1507006 -0.1510456 -0.1603346 -0.1748094 -0.1923218 -0.2116451 -0.2320587 -0.2531739 -0.2747596 -0.2967294 -0.3190292 -0.3416778 -0.3646687 -0.3880316 -0.4117331 -0.4357457 -0.4599411 -0.4841609 -0.5080985 -0.5313712 -0.5533950 -0.5734682 -0.5906518 -0.6038847 -0.6118925 -0.6133477 -0.6068016 -0.5908566 -0.5640627 -0.5250161 -0.4721516 -0.4037009 -0.3174550 -0.2109320 -8.3253801E-02 5.6144781E-02 0.1651946 0.1906050 0.1489708 8.6898774E-02 2.4221523E-02 -3.3058368E-02 -8.3835728E-02 -0.1278873 -0.1658313 -0.1980613 -0.2252452
-0.2228308 -0.2351277 -0.2479251 -0.2610275 -0.2741021 -0.2866147 -0.2977175 -0.3061329 -0.3100576 -0.3075691 -0.2983295 -0.2865837 -0.2793813 -0.2799107 -0.2872984 -0.2995712 -0.3150489 -0.3325638 -0.3513709 -0.3710029 -0.3911934 -0.4117897 -0.4327309 -0.4539934 -0.4755933 -0.4975441 -0.5198687 -0.5425594 -0.5655923 -0.5888850 -0.6123094 -0.6356444 -0.6585904 -0.6807202 -0.7015027 -0.7202661 -0.7362514 -0.7486035 -0.7564691 -0.7590192 -0.7555773 -0.7456418 -0.7290173 -0.7058303 -0.6767124 -0.6429547 -0.6070729 -0.5737182 -0.5511829 -0.5509478 -0.5801871 -0.6303807 -0.6872706 -0.7428163 -0.7936979 -0.8390012 -0.8786282 -0.9129154 -0.9422335 -0.9670238
-0.2105283 -0.2222281 -0.2344489 -0.2470595 -0.2598441 -0.2724726 -0.2844710 -0.2952099 -0.3039877 -0.3103201 -0.3146080 -0.3184560 -0.3238621 -0.3322375 -0.3437494 -0.3578454 -0.3738350 -0.3911406 -0.4093370 -0.4281473 -0.4473979 -0.4670005 -0.4869147 -0.5071421 -0.5276965 -0.5486076 -0.5698935 -0.5915672 -0.6136097 -0.6359773 -0.6585706 -0.6812431 -0.7037683 -0.7258542 -0.7471159 -0.7671073 -0.7853149 -0.8012218 -0.8143312 -0.8242694 -0.8308275 -0.8340824 -0.8344358 -0.8327414 -0.8303397 -0.8292025 -0.8319337 -0.8417750 -0.8621411 -0.8952681 -0.9391221 -0.9890702 -1.040355 -1.089330 -1.134256 -1.174456 -1.209883 -1.240702 -1.267215 -1.289710
-0.2002466 -0.2113457 -0.2229719 -0.2350408 -0.2474186 -0.2599108 -0.2722597 -0.2841658 -0.2953512 -0.3057024 -0.3153981 -0.3250637 -0.3356275 -0.3476125 -0.3611416 -0.3760623 -0.3921011 -0.4089776 -0.4264694 -0.4444144 -0.4627163 -0.4813218 -0.5002194 -0.5194154 -0.5389369 -0.5588096 -0.5790642 -0.5997134 -0.6207600 -0.6421742 -0.6639003 -0.6858329 -0.7078277 -0.7296801 -0.7511455 -0.7719292 -0.7917282 -0.8102425 -0.8272455 -0.8426150 -0.8564222 -0.8689607 -0.8808278 -0.8929182 -0.9064598 -0.9229155 -0.9438770 -0.9707016 -1.004018 -1.043219 -1.087170 -1.133321 -1.178789 -1.221798 -1.261290 -1.296847 -1.328365 -1.355963 -1.379813 -1.400148
-0.1914628 -0.2019627 -0.2129813 -0.2244669 -0.2363392 -0.2484856 -0.2607674 -0.2730364 -0.2851778 -0.2971646 -0.3091529 -0.3213983 -0.3340947 -0.3475069 -0.3617530 -0.3767946 -0.3925165 -0.4087877 -0.4254908 -0.4425416 -0.4598863 -0.4775046 -0.4953946 -0.5135762 -0.5320746 -0.5509234 -0.5701504 -0.5897800 -0.6098194 -0.6302629 -0.6510748 -0.6721974 -0.6935350 -0.7149656 -0.7363327 -0.7574681 -0.7781970 -0.7983803 -0.8179324 -0.8368807 -0.8553841 -0.8737869 -0.8926101 -0.9125663 -0.9344828 -0.9592350 -0.9875577 -1.019889 -1.056194 -1.095864 -1.137093 -1.178274 -1.218245 -1.255887 -1.290561 -1.321925 -1.349901 -1.374521 -1.395912 -1.414213
-0.1837959 -0.1937035 -0.2041100 -0.2149851 -0.2262813 -0.2379339 -0.2498652 -0.2619984 -0.2742736 -0.2866742 -0.2992088 -0.3119720 -0.3251718 -0.3388739 -0.3530918 -0.3678059 -0.3829649 -0.3985031 -0.4143633 -0.4305008 -0.4468942 -0.4635364 -0.4804395 -0.4976235 -0.5151196 -0.5329579 -0.5511720 -0.5697853 -0.5888175 -0.6082699 -0.6281335 -0.6483737 -0.6689420 -0.6897643 -0.7107574 -0.7318258 -0.7528897 -0.7738901 -0.7948284 -0.8157743 -0.8369058 -0.8584999 -0.8809498 -0.9047139 -0.9302875 -0.9580902 -0.9883927 -1.021165 -1.055978 -1.092010 -1.128727 -1.165158 -1.200177 -1.233130 -1.263549 -1.291203 -1.315985 -1.337910 -1.357035 -1.373464
-0.1769570 -0.1862853 -0.1960848 -0.2063383 -0.2170182 -0.2280858 -0.2394962 -0.2512037 -0.2631738 -0.2753909 -0.2878934 -0.3007126 -0.3138091 -0.3272339 -0.3410159 -0.3551443 -0.3695902 -0.3843220 -0.3993092 -0.4145339 -0.4299874 -0.4456764 -0.4616145 -0.4778274 -0.4943425 -0.5111933 -0.5284094 -0.5460202 -0.5640451 -0.5824993 -0.6013824 -0.6206857 -0.6403835 -0.6604429 -0.6808193 -0.7014723 -0.7223663 -0.7434951 -0.7648836 -0.7866152 -0.8088261 -0.8317214 -0.8555447 -0.8805702 -0.9070373 -0.9351177 -0.9648327 -0.9960403 -1.028440 -1.061599 -1.094530 -1.126540 -1.157225 -1.186085 -1.212806 -1.237181 -1.259127 -1.278618 -1.295692 -1.310401
-0.1707518 -0.1795191 -0.1887254 -0.1983613 -0.2084102 -0.2188485 -0.2296475 -0.2407783 -0.2522140 -0.2639351 -0.2759086 -0.2881336 -0.3006812 -0.3135351 -0.3266726 -0.3400789 -0.3537372 -0.3676285 -0.3817398 -0.3960630 -0.4106010 -0.4253625 -0.4403666 -0.4556358 -0.4711996 -0.4870865 -0.5033285 -0.5199515 -0.5369807 -0.5544328 -0.5723198 -0.5906421 -0.6093960 -0.6285669 -0.6481407 -0.6681005 -0.6884420 -0.7091721 -0.7303272 -0.7519691 -0.7741976 -0.7971342 -0.8209224 -0.8456907 -0.8715388 -0.8984851 -0.9264568 -0.9552386 -0.9844550 -1.013598 -1.042489 -1.070685 -1.097605 -1.122941 -1.146437 -1.167947 -1.187375 -1.204698 -1.219917 -1.233067
