T5-twomodels-2/gz/model150.grd
DSAA
         100         100
  -15.00000       15.00000    
  -15.00000       15.00000    
  -5.582005       6.796205    
[rows 0 to 26 of 100, columns 0 to 59 of 100]
0.1050076 0.1072959 0.1095455 0.1117432 0.1138756 0.1159273 0.1178843 0.1197295 0.1214487 0.1230257 0.1244695 0.1257631 0.1268232 0.1276499 0.1282449 0.1285932 0.1286797 0.1284896 0.1280087 0.1272240 0.1261233 0.1246960 0.1229331 0.1208274 0.1183726 0.1155645 0.1124002 0.1088789 0.1050016 0.1007714 9.6192814E-02 9.1272734E-02 8.6019479E-02 8.0443747E-02 7.4557744E-02 6.8376303E-02 6.1915644E-02 5.5194318E-02 4.8232056E-02 4.1050650E-02 3.3673491E-02 2.6125416E-02 1.8432550E-02 1.0622432E-02 2.7230242E-03 -5.2370597E-03 -1.3229344E-02 -2.1226892E-02 -2.9215449E-02 -3.7198585E-02 -4.5115139E-02 -5.2868027E-02 -6.0445558E-02 -6.7853242E-02 -7.5070620E-02 -8.2075678E-02 -8.8846944E-02 -9.5364518E-02 -0.1016102 -0.1075675
0.1117888 0.1143535 0.1168831 0.1193639 0.1217801 0.1241160 0.1263540 0.1284776 0.1304668 0.1323027 0.1339375 0.1353507 0.1365927 0.1376246 0.1384079 0.1389232 0.1391525 0.1390792 0.1386872 0.1379613 0.1368876 0.1354543 0.1336510 0.1314687 0.1289006 0.1259413 0.1225874 0.1188375 0.1146925 0.1101551 0.1052305 9.9925458E-02 9.4249122E-02 8.8212885E-02 8.1830442E-02 7.5117357E-02 6.8091944E-02 6.0774222E-02 5.3186271E-02 4.5352101E-02 3.7297864E-02 2.9051118E-02 2.0641111E-02 1.2098486E-02 3.4548342E-03 -5.2578049E-03 -1.4006720E-02 -2.2756705E-02 -3.1458750E-02 -4.0044755E-02 -4.8516434E-02 -5.6914963E-02 -6.5193586E-02 -7.3290974E-02 -8.1176728E-02 -8.8824943E-02 -9.6212275E-02 -0.1033164 -0.1101176 -0.1165979
0.1190606 0.1219334 0.1247769 0.1275750 0.1303115 0.1329673 0.1355248 0.1379627 0.1402628 0.1424042 0.1443940 0.1462101 0.1477580 0.1490348 0.1500389 0.1507507 0.1511501 0.1512181 0.1509361 0.1502871 0.1492551 0.1478267 0.1459896 0.1437337 0.1410506 0.1379342 0.1343801 0.1303867 0.1259542 0.1210853 0.1157851 0.1100612 0.1039229 9.7382806E-02 9.0455383E-02 8.3158165E-02 7.5510621E-02 6.7535207E-02 5.9256077E-02 5.0700132E-02 4.1896127E-02 3.2874942E-02 2.3669053E-02 1.4313078E-02 4.8422720E-03 -4.7072535E-03 -1.4299388E-02 -2.3899250E-02 -3.3486217E-02 -4.3059304E-02 -5.2546732E-02 -6.1837543E-02 -7.0914418E-02 -7.9779327E-02 -8.8406272E-02 -9.6767522E-02 -0.1048368 -0.1125898 -0.1200044 -0.1270611
0.1268566 0.1300740 0.1332687 0.1364239 0.1395201 0.1425382 0.1454560 0.1482528 0.1509035 0.1533839 0.1556381 0.1576399 0.1594411 0.1609952 0.1622559 0.1631985 0.1637997 0.1640372 0.1638905 0.1633396 0.1623669 0.1609564 0.1590944 0.1567686 0.1539701 0.1506909 0.1469263 0.1426733 0.1379324 0.1327055 0.1269983 0.1208182 0.1141757 0.1070838 9.9558569E-02 9.1618642E-02 8.3285809E-02 7.4584439E-02 6.5541379E-02 5.6186225E-02 4.6551138E-02 3.6670431E-02 2.6580483E-02 1.6319986E-02 5.9287301E-03 -4.5524910E-03 -1.5082234E-02 -2.5615888E-02 -3.6093783E-02 -4.6435349E-02 -5.6636896E-02 -6.6738434E-02 -7.6683685E-02 -8.6400501E-02 -9.5851272E-02 -0.1050038 -0.1138292 -0.1223004 -0.1303933 -0.1380865
0.1352189 0.1388208 0.1424094 0.1459648 0.1494672 0.1528934 0.1562209 0.1594234 0.1624773 0.1653557 0.1680628 0.1705701 0.1727688 0.1746513 0.1762121 0.1774251 0.1782644 0.1787048 0.1787225 0.1782951 0.1774022 0.1760259 0.1741497 0.1717604 0.1688467 0.1653999 0.1614137 0.1568851 0.1518131 0.1462002 0.1400514 0.1333750 0.1261816 0.1184856 0.1103040 0.1016573 9.2568971E-02 8.3066039E-02 7.3177949E-02 6.2937617E-02 5.2380588E-02 4.1545115E-02 3.0472131E-02 1.9204991E-02 7.7883713E-03 -3.7318561E-03 -1.5309174E-02 -2.6898948E-02 -3.8471773E-02 -5.0019965E-02 -6.1457679E-02 -7.2656080E-02 -8.3590508E-02 -9.4258048E-02 -0.1046253 -0.1146575 -0.1243222 -0.1335896 -0.1424333 -0.1508298
0.1441859 0.1482180 0.1522470 0.1562530 0.1602121 0.1641006 0.1678907 0.1715562 0.1750654 0.1783873 0.1814558 0.1842372 0.1867837 0.1890390 0.1909475 0.1924770 0.1935970 0.1942788 0.1944954 0.1942209 0.1934325 0.1921092 0.1902328 0.1877875 0.1847607 0.1811419 0.1769239 0.1721022 0.1666758 0.1606463 0.1540192 0.1468024 0.1390078 0.1306501 0.1217482 0.1123238 0.1024028 9.2014439E-02 8.1191443E-02 6.9969818E-02 5.8389433E-02 4.6492718E-02 3.4325592E-02 2.1936560E-02 9.3761841E-03 -3.3036806E-03 -1.6049528E-02 -2.8804736E-02 -4.1495685E-02 -5.4025628E-02 -6.6382788E-02 -7.8604028E-02 -9.0620622E-02 -0.1023471 -0.1137361 -0.1247476 -0.1353454 -0.1454968 -0.1551725 -0.1643473
0.1538047 0.1583165 0.1628399 0.1673512 0.1718260 0.1762355 0.1805515 0.1847409 0.1887730 0.1926133 0.1962616 0.1996811 0.2027450 0.2054395 0.2077531 0.2096520 0.2111017 0.2120696 0.2125248 0.2124381 0.2117830 0.2105362 0.2086762 0.2061856 0.2030492 0.1992553 0.1947947 0.1896626 0.1838568 0.1773788 0.1702333 0.1624292 0.1539782 0.1448966 0.1352040 0.1249243 0.1140852 0.1027190 9.0861186E-02 7.8551844E-02 6.5834917E-02 5.2757978E-02 3.9372038E-02 2.5731884E-02 1.1894293E-02 -2.0818552E-03 -1.6136700E-02 -3.0211732E-02 -4.4265948E-02 -5.8282003E-02 -7.2155632E-02 -8.5735068E-02 -9.8985523E-02 -0.1118971 -0.1244266 -0.1365300 -0.1481668 -0.1593007 -0.1698998 -0.1799364
0.1641179 0.1691662 0.1742425 0.1793225 0.1843771 0.1893769 0.1942870 0.1990739 0.2036971 0.2081170 0.2122541 0.2160651 0.2196019 0.2227955 0.2255779 0.2279073 0.2297435 0.2310494 0.2317897 0.2319310 0.2314436 0.2303004 0.2284776 0.2259545 0.2227142 0.2187429 0.2140303 0.2085698 0.2023588 0.1953979 0.1876919 0.1792493 0.1700828 0.1602092 0.1496497 0.1384296 0.1265791 0.1141329 0.1011302 8.7614983E-02 7.3635809E-02 5.9245571E-02 4.4501480E-02 2.9464858E-02 1.4199829E-02 -1.2266450E-03 -1.6745368E-02 -3.2283157E-02 -4.7747977E-02 -6.3021414E-02 -7.8080408E-02 -9.2956774E-02 -0.1075649 -0.1218013 -0.1356064 -0.1489291 -0.1617246 -0.1739523 -0.1855771 -0.1965692
0.1751765 0.1808233 0.1865197 0.1922376 0.1979469 0.2036120 0.2091972 0.2146605 0.2199617 0.2250568 0.2299389 0.2345604 0.2387716 0.2425505 0.2458775 0.2487075 0.2509957 0.2526995 0.2537784 0.2541951 0.2539151 0.2529082 0.2511468 0.2486079 0.2452718 0.2411229 0.2361490 0.2303425 0.2236993 0.2162196 0.2079076 0.1987723 0.1888264 0.1780876 0.1665781 0.1543254 0.1413612 0.1277235 0.1134548 9.8603524E-02 8.3222829E-02 6.7371696E-02 5.1113591E-02 3.4517657E-02 1.7656339E-02 6.0533645E-04 -1.6557077E-02 -3.3754017E-02 -5.0927769E-02 -6.8047270E-02 -8.4983841E-02 -0.1015560 -0.1177144 -0.1334389 -0.1486726 -0.1633594 -0.1774485 -0.1908954 -0.2036615 -0.2157144
0.1870253 0.1933408 0.1997308 0.2061662 0.2126115 0.2190299 0.2253778 0.2316120 0.2376806 0.2435322 0.2490701 0.2542380 0.2590870 0.2635314 0.2674869 0.2708986 0.2737140 0.2758844 0.2773643 0.2781105 0.2780846 0.2772518 0.2755814 0.2730469 0.2696261 0.2653010 0.2600579 0.2538874 0.2467846 0.2387485 0.2297832 0.2198974 0.2091040 0.1974214 0.1848732 0.1714877 0.1572996 0.1423490 0.1266822 0.1103516 9.3415961E-02 7.5940095E-02 5.7994924E-02 3.9657671E-02 2.1010311E-02 2.1388289E-03 -1.6866136E-02 -3.5909146E-02 -5.4872364E-02 -7.3608644E-02 -9.2078514E-02 -0.1103049 -0.1281790 -0.1455732 -0.1624106 -0.1786256 -0.1941619 -0.2089696 -0.2230066 -0.2362382
0.1997178 0.2067785 0.2139455 0.2211851 0.2284604 0.2357276 0.2429414 0.2500478 0.2569949 0.2637248 0.2702221 0.2764240 0.2821526 0.2873738 0.2920568 0.2961421 0.2995709 0.3022874 0.3042392 0.3053780 0.3056598 0.3050457 0.3035008 0.3009954 0.2975042 0.2930071 0.2874881 0.2809366 0.2733462 0.2647152 0.2550468 0.2443496 0.2326368 0.2199274 0.2062453 0.1916207 0.1760898 0.1596957 0.1424876 0.1245224 0.1058640 8.6583659E-02 6.6759899E-02 4.6478961E-02 2.5833165E-02 4.9205031E-03 -1.6156817E-02 -3.7296209E-02 -5.8416393E-02 -7.9465888E-02 -0.1002825 -0.1206448 -0.1404821 -0.1597585 -0.1783984 -0.1963292 -0.2134865 -0.2298154 -0.2452698 -0.2598124
0.2132978 0.2211899 0.2292248 0.2373676 0.2455754 0.2538020 0.2619927 0.2700914 0.2780316 0.2857463 0.2931159 0.3000666 0.3066477 0.3127512 0.3182712 0.3231356 0.3272759 0.3306284 0.3331340 0.3347371 0.3353889 0.3350448 0.3336662 0.3312193 0.3276760 0.3230135 0.3172141 0.3102652 0.3021595 0.2928939 0.2824714 0.2708999 0.2581926 0.2443687 0.2294532 0.2134770 0.1964780 0.1785012 0.1595993 0.1398326 0.1192701 9.7989589E-02 7.6077431E-02 5.3629305E-02 3.0749127E-02 7.5483229E-03 -1.5854929E-02 -3.9334014E-02 -6.2735848E-02 -8.5872784E-02 -0.1086803 -0.1311662 -0.1531884 -0.1745854 -0.1952564 -0.2151161 -0.2340925 -0.2521242 -0.2691610 -0.2851633
0.2278164 0.2366330 0.2456382 0.2547916 0.2640485 0.2733542 0.2826511 0.2918704 0.3009442 0.3097964 0.3183998 0.3266716 0.3343961 0.3415233 0.3480072 0.3537692 0.3587321 0.3628231 0.3659746 0.3681244 0.3692167 0.3692022 0.3680367 0.3656833 0.3621106 0.3572932 0.3512110 0.3438503 0.3352020 0.3252626 0.3140338 0.3015236 0.2877446 0.2727166 0.2564645 0.2390204 0.2204228 0.2007187 0.1799625 0.1582185 0.1355595 0.1120690 8.7841436E-02 6.2982321E-02 3.7607647E-02 1.1843303E-02 -1.4176080E-02 -4.0313277E-02 -6.6452757E-02 -9.2512228E-02 -0.1182809 -0.1434809 -0.1680095 -0.1918067 -0.2147696 -0.2368028 -0.2578234 -0.2777638 -0.2965694 -0.3141982
0.2433095 0.2531548 0.2632407 0.2735256 0.2839576 0.2944788 0.3050202 0.3155093 0.3258599 0.3359846 0.3457339 0.3550109 0.3638603 0.3721454 0.3797318 0.3865249 0.3924352 0.3973796 0.4012816 0.4040703 0.4056836 0.4060656 0.4051680 0.4029488 0.3993742 0.3944157 0.3880517 0.3802665 0.3710502 0.3603980 0.3483116 0.3347979 0.3198703 0.3035477 0.2858558 0.2668263 0.2464988 0.2249203 0.2021471 0.1782447 0.1532897 0.1273699 0.1005864 7.3054105E-02 4.4901997E-02 1.6271835E-02 -1.2681307E-02 -4.1788355E-02 -7.0846133E-02 -9.9608906E-02 -0.1279724 -0.1559168 -0.1832509 -0.2097640 -0.2353202 -0.2598061 -0.2831286 -0.3052116 -0.3259963 -0.3454390
0.2598162 0.2708012 0.2820905 0.2936367 0.3053850 0.3172676 0.3292106 0.3411262 0.3529249 0.3645076 0.3758309 0.3867856 0.3971066 0.4067231 0.4155689 0.4235404 0.4305362 0.4364620 0.4412304 0.4447620 0.4469861 0.4478410 0.4472725 0.4452354 0.4416914 0.4366105 0.4299687 0.4217495 0.4119418 0.4005405 0.3875464 0.3729673 0.3568155 0.3391109 0.3198783 0.2991503 0.2769651 0.2533701 0.2284205 0.2021824 0.1747327 0.1461618 0.1165752 8.6096168E-02 5.4865006E-02 2.3040410E-02 -9.2023518E-03 -4.1677479E-02 -7.4219614E-02 -0.1066981 -0.1388301 -0.1702537 -0.2008156 -0.2304161 -0.2589113 -0.2861716 -0.3120898 -0.3365815 -0.3595832 -0.3810502
0.2773526 0.2895994 0.3022225 0.3151732 0.3283873 0.3417928 0.3553018 0.3688203 0.3822371 0.3954377 0.4082340 0.4204987 0.4322719 0.4433798 0.4536506 0.4629605 0.4711932 0.4782400 0.4840028 0.4883909 0.4913259 0.4927380 0.4925685 0.4907666 0.4872921 0.4821117 0.4752008 0.4665414 0.4561227 0.4439386 0.4299915 0.4142883 0.3968431 0.3776752 0.3568105 0.3342802 0.3101225 0.2843823 0.2571127 0.2283763 0.1982477 0.1668151 0.1341851 0.1004846 6.5864161E-02 3.0498486E-02 -5.4124743E-03 -4.1642040E-02 -7.7914447E-02 -0.1138973 -0.1494211 -0.1844153 -0.2186111 -0.2517221 -0.2835573 -0.3139617 -0.3428125 -0.3700153 -0.3955023 -0.4192298
0.2959293 0.3095659 0.3236646 0.3381690 0.3530118 0.3681076 0.3833617 0.3986607 0.4138884 0.4289158 0.4436797 0.4580385 0.4716634 0.4844583 0.4963323 0.5071498 0.5167791 0.5250974 0.5319915 0.5373604 0.5411146 0.5431776 0.5434833 0.5419776 0.5386164 0.5333655 0.5261983 0.5170974 0.5060518 0.4930575 0.4781170 0.4612397 0.4424406 0.4217414 0.3991681 0.3747524 0.3485309 0.3205452 0.2908433 0.2594810 0.2265238 0.1920526 0.1561667 0.1189911 8.0680147E-02 4.1421689E-02 1.4377292E-03 -3.9022833E-02 -7.9720333E-02 -0.1204462 -0.1608030 -0.2002975 -0.2386892 -0.2758096 -0.3114481 -0.3454235 -0.3775928 -0.4078509 -0.4361269 -0.4623785
0.3155201 0.3306835 0.3464035 0.3626215 0.3792579 0.3962206 0.4133959 0.4306622 0.4478754 0.4648884 0.4814654 0.4974442 0.5128648 0.5275082 0.5411577 0.5536535 0.5648441 0.5745888 0.5827591 0.5892395 0.5939298 0.5967435 0.5976083 0.5964652 0.5932676 0.5879793 0.5805745 0.5710355 0.5593541 0.5455281 0.5295632 0.5114722 0.4912746 0.4689948 0.4446624 0.4183100 0.3899735 0.3596905 0.3275006 0.2934472 0.2575802 0.2199612 0.1806722 0.1398233 9.7562842E-02 5.4083906E-02 9.6307136E-03 -3.5497777E-02 -8.0920197E-02 -0.1261691 -0.1709612 -0.2151293 -0.2582710 -0.2999740 -0.3399557 -0.3779951 -0.4139262 -0.4476315 -0.4790381 -0.5081094
0.3360792 0.3529079 0.3704021 0.3884921 0.4070916 0.4260891 0.4453606 0.4647579 0.4841306 0.5033147 0.5222303 0.5407034 0.5583315 0.5749959 0.5905809 0.6049134 0.6178228 0.6291478 0.6387399 0.6464673 0.6522145 0.6558851 0.6573980 0.6566901 0.6537111 0.6484247 0.6408055 0.6308388 0.6185191 0.6038492 0.5868405 0.5675128 0.5458922 0.5220114 0.4959061 0.4676147 0.4371734 0.4046170 0.3699740 0.3332697 0.2945270 0.2537748 0.2110581 0.1664534 0.1200817 7.2126560E-02 2.2841107E-02 -2.7452551E-02 -7.8408800E-02 -0.1296889 -0.1807027 -0.2307338 -0.2793804 -0.3263437 -0.3712962 -0.4139714 -0.4541728 -0.4917712 -0.5266934 -0.5589123
0.3574983 0.3761350 0.3955519 0.4156724 0.4363903 0.4575801 0.4790884 0.5007530 0.5223891 0.5438139 0.5647435 0.5849916 0.6046259 0.6233884 0.6410159 0.6573091 0.6720715 0.6851158 0.6962690 0.7053754 0.7123024 0.7169381 0.7191930 0.7189962 0.7162962 0.7110554 0.7032514 0.6928729 0.6799213 0.6644060 0.6463493 0.6257814 0.6027422 0.5772775 0.5494380 0.5192727 0.4868264 0.4521324 0.4152097 0.3760579 0.3346618 0.2909960 0.2450421 0.1968091 0.1463587 9.3832754E-02 3.9476529E-02 -1.6343594E-02 -7.3101975E-02 -0.1301133 -0.1868849 -0.2430519 -0.2979610 -0.3509681 -0.4016254 -0.4495982 -0.4946546 -0.5366517 -0.5755208 -0.6112509
0.3796257 0.4002064 0.4216912 0.4439827 0.4669564 0.4904516 0.5142902 0.5382687 0.5621919 0.5858654 0.6092203 0.6320837 0.6539976 0.6748571 0.6945438 0.7128480 0.7295462 0.7444165 0.7572491 0.7678578 0.7760820 0.7817914 0.7848822 0.7852766 0.7829183 0.7777721 0.7698176 0.7590514 0.7454824 0.7291341 0.7100419 0.6882561 0.6638368 0.6368553 0.6073866 0.5755051 0.5412739 0.5047372 0.4659063 0.4247555 0.3812156 0.3351832 0.2865368 0.2351686 0.1810230 0.1241453 6.4722121E-02 3.1052157E-03 -6.0231842E-02 -0.1247359 -0.1894673 -0.2532915 -0.3154766 -0.3754541 -0.4326717 -0.4867104 -0.5372914 -0.5842589 -0.6275554 -0.6671959
0.4022080 0.4248636 0.4485418 0.4731240 0.4984425 0.5242963 0.5504471 0.5766539 0.6026711 0.6282941 0.6532303 0.6773499 0.7008642 0.7235443 0.7451177 0.7653494 0.7839738 0.8007150 0.8153098 0.8275207 0.8371494 0.8440345 0.8480544 0.8491189 0.8471689 0.8421680 0.8341034 0.8229790 0.8088189 0.7916619 0.7715679 0.7486140 0.7228956 0.6945218 0.6636131 0.6302876 0.5946506 0.5567749 0.5166832 0.4743270 0.4295779 0.3822249 0.3319946 0.2785891 0.2217467 0.1613175 9.7345099E-02 3.0139927E-02 -3.9634388E-02 -0.1109545 -0.1829213 -0.2547322 -0.3252050 -0.3932210 -0.4579983 -0.5189899 -0.5758592 -0.6284397 -0.6766945 -0.7206799
0.4249063 0.4497485 0.4757264 0.5026719 0.5303627 0.5585102 0.5867956 0.6148795 0.6424791 0.6693917 0.6956820 0.7213600 0.7460831 0.7699390 0.7929080 0.8147500 0.8351344 0.8536945 0.8700727 0.8839527 0.8950715 0.9032252 0.9082607 0.9100739 0.9085971 0.9037963 0.8956644 0.8842192 0.8695015 0.8515762 0.8305342 0.8064941 0.7796010 0.7500273 0.7179623 0.6836029 0.6471304 0.6086867 0.5683371 0.5260389 0.4816090 0.4347122 0.3848682 0.3314966 0.2739946 0.2118554 0.1448030 7.2920792E-02 -3.3224933E-03 -8.3089530E-02 -0.1647873 -0.2464140 -0.3264750 -0.4037721 -0.4772628 -0.5462275 -0.6102493 -0.6691557 -0.7229484 -0.7717436
0.4472154 0.4743397 0.5026830 0.5320143 0.5619991 0.5922203 0.6221803 0.6513862 0.6794116 0.7060478 0.7311918 0.7551709 0.7788560 0.8024060 0.8256997 0.8484502 0.8701856 0.8903636 0.9084623 0.9240271 0.9366954 0.9461923 0.9523230 0.9549566 0.9540173 0.9494703 0.9413180 0.9295931 0.9143619 0.8957204 0.8738047 0.8487892 0.8208933 0.7903781 0.7575431 0.7227077 0.6861887 0.6482564 0.6090872 0.5687009 0.5269067 0.4832565 0.4370312 0.3872701 0.3328593 0.2726859 0.2058599 0.1319798 5.1436108E-02 -3.4432769E-02 -0.1239953 -0.2154175 -0.3062375 -0.3941915 -0.4777132 -0.5558043 -0.6279424 -0.6939552 -0.7539060 -0.8079993
0.4684800 0.4979501 0.5286897 0.5603486 0.5924312 0.6242657 0.6550533 0.6839255 0.7101829 0.7335466 0.7546527 0.7746095 0.7942187 0.8146080 0.8361783 0.8585200 0.8808381 0.9022341 0.9218763 0.9390814 0.9533215 0.9642184 0.9715091 0.9750301 0.9746874 0.9704475 0.9623206 0.9503622 0.9346659 0.9153727 0.8926734 0.8668208 0.8381318 0.8069966 0.7738706 0.7392638 0.7037035 0.6676892 0.6316137 0.5956790 0.5597942 0.5234897 0.4858492 0.4454962 0.4006477 0.3492743 0.2893820 0.2194204 0.1386869 4.7696289E-02 -5.1024746E-02 -0.1535551 -0.2563464 -0.3564129 -0.4514124 -0.5399067 -0.6212099 -0.6951609 -0.7619165 -0.8218064
0.4877737 0.5196319 0.5527455 0.5866044 0.6204294 0.6531464 0.6833397 0.7093920 0.7297660 0.7437561 0.7520834 0.7577120 0.7650868 0.7766305 0.7927341 0.8124206 0.8340686 0.8560317 0.8769168 0.8956478 0.9114474 0.9237756 0.9322798 0.9367429 0.9370515 0.9331663 0.9251122 0.9129646 0.8968574 0.8769811 0.8536007 0.8270646 0.7978212 0.7664300 0.7335648 0.7000017 0.6665896 0.6341850 0.6035650 0.5753026 0.5496260 0.5262708 0.5043422 0.4822111 0.4574665 0.4269645 0.3870499 0.3340616 0.2652972 0.1802049 8.0426410E-02 -3.0024070E-02 -0.1449124 -0.2583415 -0.3663084 -0.4665536 -0.5581225 -0.6408648 -0.7150735 -0.7812489
0.5039248 0.5381779 0.5736122 0.6094618 0.6445489 0.6770978 0.7046227 0.7238305 0.7310751 0.7237680 0.7037531 0.6788567 0.6588812 0.6506550 0.6547999 0.6682975 0.6874487 0.7090766 0.7307821 0.7508692 0.7681789 0.7819521 0.7917057 0.7971582 0.7981625 0.7946777 0.7867361 0.7744455 0.7579784 0.7375911 0.7136319 0.6865717 0.6570186 0.6257509 0.5937226 0.5620725 0.5320893 0.5051585 0.4826527 0.4657962 0.4554821 0.4520831 0.4552451 0.4636908 0.4750081 0.4854372 0.4896767 0.4808455 0.4509245 0.3926736 0.3044493 0.1925952 6.7764893E-02 -5.9513375E-02 -0.1817629 -0.2950861 -0.3980049 -0.4903664 -0.5726427 -0.6455569
