T5-twomodels-2/gz/model30.grd
DSAA
         100         100
  -15.00000       15.00000    
  -15.00000       15.00000    
  -1.615354       4.978239    
[rows 54 to 80 of 100, columns 0 to 60 of 100]
-0.7207605 -0.7713270 -0.8223575 -0.8725095 -0.9162940 -0.9479075 -0.9515250 -0.9037778 -0.7460586 -0.3687611 0.4122393 1.427762 2.118419 2.437437 2.563864 2.596239 2.581550 2.543229 2.492448 2.436884 2.379062 2.322354 2.266533 2.213567 2.162230 2.114064 2.067489 2.024031 1.982036 1.943250 1.906125 1.872823 1.842052 1.816594 1.795549 1.782474 1.776895 1.783183 1.801137 1.835874 1.887384 1.961880 2.060356 2.192107 2.362737 2.591392 2.900932 3.338840 3.939561 4.490493 4.460049 4.154994 3.990906 3.899818 3.846370 3.802376 3.771773 3.744490 3.726041 3.709925 3.700793
-0.7148516 -0.7648109 -0.8151890 -0.8646436 -0.9076887 -0.9385228 -0.9413268 -0.8927329 -0.7341473 -0.3559710 0.4257845 1.441925 2.133388 2.453300 2.580615 2.613859 2.600017 2.562513 2.512520 2.457708 2.400605 2.344579 2.289409 2.237058 2.186306 2.138698 2.092655 2.049707 2.008205 1.969896 1.933237 1.900390 1.870071 1.845059 1.824463 1.811839 1.806720 1.813474 1.831913 1.867148 1.919181 1.994218 2.093263 2.225602 2.396847 2.626126 2.936306 3.374834 3.976062 4.527253 4.497369 4.193024 4.029460 3.938854 3.885823 3.842209 3.811925 3.784920 3.766691 3.750756 3.741752
-0.7078625 -0.7570993 -0.8067006 -0.8553256 -0.8974899 -0.9273984 -0.9292341 -0.8796391 -0.7200190 -0.3407801 0.4421930 1.459706 2.152347 2.473332 2.601700 2.635977 2.623138 2.586608 2.537549 2.483634 2.427383 2.372170 2.317768 2.266147 2.216087 2.169137 2.123722 2.081374 2.040448 2.002698 1.966581 1.934266 1.904467 1.879973 1.859890 1.847782 1.843183 1.850471 1.869456 1.905261 1.957886 2.033549 2.133250 2.266284 2.438250 2.668286 2.979237 3.418569 4.020704 4.573024 4.543904 4.240092 4.077158 3.987126 3.934623 3.891460 3.861577 3.834901 3.816950 3.801227 3.792385
-0.6997907 -0.7481886 -0.7968882 -0.8445508 -0.8856962 -0.9145327 -0.9152526 -0.8645028 -0.7037029 -0.3232692 0.4607680 1.479200 2.172961 2.495161 2.624737 2.660200 2.648522 2.613115 2.565140 2.512261 2.457000 2.402725 2.349214 2.298435 2.249175 2.202981 2.158287 2.116627 2.076362 2.039247 2.003746 1.972028 1.942816 1.918896 1.899383 1.887841 1.883812 1.891675 1.911254 1.947671 2.000943 2.077290 2.177724 2.311536 2.484337 2.715245 3.027110 3.467352 4.070292 4.623152 4.594886 4.292075 4.129926 4.040608 3.988728 3.946123 3.916708 3.890435 3.872806 3.857341 3.848686
-0.6906380 -0.7380824 -0.7857571 -0.8323277 -0.8723186 -0.8999476 -0.8994138 -0.8473771 -0.6852598 -0.3034832 0.4820597 1.502163 2.197390 2.520949 2.651869 2.688661 2.678284 2.644146 2.597394 2.545693 2.491553 2.438345 2.385843 2.336020 2.287662 2.242325 2.198442 2.157556 2.118029 2.081623 2.046803 2.015747 1.987172 1.963876 1.944970 1.934028 1.930589 1.939049 1.959230 1.996276 2.050207 2.127266 2.228469 2.363127 2.536841 2.768744 3.081658 3.523018 4.127209 4.681570 4.654408 4.352439 4.191216 4.102733 4.051611 4.009654 3.980804 3.954994 3.937750 3.922582 3.914149
-0.6804049 -0.7267826 -0.7733138 -0.8186690 -0.8573837 -0.8836847 -0.8817878 -0.8283613 -0.6648464 -0.2816736 0.5051118 1.526296 2.222830 2.547813 2.680169 2.718395 2.709440 2.676696 2.631303 2.580908 2.528021 2.476002 2.424628 2.375869 2.328517 2.284130 2.241148 2.201115 2.162402 2.126771 2.092695 2.062347 2.034455 2.011811 1.993533 1.983192 1.980339 1.989368 2.010121 2.047749 2.102302 2.180033 2.281991 2.417498 2.592179 2.825154 3.139250 3.581847 4.187200 4.742460 4.716541 4.415959 4.255862 4.168396 4.118155 4.076972 4.048770 4.023508 4.006701 3.991881 3.983700
-0.6690943 -0.7142985 -0.7595750 -0.8036067 -0.8409410 -0.8658281 -0.8625000 -0.8076508 -0.6427262 -0.2581607 0.5301665 1.553066 2.251103 2.577508 2.711315 2.751023 2.743564 2.712315 2.668390 2.619423 2.567907 2.517197 2.467062 2.419475 2.373227 2.329882 2.287883 2.248782 2.210949 2.176156 2.142871 2.113276 2.086091 2.064112 2.046451 2.036684 2.034359 2.043881 2.065099 2.103190 2.158224 2.236498 2.339089 2.475364 2.650968 2.885050 3.200417 3.644455 4.251473 4.808720 4.784367 4.485049 4.326275 4.239989 4.190799 4.150506 4.123064 4.098422 4.082122 4.067690 4.059803
-0.6567041 -0.7006356 -0.7445610 -0.7871795 -0.8230668 -0.8465019 -0.8417586 -0.7855576 -0.6193772 -0.2336526 0.5555958 1.579217 2.278257 2.605871 2.741001 2.782131 2.776175 2.746467 2.704093 2.656651 2.606616 2.557321 2.508534 2.462219 2.417171 2.374954 2.334019 2.295918 2.259031 2.225124 2.192675 2.163855 2.137389 2.116059 2.098978 2.089708 2.087802 2.097658 2.119146 2.157455 2.212702 2.291221 2.394164 2.530947 2.707290 2.942367 3.259015 3.704557 4.313136 4.871742 4.849167 4.551781 4.394605 4.309741 4.261762 4.222512 4.195929 4.172000 4.156265 4.142278 4.134713
-0.6432276 -0.6858007 -0.7282962 -0.7694447 -0.8038645 -0.8258951 -0.8198718 -0.7625876 -0.5955516 -0.2091946 0.5807039 1.605125 2.304796 2.633112 2.769188 2.811511 2.806941 2.778753 2.737962 2.692120 2.643651 2.595873 2.548528 2.503581 2.459818 2.418813 2.379012 2.341979 2.306088 2.273116 2.241529 2.213500 2.187740 2.167023 2.150441 2.141547 2.139871 2.149815 2.171240 2.209370 2.264349 2.342591 2.445319 2.582075 2.758668 2.994389 3.312113 3.759199 4.369822 4.931021 4.910659 4.615149 4.459865 4.376653 4.330104 4.292035 4.266440 4.243303 4.228206 4.214706 4.207505
-0.6286432 -0.6697859 -0.7107981 -0.7504585 -0.7834612 -0.8042454 -0.7972780 -0.7394788 -0.5724685 -0.1866860 0.6020376 1.624946 2.323588 2.651469 2.787684 2.830680 2.827211 2.800412 2.761181 2.716969 2.670137 2.623954 2.578141 2.534643 2.492249 2.452526 2.413929 2.378017 2.343175 2.311169 2.280468 2.253226 2.228144 2.207970 2.191773 2.183070 2.181365 2.191028 2.211915 2.249246 2.303214 2.380294 2.481838 2.617526 2.793374 3.028846 3.346998 3.795224 4.407531 4.970563 4.952731 4.659973 4.506987 4.425762 4.380850 4.344144 4.319643 4.297398 4.282995 4.270037 4.263227
-0.6129059 -0.6525657 -0.6920679 -0.7302703 -0.7619885 -0.7818429 -0.7745405 -0.7172958 -0.5519828 -0.1691310 0.6158931 1.635010 2.330053 2.655275 2.790086 2.832801 2.829891 2.804218 2.766443 2.723853 2.678697 2.634175 2.589964 2.547994 2.507037 2.468664 2.431328 2.396592 2.362834 2.331825 2.302014 2.275549 2.251097 2.231379 2.215412 2.206668 2.204587 2.213491 2.233181 2.268862 2.320720 2.395302 2.494060 2.626882 2.800041 3.033364 3.350260 3.798476 4.412245 4.978237 4.963489 4.673605 4.523424 4.444538 4.401547 4.366362 4.343090 4.321807 4.308172 4.295792 4.289411
-0.5959294 -0.6340707 -0.6720659 -0.7088875 -0.7395460 -0.7589650 -0.7523127 -0.6974244 -0.5369011 -0.1617394 0.6128691 1.620455 2.305585 2.623740 2.754357 2.795183 2.791979 2.767005 2.730505 2.689484 2.646019 2.603202 2.560656 2.520273 2.480819 2.443851 2.407828 2.374307 2.341670 2.311673 2.282759 2.257045 2.233169 2.213794 2.197884 2.188820 2.185962 2.193520 2.211208 2.244129 2.292424 2.362604 2.456188 2.583192 2.750198 2.977488 3.289195 3.733873 4.346398 4.913367 4.902023 4.616430 4.469875 4.393890 4.353107 4.319645 4.297702 4.277474 4.264647 4.252894 4.246963
-0.5775778 -0.6141824 -0.6506937 -0.6862519 -0.7161493 -0.7358021 -0.7311906 -0.6814731 -0.5311295 -0.1731213 0.5775356 1.558724 2.221058 2.523599 2.645261 2.681752 2.677046 2.652204 2.616729 2.577192 2.535408 2.494330 2.453492 2.414752 2.376848 2.341336 2.306664 2.274397 2.242903 2.213936 2.185912 2.160926 2.137560 2.118423 2.102380 2.092714 2.088640 2.094226 2.108998 2.137897 2.180861 2.244243 2.329391 2.446244 2.601381 2.815393 3.113173 3.544986 4.148528 4.713397 4.705668 4.425862 4.284566 4.212311 4.174157 4.142592 4.122100 4.102979 4.091021 4.079915 4.074465
-0.5576599 -0.5927159 -0.6277837 -0.6622016 -0.6916734 -0.7123073 -0.7114463 -0.6707149 -0.5392408 -0.2170165 0.4760732 1.389818 1.998764 2.269552 2.374884 2.403791 2.396142 2.370791 2.336072 2.297913 2.257795 2.218469 2.179379 2.142316 2.106007 2.071984 2.038703 2.007712 1.977388 1.949456 1.922324 1.898034 1.875130 1.856123 1.839787 1.829250 1.823567 1.826573 1.837562 1.861156 1.896970 1.950916 2.023851 2.125038 2.260264 2.449153 2.715877 3.111368 3.678818 4.221648 4.216201 3.949520 3.817822 3.750980 3.715955 3.686516 3.667540 3.649603 3.638527 3.628112 3.623146
-0.5360469 -0.5695258 -0.6032118 -0.6365606 -0.6659316 -0.6881530 -0.6927345 -0.6649774 -0.5636923 -0.3083915 0.2520403 0.9966415 1.487166 1.700707 1.780578 1.798531 1.786599 1.760166 1.725993 1.689104 1.650660 1.613068 1.575780 1.540393 1.505742 1.473202 1.441372 1.411643 1.382542 1.355615 1.329414 1.305765 1.283325 1.264332 1.247629 1.235978 1.228433 1.228348 1.234921 1.252133 1.279341 1.321520 1.378858 1.458923 1.565610 1.714696 1.924842 2.238518 2.696058 3.143914 3.135272 2.908416 2.797151 2.738851 2.707338 2.680428 2.662852 2.646291 2.635983 2.626397 2.621816
-0.5131760 -0.5450100 -0.5774063 -0.6096351 -0.6391798 -0.6631646 -0.6743409 -0.6617340 -0.5991766 -0.4387025 -0.1050002 0.3270261 0.6223431 0.7567924 0.8048406 0.8097730 0.7928901 0.7649754 0.7313566 0.6955666 0.6589315 0.6229387 0.5876185 0.5537720 0.5209558 0.4897554 0.4595602 0.4309370 0.4032476 0.3771531 0.3520766 0.3288665 0.3070842 0.2878606 0.2709614 0.2578695 0.2485710 0.2449066 0.2470085 0.2570226 0.2751720 0.3040359 0.3442668 0.3997070 0.4729614 0.5719103 0.7061145 0.8940272 1.145871 1.367423 1.345268 1.209085 1.130779 1.085005 1.056321 1.032968 1.016058 1.001547 0.9914466 0.9832034 0.9785550
-0.4904377 -0.5206392 -0.5517018 -0.5828221 -0.6124429 -0.6381508 -0.6555785 -0.6575527 -0.6312529 -0.5572609 -0.4198499 -0.2528979 -0.1282546 -6.6427879E-02 -4.8406295E-02 -5.5918064E-02 -7.7571273E-02 -0.1068363 -0.1399039 -0.1745205 -0.2093850 -0.2437119 -0.2771120 -0.3093506 -0.3403836 -0.3701740 -0.3987892 -0.4262328 -0.4525680 -0.4777505 -0.5017639 -0.5244461 -0.5456343 -0.5649868 -0.5821438 -0.5965517 -0.6076528 -0.6147261 -0.6171072 -0.6140320 -0.6048548 -0.5888494 -0.5653659 -0.5335605 -0.4924597 -0.4407248 -0.3769508 -0.3014678 -0.2243187 -0.1839163 -0.2160037 -0.2791528 -0.3284357 -0.3629872 -0.3885348 -0.4087053 -0.4246641 -0.4373768 -0.4470551 -0.4541487 -0.4586931
-0.4689018 -0.4975134 -0.5271304 -0.5571364 -0.5864902 -0.6135530 -0.6357324 -0.6491532 -0.6483477 -0.6274983 -0.5855251 -0.5351027 -0.4973041 -0.4816236 -0.4853544 -0.5024960 -0.5279087 -0.5579989 -0.5904215 -0.6236765 -0.6568486 -0.6893809 -0.7209787 -0.7514867 -0.7808664 -0.8091172 -0.8362870 -0.8624088 -0.8875271 -0.9116389 -0.9347249 -0.9566916 -0.9774088 -0.9966505 -1.014145 -1.029525 -1.042400 -1.052326 -1.058906 -1.061769 -1.060689 -1.055545 -1.046438 -1.033648 -1.017801 -0.9999474 -0.9820479 -0.9676430 -0.9629509 -0.9757228 -1.007799 -1.046723 -1.080857 -1.108384 -1.130443 -1.148331 -1.162751 -1.174229 -1.183027 -1.189400 -1.193471
-0.4486792 -0.4756964 -0.5038023 -0.5325662 -0.5613080 -0.5889956 -0.6141685 -0.6348897 -0.6490086 -0.6550163 -0.6540616 -0.6508932 -0.6514424 -0.6598676 -0.6765987 -0.6998925 -0.7275956 -0.7578791 -0.7893761 -0.8211525 -0.8525895 -0.8833174 -0.9131205 -0.9419077 -0.9696485 -0.9963685 -1.022103 -1.046904 -1.070805 -1.093833 -1.115971 -1.137181 -1.157363 -1.176389 -1.194061 -1.210166 -1.224449 -1.236681 -1.246659 -1.254291 -1.259597 -1.262804 -1.264329 -1.264885 -1.265455 -1.267416 -1.272470 -1.282648 -1.299829 -1.324582 -1.353647 -1.382959 -1.409728 -1.432601 -1.451753 -1.467578 -1.480509 -1.490814 -1.498739 -1.504428 -1.508025
-0.4295869 -0.4550048 -0.4815443 -0.5089225 -0.5367011 -0.5642630 -0.5907926 -0.6153516 -0.6370571 -0.6555223 -0.6712252 -0.6859883 -0.7025313 -0.7223594 -0.7457659 -0.7722223 -0.8008233 -0.8306466 -0.8609307 -0.8911010 -0.9207699 -0.9496864 -0.9777177 -1.004800 -1.030932 -1.056134 -1.080455 -1.103938 -1.126631 -1.148558 -1.169733 -1.190131 -1.209709 -1.228382 -1.246047 -1.262572 -1.277833 -1.291717 -1.304181 -1.315253 -1.325104 -1.334038 -1.342551 -1.351294 -1.361101 -1.372875 -1.387519 -1.405622 -1.427123 -1.451028 -1.476370 -1.501088 -1.523415 -1.542950 -1.559617 -1.573612 -1.585113 -1.594329 -1.601394 -1.606448 -1.609571
-0.4114440 -0.4352670 -0.4602050 -0.4860720 -0.5125958 -0.5394025 -0.5660409 -0.5920237 -0.6169651 -0.6407354 -0.6637550 -0.6867340 -0.7101986 -0.7348781 -0.7610630 -0.7885657 -0.8169675 -0.8457946 -0.8746127 -0.9030823 -0.9309551 -0.9580780 -0.9843613 -1.009777 -1.034327 -1.058046 -1.080973 -1.103160 -1.124647 -1.145474 -1.165656 -1.185202 -1.204089 -1.222285 -1.239733 -1.256377 -1.272163 -1.287069 -1.301114 -1.314400 -1.327110 -1.339545 -1.352096 -1.365254 -1.379526 -1.395404 -1.413204 -1.432991 -1.454488 -1.477051 -1.499116 -1.519848 -1.538878 -1.555712 -1.570277 -1.582597 -1.592798 -1.600974 -1.607244 -1.611682 -1.614371
-0.3941334 -0.4163848 -0.4397078 -0.4639849 -0.4890414 -0.5146520 -0.5405470 -0.5664600 -0.5921691 -0.6175823 -0.6426759 -0.6676861 -0.6931804 -0.7193000 -0.7460218 -0.7732240 -0.8006813 -0.8281249 -0.8553048 -0.8820096 -0.9080902 -0.9334450 -0.9580259 -0.9818155 -1.004831 -1.027099 -1.048667 -1.069577 -1.089876 -1.109599 -1.128778 -1.147427 -1.165553 -1.183144 -1.200190 -1.216669 -1.232581 -1.247938 -1.262799 -1.277265 -1.291510 -1.305752 -1.320276 -1.335375 -1.351336 -1.368348 -1.386476 -1.405545 -1.425115 -1.444536 -1.463639 -1.481739 -1.498157 -1.512776 -1.525494 -1.536336 -1.545332 -1.552561 -1.558078 -1.561952 -1.564225
-0.3775784 -0.3982967 -0.4200218 -0.4426751 -0.4661451 -0.4902844 -0.5149267 -0.5398980 -0.5650584 -0.5903191 -0.6157522 -0.6414035 -0.6671062 -0.6929581 -0.7189905 -0.7451090 -0.7711650 -0.7969941 -0.8224365 -0.8473628 -0.8716736 -0.8953097 -0.9182388 -0.9404602 -0.9619880 -0.9828557 -1.003100 -1.022766 -1.041893 -1.060524 -1.078687 -1.096412 -1.113711 -1.130599 -1.147079 -1.163163 -1.178864 -1.194222 -1.209290 -1.224166 -1.238971 -1.253866 -1.269016 -1.284592 -1.300714 -1.317442 -1.334711 -1.352360 -1.370145 -1.387768 -1.404444 -1.419916 -1.434142 -1.446855 -1.457987 -1.467498 -1.475419 -1.481772 -1.486607 -1.489953 -1.491852
-0.3617387 -0.3809800 -0.4011477 -0.4221895 -0.4440275 -0.4665631 -0.4896789 -0.5132557 -0.5371759 -0.5613454 -0.5856219 -0.6099615 -0.6345295 -0.6592281 -0.6839361 -0.7085550 -0.7329744 -0.7570764 -0.7807565 -0.8039244 -0.8265179 -0.8484946 -0.8698397 -0.8905534 -0.9106551 -0.9301710 -0.9491388 -0.9675946 -0.9855804 -1.003131 -1.020282 -1.037061 -1.053493 -1.069596 -1.085392 -1.100896 -1.116139 -1.131154 -1.145997 -1.160735 -1.175456 -1.190254 -1.205228 -1.220451 -1.235968 -1.251753 -1.267724 -1.283698 -1.299395 -1.314479 -1.329012 -1.342669 -1.355072 -1.366181 -1.375916 -1.384265 -1.391213 -1.396784 -1.400991 -1.403863 -1.405415
-0.3465875 -0.3644202 -0.3830939 -0.4025694 -0.4227919 -0.4436872 -0.4651703 -0.4871446 -0.5095193 -0.5322059 -0.5551916 -0.5784065 -0.6016092 -0.6247752 -0.6478701 -0.6708091 -0.6935006 -0.7158576 -0.7378002 -0.7592668 -0.7802101 -0.8006045 -0.8204376 -0.8397158 -0.8584533 -0.8766772 -0.8944162 -0.9117065 -0.9285814 -0.9450772 -0.9612242 -0.9770541 -0.9925909 -1.007861 -1.022883 -1.037685 -1.052290 -1.066734 -1.081055 -1.095305 -1.109532 -1.123796 -1.138135 -1.152581 -1.167124 -1.181722 -1.196278 -1.210668 -1.224764 -1.238438 -1.251214 -1.263002 -1.273837 -1.283549 -1.292086 -1.299400 -1.305493 -1.310356 -1.314004 -1.316443 -1.317689
-0.3321117 -0.3486143 -0.3658710 -0.3838525 -0.4025151 -0.4218028 -0.4416455 -0.4619680 -0.4826854 -0.5037122 -0.5249064 -0.5461856 -0.5676227 -0.5890964 -0.6104844 -0.6317024 -0.6526731 -0.6733240 -0.6935955 -0.7134371 -0.7328160 -0.7517100 -0.7701135 -0.7880294 -0.8054733 -0.8224643 -0.8390311 -0.8552006 -0.8710056 -0.8864747 -0.9016395 -0.9165257 -0.9311613 -0.9455673 -0.9597693 -0.9737865 -0.9876462 -1.001371 -1.014994 -1.028540 -1.042044 -1.055526 -1.069006 -1.082475 -1.095912 -1.109257 -1.122431 -1.135308 -1.147720 -1.159473 -1.170687 -1.181175 -1.190687 -1.199214 -1.206696 -1.213115 -1.218443 -1.222682 -1.225827 -1.227884 -1.228853
-0.3182984 -0.3335541 -0.3494815 -0.3660557 -0.3832422 -0.4009933 -0.4192535 -0.4379562 -0.4570334 -0.4764107 -0.4960645 -0.5159188 -0.5357608 -0.5555511 -0.5752509 -0.5947904 -0.6141021 -0.6331274 -0.6518147 -0.6701259 -0.6880316 -0.7055166 -0.7225733 -0.7392066 -0.7554263 -0.7712509 -0.7867008 -0.8018020 -0.8165787 -0.8310593 -0.8452678 -0.8592311 -0.8729702 -0.8865089 -0.8998653 -0.9130611 -0.9261132 -0.9390429 -0.9518661 -0.9646026 -0.9772626 -0.9898561 -1.002376 -1.014810 -1.027118 -1.039252 -1.051133 -1.062684 -1.073839 -1.084543 -1.094468 -1.103583 -1.111944 -1.119431 -1.126009 -1.131634 -1.136296 -1.139978 -1.142680 -1.144395 -1.145126
