T5-twomodels-2/gz/model90.grd
DSAA
         100         100
  -15.00000       15.00000    
  -15.00000       15.00000    
  -1.723367       5.676547    
[rows 0 to 25 of 100, columns 0 to 58 of 100]
-2.8036913E-02 -2.8924113E-02 -2.9869430E-02 -3.0877355E-02 -3.1952348E-02 -3.3099245E-02 -3.4322418E-02 -3.5627160E-02 -3.7018012E-02 -3.8500048E-02 -4.0073179E-02 -4.1742649E-02 -4.3526772E-02 -4.5427334E-02 -4.7445387E-02 -4.9585484E-02 -5.1851898E-02 -5.4249045E-02 -5.6780748E-02 -5.9450604E-02 -6.2261831E-02 -6.5217227E-02 -6.8318561E-02 -7.1567312E-02 -7.4964151E-02 -7.8509323E-02 -8.2202174E-02 -8.6041324E-02 -9.0024211E-02 -9.4147876E-02 -9.8407984E-02 -0.1027996 -0.1073165 -0.1119520 -0.1166977 -0.1215444 -0.1264819 -0.1314989 -0.1365830 -0.1417215 -0.1468998 -0.1521033 -0.1573158 -0.1625215 -0.1677030 -0.1728442 -0.1779272 -0.1829375 -0.1878702 -0.1927312 -0.1974542 -0.2019965 -0.2063693 -0.2105647 -0.2145709 -0.2183734 -0.2219605 -0.2253194 -0.2284402
-2.7325179E-02 -2.8211147E-02 -2.9157799E-02 -3.0169690E-02 -3.1252153E-02 -3.2410052E-02 -3.3648949E-02 -3.4974068E-02 -3.6391541E-02 -3.7906982E-02 -3.9532162E-02 -4.1273095E-02 -4.3121859E-02 -4.5088023E-02 -4.7181301E-02 -4.9407095E-02 -5.1770881E-02 -5.4277420E-02 -5.6931525E-02 -5.9737347E-02 -6.2699035E-02 -6.5819427E-02 -6.9101147E-02 -7.2546065E-02 -7.6155588E-02 -7.9929993E-02 -8.3869211E-02 -8.7971777E-02 -9.2235565E-02 -9.6657366E-02 -0.1012331 -0.1059572 -0.1108238 -0.1158250 -0.1209524 -0.1261957 -0.1315442 -0.1369852 -0.1425056 -0.1480906 -0.1537250 -0.1593916 -0.1650735 -0.1707518 -0.1764085 -0.1820238 -0.1875789 -0.1930511 -0.1984074 -0.2036032 -0.2086715 -0.2136208 -0.2184041 -0.2229973 -0.2273817 -0.2315438 -0.2354681 -0.2391426 -0.2425546
-2.6509983E-02 -2.7390305E-02 -2.8333340E-02 -2.9344605E-02 -3.0429460E-02 -3.1593975E-02 -3.2843698E-02 -3.4185264E-02 -3.5624482E-02 -3.7167858E-02 -3.8816232E-02 -4.0576544E-02 -4.2469848E-02 -4.4499163E-02 -4.6666782E-02 -4.8978906E-02 -5.1441379E-02 -5.4060120E-02 -5.6840528E-02 -5.9787821E-02 -6.2906437E-02 -6.6200204E-02 -6.9672175E-02 -7.3325202E-02 -7.7160858E-02 -8.1180200E-02 -8.5383132E-02 -8.9768812E-02 -9.4335057E-02 -9.9079080E-02 -0.1039963 -0.1090816 -0.1143282 -0.1197283 -0.1252724 -0.1309500 -0.1367488 -0.1426557 -0.1486555 -0.1547329 -0.1608699 -0.1670487 -0.1732493 -0.1794517 -0.1856345 -0.1917769 -0.1978567 -0.2038548 -0.2097628 -0.2155847 -0.2212446 -0.2266932 -0.2319401 -0.2369741 -0.2417804 -0.2463406 -0.2506405 -0.2546643 -0.2583999
-2.5583072E-02 -2.6452113E-02 -2.7386254E-02 -2.8391054E-02 -2.9472986E-02 -3.0638181E-02 -3.1893577E-02 -3.3245739E-02 -3.4702346E-02 -3.6270648E-02 -3.7964705E-02 -3.9792329E-02 -4.1745890E-02 -4.3837219E-02 -4.6078250E-02 -4.8476279E-02 -5.1038466E-02 -5.3771492E-02 -5.6681920E-02 -5.9775602E-02 -6.3057959E-02 -6.6533439E-02 -7.0206232E-02 -7.4079551E-02 -7.8155793E-02 -8.2436211E-02 -8.6921655E-02 -9.1611244E-02 -9.6503474E-02 -0.1015952 -0.1068825 -0.1123595 -0.1180197 -0.1238544 -0.1298541 -0.1360068 -0.1422999 -0.1487183 -0.1552465 -0.1618663 -0.1685591 -0.1753038 -0.1820794 -0.1888625 -0.1956300 -0.2023572 -0.2090200 -0.2155902 -0.2220281 -0.2282811 -0.2343825 -0.2403383 -0.2460941 -0.2516207 -0.2568948 -0.2618994 -0.2666156 -0.2710285 -0.2751226
-2.4533048E-02 -2.5384773E-02 -2.6303329E-02 -2.7295368E-02 -2.8367421E-02 -2.9526899E-02 -3.0780898E-02 -3.2137629E-02 -3.3604529E-02 -3.5190050E-02 -3.6896273E-02 -3.8732074E-02 -4.0722121E-02 -4.2871125E-02 -4.5182995E-02 -4.7666010E-02 -5.0328039E-02 -5.3177092E-02 -5.6220517E-02 -5.9465412E-02 -6.2917948E-02 -6.6583768E-02 -7.0467748E-02 -7.4574061E-02 -7.8905568E-02 -8.3464570E-02 -8.8252120E-02 -9.3268141E-02 -9.8511130E-02 -0.1039786 -0.1096663 -0.1155687 -0.1216787 -0.1279877 -0.1344848 -0.1411582 -0.1479934 -0.1549747 -0.1620842 -0.1693031 -0.1766095 -0.1839815 -0.1913940 -0.1988223 -0.2062389 -0.2136178 -0.2209305 -0.2281523 -0.2352701 -0.2422841 -0.2491070 -0.2556804 -0.2620119 -0.2680860 -0.2738833 -0.2793815 -0.2845625 -0.2894071 -0.2939006
-2.3350736E-02 -2.4177764E-02 -2.5073571E-02 -2.6044862E-02 -2.7099477E-02 -2.8244985E-02 -2.9490052E-02 -3.0843036E-02 -3.2313600E-02 -3.3911064E-02 -3.5652291E-02 -3.7547272E-02 -3.9589204E-02 -4.1792654E-02 -4.4172402E-02 -4.6738110E-02 -4.9499355E-02 -5.2465066E-02 -5.5644117E-02 -5.9044451E-02 -6.2673695E-02 -6.6538282E-02 -7.0644245E-02 -7.4996457E-02 -7.9598993E-02 -8.4454566E-02 -8.9565344E-02 -9.4931401E-02 -0.1005521 -0.1064249 -0.1125462 -0.1189100 -0.1255096 -0.1323354 -0.1393766 -0.1466198 -0.1540503 -0.1616502 -0.1694010 -0.1772808 -0.1852667 -0.1933330 -0.2014531 -0.2095977 -0.2177377 -0.2258416 -0.2338786 -0.2418130 -0.2495964 -0.2571662 -0.2645545 -0.2717638 -0.2787302 -0.2854177 -0.2917975 -0.2978479 -0.3035457 -0.3088726 -0.3138096
-2.2023158E-02 -2.2817485E-02 -2.3681661E-02 -2.4623586E-02 -2.5651272E-02 -2.6773842E-02 -2.8000243E-02 -2.9340720E-02 -3.0804917E-02 -3.2403536E-02 -3.4140393E-02 -3.6026828E-02 -3.8092013E-02 -4.0342856E-02 -4.2785496E-02 -4.5430768E-02 -4.8289288E-02 -5.1371779E-02 -5.4688066E-02 -5.8247764E-02 -6.2059429E-02 -6.6131070E-02 -7.0469581E-02 -7.5081155E-02 -7.9970613E-02 -8.5141972E-02 -9.0597890E-02 -9.6339405E-02 -0.1023661 -0.1086764 -0.1152665 -0.1221310 -0.1292626 -0.1366521 -0.1442874 -0.1521551 -0.1602385 -0.1685194 -0.1769765 -0.1855870 -0.1943242 -0.2031609 -0.2120662 -0.2210086 -0.2299537 -0.2388678 -0.2477142 -0.2564606 -0.2650874 -0.2735897 -0.2818648 -0.2898431 -0.2975290 -0.3049008 -0.3119338 -0.3185996 -0.3248759 -0.3307392 -0.3361715
-2.0540148E-02 -2.1292128E-02 -2.2115046E-02 -2.3017002E-02 -2.4007482E-02 -2.5095919E-02 -2.6293099E-02 -2.7609587E-02 -2.9057642E-02 -3.0649157E-02 -3.2404520E-02 -3.4336600E-02 -3.6439627E-02 -3.8731821E-02 -4.1231513E-02 -4.3951441E-02 -4.6904355E-02 -5.0102212E-02 -5.3556684E-02 -5.7278603E-02 -6.1278306E-02 -6.5564811E-02 -7.0146687E-02 -7.5031064E-02 -8.0224335E-02 -8.5731141E-02 -9.1555431E-02 -9.7698838E-02 -0.1041620 -0.1109436 -0.1180407 -0.1254477 -0.1331577 -0.1411609 -0.1494453 -0.1579962 -0.1667965 -0.1758258 -0.1850621 -0.1944789 -0.2040485 -0.2137392 -0.2235180 -0.2333479 -0.2431919 -0.2530096 -0.2627608 -0.2723998 -0.2818669 -0.2910861 -0.3000872 -0.3088676 -0.3173507 -0.3254917 -0.3332543 -0.3406107 -0.3475322 -0.3539960 -0.3599795
-1.8887769E-02 -1.9586872E-02 -2.0356907E-02 -2.1207368E-02 -2.2148021E-02 -2.3190107E-02 -2.4344802E-02 -2.5624987E-02 -2.7043052E-02 -2.8612576E-02 -3.0339627E-02 -3.2238744E-02 -3.4344830E-02 -3.6667544E-02 -3.9215934E-02 -4.2004336E-02 -4.5046899E-02 -4.8357673E-02 -5.1949870E-02 -5.5836204E-02 -6.0028397E-02 -6.4537406E-02 -6.9372959E-02 -7.4543975E-02 -8.0057763E-02 -8.5920639E-02 -9.2137232E-02 -9.8710701E-02 -0.1056421 -0.1129314 -0.1205756 -0.1285703 -0.1369080 -0.1455795 -0.1545719 -0.1638703 -0.1734563 -0.1833087 -0.1934026 -0.2037107 -0.2142009 -0.2248398 -0.2355889 -0.2464085 -0.2572549 -0.2680843 -0.2788492 -0.2895065 -0.3000274 -0.3103994 -0.3205006 -0.3302462 -0.3396348 -0.3486371 -0.3572204 -0.3653491 -0.3729945 -0.3801284 -0.3867289
-1.7055828E-02 -1.7689571E-02 -1.8394139E-02 -1.9179162E-02 -2.0056259E-02 -2.1036917E-02 -2.2134686E-02 -2.3362808E-02 -2.4736883E-02 -2.6272114E-02 -2.7993450E-02 -2.9917376E-02 -3.2039668E-02 -3.4383029E-02 -3.6970478E-02 -3.9818790E-02 -4.2944778E-02 -4.6364214E-02 -5.0092492E-02 -5.4144029E-02 -5.8532719E-02 -6.3270986E-02 -6.8370521E-02 -7.3841512E-02 -7.9693280E-02 -8.5933022E-02 -9.2567235E-02 -9.9599689E-02 -0.1070332 -0.1148680 -0.1231026 -0.1317322 -0.1407507 -0.1501482 -0.1599123 -0.1700270 -0.1804737 -0.1912292 -0.2022678 -0.2135585 -0.2250681 -0.2367577 -0.2485866 -0.2605081 -0.2724752 -0.2844354 -0.2963362 -0.3081183 -0.3197061 -0.3310055 -0.3420425 -0.3528064 -0.3632036 -0.3731772 -0.3826808 -0.3916782 -0.4001339 -0.4080195 -0.4153084
-1.5029940E-02 -1.5584874E-02 -1.6208977E-02 -1.6913587E-02 -1.7710485E-02 -1.8613448E-02 -1.9636432E-02 -2.0795748E-02 -2.2107042E-02 -2.3587951E-02 -2.5247207E-02 -2.7103815E-02 -2.9199449E-02 -3.1547718E-02 -3.4161344E-02 -3.7059266E-02 -4.0260058E-02 -4.3782212E-02 -4.7643095E-02 -5.1859617E-02 -5.6447286E-02 -6.1420999E-02 -6.6793911E-02 -7.2578467E-02 -7.8785233E-02 -8.5423574E-02 -9.2500903E-02 -0.1000230 -0.1079933 -0.1164137 -0.1252832 -0.1345986 -0.1443533 -0.1545385 -0.1651414 -0.1761465 -0.1875335 -0.1992792 -0.2113550 -0.2237294 -0.2363643 -0.2492191 -0.2622468 -0.2753974 -0.2886151 -0.3018431 -0.3150193 -0.3280856 -0.3409997 -0.3537380 -0.3661523 -0.3781374 -0.3896832 -0.4007488 -0.4112907 -0.4212633 -0.4306304 -0.4393575 -0.4474182
-1.2800982E-02 -1.3261382E-02 -1.3788842E-02 -1.4395098E-02 -1.5093800E-02 -1.5899289E-02 -1.6828358E-02 -1.7897861E-02 -1.9127376E-02 -2.0536479E-02 -2.2155907E-02 -2.4007041E-02 -2.6087347E-02 -2.8425559E-02 -3.1050798E-02 -3.3985026E-02 -3.7250109E-02 -4.0866766E-02 -4.4855203E-02 -4.9234450E-02 -5.4022770E-02 -5.9236608E-02 -6.4891949E-02 -7.1002774E-02 -7.7582046E-02 -8.4640354E-02 -9.2187397E-02 -0.1002299 -0.1087734 -0.1178206 -0.1273721 -0.1374252 -0.1479749 -0.1590121 -0.1705251 -0.1824976 -0.1949100 -0.2077372 -0.2209506 -0.2345152 -0.2483920 -0.2625347 -0.2768938 -0.2914114 -0.3060271 -0.3206733 -0.3352807 -0.3497711 -0.3640468 -0.3779888 -0.3916151 -0.4049026 -0.4177341 -0.4300356 -0.4417463 -0.4528194 -0.4632098 -0.4728830 -0.4818071
-1.0356208E-02 -1.0705116E-02 -1.1117117E-02 -1.1605554E-02 -1.2184749E-02 -1.2871548E-02 -1.3683498E-02 -1.4640892E-02 -1.5763804E-02 -1.7074786E-02 -1.8586360E-02 -2.0322787E-02 -2.2335013E-02 -2.4641562E-02 -2.7259912E-02 -3.0214934E-02 -3.3530839E-02 -3.7231773E-02 -4.1340314E-02 -4.5878571E-02 -5.0867025E-02 -5.6325030E-02 -6.2270533E-02 -6.8720162E-02 -7.5688377E-02 -8.3188467E-02 -9.1231361E-02 -9.9826142E-02 -0.1089794 -0.1186960 -0.1289773 -0.1398223 -0.1512267 -0.1631828 -0.1756787 -0.1886995 -0.2022247 -0.2162300 -0.2306847 -0.2455537 -0.2607942 -0.2763587 -0.2921906 -0.3082285 -0.3244020 -0.3406376 -0.3568532 -0.3729698 -0.3889259 -0.4046801 -0.4200472 -0.4348929 -0.4491929 -0.4628898 -0.4759241 -0.4882368 -0.4997818 -0.5105165 -0.5204104
-7.6906644E-03 -7.9085175E-03 -8.1847189E-03 -8.5329758E-03 -8.9697950E-03 -9.5128492E-03 -1.0182930E-02 -1.1001236E-02 -1.1992653E-02 -1.3182226E-02 -1.4608080E-02 -1.6297756E-02 -1.8251432E-02 -2.0505441E-02 -2.3096602E-02 -2.6053423E-02 -2.9404404E-02 -3.3176355E-02 -3.7395597E-02 -4.2086758E-02 -4.7273632E-02 -5.2977912E-02 -5.9220500E-02 -6.6020004E-02 -7.3393703E-02 -8.1356421E-02 -8.9921772E-02 -9.9100150E-02 -0.1089007 -0.1193290 -0.1303891 -0.1420804 -0.1544004 -0.1673419 -0.1808951 -0.1950447 -0.2097721 -0.2250520 -0.2408554 -0.2571447 -0.2738776 -0.2910017 -0.3084593 -0.3261802 -0.3440891 -0.3620991 -0.3801187 -0.3980430 -0.4157431 -0.4330635 -0.4500077 -0.4665318 -0.4824845 -0.4977666 -0.5122970 -0.5260133 -0.5388585 -0.5507898 -0.5617704
-4.7968873E-03 -4.8631513E-03 -4.9804281E-03 -5.1644575E-03 -5.4325038E-03 -5.8051199E-03 -6.3042506E-03 -6.9552683E-03 -7.7840229E-03 -8.8190204E-03 -1.0077609E-02 -1.1591124E-02 -1.3422105E-02 -1.5595335E-02 -1.8134493E-02 -2.1071827E-02 -2.4438767E-02 -2.8266445E-02 -3.2584079E-02 -3.7420262E-02 -4.2801399E-02 -4.8752759E-02 -5.5297393E-02 -6.2457133E-02 -7.0251249E-02 -7.8697354E-02 -8.7810658E-02 -9.7604290E-02 -0.1080883 -0.1192712 -0.1311575 -0.1437492 -0.1570440 -0.1710374 -0.1857194 -0.2010772 -0.2170926 -0.2337427 -0.2509982 -0.2688238 -0.2871755 -0.3060021 -0.3252402 -0.3448178 -0.3646488 -0.3846393 -0.4046814 -0.4246667 -0.4445043 -0.4641242 -0.4832884 -0.5018177 -0.5196644 -0.5367447 -0.5529759 -0.5682793 -0.5825956 -0.5958731 -0.6080765
-1.6788021E-03 -1.5700411E-03 -1.5039522E-03 -1.4965713E-03 -1.5680271E-03 -1.7398970E-03 -2.0379028E-03 -2.4890003E-03 -3.1244417E-03 -3.9763288E-03 -5.0921696E-03 -6.5074535E-03 -8.2251616E-03 -1.0291325E-02 -1.2752471E-02 -1.5645709E-02 -1.9007338E-02 -2.2872224E-02 -2.7274072E-02 -3.2244716E-02 -3.7814468E-02 -4.4011313E-02 -5.0861958E-02 -5.8390528E-02 -6.6619344E-02 -7.5567901E-02 -8.5254274E-02 -9.5692851E-02 -0.1068964 -0.1188744 -0.1316335 -0.1451764 -0.1595031 -0.1746091 -0.1904872 -0.2071252 -0.2245079 -0.2426135 -0.2614169 -0.2808841 -0.3009751 -0.3216380 -0.3428118 -0.3644186 -0.3863690 -0.4085547 -0.4308555 -0.4531297 -0.4752020 -0.4968627 -0.5180873 -0.5387966 -0.5587863 -0.5779184 -0.5960804 -0.6131875 -0.6291659 -0.6439640 -0.6575397
1.6584003E-03 1.9663656E-03 2.2431661E-03 2.4699722E-03 2.6261725E-03 2.6863362E-03 2.6232391E-03 2.4048204E-03 1.9983738E-03 1.3678102E-03 4.8993388E-04 -6.7494111E-04 -2.2043590E-03 -4.1304389E-03 -6.4842058E-03 -9.3072075E-03 -1.2639759E-02 -1.6521698E-02 -2.0990836E-02 -2.6083551E-02 -3.1833563E-02 -3.8272943E-02 -4.5431234E-02 -5.3335950E-02 -6.2011547E-02 -7.1480662E-02 -8.1762828E-02 -9.2875190E-02 -0.1048314 -0.1176430 -0.1313172 -0.1458585 -0.1612668 -0.1775396 -0.1946698 -0.2126483 -0.2314610 -0.2510914 -0.2715171 -0.2927116 -0.3146392 -0.3372557 -0.3605016 -0.3843029 -0.4085635 -0.4331694 -0.4579816 -0.4828516 -0.5076429 -0.5322389 -0.5563185 -0.5796311 -0.6020871 -0.6235580 -0.6439245 -0.6630788 -0.6809433 -0.6974553 -0.7125765
5.1917275E-03 5.7256143E-03 6.2406762E-03 6.7179385E-03 7.1329181E-03 7.4588871E-03 7.6634986E-03 7.7128881E-03 7.5673922E-03 7.1869348E-03 6.5122149E-03 5.4989476E-03 4.1415915E-03 2.3828354E-03 1.6418053E-04 -2.5612535E-03 -5.8401963E-03 -9.7170584E-03 -1.4235382E-02 -1.9435434E-02 -2.5355980E-02 -3.2032516E-02 -3.9498813E-02 -4.7784567E-02 -5.6918021E-02 -6.6923164E-02 -7.7822618E-02 -8.9634210E-02 -0.1023738 -0.1160528 -0.1306799 -0.1462584 -0.1627895 -0.1802692 -0.1986924 -0.2180494 -0.2383307 -0.2595224 -0.2816113 -0.3045780 -0.3284004 -0.3530442 -0.3784639 -0.4045905 -0.4313336 -0.4585697 -0.4861479 -0.5138775 -0.5415131 -0.5687594 -0.5955378 -0.6217030 -0.6469643 -0.6711172 -0.6939982 -0.7154876 -0.7354890 -0.7539400 -0.7707972
8.8906204E-03 9.6769193E-03 1.0460244E-02 1.1217932E-02 1.1924475E-02 1.2547843E-02 1.3053632E-02 1.3401033E-02 1.3549067E-02 1.3452467E-02 1.3083010E-02 1.2392003E-02 1.1284964E-02 9.7223558E-03 7.6654716E-03 5.0621689E-03 1.8610153E-03 -1.9891539E-03 -6.5369532E-03 -1.1829019E-02 -1.7908286E-02 -2.4815544E-02 -3.2587454E-02 -4.1258067E-02 -5.0857279E-02 -6.1412610E-02 -7.2947100E-02 -8.5481025E-02 -9.9029355E-02 -0.1136048 -0.1292137 -0.1458592 -0.1635391 -0.1822487 -0.2019795 -0.2227231 -0.2444697 -0.2672128 -0.2909459 -0.3156663 -0.3413675 -0.3680403 -0.3956590 -0.4241782 -0.4535180 -0.4835621 -0.5141450 -0.5450673 -0.5761232 -0.6071151 -0.6375847 -0.6671573 -0.6956609 -0.7228866 -0.7486515 -0.7728018 -0.7952338 -0.8158741 -0.8346862
1.2693484E-02 1.3760420E-02 1.4840335E-02 1.5909696E-02 1.6937342E-02 1.7888617E-02 1.8721581E-02 1.9392790E-02 1.9852493E-02 2.0051572E-02 1.9918894E-02 1.9403210E-02 1.8501597E-02 1.7146418E-02 1.5266705E-02 1.2804499E-02 9.7003886E-03 5.8968905E-03 1.3375656E-03 -4.0300889E-03 -1.0256061E-02 -1.7385324E-02 -2.5459705E-02 -3.4515977E-02 -4.4587776E-02 -5.5703674E-02 -6.7888923E-02 -8.1162877E-02 -9.5541336E-02 -0.1110337 -0.1276447 -0.1453719 -0.1642092 -0.1841445 -0.2051651 -0.2272563 -0.2504094 -0.2746189 -0.2998915 -0.3262405 -0.3536905 -0.3822646 -0.4119813 -0.4428323 -0.4747761 -0.5077114 -0.5414761 -0.5758244 -0.6104097 -0.6447921 -0.6787849 -0.7121120 -0.7443224 -0.7750896 -0.8041596 -0.8313553 -0.8565477 -0.8796660 -0.9006724
1.6519178E-02 1.7893054E-02 1.9298472E-02 2.0706289E-02 2.2081904E-02 2.3382135E-02 2.4560096E-02 2.5562232E-02 2.6336767E-02 2.6830345E-02 2.7014596E-02 2.6838528E-02 2.6193913E-02 2.5041087E-02 2.3337523E-02 2.1020265E-02 1.8023688E-02 1.4280214E-02 9.7250100E-03 4.2959698E-03 -2.0636478E-03 -9.4061028E-03 -1.7777365E-02 -2.7219184E-02 -3.7767019E-02 -4.9451880E-02 -6.2298570E-02 -7.6326825E-02 -9.1548830E-02 -0.1079711 -0.1255908 -0.1443988 -0.1643767 -0.1855023 -0.2077478 -0.2310894 -0.2555076 -0.2809982 -0.3075742 -0.3352742 -0.3641578 -0.3943056 -0.4257986 -0.4587059 -0.4930498 -0.5287877 -0.5657768 -0.6037803 -0.6424971 -0.6815859 -0.7203398 -0.7581456 -0.7946554 -0.8295003 -0.8623774 -0.8930544 -0.9213912 -0.9473061 -0.9707785
2.0234771E-02 2.1941727E-02 2.3696810E-02 2.5466813E-02 2.7207118E-02 2.8866395E-02 3.0384131E-02 3.1699263E-02 3.2748062E-02 3.3474807E-02 3.3804368E-02 3.3693958E-02 3.3166867E-02 3.2158032E-02 3.0591164E-02 2.8397668E-02 2.5500381E-02 2.1819806E-02 1.7276965E-02 1.1798297E-02 5.3158728E-03 -2.2300286E-03 -1.0892702E-02 -2.0717202E-02 -3.1742897E-02 -4.4001151E-02 -5.7517342E-02 -7.2307490E-02 -8.8380471E-02 -0.1057343 -0.1243572 -0.1442234 -0.1652987 -0.1875371 -0.2108891 -0.2353040 -0.2607440 -0.2871894 -0.3146570 -0.3432036 -0.3729390 -0.4040144 -0.4366168 -0.4709308 -0.5071102 -0.5452173 -0.5851888 -0.6267781 -0.6695142 -0.7127166 -0.7559661 -0.7986996 -0.8401374 -0.8797000 -0.9169566 -0.9516269 -0.9835356 -1.012611 -1.038842
2.3663800E-02 2.5725540E-02 2.7851783E-02 2.9997779E-02 3.2108214E-02 3.4112483E-02 3.5934161E-02 3.7490577E-02 3.8710482E-02 3.9536446E-02 3.9964564E-02 3.9977662E-02 3.9487716E-02 3.8490027E-02 3.6958698E-02 3.4820627E-02 3.1984948E-02 2.8350333E-02 2.3818074E-02 1.8294856E-02 1.1698809E-02 3.9575156E-03 -4.9892813E-03 -1.5193317E-02 -2.6695663E-02 -3.9529663E-02 -5.3717684E-02 -6.9273151E-02 -8.6195767E-02 -0.1044739 -0.1240767 -0.1449590 -0.1670552 -0.1902860 -0.2145584 -0.2397801 -0.2658671 -0.2927675 -0.3204765 -0.3490637 -0.3786810 -0.4095767 -0.4420738 -0.4765479 -0.5133598 -0.5527930 -0.5949535 -0.6397190 -0.6867336 -0.7354287 -0.7846155 -0.8331642 -0.8803075 -0.9253129 -0.9676243 -1.006862 -1.042834 -1.075464 -1.104777
2.6540844E-02 2.8977154E-02 3.1487111E-02 3.4013994E-02 3.6478236E-02 3.8783696E-02 4.0816374E-02 4.2462979E-02 4.3621313E-02 4.4232875E-02 4.4257522E-02 4.3741569E-02 4.2836696E-02 4.1552167E-02 3.9838593E-02 3.7612837E-02 3.4751989E-02 3.1119179E-02 2.6578456E-02 2.1008216E-02 1.4302135E-02 6.3729938E-03 -2.8520357E-03 -1.3430091E-02 -2.5407109E-02 -3.8814895E-02 -5.3674985E-02 -6.9992200E-02 -8.7757438E-02 -0.1069398 -0.1274874 -0.1493195 -0.1723304 -0.1963835 -0.2213238 -0.2469811 -0.2731967 -0.2998412 -0.3268565 -0.3542828 -0.3823018 -0.4112480 -0.4416230 -0.4740528 -0.5092385 -0.5478314 -0.5903081 -0.6367826 -0.6868398 -0.7394847 -0.7938172 -0.8485783 -0.9021970 -0.9534839 -1.001604 -1.046070 -1.086637 -1.123258 -1.155992
2.8517697E-02 3.1341054E-02 3.4241822E-02 3.7137657E-02 3.9916940E-02 4.2431056E-02 4.4505790E-02 4.5950595E-02 4.6608832E-02 4.6405591E-02 4.5448333E-02 4.3936890E-02 4.2008795E-02 3.9864067E-02 3.7557214E-02 3.4976866E-02 3.1934973E-02 2.8219389E-02 2.3631310E-02 1.7999113E-02 1.1182507E-02 3.0694299E-03 -6.4269407E-03 -1.7374173E-02 -2.9820576E-02 -4.3799564E-02 -5.9326481E-02 -7.6399088E-02 -9.4990946E-02 -0.1150510 -0.1364922 -0.1591916 -0.1829796 -0.2076449 -0.2329315 -0.2585573 -0.2842302 -0.3096906 -0.3347507 -0.3593612 -0.3836583 -0.4080283 -0.4331240 -0.4598792 -0.4894396 -0.5230653 -0.5619109 -0.6067851 -0.6579007 -0.7146782 -0.7750708 -0.8367016 -0.8976122 -0.9560625 -1.010845 -1.061252 -1.107004 -1.148068 -1.184580
2.9093236E-02 3.2313108E-02 3.5600036E-02 3.8840331E-02 4.1863579E-02 4.4441257E-02 4.6273205E-02 4.7019895E-02 4.6354428E-02 4.4116728E-02 4.0428504E-02 3.5860751E-02 3.1276409E-02 2.7134433E-02 2.3483369E-02 2.0098522E-02 1.6622037E-02 1.2691901E-02 7.9922145E-03 2.2725202E-03 -4.6621542E-03 -1.2956537E-02 -2.2720151E-02 -3.4029644E-02 -4.6940964E-02 -6.1484452E-02 -7.7672161E-02 -9.5487528E-02 -0.1148878 -0.1357895 -0.1580671 -0.1815342 -0.2059451 -0.2309772 -0.2562425 -0.2812858 -0.3056226 -0.3287671 -0.3503093 -0.3699766 -0.3877402 -0.4038843 -0.4191053 -0.4345425 -0.4518185 -0.4729563 -0.5002353 -0.5357810 -0.5809141 -0.6354127 -0.6979728 -0.7655569 -0.8341645 -0.9006469 -0.9629638 -1.020084 -1.071619 -1.117598 -1.158235
