T5-twomodels-2/gz/model60.grd
DSAA
         100         100
  -15.00000       15.00000    
  -15.00000       15.00000    
  -1.467331       5.175422    
[rows 26 to 51 of 100, columns 0 to 59 of 100]
-0.2105283 -0.2222282 -0.2344492 -0.2470599 -0.2598443 -0.2724726 -0.2844709 -0.2952099 -0.3039874 -0.3103200 -0.3146083 -0.3184566 -0.3238628 -0.3322378 -0.3437493 -0.3578452 -0.3738347 -0.3911404 -0.4093370 -0.4281475 -0.4473980 -0.4670007 -0.4869147 -0.5071419 -0.5276963 -0.5486073 -0.5698931 -0.5915670 -0.6136096 -0.6359774 -0.6585709 -0.6812434 -0.7037687 -0.7258545 -0.7471160 -0.7671075 -0.7853151 -0.8012219 -0.8143319 -0.8242701 -0.8308282 -0.8340830 -0.8344366 -0.8327423 -0.8303405 -0.8292032 -0.8319343 -0.8417752 -0.8621421 -0.8952694 -0.9391235 -0.9890710 -1.040355 -1.089330 -1.134256 -1.174456 -1.209884 -1.240703 -1.267215 -1.289711
-0.2228307 -0.2351278 -0.2479253 -0.2610277 -0.2741023 -0.2866147 -0.2977173 -0.3061328 -0.3100573 -0.3075690 -0.2983299 -0.2865844 -0.2793823 -0.2799112 -0.2872986 -0.2995713 -0.3150489 -0.3325640 -0.3513713 -0.3710034 -0.3911939 -0.4117903 -0.4327313 -0.4539938 -0.4755935 -0.4975442 -0.5198689 -0.5425596 -0.5655928 -0.5888857 -0.6123103 -0.6356453 -0.6585915 -0.6807210 -0.7015034 -0.7202667 -0.7362521 -0.7486044 -0.7564702 -0.7590206 -0.7555785 -0.7456429 -0.7290187 -0.7058318 -0.6767139 -0.6429564 -0.6070744 -0.5737196 -0.5511853 -0.5509509 -0.5801905 -0.6303834 -0.6872728 -0.7428189 -0.7937004 -0.8390038 -0.8786309 -0.9129181 -0.9422363 -0.9670267
-0.2376877 -0.2505793 -0.2639304 -0.2774809 -0.2907295 -0.3028814 -0.3125013 -0.3172099 -0.3127568 -0.2926844 -0.2517770 -0.2013446 -0.1653674 -0.1507021 -0.1510466 -0.1603356 -0.1748103 -0.1923229 -0.2116463 -0.2320600 -0.2531753 -0.2747609 -0.2967305 -0.3190303 -0.3416788 -0.3646697 -0.3880326 -0.4117341 -0.4357469 -0.4599428 -0.4841628 -0.5081005 -0.5313732 -0.5533969 -0.5734699 -0.5906534 -0.6038865 -0.6118945 -0.6133499 -0.6068040 -0.5908589 -0.5640649 -0.5250184 -0.4721540 -0.4037034 -0.3174577 -0.2109345 -8.3256513E-02 5.6140427E-02 0.1651887 0.1905984 0.1489647 8.6893328E-02 2.4215726E-02 -3.3064350E-02 -8.3841763E-02 -0.1278934 -0.1658374 -0.1980674 -0.2252516
-0.2550848 -0.2685650 -0.2824503 -0.2964255 -0.3097529 -0.3213991 -0.3290562 -0.3289891 -0.3125919 -0.2637971 -0.1576257 -1.8964754E-02 7.3707059E-02 0.1124206 0.1218517 0.1165151 0.1033535 8.6051084E-02 6.6214122E-02 4.5116153E-02 2.3019128E-02 5.2447431E-04 -2.2546180E-02 -4.5801956E-02 -6.9578297E-02 -9.3521625E-02 -0.1180050 -0.1426193 -0.1676947 -0.1926780 -0.2177701 -0.2421630 -0.2658138 -0.2875193 -0.3068642 -0.3221173 -0.3324090 -0.3354284 -0.3298959 -0.3129839 -0.2830808 -0.2367525 -0.1716892 -8.2864128E-02 3.4681663E-02 0.1912077 0.4009541 0.6889267 1.076754 1.481067 1.657362 1.631214 1.564022 1.492808 1.429497 1.372479 1.324328 1.282224 1.247370 1.217427
-0.2730135 -0.2870756 -0.3014884 -0.3158811 -0.3292626 -0.3403780 -0.3459662 -0.3409213 -0.3117649 -0.2314527 -4.9879834E-02 0.1928583 0.3503934 0.4153267 0.4351225 0.4339469 0.4221482 0.4051178 0.3847553 0.3630172 0.3399141 0.3165534 0.2923532 0.2681867 0.2432518 0.2184044 0.1927676 0.1672934 0.1411204 0.1154078 8.9408040E-02 6.4626478E-02 4.0563010E-02 1.9257935E-02 6.1499892E-04 -1.2596603E-02 -1.9947579E-02 -1.7810380E-02 -5.2267220E-03 2.2339728E-02 6.6415176E-02 0.1328362 0.2245263 0.3505876 0.5190814 0.7496586 1.069825 1.534634 2.209159 2.970644 3.329527 3.319523 3.247205 3.166928 3.097847 3.034301 2.982247 2.935784 2.898464 2.865610
-0.2887777 -0.3034214 -0.3183664 -0.3331823 -0.3466821 -0.3573488 -0.3612231 -0.3519506 -0.3128504 -0.2103479 1.5302235E-02 0.3142793 0.5111181 0.5949607 0.6230385 0.6253037 0.6146861 0.5977617 0.5769203 0.5544505 0.5304333 0.5061247 0.4809015 0.4557393 0.4297605 0.4039173 0.3772483 0.3508122 0.3236681 0.2971089 0.2703285 0.2450152 0.2206560 0.1995575 0.1816932 0.1702268 0.1657858 0.1725717 0.1919169 0.2291807 0.2865395 0.3710826 0.4869938 0.6456659 0.8581178 1.149217 1.554367 2.140695 2.981711 3.916091 4.362924 4.365212 4.287793 4.199969 4.124527 4.055285 3.998867 3.948614 3.908448 3.873110
-0.3017043 -0.3169228 -0.3324137 -0.3476795 -0.3613983 -0.3718217 -0.3745377 -0.3623699 -0.3170902 -0.2027798 4.1926861E-02 0.3632405 0.5777150 0.6719671 0.7052948 0.7098767 0.7000057 0.6829947 0.6616185 0.6383802 0.6134675 0.5882046 0.5619937 0.5358347 0.5088507 0.4820091 0.4543458 0.4269381 0.3988543 0.3714252 0.3438779 0.3179751 0.2932864 0.2722583 0.2550260 0.2449911 0.2430561 0.2537903 0.2789375 0.3243739 0.3928529 0.4921837 0.6273887 0.8109410 1.055168 1.386529 1.841914 2.488527 3.394568 4.382797 4.855254 4.860245 4.777459 4.682896 4.601330 4.526867 4.466170 4.412402 4.369400 4.331749
-0.3122355 -0.3280236 -0.3440707 -0.3598262 -0.3738723 -0.3842991 -0.3864232 -0.3726293 -0.3240627 -0.2041513 4.8411544E-02 0.3783832 0.6003018 0.6995881 0.7357140 0.7415342 0.7319378 0.7146325 0.6926408 0.6686061 0.6428030 0.6165984 0.5894245 0.5622895 0.5343286 0.5065076 0.4778734 0.4495072 0.4204969 0.3921912 0.3638612 0.3373190 0.3122182 0.2911057 0.2742666 0.2652761 0.2652692 0.2790717 0.3087399 0.3604699 0.4373743 0.5475993 0.6965088 0.8968277 1.161019 1.515318 1.995780 2.667554 3.595124 4.596590 5.072958 5.075226 4.986690 4.885977 4.798803 4.719561 4.654871 4.597821 4.552125 4.512293
-0.3209264 -0.3372750 -0.3538847 -0.3701654 -0.3846362 -0.3952856 -0.3972788 -0.3827923 -0.3327317 -0.2103691 4.5541443E-02 0.3792216 0.6042952 0.7057737 0.7431164 0.7493677 0.7396501 0.7218713 0.6991888 0.6743401 0.6476530 0.6205304 0.5924191 0.5643401 0.5354293 0.5066599 0.4770774 0.4477749 0.4178469 0.3886667 0.3595299 0.3322988 0.3066839 0.2853215 0.2685993 0.2602352 0.2615171 0.2774594 0.3102992 0.3664267 0.4491004 0.5665786 0.7242233 0.9346427 1.209948 1.575770 2.067173 2.748042 3.681632 4.685494 5.160098 5.157692 5.063569 4.957305 4.865143 4.781581 4.713263 4.653183 4.604995 4.563113
-0.3282087 -0.3451040 -0.3622742 -0.3791032 -0.3940701 -0.4051041 -0.4072901 -0.3927087 -0.3421803 -0.2189483 3.8077891E-02 0.3728916 0.5990217 0.7012289 0.7388666 0.7450208 0.7349064 0.7165210 0.6930990 0.6674288 0.6398764 0.6118627 0.5828498 0.5538605 0.5240373 0.4943507 0.4638532 0.4336371 0.4028094 0.3727544 0.3427961 0.3148238 0.2886008 0.2668200 0.2499526 0.2418037 0.2437745 0.2609813 0.2957749 0.3546162 0.4408109 0.5625773 0.7251672 0.9409348 1.221628 1.592344 2.087549 2.770490 3.703880 4.704970 5.175422 5.168262 5.069047 4.957925 4.861364 4.773986 4.702402 4.639584 4.589105 4.545340
-0.3344091 -0.3518304 -0.3695491 -0.3869333 -0.4024375 -0.4139574 -0.4165359 -0.4022108 -0.3517671 -0.2284460 2.8858660E-02 0.3640533 0.5903902 0.6925927 0.7300189 0.7357669 0.7250847 0.7060160 0.6818305 0.6553508 0.6269581 0.5980917 0.5682153 0.5383599 0.5076639 0.4771017 0.4457219 0.4146246 0.3829179 0.3520004 0.3212072 0.2924576 0.2655419 0.2432011 0.2259526 0.2176687 0.2198061 0.2375500 0.2732887 0.3335127 0.4214966 0.5453911 0.7102914 0.9283456 1.211001 1.583043 2.078605 2.760736 3.692204 4.690658 5.157369 5.145716 5.042042 4.926698 4.826333 4.735599 4.661130 4.595850 4.543310 4.497822
-0.3397496 -0.3576709 -0.3759174 -0.3938469 -0.4099012 -0.4219565 -0.4250346 -0.4111510 -0.3610804 -0.2380668 1.8914836E-02 0.3537254 0.5797239 0.6815504 0.7185047 0.7236831 0.7123495 0.6925645 0.6676219 0.6403555 0.6111628 0.5814854 0.5507944 0.5201175 0.4885969 0.4572019 0.4249846 0.3930402 0.3604859 0.3287215 0.2970973 0.2675440 0.2398776 0.2168618 0.1990526 0.1903500 0.1922528 0.2099660 0.2458999 0.3065255 0.3950851 0.5196386 0.6851696 0.9036531 1.186366 1.557894 2.052237 2.732336 3.660870 4.655390 5.118050 5.102529 4.995007 4.876059 4.772404 4.678765 4.601755 4.534302 4.479911 4.432876
-0.3443964 -0.3627855 -0.3815301 -0.3999830 -0.4165767 -0.4291782 -0.4327967 -0.4194386 -0.3698693 -0.2473327 9.2422124E-03 0.3437028 0.5692455 0.6705361 0.7069036 0.7114463 0.6994342 0.6789398 0.6532636 0.6252513 0.5953034 0.5648673 0.5334125 0.5019686 0.4696734 0.4374970 0.4044867 0.3717411 0.3383740 0.3057929 0.2733501 0.2429894 0.2145361 0.1907738 0.1722715 0.1629537 0.1643295 0.1816188 0.2172201 0.2775925 0.3659273 0.4902267 0.6553748 0.8732526 1.155016 1.525171 2.017643 2.695398 3.621284 4.613178 5.072760 5.053813 4.943012 4.820978 4.714517 4.618358 4.539145 4.469775 4.413750 4.365330
-0.3484561 -0.3672770 -0.3864838 -0.4054265 -0.4225330 -0.4356638 -0.4398230 -0.4270089 -0.3779858 -0.2559977 -2.9196963E-05 0.3337579 0.5586879 0.6593810 0.6951283 0.6990270 0.6863511 0.6651760 0.6388099 0.6101004 0.5794529 0.5483130 0.5161522 0.4839968 0.4509839 0.4180793 0.3843304 0.3508313 0.3166988 0.2833370 0.2501050 0.2189481 0.1897017 0.1651533 0.1458857 0.1358264 0.1364941 0.1531020 0.1880452 0.2477547 0.3353924 0.4589049 0.6231251 0.8398607 1.120218 1.488647 1.979066 2.654427 3.577516 4.566091 5.022516 5.000720 4.887129 4.762487 4.653623 4.555311 4.474182 4.403147 4.345683 4.296045
-0.3520109 -0.3712243 -0.3908532 -0.4102447 -0.4278256 -0.4414521 -0.4461240 -0.4338373 -0.3853504 -0.2639047 -8.4355483E-03 0.3248980 0.5492890 0.6493946 0.6845381 0.6878211 0.6745189 0.6527119 0.6257083 0.5963603 0.5650713 0.5332894 0.5004823 0.4676769 0.4340051 0.4004326 0.3660009 0.3318059 0.2969580 0.2628657 0.2288838 0.1969632 0.1669383 0.1416036 0.1215402 0.1106826 0.1105434 0.1263362 0.1604388 0.2192695 0.3059582 0.4284248 0.5914574 0.8068362 1.085627 1.452275 1.940686 2.613864 3.534745 4.521337 4.975512 4.951225 4.835281 4.708420 4.597525 4.497366 4.414600 4.342120 4.283407 4.232699
-0.3551093 -0.3746747 -0.3946818 -0.4144777 -0.4324870 -0.4465645 -0.4517069 -0.4399070 -0.3919231 -0.2709955 -1.6104942E-02 0.3165862 0.5403954 0.6399447 0.6745272 0.6772421 0.6633688 0.6409866 0.6134077 0.5834823 0.5516170 0.5192555 0.4858670 0.4524735 0.4182068 0.3840272 0.3489766 0.3141443 0.2786428 0.2438748 0.2091979 0.1765583 0.1457947 0.1196978 9.8852538E-02 8.7187447E-02 8.6216815E-02 0.1011426 0.1343384 0.1922022 0.2778513 0.3991784 0.5609574 0.7749400 1.052189 1.417133 1.903698 2.574882 3.493552 4.477576 4.929410 4.903092 4.785166 4.656450 4.543830 4.442114 4.357944 4.284233 4.224440 4.172808
-0.3577935 -0.3776677 -0.3980083 -0.4181607 -0.4365492 -0.4510268 -0.4565884 -0.4452253 -0.3976916 -0.2772247 -2.2757659E-02 0.3095517 0.5329039 0.6319568 0.6660351 0.6682429 0.6538594 0.6309671 0.6028774 0.5724421 0.5400645 0.5071909 0.4732859 0.4393710 0.4045737 0.3698540 0.3342485 0.2988464 0.2627548 0.2273770 0.1920660 0.1587698 0.1273213 0.1005140 7.8927547E-02 6.6491500E-02 6.4710908E-02 7.8787468E-02 0.1110813 0.1679863 0.2526011 0.3728121 0.5333743 0.7460386 1.021854 1.385262 1.870190 2.539682 3.456729 4.439407 4.889688 4.861608 4.742031 4.611754 4.497699 4.394666 4.309320 4.234556 4.173847 4.121423
-0.3600838 -0.3802257 -0.4008533 -0.4213140 -0.4400303 -0.4548541 -0.4607798 -0.4497956 -0.4026561 -0.2825985 -2.8597215E-02 0.3031884 0.5260749 0.6246891 0.6583279 0.6600938 0.6452680 0.6219324 0.5934000 0.5625211 0.5297006 0.4963809 0.4620273 0.4276572 0.3923984 0.3572055 0.3211150 0.2852110 0.2486009 0.2126828 0.1768105 0.1429261 0.1108650 8.3413906E-02 6.1153993E-02 4.8008002E-02 4.5481231E-02 5.8766175E-02 9.0221643E-02 0.1462288 0.2298855 0.3490641 0.5085205 0.7199947 0.9945447 1.356607 1.840129 2.508145 3.423570 4.404334 4.852931 4.823459 4.702516 4.570961 4.455710 4.351591 4.265258 4.189620 4.128140 4.075051
-0.3620027 -0.3823685 -0.4032387 -0.4239584 -0.4429502 -0.4580658 -0.4642981 -0.4536347 -0.4068271 -0.2871085 -3.3410568E-02 0.2981126 0.5206686 0.6189160 0.6521828 0.6535758 0.6383754 0.6146657 0.5857587 0.5545059 0.5213099 0.4876132 0.4528783 0.4181228 0.3824702 0.3468750 0.3103695 0.2740379 0.2369820 0.2006006 0.1642429 0.1298518 9.7256579E-02 6.9245420E-02 4.6393279E-02 3.2624140E-02 2.9436126E-02 4.2021368E-02 7.2730705E-02 0.1279458 0.2107539 0.3290300 0.4875213 0.6979743 0.9714411 1.332374 1.814722 2.481555 3.395898 4.375860 4.823471 4.792806 4.670759 4.538156 4.421941 4.316930 4.229796 4.153438 4.091326 4.037687
-0.3635576 -0.3841066 -0.4051734 -0.4261041 -0.4453199 -0.4606730 -0.4671546 -0.4567518 -0.4102154 -0.2907797 -3.7416745E-02 0.2937188 0.5159442 0.6138883 0.6468521 0.6479402 0.6324355 0.6084200 0.5792081 0.5476488 0.5141461 0.4801403 0.4450941 0.4100215 0.3740464 0.3381197 0.3012734 0.2645876 0.2271648 0.1903989 0.1536395 0.1188251 8.5785657E-02 5.7304654E-02 3.3957794E-02 1.9662455E-02 1.5919097E-02 2.7912296E-02 5.7994947E-02 0.1125406 0.1946398 0.3121594 0.4698532 0.6794609 0.9520464 1.312058 1.793460 2.459307 3.372547 4.351140 4.797601 4.766054 4.643129 4.509708 4.392723 4.287012 4.199235 4.122307 4.059689 4.005611
-0.3647612 -0.3854518 -0.4066705 -0.4277639 -0.4471533 -0.4626897 -0.4693641 -0.4591628 -0.4128352 -0.2936124 -4.0424172E-02 0.2905780 0.5126059 0.6103192 0.6430484 0.6439011 0.6281593 0.6039079 0.5744588 0.5426629 0.5089214 0.4746758 0.4393863 0.4040674 0.3678400 0.3316554 0.2945415 0.2575795 0.2198681 0.1828019 0.1457255 0.1105792 7.7188112E-02 4.8337504E-02 2.4597161E-02 9.8869205E-03 5.7009980E-03 1.7227512E-02 4.6810601E-02 0.1008288 0.1823659 0.2992940 0.4563599 0.6653127 0.9372115 1.296518 1.777193 2.442325 3.354956 4.333215 4.779161 4.746889 4.623306 4.489256 4.371695 4.265445 4.177186 4.099821 4.036819 3.982404
-0.3656155 -0.3864069 -0.4077339 -0.4289428 -0.4484551 -0.4641220 -0.4709334 -0.4608749 -0.4146971 -0.2956313 -4.2646844E-02 0.2881027 0.5099339 0.6074798 0.6400417 0.6407268 0.6248170 0.6003968 0.5707791 0.5388138 0.5049024 0.4704853 0.4350223 0.3995270 0.3631196 0.3267491 0.2894450 0.2522841 0.2143660 0.1770825 0.1397796 0.1043933 7.0749879E-02 4.1630771E-02 1.7607864E-02 2.5962479E-03 -1.9079075E-03 9.2782080E-03 3.8503390E-02 9.2138864E-02 0.1732735 0.2897734 0.4463930 0.6548757 0.9262897 1.285091 1.765255 2.429848 3.341832 4.319186 4.764431 4.731707 4.607660 4.473180 4.355208 4.248588 4.159985 4.082315 4.019041 3.964391
-0.3661283 -0.3869797 -0.4083714 -0.4296494 -0.4492356 -0.4649800 -0.4718731 -0.4619008 -0.4158109 -0.2968335 -4.3897450E-02 0.2868470 0.5086125 0.6060616 0.6385236 0.6391087 0.6230983 0.5985773 0.5688583 0.5367914 0.5027784 0.4682586 0.4326914 0.3970905 0.3605744 0.3240931 0.2866732 0.2493933 0.2113502 0.1739370 0.1364962 0.1009662 6.7169599E-02 3.7889648E-02 1.3694353E-02 -1.4982187E-03 -6.1959033E-03 4.7866255E-03 3.3793416E-02 8.7199785E-02 0.1680897 0.2843352 0.4406839 0.6488875 0.9200090 1.278514 1.758372 2.422678 3.334482 4.311922 4.757068 4.724024 4.599706 4.464962 4.346754 4.239909 4.151107 4.073254 4.009820 3.955027
-0.3662972 -0.3871688 -0.4085821 -0.4298835 -0.4494942 -0.4652641 -0.4721848 -0.4622408 -0.4161814 -0.2972375 -4.4378594E-02 0.2862429 0.5079442 0.6053578 0.6377867 0.6383379 0.6222943 0.5977395 0.5679877 0.5358869 0.5018397 0.4672853 0.4316838 0.3960471 0.3594953 0.3229764 0.2855183 0.2481984 0.2101143 0.1726567 0.1351710 9.9591769E-02 6.5745138E-02 3.6410056E-02 1.2158602E-02 -3.0956233E-03 -7.8570098E-03 3.0558556E-03 3.1991117E-02 8.5319579E-02 0.1661296 0.2822878 0.4385486 0.6466573 0.9176841 1.276087 1.755844 2.420027 3.331603 4.308554 4.753407 4.720300 4.595889 4.461065 4.342772 4.235857 4.146986 4.069075 4.005586 3.950748
-0.3661279 -0.3869791 -0.4083711 -0.4296490 -0.4492352 -0.4649800 -0.4718733 -0.4619007 -0.4158109 -0.2968336 -4.3897472E-02 0.2868473 0.5086125 0.6060614 0.6385236 0.6391086 0.6230981 0.5985774 0.5688583 0.5367918 0.5027785 0.4682586 0.4326914 0.3970902 0.3605741 0.3240928 0.2866729 0.2493930 0.2113500 0.1739367 0.1364962 0.1009660 6.7169502E-02 3.7889462E-02 1.3694167E-02 -1.4984980E-03 -6.1962754E-03 4.7865324E-03 3.3792760E-02 8.7199502E-02 0.1680891 0.2843346 0.4406836 0.6488875 0.9200088 1.278514 1.758372 2.422677 3.334482 4.311921 4.757067 4.724024 4.599706 4.464962 4.346754 4.239909 4.151107 4.073254 4.009820 3.955028
-0.3656153 -0.3864063 -0.4077334 -0.4289426 -0.4484552 -0.4641216 -0.4709335 -0.4608752 -0.4146975 -0.2956316 -4.2647053E-02 0.2881023 0.5099338 0.6074793 0.6400410 0.6407259 0.6248165 0.6003962 0.5707789 0.5388131 0.5049021 0.4704846 0.4350217 0.3995264 0.3631189 0.3267483 0.2894437 0.2522830 0.2143651 0.1770819 0.1397790 0.1043928 7.0749409E-02 4.1630212E-02 1.7607026E-02 2.5954098E-03 -1.9085594E-03 9.2775561E-03 3.8502648E-02 9.2137933E-02 0.1732724 0.2897725 0.4463919 0.6548747 0.9262894 1.285091 1.765254 2.429847 3.341831 4.319185 4.764431 4.731707 4.607659 4.473179 4.355207 4.248588 4.159985 4.082315 4.019041 3.964390
