T5-twomodels-2/gz/model30.grd
DSAA
         100         100
  -15.00000       15.00000    
  -15.00000       15.00000    
  -1.615354       4.978239    
[rows 27 to 53 of 100, columns 0 to 60 of 100]
-0.4689018 -0.4975136 -0.5271309 -0.5571369 -0.5864906 -0.6135532 -0.6357325 -0.6491532 -0.6483471 -0.6274980 -0.5855259 -0.5351044 -0.4973064 -0.4816254 -0.4853555 -0.5024971 -0.5279097 -0.5580001 -0.5904229 -0.6236778 -0.6568500 -0.6893826 -0.7209806 -0.7514884 -0.7808680 -0.8091186 -0.8362882 -0.8624101 -0.8875287 -0.9116406 -0.9347270 -0.9566936 -0.9774109 -0.9966528 -1.014147 -1.029527 -1.042402 -1.052328 -1.058908 -1.061771 -1.060691 -1.055547 -1.046440 -1.033650 -1.017804 -0.9999498 -0.9820498 -0.9676450 -0.9629537 -0.9757260 -1.007802 -1.046725 -1.080859 -1.108387 -1.130445 -1.148333 -1.162754 -1.174232 -1.183030 -1.189404 -1.193475
-0.4904377 -0.5206395 -0.5517024 -0.5828227 -0.6124434 -0.6381510 -0.6555788 -0.6575530 -0.6312528 -0.5572610 -0.4198516 -0.2529012 -0.1282590 -6.6431917E-02 -4.8409648E-02 -5.5921357E-02 -7.7574588E-02 -0.1068397 -0.1399076 -0.1745242 -0.2093887 -0.2437158 -0.2771160 -0.3093546 -0.3403874 -0.3701777 -0.3987928 -0.4262364 -0.4525719 -0.4777548 -0.5017684 -0.5244507 -0.5456390 -0.5649915 -0.5821482 -0.5965559 -0.6076573 -0.6147308 -0.6171120 -0.6140368 -0.6048592 -0.5888535 -0.5653704 -0.5335651 -0.4924643 -0.4407295 -0.3769552 -0.3014722 -0.2243246 -0.1839229 -0.2160104 -0.2791583 -0.3284410 -0.3629932 -0.3885410 -0.4087117 -0.4246706 -0.4373832 -0.4470615 -0.4541555 -0.4586999
-0.5131761 -0.5450106 -0.5774069 -0.6096357 -0.6391805 -0.6631652 -0.6743414 -0.6617343 -0.5991768 -0.4387031 -0.1050029 0.3270207 0.6223362 0.7567861 0.8048347 0.8097673 0.7928842 0.7649695 0.7313505 0.6955603 0.6589252 0.6229321 0.5876119 0.5537654 0.5209492 0.4897490 0.4595540 0.4309303 0.4032409 0.3771461 0.3520693 0.3288591 0.3070768 0.2878534 0.2709542 0.2578622 0.2485636 0.2448993 0.2470010 0.2570148 0.2751648 0.3040289 0.3442597 0.3996997 0.4729540 0.5719029 0.7061073 0.8940198 1.145861 1.367412 1.345257 1.209075 1.130769 1.084994 1.056310 1.032957 1.016047 1.001536 0.9914356 0.9831923 0.9785435
-0.5360471 -0.5695264 -0.6032125 -0.6365615 -0.6659324 -0.6881540 -0.6927354 -0.6649780 -0.5636925 -0.3083921 0.2520381 0.9966375 1.487161 1.700702 1.780573 1.798527 1.786595 1.760162 1.725989 1.689100 1.650656 1.613063 1.575775 1.540388 1.505737 1.473197 1.441368 1.411639 1.382537 1.355610 1.329409 1.305759 1.283320 1.264327 1.247624 1.235973 1.228428 1.228342 1.234916 1.252128 1.279336 1.321515 1.378853 1.458918 1.565605 1.714691 1.924837 2.238514 2.696051 3.143906 3.135264 2.908409 2.797145 2.738844 2.707330 2.680421 2.662845 2.646283 2.635977 2.626389 2.621809
-0.5576605 -0.5927169 -0.6277847 -0.6622026 -0.6916746 -0.7123080 -0.7114473 -0.6707156 -0.5392411 -0.2170166 0.4760722 1.389816 1.998762 2.269550 2.374883 2.403790 2.396140 2.370790 2.336070 2.297912 2.257794 2.218467 2.179377 2.142314 2.106006 2.071982 2.038702 2.007711 1.977387 1.949454 1.922322 1.898032 1.875128 1.856121 1.839785 1.829248 1.823565 1.826571 1.837560 1.861154 1.896968 1.950914 2.023849 2.125036 2.260262 2.449151 2.715876 3.111367 3.678816 4.221645 4.216199 3.949518 3.817821 3.750978 3.715952 3.686514 3.667537 3.649600 3.638524 3.628109 3.623143
-0.5775790 -0.6141837 -0.6506951 -0.6862530 -0.7161506 -0.7358032 -0.7311918 -0.6814741 -0.5311299 -0.1731215 0.5775352 1.558723 2.221057 2.523598 2.645262 2.681753 2.677046 2.652205 2.616729 2.577192 2.535408 2.494330 2.453492 2.414752 2.376848 2.341336 2.306665 2.274397 2.242903 2.213936 2.185913 2.160926 2.137559 2.118423 2.102380 2.092714 2.088640 2.094225 2.108999 2.137896 2.180861 2.244243 2.329391 2.446244 2.601380 2.815393 3.113174 3.544987 4.148529 4.713397 4.705669 4.425864 4.284568 4.212311 4.174157 4.142592 4.122100 4.102979 4.091021 4.079915 4.074465
-0.5959302 -0.6340719 -0.6720665 -0.7088887 -0.7395472 -0.7589660 -0.7523134 -0.6974251 -0.5369014 -0.1617393 0.6128690 1.620454 2.305584 2.623740 2.754358 2.795183 2.791979 2.767005 2.730505 2.689484 2.646019 2.603202 2.560657 2.520274 2.480820 2.443852 2.407828 2.374307 2.341671 2.311673 2.282759 2.257045 2.233169 2.213795 2.197885 2.188821 2.185963 2.193521 2.211208 2.244129 2.292424 2.362605 2.456188 2.583193 2.750198 2.977489 3.289196 3.733876 4.346399 4.913368 4.902024 4.616433 4.469877 4.393891 4.353107 4.319646 4.297703 4.277475 4.264648 4.252895 4.246964
-0.6129068 -0.6525668 -0.6920689 -0.7302720 -0.7619897 -0.7818443 -0.7745417 -0.7172970 -0.5519832 -0.1691311 0.6158925 1.635009 2.330052 2.655276 2.790087 2.832801 2.829892 2.804219 2.766443 2.723854 2.678698 2.634176 2.589965 2.547995 2.507038 2.468666 2.431329 2.396593 2.362836 2.331826 2.302014 2.275550 2.251098 2.231380 2.215413 2.206669 2.204588 2.213492 2.233182 2.268862 2.320722 2.395303 2.494061 2.626884 2.800042 3.033365 3.350262 3.798479 4.412248 4.978239 4.963492 4.673609 4.523426 4.444540 4.401549 4.366364 4.343092 4.321809 4.308174 4.295794 4.289413
-0.6286438 -0.6697864 -0.7107991 -0.7504594 -0.7834622 -0.8042462 -0.7972789 -0.7394795 -0.5724690 -0.1866856 0.6020381 1.624946 2.323588 2.651470 2.787686 2.830683 2.827212 2.800414 2.761183 2.716970 2.670140 2.623956 2.578143 2.534645 2.492252 2.452528 2.413931 2.378020 2.343178 2.311171 2.280469 2.253227 2.228146 2.207972 2.191776 2.183072 2.181367 2.191029 2.211917 2.249248 2.303216 2.380296 2.481841 2.617528 2.793377 3.028848 3.347002 3.795228 4.407536 4.970567 4.952735 4.659976 4.506992 4.425766 4.380853 4.344148 4.319647 4.297400 4.282998 4.270041 4.263230
-0.6432285 -0.6858014 -0.7282967 -0.7694457 -0.8038655 -0.8258958 -0.8198726 -0.7625883 -0.5955516 -0.2091942 0.5807043 1.605125 2.304796 2.633114 2.769191 2.811513 2.806943 2.778755 2.737964 2.692122 2.643653 2.595876 2.548531 2.503583 2.459821 2.418815 2.379014 2.341981 2.306091 2.273118 2.241531 2.213502 2.187742 2.167025 2.150442 2.141549 2.139873 2.149817 2.171242 2.209372 2.264351 2.342593 2.445322 2.582077 2.758671 2.994392 3.312116 3.759203 4.369826 4.931025 4.910664 4.615156 4.459870 4.376657 4.330108 4.292039 4.266444 4.243306 4.228209 4.214710 4.207509
-0.6567035 -0.7006355 -0.7445611 -0.7871794 -0.8230668 -0.8465020 -0.8417585 -0.7855577 -0.6193767 -0.2336512 0.5555965 1.579217 2.278258 2.605873 2.741003 2.782133 2.776175 2.746468 2.704094 2.656653 2.606617 2.557323 2.508536 2.462220 2.417172 2.374955 2.334021 2.295919 2.259032 2.225125 2.192676 2.163855 2.137389 2.116059 2.098979 2.089710 2.087802 2.097658 2.119146 2.157456 2.212703 2.291222 2.394165 2.530947 2.707291 2.942368 3.259017 3.704559 4.313138 4.871743 4.849169 4.551784 4.394607 4.309741 4.261762 4.222512 4.195929 4.172000 4.156265 4.142278 4.134714
-0.6690939 -0.7142985 -0.7595751 -0.8036066 -0.8409410 -0.8658281 -0.8625000 -0.8076508 -0.6427257 -0.2581596 0.5301669 1.553066 2.251102 2.577508 2.711317 2.751024 2.743565 2.712316 2.668390 2.619423 2.567907 2.517197 2.467062 2.419476 2.373228 2.329883 2.287884 2.248783 2.210950 2.176157 2.142871 2.113276 2.086091 2.064112 2.046451 2.036684 2.034359 2.043881 2.065099 2.103191 2.158224 2.236499 2.339089 2.475363 2.650968 2.885050 3.200417 3.644457 4.251474 4.808720 4.784367 4.485050 4.326276 4.239989 4.190798 4.150506 4.123064 4.098422 4.082121 4.067690 4.059803
-0.6804042 -0.7267823 -0.7733133 -0.8186688 -0.8573833 -0.8836842 -0.8817874 -0.8283609 -0.6648454 -0.2816720 0.5051128 1.526297 2.222831 2.547815 2.680171 2.718397 2.709441 2.676697 2.631304 2.580909 2.528022 2.476003 2.424629 2.375871 2.328519 2.284132 2.241149 2.201116 2.162403 2.126772 2.092695 2.062347 2.034456 2.011812 1.993534 1.983192 1.980340 1.989368 2.010121 2.047750 2.102302 2.180034 2.281992 2.417498 2.592179 2.825154 3.139252 3.581848 4.187200 4.742461 4.716543 4.415961 4.255864 4.168397 4.118155 4.076972 4.048770 4.023509 4.006702 3.991881 3.983701
-0.6906375 -0.7380822 -0.7857569 -0.8323271 -0.8723181 -0.8999472 -0.8994134 -0.8473772 -0.6852589 -0.3034816 0.4820608 1.502164 2.197390 2.520951 2.651872 2.688663 2.678285 2.644147 2.597395 2.545694 2.491555 2.438347 2.385845 2.336022 2.287664 2.242327 2.198443 2.157558 2.118030 2.081625 2.046804 2.015747 1.987173 1.963877 1.944971 1.934029 1.930591 1.939050 1.959231 1.996277 2.050208 2.127268 2.228470 2.363127 2.536842 2.768745 3.081660 3.523021 4.127211 4.681571 4.654409 4.352441 4.191218 4.102734 4.051612 4.009655 3.980805 3.954995 3.937751 3.922583 3.914151
-0.6997896 -0.7481883 -0.7968881 -0.8445503 -0.8856955 -0.9145322 -0.9152523 -0.8645021 -0.7037018 -0.3232677 0.4607690 1.479200 2.172961 2.495162 2.624739 2.660202 2.648523 2.613116 2.565140 2.512261 2.457001 2.402726 2.349215 2.298437 2.249176 2.202982 2.158288 2.116628 2.076363 2.039248 2.003746 1.972028 1.942816 1.918896 1.899383 1.887841 1.883812 1.891676 1.911254 1.947672 2.000944 2.077291 2.177724 2.311536 2.484337 2.715245 3.027111 3.467354 4.070292 4.623152 4.594887 4.292076 4.129927 4.040608 3.988728 3.946123 3.916708 3.890435 3.872806 3.857342 3.848686
-0.7078621 -0.7570987 -0.8067001 -0.8553249 -0.8974894 -0.9273977 -0.9292333 -0.8796385 -0.7200180 -0.3407786 0.4421941 1.459707 2.152347 2.473334 2.601702 2.635978 2.623139 2.586609 2.537550 2.483635 2.427385 2.372171 2.317770 2.266149 2.216089 2.169139 2.123723 2.081376 2.040450 2.002700 1.966582 1.934266 1.904467 1.879973 1.859890 1.847783 1.843184 1.850472 1.869457 1.905262 1.957887 2.033550 2.133250 2.266284 2.438251 2.668287 2.979239 3.418571 4.020706 4.573025 4.543904 4.240094 4.077160 3.987126 3.934623 3.891461 3.861578 3.834902 3.816950 3.801228 3.792386
-0.7148513 -0.7648107 -0.8151886 -0.8646433 -0.9076885 -0.9385225 -0.9413265 -0.8927323 -0.7341462 -0.3559695 0.4257860 1.441926 2.133388 2.453301 2.580617 2.613861 2.600018 2.562515 2.512521 2.457710 2.400607 2.344581 2.289411 2.237060 2.186309 2.138699 2.092658 2.049709 2.008206 1.969897 1.933238 1.900390 1.870072 1.845060 1.824464 1.811840 1.806721 1.813476 1.831915 1.867149 1.919182 1.994219 2.093264 2.225603 2.396847 2.626126 2.936308 3.374836 3.976063 4.527254 4.497370 4.193027 4.029462 3.938855 3.885824 3.842210 3.811926 3.784921 3.766693 3.750757 3.741754
-0.7207605 -0.7713267 -0.8223575 -0.8725094 -0.9162935 -0.9479068 -0.9515245 -0.9037771 -0.7460577 -0.3687596 0.4122410 1.427764 2.118421 2.437439 2.563867 2.596242 2.581552 2.543231 2.492450 2.436886 2.379065 2.322357 2.266537 2.213571 2.162233 2.114067 2.067492 2.024034 1.982038 1.943253 1.906127 1.872825 1.842054 1.816597 1.795551 1.782477 1.776898 1.783185 1.801140 1.835877 1.887387 1.961883 2.060358 2.192109 2.362738 2.591393 2.900934 3.338844 3.939565 4.490496 4.460052 4.154999 3.990910 3.899821 3.846373 3.802378 3.771776 3.744493 3.726043 3.709929 3.700797
-0.7255887 -0.7766483 -0.8282093 -0.8789271 -0.9233117 -0.9555572 -0.9598367 -0.9127744 -0.7557651 -0.3791997 0.4009232 1.415424 2.105242 2.423521 2.549226 2.580894 2.565518 2.526531 2.475111 2.418934 2.360528 2.303263 2.246916 2.193446 2.141631 2.093009 2.045998 2.002120 1.959720 1.920540 1.883031 1.849350 1.818206 1.792374 1.770956 1.757502 1.751540 1.757431 1.774982 1.809298 1.860376 1.934419 2.032430 2.163694 2.333830 2.561975 2.871006 3.308385 3.908480 4.458574 4.427633 4.122289 3.957799 3.866346 3.812557 3.768270 3.737406 3.709909 3.691277 3.675024 3.665784
-0.7293409 -0.7807822 -0.8327518 -0.8839067 -0.9287544 -0.9614885 -0.9662775 -0.9197460 -0.7632797 -0.3872629 0.3924353 1.406644 2.095991 2.413711 2.538859 2.569981 2.554073 2.514574 2.462659 2.406010 2.347152 2.289457 2.232698 2.178839 2.126652 2.077676 2.030325 1.986120 1.943404 1.903918 1.866107 1.832130 1.800690 1.774566 1.752851 1.739099 1.732831 1.738413 1.755642 1.789629 1.840364 1.914056 2.011699 2.142591 2.312341 2.540102 2.848741 3.285753 3.885589 4.435658 4.404397 4.098574 3.933768 3.842025 3.787987 3.743471 3.712415 3.684749 3.665984 3.649619 3.640302
-0.7320178 -0.7837299 -0.8359908 -0.8874551 -0.9326319 -0.9657117 -0.9708636 -0.9247064 -0.7686304 -0.3930192 0.3861379 1.399667 2.088512 2.405823 2.530575 2.561310 2.545026 2.505162 2.452896 2.395911 2.336731 2.278729 2.221679 2.167542 2.115091 2.065861 2.018268 1.973828 1.930886 1.891178 1.853153 1.818962 1.787312 1.760974 1.739047 1.725078 1.718592 1.723947 1.740947 1.774695 1.825186 1.898622 1.996008 2.126631 2.296113 2.523595 2.831962 3.268681 3.868131 4.417603 4.386064 4.080154 3.915141 3.823208 3.768987 3.724319 3.693121 3.665341 3.646477 3.630040 3.620664
-0.7336236 -0.7854977 -0.8379319 -0.8895820 -0.9349548 -0.9682415 -0.9736085 -0.9276775 -0.7718295 -0.3964450 0.3826105 1.396172 2.084871 2.401950 2.526466 2.556970 2.540460 2.500379 2.447903 2.390716 2.331344 2.273160 2.215935 2.161632 2.109021 2.059639 2.011900 1.967321 1.924242 1.884402 1.846246 1.811927 1.780149 1.753685 1.731627 1.717530 1.710909 1.716130 1.732990 1.766595 1.816936 1.890224 1.987450 2.117917 2.287234 2.514557 2.822759 3.259337 3.858749 4.408405 4.376751 4.070561 3.905412 3.813355 3.759034 3.714268 3.682993 3.655140 3.636222 3.619736 3.610331
-0.7341578 -0.7860855 -0.8385780 -0.8902896 -0.9357283 -0.9690827 -0.9745227 -0.9286649 -0.7728971 -0.3976002 0.3812378 1.394446 2.082970 2.399962 2.524399 2.554826 2.538242 2.498088 2.445544 2.388289 2.328854 2.270607 2.213325 2.158966 2.106303 2.056870 2.009082 1.964455 1.921332 1.881448 1.843248 1.808886 1.777066 1.750558 1.728459 1.714316 1.707653 1.712827 1.729641 1.763197 1.813491 1.886726 1.983903 2.114315 2.283581 2.510846 2.818995 3.255499 3.854740 4.404010 4.372279 4.066185 3.901003 3.808915 3.754553 3.709759 3.678454 3.650582 3.631642 3.615144 3.605726
-0.7336234 -0.7854973 -0.8379318 -0.8895817 -0.9349546 -0.9682417 -0.9736088 -0.9276774 -0.7718295 -0.3964453 0.3826104 1.396172 2.084871 2.401950 2.526466 2.556970 2.540460 2.500379 2.447903 2.390717 2.331344 2.273160 2.215935 2.161632 2.109021 2.059639 2.011900 1.967320 1.924242 1.884402 1.846246 1.811927 1.780149 1.753685 1.731627 1.717530 1.710909 1.716131 1.732989 1.766595 1.816936 1.890223 1.987450 2.117918 2.287234 2.514558 2.822759 3.259337 3.858749 4.408405 4.376751 4.070561 3.905412 3.813355 3.759034 3.714267 3.682993 3.655140 3.636222 3.619737 3.610331
-0.7320179 -0.7837296 -0.8359905 -0.8874552 -0.9326323 -0.9657115 -0.9708638 -0.9247066 -0.7686309 -0.3930198 0.3861374 1.399666 2.088511 2.405823 2.530574 2.561309 2.545025 2.505161 2.452896 2.395910 2.336730 2.278729 2.221679 2.167542 2.115090 2.065860 2.018266 1.973827 1.930885 1.891178 1.853152 1.818961 1.787311 1.760974 1.739046 1.725077 1.718591 1.723947 1.740946 1.774693 1.825184 1.898621 1.996007 2.126630 2.296113 2.523595 2.831961 3.268680 3.868129 4.417602 4.386063 4.080153 3.915140 3.823208 3.768986 3.724318 3.693121 3.665341 3.646476 3.630038 3.620664
-0.7293406 -0.7807819 -0.8327518 -0.8839065 -0.9287544 -0.9614884 -0.9662775 -0.9197464 -0.7632805 -0.3872639 0.3924345 1.406644 2.095990 2.413709 2.538857 2.569980 2.554072 2.514573 2.462658 2.406008 2.347150 2.289455 2.232696 2.178837 2.126650 2.077674 2.030323 1.986118 1.943402 1.903916 1.866106 1.832129 1.800690 1.774565 1.752849 1.739097 1.732829 1.738411 1.755640 1.789627 1.840362 1.914054 2.011697 2.142590 2.312340 2.540101 2.848739 3.285751 3.885587 4.435657 4.404395 4.098571 3.933766 3.842023 3.787986 3.743470 3.712414 3.684747 3.665982 3.649617 3.640300
-0.7255885 -0.7766482 -0.8282093 -0.8789268 -0.9233119 -0.9555573 -0.9598369 -0.9127747 -0.7557659 -0.3792011 0.4009221 1.415423 2.105241 2.423519 2.549224 2.580891 2.565516 2.526529 2.475109 2.418932 2.360526 2.303261 2.246913 2.193443 2.141629 2.093006 2.045995 2.002116 1.959718 1.920538 1.883030 1.849349 1.818205 1.792372 1.770954 1.757499 1.751537 1.757429 1.774980 1.809296 1.860374 1.934417 2.032427 2.163692 2.333829 2.561973 2.871004 3.308382 3.908477 4.458570 4.427630 4.122285 3.957795 3.866343 3.812554 3.768268 3.737404 3.709906 3.691274 3.675020 3.665781
