T5-twomodels-2/gz/model90.grd
DSAA
         100         100
  -15.00000       15.00000    
  -15.00000       15.00000    
  -1.723367       5.676547    
[rows 52 to 77 of 100, columns 0 to 58 of 100]
-1.8073479E-04 9.8793311E-03 1.9411299E-02 2.8379843E-02 3.4448318E-02 3.6109451E-02 2.7549176E-02 1.4198478E-03 -6.2391277E-02 -0.1999622 -0.4732836 -0.8254882 -1.070780 -1.193072 -1.252762 -1.282179 -1.297755 -1.306759 -1.313742 -1.320685 -1.329309 -1.340106 -1.353927 -1.370705 -1.390973 -1.414366 -1.441243 -1.470962 -1.503668 -1.538314 -1.574656 -1.610971 -1.646314 -1.677891 -1.703657 -1.719325 -1.721429 -1.703959 -1.662021 -1.587972 -1.475632 -1.315469 -1.098980 -0.8119665 -0.4379186 5.2933164E-02 0.7056438 1.598895 2.824321 4.230771 5.153924 5.395202 5.312841 5.136486 4.955401 4.787418 4.641957 4.514891 4.407653
-1.5256346E-03 8.4356871E-03 1.7863117E-02 2.6719833E-02 3.2672286E-02 3.4211598E-02 2.5527507E-02 -7.2955160E-04 -6.4666189E-02 -0.2023599 -0.4757566 -0.8279855 -1.073354 -1.195745 -1.255522 -1.285014 -1.300647 -1.309691 -1.316694 -1.323636 -1.332236 -1.342983 -1.356728 -1.373404 -1.393539 -1.416770 -1.443452 -1.472945 -1.505391 -1.539742 -1.575752 -1.611700 -1.646634 -1.677765 -1.703040 -1.718177 -1.719702 -1.701606 -1.658993 -1.584218 -1.471097 -1.310101 -1.092724 -0.8047729 -0.4297374 6.2140826E-02 0.7159127 1.610227 2.836612 4.243703 5.167566 5.409815 5.328456 5.153068 4.972888 4.805751 4.661061 4.534702 4.428098
-3.2446114E-03 6.5894565E-03 1.5880272E-02 2.4593016E-02 3.0392852E-02 3.1774934E-02 2.2927720E-02 -3.4935074E-03 -6.7597277E-02 -0.2054581 -0.4790626 -0.8315388 -1.077084 -1.199608 -1.259502 -1.289091 -1.304802 -1.313900 -1.320932 -1.327875 -1.336445 -1.347131 -1.360781 -1.377325 -1.397293 -1.420318 -1.446754 -1.475959 -1.508075 -1.542051 -1.577641 -1.613121 -1.647541 -1.678105 -1.702764 -1.717229 -1.718026 -1.699142 -1.655679 -1.579985 -1.465880 -1.303823 -1.085316 -0.7961608 -0.4198559 7.3355623E-02 0.7285093 1.624264 2.852228 4.261222 5.186886 5.430610 5.350604 5.176487 4.997508 4.831480 4.687814 4.562378 4.456606
-5.3162109E-03 4.3598237E-03 1.3482221E-02 2.2015490E-02 2.7628243E-02 2.8814074E-02 1.9766716E-02 -6.8596564E-03 -7.1167074E-02 -0.2092279 -0.4829809 -0.8355502 -1.081239 -1.203924 -1.263962 -1.293674 -1.309483 -1.318651 -1.325721 -1.332668 -1.341206 -1.351820 -1.365358 -1.381747 -1.401513 -1.424289 -1.450429 -1.479287 -1.511005 -1.544531 -1.579617 -1.614537 -1.648341 -1.678232 -1.702156 -1.715825 -1.715759 -1.695944 -1.651472 -1.574692 -1.459412 -1.296092 -1.076224 -0.7856138 -0.4077579 8.7087370E-02 0.7439513 1.641452 2.871074 4.281413 5.208492 5.453889 5.375566 5.203065 5.025596 4.860972 4.718589 4.594319 4.489587
-7.7249133E-03 1.7631800E-03 1.0683353E-02 1.9003218E-02 2.4391152E-02 2.5344128E-02 1.6055651E-02 -1.0813121E-02 -7.5365975E-02 -0.2136711 -0.4877099 -0.8406038 -1.086540 -1.209421 -1.269633 -1.299494 -1.315422 -1.324676 -1.331796 -1.338752 -1.347256 -1.357790 -1.371199 -1.387409 -1.406943 -1.429431 -1.455227 -1.483684 -1.514941 -1.547946 -1.582450 -1.616726 -1.649824 -1.678945 -1.702035 -1.714801 -1.713763 -1.692898 -1.647295 -1.569290 -1.452685 -1.287927 -1.066503 -0.7742078 -0.3945428 0.1022365 0.7611411 1.660792 2.892751 4.305787 5.235471 5.483120 5.406899 5.236381 5.060775 4.897871 4.757061 4.634209 4.530744
-1.0429451E-02 -1.1609053E-03 7.5248769E-03 1.5594903E-02 2.0721788E-02 2.1402957E-02 1.1838111E-02 -1.5312993E-02 -8.0145024E-02 -0.2187237 -0.4929791 -0.8460284 -1.092170 -1.215274 -1.275686 -1.305719 -1.321787 -1.331144 -1.338326 -1.345298 -1.353768 -1.364216 -1.377483 -1.393491 -1.412763 -1.434929 -1.460336 -1.488340 -1.519078 -1.551499 -1.585351 -1.618911 -1.651226 -1.679500 -1.701678 -1.713466 -1.711379 -1.689391 -1.642578 -1.563268 -1.445242 -1.278935 -1.055811 -0.7616567 -0.3799589 0.1190202 0.7802851 1.682408 2.916811 4.332000 5.263932 5.514108 5.440403 5.272292 5.098933 4.938106 4.799182 4.678030 4.576074
-1.3384560E-02 -4.3665059E-03 4.0504271E-03 1.1837670E-02 1.6666833E-02 1.7042784E-02 7.1649672E-03 -2.0298060E-02 -8.5442692E-02 -0.2243285 -0.4989323 -0.8523682 -1.098813 -1.222163 -1.282797 -1.313022 -1.329249 -1.338724 -1.345979 -1.352974 -1.361413 -1.371769 -1.384881 -1.400670 -1.419655 -1.441462 -1.466442 -1.493947 -1.524114 -1.555893 -1.589036 -1.621820 -1.653296 -1.680670 -1.701890 -1.712663 -1.709504 -1.686378 -1.638354 -1.557738 -1.438292 -1.270419 -1.045556 -0.7494555 -0.3655869 0.1358044 0.7997113 1.704706 2.942279 4.361102 5.296614 5.550006 5.479343 5.314106 5.143437 4.985077 4.848394 4.729244 4.629063
-1.6508205E-02 -7.7717360E-03 3.4576515E-04 7.8159152E-03 1.2317323E-02 1.2356439E-02 2.1412505E-03 -2.5657821E-02 -9.1126963E-02 -0.2303240 -0.5051714 -0.8587819 -1.105456 -1.229054 -1.289916 -1.320344 -1.336741 -1.346347 -1.353684 -1.360709 -1.369117 -1.379378 -1.392326 -1.407878 -1.426552 -1.447973 -1.472489 -1.499453 -1.529006 -1.560098 -1.592485 -1.624450 -1.655052 -1.681505 -1.701762 -1.711540 -1.707352 -1.683164 -1.634031 -1.552240 -1.431518 -1.262224 -1.035743 -0.7377766 -0.3517421 0.1521410 0.8188809 1.727004 2.967830 4.389719 5.328487 5.585476 5.518392 5.356576 5.189089 5.033648 4.899593 4.782786 4.684662
-1.9698801E-02 -1.1272170E-02 -3.4846016E-03 3.6412384E-03 7.7883950E-03 7.4721873E-03 -3.0933414E-03 -3.1226689E-02 -9.7012997E-02 -0.2365058 -0.5116824 -0.8656605 -1.112612 -1.236436 -1.297511 -1.328133 -1.344698 -1.354437 -1.361864 -1.368922 -1.377301 -1.387463 -1.400239 -1.415540 -1.433883 -1.454891 -1.478912 -1.505301 -1.534202 -1.564571 -1.596172 -1.627297 -1.657019 -1.682565 -1.701909 -1.710777 -1.705701 -1.680645 -1.630660 -1.548006 -1.426371 -1.256046 -1.028340 -0.7288590 -0.3409355 0.1652924 0.8348672 1.746339 2.991092 4.417637 5.361154 5.622575 5.559748 5.401966 5.238236 5.086213 4.955226 4.841129 4.745378
-2.2795167E-02 -1.4705852E-02 -7.2727450E-03 -5.1374082E-04 3.2653569E-03 2.5898917E-03 -8.3103543E-03 -3.6744006E-02 -0.1027836 -0.2424824 -0.5177664 -0.8717660 -1.118810 -1.242773 -1.303994 -1.334768 -1.351478 -1.361340 -1.368851 -1.375942 -1.384292 -1.394353 -1.406948 -1.421986 -1.439980 -1.460553 -1.484053 -1.509839 -1.538061 -1.567683 -1.598481 -1.628768 -1.657633 -1.682336 -1.700874 -1.709010 -1.703298 -1.677727 -1.627347 -1.544405 -1.422533 -1.251946 -1.023826 -0.7236416 -0.3345598 0.1734204 0.8454571 1.760112 3.008601 4.439036 5.386930 5.653273 5.595404 5.442376 5.283046 5.135017 5.007582 4.896604 4.803556
-2.5588414E-02 -1.7858356E-02 -1.0800327E-02 -4.4191256E-03 -1.0077842E-03 -2.0173378E-03 -1.3197912E-02 -4.1832391E-02 -0.1079816 -0.2476965 -0.5229855 -0.8770173 -1.124015 -1.247928 -1.309153 -1.339980 -1.356773 -1.366723 -1.374303 -1.381420 -1.389737 -1.399692 -1.412100 -1.426864 -1.444494 -1.464612 -1.487571 -1.512732 -1.540256 -1.569118 -1.599117 -1.628587 -1.656657 -1.680623 -1.698537 -1.706212 -1.700261 -1.674717 -1.624665 -1.542346 -1.421358 -1.251811 -1.024739 -0.7253861 -0.3366690 0.1716942 0.8450920 1.762267 3.014580 4.450287 5.404069 5.676271 5.624209 5.476735 5.322554 5.179156 5.055814 4.948392 4.858407
-2.7772378E-02 -2.0420192E-02 -1.3747881E-02 -7.7453442E-03 -4.6761706E-03 -5.9602549E-03 -1.7299958E-02 -4.5936581E-02 -0.1118901 -0.2512096 -0.5258811 -0.8791621 -1.125543 -1.249012 -1.309952 -1.340641 -1.357400 -1.367372 -1.374985 -1.382112 -1.390387 -1.400231 -1.412444 -1.426925 -1.444178 -1.463827 -1.486226 -1.510747 -1.537560 -1.565663 -1.594877 -1.623580 -1.650944 -1.674332 -1.691871 -1.699464 -1.693819 -1.669067 -1.620368 -1.540016 -1.421595 -1.255142 -1.031506 -0.7356588 -0.3501217 0.1558387 0.8280952 1.745751 3.000223 4.439372 5.398105 5.676545 5.631098 5.490081 5.341870 5.203822 5.085155 4.981765 4.895210
-2.8944435E-02 -2.1981623E-02 -1.5699027E-02 -1.0056864E-02 -7.2809635E-03 -8.7251421E-03 -2.0014331E-02 -4.8286270E-02 -0.1134788 -0.2516054 -0.5248080 -0.8765642 -1.121461 -1.243728 -1.303854 -1.334066 -1.350592 -1.360476 -1.368066 -1.375173 -1.383391 -1.393115 -1.405128 -1.419315 -1.436181 -1.455347 -1.477175 -1.501044 -1.527143 -1.554493 -1.582955 -1.610952 -1.637730 -1.660737 -1.678215 -1.686199 -1.681554 -1.658574 -1.612584 -1.536008 -1.422520 -1.262146 -1.045615 -0.7575983 -0.3801457 0.1181752 0.7840819 1.697604 2.951012 4.392747 5.356701 5.641772 5.603711 5.470068 5.328733 5.196798 5.083432 4.984556 4.901815
-2.8539589E-02 -2.1973964E-02 -1.6073825E-02 -1.0762503E-02 -8.1961984E-03 -9.6309585E-03 -2.0532031E-02 -4.7832668E-02 -0.1112230 -0.2465619 -0.5160450 -0.8636870 -1.104980 -1.224563 -1.282930 -1.312115 -1.328104 -1.337740 -1.345223 -1.352271 -1.360414 -1.370006 -1.381808 -1.395695 -1.412163 -1.430838 -1.452082 -1.475293 -1.500678 -1.527291 -1.555037 -1.582407 -1.608732 -1.631583 -1.649351 -1.658269 -1.655425 -1.635377 -1.593728 -1.523189 -1.417675 -1.267406 -1.063171 -0.7895375 -0.4281603 5.3146716E-02 0.7023630 1.601231 2.843848 4.279811 5.243891 5.534019 5.503503 5.378061 5.244499 5.119475 5.012037 4.918167 4.839602
-2.5828462E-02 -1.9660641E-02 -1.4131109E-02 -9.1051916E-03 -6.6446722E-03 -7.8389421E-03 -1.7882533E-02 -4.3264918E-02 -0.1030497 -0.2324370 -0.4936804 -0.8322413 -1.065627 -1.179664 -1.234672 -1.261999 -1.277035 -1.286215 -1.293492 -1.300431 -1.308473 -1.317921 -1.329505 -1.343083 -1.359146 -1.377318 -1.397974 -1.420521 -1.445195 -1.471086 -1.498157 -1.524975 -1.550986 -1.573906 -1.592327 -1.602732 -1.602528 -1.586645 -1.551124 -1.489148 -1.395154 -1.259876 -1.074614 -0.8243611 -0.4910440 -4.2334665E-02 0.5706532 1.432065 2.640606 4.052197 5.004840 5.294625 5.270349 5.153480 5.028503 4.911142 4.810242 4.721824 4.647778
-1.9894402E-02 -1.4125276E-02 -8.9472737E-03 -4.1613709E-03 -1.6886974E-03 -2.3890405E-03 -1.0998279E-02 -3.3185478E-02 -8.6459331E-02 -0.2036786 -0.4454672 -0.7612572 -0.9765264 -1.079630 -1.128807 -1.153183 -1.166769 -1.175268 -1.182231 -1.189011 -1.196927 -1.206218 -1.217574 -1.230837 -1.246485 -1.264148 -1.284206 -1.306087 -1.330051 -1.355236 -1.381665 -1.408002 -1.433816 -1.457006 -1.476399 -1.488795 -1.491995 -1.481427 -1.453726 -1.402792 -1.323888 -1.208748 -1.049861 -0.8337037 -0.5440252 -0.1507164 0.3928584 1.170022 2.284607 3.610539 4.509651 4.780909 4.757767 4.648962 4.533103 4.424057 4.330199 4.247632 4.178375
-9.9799139E-03 -4.6245754E-03 2.3568282E-04 4.7994433E-03 7.4075651E-03 7.3983101E-03 8.0338214E-04 -1.6864389E-02 -5.9836883E-02 -0.1545125 -0.3517973 -0.6109213 -0.7863750 -0.8700498 -0.9103298 -0.9306352 -0.9422998 -0.9499280 -0.9564793 -0.9630665 -0.9708292 -0.9799582 -0.9910704 -1.004017 -1.019236 -1.036391 -1.055834 -1.077054 -1.100298 -1.124796 -1.150594 -1.176507 -1.202194 -1.225812 -1.246395 -1.261167 -1.268325 -1.263964 -1.245371 -1.207448 -1.146506 -1.055844 -0.9298010 -0.7577436 -0.5274422 -0.2153736 0.2148128 0.8307543 1.722270 2.797387 3.523797 3.730644 3.697271 3.595019 3.488370 3.388187 3.301656 3.225293 3.160957
3.0063910E-03 7.8806765E-03 1.2506277E-02 1.6784808E-02 1.9674912E-02 2.0367129E-02 1.6229134E-02 3.7560938E-03 -2.6006682E-02 -8.8890389E-02 -0.2102484 -0.3649510 -0.4749236 -0.5319467 -0.5611332 -0.5767395 -0.5861796 -0.5928695 -0.5989242 -0.6053298 -0.6128889 -0.6218855 -0.6327065 -0.6453718 -0.6601084 -0.6767947 -0.6955666 -0.7161711 -0.7386322 -0.7625039 -0.7876108 -0.8131865 -0.8387058 -0.8628933 -0.8846843 -0.9020987 -0.9133831 -0.9157578 -0.9067939 -0.8829834 -0.8413272 -0.7775348 -0.6876389 -0.5654286 -0.4035910 -0.1894874 9.5801137E-02 0.4838345 1.007650 1.594729 1.969478 2.053365 1.997285 1.900632 1.802695 1.712011 1.632619 1.562922 1.503315
1.5062070E-02 1.9480683E-02 2.3841450E-02 2.7860956E-02 3.0984404E-02 3.2388303E-02 3.0576229E-02 2.3133261E-02 5.7393918E-03 -2.8107258E-02 -8.3702169E-02 -0.1497882 -0.2024765 -0.2349732 -0.2536849 -0.2647512 -0.2720475 -0.2778073 -0.2833862 -0.2895968 -0.2969630 -0.3058074 -0.3163467 -0.3287078 -0.3429720 -0.3591634 -0.3772740 -0.3972334 -0.4189233 -0.4421317 -0.4665579 -0.4917509 -0.5171080 -0.5418031 -0.5647926 -0.5847520 -0.6001167 -0.6090589 -0.6095881 -0.5995712 -0.5768583 -0.5392761 -0.4846662 -0.4107426 -0.3149420 -0.1941853 -4.4913195E-02 0.1349602 0.3366084 0.5143056 0.5972138 0.5770943 0.5022333 0.4114302 0.3224181 0.2410339 0.1688894 0.1057142 5.0932497E-02
2.3240237E-02 2.7257867E-02 3.1280253E-02 3.5081446E-02 3.8285926E-02 4.0323555E-02 4.0297490E-02 3.6887430E-02 2.8232578E-02 1.2360268E-02 -1.1133775E-02 -3.8064610E-02 -6.1458558E-02 -7.8197710E-02 -8.9242496E-02 -9.6646488E-02 -0.1021890 -0.1071287 -0.1123203 -0.1183294 -0.1255382 -0.1341986 -0.1444831 -0.1565001 -0.1703202 -0.1859710 -0.2034504 -0.2227099 -0.2436574 -0.2661312 -0.2898939 -0.3145971 -0.3397721 -0.3647897 -0.3888602 -0.4110074 -0.4301029 -0.4448812 -0.4540327 -0.4562694 -0.4504656 -0.4357390 -0.4115968 -0.3780130 -0.3356234 -0.2859620 -0.2320981 -0.1797933 -0.1394149 -0.1261728 -0.1525750 -0.2140387 -0.2936845 -0.3772486 -0.4569532 -0.5296720 -0.5945054 -0.6516021 -0.7014404
2.7622638E-02 3.1240284E-02 3.4904502E-02 3.8447253E-02 4.1619804E-02 4.4050418E-02 4.5226537E-02 4.4469848E-02 4.1033190E-02 3.4376036E-02 2.4845604E-02 1.3981131E-02 3.7182355E-03 -4.6073925E-03 -1.0900177E-02 -1.5798340E-02 -2.0074299E-02 -2.4401955E-02 -2.9297696E-02 -3.5142176E-02 -4.2206120E-02 -5.0683670E-02 -6.0708821E-02 -7.2376296E-02 -8.5744545E-02 -0.1008467 -0.1176843 -0.1362302 -0.1564143 -0.1781218 -0.2011703 -0.2253053 -0.2501732 -0.2753197 -0.3001705 -0.3240481 -0.3461810 -0.3657624 -0.3820037 -0.3942478 -0.4020577 -0.4053607 -0.4045423 -0.4005974 -0.3952239 -0.3909893 -0.3913971 -0.4009018 -0.4244528 -0.4659539 -0.5245976 -0.5951812 -0.6709818 -0.7460579 -0.8167583 -0.8813328 -0.9392574 -0.9905903 -1.035691
2.9093610E-02 3.2313455E-02 3.5600375E-02 3.8840737E-02 4.1863848E-02 4.4441387E-02 4.6273254E-02 4.7020089E-02 4.6354789E-02 4.4117440E-02 4.0429074E-02 3.5860971E-02 3.1276267E-02 2.7134271E-02 2.3482740E-02 2.0097755E-02 1.6621279E-02 1.2691389E-02 7.9919351E-03 2.2722641E-03 -4.6625268E-03 -1.2957142E-02 -2.2721058E-02 -3.4030855E-02 -4.6942245E-02 -6.1485685E-02 -7.7673309E-02 -9.5488600E-02 -0.1148887 -0.1357902 -0.1580677 -0.1815349 -0.2059458 -0.2309780 -0.2562434 -0.2812870 -0.3056237 -0.3287679 -0.3503096 -0.3699765 -0.3877400 -0.4038841 -0.4191049 -0.4345421 -0.4518182 -0.4729559 -0.5002352 -0.5357810 -0.5809132 -0.6354106 -0.6979700 -0.7655545 -0.8341631 -0.9006457 -0.9629624 -1.020083 -1.071617 -1.117596 -1.158233
2.8518302E-02 3.1341556E-02 3.4242343E-02 3.7138127E-02 3.9917383E-02 4.2431396E-02 4.4506054E-02 4.5950875E-02 4.6609461E-02 4.6406318E-02 4.5449182E-02 4.3937400E-02 4.2009097E-02 3.9864145E-02 3.7557051E-02 3.4976449E-02 3.1934679E-02 2.8219214E-02 2.3631334E-02 1.7999019E-02 1.1182484E-02 3.0688941E-03 -6.4277789E-03 -1.7375359E-02 -2.9821996E-02 -4.3801103E-02 -5.9327856E-02 -7.6400369E-02 -9.4992086E-02 -0.1150521 -0.1364931 -0.1591924 -0.1829805 -0.2076460 -0.2329327 -0.2585587 -0.2842315 -0.3096915 -0.3347511 -0.3593612 -0.3836583 -0.4080282 -0.4331239 -0.4598791 -0.4894396 -0.5230657 -0.5619117 -0.6067864 -0.6579013 -0.7146775 -0.7750696 -0.8367007 -0.8976123 -0.9560629 -1.010845 -1.061253 -1.107004 -1.148068 -1.184580
2.6541559E-02 2.8977660E-02 3.1487752E-02 3.4014724E-02 3.6478743E-02 3.8784046E-02 4.0816635E-02 4.2463291E-02 4.3621879E-02 4.4233724E-02 4.4258416E-02 4.3742150E-02 4.2836905E-02 4.1552283E-02 3.9838254E-02 3.7612315E-02 3.4751486E-02 3.1118862E-02 2.6578281E-02 2.1008123E-02 1.4301809E-02 6.3722488E-03 -2.8532231E-03 -1.3431441E-02 -2.5408646E-02 -3.8816456E-02 -5.3676546E-02 -6.9993667E-02 -8.7758854E-02 -0.1069409 -0.1274885 -0.1493205 -0.1723313 -0.1963847 -0.2213252 -0.2469825 -0.2731981 -0.2998423 -0.3268573 -0.3542831 -0.3823019 -0.4112481 -0.4416231 -0.4740529 -0.5092390 -0.5478320 -0.5903090 -0.6367840 -0.6868404 -0.7394842 -0.7938160 -0.8485776 -0.9021970 -0.9534843 -1.001604 -1.046071 -1.086637 -1.123258 -1.155992
2.3664435E-02 2.5726074E-02 2.7852308E-02 2.9998412E-02 3.2108579E-02 3.4112740E-02 3.5934336E-02 3.7490658E-02 3.8710866E-02 3.9537273E-02 3.9965451E-02 3.9978314E-02 3.9488044E-02 3.8490247E-02 3.6958769E-02 3.4820415E-02 3.1984653E-02 2.8350264E-02 2.3818167E-02 1.8294994E-02 1.1698692E-02 3.9569801E-03 -4.9901898E-03 -1.5194574E-02 -2.6697060E-02 -3.9531033E-02 -5.3718917E-02 -6.9274336E-02 -8.6196907E-02 -0.1044747 -0.1240775 -0.1449597 -0.1670559 -0.1902869 -0.2145595 -0.2397815 -0.2658682 -0.2927685 -0.3204771 -0.3490639 -0.3786811 -0.4095767 -0.4420736 -0.4765479 -0.5133600 -0.5527935 -0.5949544 -0.6397205 -0.6867346 -0.7354290 -0.7846152 -0.8331646 -0.8803089 -0.9253148 -0.9676259 -1.006864 -1.042835 -1.075464 -1.104778
2.0235067E-02 2.1941809E-02 2.3696963E-02 2.5467046E-02 2.7207071E-02 2.8866192E-02 3.0383794E-02 3.1698987E-02 3.2748006E-02 3.3475157E-02 3.3804823E-02 3.3694379E-02 3.3167005E-02 3.2157928E-02 3.0590989E-02 2.8397260E-02 2.5499869E-02 2.1819515E-02 1.7276989E-02 1.1798460E-02 5.3158035E-03 -2.2304012E-03 -1.0893425E-02 -2.0718202E-02 -3.1744130E-02 -4.4002149E-02 -5.7518158E-02 -7.2308138E-02 -8.8381074E-02 -0.1057348 -0.1243573 -0.1442235 -0.1652990 -0.1875376 -0.2108899 -0.2353050 -0.2607450 -0.2871900 -0.3146573 -0.3432036 -0.3729388 -0.4040141 -0.4366163 -0.4709305 -0.5071100 -0.5452175 -0.5851897 -0.6267796 -0.6695153 -0.7127168 -0.7559661 -0.7987004 -0.8401391 -0.8797021 -0.9169585 -0.9516289 -0.9835373 -1.012613 -1.038843
