T5-twomodels-2/gz/model120.grd
DSAA
         100         100
  -15.00000       15.00000    
  -15.00000       15.00000    
  -3.640737       6.206838    
[rows 54 to 80 of 100, columns 0 to 60 of 100]
0.3555142 0.3955486 0.4350002 0.4731454 0.5037374 0.5216173 0.5101553 0.4466498 0.2716343 -0.1238063 -0.9247145 -1.961192 -2.674839 -3.018135 -3.171190 -3.231761 -3.247983 -3.242470 -3.227627 -3.210258 -3.194202 -3.181877 -3.174442 -3.172776 -3.177059 -3.187513 -3.203879 -3.225958 -3.253134 -3.284706 -3.319529 -3.356097 -3.392341 -3.425459 -3.451925 -3.467085 -3.465490 -3.440309 -3.384091 -3.287919 -3.142516 -2.936679 -2.658156 -2.290299 -1.811156 -1.185666 -0.3577043 0.7669736 2.308560 4.146586 5.550306 6.068419 6.030455 5.814823 5.573077 5.346032 5.145834 4.971323 4.821890 4.693199 4.583992
0.3494523 0.3889461 0.4278189 0.4653461 0.4952879 0.5124837 0.5003147 0.4360781 0.2603239 -0.1358561 -0.9373647 -1.974291 -2.688556 -3.032540 -3.186255 -3.247446 -3.264238 -3.259238 -3.244846 -3.227860 -3.212116 -3.200025 -3.192745 -3.191153 -3.195427 -3.205787 -3.221975 -3.243788 -3.270614 -3.301749 -3.336048 -3.372005 -3.407551 -3.439882 -3.465470 -3.479661 -3.477003 -3.450657 -3.393169 -3.295616 -3.148713 -2.941251 -2.660972 -2.291226 -1.810063 -1.182435 -0.3522290 0.7747581 2.318579 4.158493 5.564054 6.084323 6.048621 5.835172 5.595483 5.370356 5.171922 4.999020 4.851035 4.723638 4.615574
0.3423447 0.3811954 0.4193764 0.4561687 0.4853328 0.5017166 0.4887017 0.4236009 0.2469613 -0.1501164 -0.9526624 -1.990761 -2.705986 -3.050802 -3.205305 -3.267234 -3.284707 -3.280322 -3.266473 -3.249949 -3.234580 -3.222775 -3.215688 -3.214191 -3.218462 -3.228720 -3.244706 -3.266217 -3.292640 -3.323272 -3.356970 -3.392226 -3.426974 -3.458407 -3.483002 -3.496097 -3.492241 -3.464587 -3.405675 -3.306570 -3.157975 -2.948669 -2.666383 -2.294457 -1.810943 -1.180791 -0.3479096 0.7819009 2.328773 4.172168 5.581255 6.104636 6.071772 5.861010 5.623853 5.401077 5.204805 5.033863 4.887642 4.761813 4.655132
0.3342520 0.3723538 0.4097324 0.4456688 0.4739319 0.4893720 0.4753846 0.4092830 0.2316346 -0.1664508 -0.9698539 -2.008646 -2.724740 -3.070495 -3.225901 -3.288683 -3.306946 -3.303278 -3.290063 -3.274082 -3.259157 -3.247691 -3.240835 -3.239459 -3.243737 -3.253888 -3.269652 -3.290828 -3.316802 -3.346876 -3.379904 -3.414385 -3.448251 -3.478703 -3.502213 -3.514125 -3.508980 -3.479929 -3.419498 -3.318742 -3.168339 -2.957051 -2.672583 -2.298257 -1.812110 -1.179096 -0.3431303 0.7899342 2.340069 4.186423 5.598456 6.125126 6.095644 5.888135 5.654037 5.434098 5.240421 5.071828 4.927708 4.803741 4.698691
0.3252430 0.3624924 0.3989552 0.4339213 0.4611607 0.4755391 0.4604555 0.3932425 0.2144666 -0.1847510 -0.9894295 -2.029637 -2.746918 -3.093724 -3.250134 -3.313868 -3.333020 -3.330164 -3.317671 -3.302312 -3.287901 -3.276830 -3.270248 -3.269019 -3.273318 -3.283361 -3.298889 -3.319702 -3.345190 -3.374656 -3.406961 -3.440607 -3.473535 -3.502947 -3.525325 -3.536013 -3.529555 -3.499096 -3.437150 -3.334749 -3.182546 -2.969266 -2.682573 -2.305751 -1.816805 -1.180669 -0.3412650 0.7955484 2.349812 4.200868 5.617718 6.148790 6.123408 5.919793 5.689351 5.472790 5.282191 5.116371 4.974720 4.852931 4.749784
0.3154410 0.3517345 0.3871765 0.4210594 0.4471689 0.4603781 0.4441069 0.3756949 0.1957334 -0.2046491 -1.010314 -2.051324 -2.769603 -3.117492 -3.274963 -3.339719 -3.359836 -3.357873 -3.346183 -3.331523 -3.317691 -3.307073 -3.300808 -3.299757 -3.304091 -3.314029 -3.329312 -3.349742 -3.374714 -3.403537 -3.435079 -3.467853 -3.499810 -3.528167 -3.549415 -3.558910 -3.551202 -3.519435 -3.456112 -3.352240 -3.198432 -2.983357 -2.694614 -2.315418 -1.823706 -1.184369 -0.3413065 0.7995803 2.358144 4.213349 5.634461 6.170236 6.149659 5.950668 5.724558 5.511988 5.325006 5.162426 5.023644 4.904372 4.803409
0.3049998 0.3402419 0.3745615 0.4072663 0.4321541 0.4441234 0.4266110 0.3569863 0.1758443 -0.2256784 -1.032608 -2.075027 -2.794473 -3.143414 -3.301929 -3.367716 -3.388834 -3.387819 -3.376996 -3.363099 -3.349909 -3.339798 -3.333893 -3.333053 -3.337443 -3.347282 -3.362314 -3.382348 -3.406783 -3.434940 -3.465698 -3.497588 -3.528579 -3.555909 -3.576094 -3.584513 -3.575735 -3.542912 -3.478544 -3.373609 -3.218672 -3.002323 -2.712059 -2.330974 -1.836891 -1.194589 -0.3479104 0.7972777 2.360900 4.222095 5.649548 6.191339 6.176486 5.982956 5.761956 5.554068 5.371309 5.212483 5.077007 4.960611 4.862136
0.2941601 0.3282599 0.3613724 0.3928201 0.4164324 0.4271369 0.4084148 0.3376637 0.1555138 -0.2468974 -1.054449 -2.097260 -2.817348 -3.167099 -3.326497 -3.393223 -3.415309 -3.415248 -3.405328 -3.392244 -3.379750 -3.370195 -3.364694 -3.364094 -3.368560 -3.378310 -3.393093 -3.412722 -3.436611 -3.464092 -3.494064 -3.525084 -3.555150 -3.581538 -3.600805 -3.608374 -3.598852 -3.565424 -3.500598 -3.395339 -3.240154 -3.023534 -2.732825 -2.350940 -1.855489 -1.211056 -0.3613248 0.7878875 2.356332 4.222682 5.655812 6.204020 6.195806 6.008695 5.793689 5.591271 5.413409 5.258907 5.127202 5.014071 4.918394
0.2832320 0.3161137 0.3479486 0.3780946 0.4004216 0.4099226 0.3901401 0.3185461 0.1358040 -0.2669475 -1.074831 -2.118092 -2.838424 -3.188452 -3.348328 -3.415730 -3.438635 -3.439466 -3.430441 -3.418195 -3.406436 -3.397480 -3.392419 -3.392092 -3.396655 -3.406330 -3.420867 -3.440093 -3.463432 -3.490240 -3.519444 -3.549636 -3.578861 -3.604451 -3.623031 -3.630096 -3.620332 -3.586987 -3.522622 -3.418210 -3.264215 -3.049017 -2.759773 -2.379121 -1.884342 -1.239657 -0.3884213 0.7637979 2.336957 4.209920 5.650775 6.206834 6.206383 6.026777 5.818780 5.622717 5.450502 5.300939 5.173509 5.064044 4.971492
0.2726638 0.3042635 0.3347781 0.3636121 0.3847173 0.3931834 0.3726901 0.3008354 0.1183997 -0.2834715 -1.089842 -2.131219 -2.850113 -3.199257 -3.358776 -3.426307 -3.449710 -3.451270 -3.443074 -3.431658 -3.420654 -3.412328 -3.407742 -3.407714 -3.412396 -3.422008 -3.436308 -3.455134 -3.477932 -3.504083 -3.532555 -3.561987 -3.590493 -3.615488 -3.633697 -3.640736 -3.631416 -3.599119 -3.536514 -3.434652 -3.284003 -3.072864 -2.788183 -2.412255 -1.921874 -1.280668 -0.4313593 0.7210122 2.296568 4.173776 5.620793 6.184831 6.193154 6.022243 5.822381 5.633662 5.467910 5.323949 5.201318 5.095936 5.006833
0.2630370 0.2933112 0.3224863 0.3500508 0.3700737 0.3778347 0.3572497 0.2862193 0.1057738 -0.2928426 -1.095160 -2.132354 -2.847222 -3.193234 -3.350829 -3.417504 -3.440838 -3.442828 -3.435325 -3.424691 -3.414441 -3.406765 -3.402678 -3.402974 -3.407795 -3.417358 -3.431431 -3.449866 -3.472136 -3.497656 -3.525444 -3.554208 -3.582149 -3.606800 -3.625033 -3.632637 -3.624629 -3.594611 -3.535470 -3.438448 -3.294145 -3.090874 -2.815456 -2.449843 -1.970243 -1.339423 -0.4990104 0.6471649 2.220394 4.100002 5.553308 6.125857 6.143856 5.982836 5.792329 5.612016 5.453604 5.315931 5.198637 5.097752 5.012421
0.2551560 0.2840752 0.3119229 0.3383009 0.3574796 0.3650370 0.3453592 0.2769640 0.1016165 -0.2889733 -1.080503 -2.105761 -2.810266 -3.148720 -3.301579 -3.365769 -3.388150 -3.390117 -3.383093 -3.373154 -3.363634 -3.356614 -3.353045 -3.353684 -3.358660 -3.368187 -3.382042 -3.400099 -3.421856 -3.446777 -3.473939 -3.502136 -3.529687 -3.554277 -3.572974 -3.581818 -3.576123 -3.549830 -3.496201 -3.406852 -3.272730 -3.082416 -2.822855 -2.475907 -2.017343 -1.409028 -0.5910559 0.5349074 2.092572 3.963032 5.414825 5.992814 6.020318 5.870148 5.690196 5.519392 5.369205 5.238514 5.127079 5.031090 4.949830
0.2500469 0.2776009 0.3041509 0.3294690 0.3481085 0.3561435 0.3387724 0.2758400 0.1109907 -0.2620949 -1.029290 -2.027727 -2.708973 -3.031299 -3.174643 -3.233881 -3.254079 -3.255430 -3.248607 -3.239248 -3.230419 -3.224051 -3.221009 -3.222005 -3.227148 -3.236649 -3.250296 -3.267985 -3.289248 -3.313601 -3.340196 -3.367930 -3.395264 -3.420074 -3.439685 -3.450460 -3.448117 -3.427084 -3.381189 -3.302675 -3.183166 -3.011939 -2.776620 -2.459668 -2.037260 -1.471202 -0.7006099 0.3756026 1.886643 3.721596 5.154427 5.729008 5.763242 5.624066 5.455678 5.295418 5.154313 5.031247 4.926157 4.835419 4.758503
0.2489891 0.2751707 0.3004717 0.3248596 0.3433046 0.3525710 0.3392266 0.2855801 0.1399320 -0.1970096 -0.9062385 -1.836797 -2.464175 -2.754225 -2.880657 -2.931675 -2.948229 -2.948302 -2.941386 -2.932478 -2.924293 -2.918566 -2.916055 -2.917418 -2.922736 -2.932219 -2.945665 -2.962991 -2.983775 -3.007587 -3.033664 -3.061024 -3.088292 -3.113574 -3.134496 -3.147822 -3.149780 -3.135432 -3.099375 -3.034770 -2.934322 -2.788584 -2.586721 -2.313078 -1.946173 -1.450655 -0.7686539 0.1993464 1.587500 3.304984 4.656376 5.196604 5.227741 5.097955 4.941679 4.792828 4.661529 4.546646 4.448300 4.363115 4.290757
0.2530543 0.2778267 0.3019601 0.3254802 0.3440780 0.3551748 0.3475732 0.3071929 0.1920915 -7.7572748E-02 -0.6537169 -1.414705 -1.923148 -2.155431 -2.255787 -2.295222 -2.306752 -2.304978 -2.297719 -2.289155 -2.281577 -2.276475 -2.274499 -2.276225 -2.281728 -2.291190 -2.304440 -2.321406 -2.341721 -2.365005 -2.390601 -2.417646 -2.444957 -2.470886 -2.493409 -2.509743 -2.516707 -2.510123 -2.485520 -2.437243 -2.359433 -2.244528 -2.084133 -1.866080 -1.573971 -1.180411 -0.6402039 0.1268705 1.235375 2.624124 3.718061 4.141758 4.147332 4.023104 3.878888 3.742068 3.621058 3.514795 3.423445 3.344059 3.276378
0.2610982 0.2843267 0.3074633 0.3299955 0.3491031 0.3621338 0.3615150 0.3365020 0.2605789 8.6016096E-02 -0.2628726 -0.7109403 -1.023558 -1.176318 -1.244122 -1.269997 -1.275716 -1.271794 -1.264066 -1.255780 -1.248801 -1.244299 -1.242870 -1.244945 -1.250642 -1.260071 -1.273131 -1.289727 -1.309574 -1.332334 -1.357456 -1.384214 -1.411602 -1.438272 -1.462509 -1.482084 -1.494362 -1.496091 -1.483696 -1.452988 -1.399578 -1.318321 -1.203593 -1.047998 -0.8418683 -0.5701872 -0.2093563 0.2787376 0.9385402 1.708382 2.281583 2.475505 2.430539 2.308447 2.175883 2.051533 1.940900 1.843611 1.759250 1.685906 1.622848
0.2678126 0.2895413 0.3116138 0.3332032 0.3526988 0.3676586 0.3736545 0.3634771 0.3242363 0.2364702 8.4372118E-02 -9.8233305E-02 -0.2395875 -0.3192461 -0.3563244 -0.3691680 -0.3692859 -0.3632930 -0.3551276 -0.3471351 -0.3407521 -0.3368551 -0.3359641 -0.3383864 -0.3442662 -0.3536581 -0.3665164 -0.3827337 -0.4021009 -0.4243222 -0.4489549 -0.4754033 -0.5028448 -0.5302112 -0.5561171 -0.5788522 -0.5963486 -0.6062253 -0.6058286 -0.5923408 -0.5628601 -0.5144894 -0.4443163 -0.3493335 -0.2261830 -7.0915200E-02 0.1211060 0.3531748 0.6170726 0.8634174 1.003824 1.005219 0.9175688 0.7986398 0.6778954 0.5659043 0.4656669 0.3772603 0.2999269 0.2325626 0.1741731
0.2693118 0.2896442 0.3104863 0.3311911 0.3506747 0.3672626 0.3783133 0.3799087 0.3665236 0.3322904 0.2760626 0.2104551 0.1564647 0.1235158 0.1088139 0.1062788 0.1106713 0.1183070 0.1267309 0.1343448 0.1401176 0.1433932 0.1437655 0.1409939 0.1349537 0.1256029 0.1129686 9.7140394E-02 7.8278318E-02 5.6623530E-02 3.2522343E-02 6.4509455E-03 -2.0952942E-02 -4.8858441E-02 -7.6216973E-02 -0.1017480 -0.1239537 -0.1411583 -0.1515955 -0.1535189 -0.1453531 -0.1258354 -9.4175480E-02 -5.0194979E-02 5.4663979E-03 7.1031556E-02 0.1428776 0.2141326 0.2723541 0.2986034 0.2750381 0.2023044 9.9902555E-02 -1.1680043E-02 -0.1202075 -0.2203418 -0.3103819 -0.3902881 -0.4606467 -0.5222698 -0.5759647
0.2657741 0.2847092 0.3042586 0.3239547 0.3430844 0.3605742 0.3749249 0.3841505 0.3860549 0.3790731 0.3643001 0.3464191 0.3312994 0.3230235 0.3219499 0.3262496 0.3336872 0.3423375 0.3507425 0.3578640 0.3629866 0.3656342 0.3654981 0.3623905 0.3562086 0.3469153 0.3345260 0.3191078 0.3007822 0.2797349 0.2562312 0.2306335 0.2034231 0.1752158 0.1467761 0.1190122 9.2954002E-02 6.9698088E-02 5.0324857E-02 3.5774942E-02 2.6713172E-02 2.3362087E-02 2.5352370E-02 3.1547669E-02 3.9892923E-02 4.7224902E-02 4.9140632E-02 3.9972413E-02 1.3236655E-02 -3.6638744E-02 -0.1100722 -0.2012913 -0.3016076 -0.4027852 -0.4992602 -0.5882092 -0.6686309 -0.7404780 -0.8041665 -0.8602740 -0.9094260
0.2584344 0.2759732 0.2941733 0.3127230 0.3311470 0.3487944 0.3648070 0.3782068 0.3880616 0.3939382 0.3962571 0.3967865 0.3981809 0.4018821 0.4081080 0.4162588 0.4253446 0.4343614 0.4424543 0.4489600 0.4533923 0.4554087 0.4547784 0.4513549 0.4450536 0.4358394 0.4237187 0.4087374 0.3909838 0.3705950 0.3477661 0.3227643 0.2959373 0.2677253 0.2386599 0.2093565 0.1804820 0.1527080 0.1266275 0.1026631 8.0943480E-02 6.1193764E-02 4.2619094E-02 2.3834920E-02 2.8245151E-03 -2.2995146E-02 -5.6592330E-02 -0.1008594 -0.1578073 -0.2276011 -0.3087693 -0.3977870 -0.4895361 -0.5794926 -0.6646345 -0.7433172 -0.8148690 -0.8792295 -0.9366520 -0.9875467 -1.032365
0.2485000 0.2646464 0.2814666 0.2987438 0.3161747 0.3333490 0.3497803 0.3649389 0.3783975 0.3899780 0.4000522 0.4092740 0.4181138 0.4272362 0.4368680 0.4467486 0.4563868 0.4652272 0.4727545 0.4785407 0.4822524 0.4836435 0.4825402 0.4788267 0.4724318 0.4633225 0.4514959 0.4369805 0.4198365 0.4001599 0.3780897 0.3538138 0.3275752 0.2996749 0.2704685 0.2403520 0.2097354 0.1789986 0.1484314 0.1181594 8.8068709E-02 5.7731569E-02 2.6363460E-02 -7.1906485E-03 -4.4395402E-02 -8.6895287E-02 -0.1362647 -0.1936831 -0.2596072 -0.3334896 -0.4130454 -0.4951264 -0.5769785 -0.6562378 -0.7311286 -0.8005794 -0.8641070 -0.9216139 -0.9732476 -1.019274 -1.060020
0.2368796 0.2516594 0.2670861 0.2830151 0.2992395 0.3155027 0.3314992 0.3469257 0.3615182 0.3751425 0.3877264 0.3994572 0.4108464 0.4219793 0.4327693 0.4430315 0.4524689 0.4607418 0.4675209 0.4725181 0.4754989 0.4762820 0.4747342 0.4707617 0.4643035 0.4553262 0.4438201 0.4297992 0.4133009 0.3943893 0.3731577 0.3497340 0.3242806 0.2969962 0.2681082 0.2378619 0.2064946 0.1742066 0.1411148 0.1072093 7.2303131E-02 3.6004841E-02 -2.2953376E-03 -4.3390736E-02 -8.8189401E-02 -0.1375728 -0.1922244 -0.2524024 -0.3177019 -0.3869575 -0.4589038 -0.5319959 -0.6042164 -0.6738375 -0.7396587 -0.8009372 -0.8572897 -0.9086062 -0.9549482 -0.9964864 -1.033441
0.2242864 0.2377380 0.2517899 0.2663358 0.2812360 0.2963119 0.3113655 0.3261857 0.3405962 0.3544663 0.3678251 0.3806701 0.3927860 0.4042153 0.4149343 0.4247861 0.4335605 0.4410235 0.4469465 0.4511249 0.4533859 0.4535914 0.4516353 0.4474393 0.4409496 0.4321325 0.4209727 0.4074726 0.3916524 0.3735511 0.3532286 0.3307675 0.3062728 0.2798704 0.2517014 0.2219105 0.1906310 0.1579593 0.1239305 8.8488407E-02 5.1465116E-02 1.2568943E-02 -2.8601428E-02 -7.2524555E-02 -0.1196818 -0.1704684 -0.2250753 -0.2833999 -0.3450284 -0.4092585 -0.4747001 -0.5397882 -0.6033918 -0.6645439 -0.7224449 -0.7765461 -0.8265426 -0.8723103 -0.9138631 -0.9512956 -0.9847569
0.2112224 0.2234032 0.2361198 0.2492959 0.2628249 0.2765814 0.2904158 0.3041770 0.3177107 0.3308862 0.3435189 0.3555231 0.3670161 0.3778518 0.3878554 0.3968743 0.4047379 0.4112685 0.4162947 0.4196609 0.4212336 0.4209028 0.4185808 0.4142004 0.4077125 0.3990833 0.3882933 0.3753362 0.3602197 0.3429644 0.3236063 0.3021961 0.2787991 0.2534929 0.2263621 0.1974916 0.1669531 0.1347930 0.1010138 6.5562919E-02 2.8321054E-02 -1.0893121E-02 -5.2309271E-02 -9.6169353E-02 -0.1426803 -0.1919490 -0.2439217 -0.2983198 -0.3545747 -0.4118349 -0.4694425 -0.5267155 -0.5826722 -0.6364622 -0.6874790 -0.7353101 -0.7796990 -0.8205265 -0.8577690 -0.8914756 -0.9217369
0.1980733 0.2090502 0.2204952 0.2323448 0.2445193 0.2569168 0.2694250 0.2819155 0.2942653 0.3063496 0.3181190 0.3294624 0.3400966 0.3499502 0.3589420 0.3669354 0.3737863 0.3793500 0.3834890 0.3860788 0.3870109 0.3861939 0.3835530 0.3790291 0.3725760 0.3641609 0.3537607 0.3413638 0.3269685 0.3105833 0.2922274 0.2719307 0.2497318 0.2256781 0.1998206 0.1722086 0.1428839 0.1118704 7.9167545E-02 4.4742461E-02 8.5309613E-03 -2.9558921E-02 -6.9628611E-02 -0.1117668 -0.1560118 -0.2023200 -0.2505270 -0.3003383 -0.3513651 -0.4031610 -0.4549033 -0.5057192 -0.5550680 -0.6024801 -0.6475273 -0.6898851 -0.7293438 -0.7657847 -0.7991688 -0.8295087 -0.8568585
0.1850961 0.1949477 0.2051960 0.2157908 0.2266633 0.2377337 0.2489043 0.2600725 0.2711212 0.2819340 0.2923325 0.3021984 0.3115643 0.3202682 0.3281423 0.3350576 0.3408869 0.3455076 0.3488048 0.3506742 0.3510245 0.3497773 0.3468671 0.3422403 0.3358544 0.3276766 0.3176825 0.3058567 0.2921917 0.2766881 0.2593544 0.2402069 0.2192686 0.1965684 0.1721378 0.1460091 0.1182092 8.8757835E-02 5.7660509E-02 2.4910644E-02 -9.5121572E-03 -4.5632061E-02 -8.3467320E-02 -0.1230096 -0.1642070 -0.2069381 -0.2509993 -0.2960848 -0.3417567 -0.3874530 -0.4328351 -0.4775830 -0.5211442 -0.5630322 -0.6028956 -0.6404797 -0.6756039 -0.7081612 -0.7380987 -0.7654102 -0.7901199
0.1724852 0.1812925 0.1904311 0.1998549 0.2095077 0.2193182 0.2292068 0.2390794 0.2488406 0.2583852 0.2676580 0.2765486 0.2848085 0.2923597 0.2991238 0.3049881 0.3098425 0.3135801 0.3161025 0.3173201 0.3171538 0.3155349 0.3124050 0.3077155 0.3014265 0.2935061 0.2839297 0.2726798 0.2597459 0.2451234 0.2288148 0.2108283 0.1911780 0.1698825 0.1469639 0.1224459 9.6351795E-02 6.8702266E-02 3.9514620E-02 8.8027678E-03 -2.3418993E-02 -5.7131331E-02 -9.2298955E-02 -0.1288612 -0.1667171 -0.2057172 -0.2456522 -0.2862613 -0.3272669 -0.3684020 -0.4091430 -0.4489454 -0.4875219 -0.5246173 -0.5599760 -0.5933884 -0.6247048 -0.6538238 -0.6806906 -0.7052831 -0.7276089
