T5-twomodels-2/gz/model150.grd
DSAA
         100         100
  -15.00000       15.00000    
  -15.00000       15.00000    
  -5.582005       6.796205    
[rows 54 to 80 of 100, columns 0 to 59 of 100]
0.7142722 0.7845069 0.8541190 0.9216967 0.9770809 1.011459 0.9973816 0.8967919 0.6108649 -4.2154804E-02 -1.370365 -3.090843 -4.272591 -4.836657 -5.082872 -5.174427 -5.191159 -5.171034 -5.134316 -5.092637 -5.051956 -5.016619 -4.988099 -4.968222 -4.956821 -4.954704 -4.961001 -4.975952 -4.998189 -5.027357 -5.061412 -5.099069 -5.137137 -5.172809 -5.201081 -5.216936 -5.212951 -5.181471 -5.112499 -4.995849 -4.819147 -4.569530 -4.230992 -3.784432 -3.202452 -2.444684 -1.443915 -9.0314634E-02 1.764894 4.031950 5.913724 6.706226 6.710304 6.453156 6.148646 5.860584 5.603855 5.380267 5.187173 5.020957
0.7042201 0.7735314 0.8421544 0.9086756 0.9629464 0.9961522 0.9808614 0.8790147 0.5918140 -6.2484492E-02 -1.391747 -3.113028 -4.295869 -4.861151 -5.108544 -5.201212 -5.218987 -5.199821 -5.163967 -5.123049 -5.083021 -5.048224 -5.020128 -5.000556 -4.989336 -4.987281 -4.993516 -5.008286 -5.030219 -5.058962 -5.092475 -5.129469 -5.166757 -5.201527 -5.228780 -5.243492 -5.238242 -5.205366 -5.134862 -5.016537 -4.838009 -4.586406 -4.245715 -3.796833 -3.212366 -2.451954 -1.448406 -9.1933087E-02 1.766085 4.035573 5.919616 6.714756 6.721674 6.467277 6.165369 5.879738 5.625254 5.403719 5.212482 5.047932
0.6924135 0.7606266 0.8280684 0.8933331 0.9462733 0.9780879 0.9613466 0.8580139 0.5692878 -8.6561941E-02 -1.417614 -3.140916 -4.325429 -4.892179 -5.140971 -5.234969 -5.253987 -5.235964 -5.201146 -5.161142 -5.121900 -5.087755 -5.060171 -5.040969 -5.029977 -5.028004 -5.034180 -5.048746 -5.070335 -5.098595 -5.131485 -5.167722 -5.204120 -5.237866 -5.263964 -5.277389 -5.270714 -5.236272 -5.164051 -5.043845 -4.863260 -4.609407 -4.266259 -3.814703 -3.227339 -2.463816 -1.456958 -9.6987754E-02 1.764796 4.038549 5.927039 6.726151 6.736641 6.485637 6.186930 5.904283 5.652547 5.433517 5.244540 5.082008
0.6789326 0.7458677 0.8119389 0.8757417 0.9271408 0.9573396 0.9389300 0.8338777 0.5434136 -0.1141780 -1.446728 -3.171260 -4.357306 -4.925713 -5.176113 -5.271643 -5.292100 -5.275408 -5.241795 -5.202861 -5.164541 -5.131162 -5.104184 -5.085422 -5.074706 -5.072842 -5.078963 -5.093311 -5.114522 -5.142249 -5.174451 -5.209854 -5.245272 -5.277901 -5.302743 -5.314777 -5.306575 -5.270462 -5.196414 -5.074211 -4.891431 -4.635164 -4.289350 -3.834853 -3.244258 -2.477208 -1.466543 -0.1025377 1.763329 4.040847 5.932979 6.736143 6.750882 6.503977 6.209139 5.930090 5.681658 5.465625 5.279341 5.119207
0.6638697 0.7293503 0.7938589 0.8560040 0.9056533 0.9340343 0.9137448 0.8067819 0.5143751 -0.1451736 -1.479926 -3.206903 -4.395020 -4.965280 -5.217467 -5.314710 -5.336786 -5.321599 -5.289358 -5.251646 -5.214383 -5.181887 -5.155611 -5.137365 -5.126977 -5.125255 -5.131331 -5.145453 -5.166262 -5.193414 -5.224881 -5.259390 -5.293769 -5.325220 -5.348755 -5.359358 -5.349602 -5.311810 -5.235941 -5.111755 -4.926796 -4.668108 -4.319585 -3.862042 -3.268019 -2.497139 -1.482238 -0.1136074 1.757347 4.040635 5.938820 6.747574 6.767471 6.525479 6.235264 5.960501 5.715987 5.503496 5.320376 5.163046
0.6473893 0.7112399 0.7740063 0.8343019 0.8820193 0.9083986 0.8860714 0.7770466 0.4825931 -0.1789743 -1.515456 -3.243863 -4.433745 -5.005926 -5.260005 -5.359088 -5.382926 -5.369395 -5.338676 -5.302331 -5.266259 -5.234763 -5.209284 -5.191630 -5.181626 -5.180081 -5.186130 -5.200026 -5.220417 -5.246971 -5.277668 -5.311252 -5.344564 -5.374825 -5.397063 -5.406275 -5.395047 -5.355701 -5.278188 -5.152234 -4.965341 -4.704485 -4.353481 -3.893054 -3.295667 -2.520875 -1.501491 -0.1278410 1.748459 4.036979 5.940435 6.754994 6.780924 6.544758 6.260026 5.990325 5.750418 5.542066 5.362625 5.208535
0.6296976 0.6917551 0.7526067 0.8108903 0.8565187 0.8807736 0.8563143 0.7451984 0.4487009 -0.2148509 -1.553533 -3.284390 -4.476331 -5.050385 -5.306343 -5.407293 -5.432966 -5.421195 -5.392122 -5.357271 -5.322513 -5.292128 -5.267543 -5.250560 -5.240998 -5.239668 -5.245712 -5.259389 -5.279359 -5.305303 -5.335220 -5.367874 -5.400134 -5.429247 -5.450274 -5.458244 -5.445765 -5.405175 -5.326422 -5.199207 -5.010970 -4.748595 -4.395773 -3.933086 -3.332842 -2.554468 -1.530685 -0.1517806 1.730710 4.026553 5.937942 6.760103 6.793222 6.563944 6.285675 6.021921 5.787390 5.583837 5.408635 5.258252
0.6111146 0.6712247 0.7300165 0.7861530 0.8295984 0.8516827 0.8251389 0.7120706 0.4138106 -0.2513123 -1.591130 -3.322752 -4.515882 -5.091420 -5.348994 -5.451673 -5.479135 -5.469151 -5.441799 -5.408541 -5.375204 -5.346032 -5.322434 -5.306196 -5.297135 -5.296063 -5.302129 -5.315601 -5.335157 -5.360495 -5.389642 -5.421395 -5.452661 -5.480736 -5.500731 -5.507733 -5.494402 -5.453116 -5.373845 -5.246270 -5.057771 -4.795117 -4.441820 -3.978234 -3.376414 -2.595529 -1.568104 -0.1843348 1.704064 4.006330 5.924693 6.754766 6.796205 6.575012 6.304331 6.047524 5.819236 5.621209 5.450848 5.304668
0.5920516 0.6500849 0.7066964 0.7606074 0.8018501 0.8218614 0.7934770 0.6789237 0.3795890 -0.2861984 -1.626676 -3.359163 -4.552830 -5.128971 -5.387499 -5.491475 -5.520492 -5.512204 -5.486573 -5.454965 -5.423130 -5.395263 -5.372733 -5.357314 -5.348812 -5.348042 -5.354158 -5.367448 -5.386604 -5.411357 -5.439767 -5.470680 -5.501060 -5.528275 -5.547520 -5.553975 -5.540397 -5.499253 -5.420575 -5.294068 -5.107069 -4.846217 -4.494802 -4.032851 -3.432011 -2.651004 -1.621931 -0.2346680 1.659336 3.969554 5.897481 6.737395 6.788556 6.576818 6.315005 6.066278 5.845189 5.653483 5.488609 5.347157
0.5730992 0.6289463 0.6833032 0.7349687 0.7741097 0.7923259 0.7626791 0.6476065 0.3486889 -0.3157333 -1.653801 -3.383273 -4.574678 -5.149497 -5.407594 -5.511968 -5.542015 -5.535161 -5.511157 -5.481198 -5.450915 -5.424420 -5.403034 -5.388498 -5.380610 -5.380184 -5.386385 -5.399516 -5.418299 -5.442499 -5.470227 -5.500390 -5.530036 -5.556639 -5.575519 -5.582003 -5.569008 -5.529167 -5.452655 -5.329282 -5.146408 -4.890583 -4.544856 -4.088848 -3.493621 -2.717172 -1.690811 -0.3037242 1.592914 3.908180 5.843480 6.693117 6.755210 6.554402 6.302892 6.063500 5.850666 5.666132 5.507425 5.371236
0.5550177 0.6086032 0.6606706 0.7101574 0.7474275 0.7643936 0.7345127 0.6207240 0.3250258 -0.3340797 -1.665510 -3.388141 -4.572979 -5.142735 -5.397799 -5.500937 -5.531080 -5.525175 -5.502579 -5.474204 -5.445485 -5.420410 -5.400224 -5.386629 -5.379405 -5.379364 -5.385682 -5.398684 -5.417124 -5.440815 -5.467928 -5.497458 -5.526563 -5.552858 -5.571846 -5.579070 -5.567699 -5.530643 -5.458353 -5.340883 -5.165766 -4.919599 -4.585293 -4.142083 -3.560336 -2.797017 -1.782099 -0.4032710 1.489777 3.807257 5.749914 6.609941 6.683999 6.495601 6.255922 6.027234 5.823775 5.647305 5.495459 5.365072
0.5388509 0.5901235 0.6399189 0.6873634 0.7231545 0.7397040 0.7112495 0.6017598 0.3144555 -0.3313845 -1.644961 -3.347831 -4.515548 -5.072871 -5.320222 -5.419418 -5.448192 -5.442490 -5.420957 -5.394032 -5.366850 -5.343218 -5.324276 -5.311669 -5.305151 -5.305532 -5.311997 -5.324899 -5.343030 -5.366259 -5.392837 -5.421862 -5.450637 -5.476965 -5.496592 -5.505363 -5.496816 -5.464279 -5.398669 -5.290512 -5.127779 -4.897421 -4.582534 -4.162271 -3.606522 -2.871198 -1.884472 -0.5314136 1.341298 3.646254 5.585759 6.451608 6.537131 6.362233 6.135891 5.919307 5.726373 5.558860 5.414556 5.290488
0.5259216 0.5748618 0.6224323 0.6680423 0.7028608 0.7201251 0.6954264 0.5949442 0.3250306 -0.2917527 -1.564898 -3.223209 -4.352315 -4.882931 -5.114610 -5.205757 -5.231119 -5.224639 -5.203718 -5.178059 -5.152359 -5.130176 -5.112507 -5.100923 -5.095145 -5.095976 -5.102615 -5.115443 -5.133297 -5.156112 -5.182230 -5.210880 -5.239536 -5.266239 -5.287039 -5.298183 -5.293700 -5.267519 -5.211249 -5.116198 -4.971174 -4.763998 -4.478622 -4.094970 -3.583472 -2.900066 -1.971869 -0.6808577 1.132682 3.390997 5.304013 6.163389 6.256133 6.094650 5.882851 5.679693 5.498383 5.340669 5.204535 5.087254
0.5178718 0.5644659 0.6098899 0.6538796 0.6882969 0.7075301 0.6894506 0.6043448 0.3663227 -0.1903406 -1.367009 -2.912335 -3.951821 -4.428815 -4.632503 -4.710162 -4.729684 -4.721332 -4.700537 -4.675940 -4.651654 -4.630910 -4.614532 -4.603994 -4.598982 -4.600285 -4.607119 -4.619891 -4.637494 -4.659933 -4.685659 -4.714042 -4.742765 -4.770138 -4.792590 -4.806845 -4.807560 -4.789432 -4.745019 -4.666744 -4.544751 -4.368416 -4.123578 -3.792449 -3.348317 -2.750589 -1.930163 -0.7713266 0.8903947 2.999430 4.803101 5.612298 5.697713 5.546946 5.350253 5.161598 4.992858 4.845660 4.718224 4.608117
0.5160877 0.5602773 0.6036839 0.6461602 0.6807477 0.7029505 0.6943421 0.6312493 0.4440192 -6.3322950E-04 -0.9556356 -2.218486 -3.059919 -3.440809 -3.601241 -3.659805 -3.671201 -3.660026 -3.638955 -3.615240 -3.592322 -3.572988 -3.557924 -3.548430 -3.544217 -3.545986 -3.553044 -3.565754 -3.583140 -3.605211 -3.630605 -3.658781 -3.687716 -3.715958 -3.740421 -3.758316 -3.765086 -3.756279 -3.725665 -3.667033 -3.572357 -3.433210 -3.238463 -2.974413 -2.620497 -2.145446 -1.495218 -0.5770113 0.7484809 2.450860 3.912324 4.552873 4.597392 4.451188 4.269404 4.095948 3.940460 3.804296 3.685931 3.583278
0.5191895 0.5607721 0.6024196 0.6432054 0.6785305 0.7038997 0.7068001 0.6692470 0.5471639 0.2609221 -0.3154967 -1.056929 -1.572192 -1.820687 -1.927109 -1.963254 -1.965251 -1.950716 -1.929206 -1.906228 -1.884711 -1.866711 -1.853033 -1.844517 -1.841174 -1.843346 -1.850695 -1.863281 -1.880513 -1.902162 -1.927300 -1.955241 -1.984497 -2.013649 -2.040332 -2.062068 -2.075339 -2.076423 -2.060598 -2.022991 -1.957828 -1.859107 -1.719546 -1.530565 -1.280144 -0.9508861 -0.5145129 7.3641211E-02 0.8694298 1.822035 2.593688 2.897645 2.863792 2.716260 2.549070 2.391055 2.249181 2.124298 2.015184 1.920140
0.5205624 0.5596012 0.5993854 0.6385447 0.6744125 0.7029281 0.7167318 0.7038200 0.6427324 0.5010470 0.2524460 -4.6678495E-02 -0.2766984 -0.4035188 -0.4589637 -0.4735845 -0.4665241 -0.4487786 -0.4268687 -0.4046732 -0.3845411 -0.3679029 -0.3555816 -0.3480650 -0.3455605 -0.3481528 -0.3557587 -0.3682341 -0.3852786 -0.4065128 -0.4313518 -0.4590557 -0.4885817 -0.5186192 -0.5474415 -0.5729524 -0.5925806 -0.6033917 -0.6020691 -0.5851103 -0.5488619 -0.4897029 -0.4039665 -0.2879246 -0.1374241 5.2354556E-02 0.2871249 0.5713888 0.8975360 1.212528 1.410432 1.433343 1.332903 1.185849 1.033372 0.8907738 0.7624437 0.6488056 0.5489206 0.4614662
0.5153829 0.5520297 0.5896916 0.6273000 0.6630628 0.6942009 0.7163281 0.7229289 0.7048137 0.6522197 0.5632583 0.4589741 0.3743874 0.3252287 0.3068698 0.3092035 0.3235312 0.3437421 0.3657815 0.3870183 0.4057728 0.4209843 0.4320133 0.4384872 0.4402269 0.4371759 0.4293868 0.4169899 0.4002132 0.3793774 0.3549377 0.3274982 0.2978654 0.2670720 0.2364254 0.2075107 0.1821948 0.1625639 0.1508409 0.1492308 0.1597586 0.1840674 0.2232450 0.2776223 0.3465554 0.4280242 0.5178524 0.6080574 0.6841220 0.7233782 0.7026501 0.6186463 0.4934886 0.3538876 0.2165372 8.8987455E-02 -2.6259199E-02 -0.1289749 -0.2198535 -0.2998932
0.5039251 0.5381776 0.5736120 0.6094614 0.6445483 0.6770972 0.7046224 0.7238302 0.7310758 0.7237692 0.7037536 0.6788561 0.6588797 0.6506536 0.6547991 0.6682966 0.6874478 0.7090760 0.7307816 0.7508692 0.7681783 0.7819510 0.7917039 0.7971562 0.7981605 0.7946761 0.7867352 0.7744447 0.7579775 0.7375904 0.7136316 0.6865712 0.6570182 0.6257502 0.5937215 0.5620713 0.5320878 0.5051575 0.4826524 0.4657965 0.4554830 0.4520838 0.4552459 0.4636917 0.4750086 0.4854380 0.4896773 0.4808455 0.4509249 0.3926755 0.3044522 0.1925976 6.7765646E-02 -5.9513468E-02 -0.1817629 -0.2950863 -0.3980050 -0.4903663 -0.5726425 -0.6455562
0.4877746 0.5196323 0.5527456 0.5866045 0.6204294 0.6531465 0.6833398 0.7093925 0.7297676 0.7437580 0.7520843 0.7577111 0.7650847 0.7766289 0.7927324 0.8124189 0.8340669 0.8560304 0.8769156 0.8956466 0.9114460 0.9237732 0.9322767 0.9367394 0.9370482 0.9331633 0.9251096 0.9129621 0.8968551 0.8769789 0.8535986 0.8270621 0.7978190 0.7664273 0.7335619 0.6999987 0.6665865 0.6341826 0.6035635 0.5753015 0.5496258 0.5262704 0.5043419 0.4822109 0.4574661 0.4269644 0.3870494 0.3340611 0.2652976 0.1802073 8.0430321E-02 -3.0020345E-02 -0.1449102 -0.2583403 -0.3663073 -0.4665526 -0.5581213 -0.6408634 -0.7150716 -0.7812467
0.4684811 0.4979506 0.5286903 0.5603489 0.5924312 0.6242660 0.6550537 0.6839262 0.7101848 0.7335489 0.7546543 0.7746096 0.7942176 0.8146073 0.8361779 0.8585196 0.8808379 0.9022341 0.9218765 0.9390814 0.9533212 0.9642169 0.9715070 0.9750275 0.9746844 0.9704447 0.9623183 0.9503601 0.9346637 0.9153705 0.8926713 0.8668188 0.8381296 0.8069946 0.7738684 0.7392613 0.7037011 0.6676874 0.6316127 0.5956788 0.5597944 0.5234901 0.4858496 0.4454966 0.4006477 0.3492740 0.2893812 0.2194190 0.1386860 4.7697406E-02 -5.1022228E-02 -0.1535528 -0.2563456 -0.3564133 -0.4514127 -0.5399071 -0.6212103 -0.6951608 -0.7619157 -0.8218049
0.4472170 0.4743406 0.5026839 0.5320149 0.5619995 0.5922207 0.6221809 0.6513873 0.6794137 0.7060505 0.7311936 0.7551712 0.7788551 0.8024055 0.8256993 0.8484497 0.8701854 0.8903636 0.9084623 0.9240270 0.9366949 0.9461907 0.9523205 0.9549537 0.9540144 0.9494675 0.9413155 0.9295909 0.9143595 0.8957182 0.8738027 0.8487873 0.8208913 0.7903758 0.7575404 0.7227051 0.6861861 0.6482543 0.6090858 0.5687005 0.5269071 0.4832567 0.4370313 0.3872703 0.3328591 0.2726854 0.2058592 0.1319782 5.1435549E-02 -3.4431648E-02 -0.1239926 -0.2154151 -0.3062365 -0.3941916 -0.4777136 -0.5558046 -0.6279426 -0.6939549 -0.7539052 -0.8079979
0.4249078 0.4497494 0.4757269 0.5026724 0.5303628 0.5585105 0.5867960 0.6148801 0.6424809 0.6693945 0.6956840 0.7213610 0.7460830 0.7699394 0.7929090 0.8147507 0.8351352 0.8536958 0.8700738 0.8839538 0.8950720 0.9032248 0.9082595 0.9100721 0.9085950 0.9037947 0.8956631 0.8842183 0.8695006 0.8515757 0.8305334 0.8064934 0.7796003 0.7500265 0.7179611 0.6836013 0.6471290 0.6086859 0.5683370 0.5260396 0.4816101 0.4347135 0.3848696 0.3314978 0.2739953 0.2118557 0.1448030 7.2919860E-02 -3.3231452E-03 -8.3088778E-02 -0.1647857 -0.2464127 -0.3264754 -0.4037737 -0.4772644 -0.5462291 -0.6102506 -0.6691566 -0.7229487 -0.7717433
0.4022093 0.4248641 0.4485422 0.4731242 0.4984422 0.5242961 0.5504471 0.5766543 0.6026726 0.6282964 0.6532323 0.6773510 0.7008643 0.7235448 0.7451189 0.7653503 0.7839749 0.8007163 0.8153113 0.8275224 0.8371505 0.8440348 0.8480539 0.8491179 0.8471679 0.8421677 0.8341035 0.8229795 0.8088193 0.7916624 0.7715687 0.7486145 0.7228960 0.6945221 0.6636129 0.6302871 0.5946501 0.5567749 0.5166838 0.4743284 0.4295798 0.3822269 0.3319968 0.2785909 0.2217485 0.1613186 9.7345464E-02 3.0139089E-02 -3.9634854E-02 -0.1109537 -0.1829198 -0.2547313 -0.3252060 -0.3932230 -0.4580002 -0.5189920 -0.5758612 -0.6284408 -0.6766952 -0.7206800
0.3796267 0.4002068 0.4216914 0.4439826 0.4669561 0.4904512 0.5142899 0.5382686 0.5621933 0.5858678 0.6092223 0.6320851 0.6539984 0.6748583 0.6945457 0.7128499 0.7295483 0.7444189 0.7572517 0.7678603 0.7760842 0.7817930 0.7848828 0.7852771 0.7829188 0.7777733 0.7698194 0.7590535 0.7454848 0.7291365 0.7100442 0.6882585 0.6638390 0.6368573 0.6073881 0.5755061 0.5412748 0.5047383 0.4659081 0.4247579 0.3812184 0.3351862 0.2865398 0.2351712 0.1810253 0.1241471 6.4722963E-02 3.1046104E-03 -6.0232449E-02 -0.1247358 -0.1894666 -0.2532917 -0.3154784 -0.3754573 -0.4326747 -0.4867135 -0.5372941 -0.5842612 -0.6275572 -0.6671975
0.3574986 0.3761348 0.3955514 0.4156718 0.4363893 0.4575790 0.4790874 0.5007524 0.5223898 0.5438158 0.5647452 0.5849929 0.6046264 0.6233894 0.6410176 0.6573107 0.6720732 0.6851179 0.6962712 0.7053776 0.7123044 0.7169393 0.7191936 0.7189966 0.7162966 0.7110566 0.7032534 0.6928753 0.6799238 0.6644087 0.6463520 0.6257840 0.6027448 0.5772799 0.5494397 0.5192740 0.4868274 0.4521338 0.4152116 0.3760606 0.3346648 0.2909991 0.2450453 0.1968119 0.1463612 9.3834706E-02 3.9477695E-02 -1.6343920E-02 -7.3102675E-02 -0.1301132 -0.1868846 -0.2430525 -0.2979634 -0.3509717 -0.4016289 -0.4496015 -0.4946577 -0.5366542 -0.5755228 -0.6112525
0.3360797 0.3529079 0.3704019 0.3884916 0.4070909 0.4260884 0.4453599 0.4647577 0.4841317 0.5033169 0.5222319 0.5407041 0.5583314 0.5749964 0.5905818 0.6049140 0.6178237 0.6291490 0.6387413 0.6464685 0.6522153 0.6558850 0.6573975 0.6566892 0.6537104 0.6484249 0.6408062 0.6308400 0.6185205 0.6038507 0.5868421 0.5675144 0.5458938 0.5220127 0.4959066 0.4676146 0.4371731 0.4046170 0.3699745 0.3332710 0.2945286 0.2537766 0.2110599 0.1664549 0.1200831 7.2127394E-02 2.2841107E-02 -2.7453948E-02 -7.8409865E-02 -0.1296887 -0.1807015 -0.2307331 -0.2793815 -0.3263461 -0.3712986 -0.4139735 -0.4541746 -0.4917724 -0.5266941 -0.5589125
