T5-twomodels-2/gz/model120.grd
DSAA
         100         100
  -15.00000       15.00000    
  -15.00000       15.00000    
  -3.640737       6.206838    
[rows 0 to 26 of 100, columns 0 to 60 of 100]
3.8485449E-02 3.9185960E-02 3.9838128E-02 4.0433008E-02 4.0961727E-02 4.1414130E-02 4.1781023E-02 4.2051293E-02 4.2215444E-02 4.2262904E-02 4.2198267E-02 4.2010359E-02 4.1648306E-02 4.1111391E-02 4.0399879E-02 3.9503992E-02 3.8414028E-02 3.7120391E-02 3.5614092E-02 3.3886824E-02 3.1930849E-02 2.9739529E-02 2.7307415E-02 2.4630165E-02 2.1704346E-02 1.8527720E-02 1.5099137E-02 1.1418912E-02 7.4888230E-03 3.3118648E-03 -1.1074590E-03 -5.7633040E-03 -1.0648405E-02 -1.5754009E-02 -2.1069847E-02 -2.6583951E-02 -3.2283004E-02 -3.8152155E-02 -4.4175353E-02 -5.0335307E-02 -5.6613013E-02 -6.2988818E-02 -6.9441505E-02 -7.5949416E-02 -8.2489893E-02 -8.9040510E-02 -9.5578156E-02 -0.1020821 -0.1085427 -0.1149648 -0.1212846 -0.1274322 -0.1334074 -0.1392089 -0.1448207 -0.1502244 -0.1554036 -0.1603419 -0.1650251 -0.1694399 -0.1735751
4.2231899E-02 4.3071255E-02 4.3862715E-02 4.4597216E-02 4.5264062E-02 4.5853086E-02 4.6352621E-02 4.6751879E-02 4.7037728E-02 4.7197953E-02 4.7202781E-02 4.7038920E-02 4.6735521E-02 4.6268396E-02 4.5613393E-02 4.4758141E-02 4.3690927E-02 4.2400990E-02 4.0877961E-02 3.9112065E-02 3.7094403E-02 3.4817543E-02 3.2275043E-02 2.9461434E-02 2.6372634E-02 2.3005763E-02 1.9359216E-02 1.5432981E-02 1.1228619E-02 6.7490153E-03 1.9988164E-03 -3.0157506E-03 -8.2872109E-03 -1.3805938E-02 -1.9560847E-02 -2.5539067E-02 -3.1726018E-02 -3.8105354E-02 -4.4659548E-02 -5.1369146E-02 -5.8213450E-02 -6.5170109E-02 -7.2216056E-02 -7.9326555E-02 -8.6476736E-02 -9.3640693E-02 -0.1007927 -0.1079038 -0.1149330 -0.1218239 -0.1285939 -0.1352678 -0.1417987 -0.1481441 -0.1542791 -0.1601843 -0.1658401 -0.1712295 -0.1763360 -0.1811459 -0.1856462
4.6275388E-02 4.7271624E-02 4.8221882E-02 4.9115323E-02 4.9941137E-02 5.0686792E-02 5.1340636E-02 5.1888820E-02 5.2319247E-02 5.2618299E-02 5.2789018E-02 5.2816905E-02 5.2644197E-02 5.2267924E-02 5.1686190E-02 5.0885998E-02 4.9854480E-02 4.8579112E-02 4.7047924E-02 4.5249764E-02 4.3174464E-02 4.0813386E-02 3.8158849E-02 3.5204381E-02 3.1945005E-02 2.8377131E-02 2.4498628E-02 2.0309094E-02 1.5809713E-02 1.1003239E-02 5.8945152E-03 4.8994552E-04 -5.2024960E-03 -1.1172611E-02 -1.7408364E-02 -2.3895770E-02 -3.0618943E-02 -3.7560102E-02 -4.4699609E-02 -5.2016277E-02 -5.9486762E-02 -6.7086734E-02 -7.4789979E-02 -8.2569197E-02 -9.0395965E-02 -9.8241955E-02 -0.1060779 -0.1138769 -0.1216244 -0.1293219 -0.1368956 -0.1442652 -0.1514271 -0.1583766 -0.1650932 -0.1715540 -0.1777385 -0.1836269 -0.1892021 -0.1944479 -0.1993512
5.0636861E-02 5.1811073E-02 5.2941304E-02 5.4016501E-02 5.5023670E-02 5.5950124E-02 5.6781311E-02 5.7503641E-02 5.8100663E-02 5.8556750E-02 5.8836836E-02 5.8923915E-02 5.8847722E-02 5.8579095E-02 5.8088977E-02 5.7361264E-02 5.6380734E-02 5.5133004E-02 5.3604450E-02 5.1782127E-02 4.9654596E-02 4.7211640E-02 4.4444215E-02 4.1344680E-02 3.7907299E-02 3.4127500E-02 3.0002441E-02 2.5531208E-02 2.0714592E-02 1.5555312E-02 1.0058063E-02 4.2294967E-03 -1.9218540E-03 -8.3851749E-03 -1.5147612E-02 -2.2193929E-02 -2.9506918E-02 -3.7066814E-02 -4.4852417E-02 -5.2839894E-02 -6.1003830E-02 -6.9316529E-02 -7.7749349E-02 -8.6271107E-02 -9.4850525E-02 -0.1034547 -0.1120510 -0.1206029 -0.1290608 -0.1373581 -0.1455096 -0.1535383 -0.1613888 -0.1690105 -0.1763729 -0.1834515 -0.1902223 -0.1966643 -0.2027578 -0.2084862 -0.2138341
5.5343017E-02 5.6718137E-02 5.8053121E-02 5.9334822E-02 6.0550019E-02 6.1683372E-02 6.2720120E-02 6.3643023E-02 6.4436503E-02 6.5082967E-02 6.5583408E-02 6.5919153E-02 6.6023462E-02 6.5890230E-02 6.5514691E-02 6.4879693E-02 6.3968301E-02 6.2764004E-02 6.1251156E-02 5.9415016E-02 5.7242274E-02 5.4721206E-02 5.1841129E-02 4.8593305E-02 4.4970695E-02 4.0967822E-02 3.6580965E-02 3.1808622E-02 2.6651148E-02 2.1110930E-02 1.5192735E-02 8.9033274E-03 2.2516237E-03 -4.7508981E-03 -1.2090232E-02 -1.9750301E-02 -2.7712051E-02 -3.5954185E-02 -4.4452984E-02 -5.3182583E-02 -6.2114321E-02 -7.1218029E-02 -8.0460817E-02 -8.9808501E-02 -9.9225141E-02 -0.1086747 -0.1181197 -0.1275255 -0.1368708 -0.1461519 -0.1552822 -0.1641681 -0.1728011 -0.1811719 -0.1892542 -0.1970194 -0.2044422 -0.2114983 -0.2181669 -0.2244288 -0.2302687
6.0417678E-02 6.2020220E-02 6.3586831E-02 6.5104187E-02 6.6556439E-02 6.7927919E-02 6.9200471E-02 7.0356742E-02 7.1376003E-02 7.2238229E-02 7.2901875E-02 7.3345102E-02 7.3597372E-02 7.3623322E-02 7.3387720E-02 7.2869606E-02 7.2048970E-02 7.0907019E-02 6.9425784E-02 6.7588389E-02 6.5379545E-02 6.2785611E-02 5.9794448E-02 5.6395702E-02 5.2581027E-02 4.8343848E-02 4.3679424E-02 3.8585555E-02 3.3062000E-02 2.7110858E-02 2.0736666E-02 1.3946369E-02 6.7492714E-03 -8.4245112E-04 -8.8140368E-03 -1.7147837E-02 -2.5823586E-02 -3.4817737E-02 -4.4104621E-02 -5.3655345E-02 -6.3438505E-02 -7.3419996E-02 -8.3563618E-02 -9.3830422E-02 -0.1041806 -0.1145725 -0.1249639 -0.1353087 -0.1455459 -0.1555958 -0.1654685 -0.1751838 -0.1846753 -0.1938823 -0.2027667 -0.2112976 -0.2194455 -0.2271846 -0.2344910 -0.2413448 -0.2477283
6.5890864E-02 6.7749634E-02 6.9579229E-02 7.1363918E-02 7.3087476E-02 7.4730970E-02 7.6275788E-02 7.7700257E-02 7.8984164E-02 8.0105029E-02 8.1060760E-02 8.1827298E-02 8.2326636E-02 8.2548492E-02 8.2483977E-02 8.2110755E-02 8.1406362E-02 8.0349095E-02 7.8918546E-02 7.7095345E-02 7.4861981E-02 7.2202742E-02 6.9103509E-02 6.5552413E-02 6.1539467E-02 5.7056837E-02 5.2098580E-02 4.6661790E-02 4.0745515E-02 3.4351345E-02 2.7483609E-02 2.0149257E-02 1.2357975E-02 4.1224528E-03 -4.5415252E-03 -1.3615261E-02 -2.3076475E-02 -3.2900043E-02 -4.3057512E-02 -5.3517383E-02 -6.4244471E-02 -7.5201273E-02 -8.6346909E-02 -9.7638182E-02 -0.1090295 -0.1204747 -0.1319253 -0.1433360 -0.1546765 -0.1659357 -0.1770101 -0.1877890 -0.1982571 -0.2083988 -0.2181800 -0.2275647 -0.2365212 -0.2450199 -0.2530355 -0.2605455 -0.2675317
7.1788959E-02 7.3937140E-02 7.6063827E-02 7.8152843E-02 8.0184966E-02 8.2140610E-02 8.3997115E-02 8.5732318E-02 8.7319866E-02 8.8734068E-02 8.9924946E-02 9.0864390E-02 9.1581278E-02 9.2031978E-02 9.2173368E-02 9.1978073E-02 9.1419779E-02 9.0473779E-02 8.9116685E-02 8.7326407E-02 8.5082859E-02 8.2367994E-02 7.9165637E-02 7.5461887E-02 7.1245126E-02 6.6506051E-02 6.1237603E-02 5.5435684E-02 4.9098596E-02 4.2227328E-02 3.4825798E-02 2.6900996E-02 1.8462727E-02 9.5243808E-03 1.0235235E-04 -9.7831013E-03 -2.0108558E-02 -3.0846288E-02 -4.1965771E-02 -5.3431768E-02 -6.5206178E-02 -7.7246644E-02 -8.9508086E-02 -0.1019414 -0.1144959 -0.1271180 -0.1397529 -0.1523413 -0.1648073 -0.1770536 -0.1890837 -0.2009120 -0.2124576 -0.2236464 -0.2344302 -0.2447698 -0.2546283 -0.2639740 -0.2727782 -0.2810174 -0.2886711
7.8144468E-02 8.0618322E-02 8.3081536E-02 8.5515238E-02 8.7899558E-02 9.0211071E-02 9.2426337E-02 9.4517887E-02 9.6459486E-02 9.8222286E-02 9.9799827E-02 0.1011610 0.1022135 0.1029417 0.1033309 0.1033518 0.1029746 0.1021711 0.1009145 9.9179626E-02 9.6943542E-02 9.4185598E-02 9.0887122E-02 8.7032206E-02 8.2607225E-02 7.7601351E-02 7.2006069E-02 6.5816082E-02 5.9028786E-02 5.1644292E-02 4.3666221E-02 3.5101175E-02 2.5959359E-02 1.6254280E-02 6.0033523E-03 -4.7722831E-03 -1.6047362E-02 -2.7792413E-02 -3.9973691E-02 -5.2553393E-02 -6.5488882E-02 -7.8733854E-02 -9.2237487E-02 -0.1059453 -0.1197991 -0.1337393 -0.1477030 -0.1616301 -0.1754774 -0.1892232 -0.2027421 -0.2159009 -0.2286745 -0.2410378 -0.2529464 -0.2643541 -0.2752214 -0.2855118 -0.2951951 -0.3042445 -0.3126394
8.4984839E-02 8.7825738E-02 9.0668455E-02 9.3493648E-02 9.6277781E-02 9.8996639E-02 0.1016217 0.1041248 0.1064720 0.1086302 0.1105385 0.1121605 0.1135238 0.1145744 0.1152584 0.1155401 0.1153848 0.1147603 0.1136361 0.1119835 0.1097762 0.1069906 0.1036057 9.9602908E-02 9.4966635E-02 8.9684211E-02 8.3745576E-02 7.7144086E-02 6.9875926E-02 6.1940424E-02 5.3340547E-02 4.4082783E-02 3.4176838E-02 2.3636851E-02 1.2480700E-02 7.3059933E-04 -1.1586864E-02 -2.4439860E-02 -3.7792582E-02 -5.1603235E-02 -6.5825835E-02 -8.0408581E-02 -9.5295623E-02 -0.1104251 -0.1257323 -0.1411481 -0.1566010 -0.1720136 -0.1872890 -0.2023069 -0.2170604 -0.2315555 -0.2456911 -0.2593751 -0.2725455 -0.2851518 -0.2971478 -0.3084944 -0.3191574 -0.3291091 -0.3383266
9.2344053E-02 9.5596939E-02 9.8868430E-02 0.1021359 0.1053751 0.1085573 0.1116526 0.1146262 0.1174441 0.1200686 0.1224876 0.1246603 0.1264768 0.1279132 0.1289479 0.1295416 0.1296556 0.1292528 0.1282983 0.1267594 0.1246065 0.1218126 0.1183537 0.1142087 0.1093597 0.1037920 9.7493865E-02 9.0457052E-02 8.2676701E-02 7.4150972E-02 6.4882033E-02 5.4875784E-02 4.4142012E-02 3.2694660E-02 2.0552170E-02 7.7373115E-03 -5.7216501E-03 -1.9791512E-02 -3.4433536E-02 -4.9603265E-02 -6.5249950E-02 -8.1317551E-02 -9.7743258E-02 -0.1144591 -0.1313908 -0.1484611 -0.1655879 -0.1826907 -0.1997079 -0.2166018 -0.2332173 -0.2493910 -0.2650825 -0.2802535 -0.2948444 -0.3087961 -0.3220583 -0.3345863 -0.3463439 -0.3573003 -0.3674323
0.1002486 0.1039644 0.1077182 0.1114864 0.1152409 0.1189515 0.1225823 0.1260970 0.1294523 0.1326051 0.1354802 0.1380300 0.1402804 0.1421631 0.1436104 0.1445755 0.1450131 0.1448811 0.1441396 0.1427516 0.1406833 0.1379044 0.1343874 0.1301085 0.1250473 0.1191869 0.1125136 0.1050179 9.6693285E-02 8.7536968E-02 7.7549905E-02 6.6737622E-02 5.5109151E-02 4.2678580E-02 2.9464323E-02 1.5489944E-02 7.8422017E-04 -1.4617736E-02 -3.0675437E-02 -4.7341082E-02 -6.4560696E-02 -8.2272336E-02 -0.1004080 -0.1188909 -0.1376388 -0.1565623 -0.1755677 -0.1945524 -0.2133912 -0.2319306 -0.2501475 -0.2680342 -0.2854611 -0.3023103 -0.3185012 -0.3339676 -0.3486510 -0.3625035 -0.3754839 -0.3875611 -0.3987097
0.1087302 0.1129641 0.1172607 0.1215932 0.1259321 0.1302415 0.1344840 0.1386150 0.1425904 0.1463610 0.1499069 0.1531746 0.1560308 0.1584411 0.1603739 0.1617774 0.1626009 0.1627959 0.1623174 0.1611232 0.1591751 0.1564389 0.1528833 0.1484818 0.1432114 0.1370526 0.1299901 0.1220124 0.1131116 0.1032836 9.2528507E-02 8.0850884E-02 6.8259269E-02 5.4767169E-02 4.0393207E-02 2.5160704E-02 9.0993010E-03 -7.7554025E-03 -2.5360800E-02 -4.3667365E-02 -6.2617145E-02 -8.2144566E-02 -0.1021743 -0.1226228 -0.1433969 -0.1643969 -0.1855144 -0.2066413 -0.2276891 -0.2485959 -0.2691638 -0.2891867 -0.3086010 -0.3273481 -0.3453467 -0.3625197 -0.3788024 -0.3941400 -0.4084898 -0.4218169 -0.4340973
0.1178096 0.1226233 0.1275281 0.1324965 0.1374941 0.1424832 0.1474189 0.1522542 0.1569338 0.1614014 0.1655631 0.1693568 0.1728047 0.1758202 0.1783179 0.1802360 0.1815157 0.1821019 0.1819433 0.1809921 0.1792053 0.1765441 0.1729740 0.1684647 0.1629906 0.1565299 0.1490653 0.1405835 0.1310751 0.1205348 0.1089616 9.6359082E-02 8.2735278E-02 6.8103217E-02 5.2480679E-02 3.5891123E-02 1.8363632E-02 -6.5588392E-05 -1.9353839E-02 -3.9449755E-02 -6.0293660E-02 -8.1815660E-02 -0.1039362 -0.1265628 -0.1495933 -0.1729134 -0.1963997 -0.2199154 -0.2432944 -0.2663360 -0.2889899 -0.3112241 -0.3328675 -0.3537651 -0.3738084 -0.3929095 -0.4109933 -0.4280005 -0.4438832 -0.4586070 -0.4721466
0.1275098 0.1329692 0.1385552 0.1442363 0.1499764 0.1557314 0.1614534 0.1670857 0.1725707 0.1778445 0.1828769 0.1875975 0.1918425 0.1955642 0.1987175 0.2012345 0.2030490 0.2040981 0.2043234 0.2036712 0.2020927 0.1995445 0.1959879 0.1913895 0.1857204 0.1789569 0.1710793 0.1620730 0.1519270 0.1406350 0.1281948 0.1146094 9.9886067E-02 8.4037080E-02 6.7079812E-02 4.9036857E-02 2.9936573E-02 9.8139746E-03 -1.1288514E-02 -3.3320393E-02 -5.6221128E-02 -7.9919837E-02 -0.1043322 -0.1293605 -0.1548917 -0.1807992 -0.2069416 -0.2331719 -0.2593617 -0.2854110 -0.3110590 -0.3360355 -0.3602399 -0.3835802 -0.4059434 -0.4272253 -0.4473425 -0.4662271 -0.4838297 -0.5001132 -0.5150558
0.1378371 0.1440149 0.1503595 0.1568385 0.1634098 0.1700267 0.1766322 0.1831659 0.1895566 0.1957309 0.2015712 0.2069959 0.2120236 0.2165445 0.2204494 0.2236577 0.2260932 0.2276843 0.2283647 0.2280734 0.2267560 0.2243637 0.2208536 0.2161884 0.2103367 0.2032722 0.1949737 0.1854247 0.1746135 0.1625325 0.1491794 0.1345564 0.1186703 0.1015334 8.3162032E-02 6.3577853E-02 4.2807661E-02 2.0884769E-02 -2.1517510E-03 -2.6253542E-02 -5.1363371E-02 -7.7411115E-02 -0.1043130 -0.1319667 -0.1602522 -0.1890278 -0.2181337 -0.2473857 -0.2765580 -0.3053798 -0.3337540 -0.3616057 -0.3886985 -0.4148200 -0.4398187 -0.4635744 -0.4859891 -0.5069895 -0.5265208 -0.5445491 -0.5610526
0.1487941 0.1557663 0.1629541 0.1703197 0.1778192 0.1853972 0.1929927 0.2005330 0.2079436 0.2151421 0.2220851 0.2286821 0.2347298 0.2401642 0.2449244 0.2489216 0.2520700 0.2542882 0.2555007 0.2556388 0.2546409 0.2524527 0.2490263 0.2443212 0.2383028 0.2309428 0.2222181 0.2121115 0.2006106 0.1877076 0.1734003 0.1576910 0.1405873 0.1221013 0.1022495 8.1052423E-02 5.8535300E-02 3.4727249E-02 9.6634496E-03 -1.6614983E-02 -4.4057377E-02 -7.2601207E-02 -0.1021671 -0.1326556 -0.1639414 -0.1958735 -0.2282716 -0.2609370 -0.2936814 -0.3263423 -0.3585605 -0.3899641 -0.4203879 -0.4496836 -0.4776861 -0.5042511 -0.5292679 -0.5526530 -0.5743515 -0.5943291 -0.6125715
0.1603561 0.1682047 0.1763223 0.1846700 0.1931957 0.2018400 0.2105299 0.2191878 0.2277217 0.2360380 0.2439891 0.2514718 0.2585035 0.2649458 0.2706613 0.2755465 0.2795023 0.2824362 0.2842622 0.2849024 0.2842873 0.2823559 0.2790552 0.2743407 0.2681752 0.2605285 0.2513764 0.2407011 0.2284906 0.2147381 0.1994421 0.1826073 0.1642429 0.1443632 0.1229854 0.1001307 7.5821817E-02 5.0084434E-02 2.2944994E-02 -5.5650249E-03 -3.5409767E-02 -6.6541187E-02 -9.8895468E-02 -0.1323833 -0.1668850 -0.2022426 -0.2382583 -0.2746873 -0.3112164 -0.3474640 -0.3832492 -0.4184159 -0.4526174 -0.4855454 -0.5169768 -0.5467411 -0.5747073 -0.6007856 -0.6249174 -0.6470755 -0.6672516
0.1724851 0.1812926 0.1904314 0.1998553 0.2095083 0.2193187 0.2292074 0.2390797 0.2488401 0.2583839 0.2676570 0.2765480 0.2848086 0.2923595 0.2991236 0.3049882 0.3098423 0.3135797 0.3161019 0.3173196 0.3171535 0.3155352 0.3124057 0.3077165 0.3014274 0.2935065 0.2839296 0.2726794 0.2597453 0.2451227 0.2288138 0.2108273 0.1911770 0.1698818 0.1469637 0.1224462 9.6352264E-02 6.8702556E-02 3.9514482E-02 8.8021159E-03 -2.3419876E-02 -5.7132360E-02 -9.2300080E-02 -0.1288620 -0.1667178 -0.2057174 -0.2456516 -0.2862596 -0.3272657 -0.3684018 -0.4091433 -0.4489453 -0.4875204 -0.5246149 -0.5599737 -0.5933864 -0.6247030 -0.6538224 -0.6806896 -0.7052826 -0.7276085
0.1850961 0.1949479 0.2051964 0.2157913 0.2266641 0.2377346 0.2489052 0.2600732 0.2711211 0.2819331 0.2923315 0.3021978 0.3115641 0.3202677 0.3281417 0.3350572 0.3408864 0.3455068 0.3488037 0.3506731 0.3510237 0.3497769 0.3468671 0.3422406 0.3358547 0.3276763 0.3176817 0.3058556 0.2921904 0.2766866 0.2593528 0.2402052 0.2192670 0.1965670 0.1721370 0.1460087 0.1182090 8.8757232E-02 5.7659529E-02 2.4909109E-02 -9.5138792E-03 -4.5633875E-02 -8.3469182E-02 -0.1230112 -0.1642083 -0.2069389 -0.2509994 -0.2960837 -0.3417555 -0.3874524 -0.4328346 -0.4775817 -0.5211414 -0.5630286 -0.6028923 -0.6404765 -0.6756009 -0.7081586 -0.7380964 -0.7654084 -0.7901182
0.1980727 0.2090500 0.2204951 0.2323448 0.2445194 0.2569172 0.2694255 0.2819158 0.2942647 0.3063483 0.3181179 0.3294615 0.3400961 0.3499495 0.3589410 0.3669346 0.3737855 0.3793488 0.3834875 0.3860774 0.3870097 0.3861932 0.3835529 0.3790292 0.3725762 0.3641606 0.3537601 0.3413628 0.3269673 0.3105821 0.2922260 0.2719293 0.2497305 0.2256771 0.1998199 0.1722084 0.1428837 0.1118700 7.9166569E-02 4.4741113E-02 8.5293315E-03 -2.9560737E-02 -6.9630429E-02 -0.1117682 -0.1560129 -0.2023208 -0.2505269 -0.3003372 -0.3513641 -0.4031605 -0.4549032 -0.5057182 -0.5550657 -0.6024769 -0.6475242 -0.6898822 -0.7293410 -0.7657823 -0.7991668 -0.8295068 -0.8568569
0.2112217 0.2234029 0.2361196 0.2492957 0.2628251 0.2765817 0.2904159 0.3041769 0.3177100 0.3308848 0.3435177 0.3555224 0.3670159 0.3778516 0.3878549 0.3968740 0.4047376 0.4112679 0.4162939 0.4196600 0.4212331 0.4209028 0.4185814 0.4142013 0.4077136 0.3990840 0.3882936 0.3753363 0.3602198 0.3429644 0.3236059 0.3021959 0.2787990 0.2534930 0.2263626 0.1974923 0.1669539 0.1347933 0.1010136 6.5562174E-02 2.8319983E-02 -1.0894240E-02 -5.2310575E-02 -9.6170373E-02 -0.1426813 -0.1919495 -0.2439214 -0.2983187 -0.3545739 -0.4118352 -0.4694433 -0.5267155 -0.5826709 -0.6364602 -0.6874771 -0.7353082 -0.7796971 -0.8205253 -0.8577678 -0.8914752 -0.9217367
0.2242853 0.2377373 0.2517894 0.2663352 0.2812358 0.2963116 0.3113653 0.3261854 0.3405951 0.3544645 0.3678237 0.3806693 0.3927858 0.4042149 0.4149338 0.4247858 0.4335603 0.4410229 0.4469460 0.4511243 0.4533857 0.4535919 0.4516363 0.4474409 0.4409512 0.4321340 0.4209739 0.4074737 0.3916535 0.3735518 0.3532293 0.3307681 0.3062735 0.2798713 0.2517025 0.2219120 0.1906323 0.1579602 0.1239309 8.8488176E-02 5.1464606E-02 1.2568245E-02 -2.8602269E-02 -7.2525114E-02 -0.1196821 -0.1704683 -0.2250748 -0.2833987 -0.3450276 -0.4092587 -0.4747010 -0.5397887 -0.6033909 -0.6645421 -0.7224433 -0.7765446 -0.8265413 -0.8723093 -0.9138625 -0.9512954 -0.9847572
0.2368784 0.2516587 0.2670854 0.2830144 0.2992390 0.3155023 0.3314987 0.3469250 0.3615169 0.3751408 0.3877251 0.3994567 0.4108469 0.4219795 0.4327696 0.4430320 0.4524693 0.4607420 0.4675210 0.4725182 0.4754994 0.4762832 0.4747361 0.4707639 0.4643058 0.4553283 0.4438221 0.4298011 0.4133029 0.3943909 0.3731593 0.3497355 0.3242821 0.2969979 0.2681102 0.2378640 0.2064966 0.1742082 0.1411160 0.1072097 7.2303049E-02 3.6004793E-02 -2.2953376E-03 -4.3390833E-02 -8.8189080E-02 -0.1375723 -0.1922236 -0.2524009 -0.3177014 -0.3869583 -0.4589058 -0.5319976 -0.6042168 -0.6738373 -0.7396582 -0.8009371 -0.8572896 -0.9086064 -0.9549488 -0.9964874 -1.033443
0.2484992 0.2646459 0.2814661 0.2987435 0.3161744 0.3333488 0.3497799 0.3649385 0.3783963 0.3899765 0.4000509 0.4092736 0.4181142 0.4272365 0.4368683 0.4467490 0.4563871 0.4652273 0.4727544 0.4785408 0.4822526 0.4836445 0.4825417 0.4788286 0.4724341 0.4633247 0.4514977 0.4369822 0.4198381 0.4001615 0.3780913 0.3538152 0.3275767 0.2996765 0.2704702 0.2403539 0.2097373 0.1789999 0.1484321 0.1181595 8.8068515E-02 5.7731289E-02 2.6363181E-02 -7.1909279E-03 -4.4395402E-02 -8.6894959E-02 -0.1362639 -0.1936818 -0.2596064 -0.3334905 -0.4130473 -0.4951279 -0.5769789 -0.6562374 -0.7311283 -0.8005792 -0.8641068 -0.9216140 -0.9732482 -1.019275 -1.060022
0.2584338 0.2759728 0.2941731 0.3127227 0.3311468 0.3487943 0.3648069 0.3782064 0.3880607 0.3939369 0.3962564 0.3967869 0.3981820 0.4018830 0.4081092 0.4162601 0.4253458 0.4343623 0.4424551 0.4489607 0.4533933 0.4554100 0.4547804 0.4513572 0.4450559 0.4358416 0.4237206 0.4087391 0.3909855 0.3705964 0.3477675 0.3227658 0.2959387 0.2677270 0.2386618 0.2093586 0.1804841 0.1527096 0.1266285 0.1026636 8.0943532E-02 6.1193809E-02 4.2619046E-02 2.3834920E-02 2.8246085E-03 -2.2995332E-02 -5.6592144E-02 -0.1008592 -0.1578079 -0.2276034 -0.3087727 -0.3977900 -0.4895380 -0.5794938 -0.6646357 -0.7433183 -0.8148704 -0.8792309 -0.9366537 -0.9875487 -1.032368
0.2657740 0.2847094 0.3042587 0.3239548 0.3430848 0.3605746 0.3749251 0.3841507 0.3860545 0.3790724 0.3642995 0.3464192 0.3313001 0.3230244 0.3219504 0.3262503 0.3336878 0.3423380 0.3507427 0.3578640 0.3629870 0.3656349 0.3654993 0.3623919 0.3562100 0.3469165 0.3345268 0.3191084 0.3007828 0.2797353 0.2562313 0.2306337 0.2034232 0.1752162 0.1467768 0.1190129 9.2954844E-02 6.9698691E-02 5.0324898E-02 3.5774477E-02 2.6712382E-02 2.3361435E-02 2.5351625E-02 3.1546783E-02 3.9892271E-02 4.7224108E-02 4.9140073E-02 3.9972365E-02 1.3236003E-02 -3.6640372E-02 -0.1100746 -0.2012932 -0.3016082 -0.4027853 -0.4992603 -0.5882093 -0.6686310 -0.7404782 -0.8041667 -0.8602748 -0.9094271
