T5-twomodels-2/gz/model60.grd
DSAA
         100         100
  -15.00000       15.00000    
  -15.00000       15.00000    
  -1.467331       5.175422    
[rows 0 to 25 of 100, columns 0 to 59 of 100]
-9.4559111E-02 -9.7034030E-02 -9.9576831E-02 -0.1021876 -0.1048662 -0.1076124 -0.1104257 -0.1133054 -0.1162513 -0.1192628 -0.1223444 -0.1254954 -0.1287016 -0.1319658 -0.1352904 -0.1386748 -0.1421176 -0.1456182 -0.1491753 -0.1527878 -0.1564543 -0.1601737 -0.1639443 -0.1677645 -0.1716324 -0.1755461 -0.1795032 -0.1835013 -0.1875370 -0.1916074 -0.1957083 -0.1998356 -0.2039844 -0.2081498 -0.2123252 -0.2165047 -0.2206805 -0.2248453 -0.2289904 -0.2331075 -0.2371863 -0.2412175 -0.2451898 -0.2490934 -0.2529160 -0.2566476 -0.2602760 -0.2637927 -0.2671974 -0.2704975 -0.2736237 -0.2765606 -0.2793311 -0.2819203 -0.2843210 -0.2865222 -0.2885172 -0.2902968 -0.2918552 -0.2931847
-9.6882090E-02 -9.9493377E-02 -0.1021781 -0.1049364 -0.1077682 -0.1106730 -0.1136503 -0.1166998 -0.1198206 -0.1230117 -0.1262669 -0.1295849 -0.1329790 -0.1364442 -0.1399758 -0.1435721 -0.1472325 -0.1509556 -0.1547408 -0.1585865 -0.1624922 -0.1664561 -0.1704771 -0.1745533 -0.1786836 -0.1828655 -0.1870974 -0.1913763 -0.1956995 -0.2000635 -0.2044648 -0.2088984 -0.2133601 -0.2178438 -0.2223437 -0.2268522 -0.2313622 -0.2358648 -0.2403514 -0.2448119 -0.2492363 -0.2536128 -0.2579307 -0.2621769 -0.2663401 -0.2704067 -0.2743649 -0.2781982 -0.2818817 -0.2853824 -0.2887490 -0.2919736 -0.2950092 -0.2978504 -0.3004841 -0.3029031 -0.3050960 -0.3070557 -0.3087730 -0.3102421
-9.9295184E-02 -0.1020520 -0.1048884 -0.1078043 -0.1107999 -0.1138745 -0.1170278 -0.1202591 -0.1235680 -0.1269538 -0.1304213 -0.1339698 -0.1375837 -0.1412660 -0.1450195 -0.1488436 -0.1527370 -0.1566991 -0.1607287 -0.1648252 -0.1689871 -0.1732135 -0.1775030 -0.1818545 -0.1862665 -0.1907373 -0.1952646 -0.1998465 -0.2044796 -0.2091611 -0.2138869 -0.2186528 -0.2234536 -0.2282837 -0.2331361 -0.2380039 -0.2428784 -0.2477510 -0.2526112 -0.2574493 -0.2622528 -0.2670104 -0.2717083 -0.2763340 -0.2808727 -0.2853116 -0.2896352 -0.2938325 -0.2979011 -0.3018472 -0.3055934 -0.3091209 -0.3124529 -0.3155714 -0.3184673 -0.3211271 -0.3235422 -0.3257015 -0.3275976 -0.3292215
-0.1018028 -0.1047151 -0.1077136 -0.1107984 -0.1139694 -0.1172263 -0.1205683 -0.1239949 -0.1275051 -0.1310978 -0.1347660 -0.1385083 -0.1423393 -0.1462533 -0.1502452 -0.1543136 -0.1584574 -0.1626757 -0.1669680 -0.1713331 -0.1757702 -0.1802782 -0.1848564 -0.1895035 -0.1942186 -0.1989997 -0.2038455 -0.2087534 -0.2137213 -0.2187454 -0.2238227 -0.2289482 -0.2341173 -0.2393234 -0.2445602 -0.2498194 -0.2550927 -0.2603696 -0.2656403 -0.2708924 -0.2761140 -0.2812907 -0.2864093 -0.2914536 -0.2964093 -0.3012594 -0.3059888 -0.3105772 -0.3149951 -0.3192039 -0.3232552 -0.3271382 -0.3307993 -0.3342307 -0.3374165 -0.3403470 -0.3430088 -0.3453924 -0.3474871 -0.3492856
-0.1044089 -0.1074875 -0.1106596 -0.1139254 -0.1172846 -0.1207369 -0.1242817 -0.1279181 -0.1316453 -0.1354628 -0.1393757 -0.1433830 -0.1474674 -0.1516322 -0.1558804 -0.1602114 -0.1646241 -0.1691179 -0.1736919 -0.1783455 -0.1830779 -0.1878884 -0.1927763 -0.1977411 -0.2027815 -0.2078967 -0.2130849 -0.2183446 -0.2236731 -0.2290679 -0.2345249 -0.2400403 -0.2456087 -0.2512242 -0.2568791 -0.2625658 -0.2682744 -0.2739950 -0.2797152 -0.2854233 -0.2911044 -0.2967446 -0.3023270 -0.3078358 -0.3132524 -0.3185607 -0.3237410 -0.3287788 -0.3336691 -0.3384162 -0.3429316 -0.3471925 -0.3512225 -0.3549998 -0.3585123 -0.3617434 -0.3646825 -0.3673158 -0.3696342 -0.3716270
-0.1071189 -0.1103755 -0.1137338 -0.1171937 -0.1207552 -0.1244177 -0.1281803 -0.1320426 -0.1360029 -0.1400601 -0.1442062 -0.1484394 -0.1527755 -0.1572083 -0.1617322 -0.1663456 -0.1710474 -0.1758369 -0.1807137 -0.1856770 -0.1907266 -0.1958618 -0.2010826 -0.2063883 -0.2117787 -0.2172527 -0.2228098 -0.2284480 -0.2341659 -0.2399604 -0.2458287 -0.2517661 -0.2577681 -0.2638280 -0.2699389 -0.2760915 -0.2822767 -0.2884825 -0.2946971 -0.3009060 -0.3070947 -0.3132457 -0.3193423 -0.3253647 -0.3312945 -0.3371105 -0.3427930 -0.3483170 -0.3536465 -0.3587364 -0.3636403 -0.3683436 -0.3727848 -0.3769529 -0.3808281 -0.3843980 -0.3876458 -0.3905603 -0.3931280 -0.3953401
-0.1099370 -0.1133844 -0.1169423 -0.1206108 -0.1243898 -0.1282784 -0.1322760 -0.1363814 -0.1405937 -0.1449118 -0.1493413 -0.1538807 -0.1585104 -0.1632339 -0.1680547 -0.1729720 -0.1779846 -0.1830923 -0.1882944 -0.1935905 -0.1989805 -0.2044645 -0.2100423 -0.2157144 -0.2214803 -0.2273404 -0.2332940 -0.2393402 -0.2454774 -0.2517039 -0.2580162 -0.2644109 -0.2708829 -0.2774262 -0.2840329 -0.2906947 -0.2974003 -0.3041385 -0.3108952 -0.3176562 -0.3244036 -0.3311202 -0.3377851 -0.3443787 -0.3508775 -0.3572606 -0.3635029 -0.3695849 -0.3754979 -0.3812433 -0.3867192 -0.3918971 -0.3968005 -0.4014025 -0.4056872 -0.4096344 -0.4132304 -0.4164583 -0.4193072 -0.4217641
-0.1128690 -0.1165212 -0.1202937 -0.1241866 -0.1281997 -0.1323322 -0.1365831 -0.1409512 -0.1454349 -0.1500321 -0.1547337 -0.1595373 -0.1644602 -0.1694953 -0.1746361 -0.1798806 -0.1852281 -0.1906778 -0.1962297 -0.2018833 -0.2076391 -0.2134973 -0.2194586 -0.2255237 -0.2316934 -0.2379680 -0.2443481 -0.2508330 -0.2574223 -0.2641141 -0.2709067 -0.2777960 -0.2847778 -0.2918457 -0.2989927 -0.3062089 -0.3134842 -0.3208051 -0.3281580 -0.3355256 -0.3428905 -0.3502314 -0.3575276 -0.3647541 -0.3718877 -0.3789009 -0.3857683 -0.3924579 -0.3989263 -0.4051183 -0.4110904 -0.4168229 -0.4222434 -0.4273368 -0.4320781 -0.4364514 -0.4404359 -0.4440178 -0.4471807 -0.4499139
-0.1159198 -0.1197918 -0.1237951 -0.1279297 -0.1321953 -0.1365910 -0.1411157 -0.1457676 -0.1505453 -0.1554471 -0.1604788 -0.1656381 -0.1709029 -0.1762764 -0.1817624 -0.1873601 -0.1930680 -0.1988861 -0.2048138 -0.2108517 -0.2169999 -0.2232600 -0.2296326 -0.2361198 -0.2427223 -0.2494422 -0.2562802 -0.2632371 -0.2703126 -0.2775067 -0.2848170 -0.2922414 -0.2997750 -0.3074128 -0.3151467 -0.3229680 -0.3308648 -0.3388247 -0.3468312 -0.3548676 -0.3629127 -0.3709453 -0.3789400 -0.3868715 -0.3947103 -0.4024290 -0.4099952 -0.4173827 -0.4245771 -0.4315754 -0.4382588 -0.4445911 -0.4505948 -0.4562361 -0.4614942 -0.4663438 -0.4707673 -0.4747448 -0.4782625 -0.4813050
-0.1190962 -0.1232046 -0.1274565 -0.1318517 -0.1363900 -0.1410702 -0.1458908 -0.1508501 -0.1559455 -0.1611741 -0.1665251 -0.1719949 -0.1776028 -0.1833400 -0.1891990 -0.1951773 -0.2012740 -0.2074883 -0.2138207 -0.2202711 -0.2268412 -0.2335321 -0.2403463 -0.2472855 -0.2543528 -0.2615498 -0.2688797 -0.2763430 -0.2839419 -0.2916761 -0.2995453 -0.3075468 -0.3156779 -0.3239328 -0.3323048 -0.3407841 -0.3493602 -0.3580181 -0.3667426 -0.3755133 -0.3843099 -0.3931063 -0.4018771 -0.4105909 -0.4192177 -0.4277224 -0.4360711 -0.4442228 -0.4521227 -0.4597038 -0.4670243 -0.4740570 -0.4807158 -0.4869792 -0.4928157 -0.4982044 -0.5031197 -0.5075445 -0.5114591 -0.5148513
-0.1224037 -0.1267664 -0.1312861 -0.1359628 -0.1407958 -0.1457839 -0.1509252 -0.1562174 -0.1616579 -0.1672441 -0.1729817 -0.1788675 -0.1848753 -0.1910083 -0.1972702 -0.2036598 -0.2101753 -0.2168168 -0.2235840 -0.2304782 -0.2375006 -0.2446541 -0.2519411 -0.2593652 -0.2669297 -0.2746387 -0.2824952 -0.2905026 -0.2986628 -0.3069780 -0.3154480 -0.3240725 -0.3328481 -0.3417712 -0.3508346 -0.3600299 -0.3693450 -0.3787664 -0.3882762 -0.3978551 -0.4074783 -0.4171204 -0.4267500 -0.4363355 -0.4458391 -0.4552248 -0.4644504 -0.4734800 -0.4822912 -0.4908739 -0.4990871 -0.5068836 -0.5142835 -0.5212438 -0.5277367 -0.5337302 -0.5392022 -0.5441284 -0.5484923 -0.5522761
-0.1258503 -0.1304869 -0.1352955 -0.1402763 -0.1454282 -0.1507498 -0.1562387 -0.1618923 -0.1677067 -0.1736777 -0.1797916 -0.1860437 -0.1924547 -0.1990138 -0.2057116 -0.2125451 -0.2195129 -0.2266141 -0.2338496 -0.2412200 -0.2487283 -0.2563771 -0.2641708 -0.2721135 -0.2802108 -0.2884671 -0.2968879 -0.3054772 -0.3142396 -0.3231776 -0.3322937 -0.3415875 -0.3510584 -0.3607022 -0.3705140 -0.3804846 -0.3906039 -0.4008562 -0.4112254 -0.4216889 -0.4322228 -0.4427967 -0.4533792 -0.4639316 -0.4744150 -0.4847839 -0.4949935 -0.5049895 -0.5147021 -0.5240466 -0.5330822 -0.5417708 -0.5500068 -0.5577605 -0.5649911 -0.5716709 -0.5777683 -0.5832623 -0.5881299 -0.5923569
-0.1294423 -0.1343740 -0.1394946 -0.1448039 -0.1503012 -0.1559843 -0.1618506 -0.1678964 -0.1741176 -0.1805102 -0.1870792 -0.1938198 -0.2007003 -0.2077238 -0.2148933 -0.2222068 -0.2296621 -0.2372590 -0.2449975 -0.2528798 -0.2609087 -0.2690884 -0.2774239 -0.2859217 -0.2945876 -0.3034291 -0.3124523 -0.3216641 -0.3310698 -0.3406751 -0.3504826 -0.3604951 -0.3707121 -0.3811323 -0.3917501 -0.4025592 -0.4135482 -0.4247040 -0.4360081 -0.4474396 -0.4589708 -0.4705722 -0.4822063 -0.4938336 -0.5054066 -0.5168778 -0.5281914 -0.5392979 -0.5501623 -0.5607638 -0.5709302 -0.5805987 -0.5897845 -0.5984311 -0.6065012 -0.6139538 -0.6207608 -0.6268927 -0.6323307 -0.6370546
-0.1331906 -0.1384400 -0.1438973 -0.1495621 -0.1554333 -0.1615085 -0.1677843 -0.1742563 -0.1809187 -0.1877654 -0.1947789 -0.2019519 -0.2093071 -0.2168306 -0.2245106 -0.2323423 -0.2403239 -0.2484540 -0.2567340 -0.2651651 -0.2737520 -0.2824994 -0.2914145 -0.3005041 -0.3097773 -0.3192421 -0.3289083 -0.3387832 -0.3488758 -0.3591923 -0.3697391 -0.3805192 -0.3915354 -0.4027864 -0.4142703 -0.4259799 -0.4379072 -0.4500380 -0.4623563 -0.4748392 -0.4874610 -0.5001873 -0.5129818 -0.5257972 -0.5385843 -0.5512844 -0.5638372 -0.5761701 -0.5881914 -0.5997906 -0.6110252 -0.6218392 -0.6321011 -0.6417677 -0.6507852 -0.6591167 -0.6667233 -0.6735788 -0.6796574 -0.6849433
-0.1371033 -0.1426952 -0.1485157 -0.1545648 -0.1608411 -0.1673413 -0.1740614 -0.1809958 -0.1881383 -0.1954821 -0.2030316 -0.2107792 -0.2186862 -0.2267543 -0.2349860 -0.2433776 -0.2519260 -0.2606304 -0.2694910 -0.2785111 -0.2876949 -0.2970494 -0.3065821 -0.3163031 -0.3262222 -0.3363509 -0.3467000 -0.3572809 -0.3681031 -0.3791768 -0.3905092 -0.4021071 -0.4139735 -0.4261113 -0.4385180 -0.4511907 -0.4641211 -0.4772989 -0.4907073 -0.5043267 -0.5181294 -0.5320837 -0.5461476 -0.5602745 -0.5744055 -0.5884789 -0.6024206 -0.6161612 -0.6296464 -0.6428372 -0.6555174 -0.6675994 -0.6790887 -0.6899088 -0.7000080 -0.7093329 -0.7178484 -0.7255188 -0.7323229 -0.7382396
-0.1411943 -0.1471546 -0.1533670 -0.1598313 -0.1665455 -0.1735061 -0.1807075 -0.1881434 -0.1958050 -0.2036831 -0.2117550 -0.2200103 -0.2284734 -0.2371266 -0.2459538 -0.2549486 -0.2641073 -0.2734281 -0.2829122 -0.2925622 -0.3023843 -0.3123857 -0.3225769 -0.3329687 -0.3435747 -0.3544074 -0.3654815 -0.3768097 -0.3884056 -0.4002806 -0.4124457 -0.4249083 -0.4376758 -0.4507508 -0.4641358 -0.4778275 -0.4918228 -0.5061111 -0.5206814 -0.5355140 -0.5505861 -0.5658643 -0.5813099 -0.5968700 -0.6124854 -0.6280811 -0.6435768 -0.6588734 -0.6738456 -0.6883452 -0.7024203 -0.7159870 -0.7288737 -0.7410164 -0.7523418 -0.7628003 -0.7723426 -0.7809381 -0.7885581 -0.7951879
-0.1454769 -0.1518332 -0.1584674 -0.1653793 -0.1725665 -0.1800241 -0.1877458 -0.1957229 -0.2039464 -0.2124059 -0.2211046 -0.2300314 -0.2391380 -0.2484245 -0.2578922 -0.2675354 -0.2773489 -0.2873310 -0.2974817 -0.3078052 -0.3183073 -0.3289979 -0.3398881 -0.3509924 -0.3623251 -0.3739034 -0.3857430 -0.3978611 -0.4102727 -0.4229930 -0.4360340 -0.4494071 -0.4631201 -0.4771797 -0.4915884 -0.5063484 -0.5214565 -0.5369094 -0.5526970 -0.5688077 -0.5852203 -0.6019095 -0.6188354 -0.6359496 -0.6531851 -0.6704646 -0.6876910 -0.7047658 -0.7216040 -0.7381351 -0.7540760 -0.7692977 -0.7837858 -0.7974320 -0.8101626 -0.8219063 -0.8326184 -0.8422573 -0.8508012 -0.8582304
-0.1499723 -0.1567531 -0.1638405 -0.1712337 -0.1789294 -0.1869217 -0.1952025 -0.2037615 -0.2125864 -0.2216635 -0.2309641 -0.2404734 -0.2502197 -0.2601795 -0.2703323 -0.2806683 -0.2911820 -0.3018696 -0.3127323 -0.3237725 -0.3349985 -0.3464201 -0.3580520 -0.3699091 -0.3820105 -0.3943740 -0.4070208 -0.4199687 -0.4332374 -0.4468428 -0.4608010 -0.4751233 -0.4898212 -0.5049009 -0.5203695 -0.5362288 -0.5524824 -0.5691285 -0.5861669 -0.6035903 -0.6213903 -0.6395466 -0.6580316 -0.6767970 -0.6957814 -0.7148963 -0.7340370 -0.7530669 -0.7718093 -0.7900543 -0.8078257 -0.8249897 -0.8413107 -0.8566887 -0.8710191 -0.8842337 -0.8962702 -0.9070942 -0.9166766 -0.9250082
-0.1547035 -0.1619383 -0.1695105 -0.1774189 -0.1856588 -0.1942225 -0.2030996 -0.2122771 -0.2217414 -0.2314783 -0.2414903 -0.2517633 -0.2622380 -0.2729141 -0.2837919 -0.2948631 -0.3061195 -0.3175573 -0.3291751 -0.3409768 -0.3529693 -0.3651654 -0.3775798 -0.3902318 -0.4031411 -0.4163308 -0.4298230 -0.4436405 -0.4578032 -0.4723314 -0.4872403 -0.5025448 -0.5182543 -0.5343784 -0.5509220 -0.5678916 -0.5852909 -0.6031273 -0.6214054 -0.6401338 -0.6593144 -0.6789475 -0.6990172 -0.7194936 -0.7403175 -0.7614061 -0.7826377 -0.8038743 -0.8249801 -0.8458281 -0.8660253 -0.8853688 -0.9038009 -0.9211578 -0.9373290 -0.9522168 -0.9657642 -0.9779254 -0.9886825 -0.9980233
-0.1597087 -0.1674267 -0.1755152 -0.1839714 -0.1927889 -0.2019569 -0.2114615 -0.2212871 -0.2314155 -0.2418293 -0.2524931 -0.2633907 -0.2745602 -0.2859742 -0.2976075 -0.3094475 -0.3214848 -0.3337122 -0.3461277 -0.3587324 -0.3715349 -0.3845466 -0.3977856 -0.4112716 -0.4250294 -0.4390827 -0.4534586 -0.4681803 -0.4832721 -0.4987531 -0.5146412 -0.5309480 -0.5476844 -0.5648550 -0.5824661 -0.6005205 -0.6190268 -0.6379942 -0.6574417 -0.6773894 -0.6978663 -0.7188944 -0.7404926 -0.7626526 -0.7853432 -0.8084831 -0.8319520 -0.8555646 -0.8790632 -0.9021312 -0.9247346 -0.9466417 -0.9675029 -0.9871501 -1.005426 -1.022234 -1.037494 -1.051173 -1.063248 -1.073724
-0.1650339 -0.1732634 -0.1818976 -0.1909317 -0.2003551 -0.2101524 -0.2203047 -0.2307907 -0.2415905 -0.2526869 -0.2640879 -0.2757837 -0.2877075 -0.2998665 -0.3122652 -0.3248932 -0.3377372 -0.3507875 -0.3640366 -0.3774845 -0.3911360 -0.4050044 -0.4191067 -0.4334666 -0.4481092 -0.4630634 -0.4783562 -0.4940155 -0.5100639 -0.5265232 -0.5434067 -0.5607257 -0.5784830 -0.5966806 -0.6153146 -0.6343861 -0.6538978 -0.6738654 -0.6943138 -0.7152886 -0.7368441 -0.7590496 -0.7819659 -0.8056427 -0.8300858 -0.8552538 -0.8810259 -0.9072226 -0.9336292 -0.9600106 -0.9857757 -1.010572 -1.034245 -1.056523 -1.077230 -1.096226 -1.113441 -1.128830 -1.142390 -1.154129
-0.1707516 -0.1795190 -0.1887255 -0.1983615 -0.2084103 -0.2188483 -0.2296471 -0.2407778 -0.2522132 -0.2639345 -0.2759083 -0.2881337 -0.3006814 -0.3135347 -0.3266716 -0.3400778 -0.3537359 -0.3676273 -0.3817390 -0.3960624 -0.4106004 -0.4253618 -0.4403657 -0.4556347 -0.4711983 -0.4870853 -0.5033272 -0.5199501 -0.5369796 -0.5544319 -0.5723191 -0.5906414 -0.6093953 -0.6285660 -0.6481397 -0.6680993 -0.6884408 -0.7091711 -0.7303266 -0.7519685 -0.7741970 -0.7971336 -0.8209220 -0.8456903 -0.8715382 -0.8984843 -0.9264554 -0.9552367 -0.9844539 -1.013597 -1.042488 -1.070683 -1.097603 -1.122939 -1.146435 -1.167945 -1.187373 -1.204697 -1.219915 -1.233066
-0.1769572 -0.1862857 -0.1960852 -0.2063390 -0.2170188 -0.2280861 -0.2394962 -0.2512035 -0.2631734 -0.2753908 -0.2878937 -0.3007131 -0.3138096 -0.3272340 -0.3410155 -0.3551436 -0.3695893 -0.3843213 -0.3993087 -0.4145336 -0.4299870 -0.4456758 -0.4616138 -0.4778264 -0.4943414 -0.5111921 -0.5284082 -0.5460188 -0.5640439 -0.5824983 -0.6013815 -0.6206850 -0.6403827 -0.6604421 -0.6808183 -0.7014710 -0.7223653 -0.7434942 -0.7648828 -0.7866145 -0.8088254 -0.8317206 -0.8555442 -0.8805696 -0.9070365 -0.9351166 -0.9648313 -0.9960386 -1.028439 -1.061598 -1.094529 -1.126539 -1.157223 -1.186083 -1.212805 -1.237180 -1.259126 -1.278617 -1.295691 -1.310400
-0.1837962 -0.1937039 -0.2041106 -0.2149858 -0.2262819 -0.2379342 -0.2498653 -0.2619983 -0.2742735 -0.2866742 -0.2992092 -0.3119727 -0.3251725 -0.3388743 -0.3530915 -0.3678054 -0.3829643 -0.3985026 -0.4143630 -0.4305007 -0.4468940 -0.4635361 -0.4804390 -0.4976228 -0.5151188 -0.5329569 -0.5511709 -0.5697843 -0.5888165 -0.6082693 -0.6281329 -0.6483734 -0.6689417 -0.6897637 -0.7107567 -0.7318249 -0.7528889 -0.7738895 -0.7948278 -0.8157740 -0.8369055 -0.8584996 -0.8809496 -0.9047137 -0.9302869 -0.9580896 -0.9883916 -1.021163 -1.055977 -1.092010 -1.128728 -1.165158 -1.200176 -1.233130 -1.263549 -1.291203 -1.315984 -1.337909 -1.357035 -1.373464
-0.1914632 -0.2019632 -0.2129819 -0.2244675 -0.2363398 -0.2484860 -0.2607676 -0.2730365 -0.2851778 -0.2971645 -0.3091534 -0.3213990 -0.3340957 -0.3475074 -0.3617528 -0.3767942 -0.3925161 -0.4087874 -0.4254906 -0.4425415 -0.4598865 -0.4775045 -0.4953944 -0.5135758 -0.5320740 -0.5509226 -0.5701495 -0.5897791 -0.6098188 -0.6302623 -0.6510743 -0.6721972 -0.6935347 -0.7149651 -0.7363321 -0.7574672 -0.7781965 -0.7983800 -0.8179323 -0.8368807 -0.8553841 -0.8737868 -0.8926101 -0.9125664 -0.9344828 -0.9592347 -0.9875568 -1.019887 -1.056194 -1.095865 -1.137094 -1.178274 -1.218245 -1.255887 -1.290561 -1.321925 -1.349901 -1.374521 -1.395912 -1.414213
-0.2002467 -0.2113460 -0.2229724 -0.2350414 -0.2474190 -0.2599110 -0.2722597 -0.2841658 -0.2953510 -0.3057025 -0.3153985 -0.3250645 -0.3356284 -0.3476132 -0.3611416 -0.3760621 -0.3921008 -0.4089775 -0.4264696 -0.4444146 -0.4627164 -0.4813219 -0.5002195 -0.5194153 -0.5389366 -0.5588092 -0.5790637 -0.5997130 -0.6207598 -0.6421742 -0.6639004 -0.6858330 -0.7078278 -0.7296801 -0.7511455 -0.7719290 -0.7917281 -0.8102425 -0.8272458 -0.8426155 -0.8564228 -0.8689613 -0.8808286 -0.8929187 -0.9064605 -0.9229162 -0.9438774 -0.9707018 -1.004019 -1.043221 -1.087172 -1.133323 -1.178790 -1.221799 -1.261291 -1.296849 -1.328367 -1.355964 -1.379815 -1.400149
