T5-twomodels-2/gz/model90.grd
DSAA
         100         100
  -15.00000       15.00000    
  -15.00000       15.00000    
  -1.723367       5.676547    
[rows 26 to 51 of 100, columns 0 to 58 of 100]
2.7622575E-02 3.1240311E-02 3.4904398E-02 3.8447138E-02 4.1619875E-02 4.4050604E-02 4.5226701E-02 4.4470001E-02 4.1033130E-02 3.4375768E-02 2.4845243E-02 1.3980921E-02 3.7182588E-03 -4.6070898E-03 -1.0899816E-02 -1.5797863E-02 -2.0073855E-02 -2.4401665E-02 -2.9297592E-02 -3.5142273E-02 -4.2206004E-02 -5.0683416E-02 -6.0708288E-02 -7.2375618E-02 -8.5743681E-02 -0.1008460 -0.1176837 -0.1362298 -0.1564140 -0.1781216 -0.2011704 -0.2253054 -0.2501733 -0.2753196 -0.3001701 -0.3240478 -0.3461807 -0.3657621 -0.3820040 -0.3942484 -0.4020585 -0.4053613 -0.4045431 -0.4005983 -0.3952246 -0.3909901 -0.3913976 -0.4009019 -0.4244536 -0.4659554 -0.5245996 -0.5951827 -0.6709822 -0.7460581 -0.8167587 -0.8813331 -0.9392577 -0.9905908 -1.035691
2.3240317E-02 2.7258089E-02 3.1280380E-02 3.5081550E-02 3.8286068E-02 4.0323824E-02 4.0297840E-02 3.6887649E-02 2.8232636E-02 1.2360048E-02 -1.1133961E-02 -3.8064387E-02 -6.1458107E-02 -7.8197062E-02 -8.9241624E-02 -9.6645474E-02 -0.1021880 -0.1071280 -0.1123198 -0.1183290 -0.1255377 -0.1341979 -0.1444821 -0.1564991 -0.1703190 -0.1859699 -0.2034496 -0.2227092 -0.2436569 -0.2661308 -0.2898938 -0.3145970 -0.3397720 -0.3647895 -0.3888597 -0.4110067 -0.4301024 -0.4448810 -0.4540327 -0.4562698 -0.4504660 -0.4357393 -0.4115975 -0.3780138 -0.3356242 -0.2859630 -0.2320990 -0.1797941 -0.1394168 -0.1261759 -0.1525788 -0.2140419 -0.2936869 -0.3772510 -0.4569554 -0.5296743 -0.5945079 -0.6516046 -0.7014430
1.5062280E-02 1.9480858E-02 2.3841498E-02 2.7860945E-02 3.0984430E-02 3.2388326E-02 3.0576240E-02 2.3133250E-02 5.7391478E-03 -2.8107723E-02 -8.3702423E-02 -0.1497879 -0.2024757 -0.2349723 -0.2536836 -0.2647497 -0.2720461 -0.2778060 -0.2833851 -0.2895959 -0.2969619 -0.3058060 -0.3163451 -0.3287061 -0.3429702 -0.3591617 -0.3772723 -0.3972320 -0.4189220 -0.4421308 -0.4665572 -0.4917503 -0.5171074 -0.5418024 -0.5647917 -0.5847508 -0.6001157 -0.6090583 -0.6095878 -0.5995713 -0.5768585 -0.5392761 -0.4846664 -0.4107429 -0.3149424 -0.1941860 -4.4913914E-02 0.1349592 0.3366055 0.5143004 0.5972072 0.5770879 0.5022277 0.4114246 0.3224124 0.2410282 0.1688837 0.1057084 5.0926637E-02
3.0065074E-03 7.8806886E-03 1.2506265E-02 1.6784808E-02 1.9674819E-02 2.0366967E-02 1.6229030E-02 3.7560007E-03 -2.6007067E-02 -8.8891059E-02 -0.2102485 -0.3649502 -0.4749221 -0.5319450 -0.5611313 -0.5767370 -0.5861773 -0.5928673 -0.5989223 -0.6053281 -0.6128870 -0.6218832 -0.6327043 -0.6453693 -0.6601058 -0.6767922 -0.6955642 -0.7161691 -0.7386304 -0.7625021 -0.7876095 -0.8131852 -0.8387045 -0.8628919 -0.8846826 -0.9020969 -0.9133815 -0.9157563 -0.9067926 -0.8829827 -0.8413265 -0.7775339 -0.6876382 -0.5654280 -0.4035907 -0.1894874 9.5800921E-02 0.4838337 1.007647 1.594722 1.969468 2.053354 1.997275 1.900622 1.802685 1.712001 1.632609 1.562912 1.503305
-9.9798553E-03 -4.6247384E-03 2.3557805E-04 4.7992449E-03 7.4074254E-03 7.3979143E-03 8.0310274E-04 -1.6864540E-02 -5.9837222E-02 -0.1545132 -0.3517978 -0.6109211 -0.7863740 -0.8700485 -0.9103286 -0.9306334 -0.9422982 -0.9499265 -0.9564781 -0.9630653 -0.9708278 -0.9799566 -0.9910688 -1.004015 -1.019234 -1.036389 -1.055832 -1.077052 -1.100296 -1.124795 -1.150593 -1.176506 -1.202193 -1.225811 -1.246394 -1.261166 -1.268323 -1.263963 -1.245370 -1.207448 -1.146506 -1.055843 -0.9298005 -0.7577431 -0.5274419 -0.2153739 0.2148125 0.8307539 1.722267 2.797382 3.523790 3.730637 3.697265 3.595012 3.488364 3.388181 3.301649 3.225286 3.160950
-1.9894809E-02 -1.4125823E-02 -8.9479843E-03 -4.1619642E-03 -1.6895938E-03 -2.3894128E-03 -1.0998850E-02 -3.3185609E-02 -8.6459681E-02 -0.2036793 -0.4454677 -0.7612573 -0.9765261 -1.079629 -1.128806 -1.153183 -1.166768 -1.175267 -1.182230 -1.189011 -1.196927 -1.206217 -1.217574 -1.230836 -1.246485 -1.264148 -1.284205 -1.306087 -1.330050 -1.355236 -1.381665 -1.408002 -1.433816 -1.457006 -1.476399 -1.488795 -1.491994 -1.481427 -1.453726 -1.402793 -1.323889 -1.208749 -1.049862 -0.8337039 -0.5440257 -0.1507173 0.3928578 1.170022 2.284606 3.610537 4.509648 4.780906 4.757765 4.648960 4.533101 4.424055 4.330196 4.247628 4.178373
-2.5829533E-02 -1.9661767E-02 -1.4132250E-02 -9.1061005E-03 -6.6459649E-03 -7.8400020E-03 -1.7883547E-02 -4.3265708E-02 -0.1030505 -0.2324380 -0.4936815 -0.8322421 -1.065627 -1.179664 -1.234672 -1.261999 -1.277035 -1.286215 -1.293492 -1.300432 -1.308473 -1.317921 -1.329505 -1.343083 -1.359146 -1.377318 -1.397973 -1.420521 -1.445195 -1.471086 -1.498157 -1.524976 -1.550987 -1.573906 -1.592328 -1.602732 -1.602528 -1.586645 -1.551124 -1.489149 -1.395155 -1.259876 -1.074614 -0.8243617 -0.4910445 -4.2335179E-02 0.5706533 1.432066 2.640607 4.052197 5.004840 5.294626 5.270350 5.153481 5.028503 4.911142 4.810242 4.721824 4.647779
-2.8540730E-02 -2.1975268E-02 -1.6074896E-02 -1.0763714E-02 -8.1973383E-03 -9.6322391E-03 -2.0533020E-02 -4.7833428E-02 -0.1112240 -0.2465633 -0.5160460 -0.8636876 -1.104980 -1.224564 -1.282930 -1.312115 -1.328104 -1.337740 -1.345224 -1.352272 -1.360414 -1.370006 -1.381808 -1.395695 -1.412163 -1.430837 -1.452082 -1.475293 -1.500677 -1.527291 -1.555037 -1.582407 -1.608732 -1.631583 -1.649351 -1.658269 -1.655424 -1.635377 -1.593728 -1.523189 -1.417676 -1.267406 -1.063171 -0.7895377 -0.4281604 5.3146437E-02 0.7023630 1.601232 2.843849 4.279811 5.243891 5.534019 5.503503 5.378062 5.244499 5.119476 5.012038 4.918168 4.839602
-2.8946053E-02 -2.1983147E-02 -1.5700433E-02 -1.0058854E-02 -7.2827567E-03 -8.7269116E-03 -2.0015823E-02 -4.8287619E-02 -0.1134802 -0.2516071 -0.5248097 -0.8765659 -1.121462 -1.243728 -1.303854 -1.334066 -1.350592 -1.360476 -1.368066 -1.375174 -1.383392 -1.393115 -1.405127 -1.419314 -1.436180 -1.455346 -1.477174 -1.501043 -1.527142 -1.554492 -1.582955 -1.610952 -1.637730 -1.660737 -1.678214 -1.686198 -1.681554 -1.658573 -1.612584 -1.536009 -1.422521 -1.262146 -1.045614 -0.7575982 -0.3801457 0.1181753 0.7840824 1.697605 2.951014 4.392749 5.356703 5.641775 5.603713 5.470070 5.328736 5.196799 5.083434 4.984557 4.901816
-2.7773682E-02 -2.0421460E-02 -1.3749383E-02 -7.7468813E-03 -4.6780566E-03 -5.9619313E-03 -1.7301295E-02 -4.5937777E-02 -0.1118916 -0.2512111 -0.5258824 -0.8791636 -1.125545 -1.249013 -1.309953 -1.340641 -1.357400 -1.367372 -1.374985 -1.382113 -1.390387 -1.400230 -1.412444 -1.426924 -1.444177 -1.463826 -1.486225 -1.510746 -1.537559 -1.565663 -1.594877 -1.623580 -1.650944 -1.674332 -1.691870 -1.699464 -1.693818 -1.669067 -1.620368 -1.540016 -1.421595 -1.255142 -1.031506 -0.7356589 -0.3501213 0.1558387 0.8280962 1.745753 3.000226 4.439373 5.398107 5.676547 5.631101 5.490085 5.341873 5.203825 5.085157 4.981767 4.895212
-2.5589824E-02 -1.7859368E-02 -1.0801526E-02 -4.4208718E-03 -1.0095072E-03 -2.0188980E-03 -1.3199263E-02 -4.1833274E-02 -0.1079825 -0.2476978 -0.5229870 -0.8770187 -1.124016 -1.247928 -1.309153 -1.339980 -1.356773 -1.366723 -1.374303 -1.381420 -1.389737 -1.399692 -1.412100 -1.426863 -1.444494 -1.464612 -1.487571 -1.512732 -1.540255 -1.569118 -1.599117 -1.628587 -1.656658 -1.680623 -1.698537 -1.706212 -1.700261 -1.674717 -1.624665 -1.542347 -1.421358 -1.251811 -1.024739 -0.7253861 -0.3366688 0.1716942 0.8450928 1.762268 3.014582 4.450291 5.404073 5.676277 5.624214 5.476738 5.322557 5.179159 5.055817 4.948396 4.858410
-2.2795610E-02 -1.4706364E-02 -7.2736181E-03 -5.1448587E-04 3.2643091E-03 2.5890768E-03 -8.3106570E-03 -3.6744226E-02 -0.1027840 -0.2424824 -0.5177670 -0.8717663 -1.118810 -1.242772 -1.303993 -1.334767 -1.351477 -1.361339 -1.368850 -1.375942 -1.384291 -1.394352 -1.406947 -1.421985 -1.439979 -1.460552 -1.484052 -1.509839 -1.538060 -1.567683 -1.598481 -1.628768 -1.657634 -1.682336 -1.700874 -1.709009 -1.703297 -1.677726 -1.627347 -1.544405 -1.422532 -1.251945 -1.023825 -0.7236413 -0.3345597 0.1734201 0.8454576 1.760113 3.008602 4.439037 5.386931 5.653275 5.595406 5.442376 5.283046 5.135017 5.007581 4.896604 4.803555
-1.9698905E-02 -1.1272461E-02 -3.4850207E-03 3.6406331E-03 7.7876966E-03 7.4717216E-03 -3.0933414E-03 -3.1226372E-02 -9.7012803E-02 -0.2365058 -0.5116825 -0.8656601 -1.112612 -1.236436 -1.297510 -1.328131 -1.344697 -1.354436 -1.361863 -1.368921 -1.377300 -1.387462 -1.400237 -1.415539 -1.433881 -1.454889 -1.478911 -1.505300 -1.534202 -1.564571 -1.596171 -1.627297 -1.657019 -1.682565 -1.701908 -1.710777 -1.705700 -1.680644 -1.630659 -1.548006 -1.426370 -1.256045 -1.028339 -0.7288585 -0.3409351 0.1652926 0.8348680 1.746340 2.991093 4.417637 5.361153 5.622576 5.559748 5.401966 5.238235 5.086212 4.955226 4.841128 4.745377
-1.6507914E-02 -7.7718170E-03 3.4582336E-04 7.8157755E-03 1.2317323E-02 1.2356416E-02 2.1414366E-03 -2.5656890E-02 -9.1126181E-02 -0.2303235 -0.5051712 -0.8587813 -1.105455 -1.229053 -1.289915 -1.320343 -1.336739 -1.346346 -1.353684 -1.360709 -1.369116 -1.379377 -1.392325 -1.407877 -1.426551 -1.447973 -1.472488 -1.499453 -1.529006 -1.560098 -1.592485 -1.624451 -1.655053 -1.681505 -1.701763 -1.711540 -1.707352 -1.683164 -1.634031 -1.552240 -1.431517 -1.262224 -1.035742 -0.7377765 -0.3517421 0.1521410 0.8188812 1.727005 2.967831 4.389720 5.328488 5.585477 5.518393 5.356578 5.189090 5.033648 4.899593 4.782786 4.684663
-1.3384316E-02 -4.3663546E-03 4.0505081E-03 1.1837739E-02 1.6666925E-02 1.7043134E-02 7.1654795E-03 -2.0297384E-02 -8.5441872E-02 -0.2243277 -0.4989319 -0.8523680 -1.098812 -1.222162 -1.282796 -1.313021 -1.329247 -1.338723 -1.345979 -1.352974 -1.361412 -1.371768 -1.384880 -1.400669 -1.419654 -1.441462 -1.466442 -1.493946 -1.524114 -1.555893 -1.589037 -1.621821 -1.653296 -1.680670 -1.701890 -1.712663 -1.709504 -1.686378 -1.638354 -1.557738 -1.438292 -1.270418 -1.045556 -0.7494552 -0.3655873 0.1358038 0.7997113 1.704708 2.942280 4.361103 5.296615 5.550008 5.479345 5.314106 5.143437 4.985077 4.848395 4.729245 4.629064
-1.0428904E-02 -1.1611497E-03 7.5245276E-03 1.5594787E-02 2.0721626E-02 2.1403074E-02 1.1838460E-02 -1.5311991E-02 -8.0144323E-02 -0.2187233 -0.4929788 -0.8460280 -1.092170 -1.215273 -1.275685 -1.305717 -1.321785 -1.331143 -1.338325 -1.345297 -1.353767 -1.364215 -1.377481 -1.393490 -1.412762 -1.434928 -1.460335 -1.488339 -1.519077 -1.551498 -1.585350 -1.618911 -1.651227 -1.679501 -1.701678 -1.713466 -1.711379 -1.689391 -1.642577 -1.563267 -1.445241 -1.278934 -1.055810 -0.7616561 -0.3799588 0.1190201 0.7802854 1.682410 2.916811 4.332000 5.263933 5.514109 5.440404 5.272292 5.098933 4.938105 4.799181 4.678030 4.576073
-7.7249017E-03 1.7633662E-03 1.0683412E-02 1.9003451E-02 2.4391012E-02 2.5344152E-02 1.6056443E-02 -1.0812236E-02 -7.5365260E-02 -0.2136707 -0.4877095 -0.8406033 -1.086539 -1.209420 -1.269632 -1.299493 -1.315421 -1.324675 -1.331795 -1.338751 -1.347256 -1.357790 -1.371198 -1.387407 -1.406941 -1.429431 -1.455226 -1.483683 -1.514941 -1.547946 -1.582450 -1.616727 -1.649825 -1.678945 -1.702035 -1.714801 -1.713763 -1.692898 -1.647295 -1.569289 -1.452684 -1.287926 -1.066502 -0.7742072 -0.3945428 0.1022363 0.7611415 1.660793 2.892752 4.305789 5.235470 5.483121 5.406901 5.236382 5.060775 4.897871 4.757061 4.634209 4.530744
-5.3164200E-03 4.3593813E-03 1.3482071E-02 2.2015372E-02 2.7627988E-02 2.8814120E-02 1.9766971E-02 -6.8587251E-03 -7.1166098E-02 -0.2092274 -0.4829805 -0.8355497 -1.081239 -1.203923 -1.263961 -1.293674 -1.309482 -1.318650 -1.325721 -1.332668 -1.341205 -1.351820 -1.365356 -1.381746 -1.401512 -1.424289 -1.450428 -1.479287 -1.511005 -1.544531 -1.579617 -1.614538 -1.648342 -1.678232 -1.702156 -1.715824 -1.715758 -1.695943 -1.651471 -1.574692 -1.459411 -1.296091 -1.076223 -0.7856134 -0.4077578 8.7086998E-02 0.7439514 1.641453 2.871076 4.281414 5.208493 5.453892 5.375568 5.203066 5.025596 4.860973 4.718590 4.594319 4.489587
-3.2448792E-03 6.5895729E-03 1.5879937E-02 2.4592597E-02 3.0392896E-02 3.1775281E-02 2.2928324E-02 -3.4923898E-03 -6.7596346E-02 -0.2054574 -0.4790622 -0.8315388 -1.077084 -1.199608 -1.259501 -1.289091 -1.304802 -1.313900 -1.320932 -1.327875 -1.336445 -1.347130 -1.360780 -1.377325 -1.397293 -1.420317 -1.446753 -1.475958 -1.508075 -1.542051 -1.577641 -1.613121 -1.647542 -1.678106 -1.702765 -1.717228 -1.718026 -1.699142 -1.655679 -1.579985 -1.465879 -1.303823 -1.085316 -0.7961605 -0.4198561 7.3354788E-02 0.7285095 1.624265 2.852231 4.261224 5.186889 5.430613 5.350608 5.176490 4.997510 4.831482 4.687816 4.562381 4.456609
-1.5264959E-03 8.4351404E-03 1.7862534E-02 2.6718946E-02 3.2671820E-02 3.4211181E-02 2.5527645E-02 -7.2899275E-04 -6.4665705E-02 -0.2023597 -0.4757566 -0.8279858 -1.073354 -1.195745 -1.255522 -1.285013 -1.300647 -1.309691 -1.316694 -1.323636 -1.332236 -1.342983 -1.356728 -1.373403 -1.393538 -1.416769 -1.443452 -1.472944 -1.505391 -1.539742 -1.575753 -1.611700 -1.646635 -1.677765 -1.703040 -1.718177 -1.719701 -1.701606 -1.658993 -1.584217 -1.471097 -1.310101 -1.092724 -0.8047726 -0.4297375 6.2140454E-02 0.7159127 1.610229 2.836613 4.243706 5.167569 5.409818 5.328460 5.153070 4.972890 4.805753 4.661064 4.534705 4.428099
-1.8144492E-04 9.8785041E-03 1.9410800E-02 2.8379004E-02 3.4447853E-02 3.6109053E-02 2.7549338E-02 1.4204299E-03 -6.2390734E-02 -0.1999619 -0.4732836 -0.8254884 -1.070780 -1.193072 -1.252762 -1.282179 -1.297755 -1.306758 -1.313741 -1.320684 -1.329309 -1.340105 -1.353926 -1.370705 -1.390972 -1.414366 -1.441242 -1.470961 -1.503668 -1.538314 -1.574656 -1.610972 -1.646314 -1.677891 -1.703656 -1.719325 -1.721429 -1.703958 -1.662021 -1.587971 -1.475632 -1.315468 -1.098979 -0.8119658 -0.4379185 5.2933395E-02 0.7056444 1.598897 2.824323 4.230772 5.153925 5.395204 5.312844 5.136487 4.955402 4.787419 4.641958 4.514893 4.407655
7.8680459E-04 1.0916136E-02 2.0522986E-02 2.9569631E-02 3.5721645E-02 3.7467688E-02 2.8996704E-02 2.9565534E-03 -6.0763687E-02 -0.1982433 -0.4714315 -0.8234618 -1.068644 -1.190864 -1.250492 -1.279857 -1.295392 -1.304368 -1.311338 -1.318283 -1.326926 -1.337759 -1.351635 -1.368488 -1.388852 -1.412362 -1.439378 -1.469260 -1.502154 -1.537013 -1.573594 -1.610175 -1.645812 -1.677713 -1.703832 -1.719886 -1.722408 -1.705391 -1.663940 -1.590417 -1.478639 -1.319076 -1.103222 -0.8168799 -0.4435333 4.6587460E-02 0.6985480 1.591015 2.815534 4.220769 5.142800 5.383261 5.300179 5.123150 4.941429 4.772858 4.626850 4.499290 4.391605
1.3670769E-03 1.1538354E-02 2.1189218E-02 3.0283188E-02 3.6483679E-02 3.8281597E-02 2.9862277E-02 3.8759084E-03 -5.9792247E-02 -0.1972219 -0.4704055 -0.8224775 -1.067646 -1.189826 -1.249418 -1.278752 -1.294264 -1.303224 -1.310186 -1.317133 -1.325788 -1.336643 -1.350552 -1.367451 -1.387872 -1.411453 -1.438553 -1.468534 -1.501541 -1.536529 -1.573253 -1.609995 -1.645810 -1.677905 -1.704239 -1.720526 -1.723301 -1.706557 -1.665403 -1.592196 -1.480757 -1.321554 -1.106083 -0.8201422 -0.4472165 4.2471152E-02 0.6939848 1.586017 2.810216 4.215438 5.137383 5.377488 5.293999 5.116569 4.934474 4.765551 4.619222 4.491367 4.383418
1.5632949E-03 1.1748099E-02 2.1413842E-02 3.0522769E-02 3.6740001E-02 3.8554497E-02 3.0153153E-02 4.1834544E-03 -5.9465818E-02 -0.1968748 -0.4699950 -0.8219606 -1.067082 -1.189247 -1.248826 -1.278150 -1.293653 -1.302609 -1.309568 -1.316515 -1.325174 -1.336037 -1.349958 -1.366872 -1.387312 -1.410917 -1.438045 -1.468059 -1.501104 -1.536134 -1.572906 -1.609702 -1.645576 -1.677738 -1.704142 -1.720508 -1.723367 -1.706716 -1.665659 -1.592558 -1.481233 -1.322150 -1.106806 -0.8210000 -0.4482126 4.1328512E-02 0.6926937 1.584555 2.808466 4.213098 5.134534 5.374415 5.290775 5.113214 4.930992 4.761955 4.615518 4.487567 4.379530
1.3676008E-03 1.1539064E-02 2.1189626E-02 3.0283747E-02 3.6484238E-02 3.8281690E-02 2.9862160E-02 3.8760714E-03 -5.9792235E-02 -0.1972219 -0.4704054 -0.8224773 -1.067646 -1.189827 -1.249418 -1.278753 -1.294264 -1.303224 -1.310186 -1.317133 -1.325788 -1.336643 -1.350552 -1.367451 -1.387872 -1.411454 -1.438554 -1.468534 -1.501542 -1.536529 -1.573253 -1.609995 -1.645810 -1.677906 -1.704239 -1.720527 -1.723302 -1.706558 -1.665404 -1.592196 -1.480758 -1.321554 -1.106084 -0.8201425 -0.4472168 4.2471197E-02 0.6939850 1.586017 2.810215 4.215437 5.137383 5.377488 5.293999 5.116569 4.934474 4.765551 4.619222 4.491368 4.383418
7.8731682E-04 1.0916941E-02 2.0523662E-02 2.9570051E-02 3.5721835E-02 3.7468180E-02 2.8996704E-02 2.9562041E-03 -6.0763966E-02 -0.1982433 -0.4714315 -0.8234619 -1.068644 -1.190864 -1.250492 -1.279857 -1.295392 -1.304369 -1.311338 -1.318284 -1.326926 -1.337759 -1.351635 -1.368489 -1.388852 -1.412363 -1.439379 -1.469261 -1.502155 -1.537014 -1.573594 -1.610176 -1.645812 -1.677713 -1.703832 -1.719887 -1.722408 -1.705391 -1.663942 -1.590418 -1.478640 -1.319077 -1.103223 -0.8168809 -0.4435338 4.6587083E-02 0.6985472 1.591014 2.815533 4.220768 5.142799 5.383260 5.300179 5.123150 4.941428 4.772857 4.626850 4.499290 4.391605
