T5-twomodels-2/gz/model150.grd
DSAA
         100         100
  -15.00000       15.00000    
  -15.00000       15.00000    
  -5.582005       6.796205    
[rows 27 to 53 of 100, columns 0 to 59 of 100]
0.5153830 0.5520304 0.5896923 0.6273006 0.6630635 0.6942016 0.7163290 0.7229294 0.7048132 0.6522188 0.5632586 0.4589762 0.3743907 0.3252318 0.3068727 0.3092066 0.3235342 0.3437447 0.3657840 0.3870205 0.4057752 0.4209874 0.4320171 0.4384909 0.4402306 0.4371793 0.4293899 0.4169925 0.4002157 0.3793797 0.3549401 0.3275003 0.2978677 0.2670744 0.2364283 0.2075139 0.1821979 0.1625665 0.1508432 0.1492323 0.1597597 0.1840687 0.2232460 0.2776230 0.3465561 0.4280247 0.5178528 0.6080578 0.6841213 0.7233753 0.7026457 0.6186422 0.4934858 0.3538857 0.2165355 8.8985778E-02 -2.6260968E-02 -0.1289769 -0.2198557 -0.2998957
0.5205628 0.5596019 0.5993861 0.6385453 0.6744130 0.7029285 0.7167321 0.7038202 0.6427318 0.5010461 0.2524472 -4.6674557E-02 -0.2766925 -0.4035129 -0.4589579 -0.4735783 -0.4665178 -0.4487726 -0.4268629 -0.4046677 -0.3845353 -0.3678963 -0.3555743 -0.3480575 -0.3455530 -0.3481457 -0.3557519 -0.3682275 -0.3852721 -0.4065067 -0.4313459 -0.4590498 -0.4885757 -0.5186132 -0.5474351 -0.5729457 -0.5925742 -0.6033859 -0.6020637 -0.5851057 -0.5488577 -0.4896986 -0.4039623 -0.2879205 -0.1374203 5.2357838E-02 0.2871277 0.5713912 0.8975362 1.212525 1.410426 1.433335 1.332897 1.185843 1.033367 0.8907688 0.7624386 0.6488004 0.5489153 0.4614605
0.5191898 0.5607727 0.6024203 0.6432060 0.6785309 0.7038998 0.7068004 0.6692472 0.5471633 0.2609214 -0.3154944 -1.056922 -1.572182 -1.820678 -1.927099 -1.963243 -1.965240 -1.950706 -1.929196 -1.906218 -1.884701 -1.866700 -1.853022 -1.844505 -1.841162 -1.843335 -1.850684 -1.863270 -1.880503 -1.902152 -1.927289 -1.955231 -1.984487 -2.013638 -2.040321 -2.062057 -2.075328 -2.076413 -2.060588 -2.022982 -1.957819 -1.859098 -1.719537 -1.530557 -1.280136 -0.9508785 -0.5145061 7.3647127E-02 0.8694322 1.822032 2.593679 2.897633 2.863781 2.716250 2.549060 2.391045 2.249171 2.124289 2.015175 1.920130
0.5160880 0.5602776 0.6036843 0.6461606 0.6807481 0.7029507 0.6943426 0.6312498 0.4440187 -6.3411426E-04 -0.9556342 -2.218482 -3.059911 -3.440802 -3.601234 -3.659797 -3.671194 -3.660018 -3.638948 -3.615233 -3.592315 -3.572980 -3.557915 -3.548421 -3.544208 -3.545978 -3.553035 -3.565746 -3.583132 -3.605203 -3.630598 -3.658774 -3.687709 -3.715951 -3.740414 -3.758309 -3.765078 -3.756272 -3.725659 -3.667027 -3.572351 -3.433204 -3.238457 -2.974407 -2.620491 -2.145441 -1.495214 -0.5770076 0.7484822 2.450857 3.912317 4.552865 4.597386 4.451182 4.269398 4.095942 3.940454 3.804290 3.685925 3.583272
0.5178715 0.5644659 0.6098896 0.6538794 0.6882963 0.7075301 0.6894504 0.6043451 0.3663222 -0.1903419 -1.367009 -2.912333 -3.951818 -4.428812 -4.632500 -4.710159 -4.729681 -4.721328 -4.700534 -4.675937 -4.651652 -4.630906 -4.614528 -4.603990 -4.598979 -4.600281 -4.607116 -4.619887 -4.637492 -4.659930 -4.685657 -4.714040 -4.742763 -4.770135 -4.792587 -4.806842 -4.807558 -4.789429 -4.745017 -4.666743 -4.544749 -4.368414 -4.123576 -3.792447 -3.348316 -2.750589 -1.930163 -0.7713258 0.8903947 2.999428 4.803097 5.612295 5.697711 5.546944 5.350251 5.161597 4.992856 4.845657 4.718222 4.608114
0.5259205 0.5748609 0.6224313 0.6680416 0.7028596 0.7201242 0.6954256 0.5949435 0.3250294 -0.2917546 -1.564899 -3.223210 -4.352314 -4.882931 -5.114611 -5.205757 -5.231119 -5.224640 -5.203719 -5.178060 -5.152359 -5.130177 -5.112506 -5.100923 -5.095144 -5.095976 -5.102615 -5.115443 -5.133297 -5.156112 -5.182230 -5.210882 -5.239537 -5.266239 -5.287040 -5.298183 -5.293700 -5.267519 -5.211250 -5.116198 -4.971176 -4.763999 -4.478623 -4.094971 -3.583473 -2.900067 -1.971871 -0.6808579 1.132683 3.390996 5.304012 6.163389 6.256133 6.094651 5.882851 5.679694 5.498384 5.340669 5.204536 5.087254
0.5388495 0.5901221 0.6399175 0.6873620 0.7231534 0.7397023 0.7112482 0.6017590 0.3144539 -0.3313873 -1.644962 -3.347832 -4.515549 -5.072873 -5.320223 -5.419419 -5.448192 -5.442490 -5.420957 -5.394032 -5.366851 -5.343218 -5.324277 -5.311668 -5.305151 -5.305531 -5.311996 -5.324898 -5.343030 -5.366259 -5.392838 -5.421863 -5.450638 -5.476966 -5.496592 -5.505363 -5.496816 -5.464279 -5.398669 -5.290512 -5.127781 -4.897422 -4.582535 -4.162272 -3.606523 -2.871199 -1.884473 -0.5314140 1.341298 3.646253 5.585758 6.451607 6.537132 6.362234 6.135891 5.919307 5.726374 5.558861 5.414557 5.290488
0.5550153 0.6086012 0.6606689 0.7101551 0.7474251 0.7643914 0.7345110 0.6207225 0.3250234 -0.3340833 -1.665513 -3.388144 -4.572980 -5.142737 -5.397801 -5.500939 -5.531081 -5.525177 -5.502581 -5.474206 -5.445487 -5.420411 -5.400224 -5.386628 -5.379404 -5.379364 -5.385681 -5.398683 -5.417124 -5.440814 -5.467928 -5.497459 -5.526563 -5.552858 -5.571846 -5.579070 -5.567700 -5.530644 -5.458354 -5.340885 -5.165766 -4.919600 -4.585294 -4.142084 -3.560337 -2.797019 -1.782101 -0.4032707 1.489778 3.807258 5.749914 6.609941 6.684000 6.495603 6.255923 6.027234 5.823776 5.647306 5.495460 5.365073
0.5730971 0.6289444 0.6833012 0.7349666 0.7741071 0.7923233 0.7626773 0.6476049 0.3486863 -0.3157367 -1.653804 -3.383277 -4.574682 -5.149500 -5.407598 -5.511970 -5.542017 -5.535162 -5.511158 -5.481202 -5.450918 -5.424421 -5.403035 -5.388498 -5.380610 -5.380185 -5.386385 -5.399517 -5.418300 -5.442501 -5.470229 -5.500391 -5.530038 -5.556641 -5.575521 -5.582005 -5.569009 -5.529167 -5.452657 -5.329285 -5.146411 -4.890584 -4.544857 -4.088850 -3.493623 -2.717174 -1.690812 -0.3037250 1.592914 3.908180 5.843481 6.693117 6.755212 6.554406 6.302894 6.063503 5.850667 5.666134 5.507427 5.371237
0.5920496 0.6500835 0.7066945 0.7606048 0.8018475 0.8218591 0.7934750 0.6789227 0.3795872 -0.2862013 -1.626680 -3.359166 -4.552832 -5.128975 -5.387503 -5.491478 -5.520494 -5.512206 -5.486576 -5.454968 -5.423133 -5.395265 -5.372735 -5.357315 -5.348813 -5.348043 -5.354160 -5.367450 -5.386606 -5.411358 -5.439769 -5.470682 -5.501061 -5.528276 -5.547522 -5.553977 -5.540399 -5.499255 -5.420577 -5.294071 -5.107071 -4.846220 -4.494804 -4.032854 -3.432012 -2.651007 -1.621934 -0.2346693 1.659337 3.969555 5.897482 6.737399 6.788559 6.576821 6.315009 6.066280 5.845192 5.653486 5.488611 5.347159
0.6111131 0.6712236 0.7300149 0.7861514 0.8295965 0.8516811 0.8251382 0.7120702 0.4138094 -0.2513135 -1.591132 -3.322753 -4.515882 -5.091421 -5.348995 -5.451672 -5.479134 -5.469151 -5.441799 -5.408541 -5.375204 -5.346032 -5.322434 -5.306195 -5.297135 -5.296062 -5.302129 -5.315601 -5.335157 -5.360495 -5.389642 -5.421395 -5.452661 -5.480736 -5.500731 -5.507733 -5.494401 -5.453116 -5.373844 -5.246270 -5.057772 -4.795117 -4.441820 -3.978234 -3.376414 -2.595531 -1.568104 -0.1843346 1.704065 4.006330 5.924693 6.754766 6.796205 6.575012 6.304331 6.047524 5.819234 5.621208 5.450847 5.304667
0.6296968 0.6917545 0.7526060 0.8108889 0.8565175 0.8807725 0.8563143 0.7451990 0.4487008 -0.2148520 -1.553533 -3.284389 -4.476329 -5.050385 -5.306341 -5.407292 -5.432963 -5.421192 -5.392120 -5.357271 -5.322512 -5.292127 -5.267541 -5.250558 -5.240995 -5.239667 -5.245710 -5.259388 -5.279358 -5.305302 -5.335219 -5.367874 -5.400132 -5.429246 -5.450273 -5.458243 -5.445763 -5.405174 -5.326421 -5.199206 -5.010968 -4.748593 -4.395771 -3.933085 -3.332841 -2.554468 -1.530684 -0.1517795 1.730712 4.026553 5.937940 6.760103 6.793222 6.563944 6.285674 6.021919 5.787389 5.583836 5.408633 5.258250
0.6473893 0.7112395 0.7740059 0.8343013 0.8820189 0.9083981 0.8860713 0.7770480 0.4825937 -0.1789750 -1.515456 -3.243862 -4.433744 -5.005926 -5.260006 -5.359087 -5.382925 -5.369393 -5.338676 -5.302331 -5.266259 -5.234763 -5.209283 -5.191629 -5.181626 -5.180081 -5.186130 -5.200026 -5.220419 -5.246972 -5.277669 -5.311254 -5.344565 -5.374826 -5.397064 -5.406276 -5.395047 -5.355701 -5.278188 -5.152235 -4.965341 -4.704485 -4.353480 -3.893054 -3.295667 -2.520875 -1.501492 -0.1278402 1.748459 4.036979 5.940435 6.754994 6.780925 6.544759 6.260026 5.990325 5.750418 5.542065 5.362625 5.208535
0.6638697 0.7293503 0.7938589 0.8560035 0.9056530 0.9340347 0.9137455 0.8067833 0.5143759 -0.1451737 -1.479926 -3.206903 -4.395019 -4.965280 -5.217468 -5.314709 -5.336785 -5.321598 -5.289358 -5.251646 -5.214384 -5.181888 -5.155611 -5.137364 -5.126976 -5.125255 -5.131332 -5.145454 -5.166263 -5.193416 -5.224882 -5.259392 -5.293771 -5.325222 -5.348756 -5.359360 -5.349603 -5.311810 -5.235942 -5.111757 -4.926796 -4.668109 -4.319585 -3.862042 -3.268020 -2.497141 -1.482240 -0.1136072 1.757348 4.040635 5.938820 6.747576 6.767473 6.525481 6.235264 5.960501 5.715986 5.503496 5.320377 5.163047
0.6789327 0.7458668 0.8119382 0.8757409 0.9271399 0.9573395 0.9389304 0.8338791 0.5434139 -0.1141786 -1.446728 -3.171259 -4.357305 -4.925712 -5.176113 -5.271641 -5.292099 -5.275406 -5.241794 -5.202860 -5.164540 -5.131161 -5.104182 -5.085420 -5.074705 -5.072841 -5.078963 -5.093311 -5.114522 -5.142248 -5.174452 -5.209854 -5.245273 -5.277902 -5.302743 -5.314777 -5.306575 -5.270461 -5.196414 -5.074210 -4.891430 -4.635162 -4.289348 -3.834852 -3.244258 -2.477208 -1.466543 -0.1025368 1.763330 4.040847 5.932979 6.736143 6.750883 6.503978 6.209139 5.930089 5.681656 5.465624 5.279341 5.119207
0.6924132 0.7606263 0.8280679 0.8933330 0.9462726 0.9780872 0.9613472 0.8580151 0.5692883 -8.6562723E-02 -1.417614 -3.140916 -4.325429 -4.892179 -5.140971 -5.234968 -5.253985 -5.235964 -5.201145 -5.161142 -5.121901 -5.087755 -5.060170 -5.040968 -5.029976 -5.028005 -5.034180 -5.048746 -5.070335 -5.098595 -5.131485 -5.167723 -5.204120 -5.237868 -5.263965 -5.277389 -5.270714 -5.236272 -5.164051 -5.043845 -4.863260 -4.609406 -4.266258 -3.814702 -3.227339 -2.463818 -1.456958 -9.6986823E-02 1.764797 4.038551 5.927038 6.726151 6.736643 6.485640 6.186929 5.904283 5.652546 5.433517 5.244539 5.082008
0.7042193 0.7735304 0.8421537 0.9086751 0.9629456 0.9961518 0.9808617 0.8790159 0.5918148 -6.2485065E-02 -1.391748 -3.113028 -4.295869 -4.861152 -5.108544 -5.201213 -5.218987 -5.199820 -5.163967 -5.123049 -5.083022 -5.048225 -5.020129 -5.000556 -4.989336 -4.987281 -4.993518 -5.008286 -5.030221 -5.058964 -5.092476 -5.129470 -5.166759 -5.201529 -5.228781 -5.243493 -5.238242 -5.205367 -5.134862 -5.016537 -4.838008 -4.586406 -4.245715 -3.796833 -3.212366 -2.451955 -1.448408 -9.1932714E-02 1.766087 4.035573 5.919616 6.714757 6.721675 6.467279 6.165370 5.879738 5.625254 5.403719 5.212482 5.047932
0.7142715 0.7845067 0.8541183 0.9216956 0.9770803 1.011459 0.9973822 0.8967934 0.6108658 -4.2155083E-02 -1.370366 -3.090844 -4.272592 -4.836659 -5.082875 -5.174428 -5.191160 -5.171035 -5.134318 -5.092640 -5.051959 -5.016622 -4.988102 -4.968225 -4.956823 -4.954706 -4.961004 -4.975955 -4.998192 -5.027359 -5.061415 -5.099072 -5.137141 -5.172812 -5.201085 -5.216938 -5.212954 -5.181474 -5.112501 -4.995851 -4.819149 -4.569533 -4.230994 -3.784433 -3.202454 -2.444687 -1.443918 -9.0315193E-02 1.764895 4.031951 5.913726 6.706229 6.710308 6.453161 6.148648 5.860586 5.603857 5.380270 5.187175 5.020959
0.7225366 0.7935196 0.8639355 0.9323661 0.9886565 1.023981 1.010893 0.9113176 0.6264345 -2.5519449E-02 -1.352438 -3.071398 -4.251954 -4.815014 -5.060276 -5.150925 -5.166816 -5.145917 -5.108503 -5.066211 -5.025004 -4.989234 -4.960375 -4.940257 -4.928713 -4.926552 -4.932906 -4.948012 -4.970506 -5.000029 -5.034541 -5.072754 -5.111481 -5.147909 -5.177041 -5.193859 -5.190947 -5.160648 -5.092972 -4.977737 -4.802575 -4.554624 -4.217881 -3.773243 -3.193308 -2.437697 -1.439183 -8.7929331E-02 1.764746 4.028838 5.907506 6.697349 6.699122 6.439796 6.133225 5.843235 5.584723 5.359501 5.164923 4.997373
0.7289788 0.8005401 0.8715745 0.9406659 0.9976513 1.033708 1.021377 0.9225881 0.6384991 -1.2660818E-02 -1.339004 -3.057624 -4.237555 -4.799859 -5.044387 -5.134344 -5.149587 -5.128096 -5.090146 -5.047383 -5.005773 -4.969671 -4.940554 -4.920253 -4.908601 -4.906412 -4.912812 -4.928046 -4.950743 -4.980549 -5.015423 -5.054077 -5.093323 -5.130353 -5.160167 -5.177753 -5.175692 -5.146334 -5.079688 -4.965576 -4.791631 -4.544996 -4.209661 -3.766527 -3.188182 -2.434238 -1.437455 -8.7962113E-02 1.763056 4.025886 5.903455 6.691834 6.691921 6.430951 6.122819 5.831369 5.571501 5.345037 5.149327 4.980757
0.7335923 0.8055631 0.8770378 0.9465955 1.004076 1.040648 1.028858 0.9306206 0.6471040 -3.4671975E-03 -1.329002 -3.046593 -4.225803 -4.787556 -5.031563 -5.121029 -5.135814 -5.113903 -5.075577 -5.032481 -4.990587 -4.954252 -4.924953 -4.904523 -4.892798 -4.890589 -4.897027 -4.912352 -4.935198 -4.965209 -5.000344 -5.039316 -5.078939 -5.116405 -5.146714 -5.164855 -5.163411 -5.134733 -5.068832 -4.955533 -4.782468 -4.536777 -4.202455 -3.760394 -3.183182 -2.430423 -1.434869 -8.6653605E-02 1.762936 4.023936 5.899536 6.686368 6.685220 6.423094 6.113872 5.821398 5.560579 5.333241 5.136735 4.967446
0.7363586 0.8085754 0.8803114 0.9501494 1.007923 1.044806 1.033334 0.9354305 0.6522458 2.0015752E-03 -1.323422 -3.041129 -4.220167 -4.781607 -5.025307 -5.114479 -5.128992 -5.106832 -5.068280 -5.024987 -4.982924 -4.946450 -4.917044 -4.896538 -4.884769 -4.882550 -4.889011 -4.904393 -4.927328 -4.957464 -4.992755 -5.031921 -5.071772 -5.109500 -5.140109 -5.158586 -5.157515 -5.129249 -5.063800 -4.950990 -4.778455 -4.533335 -4.199621 -3.758205 -3.181671 -2.429618 -1.434792 -8.7304227E-02 1.761682 4.022470 5.898016 6.684416 6.682587 6.419784 6.109913 5.816834 5.555452 5.327595 5.130617 4.960900
0.7372852 0.8095827 0.8814068 0.9513363 1.009209 1.046193 1.034830 0.9370330 0.6539662 3.8509492E-03 -1.321229 -3.038370 -4.217137 -4.778460 -5.022056 -5.111131 -5.125554 -5.103310 -5.064684 -5.021325 -4.979207 -4.942685 -4.913244 -4.892714 -4.880931 -4.878708 -4.885176 -4.900578 -4.923543 -4.953719 -4.989066 -5.028295 -5.068222 -5.106038 -5.136748 -5.155336 -5.154391 -5.126263 -5.060964 -4.948318 -4.775960 -4.531031 -4.197519 -3.756318 -3.180009 -2.428192 -1.433610 -8.6390600E-02 1.762192 4.022185 5.896791 6.682645 6.680548 6.417515 6.107432 5.814152 5.552583 5.324553 5.127419 4.957561
0.7363595 0.8085763 0.8803120 0.9501503 1.007924 1.044806 1.033334 0.9354306 0.6522460 2.0016450E-03 -1.323422 -3.041129 -4.220167 -4.781607 -5.025306 -5.114480 -5.128992 -5.106832 -5.068280 -5.024987 -4.982924 -4.946451 -4.917044 -4.896538 -4.884769 -4.882551 -4.889011 -4.904393 -4.927329 -4.957464 -4.992756 -5.031922 -5.071772 -5.109500 -5.140110 -5.158587 -5.157516 -5.129251 -5.063800 -4.950991 -4.778455 -4.533336 -4.199622 -3.758206 -3.181671 -2.429618 -1.434792 -8.7304413E-02 1.761681 4.022470 5.898016 6.684416 6.682587 6.419784 6.109914 5.816835 5.555452 5.327596 5.130617 4.960901
0.7335934 0.8055644 0.8770389 0.9465964 1.004077 1.040649 1.028858 0.9306202 0.6471038 -3.4667319E-03 -1.329001 -3.046593 -4.225803 -4.787556 -5.031563 -5.121028 -5.135815 -5.113904 -5.075577 -5.032481 -4.990588 -4.954252 -4.924953 -4.904524 -4.892799 -4.890591 -4.897028 -4.912353 -4.935199 -4.965210 -5.000345 -5.039317 -5.078940 -5.116405 -5.146715 -5.164855 -5.163412 -5.134734 -5.068833 -4.955533 -4.782468 -4.536778 -4.202456 -3.760396 -3.183183 -2.430424 -1.434869 -8.6654350E-02 1.762935 4.023935 5.899536 6.686368 6.685218 6.423093 6.113872 5.821398 5.560580 5.333241 5.136735 4.967446
0.7289801 0.8005414 0.8715754 0.9406673 0.9976522 1.033709 1.021377 0.9225872 0.6384988 -1.2660213E-02 -1.339003 -3.057623 -4.237553 -4.799859 -5.044386 -5.134343 -5.149586 -5.128095 -5.090146 -5.047382 -5.005773 -4.969671 -4.940554 -4.920253 -4.908601 -4.906411 -4.912813 -4.928046 -4.950743 -4.980549 -5.015422 -5.054076 -5.093322 -5.130351 -5.160167 -5.177752 -5.175691 -5.146333 -5.079686 -4.965575 -4.791631 -4.544995 -4.209661 -3.766527 -3.188181 -2.434237 -1.437454 -8.7963045E-02 1.763055 4.025884 5.903454 6.691833 6.691918 6.430950 6.122818 5.831369 5.571501 5.345037 5.149326 4.980756
0.7225382 0.7935206 0.8639364 0.9323675 0.9886577 1.023982 1.010893 0.9113168 0.6264344 -2.5518518E-02 -1.352436 -3.071396 -4.251951 -4.815012 -5.060273 -5.150924 -5.166814 -5.145916 -5.108502 -5.066208 -5.025002 -4.989232 -4.960373 -4.940255 -4.928710 -4.926550 -4.932904 -4.948010 -4.970503 -5.000027 -5.034539 -5.072752 -5.111478 -5.147905 -5.177039 -5.193857 -5.190945 -5.160646 -5.092970 -4.977735 -4.802573 -4.554623 -4.217879 -3.773242 -3.193306 -2.437695 -1.439181 -8.7928958E-02 1.764745 4.028837 5.907504 6.697347 6.699120 6.439794 6.133223 5.843234 5.584721 5.359499 5.164921 4.997370
