T4-twomodels-1/gz/model150.grd
DSAA
         100         100
  -15.00000       15.00000    
  -15.00000       15.00000    
  -3.056788       6.020204    
[rows 0 to 26 of 100, columns 0 to 58 of 100]
1.6793622E-02 1.6509539E-02 1.6151253E-02 1.5711179E-02 1.5181990E-02 1.4555512E-02 1.3824360E-02 1.2979959E-02 1.2014946E-02 1.0921329E-02 9.7014010E-03 8.3471071E-03 6.8240683E-03 5.1314710E-03 3.2693732E-03 1.2313016E-03 -9.8900637E-04 -3.3974764E-03 -5.9995335E-03 -8.7999040E-03 -1.1802767E-02 -1.5011465E-02 -1.8428093E-02 -2.2054058E-02 -2.5889754E-02 -2.9934779E-02 -3.4187734E-02 -3.8646013E-02 -4.3305799E-02 -4.8162404E-02 -5.3209834E-02 -5.8441099E-02 -6.3847914E-02 -6.9421053E-02 -7.5149782E-02 -8.1022345E-02 -8.7025553E-02 -9.3145311E-02 -9.9366292E-02 -0.1056723 -0.1120456 -0.1184681 -0.1249203 -0.1313825 -0.1378338 -0.1442540 -0.1506219 -0.1569185 -0.1631332 -0.1692666 -0.1752635 -0.1810702 -0.1866854 -0.1921037 -0.1973103 -0.2022883 -0.2070230 -0.2114999 -0.2157063
1.9663882E-02 1.9446582E-02 1.9152619E-02 1.8774362E-02 1.8302998E-02 1.7730404E-02 1.7047418E-02 1.6245618E-02 1.5315134E-02 1.4246977E-02 1.3020449E-02 1.1626096E-02 1.0082942E-02 8.3745569E-03 6.4847409E-03 4.4053774E-03 2.1289918E-03 -3.5116682E-04 -3.0412804E-03 -5.9470073E-03 -9.0732714E-03 -1.2423692E-02 -1.6001066E-02 -1.9807333E-02 -2.3843501E-02 -2.8109271E-02 -3.2603625E-02 -3.7324011E-02 -4.2266820E-02 -4.7427300E-02 -5.2799355E-02 -5.8375686E-02 -6.4147882E-02 -7.0106097E-02 -7.6239094E-02 -8.2534231E-02 -8.8977709E-02 -9.5554046E-02 -0.1022471 -0.1090388 -0.1159104 -0.1228415 -0.1298112 -0.1367973 -0.1437774 -0.1507280 -0.1576261 -0.1644459 -0.1711521 -0.1776982 -0.1840973 -0.1903623 -0.1964522 -0.2023330 -0.2079831 -0.2133849 -0.2185210 -0.2233761 -0.2279356
2.2740059E-02 2.2599662E-02 2.2381004E-02 2.2074988E-02 2.1672769E-02 2.1164522E-02 2.0541042E-02 1.9791769E-02 1.8907629E-02 1.7878531E-02 1.6705867E-02 1.5379292E-02 1.3859989E-02 1.2145843E-02 1.0235514E-02 8.1205042E-03 5.7927449E-03 3.2444485E-03 4.6844364E-04 -2.5417889E-03 -5.7917787E-03 -9.2858337E-03 -1.3027608E-02 -1.7019618E-02 -2.1263177E-02 -2.5758602E-02 -3.0504961E-02 -3.5500143E-02 -4.0740568E-02 -4.6221610E-02 -5.1937092E-02 -5.7879671E-02 -6.4040489E-02 -7.0409395E-02 -7.6974489E-02 -8.3722658E-02 -9.0638950E-02 -9.7707070E-02 -0.1049093 -0.1122265 -0.1196377 -0.1271214 -0.1346539 -0.1422114 -0.1497684 -0.1572996 -0.1647789 -0.1721824 -0.1794952 -0.1867148 -0.1937775 -0.2006216 -0.2072424 -0.2136315 -0.2197699 -0.2256369 -0.2312144 -0.2364845 -0.2414320
2.6030071E-02 2.5978358E-02 2.5846349E-02 2.5624938E-02 2.5303511E-02 2.4872180E-02 2.4319662E-02 2.3635758E-02 2.2808278E-02 2.1825999E-02 2.0664860E-02 1.9313093E-02 1.7790230E-02 1.6076759E-02 1.4153461E-02 1.2010010E-02 9.6367672E-03 7.0250132E-03 4.1664811E-03 1.0538264E-03 -2.3193774E-03 -5.9582759E-03 -9.8672584E-03 -1.4049467E-02 -1.8506812E-02 -2.3239946E-02 -2.8248539E-02 -3.3530630E-02 -3.9082989E-02 -4.4901099E-02 -5.0978851E-02 -5.7308622E-02 -6.3881703E-02 -7.0687316E-02 -7.7713378E-02 -8.4945776E-02 -9.2369109E-02 -9.9965684E-02 -0.1077168 -0.1156014 -0.1235973 -0.1316804 -0.1398255 -0.1480054 -0.1561927 -0.1643584 -0.1724738 -0.1805069 -0.1884155 -0.1961443 -0.2037046 -0.2111068 -0.2183025 -0.2252514 -0.2319266 -0.2383062 -0.2443688 -0.2500956 -0.2554691
2.9545534E-02 2.9594801E-02 2.9562846E-02 2.9438747E-02 2.9211940E-02 2.8870510E-02 2.8403232E-02 2.7797140E-02 2.7041033E-02 2.6122410E-02 2.5041308E-02 2.3784943E-02 2.2308832E-02 2.0609051E-02 1.8682761E-02 1.6519101E-02 1.4107698E-02 1.1438400E-02 8.5020792E-03 5.2901800E-03 1.7953689E-03 -1.9883390E-03 -6.0661463E-03 -1.0442071E-02 -1.5118392E-02 -2.0096580E-02 -2.5376620E-02 -3.0957116E-02 -3.6834963E-02 -4.3006100E-02 -4.9464326E-02 -5.6202453E-02 -6.3211210E-02 -7.0480049E-02 -7.7996090E-02 -8.5745104E-02 -9.3710512E-02 -0.1018740 -0.1102152 -0.1187121 -0.1273402 -0.1360736 -0.1448841 -0.1537425 -0.1626176 -0.1714782 -0.1802914 -0.1890269 -0.1976642 -0.2061965 -0.2145490 -0.2226493 -0.2304888 -0.2380544 -0.2453219 -0.2522656 -0.2588630 -0.2650921 -0.2709346
3.3293013E-02 3.3457316E-02 3.3539165E-02 3.3527378E-02 3.3409521E-02 3.3173420E-02 3.2805573E-02 3.2293227E-02 3.1621650E-02 3.0776788E-02 2.9730761E-02 2.8468890E-02 2.7011113E-02 2.5334151E-02 2.3415325E-02 2.1241523E-02 1.8800680E-02 1.6081369E-02 1.3073302E-02 9.7667333E-03 6.1535160E-03 2.2263033E-03 -2.0207607E-03 -6.5924018E-03 -1.1491752E-02 -1.6720930E-02 -2.2280542E-02 -2.8169552E-02 -3.4385409E-02 -4.0924363E-02 -4.7780599E-02 -5.4946903E-02 -6.2414344E-02 -7.0172124E-02 -7.8207292E-02 -8.6505122E-02 -9.5048502E-02 -0.1038182 -0.1127929 -0.1219486 -0.1312595 -0.1406969 -0.1502305 -0.1598275 -0.1694539 -0.1790741 -0.1886517 -0.1981470 -0.2075081 -0.2166696 -0.2256384 -0.2344214 -0.2429604 -0.2512070 -0.2591275 -0.2666943 -0.2738809 -0.2806643 -0.2870228
3.7281919E-02 3.7576091E-02 3.7787512E-02 3.7903499E-02 3.7911151E-02 3.7796319E-02 3.7544988E-02 3.7141845E-02 3.6572620E-02 3.5822053E-02 3.4888651E-02 3.3756766E-02 3.2374963E-02 3.0737370E-02 2.8839057E-02 2.6666583E-02 2.4206622E-02 2.1446543E-02 1.8374378E-02 1.4979450E-02 1.1252275E-02 7.1847695E-03 2.7697883E-03 -1.9979896E-03 -7.1228482E-03 -1.2607244E-02 -1.8452678E-02 -2.4658663E-02 -3.1223314E-02 -3.8143039E-02 -4.5412943E-02 -5.3025994E-02 -6.0973492E-02 -6.9244780E-02 -7.7827148E-02 -8.6705603E-02 -9.5862657E-02 -0.1052784 -0.1149305 -0.1247936 -0.1348398 -0.1450386 -0.1553563 -0.1657572 -0.1762034 -0.1866554 -0.1970724 -0.2074150 -0.2176551 -0.2277795 -0.2376995 -0.2473285 -0.2566521 -0.2656509 -0.2742940 -0.2825485 -0.2903864 -0.2977807 -0.3047087
4.1516002E-02 4.1956402E-02 4.2313866E-02 4.2575203E-02 4.2725530E-02 4.2750139E-02 4.2632688E-02 4.2357530E-02 4.1906748E-02 4.1263178E-02 4.0394068E-02 3.9281439E-02 3.7945796E-02 3.6359463E-02 3.4495596E-02 3.2337800E-02 2.9870857E-02 2.7080603E-02 2.3953931E-02 2.0478712E-02 1.6644178E-02 1.2441155E-02 7.8617018E-03 2.8992537E-03 -2.4511246E-03 -8.1928447E-03 -1.4328026E-02 -2.0856945E-02 -2.7778326E-02 -3.5089627E-02 -4.2786103E-02 -5.0861575E-02 -5.9308019E-02 -6.8115145E-02 -7.7270567E-02 -8.6759545E-02 -9.6564680E-02 -0.1066655 -0.1170390 -0.1276587 -0.1384949 -0.1495144 -0.1606813 -0.1719557 -0.1832961 -0.1946576 -0.2059943 -0.2172554 -0.2283773 -0.2392799 -0.2499644 -0.2604319 -0.2706117 -0.2804438 -0.2898856 -0.2989020 -0.3074594 -0.3155294 -0.3230855
4.6000566E-02 4.6604410E-02 4.7126248E-02 4.7551118E-02 4.7863472E-02 4.8046269E-02 4.8082672E-02 4.7954023E-02 4.7642738E-02 4.7130268E-02 4.6413358E-02 4.5472872E-02 4.4249415E-02 4.2734541E-02 4.0921409E-02 3.8793135E-02 3.6333073E-02 3.3525411E-02 3.0355528E-02 2.6809983E-02 2.2876821E-02 1.8545566E-02 1.3807160E-02 8.6542452E-03 3.0807918E-03 -2.9173214E-03 -9.3431910E-03 -1.6197795E-02 -2.3480713E-02 -3.1190135E-02 -3.9322533E-02 -4.7872424E-02 -5.6832634E-02 -6.6193916E-02 -7.5944677E-02 -8.6070850E-02 -9.6555449E-02 -0.1073783 -0.1185158 -0.1299409 -0.1416220 -0.1535241 -0.1656079 -0.1778303 -0.1901443 -0.2025009 -0.2148475 -0.2271333 -0.2393195 -0.2513834 -0.2632174 -0.2747171 -0.2858590 -0.2966144 -0.3069429 -0.3168027 -0.3261577 -0.3349747 -0.3432257
5.0733071E-02 5.1519290E-02 5.2224427E-02 5.2832860E-02 5.3326901E-02 5.3688895E-02 5.3899154E-02 5.3938620E-02 5.3785592E-02 5.3419232E-02 5.2801020E-02 5.1909126E-02 5.0765276E-02 4.9336664E-02 4.7591291E-02 4.5509253E-02 4.3071657E-02 4.0261086E-02 3.7061483E-02 3.3457845E-02 2.9436942E-02 2.4987048E-02 2.0098245E-02 1.4761882E-02 8.9712208E-03 2.7210917E-03 -3.9923005E-03 -1.1170912E-02 -1.8815301E-02 -2.6924815E-02 -3.5496965E-02 -4.4527393E-02 -5.4010682E-02 -6.3938625E-02 -7.4301288E-02 -8.5085750E-02 -9.6276455E-02 -0.1078537 -0.1197945 -0.1320711 -0.1446514 -0.1574979 -0.1705690 -0.1838168 -0.1971903 -0.2106332 -0.2240865 -0.2374853 -0.2507487 -0.2637771 -0.2765628 -0.2890984 -0.3012948 -0.3130769 -0.3243890 -0.3351860 -0.3454250 -0.3550703 -0.3640897
5.5712219E-02 5.6700036E-02 5.7609078E-02 5.8421504E-02 5.9119031E-02 5.9681118E-02 6.0087640E-02 6.0315911E-02 6.0344744E-02 6.0151532E-02 5.9731282E-02 5.9060927E-02 5.8071584E-02 5.6752410E-02 5.5094201E-02 5.3076316E-02 5.0678443E-02 4.7881357E-02 4.4667374E-02 4.1020114E-02 3.6924928E-02 3.2369025E-02 2.7341234E-02 2.1832179E-02 1.5834069E-02 9.3408627E-03 2.3479108E-03 -5.1476294E-03 -1.3147481E-02 -2.1652203E-02 -3.0660678E-02 -4.0170483E-02 -5.0177727E-02 -6.0676575E-02 -7.1659081E-02 -8.3114855E-02 -9.5029965E-02 -0.1073870 -0.1201639 -0.1333337 -0.1468635 -0.1607153 -0.1748437 -0.1891979 -0.2037202 -0.2183492 -0.2330170 -0.2476566 -0.2622139 -0.2766520 -0.2908379 -0.3046416 -0.3180262 -0.3309500 -0.3433580 -0.3551961 -0.3664180 -0.3769818 -0.3868534
6.0925517E-02 6.2135819E-02 6.3269481E-02 6.4307965E-02 6.5230280E-02 6.6015415E-02 6.6639565E-02 6.7079961E-02 6.7310482E-02 6.7306139E-02 6.7021772E-02 6.6431373E-02 6.5558642E-02 6.4365208E-02 6.2813170E-02 6.0878694E-02 5.8538988E-02 5.5773325E-02 5.2562263E-02 4.8887998E-02 4.4734709E-02 4.0088385E-02 3.4936845E-02 2.9269770E-02 2.3078615E-02 1.6356561E-02 9.0982299E-03 1.2997771E-03 -7.0415903E-03 -1.5927851E-02 -2.5359774E-02 -3.5337009E-02 -4.5858234E-02 -5.6920320E-02 -6.8518870E-02 -8.0646366E-02 -9.3292817E-02 -0.1064433 -0.1200790 -0.1341744 -0.1486980 -0.1636103 -0.1788650 -0.1944061 -0.2101715 -0.2260906 -0.2420873 -0.2580763 -0.2739532 -0.2895907 -0.3049663 -0.3200580 -0.3347519 -0.3489496 -0.3625785 -0.3755777 -0.3878928 -0.3994782 -0.4102944
6.6359989E-02 6.7813300E-02 6.9193564E-02 7.0479617E-02 7.1649633E-02 7.2679169E-02 7.3544055E-02 7.4217193E-02 7.4673437E-02 7.4885659E-02 7.4847713E-02 7.4532092E-02 7.3859081E-02 7.2815455E-02 7.1390010E-02 6.9558166E-02 6.7296021E-02 6.4580821E-02 6.1391678E-02 5.7709452E-02 5.3516869E-02 4.8799001E-02 4.3542754E-02 3.7737120E-02 3.1373024E-02 2.4442865E-02 1.6940851E-02 8.8621862E-03 2.0298176E-04 -9.0404181E-03 -1.8870529E-02 -2.9289769E-02 -4.0299866E-02 -5.1902141E-02 -6.4095765E-02 -7.6878771E-02 -9.0245739E-02 -0.1041872 -0.1186884 -0.1337281 -0.1492768 -0.1652966 -0.1817392 -0.1985463 -0.2156489 -0.2329696 -0.2504206 -0.2679123 -0.2853677 -0.3027279 -0.3198228 -0.3364861 -0.3526596 -0.3682810 -0.3832752 -0.3975700 -0.4111047 -0.4238265 -0.4356933
7.1987323E-02 7.3705353E-02 7.5353287E-02 7.6909132E-02 7.8347743E-02 7.9643875E-02 8.0769375E-02 8.1697144E-02 8.2396276E-02 8.2837574E-02 8.2968503E-02 8.2759045E-02 8.2236521E-02 8.1356637E-02 8.0075368E-02 7.8365289E-02 7.6199785E-02 7.3554799E-02 7.0407808E-02 6.6738248E-02 6.2527947E-02 5.7760928E-02 5.2423403E-02 4.6503961E-02 3.9993156E-02 3.2883488E-02 2.5168318E-02 1.6842574E-02 7.9012476E-03 -1.6604783E-03 -1.1847798E-02 -2.2665923E-02 -3.4120794E-02 -4.6218190E-02 -5.8963846E-02 -7.2361998E-02 -8.6414956E-02 -0.1011201 -0.1164707 -0.1324512 -0.1490379 -0.1661953 -0.1838766 -0.2020205 -0.2205534 -0.2393872 -0.2584231 -0.2775475 -0.2966212 -0.3154768 -0.3340668 -0.3523445 -0.3701578 -0.3873754 -0.4038980 -0.4196435 -0.4345400 -0.4485297 -0.4615641
7.7775292E-02 7.9778373E-02 8.1715345E-02 8.3560988E-02 8.5289009E-02 8.6870126E-02 8.8275678E-02 8.9473769E-02 9.0434775E-02 9.1127679E-02 9.1546096E-02 9.1659062E-02 9.1374226E-02 9.0677619E-02 8.9557104E-02 8.7984972E-02 8.5934021E-02 8.3378345E-02 8.0294050E-02 7.6659374E-02 7.2455153E-02 6.7664772E-02 6.2274046E-02 5.6271512E-02 4.9647737E-02 4.2395413E-02 3.4508459E-02 2.5981246E-02 1.6808625E-02 6.9840113E-03 -3.4995610E-03 -1.4651101E-02 -2.6480993E-02 -3.9001554E-02 -5.2225754E-02 -6.6167168E-02 -8.0837689E-02 -9.6246272E-02 -0.1123960 -0.1292823 -0.1468896 -0.1651900 -0.1841391 -0.2036767 -0.2237229 -0.2441824 -0.2649414 -0.2858779 -0.3068798 -0.3278534 -0.3485726 -0.3688162 -0.3884909 -0.4075019 -0.4257425 -0.4431142 -0.4595364 -0.4749413 -0.4892772
8.3672039E-02 8.5980378E-02 8.8225253E-02 9.0379581E-02 9.2413150E-02 9.4295472E-02 9.5993221E-02 9.7474433E-02 9.8703876E-02 9.9648394E-02 0.1002486 0.1004714 0.1003523 9.9841692E-02 9.8890603E-02 9.7468495E-02 9.5546260E-02 9.3096785E-02 9.0094961E-02 8.6517826E-02 8.2345381E-02 7.7560663E-02 7.2149493E-02 6.6100597E-02 5.9405483E-02 5.2057698E-02 4.4052094E-02 3.5383970E-02 2.6048021E-02 1.6037166E-02 5.3421133E-03 -6.0492661E-03 -1.8153107E-02 -3.0988690E-02 -4.4579063E-02 -5.8949042E-02 -7.4124366E-02 -9.0128392E-02 -0.1069802 -0.1246904 -0.1432579 -0.1626660 -0.1828793 -0.2038395 -0.2254660 -0.2476525 -0.2702708 -0.2931673 -0.3161509 -0.3389922 -0.3616006 -0.3838862 -0.4056375 -0.4266708 -0.4468453 -0.4660473 -0.4841801 -0.5011692 -0.5169557
8.9616634E-02 9.2247516E-02 9.4817154E-02 9.7294047E-02 9.9645905E-02 0.1018372 0.1038337 0.1055983 0.1070978 0.1082985 0.1091974 0.1097627 0.1098899 0.1095676 0.1087866 0.1075177 0.1057321 0.1034014 0.1004992 9.7001508E-02 9.2887767E-02 8.8140622E-02 8.2746223E-02 7.6694317E-02 6.9978118E-02 6.2593162E-02 5.4536179E-02 4.5804355E-02 3.6393829E-02 2.6297687E-02 1.5505427E-02 4.0015671E-03 -8.2354061E-03 -2.1233574E-02 -3.5027090E-02 -4.9655907E-02 -6.5162778E-02 -8.1591472E-02 -9.8982453E-02 -0.1173691 -0.1367716 -0.1571931 -0.1786126 -0.2009821 -0.2242212 -0.2482179 -0.2728273 -0.2978814 -0.3232141 -0.3486731 -0.3739439 -0.3987167 -0.4228382 -0.4461578 -0.4685194 -0.4897839 -0.5098414 -0.5286047 -0.5460118
9.5520772E-02 9.8489411E-02 0.1013952 0.1042040 0.1068772 0.1093773 0.1116639 0.1137003 0.1154473 0.1168711 0.1179075 0.1185262 0.1187795 0.1186171 0.1179883 0.1168630 0.1152111 0.1130037 0.1102132 0.1068145 0.1027860 9.8110177E-02 9.2774101E-02 8.6769342E-02 8.0091320E-02 7.2739139E-02 6.4712927E-02 5.6013793E-02 4.6640683E-02 3.6588799E-02 2.5847625E-02 1.4399807E-02 2.2180611E-03 -1.0734402E-02 -2.4505263E-02 -3.9151590E-02 -5.4738786E-02 -7.1336098E-02 -8.9014135E-02 -0.1078370 -0.1278579 -0.1491088 -0.1715961 -0.1952889 -0.2201173 -0.2459648 -0.2726711 -0.3000273 -0.3277632 -0.3555502 -0.3832198 -0.4106030 -0.4373880 -0.4633042 -0.4881437 -0.5117422 -0.5339674 -0.5547234 -0.5739403
0.1012814 0.1045974 0.1078461 0.1109858 0.1139742 0.1167654 0.1193175 0.1215870 0.1235392 0.1251423 0.1264056 0.1273056 0.1277311 0.1276840 0.1271661 0.1261525 0.1246148 0.1225231 0.1198481 0.1165628 0.1126443 0.1080747 0.1028420 9.6940458E-02 9.0369232E-02 8.3132178E-02 7.5235382E-02 6.6685744E-02 5.7487935E-02 4.7641717E-02 3.7139446E-02 2.5963038E-02 1.4081808E-02 1.4498830E-03 -1.1994224E-02 -2.6328187E-02 -4.1643228E-02 -5.8042493E-02 -7.5634152E-02 -9.4526522E-02 -0.1148170 -0.1365847 -0.1598757 -0.1846951 -0.2109929 -0.2386614 -0.2675267 -0.2973614 -0.3279151 -0.3589357 -0.3899596 -0.4205264 -0.4503714 -0.4792449 -0.5069057 -0.5331500 -0.5578254 -0.5808197 -0.6020617
0.1067570 0.1104252 0.1140134 0.1174733 0.1207520 0.1237979 0.1265592 0.1289924 0.1310571 0.1327257 0.1339396 0.1346867 0.1350598 0.1350220 0.1345313 0.1335654 0.1320969 0.1300943 0.1275254 0.1243599 0.1205720 0.1161429 0.1110616 0.1053251 9.8937824E-02 9.1910712E-02 8.4258169E-02 7.5996384E-02 6.7139506E-02 5.7695203E-02 4.7662526E-02 3.7026942E-02 2.5756331E-02 1.3798453E-02 1.0779594E-03 -1.2503704E-02 -2.7068961E-02 -4.2759512E-02 -5.9733097E-02 -7.8153543E-02 -9.8182678E-02 -0.1199641 -0.1436104 -0.1691822 -0.1966757 -0.2260044 -0.2569931 -0.2893683 -0.3227414 -0.3566193 -0.3906878 -0.4246245 -0.4579347 -0.4901926 -0.5210727 -0.5503287 -0.5777751 -0.6032898 -0.6267954
0.1117829 0.1157992 0.1197142 0.1234657 0.1269901 0.1302204 0.1330972 0.1355666 0.1375949 0.1391639 0.1403192 0.1410744 0.1413336 0.1411420 0.1405350 0.1395027 0.1380204 0.1360533 0.1335625 0.1305113 0.1268682 0.1226116 0.1177304 0.1122253 0.1061073 9.9396661E-02 9.2119582E-02 8.4305629E-02 7.5982861E-02 6.7172922E-02 5.7886656E-02 4.8118480E-02 3.7840616E-02 2.6998367E-02 1.5506614E-02 3.2458454E-03 -9.9373981E-03 -2.4230126E-02 -3.9847150E-02 -5.7024464E-02 -7.6006263E-02 -9.7029984E-02 -0.1203031 -0.1459817 -0.1741402 -0.2047506 -0.2376580 -0.2725828 -0.3091572 -0.3469570 -0.3852521 -0.4233006 -0.4606166 -0.4967587 -0.5313304 -0.5640191 -0.5946091 -0.6229594 -0.6489974
0.1161414 0.1204941 0.1247075 0.1287039 0.1323968 0.1357015 0.1385362 0.1408396 0.1425700 0.1437236 0.1442794 0.1442945 0.1439677 0.1433221 0.1423548 0.1410671 0.1394332 0.1374092 0.1349428 0.1319838 0.1284900 0.1244332 0.1198008 0.1145965 0.1088393 0.1025616 9.5805556E-02 8.8619210E-02 8.1050657E-02 7.3142402E-02 6.4925015E-02 5.6410022E-02 4.7582250E-02 3.8392935E-02 2.8753376E-02 1.8530106E-02 7.5401738E-03 -4.4474844E-03 -1.7712452E-02 -3.2573473E-02 -4.9380030E-02 -6.8491697E-02 -9.0255871E-02 -0.1149708 -0.1428515 -0.1739806 -0.2082748 -0.2454430 -0.2849516 -0.3260387 -0.3681040 -0.4105049 -0.4523800 -0.4929970 -0.5318082 -0.5684233 -0.6025780 -0.6341226 -0.6629866
0.1195781 0.1242431 0.1287128 0.1328798 0.1366287 0.1398356 0.1423892 0.1441959 0.1452151 0.1454660 0.1450993 0.1442606 0.1429627 0.1413879 0.1396658 0.1378195 0.1358169 0.1335908 0.1310613 0.1281513 0.1247989 0.1209628 0.1166251 0.1117920 0.1064914 0.1007710 9.4693296E-02 8.8330641E-02 8.1759274E-02 7.5051054E-02 6.8266973E-02 6.1446387E-02 5.4599203E-02 4.7694985E-02 4.0655211E-02 3.3343162E-02 2.5558891E-02 1.7032959E-02 7.4265990E-03 -3.6688056E-03 -1.6720593E-02 -3.2242574E-02 -5.0765276E-02 -7.2801255E-02 -9.8786317E-02 -0.1290191 -0.1635803 -0.2022846 -0.2446828 -0.2900912 -0.3372827 -0.3849398 -0.4320856 -0.4778612 -0.5215566 -0.5626612 -0.6008630 -0.6359962 -0.6680102
0.1217628 0.1267069 0.1313700 0.1356074 0.1392483 0.1421128 0.1440179 0.1448184 0.1444335 0.1429080 0.1403604 0.1371049 0.1336824 0.1303462 0.1272209 0.1243419 0.1216419 0.1189992 0.1162760 0.1133467 0.1101129 0.1065099 0.1025088 9.8115928E-02 9.3369044E-02 8.8334158E-02 8.3098590E-02 7.7767119E-02 7.2451890E-02 6.7266077E-02 6.2312137E-02 5.7673525E-02 5.3400289E-02 4.9500074E-02 4.5922536E-02 4.2551383E-02 3.9189123E-02 3.5552539E-02 3.1259097E-02 2.5828091E-02 1.8673671E-02 9.1185793E-03 -3.5947189E-03 -2.0259432E-02 -4.1652285E-02 -6.8432748E-02 -0.1010300 -0.1394892 -0.1833147 -0.2314176 -0.2826622 -0.3356779 -0.3887609 -0.4404745 -0.4897865 -0.5360274 -0.5788097 -0.6179674 -0.6534736
0.1223067 0.1274835 0.1322625 0.1364349 0.1397534 0.1419277 0.1426540 0.1416463 0.1387359 0.1339712 0.1278106 0.1209297 0.1138955 0.1073990 0.1018184 9.7174644E-02 9.3296871E-02 8.9935817E-02 8.6839914E-02 8.3795421E-02 8.0641203E-02 7.7274159E-02 7.3645800E-02 6.9758877E-02 6.5660857E-02 6.1438557E-02 5.7210751E-02 5.3120825E-02 4.9327943E-02 4.5997508E-02 4.3290131E-02 4.1348908E-02 4.0287014E-02 4.0171716E-02 4.1011952E-02 4.2740863E-02 4.5203745E-02 4.8140343E-02 5.1173612E-02 5.3790957E-02 5.5335555E-02 5.4990735E-02 5.1783726E-02 4.4592518E-02 3.2198291E-02 1.3369368E-02 -1.2964848E-02 -4.7498524E-02 -9.0329580E-02 -0.1407710 -0.1967961 -0.2558025 -0.3155266 -0.3740045 -0.4297550 -0.4818425 -0.5297930 -0.5734344 -0.6127948
0.1207003 0.1260581 0.1308567 0.1348047 0.1375243 0.1385541 0.1373413 0.1333104 0.1259805 0.1152684 0.1017163 8.6803272E-02 7.2616033E-02 6.0424652E-02 5.0654683E-02 4.3141469E-02 3.7410390E-02 3.2930799E-02 2.9233377E-02 2.5951259E-02 2.2823503E-02 1.9686272E-02 1.6459918E-02 1.3138447E-02 9.7785378E-03 6.4905733E-03 3.4291532E-03 7.8505836E-04 -1.2256905E-03 -2.3713335E-03 -2.4185518E-03 -1.1422671E-03 1.6550766E-03 6.1327592E-03 1.2391341E-02 2.0460226E-02 3.0276436E-02 4.1671541E-02 5.4346211E-02 6.7854233E-02 8.1567578E-02 9.4653063E-02 0.1060264 0.1143280 0.1178912 0.1147806 0.1029008 8.0318287E-02 4.5842025E-02 -2.7874488E-04 -5.6594521E-02 -0.1200915 -0.1866323 -0.2526351 -0.3156708 -0.3743679 -0.4280955 -0.4766985 -0.5202690
0.1163354 0.1218145 0.1265325 0.1300719 0.1318768 0.1311905 0.1270294 0.1181562 0.1032739 8.1588216E-02 5.4150403E-02 2.4453387E-02 -3.1983946E-03 -2.5704131E-02 -4.2484399E-02 -5.4476552E-02 -6.2954433E-02 -6.9045648E-02 -7.3613323E-02 -7.7272907E-02 -8.0437027E-02 -8.3357774E-02 -8.6159728E-02 -8.8864103E-02 -9.1406167E-02 -9.3650423E-02 -9.5400587E-02 -9.6411869E-02 -9.6400246E-02 -9.5056348E-02 -9.2054881E-02 -8.7071724E-02 -7.9795323E-02 -6.9945820E-02 -5.7286747E-02 -4.1644767E-02 -2.2920152E-02 -1.1088792E-03 2.3686118E-02 5.1224001E-02 8.1104785E-02 0.1127142 0.1451728 0.1772314 0.2071632 0.2325916 0.2503603 0.2564678 0.2463837 0.2163605 0.1666815 0.1022034 2.9802881E-02 -4.4108253E-02 -0.1152160 -0.1812677 -0.2413833 -0.2954018 -0.3435272
