T4-twomodels-1/gz/model150.grd
DSAA
         100         100
  -15.00000       15.00000    
  -15.00000       15.00000    
  -3.056788       6.020204    
[rows 54 to 80 of 100, columns 0 to 58 of 100]
4.8057899E-02 5.6615960E-02 6.1354622E-02 6.1450809E-02 5.2377511E-02 3.0543841E-02 -1.5199254E-02 -9.9708609E-02 -0.2621651 -0.5743101 -1.158475 -1.900067 -2.425533 -2.701845 -2.848019 -2.928274 -2.974133 -3.000196 -3.014572 -3.021594 -3.023804 -3.022622 -3.018720 -3.012319 -3.003234 -2.991007 -2.974936 -2.954081 -2.927381 -2.893512 -2.851158 -2.798695 -2.734633 -2.657103 -2.564483 -2.454637 -2.325741 -2.175192 -2.000645 -1.798482 -1.565023 -1.294326 -0.9793578 -0.6085288 -0.1658244 0.3759662 1.060260 1.960405 3.168081 4.582051 5.632236 6.009266 5.983507 5.828796 5.654647 5.489724 5.343696 5.215446 5.105220
4.5489777E-02 5.3844463E-02 5.8377162E-02 5.8265567E-02 4.8986498E-02 2.6948284E-02 -1.8992670E-02 -0.1036969 -0.2663369 -0.5786552 -1.162895 -1.904461 -2.430020 -2.706488 -2.852817 -2.933226 -2.979234 -3.005446 -3.019968 -3.027133 -3.029484 -3.028441 -3.024677 -3.018416 -3.009472 -2.997391 -2.981470 -2.960775 -2.934243 -2.900552 -2.858382 -2.806107 -2.742231 -2.664877 -2.572413 -2.462691 -2.333868 -2.183326 -2.008700 -1.806354 -1.572587 -1.301442 -0.9858719 -0.6142812 -0.1706495 0.3722234 1.057746 1.959231 3.168244 4.583336 5.634678 6.013150 5.988936 5.835741 5.663038 5.499478 5.354714 5.227629 5.118457
4.2626217E-02 5.0748698E-02 5.5046916E-02 5.4703165E-02 4.5194291E-02 2.2935681E-02 -2.3219526E-02 -0.1081244 -0.2709584 -0.5834638 -1.167976 -1.909904 -2.435694 -2.712323 -2.858810 -2.939376 -2.985545 -3.011918 -3.026602 -3.033932 -3.036449 -3.035573 -3.031981 -3.025897 -3.017138 -3.005253 -2.989544 -2.969075 -2.942790 -2.909365 -2.867482 -2.815510 -2.751949 -2.674912 -2.582754 -2.473311 -2.344722 -2.194342 -2.019783 -1.817380 -1.583406 -1.311879 -0.9957320 -0.6233510 -0.1787129 0.3653842 1.052332 1.955437 3.166321 4.583687 5.637375 6.017928 5.995649 5.844316 5.673393 5.511504 5.368290 5.242620 5.134731
3.9574087E-02 4.7439106E-02 5.1482141E-02 5.0887164E-02 4.1139081E-02 1.8651901E-02 -2.7712528E-02 -0.1128112 -0.2758158 -0.5884711 -1.173023 -1.914881 -2.440729 -2.717486 -2.864109 -2.944821 -2.991143 -3.017680 -3.032537 -3.040047 -3.042752 -3.042074 -3.038690 -3.032826 -3.024304 -3.012676 -2.997251 -2.977096 -2.951159 -2.918120 -2.876661 -2.825152 -2.762084 -2.685563 -2.593930 -2.485002 -2.356890 -2.206926 -2.032680 -1.830456 -1.596486 -1.324750 -1.008148 -0.6350409 -0.1893877 0.3560131 1.044543 1.949463 3.162262 4.581394 5.636938 6.019680 5.999702 5.850622 5.681844 5.521967 5.380611 5.256638 5.150276
3.6452197E-02 4.4042222E-02 4.7815289E-02 4.6964850E-02 3.6977258E-02 1.4277827E-02 -3.2272842E-02 -0.1175230 -0.2806532 -0.5934100 -1.178144 -1.920278 -2.446264 -2.723095 -2.869804 -2.950621 -2.997072 -3.023758 -3.038785 -3.046484 -3.049397 -3.048945 -3.045806 -3.040212 -3.031986 -3.020689 -3.005636 -2.985901 -2.960440 -2.927939 -2.887084 -2.836244 -2.773910 -2.698176 -2.607372 -2.499290 -2.372016 -2.222841 -2.049295 -1.847631 -1.614027 -1.342409 -1.025626 -0.6519927 -0.2054393 0.3412528 1.031456 1.938421 3.153678 4.575818 5.634529 6.020203 6.003014 5.856627 5.690414 5.532932 5.393780 5.271805 5.167236
3.3425704E-02 4.0728204E-02 4.4229627E-02 4.3129690E-02 3.2927353E-02 1.0052836E-02 -3.6621582E-02 -0.1219449 -0.2850918 -0.5978160 -1.182379 -1.924218 -2.450056 -2.726834 -2.873527 -2.954370 -3.000890 -3.027689 -3.042869 -3.050756 -3.053890 -3.053690 -3.050837 -3.045564 -3.037704 -3.026821 -3.012244 -2.993058 -2.968228 -2.936451 -2.896422 -2.846515 -2.785222 -2.710632 -2.621058 -2.514275 -2.388333 -2.240483 -2.068201 -1.867676 -1.635013 -1.364061 -1.047591 -0.6738476 -0.2266999 0.3211042 1.012946 1.922029 3.139725 4.564317 5.625710 6.014501 6.000578 5.857391 5.694216 5.539563 5.402998 5.283359 5.180871
3.0679887E-02 3.7694301E-02 4.0932886E-02 3.9611243E-02 2.9240340E-02 6.2683830E-03 -4.0422939E-02 -0.1256710 -0.2886585 -0.6011514 -1.185540 -1.927298 -2.452915 -2.729440 -2.875942 -2.956673 -3.003160 -3.030003 -3.045294 -3.053354 -3.056712 -3.056788 -3.054258 -3.049363 -3.041941 -3.031571 -3.017590 -2.999101 -2.975084 -2.944256 -2.905322 -2.856671 -2.796800 -2.723799 -2.635974 -2.531077 -2.407131 -2.261336 -2.091110 -1.892561 -1.661704 -1.392280 -1.076948 -0.7038363 -0.2567155 0.2917464 0.9849675 1.896158 3.116726 4.545068 5.610588 6.003378 5.993349 5.853941 5.694352 5.543019 5.409475 5.292541 5.192449
2.8459892E-02 3.5194006E-02 3.8196448E-02 3.6701165E-02 2.6245276E-02 3.2996060E-03 -4.3227151E-02 -0.1281623 -0.2906787 -0.6025606 -1.186128 -1.926906 -2.451738 -2.727645 -2.873661 -2.954048 -3.000336 -3.027109 -3.042442 -3.050638 -3.054215 -3.054582 -3.052415 -3.047955 -3.041052 -3.031296 -3.018045 -3.000420 -2.977426 -2.947802 -2.910279 -2.863264 -2.805273 -2.734406 -2.648968 -2.546703 -2.425603 -2.282829 -2.115731 -1.920330 -1.692529 -1.425932 -1.113039 -0.7418096 -0.2958413 0.2523432 0.9462667 1.859152 3.082241 4.513543 5.582613 5.979656 5.974147 5.839192 5.683813 5.536363 5.406321 5.292501 5.195142
2.7049007E-02 3.3523958E-02 3.6331989E-02 3.4741290E-02 2.4324330E-02 1.5990576E-03 -4.4487044E-02 -0.1287186 -0.2902654 -0.6009350 -1.183241 -1.922830 -2.446367 -2.721070 -2.866119 -2.945801 -2.991630 -3.018158 -3.033425 -3.041700 -3.045473 -3.046140 -3.044369 -3.040404 -3.034102 -3.025072 -3.012692 -2.996113 -2.974371 -2.946237 -2.910477 -2.865534 -2.809951 -2.741854 -2.659567 -2.560835 -2.443640 -2.305113 -2.142546 -1.951875 -1.728879 -1.467002 -1.158538 -0.7912052 -0.3483352 0.1978212 0.8910112 1.804614 3.029994 4.465263 5.539302 5.941563 5.941355 5.811614 5.661167 5.518229 5.392231 5.281968 5.187708
2.6811752E-02 3.3058368E-02 3.5735428E-02 3.4155816E-02 2.3956714E-02 1.7270913E-03 -4.3494537E-02 -0.1264197 -0.2861574 -0.5945426 -1.174087 -1.910659 -2.431514 -2.703987 -2.847283 -2.925693 -2.970677 -2.996709 -3.011755 -3.020022 -3.023956 -3.024921 -3.023575 -3.020160 -3.014542 -3.006350 -2.994989 -2.979647 -2.959397 -2.933059 -2.899444 -2.857046 -2.804458 -2.739850 -2.661584 -2.567437 -2.455409 -2.322625 -2.166351 -1.982461 -1.766628 -1.512134 -1.211042 -0.8507619 -0.4142367 0.1267216 0.8163146 1.728274 2.954028 4.391327 5.469096 5.876640 5.882437 5.758756 5.614047 5.476334 5.354965 5.248739 5.157955
2.8179448E-02 3.4242101E-02 3.6866266E-02 3.5438873E-02 2.5689673E-02 4.3420121E-03 -3.9407820E-02 -0.1200783 -0.2766352 -0.5808818 -1.155689 -1.887424 -2.403591 -2.672073 -2.812331 -2.888600 -2.932182 -2.957376 -2.971996 -2.980142 -2.984183 -2.985437 -2.984537 -2.981721 -2.976867 -2.969622 -2.959427 -2.945511 -2.926999 -2.902766 -2.871690 -2.832332 -2.783356 -2.723003 -2.649710 -2.561315 -2.455882 -2.330580 -2.182708 -2.008138 -1.802504 -1.558982 -1.269445 -0.9209867 -0.4960824 3.4104660E-02 0.7145677 1.619905 2.842363 4.280271 5.361788 5.774928 5.787359 5.670596 5.532501 5.400778 5.284671 5.182979 5.096065
3.1711325E-02 3.7637401E-02 4.0304080E-02 3.9192475E-02 3.0184770E-02 1.0214374E-02 -3.1206317E-02 -0.1081940 -0.2592503 -0.5559092 -1.121207 -1.842650 -2.349626 -2.610904 -2.746011 -2.818847 -2.860261 -2.884171 -2.898113 -2.905999 -2.910080 -2.911604 -2.911166 -2.908994 -2.904973 -2.898777 -2.889885 -2.877574 -2.861031 -2.839204 -2.811050 -2.775219 -2.730469 -2.675148 -2.607797 -2.526373 -2.429054 -2.313135 -2.176032 -2.013735 -1.821972 -1.593983 -1.321624 -0.9918477 -0.5867706 -7.6874256E-02 0.5839653 1.471933 2.681027 4.110800 5.190260 5.606761 5.625700 5.516549 5.385938 5.261005 5.150804 5.054148 4.971478
3.8080312E-02 4.3924060E-02 4.6728995E-02 4.6114486E-02 3.8170770E-02 2.0178223E-02 -1.7805912E-02 -8.9024253E-02 -0.2307518 -0.5132548 -1.059749 -1.760711 -2.249640 -2.497758 -2.624309 -2.691874 -2.730141 -2.752241 -2.765221 -2.772697 -2.776746 -2.778514 -2.778546 -2.777053 -2.773926 -2.768867 -2.761395 -2.750847 -2.736481 -2.717328 -2.692441 -2.660579 -2.620624 -2.571055 -2.510568 -2.437285 -2.349574 -2.244942 -2.121052 -1.974174 -1.800360 -1.593210 -1.344973 -1.042976 -0.6696105 -0.1953125 0.4267641 1.274868 2.447143 3.849125 4.913655 5.327059 5.350531 5.249116 5.126732 5.009340 4.905663 4.814512 4.736442
4.8101135E-02 5.3905442E-02 5.6943320E-02 5.6990143E-02 5.0439313E-02 3.5046812E-02 1.7895363E-03 -6.0942441E-02 -0.1873493 -0.4430619 -0.9481124 -1.601001 -2.051258 -2.275246 -2.388127 -2.448085 -2.482097 -2.501839 -2.513577 -2.520499 -2.524445 -2.526430 -2.526935 -2.526146 -2.523959 -2.520103 -2.514146 -2.505486 -2.493462 -2.477198 -2.455859 -2.428330 -2.393638 -2.350428 -2.297585 -2.233450 -2.156651 -2.065006 -1.956560 -1.828062 -1.676172 -1.495277 -1.278654 -1.014980 -0.6883936 -0.2715009 0.2802283 1.043862 2.121454 3.434114 4.437736 4.825787 4.846833 4.752064 4.638321 4.529107 4.432481 4.347240 4.274059
6.2382080E-02 6.8154767E-02 7.1523786E-02 7.2326958E-02 6.7469016E-02 5.5158187E-02 2.7873460E-02 -2.3602275E-02 -0.1269896 -0.3350107 -0.7483823 -1.285244 -1.653299 -1.836022 -1.928992 -1.978990 -2.007732 -2.024665 -2.034933 -2.041189 -2.044977 -2.047157 -2.048135 -2.048061 -2.046843 -2.044233 -2.039851 -2.033162 -2.023589 -2.010361 -1.992760 -1.969815 -1.940709 -1.904284 -1.859631 -1.805368 -1.740422 -1.663022 -1.571691 -1.463856 -1.337028 -1.186843 -1.008272 -0.7925808 -0.5277351 -0.1924606 0.2480540 0.8560786 1.719019 2.782499 3.595721 3.899901 3.902743 3.812000 3.706872 3.606308 3.517076 3.438073 3.369956
7.9835199E-02 8.5497290E-02 8.9335606E-02 9.0835780E-02 8.7945491E-02 7.8819513E-02 5.8386777E-02 1.9618241E-02 -5.4926250E-02 -0.1966432 -0.4554755 -0.7806774 -1.015190 -1.142082 -1.210755 -1.249430 -1.272325 -1.286216 -1.294896 -1.300428 -1.304031 -1.306390 -1.307836 -1.308481 -1.308239 -1.306894 -1.304106 -1.299427 -1.292342 -1.282223 -1.268427 -1.250194 -1.226799 -1.197373 -1.161135 -1.117109 -1.064423 -1.001905 -0.9284499 -0.8424467 -0.7421948 -0.6250662 -0.4878844 -0.3255785 -0.1311119 0.1071603 0.4075400 0.7997329 1.317626 1.910349 2.339390 2.480025 2.447172 2.358203 2.261342 2.169816 2.087991 2.015531 1.952435
9.6235774E-02 0.1018157 0.1060726 0.1082964 0.1072838 0.1013328 8.7493822E-02 6.1067805E-02 1.3685646E-02 -6.7276821E-02 -0.1918990 -0.3370936 -0.4544562 -0.5298105 -0.5754213 -0.6031316 -0.6203309 -0.6312367 -0.6383553 -0.6431738 -0.6465923 -0.6491276 -0.6510363 -0.6523914 -0.6531147 -0.6530184 -0.6518089 -0.6491181 -0.6444994 -0.6374555 -0.6274363 -0.6138645 -0.5961344 -0.5736334 -0.5457404 -0.5118356 -0.4712915 -0.4234661 -0.3676787 -0.3031797 -0.2291009 -0.1443902 -4.7714997E-02 6.2662192E-02 0.1890672 0.3345653 0.5029473 0.6970481 0.9106910 1.105645 1.215241 1.218480 1.155436 1.068914 0.9804648 0.8978732 0.8234892 0.7574916 0.6994607
0.1084310 0.1139798 0.1185126 0.1214670 0.1220165 0.1189885 0.1106319 9.4431505E-02 6.6899419E-02 2.4421211E-02 -3.3380266E-02 -9.7644567E-02 -0.1538989 -0.1954006 -0.2236057 -0.2422352 -0.2545323 -0.2627792 -0.2684982 -0.2726771 -0.2759416 -0.2786625 -0.2810241 -0.2830692 -0.2847274 -0.2858354 -0.2861522 -0.2853715 -0.2831339 -0.2790382 -0.2726550 -0.2635387 -0.2512433 -0.2353327 -0.2153983 -0.1910635 -0.1620001 -0.1279267 -8.8623077E-02 -4.3926574E-02 6.2478706E-03 6.1900638E-02 0.1228966 0.1889050 0.2592369 0.3325750 0.4063701 0.4757084 0.5314828 0.5597439 0.5477331 0.4971733 0.4235187 0.3422459 0.2625374 0.1884617 0.1214202 6.1571851E-02 8.6025801E-03
0.1163355 0.1218143 0.1265323 0.1300717 0.1318764 0.1311900 0.1270291 0.1181559 0.1032740 8.1588589E-02 5.4150656E-02 2.4453156E-02 -3.1991629E-03 -2.5704900E-02 -4.2485025E-02 -5.4477435E-02 -6.2955216E-02 -6.9046214E-02 -7.3613785E-02 -7.7273369E-02 -8.0437586E-02 -8.3358683E-02 -8.6160913E-02 -8.8865384E-02 -9.1407545E-02 -9.3651637E-02 -9.5401496E-02 -9.6412629E-02 -9.6400872E-02 -9.5056854E-02 -9.2055164E-02 -8.7071888E-02 -7.9795465E-02 -6.9946125E-02 -5.7287164E-02 -4.1645397E-02 -2.2920711E-02 -1.1091819E-03 2.3686234E-02 5.1224582E-02 8.1105605E-02 0.1127150 0.1451737 0.1772324 0.2071640 0.2325925 0.2503611 0.2564682 0.2463847 0.2163622 0.1666837 0.1022051 2.9803719E-02 -4.4107813E-02 -0.1152156 -0.1812672 -0.2413826 -0.2954011 -0.3435263
0.1207007 0.1260584 0.1308569 0.1348049 0.1375244 0.1385541 0.1373413 0.1333104 0.1259809 0.1152691 0.1017166 8.6802989E-02 7.2615124E-02 6.0423695E-02 5.0653730E-02 4.3140285E-02 3.7409343E-02 3.2929961E-02 2.9232562E-02 2.5950536E-02 2.2822689E-02 1.9685039E-02 1.6458239E-02 1.3136561E-02 9.7765587E-03 6.4887339E-03 3.4274766E-03 7.8354497E-04 -1.2270641E-03 -2.3726141E-03 -2.4195996E-03 -1.1433614E-03 1.6539358E-03 6.1315950E-03 1.2389990E-02 2.0458853E-02 3.0275201E-02 4.1670583E-02 5.4345746E-02 6.7854181E-02 8.1567928E-02 9.4653435E-02 0.1060270 0.1143286 0.1178917 0.1147811 0.1029012 8.0318540E-02 4.5843098E-02 -2.7655624E-04 -5.6591492E-02 -0.1200887 -0.1866305 -0.2526336 -0.3156694 -0.3743667 -0.4280941 -0.4766968 -0.5202672
0.1223072 0.1274837 0.1322628 0.1364352 0.1397537 0.1419277 0.1426542 0.1416465 0.1387367 0.1339723 0.1278113 0.1209299 0.1138953 0.1073987 0.1018181 9.7174130E-02 9.3296498E-02 8.9935541E-02 8.6839795E-02 8.3795168E-02 8.0640852E-02 7.7273250E-02 7.3644452E-02 6.9757223E-02 6.5659225E-02 6.1436884E-02 5.7209283E-02 5.3119216E-02 4.9326617E-02 4.5996252E-02 4.3288946E-02 4.1347880E-02 4.0285990E-02 4.0170599E-02 4.1010741E-02 4.2739604E-02 4.5202535E-02 4.8139550E-02 5.1173333E-02 5.3791098E-02 5.5335976E-02 5.4991201E-02 5.1784329E-02 4.4593073E-02 3.2198567E-02 1.3369415E-02 -1.2965128E-02 -4.7499266E-02 -9.0329580E-02 -0.1407701 -0.1967944 -0.2558012 -0.3155261 -0.3740044 -0.4297550 -0.4818423 -0.5297927 -0.5734339 -0.6127940
0.1217636 0.1267076 0.1313706 0.1356079 0.1392487 0.1421131 0.1440182 0.1448188 0.1444344 0.1429092 0.1403613 0.1371053 0.1336823 0.1303460 0.1272205 0.1243414 0.1216415 0.1189990 0.1162757 0.1133465 0.1101124 0.1065089 0.1025073 9.8114274E-02 9.3367301E-02 8.8332295E-02 8.3096959E-02 7.7765621E-02 7.2450586E-02 6.7264773E-02 6.2310975E-02 5.7672381E-02 5.3399269E-02 4.9498957E-02 4.5921236E-02 4.2549942E-02 3.9187867E-02 3.5551518E-02 3.1258587E-02 2.5828043E-02 1.8673949E-02 9.1188122E-03 -3.5943929E-03 -2.0259060E-02 -4.1652054E-02 -6.8432748E-02 -0.1010306 -0.1394901 -0.1833149 -0.2314166 -0.2826605 -0.3356764 -0.3887605 -0.4404743 -0.4897864 -0.5360272 -0.5788093 -0.6179667 -0.6534728
0.1195789 0.1242435 0.1287133 0.1328802 0.1366289 0.1398359 0.1423895 0.1441962 0.1452159 0.1454672 0.1451004 0.1442613 0.1429629 0.1413882 0.1396661 0.1378195 0.1358169 0.1335910 0.1310615 0.1281515 0.1247988 0.1209623 0.1166242 0.1117907 0.1064900 0.1007697 9.4692223E-02 8.8329636E-02 8.1758387E-02 7.5050421E-02 6.8266347E-02 6.1445825E-02 5.4598622E-02 4.7694288E-02 4.0654421E-02 3.3342093E-02 2.5557959E-02 1.7032400E-02 7.4264132E-03 -3.6685262E-03 -1.6719989E-02 -3.2241873E-02 -5.0764531E-02 -7.2800606E-02 -9.8786041E-02 -0.1290188 -0.1635806 -0.2022854 -0.2446832 -0.2900908 -0.3372821 -0.3849395 -0.4320862 -0.4778623 -0.5215576 -0.5626621 -0.6008639 -0.6359968 -0.6680102
0.1161420 0.1204945 0.1247079 0.1287042 0.1323969 0.1357014 0.1385362 0.1408396 0.1425705 0.1437246 0.1442804 0.1442951 0.1439680 0.1433223 0.1423551 0.1410672 0.1394333 0.1374095 0.1349434 0.1319842 0.1284903 0.1244330 0.1198003 0.1145956 0.1088383 0.1025609 9.5805086E-02 8.8618927E-02 8.1050463E-02 7.3142305E-02 6.4925037E-02 5.6410119E-02 4.7582202E-02 3.8392935E-02 2.8753143E-02 1.8529641E-02 7.5397547E-03 -4.4477172E-03 -1.7712172E-02 -3.2572776E-02 -4.9379140E-02 -6.8490624E-02 -9.0254754E-02 -0.1149699 -0.1428507 -0.1739802 -0.2082748 -0.2454438 -0.2849520 -0.3260383 -0.3681034 -0.4105046 -0.4523808 -0.4929985 -0.5318095 -0.5684246 -0.6025790 -0.6341233 -0.6629871
0.1117832 0.1157993 0.1197143 0.1234657 0.1269898 0.1302199 0.1330968 0.1355663 0.1375951 0.1391646 0.1403200 0.1410750 0.1413338 0.1411423 0.1405354 0.1395029 0.1380207 0.1360538 0.1335633 0.1305120 0.1268687 0.1226116 0.1177302 0.1122249 0.1061068 9.9396288E-02 9.2119612E-02 8.4305935E-02 7.5983234E-02 6.7173362E-02 5.7887312E-02 4.8119225E-02 3.7841290E-02 2.6998926E-02 1.5506893E-02 3.2458454E-03 -9.9374913E-03 -2.4229987E-02 -3.9846450E-02 -5.7023533E-02 -7.6005138E-02 -9.7028814E-02 -0.1203018 -0.1459805 -0.1741394 -0.2047502 -0.2376581 -0.2725838 -0.3091582 -0.3469574 -0.3852523 -0.4233015 -0.4606186 -0.4967611 -0.5313327 -0.5640215 -0.5946112 -0.6229614 -0.6489990
0.1067571 0.1104251 0.1140132 0.1174731 0.1207515 0.1237973 0.1265586 0.1289919 0.1310572 0.1327264 0.1339403 0.1346872 0.1350600 0.1350223 0.1345317 0.1335656 0.1320971 0.1300947 0.1275260 0.1243606 0.1205724 0.1161430 0.1110613 0.1053246 9.8937422E-02 9.1910526E-02 8.4258385E-02 7.5996876E-02 6.7140028E-02 5.7696015E-02 4.7663555E-02 3.7028059E-02 2.5757356E-02 1.3799220E-02 1.0784251E-03 -1.2503518E-02 -2.7068846E-02 -4.2759184E-02 -5.9732448E-02 -7.8152567E-02 -9.8181561E-02 -0.1199629 -0.1436092 -0.1691810 -0.1966749 -0.2260039 -0.2569934 -0.2893693 -0.3227425 -0.3566201 -0.3906884 -0.4246258 -0.4579371 -0.4901954 -0.5210755 -0.5503313 -0.5777776 -0.6032920 -0.6267973
0.1012814 0.1045971 0.1078458 0.1109854 0.1139736 0.1167648 0.1193167 0.1215863 0.1235392 0.1251428 0.1264060 0.1273057 0.1277308 0.1276836 0.1271659 0.1261520 0.1246145 0.1225230 0.1198481 0.1165627 0.1126439 0.1080740 0.1028411 9.6939325E-02 9.0368189E-02 8.3131343E-02 7.5234890E-02 6.6685371E-02 5.7487912E-02 4.7641855E-02 3.7139840E-02 2.5963504E-02 1.4082342E-02 1.4500228E-03 -1.1994387E-02 -2.6328677E-02 -4.1643858E-02 -5.8042888E-02 -7.5634293E-02 -9.4526239E-02 -0.1148165 -0.1365841 -0.1598752 -0.1846946 -0.2109928 -0.2386615 -0.2675274 -0.2973628 -0.3279161 -0.3589360 -0.3899595 -0.4205268 -0.4503728 -0.4792469 -0.5069075 -0.5331517 -0.5578268 -0.5808207 -0.6020626
