T4-twomodels-1/gz/model120.grd
DSAA
         100         100
  -15.00000       15.00000    
  -15.00000       15.00000    
  -2.783804       5.499439    
[rows 27 to 53 of 100, columns 0 to 59 of 100]
0.1479178 0.1573593 0.1663090 0.1742296 0.1803055 0.1833548 0.1815936 0.1724461 0.1523348 0.1175287 6.7509942E-02 1.0979990E-02 -3.7756365E-02 -7.2125278E-02 -9.3743473E-02 -0.1064797 -0.1137100 -0.1178322 -0.1204706 -0.1227050 -0.1252471 -0.1285513 -0.1328867 -0.1383822 -0.1450529 -0.1528167 -0.1615029 -0.1708547 -0.1805315 -0.1901067 -0.1990712 -0.2068349 -0.2127392 -0.2160685 -0.2160759 -0.2120069 -0.2031360 -0.1887924 -0.1683994 -0.1414922 -0.1077531 -6.7024961E-02 -1.9361777E-02 3.4919567E-02 9.5088013E-02 0.1597413 0.2262162 0.2894671 0.3402470 0.3644686 0.3492414 0.2961652 0.2205818 0.1378668 5.7115432E-02 -1.7678598E-02 -8.5178256E-02 -0.1452782 -0.1983365 -0.2448953
0.1405719 0.1504437 0.1595849 0.1673160 0.1724482 0.1732711 0.1667998 0.1482673 0.1092032 3.6850143E-02 -7.9032421E-02 -0.2155398 -0.3244610 -0.3918130 -0.4300441 -0.4511645 -0.4627137 -0.4690382 -0.4727579 -0.4754610 -0.4781426 -0.4814132 -0.4856244 -0.4909468 -0.4974012 -0.5048948 -0.5132182 -0.5220649 -0.5310149 -0.5395487 -0.5470296 -0.5527198 -0.5557726 -0.5552557 -0.5501594 -0.5394265 -0.5219704 -0.4966972 -0.4625142 -0.4183231 -0.3629889 -0.2952820 -0.2137802 -0.1167346 -1.8727151E-03 0.1337689 0.2938467 0.4810417 0.6890153 0.8793779 0.9853097 0.9856714 0.9204111 0.8322182 0.7425469 0.6590971 0.5841477 0.5178175 0.4596381 0.4088498
0.1291296 0.1394910 0.1486904 0.1562506 0.1601371 0.1584977 0.1462232 0.1162098 5.0903473E-02 -8.1242494E-02 -0.3303530 -0.6458896 -0.8710124 -0.9890095 -1.049490 -1.080860 -1.097506 -1.106347 -1.111301 -1.114543 -1.117393 -1.120641 -1.124725 -1.129866 -1.136088 -1.143288 -1.151222 -1.159519 -1.167696 -1.175108 -1.181019 -1.184491 -1.184529 -1.179905 -1.169396 -1.151527 -1.124903 -1.087835 -1.038750 -0.9756399 -0.8965014 -0.7985078 -0.6783850 -0.5310531 -0.3495409 -0.1223227 0.1687478 0.5531995 1.064735 1.652303 2.077222 2.214613 2.179250 2.088379 1.990112 1.897585 1.815085 1.742210 1.678905 1.623686
0.1166586 0.1275386 0.1367468 0.1441643 0.1467169 0.1426078 0.1242749 8.2419045E-02 -1.0806696E-02 -0.2082919 -0.6109565 -1.137172 -1.494887 -1.667820 -1.751779 -1.793756 -1.815648 -1.827061 -1.833275 -1.837065 -1.840086 -1.843311 -1.847262 -1.852214 -1.858198 -1.865092 -1.872628 -1.880357 -1.887749 -1.894013 -1.898335 -1.899550 -1.896541 -1.887748 -1.871768 -1.846662 -1.810765 -1.761729 -1.697546 -1.615200 -1.511865 -1.382956 -1.223338 -1.024270 -0.7737958 -0.4507776 -2.0581298E-02 0.5788642 1.434757 2.492518 3.301163 3.601731 3.601768 3.508888 3.402171 3.300462 3.210445 3.130944 3.062556 3.002848
0.1072942 0.1186081 0.1279567 0.1351635 0.1366477 0.1301603 0.1066352 5.4372385E-02 -6.0965609E-02 -0.3051944 -0.7985708 -1.439850 -1.878834 -2.092153 -2.195221 -2.246455 -2.273028 -2.286791 -2.294154 -2.298438 -2.301604 -2.304789 -2.308602 -2.313362 -2.319106 -2.325699 -2.332839 -2.340021 -2.346637 -2.351797 -2.354563 -2.353607 -2.347631 -2.334836 -2.313560 -2.281529 -2.236715 -2.176296 -2.097731 -1.997275 -1.871218 -1.713706 -1.517900 -1.272477 -0.9616580 -0.5582079 -1.7792452E-02 0.7364340 1.806297 3.112681 4.111274 4.495348 4.513298 4.416160 4.300645 4.190144 4.092624 4.006801 3.933288 3.869306
0.1020418 0.1137851 0.1233572 0.1304304 0.1311251 0.1227165 9.5216230E-02 3.5285395E-02 -9.4500780E-02 -0.3646094 -0.8985004 -1.586930 -2.063689 -2.300294 -2.416263 -2.474428 -2.504692 -2.520371 -2.528670 -2.533345 -2.536604 -2.539726 -2.543392 -2.547959 -2.553469 -2.559778 -2.566545 -2.573216 -2.579111 -2.583246 -2.584567 -2.581605 -2.572887 -2.556411 -2.530276 -2.491930 -2.439028 -2.368374 -2.276992 -2.160614 -2.014890 -1.833154 -1.607536 -1.325361 -0.9691157 -0.5094100 0.1003860 0.9382774 2.102159 3.497323 4.556383 4.965454 4.985542 4.881532 4.757197 4.638379 4.533700 4.441885 4.363423 4.295354
0.1002188 0.1124171 0.1222854 0.1293634 0.1295652 0.1198212 8.9595325E-02 2.4666544E-02 -0.1136261 -0.3970332 -0.9488537 -1.656894 -2.150858 -2.399831 -2.523634 -2.586435 -2.619316 -2.636390 -2.645367 -2.650302 -2.653590 -2.656617 -2.660127 -2.664504 -2.669797 -2.675845 -2.682278 -2.688494 -2.693749 -2.696978 -2.697021 -2.692287 -2.681153 -2.661447 -2.631071 -2.587252 -2.527400 -2.448051 -2.345932 -2.216455 -2.054912 -1.854261 -1.606226 -1.297763 -0.9110930 -0.4168850 0.2307505 1.107736 2.307800 3.730232 4.803797 5.215621 5.230902 5.118936 4.986200 4.859706 4.748395 4.650999 4.567878 4.495944
0.1009517 0.1136359 0.1238691 0.1310999 0.1310931 0.1205695 8.8673368E-02 2.0776851E-02 -0.1222573 -0.4124607 -0.9729856 -1.690518 -2.192898 -2.448345 -2.576634 -2.642286 -2.676847 -2.694826 -2.704218 -2.709279 -2.712528 -2.715432 -2.718778 -2.722974 -2.728069 -2.733889 -2.740036 -2.745869 -2.750587 -2.753053 -2.752022 -2.745797 -2.732637 -2.710232 -2.676333 -2.628006 -2.562493 -2.476154 -2.365555 -2.225950 -2.052510 -1.838111 -1.574486 -1.248731 -0.8434379 -0.3299659 0.3364251 1.230055 2.442883 3.872955 4.948173 5.356310 5.364821 5.245031 5.104646 4.971232 4.853918 4.751408 4.663986 4.588447
0.1035219 0.1167137 0.1273751 0.1348845 0.1349168 0.1240571 9.1289498E-02 2.1787569E-02 -0.1237380 -0.4173634 -0.9818977 -1.703544 -2.209912 -2.468692 -2.599419 -2.666685 -2.702208 -2.720686 -2.730270 -2.735336 -2.738485 -2.741239 -2.744419 -2.748445 -2.753366 -2.758997 -2.764916 -2.770446 -2.774738 -2.776599 -2.774713 -2.767301 -2.752528 -2.727982 -2.691306 -2.639456 -2.569569 -2.477916 -2.360991 -2.214015 -2.032172 -1.808429 -1.534702 -1.198402 -0.7825938 -0.2592988 0.4154197 1.314999 2.530562 3.959566 5.030658 5.432893 5.434522 5.307619 5.160462 5.020936 4.898263 4.791147 4.699803 4.620954
0.1073438 0.1210591 0.1321925 0.1400810 0.1403362 0.1294720 9.6378453E-02 2.6150653E-02 -0.1205690 -0.4158417 -0.9824902 -1.706511 -2.214941 -2.475367 -2.607316 -2.675388 -2.711369 -2.730041 -2.739643 -2.744616 -2.747618 -2.750205 -2.753219 -2.757090 -2.761866 -2.767349 -2.773098 -2.778406 -2.782388 -2.783804 -2.781283 -2.772983 -2.757000 -2.730852 -2.692108 -2.637657 -2.564581 -2.469116 -2.347748 -2.195731 -2.008334 -1.778669 -1.498877 -1.156677 -0.7355263 -0.2078940 0.4696888 1.370296 2.584971 4.011519 5.078533 5.475201 5.470598 5.337450 5.184411 5.039544 4.912153 4.800933 4.706061 4.624203
0.1119724 0.1262117 0.1378450 0.1461773 0.1467856 0.1361359 0.1030772 3.2657243E-02 -0.1144924 -0.4104183 -0.9777617 -1.702412 -2.211594 -2.472715 -2.605167 -2.673538 -2.709641 -2.728297 -2.737790 -2.742604 -2.745426 -2.747837 -2.750693 -2.754426 -2.759086 -2.764462 -2.770098 -2.775264 -2.779045 -2.780165 -2.777214 -2.768304 -2.751482 -2.724217 -2.684035 -2.627790 -2.552541 -2.454522 -2.330247 -2.175032 -1.984247 -1.751154 -1.468091 -1.123019 -0.6996652 -0.1707770 0.5068815 1.406214 2.618132 4.040327 5.102053 5.493245 5.483129 5.344598 5.186492 5.037007 4.905492 4.790651 4.692635 4.608072
0.1170430 0.1317983 0.1439378 0.1527502 0.1537869 0.1434914 0.1106823 4.0393159E-02 -0.1067609 -0.4028156 -0.9704925 -1.695639 -2.205142 -2.466443 -2.598984 -2.667350 -2.703362 -2.721868 -2.731172 -2.735783 -2.738409 -2.740642 -2.743349 -2.746966 -2.751537 -2.756845 -2.762421 -2.767516 -2.771195 -2.772155 -2.768954 -2.759675 -2.742332 -2.714365 -2.673275 -2.615901 -2.539299 -2.439723 -2.313725 -2.156688 -1.964078 -1.729283 -1.444794 -1.098739 -0.6750212 -0.1465380 0.5298338 1.426975 2.635958 4.054845 5.112736 5.499439 5.484613 5.341477 5.179038 5.025574 4.890481 4.772468 4.671676 4.584703
0.1222828 0.1375325 0.1501708 0.1594712 0.1609740 0.1511029 0.1186673 4.8682280E-02 -9.8231941E-02 -0.3941075 -0.9615445 -1.686362 -2.195691 -2.456874 -2.589269 -2.657454 -2.693256 -2.711532 -2.720603 -2.724990 -2.727414 -2.729478 -2.732051 -2.735571 -2.740080 -2.745355 -2.750916 -2.756002 -2.759662 -2.760572 -2.757273 -2.747823 -2.730220 -2.701885 -2.660307 -2.602324 -2.525002 -2.424618 -2.297764 -2.139884 -1.946525 -1.711171 -1.426417 -1.080509 -0.6574484 -0.1302182 0.5442624 1.438861 2.644604 4.059437 5.112945 5.495440 5.476551 5.329497 5.163362 5.006492 4.868310 4.747540 4.644313 4.555216
0.1274641 0.1431795 0.1562926 0.1660717 0.1680436 0.1586269 0.1266162 5.7026580E-02 -8.9535162E-02 -0.3850975 -0.9523569 -1.677127 -2.186272 -2.447200 -2.579330 -2.647244 -2.682773 -2.700782 -2.709601 -2.713761 -2.715990 -2.717894 -2.720350 -2.723793 -2.728264 -2.733536 -2.739120 -2.744246 -2.747951 -2.748900 -2.745620 -2.736156 -2.718493 -2.690043 -2.648296 -2.590091 -2.512508 -2.411847 -2.284741 -2.126682 -1.933276 -1.698077 -1.413755 -1.068622 -0.6467433 -0.1211375 0.5512624 1.443364 2.646349 4.058460 5.109065 5.488260 5.465953 5.315578 5.146308 4.986530 4.845702 4.722548 4.617206 4.526248
0.1324242 0.1485669 0.1621227 0.1723515 0.1747770 0.1658076 0.1342359 6.5066174E-02 -8.1089869E-02 -0.3762636 -0.9430513 -1.667261 -2.175996 -2.436593 -2.568405 -2.636011 -2.671247 -2.688981 -2.697551 -2.701492 -2.703538 -2.705301 -2.707655 -2.711040 -2.715492 -2.720783 -2.726418 -2.731621 -2.735420 -2.736473 -2.733296 -2.723928 -2.706350 -2.677969 -2.636276 -2.578117 -2.500588 -2.400010 -2.273046 -2.115227 -1.922202 -1.687573 -1.404059 -1.060014 -0.6395333 -0.1156552 0.5546931 1.444427 2.644677 4.053549 5.100794 5.476896 5.451671 5.298496 5.126575 4.964335 4.821248 4.696056 4.588890 4.496321
0.1370231 0.1535521 0.1675082 0.1781495 0.1809938 0.1724472 0.1412939 7.2539106E-02 -7.3215649E-02 -0.3680038 -0.9345153 -1.658563 -2.167017 -2.427277 -2.558764 -2.626061 -2.661009 -2.678480 -2.686814 -2.690554 -2.692435 -2.694073 -2.696343 -2.699686 -2.704136 -2.709462 -2.715167 -2.720470 -2.724394 -2.725592 -2.722574 -2.713377 -2.695976 -2.667782 -2.626288 -2.568348 -2.491070 -2.390795 -2.264209 -2.106869 -1.914457 -1.680607 -1.398067 -1.055216 -0.6361666 -0.1139576 0.5544912 1.442137 2.640240 4.047150 5.092372 5.466150 5.438510 5.282991 5.108851 4.944538 4.799548 4.672624 4.563906 4.469956
0.1411668 0.1580343 0.1723448 0.1833518 0.1865720 0.1784054 0.1476366 7.9262279E-02 -6.6112220E-02 -0.3605226 -0.9265714 -1.650069 -2.158113 -2.418045 -2.549222 -2.616231 -2.650911 -2.668142 -2.676264 -2.679826 -2.681564 -2.683095 -2.685298 -2.688611 -2.693070 -2.698442 -2.704227 -2.709642 -2.713706 -2.715069 -2.712240 -2.703252 -2.686081 -2.658139 -2.616924 -2.559298 -2.482377 -2.382519 -2.256426 -2.099676 -1.907972 -1.674969 -1.393431 -1.051754 -0.6340523 -0.1133683 0.5533926 1.439190 2.635228 4.039699 5.082439 5.454020 5.424350 5.266891 5.090910 4.924877 4.778297 4.649928 4.539905 4.444792
0.1447733 0.1619307 0.1765438 0.1878660 0.1914095 0.1835750 0.1531401 8.5103579E-02 -5.9938550E-02 -0.3540246 -0.9198477 -1.643224 -2.151032 -2.410677 -2.541581 -2.608333 -2.642779 -2.659799 -2.667739 -2.671148 -2.672764 -2.674209 -2.676358 -2.679653 -2.684128 -2.689550 -2.695416 -2.700943 -2.705148 -2.706681 -2.704046 -2.695279 -2.678355 -2.650688 -2.609781 -2.552501 -2.475976 -2.376571 -2.251002 -2.094860 -1.903864 -1.671679 -1.391084 -1.050475 -0.6339756 -0.1146181 0.5507008 1.434976 2.629517 4.032732 5.074203 5.444247 5.412956 5.253918 5.076438 4.909000 4.761124 4.631566 4.520468 4.424394
0.1477910 0.1651864 0.1800498 0.1916315 0.1954447 0.1878847 0.1577304 8.9974284E-02 -5.4783165E-02 -0.3485838 -0.9140367 -1.636956 -2.144440 -2.403835 -2.534506 -2.601043 -2.635293 -2.652138 -2.659927 -2.663210 -2.664729 -2.666103 -2.668212 -2.671497 -2.675991 -2.681460 -2.687404 -2.693035 -2.697372 -2.699061 -2.696609 -2.688051 -2.671362 -2.643961 -2.603351 -2.546407 -2.470261 -2.371289 -2.246213 -2.090635 -1.900280 -1.668826 -1.389052 -1.049362 -0.6338754 -0.1156219 0.5485119 1.431519 2.624641 4.026125 5.065849 5.434428 5.401821 5.241533 5.062865 4.894313 4.745402 4.614898 4.502942 4.406098
0.1501725 0.1677546 0.1828128 0.1945991 0.1986221 0.1912791 0.1613443 9.3812056E-02 -5.0725393E-02 -0.3443106 -0.9096400 -1.632533 -2.139878 -2.399082 -2.529570 -2.595937 -2.630032 -2.646740 -2.654412 -2.657597 -2.659040 -2.660362 -2.662442 -2.665721 -2.670234 -2.675745 -2.681755 -2.687475 -2.691923 -2.693746 -2.691450 -2.683071 -2.666586 -2.639414 -2.599064 -2.542411 -2.466594 -2.367992 -2.243335 -2.088231 -1.898412 -1.667555 -1.388449 -1.049495 -0.6348110 -0.1174216 0.5457929 1.427851 2.620091 4.020953 5.060055 5.427759 5.394183 5.232946 5.053378 4.883980 4.734284 4.603058 4.490447 4.393014
0.1518958 0.1696102 0.1848089 0.1967404 0.2009157 0.1937273 0.1639520 9.6578479E-02 -4.7795523E-02 -0.3412154 -0.9062937 -1.628850 -2.135982 -2.395041 -2.525395 -2.591640 -2.625624 -2.642235 -2.649821 -2.652937 -2.654327 -2.655612 -2.657672 -2.660949 -2.665477 -2.671022 -2.677081 -2.682869 -2.687402 -2.689327 -2.687150 -2.678907 -2.662578 -2.635583 -2.595430 -2.539001 -2.463434 -2.365116 -2.240776 -2.086028 -1.896606 -1.666193 -1.387576 -1.049157 -0.6350521 -0.1182850 0.5442730 1.425630 2.617052 4.016808 5.054801 5.421665 5.387383 5.225483 5.045282 4.875292 4.725043 4.593310 4.480237 4.382390
0.1529345 0.1707295 0.1860119 0.1980319 0.2022969 0.1952032 0.1655220 9.8246939E-02 -4.6033110E-02 -0.3393621 -0.9044383 -1.627084 -2.134191 -2.393168 -2.523444 -2.589615 -2.623533 -2.640083 -2.647619 -2.650694 -2.652052 -2.653315 -2.655364 -2.658640 -2.663178 -2.668744 -2.674834 -2.680665 -2.685251 -2.687238 -2.685137 -2.676979 -2.660748 -2.633863 -2.593835 -2.537544 -2.462135 -2.363992 -2.239850 -2.085322 -1.896146 -1.666004 -1.387684 -1.049590 -0.6358355 -0.1194398 0.5427254 1.423690 2.614806 4.014523 5.052480 5.419056 5.384381 5.222087 5.041513 4.871171 4.720594 4.588561 4.475214 4.377119
0.1532844 0.1711054 0.1864162 0.1984650 0.2027614 0.1956975 0.1660494 9.8804735E-02 -4.5439880E-02 -0.3387306 -0.9036829 -1.626117 -2.133129 -2.392075 -2.522323 -2.588470 -2.622365 -2.638896 -2.646415 -2.649476 -2.650823 -2.652079 -2.654125 -2.657400 -2.661942 -2.667515 -2.673616 -2.679461 -2.684064 -2.686074 -2.683997 -2.675869 -2.659672 -2.632823 -2.592837 -2.536595 -2.461239 -2.363155 -2.239080 -2.084627 -1.895533 -1.665483 -1.387262 -1.049277 -0.6356390 -0.1193689 0.5426650 1.423477 2.614341 4.013533 5.050962 5.417268 5.382442 5.220018 5.039319 4.868860 4.718176 4.586042 4.472605 4.374428
0.1529349 0.1707298 0.1860121 0.1980322 0.2022973 0.1952032 0.1655222 9.8246939E-02 -4.6032924E-02 -0.3393621 -0.9044381 -1.627084 -2.134191 -2.393168 -2.523444 -2.589615 -2.623533 -2.640084 -2.647619 -2.650694 -2.652052 -2.653315 -2.655364 -2.658640 -2.663179 -2.668744 -2.674835 -2.680665 -2.685251 -2.687239 -2.685137 -2.676980 -2.660748 -2.633863 -2.593835 -2.537545 -2.462135 -2.363992 -2.239850 -2.085322 -1.896146 -1.666004 -1.387685 -1.049590 -0.6358358 -0.1194398 0.5427256 1.423689 2.614806 4.014523 5.052481 5.419056 5.384380 5.222087 5.041513 4.871170 4.720596 4.588561 4.475214 4.377120
0.1518963 0.1696109 0.1848095 0.1967413 0.2009162 0.1937276 0.1639522 9.6578404E-02 -4.7795475E-02 -0.3412148 -0.9062935 -1.628850 -2.135982 -2.395041 -2.525395 -2.591640 -2.625624 -2.642235 -2.649821 -2.652937 -2.654327 -2.655612 -2.657672 -2.660949 -2.665478 -2.671022 -2.677082 -2.682869 -2.687402 -2.689327 -2.687151 -2.678908 -2.662579 -2.635583 -2.595431 -2.539001 -2.463435 -2.365116 -2.240776 -2.086029 -1.896607 -1.666195 -1.387576 -1.049158 -0.6350527 -0.1182850 0.5442723 1.425629 2.617051 4.016807 5.054801 5.421664 5.387382 5.225482 5.045281 4.875291 4.725043 4.593310 4.480237 4.382390
0.1501734 0.1677552 0.1828134 0.1945997 0.1986228 0.1912795 0.1613441 9.3811944E-02 -5.0725508E-02 -0.3443105 -0.9096397 -1.632533 -2.139878 -2.399082 -2.529570 -2.595937 -2.630032 -2.646740 -2.654412 -2.657597 -2.659039 -2.660361 -2.662442 -2.665721 -2.670234 -2.675746 -2.681755 -2.687475 -2.691923 -2.693746 -2.691450 -2.683070 -2.666586 -2.639414 -2.599063 -2.542411 -2.466594 -2.367992 -2.243335 -2.088231 -1.898412 -1.667556 -1.388449 -1.049495 -0.6348106 -0.1174214 0.5457928 1.427850 2.620090 4.020951 5.060054 5.427757 5.394181 5.232944 5.053377 4.883979 4.734283 4.603057 4.490446 4.393013
0.1477915 0.1651867 0.1800500 0.1916319 0.1954452 0.1878847 0.1577302 8.9973770E-02 -5.4783866E-02 -0.3485838 -0.9140362 -1.636955 -2.144439 -2.403834 -2.534505 -2.601043 -2.635293 -2.652138 -2.659927 -2.663209 -2.664728 -2.666102 -2.668212 -2.671496 -2.675991 -2.681460 -2.687403 -2.693035 -2.697371 -2.699060 -2.696609 -2.688050 -2.671361 -2.643960 -2.603351 -2.546407 -2.470261 -2.371289 -2.246212 -2.090635 -1.900280 -1.668826 -1.389052 -1.049362 -0.6338745 -0.1156210 0.5485126 1.431518 2.624640 4.026124 5.065848 5.434426 5.401818 5.241530 5.062862 4.894311 4.745400 4.614896 4.502940 4.406096
