T4-twomodels-1/gz/model120.grd
DSAA
         100         100
  -15.00000       15.00000    
  -15.00000       15.00000    
  -2.783804       5.499439    
[rows 0 to 26 of 100, columns 0 to 59 of 100]
1.8696895E-02 1.8722419E-02 1.8689135E-02 1.8589828E-02 1.8417276E-02 1.8163433E-02 1.7820973E-02 1.7381256E-02 1.6836811E-02 1.6179459E-02 1.5411230E-02 1.4523655E-02 1.3481977E-02 1.2284867E-02 1.0931748E-02 9.4156591E-03 7.7296053E-03 5.8669136E-03 3.8213911E-03 1.5875557E-03 -8.3964551E-04 -3.4643221E-03 -6.2894658E-03 -9.3173236E-03 -1.2549153E-02 -1.5985336E-02 -1.9625260E-02 -2.3467164E-02 -2.7507965E-02 -3.1743817E-02 -3.6169320E-02 -4.0778261E-02 -4.5563120E-02 -5.0515238E-02 -5.5624675E-02 -6.0880370E-02 -6.6269912E-02 -7.1779884E-02 -7.7395871E-02 -8.3102487E-02 -8.8883020E-02 -9.4720259E-02 -0.1005958 -0.1064910 -0.1123863 -0.1182625 -0.1240997 -0.1298803 -0.1355950 -0.1412456 -0.1467784 -0.1521407 -0.1573326 -0.1623499 -0.1671787 -0.1718036 -0.1762106 -0.1803860 -0.1843181 -0.1879957
2.1465229E-02 2.1570852E-02 2.1616330E-02 2.1594245E-02 2.1496015E-02 2.1313515E-02 2.1037646E-02 2.0659843E-02 2.0170113E-02 1.9559097E-02 1.8805813E-02 1.7900253E-02 1.6860960E-02 1.5670847E-02 1.4313043E-02 1.2778655E-02 1.1059409E-02 9.1477530E-03 7.0365495E-03 4.7192210E-03 2.1900050E-03 -5.5572018E-04 -3.5217034E-03 -6.7107845E-03 -1.0124827E-02 -1.3764494E-02 -1.7629378E-02 -2.1717895E-02 -2.6027162E-02 -3.0553052E-02 -3.5290141E-02 -4.0231787E-02 -4.5370147E-02 -5.0695904E-02 -5.6198437E-02 -6.1865721E-02 -6.7684531E-02 -7.3640063E-02 -7.9716809E-02 -8.5897617E-02 -9.2164434E-02 -9.8497875E-02 -0.1048781 -0.1112839 -0.1176940 -0.1240864 -0.1304393 -0.1367281 -0.1429191 -0.1489671 -0.1548867 -0.1606921 -0.1663437 -0.1718089 -0.1770672 -0.1821023 -0.1868978 -0.1914394 -0.1957135 -0.1997085
2.4449924E-02 2.4647214E-02 2.4783846E-02 2.4851097E-02 2.4840191E-02 2.4741346E-02 2.4545291E-02 2.4241338E-02 2.3820048E-02 2.3271015E-02 2.2595055E-02 2.1781342E-02 2.0790234E-02 1.9618833E-02 1.8265005E-02 1.6719360E-02 1.4972803E-02 1.3016537E-02 1.0842341E-02 8.4426720E-03 5.8108941E-03 2.9416406E-03 -1.6972190E-04 -3.5267789E-03 -7.1317540E-03 -1.0985869E-02 -1.5089021E-02 -1.9439742E-02 -2.4035329E-02 -2.8871698E-02 -3.3943206E-02 -3.9242886E-02 -4.4762485E-02 -5.0492212E-02 -5.6420524E-02 -6.2534668E-02 -6.8820164E-02 -7.5261243E-02 -8.1840575E-02 -8.8539749E-02 -9.5338598E-02 -0.1022163 -0.1091502 -0.1161175 -0.1230938 -0.1300554 -0.1369774 -0.1438371 -0.1506214 -0.1573292 -0.1638985 -0.1702689 -0.1764375 -0.1823971 -0.1881302 -0.1936174 -0.1988418 -0.2037866 -0.2084377 -0.2127815
2.7663510E-02 2.7965860E-02 2.8206950E-02 2.8377801E-02 2.8468011E-02 2.8467545E-02 2.8365159E-02 2.8150132E-02 2.7810102E-02 2.7333206E-02 2.6694737E-02 2.5882060E-02 2.4913892E-02 2.3769738E-02 2.2429332E-02 2.0881148E-02 1.9114407E-02 1.7119141E-02 1.4885888E-02 1.2406009E-02 9.6719014E-03 6.6771288E-03 3.4162076E-03 -1.1515804E-04 -3.9198203E-03 -7.9994090E-03 -1.2354390E-02 -1.6983517E-02 -2.1884242E-02 -2.7052395E-02 -3.2482415E-02 -3.8166925E-02 -4.4097368E-02 -5.0263189E-02 -5.6652389E-02 -6.3251063E-02 -7.0043854E-02 -7.7013351E-02 -8.4141091E-02 -9.1406591E-02 -9.8788112E-02 -0.1062622 -0.1138045 -0.1213889 -0.1289891 -0.1365775 -0.1441267 -0.1516063 -0.1589757 -0.1661814 -0.1732362 -0.1801523 -0.1868831 -0.1933896 -0.1996468 -0.2056342 -0.2113317 -0.2167218 -0.2217880 -0.2265165
3.1122442E-02 3.1544264E-02 3.1905275E-02 3.2194927E-02 3.2402601E-02 3.2516278E-02 3.2524470E-02 3.2413967E-02 3.2172829E-02 3.1787816E-02 3.1258162E-02 3.0570049E-02 2.9677864E-02 2.8576387E-02 2.7261488E-02 2.5720930E-02 2.3942824E-02 2.1915568E-02 1.9628519E-02 1.7071679E-02 1.4236301E-02 1.1114881E-02 7.7009434E-03 3.9893435E-03 -2.3364555E-05 -4.3396028E-03 -8.9602079E-03 -1.3884332E-02 -1.9109493E-02 -2.4631876E-02 -3.0445565E-02 -3.6543187E-02 -4.2915635E-02 -4.9552076E-02 -5.6439348E-02 -6.3563108E-02 -7.0906498E-02 -7.8451075E-02 -8.6176477E-02 -9.4060749E-02 -0.1020797 -0.1102080 -0.1184181 -0.1266816 -0.1349685 -0.1432490 -0.1514917 -0.1596677 -0.1677586 -0.1757592 -0.1835968 -0.1912006 -0.1985642 -0.2056761 -0.2125141 -0.2190540 -0.2252750 -0.2311565 -0.2366813 -0.2418334
3.4839630E-02 3.5397459E-02 3.5894971E-02 3.6321286E-02 3.6663879E-02 3.6910433E-02 3.7047017E-02 3.7060320E-02 3.6934771E-02 3.6655538E-02 3.6193319E-02 3.5532355E-02 3.4690905E-02 3.3644319E-02 3.2368127E-02 3.0847546E-02 2.9068498E-02 2.7018076E-02 2.4683924E-02 2.2054685E-02 1.9120298E-02 1.5872020E-02 1.2302352E-02 8.4052440E-03 4.1762833E-03 -3.8748840E-04 -5.2875490E-03 -1.0523479E-02 -1.6093103E-02 -2.1992601E-02 -2.8216211E-02 -3.4756355E-02 -4.1603729E-02 -4.8746657E-02 -5.6171767E-02 -6.3863352E-02 -7.1803868E-02 -7.9973266E-02 -8.8349797E-02 -9.6909255E-02 -0.1056257 -0.1144707 -0.1234145 -0.1324247 -0.1414690 -0.1505127 -0.1595210 -0.1684559 -0.1772677 -0.1858928 -0.1943403 -0.2026192 -0.2106737 -0.2184573 -0.2259382 -0.2330911 -0.2398909 -0.2463164 -0.2523473 -0.2579672
3.8832095E-02 3.9543618E-02 4.0196676E-02 4.0778659E-02 4.1276623E-02 4.1675977E-02 4.1962262E-02 4.2119268E-02 4.2131662E-02 4.1983020E-02 4.1670259E-02 4.1176077E-02 4.0447116E-02 3.9475553E-02 3.8254403E-02 3.6767941E-02 3.5000615E-02 3.2937586E-02 3.0564725E-02 2.7869187E-02 2.4839386E-02 2.1465369E-02 1.7738227E-02 1.3651071E-02 9.1983359E-03 4.3764827E-03 -8.1679318E-04 -6.3813757E-03 -1.2315577E-02 -1.8615659E-02 -2.5276130E-02 -3.2289293E-02 -3.9645333E-02 -4.7332559E-02 -5.5336755E-02 -6.3641652E-02 -7.2228327E-02 -8.1075646E-02 -9.0160228E-02 -9.9455997E-02 -0.1089343 -0.1185645 -0.1283134 -0.1381456 -0.1480241 -0.1579112 -0.1677671 -0.1775546 -0.1872481 -0.1968360 -0.2062325 -0.2153534 -0.2241867 -0.2327154 -0.2409109 -0.2487428 -0.2561849 -0.2632120 -0.2698034 -0.2759396
4.3112036E-02 4.3997403E-02 4.4826467E-02 4.5586057E-02 4.6261132E-02 4.6836443E-02 4.7294859E-02 4.7619727E-02 4.7791660E-02 4.7791872E-02 4.7585614E-02 4.7152791E-02 4.6511438E-02 4.5631476E-02 4.4483192E-02 4.3047685E-02 4.1306786E-02 3.9243676E-02 3.6842518E-02 3.4088526E-02 3.0968597E-02 2.7471071E-02 2.3586024E-02 1.9305177E-02 1.4622067E-02 9.5321098E-03 4.0325220E-03 -1.8773368E-03 -8.1960345E-03 -1.4920405E-02 -2.2044895E-02 -2.9561844E-02 -3.7461530E-02 -4.5731664E-02 -5.4357748E-02 -6.3322768E-02 -7.2607093E-02 -8.2188219E-02 -9.2041261E-02 -0.1021380 -0.1124479 -0.1229370 -0.1335691 -0.1443049 -0.1551033 -0.1659211 -0.1767140 -0.1874333 -0.1980177 -0.2083899 -0.2185537 -0.2285133 -0.2382006 -0.2475586 -0.2565475 -0.2651344 -0.2732885 -0.2809833 -0.2881945 -0.2949023
4.7695182E-02 4.8775941E-02 4.9804132E-02 5.0764732E-02 5.1641982E-02 5.2418016E-02 5.3075045E-02 5.3592820E-02 5.3952109E-02 5.4132018E-02 5.4126907E-02 5.3914823E-02 5.3433295E-02 5.2670684E-02 5.1616751E-02 5.0251245E-02 4.8553932E-02 4.6505779E-02 4.4088684E-02 4.1286122E-02 3.8082954E-02 3.4466155E-02 3.0424062E-02 2.5947277E-02 2.1028193E-02 1.5661271E-02 9.8428931E-03 3.5719597E-03 -3.1507690E-03 -1.0322512E-02 -1.7937936E-02 -2.5989581E-02 -3.4467597E-02 -4.3359701E-02 -5.2651148E-02 -6.2324435E-02 -7.2359130E-02 -8.2731947E-02 -9.3416445E-02 -0.1043829 -0.1155979 -0.1270252 -0.1386247 -0.1503532 -0.1621647 -0.1740111 -0.1858420 -0.1976087 -0.2092753 -0.2208219 -0.2321445 -0.2431415 -0.2537933 -0.2640744 -0.2739473 -0.2833734 -0.2923195 -0.3007549 -0.3086539 -0.3159938
5.2591503E-02 5.3891785E-02 5.5143841E-02 5.6331959E-02 5.7437904E-02 5.8443129E-02 5.9326410E-02 6.0066957E-02 6.0640562E-02 6.1023608E-02 6.1174389E-02 6.1067533E-02 6.0720813E-02 6.0097396E-02 5.9161071E-02 5.7887577E-02 5.6253657E-02 5.4237772E-02 5.1819660E-02 4.8980419E-02 4.5703121E-02 4.1972786E-02 3.7776344E-02 3.3102918E-02 2.7943682E-02 2.2292173E-02 1.6143953E-02 9.4971154E-03 2.3519155E-03 -5.2893069E-03 -1.3421546E-02 -2.2037653E-02 -3.1127991E-02 -4.0680427E-02 -5.0680108E-02 -6.1109450E-02 -7.1947813E-02 -8.3170965E-02 -9.4751671E-02 -0.1066584 -0.1188561 -0.1313052 -0.1439626 -0.1567801 -0.1697070 -0.1826885 -0.1956676 -0.2085818 -0.2213535 -0.2338869 -0.2461777 -0.2582225 -0.2699366 -0.2812482 -0.2921061 -0.3024680 -0.3122950 -0.3215541 -0.3302158 -0.3382567
5.7813432E-02 5.9358872E-02 6.0862482E-02 6.2306214E-02 6.3671090E-02 6.4935297E-02 6.6076837E-02 6.7070641E-02 6.7892417E-02 6.8515882E-02 6.8932153E-02 6.9113351E-02 6.8985879E-02 6.8533562E-02 6.7742035E-02 6.6585042E-02 6.5037005E-02 6.3073412E-02 6.0671452E-02 5.7809927E-02 5.4469660E-02 5.0633807E-02 4.6287630E-02 4.1418709E-02 3.6017075E-02 3.0075073E-02 2.3587562E-02 1.6551930E-02 8.9677516E-03 8.3693303E-04 -7.8360550E-03 -1.7044367E-02 -2.6778784E-02 -3.7027664E-02 -4.7776360E-02 -5.9007782E-02 -7.0701197E-02 -8.2832620E-02 -9.5373884E-02 -0.1082929 -0.1215524 -0.1351109 -0.1489211 -0.1629310 -0.1770834 -0.1913179 -0.2055690 -0.2197729 -0.2338790 -0.2478547 -0.2615713 -0.2749038 -0.2878201 -0.3002828 -0.3122420 -0.3236476 -0.3344570 -0.3446322 -0.3541421 -0.3629598
6.3365057E-02 6.5184012E-02 6.6968255E-02 6.8698950E-02 7.0354193E-02 7.1911253E-02 7.3344059E-02 7.4626587E-02 7.5728856E-02 7.6621301E-02 7.7253371E-02 7.7593513E-02 7.7659026E-02 7.7404991E-02 7.6786861E-02 7.5773910E-02 7.4336819E-02 7.2448120E-02 7.0082098E-02 6.7214958E-02 6.3825339E-02 5.9894297E-02 5.5405278E-02 5.0344225E-02 4.4699945E-02 3.8463984E-02 3.1630136E-02 2.4195250E-02 1.6158354E-02 7.5209425E-03 -1.7132843E-03 -1.1537806E-02 -2.1944195E-02 -3.2921299E-02 -4.4455588E-02 -5.6530491E-02 -6.9126651E-02 -8.2220070E-02 -9.5783636E-02 -0.1097845 -0.1241851 -0.1389412 -0.1540032 -0.1693138 -0.1848107 -0.2004246 -0.2160818 -0.2317009 -0.2471816 -0.2624020 -0.2773449 -0.2919941 -0.3062412 -0.3199937 -0.3331843 -0.3457574 -0.3576629 -0.3688600 -0.3793126 -0.3889934
6.9251589E-02 7.1373664E-02 7.3470652E-02 7.5520970E-02 7.7501640E-02 7.9386108E-02 8.1147239E-02 8.2753949E-02 8.4176011E-02 8.5380524E-02 8.6354606E-02 8.7063588E-02 8.7419622E-02 8.7401360E-02 8.6989127E-02 8.6149916E-02 8.4851339E-02 8.3062470E-02 8.0754749E-02 7.7901408E-02 7.4478567E-02 7.0465043E-02 6.5842412E-02 6.0595211E-02 5.4710951E-02 4.8180182E-02 4.0996216E-02 3.3155199E-02 2.4655789E-02 1.5498885E-02 5.6880759E-03 -4.7711190E-03 -1.5870808E-02 -2.7601212E-02 -3.9949898E-02 -5.2902196E-02 -6.6440225E-02 -8.0542408E-02 -9.5182545E-02 -0.1103295 -0.1259454 -0.1419860 -0.1583984 -0.1751221 -0.1920876 -0.2092186 -0.2264308 -0.2436387 -0.2607706 -0.2777740 -0.2944852 -0.3107451 -0.3265024 -0.3417016 -0.3562742 -0.3701541 -0.3832862 -0.3956228 -0.4071262 -0.4177652
7.5465932E-02 7.7923417E-02 8.0366112E-02 8.2771577E-02 8.5113212E-02 8.7363236E-02 8.9489639E-02 9.1460235E-02 9.3237929E-02 9.4786033E-02 9.6043594E-02 9.6971281E-02 9.7586520E-02 9.7834468E-02 9.7660750E-02 9.7027026E-02 9.5896482E-02 9.4234802E-02 9.2009805E-02 8.9191832E-02 8.5754238E-02 8.1673570E-02 7.6929450E-02 7.1504876E-02 6.5386415E-02 5.8563754E-02 5.1029585E-02 4.2780001E-02 3.3813506E-02 2.4130683E-02 1.3734657E-02 2.6308000E-03 -9.1743888E-03 -2.1672226E-02 -3.4852654E-02 -4.8703328E-02 -6.3209817E-02 -7.8353405E-02 -9.4112031E-02 -0.1104570 -0.1273532 -0.1447566 -0.1626145 -0.1808619 -0.1994246 -0.2182162 -0.2371415 -0.2560921 -0.2749355 -0.2935121 -0.3117823 -0.3297081 -0.3471459 -0.3639728 -0.3800972 -0.3954446 -0.4099499 -0.4235611 -0.4362350 -0.4479403
8.1999592E-02 8.4825158E-02 8.7649003E-02 9.0445288E-02 9.3186118E-02 9.5839038E-02 9.8370530E-02 0.1007424 0.1029171 0.1048544 0.1065371 0.1079225 0.1089058 0.1094599 0.1095594 0.1091633 0.1082316 0.1067256 0.1046096 0.1018507 9.8419279E-02 9.4289333E-02 8.9438669E-02 8.3848931E-02 7.7505574E-02 7.0397861E-02 6.2518597E-02 5.3863809E-02 4.4432398E-02 3.4225244E-02 2.3245554E-02 1.1498155E-02 -1.0111835E-03 -1.4275732E-02 -2.8287852E-02 -4.3039352E-02 -5.8519982E-02 -7.4717239E-02 -9.1614276E-02 -0.1091889 -0.1274107 -0.1462403 -0.1656254 -0.1855010 -0.2057867 -0.2263886 -0.2471975 -0.2680982 -0.2889870 -0.3097796 -0.3302599 -0.3502172 -0.3695689 -0.3882299 -0.4061038 -0.4231005 -0.4391475 -0.4541844 -0.4681660 -0.4810570
8.8826180E-02 9.2054605E-02 9.5294692E-02 9.8519355E-02 0.1016961 0.1047907 0.1077637 0.1105756 0.1131810 0.1155352 0.1175652 0.1192234 0.1205292 0.1214169 0.1218207 0.1216938 0.1209909 0.1196694 0.1176896 0.1150147 0.1116121 0.1074532 0.1025138 9.6774191E-02 9.0219311E-02 8.2838446E-02 7.4624762E-02 6.5575287E-02 5.5689808E-02 4.4970401E-02 3.3420976E-02 2.1046657E-02 7.8525161E-03 -6.1564846E-03 -2.0976294E-02 -3.6603354E-02 -5.3034443E-02 -7.0264727E-02 -8.8287450E-02 -0.1070898 -0.1266516 -0.1469410 -0.1679123 -0.1895016 -0.2116266 -0.2341837 -0.2570505 -0.2800817 -0.3030967 -0.3258780 -0.3483477 -0.3704290 -0.3919227 -0.4126579 -0.4325057 -0.4513627 -0.4691421 -0.4857782 -0.5012195 -0.5154318
9.5912598E-02 9.9577591E-02 0.1032701 0.1069584 0.1106079 0.1141784 0.1176285 0.1209112 0.1239813 0.1267903 0.1293182 0.1315147 0.1332555 0.1345089 0.1352449 0.1354140 0.1349672 0.1338575 0.1320402 0.1294748 0.1261251 0.1219597 0.1169522 0.1110817 0.1043332 9.6696451E-02 8.8165864E-02 7.8740507E-02 6.8422481E-02 5.7216015E-02 4.5127187E-02 3.2162156E-02 1.8326472E-02 3.6234036E-03 -1.1946494E-02 -2.8386084E-02 -4.5700699E-02 -6.3897647E-02 -8.2983166E-02 -0.1029609 -0.1238259 -0.1455621 -0.1681354 -0.1914905 -0.2155452 -0.2401912 -0.2652908 -0.2906872 -0.3162274 -0.3417739 -0.3670279 -0.3916959 -0.4156402 -0.4387257 -0.4608100 -0.4817672 -0.5014993 -0.5199292 -0.5370041 -0.5526870
0.1032002 0.1073360 0.1115141 0.1157002 0.1198535 0.1239307 0.1278829 0.1316613 0.1352115 0.1384814 0.1413857 0.1438710 0.1459647 0.1475911 0.1486737 0.1491573 0.1489874 0.1481119 0.1464811 0.1440496 0.1407770 0.1366285 0.1315757 0.1255970 0.1186772 0.1108079 0.1019857 9.2213370E-02 8.1496544E-02 6.9844238E-02 5.7266004E-02 4.3771744E-02 2.9368281E-02 1.4058850E-02 -2.1597138E-03 -1.9296817E-02 -3.7369434E-02 -5.6399662E-02 -7.6414436E-02 -9.7438768E-02 -0.1194942 -0.1425882 -0.1667105 -0.1918212 -0.2178492 -0.2446823 -0.2721703 -0.3001183 -0.3282727 -0.3563240 -0.3841231 -0.4115214 -0.4382258 -0.4639845 -0.4886070 -0.5119444 -0.5338789 -0.5543264 -0.5732278 -0.5905501
0.1106157 0.1152531 0.1199482 0.1246595 0.1293422 0.1339442 0.1384129 0.1426902 0.1467229 0.1504561 0.1538730 0.1569212 0.1594586 0.1614554 0.1628819 0.1636819 0.1637973 0.1631696 0.1617434 0.1594667 0.1562941 0.1521866 0.1471135 0.1410521 0.1339884 0.1259161 0.1168363 0.1067567 9.5689900E-02 8.3651252E-02 7.0658043E-02 5.6725811E-02 4.1866653E-02 2.6085112E-02 9.3767187E-03 -8.2754297E-03 -2.6900509E-02 -4.6540912E-02 -6.7248799E-02 -8.9082889E-02 -0.1121000 -0.1363485 -0.1618539 -0.1886106 -0.2165674 -0.2456231 -0.2756169 -0.3063394 -0.3375620 -0.3690560 -0.4003826 -0.4311057 -0.4609843 -0.4897917 -0.5173070 -0.5433455 -0.5677716 -0.5904878 -0.6114355 -0.6305821
0.1180474 0.1232150 0.1284510 0.1337086 0.1389321 0.1440626 0.1490361 0.1537913 0.1582646 0.1624006 0.1661079 0.1693386 0.1721471 0.1744576 0.1761887 0.1772803 0.1776684 0.1772876 0.1760737 0.1739668 0.1709139 0.1668706 0.1618030 0.1556875 0.1485113 0.1402723 0.1309775 0.1206428 0.1092904 9.6946560E-02 8.3639868E-02 6.9397174E-02 5.4239411E-02 3.8178034E-02 2.1209359E-02 3.3121558E-03 -1.5556719E-02 -3.5461783E-02 -5.6489300E-02 -7.8740276E-02 -0.1023255 -0.1273498 -0.1539007 -0.1820267 -0.2117232 -0.2429131 -0.2754388 -0.3090496 -0.3433845 -0.3779802 -0.4125530 -0.4468107 -0.4802877 -0.5125855 -0.5434039 -0.5725188 -0.5997652 -0.6250378 -0.6482742 -0.6694525
0.1253575 0.1310767 0.1368713 0.1426815 0.1484410 0.1540750 0.1595096 0.1646694 0.1694926 0.1739265 0.1779767 0.1816119 0.1846897 0.1872065 0.1891499 0.1904637 0.1910792 0.1909208 0.1899115 0.1879791 0.1850599 0.1811016 0.1760654 0.1699263 0.1626735 0.1543104 0.1448526 0.1343271 0.1227705 0.1102253 9.6737459E-02 8.2351618E-02 6.7105494E-02 5.1023390E-02 3.4110457E-02 1.6344478E-02 -2.3276545E-03 -2.1995138E-02 -4.2782214E-02 -6.4846270E-02 -8.8367239E-02 -0.1135349 -0.1405266 -0.1694842 -0.2004829 -0.2335079 -0.2684270 -0.3049908 -0.3428660 -0.3816655 -0.4206970 -0.4592559 -0.4968917 -0.5331958 -0.5678018 -0.6004242 -0.6308709 -0.6590215 -0.6848203 -0.7082543
0.1323515 0.1386379 0.1449950 0.1513489 0.1576110 0.1636878 0.1694806 0.1749027 0.1798783 0.1843616 0.1882823 0.1916426 0.1945837 0.1970692 0.1990381 0.2004355 0.2011828 0.2011872 0.2003518 0.1985842 0.1958043 0.1919473 0.1869670 0.1808359 0.1735458 0.1651068 0.1555461 0.1449067 0.1332443 0.1206248 0.1071199 9.2801362E-02 7.7733934E-02 6.1966479E-02 4.5522675E-02 2.8390996E-02 1.0514352E-02 -8.2155690E-03 -2.7964637E-02 -4.8953250E-02 -7.1451396E-02 -9.5760502E-02 -0.1221916 -0.1510275 -0.1824859 -0.2166679 -0.2535198 -0.2927889 -0.3339854 -0.3763934 -0.4194595 -0.4625855 -0.5049537 -0.5458710 -0.5848254 -0.6214588 -0.6555350 -0.6869281 -0.7155874 -0.7415240
0.1387910 0.1456490 0.1525605 0.1594236 0.1661217 0.1725217 0.1784927 0.1839111 0.1886953 0.1928134 0.1963562 0.1994024 0.2018940 0.2039414 0.2056035 0.2068359 0.2075438 0.2076022 0.2068783 0.2052469 0.2026002 0.1988547 0.1939521 0.1878607 0.1805747 0.1721126 0.1625170 0.1518509 0.1401969 0.1276521 0.1143251 0.1003267 8.5763730E-02 7.0724964E-02 5.5270735E-02 3.9415482E-02 2.3116032E-02 6.2559736E-03 -1.1362229E-02 -3.0025281E-02 -5.0102968E-02 -7.2038554E-02 -9.6319668E-02 -0.1234425 -0.1538484 -0.1878610 -0.2255998 -0.2669282 -0.3114509 -0.3585416 -0.4070301 -0.4556533 -0.5034859 -0.5497163 -0.5936767 -0.6348945 -0.6730903 -0.7081260 -0.7399744 -0.7686740
0.1443522 0.1517775 0.1592149 0.1665277 0.1735457 0.1800787 0.1859217 0.1908943 0.1948670 0.1978230 0.1998082 0.2010560 0.2020213 0.2028705 0.2036431 0.2042946 0.2046830 0.2046192 0.2039040 0.2023553 0.1998223 0.1961907 0.1913839 0.1853627 0.1781226 0.1696936 0.1601355 0.1495387 0.1380193 0.1257172 0.1127888 9.9401943E-02 8.5722357E-02 7.1902253E-02 5.8060978E-02 4.4268277E-02 3.0520048E-02 1.6721571E-02 2.6642345E-03 -1.1983048E-02 -2.7687289E-02 -4.5041416E-02 -6.4752899E-02 -8.7597407E-02 -0.1143624 -0.1457401 -0.1822098 -0.2238769 -0.2703136 -0.3205001 -0.3733698 -0.4276178 -0.4816018 -0.5339406 -0.5836521 -0.6301106 -0.6729669 -0.7120872 -0.7474713 -0.7792107
0.1486401 0.1566146 0.1645344 0.1722023 0.1793728 0.1857454 0.1909918 0.1947848 0.1968983 0.1973073 0.1963829 0.1947037 0.1927336 0.1910591 0.1899576 0.1893548 0.1889929 0.1885442 0.1876863 0.1861409 0.1836865 0.1801626 0.1754650 0.1695419 0.1623898 0.1540499 0.1446050 0.1341775 0.1229271 0.1110462 9.8756537E-02 8.6299077E-02 7.3923916E-02 6.1872002E-02 5.0357126E-02 3.9539162E-02 2.9498667E-02 2.0206114E-02 1.1496292E-02 3.0382536E-03 -5.6819059E-03 -1.5380466E-02 -2.6973058E-02 -4.1563995E-02 -6.0388446E-02 -8.4720977E-02 -0.1156951 -0.1540804 -0.2000568 -0.2530219 -0.3110310 -0.3715603 -0.4324186 -0.4917072 -0.5480035 -0.6004224 -0.6485339 -0.6922033 -0.7314894 -0.7665459
0.1511252 0.1596237 0.1679616 0.1758631 0.1829547 0.1887649 0.1927133 0.1941774 0.1926089 0.1878381 0.1803036 0.1713687 0.1629975 0.1563363 0.1516916 0.1487872 0.1470475 0.1458517 0.1446494 0.1430009 0.1405765 0.1371463 0.1325661 0.1267659 0.1197408 0.1115451 0.1022872 9.2129126E-02 8.1281833E-02 7.0004374E-02 5.8597956E-02 4.7399756E-02 3.6768150E-02 2.7068239E-02 1.8645870E-02 1.1802651E-02 6.7594927E-03 3.6262907E-03 2.3589472E-03 2.7291011E-03 4.2790086E-03 6.2930863E-03 7.7520497E-03 7.3137232E-03 3.2877086E-03 -6.3166022E-03 -2.3672312E-02 -5.0805558E-02 -8.9006357E-02 -0.1381262 -0.1968134 -0.2621462 -0.3300719 -0.3970847 -0.4608231 -0.5199739 -0.5739563 -0.6226574 -0.6662051 -0.7048558
0.1511625 0.1601486 0.1688329 0.1768181 0.1835553 0.1882783 0.1899733 0.1873491 0.1790309 0.1641229 0.1435551 0.1206840 9.9669598E-02 8.3467804E-02 7.2518572E-02 6.5755263E-02 6.1788183E-02 5.9386741E-02 5.7596575E-02 5.5719748E-02 5.3266555E-02 4.9910229E-02 4.5451663E-02 3.9795324E-02 3.2932613E-02 2.4931133E-02 1.5929574E-02 6.1338539E-03 -4.1829660E-03 -1.4684931E-02 -2.4972949E-02 -3.4594722E-02 -4.3052901E-02 -4.9826134E-02 -5.4388285E-02 -5.6242947E-02 -5.4952223E-02 -5.0180502E-02 -4.1727163E-02 -2.9574847E-02 -1.3923226E-02 4.7498848E-03 2.5638007E-02 4.7508162E-02 6.8601124E-02 8.6471297E-02 9.7866945E-02 9.8675445E-02 8.4248558E-02 5.0719548E-02 -1.7428771E-03 -6.8389393E-02 -0.1424409 -0.2175735 -0.2895502 -0.3561850 -0.4166547 -0.4708462 -0.5190034 -0.5614974
