T4-twomodels-1/gz/model150.grd
DSAA
         100         100
  -15.00000       15.00000    
  -15.00000       15.00000    
  -3.056788       6.020204    
[rows 27 to 53 of 100, columns 0 to 58 of 100]
0.1084311 0.1139800 0.1185129 0.1214672 0.1220168 0.1189888 0.1106322 9.4431780E-02 6.6899188E-02 2.4420815E-02 -3.3380266E-02 -9.7643889E-02 -0.1538976 -0.1953993 -0.2236043 -0.2422336 -0.2545308 -0.2627779 -0.2684970 -0.2726760 -0.2759405 -0.2786610 -0.2810223 -0.2830672 -0.2847255 -0.2858336 -0.2861506 -0.2853701 -0.2831327 -0.2790372 -0.2726542 -0.2635379 -0.2512425 -0.2353319 -0.2153972 -0.1910624 -0.1619990 -0.1279259 -8.8622674E-02 -4.3926597E-02 6.2475917E-03 6.1900262E-02 0.1228961 0.1889044 0.2592362 0.3325742 0.4063693 0.4757077 0.5314810 0.5597410 0.5477294 0.4971700 0.4235162 0.3422439 0.2625352 0.1884595 0.1214180 6.1569575E-02 8.6002052E-03
9.6236140E-02 0.1018161 0.1060729 0.1082967 0.1072840 0.1013330 8.7494031E-02 6.1067890E-02 1.3685343E-02 -6.7277223E-02 -0.1918987 -0.3370922 -0.4544539 -0.5298081 -0.5754189 -0.6031287 -0.6203281 -0.6312339 -0.6383529 -0.6431715 -0.6465898 -0.6491247 -0.6510332 -0.6523882 -0.6531114 -0.6530151 -0.6518059 -0.6491153 -0.6444966 -0.6374531 -0.6274341 -0.6138624 -0.5961323 -0.5736313 -0.5457382 -0.5118333 -0.4712893 -0.4234643 -0.3676773 -0.3031786 -0.2291001 -0.1443895 -4.7714252E-02 6.2662795E-02 0.1890677 0.3345654 0.5029473 0.6970478 0.9106891 1.105641 1.215236 1.218474 1.155431 1.068909 0.9804600 0.8978683 0.8234844 0.7574865 0.6994557
7.9835087E-02 8.5497350E-02 8.9335538E-02 9.0835713E-02 8.7945305E-02 7.8819185E-02 5.8386475E-02 1.9617938E-02 -5.4926813E-02 -0.1966439 -0.4554749 -0.7806752 -1.015186 -1.142077 -1.210751 -1.249426 -1.272320 -1.286211 -1.294892 -1.300424 -1.304027 -1.306385 -1.307832 -1.308477 -1.308234 -1.306889 -1.304101 -1.299423 -1.292337 -1.282218 -1.268424 -1.250190 -1.226795 -1.197369 -1.161131 -1.117105 -1.064419 -1.001901 -0.9284467 -0.8424439 -0.7421921 -0.6250633 -0.4878817 -0.3255760 -0.1311098 0.1071621 0.4075415 0.7997339 1.317624 1.910344 2.339381 2.480016 2.447163 2.358196 2.261334 2.169807 2.087982 2.015522 1.952426
6.2382016E-02 6.8154886E-02 7.1523666E-02 7.2326764E-02 6.7468710E-02 5.5157859E-02 2.7873252E-02 -2.3602299E-02 -0.1269901 -0.3350115 -0.7483822 -1.285243 -1.653297 -1.836020 -1.928989 -1.978988 -2.007729 -2.024662 -2.034930 -2.041186 -2.044974 -2.047154 -2.048131 -2.048057 -2.046839 -2.044229 -2.039848 -2.033159 -2.023586 -2.010358 -1.992757 -1.969813 -1.940707 -1.904282 -1.859628 -1.805365 -1.740419 -1.663020 -1.571689 -1.463855 -1.337026 -1.186841 -1.008271 -0.7925792 -0.5277339 -0.1924596 0.2480550 0.8560792 1.719018 2.782495 3.595715 3.899894 3.902738 3.811995 3.706867 3.606302 3.517071 3.438067 3.369951
4.8100553E-02 5.3904813E-02 5.6942876E-02 5.6990005E-02 5.0438847E-02 3.5046369E-02 1.7892570E-03 -6.0942654E-02 -0.1873499 -0.4430628 -0.9481127 -1.601000 -2.051258 -2.275245 -2.388126 -2.448084 -2.482095 -2.501839 -2.513576 -2.520499 -2.524444 -2.526429 -2.526934 -2.526144 -2.523957 -2.520102 -2.514144 -2.505485 -2.493461 -2.477197 -2.455858 -2.428329 -2.393638 -2.350428 -2.297584 -2.233449 -2.156650 -2.065005 -1.956560 -1.828062 -1.676172 -1.495277 -1.278654 -1.014981 -0.6883942 -0.2715017 0.2802278 1.043862 2.121453 3.434111 4.437733 4.825784 4.846830 4.752062 4.638319 4.529105 4.432479 4.347238 4.274056
3.8079828E-02 4.3923501E-02 4.6728529E-02 4.6114065E-02 3.8170513E-02 2.0177966E-02 -1.7806213E-02 -8.9024328E-02 -0.2307522 -0.5132554 -1.059749 -1.760712 -2.249640 -2.497758 -2.624309 -2.691874 -2.730141 -2.752241 -2.765221 -2.772697 -2.776746 -2.778513 -2.778546 -2.777053 -2.773926 -2.768866 -2.761395 -2.750847 -2.736482 -2.717328 -2.692441 -2.660579 -2.620624 -2.571056 -2.510569 -2.437285 -2.349575 -2.244942 -2.121053 -1.974174 -1.800361 -1.593211 -1.344974 -1.042978 -0.6696118 -0.1953138 0.4267631 1.274867 2.447143 3.849123 4.913654 5.327058 5.350531 5.249116 5.126732 5.009340 4.905663 4.814511 4.736442
3.1710088E-02 3.7636168E-02 4.0303033E-02 3.9191429E-02 3.0183606E-02 1.0213279E-02 -3.1207222E-02 -0.1081948 -0.2592511 -0.5559106 -1.121208 -1.842651 -2.349626 -2.610905 -2.746011 -2.818847 -2.860261 -2.884171 -2.898113 -2.906000 -2.910081 -2.911604 -2.911166 -2.908994 -2.904973 -2.898777 -2.889885 -2.877573 -2.861031 -2.839205 -2.811050 -2.775220 -2.730470 -2.675148 -2.607797 -2.526373 -2.429054 -2.313135 -2.176033 -2.013736 -1.821973 -1.593984 -1.321624 -0.9918489 -0.5867715 -7.6875374E-02 0.5839646 1.471933 2.681027 4.110799 5.190259 5.606761 5.625700 5.516549 5.385939 5.261005 5.150803 5.054147 4.971478
2.8178632E-02 3.4240957E-02 3.6865424E-02 3.5437848E-02 2.5688251E-02 4.3408945E-03 -3.9408661E-02 -0.1200790 -0.2766363 -0.5808834 -1.155690 -1.887425 -2.403592 -2.672074 -2.812331 -2.888601 -2.932182 -2.957376 -2.971997 -2.980142 -2.984183 -2.985436 -2.984537 -2.981720 -2.976866 -2.969621 -2.959426 -2.945509 -2.926998 -2.902765 -2.871690 -2.832332 -2.783356 -2.723003 -2.649709 -2.561315 -2.455882 -2.330580 -2.182709 -2.008139 -1.802505 -1.558983 -1.269446 -0.9209872 -0.4960829 3.4104288E-02 0.7145673 1.619906 2.842365 4.280271 5.361788 5.774930 5.787361 5.670596 5.532502 5.400779 5.284672 5.182980 5.096065
2.6810355E-02 3.3057205E-02 3.5734128E-02 3.4154624E-02 2.3955271E-02 1.7258339E-03 -4.3496165E-02 -0.1264207 -0.2861589 -0.5945443 -1.174089 -1.910661 -2.431515 -2.703989 -2.847284 -2.925693 -2.970677 -2.996710 -3.011756 -3.020023 -3.023957 -3.024922 -3.023575 -3.020160 -3.014541 -3.006350 -2.994989 -2.979647 -2.959397 -2.933059 -2.899444 -2.857047 -2.804458 -2.739850 -2.661585 -2.567438 -2.455409 -2.322625 -2.166351 -1.982462 -1.766629 -1.512135 -1.211043 -0.8507625 -0.4142378 0.1267207 0.8163137 1.728274 2.954029 4.391327 5.469098 5.876642 5.882440 5.758758 5.614048 5.476335 5.354965 5.248740 5.157957
2.7047658E-02 3.3522677E-02 3.6330964E-02 3.4739986E-02 2.4322771E-02 1.5979400E-03 -4.4488162E-02 -0.1287196 -0.2902663 -0.6009365 -1.183242 -1.922831 -2.446368 -2.721071 -2.866121 -2.945802 -2.991631 -3.018159 -3.033426 -3.041700 -3.045475 -3.046140 -3.044369 -3.040404 -3.034102 -3.025072 -3.012692 -2.996113 -2.974371 -2.946237 -2.910477 -2.865534 -2.809952 -2.741855 -2.659568 -2.560835 -2.443641 -2.305114 -2.142547 -1.951876 -1.728880 -1.467002 -1.158538 -0.7912057 -0.3483355 0.1978207 0.8910106 1.804616 3.029995 4.465265 5.539304 5.941565 5.941358 5.811616 5.661170 5.518231 5.392232 5.281970 5.187710
2.8459005E-02 3.5193212E-02 3.8195543E-02 3.6699697E-02 2.6244229E-02 3.2987446E-03 -4.3227896E-02 -0.1281628 -0.2906791 -0.6025612 -1.186128 -1.926907 -2.451738 -2.727645 -2.873661 -2.954048 -3.000336 -3.027108 -3.042442 -3.050638 -3.054215 -3.054581 -3.052413 -3.047954 -3.041052 -3.031296 -3.018044 -3.000419 -2.977426 -2.947802 -2.910278 -2.863264 -2.805274 -2.734406 -2.648968 -2.546702 -2.425603 -2.282828 -2.115731 -1.920330 -1.692528 -1.425932 -1.113038 -0.7418088 -0.2958415 0.2523430 0.9462670 1.859152 3.082242 4.513543 5.582612 5.979657 5.974149 5.839193 5.683813 5.536362 5.406321 5.292501 5.195142
3.0679395E-02 3.7693698E-02 4.0932652E-02 3.9610617E-02 2.9239688E-02 6.2680105E-03 -4.0423010E-02 -0.1256710 -0.2886586 -0.6011515 -1.185540 -1.927297 -2.452915 -2.729440 -2.875942 -2.956671 -3.003158 -3.030002 -3.045293 -3.053353 -3.056712 -3.056787 -3.054257 -3.049362 -3.041940 -3.031570 -3.017589 -2.999100 -2.975084 -2.944255 -2.905321 -2.856671 -2.796800 -2.723799 -2.635974 -2.531077 -2.407130 -2.261336 -2.091110 -1.892561 -1.661703 -1.392279 -1.076946 -0.7038351 -0.2567150 0.2917468 0.9849679 1.896159 3.116728 4.545068 5.610587 6.003377 5.993350 5.853941 5.694351 5.543018 5.409475 5.292541 5.192448
3.3425398E-02 4.0728018E-02 4.4229671E-02 4.3129340E-02 3.2926723E-02 1.0052324E-02 -3.6621258E-02 -0.1219441 -0.2850914 -0.5978160 -1.182379 -1.924218 -2.450056 -2.726834 -2.873527 -2.954369 -3.000890 -3.027689 -3.042868 -3.050756 -3.053890 -3.053690 -3.050836 -3.045563 -3.037702 -3.026821 -3.012244 -2.993058 -2.968228 -2.936452 -2.896423 -2.846516 -2.785223 -2.710632 -2.621059 -2.514275 -2.388333 -2.240483 -2.068201 -1.867675 -1.635012 -1.364061 -1.047591 -0.6738472 -0.2266998 0.3211043 1.012946 1.922030 3.139726 4.564318 5.625709 6.014502 6.000579 5.857391 5.694216 5.539562 5.402998 5.283359 5.180871
3.6452081E-02 4.4042408E-02 4.7815245E-02 4.6964645E-02 3.6977001E-02 1.4278106E-02 -3.2272141E-02 -0.1175217 -0.2806524 -0.5934097 -1.178144 -1.920278 -2.446263 -2.723095 -2.869804 -2.950621 -2.997071 -3.023757 -3.038784 -3.046484 -3.049397 -3.048944 -3.045805 -3.040211 -3.031986 -3.020689 -3.005635 -2.985901 -2.960440 -2.927939 -2.887084 -2.836244 -2.773910 -2.698177 -2.607372 -2.499290 -2.372016 -2.222840 -2.049295 -1.847631 -1.614027 -1.342409 -1.025625 -0.6519922 -0.2054395 0.3412527 1.031456 1.938421 3.153680 4.575819 5.634529 6.020204 6.003016 5.856629 5.690415 5.532933 5.393781 5.271806 5.167236
3.9574061E-02 4.7438778E-02 5.1481880E-02 5.0887026E-02 4.1138660E-02 1.8651901E-02 -2.7712341E-02 -0.1128106 -0.2758154 -0.5884711 -1.173023 -1.914881 -2.440729 -2.717486 -2.864109 -2.944820 -2.991142 -3.017679 -3.032536 -3.040046 -3.042752 -3.042073 -3.038688 -3.032825 -3.024303 -3.012675 -2.997250 -2.977095 -2.951158 -2.918119 -2.876661 -2.825152 -2.762084 -2.685563 -2.593930 -2.485002 -2.356890 -2.206925 -2.032680 -1.830456 -1.596485 -1.324749 -1.008147 -0.6350404 -0.1893875 0.3560128 1.044543 1.949463 3.162263 4.581395 5.636938 6.019680 5.999702 5.850623 5.681844 5.521967 5.380611 5.256638 5.150274
4.2626120E-02 5.0748512E-02 5.5046588E-02 5.4702885E-02 4.5194432E-02 2.2935286E-02 -2.3219362E-02 -0.1081239 -0.2709580 -0.5834635 -1.167976 -1.909904 -2.435694 -2.712323 -2.858810 -2.939376 -2.985544 -3.011917 -3.026601 -3.033931 -3.036448 -3.035573 -3.031980 -3.025896 -3.017138 -3.005252 -2.989543 -2.969075 -2.942790 -2.909365 -2.867482 -2.815511 -2.751950 -2.674912 -2.582755 -2.473311 -2.344721 -2.194341 -2.019782 -1.817379 -1.583406 -1.311879 -0.9957309 -0.6233502 -0.1787129 0.3653840 1.052332 1.955438 3.166322 4.583689 5.637375 6.017930 5.995651 5.844317 5.673394 5.511504 5.368290 5.242619 5.134731
4.5489684E-02 5.3844441E-02 5.8376908E-02 5.8265496E-02 4.8986405E-02 2.6948448E-02 -1.8991996E-02 -0.1036956 -0.2663360 -0.5786548 -1.162894 -1.904460 -2.430020 -2.706488 -2.852816 -2.933225 -2.979234 -3.005446 -3.019967 -3.027133 -3.029484 -3.028440 -3.024676 -3.018415 -3.009471 -2.997390 -2.981470 -2.960775 -2.934243 -2.900552 -2.858382 -2.806108 -2.742232 -2.664878 -2.572414 -2.462691 -2.333868 -2.183326 -2.008699 -1.806354 -1.572586 -1.301441 -0.9858713 -0.6142810 -0.1706501 0.3722229 1.057746 1.959231 3.168245 4.583337 5.634678 6.013151 5.988937 5.835741 5.663038 5.499478 5.354715 5.227629 5.118458
4.8057619E-02 5.6616031E-02 6.1354186E-02 6.1450664E-02 5.2377302E-02 3.0544147E-02 -1.5198789E-02 -9.9707909E-02 -0.2621645 -0.5743099 -1.158475 -1.900067 -2.425533 -2.701846 -2.848020 -2.928275 -2.974133 -3.000196 -3.014573 -3.021595 -3.023805 -3.022623 -3.018720 -3.012320 -3.003235 -2.991007 -2.974936 -2.954081 -2.927381 -2.893513 -2.851159 -2.798697 -2.734635 -2.657104 -2.564484 -2.454638 -2.325742 -2.175193 -2.000645 -1.798483 -1.565023 -1.294326 -0.9793580 -0.6085290 -0.1658248 0.3759652 1.060260 1.960406 3.168082 4.582052 5.632238 6.009269 5.983511 5.828800 5.654650 5.489727 5.343698 5.215449 5.105223
5.0258007E-02 5.8985967E-02 6.3898504E-02 6.4170413E-02 5.5274762E-02 3.3616252E-02 -1.1951337E-02 -9.6291050E-02 -0.2585783 -0.5705551 -1.154466 -1.895716 -2.420966 -2.697131 -2.843163 -2.923282 -2.969008 -2.994943 -3.009196 -3.016100 -3.018194 -3.016900 -3.012890 -3.006384 -2.997194 -2.984862 -2.968684 -2.947722 -2.920911 -2.886931 -2.844466 -2.791896 -2.727736 -2.650121 -2.557439 -2.447567 -2.318688 -2.168216 -1.993816 -1.791888 -1.558761 -1.288504 -0.9740931 -0.6039428 -0.1620356 0.3788410 1.062118 1.961143 3.167525 4.579870 5.628399 6.004040 5.977029 5.821119 5.645822 5.479818 5.332781 5.203606 5.092536
5.2024122E-02 6.0886890E-02 6.5937430E-02 6.6350587E-02 5.7595480E-02 3.6080532E-02 -9.3466835E-03 -9.3545236E-02 -0.2556975 -0.5675458 -1.151420 -1.892728 -2.417920 -2.693968 -2.839885 -2.919892 -2.965509 -2.991343 -3.005496 -3.012306 -3.014312 -3.012933 -3.008842 -3.002259 -2.992994 -2.980589 -2.964341 -2.943308 -2.916429 -2.882384 -2.839856 -2.787230 -2.723024 -2.645379 -2.552691 -2.442840 -2.314022 -2.163656 -1.989421 -1.787723 -1.554899 -1.285026 -0.9710850 -0.6014903 -0.1602249 0.3799314 1.062415 1.960600 3.166195 4.578000 5.625975 6.000798 5.972866 5.816046 5.639881 5.473054 5.325253 5.195372 5.083660
5.3317964E-02 6.2277984E-02 6.7429088E-02 6.7943662E-02 5.9292864E-02 3.7881222E-02 -7.4408250E-03 -9.1537535E-02 -0.2535853 -0.5653273 -1.149010 -1.890039 -2.415073 -2.691028 -2.836858 -2.916782 -2.962320 -2.988078 -3.002160 -3.008903 -3.010845 -3.009408 -3.005261 -2.998625 -2.989311 -2.976860 -2.960567 -2.939492 -2.912573 -2.878490 -2.835931 -2.783280 -2.719059 -2.641412 -2.548739 -2.438926 -2.310174 -2.159910 -1.985816 -1.784305 -1.551720 -1.282143 -0.9685528 -0.5993691 -0.1585708 0.3810639 1.062978 1.960539 3.165380 4.576137 5.623052 5.997073 5.968470 5.811013 5.634238 5.466837 5.318499 5.188120 5.075955
5.4103836E-02 6.3123085E-02 6.8334259E-02 6.8911403E-02 6.0323022E-02 3.8975410E-02 -6.2846346E-03 -9.0316311E-02 -0.2523040 -0.5639901 -1.147705 -1.888857 -2.413899 -2.689803 -2.835579 -2.915453 -2.960943 -2.986655 -3.000694 -3.007397 -3.009302 -3.007829 -3.003649 -2.996984 -2.987641 -2.975163 -2.958846 -2.937749 -2.910809 -2.876709 -2.834136 -2.781476 -2.717252 -2.639611 -2.546955 -2.437174 -2.308471 -2.158277 -1.984277 -1.782888 -1.550455 -1.281061 -0.9676899 -0.5987569 -0.1582432 0.3810782 1.062652 1.959866 3.164441 4.575191 5.622099 5.995856 5.966878 5.809045 5.631910 5.464167 5.315510 5.184838 5.072403
5.4369729E-02 6.3408144E-02 6.8640359E-02 6.9237739E-02 6.0671337E-02 3.9344139E-02 -5.8936891E-03 -8.9905739E-02 -0.2518700 -0.5635293 -1.147132 -1.888083 -2.413041 -2.688922 -2.834680 -2.914537 -2.960011 -2.985708 -2.999732 -3.006421 -3.008314 -3.006829 -3.002639 -2.995963 -2.986612 -2.974126 -2.957801 -2.936696 -2.909751 -2.875646 -2.833068 -2.780407 -2.716183 -2.638545 -2.545896 -2.436127 -2.307442 -2.157272 -1.983305 -1.781958 -1.549577 -1.280246 -0.9669479 -0.5981002 -0.1576806 0.3815339 1.062994 1.960071 3.164406 4.574643 5.621030 5.994526 5.965404 5.807446 5.630190 5.462337 5.313573 5.182803 5.070278
5.4104116E-02 6.3123606E-02 6.8334684E-02 6.8911910E-02 6.0323626E-02 3.8975641E-02 -6.2844250E-03 -9.0316266E-02 -0.2523039 -0.5639901 -1.147705 -1.888857 -2.413898 -2.689803 -2.835580 -2.915453 -2.960943 -2.986655 -3.000695 -3.007397 -3.009302 -3.007829 -3.003649 -2.996984 -2.987642 -2.975164 -2.958847 -2.937749 -2.910810 -2.876710 -2.834137 -2.781476 -2.717252 -2.639611 -2.546956 -2.437174 -2.308472 -2.158277 -1.984277 -1.782889 -1.550455 -1.281062 -0.9676904 -0.5987576 -0.1582437 0.3810779 1.062652 1.959866 3.164440 4.575191 5.622098 5.995856 5.966878 5.809045 5.631910 5.464168 5.315511 5.184838 5.072403
5.3318448E-02 6.2278703E-02 6.7429669E-02 6.7944154E-02 5.9293676E-02 3.7881523E-02 -7.4409414E-03 -9.1537952E-02 -0.2535852 -0.5653269 -1.149010 -1.890039 -2.415073 -2.691027 -2.836858 -2.916782 -2.962321 -2.988078 -3.002161 -3.008903 -3.010845 -3.009408 -3.005261 -2.998626 -2.989311 -2.976860 -2.960567 -2.939492 -2.912573 -2.878491 -2.835931 -2.783281 -2.719059 -2.641412 -2.548739 -2.438926 -2.310175 -2.159910 -1.985816 -1.784306 -1.551721 -1.282144 -0.9685537 -0.5993699 -0.1585712 0.3810633 1.062978 1.960538 3.165380 4.576136 5.623051 5.997073 5.968469 5.811013 5.634238 5.466837 5.318498 5.188120 5.075954
5.2024402E-02 6.0887191E-02 6.5937802E-02 6.6351146E-02 5.7596084E-02 3.6080580E-02 -9.3470803E-03 -9.3545787E-02 -0.2556978 -0.5675456 -1.151420 -1.892727 -2.417920 -2.693968 -2.839884 -2.919892 -2.965510 -2.991343 -3.005496 -3.012305 -3.014311 -3.012933 -3.008842 -3.002259 -2.992994 -2.980589 -2.964341 -2.943309 -2.916430 -2.882384 -2.839856 -2.787230 -2.723024 -2.645379 -2.552691 -2.442840 -2.314023 -2.163657 -1.989422 -1.787723 -1.554900 -1.285027 -0.9710855 -0.6014907 -0.1602247 0.3799314 1.062415 1.960600 3.166194 4.577998 5.625973 6.000796 5.972864 5.816044 5.639879 5.473053 5.325253 5.195371 5.083658
5.0258521E-02 5.8986176E-02 6.3899070E-02 6.4171061E-02 5.5275019E-02 3.3616696E-02 -1.1951569E-02 -9.6291751E-02 -0.2585788 -0.5705553 -1.154466 -1.895715 -2.420966 -2.697130 -2.843163 -2.923282 -2.969008 -2.994944 -3.009195 -3.016099 -3.018193 -3.016900 -3.012889 -3.006384 -2.997193 -2.984862 -2.968684 -2.947721 -2.920911 -2.886931 -2.844466 -2.791896 -2.727735 -2.650120 -2.557438 -2.447566 -2.318687 -2.168216 -1.993816 -1.791888 -1.558760 -1.288504 -0.9740931 -0.6039428 -0.1620350 0.3788419 1.062119 1.961142 3.167523 4.579869 5.628398 6.004037 5.977026 5.821116 5.645820 5.479816 5.332779 5.203604 5.092534
