T4-twomodels-1/gz/model30.grd
DSAA
         100         100
  -15.00000       15.00000    
  -15.00000       15.00000    
  -1.702740       2.745274    
[rows 52 to 77 of 100, columns 0 to 59 of 100]
0.1623243 0.1880093 0.2176250 0.2529580 0.2928833 0.3381429 0.3828095 0.4176122 0.4077497 0.2815655 -9.1221921E-02 -0.6128587 -0.9301075 -1.025265 -1.023534 -0.9879991 -0.9455254 -0.9053339 -0.8707410 -0.8422819 -0.8196865 -0.8024166 -0.7898906 -0.7816525 -0.7773128 -0.7766154 -0.7794097 -0.7856146 -0.7953056 -0.8085516 -0.8256618 -0.8468600 -0.8727182 -0.9036447 -0.9405298 -0.9840083 -1.035333 -1.095332 -1.165473 -1.246283 -1.338302 -1.439162 -1.543162 -1.634779 -1.684394 -1.637856 -1.413802 -0.9018936 1.0508997E-02 1.221554 2.145634 2.453251 2.396735 2.236212 2.071606 1.925146 1.802278 1.699150 1.614245 1.543093
0.1610392 0.1865809 0.2160401 0.2512005 0.2909402 0.3359986 0.3804535 0.4150308 0.4049381 0.2785213 -9.4412789E-02 -0.6161047 -0.9335245 -1.028907 -1.027394 -0.9920648 -0.9497802 -0.9097601 -0.8753190 -0.8469917 -0.8245068 -0.8073263 -0.7948676 -0.7866758 -0.7823595 -0.7816639 -0.7844371 -0.7905979 -0.8002203 -0.8133732 -0.8303632 -0.8514134 -0.8770928 -0.9078087 -0.9444483 -0.9876442 -1.038646 -1.098281 -1.168012 -1.248369 -1.339886 -1.440199 -1.543607 -1.634589 -1.683529 -1.636285 -1.411498 -0.8988563 1.4188886E-02 1.225598 2.150025 2.458235 2.402401 2.242541 2.078555 1.932673 1.810334 1.707688 1.623217 1.552453
0.1593652 0.1847185 0.2139684 0.2489005 0.2883904 0.3331810 0.3773478 0.4116241 0.4012138 0.2744669 -9.8891780E-02 -0.6211008 -0.9389096 -1.034608 -1.033394 -0.9983418 -0.9563131 -0.9165246 -0.8822883 -0.8541381 -0.8318020 -0.8147415 -0.8023741 -0.7942442 -0.7899613 -0.7892693 -0.7920169 -0.7981215 -0.8076566 -0.8206888 -0.8375238 -0.8583818 -0.8838297 -0.9142712 -0.9505904 -0.9934164 -1.043996 -1.103150 -1.172343 -1.252098 -1.342949 -1.442532 -1.545147 -1.635275 -1.683309 -1.635110 -1.409332 -0.8956573 1.8534157E-02 1.231370 2.157214 2.466543 2.411668 2.252700 2.089551 1.944440 1.822810 1.720804 1.636909 1.566656
0.1572954 0.1824093 0.2113947 0.2460336 0.2852044 0.3296478 0.3734446 0.4073260 0.3965073 0.2693431 -0.1043473 -0.6267928 -0.9449560 -1.041059 -1.040232 -1.005544 -0.9638487 -0.9243606 -0.8903896 -0.8624684 -0.8403245 -0.8234184 -0.8111688 -0.8031197 -0.7988811 -0.7981969 -0.8009149 -0.8069520 -0.8163806 -0.8292655 -0.8459095 -0.8665309 -0.8916920 -0.9217932 -0.9577138 -1.000078 -1.050128 -1.108679 -1.177191 -1.256184 -1.346188 -1.444838 -1.546435 -1.635466 -1.682326 -1.632891 -1.405825 -0.8908424 2.4570897E-02 1.238339 2.165088 2.475559 2.421892 2.264082 2.102011 1.957895 1.837170 1.735982 1.652817 1.583211
0.1548078 0.1796284 0.2082850 0.2425608 0.2813306 0.3253388 0.3686646 0.4020477 0.3907016 0.2629887 -0.1113548 -0.6345510 -0.9533274 -1.049959 -1.049630 -1.015406 -0.9741354 -0.9350286 -0.9013932 -0.8737606 -0.8518580 -0.8351466 -0.8230451 -0.8150986 -0.8109176 -0.8102461 -0.8129321 -0.8188912 -0.8281947 -0.8409050 -0.8573224 -0.8776604 -0.9024787 -0.9321706 -0.9676107 -1.009416 -1.058822 -1.116637 -1.184315 -1.262368 -1.351323 -1.448812 -1.549136 -1.636785 -1.682164 -1.631158 -1.402450 -0.8857601 3.1492207E-02 1.247395 2.176257 2.488504 2.436414 2.280070 2.119362 1.976493 1.856901 1.756728 1.674466 1.605655
0.1518916 0.1763572 0.2046156 0.2384456 0.2767229 0.3201895 0.3629301 0.3956842 0.3836792 0.2552862 -0.1196533 -0.6433459 -0.9627395 -1.060032 -1.060333 -1.026693 -0.9859555 -0.9473253 -0.9141080 -0.8868334 -0.8652291 -0.8487577 -0.8368393 -0.8290205 -0.8249128 -0.8242614 -0.8269138 -0.8327855 -0.8419454 -0.8544541 -0.8706079 -0.8906165 -0.9150325 -0.9442443 -0.9791173 -1.020261 -1.068901 -1.125836 -1.192510 -1.269427 -1.357106 -1.453174 -1.551931 -1.637869 -1.681403 -1.628434 -1.397666 -0.8788627 4.0430021E-02 1.258067 2.188622 2.502783 2.452635 2.298129 2.139114 1.997792 1.879590 1.780659 1.699492 1.631640
0.1485222 0.1725659 0.2003456 0.2336381 0.2713141 0.3141177 0.3561319 0.3881064 0.3752701 0.2460073 -0.1299234 -0.6547142 -0.9750533 -1.073188 -1.074280 -1.041372 -1.001298 -0.9632586 -0.9305555 -0.9037194 -0.8824795 -0.8663001 -0.8546047 -0.8469424 -0.8429270 -0.8423044 -0.8449234 -0.8506987 -0.8596978 -0.8719777 -0.8878312 -0.9074621 -0.9314166 -0.9600732 -0.9942892 -1.034662 -1.082404 -1.138303 -1.203788 -1.279351 -1.365499 -1.459850 -1.556700 -1.640544 -1.681804 -1.626399 -1.393061 -0.8715725 5.0572123E-02 1.271384 2.205073 2.521972 2.474293 2.322067 2.165148 2.025718 1.909212 1.811777 1.731923 1.665212
0.1446892 0.1682355 0.1954483 0.2280957 0.2650466 0.3070399 0.3481642 0.3791701 0.3653051 0.2349689 -0.1419570 -0.6676385 -0.9889928 -1.088174 -1.090253 -1.058255 -1.019001 -0.9816867 -0.9496115 -0.9233078 -0.9025075 -0.8866800 -0.8752528 -0.8677797 -0.8638775 -0.8632953 -0.8658825 -0.8715535 -0.8803744 -0.8923996 -0.9079155 -0.9271206 -0.9505512 -0.9785770 -1.012041 -1.051528 -1.098233 -1.152928 -1.217022 -1.290989 -1.375319 -1.467618 -1.562170 -1.643473 -1.681953 -1.623554 -1.387036 -0.8622482 6.3158624E-02 1.286913 2.223482 2.543453 2.498804 2.349405 2.195057 2.057937 1.943474 1.847833 1.769536 1.704169
0.1403715 0.1633393 0.1898838 0.2217667 0.2578464 0.2988611 0.3388956 0.3687130 0.3535669 0.2218796 -0.1565478 -0.6838534 -1.006655 -1.107151 -1.110458 -1.079583 -1.041337 -1.004907 -0.9735926 -0.9479288 -0.9276542 -0.9122453 -0.9011369 -0.8938894 -0.8901247 -0.8895959 -0.8921543 -0.8977148 -0.9063417 -0.9180853 -0.9332277 -0.9519578 -0.9748029 -1.002119 -1.034734 -1.073215 -1.118737 -1.172046 -1.234530 -1.306636 -1.388832 -1.478700 -1.570514 -1.648762 -1.683880 -1.621827 -1.381406 -0.8524995 7.7270955E-02 1.305773 2.247034 2.571205 2.530368 2.384457 2.233261 2.098940 1.986934 1.893422 1.816959 1.753156
0.1355714 0.1578700 0.1836371 0.2146179 0.2496631 0.2894994 0.3282161 0.3565785 0.3398679 0.2065329 -0.1734752 -0.7022502 -1.026651 -1.128757 -1.133573 -1.104076 -1.067057 -1.031696 -1.001294 -0.9763928 -0.9567404 -0.9418243 -0.9310906 -0.9241084 -0.9205079 -0.9200473 -0.9225814 -0.9280260 -0.9364436 -0.9478810 -0.9626133 -0.9808206 -1.003018 -1.029545 -1.061212 -1.098563 -1.142747 -1.194483 -1.255123 -1.325083 -1.404799 -1.491825 -1.580412 -1.655040 -1.686146 -1.619712 -1.374575 -0.8406993 9.4101347E-02 1.327340 2.273274 2.602280 2.566122 2.424511 2.277161 2.146224 2.037148 1.946152 1.871828 1.809835
0.1302918 0.1518274 0.1766955 0.2066262 0.2404501 0.2788880 0.3160230 0.3426393 0.3240364 0.1887040 -0.1934830 -0.7245790 -1.051096 -1.155154 -1.161795 -1.133960 -1.098417 -1.064335 -1.035017 -1.011014 -0.9920890 -0.9777464 -0.9674464 -0.9607725 -0.9573646 -0.9569886 -0.9595039 -0.9648280 -0.9730226 -0.9841297 -0.9984173 -1.016055 -1.037542 -1.063203 -1.093823 -1.129919 -1.172610 -1.222575 -1.281129 -1.348644 -1.425517 -1.509265 -1.594118 -1.664541 -1.690983 -1.619440 -1.368784 -0.8290006 0.1121366 1.352282 2.305140 2.640504 2.610160 2.473821 2.331150 2.204275 2.098680 2.010629 1.938782 1.878859
0.1245854 0.1452574 0.1691016 0.1978199 0.2302256 0.2670221 0.3023017 0.3268688 0.3060822 0.1684904 -0.2158517 -0.7489633 -1.077663 -1.183943 -1.192704 -1.166825 -1.133025 -1.100450 -1.072400 -1.049442 -1.031357 -1.017673 -1.007869 -1.001547 -0.9983609 -0.9980864 -1.000589 -1.005790 -1.013748 -1.024503 -1.038313 -1.055336 -1.076055 -1.100773 -1.130249 -1.164968 -1.206008 -1.254008 -1.310230 -1.375000 -1.448663 -1.528706 -1.609340 -1.675048 -1.696308 -1.619162 -1.362494 -0.8162966 0.1315525 1.378377 2.338117 2.680696 2.657367 2.527438 2.390410 2.268387 2.166884 2.082255 2.013245 1.955669
0.1185521 0.1382623 0.1609520 0.1882955 0.2190762 0.2539931 0.2871549 0.3094452 0.2863309 0.1464899 -0.2401102 -0.7755709 -1.106490 -1.215012 -1.226056 -1.202372 -1.170569 -1.139730 -1.113141 -1.091377 -1.074248 -1.061306 -1.052061 -1.046135 -1.043200 -1.043044 -1.045542 -1.050616 -1.058327 -1.068709 -1.082011 -1.098377 -1.118274 -1.141978 -1.170219 -1.203442 -1.242684 -1.288527 -1.342182 -1.403914 -1.474026 -1.549983 -1.626029 -1.686736 -1.702739 -1.620226 -1.358126 -0.8062488 0.1479927 1.402521 2.370831 2.722015 2.706983 2.584701 2.454401 2.338096 2.241361 2.160656 2.094863 2.039912
0.1124346 0.1310869 0.1524995 0.1783068 0.2072700 0.2400891 0.2709558 0.2909402 0.2658581 0.1247510 -0.2621839 -0.7975106 -1.128936 -1.238856 -1.251924 -1.230502 -1.200888 -1.171996 -1.147050 -1.126628 -1.110565 -1.098449 -1.089822 -1.084333 -1.081676 -1.081655 -1.084153 -1.089099 -1.096554 -1.106544 -1.119311 -1.134985 -1.154010 -1.176635 -1.203557 -1.235179 -1.272483 -1.315997 -1.366866 -1.425300 -1.491569 -1.563166 -1.634472 -1.690373 -1.701999 -1.616116 -1.351984 -0.7990931 0.1562026 1.413058 2.386349 2.745273 2.739223 2.625741 2.503284 2.393619 2.302346 2.226083 2.163877 2.111827
0.1066900 0.1242004 0.1442224 0.1683528 0.1953284 0.2258958 0.2544340 0.2725200 0.2469329 0.1080270 -0.2736300 -0.8025087 -1.129171 -1.237493 -1.251396 -1.231958 -1.204601 -1.177817 -1.154675 -1.135726 -1.120829 -1.109613 -1.101656 -1.096641 -1.094286 -1.094414 -1.096919 -1.101736 -1.108925 -1.118508 -1.130719 -1.145667 -1.163778 -1.185269 -1.210801 -1.240728 -1.275977 -1.317011 -1.364909 -1.419829 -1.482039 -1.549145 -1.615885 -1.667906 -1.677681 -1.593807 -1.337240 -0.7976475 0.1414968 1.385323 2.353440 2.715264 2.717136 2.613079 2.499470 2.397328 2.312196 2.240859 2.182592 2.133690
0.1021553 0.1184510 0.1369955 0.1593293 0.1841970 0.2124263 0.2388129 0.2560003 0.2333671 0.1058309 -0.2521467 -0.7514876 -1.056880 -1.155912 -1.167892 -1.149678 -1.124487 -1.099906 -1.078690 -1.061321 -1.047673 -1.037416 -1.030172 -1.025660 -1.023627 -1.023914 -1.026430 -1.031116 -1.038032 -1.047198 -1.058832 -1.073031 -1.090194 -1.110508 -1.134592 -1.162751 -1.195851 -1.234286 -1.279068 -1.330316 -1.388333 -1.450969 -1.513631 -1.563488 -1.575928 -1.504271 -1.275482 -0.7840432 8.8385165E-02 1.262497 2.182401 2.526535 2.530282 2.435039 2.330940 2.237077 2.158664 2.092677 2.038639 1.993094
9.9895559E-02 0.1149012 0.1319359 0.1523591 0.1750831 0.2009095 0.2255025 0.2431396 0.2289730 0.1305986 -0.1573755 -0.5634185 -0.8077891 -0.8833187 -0.8891510 -0.8711051 -0.8478704 -0.8255338 -0.8063203 -0.7906034 -0.7782613 -0.7690038 -0.7625031 -0.7585118 -0.7568134 -0.7572662 -0.7597969 -0.7643496 -0.7709885 -0.7797266 -0.7907714 -0.8042045 -0.8203940 -0.8395041 -0.8620980 -0.8884423 -0.9193231 -0.9550833 -0.9966471 -1.044128 -1.097883 -1.156161 -1.215349 -1.265053 -1.285621 -1.239615 -1.068710 -0.6873361 5.1895157E-03 0.9540922 1.698830 1.968142 1.958714 1.870040 1.775611 1.690589 1.619275 1.558980 1.509342 1.467335
9.9812284E-02 0.1134112 0.1290125 0.1473661 0.1680577 0.1913144 0.2145442 0.2333450 0.2323028 0.1800020 2.2709623E-02 -0.1967543 -0.3308659 -0.3699193 -0.3662877 -0.3477159 -0.3262673 -0.3061903 -0.2890092 -0.2749776 -0.2639682 -0.2557275 -0.2499836 -0.2465223 -0.2451619 -0.2457862 -0.2483256 -0.2527512 -0.2590990 -0.2674172 -0.2778499 -0.2905250 -0.3057082 -0.3236216 -0.3446779 -0.3692135 -0.3978072 -0.4308944 -0.4691475 -0.5128683 -0.5622804 -0.6163414 -0.6723615 -0.7232437 -0.7553843 -0.7443907 -0.6541953 -0.4378853 -5.1870443E-02 0.4526275 0.8297648 0.9452980 0.9055698 0.8213946 0.7363746 0.6606194 0.5964331 0.5421345 0.4968514 0.4585882
9.9026404E-02 0.1112575 0.1253917 0.1417286 0.1603405 0.1810876 0.2028124 0.2226033 0.2333094 0.2219792 0.1756154 0.1116992 7.2007328E-02 6.5552644E-02 7.7691652E-02 9.6600771E-02 0.1162132 0.1340345 0.1491904 0.1615452 0.1712293 0.1784583 0.1834497 0.1863848 0.1874092 0.1866175 0.1840694 0.1797761 0.1737175 0.1658263 0.1560015 0.1440929 0.1299092 0.1132027 9.3673348E-02 7.0957676E-02 4.4634730E-02 1.4232774E-02 -2.0732801E-02 -6.0677830E-02 -0.1057679 -0.1555583 -0.2083296 -0.2600118 -0.3027878 -0.3241848 -0.3081929 -0.2406069 -0.1213208 1.1119596E-02 8.5028820E-02 7.2732195E-02 8.1006214E-03 -7.0963241E-02 -0.1464617 -0.2130737 -0.2701122 -0.3185049 -0.3593975 -0.3939801
9.5631115E-02 0.1066048 0.1192222 0.1336975 0.1501540 0.1685327 0.1882885 0.2080067 0.2247995 0.2345587 0.2347785 0.2306091 0.2322312 0.2429266 0.2594294 0.2777462 0.2953103 0.3108985 0.3240766 0.3348039 0.3432033 0.3494482 0.3537098 0.3561335 0.3568319 0.3558822 0.3533266 0.3491734 0.3433976 0.3359408 0.3267093 0.3155740 0.3023643 0.2868686 0.2688256 0.2479267 0.2238108 0.1960786 0.1643089 0.1281231 8.7286346E-02 4.1928887E-02 -7.1216607E-03 -5.7842467E-02 -0.1065892 -0.1481941 -0.1774871 -0.1925794 -0.1989522 -0.2108652 -0.2442835 -0.3018584 -0.3723640 -0.4437993 -0.5095983 -0.5675638 -0.6175944 -0.6604155 -0.6969326 -0.7280408
9.0321369E-02 0.1000985 0.1112636 0.1239772 0.1383621 0.1544183 0.1719240 0.1902583 0.2083410 0.2248662 0.2394038 0.2530951 0.2675819 0.2837422 0.3008467 0.3175748 0.3329161 0.3463295 0.3576248 0.3668124 0.3739951 0.3793059 0.3828745 0.3848116 0.3852029 0.3841060 0.3815511 0.3775396 0.3720468 0.3650183 0.3563724 0.3459949 0.3337404 0.3194260 0.3028324 0.2836976 0.2617228 0.2365718 0.2078941 0.1753521 0.1386953 9.7861052E-02 5.3148065E-02 5.3859781E-03 -4.3965321E-02 -9.3081385E-02 -0.1405558 -0.1866219 -0.2339205 -0.2865225 -0.3461416 -0.4106838 -0.4760440 -0.5381864 -0.5946596 -0.6445926 -0.6880937 -0.7256923 -0.7580650 -0.7858664
8.4110416E-02 9.2768244E-02 0.1025740 0.1136550 0.1261035 0.1399524 0.1551069 0.1713071 0.1880940 0.2049441 0.2214043 0.2374938 0.2536767 0.2698254 0.2854567 0.3000325 0.3131218 0.3244826 0.3340340 0.3417996 0.3478566 0.3523003 0.3552244 0.3567096 0.3568174 0.3555890 0.3530430 0.3491766 0.3439638 0.3373566 0.3292814 0.3196416 0.3083116 0.2951391 0.2799391 0.2624976 0.2425672 0.2198772 0.1941383 0.1650716 0.1324381 9.6106023E-02 5.6113884E-02 1.2749154E-02 -3.3459418E-02 -8.1859022E-02 -0.1319748 -0.1837696 -0.2375494 -0.2933912 -0.3511072 -0.4094179 -0.4659770 -0.5187978 -0.5667514 -0.6094658 -0.6470482 -0.6798732 -0.7084038 -0.7331209
7.7686064E-02 8.5308716E-02 9.3872637E-02 0.1034654 0.1141585 0.1259763 0.1388809 0.1527333 0.1673095 0.1823172 0.1975606 0.2128138 0.2276567 0.2419067 0.2553282 0.2676308 0.2785921 0.2880833 0.2960619 0.3025445 0.3075819 0.3112373 0.3135745 0.3146484 0.3145010 0.3131590 0.3106324 0.3069134 0.3019773 0.2957796 0.2882578 0.2793280 0.2688859 0.2568034 0.2429306 0.2270916 0.2090904 0.1887093 0.1657227 0.1399054 0.1110614 7.9050176E-02 4.3829788E-02 5.4812990E-03 -3.5778504E-02 -7.9647459E-02 -0.1257998 -0.1739529 -0.2238525 -0.2751237 -0.3265679 -0.3766924 -0.4243979 -0.4687903 -0.5092902 -0.5456787 -0.5780272 -0.6065657 -0.6316102 -0.6534893
7.1388602E-02 7.8072071E-02 8.5515320E-02 9.3781568E-02 0.1029137 0.1129295 0.1237973 0.1354341 0.1476853 0.1603495 0.1731208 0.1857552 0.1981891 0.2101295 0.2212925 0.2314756 0.2405316 0.2483736 0.2549671 0.2603160 0.2644477 0.2673999 0.2692123 0.2699197 0.2695478 0.2681122 0.2656153 0.2620465 0.2573814 0.2515808 0.2445900 0.2363389 0.2267402 0.2156899 0.2030655 0.1887284 0.1725228 0.1542819 0.1338313 0.1110024 8.5643589E-02 5.7644818E-02 2.6955012E-02 -6.3912943E-03 -4.2270124E-02 -8.0460452E-02 -0.1206609 -0.1624657 -0.2052943 -0.2483412 -0.2910409 -0.3327560 -0.3725568 -0.4097310 -0.4438760 -0.4748362 -0.5026265 -0.5273845 -0.5493059 -0.5686173
6.5401033E-02 7.1239822E-02 7.7689044E-02 8.4786758E-02 9.2560135E-02 0.1010108 0.1101132 0.1197968 0.1299556 0.1404378 0.1511212 0.1618050 0.1721286 0.1819314 0.1910736 0.1994064 0.2068195 0.2132424 0.2186401 0.2230046 0.2263452 0.2286807 0.2300321 0.2304190 0.2298548 0.2283459 0.2258894 0.2224725 0.2180721 0.2126530 0.2061690 0.1985610 0.1897580 0.1796749 0.1682153 0.1552697 0.1407191 0.1244365 0.1062941 8.6168654E-02 6.3954905E-02 3.9576668E-02 1.3006247E-02 -1.5724730E-02 -4.6506640E-02 -7.9150192E-02 -0.1133739 -0.1488147 -0.1850627 -0.2216833 -0.2578598 -0.2927780 -0.3259901 -0.3571395 -0.3859603 -0.4123146 -0.4361880 -0.4576447 -0.4768063 -0.4938158
5.9787676E-02 6.4877048E-02 7.0451066E-02 7.6534390E-02 8.3137020E-02 9.0255193E-02 9.7858071E-02 0.1058915 0.1142639 0.1228578 0.1314780 0.1399661 0.1482895 0.1562557 0.1636860 0.1704611 0.1764909 0.1817146 0.1860958 0.1896177 0.1922775 0.1940799 0.1950331 0.1951449 0.1944198 0.1928578 0.1904519 0.1871881 0.1830444 0.1779905 0.1719865 0.1649842 0.1569253 0.1477426 0.1373597 0.1256931 0.1126524 9.8145068E-02 8.2078472E-02 6.4369164E-02 4.4947259E-02 2.3771033E-02 8.3385973E-04 -2.3819041E-02 -5.0085410E-02 -7.7791117E-02 -0.1066917 -0.1364569 -0.1666445 -0.1967067 -0.2263498 -0.2552904 -0.2830411 -0.3092255 -0.3336163 -0.3560964 -0.3766247 -0.3952268 -0.4119659 -0.4269345
