T4-twomodels-1/gz/model90.grd
DSAA
         100         100
  -15.00000       15.00000    
  -15.00000       15.00000    
  -2.524332       4.859358    
[rows 27 to 53 of 100, columns 0 to 59 of 100]
0.1662349 0.1792380 0.1925477 0.2057307 0.2180618 0.2284222 0.2350474 0.2353224 0.2255600 0.2018454 0.1634104 0.1186604 8.1587970E-02 5.8470830E-02 4.7440842E-02 4.4439070E-02 4.5966055E-02 4.9559236E-02 5.3575099E-02 5.6941457E-02 5.8963429E-02 5.9197027E-02 5.7363834E-02 5.3297475E-02 4.6909414E-02 3.8168535E-02 2.7091872E-02 1.3742875E-02 -1.7640414E-03 -1.9251835E-02 -3.8465206E-02 -5.9048738E-02 -8.0526017E-02 -0.1022728 -0.1235017 -0.1432495 -0.1603921 -0.1736709 -0.1817637 -0.1833655 -0.1773054 -0.1626493 -0.1388252 -0.1057203 -6.3845612E-02 -1.4574430E-02 3.9306030E-02 9.2519961E-02 0.1355276 0.1539243 0.1345039 7.8571282E-02 1.2019183E-03 -8.2460165E-02 -0.1635174 -0.2381417 -0.3051325 -0.3644956 -0.4166785 -0.4622940
0.1636998 0.1776208 0.1917363 0.2054938 0.2178159 0.2270725 0.2303075 0.2227124 0.1956889 0.1362598 3.3882797E-02 -8.8896409E-02 -0.1842456 -0.2385400 -0.2645291 -0.2744483 -0.2759784 -0.2735348 -0.2697514 -0.2661982 -0.2638416 -0.2632719 -0.2648449 -0.2687704 -0.2751510 -0.2840246 -0.2953618 -0.3090843 -0.3250427 -0.3430175 -0.3626825 -0.3835902 -0.4051265 -0.4264852 -0.4466264 -0.4642591 -0.4778302 -0.4855450 -0.4854131 -0.4753174 -0.4530866 -0.4165477 -0.3635220 -0.2917477 -0.1986974 -8.1385769E-02 6.3681215E-02 0.2388968 0.4375634 0.6209074 0.7217311 0.7185442 0.6509828 0.5614650 0.4712160 0.3877445 0.3131732 0.2474941 0.1901377 0.1402641
0.1572600 0.1721719 0.1869790 0.2013540 0.2133964 0.2213532 0.2201543 0.2026519 0.1511452 3.3830747E-02 -0.1997726 -0.4995515 -0.7091152 -0.8121753 -0.8586949 -0.8773411 -0.8826603 -0.8816449 -0.8782197 -0.8745291 -0.8718533 -0.8709512 -0.8722582 -0.8760359 -0.8824012 -0.8913962 -0.9029869 -0.9170651 -0.9334657 -0.9518963 -0.9719912 -0.9931614 -1.014698 -1.035537 -1.054437 -1.069665 -1.079289 -1.080802 -1.071572 -1.048386 -1.008009 -0.9464961 -0.8596801 -0.7418808 -0.5858360 -0.3800070 -0.1064511 0.2640112 0.7646533 1.343971 1.762838 1.895967 1.857772 1.765186 1.666061 1.573314 1.491056 1.418743 1.356205 1.301870
0.1498363 0.1657707 0.1812228 0.1962475 0.2079279 0.2145839 0.2087040 0.1809424 0.1032868 -7.7446915E-02 -0.4625889 -0.9710045 -1.311160 -1.467264 -1.535534 -1.563255 -1.572506 -1.572968 -1.569922 -1.566102 -1.563107 -1.561872 -1.562908 -1.566533 -1.572878 -1.581987 -1.593826 -1.608249 -1.625087 -1.643958 -1.664475 -1.685884 -1.707409 -1.727690 -1.745320 -1.758075 -1.763684 -1.758862 -1.740382 -1.703832 -1.644957 -1.557882 -1.436436 -1.271193 -1.049868 -0.7513185 -0.3411573 0.2422753 1.085679 2.133949 2.935591 3.231178 3.227848 3.132861 3.025002 2.922873 2.832961 2.753930 2.686253 2.627397
0.1454138 0.1622766 0.1784926 0.1940826 0.2056438 0.2110640 0.2013354 0.1647105 6.6666633E-02 -0.1589423 -0.6328362 -1.254328 -1.673807 -1.868457 -1.954152 -1.989638 -2.002287 -2.004031 -2.001274 -1.997285 -1.993958 -1.992379 -1.993144 -1.996614 -2.002935 -2.012157 -2.024236 -2.039009 -2.056272 -2.075596 -2.096529 -2.118212 -2.139736 -2.159542 -2.175974 -2.186449 -2.188263 -2.177541 -2.150367 -2.101418 -2.025368 -1.914898 -1.762002 -1.554585 -1.276507 -0.9005343 -0.3826190 0.3536142 1.409423 2.705097 3.695754 4.074142 4.088196 3.988564 3.871626 3.760507 3.662956 3.577512 3.504653 3.441491
0.1448612 0.1626271 0.1796630 0.1958591 0.2075346 0.2121170 0.1996856 0.1568499 4.5983389E-02 -0.2037454 -0.7163101 -1.383083 -1.838507 -2.054710 -2.151718 -2.192725 -2.207852 -2.210499 -2.207860 -2.203633 -2.199943 -2.198012 -2.198503 -2.201817 -2.208115 -2.217450 -2.229770 -2.244892 -2.262585 -2.282375 -2.303746 -2.325751 -2.347354 -2.366824 -2.382274 -2.390820 -2.389373 -2.373577 -2.338935 -2.279433 -2.188929 -2.059137 -1.880893 -1.640671 -1.320563 -0.8911866 -0.3062335 0.5117767 1.660109 3.043398 4.093624 4.496330 4.512016 4.405136 4.279108 4.159480 4.054636 3.963113 3.885251 3.817969
0.1473842 0.1660488 0.1839375 0.2008265 0.2128471 0.2170943 0.2031076 0.1566108 3.8723975E-02 -0.2226978 -0.7515114 -1.436193 -1.907154 -2.134142 -2.237531 -2.281882 -2.298508 -2.301615 -2.298898 -2.294344 -2.290261 -2.287967 -2.288186 -2.291347 -2.297625 -2.307077 -2.319639 -2.335114 -2.353246 -2.373522 -2.395368 -2.417761 -2.439556 -2.458880 -2.473652 -2.480742 -2.476756 -2.456971 -2.416464 -2.348747 -2.247171 -2.102929 -1.906345 -1.643449 -1.296036 -0.8347854 -0.2141593 0.6411930 1.824315 3.233783 4.297674 4.702493 4.712892 4.597702 4.463017 4.335531 4.223932 4.126742 4.044169 3.972993
0.1520313 0.1715885 0.1903502 0.2080168 0.2205859 0.2249537 0.2103451 0.1620727 4.0766750E-02 -0.2260286 -0.7620584 -1.454725 -1.932624 -2.164684 -2.271266 -2.317313 -2.334619 -2.337790 -2.334806 -2.329848 -2.325341 -2.322679 -2.322629 -2.325644 -2.331910 -2.341481 -2.354290 -2.370125 -2.388707 -2.409489 -2.431855 -2.454713 -2.476833 -2.496225 -2.510660 -2.516819 -2.511086 -2.488479 -2.443797 -2.370269 -2.260989 -2.106951 -1.898394 -1.621423 -1.258173 -0.7800167 -0.1425880 0.7278227 1.922442 3.338553 4.403327 4.803870 4.807057 4.683717 4.541146 4.406571 4.288850 4.186471 4.099547 4.024738
0.1580420 0.1784723 0.1981154 0.2166162 0.2298928 0.2347157 0.2201522 0.1713123 4.8659917E-02 -0.2203266 -0.7590821 -1.454564 -1.935176 -2.169355 -2.277254 -2.323910 -2.341304 -2.344234 -2.340839 -2.335415 -2.330467 -2.327440 -2.327131 -2.330010 -2.336270 -2.345967 -2.359027 -2.375227 -2.394268 -2.415580 -2.438506 -2.461906 -2.484483 -2.504157 -2.518590 -2.524332 -2.517611 -2.493282 -2.445980 -2.368793 -2.254719 -2.094745 -1.879209 -1.594483 -1.223146 -0.7372318 -9.3194559E-02 0.7817601 1.977988 3.392142 4.452099 4.846209 4.842115 4.711364 4.561805 4.420964 4.297780 4.190724 4.099835 4.021691
0.1648197 0.1860951 0.2066073 0.2259708 0.2400492 0.2455479 0.2314426 0.1827599 5.9884693E-02 -0.2097093 -0.7494971 -1.446258 -1.927857 -2.162655 -2.270826 -2.317432 -2.334533 -2.337022 -2.333123 -2.327199 -2.321807 -2.318424 -2.317869 -2.320625 -2.326890 -2.336718 -2.350032 -2.366599 -2.386108 -2.407965 -2.431488 -2.455497 -2.478646 -2.498793 -2.513524 -2.519298 -2.512249 -2.487134 -2.438504 -2.359393 -2.242799 -2.079770 -1.860810 -1.572548 -1.197937 -0.7094538 -6.4032525E-02 0.8107344 2.005093 3.416012 4.471282 4.859358 4.848675 4.711416 4.555782 4.409463 4.281467 4.170244 4.075789 3.994615
0.1719359 0.1940136 0.2153673 0.2355878 0.2505108 0.2567985 0.2433858 0.1952486 7.2750613E-02 -0.1966353 -0.7362227 -1.432708 -1.914168 -2.148811 -2.256694 -2.302884 -2.319477 -2.321413 -2.316963 -2.310532 -2.304706 -2.300984 -2.300202 -2.302850 -2.309129 -2.319093 -2.332663 -2.349599 -2.369576 -2.391989 -2.416132 -2.440801 -2.464614 -2.485388 -2.500655 -2.506823 -2.499968 -2.474797 -2.425825 -2.346082 -2.228596 -2.064506 -1.844457 -1.555290 -1.180203 -0.6919479 -4.7701411E-02 0.8247575 2.015522 3.421418 4.470874 4.853067 4.836565 4.693692 4.532823 4.381766 4.249562 4.134665 4.037033 3.953138
0.1790593 0.2018899 0.2240390 0.2450867 0.2608488 0.2679673 0.2553473 0.2079462 8.6103603E-02 -0.1827086 -0.7219008 -1.418146 -1.899204 -2.133332 -2.240656 -2.286252 -2.302236 -2.303574 -2.298566 -2.291640 -2.285402 -2.281368 -2.280380 -2.282936 -2.289238 -2.299344 -2.313167 -2.330466 -2.350907 -2.373875 -2.398650 -2.424009 -2.448548 -2.470055 -2.486035 -2.492860 -2.486578 -2.461873 -2.413255 -2.333764 -2.216474 -2.052599 -1.832900 -1.544353 -1.170319 -0.6836929 -4.1770283E-02 0.8276371 2.014761 3.416785 4.461959 4.839319 4.817842 4.670167 4.504820 4.349682 4.213830 4.095716 3.995279 3.908961
0.1859625 0.2094857 0.2323744 0.2541980 0.2707640 0.2786973 0.2668917 0.2202856 9.9214800E-02 -0.1688543 -0.7072222 -1.402549 -1.882849 -2.116303 -2.222958 -2.267896 -2.283245 -2.283989 -2.278443 -2.271052 -2.264435 -2.260116 -2.258946 -2.261426 -2.267762 -2.278010 -2.292082 -2.309733 -2.330627 -2.354139 -2.379542 -2.405601 -2.430895 -2.453199 -2.469999 -2.477651 -2.472189 -2.448291 -2.400471 -2.321790 -2.205360 -2.042456 -1.823914 -1.536803 -1.164570 -0.6801909 -4.1005854E-02 0.8251515 2.008454 3.405955 4.446376 4.819238 4.793474 4.641717 4.472553 4.313922 4.174922 4.054013 3.951119 3.862665
0.1924685 0.2166216 0.2401826 0.2627196 0.2800290 0.2887316 0.2777060 0.2318860 0.1115916 -0.1557161 -0.6934434 -1.388254 -1.867911 -2.100664 -2.206637 -2.250922 -2.265658 -2.265840 -2.259796 -2.251979 -2.245020 -2.240449 -2.239122 -2.241542 -2.247919 -2.258306 -2.272619 -2.290608 -2.311935 -2.335970 -2.361982 -2.388727 -2.414778 -2.437901 -2.455571 -2.464139 -2.459632 -2.436731 -2.389959 -2.312395 -2.197184 -2.035641 -1.818652 -1.533339 -1.163198 -0.6812391 -4.4815335E-02 0.8182730 1.998345 3.392743 4.429955 4.799277 4.769915 4.614698 4.442299 4.280690 4.138994 4.015672 3.910645 3.820322
0.1984651 0.2231792 0.2473434 0.2705193 0.2885024 0.2979030 0.2875980 0.2425074 0.1229517 -0.1436153 -0.6805075 -1.374391 -1.853275 -2.085349 -2.190675 -2.234350 -2.248521 -2.248192 -2.241699 -2.233505 -2.226244 -2.221455 -2.219994 -2.222370 -2.228791 -2.239315 -2.253855 -2.272162 -2.293894 -2.318423 -2.345010 -2.372411 -2.399194 -2.423120 -2.441661 -2.451165 -2.447660 -2.425833 -2.380212 -2.303895 -2.190048 -2.030014 -1.814708 -1.531283 -1.163256 -0.6836514 -4.9819238E-02 0.8104448 1.987406 3.378255 4.411861 4.777898 4.745467 4.587340 4.412209 4.248080 4.104088 3.978703 3.871839 3.779900
0.2038612 0.2290693 0.2537617 0.2775012 0.2960769 0.3060978 0.2964320 0.2519980 0.1331036 -0.1328043 -0.6691387 -1.362576 -1.840897 -2.072363 -2.177106 -2.220236 -2.233905 -2.233125 -2.226240 -2.217717 -2.210197 -2.205220 -2.203649 -2.205993 -2.212462 -2.223115 -2.237866 -2.256464 -2.278570 -2.303550 -2.330669 -2.358679 -2.386147 -2.410832 -2.430206 -2.440616 -2.438094 -2.417330 -2.372861 -2.297797 -2.185319 -2.026784 -1.813127 -1.531513 -1.165472 -0.6880261 -5.6515727E-02 0.8013017 1.975816 3.364460 4.395848 4.759406 4.724444 4.563883 4.386467 4.220221 4.074296 3.947160 3.838734 3.745412
0.2086073 0.2342385 0.2593868 0.2836099 0.3026973 0.3132522 0.3041416 0.2602751 0.1419611 -0.1233593 -0.6590143 -1.351682 -1.829379 -2.060306 -2.164542 -2.207200 -2.220436 -2.219270 -2.212049 -2.203247 -2.195508 -2.190376 -2.188716 -2.191038 -2.197556 -2.208327 -2.223268 -2.242128 -2.264567 -2.289953 -2.317550 -2.346109 -2.374197 -2.399574 -2.419711 -2.430959 -2.429351 -2.409581 -2.366193 -2.292306 -2.181107 -2.023966 -1.811825 -1.531855 -1.167588 -0.6920420 -6.2545583E-02 0.7931475 1.965365 3.351380 4.380132 4.741374 4.704287 4.541718 4.362410 4.194408 4.046871 3.918276 3.808539 3.714052
0.2126588 0.2386465 0.2641751 0.2888046 0.3083202 0.3193249 0.3106785 0.2672915 0.1494613 -0.1153753 -0.6506407 -1.343022 -1.820318 -2.050800 -2.154612 -2.196872 -2.209748 -2.208259 -2.200760 -2.191728 -2.183809 -2.178550 -2.176819 -2.179129 -2.185692 -2.196570 -2.211677 -2.230765 -2.253494 -2.279232 -2.307244 -2.336281 -2.364912 -2.390896 -2.411707 -2.423695 -2.422898 -2.404012 -2.361588 -2.288747 -2.178684 -2.022770 -1.811955 -1.533409 -1.170663 -0.6967277 -6.8919554E-02 0.7850392 1.955584 3.340198 4.367563 4.727176 4.688397 4.524194 4.343350 4.173917 4.025066 3.895272 3.784457 3.689010
0.2159975 0.2422731 0.2681116 0.2930689 0.3129325 0.3242994 0.3160314 0.2730304 0.1555972 -0.1088358 -0.6436093 -1.335412 -1.812262 -2.042375 -2.145842 -2.187783 -2.200367 -2.198619 -2.190897 -2.181680 -2.173618 -2.168260 -2.166475 -2.168778 -2.175382 -2.186349 -2.201596 -2.220875 -2.243846 -2.269879 -2.298238 -2.327675 -2.356761 -2.383254 -2.404631 -2.417245 -2.417133 -2.398996 -2.357387 -2.285429 -2.176320 -2.021437 -1.811725 -1.534358 -1.172860 -0.7002379 -7.3797725E-02 0.7787365 1.947731 3.330505 4.356037 4.714114 4.673967 4.508474 4.326413 4.155848 4.005949 3.875203 3.763527 3.667311
0.2186026 0.2451010 0.2711774 0.2963889 0.3165189 0.3281665 0.3201875 0.2774863 0.1603541 -0.1037793 -0.6383426 -1.330031 -1.806655 -2.036493 -2.139696 -2.181391 -2.193752 -2.191807 -2.183913 -2.174556 -2.166385 -2.160953 -2.159128 -2.161427 -2.168065 -2.179105 -2.194463 -2.213893 -2.237056 -2.263321 -2.291954 -2.321708 -2.351153 -2.378051 -2.399877 -2.412987 -2.413421 -2.395878 -2.354915 -2.283658 -2.175304 -2.021231 -1.812387 -1.535940 -1.175413 -0.7038037 -7.8413360E-02 0.7730606 1.941079 3.323153 4.348000 4.705153 4.663999 4.497530 4.314547 4.143121 3.992430 3.860958 3.748626 3.651821
0.2204708 0.2471267 0.2733725 0.2987631 0.3190834 0.3309279 0.3231554 0.2806641 0.1637490 -0.1001619 -0.6344161 -1.325708 -1.802062 -2.031698 -2.134714 -2.176236 -2.188439 -2.186353 -2.178341 -2.168885 -2.160638 -2.155154 -2.153302 -2.155600 -2.162264 -2.173357 -2.188796 -2.208335 -2.231635 -2.258068 -2.286899 -2.316881 -2.346587 -2.373777 -2.395929 -2.409398 -2.410226 -2.393114 -2.352619 -2.281868 -2.174058 -2.020570 -1.812346 -1.536557 -1.176720 -0.7058322 -8.1185624E-02 0.7695121 1.936649 3.317566 4.341261 4.697541 4.655656 4.488504 4.304876 4.132848 3.981599 3.849617 3.736824 3.639606
0.2215908 0.2483415 0.2746877 0.3001861 0.3206185 0.3325822 0.3249311 0.2825667 0.1657773 -9.8010562E-02 -0.6322292 -1.323577 -1.799872 -2.029394 -2.132300 -2.173719 -2.185828 -2.183661 -2.175576 -2.166061 -2.157770 -2.152255 -2.150388 -2.152686 -2.159366 -2.170491 -2.185979 -2.205584 -2.228968 -2.255502 -2.284452 -2.314573 -2.344435 -2.371802 -2.394151 -2.407838 -2.408904 -2.392052 -2.351840 -2.281394 -2.173914 -2.020776 -1.812927 -1.537532 -1.178108 -0.7076489 -8.3444268E-02 0.7668184 1.933613 3.314461 4.338097 4.694070 4.651776 4.484220 4.300211 4.127826 3.976247 3.843962 3.730895 3.633430
0.2219669 0.2487485 0.2751286 0.3006620 0.3211325 0.3331347 0.3255252 0.2832012 0.1664567 -9.7282186E-02 -0.6313659 -1.322490 -1.798681 -2.028160 -2.131028 -2.172413 -2.184491 -2.182296 -2.174188 -2.164654 -2.156348 -2.150823 -2.148951 -2.151249 -2.157934 -2.169070 -2.184574 -2.204202 -2.227614 -2.254182 -2.283172 -2.313339 -2.343253 -2.370680 -2.393094 -2.406854 -2.408000 -2.391236 -2.351118 -2.280773 -2.173403 -2.020383 -1.812658 -1.537395 -1.178108 -0.7077924 -8.3735399E-02 0.7663615 1.932892 3.313205 4.336305 4.692001 4.649552 4.481862 4.297726 4.125224 3.973535 3.841150 3.727991 3.630445
0.2215914 0.2483421 0.2746881 0.3001866 0.3206190 0.3325823 0.3249310 0.2825668 0.1657774 -9.8010600E-02 -0.6322291 -1.323577 -1.799872 -2.029394 -2.132300 -2.173719 -2.185828 -2.183660 -2.175576 -2.166061 -2.157770 -2.152256 -2.150388 -2.152686 -2.159366 -2.170491 -2.185979 -2.205584 -2.228969 -2.255503 -2.284452 -2.314573 -2.344435 -2.371802 -2.394151 -2.407838 -2.408905 -2.392053 -2.351841 -2.281394 -2.173914 -2.020777 -1.812927 -1.537532 -1.178109 -0.7076488 -8.3444178E-02 0.7668182 1.933613 3.314461 4.338097 4.694069 4.651776 4.484220 4.300211 4.127826 3.976247 3.843963 3.730895 3.633430
0.2204714 0.2471275 0.2733731 0.2987636 0.3190837 0.3309284 0.3231555 0.2806638 0.1637489 -0.1001618 -0.6344159 -1.325708 -1.802062 -2.031698 -2.134714 -2.176236 -2.188439 -2.186354 -2.178341 -2.168885 -2.160638 -2.155154 -2.153302 -2.155601 -2.162265 -2.173357 -2.188797 -2.208335 -2.231636 -2.258069 -2.286899 -2.316882 -2.346587 -2.373777 -2.395930 -2.409399 -2.410227 -2.393115 -2.352620 -2.281868 -2.174059 -2.020571 -1.812347 -1.536558 -1.176721 -0.7058325 -8.1186183E-02 0.7695115 1.936648 3.317565 4.341261 4.697541 4.655655 4.488503 4.304876 4.132848 3.981599 3.849617 3.736824 3.639605
0.2186033 0.2451018 0.2711779 0.2963897 0.3165195 0.3281669 0.3201873 0.2774858 0.1603537 -0.1037793 -0.6383424 -1.330030 -1.806655 -2.036492 -2.139696 -2.181391 -2.193752 -2.191807 -2.183913 -2.174556 -2.166385 -2.160953 -2.159128 -2.161427 -2.168066 -2.179106 -2.194464 -2.213893 -2.237056 -2.263321 -2.291953 -2.321707 -2.351152 -2.378050 -2.399877 -2.412987 -2.413421 -2.395878 -2.354915 -2.283657 -2.175304 -2.021232 -1.812387 -1.535940 -1.175413 -0.7038037 -7.8413360E-02 0.7730595 1.941078 3.323151 4.347999 4.705151 4.663996 4.497528 4.314547 4.143120 3.992429 3.860956 3.748625 3.651820
0.2159983 0.2422737 0.2681122 0.2930698 0.3129331 0.3242999 0.3160313 0.2730299 0.1555970 -0.1088356 -0.6436088 -1.335411 -1.812261 -2.042375 -2.145842 -2.187783 -2.200366 -2.198619 -2.190897 -2.181679 -2.173617 -2.168260 -2.166475 -2.168777 -2.175381 -2.186349 -2.201596 -2.220874 -2.243845 -2.269878 -2.298237 -2.327675 -2.356760 -2.383253 -2.404631 -2.417244 -2.417133 -2.398996 -2.357387 -2.285428 -2.176319 -2.021436 -1.811725 -1.534358 -1.172860 -0.7002370 -7.3796973E-02 0.7787361 1.947730 3.330504 4.356035 4.714112 4.673965 4.508472 4.326411 4.155846 4.005948 3.875201 3.763525 3.667309
