T4-twomodels-1/gz/model60.grd
DSAA
         100         100
  -15.00000       15.00000    
  -15.00000       15.00000    
  -2.220984       4.014097    
[rows 54 to 80 of 100, columns 0 to 59 of 100]
0.2265972 0.2578478 0.2914052 0.3276649 0.3633694 0.3961249 0.4156935 0.4075537 0.3319482 0.1153722 -0.3675097 -1.006055 -1.430985 -1.613120 -1.674331 -1.680489 -1.663671 -1.638250 -1.611655 -1.587386 -1.567187 -1.551856 -1.541676 -1.536755 -1.537067 -1.542600 -1.553360 -1.569364 -1.590735 -1.617529 -1.649964 -1.688051 -1.731962 -1.781419 -1.836189 -1.895131 -1.956769 -2.017881 -2.074131 -2.118143 -2.140452 -2.127380 -2.062843 -1.926090 -1.693337 -1.332244 -0.7974224 -1.6423687E-02 1.099505 2.445144 3.446166 3.789209 3.741160 3.572966 3.391823 3.224571 3.079474 2.954342 2.848608 2.758308
0.2230317 0.2539273 0.2870973 0.3229356 0.3581874 0.3904582 0.4095164 0.4008405 0.3246850 0.1075515 -0.3758004 -1.014718 -1.440132 -1.622797 -1.684516 -1.691148 -1.674766 -1.649735 -1.623483 -1.599504 -1.579543 -1.564393 -1.554338 -1.549484 -1.549804 -1.555285 -1.565930 -1.581756 -1.602883 -1.629365 -1.661416 -1.699044 -1.742417 -1.791255 -1.845318 -1.903462 -1.964209 -2.024332 -2.079493 -2.122318 -2.143336 -2.128875 -2.062852 -1.924523 -1.690113 -1.327293 -0.7906908 -7.8910030E-03 1.109750 2.456806 3.459208 3.803853 3.757454 3.590838 3.411168 3.245281 3.101429 2.977425 2.872700 2.783298
0.2187915 0.2492578 0.2819556 0.3172806 0.3519769 0.3836547 0.4020827 0.3927492 0.3159088 9.8071836E-02 -0.3860844 -1.025900 -1.452071 -1.635402 -1.697751 -1.704971 -1.689128 -1.664581 -1.638753 -1.615135 -1.595468 -1.580544 -1.570646 -1.565878 -1.566214 -1.571637 -1.582150 -1.597768 -1.618608 -1.644721 -1.676318 -1.713402 -1.756137 -1.804236 -1.857458 -1.914651 -1.974335 -2.033276 -2.087135 -2.128534 -2.148003 -2.131867 -2.064050 -1.923810 -1.687382 -1.322448 -0.7836567 1.4035031E-03 1.121438 2.471181 3.476241 3.823196 3.778890 3.614233 3.436392 3.272187 3.129870 3.007247 2.903757 2.815447
0.2138806 0.2438362 0.2759733 0.3106840 0.3447163 0.3756797 0.3933514 0.3832212 0.3055591 8.6884923E-02 -0.3980186 -1.038477 -1.465407 -1.649537 -1.712648 -1.720582 -1.705392 -1.681433 -1.656120 -1.632939 -1.613630 -1.598982 -1.589278 -1.584620 -1.584980 -1.590343 -1.600708 -1.616089 -1.636600 -1.662290 -1.693361 -1.729816 -1.771811 -1.819055 -1.871299 -1.927388 -1.985833 -2.043400 -2.095741 -2.135477 -2.153134 -2.135040 -2.065113 -1.922620 -1.683798 -1.316346 -0.7749280 1.2822263E-02 1.135485 2.487558 3.494908 3.844370 3.802586 3.640327 3.464712 3.302553 3.162089 3.041132 2.939120 2.852113
0.2082973 0.2376589 0.2691380 0.3031288 0.3363768 0.3664986 0.3832726 0.3722023 0.2935603 7.3879458E-02 -0.4121424 -1.053819 -1.481811 -1.666901 -1.730922 -1.739705 -1.725295 -1.702035 -1.677335 -1.654677 -1.635796 -1.621479 -1.612009 -1.607487 -1.607886 -1.613187 -1.623392 -1.638509 -1.658651 -1.683860 -1.714338 -1.750079 -1.791234 -1.837505 -1.888637 -1.943467 -2.000505 -2.056505 -2.107120 -2.144965 -2.160563 -2.140234 -2.067899 -1.922819 -1.681236 -1.310851 -0.7663492 2.4625659E-02 1.150709 2.506552 3.517654 3.870483 3.831795 3.672431 3.499503 3.339797 3.201550 3.082569 2.982305 2.896826
0.2020684 0.2307451 0.2614665 0.2946226 0.3269628 0.3561044 0.3718376 0.3596714 0.2798987 5.9065700E-02 -0.4280125 -1.070632 -1.499690 -1.685884 -1.750962 -1.760737 -1.747239 -1.724801 -1.700821 -1.678777 -1.660399 -1.646475 -1.637283 -1.632928 -1.633381 -1.638624 -1.648655 -1.663483 -1.683215 -1.707893 -1.737709 -1.772653 -1.812870 -1.858053 -1.907942 -1.961368 -2.016833 -2.071092 -2.119790 -2.155540 -2.168862 -2.146070 -2.071073 -1.923125 -1.678455 -1.304764 -0.7567404 3.7926808E-02 1.167729 2.527038 3.541600 3.898124 3.863115 3.707229 3.537513 3.380729 3.245101 3.128445 3.030222 2.946520
0.1952285 0.2231297 0.2529865 0.2851911 0.3164920 0.3445166 0.3590617 0.3456563 0.2646019 4.2461768E-02 -0.4460407 -1.090193 -1.520613 -1.708059 -1.774335 -1.785241 -1.772788 -1.751295 -1.728148 -1.706815 -1.689022 -1.675554 -1.666690 -1.662535 -1.663061 -1.668248 -1.678097 -1.692612 -1.711899 -1.735992 -1.765082 -1.799149 -1.838332 -1.882318 -1.930840 -1.982726 -2.036473 -2.088836 -2.135463 -2.168967 -2.179867 -2.154469 -2.076670 -1.925695 -1.677745 -1.300487 -0.7485958 5.0251931E-02 1.184608 2.548990 3.568698 3.929976 3.899403 3.747667 3.581773 3.428443 3.295896 3.181950 3.086090 3.004428
0.1878631 0.2148932 0.2437803 0.2749130 0.3050487 0.3318224 0.3450530 0.3302865 0.2478563 2.4343504E-02 -0.4654046 -1.110667 -1.542346 -1.731114 -1.798685 -1.810835 -1.799549 -1.779120 -1.756918 -1.736395 -1.719271 -1.706327 -1.697843 -1.693922 -1.694541 -1.699680 -1.709338 -1.723519 -1.742325 -1.765787 -1.794088 -1.827203 -1.865263 -1.907950 -1.954993 -2.005218 -2.057128 -2.107483 -2.151945 -2.183139 -2.191594 -2.163619 -2.083087 -1.929183 -1.678038 -1.297243 -0.7413964 6.1842054E-02 1.200893 2.569944 3.594505 3.961004 3.935645 3.788839 3.627466 3.478202 3.349248 3.238440 3.145291 3.065956
0.1800975 0.2061646 0.2339753 0.2639239 0.2927754 0.3181908 0.3300171 0.3138471 0.2300435 5.2129850E-03 -0.4859212 -1.132672 -1.565675 -1.755713 -1.824579 -1.838021 -1.827985 -1.808723 -1.787568 -1.767951 -1.751580 -1.739229 -1.731176 -1.727529 -1.728262 -1.733360 -1.742822 -1.756650 -1.774944 -1.797729 -1.825183 -1.857275 -1.894131 -1.935428 -1.980896 -2.029365 -2.079354 -2.127646 -2.169938 -2.198894 -2.205085 -2.174839 -2.092025 -1.935763 -1.682067 -1.298356 -0.7390471 6.8368763E-02 1.212481 2.587661 3.618832 3.991759 3.972570 3.831578 3.675532 3.531021 3.406235 3.299030 3.208969 3.132256
0.1721561 0.1971694 0.2238066 0.2524671 0.2799424 0.3039323 0.3143552 0.2968778 0.2119518 -1.3779639E-02 -0.5054991 -1.152624 -1.586254 -1.777179 -1.847119 -1.861772 -1.852995 -1.834961 -1.814938 -1.796315 -1.780776 -1.769084 -1.761516 -1.758178 -1.759048 -1.764114 -1.773376 -1.786834 -1.804586 -1.826653 -1.853208 -1.884215 -1.919794 -1.959624 -2.003438 -2.050086 -2.098117 -2.144367 -2.184603 -2.211587 -2.215984 -2.184215 -2.100179 -1.942950 -1.688363 -1.303537 -0.7424955 6.7637585E-02 1.215593 2.595486 3.632412 4.012109 3.999986 3.865788 3.715962 3.576975 3.456983 3.353885 3.267304 3.193524
0.1643696 0.1882487 0.2136234 0.2409153 0.2669560 0.2895335 0.2986914 0.2802829 0.1949351 -3.0601474E-02 -0.5217432 -1.168252 -1.601309 -1.792097 -1.862477 -1.878016 -1.870382 -1.853574 -1.834735 -1.817179 -1.802543 -1.791573 -1.784536 -1.781543 -1.782573 -1.787616 -1.796674 -1.809748 -1.826933 -1.848246 -1.873856 -1.903722 -1.937963 -1.976261 -2.018367 -2.063161 -2.109251 -2.153565 -2.192007 -2.217518 -2.220983 -2.189039 -2.105760 -1.950253 -1.698184 -1.316218 -0.7576688 5.1234294E-02 1.200145 2.583907 3.627020 4.014094 4.009871 3.883461 3.740826 3.608191 3.493665 3.395195 3.312499 3.241957
0.1572652 0.1799374 0.2039799 0.2298445 0.2544470 0.2757216 0.2839793 0.2654572 0.1812787 -4.1442350E-02 -0.5281329 -1.169488 -1.598356 -1.786604 -1.856012 -1.871724 -1.864929 -1.849258 -1.831615 -1.815173 -1.801499 -1.791304 -1.784844 -1.782227 -1.783437 -1.788465 -1.797317 -1.809995 -1.826591 -1.847119 -1.871745 -1.900423 -1.933275 -1.969995 -2.010357 -2.053296 -2.097511 -2.140080 -2.177132 -2.201927 -2.205754 -2.175724 -2.096366 -1.947123 -1.703698 -1.332345 -0.7853478 1.2687501E-02 1.153314 2.532808 3.576730 3.969243 3.972995 3.855207 3.720725 3.595299 3.486919 3.393600 3.315180 3.248177
0.1515897 0.1729986 0.1956538 0.2200657 0.2432743 0.2634761 0.2714601 0.2543076 0.1743960 -3.9784372E-02 -0.5136467 -1.140602 -1.557329 -1.737901 -1.803635 -1.818257 -1.811772 -1.797053 -1.780571 -1.765269 -1.752601 -1.743225 -1.737378 -1.735164 -1.736570 -1.741591 -1.750236 -1.762507 -1.778495 -1.798212 -1.821820 -1.849274 -1.880699 -1.915805 -1.954407 -1.995514 -2.037957 -2.079031 -2.115208 -2.140241 -2.146104 -2.120765 -2.049742 -1.913463 -1.688425 -1.341182 -0.8234270 -5.7643838E-02 1.052063 2.408213 3.440480 3.832252 3.842192 3.733275 3.607770 3.490356 3.388777 3.301099 3.227319 3.164119
0.1483624 0.1684612 0.1896978 0.2126484 0.2345542 0.2539867 0.2625685 0.2489673 0.1786594 -1.5108049E-02 -0.4543389 -1.040159 -1.424946 -1.587614 -1.645189 -1.656893 -1.650004 -1.635983 -1.620593 -1.606437 -1.594803 -1.586277 -1.581071 -1.579281 -1.580896 -1.585915 -1.594351 -1.606205 -1.621571 -1.640457 -1.663022 -1.689222 -1.719191 -1.752661 -1.789498 -1.828808 -1.869592 -1.909438 -1.945274 -1.971556 -1.981261 -1.963729 -1.906214 -1.791241 -1.597692 -1.294715 -0.8364787 -0.1465638 0.8750765 2.146857 3.121837 3.490846 3.500174 3.399138 3.283091 3.174369 3.080143 2.998526 2.929686 2.870513
0.1485419 0.1672752 0.1871038 0.2085655 0.2292999 0.2482150 0.2583349 0.2506613 0.1971696 4.4144746E-02 -0.3108491 -0.7882303 -1.098167 -1.226351 -1.269993 -1.276800 -1.268778 -1.255214 -1.240844 -1.227828 -1.217243 -1.209587 -1.205040 -1.203685 -1.205517 -1.210536 -1.218760 -1.230192 -1.244924 -1.262964 -1.284467 -1.309394 -1.337884 -1.369706 -1.404774 -1.442321 -1.481536 -1.520373 -1.556298 -1.584671 -1.599746 -1.592745 -1.553428 -1.467751 -1.319169 -1.083431 -0.7246040 -0.1809666 0.6331628 1.661081 2.449530 2.737422 2.730466 2.634763 2.528191 2.428663 2.342148 2.266931 2.203210 2.148254
0.1515094 0.1687696 0.1872874 0.2071434 0.2269014 0.2452937 0.2576849 0.2572002 0.2261117 0.1321641 -7.6040559E-02 -0.3496656 -0.5337150 -0.6131197 -0.6386713 -0.6393976 -0.6298031 -0.6165683 -0.6031734 -0.5912895 -0.5817610 -0.5749808 -0.5711012 -0.5701855 -0.5722350 -0.5772557 -0.5852595 -0.5962704 -0.6103509 -0.6275472 -0.6479616 -0.6716209 -0.6985990 -0.7287869 -0.7620544 -0.7978818 -0.8355361 -0.8735083 -0.9096960 -0.9406384 -0.9618158 -0.9668552 -0.9482173 -0.8964291 -0.8007278 -0.6470121 -0.4160433 -7.8557253E-02 0.3979130 0.9605629 1.368813 1.495990 1.455307 1.362715 1.265289 1.175351 1.096565 1.028055 0.9694109 0.9188835
0.1535766 0.1693991 0.1865658 0.2048568 0.2235687 0.2414554 0.2558963 0.2622832 0.2519768 0.2116266 0.1299595 2.8517092E-02 -4.5962118E-02 -8.0814742E-02 -8.9453004E-02 -8.4414907E-02 -7.3367417E-02 -6.0494520E-02 -4.8085462E-02 -3.7335381E-02 -2.8859906E-02 -2.2951934E-02 -1.9734550E-02 -1.9253803E-02 -2.1517219E-02 -2.6534067E-02 -3.4315862E-02 -4.4898245E-02 -5.8326848E-02 -7.4670181E-02 -9.3996987E-02 -0.1163765 -0.1418450 -0.1703818 -0.2018507 -0.2359326 -0.2720172 -0.3090704 -0.3454696 -0.3788377 -0.4059221 -0.4225861 -0.4239722 -0.4048319 -0.3598875 -0.2841273 -0.1730082 -2.4030777E-02 0.1555070 0.3258249 0.4185766 0.4111608 0.3422367 0.2534127 0.1652674 8.4809043E-02 1.3780710E-02 -4.8108611E-02 -0.1016373 -0.1477969
0.1521071 0.1665865 0.1823201 0.1991379 0.2166047 0.2338931 0.2494857 0.2609035 0.2644096 0.2557902 0.2337172 0.2058390 0.1853271 0.1777329 0.1806777 0.1898559 0.2017599 0.2140881 0.2254513 0.2350620 0.2424973 0.2475475 0.2501193 0.2501774 0.2477097 0.2427063 0.2351484 0.2250027 0.2122200 0.1967380 0.1784859 0.1573968 0.1334213 0.1065571 7.6880731E-02 4.4606276E-02 1.0148692E-02 -2.5781268E-02 -6.2089581E-02 -9.7209290E-02 -0.1290862 -0.1552541 -0.1730953 -0.1802423 -0.1751355 -0.1576098 -0.1296325 -9.6360065E-02 -6.7751698E-02 -5.8954861E-02 -8.4046133E-02 -0.1425798 -0.2202495 -0.3025586 -0.3811341 -0.4525589 -0.5159471 -0.5715421 -0.6199681 -0.6619669
0.1474436 0.1606158 0.1749295 0.1902731 0.2063866 0.2227646 0.2385779 0.2525857 0.2632681 0.2693474 0.2711370 0.2712055 0.2728690 0.2783162 0.2874022 0.2987081 0.3107159 0.3222404 0.3324834 0.3409536 0.3473716 0.3515915 0.3535442 0.3532001 0.3505448 0.3455647 0.3382376 0.3285290 0.3163913 0.3017635 0.2845787 0.2647685 0.2422785 0.2170833 0.1892160 0.1587992 0.1260946 9.1548078E-02 5.5844709E-02 1.9928021E-02 -1.5017390E-02 -4.7687672E-02 -7.6877415E-02 -0.1018292 -0.1226148 -0.1405213 -0.1582704 -0.1800348 -0.2109703 -0.2557253 -0.3150237 -0.3850031 -0.4596942 -0.5334715 -0.6026803 -0.6656064 -0.7218003 -0.7714407 -0.8149951 -0.8530055
0.1406294 0.1525424 0.1654691 0.1793506 0.1940268 0.2092119 0.2244478 0.2391304 0.2525860 0.2643503 0.2744053 0.2835414 0.2931112 0.3037003 0.3151781 0.3269915 0.3384478 0.3489364 0.3580031 0.3653465 0.3707841 0.3742138 0.3755829 0.3748648 0.3720427 0.3670991 0.3600093 0.3507382 0.3392391 0.3254551 0.3093214 0.2907725 0.2697491 0.2462130 0.2201616 0.1916541 0.1608333 0.1279582 9.3418270E-02 5.7740089E-02 2.1541258E-02 -1.4557364E-02 -5.0100639E-02 -8.4996045E-02 -0.1197262 -0.1554493 -0.1939477 -0.2372738 -0.2870690 -0.3437455 -0.4066078 -0.4733996 -0.5406873 -0.6055086 -0.6659631 -0.7211165 -0.7706922 -0.8148175 -0.8538070 -0.8880598
0.1325955 0.1433048 0.1549026 0.1673524 0.1805635 0.1943638 0.2085030 0.2226533 0.2364855 0.2497533 0.2624976 0.2748893 0.2869588 0.2988922 0.3106475 0.3219379 0.3324048 0.3417093 0.3495832 0.3558362 0.3603451 0.3630356 0.3638650 0.3628073 0.3598429 0.3549511 0.3481053 0.3392699 0.3284009 0.3154440 0.3003395 0.2830246 0.2634406 0.2415399 0.2172999 0.1907339 0.1619088 0.1309557 9.8080076E-02 6.3548237E-02 2.7660280E-02 -9.3210954E-03 -4.7255725E-02 -8.6237170E-02 -0.1266554 -0.1692012 -0.2147275 -0.2640123 -0.3174744 -0.3749064 -0.4348366 -0.4952319 -0.5543660 -0.6107565 -0.6633393 -0.7115301 -0.7551425 -0.7942368 -0.8290256 -0.8597810
0.1239768 0.1335546 0.1438938 0.1549760 0.1667405 0.1790849 0.1918524 0.2048536 0.2178771 0.2307444 0.2432671 0.2553939 0.2672777 0.2788041 0.2897837 0.3000130 0.3092666 0.3173345 0.3240441 0.3292666 0.3329130 0.3349249 0.3352647 0.3339061 0.3308266 0.3260032 0.3194073 0.3110048 0.3007530 0.2886028 0.2744984 0.2583827 0.2401986 0.2198974 0.1974436 0.1728263 0.1460638 0.1172144 8.6373299E-02 5.3668812E-02 1.9235210E-02 -1.6817313E-02 -5.4455131E-02 -9.3754150E-02 -0.1349215 -0.1782476 -0.2240156 -0.2723322 -0.3229311 -0.3750684 -0.4280148 -0.4808228 -0.5321950 -0.5810643 -0.6267251 -0.6687862 -0.7070916 -0.7416645 -0.7726298 -0.8001759
0.1152201 0.1237438 0.1329123 0.1427096 0.1530965 0.1639994 0.1753165 0.1869130 0.1986455 0.2103664 0.2220030 0.2334386 0.2444080 0.2548275 0.2645940 0.2735476 0.2815272 0.2883846 0.2939967 0.2982678 0.3011284 0.3025289 0.3024336 0.3008152 0.2976492 0.2929106 0.2865705 0.2785952 0.2689457 0.2575764 0.2444381 0.2294782 0.2126456 0.1938923 0.1731804 0.1504854 0.1258032 9.9151000E-02 7.0570521E-02 4.0119398E-02 7.8629013E-03 -2.6146812E-02 -6.1885104E-02 -9.9370793E-02 -0.1386531 -0.1797838 -0.2227498 -0.2674137 -0.3134917 -0.3605495 -0.4076566 -0.4538085 -0.4983341 -0.5406570 -0.5803201 -0.6170325 -0.6506668 -0.6812099 -0.7087351 -0.7333599
0.1065935 0.1141490 0.1222401 0.1308552 0.1399602 0.1495026 0.1594018 0.1695608 0.1798589 0.1901697 0.2003108 0.2101521 0.2196944 0.2287694 0.2372035 0.2448590 0.2516067 0.2573324 0.2619397 0.2653519 0.2675100 0.2683692 0.2678951 0.2660593 0.2628355 0.2581980 0.2521178 0.2445628 0.2354971 0.2248800 0.2126675 0.1988143 0.1832744 0.1660052 0.1469699 0.1261418 0.1035063 7.9065189E-02 5.2834488E-02 2.4845473E-02 -4.8637856E-03 -3.6250520E-02 -6.9276989E-02 -0.1039052 -0.1400912 -0.1777561 -0.2167590 -0.2568493 -0.2976142 -0.3384739 -0.3790458 -0.4189191 -0.4574626 -0.4941584 -0.5286547 -0.5607330 -0.5902761 -0.6172568 -0.6417050 -0.6636961
9.8277621E-02 0.1049501 0.1120637 0.1196040 0.1275438 0.1358364 0.1444204 0.1532127 0.1621205 0.1710362 0.1798898 0.1885624 0.1968173 0.2045627 0.2117093 0.2181429 0.2237578 0.2284599 0.2321692 0.2348206 0.2363614 0.2367503 0.2359532 0.2339412 0.2306877 0.2261661 0.2203485 0.2132049 0.2047024 0.1948050 0.1834749 0.1706729 0.1563600 0.1404996 0.1230599 0.1040163 8.3354071E-02 6.1069667E-02 3.7173111E-02 1.1686236E-02 -1.5356252E-02 -4.3909859E-02 -7.3917285E-02 -0.1053082 -0.1379860 -0.1718195 -0.2066221 -0.2421494 -0.2781245 -0.3142576 -0.3499799 -0.3847225 -0.4181727 -0.4500523 -0.4801165 -0.5081873 -0.5341648 -0.5580067 -0.5797217 -0.5993479
9.0365022E-02 9.6240856E-02 0.1024740 0.1090510 0.1159445 0.1231166 0.1305120 0.1380650 0.1456921 0.1533011 0.1607517 0.1679380 0.1748532 0.1813630 0.1873347 0.1926686 0.1972744 0.2010725 0.2039944 0.2059827 0.2069900 0.2069770 0.2059108 0.2037624 0.2005049 0.1961127 0.1905589 0.1838158 0.1758538 0.1666417 0.1561469 0.1443370 0.1311795 0.1166449 0.1007072 8.3347157E-02 6.4553164E-02 4.4324156E-02 2.2669788E-02 -3.8645230E-04 -2.4809036E-02 -5.0546065E-02 -7.7530116E-02 -0.1056715 -0.1348559 -0.1649328 -0.1957137 -0.2269561 -0.2583418 -0.2894792 -0.3201748 -0.3502367 -0.3793011 -0.4070675 -0.4333276 -0.4579404 -0.4808126 -0.5019006 -0.5211928 -0.5387086
8.2914658E-02 8.8075079E-02 9.3522996E-02 9.9242292E-02 0.1052094 0.1113879 0.1177330 0.1241850 0.1306785 0.1371358 0.1435086 0.1497079 0.1555525 0.1609752 0.1659126 0.1702821 0.1740081 0.1770219 0.1792639 0.1806830 0.1812358 0.1808855 0.1796002 0.1773519 0.1741145 0.1698629 0.1645722 0.1582170 0.1507713 0.1422080 0.1325002 0.1216207 0.1095440 9.6246831E-02 8.1710100E-02 6.5919824E-02 4.8870198E-02 3.0563656E-02 1.1014054E-02 -9.7532533E-03 -3.1698145E-02 -5.4765869E-02 -7.8882441E-02 -0.1039546 -0.1298630 -0.1564632 -0.1835791 -0.2110124 -0.2385683 -0.2660728 -0.2931546 -0.3194530 -0.3448032 -0.3690520 -0.3920491 -0.4136740 -0.4338471 -0.4525192 -0.4696726 -0.4853080
