T4-twomodels-1/gz/model120.grd
DSAA
         100         100
  -15.00000       15.00000    
  -15.00000       15.00000    
  -2.783804       5.499439    
[rows 54 to 80 of 100, columns 0 to 59 of 100]
0.1447736 0.1619307 0.1765439 0.1878662 0.1914098 0.1835750 0.1531396 8.5102580E-02 -5.9939105E-02 -0.3540248 -0.9198474 -1.643223 -2.151031 -2.410676 -2.541580 -2.608333 -2.642779 -2.659799 -2.667739 -2.671147 -2.672763 -2.674208 -2.676358 -2.679652 -2.684128 -2.689549 -2.695415 -2.700943 -2.705148 -2.706680 -2.704045 -2.695277 -2.678353 -2.650687 -2.609780 -2.552500 -2.475975 -2.376570 -2.251001 -2.094860 -1.903864 -1.671679 -1.391083 -1.050475 -0.6339751 -0.1146170 0.5507014 1.434975 2.629516 4.032731 5.074201 5.444245 5.412952 5.253914 5.076436 4.908998 4.761121 4.631563 4.520466 4.424391
0.1411673 0.1580348 0.1723451 0.1833520 0.1865721 0.1784053 0.1476362 7.9261303E-02 -6.6112496E-02 -0.3605225 -0.9265712 -1.650070 -2.158113 -2.418046 -2.549223 -2.616232 -2.650912 -2.668142 -2.676265 -2.679826 -2.681564 -2.683096 -2.685299 -2.688612 -2.693071 -2.698443 -2.704227 -2.709642 -2.713706 -2.715069 -2.712239 -2.703251 -2.686080 -2.658139 -2.616923 -2.559297 -2.482377 -2.382519 -2.256426 -2.099677 -1.907972 -1.674970 -1.393432 -1.051754 -0.6340522 -0.1133678 0.5533928 1.439190 2.635227 4.039699 5.082439 5.454020 5.424348 5.266890 5.090909 4.924877 4.778298 4.649927 4.539904 4.444791
0.1370230 0.1535521 0.1675083 0.1781497 0.1809939 0.1724470 0.1412932 7.2538175E-02 -7.3216334E-02 -0.3680035 -0.9345155 -1.658564 -2.167017 -2.427278 -2.558764 -2.626063 -2.661010 -2.678480 -2.686815 -2.690554 -2.692436 -2.694074 -2.696344 -2.699687 -2.704137 -2.709463 -2.715167 -2.720470 -2.724394 -2.725592 -2.722574 -2.713377 -2.695976 -2.667782 -2.626288 -2.568348 -2.491071 -2.390796 -2.264209 -2.106869 -1.914458 -1.680608 -1.398069 -1.055217 -0.6361667 -0.1139575 0.5544913 1.442136 2.640239 4.047149 5.092372 5.466149 5.438509 5.282990 5.108851 4.944538 4.799548 4.672624 4.563906 4.469955
0.1324240 0.1485672 0.1621229 0.1723517 0.1747773 0.1658078 0.1342356 6.5065458E-02 -8.1090428E-02 -0.3762633 -0.9430515 -1.667261 -2.175997 -2.436594 -2.568406 -2.636012 -2.671248 -2.688983 -2.697552 -2.701493 -2.703539 -2.705301 -2.707656 -2.711041 -2.715493 -2.720783 -2.726419 -2.731621 -2.735420 -2.736473 -2.733296 -2.723928 -2.706350 -2.677969 -2.636276 -2.578118 -2.500588 -2.400011 -2.273047 -2.115227 -1.922203 -1.687574 -1.404060 -1.060015 -0.6395338 -0.1156549 0.5546929 1.444426 2.644677 4.053549 5.100794 5.476897 5.451670 5.298496 5.126576 4.964336 4.821250 4.696057 4.588891 4.496322
0.1274640 0.1431794 0.1562926 0.1660718 0.1680437 0.1586270 0.1266159 5.7025533E-02 -8.9535780E-02 -0.3850974 -0.9523567 -1.677127 -2.186273 -2.447200 -2.579330 -2.647244 -2.682774 -2.700783 -2.709602 -2.713762 -2.715990 -2.717895 -2.720351 -2.723794 -2.728265 -2.733536 -2.739120 -2.744246 -2.747951 -2.748900 -2.745620 -2.736155 -2.718492 -2.690042 -2.648296 -2.590091 -2.512508 -2.411848 -2.284741 -2.126682 -1.933277 -1.698077 -1.413755 -1.068623 -0.6467434 -0.1211372 0.5512626 1.443364 2.646347 4.058459 5.109063 5.488259 5.465951 5.315577 5.146307 4.986529 4.845700 4.722548 4.617205 4.526247
0.1222826 0.1375322 0.1501706 0.1594714 0.1609741 0.1511031 0.1186668 4.8681676E-02 -9.8232411E-02 -0.3941076 -0.9615446 -1.686363 -2.195691 -2.456875 -2.589270 -2.657456 -2.693258 -2.711533 -2.720603 -2.724990 -2.727414 -2.729478 -2.732051 -2.735572 -2.740080 -2.745356 -2.750916 -2.756003 -2.759661 -2.760572 -2.757272 -2.747823 -2.730220 -2.701884 -2.660308 -2.602325 -2.525002 -2.424618 -2.297764 -2.139885 -1.946525 -1.711171 -1.426418 -1.080510 -0.6574485 -0.1302183 0.5442625 1.438860 2.644603 4.059435 5.112944 5.495440 5.476549 5.329496 5.163363 5.006492 4.868310 4.747540 4.644313 4.555215
0.1170431 0.1317986 0.1439384 0.1527509 0.1537875 0.1434917 0.1106822 4.0392719E-02 -0.1067613 -0.4028155 -0.9704923 -1.695639 -2.205143 -2.466444 -2.598985 -2.667351 -2.703364 -2.721869 -2.731173 -2.735784 -2.738409 -2.740643 -2.743351 -2.746968 -2.751538 -2.756847 -2.762422 -2.767517 -2.771196 -2.772155 -2.768954 -2.759674 -2.742332 -2.714365 -2.673275 -2.615901 -2.539299 -2.439723 -2.313726 -2.156688 -1.964079 -1.729284 -1.444795 -1.098740 -0.6750218 -0.1465380 0.5298331 1.426974 2.635957 4.054845 5.112736 5.499439 5.484612 5.341477 5.179039 5.025575 4.890482 4.772469 4.671677 4.584705
0.1119730 0.1262124 0.1378459 0.1461783 0.1467861 0.1361368 0.1030779 3.2657571E-02 -0.1144917 -0.4104177 -0.9777609 -1.702412 -2.211595 -2.472714 -2.605168 -2.673539 -2.709641 -2.728298 -2.737791 -2.742604 -2.745427 -2.747838 -2.750694 -2.754427 -2.759087 -2.764463 -2.770098 -2.775264 -2.779046 -2.780166 -2.777215 -2.768304 -2.751482 -2.724217 -2.684036 -2.627791 -2.552541 -2.454523 -2.330247 -2.175032 -1.984247 -1.751155 -1.468091 -1.123019 -0.6996651 -0.1707765 0.5068813 1.406212 2.618131 4.040326 5.102053 5.493244 5.483128 5.344599 5.186493 5.037007 4.905492 4.790651 4.692636 4.608072
0.1073444 0.1210599 0.1321934 0.1400821 0.1403373 0.1294727 9.6379451E-02 2.6151096E-02 -0.1205682 -0.4158404 -0.9824888 -1.706510 -2.214940 -2.475366 -2.607315 -2.675387 -2.711368 -2.730041 -2.739642 -2.744615 -2.747617 -2.750205 -2.753219 -2.757090 -2.761866 -2.767349 -2.773098 -2.778406 -2.782388 -2.783803 -2.781282 -2.772982 -2.757000 -2.730851 -2.692108 -2.637657 -2.564581 -2.469115 -2.347748 -2.195731 -2.008334 -1.778669 -1.498877 -1.156676 -0.7355257 -0.2078936 0.4696887 1.370295 2.584969 4.011518 5.078532 5.475198 5.470593 5.337447 5.184408 5.039542 4.912152 4.800930 4.706060 4.624200
0.1035230 0.1167150 0.1273763 0.1348858 0.1349182 0.1240587 9.1290526E-02 2.1788571E-02 -0.1237366 -0.4173618 -0.9818960 -1.703543 -2.209910 -2.468690 -2.599418 -2.666684 -2.702207 -2.720685 -2.730270 -2.735335 -2.738484 -2.741239 -2.744419 -2.748445 -2.753366 -2.758998 -2.764917 -2.770446 -2.774739 -2.776599 -2.774713 -2.767301 -2.752528 -2.727981 -2.691305 -2.639456 -2.569568 -2.477916 -2.360990 -2.214014 -2.032171 -1.808429 -1.534701 -1.198401 -0.7825928 -0.2592978 0.4154202 1.314998 2.530560 3.959564 5.030657 5.432891 5.434520 5.307616 5.160460 5.020934 4.898261 4.791146 4.699802 4.620953
0.1009527 0.1136366 0.1238702 0.1311008 0.1310941 0.1205705 8.8674136E-02 2.0777481E-02 -0.1222562 -0.4124596 -0.9729844 -1.690517 -2.192897 -2.448344 -2.576634 -2.642286 -2.676847 -2.694826 -2.704218 -2.709279 -2.712528 -2.715432 -2.718779 -2.722975 -2.728070 -2.733890 -2.740038 -2.745870 -2.750588 -2.753053 -2.752022 -2.745797 -2.732637 -2.710232 -2.676333 -2.628007 -2.562492 -2.476154 -2.365554 -2.225950 -2.052509 -1.838110 -1.574486 -1.248731 -0.8434376 -0.3299654 0.3364251 1.230054 2.442882 3.872954 4.948173 5.356308 5.364819 5.245029 5.104645 4.971231 4.853918 4.751408 4.663985 4.588447
0.1002195 0.1124180 0.1222863 0.1293643 0.1295662 0.1198225 8.9596212E-02 2.4667218E-02 -0.1136251 -0.3970317 -0.9488525 -1.656893 -2.150858 -2.399830 -2.523633 -2.586436 -2.619316 -2.636391 -2.645366 -2.650302 -2.653590 -2.656617 -2.660127 -2.664505 -2.669798 -2.675846 -2.682278 -2.688494 -2.693749 -2.696978 -2.697021 -2.692287 -2.681153 -2.661447 -2.631071 -2.587252 -2.527400 -2.448050 -2.345932 -2.216454 -2.054911 -1.854260 -1.606226 -1.297762 -0.9110922 -0.4168843 0.2307514 1.107736 2.307800 3.730233 4.803797 5.215621 5.230901 5.118935 4.986200 4.859704 4.748395 4.650999 4.567878 4.495944
0.1020422 0.1137855 0.1233578 0.1304311 0.1311255 0.1227168 9.5216401E-02 3.5285346E-02 -9.4500653E-02 -0.3646084 -0.8984996 -1.586929 -2.063688 -2.300294 -2.416263 -2.474428 -2.504692 -2.520371 -2.528670 -2.533345 -2.536604 -2.539726 -2.543393 -2.547959 -2.553470 -2.559779 -2.566545 -2.573216 -2.579111 -2.583246 -2.584567 -2.581605 -2.572886 -2.556410 -2.530276 -2.491930 -2.439028 -2.368374 -2.276991 -2.160614 -2.014889 -1.833154 -1.607536 -1.325360 -0.9691149 -0.5094091 0.1003863 0.9382774 2.102160 3.497324 4.556383 4.965454 4.985542 4.881532 4.757197 4.638379 4.533700 4.441885 4.363423 4.295354
0.1072944 0.1186083 0.1279569 0.1351638 0.1366478 0.1301606 0.1066354 5.4372545E-02 -6.0964890E-02 -0.3051937 -0.7985706 -1.439851 -1.878835 -2.092154 -2.195222 -2.246456 -2.273029 -2.286792 -2.294155 -2.298439 -2.301605 -2.304791 -2.308604 -2.313364 -2.319107 -2.325701 -2.332840 -2.340023 -2.346639 -2.351799 -2.354563 -2.353608 -2.347631 -2.334837 -2.313561 -2.281530 -2.236716 -2.176297 -2.097731 -1.997275 -1.871218 -1.713706 -1.517900 -1.272477 -0.9616578 -0.5582077 -1.7792175E-02 0.7364342 1.806297 3.112683 4.111277 4.495351 4.513299 4.416162 4.300647 4.190145 4.092626 4.006803 3.933290 3.869308
0.1166586 0.1275385 0.1367467 0.1441641 0.1467172 0.1426082 0.1242752 8.2419135E-02 -1.0806113E-02 -0.2082911 -0.6109565 -1.137174 -1.494889 -1.667822 -1.751782 -1.793759 -1.815652 -1.827064 -1.833278 -1.837068 -1.840088 -1.843314 -1.847266 -1.852218 -1.858202 -1.865095 -1.872631 -1.880361 -1.887753 -1.894016 -1.898338 -1.899553 -1.896544 -1.887751 -1.871771 -1.846665 -1.810768 -1.761731 -1.697548 -1.615202 -1.511866 -1.382957 -1.223339 -1.024272 -0.7737974 -0.4507788 -2.0582136E-02 0.5788637 1.434758 2.492522 3.301168 3.601736 3.601773 3.508893 3.402177 3.300467 3.210451 3.130950 3.062562 3.002855
0.1291294 0.1394906 0.1486902 0.1562504 0.1601370 0.1584976 0.1462233 0.1162099 5.0904006E-02 -8.1241965E-02 -0.3303537 -0.6458921 -0.8710161 -0.9890134 -1.049494 -1.080864 -1.097510 -1.106352 -1.111306 -1.114547 -1.117397 -1.120646 -1.124730 -1.129871 -1.136093 -1.143292 -1.151227 -1.159523 -1.167701 -1.175112 -1.181023 -1.184495 -1.184533 -1.179909 -1.169400 -1.151531 -1.124907 -1.087839 -1.038754 -0.9756428 -0.8965041 -0.7985106 -0.6783876 -0.5310557 -0.3495433 -0.1223247 0.1687462 0.5531986 1.064736 1.652308 2.077230 2.214622 2.179259 2.088387 1.990120 1.897593 1.815093 1.742218 1.678913 1.623694
0.1405714 0.1504433 0.1595845 0.1673157 0.1724478 0.1732709 0.1667996 0.1482671 0.1092035 3.6850538E-02 -7.9032756E-02 -0.2155413 -0.3244632 -0.3918155 -0.4300466 -0.4511674 -0.4627165 -0.4690409 -0.4727604 -0.4754634 -0.4781453 -0.4814162 -0.4856276 -0.4909501 -0.4974045 -0.5048980 -0.5132211 -0.5220677 -0.5310177 -0.5395512 -0.5470319 -0.5527219 -0.5557747 -0.5552578 -0.5501617 -0.5394290 -0.5219727 -0.4966993 -0.4625160 -0.4183243 -0.3629899 -0.2952831 -0.2137812 -0.1167355 -1.8734427E-03 0.1337686 0.2938464 0.4810417 0.6890168 0.8793818 0.9853153 0.9856768 0.9204159 0.8322226 0.7425514 0.6591017 0.5841523 0.5178221 0.4596429 0.4088549
0.1479175 0.1573588 0.1663085 0.1742292 0.1803050 0.1833543 0.1815932 0.1724458 0.1523348 0.1175290 6.7509808E-02 1.0979245E-02 -3.7757691E-02 -7.2126679E-02 -9.3744941E-02 -0.1064814 -0.1137116 -0.1178337 -0.1204720 -0.1227063 -0.1252484 -0.1285529 -0.1328886 -0.1383842 -0.1450549 -0.1528185 -0.1615045 -0.1708561 -0.1805326 -0.1901077 -0.1990721 -0.2068358 -0.2127402 -0.2160694 -0.2160770 -0.2120080 -0.2031371 -0.1887933 -0.1683999 -0.1414923 -0.1077529 -6.7024775E-02 -1.9361498E-02 3.4919892E-02 9.5088497E-02 0.1597420 0.2262168 0.2894676 0.3402485 0.3644713 0.3492448 0.2961684 0.2205841 0.1378688 5.7117362E-02 -1.7676642E-02 -8.5176155E-02 -0.1452760 -0.1983342 -0.2448929
0.1511624 0.1601483 0.1688326 0.1768178 0.1835550 0.1882780 0.1899729 0.1873488 0.1790310 0.1641234 0.1435554 0.1206838 9.9668898E-02 8.3467133E-02 7.2517917E-02 6.5754451E-02 6.1787482E-02 5.9386179E-02 5.7596177E-02 5.5719398E-02 5.3266089E-02 4.9909461E-02 4.5450617E-02 3.9794110E-02 3.2931428E-02 2.4930108E-02 1.5928831E-02 6.1332947E-03 -4.1834544E-03 -1.4685234E-02 -2.4973042E-02 -3.4594700E-02 -4.3052901E-02 -4.9826317E-02 -5.4388702E-02 -5.6243479E-02 -5.4952715E-02 -5.0180733E-02 -4.1727118E-02 -2.9574336E-02 -1.3922481E-02 4.7506765E-03 2.5638845E-02 4.7509093E-02 6.8601944E-02 8.6472072E-02 9.7867563E-02 9.8675720E-02 8.4249325E-02 5.0720945E-02 -1.7408747E-03 -6.8387806E-02 -0.1424402 -0.2175732 -0.2895500 -0.3561845 -0.4166542 -0.4708457 -0.5190025 -0.5614966
0.1511256 0.1596238 0.1679617 0.1758633 0.1829547 0.1887649 0.1927133 0.1941775 0.1926095 0.1878389 0.1803039 0.1713685 0.1629967 0.1563355 0.1516907 0.1487860 0.1470464 0.1458507 0.1446487 0.1430001 0.1405756 0.1371450 0.1325644 0.1267641 0.1197390 0.1115432 0.1022856 9.2127688E-02 8.1280433E-02 7.0003092E-02 5.8596864E-02 4.7398731E-02 3.6767080E-02 2.7067168E-02 1.8644568E-02 1.1801254E-02 6.7581423E-03 3.6252663E-03 2.3582950E-03 2.7290080E-03 4.2792875E-03 6.2933657E-03 7.7525154E-03 7.3141889E-03 3.2881743E-03 -6.3160900E-03 -2.3672031E-02 -5.0805461E-02 -8.9005426E-02 -0.1381240 -0.1968105 -0.2621435 -0.3300701 -0.3970835 -0.4608217 -0.5199727 -0.5739551 -0.6226560 -0.6662034 -0.7048538
0.1486405 0.1566148 0.1645346 0.1722025 0.1793730 0.1857454 0.1909920 0.1947850 0.1968991 0.1973084 0.1963837 0.1947040 0.1927333 0.1910588 0.1899573 0.1893542 0.1889925 0.1885438 0.1876862 0.1861406 0.1836862 0.1801617 0.1754637 0.1695403 0.1623881 0.1540483 0.1446036 0.1341761 0.1229258 0.1110451 9.8755442E-02 8.6298145E-02 7.3922940E-02 6.1870880E-02 5.0355911E-02 3.9537814E-02 2.9497594E-02 2.0205276E-02 1.1496013E-02 3.0384399E-03 -5.6813937E-03 -1.5379954E-02 -2.6972545E-02 -4.1563578E-02 -6.0388263E-02 -8.4720977E-02 -0.1156953 -0.1540811 -0.2000569 -0.2530210 -0.3110294 -0.3715591 -0.4324182 -0.4917073 -0.5480034 -0.6004223 -0.6485339 -0.6922029 -0.7314886 -0.7665448
0.1443528 0.1517779 0.1592152 0.1665281 0.1735459 0.1800789 0.1859218 0.1908947 0.1948678 0.1978242 0.1998091 0.2010563 0.2020211 0.2028702 0.2036428 0.2042940 0.2046825 0.2046188 0.2039036 0.2023551 0.1998218 0.1961897 0.1913824 0.1853609 0.1781209 0.1696919 0.1601338 0.1495371 0.1380180 0.1257159 0.1127876 9.9400811E-02 8.5721277E-02 7.1901083E-02 5.8059629E-02 4.4266880E-02 3.0518604E-02 1.6720455E-02 2.6635826E-03 -1.1983141E-02 -2.7687149E-02 -4.5041181E-02 -6.4752623E-02 -8.7597176E-02 -0.1143624 -0.1457403 -0.1822103 -0.2238778 -0.2703138 -0.3204992 -0.3733682 -0.4276165 -0.4816014 -0.5339404 -0.5836521 -0.6301106 -0.6729667 -0.7120867 -0.7474708 -0.7792097
0.1387916 0.1456493 0.1525607 0.1594238 0.1661218 0.1725218 0.1784927 0.1839111 0.1886960 0.1928145 0.1963571 0.1994029 0.2018941 0.2039416 0.2056035 0.2068357 0.2075436 0.2076022 0.2068785 0.2052470 0.2026001 0.1988541 0.1939511 0.1878594 0.1805732 0.1721112 0.1625158 0.1518498 0.1401960 0.1276514 0.1143244 0.1003262 8.5763074E-02 7.0724264E-02 5.5269755E-02 3.9414413E-02 2.3115007E-02 6.2553678E-03 -1.1362508E-02 -3.0025234E-02 -5.0102502E-02 -7.2037943E-02 -9.6319012E-02 -0.1234419 -0.1538482 -0.1878610 -0.2256002 -0.2669291 -0.3114515 -0.3585415 -0.4070296 -0.4556531 -0.5034867 -0.5497177 -0.5936780 -0.6348956 -0.6730915 -0.7081267 -0.7399749 -0.7686740
0.1323520 0.1386381 0.1449952 0.1513491 0.1576110 0.1636876 0.1694804 0.1749027 0.1798788 0.1843626 0.1882832 0.1916433 0.1945839 0.1970694 0.1990384 0.2004355 0.2011828 0.2011874 0.2003522 0.1985847 0.1958046 0.1919471 0.1869663 0.1808351 0.1735448 0.1651061 0.1555457 0.1449063 0.1332440 0.1206248 0.1071199 9.2801429E-02 7.7733845E-02 6.1966341E-02 4.5522258E-02 2.8390298E-02 1.0513795E-02 -8.2159415E-03 -2.7964590E-02 -4.8952691E-02 -7.1450695E-02 -9.5759705E-02 -0.1221907 -0.1510266 -0.1824852 -0.2166675 -0.2535198 -0.2927898 -0.3339860 -0.3763933 -0.4194589 -0.4625855 -0.5049548 -0.5458725 -0.5848269 -0.6214604 -0.6555362 -0.6869290 -0.7155880 -0.7415243
0.1253578 0.1310766 0.1368712 0.1426814 0.1484407 0.1540745 0.1595091 0.1646690 0.1694929 0.1739273 0.1779773 0.1816126 0.1846899 0.1872068 0.1891502 0.1904639 0.1910796 0.1909212 0.1899121 0.1879798 0.1850604 0.1811018 0.1760652 0.1699258 0.1626732 0.1543101 0.1448527 0.1343274 0.1227709 0.1102258 9.6738130E-02 8.2352430E-02 6.7106239E-02 5.1023904E-02 3.4110621E-02 1.6344434E-02 -2.3276545E-03 -2.1994952E-02 -4.2781651E-02 -6.4845383E-02 -8.8366076E-02 -0.1135337 -0.1405253 -0.1694831 -0.2004820 -0.2335073 -0.2684270 -0.3049916 -0.3428668 -0.3816659 -0.4206972 -0.4592568 -0.4968936 -0.5331981 -0.5678042 -0.6004264 -0.6308729 -0.6590232 -0.6848217 -0.7082554
0.1180473 0.1232146 0.1284506 0.1337082 0.1389314 0.1440619 0.1490353 0.1537906 0.1582647 0.1624012 0.1661085 0.1693390 0.1721473 0.1744578 0.1761890 0.1772804 0.1776685 0.1772879 0.1760743 0.1739674 0.1709142 0.1668707 0.1618027 0.1556870 0.1485109 0.1402722 0.1309778 0.1206433 0.1092909 9.6947327E-02 8.3640799E-02 6.9398254E-02 5.4240528E-02 3.8178850E-02 2.1209896E-02 3.3124117E-03 -1.5556556E-02 -3.5461456E-02 -5.6488603E-02 -7.8739300E-02 -0.1023242 -0.1273485 -0.1538993 -0.1820254 -0.2117224 -0.2429125 -0.2754388 -0.3090505 -0.3433854 -0.3779808 -0.4125535 -0.4468117 -0.4802899 -0.5125881 -0.5434065 -0.5725212 -0.5997673 -0.6250397 -0.6482759 -0.6694537
0.1106157 0.1152529 0.1199479 0.1246592 0.1293418 0.1339436 0.1384123 0.1426898 0.1467230 0.1504567 0.1538735 0.1569214 0.1594584 0.1614553 0.1628818 0.1636816 0.1637969 0.1631695 0.1617434 0.1594668 0.1562939 0.1521861 0.1471127 0.1410512 0.1339874 0.1259154 0.1168360 0.1067566 9.5690072E-02 8.3651625E-02 7.0658632E-02 5.6726534E-02 4.1867327E-02 2.6085485E-02 9.3766954E-03 -8.2757557E-03 -2.6900951E-02 -4.6541214E-02 -6.7248784E-02 -8.9082569E-02 -0.1120996 -0.1363479 -0.1618532 -0.1886099 -0.2165671 -0.2456231 -0.2756175 -0.3063408 -0.3375631 -0.3690563 -0.4003824 -0.4311060 -0.4609856 -0.4897935 -0.5173087 -0.5433471 -0.5677729 -0.5904887 -0.6114361 -0.6305824
