T4-twomodels-1/gz/model60.grd
DSAA
         100         100
  -15.00000       15.00000    
  -15.00000       15.00000    
  -2.220984       4.014097    
[rows 27 to 53 of 100, columns 0 to 59 of 100]
0.1521074 0.1665870 0.1823205 0.1991382 0.2166051 0.2338935 0.2494860 0.2609038 0.2644094 0.2557897 0.2337171 0.2058395 0.1853281 0.1777338 0.1806785 0.1898570 0.2017609 0.2140889 0.2254519 0.2350625 0.2424979 0.2475484 0.2501205 0.2501788 0.2477111 0.2427076 0.2351494 0.2250033 0.2122206 0.1967385 0.1784862 0.1573972 0.1334217 0.1065576 7.6881565E-02 4.4607207E-02 1.0149577E-02 -2.5780406E-02 -6.2089160E-02 -9.7209059E-02 -0.1290862 -0.1552540 -0.1730953 -0.1802423 -0.1751355 -0.1576099 -0.1296326 -9.6359923E-02 -6.7752413E-02 -5.8956861E-02 -8.4048927E-02 -0.1425824 -0.2202512 -0.3025599 -0.3811354 -0.4525601 -0.5159485 -0.5715435 -0.6199696 -0.6619686
0.1535770 0.1693995 0.1865662 0.2048572 0.2235690 0.2414556 0.2558964 0.2622833 0.2519764 0.2116260 0.1299596 2.8518198E-02 -4.5960162E-02 -8.0812730E-02 -8.9450948E-02 -8.4412627E-02 -7.3365115E-02 -6.0492400E-02 -4.8083521E-02 -3.7333544E-02 -2.8857926E-02 -2.2949558E-02 -1.9731907E-02 -1.9251078E-02 -2.1514414E-02 -2.6531355E-02 -3.4313370E-02 -4.4895895E-02 -5.8324706E-02 -7.4668199E-02 -9.3995146E-02 -0.1163749 -0.1418432 -0.1703800 -0.2018486 -0.2359304 -0.2720150 -0.3090684 -0.3454679 -0.3788366 -0.4059209 -0.4225848 -0.4239710 -0.4048306 -0.3598864 -0.2841264 -0.1730075 -2.4030276E-02 0.1555061 0.3258217 0.4185716 0.4111559 0.3422326 0.2534088 0.1652635 8.4805034E-02 1.3776706E-02 -4.8112683E-02 -0.1016415 -0.1478013
0.1515097 0.1687700 0.1872877 0.2071435 0.2269017 0.2452938 0.2576849 0.2572001 0.2261112 0.1321636 -7.6040059E-02 -0.3496633 -0.5337113 -0.6131161 -0.6386676 -0.6393936 -0.6297991 -0.6165643 -0.6031696 -0.5912858 -0.5817573 -0.5749766 -0.5710967 -0.5701810 -0.5722305 -0.5772511 -0.5852553 -0.5962663 -0.6103472 -0.6275437 -0.6479581 -0.6716175 -0.6985955 -0.7287833 -0.7620507 -0.7978780 -0.8355323 -0.8735047 -0.9096927 -0.9406353 -0.9618127 -0.9668521 -0.9482144 -0.8964261 -0.8007251 -0.6470097 -0.4160411 -7.8555606E-02 0.3979123 0.9605582 1.368805 1.495982 1.455300 1.362708 1.265281 1.175343 1.096557 1.028048 0.9694033 0.9188755
0.1485420 0.1672753 0.1871039 0.2085655 0.2292998 0.2482151 0.2583348 0.2506613 0.1971691 4.4144019E-02 -0.3108492 -0.7882290 -1.098164 -1.226348 -1.269991 -1.276797 -1.268775 -1.255212 -1.240842 -1.227826 -1.217240 -1.209584 -1.205038 -1.203682 -1.205514 -1.210533 -1.218757 -1.230189 -1.244921 -1.262962 -1.284464 -1.309391 -1.337882 -1.369704 -1.404771 -1.442318 -1.481533 -1.520370 -1.556296 -1.584670 -1.599744 -1.592743 -1.553426 -1.467749 -1.319167 -1.083430 -0.7246029 -0.1809657 0.6331620 1.661077 2.449524 2.737417 2.730461 2.634759 2.528186 2.428658 2.342142 2.266927 2.203205 2.148248
0.1483625 0.1684614 0.1896978 0.2126483 0.2345543 0.2539866 0.2625684 0.2489671 0.1786592 -1.5108689E-02 -0.4543392 -1.040159 -1.424946 -1.587613 -1.645187 -1.656892 -1.650002 -1.635981 -1.620593 -1.606437 -1.594802 -1.586276 -1.581070 -1.579279 -1.580894 -1.585914 -1.594349 -1.606204 -1.621570 -1.640456 -1.663021 -1.689221 -1.719190 -1.752661 -1.789498 -1.828807 -1.869591 -1.909437 -1.945273 -1.971555 -1.981261 -1.963728 -1.906214 -1.791240 -1.597692 -1.294716 -0.8364787 -0.1465634 0.8750761 2.146855 3.121835 3.490844 3.500173 3.399137 3.283089 3.174367 3.080142 2.998525 2.929685 2.870512
0.1515893 0.1729980 0.1956531 0.2200652 0.2432737 0.2634754 0.2714594 0.2543072 0.1743953 -3.9785672E-02 -0.5136479 -1.140603 -1.557329 -1.737901 -1.803635 -1.818257 -1.811773 -1.797054 -1.780571 -1.765270 -1.752601 -1.743225 -1.737378 -1.735164 -1.736570 -1.741591 -1.750236 -1.762507 -1.778495 -1.798213 -1.821821 -1.849274 -1.880700 -1.915806 -1.954408 -1.995515 -2.037957 -2.079032 -2.115209 -2.140242 -2.146105 -2.120765 -2.049743 -1.913464 -1.688426 -1.341182 -0.8234274 -5.7643559E-02 1.052063 2.408213 3.440479 3.832252 3.842193 3.733276 3.607770 3.490356 3.388778 3.301099 3.227320 3.164120
0.1572643 0.1799365 0.2039791 0.2298436 0.2544461 0.2757206 0.2839785 0.2654566 0.1812778 -4.1443791E-02 -0.5281339 -1.169489 -1.598357 -1.786604 -1.856012 -1.871724 -1.864929 -1.849258 -1.831615 -1.815174 -1.801499 -1.791304 -1.784845 -1.782227 -1.783437 -1.788465 -1.797318 -1.809995 -1.826591 -1.847120 -1.871745 -1.900423 -1.933276 -1.969995 -2.010357 -2.053296 -2.097511 -2.140080 -2.177132 -2.201927 -2.205755 -2.175724 -2.096366 -1.947123 -1.703698 -1.332345 -0.7853480 1.2687873E-02 1.153315 2.532807 3.576730 3.969244 3.972996 3.855209 3.720726 3.595299 3.486920 3.393601 3.315181 3.248178
0.1643687 0.1882479 0.2136225 0.2409141 0.2669548 0.2895320 0.2986904 0.2802822 0.1949338 -3.0603144E-02 -0.5217448 -1.168253 -1.601310 -1.792098 -1.862478 -1.878016 -1.870383 -1.853574 -1.834736 -1.817180 -1.802544 -1.791573 -1.784537 -1.781543 -1.782573 -1.787616 -1.796674 -1.809748 -1.826933 -1.848247 -1.873857 -1.903722 -1.937964 -1.976262 -2.018368 -2.063161 -2.109251 -2.153565 -2.192008 -2.217519 -2.220984 -2.189040 -2.105761 -1.950253 -1.698184 -1.316219 -0.7576690 5.1235225E-02 1.200146 2.583908 3.627021 4.014097 4.009872 3.883462 3.740828 3.608192 3.493667 3.395196 3.312500 3.241959
0.1721552 0.1971684 0.2238055 0.2524657 0.2799410 0.3039309 0.3143541 0.2968770 0.2119505 -1.3781573E-02 -0.5055009 -1.152625 -1.586256 -1.777181 -1.847121 -1.861773 -1.852996 -1.834961 -1.814938 -1.796316 -1.780777 -1.769085 -1.761516 -1.758178 -1.759048 -1.764115 -1.773376 -1.786834 -1.804586 -1.826654 -1.853209 -1.884215 -1.919794 -1.959624 -2.003438 -2.050087 -2.098118 -2.144368 -2.184605 -2.211588 -2.215985 -2.184216 -2.100180 -1.942950 -1.688363 -1.303538 -0.7424962 6.7638136E-02 1.215594 2.595488 3.632413 4.012111 3.999988 3.865791 3.715964 3.576977 3.456985 3.353887 3.267306 3.193526
0.1800968 0.2061637 0.2339743 0.2639227 0.2927738 0.3181893 0.3300159 0.3138463 0.2300421 5.2112387E-03 -0.4859230 -1.132674 -1.565677 -1.755715 -1.824581 -1.838022 -1.827986 -1.808724 -1.787569 -1.767953 -1.751581 -1.739229 -1.731177 -1.727529 -1.728263 -1.733361 -1.742823 -1.756651 -1.774945 -1.797729 -1.825184 -1.857275 -1.894132 -1.935429 -1.980897 -2.029366 -2.079355 -2.127647 -2.169939 -2.198895 -2.205086 -2.174840 -2.092025 -1.935763 -1.682068 -1.298357 -0.7390475 6.8369605E-02 1.212483 2.587662 3.618834 3.991762 3.972574 3.831581 3.675534 3.531023 3.406237 3.299032 3.208971 3.132258
0.1878625 0.2148927 0.2437796 0.2749123 0.3050478 0.3318214 0.3450525 0.3302864 0.2478560 2.4342747E-02 -0.4654053 -1.110668 -1.542346 -1.731114 -1.798685 -1.810834 -1.799548 -1.779120 -1.756918 -1.736395 -1.719271 -1.706326 -1.697842 -1.693922 -1.694540 -1.699679 -1.709338 -1.723519 -1.742325 -1.765787 -1.794088 -1.827202 -1.865262 -1.907950 -1.954993 -2.005218 -2.057127 -2.107483 -2.151944 -2.183139 -2.191594 -2.163618 -2.083086 -1.929183 -1.678038 -1.297243 -0.7413962 6.1843269E-02 1.200895 2.569945 3.594505 3.961004 3.935646 3.788840 3.627466 3.478202 3.349247 3.238440 3.145291 3.065955
0.1952283 0.2231295 0.2529864 0.2851906 0.3164913 0.3445162 0.3590617 0.3456566 0.2646018 4.2461406E-02 -0.4460409 -1.090193 -1.520612 -1.708058 -1.774334 -1.785239 -1.772787 -1.751294 -1.728147 -1.706814 -1.689022 -1.675554 -1.666690 -1.662534 -1.663060 -1.668248 -1.678096 -1.692611 -1.711898 -1.735992 -1.765082 -1.799149 -1.838332 -1.882318 -1.930840 -1.982725 -2.036473 -2.088836 -2.135463 -2.168967 -2.179867 -2.154469 -2.076669 -1.925694 -1.677744 -1.300487 -0.7485955 5.0253235E-02 1.184609 2.548991 3.568697 3.929976 3.899403 3.747667 3.581772 3.428442 3.295895 3.181949 3.086089 3.004427
0.2020686 0.2307454 0.2614667 0.2946223 0.3269624 0.3561042 0.3718380 0.3596720 0.2798992 5.9065502E-02 -0.4280126 -1.070631 -1.499690 -1.685884 -1.750962 -1.760736 -1.747238 -1.724800 -1.700821 -1.678777 -1.660399 -1.646475 -1.637283 -1.632927 -1.633381 -1.638623 -1.648655 -1.663483 -1.683215 -1.707893 -1.737710 -1.772654 -1.812870 -1.858054 -1.907942 -1.961368 -2.016833 -2.071092 -2.119790 -2.155540 -2.168861 -2.146070 -2.071073 -1.923124 -1.678455 -1.304764 -0.7567407 3.7927460E-02 1.167730 2.527038 3.541600 3.898124 3.863116 3.707231 3.537513 3.380729 3.245101 3.128446 3.030223 2.946520
0.2082976 0.2376588 0.2691380 0.3031287 0.3363767 0.3664987 0.3832729 0.3722031 0.2935607 7.3879376E-02 -0.4121424 -1.053819 -1.481811 -1.666901 -1.730922 -1.739704 -1.725294 -1.702034 -1.677335 -1.654677 -1.635796 -1.621479 -1.612008 -1.607486 -1.607886 -1.613187 -1.623392 -1.638509 -1.658651 -1.683860 -1.714339 -1.750080 -1.791235 -1.837506 -1.888638 -1.943468 -2.000505 -2.056505 -2.107121 -2.144965 -2.160563 -2.140234 -2.067899 -1.922819 -1.681236 -1.310852 -0.7663497 2.4626125E-02 1.150710 2.506553 3.517656 3.870484 3.831796 3.672433 3.499504 3.339798 3.201550 3.082569 2.982306 2.896827
0.2138808 0.2438363 0.2759733 0.3106838 0.3447162 0.3756797 0.3933518 0.3832220 0.3055596 8.6884946E-02 -0.3980186 -1.038477 -1.465406 -1.649537 -1.712648 -1.720581 -1.705391 -1.681432 -1.656119 -1.632938 -1.613629 -1.598982 -1.589277 -1.584618 -1.584980 -1.590342 -1.600708 -1.616089 -1.636600 -1.662289 -1.693362 -1.729817 -1.771812 -1.819056 -1.871299 -1.927388 -1.985833 -2.043399 -2.095740 -2.135477 -2.153134 -2.135039 -2.065112 -1.922619 -1.683798 -1.316347 -0.7749284 1.2822915E-02 1.135486 2.487558 3.494908 3.844371 3.802588 3.640327 3.464712 3.302552 3.162089 3.041132 2.939121 2.852112
0.2187915 0.2492576 0.2819554 0.3172806 0.3519766 0.3836547 0.4020830 0.3927501 0.3159094 9.8071717E-02 -0.3860845 -1.025900 -1.452070 -1.635402 -1.697750 -1.704970 -1.689126 -1.664580 -1.638753 -1.615134 -1.595468 -1.580544 -1.570646 -1.565877 -1.566213 -1.571636 -1.582149 -1.597767 -1.618608 -1.644721 -1.676318 -1.713403 -1.756138 -1.804237 -1.857458 -1.914651 -1.974335 -2.033276 -2.087135 -2.128534 -2.148002 -2.131866 -2.064049 -1.923810 -1.687382 -1.322449 -0.7836568 1.4046208E-03 1.121439 2.471181 3.476241 3.823196 3.778891 3.614233 3.436392 3.272187 3.129869 3.007247 2.903758 2.815447
0.2230315 0.2539270 0.2870970 0.3229352 0.3581872 0.3904582 0.4095168 0.4008413 0.3246857 0.1075515 -0.3758004 -1.014718 -1.440132 -1.622797 -1.684516 -1.691148 -1.674765 -1.649735 -1.623483 -1.599504 -1.579543 -1.564393 -1.554338 -1.549483 -1.549804 -1.555284 -1.565930 -1.581755 -1.602882 -1.629365 -1.661416 -1.699045 -1.742418 -1.791255 -1.845318 -1.903462 -1.964209 -2.024332 -2.079493 -2.122318 -2.143336 -2.128874 -2.062851 -1.924523 -1.690113 -1.327294 -0.7906912 -7.8901649E-03 1.109751 2.456807 3.459208 3.803854 3.757456 3.590839 3.411169 3.245281 3.101429 2.977425 2.872700 2.783299
0.2265966 0.2578475 0.2914048 0.3276645 0.3633691 0.3961250 0.4156939 0.4075545 0.3319485 0.1153723 -0.3675100 -1.006056 -1.430985 -1.613120 -1.674332 -1.680490 -1.663671 -1.638250 -1.611656 -1.587386 -1.567188 -1.551856 -1.541676 -1.536754 -1.537068 -1.542601 -1.553361 -1.569365 -1.590736 -1.617530 -1.649966 -1.688053 -1.731964 -1.781421 -1.836191 -1.895131 -1.956770 -2.017882 -2.074131 -2.118144 -2.140453 -2.127380 -2.062843 -1.926090 -1.693339 -1.332245 -0.7974234 -1.6423315E-02 1.099506 2.445145 3.446168 3.789212 3.741163 3.572968 3.391825 3.224573 3.079476 2.954344 2.848609 2.758311
0.2295005 0.2610343 0.2949016 0.3314956 0.3675607 0.4006987 0.4206726 0.4129529 0.3377843 0.1216573 -0.3606826 -0.9985965 -1.423025 -1.604737 -1.665549 -1.671336 -1.654176 -1.628448 -1.601585 -1.577087 -1.556703 -1.541230 -1.530953 -1.525982 -1.526292 -1.531871 -1.542726 -1.558877 -1.580448 -1.607499 -1.640247 -1.678708 -1.723057 -1.773018 -1.828361 -1.887949 -1.950309 -2.012220 -2.069347 -2.114318 -2.137664 -2.125706 -2.062357 -1.926862 -1.695428 -1.335704 -0.8022906 -2.2738894E-02 1.091633 2.435441 3.434653 3.776198 3.726825 3.557395 3.375091 3.206767 3.060685 2.934659 2.828121 2.737107
0.2317452 0.2634961 0.2975983 0.3344474 0.3707845 0.4042128 0.4244905 0.4170898 0.3422457 0.1264458 -0.3556537 -0.9934210 -1.417589 -1.598991 -1.659506 -1.665012 -1.647597 -1.621639 -1.594574 -1.569905 -1.549381 -1.533802 -1.523453 -1.518446 -1.518757 -1.524373 -1.535304 -1.551570 -1.573297 -1.600546 -1.633538 -1.672289 -1.716976 -1.767326 -1.823113 -1.883199 -1.946115 -2.008641 -2.066442 -2.112148 -2.136288 -2.125181 -2.062739 -1.928199 -1.697765 -1.339076 -0.8067241 -2.8233975E-02 1.085171 2.428298 3.426854 3.767509 3.717172 3.546810 3.363634 3.194499 3.047674 2.920970 2.813822 2.722262
0.2333446 0.2652474 0.2995158 0.3365428 0.3730714 0.4067016 0.4271931 0.4200123 0.3453986 0.1298364 -0.3519368 -0.9892892 -1.413167 -1.594346 -1.654652 -1.659965 -1.642372 -1.616254 -1.589049 -1.564260 -1.543640 -1.527987 -1.517590 -1.512558 -1.512870 -1.518514 -1.529500 -1.545848 -1.567687 -1.595078 -1.628244 -1.667201 -1.712129 -1.762756 -1.818857 -1.879296 -1.942606 -2.005567 -2.063846 -2.110070 -2.134769 -2.124263 -2.062456 -1.928588 -1.698853 -1.340889 -0.8092794 -3.1557400E-02 1.080979 2.422970 3.420399 3.760212 3.709176 3.538167 3.354382 3.184682 3.037335 2.910158 2.802580 2.710637
0.2342991 0.2662930 0.3006591 0.3377923 0.3744335 0.4081841 0.4288002 0.4217517 0.3472694 0.1318381 -0.3498905 -0.9872888 -1.411097 -1.592152 -1.652337 -1.657536 -1.639838 -1.613625 -1.586337 -1.561479 -1.540802 -1.525106 -1.514680 -1.509635 -1.509948 -1.515609 -1.526627 -1.543026 -1.564932 -1.592408 -1.625677 -1.664758 -1.709830 -1.760623 -1.816912 -1.877562 -1.941107 -2.004327 -2.062890 -2.109422 -2.134455 -2.124304 -2.062876 -1.929404 -1.700084 -1.342547 -0.8113741 -3.4079421E-02 1.078127 2.420063 3.417449 3.756973 3.705551 3.534159 3.350016 3.179982 3.032327 2.904868 2.797037 2.704866
0.2346190 0.2666423 0.3010415 0.3382092 0.3748886 0.4086778 0.4293365 0.4223296 0.3478945 0.1325142 -0.3490770 -0.9862492 -1.409950 -1.590958 -1.651102 -1.656263 -1.638530 -1.612287 -1.584972 -1.560090 -1.539394 -1.523684 -1.513249 -1.508199 -1.508513 -1.514179 -1.525209 -1.541624 -1.563553 -1.591058 -1.624361 -1.663483 -1.708603 -1.759451 -1.815802 -1.876523 -1.940146 -2.003452 -2.062109 -2.108744 -2.133887 -2.123854 -2.062551 -1.929211 -1.700028 -1.342633 -0.8116056 -3.4474023E-02 1.077472 2.418879 3.415735 3.754989 3.703419 3.531901 3.347639 3.177495 3.029737 2.902186 2.794270 2.702024
0.2342996 0.2662934 0.3006593 0.3377929 0.3744339 0.4081844 0.4288003 0.4217516 0.3472696 0.1318383 -0.3498904 -0.9872888 -1.411098 -1.592152 -1.652337 -1.657536 -1.639838 -1.613626 -1.586338 -1.561479 -1.540802 -1.525106 -1.514681 -1.509635 -1.509948 -1.515609 -1.526628 -1.543027 -1.564933 -1.592409 -1.625678 -1.664759 -1.709830 -1.760623 -1.816912 -1.877563 -1.941108 -2.004328 -2.062890 -2.109423 -2.134455 -2.124305 -2.062876 -1.929404 -1.700085 -1.342547 -0.8113743 -3.4079798E-02 1.078126 2.420063 3.417449 3.756973 3.705551 3.534158 3.350016 3.179982 3.032328 2.904868 2.797037 2.704867
0.2333452 0.2652480 0.2995164 0.3365433 0.3730721 0.4067020 0.4271931 0.4200123 0.3453985 0.1298366 -0.3519365 -0.9892893 -1.413166 -1.594346 -1.654652 -1.659966 -1.642372 -1.616254 -1.589049 -1.564260 -1.543640 -1.527987 -1.517590 -1.512559 -1.512871 -1.518514 -1.529500 -1.545849 -1.567688 -1.595079 -1.628244 -1.667201 -1.712129 -1.762756 -1.818858 -1.879297 -1.942607 -2.005568 -2.063846 -2.110071 -2.134770 -2.124264 -2.062457 -1.928588 -1.698853 -1.340889 -0.8092794 -3.1557959E-02 1.080979 2.422970 3.420399 3.760211 3.709175 3.538166 3.354382 3.184682 3.037335 2.910158 2.802580 2.710638
0.2317457 0.2634966 0.2975988 0.3344479 0.3707850 0.4042133 0.4244905 0.4170896 0.3422455 0.1264459 -0.3556534 -0.9934206 -1.417589 -1.598991 -1.659505 -1.665012 -1.647597 -1.621639 -1.594574 -1.569904 -1.549381 -1.533801 -1.523454 -1.518446 -1.518757 -1.524373 -1.535304 -1.551570 -1.573297 -1.600546 -1.633538 -1.672289 -1.716976 -1.767326 -1.823113 -1.883199 -1.946115 -2.008641 -2.066442 -2.112148 -2.136288 -2.125182 -2.062739 -1.928199 -1.697765 -1.339075 -0.8067238 -2.8234813E-02 1.085170 2.428297 3.426852 3.767508 3.717170 3.546808 3.363634 3.194499 3.047673 2.920969 2.813821 2.722261
0.2295011 0.2610348 0.2949022 0.3314962 0.3675613 0.4006988 0.4206723 0.4129525 0.3377839 0.1216572 -0.3606822 -0.9985960 -1.423024 -1.604736 -1.665549 -1.671335 -1.654176 -1.628448 -1.601585 -1.577086 -1.556703 -1.541229 -1.530953 -1.525981 -1.526292 -1.531871 -1.542726 -1.558877 -1.580448 -1.607498 -1.640247 -1.678707 -1.723056 -1.773017 -1.828360 -1.887948 -1.950308 -2.012219 -2.069346 -2.114318 -2.137663 -2.125706 -2.062357 -1.926862 -1.695427 -1.335703 -0.8022898 -2.2739172E-02 1.091632 2.435440 3.434652 3.776196 3.726823 3.557392 3.375089 3.206765 3.060683 2.934658 2.828119 2.737105
