T4-twomodels-1/gz/model90.grd
DSAA
         100         100
  -15.00000       15.00000    
  -15.00000       15.00000    
  -2.524332       4.859358    
[rows 0 to 26 of 100, columns 0 to 59 of 100]
1.7483776E-02 1.7726643E-02 1.7928880E-02 1.8084219E-02 1.8186448E-02 1.8228509E-02 1.8204009E-02 1.8105214E-02 1.7925538E-02 1.7657604E-02 1.7304190E-02 1.6857544E-02 1.6283490E-02 1.5581219E-02 1.4750706E-02 1.3785152E-02 1.2677879E-02 1.1422270E-02 1.0012154E-02 8.4418161E-03 6.7059770E-03 4.8001064E-03 2.7205795E-03 4.6446803E-04 -1.9703875E-03 -4.5853956E-03 -7.3811216E-03 -1.0357087E-02 -1.3511710E-02 -1.6842624E-02 -2.0346239E-02 -2.4018059E-02 -2.7852517E-02 -3.1842977E-02 -3.5981607E-02 -4.0259428E-02 -4.4666335E-02 -4.9191225E-02 -5.3821977E-02 -5.8545653E-02 -6.3347928E-02 -6.8214104E-02 -7.3128223E-02 -7.8074113E-02 -8.3034702E-02 -8.7993301E-02 -9.2932485E-02 -9.7836912E-02 -0.1026998 -0.1075253 -0.1122618 -0.1168587 -0.1213184 -0.1256384 -0.1298067 -0.1338095 -0.1376344 -0.1412691 -0.1447032 -0.1479265
1.9873993E-02 2.0200411E-02 2.0485952E-02 2.0724269E-02 2.0907877E-02 2.1029713E-02 2.1081651E-02 2.1056179E-02 2.0944193E-02 2.0737242E-02 2.0415092E-02 1.9968588E-02 1.9416790E-02 1.8743288E-02 1.7931622E-02 1.6973309E-02 1.5860226E-02 1.4584948E-02 1.3140304E-02 1.1519616E-02 9.7166691E-03 7.7264733E-03 5.5446229E-03 3.1674863E-03 5.9228623E-04 -2.1827174E-03 -5.1584793E-03 -8.3347326E-03 -1.1710124E-02 -1.5282236E-02 -1.9047502E-02 -2.3001071E-02 -2.7137250E-02 -3.1448752E-02 -3.5927176E-02 -4.0562753E-02 -4.5344628E-02 -5.0260421E-02 -5.5297025E-02 -6.0439788E-02 -6.5673247E-02 -7.0980564E-02 -7.6344505E-02 -8.1746474E-02 -8.7167911E-02 -9.2589349E-02 -9.7991571E-02 -0.1033527 -0.1086415 -0.1138151 -0.1188908 -0.1238850 -0.1287602 -0.1334860 -0.1380440 -0.1424195 -0.1465978 -0.1505663 -0.1543127 -0.1578265
2.2463122E-02 2.2884792E-02 2.3266342E-02 2.3600144E-02 2.3878658E-02 2.4093146E-02 2.4235511E-02 2.4296105E-02 2.4266511E-02 2.4137262E-02 2.3910014E-02 2.3574680E-02 2.3092395E-02 2.2460759E-02 2.1678204E-02 2.0735659E-02 1.9624243E-02 1.8335273E-02 1.6860478E-02 1.5192118E-02 1.3323216E-02 1.1247816E-02 8.9606978E-03 6.4574066E-03 3.7346384E-03 7.9005258E-04 -2.3776318E-03 -5.7684956E-03 -9.3813641E-03 -1.3214058E-02 -1.7262738E-02 -2.1522539E-02 -2.5987310E-02 -3.0649418E-02 -3.5499677E-02 -4.0527645E-02 -4.5721304E-02 -5.1067363E-02 -5.6551069E-02 -6.2156543E-02 -6.7866229E-02 -7.3661961E-02 -7.9524025E-02 -8.5432038E-02 -9.1364652E-02 -9.7300731E-02 -0.1032182 -0.1090973 -0.1149274 -0.1207102 -0.1263864 -0.1318979 -0.1372445 -0.1424210 -0.1474122 -0.1522007 -0.1567714 -0.1611092 -0.1652014 -0.1690359
2.5265379E-02 2.5796093E-02 2.6287407E-02 2.6731560E-02 2.7119467E-02 2.7442299E-02 2.7689926E-02 2.7852889E-02 2.7919775E-02 2.7879765E-02 2.7708994E-02 2.7395716E-02 2.6959298E-02 2.6379846E-02 2.5637563E-02 2.4721330E-02 2.3620570E-02 2.2325320E-02 2.0826096E-02 1.9113963E-02 1.7180981E-02 1.5020103E-02 1.2625091E-02 9.9907052E-03 7.1130232E-03 3.9890525E-03 6.1693136E-04 -3.0037134E-03 -6.8721478E-03 -1.0986056E-02 -1.5341864E-02 -1.9934401E-02 -2.4757244E-02 -2.9802196E-02 -3.5059568E-02 -4.0517922E-02 -4.6164345E-02 -5.1983960E-02 -5.7960931E-02 -6.4077392E-02 -7.0314296E-02 -7.6650865E-02 -8.3065704E-02 -8.9535348E-02 -9.6036524E-02 -0.1025444 -0.1090348 -0.1154800 -0.1218423 -0.1280713 -0.1341824 -0.1401908 -0.1460523 -0.1517306 -0.1572029 -0.1624509 -0.1674567 -0.1722045 -0.1766794 -0.1808690
2.8299069E-02 2.8953800E-02 2.9571077E-02 3.0141678E-02 3.0656382E-02 3.1104498E-02 3.1475745E-02 3.1758137E-02 3.1940844E-02 3.2011606E-02 3.1970628E-02 3.1804908E-02 3.1469483E-02 3.0959735E-02 3.0272029E-02 2.9394427E-02 2.8315194E-02 2.7022803E-02 2.5506400E-02 2.3755729E-02 2.1761574E-02 1.9515771E-02 1.7010922E-02 1.4240970E-02 1.1201099E-02 7.8875814E-03 4.2979489E-03 4.3134205E-04 -3.7117514E-03 -8.1293760E-03 -1.2817828E-02 -1.7771952E-02 -2.2984972E-02 -2.8448286E-02 -3.4151319E-02 -4.0082030E-02 -4.6226118E-02 -5.2567665E-02 -5.9088856E-02 -6.5770373E-02 -7.2590709E-02 -7.9527326E-02 -8.6555503E-02 -9.3649775E-02 -0.1007831 -0.1079286 -0.1150581 -0.1221460 -0.1291767 -0.1361482 -0.1429909 -0.1496372 -0.1560832 -0.1623205 -0.1683293 -0.1740881 -0.1795780 -0.1847806 -0.1896804 -0.1942631
3.1580321E-02 3.2376438E-02 3.3137251E-02 3.3853397E-02 3.4513820E-02 3.5107601E-02 3.5622109E-02 3.6045276E-02 3.6362715E-02 3.6560550E-02 3.6610495E-02 3.6497422E-02 3.6240399E-02 3.5815280E-02 3.5197966E-02 3.4373954E-02 3.3329319E-02 3.2051001E-02 3.0526437E-02 2.8743932E-02 2.6692776E-02 2.4363492E-02 2.1747617E-02 1.8837908E-02 1.5628606E-02 1.2115180E-02 8.2943710E-03 4.1648163E-03 -2.7344798E-04 -5.0186878E-03 -1.0067458E-02 -1.5414413E-02 -2.1052582E-02 -2.6972767E-02 -3.3163957E-02 -3.9612900E-02 -4.6304438E-02 -5.3220920E-02 -6.0343195E-02 -6.7649595E-02 -7.5116687E-02 -8.2718804E-02 -9.0429001E-02 -9.8218001E-02 -0.1060561 -0.1139120 -0.1217543 -0.1295480 -0.1372470 -0.1447909 -0.1521922 -0.1594632 -0.1665514 -0.1734131 -0.1800197 -0.1863483 -0.1923766 -0.1980854 -0.2034566 -0.2084756
3.5129748E-02 3.6086138E-02 3.7011057E-02 3.7893485E-02 3.8722072E-02 3.9483652E-02 4.0165253E-02 4.0751841E-02 4.1229337E-02 4.1582126E-02 4.1808188E-02 4.1890826E-02 4.1777384E-02 4.1460324E-02 4.0933095E-02 4.0180091E-02 3.9185748E-02 3.7934892E-02 3.6413297E-02 3.4607433E-02 3.2505080E-02 3.0095188E-02 2.7367961E-02 2.4314994E-02 2.0929335E-02 1.7205475E-02 1.3139332E-02 8.7289605E-03 3.9738487E-03 -1.1247117E-03 -6.5633794E-03 -1.2336904E-02 -1.8437974E-02 -2.4857188E-02 -3.1582650E-02 -3.8600411E-02 -4.5893840E-02 -5.3444169E-02 -6.1230049E-02 -6.9228061E-02 -7.7411756E-02 -8.5753180E-02 -9.4221614E-02 -0.1027849 -0.1114087 -0.1200586 -0.1286983 -0.1372939 -0.1458236 -0.1542796 -0.1625792 -0.1706422 -0.1784603 -0.1860197 -0.1932950 -0.2002589 -0.2068881 -0.2131599 -0.2190558 -0.2245585
3.8965199E-02 4.0103707E-02 4.1215129E-02 4.2288154E-02 4.3309323E-02 4.4265013E-02 4.5139484E-02 4.5917287E-02 4.6580210E-02 4.7110409E-02 4.7473866E-02 4.7651116E-02 4.7660634E-02 4.7472622E-02 4.7057506E-02 4.6396337E-02 4.5470767E-02 4.4263586E-02 4.2758442E-02 4.0939894E-02 3.8793813E-02 3.6307599E-02 3.3469800E-02 3.0270673E-02 2.6701963E-02 2.2757147E-02 1.8431224E-02 1.3721386E-02 8.6265039E-03 3.1474163E-03 -2.7129080E-03 -8.9491829E-03 -1.5554169E-02 -2.2517808E-02 -2.9827923E-02 -3.7469346E-02 -4.5424704E-02 -5.3673215E-02 -6.2192105E-02 -7.0955098E-02 -7.9933673E-02 -8.9096069E-02 -9.8408699E-02 -0.1078346 -0.1173362 -0.1268729 -0.1364041 -0.1458850 -0.1552580 -0.1644496 -0.1734678 -0.1823210 -0.1909449 -0.1992864 -0.2073092 -0.2149842 -0.2222836 -0.2291838 -0.2356630 -0.2417038
4.3108974E-02 4.4453453E-02 4.5777377E-02 4.7067501E-02 4.8309952E-02 4.9488444E-02 5.0586656E-02 5.1585548E-02 5.2466892E-02 5.3210650E-02 5.3811759E-02 5.4248635E-02 5.4458950E-02 5.4431263E-02 5.4155137E-02 5.3609952E-02 5.2775130E-02 5.1630892E-02 5.0158463E-02 4.8340298E-02 4.6160188E-02 4.3603618E-02 4.0657412E-02 3.7310261E-02 3.3552516E-02 2.9376417E-02 2.4775930E-02 1.9747240E-02 1.4288561E-02 8.4000174E-03 2.0843234E-03 -4.6536331E-03 -1.1806248E-02 -1.9363606E-02 -2.7312629E-02 -3.5637710E-02 -4.4319943E-02 -5.3337462E-02 -6.2665023E-02 -7.2274432E-02 -8.2133785E-02 -9.2208542E-02 -0.1024605 -0.1128491 -0.1233307 -0.1338607 -0.1443919 -0.1548796 -0.1652922 -0.1756141 -0.1857456 -0.1955900 -0.2051319 -0.2143504 -0.2232121 -0.2316825 -0.2397320 -0.2473329 -0.2544630 -0.2611019
4.7579579E-02 4.9157359E-02 5.0722077E-02 5.2260175E-02 5.3755231E-02 5.5190407E-02 5.6545902E-02 5.7802089E-02 5.8935616E-02 5.9923489E-02 6.0724206E-02 6.1312605E-02 6.1706137E-02 6.1867774E-02 6.1760709E-02 6.1360035E-02 6.0641684E-02 5.9583087E-02 5.8162909E-02 5.6361001E-02 5.4158889E-02 5.1539883E-02 4.8489019E-02 4.4993162E-02 4.1041035E-02 3.6623646E-02 3.1733606E-02 2.6366208E-02 2.0518621E-02 1.4190353E-02 7.3835142E-03 1.0293443E-04 -7.6443423E-03 -1.5847815E-02 -2.4494331E-02 -3.3567309E-02 -4.3047138E-02 -5.2910056E-02 -6.3129373E-02 -7.3673926E-02 -8.4509395E-02 -9.5596962E-02 -0.1068950 -0.1183570 -0.1299347 -0.1415762 -0.1532281 -0.1648321 -0.1763149 -0.1875855 -0.1986450 -0.2094948 -0.2200557 -0.2302607 -0.2400637 -0.2494270 -0.2583157 -0.2667008 -0.2745563 -0.2818618
5.2400272E-02 5.4241013E-02 5.6079075E-02 5.7898637E-02 5.9682798E-02 6.1411463E-02 6.3064091E-02 6.4616345E-02 6.6044845E-02 6.7323335E-02 6.8442889E-02 6.9375157E-02 7.0045911E-02 7.0438139E-02 7.0536219E-02 7.0312865E-02 6.9741100E-02 6.8794958E-02 6.7450061E-02 6.5683439E-02 6.3474149E-02 6.0803071E-02 5.7653129E-02 5.4009236E-02 4.9858496E-02 4.5190193E-02 3.9995823E-02 3.4269307E-02 2.8007058E-02 2.1207519E-02 1.3872248E-02 6.0054357E-03 -2.3857574E-03 -1.1291251E-02 -2.0697305E-02 -3.0587241E-02 -4.0940009E-02 -5.1731069E-02 -6.2931448E-02 -7.4508145E-02 -8.6423144E-02 -9.8634653E-02 -0.1110956 -0.1237552 -0.1365578 -0.1494456 -0.1623569 -0.1752318 -0.1880249 -0.2007090 -0.2131611 -0.2252623 -0.2369864 -0.2483021 -0.2591650 -0.2695305 -0.2793614 -0.2886235 -0.2972902 -0.3053381
5.7588767E-02 5.9726194E-02 6.1872933E-02 6.4012624E-02 6.6125609E-02 6.8190850E-02 7.0183508E-02 7.2078377E-02 7.3845670E-02 7.5455517E-02 7.6856688E-02 7.8016348E-02 7.8950487E-02 7.9612449E-02 7.9955816E-02 7.9948008E-02 7.9557553E-02 7.8754976E-02 7.7512428E-02 7.5803757E-02 7.3605098E-02 7.0894971E-02 6.7653716E-02 6.3864201E-02 5.9511606E-02 5.4583710E-02 4.9070377E-02 4.2964462E-02 3.6260940E-02 2.8957728E-02 2.1055179E-02 1.2557197E-02 3.4701778E-03 -6.1956001E-03 -1.6426761E-02 -2.7205888E-02 -3.8511798E-02 -5.0318405E-02 -6.2595740E-02 -7.5308017E-02 -8.8415161E-02 -0.1018707 -0.1156239 -0.1296171 -0.1437890 -0.1580723 -0.1723970 -0.1866859 -0.2008444 -0.2147564 -0.2284118 -0.2418014 -0.2548238 -0.2673936 -0.2794502 -0.2909447 -0.3018329 -0.3120790 -0.3216520 -0.3305287
6.3166715E-02 6.5637253E-02 6.8132780E-02 7.0634581E-02 7.3122069E-02 7.5570382E-02 7.7953450E-02 8.0240563E-02 8.2401223E-02 8.4401377E-02 8.6226612E-02 8.7839946E-02 8.9151174E-02 9.0136051E-02 9.0772055E-02 9.1023162E-02 9.0854064E-02 9.0230875E-02 8.9122042E-02 8.7497890E-02 8.5331343E-02 8.2597964E-02 7.9275571E-02 7.5344749E-02 7.0788816E-02 6.5593526E-02 5.9747439E-02 5.3241827E-02 4.6070714E-02 3.8230594E-02 2.9721262E-02 2.0545699E-02 1.0709838E-02 2.2340100E-04 -1.0900199E-02 -2.2643851E-02 -3.4985740E-02 -4.7899596E-02 -6.1353784E-02 -7.5311519E-02 -8.9729458E-02 -0.1045588 -0.1197430 -0.1352198 -0.1509189 -0.1667660 -0.1826796 -0.1985791 -0.2143990 -0.2300939 -0.2455080 -0.2604908 -0.2749995 -0.2889870 -0.3023931 -0.3151594 -0.3272381 -0.3385876 -0.3491762 -0.3589776
6.9147423E-02 7.1992084E-02 7.4879736E-02 7.7791087E-02 8.0702268E-02 8.3587103E-02 8.6414471E-02 8.9152038E-02 9.1761507E-02 9.4204105E-02 9.6415989E-02 9.8354235E-02 0.1000322 0.1013908 0.1023711 0.1029306 0.1030282 0.1026255 0.1016865 0.1001775 9.8068111E-02 9.5330544E-02 9.1939956E-02 8.7874442E-02 8.3115198E-02 7.7646285E-02 7.1454436E-02 6.4529650E-02 5.6864530E-02 4.8454676E-02 3.9298717E-02 2.9398967E-02 1.8760702E-02 7.3931646E-03 -4.6910252E-03 -1.7474663E-02 -3.0936627E-02 -4.5050148E-02 -5.9783760E-02 -7.5099178E-02 -9.0952083E-02 -0.1072901 -0.1240539 -0.1411741 -0.1585741 -0.1761682 -0.1938639 -0.2115582 -0.2291256 -0.2464146 -0.2633958 -0.2800412 -0.2962177 -0.3118127 -0.3267447 -0.3409487 -0.3543680 -0.3669586 -0.3786843 -0.3895196
7.5546317E-02 7.8808673E-02 8.2136810E-02 8.5508645E-02 8.8899121E-02 9.2277586E-02 9.5610909E-02 9.8860078E-02 0.1019853 0.1049426 0.1077103 0.1102400 0.1124208 0.1142191 0.1156033 0.1165260 0.1169413 0.1168052 0.1160769 0.1147183 0.1126949 0.1099757 0.1065328 0.1023418 9.7381555E-02 9.1634259E-02 8.5085064E-02 7.7722512E-02 6.9538154E-02 6.0526304E-02 5.0684951E-02 4.0015392E-02 2.8522428E-02 1.6214350E-02 3.1036092E-03 -1.0793773E-02 -2.5457004E-02 -4.0860593E-02 -5.6973170E-02 -7.3757425E-02 -9.1168195E-02 -0.1091527 -0.1276478 -0.1465803 -0.1658651 -0.1854077 -0.2051016 -0.2248368 -0.2445183 -0.2640718 -0.2832934 -0.3019851 -0.3200772 -0.3374974 -0.3541615 -0.3699914 -0.3849249 -0.3989111 -0.4119134 -0.4239036
8.2366258E-02 8.6094692E-02 8.9914680E-02 9.3803547E-02 9.7732052E-02 0.1016678 0.1055714 0.1094014 0.1131088 0.1166430 0.1199239 0.1228957 0.1255688 0.1278681 0.1297188 0.1310651 0.1318541 0.1320357 0.1315636 0.1303947 0.1284903 0.1258155 0.1223394 0.1180345 0.1128777 0.1068493 9.9932894E-02 9.2115775E-02 8.3388343E-02 7.3744193E-02 6.3180462E-02 5.1698066E-02 3.9301138E-02 2.5997777E-02 1.1799322E-02 -3.2787910E-03 -1.9217446E-02 -3.5992309E-02 -5.3574890E-02 -7.1929395E-02 -9.1013476E-02 -0.1107747 -0.1311506 -0.1520642 -0.1734255 -0.1951281 -0.2170517 -0.2390577 -0.2609756 -0.2826008 -0.3038702 -0.3247231 -0.3449768 -0.3644761 -0.3831076 -0.4007825 -0.4174270 -0.4329868 -0.4474207 -0.4607035
8.9607894E-02 9.3852811E-02 9.8220848E-02 0.1026856 0.1072165 0.1117753 0.1163200 0.1208005 0.1251656 0.1293585 0.1333487 0.1370739 0.1403967 0.1432721 0.1456574 0.1474911 0.1487136 0.1492682 0.1491018 0.1481661 0.1464173 0.1438166 0.1403291 0.1359251 0.1305789 0.1242690 0.1169778 0.1086914 9.9399596E-02 8.9095488E-02 7.7776216E-02 6.5442383E-02 5.2098535E-02 3.7752371E-02 2.2415260E-02 6.1013037E-03 -1.1171517E-02 -2.9382436E-02 -4.8505820E-02 -6.8511792E-02 -8.9362726E-02 -0.1110123 -0.1334011 -0.1564544 -0.1800780 -0.2041584 -0.2285597 -0.2531330 -0.2777378 -0.3022536 -0.3264004 -0.3499050 -0.3726506 -0.3945221 -0.4153969 -0.4351667 -0.4537497 -0.4710832 -0.4871266 -0.5018537
9.7251773E-02 0.1020677 0.1070413 0.1121453 0.1173437 0.1225954 0.1278504 0.1330549 0.1381462 0.1430598 0.1476955 0.1519825 0.1559300 0.1594437 0.1624292 0.1648152 0.1665329 0.1675179 0.1677098 0.1670539 0.1655007 0.1630065 0.1595328 0.1550470 0.1495210 0.1429319 0.1352607 0.1264933 0.1166191 0.1056317 9.3528748E-02 8.0312185E-02 6.5987304E-02 5.0563551E-02 3.4052227E-02 1.6468018E-02 -2.1735672E-03 -2.1854347E-02 -4.2555783E-02 -6.4255163E-02 -8.6926460E-02 -0.1105340 -0.1350306 -0.1603485 -0.1863982 -0.2130600 -0.2401851 -0.2675883 -0.2950329 -0.3222307 -0.3490575 -0.3753906 -0.4009637 -0.4255511 -0.4489861 -0.4711426 -0.4919226 -0.5112597 -0.5291103 -0.5454540
0.1052690 0.1107107 0.1163506 0.1221564 0.1280895 0.1341005 0.1401348 0.1461277 0.1520135 0.1577204 0.1632104 0.1684068 0.1731417 0.1773597 0.1810068 0.1840049 0.1862771 0.1877495 0.1883533 0.1880254 0.1867099 0.1843575 0.1809254 0.1763777 0.1706844 0.1638208 0.1557678 0.1465109 0.1360407 0.1243521 0.1114450 9.7323932E-02 8.1997789E-02 6.5478750E-02 4.7781762E-02 2.8922526E-02 8.9168316E-03 -1.2221607E-02 -3.4481056E-02 -5.7852503E-02 -8.2325980E-02 -0.1078880 -0.1345124 -0.1621534 -0.1907348 -0.2201434 -0.2502205 -0.2807697 -0.3115845 -0.3424646 -0.3730034 -0.4027991 -0.4316448 -0.4593467 -0.4857149 -0.5105926 -0.5338690 -0.5554687 -0.5753514 -0.5935006
0.1135961 0.1197206 0.1260856 0.1326564 0.1393856 0.1462182 0.1530871 0.1599221 0.1666428 0.1731698 0.1793823 0.1851989 0.1906383 0.1955895 0.1999379 0.2035948 0.2064714 0.2084829 0.2095492 0.2095973 0.2085624 0.2063885 0.2030277 0.1984406 0.1925947 0.1854644 0.1770306 0.1672801 0.1562054 0.1438046 0.1300821 0.1150481 9.8717749E-02 8.1110649E-02 6.2248532E-02 4.2153314E-02 2.0842906E-02 -1.6700478E-03 -2.5383152E-02 -5.0303247E-02 -7.6447010E-02 -0.1038338 -0.1324783 -0.1623738 -0.1934808 -0.2257062 -0.2588954 -0.2928157 -0.3271357 -0.3614304 -0.3954582 -0.4289718 -0.4615498 -0.4928355 -0.5225676 -0.5505574 -0.5766705 -0.6008288 -0.6229928 -0.6431586
0.1221472 0.1290083 0.1361564 0.1435478 0.1511277 0.1588264 0.1665669 0.1742615 0.1818258 0.1891746 0.1962732 0.2030441 0.2092960 0.2149774 0.2200316 0.2243643 0.2278755 0.2304648 0.2320369 0.2325050 0.2317924 0.2298341 0.2265757 0.2219730 0.2159917 0.2086054 0.1997957 0.1895517 0.1778700 0.1647544 0.1502168 0.1342772 0.1169623 9.8305129E-02 7.8341693E-02 5.7106465E-02 3.4628041E-02 1.0921666E-02 -1.4015543E-02 -4.0210832E-02 -6.7714579E-02 -9.6598156E-02 -0.1269386 -0.1588027 -0.1922183 -0.2271506 -0.2634721 -0.3009589 -0.3393184 -0.3782141 -0.4170105 -0.4550605 -0.4919710 -0.5273867 -0.5609905 -0.5925406 -0.6218833 -0.6489311 -0.6736562 -0.6960682
0.1307797 0.1384298 0.1464108 0.1546704 0.1631361 0.1717219 0.1803260 0.1888456 0.1971751 0.2052254 0.2128710 0.2200517 0.2268424 0.2331420 0.2388306 0.2438034 0.2479420 0.2511241 0.2532311 0.2541550 0.2538024 0.2520950 0.2489696 0.2443767 0.2382789 0.2306495 0.2214720 0.2107396 0.1984551 0.1846310 0.1692914 0.1524721 0.1342190 0.1145876 9.3638971E-02 7.1433887E-02 4.8022788E-02 2.3437431E-02 -2.3239292E-03 -2.9304111E-02 -5.7596482E-02 -8.7340131E-02 -0.1187104 -0.1518890 -0.1870315 -0.2242138 -0.2633913 -0.3043474 -0.3466478 -0.3896450 -0.4328597 -0.4757699 -0.5176305 -0.5578167 -0.5958781 -0.6315108 -0.6645260 -0.6948379 -0.7224295 -0.7473397
0.1393036 0.1477871 0.1566436 0.1658003 0.1751627 0.1846091 0.1940055 0.2032089 0.2120987 0.2205855 0.2286866 0.2363966 0.2435685 0.2502264 0.2563514 0.2618350 0.2665325 0.2702832 0.2729305 0.2743329 0.2743705 0.2729460 0.2699832 0.2654251 0.2592309 0.2513736 0.2418401 0.2306288 0.2177522 0.2032355 0.1871215 0.1694683 0.1503523 0.1298648 0.1081091 8.5190423E-02 6.1205216E-02 3.6221839E-02 1.0262476E-02 -1.6720546E-02 -4.4858176E-02 -7.4375093E-02 -0.1055768 -0.1388254 -0.1744819 -0.2128403 -0.2540362 -0.2979836 -0.3443640 -0.3926416 -0.4417443 -0.4905066 -0.5380966 -0.5837885 -0.6269915 -0.6672998 -0.7044920 -0.7384788 -0.7692735 -0.7969474
0.1474349 0.1567903 0.1665483 0.1766111 0.1868387 0.1970577 0.2070621 0.2166471 0.2256339 0.2339305 0.2414860 0.2484218 0.2550749 0.2614976 0.2676289 0.2733412 0.2784313 0.2826684 0.2858276 0.2877119 0.2881593 0.2870438 0.2842705 0.2797715 0.2735013 0.2654333 0.2555575 0.2438814 0.2304294 0.2152458 0.1983973 0.1799766 0.1601023 0.1389212 0.1166006 9.3321368E-02 6.9257803E-02 4.4555917E-02 1.9297469E-02 -6.5315049E-03 -3.3079322E-02 -6.0647495E-02 -8.9702569E-02 -0.1208458 -0.1547619 -0.1921104 -0.2333965 -0.2787978 -0.3279895 -0.3800726 -0.4341075 -0.4889148 -0.5429701 -0.5949997 -0.6441163 -0.6897768 -0.7317018 -0.7698160 -0.8041682 -0.8348882
0.1548027 0.1650554 0.1757277 0.1866732 0.1976876 0.2084951 0.2187686 0.2281527 0.2363590 0.2432665 0.2491197 0.2543510 0.2592697 0.2643141 0.2696318 0.2750441 0.2802186 0.2847796 0.2883782 0.2907236 0.2915873 0.2907998 0.2882389 0.2838216 0.2774955 0.2692341 0.2590325 0.2469087 0.2329038 0.2170859 0.1995555 0.1804500 0.1599493 0.1382761 0.1156950 9.2500031E-02 6.8995543E-02 4.5461025E-02 2.2108294E-02 -9.7737659E-04 -2.3891358E-02 -4.6967670E-02 -7.0807710E-02 -9.6291162E-02 -0.1245259 -0.1567508 -0.1941413 -0.2375668 -0.2873447 -0.3430306 -0.4028433 -0.4644177 -0.5257103 -0.5849556 -0.6408466 -0.6925986 -0.7398655 -0.7825826 -0.8208655 -0.8549145
0.1608786 0.1720459 0.1836234 0.1954013 0.2070604 0.2181643 0.2281383 0.2363273 0.2421068 0.2451849 0.2458390 0.2452437 0.2451640 0.2465561 0.2495616 0.2537751 0.2585313 0.2631551 0.2670708 0.2698302 0.2711028 0.2706540 0.2683235 0.2640077 0.2576446 0.2492073 0.2386972 0.2261452 0.2116129 0.1951992 0.1770463 0.1573518 0.1363734 0.1144399 9.1947801E-02 6.9357179E-02 4.7165111E-02 2.5871536E-02 5.9144571E-03 -1.2397952E-02 -2.8982714E-02 -4.4061337E-02 -5.8250453E-02 -7.2608329E-02 -8.8669732E-02 -0.1083892 -0.1340031 -0.1676725 -0.2108683 -0.2636454 -0.3248589 -0.3917861 -0.4605564 -0.5278263 -0.5913748 -0.6500084 -0.7032466 -0.7510588 -0.7936397 -0.8312997
0.1649885 0.1770733 0.1895356 0.2020619 0.2141744 0.2251544 0.2339999 0.2393839 0.2398388 0.2343180 0.2235483 0.2106472 0.1995232 0.1928927 0.1909898 0.1925901 0.1961974 0.2005219 0.2045855 0.2076893 0.2093504 0.2092436 0.2071572 0.2029593 0.1965766 0.1879799 0.1771787 0.1642184 0.1491861 0.1322161 0.1135040 9.3318380E-02 7.2018526E-02 5.0065059E-02 2.8031319E-02 6.5973960E-03 -1.3463992E-02 -3.1333931E-02 -4.6206549E-02 -5.7385720E-02 -6.4385027E-02 -6.7056157E-02 -6.5698385E-02 -6.1192319E-02 -5.5110313E-02 -4.9864270E-02 -4.8796229E-02 -5.6197729E-02 -7.6949924E-02 -0.1151761 -0.1709654 -0.2398132 -0.3151620 -0.3908834 -0.4629086 -0.5291928 -0.5890307 -0.6424056 -0.6896389 -0.7311640
