T4-twomodels-1/gz/model60.grd
DSAA
         100         100
  -15.00000       15.00000    
  -15.00000       15.00000    
  -2.220984       4.014097    
[rows 0 to 26 of 100, columns 0 to 59 of 100]
1.3413638E-02 1.3732951E-02 1.4029019E-02 1.4297196E-02 1.4532978E-02 1.4731078E-02 1.4886857E-02 1.4994439E-02 1.5049055E-02 1.5045185E-02 1.4987463E-02 1.4869877E-02 1.4660062E-02 1.4358945E-02 1.3968034E-02 1.3482163E-02 1.2896006E-02 1.2204203E-02 1.1401734E-02 1.0483794E-02 9.4458517E-03 8.2838759E-03 6.9945469E-03 5.5750310E-03 4.0229000E-03 2.3363100E-03 5.1392132E-04 -1.4447956E-03 -3.5396023E-03 -5.7697240E-03 -8.1335017E-03 -1.0628672E-02 -1.3252116E-02 -1.5999941E-02 -1.8867305E-02 -2.1848559E-02 -2.4936978E-02 -2.8125186E-02 -3.1404894E-02 -3.4767125E-02 -3.8201742E-02 -4.1698229E-02 -4.5244958E-02 -4.8830058E-02 -5.2440815E-02 -5.6064852E-02 -5.9689011E-02 -6.3302159E-02 -6.6901550E-02 -7.0495203E-02 -7.4035406E-02 -7.7475250E-02 -8.0820322E-02 -8.4071457E-02 -8.7219760E-02 -9.0253942E-02 -9.3164422E-02 -9.5941029E-02 -9.8575443E-02 -0.1010593
1.5162578E-02 1.5553698E-02 1.5922025E-02 1.6263017E-02 1.6571069E-02 1.6841039E-02 1.7066795E-02 1.7242882E-02 1.7362209E-02 1.7418372E-02 1.7393267E-02 1.7279720E-02 1.7098781E-02 1.6835939E-02 1.6476644E-02 1.6014075E-02 1.5441771E-02 1.4753727E-02 1.3944064E-02 1.3007171E-02 1.1937838E-02 1.0731589E-02 9.3845185E-03 7.8930631E-03 6.2543028E-03 4.4659828E-03 2.5264397E-03 4.3488108E-04 -1.8087972E-03 -4.2038853E-03 -6.7488700E-03 -9.4413357E-03 -1.2278208E-02 -1.5255268E-02 -1.8367404E-02 -2.1608371E-02 -2.4971116E-02 -2.8447254E-02 -3.2027986E-02 -3.5702996E-02 -3.9461356E-02 -4.3290909E-02 -4.7179133E-02 -5.1112145E-02 -5.5076212E-02 -5.9056580E-02 -6.3038714E-02 -6.7005314E-02 -7.0929639E-02 -7.4773282E-02 -7.8557432E-02 -8.2302600E-02 -8.5975036E-02 -8.9547865E-02 -9.3005806E-02 -9.6337341E-02 -9.9530563E-02 -0.1025752 -0.1054612 -0.1081801
1.7063254E-02 1.7536100E-02 1.7987574E-02 1.8412123E-02 1.8804202E-02 1.9157263E-02 1.9465374E-02 1.9721158E-02 1.9918485E-02 2.0050181E-02 2.0120189E-02 2.0120705E-02 2.0015094E-02 1.9803161E-02 1.9485334E-02 1.9054582E-02 1.8503832E-02 1.7826062E-02 1.7014530E-02 1.6062737E-02 1.4964736E-02 1.3715471E-02 1.2310100E-02 1.0744418E-02 9.0150163E-03 7.1191522E-03 5.0547244E-03 2.8205630E-03 4.1628958E-04 -2.1576765E-03 -4.8998105E-03 -7.8078182E-03 -1.0878424E-02 -1.4107337E-02 -1.7488953E-02 -2.1016715E-02 -2.4682768E-02 -2.8478190E-02 -3.2392912E-02 -3.6415860E-02 -4.0534511E-02 -4.4735700E-02 -4.9004938E-02 -5.3327147E-02 -5.7686150E-02 -6.2065993E-02 -6.6449821E-02 -7.0822768E-02 -7.5179361E-02 -7.9525866E-02 -8.3807588E-02 -8.7970793E-02 -9.2019260E-02 -9.5951743E-02 -9.9756613E-02 -0.1034198 -0.1069290 -0.1102720 -0.1134384 -0.1164182
1.9127445E-02 1.9693859E-02 2.0240359E-02 2.0761382E-02 2.1250118E-02 2.1700146E-02 2.2103718E-02 2.2453887E-02 2.2741776E-02 2.2959083E-02 2.3084588E-02 2.3109052E-02 2.3054292E-02 2.2902910E-02 2.2637438E-02 2.2248970E-02 2.1729020E-02 2.1069532E-02 2.0262761E-02 1.9301241E-02 1.8178195E-02 1.6887667E-02 1.5423900E-02 1.3782107E-02 1.1958182E-02 9.9488413E-03 7.7514043E-03 5.3643016E-03 2.7867267E-03 1.8923311E-05 -2.9378806E-03 -6.0813446E-03 -9.4082616E-03 -1.2913969E-02 -1.6592700E-02 -2.0437276E-02 -2.4439394E-02 -2.8588954E-02 -3.2875240E-02 -3.7285604E-02 -4.1806500E-02 -4.6422802E-02 -5.1118672E-02 -5.5876497E-02 -6.0678653E-02 -6.5506198E-02 -7.0340298E-02 -7.5159043E-02 -7.9930022E-02 -8.4608033E-02 -8.9213572E-02 -9.3766421E-02 -9.8226964E-02 -0.1025631 -0.1067559 -0.1107907 -0.1146528 -0.1183293 -0.1218080 -0.1250786
2.1371523E-02 2.2044376E-02 2.2699993E-02 2.3331624E-02 2.3932448E-02 2.4494428E-02 2.5009982E-02 2.5469877E-02 2.5866020E-02 2.6189141E-02 2.6442146E-02 2.6614957E-02 2.6665350E-02 2.6591489E-02 2.6392279E-02 2.6058381E-02 2.5580380E-02 2.4948915E-02 2.4155108E-02 2.3190374E-02 2.2046991E-02 2.0717887E-02 1.9196479E-02 1.7477106E-02 1.5555026E-02 1.3426098E-02 1.1087162E-02 8.5359849E-03 5.7714470E-03 2.7933219E-03 -3.9730803E-04 -3.7983118E-03 -7.4063428E-03 -1.1216803E-02 -1.5223300E-02 -1.9418497E-02 -2.3793092E-02 -2.8336434E-02 -3.3036299E-02 -3.7879139E-02 -4.2849422E-02 -4.7930639E-02 -5.3104393E-02 -5.8351446E-02 -6.3651070E-02 -6.8982609E-02 -7.4324124E-02 -7.9655901E-02 -8.4968537E-02 -9.0265602E-02 -9.5482960E-02 -0.1005582 -0.1054924 -0.1102818 -0.1149108 -0.1193617 -0.1236193 -0.1276683 -0.1314961 -0.1350907
2.3809550E-02 2.4604091E-02 2.5384301E-02 2.6143452E-02 2.6873250E-02 2.7565625E-02 2.8210940E-02 2.8800147E-02 2.9321991E-02 2.9765690E-02 3.0106146E-02 3.0331377E-02 3.0463532E-02 3.0481465E-02 3.0364085E-02 3.0099683E-02 2.9676972E-02 2.9085338E-02 2.8314523E-02 2.7354755E-02 2.6197033E-02 2.4833182E-02 2.3255672E-02 2.1457847E-02 1.9434078E-02 1.7179461E-02 1.4689984E-02 1.1962978E-02 8.9966170E-03 5.7904050E-03 2.3449364E-03 -1.3377984E-03 -5.2545802E-03 -9.4005149E-03 -1.3769214E-02 -1.8352604E-02 -2.3140917E-02 -2.8122323E-02 -3.3283673E-02 -3.8609646E-02 -4.4083301E-02 -4.9685653E-02 -5.5396520E-02 -6.1193414E-02 -6.7053564E-02 -7.2952516E-02 -7.8865454E-02 -8.4764265E-02 -9.0609126E-02 -9.6346036E-02 -0.1019934 -0.1075693 -0.1130266 -0.1183266 -0.1234455 -0.1283647 -0.1330654 -0.1375323 -0.1417500 -0.1457067
2.6460858E-02 2.7393777E-02 2.8316978E-02 2.9222302E-02 3.0101467E-02 3.0944452E-02 3.1741552E-02 3.2481037E-02 3.3152316E-02 3.3743158E-02 3.4255102E-02 3.4674846E-02 3.4953218E-02 3.5086006E-02 3.5069939E-02 3.4892578E-02 3.4541309E-02 3.4003768E-02 3.3268210E-02 3.2323480E-02 3.1159114E-02 2.9765768E-02 2.8134715E-02 2.6258245E-02 2.4129678E-02 2.1743163E-02 1.9093988E-02 1.6178552E-02 1.2994599E-02 9.5408531E-03 5.8176345E-03 1.8264749E-03 -2.4294015E-03 -6.9452333E-03 -1.1714269E-02 -1.6728126E-02 -2.1976210E-02 -2.7445925E-02 -3.3122569E-02 -3.8989529E-02 -4.5027494E-02 -5.1215678E-02 -5.7530656E-02 -6.3947722E-02 -7.0440076E-02 -7.6980606E-02 -8.3540417E-02 -9.0092957E-02 -9.6623190E-02 -0.1031304 -0.1095386 -0.1157737 -0.1218332 -0.1277091 -0.1333810 -0.1388264 -0.1440260 -0.1489610 -0.1536161 -0.1579770
2.9341908E-02 3.0432852E-02 3.1519294E-02 3.2593071E-02 3.3644069E-02 3.4662165E-02 3.5635110E-02 3.6551248E-02 3.7396055E-02 3.8155477E-02 3.8799323E-02 3.9311901E-02 3.9715447E-02 3.9983928E-02 4.0091347E-02 4.0022269E-02 3.9761595E-02 3.9295331E-02 3.8609937E-02 3.7692547E-02 3.6531232E-02 3.5115223E-02 3.3434451E-02 3.1479992E-02 2.9243970E-02 2.6719587E-02 2.3901055E-02 2.0784093E-02 1.7365441E-02 1.3643294E-02 9.6171740E-03 5.2884459E-03 6.5977219E-04 -4.2638858E-03 -9.4759166E-03 -1.4967379E-02 -2.0727225E-02 -2.6741602E-02 -3.2994792E-02 -3.9467994E-02 -4.6140224E-02 -5.2987549E-02 -5.9984230E-02 -6.7101359E-02 -7.4309178E-02 -8.1575453E-02 -8.8867307E-02 -9.6147798E-02 -0.1033672 -0.1104594 -0.1174397 -0.1243232 -0.1310525 -0.1375802 -0.1438760 -0.1499158 -0.1556763 -0.1611383 -0.1662834 -0.1710974
3.2475401E-02 3.3746053E-02 3.5019644E-02 3.6286481E-02 3.7536293E-02 3.8756654E-02 3.9935116E-02 4.1056659E-02 4.2107202E-02 4.3070719E-02 4.3946404E-02 4.4716705E-02 4.5323484E-02 4.5759235E-02 4.6017610E-02 4.6081737E-02 4.5934789E-02 4.5560427E-02 4.4943135E-02 4.4068214E-02 4.2921986E-02 4.1492090E-02 3.9766945E-02 3.7736248E-02 3.5390880E-02 3.2722786E-02 2.9725181E-02 2.6392652E-02 2.2721117E-02 1.8707709E-02 1.4351436E-02 9.6529033E-03 4.6144822E-03 -7.5931894E-04 -6.4617139E-03 -1.2483716E-02 -1.8813428E-02 -2.5436353E-02 -3.2334965E-02 -3.9489020E-02 -4.6874639E-02 -5.4465644E-02 -6.2232189E-02 -7.0142142E-02 -7.8160502E-02 -8.6251251E-02 -9.4375782E-02 -0.1024978 -0.1105943 -0.1186576 -0.1265963 -0.1343211 -0.1418237 -0.1490901 -0.1560931 -0.1628039 -0.1691981 -0.1752526 -0.1809489 -0.1862703
3.5880551E-02 3.7356321E-02 3.8843643E-02 4.0332824E-02 4.1811489E-02 4.3266956E-02 4.4683706E-02 4.6046447E-02 4.7336306E-02 4.8534703E-02 4.9604587E-02 5.0525211E-02 5.1318523E-02 5.1951811E-02 5.2392509E-02 5.2619983E-02 5.2614193E-02 5.2356403E-02 5.1828858E-02 5.1014718E-02 4.9898379E-02 4.8465610E-02 4.6703227E-02 4.4599418E-02 4.2143568E-02 3.9326344E-02 3.6139648E-02 3.2576963E-02 2.8633012E-02 2.4303991E-02 1.9587809E-02 1.4484348E-02 8.9952834E-03 3.1247968E-03 -3.1208273E-03 -9.7321579E-03 -1.6697217E-02 -2.4000218E-02 -3.1622630E-02 -3.9541721E-02 -4.7731619E-02 -5.6162290E-02 -6.4800784E-02 -7.3609523E-02 -8.2549348E-02 -9.1577351E-02 -0.1006492 -0.1097158 -0.1187130 -0.1275587 -0.1362626 -0.1448348 -0.1532038 -0.1613104 -0.1691153 -0.1765871 -0.1836967 -0.1904203 -0.1967361 -0.2026275
3.9583337E-02 4.1292284E-02 4.3024573E-02 4.4768646E-02 4.6512082E-02 4.8239324E-02 4.9934398E-02 5.1577818E-02 5.3150810E-02 5.4632001E-02 5.6017056E-02 5.7282463E-02 5.8358535E-02 5.9232883E-02 5.9894603E-02 6.0320821E-02 6.0488965E-02 6.0377322E-02 5.9965532E-02 5.9234280E-02 5.8165848E-02 5.6743968E-02 5.4953724E-02 5.2781463E-02 5.0215118E-02 4.7243763E-02 4.3858029E-02 4.0049888E-02 3.5812914E-02 3.1141823E-02 2.6033528E-02 2.0486724E-02 1.4502252E-02 8.0833565E-03 1.2361910E-03 -6.0303952E-03 -1.3703691E-02 -2.1767652E-02 -3.0201849E-02 -3.8982056E-02 -4.8079073E-02 -5.7459984E-02 -6.7086659E-02 -7.6917328E-02 -8.6905725E-02 -9.7003415E-02 -0.1071583 -0.1173202 -0.1274535 -0.1375407 -0.1474686 -0.1571274 -0.1665000 -0.1755636 -0.1842816 -0.1926164 -0.2005373 -0.2080161 -0.2150307 -0.2215621
4.3605596E-02 4.5580417E-02 4.7592368E-02 4.9629986E-02 5.1678300E-02 5.3721376E-02 5.5739459E-02 5.7712354E-02 5.9615277E-02 6.1423305E-02 6.3090123E-02 6.4587824E-02 6.5937020E-02 6.7095995E-02 6.8023123E-02 6.8690598E-02 6.9071591E-02 6.9141291E-02 6.8876185E-02 6.8254411E-02 6.7255668E-02 6.5861642E-02 6.4055286E-02 6.1821222E-02 5.9145551E-02 5.6015886E-02 5.2421089E-02 4.8351802E-02 4.3799799E-02 3.8758539E-02 3.3223212E-02 2.7191360E-02 2.0662287E-02 1.3638451E-02 6.1248429E-03 -1.8697814E-03 -1.0333257E-02 -1.9248366E-02 -2.8594047E-02 -3.8343519E-02 -4.8465326E-02 -5.8921952E-02 -6.9671288E-02 -8.0664657E-02 -9.1849923E-02 -0.1031694 -0.1145628 -0.1259631 -0.1372863 -0.1484270 -0.1593856 -0.1701632 -0.1806689 -0.1908266 -0.2005848 -0.2099026 -0.2187433 -0.2270775 -0.2348800 -0.2421321
4.7976147E-02 5.0253086E-02 5.2585315E-02 5.4959498E-02 5.7360429E-02 5.9768885E-02 6.2164094E-02 6.4520814E-02 6.6813603E-02 6.9013655E-02 7.1111359E-02 7.3074572E-02 7.4817851E-02 7.6321736E-02 7.7568516E-02 7.8527190E-02 7.9167299E-02 7.9460070E-02 7.9378597E-02 7.8897946E-02 7.7995203E-02 7.6649629E-02 7.4842006E-02 7.2554983E-02 6.9772862E-02 6.6481449E-02 6.2667973E-02 5.8321223E-02 5.3431313E-02 4.7989704E-02 4.1989949E-02 3.5427626E-02 2.8300578E-02 2.0609425E-02 1.2358243E-02 3.5545325E-03 -5.7896138E-03 -1.5657209E-02 -2.6025798E-02 -3.6867209E-02 -4.8146434E-02 -5.9822716E-02 -7.1847618E-02 -8.4166862E-02 -9.6719109E-02 -0.1094388 -0.1222545 -0.1350960 -0.1479090 -0.1606596 -0.1732041 -0.1854035 -0.1972266 -0.2086374 -0.2195862 -0.2300239 -0.2399114 -0.2492145 -0.2579079 -0.2659708
5.2718587E-02 5.5339504E-02 5.8037240E-02 6.0798589E-02 6.3605741E-02 6.6438563E-02 6.9271803E-02 7.2078772E-02 7.4826404E-02 7.7480890E-02 7.9983078E-02 8.2294464E-02 8.4432893E-02 8.6343639E-02 8.7972678E-02 8.9282125E-02 9.0236016E-02 9.0801314E-02 9.0947203E-02 9.0645328E-02 8.9869916E-02 8.8597581E-02 8.6806819E-02 8.4478334E-02 8.1594408E-02 7.8139082E-02 7.4097596E-02 6.9456868E-02 6.4204916E-02 5.8331154E-02 5.1826753E-02 4.4685218E-02 3.6902025E-02 2.8475968E-02 1.9409053E-02 9.7074779E-03 -6.1790930E-04 -1.1550087E-02 -2.3066567E-02 -3.5136867E-02 -4.7724042E-02 -6.0782231E-02 -7.4258238E-02 -8.8089265E-02 -0.1022061 -0.1165309 -0.1309803 -0.1454618 -0.1598619 -0.1740417 -0.1879850 -0.2016772 -0.2149990 -0.2278506 -0.2401628 -0.2518816 -0.2629608 -0.2733648 -0.2830652 -0.2920429
5.7862993E-02 6.0874160E-02 6.3989893E-02 6.7195013E-02 7.0471339E-02 7.3795080E-02 7.7139430E-02 8.0470994E-02 8.3755344E-02 8.6952910E-02 9.0045951E-02 9.2989758E-02 9.5677041E-02 9.8077908E-02 0.1001647 0.1018948 0.1032270 0.1041231 0.1045479 0.1044692 0.1038581 0.1026886 0.1009369 9.8581366E-02 9.5602587E-02 9.1982447E-02 8.7704368E-02 8.2752980E-02 7.7114105E-02 7.0774496E-02 6.3722946E-02 5.5949785E-02 4.7448151E-02 3.8213748E-02 2.8246315E-02 1.7549552E-02 6.1329338E-03 -5.9879855E-03 -1.8790063E-02 -3.2242589E-02 -4.6305243E-02 -6.0928952E-02 -7.6053657E-02 -9.1609731E-02 -0.1075164 -0.1236849 -0.1400165 -0.1564116 -0.1727871 -0.1890828 -0.2051099 -0.2206864 -0.2357584 -0.2502695 -0.2641500 -0.2773354 -0.2897759 -0.3014309 -0.3122727 -0.3222811
6.3431993E-02 6.6886500E-02 7.0478305E-02 7.4192822E-02 7.8009106E-02 8.1902191E-02 8.5839592E-02 8.9785598E-02 9.3695797E-02 9.7523428E-02 0.1011910 0.1046447 0.1078970 0.1108747 0.1135060 0.1157389 0.1175250 0.1188201 0.1195841 0.1197805 0.1193773 0.1183454 0.1166590 0.1142943 0.1112298 0.1074458 0.1029232 9.7644635E-02 9.1593131E-02 8.4752731E-02 7.7108867E-02 6.8648770E-02 5.9361849E-02 4.9240574E-02 3.8281024E-02 2.6484136E-02 1.3856428E-02 4.1218009E-04 -1.3826997E-02 -2.8829323E-02 -4.4553451E-02 -6.0945760E-02 -7.7941597E-02 -9.5461860E-02 -0.1134161 -0.1316997 -0.1501978 -0.1687806 -0.1872903 -0.2055377 -0.2234776 -0.2410681 -0.2581462 -0.2745760 -0.2902623 -0.3051329 -0.3191290 -0.3322093 -0.3443439 -0.3555162
6.9453143E-02 7.3409110E-02 7.7543624E-02 8.1840567E-02 8.6278863E-02 9.0828992E-02 9.5456474E-02 0.1001169 0.1047628 0.1093394 0.1138165 0.1181310 0.1221447 0.1258121 0.1290909 0.1319219 0.1342497 0.1360229 0.1371959 0.1377277 0.1375827 0.1367294 0.1351392 0.1327867 0.1296487 0.1257032 0.1209296 0.1153075 0.1088174 0.1014398 9.3156680E-02 8.3951212E-02 7.3808610E-02 6.2716834E-02 5.0667975E-02 3.7658609E-02 2.3692124E-02 8.7795081E-03 -7.0589129E-03 -2.3792801E-02 -4.1379012E-02 -5.9762530E-02 -7.8872383E-02 -9.8623194E-02 -0.1189117 -0.1396201 -0.1606134 -0.1817492 -0.2029001 -0.2239630 -0.2446792 -0.2647995 -0.2842313 -0.3028841 -0.3206582 -0.3374664 -0.3532457 -0.3679497 -0.3815516 -0.3940364
7.5941868E-02 8.0464870E-02 8.5215047E-02 9.0177827E-02 9.5328979E-02 0.1006379 0.1060626 0.1115552 0.1170549 0.1224965 0.1277762 0.1328179 0.1376250 0.1420983 0.1461403 0.1496793 0.1526494 0.1549916 0.1566537 0.1575901 0.1577614 0.1571333 0.1556752 0.1533603 0.1501636 0.1460615 0.1410311 0.1350498 0.1280947 0.1201430 0.1111720 0.1011607 9.0088695E-02 7.7939413E-02 6.4698935E-02 5.0359685E-02 3.4920011E-02 1.8387567E-02 7.7902811E-04 -1.7876063E-02 -3.7536468E-02 -5.8144748E-02 -7.9628311E-02 -0.1018942 -0.1248310 -0.1483038 -0.1721577 -0.1962108 -0.2202393 -0.2439756 -0.2673224 -0.2901871 -0.3123355 -0.3335730 -0.3537633 -0.3728073 -0.3906310 -0.4071887 -0.4224542 -0.4364208
8.2914673E-02 8.8075250E-02 9.3523256E-02 9.9242598E-02 0.1052098 0.1113884 0.1177335 0.1241854 0.1306782 0.1371351 0.1435079 0.1497075 0.1555525 0.1609752 0.1659125 0.1702822 0.1740080 0.1770217 0.1792636 0.1806827 0.1812357 0.1808857 0.1796008 0.1773527 0.1741152 0.1698634 0.1645723 0.1582168 0.1507709 0.1422074 0.1324994 0.1216198 0.1095432 9.6246250E-02 8.1709988E-02 6.5920040E-02 4.8870478E-02 3.0563774E-02 1.1013867E-02 -9.7537879E-03 -3.1698912E-02 -5.4766681E-02 -7.8883328E-02 -0.1039553 -0.1298635 -0.1564634 -0.1835786 -0.2110112 -0.2385674 -0.2660726 -0.2931549 -0.3194527 -0.3448018 -0.3690501 -0.3920475 -0.4136724 -0.4338457 -0.4525182 -0.4696719 -0.4853077
9.0365089E-02 9.6241176E-02 0.1024744 0.1090514 0.1159451 0.1231172 0.1305127 0.1380655 0.1456919 0.1533004 0.1607509 0.1679373 0.1748528 0.1813624 0.1873341 0.1926681 0.1972738 0.2010716 0.2039935 0.2059818 0.2069893 0.2069767 0.2059108 0.2037625 0.2005052 0.1961126 0.1905584 0.1838151 0.1758529 0.1666405 0.1561457 0.1443358 0.1311783 0.1166440 0.1007066 8.3346903E-02 6.4552903E-02 4.4323716E-02 2.2669114E-02 -3.8756989E-04 -2.4810294E-02 -5.0547395E-02 -7.7531517E-02 -0.1056727 -0.1348568 -0.1649335 -0.1957136 -0.2269552 -0.2583409 -0.2894787 -0.3201744 -0.3502356 -0.3792989 -0.4070648 -0.4333249 -0.4579378 -0.4808104 -0.5018986 -0.5211912 -0.5387071
9.8277345E-02 0.1049501 0.1120639 0.1196042 0.1275441 0.1358368 0.1444208 0.1532131 0.1621202 0.1710353 0.1798890 0.1885617 0.1968170 0.2045621 0.2117087 0.2181425 0.2237573 0.2284592 0.2321683 0.2348196 0.2363606 0.2367498 0.2359532 0.2339416 0.2306879 0.2261661 0.2203482 0.2132044 0.2047018 0.1948043 0.1834741 0.1706720 0.1563591 0.1404989 0.1230596 0.1040163 8.3354026E-02 6.1069500E-02 3.7172578E-02 1.1685328E-02 -1.5357393E-02 -4.3911070E-02 -7.3918588E-02 -0.1053092 -0.1379868 -0.1718200 -0.2066219 -0.2421485 -0.2781236 -0.3142571 -0.3499796 -0.3847216 -0.4181706 -0.4500498 -0.4801139 -0.5081849 -0.5341627 -0.5580049 -0.5797200 -0.5993464
0.1065931 0.1141489 0.1222400 0.1308552 0.1399604 0.1495028 0.1594021 0.1695608 0.1798584 0.1901688 0.2003099 0.2101515 0.2196942 0.2287690 0.2372031 0.2448587 0.2516064 0.2573320 0.2619391 0.2653513 0.2675096 0.2683693 0.2678956 0.2660600 0.2628363 0.2581986 0.2521181 0.2445630 0.2354971 0.2248799 0.2126673 0.1988141 0.1832742 0.1660052 0.1469703 0.1261424 0.1035069 7.9065539E-02 5.2834466E-02 2.4844963E-02 -4.8644841E-03 -3.6251266E-02 -6.9277786E-02 -0.1039059 -0.1400917 -0.1777563 -0.2167585 -0.2568482 -0.2976135 -0.3384737 -0.3790461 -0.4189189 -0.4574612 -0.4941567 -0.5286528 -0.5607314 -0.5902747 -0.6172556 -0.6417042 -0.6636955
0.1152194 0.1237434 0.1329119 0.1427093 0.1530963 0.1639993 0.1753165 0.1869126 0.1986447 0.2103652 0.2220019 0.2334379 0.2444077 0.2548271 0.2645935 0.2735474 0.2815270 0.2883842 0.2939961 0.2982673 0.3011282 0.3025290 0.3024343 0.3008161 0.2976503 0.2929115 0.2865712 0.2785959 0.2689463 0.2575769 0.2444384 0.2294785 0.2126460 0.1938928 0.1731811 0.1504863 0.1258040 9.9151604E-02 7.0570670E-02 4.0119119E-02 7.8624114E-03 -2.6147323E-02 -6.1885685E-02 -9.9371262E-02 -0.1386533 -0.1797837 -0.2227492 -0.2674127 -0.3134910 -0.3605494 -0.4076570 -0.4538085 -0.4983330 -0.5406556 -0.5803187 -0.6170310 -0.6506656 -0.6812090 -0.7087345 -0.7333597
0.1239763 0.1335543 0.1438935 0.1549756 0.1667403 0.1790847 0.1918522 0.2048531 0.2178761 0.2307431 0.2432661 0.2553933 0.2672777 0.2788042 0.2897836 0.3000130 0.3092667 0.3173345 0.3240440 0.3292664 0.3329130 0.3349254 0.3352658 0.3339074 0.3308280 0.3260044 0.3194085 0.3110059 0.3007540 0.2886036 0.2744992 0.2583835 0.2401995 0.2198984 0.1974448 0.1728276 0.1460650 0.1172153 8.6373933E-02 5.3668790E-02 1.9234978E-02 -1.6817590E-02 -5.4455362E-02 -9.3754284E-02 -0.1349214 -0.1782473 -0.2240149 -0.2723311 -0.3229306 -0.3750689 -0.4280162 -0.4808238 -0.5321950 -0.5810640 -0.6267247 -0.6687857 -0.7070913 -0.7416645 -0.7726302 -0.8001766
0.1325949 0.1433045 0.1549022 0.1673521 0.1805632 0.1943635 0.2085026 0.2226528 0.2364845 0.2497521 0.2624965 0.2748888 0.2869588 0.2988923 0.3106474 0.3219382 0.3324048 0.3417092 0.3495829 0.3558360 0.3603451 0.3630362 0.3638659 0.3628085 0.3598442 0.3549525 0.3481064 0.3392711 0.3284020 0.3154449 0.3003404 0.2830254 0.2634413 0.2415407 0.2173010 0.1907351 0.1619098 0.1309566 9.8080374E-02 6.3548192E-02 2.7659955E-02 -9.3214214E-03 -4.7256149E-02 -8.6237259E-02 -0.1266554 -0.1692010 -0.2147268 -0.2640112 -0.3174739 -0.3749069 -0.4348379 -0.4952331 -0.5543661 -0.6107560 -0.6633390 -0.7115299 -0.7551424 -0.7942370 -0.8290258 -0.8597816
0.1406292 0.1525423 0.1654690 0.1793505 0.1940268 0.2092119 0.2244479 0.2391303 0.2525855 0.2643495 0.2744049 0.2835416 0.2931117 0.3037010 0.3151787 0.3269922 0.3384485 0.3489370 0.3580033 0.3653468 0.3707845 0.3742146 0.3755841 0.3748662 0.3720441 0.3671005 0.3600104 0.3507393 0.3392401 0.3254560 0.3093221 0.2907732 0.2697499 0.2462139 0.2201627 0.1916554 0.1608344 0.1279592 9.3418874E-02 5.7740279E-02 2.1541258E-02 -1.4557317E-02 -5.0100729E-02 -8.4996045E-02 -0.1197261 -0.1554490 -0.1939474 -0.2372731 -0.2870691 -0.3437468 -0.4066099 -0.4734015 -0.5406883 -0.6055092 -0.6659636 -0.7211170 -0.7706926 -0.8148184 -0.8538079 -0.8880610
0.1474437 0.1606160 0.1749298 0.1902733 0.2063869 0.2227649 0.2385782 0.2525859 0.2632679 0.2693469 0.2711366 0.2712055 0.2728694 0.2783166 0.2874025 0.2987085 0.3107161 0.3222405 0.3324832 0.3409534 0.3473715 0.3515918 0.3535448 0.3532008 0.3505457 0.3455653 0.3382380 0.3285291 0.3163912 0.3017634 0.2845785 0.2647682 0.2422783 0.2170832 0.1892162 0.1587996 0.1260950 9.1548219E-02 5.5844616E-02 1.9927464E-02 -1.5017996E-02 -4.7688372E-02 -7.6878168E-02 -0.1018297 -0.1226154 -0.1405217 -0.1582707 -0.1800347 -0.2109707 -0.2557264 -0.3150251 -0.3850043 -0.4596943 -0.5334712 -0.6026801 -0.6656063 -0.7218003 -0.7714407 -0.8149953 -0.8530059
