T4-twomodels-1/gz/model90.grd
DSAA
         100         100
  -15.00000       15.00000    
  -15.00000       15.00000    
  -2.524332       4.859358    
[rows 54 to 80 of 100, columns 0 to 59 of 100]
0.2126591 0.2386465 0.2641755 0.2888052 0.3083203 0.3193246 0.3106780 0.2672904 0.1494606 -0.1153756 -0.6506406 -1.343022 -1.820318 -2.050800 -2.154612 -2.196872 -2.209748 -2.208259 -2.200760 -2.191727 -2.183808 -2.178550 -2.176819 -2.179128 -2.185692 -2.196569 -2.211676 -2.230764 -2.253493 -2.279231 -2.307243 -2.336280 -2.364911 -2.390894 -2.411705 -2.423694 -2.422897 -2.404011 -2.361588 -2.288746 -2.178683 -2.022770 -1.811955 -1.533409 -1.170663 -0.6967263 -6.8918988E-02 0.7850387 1.955583 3.340196 4.367561 4.727173 4.688393 4.524191 4.343348 4.173915 4.025064 3.895270 3.784455 3.689008
0.2086076 0.2342390 0.2593871 0.2836101 0.3026976 0.3132523 0.3041414 0.2602742 0.1419604 -0.1233594 -0.6590144 -1.351683 -1.829379 -2.060306 -2.164543 -2.207200 -2.220437 -2.219270 -2.212049 -2.203247 -2.195508 -2.190376 -2.188716 -2.191039 -2.197556 -2.208328 -2.223268 -2.242128 -2.264567 -2.289953 -2.317550 -2.346108 -2.374196 -2.399573 -2.419711 -2.430959 -2.429351 -2.409581 -2.366194 -2.292306 -2.181108 -2.023967 -1.811826 -1.531856 -1.167588 -0.6920415 -6.2545300E-02 0.7931469 1.965364 3.351379 4.380131 4.741372 4.704286 4.541716 4.362409 4.194408 4.046871 3.918276 3.808538 3.714051
0.2038613 0.2290693 0.2537619 0.2775012 0.2960772 0.3060981 0.2964314 0.2519973 0.1331031 -0.1328042 -0.6691388 -1.362576 -1.840897 -2.072363 -2.177107 -2.220236 -2.233906 -2.233126 -2.226240 -2.217717 -2.210197 -2.205221 -2.203650 -2.205994 -2.212463 -2.223116 -2.237866 -2.256465 -2.278570 -2.303550 -2.330669 -2.358679 -2.386147 -2.410831 -2.430206 -2.440616 -2.438094 -2.417330 -2.372862 -2.297798 -2.185320 -2.026785 -1.813128 -1.531514 -1.165472 -0.6880256 -5.6515727E-02 0.8013006 1.975816 3.364459 4.395848 4.759406 4.724442 4.563882 4.386467 4.220221 4.074296 3.947160 3.838734 3.745411
0.1984648 0.2231795 0.2473438 0.2705196 0.2885028 0.2979031 0.2875977 0.2425065 0.1229513 -0.1436153 -0.6805075 -1.374391 -1.853276 -2.085349 -2.190675 -2.234351 -2.248522 -2.248193 -2.241700 -2.233506 -2.226245 -2.221456 -2.219995 -2.222371 -2.228792 -2.239316 -2.253856 -2.272162 -2.293895 -2.318423 -2.345010 -2.372410 -2.399193 -2.423119 -2.441661 -2.451165 -2.447661 -2.425833 -2.380212 -2.303896 -2.190049 -2.030015 -1.814709 -1.531283 -1.163256 -0.6836513 -4.9819238E-02 0.8104438 1.987405 3.378255 4.411861 4.777897 4.745466 4.587339 4.412209 4.248080 4.104089 3.978703 3.871840 3.779900
0.1924684 0.2166215 0.2401826 0.2627197 0.2800291 0.2887313 0.2777056 0.2318852 0.1115909 -0.1557164 -0.6934434 -1.388254 -1.867911 -2.100664 -2.206637 -2.250923 -2.265659 -2.265841 -2.259796 -2.251980 -2.245020 -2.240449 -2.239123 -2.241543 -2.247919 -2.258306 -2.272619 -2.290608 -2.311934 -2.335970 -2.361981 -2.388726 -2.414778 -2.437900 -2.455570 -2.464138 -2.459632 -2.436731 -2.389958 -2.312395 -2.197184 -2.035641 -1.818653 -1.533339 -1.163198 -0.6812384 -4.4814870E-02 0.8182721 1.998344 3.392742 4.429954 4.799276 4.769913 4.614697 4.442298 4.280690 4.138994 4.015672 3.910645 3.820321
0.1859624 0.2094858 0.2323745 0.2541982 0.2707641 0.2786975 0.2668917 0.2202847 9.9214196E-02 -0.1688544 -0.7072221 -1.402549 -1.882850 -2.116303 -2.222958 -2.267897 -2.283247 -2.283990 -2.278444 -2.271053 -2.264435 -2.260117 -2.258947 -2.261427 -2.267763 -2.278010 -2.292082 -2.309733 -2.330627 -2.354139 -2.379542 -2.405599 -2.430894 -2.453199 -2.469999 -2.477651 -2.472189 -2.448291 -2.400471 -2.321789 -2.205360 -2.042457 -1.823915 -1.536804 -1.164570 -0.6801909 -4.1005760E-02 0.8251507 2.008453 3.405955 4.446375 4.819237 4.793474 4.641716 4.472553 4.313922 4.174923 4.054013 3.951119 3.862665
0.1790596 0.2018902 0.2240394 0.2450874 0.2608495 0.2679678 0.2553473 0.2079459 8.6103544E-02 -0.1827082 -0.7219006 -1.418146 -1.899204 -2.133333 -2.240657 -2.286253 -2.302237 -2.303576 -2.298567 -2.291641 -2.285403 -2.281369 -2.280381 -2.282937 -2.289239 -2.299344 -2.313169 -2.330466 -2.350908 -2.373875 -2.398651 -2.424010 -2.448548 -2.470056 -2.486035 -2.492861 -2.486579 -2.461874 -2.413256 -2.333764 -2.216475 -2.052600 -1.832901 -1.544354 -1.170319 -0.6836932 -4.1770842E-02 0.8276361 2.014760 3.416785 4.461960 4.839319 4.817841 4.670166 4.504820 4.349683 4.213831 4.095716 3.995280 3.908962
0.1719365 0.1940142 0.2153683 0.2355887 0.2505119 0.2567995 0.2433862 0.1952488 7.2751150E-02 -0.1966349 -0.7362218 -1.432708 -1.914168 -2.148811 -2.256694 -2.302885 -2.319478 -2.321414 -2.316964 -2.310532 -2.304706 -2.300985 -2.300203 -2.302850 -2.309129 -2.319094 -2.332664 -2.349599 -2.369576 -2.391989 -2.416132 -2.440801 -2.464614 -2.485388 -2.500655 -2.506824 -2.499968 -2.474797 -2.425826 -2.346082 -2.228596 -2.064507 -1.844458 -1.555290 -1.180203 -0.6919475 -4.7701504E-02 0.8247567 2.015521 3.421418 4.470873 4.853067 4.836564 4.693692 4.532823 4.381767 4.249562 4.134665 4.037033 3.953138
0.1648210 0.1860960 0.2066085 0.2259723 0.2400508 0.2455494 0.2314438 0.1827606 5.9885673E-02 -0.2097078 -0.7494952 -1.446257 -1.927855 -2.162654 -2.270825 -2.317431 -2.334532 -2.337022 -2.333122 -2.327198 -2.321806 -2.318424 -2.317869 -2.320625 -2.326889 -2.336717 -2.350032 -2.366599 -2.386108 -2.407965 -2.431487 -2.455497 -2.478645 -2.498793 -2.513523 -2.519297 -2.512248 -2.487133 -2.438504 -2.359393 -2.242799 -2.079770 -1.860809 -1.572547 -1.197937 -0.7094530 -6.4032249E-02 0.8107340 2.005092 3.416011 4.471280 4.859355 4.848671 4.711413 4.555779 4.409462 4.281465 4.170242 4.075788 3.994613
0.1580433 0.1784735 0.1981167 0.2166176 0.2298945 0.2347173 0.2201534 0.1713134 4.8661429E-02 -0.2203248 -0.7590805 -1.454562 -1.935174 -2.169354 -2.277253 -2.323910 -2.341303 -2.344233 -2.340838 -2.335414 -2.330467 -2.327440 -2.327131 -2.330010 -2.336270 -2.345967 -2.359027 -2.375227 -2.394268 -2.415580 -2.438506 -2.461905 -2.484482 -2.504156 -2.518590 -2.524331 -2.517611 -2.493282 -2.445979 -2.368792 -2.254719 -2.094744 -1.879209 -1.594482 -1.223146 -0.7372311 -9.3194477E-02 0.7817593 1.977987 3.392141 4.452097 4.846208 4.842113 4.711362 4.561803 4.420962 4.297778 4.190722 4.099833 4.021689
0.1520329 0.1715899 0.1903514 0.2080185 0.2205875 0.2249552 0.2103463 0.1620738 4.0768169E-02 -0.2260266 -0.7620567 -1.454724 -1.932623 -2.164683 -2.271265 -2.317313 -2.334619 -2.337789 -2.334805 -2.329847 -2.325340 -2.322679 -2.322630 -2.325645 -2.331910 -2.341481 -2.354290 -2.370126 -2.388707 -2.409490 -2.431855 -2.454713 -2.476833 -2.496225 -2.510660 -2.516819 -2.511086 -2.488479 -2.443796 -2.370268 -2.260988 -2.106951 -1.898394 -1.621423 -1.258172 -0.7800164 -0.1425877 0.7278217 1.922441 3.338552 4.403326 4.803869 4.807055 4.683715 4.541144 4.406569 4.288849 4.186470 4.099546 4.024738
0.1473852 0.1660498 0.1839385 0.2008275 0.2128479 0.2170954 0.2031086 0.1566114 3.8724951E-02 -0.2226963 -0.7515103 -1.436192 -1.907153 -2.134142 -2.237530 -2.281882 -2.298508 -2.301615 -2.298897 -2.294344 -2.290261 -2.287967 -2.288186 -2.291347 -2.297626 -2.307077 -2.319639 -2.335115 -2.353246 -2.373522 -2.395368 -2.417761 -2.439556 -2.458880 -2.473652 -2.480742 -2.476756 -2.456971 -2.416464 -2.348747 -2.247170 -2.102928 -1.906345 -1.643449 -1.296035 -0.8347849 -0.2141588 0.6411925 1.824315 3.233783 4.297673 4.702492 4.712891 4.597701 4.463017 4.335530 4.223931 4.126742 4.044168 3.972992
0.1448620 0.1626280 0.1796639 0.1958598 0.2075356 0.2121177 0.1996864 0.1568505 4.5984134E-02 -0.2037443 -0.7163092 -1.383083 -1.838507 -2.054710 -2.151718 -2.192725 -2.207852 -2.210498 -2.207860 -2.203632 -2.199943 -2.198012 -2.198503 -2.201817 -2.208115 -2.217451 -2.229770 -2.244892 -2.262585 -2.282375 -2.303746 -2.325751 -2.347353 -2.366823 -2.382274 -2.390820 -2.389373 -2.373577 -2.338935 -2.279432 -2.188928 -2.059136 -1.880892 -1.640670 -1.320563 -0.8911859 -0.3062332 0.5117764 1.660109 3.043398 4.093625 4.496330 4.512015 4.405135 4.279108 4.159480 4.054636 3.963113 3.885250 3.817969
0.1454141 0.1622769 0.1784931 0.1940830 0.2056444 0.2110642 0.2013357 0.1647104 6.6666946E-02 -0.1589415 -0.6328360 -1.254328 -1.673808 -1.868458 -1.954153 -1.989639 -2.002288 -2.004032 -2.001275 -1.997286 -1.993959 -1.992381 -1.993146 -1.996615 -2.002936 -2.012158 -2.024238 -2.039010 -2.056273 -2.075597 -2.096529 -2.118213 -2.139736 -2.159543 -2.175976 -2.186450 -2.188264 -2.177542 -2.150368 -2.101418 -2.025368 -1.914898 -1.762003 -1.554585 -1.276507 -0.9005339 -0.3826187 0.3536141 1.409423 2.705100 3.695756 4.074145 4.088198 3.988565 3.871628 3.760509 3.662957 3.577514 3.504655 3.441493
0.1498361 0.1657707 0.1812228 0.1962475 0.2079278 0.2145840 0.2087041 0.1809423 0.1032871 -7.7446282E-02 -0.4625891 -0.9710059 -1.311162 -1.467267 -1.535536 -1.563258 -1.572509 -1.572971 -1.569925 -1.566105 -1.563110 -1.561875 -1.562911 -1.566537 -1.572882 -1.581990 -1.593830 -1.608253 -1.625090 -1.643960 -1.664478 -1.685887 -1.707411 -1.727693 -1.745323 -1.758078 -1.763687 -1.758865 -1.740384 -1.703833 -1.644960 -1.557884 -1.436438 -1.271195 -1.049869 -0.7513198 -0.3411584 0.2422745 1.085680 2.133952 2.935596 3.231184 3.227853 3.132866 3.025007 2.922878 2.832966 2.753936 2.686259 2.627403
0.1572598 0.1721717 0.1869788 0.2013538 0.2133963 0.2213532 0.2201543 0.2026519 0.1511456 3.3831295E-02 -0.1997732 -0.4995539 -0.7091189 -0.8121791 -0.8586988 -0.8773454 -0.8826647 -0.8816492 -0.8782236 -0.8745329 -0.8718572 -0.8709556 -0.8722628 -0.8760406 -0.8824061 -0.8914009 -0.9029913 -0.9170694 -0.9334697 -0.9519003 -0.9719949 -0.9931652 -1.014702 -1.035541 -1.054441 -1.069669 -1.079293 -1.080806 -1.071576 -1.048389 -1.008012 -0.9464992 -0.8596829 -0.7418836 -0.5858386 -0.3800092 -0.1064530 0.2640098 0.7646544 1.343975 1.762845 1.895976 1.857780 1.765194 1.666068 1.573322 1.491064 1.418751 1.356213 1.301878
0.1636995 0.1776205 0.1917361 0.2054937 0.2178157 0.2270723 0.2303074 0.2227124 0.1956892 0.1362603 3.3882573E-02 -8.8897742E-02 -0.1842478 -0.2385422 -0.2645315 -0.2744510 -0.2759810 -0.2735372 -0.2697537 -0.2662004 -0.2638439 -0.2632746 -0.2648478 -0.2687734 -0.2751542 -0.2840276 -0.2953647 -0.3090870 -0.3250453 -0.3430198 -0.3626846 -0.3835922 -0.4051286 -0.4264874 -0.4466288 -0.4642618 -0.4778326 -0.4855471 -0.4854149 -0.4753188 -0.4530879 -0.4165490 -0.3635232 -0.2917488 -0.1986984 -8.1386395E-02 6.3680716E-02 0.2388966 0.4375648 0.6209111 0.7217364 0.7185497 0.6509874 0.5614694 0.4712203 0.3877489 0.3131776 0.2474986 0.1901422 0.1402689
0.1662348 0.1792377 0.1925474 0.2057305 0.2180615 0.2284218 0.2350470 0.2353221 0.2255601 0.2018458 0.1634104 0.1186597 8.1586786E-02 5.8469586E-02 4.7439534E-02 4.4437628E-02 4.5964647E-02 4.9558084E-02 5.3574089E-02 5.6940548E-02 5.8962476E-02 5.9195746E-02 5.7362206E-02 5.3295843E-02 4.6907693E-02 3.8167022E-02 2.7090520E-02 1.3741734E-02 -1.7650658E-03 -1.9252673E-02 -3.8465951E-02 -5.9049413E-02 -8.0526762E-02 -0.1022736 -0.1235028 -0.1432508 -0.1603933 -0.1736718 -0.1817644 -0.1833658 -0.1773055 -0.1626496 -0.1388252 -0.1057202 -6.3845403E-02 -1.4574081E-02 3.9306305E-02 9.2520282E-02 0.1355288 0.1539268 0.1345071 7.8574225E-02 1.2039673E-03 -8.2458392E-02 -0.1635157 -0.2381400 -0.3051308 -0.3644938 -0.4166765 -0.4622918
0.1649886 0.1770732 0.1895356 0.2020618 0.2141742 0.2251541 0.2339997 0.2393837 0.2398391 0.2343185 0.2235486 0.2106472 0.1995227 0.1928921 0.1909894 0.1925895 0.1961969 0.2005215 0.2045854 0.2076893 0.2093501 0.2092431 0.2071564 0.2029584 0.1965755 0.1879791 0.1771780 0.1642179 0.1491857 0.1322158 0.1135040 9.3318313E-02 7.2018474E-02 5.0064828E-02 2.8030854E-02 6.5969303E-03 -1.3464550E-02 -3.1334348E-02 -4.6206590E-02 -5.7385352E-02 -6.4384423E-02 -6.7055598E-02 -6.5697782E-02 -6.1191671E-02 -5.5109803E-02 -4.9863663E-02 -4.8795763E-02 -5.6197636E-02 -7.6949321E-02 -0.1151748 -0.1709635 -0.2398117 -0.3151616 -0.3908834 -0.4629084 -0.5291927 -0.5890306 -0.6424055 -0.6896387 -0.7311635
0.1608790 0.1720462 0.1836237 0.1954015 0.2070605 0.2181644 0.2281383 0.2363276 0.2421074 0.2451859 0.2458396 0.2452435 0.2451633 0.2465555 0.2495608 0.2537742 0.2585304 0.2631545 0.2670703 0.2698297 0.2711022 0.2706530 0.2683221 0.2640060 0.2576430 0.2492057 0.2386958 0.2261439 0.2116117 0.1951981 0.1770453 0.1573507 0.1363724 0.1144387 9.1946453E-02 6.9355734E-02 4.7163665E-02 2.5870418E-02 5.9138052E-03 -1.2398232E-02 -2.8982714E-02 -4.4061337E-02 -5.8250315E-02 -7.2608285E-02 -8.8669732E-02 -0.1083890 -0.1340032 -0.1676727 -0.2108678 -0.2636435 -0.3248563 -0.3917837 -0.4605550 -0.5278252 -0.5913738 -0.6500074 -0.7032455 -0.7510576 -0.7936383 -0.8312981
0.1548033 0.1650558 0.1757280 0.1866735 0.1976878 0.2084953 0.2187689 0.2281530 0.2363599 0.2432676 0.2491206 0.2543513 0.2592696 0.2643140 0.2696316 0.2750438 0.2802184 0.2847794 0.2883783 0.2907236 0.2915872 0.2907992 0.2882378 0.2838202 0.2774939 0.2692325 0.2590312 0.2469074 0.2329027 0.2170847 0.1995544 0.1804490 0.1599482 0.1382749 0.1156938 9.2498630E-02 6.8994142E-02 4.5460045E-02 2.2107828E-02 -9.7737659E-04 -2.3891218E-02 -4.6967480E-02 -7.0807479E-02 -9.6291028E-02 -0.1245259 -0.1567511 -0.1941420 -0.2375679 -0.2873453 -0.3430299 -0.4028419 -0.4644166 -0.5257103 -0.5849558 -0.6408468 -0.6925988 -0.7398656 -0.7825825 -0.8208651 -0.8549136
0.1474357 0.1567908 0.1665488 0.1766116 0.1868390 0.1970580 0.2070624 0.2166476 0.2256348 0.2339318 0.2414870 0.2484221 0.2550747 0.2614975 0.2676286 0.2733407 0.2784310 0.2826682 0.2858275 0.2877118 0.2881590 0.2870429 0.2842692 0.2797700 0.2734996 0.2654316 0.2555560 0.2438800 0.2304280 0.2152446 0.1983962 0.1799755 0.1601013 0.1389200 0.1165990 9.3319826E-02 6.9256365E-02 4.4554751E-02 1.9296631E-02 -6.5318309E-03 -3.3079274E-02 -6.0647495E-02 -8.9702569E-02 -0.1208458 -0.1547622 -0.1921108 -0.2333972 -0.2787989 -0.3279899 -0.3800720 -0.4341062 -0.4889136 -0.5429699 -0.5949999 -0.6441166 -0.6897770 -0.7317019 -0.7698159 -0.8041677 -0.8348874
0.1393044 0.1477877 0.1566441 0.1658008 0.1751629 0.1846093 0.1940058 0.2032091 0.2120994 0.2205867 0.2286877 0.2363972 0.2435687 0.2502267 0.2563518 0.2618351 0.2665326 0.2702835 0.2729309 0.2743333 0.2743706 0.2729456 0.2699824 0.2654240 0.2592296 0.2513725 0.2418391 0.2306280 0.2177513 0.2032350 0.1871209 0.1694677 0.1503517 0.1298641 0.1081081 8.5189238E-02 6.1204191E-02 3.6221139E-02 1.0262150E-02 -1.6720500E-02 -4.4857897E-02 -7.4374720E-02 -0.1055763 -0.1388250 -0.1744818 -0.2128404 -0.2540368 -0.2979847 -0.3443646 -0.3926415 -0.4417438 -0.4905065 -0.5380974 -0.5837899 -0.6269926 -0.6673009 -0.7044931 -0.7384795 -0.7692740 -0.7969475
0.1307802 0.1384300 0.1464110 0.1546706 0.1631360 0.1717217 0.1803258 0.1888456 0.1971756 0.2052263 0.2128719 0.2200522 0.2268425 0.2331421 0.2388309 0.2438034 0.2479421 0.2511244 0.2532316 0.2541556 0.2538027 0.2520949 0.2489691 0.2443760 0.2382780 0.2306488 0.2214716 0.2107394 0.1984549 0.1846309 0.1692916 0.1524722 0.1342190 0.1145875 9.3638569E-02 7.1433231E-02 4.8022136E-02 2.3437059E-02 -2.3238827E-03 -2.9303646E-02 -5.7595830E-02 -8.7339334E-02 -0.1187095 -0.1518884 -0.1870308 -0.2242135 -0.2633915 -0.3043484 -0.3466485 -0.3896449 -0.4328593 -0.4757699 -0.5176317 -0.5578184 -0.5958796 -0.6315123 -0.6645274 -0.6948390 -0.7224305 -0.7473402
0.1221475 0.1290084 0.1361565 0.1435478 0.1511276 0.1588261 0.1665665 0.1742613 0.1818261 0.1891755 0.1962740 0.2030448 0.2092963 0.2149778 0.2200322 0.2243647 0.2278759 0.2304655 0.2320379 0.2325059 0.2317933 0.2298345 0.2265756 0.2219729 0.2159914 0.2086054 0.1997961 0.1895522 0.1778707 0.1647552 0.1502177 0.1342781 0.1169631 9.8305777E-02 7.8342065E-02 5.7106536E-02 3.4628063E-02 1.0921876E-02 -1.4014961E-02 -4.0209945E-02 -6.7713529E-02 -9.6597031E-02 -0.1269374 -0.1588017 -0.1922176 -0.2271501 -0.2634723 -0.3009599 -0.3393193 -0.3782146 -0.4170107 -0.4550614 -0.4919729 -0.5273893 -0.5609930 -0.5925429 -0.6218855 -0.6489331 -0.6736579 -0.6960697
0.1135961 0.1197203 0.1260853 0.1326561 0.1393850 0.1462175 0.1530864 0.1599215 0.1666427 0.1731703 0.1793829 0.1851993 0.1906384 0.1955896 0.1999382 0.2035948 0.2064716 0.2084834 0.2095498 0.2095980 0.2085629 0.2063886 0.2030276 0.1984402 0.1925943 0.1854645 0.1770310 0.1672808 0.1562061 0.1438056 0.1300832 0.1150492 9.8718777E-02 8.1111580E-02 6.2248997E-02 4.2153474E-02 2.0842955E-02 -1.6697450E-03 -2.5382569E-02 -5.0302222E-02 -7.6445870E-02 -0.1038326 -0.1324771 -0.1623727 -0.1934799 -0.2257057 -0.2588955 -0.2928167 -0.3271368 -0.3614310 -0.3954588 -0.4289730 -0.4615521 -0.4928384 -0.5225703 -0.5505599 -0.5766730 -0.6008309 -0.6229945 -0.6431602
0.1052690 0.1107106 0.1163504 0.1221562 0.1280891 0.1341000 0.1401343 0.1461273 0.1520138 0.1577213 0.1632111 0.1684072 0.1731417 0.1773598 0.1810069 0.1840047 0.1862771 0.1877497 0.1883536 0.1880258 0.1867100 0.1843572 0.1809248 0.1763769 0.1706837 0.1638204 0.1557677 0.1465110 0.1360411 0.1243525 0.1114457 9.7324677E-02 8.1998505E-02 6.5479219E-02 4.7781784E-02 2.8922247E-02 8.9164600E-03 -1.2221840E-02 -3.4481034E-02 -5.7852175E-02 -8.2325421E-02 -0.1078874 -0.1345116 -0.1621528 -0.1907344 -0.2201433 -0.2502211 -0.2807711 -0.3115856 -0.3424649 -0.3730032 -0.4027993 -0.4316462 -0.4593486 -0.4857167 -0.5105942 -0.5338703 -0.5554697 -0.5753522 -0.5935010
