T4-twomodels-1/gz/model30.grd
DSAA
         100         100
  -15.00000       15.00000    
  -15.00000       15.00000    
  -1.702740       2.745274    
[rows 0 to 25 of 100, columns 0 to 59 of 100]
7.2307843E-03 7.4653872E-03 7.6907119E-03 7.9041850E-03 8.1035225E-03 8.2857283E-03 8.4486092E-03 8.5887723E-03 8.7040635E-03 8.7915901E-03 8.8587180E-03 8.9021912E-03 8.8923471E-03 8.8328058E-03 8.7277554E-03 8.5745445E-03 8.3703436E-03 8.1121130E-03 7.7970098E-03 7.4222567E-03 6.9851289E-03 6.4832130E-03 5.9145093E-03 5.2772518E-03 4.5698429E-03 3.7908643E-03 2.9392017E-03 2.0141306E-03 1.0153453E-03 -5.7255966E-05 -1.2032920E-03 -2.4221516E-03 -3.7127701E-03 -5.0737727E-03 -6.5031783E-03 -7.9986639E-03 -9.5571857E-03 -1.1175456E-02 -1.2849662E-02 -1.4575656E-02 -1.6348397E-02 -1.8162772E-02 -2.0012764E-02 -2.1892358E-02 -2.3794821E-02 -2.5713880E-02 -2.7642561E-02 -2.9575849E-02 -3.1517107E-02 -3.3480369E-02 -3.5423636E-02 -3.7305679E-02 -3.9137423E-02 -4.0924780E-02 -4.2663638E-02 -4.4347264E-02 -4.5970131E-02 -4.7525901E-02 -4.9009617E-02 -5.0416008E-02
8.1454376E-03 8.4231766E-03 8.6921016E-03 8.9499447E-03 9.1935555E-03 9.4203632E-03 9.6269380E-03 9.8106414E-03 9.9673048E-03 1.0093526E-02 1.0174247E-02 1.0205411E-02 1.0211168E-02 1.0180095E-02 1.0100612E-02 9.9689001E-03 9.7813029E-03 9.5344903E-03 9.2251403E-03 8.8499682E-03 8.4058726E-03 7.8902496E-03 7.3007862E-03 6.6352282E-03 5.8916691E-03 5.0684814E-03 4.1642985E-03 3.1782691E-03 2.1097949E-03 9.5869187E-04 -2.7482165E-04 -1.5900704E-03 -2.9862132E-03 -4.4616726E-03 -6.0145394E-03 -7.6421336E-03 -9.3414681E-03 -1.1108740E-02 -1.2940052E-02 -1.4830463E-02 -1.6774762E-02 -1.8766833E-02 -2.0800473E-02 -2.2868350E-02 -2.4963485E-02 -2.7077956E-02 -2.9204190E-02 -3.1331800E-02 -3.3440918E-02 -3.5499781E-02 -3.7536174E-02 -3.9576799E-02 -4.1593939E-02 -4.3566335E-02 -4.5484073E-02 -4.7340587E-02 -4.9128529E-02 -5.0841808E-02 -5.2473933E-02 -5.4019950E-02
9.1414331E-03 9.4681093E-03 9.7872568E-03 1.0095805E-02 1.0390950E-02 1.0669008E-02 1.0927048E-02 1.1160881E-02 1.1367630E-02 1.1543510E-02 1.1695934E-02 1.1820635E-02 1.1884509E-02 1.1890882E-02 1.1843611E-02 1.1739028E-02 1.1573322E-02 1.1342537E-02 1.1042890E-02 1.0670562E-02 1.0222109E-02 9.6946023E-03 9.0851597E-03 8.3911177E-03 7.6103257E-03 6.7408341E-03 5.7810573E-03 4.7298269E-03 3.5863630E-03 2.3502216E-03 1.0216085E-03 -3.9904844E-04 -1.9108208E-03 -3.5122940E-03 -5.2012508E-03 -6.9751637E-03 -8.8305967E-03 -1.0763682E-02 -1.2769817E-02 -1.4843938E-02 -1.6979853E-02 -1.9171245E-02 -2.1410650E-02 -2.3690406E-02 -2.6001904E-02 -2.8337002E-02 -3.0686574E-02 -3.3043619E-02 -3.5410341E-02 -3.7800591E-02 -4.0166914E-02 -4.2462673E-02 -4.4698283E-02 -4.6878900E-02 -4.8998710E-02 -5.1049143E-02 -5.3023059E-02 -5.4912630E-02 -5.6711551E-02 -5.8413405E-02
1.0224695E-02 1.0607492E-02 1.0983882E-02 1.1351054E-02 1.1705242E-02 1.2043167E-02 1.2360483E-02 1.2653777E-02 1.2917887E-02 1.3148326E-02 1.3327803E-02 1.3451072E-02 1.3543972E-02 1.3593116E-02 1.3584987E-02 1.3514548E-02 1.3376974E-02 1.3167845E-02 1.2882730E-02 1.2517342E-02 1.2067775E-02 1.1530573E-02 1.0902327E-02 1.0180023E-02 9.3611330E-03 8.4433733E-03 7.4247741E-03 6.3039130E-03 5.0797039E-03 3.7515389E-03 2.3193369E-03 7.8350422E-04 -8.5526844E-04 -2.5954128E-03 -4.4348533E-03 -6.3707735E-03 -8.3997529E-03 -1.0517322E-02 -1.2718764E-02 -1.4998173E-02 -1.7349141E-02 -1.9764140E-02 -2.2235336E-02 -2.4753436E-02 -2.7309375E-02 -2.9893018E-02 -3.2494295E-02 -3.5100132E-02 -3.7686855E-02 -4.0217735E-02 -4.2721502E-02 -4.5225851E-02 -4.7698602E-02 -5.0114818E-02 -5.2462012E-02 -5.4731674E-02 -5.6914497E-02 -5.9002817E-02 -6.0988568E-02 -6.2865674E-02
1.1405297E-02 1.1851907E-02 1.2294195E-02 1.2728475E-02 1.3151281E-02 1.3558117E-02 1.3945165E-02 1.4307166E-02 1.4640269E-02 1.4939447E-02 1.5212091E-02 1.5452666E-02 1.5623522E-02 1.5727419E-02 1.5767751E-02 1.5739590E-02 1.5637783E-02 1.5457103E-02 1.5192490E-02 1.4839075E-02 1.4392366E-02 1.3848339E-02 1.3203067E-02 1.2453099E-02 1.1595504E-02 1.0627540E-02 9.5468396E-03 8.3516268E-03 7.0405453E-03 5.6126420E-03 4.0676766E-03 2.4057170E-03 6.2750187E-04 -1.2656325E-03 -3.2714596E-03 -5.3872499E-03 -7.6091704E-03 -9.9327033E-03 -1.2352420E-02 -1.4862241E-02 -1.7454624E-02 -2.0121630E-02 -2.2853900E-02 -2.5641555E-02 -2.8473591E-02 -3.1339262E-02 -3.4226634E-02 -3.7125964E-02 -4.0037725E-02 -4.2975061E-02 -4.5883197E-02 -4.8708435E-02 -5.1460486E-02 -5.4143194E-02 -5.6748480E-02 -5.9265304E-02 -6.1684515E-02 -6.3996293E-02 -6.6192813E-02 -6.8266273E-02
1.2690498E-02 1.3210267E-02 1.3727793E-02 1.4239703E-02 1.4741437E-02 1.5228860E-02 1.5696503E-02 1.6139885E-02 1.6552387E-02 1.6928168E-02 1.7247142E-02 1.7502524E-02 1.7721651E-02 1.7888647E-02 1.7987512E-02 1.8011652E-02 1.7954668E-02 1.7810656E-02 1.7573800E-02 1.7238509E-02 1.6799653E-02 1.6252551E-02 1.5592739E-02 1.4816260E-02 1.3919626E-02 1.2899661E-02 1.1753474E-02 1.0478974E-02 9.0743704E-03 7.5384304E-03 5.8704726E-03 4.0704617E-03 2.1387881E-03 7.6857395E-05 -2.1133805E-03 -4.4289278E-03 -6.8660360E-03 -9.4196070E-03 -1.2084179E-02 -1.4852651E-02 -1.7717127E-02 -2.0668251E-02 -2.3696039E-02 -2.6788654E-02 -2.9934321E-02 -3.3119775E-02 -3.6331631E-02 -3.9553043E-02 -4.2755425E-02 -4.5895576E-02 -4.9002457E-02 -5.2104149E-02 -5.5162817E-02 -5.8148738E-02 -6.1046157E-02 -6.3843787E-02 -6.6529863E-02 -6.9094673E-02 -7.1528345E-02 -7.3823281E-02
1.4092547E-02 1.4695571E-02 1.5299807E-02 1.5900796E-02 1.6494345E-02 1.7074794E-02 1.7637227E-02 1.8174905E-02 1.8682573E-02 1.9153556E-02 1.9595085E-02 1.9999774E-02 2.0324374E-02 2.0570636E-02 2.0741241E-02 2.0829456E-02 2.0828331E-02 2.0730896E-02 2.0530568E-02 2.0220924E-02 1.9796096E-02 1.9250695E-02 1.8579643E-02 1.7778352E-02 1.6842777E-02 1.5769115E-02 1.4554108E-02 1.3195095E-02 1.1689941E-02 1.0036866E-02 8.2349060E-03 6.2835519E-03 4.1831052E-03 1.9345141E-03 -4.6012574E-04 -2.9981078E-03 -5.6753051E-03 -8.4867412E-03 -1.1426094E-02 -1.4486065E-02 -1.7657440E-02 -2.0930341E-02 -2.4292881E-02 -2.7732400E-02 -3.1234551E-02 -3.4785092E-02 -3.8367964E-02 -4.1969541E-02 -4.5587499E-02 -4.9233463E-02 -5.2843221E-02 -5.6354050E-02 -5.9774056E-02 -6.3105054E-02 -6.6335768E-02 -6.9451824E-02 -7.2441317E-02 -7.5292058E-02 -7.7994242E-02 -8.0538444E-02
1.5620475E-02 1.6319042E-02 1.7022457E-02 1.7726647E-02 1.8426016E-02 1.9115297E-02 1.9787619E-02 2.0436917E-02 2.1054706E-02 2.1633200E-02 2.2148719E-02 2.2592280E-02 2.2992900E-02 2.3331309E-02 2.3588303E-02 2.3755012E-02 2.3822911E-02 2.3784077E-02 2.3630923E-02 2.3356114E-02 2.2952931E-02 2.2415232E-02 2.1737218E-02 2.0913582E-02 1.9939626E-02 1.8811012E-02 1.7523848E-02 1.6074989E-02 1.4461681E-02 1.2681710E-02 1.0733505E-02 8.6162882E-03 6.3297749E-03 3.8748377E-03 1.2530887E-03 -1.5326426E-03 -4.4785035E-03 -7.5790156E-03 -1.0827830E-02 -1.4216552E-02 -1.7735559E-02 -2.1373248E-02 -2.5116932E-02 -2.8951379E-02 -3.2861087E-02 -3.6828361E-02 -4.0835038E-02 -4.4858869E-02 -4.8864517E-02 -5.2800030E-02 -5.6694105E-02 -6.0574584E-02 -6.4395934E-02 -6.8121992E-02 -7.1732365E-02 -7.5212091E-02 -7.8546070E-02 -8.1721947E-02 -8.4727675E-02 -8.7554023E-02
1.7288933E-02 1.8096566E-02 1.8914446E-02 1.9737335E-02 2.0559996E-02 2.1375434E-02 2.2177150E-02 2.2956496E-02 2.3706196E-02 2.4417337E-02 2.5096489E-02 2.5733761E-02 2.6278736E-02 2.6731677E-02 2.7093953E-02 2.7356274E-02 2.7509183E-02 2.7543446E-02 2.7450373E-02 2.7221579E-02 2.6849417E-02 2.6326844E-02 2.5647273E-02 2.4804652E-02 2.3793563E-02 2.2608990E-02 2.1246474E-02 1.9702153E-02 1.7972715E-02 1.6055170E-02 1.3947545E-02 1.1648284E-02 9.1567924E-03 6.4732800E-03 3.5991950E-03 5.3680851E-04 -2.7098460E-03 -6.1354949E-03 -9.7330548E-03 -1.3493950E-02 -1.7407153E-02 -2.1460315E-02 -2.5638409E-02 -2.9924972E-02 -3.4301132E-02 -3.8747497E-02 -4.3242190E-02 -4.7765885E-02 -5.2311696E-02 -5.6888353E-02 -6.1419364E-02 -6.5830030E-02 -7.0125565E-02 -7.4304372E-02 -7.8350537E-02 -8.2245193E-02 -8.5972823E-02 -8.9518078E-02 -9.2868961E-02 -9.6014172E-02
1.9109095E-02 2.0042017E-02 2.0991230E-02 2.1951869E-02 2.2917192E-02 2.3880513E-02 2.4833027E-02 2.5766596E-02 2.6670052E-02 2.7532849E-02 2.8326388E-02 2.9038578E-02 2.9700162E-02 3.0287314E-02 3.0776344E-02 3.1155225E-02 3.1412385E-02 3.1537306E-02 3.1519953E-02 3.1350788E-02 3.1021081E-02 3.0522827E-02 2.9848577E-02 2.8991470E-02 2.7945280E-02 2.6704308E-02 2.5263319E-02 2.3617806E-02 2.1763612E-02 1.9697119E-02 1.7415442E-02 1.4916516E-02 1.2198853E-02 9.2621725E-03 6.1071073E-03 2.7357775E-03 -8.4845815E-04 -4.6399832E-03 -8.6318757E-03 -1.2814545E-02 -1.7176541E-02 -2.1703536E-02 -2.6379323E-02 -3.1184211E-02 -3.6097411E-02 -4.1094989E-02 -4.6151862E-02 -5.1237922E-02 -5.6308083E-02 -6.1298277E-02 -6.6235743E-02 -7.1146898E-02 -7.5975493E-02 -8.0676250E-02 -8.5222334E-02 -8.9593671E-02 -9.3770847E-02 -9.7738206E-02 -0.1014811 -0.1049886
2.1098545E-02 2.2174761E-02 2.3275772E-02 2.4395447E-02 2.5527412E-02 2.6662949E-02 2.7793527E-02 2.8907800E-02 2.9995630E-02 3.1044798E-02 3.2060523E-02 3.3029184E-02 3.3891119E-02 3.4644157E-02 3.5287339E-02 3.5807818E-02 3.6192656E-02 3.6429454E-02 3.6506787E-02 3.6413733E-02 3.6140401E-02 3.5677757E-02 3.5017420E-02 3.4151625E-02 3.3073358E-02 3.1776052E-02 3.0253781E-02 2.8501133E-02 2.6513206E-02 2.4285361E-02 2.1813922E-02 1.9095751E-02 1.6128600E-02 1.2911059E-02 9.4432030E-03 5.7260511E-03 1.7628132E-03 -2.4416135E-03 -6.8797902E-03 -1.1542201E-02 -1.6415888E-02 -2.1485658E-02 -2.6732532E-02 -3.2134917E-02 -3.7667610E-02 -4.3303881E-02 -4.9013421E-02 -5.4768149E-02 -6.0553901E-02 -6.6373937E-02 -7.2134912E-02 -7.7745833E-02 -8.3206639E-02 -8.8510230E-02 -9.3634039E-02 -9.8552942E-02 -0.1032467 -0.1076962 -0.1118868 -0.1158054
2.3271034E-02 2.4512120E-02 2.5787825E-02 2.7092550E-02 2.8418202E-02 2.9756341E-02 3.1095579E-02 3.2424886E-02 3.3729270E-02 3.4994159E-02 3.6184154E-02 3.7282448E-02 3.8321242E-02 3.9270248E-02 4.0099412E-02 4.0792219E-02 4.1332930E-02 4.1707356E-02 4.1902281E-02 4.1905303E-02 4.1705251E-02 4.1292049E-02 4.0656224E-02 3.9789166E-02 3.8682915E-02 3.7330210E-02 3.5724118E-02 3.3858474E-02 3.1727258E-02 2.9324880E-02 2.6646443E-02 2.3687724E-02 2.0445086E-02 1.6916107E-02 1.3099389E-02 8.9952322E-03 4.6054660E-03 -6.5157656E-05 -5.0099511E-03 -1.0218582E-02 -1.5677925E-02 -2.1370582E-02 -2.7276028E-02 -3.3368655E-02 -3.9620247E-02 -4.5997914E-02 -5.2466318E-02 -5.8983624E-02 -6.5490246E-02 -7.1904801E-02 -7.8250207E-02 -8.4548950E-02 -9.0729445E-02 -9.6733548E-02 -0.1025252 -0.1080773 -0.1133648 -0.1183680 -0.1230695 -0.1274569
2.5647463E-02 2.7077535E-02 2.8555674E-02 3.0074885E-02 3.1627636E-02 3.3202965E-02 3.4789633E-02 3.6372606E-02 3.7937596E-02 3.9467469E-02 4.0964935E-02 4.2410579E-02 4.3731928E-02 4.4922687E-02 4.5978211E-02 4.6880364E-02 4.7611415E-02 4.8154630E-02 4.8494883E-02 4.8618164E-02 4.8511941E-02 4.8164930E-02 4.7566611E-02 4.6707474E-02 4.5578834E-02 4.4172421E-02 4.2480573E-02 4.0495954E-02 3.8211592E-02 3.5620477E-02 3.2716479E-02 2.9493695E-02 2.5947107E-02 2.2072364E-02 1.7866818E-02 1.3328693E-02 8.4589357E-03 3.2606130E-03 -2.2597262E-03 -8.0924369E-03 -1.4223141E-02 -2.0633731E-02 -2.7300294E-02 -3.4194656E-02 -4.1282713E-02 -4.8527095E-02 -5.5884778E-02 -6.3314319E-02 -7.0789404E-02 -7.8303471E-02 -8.5738569E-02 -9.2979982E-02 -0.1000187 -0.1068390 -0.1134084 -0.1196932 -0.1256669 -0.1313060 -0.1365934 -0.1415147
2.8244255E-02 2.9892175E-02 3.1603981E-02 3.3373587E-02 3.5191499E-02 3.7047092E-02 3.8925663E-02 4.0812079E-02 4.2685803E-02 4.4526212E-02 4.6288129E-02 4.7947340E-02 4.9536340E-02 5.1015269E-02 5.2344926E-02 5.3502142E-02 5.4465305E-02 5.5215236E-02 5.5734485E-02 5.6007292E-02 5.6019634E-02 5.5759028E-02 5.5214096E-02 5.4374464E-02 5.3230584E-02 5.1773455E-02 4.9994405E-02 4.7885112E-02 4.5437198E-02 4.2642351E-02 3.9492510E-02 3.5980210E-02 3.2098051E-02 2.7839905E-02 2.3200404E-02 1.8175988E-02 1.2764969E-02 6.9691683E-03 7.9323078E-04 -5.7532685E-03 -1.2656423E-02 -1.9896038E-02 -2.7446525E-02 -3.5274580E-02 -4.3341774E-02 -5.1602032E-02 -6.0004491E-02 -6.8489134E-02 -7.6974280E-02 -8.5352376E-02 -9.3636543E-02 -0.1018401 -0.1098690 -0.1176461 -0.1251222 -0.1322602 -0.1390279 -0.1454012 -0.1513602 -0.1568923
3.1086031E-02 3.2984182E-02 3.4967318E-02 3.7028279E-02 3.9158300E-02 4.1343998E-02 4.3570612E-02 4.5817837E-02 4.8065156E-02 5.0287917E-02 5.2483916E-02 5.4624572E-02 5.6618951E-02 5.8453832E-02 6.0118221E-02 6.1586108E-02 6.2832646E-02 6.3835405E-02 6.4574406E-02 6.5031946E-02 6.5192595E-02 6.5042861E-02 6.4570479E-02 6.3764416E-02 6.2614441E-02 6.1110791E-02 5.9243921E-02 5.7004314E-02 5.4382272E-02 5.1367640E-02 4.7950480E-02 4.4120774E-02 3.9868772E-02 3.5185151E-02 3.0061871E-02 2.4491839E-02 1.8470800E-02 1.1997228E-02 5.0740782E-03 -2.2911935E-03 -1.0084349E-02 -1.8285193E-02 -2.6864605E-02 -3.5785943E-02 -4.5002952E-02 -5.4462396E-02 -6.4101987E-02 -7.3858649E-02 -8.3685458E-02 -9.3557723E-02 -0.1033204 -0.1128232 -0.1220413 -0.1309443 -0.1394851 -0.1476182 -0.1553094 -0.1625304 -0.1692629 -0.1754930
3.4191936E-02 3.6378786E-02 3.8676068E-02 4.1078188E-02 4.3574553E-02 4.6152368E-02 4.8792575E-02 5.1474165E-02 5.4168388E-02 5.6845125E-02 5.9444029E-02 6.1929006E-02 6.4330466E-02 6.6593878E-02 6.8665914E-02 7.0513248E-02 7.2105743E-02 7.3417373E-02 7.4425377E-02 7.5110100E-02 7.5454816E-02 7.5445227E-02 7.5068466E-02 7.4313022E-02 7.3168226E-02 7.1623877E-02 6.9669440E-02 6.7294352E-02 6.4487234E-02 6.1236117E-02 5.7528384E-02 5.3351376E-02 4.8691746E-02 4.3536775E-02 3.7873961E-02 3.1692438E-02 2.4983078E-02 1.7740903E-02 9.9646281E-03 1.6596750E-03 -7.1621151E-03 -1.6479393E-02 -2.6261900E-02 -3.6466960E-02 -4.7042176E-02 -5.7921931E-02 -6.9031395E-02 -8.0281414E-02 -9.1554619E-02 -0.1027019 -0.1137166 -0.1245934 -0.1352028 -0.1454389 -0.1552325 -0.1645333 -0.1732998 -0.1815045 -0.1891271 -0.1961577
3.7589993E-02 4.0108889E-02 4.2771619E-02 4.5572128E-02 4.8501488E-02 5.1543921E-02 5.4680288E-02 5.7882804E-02 6.1121594E-02 6.4359918E-02 6.7586251E-02 7.0756510E-02 7.3751837E-02 7.6546572E-02 7.9118788E-02 8.1430018E-02 8.3445363E-02 8.5134208E-02 8.6470798E-02 8.7433688E-02 8.8005193E-02 8.8170461E-02 8.7916553E-02 8.7232083E-02 8.6106345E-02 8.4528677E-02 8.2488053E-02 7.9972632E-02 7.6969527E-02 7.3464282E-02 6.9441542E-02 6.4884849E-02 5.9777007E-02 5.4100089E-02 4.7836702E-02 4.0969722E-02 3.3484712E-02 2.5370123E-02 1.6620023E-02 7.2343508E-03 -2.7771806E-03 -1.3395492E-02 -2.4587570E-02 -3.6307346E-02 -4.8492044E-02 -6.1065357E-02 -7.3934749E-02 -8.7001763E-02 -0.1001835 -0.1134214 -0.1265011 -0.1392152 -0.1515106 -0.1633321 -0.1746103 -0.1852835 -0.1953087 -0.2046549 -0.2133057 -0.2212531
4.1301332E-02 4.4203330E-02 4.7289766E-02 5.0557859E-02 5.3997658E-02 5.7594772E-02 6.1325010E-02 6.5159202E-02 6.9056049E-02 7.2969735E-02 7.6815858E-02 8.0537796E-02 8.4158592E-02 8.7599516E-02 9.0784706E-02 9.3664795E-02 9.6197084E-02 9.8346248E-02 0.1000834 0.1013855 0.1022344 0.1026156 0.1025168 0.1019274 0.1008371 9.9235617E-02 9.7111292E-02 9.4451442E-02 9.1241181E-02 8.7463714E-02 8.3099931E-02 7.8129351E-02 7.2529189E-02 6.6275850E-02 5.9344433E-02 5.1710814E-02 4.3351844E-02 3.4248468E-02 2.4385879E-02 1.3757824E-02 2.3673754E-03 -9.7683975E-03 -2.2617809E-02 -3.6128648E-02 -5.0230466E-02 -6.4829528E-02 -7.9813369E-02 -9.5045015E-02 -0.1103476 -0.1255025 -0.1404626 -0.1551846 -0.1694812 -0.1832002 -0.1962418 -0.2085377 -0.2200377 -0.2307138 -0.2405514 -0.2495512
4.5356136E-02 4.8698246E-02 5.2277617E-02 5.6092784E-02 6.0137611E-02 6.4395308E-02 6.8842091E-02 7.3439948E-02 7.8144290E-02 8.2898177E-02 8.7672271E-02 9.2395402E-02 9.6904010E-02 0.1011497 0.1050909 0.1086690 0.1118338 0.1145441 0.1167682 0.1184822 0.1196683 0.1203135 0.1204073 0.1199409 0.1189056 0.1172915 0.1150875 0.1122796 0.1088515 0.1047829 0.1000513 9.4630398E-02 8.8491350E-02 8.1602417E-02 7.3930301E-02 6.5440312E-02 5.6099135E-02 4.5875613E-02 3.4744363E-02 2.2687497E-02 9.6998997E-03 -4.2088563E-03 -1.9007899E-02 -3.4643561E-02 -5.1033452E-02 -6.8068422E-02 -8.5608877E-02 -0.1034975 -0.1215870 -0.1397548 -0.1576861 -0.1750778 -0.1918232 -0.2078231 -0.2229734 -0.2371911 -0.2504264 -0.2626516 -0.2738625 -0.2840681
4.9773682E-02 5.3622242E-02 5.7772420E-02 6.2229730E-02 6.6989273E-02 7.2037995E-02 7.7346884E-02 8.2875825E-02 8.8563882E-02 9.4338998E-02 0.1000761 0.1056819 0.1111613 0.1163938 0.1212657 0.1257016 0.1296398 0.1330332 0.1358475 0.1380589 0.1396520 0.1406168 0.1409465 0.1406354 0.1396773 0.1380644 0.1357857 0.1328273 0.1291705 0.1247922 0.1196647 0.1137559 0.1070284 9.9441439E-02 9.0949878E-02 8.1506930E-02 7.1064115E-02 5.9575725E-02 4.6999544E-02 3.3303142E-02 1.8466264E-02 2.4888432E-03 -1.4605944E-02 -3.2761727E-02 -5.1888742E-02 -7.1855143E-02 -9.2491329E-02 -0.1135817 -0.1348480 -0.1559505 -0.1767599 -0.1971558 -0.2168481 -0.2356066 -0.2532839 -0.2697887 -0.2850664 -0.2991005 -0.3118975 -0.3234857
5.4581292E-02 5.9009094E-02 6.3821130E-02 6.9028519E-02 7.4634641E-02 8.0626667E-02 8.6977780E-02 9.3636550E-02 0.1005355 0.1075833 0.1147171 0.1218166 0.1286429 0.1351053 0.1411265 0.1466148 0.1514972 0.1557196 0.1592460 0.1620551 0.1641359 0.1654839 0.1660984 0.1659788 0.1651232 0.1635269 0.1611805 0.1580697 0.1541743 0.1494672 0.1439157 0.1374797 0.1301128 0.1217618 0.1123682 0.1018680 9.0195060E-02 7.7282384E-02 6.3067064E-02 4.7493752E-02 3.0523097E-02 1.2136146E-02 -7.6535163E-03 -2.8794819E-02 -5.1187746E-02 -7.4682310E-02 -9.9070884E-02 -0.1241023 -0.1495180 -0.1750753 -0.2002790 -0.2246527 -0.2479829 -0.2700891 -0.2908105 -0.3100388 -0.3277270 -0.3438700 -0.3584999 -0.3716673
5.9787281E-02 6.4876974E-02 7.0451036E-02 7.6534383E-02 8.3137147E-02 9.0255469E-02 9.7858422E-02 0.1058917 0.1142636 0.1228569 0.1314773 0.1399655 0.1482893 0.1562553 0.1636856 0.1704609 0.1764906 0.1817141 0.1860950 0.1896169 0.1922768 0.1940796 0.1950332 0.1951453 0.1944203 0.1928582 0.1904520 0.1871881 0.1830443 0.1779903 0.1719863 0.1649839 0.1569249 0.1477424 0.1373598 0.1256936 0.1126529 9.8145410E-02 8.2078546E-02 6.4368732E-02 4.4946585E-02 2.3770239E-02 8.3295163E-04 -2.3819810E-02 -5.0085898E-02 -7.7791333E-02 -0.1066913 -0.1364558 -0.1666438 -0.1967067 -0.2263504 -0.2552904 -0.2830401 -0.3092240 -0.3336147 -0.3560949 -0.3766234 -0.3952257 -0.4119651 -0.4269339
6.5400489E-02 7.1239561E-02 7.7688836E-02 8.4786534E-02 9.2560053E-02 0.1010108 0.1101132 0.1197967 0.1299549 0.1404366 0.1511202 0.1618043 0.1721282 0.1819311 0.1910733 0.1994061 0.2068192 0.2132419 0.2186394 0.2230039 0.2263447 0.2286806 0.2300326 0.2304197 0.2298556 0.2283465 0.2258899 0.2224730 0.2180725 0.2126533 0.2061691 0.1985611 0.1897580 0.1796752 0.1682159 0.1552705 0.1407199 0.1244372 0.1062944 8.6168461E-02 6.3954458E-02 3.9576136E-02 1.3005594E-02 -1.5725220E-02 -4.6506919E-02 -7.9150081E-02 -0.1133733 -0.1488135 -0.1850621 -0.2216834 -0.2578604 -0.2927782 -0.3259894 -0.3571383 -0.3859591 -0.4123133 -0.4361870 -0.4576438 -0.4768057 -0.4938156
7.1387991E-02 7.8071684E-02 8.5514918E-02 9.3781196E-02 0.1029134 0.1129293 0.1237971 0.1354336 0.1476844 0.1603482 0.1731197 0.1857546 0.1981890 0.2101294 0.2212923 0.2314756 0.2405315 0.2483734 0.2549667 0.2603156 0.2644474 0.2674001 0.2692130 0.2699206 0.2695490 0.2681133 0.2656163 0.2620475 0.2573823 0.2515816 0.2445905 0.2363394 0.2267407 0.2156906 0.2030664 0.1887295 0.1725238 0.1542828 0.1338318 0.1110025 8.5643373E-02 5.7644606E-02 2.6954759E-02 -6.3913409E-03 -4.2269986E-02 -8.0460079E-02 -0.1206599 -0.1624643 -0.2052936 -0.2483416 -0.2910421 -0.3327571 -0.3725569 -0.4097307 -0.4438755 -0.4748357 -0.5026261 -0.5273844 -0.5493059 -0.5686178
7.7685624E-02 8.5308485E-02 9.3872383E-02 0.1034652 0.1141584 0.1259762 0.1388807 0.1527330 0.1673087 0.1823160 0.1975597 0.2128134 0.2276567 0.2419066 0.2553281 0.2676309 0.2785921 0.2880831 0.2960615 0.3025442 0.3075816 0.3112375 0.3135750 0.3146492 0.3145020 0.3131600 0.3106332 0.3069143 0.3019781 0.2957803 0.2882583 0.2793285 0.2688863 0.2568041 0.2429315 0.2270928 0.2090914 0.1887102 0.1657231 0.1399054 0.1110612 7.9049893E-02 4.3829486E-02 5.4811593E-03 -3.5778411E-02 -7.9647057E-02 -0.1257990 -0.1739516 -0.2238518 -0.2751241 -0.3265691 -0.3766932 -0.4243980 -0.4687899 -0.5092896 -0.5456781 -0.5780267 -0.6065655 -0.6316102 -0.6534897
8.4110238E-02 9.2768252E-02 0.1025741 0.1136550 0.1261036 0.1399525 0.1551069 0.1713070 0.1880934 0.2049432 0.2214037 0.2374938 0.2536770 0.2698257 0.2854570 0.3000329 0.3131220 0.3244826 0.3340337 0.3417993 0.3478563 0.3523004 0.3552248 0.3567103 0.3568181 0.3555897 0.3530436 0.3491771 0.3439643 0.3373567 0.3292815 0.3196416 0.3083118 0.2951394 0.2799397 0.2624984 0.2425681 0.2198778 0.1941387 0.1650715 0.1324378 9.6105762E-02 5.6113631E-02 1.2748991E-02 -3.3459254E-02 -8.1858575E-02 -0.1319740 -0.1837685 -0.2375491 -0.2933921 -0.3511088 -0.4094193 -0.4659775 -0.5187978 -0.5667512 -0.6094656 -0.6470482 -0.6798731 -0.7084040 -0.7331214
