T4-twomodels-1/gz/model30.grd
DSAA
         100         100
  -15.00000       15.00000    
  -15.00000       15.00000    
  -1.702740       2.745274    
[rows 26 to 51 of 100, columns 0 to 59 of 100]
9.0321429E-02 0.1000988 0.1112639 0.1239774 0.1383625 0.1544187 0.1719243 0.1902586 0.2083407 0.2248656 0.2394034 0.2530949 0.2675820 0.2837423 0.3008467 0.3175748 0.3329162 0.3463292 0.3576244 0.3668119 0.3739946 0.3793057 0.3828744 0.3848118 0.3852031 0.3841062 0.3815510 0.3775394 0.3720465 0.3650178 0.3563718 0.3459942 0.3337399 0.3194256 0.3028322 0.2836978 0.2617231 0.2365719 0.2078939 0.1753516 0.1386946 9.7860254E-02 5.3147390E-02 5.3854659E-03 -4.3965690E-02 -9.3081482E-02 -0.1405555 -0.1866213 -0.2339203 -0.2865231 -0.3461426 -0.4106845 -0.4760437 -0.5381857 -0.5946590 -0.6445918 -0.6880928 -0.7256918 -0.7580644 -0.7858663
9.5631398E-02 0.1066052 0.1192226 0.1336979 0.1501545 0.1685332 0.1882888 0.2080069 0.2247992 0.2345582 0.2347782 0.2306093 0.2322318 0.2429272 0.2594298 0.2777468 0.2953107 0.3108988 0.3240767 0.3348039 0.3432033 0.3494486 0.3537103 0.3561341 0.3568325 0.3558828 0.3533270 0.3491738 0.3433978 0.3359409 0.3267092 0.3155738 0.3023642 0.2868687 0.2688259 0.2479274 0.2238114 0.1960791 0.1643092 0.1281229 8.7286018E-02 4.1928772E-02 -7.1217073E-03 -5.7842467E-02 -0.1065891 -0.1481939 -0.1774866 -0.1925786 -0.1989521 -0.2108663 -0.2442854 -0.3018600 -0.3723646 -0.4437996 -0.5095984 -0.5675640 -0.6175947 -0.6604158 -0.6969329 -0.7280415
9.9026792E-02 0.1112579 0.1253922 0.1417289 0.1603409 0.1810879 0.2028126 0.2226034 0.2333091 0.2219785 0.1756154 0.1117001 7.2008923E-02 6.5554239E-02 7.7693254E-02 9.6602581E-02 0.1162150 0.1340361 0.1491918 0.1615464 0.1712306 0.1784599 0.1834516 0.1863869 0.1874114 0.1866196 0.1840713 0.1797779 0.1737192 0.1658278 0.1560027 0.1440941 0.1299104 0.1132040 9.3674980E-02 7.0959516E-02 4.4636521E-02 1.4234451E-02 -2.0731498E-02 -6.0676854E-02 -0.1057670 -0.1555573 -0.2083284 -0.2600105 -0.3027865 -0.3241835 -0.3081915 -0.2406055 -0.1213209 1.1117314E-02 8.5024953E-02 7.2728239E-02 8.0974540E-03 -7.0966102E-02 -0.1464646 -0.2130766 -0.2701150 -0.3185078 -0.3594005 -0.3939834
9.9812686E-02 0.1134116 0.1290129 0.1473664 0.1680580 0.1913146 0.2145444 0.2333449 0.2323024 0.1800013 2.2709947E-02 -0.1967523 -0.3308629 -0.3699162 -0.3662845 -0.3477125 -0.3262638 -0.3061871 -0.2890061 -0.2749746 -0.2639652 -0.2557240 -0.2499800 -0.2465185 -0.2451581 -0.2457825 -0.2483220 -0.2527477 -0.2590956 -0.2674141 -0.2778469 -0.2905222 -0.3057054 -0.3236187 -0.3446746 -0.3692100 -0.3978037 -0.4308911 -0.4691444 -0.5128655 -0.5622777 -0.6163386 -0.6723586 -0.7232409 -0.7553813 -0.7443877 -0.6541924 -0.4378827 -5.1870156E-02 0.4526240 0.8297583 0.9452910 0.9055634 0.8213881 0.7363683 0.6606132 0.5964268 0.5421281 0.4968451 0.4585816
9.9895753E-02 0.1149014 0.1319360 0.1523593 0.1750832 0.2009094 0.2255024 0.2431395 0.2289724 0.1305978 -0.1573756 -0.5634174 -0.8077872 -0.8833168 -0.8891490 -0.8711028 -0.8478683 -0.8255320 -0.8063183 -0.7906017 -0.7782593 -0.7690017 -0.7625006 -0.7585092 -0.7568110 -0.7572637 -0.7597944 -0.7643473 -0.7709863 -0.7797247 -0.7907696 -0.8042028 -0.8203923 -0.8395023 -0.8620959 -0.8884400 -0.9193206 -0.9550812 -0.9966453 -1.044127 -1.097882 -1.156159 -1.215347 -1.265051 -1.285619 -1.239614 -1.068709 -0.6873344 5.1896092E-03 0.9540897 1.698825 1.968137 1.958710 1.870036 1.775607 1.690584 1.619271 1.558976 1.509338 1.467330
0.1021554 0.1184511 0.1369954 0.1593292 0.1841969 0.2124262 0.2388127 0.2560001 0.2333666 0.1058301 -0.2521474 -0.7514878 -1.056880 -1.155911 -1.167892 -1.149678 -1.124486 -1.099906 -1.078690 -1.061321 -1.047673 -1.037416 -1.030172 -1.025659 -1.023626 -1.023913 -1.026430 -1.031115 -1.038032 -1.047197 -1.058832 -1.073031 -1.090194 -1.110508 -1.134592 -1.162751 -1.195850 -1.234286 -1.279068 -1.330316 -1.388334 -1.450969 -1.513631 -1.563488 -1.575927 -1.504271 -1.275482 -0.7840426 8.8385448E-02 1.262496 2.182400 2.526533 2.530282 2.435039 2.330939 2.237076 2.158664 2.092677 2.038638 1.993093
0.1066896 0.1242001 0.1442221 0.1683525 0.1953280 0.2258955 0.2544337 0.2725198 0.2469324 0.1080259 -0.2736309 -0.8025092 -1.129172 -1.237493 -1.251397 -1.231958 -1.204602 -1.177818 -1.154675 -1.135727 -1.120830 -1.109614 -1.101657 -1.096641 -1.094287 -1.094414 -1.096920 -1.101736 -1.108925 -1.118509 -1.130719 -1.145668 -1.163779 -1.185270 -1.210802 -1.240728 -1.275978 -1.317011 -1.364910 -1.419830 -1.482040 -1.549145 -1.615885 -1.667906 -1.677682 -1.593808 -1.337240 -0.7976470 0.1414975 1.385323 2.353440 2.715264 2.717138 2.613081 2.499471 2.397329 2.312197 2.240860 2.182593 2.133690
0.1124342 0.1310862 0.1524989 0.1783062 0.2072694 0.2400885 0.2709552 0.2909397 0.2658574 0.1247497 -0.2621852 -0.7975114 -1.128936 -1.238857 -1.251924 -1.230503 -1.200888 -1.171997 -1.147051 -1.126629 -1.110566 -1.098450 -1.089822 -1.084333 -1.081676 -1.081655 -1.084153 -1.089100 -1.096554 -1.106544 -1.119312 -1.134986 -1.154010 -1.176636 -1.203557 -1.235179 -1.272483 -1.315998 -1.366866 -1.425301 -1.491569 -1.563166 -1.634472 -1.690374 -1.701999 -1.616117 -1.351984 -0.7990923 0.1562033 1.413058 2.386349 2.745274 2.739225 2.625742 2.503285 2.393620 2.302347 2.226084 2.163878 2.111828
0.1185512 0.1382615 0.1609511 0.1882947 0.2190752 0.2539920 0.2871542 0.3094445 0.2863298 0.1464884 -0.2401118 -0.7755720 -1.106491 -1.215013 -1.226057 -1.202373 -1.170569 -1.139731 -1.113141 -1.091378 -1.074248 -1.061307 -1.052061 -1.046135 -1.043200 -1.043044 -1.045541 -1.050616 -1.058327 -1.068709 -1.082011 -1.098378 -1.118275 -1.141978 -1.170219 -1.203442 -1.242684 -1.288527 -1.342182 -1.403914 -1.474026 -1.549984 -1.626030 -1.686737 -1.702740 -1.620227 -1.358126 -0.8062479 0.1479940 1.402522 2.370832 2.722016 2.706985 2.584702 2.454402 2.338097 2.241362 2.160657 2.094864 2.039913
0.1245847 0.1452566 0.1691006 0.1978188 0.2302244 0.2670208 0.3023006 0.3268678 0.3060810 0.1684887 -0.2158535 -0.7489651 -1.077664 -1.183944 -1.192706 -1.166826 -1.133026 -1.100451 -1.072401 -1.049443 -1.031358 -1.017673 -1.007869 -1.001547 -0.9983609 -0.9980866 -1.000590 -1.005790 -1.013749 -1.024503 -1.038313 -1.055336 -1.076056 -1.100774 -1.130250 -1.164968 -1.206009 -1.254008 -1.310231 -1.375000 -1.448664 -1.528707 -1.609341 -1.675048 -1.696309 -1.619163 -1.362494 -0.8162959 0.1315536 1.378378 2.338118 2.680699 2.657369 2.527441 2.390412 2.268389 2.166886 2.082257 2.013247 1.955671
0.1302913 0.1518268 0.1766948 0.2066253 0.2404492 0.2788871 0.3160222 0.3426389 0.3240356 0.1887027 -0.1934845 -0.7245804 -1.051098 -1.155156 -1.161796 -1.133960 -1.098417 -1.064336 -1.035017 -1.011015 -0.9920899 -0.9777470 -0.9674470 -0.9607727 -0.9573647 -0.9569886 -0.9595041 -0.9648283 -0.9730228 -0.9841300 -0.9984177 -1.016055 -1.037543 -1.063203 -1.093824 -1.129920 -1.172610 -1.222575 -1.281129 -1.348645 -1.425518 -1.509266 -1.594118 -1.664541 -1.690984 -1.619441 -1.368784 -0.8290001 0.1121377 1.352283 2.305141 2.640506 2.610162 2.473823 2.331151 2.204277 2.098681 2.010631 1.938784 1.878860
0.1355711 0.1578698 0.1836366 0.2146173 0.2496624 0.2894988 0.3282157 0.3565783 0.3398675 0.2065322 -0.1734761 -0.7022507 -1.026652 -1.128758 -1.133574 -1.104076 -1.067056 -1.031695 -1.001294 -0.9763928 -0.9567404 -0.9418242 -0.9310902 -0.9241077 -0.9205074 -0.9200467 -0.9225810 -0.9280254 -0.9364432 -0.9478806 -0.9626130 -0.9808204 -1.003018 -1.029545 -1.061212 -1.098563 -1.142747 -1.194483 -1.255123 -1.325083 -1.404799 -1.491825 -1.580412 -1.655040 -1.686146 -1.619712 -1.374575 -0.8406984 9.4102234E-02 1.327340 2.273274 2.602281 2.566123 2.424512 2.277161 2.146224 2.037148 1.946152 1.871828 1.809835
0.1403716 0.1633394 0.1898836 0.2217664 0.2578461 0.2988608 0.3388957 0.3687134 0.3535670 0.2218793 -0.1565480 -0.6838532 -1.006655 -1.107150 -1.110457 -1.079582 -1.041336 -1.004906 -0.9735917 -0.9479284 -0.9276539 -0.9122446 -0.9011362 -0.8938885 -0.8901241 -0.8895952 -0.8921536 -0.8977141 -0.9063412 -0.9180849 -0.9332275 -0.9519576 -0.9748029 -1.002119 -1.034734 -1.073214 -1.118736 -1.172046 -1.234529 -1.306636 -1.388831 -1.478699 -1.570514 -1.648761 -1.683880 -1.621827 -1.381405 -0.8524987 7.7271789E-02 1.305773 2.247033 2.571204 2.530368 2.384457 2.233260 2.098939 1.986933 1.893421 1.816959 1.753155
0.1446894 0.1682357 0.1954482 0.2280955 0.2650465 0.3070398 0.3481646 0.3791707 0.3653055 0.2349688 -0.1419574 -0.6676386 -0.9889924 -1.088174 -1.090253 -1.058254 -1.019000 -0.9816858 -0.9496111 -0.9233077 -0.9025074 -0.8866798 -0.8752524 -0.8677792 -0.8638769 -0.8632950 -0.8658822 -0.8715535 -0.8803745 -0.8923995 -0.9079159 -0.9271211 -0.9505517 -0.9785773 -1.012041 -1.051528 -1.098233 -1.152928 -1.217022 -1.290989 -1.375319 -1.467617 -1.562170 -1.643473 -1.681953 -1.623554 -1.387036 -0.8622476 6.3159361E-02 1.286913 2.223482 2.543453 2.498805 2.349406 2.195057 2.057937 1.943474 1.847833 1.769536 1.704169
0.1485223 0.1725660 0.2003456 0.2336381 0.2713139 0.3141175 0.3561321 0.3881070 0.3752705 0.2460071 -0.1299236 -0.6547143 -0.9750533 -1.073189 -1.074280 -1.041372 -1.001297 -0.9632579 -0.9305552 -0.9037195 -0.8824795 -0.8663001 -0.8546044 -0.8469421 -0.8429265 -0.8423042 -0.8449233 -0.8506986 -0.8596976 -0.8719780 -0.8878316 -0.9074627 -0.9314172 -0.9600739 -0.9942896 -1.034662 -1.082404 -1.138303 -1.203789 -1.279351 -1.365499 -1.459849 -1.556700 -1.640544 -1.681805 -1.626400 -1.393061 -0.8715721 5.0572727E-02 1.271384 2.205074 2.521973 2.474294 2.322068 2.165148 2.025719 1.909212 1.811777 1.731924 1.665213
0.1518918 0.1763572 0.2046155 0.2384454 0.2767228 0.3201895 0.3629304 0.3956848 0.3836796 0.2552862 -0.1196535 -0.6433458 -0.9627393 -1.060032 -1.060332 -1.026692 -0.9859545 -0.9473246 -0.9141074 -0.8868330 -0.8652289 -0.8487572 -0.8368384 -0.8290198 -0.8249121 -0.8242610 -0.8269134 -0.8327849 -0.8419449 -0.8544539 -0.8706080 -0.8906169 -0.9150330 -0.9442447 -0.9791173 -1.020261 -1.068900 -1.125836 -1.192510 -1.269427 -1.357105 -1.453173 -1.551930 -1.637869 -1.681403 -1.628435 -1.397666 -0.8788622 4.0430669E-02 1.258067 2.188621 2.502783 2.452636 2.298129 2.139113 1.997791 1.879590 1.780658 1.699491 1.631640
0.1548077 0.1796282 0.2082849 0.2425606 0.2813303 0.3253386 0.3686649 0.4020484 0.3907019 0.2629885 -0.1113548 -0.6345509 -0.9533272 -1.049959 -1.049630 -1.015405 -0.9741345 -0.9350278 -0.9013928 -0.8737603 -0.8518577 -0.8351460 -0.8230442 -0.8150977 -0.8109168 -0.8102455 -0.8129316 -0.8188908 -0.8281943 -0.8409048 -0.8573223 -0.8776609 -0.9024791 -0.9321710 -0.9676108 -1.009416 -1.058822 -1.116637 -1.184314 -1.262367 -1.351323 -1.448811 -1.549135 -1.636784 -1.682164 -1.631158 -1.402450 -0.8857595 3.1492952E-02 1.247395 2.176257 2.488504 2.436414 2.280070 2.119361 1.976493 1.856900 1.756728 1.674466 1.605655
0.1572952 0.1824092 0.2113945 0.2460334 0.2852042 0.3296477 0.3734449 0.4073267 0.3965079 0.2693431 -0.1043475 -0.6267928 -0.9449561 -1.041059 -1.040232 -1.005543 -0.9638481 -0.9243600 -0.8903894 -0.8624686 -0.8403244 -0.8234183 -0.8111684 -0.8031192 -0.7988807 -0.7981966 -0.8009147 -0.8069519 -0.8163804 -0.8292656 -0.8459100 -0.8665315 -0.8916929 -0.9217939 -0.9577140 -1.000078 -1.050128 -1.108679 -1.177191 -1.256184 -1.346188 -1.444838 -1.546435 -1.635466 -1.682327 -1.632892 -1.405825 -0.8908420 2.4571549E-02 1.238339 2.165088 2.475559 2.421893 2.264083 2.102011 1.957895 1.837170 1.735982 1.652817 1.583211
0.1593648 0.1847182 0.2139682 0.2489002 0.2883901 0.3331809 0.3773484 0.4116249 0.4012143 0.2744669 -9.8892055E-02 -0.6211009 -0.9389102 -1.034609 -1.033394 -0.9983418 -0.9563131 -0.9165247 -0.8822886 -0.8541387 -0.8318027 -0.8147419 -0.8023742 -0.7942442 -0.7899613 -0.7892694 -0.7920172 -0.7981217 -0.8076568 -0.8206894 -0.8375244 -0.8583827 -0.8838309 -0.9142722 -0.9505913 -0.9934170 -1.043996 -1.103150 -1.172343 -1.252098 -1.342950 -1.442532 -1.545147 -1.635276 -1.683310 -1.635112 -1.409333 -0.8956573 1.8534763E-02 1.231371 2.157216 2.466545 2.411670 2.252702 2.089552 1.944441 1.822811 1.720805 1.636910 1.566657
0.1610387 0.1865805 0.2160397 0.2512000 0.2909399 0.3359985 0.3804538 0.4150313 0.4049385 0.2785214 -9.4413191E-02 -0.6161053 -0.9335251 -1.028908 -1.027395 -0.9920652 -0.9497804 -0.9097604 -0.8753195 -0.8469924 -0.8245076 -0.8073267 -0.7948680 -0.7866760 -0.7823598 -0.7816641 -0.7844374 -0.7905980 -0.8002207 -0.8133735 -0.8303636 -0.8514143 -0.8770938 -0.9078096 -0.9444489 -0.9876448 -1.038647 -1.098281 -1.168013 -1.248370 -1.339887 -1.440199 -1.543607 -1.634589 -1.683530 -1.636286 -1.411499 -0.8988563 1.4189444E-02 1.225599 2.150027 2.458237 2.402403 2.242543 2.078557 1.932674 1.810336 1.707690 1.623219 1.552455
0.1623237 0.1880088 0.2176246 0.2529575 0.2928828 0.3381426 0.3828097 0.4176126 0.4077498 0.2815654 -9.1222249E-02 -0.6128591 -0.9301078 -1.025265 -1.023534 -0.9879991 -0.9455252 -0.9053337 -0.8707411 -0.8422822 -0.8196868 -0.8024166 -0.7898905 -0.7816525 -0.7773125 -0.7766151 -0.7794095 -0.7856144 -0.7953053 -0.8085514 -0.8256617 -0.8468602 -0.8727185 -0.9036448 -0.9405301 -0.9840083 -1.035333 -1.095332 -1.165473 -1.246284 -1.338302 -1.439162 -1.543162 -1.634779 -1.684395 -1.637857 -1.413802 -0.9018934 1.0509463E-02 1.221555 2.145634 2.453253 2.396737 2.236213 2.071607 1.925146 1.802279 1.699150 1.614246 1.543094
0.1632366 0.1890210 0.2187469 0.2541987 0.2942538 0.3396512 0.3844660 0.4194216 0.4097213 0.2837064 -8.8822156E-02 -0.6101105 -0.9271320 -1.022128 -1.020247 -0.9845712 -0.9419672 -0.9016581 -0.8669605 -0.8384107 -0.8157390 -0.7984073 -0.7858346 -0.7775654 -0.7732093 -0.7725115 -0.7753214 -0.7815582 -0.7912979 -0.8046107 -0.8218062 -0.8431101 -0.8690945 -0.9001703 -0.9372287 -0.9809064 -1.032458 -1.092712 -1.163139 -1.244268 -1.336634 -1.437875 -1.542287 -1.634344 -1.684424 -1.638374 -1.414824 -0.9034476 8.3194580E-03 1.218456 2.141630 2.448616 2.391604 2.230625 2.065587 1.918728 1.795492 1.692029 1.606822 1.535400
0.1637791 0.1896228 0.2194130 0.2549357 0.2950662 0.3405456 0.3854453 0.4204925 0.4108829 0.2849579 -8.7566808E-02 -0.6089407 -0.9259322 -1.020841 -1.018873 -0.9831145 -0.9404348 -0.9000568 -0.8652978 -0.8366948 -0.8139784 -0.7966107 -0.7840108 -0.7757232 -0.7713581 -0.7706604 -0.7734798 -0.7797357 -0.7895049 -0.8028578 -0.8201043 -0.8414709 -0.8675310 -0.8986952 -0.9358571 -0.9796532 -1.031339 -1.091745 -1.162342 -1.243657 -1.336231 -1.437695 -1.542348 -1.634663 -1.685016 -1.639251 -1.415995 -0.9049039 6.6722748E-03 1.216890 2.140154 2.446979 2.389702 2.228454 2.063166 1.916071 1.792620 1.688958 1.603573 1.531990
0.1639614 0.1898243 0.2196363 0.2551818 0.2953379 0.3408433 0.3857723 0.4208477 0.4112714 0.2853838 -8.7016985E-02 -0.6081783 -0.9250743 -1.019949 -1.017951 -0.9821666 -0.9394618 -0.8990610 -0.8642819 -0.8356614 -0.8129302 -0.7955506 -0.7829418 -0.7746482 -0.7702803 -0.7695826 -0.7724051 -0.7786677 -0.7884465 -0.8018128 -0.8190762 -0.8404639 -0.8665489 -0.8977429 -0.9349387 -0.9787744 -1.030505 -1.090961 -1.161613 -1.242992 -1.335633 -1.437172 -1.541904 -1.634304 -1.684747 -1.639076 -1.415918 -0.9049427 6.4201192E-03 1.216155 2.138932 2.445530 2.388144 2.226810 2.061438 1.914266 1.790742 1.687016 1.601570 1.529936
0.1637795 0.1896232 0.2194133 0.2549361 0.2950666 0.3405459 0.3854454 0.4204926 0.4108830 0.2849580 -8.7566614E-02 -0.6089406 -0.9259322 -1.020841 -1.018873 -0.9831147 -0.9404348 -0.9000571 -0.8652979 -0.8366950 -0.8139786 -0.7966109 -0.7840111 -0.7757235 -0.7713585 -0.7706608 -0.7734803 -0.7797363 -0.7895055 -0.8028582 -0.8201048 -0.8414713 -0.8675315 -0.8986957 -0.9358576 -0.9796535 -1.031340 -1.091746 -1.162342 -1.243658 -1.336231 -1.437696 -1.542349 -1.634663 -1.685017 -1.639251 -1.415995 -0.9049042 6.6720420E-03 1.216890 2.140154 2.446979 2.389702 2.228454 2.063166 1.916072 1.792620 1.688958 1.603573 1.531990
0.1632373 0.1890216 0.2187474 0.2541993 0.2942544 0.3396516 0.3844661 0.4194216 0.4097213 0.2837067 -8.8821895E-02 -0.6101102 -0.9271320 -1.022128 -1.020247 -0.9845713 -0.9419676 -0.9016584 -0.8669605 -0.8384109 -0.8157389 -0.7984076 -0.7858351 -0.7775657 -0.7732100 -0.7725122 -0.7753220 -0.7815589 -0.7912987 -0.8046115 -0.8218069 -0.8431107 -0.8690950 -0.9001707 -0.9372292 -0.9809070 -1.032458 -1.092713 -1.163139 -1.244268 -1.336635 -1.437876 -1.542287 -1.634344 -1.684424 -1.638374 -1.414824 -0.9034479 8.3189458E-03 1.218456 2.141630 2.448616 2.391603 2.230624 2.065588 1.918729 1.795493 1.692030 1.606822 1.535400
