T1-compare/1.0/model.grd
DSAA
          90          90
  -15.00000       15.00000    
  -15.00000       15.00000    
  0.5056110       90.28906    
[rows 56 to 83 of 90, columns 0 to 62 of 90]
1.273090 1.354442 1.443261 1.540156 1.646314 1.762557 1.890376 2.030908 2.186065 2.357402 2.547396 2.758190 2.993061 3.254987 3.548341 3.877315 4.247882 4.665983 5.139900 5.678201 6.292613 6.995670 7.804363 8.737425 9.820196 11.08151 12.56061 14.30390 16.37567 18.85489 21.84948 25.46759 29.68729 33.98785 37.72992 40.78859 43.25987 45.25447 46.85420 48.12435 49.10901 49.84439 50.35268 50.65223 50.75038 50.65223 50.35268 49.84439 49.10899 48.12436 46.85421 45.25447 43.25989 40.78860 37.72993 33.98785 29.68730 25.46760 21.84950 18.85490 16.37569 14.30391 12.56062
1.251734 1.330740 1.416797 1.510656 1.613237 1.725510 1.848658 1.983949 2.132923 2.297258 2.478978 2.680309 2.903946 3.152903 3.430799 3.741740 4.090677 4.483270 4.926372 5.427901 5.997462 6.646287 7.388044 8.238858 9.218467 10.35035 11.66335 13.19186 14.97771 17.06870 19.51448 22.33990 25.46759 28.62354 31.49450 33.95390 36.00871 37.70398 39.08600 40.19497 41.06254 41.71366 42.16625 42.43307 42.52111 42.43306 42.16625 41.71367 41.06254 40.19497 39.08601 37.70399 36.00873 33.95390 31.49450 28.62354 25.46760 22.33990 19.51449 17.06871 14.97772 13.19187 11.66336
1.229352 1.305883 1.389121 1.479794 1.578731 1.686861 1.805249 1.935099 2.077792 2.234899 2.408227 2.599839 2.812129 3.047842 3.310172 3.602805 3.930052 4.296916 4.709263 5.173943 5.699008 6.293896 6.969710 7.739461 8.618423 9.624339 10.77767 12.10141 13.62022 15.35729 17.32661 19.51448 21.84949 24.18935 26.37957 28.32818 30.00801 31.42623 32.60221 33.55757 34.31197 34.88188 35.27997 35.51527 35.59311 35.51527 35.27996 34.88187 34.31197 33.55758 32.60221 31.42623 30.00801 28.32819 26.37958 24.18935 21.84950 19.51449 17.32662 15.35729 13.62023 12.10142 10.77768
1.206048 1.280028 1.360376 1.447774 1.542985 1.646875 1.760415 1.884718 2.021037 2.170807 2.335658 2.517452 2.718331 2.940742 3.187499 3.461851 3.767534 4.108875 4.490863 4.919282 5.400799 5.943127 6.555109 7.246882 8.029900 8.916916 9.921687 11.05828 12.33943 13.77328 15.35729 17.06870 18.85490 20.63656 22.33039 23.87482 25.23878 26.41378 27.40376 28.21795 28.86693 29.36058 29.70713 29.91260 29.98068 29.91260 29.70713 29.36058 28.86693 28.21795 27.40376 26.41378 25.23878 23.87483 22.33039 20.63656 18.85490 17.06871 15.35729 13.77328 12.33943 11.05828 9.921691
1.181949 1.253320 1.330723 1.414787 1.506217 1.605805 1.714444 1.833143 1.963045 2.105440 2.261797 2.433778 2.623283 2.832471 3.063809 3.320108 3.604596 3.920938 4.273339 4.666580 5.106102 5.598053 6.149336 6.767585 7.461121 8.238679 9.108980 10.07981 11.15652 12.33943 13.62022 14.97771 16.37569 17.76561 19.09699 20.32924 21.43627 22.40536 23.23314 23.92158 24.47518 24.89914 25.19818 25.37605 25.43508 25.37605 25.19818 24.89913 24.47519 23.92158 23.23314 22.40536 21.43627 20.32924 19.09699 17.76562 16.37569 14.97772 13.62023 12.33943 11.15653 10.07982 9.108985
1.157173 1.225901 1.300323 1.381020 1.468634 1.563894 1.667611 1.780698 1.904185 2.039232 2.187145 2.349401 2.527669 2.723842 2.940051 3.178719 3.442577 3.734717 4.058612 4.418168 4.817728 5.262114 5.756557 6.306675 6.918272 7.597078 8.348209 9.175412 10.07981 11.05828 12.10142 13.19187 14.30391 15.40635 16.46721 17.45841 18.35951 19.15796 19.84761 20.42670 20.89606 21.25771 21.51397 21.66683 21.71763 21.66683 21.51397 21.25771 20.89606 20.42670 19.84761 19.15796 18.35951 17.45841 16.46721 15.40635 14.30391 13.19187 12.10142 11.05829 10.07982 9.175418 8.348214
1.131844 1.197906 1.269331 1.346646 1.430441 1.521375 1.620183 1.727688 1.844813 1.972589 2.112176 2.264871 2.432132 2.615597 2.817099 3.038694 3.282681 3.551619 3.848350 4.176006 4.538005 4.938035 5.379987 5.867855 6.405552 6.996610 7.643744 8.348213 9.108982 9.921691 10.77768 11.66336 12.56062 13.44798 14.30330 15.10707 15.84370 16.50230 17.07614 17.56181 17.95808 18.26507 18.48347 18.61411 18.65758 18.61411 18.48347 18.26507 17.95808 17.56181 17.07614 16.50230 15.84371 15.10707 14.30330 13.44798 12.56062 11.66336 10.77768 9.921693 9.108986 8.348215 7.643747
1.106075 1.169469 1.237895 1.311836 1.391827 1.478466 1.572411 1.674401 1.785255 1.905890 2.037321 2.180684 2.337241 2.508399 2.695718 2.900925 3.125931 3.372833 3.643922 3.941674 4.268728 4.627853 5.021865 5.453519 5.925328 6.439307 6.996609 7.597079 8.238680 8.916919 9.624340 10.35036 11.08152 11.80278 12.49891 13.15552 13.76064 14.30517 14.78281 15.18960 15.52336 15.78309 15.96851 16.07968 16.11672 16.07968 15.96851 15.78309 15.52336 15.18960 14.78282 14.30517 13.76065 13.15552 12.49891 11.80278 11.08152 10.35036 9.624340 8.916921 8.238683 7.597081 6.996611
1.079984 1.140717 1.206162 1.276755 1.352983 1.435379 1.524534 1.621107 1.725821 1.839482 1.962980 2.097295 2.243516 2.402838 2.576576 2.766170 2.973190 3.199333 3.446422 3.716382 4.011216 4.332958 4.683593 5.064943 5.478528 5.925330 6.405554 6.918277 7.461123 8.029907 8.618428 9.218475 9.820204 10.41249 10.98391 11.52398 12.02353 12.47516 12.87329 13.21402 13.49481 13.71414 13.87118 13.96552 13.99697 13.96552 13.87118 13.71414 13.49481 13.21402 12.87329 12.47516 12.02353 11.52398 10.98391 10.41249 9.820203 9.218474 8.618428 8.029907 7.461124 6.918277 6.405554
1.053674 1.111771 1.174265 1.241555 1.314074 1.392303 1.476767 1.568047 1.666783 1.773677 1.889501 2.015099 2.151398 2.299412 2.460233 2.635054 2.825147 3.031876 3.256661 3.500985 3.766334 4.054170 4.365839 4.702492 5.064944 5.453523 5.867857 6.306679 6.767590 7.246889 7.739466 8.238864 8.737434 9.227005 9.699317 10.14628 10.56071 10.93660 11.26917 11.55485 11.79109 11.97617 12.10900 12.18891 12.21559 12.18891 12.10900 11.97617 11.79109 11.55485 11.26917 10.93660 10.56071 10.14628 9.699318 9.227005 8.737433 8.238863 7.739466 7.246890 6.767591 6.306681 5.867859
1.027248 1.082740 1.142331 1.206374 1.275259 1.349416 1.429307 1.515445 1.608389 1.708749 1.817191 1.934436 2.061270 2.198538 2.347149 2.508073 2.682338 2.871015 3.075209 3.296031 3.534566 3.791830 4.068701 4.365840 4.683597 5.021871 5.379992 5.756564 6.149342 6.555117 6.969718 7.388053 7.804375 8.212323 8.605360 8.977404 9.322861 9.636874 9.915426 10.15536 10.35429 10.51050 10.62282 10.69047 10.71307 10.69047 10.62282 10.51050 10.35429 10.15536 9.915425 9.636872 9.322861 8.977402 8.605359 8.212322 7.804375 7.388052 6.969718 6.555118 6.149343 5.756564 5.379993
1.000798 1.053732 1.110473 1.171342 1.236683 1.306875 1.382329 1.463494 1.550855 1.644938 1.746314 1.855595 1.973441 2.100554 2.237680 2.385605 2.545143 2.717132 2.902411 3.101802 3.316073 3.545905 3.791829 4.054171 4.332961 4.627857 4.938038 5.262119 5.598060 5.943131 6.293900 6.646297 6.995679 7.337232 7.666107 7.977429 8.266726 8.530050 8.764058 8.966019 9.133789 9.265758 9.360775 9.418074 9.437222 9.418074 9.360774 9.265759 9.133789 8.966017 8.764057 8.530048 8.266724 7.977426 7.666104 7.337230 6.995677 6.646294 6.293900 5.943131 5.598060 5.262118 4.938037
0.9744132 1.024842 1.078802 1.136576 1.198473 1.264826 1.335995 1.412369 1.494371 1.582450 1.677093 1.778815 1.888167 2.005728 2.132103 2.267920 2.413823 2.570452 2.738436 2.918365 3.110768 3.316074 3.534567 3.766337 4.011220 4.268734 4.538011 4.817737 5.106110 5.400808 5.699016 5.997475 6.292630 6.580587 6.857346 7.119168 7.362514 7.584188 7.781406 7.951844 8.093619 8.205286 8.285768 8.334337 8.350573 8.334337 8.285767 8.205284 8.093618 7.951842 7.781404 7.584186 7.362513 7.119165 6.857343 6.580584 6.292628 5.997473 5.699015 5.400807 5.106109 4.817735 4.538010
0.9481744 0.9961607 1.047414 1.102186 1.160749 1.223395 1.290440 1.362220 1.439097 1.521457 1.609710 1.704287 1.805644 1.914254 2.030605 2.155195 2.288518 2.431064 2.583288 2.745607 2.918363 3.101801 3.296029 3.500985 3.716383 3.941678 4.176008 4.418171 4.666583 4.919286 5.173946 5.427908 5.678213 5.921856 6.155829 6.377045 6.582625 6.769951 6.936721 7.080966 7.201066 7.295743 7.364030 7.405262 7.419050 7.405262 7.364029 7.295743 7.201066 7.080965 6.936721 6.769951 6.582625 6.377044 6.155828 5.921855 5.678212 5.427907 5.173947 4.919288 4.666584 4.418171 4.176008
0.9221541 0.9677654 1.016394 1.068263 1.123611 1.182692 1.245782 1.313171 1.385167 1.462098 1.544308 1.632156 1.726016 1.826270 1.933309 2.047518 2.169280 2.298953 2.436864 2.583289 2.738434 2.902411 3.075208 3.256663 3.446424 3.643927 3.848354 4.058616 4.273344 4.490869 4.709268 4.926381 5.139915 5.347369 5.546167 5.733917 5.908313 6.067220 6.208725 6.331174 6.433185 6.513647 6.571710 6.606784 6.618512 6.606785 6.571710 6.513646 6.433184 6.331173 6.208723 6.067219 5.908312 5.733916 5.546165 5.347368 5.139914 4.926379 4.709268 4.490870 4.273344 4.058616 3.848353
0.8964189 0.9397299 0.9858218 1.034892 1.087147 1.142813 1.202122 1.265327 1.332688 1.404483 1.480997 1.562528 1.649379 1.741858 1.840269 1.944914 2.056075 2.174014 2.298952 2.431063 2.570449 2.717131 2.871014 3.031875 3.199335 3.372838 3.551622 3.734721 3.920941 4.108878 4.296919 4.483278 4.665993 4.843112 5.012690 5.172702 5.321239 5.456544 5.577027 5.681303 5.768199 5.836761 5.886252 5.916153 5.926156 5.916154 5.886252 5.836760 5.768198 5.681302 5.577027 5.456542 5.321239 5.172701 5.012690 4.843110 4.665992 4.483277 4.296919 4.108880 3.920943 3.734721 3.551622
0.8710286 0.9121166 0.9557639 1.002143 1.051436 1.103835 1.159543 1.218773 1.281747 1.348696 1.419858 1.495474 1.575792 1.661053 1.751495 1.847345 1.948812 2.056076 2.169280 2.288518 2.413822 2.545142 2.682337 2.825149 2.973193 3.125936 3.282686 3.442583 3.604599 3.767538 3.930056 4.090685 4.247894 4.400017 4.545333 4.682263 4.809267 4.924899 5.027838 5.116926 5.191169 5.249755 5.292052 5.317610 5.326159 5.317610 5.292052 5.249755 5.191167 5.116924 5.027836 4.924897 4.809267 4.682262 4.545332 4.400015 4.247893 4.090683 3.930057 3.767539 3.604600 3.442582 3.282685
0.8460331 0.8849799 0.9262776 0.9700778 1.016538 1.065823 1.118108 1.173573 1.232403 1.294794 1.360938 1.431032 1.505273 1.583850 1.666946 1.754728 1.847344 1.944913 2.047516 2.155193 2.267918 2.385602 2.508070 2.635053 2.766171 2.900928 3.038697 3.178722 3.320112 3.461852 3.602807 3.741745 3.877324 4.008237 4.133189 4.250811 4.359811 4.458985 4.547239 4.623598 4.687228 4.737438 4.773689 4.795593 4.802921 4.795594 4.773689 4.737438 4.687228 4.623597 4.547239 4.458985 4.359812 4.250813 4.133191 4.008237 3.877326 3.741746 3.602809 3.461855 3.320115 3.178725 3.038699
0.8214802 0.8583682 0.8974140 0.9387475 0.9825061 1.028831 1.077871 1.129776 1.184705 1.242815 1.304267 1.369215 1.437817 1.510218 1.586554 1.666946 1.751493 1.840268 1.933306 2.030603 2.132100 2.237677 2.347146 2.460232 2.576576 2.695720 2.817101 2.940054 3.063809 3.187499 3.310172 3.430801 3.548346 3.661658 3.769556 3.870972 3.964857 4.050218 4.126136 4.191800 4.246503 4.289665 4.320824 4.339653 4.345950 4.339653 4.320824 4.289665 4.246503 4.191800 4.126136 4.050218 3.964858 3.870973 3.769557 3.661658 3.548347 3.430803 3.310174 3.187502 3.063812 2.940055 2.817103
0.7974070 0.8323217 0.8692124 0.9081936 0.9493814 0.9928977 1.038867 1.087417 1.138678 1.192779 1.249849 1.310013 1.373390 1.440092 1.510217 1.583850 1.661051 1.741856 1.826268 1.914253 2.005725 2.100551 2.198534 2.299410 2.402839 2.508403 2.615599 2.723845 2.832472 2.940742 3.047843 3.152905 3.254990 3.353196 3.446648 3.534396 3.615547 3.689267 3.754794 3.811443 3.858623 3.895838 3.922701 3.938931 3.944361 3.938932 3.922702 3.895838 3.858623 3.811443 3.754793 3.689267 3.615548 3.534397 3.446649 3.353197 3.254990 3.152907 3.047844 2.940745 2.832474 2.723845 2.615600
0.7738465 0.8068724 0.8417070 0.8784476 0.9171946 0.9580514 1.001122 1.046514 1.094333 1.144685 1.197673 1.253393 1.311938 1.373390 1.437817 1.505273 1.575791 1.649378 1.726014 1.805642 1.888165 1.973439 2.061268 2.151399 2.243518 2.337246 2.432136 2.527674 2.623285 2.718333 2.812132 2.903954 2.993070 3.078677 3.159941 3.236127 3.306506 3.370388 3.427129 3.476159 3.516974 3.549163 3.572392 3.586426 3.591120 3.586427 3.572392 3.549164 3.516975 3.476158 3.427129 3.370388 3.306507 3.236127 3.159940 3.078677 2.993070 2.903954 2.812133 2.718334 2.623287 2.527675 2.432136
0.7508261 0.7820482 0.8149232 0.8495352 0.8859686 0.9243113 0.9646503 1.007074 1.051669 1.098521 1.147710 1.199311 1.253392 1.310011 1.369214 1.431031 1.495472 1.562526 1.632153 1.704284 1.778811 1.855591 1.934432 2.015097 2.097295 2.180686 2.264871 2.349402 2.433778 2.517453 2.599838 2.680312 2.758199 2.832872 2.903722 2.970080 3.031319 3.086853 3.136145 3.178712 3.214134 3.242058 3.262207 3.274377 3.278448 3.274377 3.262207 3.242059 3.214135 3.178713 3.136146 3.086854 3.031321 2.970082 2.903724 2.832874 2.758201 2.680315 2.599841 2.517457 2.433781 2.349405 2.264874
0.7283669 0.7578695 0.7888811 0.8214734 0.8557183 0.8916889 0.9294579 0.9690974 1.010678 1.054266 1.099925 1.147710 1.197672 1.249848 1.304266 1.360937 1.419856 1.480996 1.544306 1.609707 1.677090 1.746311 1.817188 1.889499 1.962981 2.037324 2.112178 2.187147 2.261797 2.335658 2.408228 2.478982 2.547406 2.612920 2.674927 2.732912 2.786364 2.834793 2.877747 2.914819 2.945653 2.969953 2.987480 2.998067 3.001607 2.998067 2.987481 2.969954 2.945654 2.914819 2.877748 2.834794 2.786365 2.732913 2.674928 2.612921 2.547407 2.478984 2.408230 2.335661 2.261801 2.187149 2.112181
0.7064878 0.7343541 0.7635962 0.7942756 0.8264524 0.8601881 0.8955418 0.9325725 0.9713359 1.011885 1.054267 1.098522 1.144685 1.192779 1.242815 1.294794 1.348695 1.404482 1.462096 1.521455 1.582448 1.644936 1.708747 1.773677 1.839484 1.905894 1.972592 2.039235 2.105442 2.170808 2.234901 2.297266 2.357412 2.414893 2.469283 2.520101 2.566899 2.609261 2.646806 2.679189 2.706110 2.727318 2.742612 2.751846 2.754935 2.751847 2.742613 2.727319 2.706111 2.679189 2.646806 2.609261 2.566900 2.520102 2.469284 2.414894 2.357413 2.297267 2.234902 2.170811 2.105444 2.039237 1.972594
0.6852013 0.7115119 0.7390766 0.7679464 0.7981721 0.8298042 0.8628913 0.8974802 0.9336156 0.9713368 1.010679 1.051671 1.094334 1.138678 1.184705 1.232404 1.281746 1.332687 1.385165 1.439095 1.494368 1.550852 1.608387 1.666783 1.725823 1.785260 1.844816 1.904188 1.963046 2.021038 2.077794 2.132930 2.186075 2.236808 2.284693 2.329364 2.370456 2.407620 2.440533 2.468904 2.492478 2.511042 2.524425 2.532505 2.535206 2.532505 2.524425 2.511042 2.492479 2.468905 2.440534 2.407621 2.370457 2.329365 2.284694 2.236809 2.186076 2.132931 2.077796 2.021040 1.963049 1.904190 1.844818
0.6645139 0.6893483 0.7153240 0.7424844 0.7708713 0.8005263 0.8314885 0.8637948 0.8974795 0.9325726 0.9690981 1.007074 1.046513 1.087416 1.129775 1.173571 1.218771 1.265325 1.313167 1.362216 1.412365 1.463490 1.515441 1.568046 1.621107 1.674404 1.727691 1.780700 1.833144 1.884718 1.935099 1.983953 2.030916 2.075668 2.117907 2.157280 2.193466 2.226163 2.255100 2.280026 2.300728 2.317024 2.328768 2.335857 2.338228 2.335858 2.328769 2.317024 2.300729 2.280026 2.255100 2.226164 2.193467 2.157282 2.117908 2.075670 2.030919 1.983956 1.935102 1.884721 1.833147 1.780703 1.727694
0.6444317 0.6678661 0.6923391 0.7178864 0.7445427 0.7723411 0.8013132 0.8314874 0.8628896 0.8955410 0.9294579 0.9646497 1.001120 1.038865 1.077868 1.118106 1.159540 1.202120 1.245779 1.290436 1.335991 1.382326 1.429303 1.476766 1.524536 1.572415 1.620186 1.667612 1.714445 1.760415 1.805249 1.848661 1.890382 1.930100 1.967492 2.002295 2.034246 2.063093 2.088603 2.110566 2.128795 2.143140 2.153476 2.159713 2.161798 2.159714 2.153476 2.143141 2.128796 2.110566 2.088603 2.063094 2.034247 2.002296 1.967493 1.930102 1.890384 1.848663 1.805251 1.760418 1.714447 1.667615 1.620189
0.6249583 0.6470674 0.6701204 0.6941470 0.7191753 0.7452322 0.7723414 0.8005255 0.8298028 0.8601875 0.8916889 0.9243106 0.9580495 0.9928955 1.028829 1.065822 1.103832 1.142810 1.182690 1.223392 1.264822 1.306871 1.349412 1.392302 1.435380 1.478469 1.521377 1.563896 1.605805 1.646874 1.686859 1.725512 1.762558 1.797765 1.830919 1.861758 1.890046 1.915564 1.938114 1.957516 1.973614 1.986275 1.995395 2.000898 2.002738 2.000898 1.995396 1.986275 1.973614 1.957516 1.938115 1.915565 1.890047 1.861759 1.830920 1.797767 1.762560 1.725514 1.686862 1.646876 1.605807 1.563899 1.521380
