T1-compare/1.0/model_t.grd
DSAA
          90          90
      -15.000000       15.000000
      -15.000000       15.000000
    4.561452E-01       90.144966
[rows 54 to 80 of 90, columns 0 to 60 of 90]
1.217686 1.300931 1.391856 1.491402 1.600478 1.720295 1.852221 1.997784 2.158702 2.337100 2.535366 2.756212 3.002948 3.279340 3.590004 3.940131 4.336133 4.785591 5.297568 5.883109 6.555507 7.331099 8.230026 9.277276 10.504349 11.951303 13.669890 15.728542 18.219885 21.272762 25.070572 29.864719 35.881878 42.728611 49.018299 54.042553 57.950809 61.005257 63.403755 65.283203 66.738731 67.837044 68.624809 69.133690 69.383461 69.383446 69.133698 68.624786 67.837044 66.738716 65.283218 63.403801 61.005268 57.950829 54.042542 49.018314 42.728611 35.881924 29.864794 25.070587 21.272726
1.200420 1.281715 1.370459 1.467390 1.573581 1.690077 1.818191 1.959369 2.115234 2.287724 2.479102 2.691992 2.929357 3.194819 3.492488 3.827345 4.205162 4.632936 5.118930 5.673158 6.307654 7.037150 7.879627 8.857412 9.998244 11.337284 12.919641 14.804391 17.070969 19.829319 23.236208 27.510668 32.862301 38.956730 44.549007 49.018353 52.510372 55.255745 57.423794 59.131058 60.458591 61.463596 62.186207 62.653778 62.883453 62.883472 62.653778 62.186199 61.463581 60.458611 59.131077 57.423786 55.255726 52.510361 49.018307 44.549007 38.956764 32.862232 27.510668 23.236204 19.829304
1.181857 1.261096 1.347422 1.441688 1.544779 1.657787 1.781846 1.918348 2.068846 2.235157 2.419319 2.623811 2.851362 3.105324 3.389433 3.708269 4.067103 4.472189 4.931063 5.452653 6.047670 6.729125 7.512766 8.417933 9.468500 10.694143 12.132457 13.831773 15.855161 18.287573 21.245171 24.882277 29.334059 34.333855 38.956783 42.728611 45.734810 48.134754 50.051815 51.574471 52.766205 53.672695 54.326874 54.751190 54.959934 54.959908 54.751179 54.326866 53.672703 52.766220 51.574478 50.051819 48.134762 45.734814 42.728596 38.956753 34.333874 29.334028 24.882259 21.245140 18.287596
1.162176 1.239152 1.323015 1.414443 1.514295 1.623640 1.743458 1.875087 2.019975 2.179818 2.356497 2.552258 2.769665 3.011690 3.281799 3.584116 3.923395 4.305201 4.736271 5.224395 5.779041 6.411408 7.134974 7.966143 8.924626 10.034707 11.326119 12.835910 14.610042 16.706230 19.194798 22.151001 25.599930 29.334021 32.862240 35.881912 38.378437 40.421024 42.080509 43.414482 44.467693 45.274052 45.858566 46.238914 46.426369 46.426361 46.238911 45.858585 45.274078 44.467705 43.414501 42.080486 40.421040 38.378410 35.881920 32.862225 29.334028 25.599939 22.150990 19.194809 16.706245
1.141362 1.216097 1.297350 1.385803 1.482344 1.587801 1.703282 1.829909 1.968999 2.122169 2.291116 2.477939 2.684932 2.914779 3.170670 3.456135 3.775545 4.133810 4.536722 4.991162 5.505167 6.088325 6.751882 7.509214 8.376369 9.372103 10.518990 11.843359 13.375867 15.150390 17.200096 19.544025 22.150974 24.882299 27.510654 29.864790 31.888844 33.591877 35.002903 36.153294 37.070988 37.778915 38.294804 38.631763 38.798111 38.798107 38.631763 38.294800 37.778896 37.070995 36.153305 35.002903 33.591881 31.888844 29.864777 27.510670 24.882259 22.150980 19.543999 17.200119 15.150442
1.119623 1.191994 1.270551 1.356017 1.449071 1.550606 1.661555 1.783037 1.916231 2.062651 2.223772 2.401480 2.597942 2.815489 3.056930 3.325532 3.625044 3.959733 4.334667 4.755597 5.229481 5.764132 6.368833 7.054267 7.832814 8.718694 9.727919 10.878201 12.187913 13.673828 15.346663 17.200111 19.194820 21.245159 23.236197 25.070604 26.696278 28.098639 29.283001 30.262667 31.052706 31.667038 32.117393 32.412640 32.558796 32.558807 32.412636 32.117382 31.667057 31.052725 30.262650 29.282993 28.098646 26.696287 25.070578 23.236206 21.245152 19.194805 17.200117 15.346665 13.673852
1.097081 1.167000 1.242821 1.325147 1.414688 1.512224 1.618616 1.734888 1.862125 2.001626 2.154866 2.323442 2.509305 2.714543 2.941670 3.193481 3.473244 3.784671 4.132066 4.520274 4.955006 5.442715 5.990734 6.607386 7.302054 8.084923 8.966908 9.958994 11.071056 12.309588 13.673897 15.150427 16.706240 18.287588 19.829283 21.272753 22.578554 23.727108 24.713413 25.540094 26.213787 26.741852 27.131247 27.387543 27.514708 27.514698 27.387548 27.131250 26.741869 26.213795 25.540079 24.713421 23.727112 22.578564 21.272728 19.829298 18.287596 16.706242 15.150449 13.673850 12.309629
1.073807 1.141243 1.214257 1.293422 1.379428 1.472897 1.574669 1.685706 1.806934 1.939587 2.084898 2.244388 2.419702 2.612770 2.825725 3.061019 3.321486 3.610182 3.930827 4.287381 4.684525 5.127421 5.621732 6.173841 6.790539 7.478872 8.245933 9.097974 10.039358 11.071067 12.187949 13.375917 14.610056 15.855148 17.070995 18.219881 19.273245 20.213341 21.031277 21.724903 22.295383 22.745926 23.079971 23.300692 23.410454 23.410460 23.300720 23.079975 22.745911 22.295395 21.724899 21.031284 20.213327 19.273264 18.219866 17.070995 15.855149 14.610069 13.375905 12.187972 11.071062
1.049890 1.114865 1.185057 1.261056 1.343436 1.432875 1.530016 1.635789 1.751048 1.876838 2.014345 2.164809 2.329800 2.510872 2.709996 2.929184 3.170885 3.437672 3.732573 4.058952 4.420433 4.821033 5.265234 5.757614 6.302994 6.906123 7.571194 8.301380 9.097928 9.958980 10.878201 11.843326 12.835874 13.831730 14.804463 15.728595 16.583378 17.354156 18.031776 18.611736 19.092640 19.474894 19.759756 19.948681 20.042837 20.042837 19.948683 19.759747 19.474922 19.092649 18.611753 18.031797 17.354166 16.583385 15.728569 14.804425 13.831741 12.835896 11.843314 10.878186 9.958965
1.025546 1.087974 1.155354 1.228162 1.306953 1.392288 1.484880 1.585437 1.694781 1.813808 1.943598 2.085250 2.240102 2.409542 2.595178 2.798840 3.022461 3.268293 3.538751 3.836565 4.164521 4.525866 4.923759 5.361593 5.842680 6.369930 6.945672 7.571189 8.245897 8.966914 9.727964 10.519029 11.326154 12.132466 12.919645 13.669830 14.367896 15.001923 15.563596 16.047922 16.452225 16.775320 17.017210 17.178102 17.258396 17.258408 17.178108 17.017200 16.775318 16.452219 16.047915 15.563576 15.001937 14.367908 13.669828 12.919641 12.132427 11.326150 10.519053 9.727941 8.966896
1.000777 1.060696 1.125213 1.194878 1.270081 1.351440 1.439501 1.534903 1.638412 1.750806 1.873063 2.006127 2.151126 2.309310 2.481994 2.670757 2.877168 3.103111 3.350519 3.621558 3.918408 4.243440 4.599088 4.987659 5.411249 5.871654 6.369924 6.906101 7.478846 8.084944 8.718700 9.372143 10.034695 10.694107 11.337228 11.951262 12.524719 13.048204 13.514631 13.919191 14.258645 14.531212 14.735950 14.872512 14.940813 14.940825 14.872525 14.735975 14.531237 14.258638 13.919189 13.514627 13.048184 12.524731 11.951289 11.337228 10.694097 10.034724 9.372147 8.718699 8.084948
9.757549E-01 1.033116 1.094883 1.161417 1.233092 1.310475 1.394058 1.484401 1.582227 1.688221 1.803102 1.927835 2.063337 2.210669 2.371006 2.545519 2.735685 2.942891 3.168749 3.414891 3.683041 3.974957 4.292314 4.636649 5.009327 5.411243 5.842667 6.303046 6.790523 7.302062 7.832865 8.376425 8.924621 9.468479 9.998183 10.504321 10.978187 11.412169 11.800519 12.138814 12.423788 12.653522 12.826578 12.942261 13.000189 13.000181 12.942266 12.826578 12.653534 12.423787 12.138820 11.800515 11.412168 10.978165 10.504304 9.998199 9.468503 8.924615 8.376455 7.832888 7.302056
9.505216E-01 1.005410 1.064435 1.127832 1.196063 1.269540 1.348732 1.434181 1.526459 1.626143 1.734001 1.850700 1.977140 2.114123 2.262658 2.423805 2.598618 2.788314 2.994145 3.217322 3.459169 3.720982 4.003857 4.308838 4.636633 4.987641 5.361615 5.757626 6.173795 6.607375 7.054237 7.509157 7.966113 8.417972 8.857373 9.277279 9.670887 10.032290 10.356627 10.639984 10.879538 11.073084 11.219275 11.317179 11.366276 11.366290 11.317183 11.219272 11.073071 10.879533 10.639994 10.356611 10.032280 9.670897 9.277271 8.857395 8.417948 7.966138 7.509125 7.054235 6.607363
9.252380E-01 9.776844E-01 1.033923 1.094335 1.159147 1.228797 1.303778 1.384468 1.471346 1.565042 1.666065 1.775094 1.892841 2.020038 2.157420 2.305932 2.466403 2.639830 2.827099 3.029242 3.247150 3.481743 3.733770 4.003863 4.292281 4.599083 4.923769 5.265203 5.621698 5.990702 6.368874 6.751801 7.134973 7.512761 7.879712 8.229955 8.558695 8.860888 9.132620 9.370606 9.572157 9.735500 9.859042 9.941882 9.983437 9.983448 9.941889 9.859065 9.735491 9.572174 9.370594 9.132632 8.860883 8.558699 8.229963 7.879687 7.512772 7.134977 6.751800 6.368865 5.990733
8.999378E-01 9.499826E-01 1.003567 1.060941 1.122480 1.188486 1.259288 1.335341 1.417088 1.504951 1.599494 1.701214 1.810694 1.928596 2.055536 2.192227 2.339393 2.497726 2.667979 2.850885 3.047078 3.257230 3.481740 3.720981 3.974965 4.243457 4.525823 4.821012 5.127367 5.442729 5.764157 6.088338 6.411361 6.729140 7.037210 7.331212 7.606936 7.860622 8.089077 8.289457 8.459584 8.597465 8.702005 8.772221 8.807398 8.807420 8.772202 8.702031 8.597475 8.459570 8.289441 8.089061 7.860604 7.606929 7.331231 7.037203 6.729127 6.411399 6.088340 5.764159 5.442753
8.747103E-01 9.224356E-01 9.733832E-01 1.027919 1.086194 1.148616 1.215439 1.287067 1.363832 1.446170 1.534493 1.629261 1.730993 1.840139 1.957308 2.082944 2.217742 2.362185 2.516871 2.682301 2.858882 3.047124 3.247154 3.459180 3.683058 3.918422 4.164548 4.420471 4.684577 4.955079 5.229553 5.505197 5.779106 6.047660 6.307621 6.555429 6.787885 7.001943 7.194689 7.363968 7.507781 7.624552 7.713138 7.772573 7.802494 7.802503 7.772558 7.713133 7.624561 7.507759 7.363972 7.194692 7.001926 6.787903 6.555459 6.307630 6.047661 5.779125 5.505164 5.229560 4.955079
8.496376E-01 8.950391E-01 9.435062E-01 9.951807E-01 1.050395 1.109330 1.172333 1.239736 1.311745 1.388749 1.471210 1.559427 1.653791 1.754793 1.862765 1.978257 2.101623 2.233325 2.373788 2.523333 2.682277 2.850906 3.029230 3.217303 3.414865 3.621553 3.836553 4.058914 4.287383 4.520234 4.755560 4.991085 5.224341 5.452679 5.673144 5.883166 6.079953 6.261128 6.424360 6.567734 6.689660 6.788733 6.863986 6.914546 6.939888 6.939920 6.914554 6.863970 6.788748 6.689672 6.567722 6.424356 6.261116 6.079958 5.883156 5.673175 5.452672 5.224356 4.991086 4.755525 4.520227
8.247768E-01 8.679709E-01 9.139405E-01 9.629461E-01 1.015162 1.070796 1.130100 1.193386 1.260885 1.332955 1.409816 1.491823 1.579331 1.672664 1.772137 1.878167 1.991055 2.111074 2.238565 2.373785 2.516847 2.667981 2.827116 2.994124 3.168755 3.350545 3.538786 3.732572 3.930800 4.132064 4.334697 4.536731 4.736229 4.931068 5.118831 5.297562 5.464846 5.618812 5.757640 5.879588 5.983209 6.067558 6.131550 6.174594 6.196239 6.196237 6.174593 6.131561 6.067544 5.983205 5.879597 5.757635 5.618813 5.464857 5.297532 5.118829 4.931101 4.736226 4.536714 4.334730 4.132081
8.002048E-01 8.412566E-01 8.848505E-01 9.312288E-01 9.805581E-01 1.032988 1.088839 1.148197 1.211441 1.278726 1.350344 1.426586 1.507620 1.593853 1.685439 1.782722 1.885967 1.995302 2.111064 2.233311 2.362209 2.497726 2.639804 2.788324 2.942926 3.103127 3.268308 3.437674 3.610189 3.784724 3.959800 4.133830 4.305157 4.472181 4.632850 4.785642 4.928367 5.059811 5.178102 5.282114 5.370560 5.442544 5.497139 5.533889 5.552366 5.552375 5.533875 5.497118 5.442533 5.370589 5.282137 5.178072 5.059788 4.928370 4.785668 4.632856 4.472188 4.305146 4.133842 3.959792 3.784720
7.759734E-01 8.149112E-01 8.562533E-01 9.000822E-01 9.466595E-01 9.960918E-01 1.048564 1.104283 1.163440 1.226237 1.292918 1.363677 1.438748 1.518314 1.602643 1.691937 1.786255 1.885946 1.991033 2.101631 2.217736 2.339407 2.466382 2.598619 2.735699 2.877210 3.022450 3.170921 3.321489 3.473244 3.625016 3.775626 3.923470 4.067053 4.205120 4.336097 4.458541 4.571112 4.672285 4.761342 4.837059 4.898551 4.945307 4.976774 4.992603 4.992589 4.976756 4.945320 4.898552 4.837076 4.761342 4.672281 4.571090 4.458531 4.336078 4.205138 4.067079 3.923512 3.775658 3.625069 3.473206
7.521216E-01 7.890745E-01 8.281842E-01 8.696155E-01 9.135494E-01 9.600578E-01 1.009374 1.061531 1.116894 1.175476 1.237551 1.303208 1.372673 1.446156 1.523756 1.605583 1.691923 1.782713 1.878166 1.978237 2.082945 2.192211 2.305928 2.423831 2.545522 2.670743 2.798862 2.929201 3.061022 3.193477 3.325503 3.456045 3.584077 3.708240 3.827343 3.940173 4.045446 4.142071 4.229167 4.305568 4.370535 4.423368 4.463552 4.490547 4.504030 4.504034 4.490540 4.463534 4.423359 4.370528 4.305541 4.229171 4.142061 4.045455 3.940215 3.827320 3.708262 3.584054 3.456042 3.325476 3.193472
7.286807E-01 7.637018E-01 8.007243E-01 8.398436E-01 8.812494E-01 9.250332E-01 9.712939E-01 1.020149 1.071931 1.126521 1.184251 1.245200 1.309485 1.377207 1.448638 1.523720 1.602648 1.685453 1.772109 1.862796 1.957321 2.055567 2.157395 2.262667 2.371018 2.481973 2.595191 2.710013 2.825707 2.941639 3.056933 3.170705 3.281766 3.389411 3.492418 3.590016 3.680864 3.764322 3.839326 3.905115 3.961092 4.006620 4.041144 4.064370 4.076036 4.076012 4.064332 4.041149 4.006628 3.961091 3.905127 3.839313 3.764296 3.680859 3.590050 3.492414 3.389401 3.281740 3.170714 3.056934 2.941677
7.056922E-01 7.388571E-01 7.738962E-01 8.107994E-01 8.498005E-01 8.909484E-01 9.343509E-01 9.801435E-01 1.028439 1.079338 1.133054 1.189533 1.249010 1.311558 1.377212 1.446161 1.518284 1.593882 1.672688 1.754794 1.840108 1.928585 2.020010 2.114114 2.210646 2.309306 2.409535 2.510833 2.612825 2.714521 2.815417 2.914715 3.011619 3.105399 3.194834 3.279392 3.358155 3.430346 3.495175 3.552029 3.600363 3.639646 3.669473 3.689597 3.699658 3.699662 3.689563 3.669464 3.639640 3.600389 3.552049 3.495167 3.430346 3.358191 3.279372 3.194832 3.105407 3.011637 2.914709 2.815428 2.714534
6.831797E-01 7.145883E-01 7.476812E-01 7.825478E-01 8.192245E-01 8.578703E-01 8.985891E-01 9.414220E-01 9.865391E-01 1.034012 1.083934 1.136344 1.191313 1.248983 1.309476 1.372662 1.438731 1.507612 1.579367 1.653790 1.731022 1.810679 1.892845 1.977123 2.063326 2.151115 2.240052 2.329794 2.419646 2.509293 2.597886 2.684910 2.769701 2.851405 2.929340 3.002858 3.071314 3.134032 3.190311 3.239625 3.281627 3.315570 3.341457 3.358821 3.367610 3.367587 3.358845 3.341422 3.315559 3.281626 3.239575 3.190368 3.134040 3.071299 3.002872 2.929330 2.851407 2.769695 2.684911 2.597904 2.509311
6.612302E-01 6.909397E-01 7.221594E-01 7.550213E-01 7.895886E-01 8.258849E-01 8.640620E-01 9.041685E-01 9.462299E-01 9.904655E-01 1.036826 1.085436 1.136352 1.189578 1.245203 1.303223 1.363651 1.426621 1.491815 1.559441 1.629267 1.701226 1.775110 1.850708 1.927825 2.006142 2.085260 2.164757 2.244350 2.323381 2.401464 2.477879 2.552207 2.623875 2.692019 2.756325 2.815935 2.870503 2.919424 2.962419 2.998886 3.028386 3.050798 3.065844 3.073451 3.073458 3.065882 3.050816 3.028388 2.998869 2.962394 2.919443 2.870491 2.815915 2.756326 2.692005 2.623886 2.552202 2.477889 2.401461 2.323375
6.398084E-01 6.678736E-01 6.973497E-01 7.283536E-01 7.608269E-01 7.948944E-01 8.307122E-01 8.681889E-01 9.074813E-01 9.487164E-01 9.917968E-01 1.036832 1.083966 1.133056 1.184252 1.237514 1.292947 1.350357 1.409832 1.471191 1.534489 1.599472 1.666104 1.733995 1.803094 1.873002 1.943571 2.014403 2.084934 2.154911 2.223737 2.291099 2.356471 2.419380 2.479110 2.535410 2.587497 2.635214 2.677993 2.715450 2.747224 2.773035 2.792657 2.805730 2.812343 2.812307 2.805737 2.792644 2.773050 2.747214 2.715428 2.677998 2.635197 2.587486 2.535405 2.479112 2.419362 2.356465 2.291060 2.223744 2.154927
6.188609E-01 6.454382E-01 6.732850E-01 7.024410E-01 7.329834E-01 7.650358E-01 7.985291E-01 8.336150E-01 8.703023E-01 9.086344E-01 9.487222E-01 9.905109E-01 1.034028 1.079379 1.126531 1.175471 1.226239 1.278762 1.332959 1.388731 1.446199 1.504919 1.565033 1.626085 1.688251 1.750726 1.813863 1.876700 1.939641 2.001681 2.062589 2.122124 2.179854 2.235218 2.287724 2.337042 2.382853 2.424619 2.462312 2.494857 2.522641 2.545341 2.562440 2.573847 2.579600 2.579650 2.573894 2.562442 2.545336 2.522646 2.494856 2.462285 2.424648 2.382885 2.337039 2.287709 2.235220 2.179848 2.122112 2.062604 2.001667
