T1-compare/1.0/model.grd
DSAA
          90          90
  -15.00000       15.00000    
  -15.00000       15.00000    
  0.5056110       90.28906    
[rows 0 to 27 of 90, columns 0 to 62 of 90]
0.5365803 0.5530779 0.5701561 0.5878240 0.6060889 0.6249568 0.6444311 0.6645125 0.6851993 0.7064865 0.7283652 0.7508231 0.7738430 0.7974032 0.8214763 0.8460298 0.8710247 0.8964155 0.9221506 0.9481708 0.9744102 1.000795 1.027245 1.053672 1.079982 1.106073 1.131840 1.157170 1.181946 1.206046 1.229349 1.251731 1.273087 1.293280 1.312164 1.329639 1.345600 1.359946 1.372581 1.383423 1.392396 1.399440 1.404506 1.407561 1.408581 1.407560 1.404506 1.399440 1.392396 1.383423 1.372582 1.359947 1.345600 1.329640 1.312165 1.293283 1.273090 1.251734 1.229351 1.206049 1.181949 1.157173 1.131843
0.5530777 0.5705719 0.5887064 0.6074936 0.6269438 0.6470656 0.6678652 0.6893463 0.7115095 0.7343522 0.7578678 0.7820452 0.8068690 0.8323178 0.8583648 0.8849766 0.9121131 0.9397268 0.9677626 0.9961574 1.024840 1.053729 1.082738 1.111769 1.140716 1.169468 1.197904 1.225899 1.253318 1.280026 1.305881 1.330738 1.354439 1.376858 1.397886 1.417373 1.435188 1.451210 1.465331 1.477452 1.487490 1.495372 1.501043 1.504462 1.505605 1.504462 1.501043 1.495371 1.487490 1.477452 1.465331 1.451210 1.435188 1.417373 1.397886 1.376859 1.354440 1.330739 1.305882 1.280027 1.253319 1.225900 1.197905
0.5701565 0.5887071 0.6079639 0.6279424 0.6486568 0.6701189 0.6923383 0.7153221 0.7390740 0.7635943 0.7888793 0.8149200 0.8417032 0.8692086 0.8974100 0.9262743 0.9557600 0.9858183 1.016391 1.047410 1.078799 1.110470 1.142327 1.174263 1.206160 1.237893 1.269327 1.300320 1.330721 1.360374 1.389118 1.416795 1.443258 1.468333 1.491830 1.513612 1.533539 1.551475 1.567291 1.580876 1.592130 1.600971 1.607333 1.611170 1.612451 1.611169 1.607333 1.600971 1.592130 1.580877 1.567292 1.551475 1.533540 1.513613 1.491831 1.468335 1.443261 1.416797 1.389121 1.360376 1.330724 1.300323 1.269330
0.5878245 0.6074944 0.6279427 0.6491891 0.6712512 0.6941456 0.7178856 0.7424826 0.7679440 0.7942737 0.8214717 0.8495322 0.8784441 0.9081901 0.9387445 0.9700750 1.002140 1.034889 1.068260 1.102183 1.136574 1.171339 1.206371 1.241553 1.276754 1.311835 1.346643 1.381017 1.414786 1.447773 1.479792 1.510655 1.540156 1.568124 1.594405 1.618804 1.641147 1.661270 1.679029 1.694289 1.706937 1.716876 1.724032 1.728347 1.729789 1.728347 1.724032 1.716876 1.706937 1.694289 1.679029 1.661270 1.641147 1.618804 1.594406 1.568125 1.540157 1.510657 1.479793 1.447774 1.414788 1.381019 1.346645
0.6060891 0.6269441 0.6486566 0.6712508 0.6947494 0.7191734 0.7445413 0.7708690 0.7981690 0.8264500 0.8557159 0.8859652 0.9171906 0.9493771 0.9825020 1.016534 1.051432 1.087144 1.123607 1.160745 1.198470 1.236679 1.275257 1.314072 1.352981 1.391827 1.430438 1.468632 1.506215 1.542984 1.578728 1.613236 1.646312 1.677723 1.707221 1.734621 1.759730 1.782364 1.802350 1.819536 1.833786 1.844989 1.853055 1.857921 1.859548 1.857921 1.853055 1.844989 1.833786 1.819536 1.802351 1.782364 1.759731 1.734622 1.707222 1.677724 1.646314 1.613239 1.578731 1.542987 1.506219 1.468635 1.430441
0.6249575 0.6470667 0.6701193 0.6941459 0.7191739 0.7452309 0.7723405 0.8005248 0.8298019 0.8601862 0.8916873 0.9243090 0.9580481 0.9928944 1.028828 1.065820 1.103832 1.142810 1.182690 1.223392 1.264823 1.306872 1.349412 1.392300 1.435376 1.478464 1.521372 1.563892 1.605803 1.646873 1.686858 1.725510 1.762555 1.797761 1.830914 1.861753 1.890042 1.915562 1.938114 1.957515 1.973612 1.986271 1.995389 2.000890 2.002729 2.000890 1.995389 1.986271 1.973612 1.957516 1.938114 1.915563 1.890043 1.861754 1.830915 1.797763 1.762556 1.725511 1.686860 1.646875 1.605805 1.563894 1.521374
0.6444320 0.6678663 0.6923391 0.7178859 0.7445420 0.7723407 0.8013127 0.8314869 0.8628891 0.8955401 0.9294563 0.9646482 1.001119 1.038864 1.077868 1.118105 1.159540 1.202120 1.245780 1.290437 1.335992 1.382326 1.429303 1.476764 1.524532 1.572410 1.620180 1.667608 1.714443 1.760414 1.805247 1.848657 1.890376 1.930093 1.967483 2.002285 2.034237 2.063087 2.088598 2.110560 2.128788 2.143131 2.153464 2.159700 2.161785 2.159700 2.153464 2.143131 2.128788 2.110559 2.088598 2.063087 2.034238 2.002285 1.967483 1.930094 1.890377 1.848658 1.805248 1.760416 1.714445 1.667610 1.620182
0.6645128 0.6893471 0.7153225 0.7424827 0.7708695 0.8005247 0.8314869 0.8637935 0.8974780 0.9325707 0.9690960 1.007073 1.046511 1.087414 1.129774 1.173570 1.218770 1.265324 1.313168 1.362217 1.412366 1.463491 1.515441 1.568044 1.621104 1.674399 1.727685 1.780696 1.833141 1.884716 1.935097 1.983948 2.030908 2.075657 2.117893 2.157266 2.193452 2.226151 2.255089 2.280015 2.300716 2.317009 2.328751 2.335839 2.338208 2.335839 2.328751 2.317009 2.300716 2.280015 2.255089 2.226152 2.193453 2.157267 2.117894 2.075657 2.030909 1.983949 1.935098 1.884718 1.833143 1.780697 1.727687
0.6851993 0.7115098 0.7390740 0.7679435 0.7981690 0.8298011 0.8628882 0.8974773 0.9336126 0.9713334 1.010675 1.051667 1.094329 1.138674 1.184702 1.232400 1.281743 1.332685 1.385163 1.439093 1.494366 1.550850 1.608384 1.666779 1.725818 1.785253 1.844810 1.904182 1.963042 2.021035 2.077790 2.132923 2.186065 2.236795 2.284677 2.329347 2.370440 2.407606 2.440520 2.468890 2.492463 2.511024 2.524405 2.532483 2.535184 2.532483 2.524405 2.511024 2.492463 2.468891 2.440520 2.407606 2.370440 2.329348 2.284678 2.236796 2.186066 2.132925 2.077792 2.021038 1.963045 1.904185 1.844812
0.7064868 0.7343526 0.7635945 0.7942737 0.8264502 0.8601860 0.8955397 0.9325706 0.9713339 1.011883 1.054264 1.098519 1.144682 1.192776 1.242813 1.294791 1.348692 1.404480 1.462095 1.521454 1.582447 1.644935 1.708745 1.773674 1.839480 1.905889 1.972587 2.039230 2.105439 2.170806 2.234897 2.297259 2.357401 2.414878 2.469266 2.520082 2.566881 2.609244 2.646790 2.679173 2.706093 2.727297 2.742589 2.751822 2.754910 2.751823 2.742589 2.727298 2.706093 2.679172 2.646790 2.609244 2.566881 2.520082 2.469266 2.414878 2.357401 2.297259 2.234897 2.170806 2.105440 2.039231 1.972588
0.7283666 0.7578693 0.7888807 0.8214726 0.8557177 0.8916881 0.9294572 0.9690967 1.010677 1.054265 1.099923 1.147709 1.197670 1.249846 1.304264 1.360935 1.419855 1.480995 1.544305 1.609707 1.677090 1.746311 1.817187 1.889497 1.962978 2.037320 2.112174 2.187144 2.261796 2.335657 2.408226 2.478978 2.547398 2.612908 2.674912 2.732897 2.786349 2.834780 2.877734 2.914806 2.945638 2.969936 2.987462 2.998046 3.001586 2.998046 2.987462 2.969936 2.945638 2.914806 2.877733 2.834780 2.786349 2.732897 2.674911 2.612907 2.547397 2.478977 2.408226 2.335658 2.261797 2.187144 2.112175
0.7508236 0.7820460 0.8149207 0.8495327 0.8859662 0.9243091 0.9646484 1.007073 1.051668 1.098519 1.147708 1.199309 1.253389 1.310009 1.369212 1.431029 1.495470 1.562525 1.632152 1.704284 1.778811 1.855591 1.934432 2.015095 2.097293 2.180682 2.264867 2.349400 2.433776 2.517452 2.599837 2.680308 2.758192 2.832860 2.903708 2.970066 3.031305 3.086840 3.136133 3.178699 3.214120 3.242042 3.262189 3.274358 3.278429 3.274359 3.262190 3.242043 3.214121 3.178699 3.136133 3.086840 3.031306 2.970067 2.903709 2.832860 2.758192 2.680309 2.599838 2.517454 2.433778 2.349401 2.264869
0.7738433 0.8068692 0.8417037 0.8784441 0.9171911 0.9580476 1.001119 1.046511 1.094330 1.144682 1.197669 1.253389 1.311934 1.373386 1.437813 1.505269 1.575787 1.649375 1.726011 1.805640 1.888162 1.973436 2.061264 2.151394 2.243513 2.337240 2.432129 2.527668 2.623280 2.718328 2.812126 2.903946 2.993060 3.078664 3.159926 3.236111 3.306492 3.370374 3.427116 3.476145 3.516959 3.549146 3.572373 3.586406 3.591100 3.586406 3.572374 3.549147 3.516960 3.476145 3.427116 3.370374 3.306493 3.236113 3.159927 3.078665 2.993062 2.903948 2.812129 2.718331 2.623284 2.527671 2.432132
0.7974042 0.8323190 0.8692097 0.9081907 0.9493784 0.9928949 1.038864 1.087415 1.138675 1.192776 1.249846 1.310009 1.373387 1.440089 1.510215 1.583848 1.661049 1.741854 1.826267 1.914252 2.005724 2.100551 2.198533 2.299408 2.402836 2.508399 2.615595 2.723841 2.832470 2.940740 3.047841 3.152904 3.254986 3.353192 3.446643 3.534391 3.615544 3.689264 3.754791 3.811440 3.858617 3.895831 3.922693 3.938922 3.944351 3.938922 3.922693 3.895830 3.858616 3.811438 3.754790 3.689262 3.615543 3.534391 3.446642 3.353191 3.254985 3.152902 3.047841 2.940741 2.832470 2.723841 2.615595
0.8214768 0.8583648 0.8974106 0.9387442 0.9825027 1.028828 1.077868 1.129773 1.184702 1.242813 1.304263 1.369212 1.437813 1.510214 1.586551 1.666943 1.751491 1.840266 1.933305 2.030602 2.132100 2.237677 2.347145 2.460230 2.576575 2.695717 2.817098 2.940051 3.063807 3.187498 3.310170 3.430800 3.548343 3.661654 3.769551 3.870968 3.964854 4.050215 4.126133 4.191796 4.246499 4.289658 4.320816 4.339643 4.345940 4.339643 4.320815 4.289658 4.246498 4.191795 4.126132 4.050213 3.964854 3.870968 3.769551 3.661652 3.548342 3.430799 3.310171 3.187499 3.063808 2.940051 2.817099
0.8460304 0.8849771 0.9262750 0.9700752 1.016535 1.065821 1.118105 1.173570 1.232401 1.294791 1.360935 1.431029 1.505269 1.583847 1.666943 1.754726 1.847342 1.944911 2.047516 2.155192 2.267917 2.385602 2.508070 2.635051 2.766168 2.900925 3.038694 3.178719 3.320109 3.461849 3.602804 3.741741 3.877318 4.008227 4.133179 4.250801 4.359802 4.458976 4.547229 4.623587 4.687216 4.737423 4.773672 4.795576 4.802903 4.795576 4.773672 4.737423 4.687214 4.623586 4.547227 4.458974 4.359801 4.250800 4.133177 4.008225 3.877316 3.741740 3.602804 3.461849 3.320109 3.178718 3.038692
0.8710244 0.9121127 0.9557602 1.002139 1.051432 1.103831 1.159539 1.218769 1.281743 1.348692 1.419853 1.495470 1.575787 1.661048 1.751490 1.847341 1.948808 2.056072 2.169277 2.288516 2.413820 2.545141 2.682334 2.825146 2.973189 3.125931 3.282680 3.442577 3.604594 3.767532 3.930050 4.090677 4.247884 4.400004 4.545319 4.682249 4.809252 4.924883 5.027822 5.116910 5.191151 5.249736 5.292031 5.317588 5.326137 5.317588 5.292031 5.249735 5.191150 5.116908 5.027822 4.924883 4.809252 4.682248 4.545317 4.400003 4.247883 4.090677 3.930051 3.767534 3.604595 3.442577 3.282681
0.8964158 0.9397267 0.9858188 1.034889 1.087144 1.142810 1.202119 1.265324 1.332685 1.404480 1.480994 1.562525 1.649375 1.741854 1.840266 1.944911 2.056074 2.174013 2.298952 2.431064 2.570450 2.717132 2.871014 3.031875 3.199334 3.372836 3.551620 3.734718 3.920938 4.108876 4.296916 4.483273 4.665985 4.843100 5.012677 5.172689 5.321228 5.456530 5.577013 5.681288 5.768182 5.836741 5.886232 5.916131 5.926133 5.916131 5.886232 5.836741 5.768181 5.681285 5.577011 5.456527 5.321226 5.172687 5.012674 4.843097 4.665982 4.483271 4.296915 4.108875 3.920938 3.734716 3.551618
0.9221506 0.9677621 1.016391 1.068259 1.123607 1.182689 1.245779 1.313167 1.385163 1.462094 1.544304 1.632151 1.726011 1.826266 1.933305 2.047515 2.169277 2.298951 2.436863 2.583288 2.738434 2.902411 3.075207 3.256661 3.446422 3.643924 3.848350 4.058612 4.273338 4.490864 4.709263 4.926375 5.139905 5.347356 5.546151 5.733902 5.908297 6.067204 6.208707 6.331156 6.433165 6.513626 6.571687 6.606759 6.618488 6.606759 6.571687 6.513625 6.433164 6.331155 6.208706 6.067201 5.908297 5.733900 5.546149 5.347353 5.139903 4.926373 4.709263 4.490864 4.273339 4.058612 3.848350
0.9481711 0.9961576 1.047411 1.102183 1.160746 1.223393 1.290437 1.362217 1.439093 1.521454 1.609707 1.704284 1.805641 1.914251 2.030603 2.155193 2.288517 2.431064 2.583289 2.745609 2.918365 3.101803 3.296031 3.500985 3.716383 3.941677 4.176007 4.418169 4.666581 4.919284 5.173944 5.427905 5.678206 5.921845 6.155816 6.377032 6.582613 6.769939 6.936707 7.080951 7.201050 7.295724 7.364010 7.405241 7.419029 7.405241 7.364009 7.295724 7.201049 7.080948 6.936707 6.769937 6.582612 6.377030 6.155813 5.921843 5.678203 5.427902 5.173943 4.919283 4.666580 4.418167 4.176005
0.9744106 1.024840 1.078800 1.136574 1.198471 1.264823 1.335992 1.412366 1.494367 1.582446 1.677089 1.778811 1.888162 2.005723 2.132099 2.267917 2.413820 2.570449 2.738433 2.918364 3.110766 3.316072 3.534564 3.766333 4.011216 4.268729 4.538004 4.817729 5.106101 5.400799 5.699008 5.997465 6.292614 6.580569 6.857324 7.119145 7.362491 7.584166 7.781380 7.951817 8.093592 8.205256 8.285736 8.334304 8.350539 8.334305 8.285736 8.205256 8.093591 7.951816 7.781380 7.584164 7.362490 7.119144 6.857322 6.580566 6.292614 5.997465 5.699008 5.400800 5.106102 4.817729 4.538005
1.000796 1.053729 1.110471 1.171339 1.236680 1.306873 1.382326 1.463491 1.550851 1.644935 1.746310 1.855592 1.973437 2.100551 2.237677 2.385603 2.545142 2.717132 2.902411 3.101802 3.316073 3.545907 3.791830 4.054170 4.332959 4.627855 4.938036 5.262115 5.598055 5.943128 6.293897 6.646293 6.995672 7.337223 7.666096 7.977417 8.266714 8.530039 8.764046 8.966002 9.133772 9.265739 9.360755 9.418053 9.437200 9.418053 9.360755 9.265739 9.133770 8.966001 8.764043 8.530035 8.266711 7.977414 7.666092 7.337218 6.995668 6.646288 6.293894 5.943126 5.598053 5.262113 4.938034
1.027246 1.082738 1.142328 1.206371 1.275257 1.349412 1.429303 1.515440 1.608385 1.708745 1.817187 1.934432 2.061265 2.198533 2.347145 2.508070 2.682336 2.871014 3.075208 3.296030 3.534566 3.791830 4.068700 4.365838 4.683593 5.021866 5.379987 5.756559 6.149334 6.555110 6.969710 7.388047 7.804366 8.212310 8.605347 8.977391 9.322847 9.636859 9.915411 10.15534 10.35427 10.51048 10.62279 10.69045 10.71305 10.69045 10.62279 10.51048 10.35427 10.15534 9.915410 9.636858 9.322846 8.977389 8.605345 8.212308 7.804364 7.388044 6.969710 6.555111 6.149335 5.756558 5.379987
1.053673 1.111769 1.174264 1.241553 1.314072 1.392301 1.476764 1.568044 1.666780 1.773674 1.889497 2.015096 2.151395 2.299408 2.460230 2.635052 2.825147 3.031875 3.256661 3.500985 3.766334 4.054171 4.365839 4.702491 5.064943 5.453520 5.867854 6.306677 6.767585 7.246885 7.739461 8.238861 8.737428 9.226995 9.699306 10.14627 10.56070 10.93658 11.26915 11.55484 11.79108 11.97616 12.10898 12.18889 12.21557 12.18889 12.10898 11.97616 11.79107 11.55483 11.26915 10.93658 10.56070 10.14627 9.699306 9.226994 8.737426 8.238858 7.739460 7.246885 6.767585 6.306677 5.867855
1.079982 1.140715 1.206161 1.276754 1.352981 1.435376 1.524532 1.621103 1.725818 1.839479 1.962977 2.097292 2.243513 2.402835 2.576574 2.766168 2.973189 3.199334 3.446422 3.716382 4.011217 4.332958 4.683591 5.064941 5.478525 5.925327 6.405550 6.918272 7.461117 8.029900 8.618423 9.218469 9.820196 10.41248 10.98390 11.52396 12.02352 12.47514 12.87327 13.21400 13.49479 13.71412 13.87116 13.96549 13.99695 13.96549 13.87116 13.71412 13.49479 13.21400 12.87327 12.47514 12.02352 11.52396 10.98389 10.41248 9.820196 9.218468 8.618423 8.029900 7.461120 6.918273 6.405551
1.106073 1.169467 1.237893 1.311834 1.391825 1.478464 1.572409 1.674399 1.785252 1.905887 2.037319 2.180682 2.337240 2.508398 2.695716 2.900925 3.125931 3.372835 3.643924 3.941677 4.268730 4.627855 5.021866 5.453520 5.925327 6.439306 6.996607 7.597079 8.238677 8.916916 9.624337 10.35036 11.08151 11.80277 12.49890 13.15551 13.76063 14.30516 14.78280 15.18958 15.52334 15.78307 15.96850 16.07966 16.11670 16.07966 15.96849 15.78307 15.52334 15.18958 14.78280 14.30516 13.76063 13.15551 12.49890 11.80277 11.08151 10.35036 9.624337 8.916917 8.238680 7.597079 6.996608
1.131841 1.197903 1.269328 1.346643 1.430438 1.521372 1.620180 1.727685 1.844810 1.972586 2.112173 2.264867 2.432129 2.615595 2.817098 3.038694 3.282681 3.551619 3.848351 4.176006 4.538005 4.938035 5.379987 5.867854 6.405550 6.996607 7.643741 8.348207 9.108975 9.921684 10.77767 11.66335 12.56061 13.44796 14.30328 15.10705 15.84368 16.50228 17.07612 17.56178 17.95806 18.26505 18.48344 18.61408 18.65755 18.61408 18.48344 18.26505 17.95806 17.56178 17.07612 16.50228 15.84369 15.10705 14.30328 13.44796 12.56061 11.66335 10.77767 9.921687 9.108979 8.348209 7.643744
1.157170 1.225897 1.300320 1.381016 1.468631 1.563893 1.667608 1.780696 1.904182 2.039229 2.187143 2.349400 2.527668 2.723840 2.940051 3.178718 3.442577 3.734718 4.058612 4.418168 4.817729 5.262114 5.756558 6.306675 6.918272 7.597077 8.348207 9.175410 10.07981 11.05828 12.10141 13.19186 14.30390 15.40633 16.46719 17.45839 18.35949 19.15793 19.84759 20.42668 20.89604 21.25768 21.51394 21.66680 21.71760 21.66680 21.51394 21.25768 20.89604 20.42668 19.84759 19.15793 18.35949 17.45839 16.46719 15.40633 14.30390 13.19186 12.10141 11.05828 10.07981 9.175412 8.348212
