T1-compare/1.0/model.grd
DSAA
          90          90
  -15.00000       15.00000    
  -15.00000       15.00000    
  0.5056110       90.28906    
[rows 28 to 55 of 90, columns 0 to 62 of 90]
1.181948 1.253318 1.330722 1.414786 1.506216 1.605803 1.714443 1.833141 1.963045 2.105440 2.261795 2.433776 2.623281 2.832469 3.063807 3.320108 3.604596 3.920938 4.273339 4.666580 5.106102 5.598054 6.149336 6.767583 7.461119 8.238676 9.108976 10.07981 11.15651 12.33942 13.62021 14.97770 16.37567 17.76559 19.09696 20.32921 21.43624 22.40533 23.23310 23.92154 24.47514 24.89910 25.19815 25.37601 25.43504 25.37601 25.19815 24.89910 24.47515 23.92154 23.23310 22.40533 21.43624 20.32921 19.09696 17.76559 16.37567 14.97771 13.62022 12.33942 11.15652 10.07981 9.108982
1.206046 1.280026 1.360374 1.447771 1.542983 1.646872 1.760413 1.884716 2.021035 2.170805 2.335655 2.517451 2.718328 2.940741 3.187497 3.461849 3.767533 4.108875 4.490864 4.919283 5.400799 5.943127 6.555110 7.246884 8.029900 8.916914 9.921685 11.05828 12.33942 13.77327 15.35728 17.06870 18.85489 20.63654 22.33037 23.87480 25.23875 26.41375 27.40373 28.21791 28.86690 29.36055 29.70710 29.91257 29.98064 29.91257 29.70710 29.36055 28.86690 28.21791 27.40373 26.41375 25.23876 23.87480 22.33037 20.63654 18.85489 17.06870 15.35728 13.77328 12.33943 11.05828 9.921690
1.229349 1.305879 1.389118 1.479792 1.578727 1.686859 1.805247 1.935097 2.077789 2.234896 2.408225 2.599837 2.812125 3.047840 3.310170 3.602804 3.930050 4.296916 4.709263 5.173943 5.699007 6.293896 6.969710 7.739461 8.618421 9.624338 10.77767 12.10141 13.62021 15.35728 17.32660 19.51447 21.84948 24.18933 26.37955 28.32816 30.00798 31.42620 32.60218 33.55754 34.31194 34.88184 35.27993 35.51523 35.59307 35.51523 35.27993 34.88184 34.31195 33.55754 32.60219 31.42620 30.00799 28.32816 26.37955 24.18934 21.84948 19.51448 17.32661 15.35729 13.62022 12.10142 10.77768
1.251732 1.330736 1.416795 1.510654 1.613236 1.725509 1.848657 1.983947 2.132924 2.297258 2.478978 2.680307 2.903946 3.152903 3.430799 3.741742 4.090680 4.483273 4.926375 5.427905 5.997468 6.646291 7.388047 8.238861 9.218470 10.35036 11.66335 13.19186 14.97770 17.06870 19.51447 22.33990 25.46758 28.62353 31.49448 33.95388 36.00870 37.70396 39.08598 40.19494 41.06251 41.71363 42.16621 42.43303 42.52108 42.43303 42.16621 41.71363 41.06251 40.19494 39.08599 37.70396 36.00871 33.95388 31.49448 28.62354 25.46759 22.33990 19.51448 17.06870 14.97772 13.19187 11.66336
1.273088 1.354438 1.443258 1.540155 1.646313 1.762554 1.890377 2.030907 2.186066 2.357402 2.547396 2.758191 2.993062 3.254986 3.548340 3.877316 4.247886 4.665984 5.139904 5.678205 6.292615 6.995670 7.804365 8.737425 9.820196 11.08151 12.56061 14.30390 16.37567 18.85489 21.84947 25.46758 29.68727 33.98783 37.72990 40.78857 43.25986 45.25444 46.85417 48.12431 49.10897 49.84436 50.35265 50.65219 50.75035 50.65219 50.35265 49.84436 49.10896 48.12432 46.85418 45.25444 43.25986 40.78857 37.72991 33.98783 29.68729 25.46759 21.84949 18.85490 16.37568 14.30391 12.56062
1.293280 1.376858 1.468334 1.568124 1.677721 1.797761 1.930092 2.075656 2.236795 2.414876 2.612908 2.832860 3.078664 3.353191 3.661652 4.008226 4.400003 4.843099 5.347355 5.921846 6.580567 7.337222 8.212309 9.226995 10.41248 11.80277 13.44796 15.40633 17.76559 20.63654 24.18933 28.62353 33.98782 39.49192 44.13531 47.80531 50.69774 52.99388 54.81208 56.24387 57.34555 58.16528 58.72908 59.06141 59.16954 59.06141 58.72908 58.16528 57.34555 56.24387 54.81208 52.99389 50.69775 47.80531 44.13532 39.49194 33.98784 28.62354 24.18935 20.63656 17.76561 15.40635 13.44797
1.312164 1.397887 1.491829 1.594408 1.707218 1.830915 1.967483 2.117894 2.284677 2.469266 2.674912 2.903710 3.159925 3.446643 3.769550 4.133180 4.545320 5.012678 5.546151 6.155817 6.857326 7.666094 8.605348 9.699307 10.98390 12.49890 14.30328 16.46719 19.09696 22.33037 26.37955 31.49448 37.72990 44.13531 49.51188 53.71766 56.99636 59.57475 61.60109 63.18730 64.40215 65.30299 65.92097 66.28466 66.40288 66.28465 65.92096 65.30299 64.40215 63.18730 61.60110 59.57475 56.99638 53.71767 49.51189 44.13532 37.72992 31.49450 26.37958 22.33039 19.09699 16.46721 14.30330
1.329640 1.417372 1.513610 1.618805 1.734619 1.861753 2.002284 2.157269 2.329345 2.520082 2.732894 2.970067 3.236110 3.534391 3.870966 4.250805 4.682250 5.172688 5.733898 6.377034 7.119145 7.977417 8.977391 10.14627 11.52396 13.15551 15.10705 17.45839 20.32921 23.87480 28.32816 33.95388 40.78857 47.80530 53.71766 58.35069 61.95723 64.78454 66.99922 68.72722 70.04727 71.02381 71.69278 72.08593 72.21375 72.08593 71.69278 71.02381 70.04727 68.72723 66.99923 64.78455 61.95725 58.35070 53.71768 47.80531 40.78859 33.95390 28.32818 23.87482 20.32924 17.45841 15.10707
1.345599 1.435186 1.533539 1.641144 1.759729 1.890041 2.034239 2.193452 2.370437 2.566878 2.786349 3.031304 3.306489 3.615542 3.964854 4.359802 4.809251 5.321226 5.908296 6.582614 7.362490 8.266714 9.322847 10.56070 12.02351 13.76063 15.84369 18.35949 21.43623 25.23875 30.00799 36.00870 43.25984 50.69774 56.99636 61.95723 65.82944 68.86675 71.24494 73.09844 74.51293 75.55804 76.27351 76.69359 76.83023 76.69359 76.27350 75.55804 74.51293 73.09844 71.24495 68.86676 65.82946 61.95724 56.99638 50.69775 43.25987 36.00871 30.00801 25.23878 21.43626 18.35951 15.84370
1.359945 1.451212 1.551475 1.661268 1.782361 1.915562 2.063087 2.226152 2.407602 2.609245 2.834779 3.086839 3.370372 3.689265 4.050213 4.458976 4.924885 5.456530 6.067201 6.769940 7.584165 8.530036 9.636859 10.93658 12.47514 14.30516 16.50228 19.15793 22.40533 26.41375 31.42620 37.70396 45.25444 52.99389 59.57475 64.78454 68.86674 72.07586 74.59145 76.55257 78.04920 79.15462 79.91125 80.35529 80.49980 80.35529 79.91125 79.15462 78.04921 76.55257 74.59145 72.07587 68.86677 64.78455 59.57476 52.99390 45.25447 37.70399 31.42623 26.41378 22.40536 19.15795 16.50230
1.372583 1.465330 1.567291 1.679029 1.802349 1.938114 2.088597 2.255088 2.440520 2.646787 2.877732 3.136132 3.427113 3.754789 4.126133 4.547228 5.027823 5.577013 6.208705 6.936707 7.781380 8.764047 9.915410 11.26916 12.87327 14.78280 17.07612 19.84759 23.23310 27.40373 32.60218 39.08598 46.85417 54.81208 61.60108 66.99922 71.24494 74.59145 77.21944 79.27023 80.83631 81.99319 82.78524 83.24998 83.40129 83.24998 82.78523 81.99319 80.83631 79.27023 77.21945 74.59145 71.24496 66.99923 61.60110 54.81210 46.85420 39.08600 32.60221 27.40376 23.23314 19.84761 17.07614
1.383422 1.477453 1.580875 1.694290 1.819532 1.957518 2.110557 2.280016 2.468890 2.679172 2.914804 3.178700 3.476140 3.811439 4.191794 4.623588 5.116910 5.681287 6.331153 7.080954 7.951814 8.966002 10.15534 11.55484 13.21400 15.18958 17.56178 20.42668 23.92154 28.21791 33.55753 40.19494 48.12431 56.24387 63.18729 68.72722 73.09844 76.55257 79.27023 81.39368 83.01669 84.21620 85.03776 85.51984 85.67686 85.51984 85.03776 84.21620 83.01669 81.39368 79.27024 76.55257 73.09846 68.72723 63.18732 56.24387 48.12434 40.19497 33.55757 28.21794 23.92158 20.42670 17.56181
1.392392 1.487488 1.592131 1.706934 1.833782 1.973610 2.128788 2.300716 2.492461 2.706091 2.945637 3.214119 3.516958 3.858616 4.246497 4.687215 5.191151 5.768181 6.433167 7.201049 8.093591 9.133774 10.35427 11.79108 13.49479 15.52334 17.95805 20.89603 24.47514 28.86690 34.31194 41.06251 49.10896 57.34554 64.40215 70.04727 74.51292 78.04920 80.83631 83.01669 84.68481 85.91836 86.76362 87.25967 87.42131 87.25967 86.76362 85.91834 84.68481 83.01669 80.83632 78.04921 74.51295 70.04729 64.40218 57.34557 49.10899 41.06253 34.31198 28.86693 24.47519 20.89606 17.95808
1.399438 1.495372 1.600969 1.716876 1.844984 1.986270 2.143126 2.317008 2.511023 2.727294 2.969933 3.242040 3.549144 3.895830 4.289658 4.737425 5.249735 5.836743 6.513625 7.295725 8.205254 9.265738 10.51048 11.97616 13.71412 15.78307 18.26505 21.25768 24.89910 29.36056 34.88184 41.71363 49.84436 58.16528 65.30299 71.02381 75.55804 79.15462 81.99319 84.21620 85.91833 87.17775 88.04112 88.54786 88.71304 88.54786 88.04111 87.17775 85.91836 84.21622 81.99322 79.15462 75.55807 71.02383 65.30301 58.16531 49.84439 41.71366 34.88187 29.36059 24.89913 21.25771 18.26507
1.404507 1.501042 1.607335 1.724032 1.853053 1.995388 2.153462 2.328749 2.524405 2.742588 2.987461 3.262188 3.572371 3.922691 4.320814 4.773671 5.292031 5.886231 6.571689 7.364009 8.285738 9.360753 10.62279 12.10898 13.87116 15.96849 18.48345 21.51394 25.19815 29.70710 35.27993 42.16622 50.35265 58.72909 65.92097 71.69278 76.27351 79.91125 82.78524 85.03777 86.76362 88.04111 88.91719 89.43149 89.59917 89.43149 88.91719 88.04111 86.76364 85.03777 82.78525 79.91126 76.27354 71.69279 65.92098 58.72911 50.35268 42.16625 35.27997 29.70713 25.19819 21.51397 18.48347
1.407559 1.504461 1.611167 1.728346 1.857916 2.000891 2.159698 2.335840 2.532480 2.751821 2.998042 3.274358 3.586404 3.938923 4.339643 4.795576 5.317588 5.916131 6.606759 7.405243 8.334304 9.418055 10.69045 12.18889 13.96549 16.07966 18.61408 21.66680 25.37602 29.91257 35.51523 42.43303 50.65220 59.06141 66.28465 72.08593 76.69359 80.35529 83.24998 85.51984 87.25967 88.54786 89.43147 89.95023 90.11940 89.95023 89.43149 88.54785 87.25967 85.51984 83.25001 80.35531 76.69362 72.08595 66.28468 59.06144 50.65223 42.43306 35.51527 29.91260 25.37605 21.66683 18.61411
1.408584 1.505605 1.612452 1.729789 1.859547 2.002728 2.161785 2.338208 2.535186 2.754910 3.001585 3.278429 3.591100 3.944351 4.345941 4.802904 5.326139 5.926134 6.618490 7.419031 8.350539 9.437201 10.71305 12.21557 13.99695 16.11670 18.65755 21.71760 25.43503 29.98065 35.59307 42.52108 50.75035 59.16954 66.40288 72.21376 76.83023 80.49980 83.40130 85.67687 87.42131 88.71306 89.59915 90.11940 90.28906 90.11942 89.59917 88.71304 87.42132 85.67686 83.40131 80.49982 76.83026 72.21376 66.40291 59.16957 50.75039 42.52111 35.59311 29.98068 25.43508 21.71764 18.65758
1.407559 1.504462 1.611168 1.728346 1.857919 2.000893 2.159700 2.335840 2.532481 2.751823 2.998045 3.274360 3.586404 3.938924 4.339643 4.795578 5.317591 5.916133 6.606761 7.405243 8.334304 9.418055 10.69045 12.18889 13.96549 16.07966 18.61408 21.66680 25.37601 29.91257 35.51523 42.43303 50.65219 59.06141 66.28465 72.08592 76.69359 80.35529 83.24998 85.51984 87.25967 88.54786 89.43149 89.95023 90.11940 89.95023 89.43149 88.54785 87.25967 85.51985 83.25000 80.35531 76.69362 72.08594 66.28468 59.06144 50.65223 42.43306 35.51527 29.91260 25.37606 21.66683 18.61411
1.404506 1.501043 1.607334 1.724031 1.853053 1.995389 2.153462 2.328748 2.524405 2.742589 2.987462 3.262189 3.572372 3.922693 4.320815 4.773672 5.292030 5.886231 6.571689 7.364010 8.285734 9.360756 10.62279 12.10898 13.87116 15.96849 18.48344 21.51394 25.19815 29.70709 35.27993 42.16621 50.35265 58.72908 65.92097 71.69278 76.27351 79.91125 82.78523 85.03776 86.76362 88.04111 88.91719 89.43147 89.59915 89.43147 88.91719 88.04111 86.76362 85.03777 82.78525 79.91126 76.27353 71.69279 65.92098 58.72910 50.35268 42.16625 35.27996 29.70713 25.19818 21.51397 18.48347
1.399439 1.495373 1.600968 1.716876 1.844985 1.986270 2.143128 2.317010 2.511023 2.727295 2.969933 3.242044 3.549145 3.895829 4.289658 4.737425 5.249734 5.836744 6.513625 7.295725 8.205253 9.265740 10.51048 11.97616 13.71412 15.78307 18.26505 21.25768 24.89910 29.36055 34.88184 41.71363 49.84436 58.16528 65.30299 71.02381 75.55804 79.15462 81.99319 84.21620 85.91834 87.17775 88.04112 88.54786 88.71304 88.54786 88.04111 87.17775 85.91833 84.21622 81.99322 79.15462 75.55807 71.02383 65.30301 58.16530 49.84439 41.71366 34.88187 29.36059 24.89914 21.25771 18.26507
1.392396 1.487491 1.592132 1.706936 1.833784 1.973611 2.128791 2.300716 2.492462 2.706092 2.945639 3.214121 3.516958 3.858615 4.246497 4.687214 5.191150 5.768183 6.433166 7.201050 8.093590 9.133769 10.35427 11.79108 13.49479 15.52334 17.95806 20.89604 24.47514 28.86690 34.31194 41.06252 49.10896 57.34555 64.40216 70.04727 74.51293 78.04921 80.83631 83.01669 84.68481 85.91836 86.76362 87.25967 87.42132 87.25967 86.76363 85.91836 84.68481 83.01670 80.83633 78.04922 74.51296 70.04729 64.40218 57.34557 49.10900 41.06254 34.31198 28.86693 24.47519 20.89607 17.95808
1.383421 1.477453 1.580875 1.694289 1.819532 1.957517 2.110559 2.280017 2.468888 2.679171 2.914803 3.178701 3.476141 3.811438 4.191794 4.623587 5.116906 5.681284 6.331153 7.080949 7.951814 8.966001 10.15534 11.55484 13.21399 15.18958 17.56178 20.42668 23.92154 28.21791 33.55754 40.19494 48.12432 56.24387 63.18730 68.72723 73.09844 76.55257 79.27023 81.39368 83.01669 84.21622 85.03777 85.51985 85.67688 85.51984 85.03777 84.21620 83.01670 81.39369 79.27026 76.55257 73.09847 68.72723 63.18732 56.24389 48.12434 40.19497 33.55757 28.21795 23.92158 20.42671 17.56181
1.372584 1.465331 1.567293 1.679030 1.802349 1.938113 2.088597 2.255089 2.440520 2.646789 2.877733 3.136133 3.427115 3.754790 4.126130 4.547227 5.027821 5.577011 6.208706 6.936705 7.781376 8.764043 9.915407 11.26915 12.87327 14.78280 17.07612 19.84759 23.23310 27.40373 32.60218 39.08598 46.85418 54.81209 61.60110 66.99923 71.24494 74.59145 77.21945 79.27025 80.83632 81.99322 82.78525 83.24999 83.40131 83.24999 82.78525 81.99320 80.83632 79.27025 77.21947 74.59146 71.24497 66.99924 61.60111 54.81211 46.85421 39.08601 32.60221 27.40377 23.23314 19.84761 17.07614
1.359946 1.451211 1.551477 1.661269 1.782362 1.915563 2.063088 2.226152 2.407605 2.609246 2.834781 3.086840 3.370373 3.689264 4.050215 4.458976 4.924884 5.456530 6.067203 6.769937 7.584162 8.530035 9.636858 10.93658 12.47514 14.30516 16.50228 19.15793 22.40533 26.41375 31.42620 37.70396 45.25444 52.99389 59.57475 64.78455 68.86675 72.07587 74.59145 76.55259 78.04922 79.15463 79.91126 80.35531 80.49981 80.35530 79.91126 79.15462 78.04922 76.55259 74.59146 72.07587 68.86678 64.78455 59.57476 52.99391 45.25447 37.70399 31.42623 26.41378 22.40537 19.15796 16.50230
1.345601 1.435187 1.533542 1.641147 1.759731 1.890042 2.034240 2.193455 2.370441 2.566880 2.786350 3.031308 3.306493 3.615545 3.964857 4.359804 4.809254 5.321228 5.908297 6.582611 7.362492 8.266711 9.322848 10.56070 12.02352 13.76063 15.84369 18.35950 21.43624 25.23876 30.00799 36.00871 43.25986 50.69775 56.99638 61.95725 65.82946 68.86678 71.24496 73.09847 74.51295 75.55807 76.27354 76.69362 76.83026 76.69362 76.27353 75.55807 74.51295 73.09847 71.24497 68.86678 65.82949 61.95726 56.99640 50.69777 43.25988 36.00873 30.00802 25.23879 21.43627 18.35951 15.84371
1.329640 1.417371 1.513610 1.618803 1.734619 1.861753 2.002286 2.157268 2.329345 2.520081 2.732895 2.970065 3.236109 3.534390 3.870966 4.250801 4.682246 5.172686 5.733897 6.377029 7.119143 7.977414 8.977390 10.14627 11.52396 13.15551 15.10705 17.45839 20.32921 23.87481 28.32816 33.95388 40.78857 47.80531 53.71767 58.35071 61.95724 64.78455 66.99924 68.72723 70.04729 71.02383 71.69279 72.08595 72.21376 72.08595 71.69279 71.02383 70.04729 68.72723 66.99925 64.78455 61.95726 58.35072 53.71769 47.80533 40.78860 33.95390 28.32819 23.87483 20.32924 17.45841 15.10707
1.312165 1.397887 1.491832 1.594407 1.707220 1.830916 1.967483 2.117894 2.284678 2.469266 2.674911 2.903711 3.159927 3.446642 3.769551 4.133178 4.545319 5.012677 5.546149 6.155817 6.857322 7.666093 8.605345 9.699306 10.98390 12.49890 14.30328 16.46719 19.09697 22.33037 26.37955 31.49448 37.72991 44.13532 49.51189 53.71768 56.99638 59.57476 61.60110 63.18732 64.40218 65.30300 65.92099 66.28468 66.40291 66.28468 65.92098 65.30300 64.40218 63.18732 61.60111 59.57476 56.99640 53.71769 49.51191 44.13533 37.72993 31.49450 26.37958 22.33040 19.09699 16.46721 14.30330
1.293281 1.376860 1.468337 1.568124 1.677722 1.797763 1.930094 2.075658 2.236794 2.414876 2.612907 2.832860 3.078664 3.353192 3.661652 4.008226 4.400002 4.843097 5.347353 5.921843 6.580563 7.337220 8.212308 9.226994 10.41248 11.80277 13.44796 15.40634 17.76559 20.63655 24.18934 28.62354 33.98783 39.49193 44.13533 47.80532 50.69775 52.99390 54.81210 56.24389 57.34557 58.16531 58.72911 59.06144 59.16957 59.06144 58.72911 58.16530 57.34557 56.24389 54.81211 52.99391 50.69777 47.80532 44.13533 39.49195 33.98786 28.62355 24.18936 20.63657 17.76562 15.40635 13.44798
