T1-compare/1.0/model_t.grd
DSAA
          90          90
      -15.000000       15.000000
      -15.000000       15.000000
    4.561452E-01       90.144966
[rows 27 to 53 of 90, columns 0 to 60 of 90]
1.049911 1.114869 1.185048 1.261060 1.343434 1.432838 1.530008 1.635787 1.751063 1.876848 2.014305 2.164818 2.329787 2.510898 2.709986 2.929173 3.170861 3.437644 3.732565 4.058937 4.420392 4.821071 5.265208 5.757600 6.303040 6.906115 7.571182 8.301370 9.097940 9.959011 10.878209 11.843388 12.835878 13.831738 14.804406 15.728576 16.583408 17.354151 18.031776 18.611753 19.092646 19.474897 19.759760 19.948671 20.042812 20.042822 19.948690 19.759758 19.474911 19.092648 18.611752 18.031794 17.354170 16.583408 15.728542 14.804391 13.831773 12.835910 11.843359 10.878201 9.958994
1.073819 1.141209 1.214263 1.293421 1.379438 1.472867 1.574699 1.685714 1.806961 1.939571 2.084918 2.244404 2.419749 2.612792 2.825753 3.061053 3.321461 3.610175 3.930799 4.287393 4.684568 5.127396 5.621717 6.173822 6.790524 7.478868 8.245930 9.097940 10.039358 11.071055 12.187880 13.375874 14.610030 15.855159 17.070969 18.219893 19.273293 20.213306 21.031282 21.724894 22.295387 22.745922 23.079983 23.300707 23.410465 23.410473 23.300732 23.079971 22.745909 22.295416 21.724880 21.031309 20.213326 19.273308 18.219885 17.070969 15.855161 14.610042 13.375867 12.187913 11.071056
1.097030 1.167021 1.242830 1.325123 1.414689 1.512242 1.618634 1.734882 1.862137 2.001649 2.154823 2.323487 2.509298 2.714542 2.941692 3.193489 3.473278 3.784687 4.132050 4.520301 4.955018 5.442682 5.990739 6.607379 7.302045 8.084924 8.966914 9.959011 11.071055 12.309558 13.673871 15.150390 16.706213 18.287571 19.829300 21.272787 22.578520 23.727123 24.713366 25.540127 26.213795 26.741856 27.131247 27.387554 27.514713 27.514730 27.387564 27.131241 26.741880 26.213797 25.540113 24.713381 23.727139 22.578548 21.272762 19.829319 18.287573 16.706230 15.150390 13.673828 12.309588
1.119661 1.191953 1.270543 1.356001 1.449041 1.550601 1.661559 1.783047 1.916276 2.062660 2.223783 2.401491 2.597913 2.815462 3.056947 3.325542 3.625055 3.959701 4.334609 4.755621 5.229449 5.764133 6.368843 7.054270 7.832809 8.718690 9.727942 10.878209 12.187880 13.673871 15.346682 17.200094 19.194836 21.245169 23.236200 25.070570 26.696255 28.098646 29.282993 30.262672 31.052692 31.667042 32.117393 32.412647 32.558796 32.558792 32.412643 32.117378 31.667051 31.052708 30.262672 29.282993 28.098637 26.696274 25.070572 23.236208 21.245171 19.194811 17.200096 15.346663 13.673897
1.141395 1.216107 1.297328 1.385813 1.482358 1.587845 1.703237 1.829856 1.969003 2.122170 2.291145 2.477939 2.684958 2.914814 3.170663 3.456192 3.775517 4.133790 4.536705 4.991146 5.505214 6.088330 6.751848 7.509237 8.376347 9.372098 10.518974 11.843388 13.375874 15.150390 17.200094 19.544058 22.150986 24.882288 27.510651 29.864714 31.888868 33.591881 35.002892 36.153294 37.070995 37.778893 38.294807 38.631744 38.798115 38.798103 38.631729 38.294800 37.778877 37.071011 36.153305 35.002880 33.591858 31.888853 29.864719 27.510668 24.882263 22.151001 19.544025 17.200123 15.150427
1.162137 1.239206 1.323014 1.414482 1.514317 1.623609 1.743461 1.875119 2.020010 2.179792 2.356529 2.552269 2.769635 3.011703 3.281821 3.584143 3.923393 4.305206 4.736272 5.224395 5.779048 6.411386 7.134976 7.966109 8.924607 10.034688 11.326139 12.835878 14.610030 16.706213 19.194836 22.151011 25.599899 29.334063 32.862297 35.881870 38.378422 40.421051 42.080502 43.414501 44.467716 45.274059 45.858593 46.238949 46.426373 46.426357 46.238937 45.858604 45.274094 44.467728 43.414505 42.080494 40.421055 38.378387 35.881878 32.862301 29.334059 25.599916 22.150974 19.194820 16.706253
1.181898 1.261126 1.347451 1.441693 1.544829 1.657760 1.781888 1.918334 2.068829 2.235153 2.419307 2.623777 2.851389 3.105327 3.389456 3.708295 4.067069 4.472199 4.931046 5.452639 6.047687 6.729115 7.512790 8.417966 9.468498 10.694126 12.132487 13.831738 15.855159 18.287571 21.245193 24.882288 29.334038 34.333839 38.956734 42.728619 45.734810 48.134727 50.051807 51.574474 52.766163 53.672714 54.326866 54.751171 54.959900 54.959908 54.751190 54.326862 53.672722 52.766167 51.574474 50.051823 48.134727 45.734825 42.728611 38.956730 34.333855 29.334021 24.882288 21.245159 18.287588
1.200423 1.281763 1.370462 1.467403 1.573574 1.690130 1.818206 1.959314 2.115206 2.287709 2.479100 2.691961 2.929390 3.194822 3.492482 3.827312 4.205170 4.632935 5.118921 5.673127 6.307655 7.037138 7.879644 8.857395 9.998240 11.337287 12.919660 14.804432 17.070969 19.829300 23.236200 27.510651 32.862297 38.956760 44.549011 49.018314 52.510357 55.255745 57.423801 59.131035 60.458599 61.463577 62.186161 62.653751 62.883442 62.883442 62.653767 62.186161 61.463570 60.458599 59.131073 57.423782 55.255718 52.510357 49.018288 44.549007 38.956783 32.862240 27.510654 23.236197 19.829283
1.217708 1.300942 1.391900 1.491340 1.600517 1.720301 1.852197 1.997785 2.158727 2.337096 2.535343 2.756207 3.002943 3.279384 3.589987 3.940131 4.336131 4.785590 5.297584 5.883107 6.555496 7.331079 8.230007 9.277290 10.504380 11.951286 13.669883 15.728576 18.219866 21.272787 25.070597 29.864714 35.881870 42.728619 49.018314 54.042580 57.950794 61.005280 63.403770 65.283211 66.738747 67.837044 68.624817 69.133705 69.383446 69.383446 69.133705 68.624809 67.837021 66.738716 65.283226 63.403793 61.005276 57.950802 54.042553 49.018341 42.728611 35.881912 29.864777 25.070604 21.272745
1.233566 1.318627 1.411620 1.513505 1.625283 1.748186 1.883717 2.033288 2.199007 2.382870 2.587568 2.815886 3.071426 3.358094 3.680902 4.045427 4.458556 4.928440 5.464910 6.079908 6.787926 7.606869 8.558659 9.670871 10.978159 12.524728 14.367914 16.583408 19.273268 22.578545 26.696255 31.888844 38.378422 45.734837 52.510357 57.950794 62.193645 65.509415 68.109344 70.142708 71.714333 72.898216 73.746162 74.293335 74.561691 74.561691 74.293335 73.746124 72.898209 71.714325 70.142723 68.109344 65.509407 62.193657 57.950809 52.510384 45.734810 38.378437 31.888844 26.696278 22.578541
1.247938 1.334687 1.429559 1.533548 1.647808 1.773591 1.912330 2.065687 2.235775 2.424707 2.635231 2.870515 3.134056 3.430286 3.764276 4.142111 4.571044 5.059805 5.618881 6.261073 7.001912 7.860606 8.860873 10.032269 11.412187 13.048212 15.001896 17.354151 20.213306 23.727123 28.098619 33.591881 40.421051 48.134727 55.255745 61.005280 65.509415 69.038177 71.807777 73.973915 75.647461 76.907333 77.809151 78.390831 78.675995 78.676003 78.390831 77.809143 76.907318 75.647446 73.973907 71.807770 69.038177 65.509415 61.005257 55.255745 48.134754 40.421013 33.591888 28.098646 23.727114
1.260728 1.348954 1.445513 1.551453 1.667957 1.796236 1.937922 2.094703 2.268651 2.462197 2.678039 2.919474 3.190317 3.495162 3.839278 4.229142 4.672376 5.178152 5.757633 6.424319 7.194709 8.089087 9.132582 10.356613 11.800558 13.514675 15.563590 18.031776 21.031282 24.713392 29.282993 35.002892 42.080502 50.051807 57.423801 63.403770 68.109344 71.807777 74.716347 76.993713 78.754036 80.079445 81.028137 81.639969 81.939919 81.939911 81.639977 81.028137 80.079430 78.754036 76.993690 74.716354 71.807770 68.109344 63.403755 57.423782 50.051815 42.080494 35.002903 29.283001 24.713413
1.271852 1.361384 1.459411 1.567036 1.685491 1.816020 1.960236 2.120033 2.297410 2.494954 2.715513 2.962425 3.239676 3.552048 3.905114 4.305542 4.761353 5.282133 5.879562 6.567735 7.363965 8.289466 9.370579 10.639983 12.138818 13.919215 16.047934 18.611753 21.724894 25.540127 30.262697 36.153294 43.414501 51.574474 59.131058 65.283211 70.142708 73.973915 76.993690 79.361679 81.193855 82.574127 83.562408 84.199875 84.512405 84.512405 84.199883 83.562378 82.574127 81.193848 79.361694 76.993690 73.973915 70.142723 65.283203 59.131058 51.574482 43.414497 36.153286 30.262672 25.540083
1.281228 1.371876 1.471203 1.580207 1.700280 1.832710 1.979164 2.141416 2.321771 2.522739 2.747272 2.998840 3.281584 3.600391 3.961078 4.370533 4.837048 5.370589 5.983235 6.689651 7.507766 8.459537 9.572163 10.879503 12.423826 14.258636 16.452211 19.092646 22.295387 26.213795 31.052692 37.070995 44.467716 52.766163 60.458599 66.738716 71.714333 75.647461 78.754036 81.193855 83.083656 84.508392 85.529015 86.187538 86.510422 86.510445 86.187546 85.529015 84.508400 83.083664 81.193871 78.754028 75.647453 71.714325 66.738747 60.458580 52.766205 44.467693 37.070995 31.052706 26.213795
1.288826 1.380328 1.480707 1.590915 1.712306 1.846259 1.994483 2.158823 2.341556 2.545305 2.772998 3.028406 3.315610 3.639673 4.006584 4.423383 4.898596 5.442533 6.067552 6.788763 7.624536 8.597486 9.735485 11.073077 12.653492 14.531205 16.775351 19.474897 22.745922 26.741856 31.667042 37.778893 45.274082 53.672714 61.463577 67.837044 72.898216 76.907333 80.079445 82.574104 84.508392 85.967751 87.013680 87.688766 88.019821 88.019829 87.688751 87.013680 85.967751 84.508408 82.574112 80.079437 76.907333 72.898232 67.837044 61.463596 53.672695 45.274052 37.778908 31.667032 26.741852
1.294585 1.386757 1.487867 1.598937 1.721365 1.856537 2.006068 2.172013 2.356527 2.562360 2.792588 3.050864 3.341475 3.669529 4.041109 4.463489 4.945333 5.497151 6.131558 6.863970 7.713099 8.702022 9.859035 11.219282 12.826565 14.735952 17.017200 19.759760 23.079983 27.131247 32.117393 38.294807 45.858593 54.326866 62.186161 68.624817 73.746162 77.809151 81.028107 83.562408 85.529045 87.013680 88.078217 88.765518 89.102623 89.102623 88.765526 88.078217 87.013687 85.529015 83.562378 81.028137 77.809151 73.746162 68.624809 62.186207 54.326874 45.858566 38.294804 32.117393 27.131247
1.298437 1.391075 1.492701 1.604424 1.727494 1.863403 2.013870 2.180855 2.366585 2.573849 2.805728 3.065923 3.358831 3.689594 4.064368 4.490500 4.976795 5.533902 6.174588 6.914503 7.772600 8.772171 9.941889 11.317189 12.942262 14.872510 17.178082 19.948671 23.300707 27.387554 32.412647 38.631718 46.238949 54.751171 62.653751 69.133705 74.293335 78.390831 81.639969 84.199875 86.187538 87.688766 88.765518 89.460838 89.801926 89.801903 89.460838 88.765511 87.688751 86.187538 84.199883 81.639992 78.390854 74.293335 69.133690 62.653778 54.751190 46.238914 38.631763 32.412636 27.387543
1.300374 1.393253 1.495085 1.607129 1.730567 1.866881 2.017754 2.185289 2.371662 2.579619 2.812341 3.073522 3.367562 3.699664 4.076021 4.504039 4.992596 5.552355 6.196222 6.939886 7.802476 8.807405 9.983420 11.366260 13.000177 14.940815 17.258421 20.042812 23.410465 27.514713 32.558796 38.798115 46.426373 54.959900 62.883442 69.383446 74.561691 78.675995 81.939919 84.512405 86.510445 88.019821 89.102623 89.801926 90.144966 90.144966 89.801918 89.102600 88.019829 86.510437 84.512390 81.939941 78.676003 74.561691 69.383461 62.883453 54.959919 46.426369 38.798103 32.558796 27.514713
1.300389 1.393243 1.495131 1.607110 1.730508 1.866853 2.017779 2.185275 2.371656 2.579640 2.812330 3.073536 3.367549 3.699664 4.076025 4.504061 4.992611 5.552354 6.196220 6.939897 7.802487 8.807404 9.983455 11.366251 13.000184 14.940797 17.258415 20.042822 23.410473 27.514730 32.558792 38.798103 46.426357 54.959908 62.883442 69.383446 74.561668 78.675980 81.939911 84.512405 86.510445 88.019829 89.102623 89.801903 90.144966 90.144966 89.801910 89.102623 88.019821 86.510445 84.512413 81.939934 78.676003 74.561684 69.383446 62.883472 54.959896 46.426365 38.798100 32.558815 27.514698
1.298462 1.391074 1.492700 1.604397 1.727524 1.863407 2.013828 2.180810 2.366608 2.573872 2.805749 3.065944 3.358825 3.689580 4.064339 4.490487 4.976779 5.533879 6.174599 6.914495 7.772584 8.772182 9.941854 11.317166 12.942249 14.872517 17.178082 19.948690 23.300732 27.387564 32.412643 38.631729 46.238937 54.751190 62.653767 69.133705 74.293335 78.390831 81.639977 84.199883 86.187546 87.688751 88.765518 89.460838 89.801918 89.801910 89.460831 88.765511 87.688751 86.187538 84.199875 81.639992 78.390823 74.293335 69.133682 62.653778 54.751171 46.238918 38.631752 32.412640 27.387548
1.294602 1.386751 1.487882 1.598983 1.721371 1.856526 2.006045 2.171978 2.356539 2.562376 2.792596 3.050867 3.341454 3.669514 4.041136 4.463490 4.945352 5.497150 6.131561 6.863943 7.713110 8.702023 9.859039 11.219261 12.826559 14.735948 17.017199 19.759785 23.079971 27.131241 32.117378 38.294800 45.858604 54.326862 62.186161 68.624809 73.746124 77.809143 81.028137 83.562378 85.529015 87.013680 88.078209 88.765511 89.102600 89.102623 88.765518 88.078209 87.013680 85.528992 83.562393 81.028137 77.809151 73.746162 68.624786 62.186188 54.326862 45.858570 38.294807 32.117390 27.131250
1.288855 1.380384 1.480648 1.590895 1.712309 1.846275 1.994455 2.158800 2.341548 2.545259 2.773043 3.028411 3.315620 3.639686 4.006575 4.423382 4.898592 5.442514 6.067536 6.788751 7.624550 8.597491 9.735452 11.073064 12.653519 14.531212 16.775333 19.474911 22.745909 26.741880 31.667051 37.778877 45.274094 53.672722 61.463570 67.837021 72.898209 76.907318 80.079407 82.574127 84.508400 85.967751 87.013680 87.688751 88.019821 88.019821 87.688736 87.013680 85.967758 84.508415 82.574127 80.079391 76.907303 72.898209 67.837044 61.463589 53.672695 45.274078 37.778912 31.667048 26.741880
1.281237 1.371852 1.471168 1.580268 1.700300 1.832697 1.979135 2.141440 2.321790 2.522737 2.747250 2.998823 3.281566 3.600403 3.961096 4.370535 4.837048 5.370608 5.983244 6.689672 7.507743 8.459543 9.572180 10.879518 12.423804 14.258642 16.452206 19.092648 22.295416 26.213797 31.052708 37.071011 44.467728 52.766167 60.458599 66.738716 71.714325 75.647446 78.754036 81.193863 83.083664 84.508408 85.529015 86.187546 86.510437 86.510437 86.187538 85.529007 84.508415 83.083672 81.193863 78.754021 75.647430 71.714340 66.738739 60.458603 52.766212 44.467697 37.070976 31.052725 26.213802
1.271847 1.361377 1.459414 1.567085 1.685460 1.815988 1.960237 2.119998 2.297408 2.494958 2.715484 2.962385 3.239657 3.552083 3.905131 4.305562 4.761343 5.282149 5.879562 6.567735 7.363976 8.289495 9.370573 10.639975 12.138825 13.919209 16.047935 18.611752 21.724880 25.540113 30.262659 36.153305 43.414505 51.574474 59.131073 65.283218 70.142723 73.973907 76.993690 79.361679 81.193871 82.574112 83.562393 84.199883 84.512405 84.512413 84.199875 83.562393 82.574112 81.193848 79.361687 76.993690 73.973885 70.142738 65.283218 59.131073 51.574482 43.414501 36.153290 30.262644 25.540092
1.260735 1.348958 1.445533 1.551458 1.667913 1.796214 1.937909 2.094676 2.268644 2.462186 2.678047 2.919471 3.190360 3.495157 3.839305 4.229149 4.672369 5.178138 5.757620 6.424319 7.194701 8.089084 9.132606 10.356609 11.800542 13.514661 15.563586 18.031794 21.031309 24.713381 29.282993 35.002880 42.080494 50.051823 57.423782 63.403793 68.109344 71.807762 74.716347 76.993690 78.754028 80.079422 81.028137 81.639992 81.939941 81.939934 81.639977 81.028145 80.079391 78.754036 76.993690 74.716354 71.807770 68.109344 63.403793 57.423782 50.051807 42.080486 35.002899 29.283007 24.713409
1.247937 1.334651 1.429581 1.533566 1.647828 1.773569 1.912284 2.065705 2.235771 2.424730 2.635262 2.870490 3.134063 3.430301 3.764301 4.142113 4.571073 5.059797 5.618882 6.261055 7.001900 7.860609 8.860861 10.032257 11.412189 13.048205 15.001905 17.354156 20.213312 23.727125 28.098637 33.591858 40.421055 48.134727 55.255718 61.005276 65.509407 69.038162 71.807770 73.973900 75.647453 76.907333 77.809151 78.390839 78.676003 78.675987 78.390839 77.809158 76.907295 75.647415 73.973885 71.807770 69.038177 65.509415 61.005260 55.255718 48.134754 40.421040 33.591869 28.098637 23.727112
1.233552 1.318625 1.411630 1.513510 1.625273 1.748200 1.883663 2.033337 2.199022 2.382919 2.587554 2.815901 3.071394 3.358130 3.680888 4.045434 4.458557 4.928449 5.464919 6.079914 6.787934 7.606830 8.558667 9.670865 10.978148 12.524739 14.367929 16.583408 19.273294 22.578548 26.696274 31.888853 38.378387 45.734825 52.510357 57.950813 62.193657 65.509415 68.109352 70.142723 71.714340 72.898216 73.746162 74.293350 74.561691 74.561691 74.293343 73.746162 72.898209 71.714340 70.142738 68.109344 65.509422 62.193684 57.950821 52.510361 45.734818 38.378410 31.888853 26.696283 22.578569
