T1-compare/1.0/model_t.grd
DSAA
          90          90
      -15.000000       15.000000
      -15.000000       15.000000
    4.561452E-01       90.144966
[rows 0 to 26 of 90, columns 0 to 60 of 90]
4.561608E-01 4.719219E-01 4.883750E-01 5.052944E-01 5.228035E-01 5.409380E-01 5.594609E-01 5.787180E-01 5.985469E-01 6.189094E-01 6.397548E-01 6.611821E-01 6.832167E-01 7.057368E-01 7.286966E-01 7.521341E-01 7.760258E-01 8.002588E-01 8.247896E-01 8.496712E-01 8.746827E-01 8.999023E-01 9.251775E-01 9.504984E-01 9.757736E-01 1.000752 1.025554 1.049911 1.073819 1.097081 1.119610 1.141395 1.162137 1.181898 1.200423 1.217708 1.233566 1.247938 1.260728 1.271852 1.281279 1.288826 1.294585 1.298437 1.300374 1.300389 1.298462 1.294602 1.288855 1.281288 1.271847 1.260735 1.247937 1.233552 1.217712 1.200420 1.181883 1.162150 1.141362 1.119623 1.097081
4.720237E-01 4.887303E-01 5.060911E-01 5.241881E-01 5.427161E-01 5.620188E-01 5.819759E-01 6.024162E-01 6.236678E-01 6.454143E-01 6.678432E-01 6.908937E-01 7.146493E-01 7.388825E-01 7.636971E-01 7.891001E-01 8.149303E-01 8.412614E-01 8.679869E-01 8.950353E-01 9.224250E-01 9.499611E-01 9.776563E-01 1.005444 1.033085 1.060679 1.087934 1.114818 1.141260 1.166970 1.192004 1.216107 1.239156 1.261126 1.281763 1.300993 1.318627 1.334687 1.348954 1.361384 1.371876 1.380379 1.386757 1.391075 1.393253 1.393243 1.391074 1.386751 1.380333 1.371852 1.361377 1.348958 1.334651 1.318625 1.300931 1.281715 1.261096 1.239178 1.216097 1.191994 1.167000
4.883750E-01 5.060911E-01 5.246034E-01 5.437114E-01 5.636103E-01 5.840234E-01 6.052305E-01 6.272763E-01 6.498207E-01 6.732539E-01 6.973584E-01 7.222235E-01 7.476336E-01 7.738527E-01 8.006995E-01 8.282179E-01 8.562332E-01 8.848519E-01 9.139448E-01 9.435439E-01 9.733227E-01 1.003576 1.033987 1.064417 1.094903 1.125219 1.155347 1.185048 1.214263 1.242779 1.270543 1.297328 1.323014 1.347451 1.370411 1.391900 1.411620 1.429559 1.445513 1.459462 1.471152 1.480656 1.487867 1.492701 1.495085 1.495131 1.492700 1.487882 1.480698 1.471168 1.459440 1.445533 1.429581 1.411656 1.391856 1.370459 1.347422 1.323015 1.297350 1.270576 1.242821
5.052944E-01 5.241881E-01 5.437114E-01 5.640728E-01 5.851755E-01 6.069750E-01 6.296631E-01 6.530352E-01 6.773292E-01 7.024030E-01 7.282766E-01 7.550429E-01 7.825214E-01 8.108134E-01 8.398417E-01 8.696696E-01 9.000816E-01 9.312106E-01 9.628871E-01 9.951558E-01 1.027885 1.061013 1.094308 1.127813 1.161402 1.194910 1.228164 1.261060 1.293472 1.325174 1.356001 1.385813 1.414482 1.441693 1.467403 1.491390 1.513505 1.533548 1.551453 1.567036 1.580258 1.590915 1.598988 1.604424 1.607129 1.607110 1.604397 1.598983 1.590920 1.580242 1.567059 1.551458 1.533566 1.513510 1.491377 1.467390 1.441688 1.414443 1.385828 1.355992 1.325147
5.229053E-01 5.427161E-01 5.636103E-01 5.851755E-01 6.075574E-01 6.308796E-01 6.550171E-01 6.800629E-01 7.060768E-01 7.330389E-01 7.608215E-01 7.896141E-01 8.192001E-01 8.497564E-01 8.812359E-01 9.135240E-01 9.466170E-01 9.805335E-01 1.015128 1.050369 1.086140 1.122474 1.159151 1.196056 1.233099 1.270142 1.306948 1.343434 1.379387 1.414689 1.449041 1.482358 1.514368 1.544829 1.573574 1.600466 1.625283 1.647808 1.667957 1.685440 1.700280 1.712306 1.721365 1.727494 1.730567 1.730559 1.727473 1.721396 1.712283 1.700300 1.685460 1.667913 1.647828 1.625273 1.600453 1.573581 1.544779 1.514321 1.482344 1.449071 1.414688
5.409380E-01 5.620188E-01 5.840234E-01 6.069750E-01 6.308287E-01 6.556042E-01 6.814654E-01 7.082497E-01 7.361336E-01 7.650160E-01 7.948984E-01 8.258987E-01 8.579105E-01 8.909528E-01 9.249237E-01 9.600591E-01 9.960604E-01 1.032996 1.070758 1.109290 1.148593 1.188462 1.228843 1.269502 1.310457 1.351476 1.392318 1.432838 1.472867 1.512242 1.550601 1.587794 1.623609 1.657811 1.690130 1.720301 1.748237 1.773591 1.796236 1.816020 1.832710 1.846259 1.856537 1.863403 1.866881 1.866853 1.863407 1.856526 1.846275 1.832722 1.815988 1.796214 1.773594 1.748200 1.720295 1.690103 1.657787 1.623614 1.587801 1.550606 1.512224
5.595627E-01 5.818741E-01 6.052305E-01 6.296631E-01 6.550680E-01 6.814654E-01 7.090697E-01 7.377095E-01 7.674901E-01 7.985517E-01 8.307099E-01 8.641028E-01 8.986036E-01 9.343382E-01 9.712418E-01 1.009314 1.048510 1.088780 1.130130 1.172330 1.215405 1.259291 1.303788 1.348696 1.394059 1.439481 1.484881 1.530008 1.574699 1.618634 1.661559 1.703237 1.743461 1.781888 1.818206 1.852247 1.883666 1.912279 1.937871 1.960236 1.979164 1.994483 2.006068 2.013870 2.017754 2.017779 2.013853 2.006045 1.994455 1.979135 1.960237 1.937909 1.912284 1.883663 1.852221 1.818191 1.781821 1.743458 1.703282 1.661555 1.618616
5.787180E-01 6.024162E-01 6.272254E-01 6.530352E-01 6.801139E-01 7.083007E-01 7.377095E-01 7.683511E-01 8.003561E-01 8.336154E-01 8.682404E-01 9.041830E-01 9.414867E-01 9.801083E-01 1.020254 1.061604 1.104199 1.148227 1.193392 1.239663 1.287042 1.335370 1.384424 1.434197 1.484402 1.534892 1.585453 1.635787 1.685714 1.734882 1.783047 1.829907 1.875119 1.918334 1.959314 1.997785 2.033339 2.065687 2.094703 2.120033 2.141416 2.158823 2.172013 2.180855 2.185289 2.185250 2.180810 2.171978 2.158800 2.141440 2.119998 2.094702 2.065705 2.033311 1.997759 1.959369 1.918348 1.875062 1.829884 1.783012 1.734888
5.985469E-01 6.236169E-01 6.498716E-01 6.773292E-01 7.060768E-01 7.361336E-01 7.675410E-01 8.004071E-01 8.346019E-01 8.702677E-01 9.075758E-01 9.463007E-01 9.865580E-01 1.028473 1.071878 1.116882 1.163406 1.211484 1.260934 1.311751 1.363859 1.417130 1.471359 1.526466 1.582237 1.638417 1.694793 1.751063 1.806910 1.862137 1.916225 1.969003 2.019960 2.068880 2.115206 2.158727 2.199007 2.235775 2.268651 2.297410 2.321771 2.341556 2.356527 2.366585 2.371662 2.371656 2.366633 2.356539 2.341548 2.321790 2.297408 2.268644 2.235771 2.199022 2.158702 2.115234 2.068846 2.019975 1.968999 1.916257 1.862125
6.189094E-01 6.454652E-01 6.732030E-01 7.024030E-01 7.330389E-01 7.650160E-01 7.985008E-01 8.336154E-01 8.702677E-01 9.086072E-01 9.486747E-01 9.904312E-01 1.034005 1.079352 1.126476 1.175442 1.226258 1.278687 1.332912 1.388816 1.446098 1.504983 1.565019 1.626208 1.688204 1.750836 1.813813 1.876848 1.939571 2.001649 2.062609 2.122170 2.179792 2.235153 2.287709 2.337147 2.382870 2.424707 2.462197 2.494954 2.522739 2.545255 2.562360 2.573824 2.579593 2.579640 2.573872 2.562351 2.545259 2.522737 2.494933 2.462186 2.424730 2.382944 2.337100 2.287724 2.235157 2.179818 2.122169 2.062651 2.001626
6.397548E-01 6.678432E-01 6.973584E-01 7.283275E-01 7.607706E-01 7.949493E-01 8.306590E-01 8.681895E-01 9.075758E-01 9.486747E-01 9.917725E-01 1.036833 1.083912 1.133035 1.184236 1.237549 1.292862 1.350344 1.409820 1.471222 1.534466 1.599489 1.666081 1.734013 1.803108 1.873068 1.943583 2.014356 2.084867 2.154874 2.223783 2.291145 2.356477 2.419358 2.479100 2.535343 2.587568 2.635231 2.678039 2.715513 2.747221 2.773024 2.792588 2.805728 2.812341 2.812330 2.805724 2.792596 2.773043 2.747250 2.715458 2.678022 2.635262 2.587554 2.535366 2.479102 2.419319 2.356497 2.291116 2.223747 2.154866
6.612330E-01 6.908937E-01 7.221726E-01 7.550429E-01 7.895632E-01 8.258987E-01 8.640519E-01 9.041321E-01 9.463007E-01 9.904312E-01 1.036833 1.085436 1.136287 1.189566 1.245125 1.303205 1.363667 1.426533 1.491792 1.559415 1.629266 1.701182 1.775047 1.850740 1.927823 2.006120 2.085238 2.164818 2.244353 2.323436 2.401440 2.477939 2.552269 2.623777 2.691961 2.756207 2.815886 2.870464 2.919474 2.962373 2.998840 3.028406 3.050864 3.065923 3.073522 3.073536 3.065944 3.050841 3.028411 2.998823 2.962411 2.919471 2.870490 2.815876 2.756212 2.691966 2.623811 2.552258 2.477964 2.401480 2.323442
6.832167E-01 7.145984E-01 7.476845E-01 7.824705E-01 8.192001E-01 8.579105E-01 8.986036E-01 9.414867E-01 9.866089E-01 1.034005 1.083861 1.136236 1.191279 1.249010 1.309400 1.372694 1.438750 1.507646 1.579309 1.653818 1.730914 1.810714 1.892839 1.977134 2.063372 2.151110 2.240124 2.329787 2.419749 2.509247 2.597913 2.684958 2.769635 2.851389 2.929390 3.002943 3.071375 3.134056 3.190317 3.239676 3.281584 3.315636 3.341475 3.358831 3.367562 3.367549 3.358851 3.341454 3.315620 3.281566 3.239683 3.190385 3.134063 3.071369 3.002948 2.929357 2.851362 2.769665 2.684932 2.597942 2.509305
7.056859E-01 7.388825E-01 7.738527E-01 8.108643E-01 8.498073E-01 8.909528E-01 9.342873E-01 9.801592E-01 1.028422 1.079403 1.132984 1.189566 1.249010 1.311515 1.377260 1.446116 1.518323 1.593822 1.672617 1.754755 1.840109 1.928612 2.019988 2.114124 2.210677 2.309297 2.409535 2.510898 2.612741 2.714542 2.815462 2.914763 3.011652 3.105327 3.194772 3.279384 3.358094 3.430286 3.495162 3.552048 3.600391 3.639698 3.669529 3.689594 3.699664 3.699664 3.689580 3.669514 3.639686 3.600403 3.552058 3.495157 3.430301 3.358105 3.279340 3.194819 3.105324 3.011690 2.914779 2.815489 2.714543
7.286457E-01 7.636462E-01 8.007504E-01 8.397908E-01 8.812359E-01 9.249237E-01 9.712927E-01 1.020203 1.071878 1.126527 1.184236 1.245125 1.309451 1.377260 1.448610 1.523743 1.602628 1.685423 1.772158 1.862787 1.957272 2.055558 2.157411 2.262659 2.371015 2.482039 2.595163 2.709986 2.825702 2.941641 3.056947 3.170612 3.281821 3.389456 3.492482 3.589987 3.680902 3.764276 3.839304 3.905114 3.961078 4.006584 4.041109 4.064368 4.076021 4.076025 4.064339 4.041111 4.006575 3.961096 3.905131 3.839305 3.764275 3.680888 3.590004 3.492488 3.389433 3.281799 3.170645 3.056930 2.941670
7.520832E-01 7.890491E-01 8.282179E-01 8.696696E-01 9.135240E-01 9.600591E-01 1.009365 1.061553 1.116882 1.175493 1.237498 1.303205 1.372694 1.446116 1.523692 1.605606 1.691857 1.782711 1.878193 1.978253 2.082965 2.192251 2.305928 2.423776 2.545570 2.670696 2.798802 2.929173 3.061002 3.193489 3.325542 3.456141 3.584143 3.708295 3.827363 3.940131 4.045427 4.142111 4.229167 4.305567 4.370533 4.423357 4.463489 4.490475 4.504039 4.504035 4.490487 4.463490 4.423357 4.370535 4.305562 4.229149 4.142113 4.045434 3.940131 3.827345 3.708269 3.584116 3.456135 3.325532 3.193481
7.759749E-01 8.148794E-01 8.562332E-01 9.000816E-01 9.466679E-01 9.961113E-01 1.048561 1.104250 1.163406 1.226258 1.292862 1.363667 1.438750 1.518323 1.602628 1.691908 1.786269 1.885948 1.991024 2.101617 2.217729 2.339368 2.466439 2.598628 2.735662 2.877153 3.022466 3.170861 3.321461 3.473278 3.625055 3.775517 3.923342 4.067069 4.205170 4.336156 4.458556 4.571044 4.672350 4.761353 4.837023 4.898596 4.945333 4.976795 4.992596 4.992611 4.976779 4.945352 4.898592 4.837048 4.761369 4.672369 4.571047 4.458557 4.336133 4.205162 4.067103 3.923421 3.775570 3.625044 3.473244
8.002079E-01 8.412614E-01 8.848519E-01 9.312106E-01 9.804826E-01 1.032996 1.088780 1.148227 1.211433 1.278687 1.350293 1.426533 1.507646 1.593822 1.685423 1.782711 1.885948 1.995330 2.111063 2.233325 2.362240 2.497760 2.639794 2.788350 2.942914 3.103110 3.268314 3.437695 3.610175 3.784687 3.959701 4.133790 4.305206 4.472199 4.632935 4.785590 4.928440 5.059805 5.178152 5.282133 5.370589 5.442533 5.497151 5.533876 5.552355 5.552354 5.533879 5.497150 5.442514 5.370608 5.282149 5.178138 5.059797 4.928449 4.785591 4.632910 4.472189 4.305201 4.133810 3.959733 3.784671
8.247896E-01 8.679869E-01 9.139957E-01 9.629380E-01 1.015077 1.070758 1.130130 1.193392 1.260883 1.332963 1.409820 1.491792 1.579360 1.672668 1.772158 1.878193 1.991024 2.111114 2.238549 2.373754 2.516921 2.668019 2.827105 2.994112 3.168750 3.350493 3.538781 3.732565 3.930799 4.132050 4.334660 4.536705 4.736272 4.931071 5.118896 5.297584 5.464910 5.618881 5.757633 5.879562 5.983260 6.067552 6.131558 6.174588 6.196222 6.196220 6.174599 6.131561 6.067536 5.983244 5.879562 5.757646 5.618882 5.464919 5.297568 5.118930 4.931088 4.736271 4.536722 4.334667 4.132066
8.496203E-01 8.950353E-01 9.434930E-01 9.951558E-01 1.050369 1.109290 1.172330 1.239663 1.311700 1.388816 1.471222 1.559415 1.653818 1.754755 1.862787 1.978253 2.101617 2.233325 2.373805 2.523333 2.682250 2.850876 3.029269 3.217345 3.414911 3.621550 3.836540 4.058937 4.287393 4.520301 4.755621 4.991146 5.224395 5.452639 5.673127 5.883107 6.079908 6.261047 6.424319 6.567760 6.689651 6.788763 6.863970 6.914503 6.939911 6.939897 6.914520 6.863943 6.788751 6.689672 6.567710 6.424319 6.261055 6.079914 5.883083 5.673158 5.452653 5.224395 4.991162 4.755597 4.520274
8.747336E-01 9.223741E-01 9.733227E-01 1.027885 1.086191 1.148543 1.215456 1.287093 1.363809 1.446149 1.534466 1.629266 1.730964 1.840109 1.957272 2.082965 2.217780 2.362189 2.516870 2.682301 2.858940 3.047088 3.247167 3.459176 3.683071 3.918401 4.164582 4.420392 4.684568 4.954967 5.229500 5.505189 5.779023 6.047661 6.307630 6.555496 6.787951 7.001912 7.194709 7.363965 7.507766 7.624536 7.713124 7.772600 7.802476 7.802487 7.772610 7.713110 7.624550 7.507769 7.363951 7.194701 7.001900 6.787959 6.555507 6.307654 6.047670 5.779041 5.505167 5.229481 4.955006
8.999532E-01 9.500120E-01 1.003576 1.061013 1.122474 1.188462 1.259291 1.335319 1.417079 1.504932 1.599489 1.701182 1.810714 1.928612 2.055507 2.192251 2.339368 2.497709 2.668019 2.850927 3.047088 3.257264 3.481802 3.720961 3.974964 4.243472 4.525853 4.821071 5.127396 5.442682 5.764133 6.088330 6.411361 6.729140 7.037138 7.331104 7.606843 7.860606 8.089087 8.289491 8.459562 8.597512 8.702022 8.772171 8.807405 8.807404 8.772182 8.702023 8.597491 8.459543 8.289495 8.089084 7.860609 7.606830 7.331099 7.037150 6.729125 6.411408 6.088325 5.764132 5.442715
9.252284E-01 9.776563E-01 1.033987 1.094308 1.159202 1.228843 1.303788 1.384424 1.471359 1.565019 1.666030 1.775098 1.892839 2.019988 2.157411 2.305928 2.466439 2.639794 2.827105 3.029269 3.247167 3.481751 3.733788 4.003866 4.292313 4.599104 4.923732 5.265208 5.621717 5.990688 6.368843 6.751873 7.134976 7.512790 7.879644 8.230007 8.558659 8.860873 9.132607 9.370579 9.572188 9.735485 9.859035 9.941889 9.983446 9.983455 9.941879 9.859039 9.735477 9.572180 9.370573 9.132606 8.860861 8.558667 8.230026 7.879627 7.512766 7.134974 6.751882 6.368833 5.990734
9.505493E-01 1.005444 1.064417 1.127813 1.196107 1.269552 1.348747 1.434197 1.526466 1.626208 1.734013 1.850740 1.977134 2.114124 2.262710 2.423776 2.598628 2.788350 2.994163 3.217345 3.459176 3.720961 4.003866 4.308845 4.636695 4.987645 5.361623 5.757651 6.173873 6.607405 7.054270 7.509237 7.966109 8.417966 8.857421 9.277290 9.670871 10.032269 10.356613 10.639983 10.879503 11.073077 11.219257 11.317163 11.366260 11.366251 11.317166 11.219261 11.073064 10.879518 10.639975 10.356609 10.032283 9.670865 9.277276 8.857412 8.417933 7.966143 7.509214 7.054267 6.607386
9.757227E-01 1.033187 1.094903 1.161351 1.233048 1.310457 1.394008 1.484402 1.582237 1.688154 1.803108 1.927874 2.063322 2.210677 2.370965 2.545570 2.735662 2.942914 3.168750 3.414911 3.683071 3.974964 4.292262 4.636644 5.009310 5.411240 5.842657 6.302989 6.790524 7.302070 7.832834 8.376347 8.924632 9.468472 9.998240 10.504355 10.978159 11.412187 11.800558 12.138818 12.423826 12.653492 12.826565 12.942262 13.000177 13.000184 12.942249 12.826559 12.653519 12.423804 12.138825 11.800542 11.412189 10.978148 10.504349 9.998244 9.468500 8.924626 8.376369 7.832814 7.302042
1.000752 1.060679 1.125219 1.194859 1.270091 1.351476 1.439481 1.534892 1.638366 1.750836 1.873068 2.006120 2.151110 2.309246 2.481988 2.670747 2.877153 3.103110 3.350493 3.621550 3.918401 4.243472 4.599104 4.987645 5.411240 5.871668 6.369935 6.906140 7.478894 8.084924 8.718690 9.372098 10.034688 10.694151 11.337287 11.951286 12.524728 13.048212 13.514675 13.919189 14.258661 14.531205 14.735952 14.872510 14.940815 14.940823 14.872542 14.735948 14.531212 14.258642 13.919209 13.514661 13.048205 12.524739 11.951303 11.337284 10.694143 10.034707 9.372103 8.718694 8.084923
1.025503 1.087985 1.155347 1.228164 1.306948 1.392318 1.484881 1.585453 1.694742 1.813813 1.943583 2.085289 2.240124 2.409535 2.595213 2.798853 3.022466 3.268314 3.538781 3.836540 4.164531 4.525853 4.923783 5.361623 5.842657 6.369935 6.945682 7.571182 8.245930 8.966914 9.727942 10.518974 11.326139 12.132487 12.919634 13.669883 14.367914 15.001896 15.563615 16.047934 16.452211 16.775326 17.017200 17.178082 17.258394 17.258415 17.178082 17.017174 16.775333 16.452206 16.047935 15.563586 15.001905 14.367917 13.669890 12.919641 12.132457 11.326119 10.518990 9.727919 8.966908
