T1-compare/1.0/mt-f.grd
DSAA
90 90
-15 15
-15 15
-5.178576 5.057057
[rows 0 to 30 of 90, columns 0 to 68 of 90]
-0.08042 -0.08116 -0.08178 -0.08253 -0.08329 -0.08402 -0.08497 -0.08579 -0.08665 -0.08758 -0.08861 -0.08964 -0.09063 -0.09167 -0.09278 -0.0939 -0.095 -0.09616 -0.09736 -0.0985 -0.09973 -0.1009 -0.1021 -0.1032 -0.1042 -0.1053 -0.1063 -0.1073 -0.1081 -0.109 -0.1097 -0.1103 -0.111 -0.1114 -0.1117 -0.1119 -0.112 -0.112 -0.1119 -0.1116 -0.1111 -0.1106 -0.1099 -0.1091 -0.1082 -0.1072 -0.106 -0.1048 -0.1035 -0.1021 -0.1007 -0.09921 -0.09766 -0.09609 -0.09445 -0.09286 -0.09121 -0.08958 -0.08799 -0.08643 -0.08487 -0.08337 -0.08195 -0.08053 -0.07921 -0.07792 -0.0767 -0.07556 -0.07448
-0.08105 -0.08184 -0.08262 -0.08331 -0.08423 -0.08505 -0.08589 -0.08693 -0.08784 -0.08894 -0.09002 -0.09115 -0.09222 -0.09344 -0.09467 -0.09588 -0.09718 -0.09847 -0.09978 -0.1011 -0.1024 -0.1038 -0.1051 -0.1063 -0.1076 -0.1088 -0.11 -0.1111 -0.1121 -0.1131 -0.1139 -0.1146 -0.1153 -0.1157 -0.1161 -0.1164 -0.1166 -0.1165 -0.1164 -0.1161 -0.1156 -0.115 -0.1143 -0.1134 -0.1124 -0.1112 -0.11 -0.1086 -0.1072 -0.1056 -0.104 -0.1023 -0.1005 -0.09875 -0.09695 -0.09514 -0.09334 -0.09156 -0.08979 -0.08803 -0.08632 -0.08466 -0.08307 -0.0815 -0.08005 -0.07863 -0.0773 -0.07602 -0.07486
-0.08178 -0.08262 -0.08336 -0.08423 -0.08505 -0.0861 -0.08711 -0.08805 -0.08925 -0.09034 -0.09152 -0.0927 -0.09407 -0.09536 -0.09671 -0.09806 -0.09953 -0.101 -0.1024 -0.1039 -0.1055 -0.1069 -0.1083 -0.1098 -0.1113 -0.1127 -0.114 -0.1153 -0.1165 -0.1176 -0.1186 -0.1195 -0.1202 -0.1209 -0.1214 -0.1217 -0.1219 -0.1219 -0.1218 -0.1214 -0.121 -0.1203 -0.1195 -0.1185 -0.1174 -0.116 -0.1146 -0.1131 -0.1114 -0.1097 -0.1079 -0.1059 -0.104 -0.102 -0.09997 -0.09788 -0.09584 -0.09378 -0.09177 -0.0898 -0.0879 -0.08607 -0.08427 -0.08254 -0.08095 -0.07938 -0.07792 -0.07655 -0.07523
-0.08253 -0.08331 -0.08423 -0.08512 -0.08608 -0.08717 -0.08822 -0.08945 -0.09061 -0.09187 -0.0932 -0.09449 -0.09592 -0.09738 -0.0989 -0.1004 -0.1021 -0.1037 -0.1054 -0.107 -0.1087 -0.1103 -0.1121 -0.1137 -0.1154 -0.1169 -0.1185 -0.12 -0.1213 -0.1226 -0.1238 -0.1248 -0.1257 -0.1264 -0.127 -0.1274 -0.1276 -0.1277 -0.1276 -0.1273 -0.1267 -0.126 -0.125 -0.1239 -0.1227 -0.1212 -0.1196 -0.1179 -0.116 -0.114 -0.112 -0.1098 -0.1076 -0.1053 -0.103 -0.1007 -0.09847 -0.09621 -0.09396 -0.09178 -0.08964 -0.0876 -0.08559 -0.08367 -0.08188 -0.08014 -0.07854 -0.07701 -0.07564
-0.08318 -0.08423 -0.08505 -0.08608 -0.08719 -0.08829 -0.08952 -0.09081 -0.09209 -0.09341 -0.09489 -0.09635 -0.09799 -0.09962 -0.1013 -0.103 -0.1048 -0.1066 -0.1085 -0.1104 -0.1123 -0.1142 -0.1161 -0.118 -0.1199 -0.1217 -0.1235 -0.1252 -0.1268 -0.1283 -0.1297 -0.1309 -0.1319 -0.1329 -0.1336 -0.1342 -0.1344 -0.1346 -0.1344 -0.1341 -0.1335 -0.1327 -0.1317 -0.1304 -0.129 -0.1274 -0.1256 -0.1236 -0.1215 -0.1192 -0.1169 -0.1145 -0.1119 -0.1093 -0.1068 -0.1041 -0.1015 -0.09892 -0.09639 -0.09392 -0.09153 -0.08921 -0.087 -0.08488 -0.08288 -0.08098 -0.0792 -0.07754 -0.07599
-0.08402 -0.08505 -0.0861 -0.08717 -0.08835 -0.08963 -0.09088 -0.09228 -0.09367 -0.09517 -0.09679 -0.09841 -0.1001 -0.1019 -0.1039 -0.1058 -0.1078 -0.1098 -0.1119 -0.1141 -0.1162 -0.1184 -0.1206 -0.1228 -0.1249 -0.127 -0.1291 -0.1311 -0.1329 -0.1346 -0.1363 -0.1377 -0.1389 -0.14 -0.1408 -0.1415 -0.1418 -0.142 -0.1419 -0.1415 -0.1409 -0.14 -0.1389 -0.1375 -0.1358 -0.134 -0.132 -0.1297 -0.1273 -0.1248 -0.1221 -0.1193 -0.1164 -0.1136 -0.1106 -0.1077 -0.1048 -0.1019 -0.09906 -0.09627 -0.09358 -0.091 -0.0885 -0.08618 -0.08394 -0.08183 -0.07987 -0.07808 -0.07634
-0.08487 -0.08599 -0.08711 -0.08822 -0.08947 -0.09088 -0.09224 -0.09378 -0.0954 -0.09699 -0.09875 -0.1005 -0.1025 -0.1045 -0.1066 -0.1088 -0.111 -0.1133 -0.1157 -0.1181 -0.1206 -0.123 -0.1255 -0.1281 -0.1305 -0.1329 -0.1353 -0.1376 -0.1397 -0.1418 -0.1437 -0.1454 -0.1469 -0.1482 -0.1493 -0.15 -0.1506 -0.1508 -0.1507 -0.1503 -0.1496 -0.1486 -0.1474 -0.1458 -0.144 -0.1419 -0.1396 -0.1371 -0.1343 -0.1314 -0.1284 -0.1252 -0.122 -0.1186 -0.1153 -0.1119 -0.1086 -0.1052 -0.102 -0.09886 -0.09583 -0.09292 -0.09017 -0.08753 -0.08503 -0.08271 -0.08057 -0.07855 -0.07671
-0.08579 -0.08693 -0.0881 -0.08945 -0.09076 -0.09222 -0.09378 -0.09544 -0.09712 -0.09896 -0.1009 -0.1029 -0.105 -0.1073 -0.1095 -0.112 -0.1146 -0.1171 -0.1198 -0.1226 -0.1253 -0.1281 -0.131 -0.1338 -0.1367 -0.1395 -0.1422 -0.1449 -0.1474 -0.1498 -0.1521 -0.154 -0.1558 -0.1573 -0.1586 -0.1595 -0.1601 -0.1605 -0.1604 -0.16 -0.1593 -0.1582 -0.1567 -0.155 -0.1529 -0.1506 -0.1479 -0.145 -0.1419 -0.1386 -0.1351 -0.1315 -0.1277 -0.124 -0.1201 -0.1163 -0.1126 -0.1089 -0.1052 -0.1017 -0.09825 -0.09502 -0.0919 -0.08896 -0.0862 -0.08365 -0.08126 -0.07903 -0.07703
-0.08665 -0.08789 -0.0892 -0.09061 -0.09209 -0.09367 -0.09535 -0.09707 -0.09901 -0.1011 -0.1031 -0.1054 -0.1078 -0.1102 -0.1128 -0.1155 -0.1183 -0.1212 -0.1242 -0.1273 -0.1305 -0.1337 -0.137 -0.1403 -0.1436 -0.1468 -0.15 -0.1531 -0.1561 -0.1589 -0.1616 -0.1639 -0.1661 -0.1679 -0.1695 -0.1706 -0.1714 -0.1718 -0.1719 -0.1715 -0.1707 -0.1695 -0.1679 -0.1659 -0.1635 -0.1608 -0.1578 -0.1545 -0.1509 -0.1471 -0.1431 -0.139 -0.1347 -0.1303 -0.126 -0.1216 -0.1172 -0.113 -0.1088 -0.1048 -0.1009 -0.09725 -0.09376 -0.09047 -0.08741 -0.08456 -0.08193 -0.07951 -0.07728
-0.08758 -0.08889 -0.09039 -0.09187 -0.09341 -0.09517 -0.09704 -0.09896 -0.1011 -0.1033 -0.1056 -0.1081 -0.1107 -0.1134 -0.1163 -0.1193 -0.1224 -0.1258 -0.1292 -0.1326 -0.1363 -0.14 -0.1437 -0.1475 -0.1513 -0.1551 -0.1588 -0.1624 -0.1659 -0.1692 -0.1723 -0.1751 -0.1776 -0.1797 -0.1816 -0.1829 -0.184 -0.1845 -0.1846 -0.1842 -0.1834 -0.182 -0.1802 -0.178 -0.1753 -0.1722 -0.1687 -0.1649 -0.1608 -0.1564 -0.1519 -0.1471 -0.1422 -0.1371 -0.1322 -0.1272 -0.1222 -0.1174 -0.1127 -0.1082 -0.1038 -0.09964 -0.09575 -0.09208 -0.08868 -0.08546 -0.08261 -0.0799 -0.0775
-0.08861 -0.09003 -0.09152 -0.09315 -0.09495 -0.09674 -0.0988 -0.1009 -0.1031 -0.1056 -0.1082 -0.1109 -0.1138 -0.1168 -0.12 -0.1234 -0.127 -0.1307 -0.1345 -0.1385 -0.1426 -0.1468 -0.1511 -0.1555 -0.1599 -0.1643 -0.1686 -0.1728 -0.1769 -0.1808 -0.1844 -0.1878 -0.1909 -0.1936 -0.1958 -0.1976 -0.1988 -0.1995 -0.1997 -0.1993 -0.1984 -0.1969 -0.1949 -0.1923 -0.1892 -0.1857 -0.1817 -0.1773 -0.1726 -0.1676 -0.1623 -0.1568 -0.1511 -0.1453 -0.1395 -0.1338 -0.1281 -0.1225 -0.1171 -0.1119 -0.1069 -0.1022 -0.09783 -0.09372 -0.08992 -0.0864 -0.08319 -0.08024 -0.0776
-0.08959 -0.09115 -0.09275 -0.09449 -0.0964 -0.09841 -0.1006 -0.1029 -0.1054 -0.1081 -0.1109 -0.1139 -0.1171 -0.1204 -0.1241 -0.1278 -0.1318 -0.136 -0.1404 -0.1449 -0.1495 -0.1544 -0.1594 -0.1644 -0.1695 -0.1746 -0.1796 -0.1846 -0.1894 -0.194 -0.1984 -0.2024 -0.2059 -0.2091 -0.2117 -0.2139 -0.2154 -0.2164 -0.2167 -0.2163 -0.2153 -0.2136 -0.2113 -0.2084 -0.2049 -0.2008 -0.1962 -0.1912 -0.1857 -0.1799 -0.1737 -0.1674 -0.1608 -0.1542 -0.1475 -0.1409 -0.1344 -0.1281 -0.1219 -0.116 -0.1103 -0.105 -0.1001 -0.09544 -0.09117 -0.08726 -0.08373 -0.08049 -0.0776
-0.09063 -0.09227 -0.09402 -0.09597 -0.09799 -0.1001 -0.1025 -0.105 -0.1077 -0.1107 -0.1138 -0.1172 -0.1207 -0.1244 -0.1284 -0.1326 -0.137 -0.1417 -0.1467 -0.1518 -0.1572 -0.1627 -0.1684 -0.1743 -0.1801 -0.1861 -0.192 -0.1979 -0.2035 -0.2091 -0.2142 -0.219 -0.2234 -0.2273 -0.2305 -0.2332 -0.2351 -0.2363 -0.2368 -0.2365 -0.2354 -0.2335 -0.2309 -0.2276 -0.2235 -0.2189 -0.2135 -0.2077 -0.2013 -0.1946 -0.1874 -0.18 -0.1724 -0.1647 -0.157 -0.1493 -0.1417 -0.1343 -0.1272 -0.1204 -0.114 -0.108 -0.1023 -0.09717 -0.09239 -0.08805 -0.08413 -0.0806 -0.07747
-0.09172 -0.09344 -0.09536 -0.09733 -0.09957 -0.1019 -0.1046 -0.1073 -0.1103 -0.1134 -0.1169 -0.1204 -0.1244 -0.1286 -0.133 -0.1377 -0.1427 -0.148 -0.1537 -0.1595 -0.1656 -0.1719 -0.1785 -0.1853 -0.1922 -0.1991 -0.2061 -0.2129 -0.2197 -0.2262 -0.2324 -0.2381 -0.2433 -0.2479 -0.2519 -0.255 -0.2574 -0.259 -0.2596 -0.2594 -0.2582 -0.2561 -0.2532 -0.2493 -0.2447 -0.2393 -0.2331 -0.2263 -0.2189 -0.211 -0.2027 -0.1941 -0.1852 -0.1763 -0.1673 -0.1584 -0.1497 -0.1412 -0.1331 -0.1253 -0.1179 -0.1111 -0.1047 -0.09886 -0.09353 -0.08874 -0.08441 -0.08052 -0.07713
-0.09283 -0.09472 -0.09666 -0.09895 -0.1013 -0.1039 -0.1066 -0.1096 -0.1128 -0.1163 -0.12 -0.1241 -0.1284 -0.133 -0.1379 -0.1432 -0.1489 -0.1548 -0.1611 -0.1678 -0.1748 -0.1821 -0.1897 -0.1976 -0.2056 -0.2137 -0.2219 -0.2301 -0.2381 -0.2459 -0.2532 -0.2602 -0.2665 -0.2722 -0.2771 -0.281 -0.284 -0.2859 -0.2868 -0.2867 -0.2854 -0.2831 -0.2797 -0.2753 -0.2699 -0.2636 -0.2565 -0.2485 -0.2399 -0.2307 -0.221 -0.2109 -0.2006 -0.1901 -0.1795 -0.1692 -0.1589 -0.149 -0.1395 -0.1306 -0.1221 -0.1143 -0.1071 -0.1005 -0.09458 -0.08923 -0.08449 -0.08025 -0.07657
-0.09395 -0.09593 -0.09806 -0.1004 -0.103 -0.1058 -0.1087 -0.112 -0.1155 -0.1193 -0.1234 -0.1278 -0.1326 -0.1377 -0.1433 -0.1491 -0.1555 -0.1622 -0.1693 -0.1769 -0.185 -0.1934 -0.2021 -0.2113 -0.2206 -0.2302 -0.2399 -0.2495 -0.2591 -0.2684 -0.2773 -0.2856 -0.2932 -0.2999 -0.3058 -0.3107 -0.3144 -0.3169 -0.3181 -0.318 -0.3167 -0.3141 -0.3102 -0.3051 -0.2989 -0.2915 -0.2832 -0.2739 -0.2639 -0.2531 -0.2417 -0.2298 -0.2177 -0.2054 -0.193 -0.1809 -0.169 -0.1576 -0.1467 -0.1363 -0.1266 -0.1177 -0.1095 -0.1021 -0.09541 -0.08952 -0.08427 -0.07967 -0.07571
-0.09505 -0.09723 -0.09953 -0.1021 -0.1048 -0.1077 -0.111 -0.1145 -0.1183 -0.1224 -0.127 -0.1318 -0.137 -0.1427 -0.1489 -0.1554 -0.1625 -0.1701 -0.1783 -0.1869 -0.1961 -0.2058 -0.2159 -0.2265 -0.2375 -0.2488 -0.2602 -0.2717 -0.2831 -0.2943 -0.305 -0.3152 -0.3245 -0.3329 -0.3401 -0.3461 -0.3507 -0.3538 -0.3555 -0.3556 -0.3541 -0.3511 -0.3467 -0.3408 -0.3335 -0.325 -0.3153 -0.3044 -0.2926 -0.2799 -0.2665 -0.2525 -0.2382 -0.2237 -0.2092 -0.1948 -0.1808 -0.1673 -0.1545 -0.1425 -0.1314 -0.1211 -0.1118 -0.1035 -0.09602 -0.08946 -0.08372 -0.07874 -0.07443
-0.09621 -0.09847 -0.101 -0.1037 -0.1067 -0.1098 -0.1133 -0.1171 -0.1213 -0.1258 -0.1307 -0.136 -0.1417 -0.148 -0.1548 -0.1622 -0.1701 -0.1787 -0.1879 -0.1977 -0.2082 -0.2194 -0.2312 -0.2435 -0.2564 -0.2697 -0.2833 -0.297 -0.3108 -0.3242 -0.3372 -0.3495 -0.3608 -0.3709 -0.3797 -0.3871 -0.3928 -0.3967 -0.3989 -0.3992 -0.3976 -0.3942 -0.3891 -0.3823 -0.3738 -0.3638 -0.3524 -0.3396 -0.3257 -0.3107 -0.2949 -0.2784 -0.2614 -0.2442 -0.2271 -0.2102 -0.1938 -0.1781 -0.1631 -0.1491 -0.1363 -0.1245 -0.1139 -0.1045 -0.09622 -0.08897 -0.0827 -0.0773 -0.07272
-0.09736 -0.09978 -0.1024 -0.1053 -0.1085 -0.1119 -0.1156 -0.1198 -0.1243 -0.1291 -0.1345 -0.1404 -0.1467 -0.1536 -0.1611 -0.1693 -0.1783 -0.1878 -0.1983 -0.2095 -0.2215 -0.2344 -0.2481 -0.2625 -0.2777 -0.2934 -0.3096 -0.326 -0.3425 -0.3588 -0.3746 -0.3897 -0.4036 -0.4163 -0.4273 -0.4363 -0.4434 -0.4483 -0.4511 -0.4516 -0.4499 -0.4461 -0.4401 -0.4322 -0.4223 -0.4105 -0.3971 -0.3821 -0.3656 -0.3479 -0.3291 -0.3096 -0.2894 -0.269 -0.2486 -0.2284 -0.2088 -0.1901 -0.1725 -0.1562 -0.1413 -0.1278 -0.1158 -0.1052 -0.0959 -0.08793 -0.08106 -0.07531 -0.07046
-0.09855 -0.1011 -0.1039 -0.107 -0.1104 -0.1141 -0.1181 -0.1226 -0.1274 -0.1326 -0.1385 -0.1449 -0.1518 -0.1595 -0.1678 -0.1769 -0.1869 -0.1977 -0.2095 -0.2223 -0.2361 -0.2509 -0.2668 -0.2836 -0.3015 -0.3201 -0.3395 -0.3592 -0.3792 -0.399 -0.4183 -0.4368 -0.4538 -0.4692 -0.4827 -0.4939 -0.5027 -0.5089 -0.5124 -0.5132 -0.5114 -0.507 -0.5 -0.4907 -0.4791 -0.4653 -0.4495 -0.4318 -0.4123 -0.3913 -0.369 -0.3456 -0.3216 -0.2971 -0.2727 -0.2487 -0.2256 -0.2035 -0.1828 -0.1637 -0.1463 -0.1308 -0.1171 -0.1051 -0.09482 -0.08609 -0.07872 -0.07256 -0.06748
-0.09968 -0.1025 -0.1055 -0.1087 -0.1123 -0.1163 -0.1205 -0.1253 -0.1306 -0.1363 -0.1426 -0.1495 -0.1572 -0.1656 -0.1748 -0.185 -0.196 -0.2083 -0.2216 -0.2361 -0.2518 -0.269 -0.2874 -0.3072 -0.3281 -0.3503 -0.3734 -0.3973 -0.4215 -0.4458 -0.4695 -0.4923 -0.5136 -0.5329 -0.5497 -0.5636 -0.5745 -0.5823 -0.5867 -0.5879 -0.5858 -0.5807 -0.5726 -0.5617 -0.5481 -0.5318 -0.5131 -0.4921 -0.469 -0.444 -0.4174 -0.3895 -0.3606 -0.3312 -0.3018 -0.2729 -0.2449 -0.2184 -0.1938 -0.1713 -0.1511 -0.1332 -0.1176 -0.1042 -0.09281 -0.08329 -0.0754 -0.06892 -0.06369
-0.1008 -0.1037 -0.1069 -0.1103 -0.1142 -0.1184 -0.123 -0.1282 -0.1338 -0.14 -0.1468 -0.1544 -0.1627 -0.1719 -0.1822 -0.1934 -0.2058 -0.2194 -0.2344 -0.2509 -0.269 -0.2886 -0.31 -0.3332 -0.358 -0.3844 -0.4122 -0.441 -0.4707 -0.5004 -0.5298 -0.558 -0.5843 -0.6081 -0.629 -0.6463 -0.6599 -0.6694 -0.675 -0.6765 -0.6742 -0.6682 -0.6587 -0.6459 -0.6298 -0.6106 -0.5886 -0.5637 -0.5363 -0.5065 -0.4745 -0.441 -0.4061 -0.3706 -0.335 -0.3001 -0.2665 -0.2349 -0.2056 -0.179 -0.1553 -0.1347 -0.117 -0.102 -0.08952 -0.07921 -0.07085 -0.06417 -0.05884
-0.102 -0.1051 -0.1083 -0.1121 -0.1161 -0.1206 -0.1255 -0.131 -0.137 -0.1437 -0.1512 -0.1593 -0.1684 -0.1785 -0.1897 -0.2021 -0.2159 -0.2312 -0.2481 -0.2668 -0.2874 -0.3101 -0.3349 -0.362 -0.3913 -0.4228 -0.4563 -0.4914 -0.5276 -0.5644 -0.6009 -0.6362 -0.6694 -0.6995 -0.7257 -0.7474 -0.7642 -0.776 -0.7828 -0.7848 -0.7821 -0.775 -0.7638 -0.7486 -0.7296 -0.707 -0.6809 -0.6514 -0.6188 -0.5832 -0.5448 -0.5043 -0.462 -0.4187 -0.3753 -0.3327 -0.2916 -0.2531 -0.2178 -0.1863 -0.1586 -0.1348 -0.1148 -0.09811 -0.08451 -0.07353 -0.06484 -0.05806 -0.05284
-0.1031 -0.1063 -0.1098 -0.1137 -0.118 -0.1227 -0.128 -0.1338 -0.1403 -0.1475 -0.1555 -0.1644 -0.1743 -0.1853 -0.1975 -0.2113 -0.2265 -0.2435 -0.2625 -0.2836 -0.3072 -0.3332 -0.362 -0.3936 -0.4282 -0.4659 -0.5062 -0.549 -0.5937 -0.6395 -0.6852 -0.7296 -0.7713 -0.809 -0.8419 -0.869 -0.8898 -0.9043 -0.9125 -0.9149 -0.9116 -0.9031 -0.8897 -0.8717 -0.8493 -0.8226 -0.7918 -0.7569 -0.718 -0.6753 -0.6292 -0.58 -0.5284 -0.4754 -0.422 -0.3696 -0.3195 -0.2727 -0.2302 -0.1926 -0.1602 -0.1328 -0.1102 -0.09193 -0.0773 -0.06583 -0.05702 -0.05031 -0.04535
-0.1043 -0.1075 -0.1113 -0.1154 -0.1199 -0.1249 -0.1305 -0.1367 -0.1436 -0.1513 -0.1599 -0.1694 -0.1802 -0.1922 -0.2056 -0.2206 -0.2375 -0.2564 -0.2777 -0.3015 -0.3281 -0.358 -0.3913 -0.4283 -0.4692 -0.5141 -0.5629 -0.6153 -0.6706 -0.7278 -0.7856 -0.8421 -0.8956 -0.944 -0.9857 -1.02 -1.045 -1.063 -1.073 -1.075 -1.071 -1.061 -1.045 -1.023 -0.9968 -0.9653 -0.9289 -0.8876 -0.8413 -0.7902 -0.7344 -0.6746 -0.6113 -0.5458 -0.4795 -0.4142 -0.3517 -0.2938 -0.2421 -0.1971 -0.1591 -0.1277 -0.1026 -0.08265 -0.06728 -0.05562 -0.04695 -0.04068 -0.03625
-0.1053 -0.1088 -0.1127 -0.117 -0.1217 -0.127 -0.1329 -0.1395 -0.1469 -0.1551 -0.1643 -0.1746 -0.1861 -0.1992 -0.2137 -0.2302 -0.2488 -0.2697 -0.2934 -0.3201 -0.3503 -0.3844 -0.4228 -0.4659 -0.5141 -0.5676 -0.6267 -0.6909 -0.7598 -0.832 -0.9056 -0.9783 -1.047 -1.109 -1.162 -1.204 -1.236 -1.257 -1.268 -1.27 -1.265 -1.252 -1.233 -1.207 -1.176 -1.139 -1.096 -1.047 -0.9921 -0.9309 -0.8636 -0.7905 -0.7124 -0.6308 -0.5476 -0.4655 -0.3874 -0.3157 -0.2522 -0.1982 -0.1538 -0.1182 -0.09049 -0.06938 -0.05368 -0.04228 -0.03423 -0.02876 -0.02528
-0.1063 -0.1099 -0.114 -0.1185 -0.1235 -0.1291 -0.1353 -0.1422 -0.1501 -0.1588 -0.1686 -0.1796 -0.192 -0.2061 -0.2219 -0.2398 -0.2602 -0.2833 -0.3096 -0.3395 -0.3735 -0.4122 -0.4562 -0.5062 -0.5629 -0.6267 -0.6981 -0.777 -0.863 -0.9548 -1.05 -1.144 -1.234 -1.315 -1.384 -1.437 -1.476 -1.5 -1.513 -1.514 -1.506 -1.49 -1.466 -1.436 -1.399 -1.356 -1.305 -1.248 -1.183 -1.11 -1.028 -0.9387 -0.8418 -0.7391 -0.6334 -0.5283 -0.4282 -0.3372 -0.2587 -0.1938 -0.1421 -0.1023 -0.07255 -0.05094 -0.03563 -0.02519 -0.01837 -0.01427 -0.01219
-0.1073 -0.111 -0.1153 -0.12 -0.1252 -0.1311 -0.1376 -0.1449 -0.1531 -0.1624 -0.1728 -0.1846 -0.1979 -0.2129 -0.2301 -0.2495 -0.2717 -0.2971 -0.326 -0.3592 -0.3973 -0.441 -0.4913 -0.5491 -0.6152 -0.691 -0.777 -0.874 -0.9819 -1.099 -1.223 -1.348 -1.468 -1.575 -1.663 -1.73 -1.776 -1.804 -1.816 -1.815 -1.803 -1.783 -1.754 -1.718 -1.675 -1.624 -1.565 -1.498 -1.421 -1.334 -1.236 -1.126 -1.005 -0.875 -0.7386 -0.6019 -0.4721 -0.3559 -0.2581 -0.1801 -0.1208 -0.07744 -0.04683 -0.0259 -0.01218 -0.003627 0.001069 0.003097 0.003283
-0.1081 -0.1121 -0.1165 -0.1214 -0.1268 -0.1329 -0.1397 -0.1474 -0.1561 -0.1659 -0.1769 -0.1894 -0.2035 -0.2197 -0.2381 -0.2591 -0.2831 -0.3108 -0.3425 -0.3792 -0.4215 -0.4707 -0.5276 -0.5938 -0.6706 -0.7598 -0.863 -0.9819 -1.117 -1.268 -1.432 -1.602 -1.766 -1.91 -2.026 -2.109 -2.163 -2.192 -2.202 -2.197 -2.18 -2.153 -2.118 -2.075 -2.025 -1.966 -1.897 -1.819 -1.729 -1.626 -1.508 -1.374 -1.223 -1.056 -0.8771 -0.6946 -0.5205 -0.3677 -0.2444 -0.1515 -0.08546 -0.04045 -0.01105 0.007217 0.01773 0.02293 0.02446 0.02365 0.02126
-0.109 -0.113 -0.1175 -0.1226 -0.1283 -0.1346 -0.1418 -0.1498 -0.1589 -0.1692 -0.1808 -0.194 -0.209 -0.2262 -0.2458 -0.2684 -0.2943 -0.3242 -0.3588 -0.399 -0.4458 -0.5004 -0.5644 -0.6395 -0.7279 -0.832 -0.9548 -1.099 -1.268 -1.464 -1.683 -1.918 -2.149 -2.349 -2.501 -2.602 -2.66 -2.687 -2.69 -2.678 -2.653 -2.619 -2.576 -2.525 -2.466 -2.398 -2.32 -2.229 -2.125 -2.004 -1.864 -1.7 -1.512 -1.296 -1.058 -0.8072 -0.5673 -0.3625 -0.2069 -0.09945 -0.02984 0.01277 0.03729 0.05 0.05504 0.05517 0.05227 0.04758 0.04192
-0.1097 -0.1139 -0.1186 -0.1238 -0.1297 -0.1363 -0.1437 -0.1521 -0.1615 -0.1722 -0.1844 -0.1983 -0.2142 -0.2324 -0.2532 -0.2773 -0.305 -0.3372 -0.3747 -0.4183 -0.4696 -0.5298 -0.6009 -0.6852 -0.7856 -0.9056 -1.05 -1.223 -1.432 -1.683 -1.98 -2.314 -2.655 -2.944 -3.143 -3.258 -3.312 -3.328 -3.319 -3.295 -3.259 -3.215 -3.163 -3.103 -3.034 -2.956 -2.867 -2.764 -2.645 -2.505 -2.34 -2.143 -1.909 -1.632 -1.309 -0.9531 -0.6043 -0.3197 -0.1265 -0.01063 0.05368 0.08653 0.1005 0.1036 0.1003 0.0934 0.08451 0.07497 0.06515
