T1-compare/1.0/mt-f.grd
DSAA
90 90
-15 15
-15 15
-5.178576 5.057057
[rows 31 to 61 of 90, columns 0 to 68 of 90]
-0.1103 -0.1146 -0.1195 -0.1248 -0.1309 -0.1377 -0.1454 -0.1541 -0.1639 -0.1751 -0.1878 -0.2024 -0.219 -0.2381 -0.2601 -0.2855 -0.3152 -0.3495 -0.3897 -0.4368 -0.4923 -0.558 -0.6362 -0.7296 -0.8421 -0.9783 -1.144 -1.348 -1.602 -1.918 -2.314 -2.796 -3.317 -3.741 -3.984 -4.089 -4.12 -4.112 -4.083 -4.042 -3.992 -3.935 -3.871 -3.801 -3.723 -3.635 -3.534 -3.419 -3.284 -3.124 -2.933 -2.701 -2.417 -2.065 -1.63 -1.113 -0.5853 -0.1889 0.02955 0.1314 0.1727 0.184 0.18 0.1687 0.1537 0.1376 0.1211 0.1055 0.09087
-0.111 -0.1152 -0.1202 -0.1257 -0.132 -0.1389 -0.1469 -0.1558 -0.1661 -0.1776 -0.1909 -0.2059 -0.2234 -0.2433 -0.2665 -0.2932 -0.3245 -0.3608 -0.4036 -0.4538 -0.5136 -0.5843 -0.6694 -0.7713 -0.8956 -1.047 -1.234 -1.468 -1.766 -2.149 -2.655 -3.317 -4.087 -4.654 -4.868 -4.907 -4.881 -4.833 -4.774 -4.71 -4.641 -4.57 -4.494 -4.413 -4.324 -4.226 -4.114 -3.986 -3.835 -3.657 -3.44 -3.174 -2.839 -2.41 -1.848 -1.126 -0.3532 0.1323 0.3015 0.3399 0.3306 0.3061 0.2753 0.2446 0.2145 0.1872 0.1617 0.1393 0.1187
-0.1114 -0.1157 -0.1209 -0.1264 -0.1329 -0.14 -0.1482 -0.1573 -0.168 -0.1797 -0.1936 -0.2091 -0.2273 -0.2479 -0.2722 -0.2999 -0.3329 -0.3709 -0.4163 -0.4692 -0.5329 -0.6081 -0.6995 -0.809 -0.944 -1.109 -1.315 -1.575 -1.91 -2.349 -2.944 -3.741 -4.654 -5.158 -5.179 -5.077 -4.963 -4.859 -4.76 -4.669 -4.579 -4.493 -4.402 -4.31 -4.21 -4.102 -3.978 -3.838 -3.673 -3.478 -3.238 -2.942 -2.563 -2.07 -1.407 -0.5352 0.346 0.7105 0.6929 0.6086 0.522 0.4488 0.3838 0.3297 0.2816 0.2415 0.2057 0.1755 0.1485
-0.1117 -0.1161 -0.1214 -0.127 -0.1336 -0.1408 -0.1493 -0.1586 -0.1695 -0.1816 -0.1958 -0.2117 -0.2305 -0.2518 -0.2771 -0.3059 -0.3402 -0.3797 -0.4272 -0.4827 -0.5497 -0.629 -0.7257 -0.8419 -0.9857 -1.162 -1.384 -1.663 -2.026 -2.501 -3.143 -3.984 -4.868 -5.179 -4.963 -4.699 -4.486 -4.319 -4.177 -4.056 -3.944 -3.839 -3.735 -3.631 -3.519 -3.401 -3.267 -3.117 -2.939 -2.729 -2.47 -2.151 -1.741 -1.207 -0.4936 0.4137 1.227 1.368 1.131 0.9058 0.7323 0.6038 0.5012 0.4207 0.3533 0.2989 0.252 0.2136 0.1799
-0.1119 -0.1164 -0.1217 -0.1275 -0.1341 -0.1415 -0.1501 -0.1595 -0.1706 -0.183 -0.1976 -0.2139 -0.2332 -0.255 -0.281 -0.3107 -0.3461 -0.3871 -0.4363 -0.4939 -0.5636 -0.6463 -0.7474 -0.869 -1.02 -1.204 -1.437 -1.73 -2.109 -2.602 -3.258 -4.089 -4.907 -5.077 -4.699 -4.308 -4.006 -3.779 -3.595 -3.444 -3.309 -3.187 -3.068 -2.952 -2.83 -2.702 -2.559 -2.399 -2.21 -1.989 -1.716 -1.381 -0.952 -0.3999 0.3249 1.213 1.94 1.928 1.537 1.196 0.9435 0.7615 0.6215 0.5143 0.4273 0.358 0.2999 0.2525 0.212
-0.112 -0.1166 -0.1219 -0.1276 -0.1344 -0.1419 -0.1505 -0.1602 -0.1714 -0.184 -0.1988 -0.2154 -0.2351 -0.2574 -0.284 -0.3144 -0.3507 -0.3928 -0.4434 -0.5027 -0.5746 -0.6598 -0.7642 -0.8898 -1.045 -1.236 -1.476 -1.776 -2.163 -2.66 -3.312 -4.12 -4.881 -4.963 -4.486 -4.006 -3.636 -3.357 -3.136 -2.956 -2.799 -2.66 -2.527 -2.4 -2.269 -2.132 -1.98 -1.812 -1.615 -1.384 -1.102 -0.7574 -0.3201 0.2364 0.9544 1.813 2.475 2.37 1.881 1.457 1.142 0.9137 0.7397 0.6072 0.5012 0.4175 0.348 0.292 0.2444
-0.112 -0.1165 -0.1219 -0.1277 -0.1346 -0.142 -0.1508 -0.1605 -0.1718 -0.1845 -0.1995 -0.2163 -0.2363 -0.259 -0.2859 -0.3169 -0.3538 -0.3967 -0.4483 -0.5089 -0.5823 -0.6694 -0.776 -0.9043 -1.063 -1.257 -1.5 -1.804 -2.192 -2.687 -3.328 -4.112 -4.833 -4.859 -4.319 -3.779 -3.357 -3.038 -2.784 -2.579 -2.402 -2.247 -2.102 -1.964 -1.824 -1.679 -1.52 -1.345 -1.142 -0.9051 -0.6175 -0.2681 0.1714 0.7249 1.43 2.262 2.88 2.717 2.166 1.685 1.322 1.055 0.8519 0.6968 0.573 0.4756 0.3954 0.3308 0.2764
-0.1119 -0.1164 -0.1218 -0.1276 -0.1344 -0.1419 -0.1507 -0.1604 -0.1719 -0.1846 -0.1997 -0.2167 -0.2368 -0.2596 -0.2869 -0.3181 -0.3554 -0.3989 -0.4511 -0.5124 -0.5867 -0.675 -0.7828 -0.9125 -1.073 -1.268 -1.513 -1.816 -2.202 -2.69 -3.319 -4.083 -4.774 -4.76 -4.177 -3.595 -3.136 -2.784 -2.503 -2.277 -2.082 -1.914 -1.757 -1.61 -1.461 -1.31 -1.145 -0.9651 -0.7569 -0.5162 -0.2258 0.1249 0.5628 1.11 1.803 2.612 3.198 2.994 2.401 1.879 1.48 1.184 0.9556 0.7808 0.6413 0.5314 0.4412 0.3686 0.3077
-0.1116 -0.1161 -0.1215 -0.1273 -0.134 -0.1415 -0.1503 -0.16 -0.1715 -0.1842 -0.1993 -0.2163 -0.2365 -0.2594 -0.2867 -0.318 -0.3556 -0.3992 -0.4516 -0.5132 -0.5878 -0.6765 -0.7848 -0.9149 -1.075 -1.27 -1.514 -1.815 -2.197 -2.678 -3.295 -4.042 -4.71 -4.669 -4.056 -3.444 -2.956 -2.579 -2.277 -2.032 -1.823 -1.642 -1.475 -1.32 -1.164 -1.007 -0.8379 -0.6538 -0.4426 -0.1998 0.09145 0.4411 0.8755 1.415 2.096 2.887 3.45 3.22 2.596 2.045 1.619 1.298 1.05 0.8583 0.7052 0.584 0.4846 0.4046 0.3376
-0.1112 -0.1156 -0.1209 -0.1267 -0.1335 -0.1409 -0.1496 -0.1593 -0.1707 -0.1834 -0.1984 -0.2153 -0.2354 -0.2582 -0.2854 -0.3167 -0.3541 -0.3976 -0.4499 -0.5114 -0.5858 -0.6742 -0.7821 -0.9116 -1.071 -1.265 -1.506 -1.803 -2.18 -2.653 -3.259 -3.992 -4.641 -4.579 -3.944 -3.309 -2.799 -2.402 -2.082 -1.823 -1.601 -1.41 -1.235 -1.072 -0.9109 -0.7492 -0.5761 -0.3893 -0.1764 0.06697 0.3576 0.7048 1.135 1.667 2.337 3.113 3.657 3.405 2.759 2.186 1.739 1.399 1.135 0.9289 0.7638 0.6327 0.5252 0.4384 0.366
-0.1106 -0.115 -0.1203 -0.126 -0.1327 -0.14 -0.1486 -0.1582 -0.1695 -0.182 -0.1969 -0.2136 -0.2335 -0.2562 -0.2831 -0.314 -0.3511 -0.3942 -0.4461 -0.507 -0.5807 -0.6683 -0.775 -0.9031 -1.061 -1.252 -1.49 -1.783 -2.153 -2.619 -3.215 -3.935 -4.57 -4.493 -3.839 -3.187 -2.66 -2.247 -1.914 -1.642 -1.41 -1.21 -1.027 -0.8591 -0.6932 -0.528 -0.3524 -0.1641 0.04939 0.2922 0.5809 0.9248 1.349 1.874 2.534 3.298 3.828 3.56 2.897 2.306 1.843 1.488 1.21 0.9922 0.8171 0.6774 0.5626 0.4697 0.3922
-0.1099 -0.1143 -0.1195 -0.1251 -0.1317 -0.1389 -0.1474 -0.1567 -0.1679 -0.1802 -0.1949 -0.2113 -0.2309 -0.2532 -0.2797 -0.3102 -0.3467 -0.3891 -0.4401 -0.5 -0.5726 -0.6587 -0.7638 -0.8897 -1.045 -1.233 -1.466 -1.754 -2.118 -2.576 -3.163 -3.871 -4.494 -4.402 -3.735 -3.068 -2.527 -2.102 -1.757 -1.475 -1.235 -1.027 -0.839 -0.666 -0.4965 -0.3289 -0.1517 0.03711 0.25 0.4912 0.7771 1.117 1.536 2.053 2.704 3.457 3.974 3.692 3.015 2.41 1.933 1.566 1.276 1.049 0.8648 0.7176 0.5965 0.4983 0.4162
-0.1091 -0.1134 -0.1185 -0.1239 -0.1304 -0.1375 -0.1458 -0.155 -0.1659 -0.178 -0.1923 -0.2084 -0.2276 -0.2493 -0.2753 -0.3051 -0.3408 -0.3822 -0.4322 -0.4907 -0.5617 -0.6459 -0.7486 -0.8717 -1.023 -1.207 -1.436 -1.718 -2.075 -2.525 -3.103 -3.801 -4.413 -4.31 -3.631 -2.952 -2.4 -1.964 -1.61 -1.32 -1.072 -0.8591 -0.666 -0.4894 -0.3175 -0.1483 0.02935 0.2177 0.4291 0.6677 0.9499 1.285 1.697 2.207 2.849 3.592 4.099 3.806 3.116 2.5 2.011 1.634 1.335 1.098 0.907 0.7534 0.6267 0.5238 0.4379
-0.1082 -0.1124 -0.1174 -0.1227 -0.129 -0.1358 -0.144 -0.1529 -0.1635 -0.1753 -0.1892 -0.2049 -0.2235 -0.2447 -0.2699 -0.2989 -0.3335 -0.3738 -0.4223 -0.4791 -0.5481 -0.6298 -0.7296 -0.8493 -0.9968 -1.176 -1.399 -1.675 -2.025 -2.466 -3.034 -3.723 -4.324 -4.21 -3.519 -2.83 -2.269 -1.824 -1.461 -1.164 -0.9109 -0.6932 -0.4965 -0.3175 -0.1441 0.02555 0.2027 0.3896 0.5985 0.8336 1.111 1.44 1.846 2.348 2.981 3.714 4.21 3.905 3.205 2.578 2.08 1.693 1.385 1.142 0.9439 0.7846 0.6532 0.5462 0.4568
-0.1072 -0.1112 -0.116 -0.1212 -0.1274 -0.134 -0.1419 -0.1506 -0.1608 -0.1722 -0.1857 -0.2008 -0.2189 -0.2393 -0.2636 -0.2915 -0.325 -0.3638 -0.4105 -0.4653 -0.5318 -0.6107 -0.707 -0.8226 -0.9653 -1.139 -1.356 -1.624 -1.966 -2.398 -2.956 -3.635 -4.226 -4.102 -3.401 -2.702 -2.132 -1.679 -1.31 -1.007 -0.7492 -0.528 -0.3289 -0.1483 0.02557 0.1947 0.3704 0.5548 0.7602 0.9906 1.262 1.585 1.982 2.476 3.099 3.822 4.308 3.993 3.283 2.646 2.139 1.744 1.429 1.179 0.9753 0.8113 0.6758 0.5654 0.4731
-0.106 -0.11 -0.1146 -0.1196 -0.1255 -0.132 -0.1396 -0.1479 -0.1578 -0.1687 -0.1817 -0.1962 -0.2135 -0.2331 -0.2565 -0.2832 -0.3153 -0.3524 -0.3971 -0.4495 -0.5131 -0.5886 -0.6809 -0.7918 -0.9289 -1.096 -1.305 -1.565 -1.897 -2.32 -2.867 -3.534 -4.114 -3.978 -3.267 -2.559 -1.98 -1.52 -1.145 -0.8379 -0.5761 -0.3524 -0.1517 0.02937 0.2028 0.3704 0.5436 0.7244 0.9251 1.15 1.415 1.729 2.117 2.601 3.213 3.925 4.398 4.073 3.352 2.706 2.189 1.787 1.465 1.21 1.001 0.8333 0.6944 0.5811 0.4864
-0.1048 -0.1086 -0.1131 -0.1179 -0.1236 -0.1297 -0.1371 -0.145 -0.1545 -0.1649 -0.1773 -0.1912 -0.2077 -0.2263 -0.2485 -0.2739 -0.3044 -0.3396 -0.3821 -0.4318 -0.4921 -0.5637 -0.6514 -0.7569 -0.8876 -1.047 -1.248 -1.498 -1.819 -2.229 -2.764 -3.419 -3.986 -3.838 -3.117 -2.399 -1.812 -1.345 -0.9651 -0.6538 -0.3893 -0.1641 0.03709 0.2177 0.3896 0.5548 0.7244 0.9005 1.095 1.313 1.569 1.874 2.251 2.722 3.322 4.021 4.482 4.145 3.413 2.757 2.232 1.822 1.495 1.234 1.022 0.8504 0.7088 0.5933 0.4967
-0.1035 -0.1071 -0.1115 -0.116 -0.1215 -0.1273 -0.1343 -0.1419 -0.1509 -0.1608 -0.1726 -0.1857 -0.2013 -0.2189 -0.2399 -0.2638 -0.2926 -0.3257 -0.3656 -0.4123 -0.469 -0.5363 -0.6188 -0.718 -0.8413 -0.9921 -1.183 -1.421 -1.729 -2.125 -2.645 -3.284 -3.835 -3.673 -2.939 -2.21 -1.615 -1.142 -0.7569 -0.4426 -0.1764 0.04939 0.2501 0.4291 0.5985 0.7602 0.9251 1.095 1.283 1.492 1.738 2.03 2.394 2.851 3.435 4.118 4.564 4.212 3.467 2.8 2.267 1.85 1.517 1.252 1.036 0.8624 0.7188 0.6017 0.5039
-0.1022 -0.1056 -0.1097 -0.114 -0.1192 -0.1248 -0.1314 -0.1386 -0.1471 -0.1564 -0.1676 -0.1799 -0.1946 -0.211 -0.2307 -0.2531 -0.2799 -0.3107 -0.3479 -0.3913 -0.4441 -0.5065 -0.5832 -0.6753 -0.7902 -0.9309 -1.11 -1.334 -1.626 -2.004 -2.505 -3.124 -3.657 -3.478 -2.729 -1.989 -1.384 -0.9051 -0.5162 -0.1998 0.06697 0.2922 0.4912 0.6677 0.8336 0.9906 1.15 1.313 1.492 1.69 1.924 2.201 2.549 2.987 3.551 4.215 4.642 4.273 3.513 2.835 2.292 1.869 1.531 1.263 1.045 0.8689 0.7242 0.6062 0.5077
-0.1007 -0.104 -0.1079 -0.1119 -0.1169 -0.1221 -0.1284 -0.1351 -0.1431 -0.1518 -0.1622 -0.1737 -0.1875 -0.2027 -0.221 -0.2417 -0.2665 -0.2949 -0.3291 -0.369 -0.4174 -0.4745 -0.5448 -0.6292 -0.7344 -0.8636 -1.028 -1.236 -1.508 -1.864 -2.34 -2.933 -3.44 -3.238 -2.47 -1.716 -1.102 -0.6175 -0.2258 0.09143 0.3576 0.5809 0.7771 0.9499 1.111 1.262 1.415 1.569 1.738 1.924 2.142 2.402 2.729 3.143 3.682 4.319 4.72 4.328 3.551 2.859 2.307 1.877 1.536 1.265 1.046 0.8696 0.7246 0.6066 0.508
-0.09921 -0.1023 -0.1059 -0.1098 -0.1144 -0.1193 -0.1252 -0.1315 -0.139 -0.1471 -0.1567 -0.1674 -0.18 -0.1941 -0.2109 -0.2298 -0.2525 -0.2784 -0.3096 -0.3456 -0.3895 -0.441 -0.5043 -0.58 -0.6746 -0.7905 -0.9387 -1.126 -1.374 -1.7 -2.143 -2.701 -3.174 -2.942 -2.151 -1.381 -0.7574 -0.2681 0.1249 0.4411 0.7048 0.9248 1.117 1.285 1.44 1.585 1.729 1.874 2.03 2.201 2.402 2.64 2.941 3.325 3.829 4.43 4.797 4.376 3.577 2.869 2.308 1.873 1.529 1.258 1.039 0.8639 0.7197 0.6026 0.5049
-0.09766 -0.1005 -0.104 -0.1076 -0.1119 -0.1165 -0.122 -0.1278 -0.1347 -0.1422 -0.1511 -0.1608 -0.1724 -0.1852 -0.2006 -0.2177 -0.2382 -0.2614 -0.2894 -0.3216 -0.3606 -0.4061 -0.462 -0.5284 -0.6113 -0.7124 -0.8418 -1.005 -1.223 -1.512 -1.909 -2.417 -2.839 -2.563 -1.741 -0.952 -0.3201 0.1714 0.5628 0.8754 1.135 1.349 1.536 1.697 1.846 1.982 2.117 2.251 2.394 2.549 2.729 2.941 3.209 3.552 4.009 4.558 4.875 4.412 3.584 2.86 2.291 1.854 1.51 1.241 1.025 0.8515 0.7094 0.5942 0.4981
-0.09609 -0.09875 -0.102 -0.1053 -0.1093 -0.1136 -0.1186 -0.1239 -0.1303 -0.1372 -0.1453 -0.1542 -0.1647 -0.1763 -0.1901 -0.2054 -0.2237 -0.2442 -0.269 -0.2971 -0.3312 -0.3706 -0.4187 -0.4754 -0.5458 -0.6308 -0.7391 -0.875 -1.056 -1.296 -1.632 -2.065 -2.41 -2.07 -1.207 -0.3999 0.2364 0.7249 1.11 1.415 1.667 1.874 2.053 2.207 2.348 2.476 2.601 2.722 2.851 2.987 3.143 3.325 3.552 3.843 4.233 4.705 4.946 4.425 3.561 2.821 2.249 1.815 1.476 1.212 1.001 0.8319 0.6935 0.5813 0.4878
-0.09448 -0.09696 -0.09998 -0.103 -0.1067 -0.1106 -0.1153 -0.1201 -0.126 -0.1322 -0.1395 -0.1475 -0.157 -0.1673 -0.1795 -0.193 -0.2092 -0.2271 -0.2486 -0.2727 -0.3018 -0.335 -0.3753 -0.422 -0.4796 -0.5476 -0.6334 -0.7386 -0.8771 -1.058 -1.309 -1.63 -1.848 -1.407 -0.4936 0.3249 0.9544 1.43 1.803 2.096 2.337 2.534 2.704 2.849 2.981 3.099 3.213 3.322 3.435 3.551 3.682 3.829 4.009 4.233 4.531 4.883 4.999 4.387 3.485 2.74 2.176 1.753 1.425 1.171 0.9674 0.805 0.6719 0.5639 0.4739
-0.09286 -0.09515 -0.09788 -0.1007 -0.1041 -0.1077 -0.1119 -0.1163 -0.1216 -0.1272 -0.1338 -0.1409 -0.1493 -0.1584 -0.1692 -0.1809 -0.1948 -0.2102 -0.2284 -0.2487 -0.2729 -0.3001 -0.3327 -0.3696 -0.4142 -0.4655 -0.5283 -0.6019 -0.6946 -0.8072 -0.9531 -1.113 -1.126 -0.5352 0.4137 1.213 1.813 2.262 2.612 2.887 3.113 3.298 3.457 3.592 3.714 3.822 3.925 4.021 4.118 4.215 4.319 4.43 4.558 4.705 4.883 5.057 4.969 4.239 3.321 2.6 2.064 1.665 1.356 1.117 0.9247 0.7712 0.6451 0.5425 0.4566
-0.09123 -0.09335 -0.09584 -0.09847 -0.1015 -0.1048 -0.1085 -0.1126 -0.1172 -0.1222 -0.1281 -0.1344 -0.1417 -0.1497 -0.1589 -0.169 -0.1808 -0.1938 -0.2088 -0.2255 -0.2449 -0.2665 -0.2916 -0.3195 -0.3517 -0.3874 -0.4282 -0.4721 -0.5205 -0.5673 -0.6043 -0.5853 -0.3532 0.346 1.227 1.94 2.475 2.88 3.198 3.45 3.657 3.828 3.974 4.099 4.21 4.308 4.398 4.482 4.564 4.642 4.72 4.797 4.875 4.946 4.999 4.969 4.647 3.866 3.033 2.39 1.912 1.551 1.271 1.051 0.8739 0.7311 0.6136 0.5171 0.4365
-0.08956 -0.09159 -0.09378 -0.09621 -0.09894 -0.1019 -0.1052 -0.1089 -0.1129 -0.1174 -0.1225 -0.1281 -0.1343 -0.1412 -0.149 -0.1576 -0.1673 -0.1781 -0.1901 -0.2035 -0.2184 -0.2349 -0.2531 -0.2727 -0.2938 -0.3156 -0.3372 -0.3559 -0.3677 -0.3625 -0.3197 -0.1889 0.1323 0.7105 1.368 1.928 2.37 2.717 2.995 3.22 3.405 3.56 3.692 3.806 3.905 3.993 4.073 4.145 4.212 4.273 4.328 4.376 4.412 4.425 4.387 4.239 3.866 3.26 2.637 2.126 1.729 1.418 1.173 0.9758 0.8162 0.6858 0.5781 0.4887 0.4139
-0.08799 -0.08979 -0.09177 -0.09399 -0.09639 -0.09906 -0.102 -0.1052 -0.1088 -0.1127 -0.1171 -0.1219 -0.1272 -0.1331 -0.1395 -0.1467 -0.1545 -0.1631 -0.1725 -0.1828 -0.1938 -0.2056 -0.2178 -0.2302 -0.2421 -0.2522 -0.2587 -0.2581 -0.2444 -0.2069 -0.1265 0.02955 0.3015 0.6929 1.131 1.537 1.881 2.166 2.401 2.596 2.759 2.897 3.015 3.116 3.205 3.283 3.352 3.413 3.467 3.513 3.551 3.577 3.584 3.561 3.485 3.321 3.033 2.636 2.217 1.843 1.53 1.274 1.066 0.8947 0.7537 0.637 0.5394 0.4579 0.3893
-0.08642 -0.08803 -0.08983 -0.09176 -0.09391 -0.09627 -0.09886 -0.1017 -0.1048 -0.1082 -0.1119 -0.116 -0.1204 -0.1253 -0.1306 -0.1363 -0.1425 -0.1491 -0.1562 -0.1637 -0.1713 -0.179 -0.1863 -0.1926 -0.1971 -0.1982 -0.1938 -0.1801 -0.1515 -0.09945 -0.01063 0.1314 0.3399 0.6086 0.9058 1.196 1.457 1.685 1.879 2.045 2.186 2.306 2.41 2.5 2.578 2.646 2.706 2.757 2.8 2.835 2.859 2.869 2.86 2.821 2.74 2.6 2.39 2.126 1.843 1.573 1.334 1.13 0.9565 0.811 0.6888 0.586 0.4991 0.4257 0.3634
-0.08487 -0.08632 -0.0879 -0.08964 -0.09153 -0.09358 -0.09583 -0.09825 -0.1009 -0.1038 -0.1069 -0.1103 -0.114 -0.1179 -0.1221 -0.1266 -0.1314 -0.1363 -0.1413 -0.1463 -0.1511 -0.1553 -0.1586 -0.1602 -0.1591 -0.1538 -0.1421 -0.1208 -0.08546 -0.02984 0.05368 0.1727 0.3306 0.522 0.7323 0.9435 1.142 1.322 1.48 1.619 1.739 1.843 1.933 2.011 2.08 2.139 2.189 2.232 2.267 2.292 2.307 2.308 2.291 2.249 2.176 2.064 1.912 1.729 1.53 1.334 1.153 0.9912 0.85 0.7282 0.6238 0.5345 0.458 0.3927 0.3366
-0.08337 -0.08466 -0.08607 -0.0876 -0.08921 -0.091 -0.09294 -0.09499 -0.09725 -0.09965 -0.1022 -0.105 -0.108 -0.1111 -0.1143 -0.1177 -0.1211 -0.1245 -0.1278 -0.1308 -0.1332 -0.1347 -0.1348 -0.1328 -0.1277 -0.1182 -0.1023 -0.07744 -0.04045 0.01279 0.08653 0.184 0.3061 0.4488 0.6038 0.7615 0.9137 1.055 1.184 1.298 1.399 1.488 1.566 1.634 1.693 1.744 1.787 1.822 1.85 1.869 1.877 1.873 1.854 1.815 1.753 1.665 1.551 1.418 1.274 1.13 0.9912 0.8639 0.7497 0.6488 0.5606 0.4838 0.4172 0.3596 0.3097
