T1-compare/100/model-f512.grd
DSAA
         100         100
  -15.00000       15.00000    
  -15.00000       15.00000    
  0.7235972       99.32182    
[rows 56 to 83 of 100, columns 0 to 62 of 100]
1.842007 1.953737 2.074934 2.206068 2.348729 2.503600 2.672602 2.856740 3.058363 3.278897 3.521253 3.787441 4.081144 4.405162 4.764229 5.162269 5.605444 6.099255 6.651906 7.271127 7.968017 8.753560 9.643006 10.65214 11.80233 13.11651 14.62531 16.36267 18.37359 20.70963 23.43941 26.64446 30.43493 34.94588 40.35660 46.84673 54.41488 62.31839 69.42625 75.34799 80.20114 84.17225 87.41821 90.05960 92.18739 93.87096 95.16211 96.09949 96.70999 97.01105 97.01105 96.70999 96.09949 95.16211 93.87096 92.18739 90.05960 87.41824 84.17226 80.20115 75.34801 69.42628 62.31841
1.829468 1.940017 2.059908 2.189584 2.330619 2.483680 2.650660 2.832542 3.031636 3.249333 3.488515 3.751132 4.040816 4.360312 4.714291 5.106592 5.543286 6.029785 6.574188 7.184099 7.870471 8.644159 9.520252 10.51436 11.64769 12.94299 14.43074 16.14471 18.12979 20.43747 23.13637 26.30806 30.06289 34.53621 39.90771 46.35755 53.88490 61.74780 68.81599 74.69961 79.51682 83.45465 86.67043 89.28505 91.38968 93.05386 94.32946 95.25516 95.85789 96.15507 96.15505 95.85789 95.25516 94.32946 93.05387 91.38968 89.28506 86.67045 83.45467 79.51682 74.69963 68.81600 61.74782
1.815270 1.924489 2.042897 2.170924 2.310127 2.461142 2.625838 2.805160 3.001394 3.215885 3.451464 3.710033 3.995162 4.309530 4.657717 5.043482 5.472799 5.950953 6.485915 7.085142 7.759427 8.519447 9.380081 10.35674 11.47039 12.74357 14.20651 15.89276 17.84704 20.12069 22.78229 25.91346 29.62472 34.05178 39.37483 45.77470 53.25143 61.06391 68.08275 73.91901 78.69164 82.58836 85.76696 88.34875 90.42509 92.06568 93.32244 94.23401 94.82735 95.11983 95.11983 94.82734 94.23401 93.32242 92.06567 90.42509 88.34874 85.76699 82.58836 78.69164 73.91903 68.08277 61.06394
1.799471 1.907207 2.023973 2.150172 2.287331 2.436074 2.598232 2.774716 2.967766 3.178690 3.410261 3.664321 3.944371 4.253013 4.594737 4.973193 5.394237 5.863021 6.387363 6.974548 7.635161 8.379664 9.222696 10.17939 11.27043 12.51804 13.95215 15.60599 17.52399 19.75729 22.37432 25.45667 29.11508 33.48562 38.74911 45.08727 52.50115 60.25091 67.20847 72.98611 77.70374 81.54993 84.68315 87.22501 89.26715 90.87933 92.11348 93.00820 93.59034 93.87724 93.87724 93.59034 93.00820 92.11348 90.87933 89.26716 87.22502 84.68317 81.54995 77.70374 72.98612 67.20850 60.25094
1.782131 1.888244 2.003206 2.127399 2.262328 2.408581 2.567956 2.741325 2.930889 3.137897 3.365071 3.614177 3.888649 4.190991 4.525594 4.895988 5.307896 5.766315 6.278876 6.852655 7.498023 8.225161 9.048407 9.982565 11.04795 12.26638 13.66736 15.28370 17.15941 19.34526 21.90940 24.93335 28.52792 32.82962 38.02006 44.28207 51.61826 59.29041 66.17210 71.87721 76.52715 80.31156 83.38956 85.88319 87.88430 89.46261 90.66991 91.54467 92.11362 92.39396 92.39396 92.11362 91.54467 90.66991 89.46261 87.88432 85.88319 83.38956 80.31157 76.52716 71.87724 66.17212 59.29042
1.763309 1.867665 1.980676 2.102700 2.235213 2.378769 2.535131 2.705132 2.890914 3.093682 3.316085 3.559822 3.828238 4.123732 4.450589 4.812199 5.214136 5.661215 6.160863 6.719921 7.348476 8.056399 8.857670 9.766673 10.80326 11.98875 13.35207 14.92544 16.75227 18.88275 21.38457 24.33893 27.85663 32.07459 37.17532 43.34314 50.58255 58.15778 64.94498 70.56030 75.12691 78.83581 81.84692 84.28266 86.23486 87.77304 88.94876 89.80019 90.35371 90.62641 90.62642 90.35373 89.80019 88.94878 87.77304 86.23486 84.28266 81.84694 78.83582 75.12692 70.56030 64.94500 58.15780
1.743076 1.845549 1.956471 2.076168 2.206092 2.346759 2.499893 2.666278 2.848011 3.046230 3.263518 3.501488 3.763392 4.051527 4.370039 4.722182 5.113352 5.548163 6.033813 6.576866 7.187094 7.873991 8.651114 9.532339 10.53696 11.68563 13.00655 14.53114 16.30196 18.36832 20.79712 23.66891 27.09425 31.21029 36.20057 42.25132 49.36996 56.82405 63.49319 68.99682 73.46070 77.07743 80.00778 82.37432 84.26859 85.75972 86.89864 87.72298 88.25873 88.52261 88.52261 88.25873 87.72298 86.89864 85.75972 84.26859 82.37432 80.00779 77.07745 73.46071 68.99683 63.49321 56.82407
1.721504 1.821975 1.930674 2.047903 2.175077 2.312675 2.462379 2.624929 2.802360 2.995744 3.207589 3.439428 3.694403 3.974694 4.284312 4.626350 5.006009 5.427682 5.898303 6.424135 7.014580 7.678708 8.429564 9.280443 10.24994 11.35789 12.63156 14.10131 15.80852 17.80122 20.14502 22.91934 26.23391 30.22579 35.07948 40.98366 47.94956 55.24993 61.77000 67.13389 71.47073 74.97506 77.80822 80.09255 81.91885 83.35524 84.45170 85.24500 85.76044 86.01428 86.01428 85.76044 85.24498 84.45170 83.35524 81.91886 80.09256 77.80824 74.97507 71.47073 67.13390 61.77002 55.24996
1.698673 1.797037 1.903396 2.018024 2.142297 2.276664 2.422755 2.581259 2.754155 2.942446 3.148555 3.373927 3.621592 3.893601 4.193820 4.525159 4.892623 5.300355 5.755002 6.262478 6.831785 7.471499 8.194088 9.012153 9.943456 11.00685 12.22844 13.63721 15.27291 17.18178 19.42747 22.08739 25.26956 29.11008 33.79401 39.51293 46.28391 53.38759 59.71758 64.90530 69.08461 72.45200 75.16885 77.35632 79.10358 80.47702 81.52508 82.28322 82.77578 83.01833 83.01833 82.77578 82.28322 81.52508 80.47703 79.10358 77.35633 75.16886 72.45200 69.08461 64.90532 59.71759 53.38761
1.674665 1.770821 1.874730 1.986636 2.107876 2.238860 2.381175 2.535452 2.703604 2.886568 3.086677 3.305280 3.545291 3.808627 4.098993 4.419116 4.773768 5.166839 5.604652 6.092757 6.639687 7.253490 7.945972 8.728937 9.619184 10.63440 11.79924 13.14099 14.69729 16.51189 18.64554 21.17241 24.19723 27.85345 32.32527 37.80717 44.32422 51.17024 57.25367 62.21726 66.20081 69.40208 71.98084 74.05543 75.71194 77.01398 78.00764 78.72655 79.19366 79.42371 79.42371 79.19365 78.72654 78.00764 77.01399 75.71195 74.05543 71.98086 69.40209 66.20081 62.21727 57.25368 51.17026
1.649564 1.743425 1.844786 1.953860 2.071949 2.199419 2.337808 2.487694 2.650922 2.828350 3.022229 3.233800 3.465860 3.720180 4.000300 4.308749 4.650062 5.027845 5.448085 5.915925 6.439411 7.025990 7.686745 8.432589 9.279221 10.24297 11.34682 12.61591 14.08531 15.79545 17.80299 20.17719 23.01702 26.45004 30.65618 35.83094 42.01088 48.51265 54.27077 58.94685 62.68752 65.68900 68.10596 70.05101 71.60504 72.82745 73.76098 74.43677 74.87608 75.09250 75.09250 74.87608 74.43677 73.76097 72.82745 71.60505 70.05101 68.10597 65.68901 62.68753 58.94687 54.27078 48.51266
1.623462 1.714947 1.813673 1.919823 2.034655 2.158498 2.292834 2.438186 2.596331 2.768049 2.955502 3.159823 3.383676 3.628699 3.898245 4.194639 4.522167 4.884148 5.286201 5.733046 6.232197 6.790475 7.418157 8.125201 8.926075 9.835599 10.87481 12.06642 13.44228 15.03876 16.90710 19.10952 21.73586 24.90247 28.77746 33.55001 39.26917 45.29414 50.61359 54.91967 58.36208 61.12747 63.35874 65.15824 66.59898 67.73432 68.60265 69.23201 69.64146 69.84328 69.84328 69.64146 69.23201 68.60265 67.73432 66.59898 65.15825 63.35875 61.12748 58.36209 54.91969 50.61360 45.29414
1.596442 1.685489 1.781503 1.884648 1.996132 2.116256 2.246425 2.387132 2.540058 2.705932 2.886789 3.083683 3.299126 3.534629 3.793334 4.077382 4.390778 4.736562 5.119951 5.545249 6.019389 6.548553 7.142145 7.809128 8.562623 9.415840 10.38764 11.49804 12.77520 14.25071 15.96910 17.98351 20.37067 23.22864 26.70064 30.95042 36.02985 41.37912 46.10316 49.94069 53.02701 55.52205 57.54655 59.18714 60.50578 61.54818 62.34741 62.92775 63.30579 63.49228 63.49228 63.30579 62.92775 62.34739 61.54818 60.50579 59.18715 57.54656 55.52205 53.02702 49.94070 46.10318 41.37914
1.568585 1.655168 1.748375 1.848484 1.956511 2.072868 2.198755 2.334759 2.482326 2.642279 2.816378 3.005754 3.212590 3.438448 3.686076 3.957623 4.256594 4.585963 4.950315 5.353759 5.802383 6.301973 6.860763 7.486969 8.191995 8.987706 9.890298 10.91730 12.09245 13.44255 15.00403 16.81998 18.95018 21.46874 24.47823 28.08748 32.31237 36.73088 40.68530 43.96483 46.64983 48.85012 50.65382 52.12682 53.31785 54.26366 54.99138 55.52113 55.86684 56.03754 56.03754 55.86684 55.52113 54.99138 54.26366 53.31785 52.12682 50.65383 48.85012 46.64984 43.96484 40.68531 36.73090
1.539989 1.624082 1.714409 1.811451 1.915942 2.028497 2.150007 2.281263 2.423374 2.577353 2.744580 2.926373 3.124479 3.340618 3.577026 3.835975 4.120358 4.433201 4.778318 5.159773 5.582649 6.052493 6.576184 7.161375 7.817541 8.555392 9.388200 10.33122 11.40342 12.62699 14.02969 15.64457 17.51311 19.68418 22.21417 25.14592 28.43895 31.83101 34.95617 37.65092 39.92216 41.82133 43.40063 44.70386 45.76591 46.61421 47.26982 47.74855 48.06168 48.21648 48.21648 48.06168 47.74855 47.26982 46.61421 45.76591 44.70386 43.40064 41.82133 39.92216 37.65092 34.95617 31.83102
1.510770 1.592301 1.679750 1.773645 1.874600 1.983267 2.100400 2.226821 2.363469 2.511382 2.671740 2.845852 3.035231 3.241553 3.466759 3.713019 3.982848 4.279088 4.605040 4.964455 5.361710 5.801823 6.290652 6.834967 7.442707 8.123083 8.886935 9.746887 10.71780 11.81698 13.06467 14.48404 16.10106 17.94249 20.03008 22.36348 24.88477 27.44653 29.86746 32.03550 33.92037 35.53255 36.89534 38.03355 38.96956 39.72229 40.30701 40.73557 41.01659 41.15571 41.15572 41.01659 40.73557 40.30701 39.72229 38.96956 38.03355 36.89535 35.53255 33.92037 32.03550 29.86747 27.44654
1.481017 1.559940 1.644503 1.735207 1.832618 1.937353 2.050106 2.171647 2.302839 2.444645 2.598145 2.764550 2.945230 3.141726 3.355786 3.589384 3.844763 4.124483 4.431458 4.769015 5.140977 5.551715 6.006256 6.510373 7.070715 7.694905 8.391714 9.171141 10.04457 11.02475 12.12575 13.36242 14.74923 16.29759 18.01021 19.87080 21.83065 23.80511 25.69798 27.43740 28.98840 30.34277 31.50622 32.49004 33.30683 33.96846 34.48526 34.86555 35.11561 35.23960 35.23960 35.11561 34.86555 34.48526 33.96846 33.30683 32.49004 31.50623 30.34277 28.98840 27.43741 25.69798 23.80511
1.450809 1.527107 1.608772 1.696272 1.790131 1.890925 1.999295 2.115955 2.241699 2.377409 2.524080 2.682812 2.854852 3.041593 3.244611 3.465677 3.706789 3.970213 4.258518 4.574610 4.921796 5.303828 5.724969 6.190052 6.704554 7.274642 7.907256 8.610073 9.391520 10.26058 11.22645 12.29780 13.48147 14.78004 16.18804 17.68686 19.24053 20.79738 22.30109 23.70512 24.98006 26.11228 27.09884 27.94279 28.64993 29.22692 29.68012 30.01498 30.23579 30.34546 30.34546 30.23579 30.01498 29.68011 29.22692 28.64993 27.94278 27.09884 26.11228 24.98006 23.70512 22.30109 20.79738
1.420236 1.493904 1.572667 1.656962 1.747274 1.844134 1.948138 2.059939 2.180265 2.309926 2.449823 2.600960 2.764459 2.941575 3.133715 3.342458 3.569569 3.817039 4.087108 4.382289 4.705412 5.059654 5.448581 5.876173 6.346864 6.865545 7.437565 8.068662 8.764847 9.532154 10.37621 11.30148 12.31017 13.40049 14.56442 15.78553 17.03782 18.28779 19.49989 20.64284 21.69387 22.63933 23.47290 24.19323 24.80192 25.30196 25.69681 25.98974 26.18344 26.27980 26.27980 26.18344 25.98974 25.69681 25.30196 24.80192 24.19323 23.47290 22.63933 21.69387 20.64284 19.49990 18.28779
1.389382 1.460425 1.536296 1.617398 1.704180 1.797132 1.896801 2.003786 2.118752 2.242433 2.375649 2.519302 2.674402 2.842069 3.023557 3.220254 3.433714 3.665668 3.918053 4.193016 4.492955 4.820525 5.178669 5.570615 5.999890 6.470286 6.985842 7.550707 8.169021 8.844613 9.580616 10.37883 11.23890 12.15718 13.12560 14.13071 15.15368 16.17167 17.16069 18.09899 18.96933 19.75977 20.46320 21.07625 21.59810 22.02944 22.37172 22.62660 22.79558 22.87977 22.87977 22.79557 22.62660 22.37172 22.02944 21.59810 21.07625 20.46320 19.75977 18.96933 18.09900 17.16069 16.17167
1.358337 1.426769 1.499764 1.577696 1.660979 1.750063 1.845447 1.947677 2.057359 2.175157 2.301808 2.438124 2.585006 2.743448 2.914554 3.099546 3.299773 3.516732 3.752078 4.007631 4.285398 4.587575 4.916552 5.274909 5.665402 6.090916 6.554417 7.058819 7.606838 8.200743 8.841998 9.530804 10.26552 11.04198 11.85292 12.68762 13.53213 14.37028 15.18532 15.96157 16.68589 17.34833 17.94215 18.46324 18.90957 19.28045 19.57603 19.79688 19.94366 20.01689 20.01689 19.94365 19.79688 19.57603 19.28045 18.90957 18.46324 17.94215 17.34833 16.68589 15.96157 15.18532 14.37028
1.327179 1.393021 1.463168 1.537966 1.617793 1.703061 1.794225 1.891779 1.996275 2.108307 2.228539 2.357694 2.496570 2.646046 2.807091 2.980767 3.168239 3.370788 3.589820 3.826859 4.083569 4.361739 4.663291 4.990250 5.344735 5.728889 6.144833 6.594536 7.079683 7.601450 8.160251 8.755382 9.384654 10.04401 10.72721 11.42578 12.12928 12.82586 13.50325 14.14989 14.75571 15.31261 15.81458 16.25749 16.63878 16.95704 17.21164 17.40242 17.52949 17.59296 17.59296 17.52949 17.40242 17.21163 16.95704 16.63878 16.25749 15.81458 15.31261 14.75571 14.14989 13.50325 12.82586
1.295986 1.359267 1.426605 1.498312 1.574736 1.656254 1.743275 1.836250 1.935673 2.042078 2.156056 2.278250 2.409363 2.550168 2.701505 2.864294 3.039534 3.228314 3.431812 3.651297 3.888128 4.143752 4.419686 4.717500 5.038787 5.385104 5.757920 6.158497 6.587784 7.046235 7.533616 8.048764 8.589356 9.151680 9.730506 10.31909 10.90940 11.49258 12.05955 12.60155 13.11073 13.58050 14.00569 14.38246 14.70814 14.98097 15.19992 15.36441 15.47415 15.52905 15.52904 15.47415 15.36441 15.19992 14.98097 14.70814 14.38246 14.00569 13.58050 13.11073 12.60155 12.05955 11.49258
1.264831 1.325589 1.390159 1.458829 1.531916 1.609758 1.692729 1.781233 1.875713 1.976646 2.084556 2.200010 2.323627 2.456077 2.598090 2.750455 2.914022 3.089706 3.278491 3.481418 3.699589 3.934156 4.186302 4.457222 4.748087 5.059997 5.393926 5.750622 6.130525 6.533617 6.959301 7.406217 7.872109 8.353702 8.846647 9.345565 9.844258 10.33593 10.81354 11.27039 11.70032 12.09800 12.45905 12.78002 13.05836 13.29222 13.48039 13.62204 13.71669 13.76408 13.76408 13.71669 13.62204 13.48038 13.29222 13.05836 12.78002 12.45905 12.09800 11.70032 11.27039 10.81354 10.33592
1.233785 1.292063 1.353918 1.419613 1.489433 1.563686 1.642708 1.726861 1.816541 1.912171 2.014215 2.123167 2.239571 2.364007 2.497102 2.639527 2.792000 2.955288 3.130199 3.317583 3.518323 3.733322 3.963490 4.209714 4.472840 4.753613 5.052636 5.370294 5.706679 6.061490 6.433934 6.822610 7.225435 7.639562 8.061382 8.486562 8.910168 9.326922 9.731467 10.11850 10.48313 10.82099 11.12840 11.40236 11.64051 11.84109 12.00279 12.12473 12.20632 12.24719 12.24719 12.20632 12.12473 12.00279 11.84108 11.64051 11.40236 11.12840 10.82098 10.48312 10.11850 9.731465 9.326921
1.202912 1.258759 1.317957 1.380744 1.447378 1.518136 1.593320 1.673254 1.758287 1.848795 1.945184 2.047889 2.157379 2.274153 2.398748 2.531732 2.673706 2.825304 2.987190 3.160045 3.344569 3.541461 3.751406 3.975053 4.212986 4.465683 4.733479 5.016505 5.314628 5.627377 5.953879 6.292781 6.642203 6.999698 7.362266 7.726401 8.088211 8.443507 8.787964 9.117415 9.427945 9.716003 9.978506 10.21286 10.41696 10.58916 10.72822 10.83323 10.90355 10.93880 10.93880 10.90355 10.83322 10.72822 10.58916 10.41696 10.21286 9.978504 9.716001 9.427941 9.117413 8.787961 8.443503
1.172271 1.225743 1.282347 1.342300 1.405835 1.473200 1.544665 1.620516 1.701064 1.786641 1.877599 1.974317 2.077199 2.186674 2.303197 2.427244 2.559315 2.699933 2.849633 3.008956 3.178451 3.358649 3.550055 3.753126 3.968251 4.195707 4.435637 4.687998 4.952514 5.228631 5.515462 5.811744 6.115805 6.425554 6.738488 7.051733 7.362112 7.666282 7.960886 8.242544 8.508063 8.754524 8.979346 9.180309 9.355569 9.503635 9.623350 9.713840 9.774491 9.804913 9.804913 9.774490 9.713840 9.623349 9.503634 9.355566 9.180306 8.979344 8.754521 8.508060 8.242542 7.960883 7.666280
1.141920 1.193073 1.247153 1.304351 1.364879 1.428958 1.496827 1.568742 1.644974 1.725813 1.811570 1.902569 1.999157 2.101700 2.210580 2.326195 2.448958 2.579291 2.717626 2.864388 3.019998 3.184850 3.359310 3.543684 3.738210 3.943021 4.158125 4.383360 4.618376 4.862578 5.115110 5.374817 5.640227 5.909551 6.180697 6.451306 6.718830 6.980551 7.233663 7.475461 7.703361 7.914958 8.108092 8.280872 8.431695 8.559241 8.662457 8.740537 8.792901 8.819174 8.819175 8.792900 8.740536 8.662455 8.559239 8.431693 8.280869 8.108089 7.914956 7.703359 7.475458 7.233660 6.980549
