T1-compare/100/model-f128.grd
DSAA
         100         100
  -15.00000       15.00000    
  -15.00000       15.00000    
   2.053036       100.3066    
[rows 0 to 27 of 100, columns 0 to 62 of 100]
2.053038 2.071079 2.090380 2.110951 2.132799 2.155930 2.180348 2.206059 2.233063 2.261359 2.290944 2.321810 2.353947 2.387340 2.421969 2.457807 2.494822 2.532975 2.572220 2.612500 2.653752 2.695900 2.738860 2.782536 2.826820 2.871594 2.916727 2.962075 3.007485 3.052791 3.097817 3.142374 3.186269 3.229299 3.271256 3.311928 3.351109 3.388583 3.424124 3.457533 3.488615 3.517182 3.543056 3.566074 3.586091 3.602975 3.616617 3.626930 3.633842 3.637310 3.637309 3.633841 3.626928 3.616617 3.602974 3.586090 3.566074 3.543056 3.517183 3.488617 3.457536 3.424127 3.388586
2.068752 2.087647 2.107881 2.129463 2.152406 2.176721 2.202416 2.229499 2.257977 2.287853 2.319129 2.351803 2.385867 2.421311 2.458120 2.496271 2.535735 2.576476 2.618449 2.661601 2.705866 2.751168 2.797421 2.844525 2.892366 2.940818 2.989740 3.038978 3.088364 3.137715 3.186836 3.235522 3.283552 3.330702 3.376736 3.421414 3.464488 3.505717 3.544878 3.581732 3.616049 3.647612 3.676218 3.701682 3.723836 3.742532 3.757643 3.769068 3.776728 3.780571 3.780571 3.776727 3.769067 3.757643 3.742532 3.723838 3.701685 3.676221 3.647617 3.616054 3.581739 3.544885 3.505724
2.085481 2.105299 2.126538 2.149212 2.173340 2.198936 2.226013 2.254586 2.284667 2.316263 2.349383 2.384028 2.420200 2.457891 2.497092 2.537786 2.579948 2.623546 2.668536 2.714868 2.762479 2.811291 2.861216 2.912149 2.963974 3.016553 3.069737 3.123358 3.177233 3.231161 3.284926 3.338299 3.391034 3.442878 3.493566 3.542826 3.590394 3.635991 3.679324 3.720134 3.758166 3.793173 3.824923 3.853200 3.877814 3.898594 3.915395 3.928102 3.936624 3.940899 3.940899 3.936623 3.928102 3.915396 3.898595 3.877815 3.853202 3.824925 3.793176 3.758170 3.720140 3.679330 3.635996
2.103216 2.124024 2.146343 2.170195 2.195599 2.222576 2.251148 2.281333 2.313148 2.346611 2.381732 2.418525 2.456994 2.497140 2.538959 2.582441 2.627565 2.674306 2.722626 2.772476 2.823794 2.876504 2.930516 2.985723 3.042001 3.099207 3.157179 3.215736 3.274677 3.333781 3.392809 3.451504 3.509592 3.566785 3.622783 3.677278 3.729947 3.780477 3.828574 3.873924 3.916225 3.955192 3.990557 4.022074 4.049522 4.072703 4.091454 4.105638 4.115152 4.119925 4.119925 4.115151 4.105638 4.091455 4.072705 4.049523 4.022076 3.990559 3.955195 3.916229 3.873930 3.828579 3.780482
2.121939 2.143807 2.167285 2.192398 2.219173 2.247637 2.277817 2.309740 2.343431 2.378911 2.416204 2.455326 2.496293 2.539113 2.583791 2.630322 2.678695 2.728891 2.780877 2.834609 2.890029 2.947062 3.005619 3.065590 3.126846 3.189234 3.252584 3.316697 3.381355 3.446314 3.511307 3.576048 3.640228 3.703520 3.765587 3.826074 3.884634 3.940900 3.994494 4.045065 4.092278 4.135804 4.175335 4.210585 4.241298 4.267251 4.288248 4.304135 4.314793 4.320142 4.320142 4.314793 4.304135 4.288248 4.267250 4.241298 4.210585 4.175335 4.135805 4.092280 4.045068 3.994497 3.940904
2.141632 2.164632 2.189347 2.215809 2.244053 2.274112 2.306020 2.339813 2.375522 2.413180 2.452819 2.494465 2.538141 2.583869 2.631660 2.681521 2.733449 2.787434 2.843450 2.901461 2.961413 3.023236 3.086842 3.152117 3.218931 3.287123 3.356509 3.426877 3.497986 3.569568 3.641326 3.712939 3.784058 3.854313 3.923316 3.990662 4.055929 4.118703 4.178589 4.235169 4.288042 4.336823 4.381157 4.420715 4.455199 4.484349 4.507942 4.525798 4.537778 4.543792 4.543792 4.537778 4.525798 4.507944 4.484351 4.455202 4.420718 4.381160 4.336826 4.288045 4.235174 4.178594 4.118709
2.162288 2.186492 2.212525 2.240427 2.270238 2.302003 2.335762 2.371558 2.409438 2.449440 2.491608 2.535979 2.582590 2.631470 2.682646 2.736135 2.791947 2.850080 2.910521 2.973242 3.038196 3.105320 3.174529 3.245710 3.318728 3.393418 3.469581 3.546991 3.625384 3.704463 3.783900 3.863331 3.942364 4.020575 4.097523 4.172743 4.245770 4.316118 4.383281 4.446792 4.506194 4.561044 4.610929 4.655466 4.694309 4.727156 4.753750 4.773881 4.787391 4.794172 4.794172 4.787392 4.773881 4.753751 4.727157 4.694310 4.655467 4.610930 4.561046 4.506195 4.446794 4.383284 4.316120
2.183884 2.209366 2.236800 2.266233 2.297715 2.331298 2.367033 2.404975 2.445179 2.487698 2.532586 2.579896 2.629675 2.681968 2.736817 2.794252 2.854298 2.916966 2.982258 3.050156 3.120626 3.193612 3.269035 3.346786 3.426729 3.508692 3.592466 3.677808 3.764429 3.852004 3.940165 4.028503 4.116572 4.203892 4.289952 4.374215 4.456118 4.535105 4.610637 4.682152 4.749104 4.810977 4.867286 4.917588 4.961479 4.998609 5.028679 5.051446 5.066728 5.074399 5.074399 5.066728 5.051446 5.028680 4.998610 4.961481 4.917590 4.867289 4.810978 4.749106 4.682154 4.610640 4.535108
2.206394 2.233228 2.262147 2.293205 2.326462 2.361979 2.399822 2.440053 2.482742 2.527957 2.575767 2.626236 2.679431 2.735413 2.794239 2.855959 2.920614 2.988234 3.058836 3.132420 3.208965 3.288429 3.370741 3.455800 3.543469 3.633574 3.725898 3.820179 3.916104 4.013314 4.111400 4.209900 4.308309 4.406073 4.502606 4.597291 4.689496 4.778562 4.863809 4.944594 5.020296 5.090311 5.154073 5.211062 5.260810 5.302909 5.337012 5.362839 5.380175 5.388879 5.388878 5.380175 5.362839 5.337012 5.302909 5.260810 5.211062 5.154072 5.090310 5.020296 4.944594 4.863809 4.778561
2.229791 2.258054 2.288541 2.321318 2.356455 2.394026 2.434107 2.476777 2.522119 2.570216 2.621153 2.675014 2.731884 2.791843 2.854970 2.921334 2.990999 3.064018 3.140427 3.220246 3.303477 3.390093 3.480038 3.573220 3.669511 3.768735 3.870667 3.975027 4.081481 4.189633 4.299025 4.409138 4.519394 4.629162 4.737759 4.844464 4.948516 5.049153 5.145630 5.237175 5.323040 5.402516 5.474942 5.539706 5.596265 5.644142 5.682933 5.712314 5.732038 5.741943 5.741943 5.732040 5.712316 5.682935 5.644146 5.596270 5.539711 5.474948 5.402524 5.323047 5.237183 5.145638 5.049160
2.254049 2.283815 2.315956 2.350548 2.387675 2.427419 2.469875 2.515136 2.563299 2.614470 2.668750 2.726243 2.787059 2.851299 2.919066 2.990456 3.065559 3.144454 3.227205 3.313857 3.404439 3.498946 3.597342 3.699556 3.805465 3.914900 4.027634 4.143373 4.261756 4.382348 4.504642 4.628052 4.751916 4.875508 4.998038 5.118666 5.236526 5.350712 5.460286 5.564358 5.662059 5.752560 5.835079 5.908903 5.973396 6.028000 6.072250 6.105770 6.128273 6.139573 6.139574 6.128275 6.105771 6.072253 6.028004 5.973400 5.908906 5.835084 5.752564 5.662064 5.564362 5.460290 5.350717
2.279141 2.310486 2.344366 2.380870 2.420092 2.462134 2.507101 2.555107 2.606268 2.660708 2.718552 2.779929 2.844971 2.913809 2.986575 3.063394 3.144389 3.229669 3.319335 3.413466 3.512120 3.615325 3.723075 3.835320 3.951961 4.072835 4.197719 4.326308 4.458219 4.592978 4.730019 4.868680 5.008208 5.147763 5.286424 5.423201 5.557045 5.686895 5.811703 5.930392 6.041919 6.145296 6.239605 6.324009 6.397762 6.460218 6.510837 6.549181 6.574925 6.587852 6.587852 6.574926 6.549182 6.510839 6.460221 6.397765 6.324011 6.239607 6.145298 6.041922 5.930395 5.811707 5.686899
2.305017 2.338017 2.373721 2.412233 2.453661 2.498123 2.545742 2.596652 2.650989 2.708900 2.770537 2.836056 2.905617 2.979384 3.057523 3.140196 3.227562 3.319772 3.416969 3.519271 3.626780 3.739565 3.857658 3.981045 4.109653 4.243343 4.381899 4.525014 4.672285 4.823195 4.977122 5.133318 5.290922 5.448956 5.606349 5.761939 5.914511 6.062791 6.205467 6.341276 6.468995 6.587455 6.695572 6.792360 6.876949 6.948584 7.006642 7.050622 7.080148 7.094973 7.094973 7.080148 7.050622 7.006644 6.948586 6.876951 6.792362 6.695573 6.587457 6.468997 6.341279 6.205470 6.062794
2.331646 2.366375 2.403989 2.444604 2.488347 2.535353 2.585765 2.639735 2.697429 2.759018 2.824681 2.894605 2.968987 3.048028 3.131930 3.220900 3.315144 3.414862 3.520243 3.631461 3.748671 3.871996 4.001517 4.137268 4.279220 4.427265 4.581211 4.740756 4.905482 5.074840 5.248138 5.424537 5.603050 5.782546 5.961759 6.139311 6.313726 6.483488 6.647095 6.803012 6.949756 7.085938 7.210265 7.321584 7.418873 7.501260 7.568025 7.618592 7.652537 7.669580 7.669580 7.652538 7.618594 7.568027 7.501263 7.418876 7.321587 7.210269 7.085941 6.949761 6.803017 6.647101 6.483493
2.358978 2.395509 2.435117 2.477931 2.524097 2.573770 2.627115 2.684308 2.745542 2.811014 2.880941 2.955544 3.035056 3.119722 3.209794 3.305527 3.407180 3.515012 3.629275 3.750207 3.878028 4.012931 4.155064 4.304526 4.461348 4.625473 4.796747 4.974887 5.159473 5.349926 5.545490 5.745222 5.947993 6.152484 6.357205 6.560520 6.760690 6.955882 7.144203 7.323832 7.493008 7.650066 7.793481 7.921885 8.034091 8.129090 8.206054 8.264333 8.303448 8.323084 8.323084 8.303448 8.264334 8.206056 8.129092 8.034092 7.921885 7.793481 7.650066 7.493008 7.323833 7.144205 6.955883
2.386969 2.425374 2.467056 2.512164 2.560860 2.613322 2.669738 2.730314 2.795268 2.864835 2.939264 3.018819 3.103778 3.194433 3.291092 3.394068 3.503685 3.620268 3.744148 3.875638 4.015047 4.162648 4.318682 4.483333 4.656713 4.838840 5.029621 5.228815 5.436017 5.650628 5.871831 6.098577 6.329568 6.563270 6.797917 7.031541 7.262009 7.487107 7.704619 7.912306 8.108018 8.289754 8.455696 8.604239 8.733997 8.843808 8.932734 9.000046 9.045210 9.067877 9.067877 9.045210 9.000047 8.932734 8.843808 8.733998 8.604241 8.455697 8.289754 8.108019 7.912308 7.704622 7.487107
2.415561 2.455911 2.499748 2.547239 2.598570 2.653940 2.713566 2.777681 2.846538 2.920408 2.999580 3.084363 3.175088 3.272104 3.375777 3.486490 3.604642 3.730644 3.864910 4.007857 4.159890 4.321394 4.492722 4.674171 4.865968 5.068235 5.280971 5.504005 5.736978 5.979290 6.230072 6.488164 6.752086 7.020045 7.289939 7.559402 7.825880 8.086646 8.338902 8.579932 8.807152 9.018148 9.210754 9.383080 9.533518 9.660746 9.763709 9.841602 9.893842 9.920053 9.920053 9.893841 9.841602 9.763709 9.660745 9.533517 9.383078 9.210753 9.018145 8.807149 8.579931 8.338900 8.086644
2.444699 2.487058 2.533125 2.583089 2.637155 2.695551 2.758520 2.826330 2.899267 2.977646 3.061800 3.152090 3.248903 3.352650 3.463770 3.582726 3.710003 3.846109 3.991566 4.146906 4.312661 4.489352 4.677471 4.877470 5.089719 5.314490 5.551919 5.801946 6.064294 6.338397 6.623363 6.917918 7.220385 7.528667 7.840252 8.152267 8.461522 8.764677 9.058355 9.339183 9.603957 9.849763 10.07401 10.27447 10.44931 10.59703 10.71646 10.80675 10.86726 10.89761 10.89762 10.86726 10.80675 10.71647 10.59703 10.44931 10.27447 10.07401 9.849764 9.603960 9.339187 9.058359 8.764682
2.474316 2.518748 2.567119 2.619638 2.676536 2.738068 2.804511 2.876166 2.953360 3.036449 3.125821 3.221891 3.325110 3.435962 3.554966 3.682676 3.819679 3.966595 4.124072 4.292780 4.473407 4.666639 4.873152 5.093581 5.328500 5.578381 5.843545 6.124113 6.419948 6.730567 7.055093 7.392163 7.739892 8.095822 8.456954 8.819767 9.180367 9.534553 9.878011 10.20656 10.51629 10.80364 11.06552 11.29933 11.50298 11.67480 11.81356 11.91834 11.98851 12.02369 12.02369 11.98851 11.91834 11.81356 11.67480 11.50298 11.29933 11.06552 10.80364 10.51629 10.20657 9.878011 9.534554
2.504349 2.550913 2.601655 2.656809 2.716631 2.781407 2.851446 2.927089 3.008705 3.096701 3.191519 3.293637 3.403576 3.521901 3.649223 3.786198 3.933529 4.091968 4.262311 4.445392 4.642083 4.853278 5.079869 5.322741 5.582720 5.860548 6.156815 6.471898 6.805882 7.158454 7.528816 7.915560 8.316594 8.729070 9.149364 9.573145 9.995473 10.41106 10.81455 11.20063 11.56440 11.90149 12.20824 12.48162 12.71928 12.91945 13.08083 13.20253 13.28396 13.32475 13.32475 13.28396 13.20253 13.08083 12.91945 12.71928 12.48162 12.20824 11.90150 11.56440 11.20063 10.81455 10.41107
2.534717 2.583466 2.636642 2.694504 2.757336 2.825456 2.899208 2.978974 3.065174 3.158262 3.258745 3.367168 3.484132 3.610290 3.746356 3.893100 4.051360 4.222036 4.406098 4.604573 4.818552 5.049174 5.297611 5.565045 5.852639 6.161481 6.492537 6.846547 7.223936 7.624689 8.048191 8.493080 8.957092 9.436945 9.928286 10.42573 10.92306 11.41348 11.88997 12.34581 12.77483 13.17170 13.53204 13.85239 14.13021 14.36364 14.55146 14.69285 14.78733 14.83463 14.83463 14.78733 14.69285 14.55146 14.36364 14.13020 13.85239 13.53203 13.17170 12.77483 12.34581 11.88997 11.41348
2.565349 2.616332 2.671999 2.732633 2.798554 2.870108 2.947681 3.031698 3.122628 3.220986 3.327340 3.442312 3.566591 3.700927 3.846147 4.003152 4.172926 4.356544 4.555170 4.770059 5.002560 5.254105 5.526199 5.820404 6.138297 6.481431 6.851260 7.249043 7.675713 8.131723 8.616828 9.129860 9.668484 10.22899 10.80613 11.39317 11.98206 12.56394 13.12974 13.67067 14.17889 14.64781 15.07225 15.44836 15.77349 16.04587 16.26445 16.42867 16.53823 16.59302 16.59303 16.53823 16.42867 16.26445 16.04587 15.77349 15.44837 15.07225 14.64781 14.17889 13.67067 13.12974 12.56395
2.596166 2.649424 2.707633 2.771100 2.840176 2.915246 2.996735 3.085117 3.180912 3.284699 3.397116 3.518868 3.650733 3.793571 3.948334 4.116066 4.297920 4.495160 4.709178 4.941485 5.193730 5.467693 5.765280 6.088510 6.439488 6.820345 7.233197 7.680004 8.162436 8.681667 9.238101 9.831028 10.45825 11.11571 11.79715 12.49411 13.19611 13.89132 14.56747 15.21299 15.81780 16.37381 16.87499 17.31722 17.69793 18.01570 18.26991 18.46041 18.58729 18.65067 18.65067 18.58729 18.46041 18.26991 18.01570 17.69792 17.31721 16.87499 16.37381 15.81780 15.21299 14.56747 13.89132
2.627082 2.682652 2.743442 2.809792 2.882082 2.960740 3.046230 3.139076 3.239859 3.349217 3.467870 3.596605 3.736303 3.887943 4.052609 4.231504 4.425965 4.637473 4.867667 5.118355 5.391530 5.689376 6.014271 6.368785 6.755660 7.177775 7.638080 8.139484 8.684697 9.275976 9.914779 10.60130 11.33389 12.10837 12.91749 13.75051 14.59347 15.43021 16.24396 17.01904 17.74231 18.40382 18.99681 19.51719 19.96291 20.33328 20.62847 20.84902 20.99559 21.06872 21.06872 20.99558 20.84902 20.62847 20.33328 19.96291 19.51719 18.99681 18.40382 17.74231 17.01905 16.24396 15.43021
2.658004 2.715914 2.779319 2.848591 2.924147 3.006450 3.096011 3.193408 3.299279 3.414335 3.539371 3.675272 3.823023 3.983731 4.158623 4.349078 4.556629 4.782997 5.030097 5.300070 5.595294 5.918417 6.272364 6.660357 7.085908 7.552804 8.065067 8.626844 9.242262 9.915144 10.64861 11.44447 12.30233 13.21857 14.18510 15.18846 16.20982 17.22633 18.21401 19.15110 20.02035 20.80981 21.51239 22.12469 22.64591 23.07672 23.41858 23.67315 23.84192 23.92601 23.92601 23.84192 23.67315 23.41858 23.07672 22.64591 22.12469 21.51238 20.80981 20.02034 19.15110 18.21401 17.22633
2.688843 2.749109 2.815154 2.887380 2.966239 3.052229 3.145919 3.247935 3.358977 3.479831 3.611376 3.754593 3.910584 4.080585 4.265984 4.468344 4.689410 4.931161 5.195821 5.485889 5.804181 6.153861 6.538482 6.962016 7.428885 7.943966 8.512604 9.140524 9.833726 10.59824 11.43968 12.36252 13.36894 14.45714 15.61913 16.83843 18.08906 19.33751 20.54823 21.68992 22.73982 23.68427 24.51695 25.23652 25.84454 26.34403 26.73845 27.03106 27.22453 27.32079 27.32079 27.22453 27.03106 26.73845 26.34403 25.84454 25.23652 24.51695 23.68428 22.73982 21.68992 20.54823 19.33752
2.719505 2.782139 2.850839 2.926036 3.008219 3.097933 3.195788 3.302469 3.418746 3.545474 3.683623 3.834275 3.998656 4.178136 4.374270 4.588814 4.823752 5.081330 5.364105 5.674969 6.017212 6.394574 6.811306 7.272231 7.782814 8.349213 8.978354 9.677911 10.45629 11.32248 12.28567 13.35452 14.53585 15.83225 17.23824 18.73520 20.28715 21.84242 23.34469 24.74741 26.02119 27.15237 28.13801 28.98116 29.68762 30.26405 30.71679 31.05132 31.27190 31.38146 31.38146 31.27190 31.05132 30.71679 30.26405 29.68763 28.98116 28.13801 27.15237 26.02119 24.74741 23.34469 21.84242
2.749892 2.814897 2.886253 2.964427 3.049945 3.143396 3.245437 3.356814 3.478363 3.611015 3.755834 3.914003 4.086873 4.275966 4.483006 4.709953 4.959032 5.232785 5.534115 5.866332 6.233242 6.639208 7.089242 7.589107 8.145438 8.765853 9.459105 10.23519 11.10548 12.08272 13.18097 14.41506 15.79947 17.34560 19.05615 20.91483 22.87292 24.84577 26.73716 28.47525 30.02504 31.37834 32.54085 33.52384 34.33993 35.00098 35.51731 35.89725 36.14708 36.27096 36.27096 36.14708 35.89725 35.51731 35.00098 34.33993 33.52384 32.54085 31.37834 30.02505 28.47525 26.73716 24.84577
