T1-compare/100/model-f512.grd
DSAA
         100         100
  -15.00000       15.00000    
  -15.00000       15.00000    
  0.7235972       99.32182    
[rows 0 to 27 of 100, columns 0 to 62 of 100]
0.7236001 0.7470145 0.7712618 0.7963640 0.8223429 0.8492187 0.8770103 0.9057356 0.9354097 0.9660457 0.9976538 1.030241 1.063811 1.098361 1.133886 1.170373 1.207805 1.246156 1.285394 1.325476 1.366353 1.407964 1.450239 1.493096 1.536442 1.580173 1.624171 1.668306 1.712440 1.756419 1.800080 1.843249 1.885744 1.927375 1.967946 2.007258 2.045123 2.081332 2.115657 2.147911 2.177914 2.205484 2.230453 2.252665 2.271978 2.288269 2.301433 2.311382 2.318051 2.321397 2.321397 2.318051 2.311381 2.301432 2.288268 2.271976 2.252662 2.230450 2.205481 2.177910 2.147908 2.115653 2.081328
0.7453213 0.7699635 0.7955126 0.8219945 0.8494356 0.8778601 0.9072919 0.9377535 0.9692649 1.001844 1.035506 1.070262 1.106120 1.143083 1.181149 1.220309 1.260549 1.301846 1.344169 1.387477 1.431719 1.476834 1.522748 1.569375 1.616617 1.664358 1.712473 1.760820 1.809243 1.857574 1.905629 1.953215 2.000125 2.046144 2.091050 2.134611 2.176584 2.216740 2.254880 2.290770 2.324182 2.354908 2.382753 2.407537 2.429097 2.447291 2.461996 2.473113 2.480567 2.484307 2.484307 2.480567 2.473112 2.461995 2.447289 2.429094 2.407533 2.382749 2.354903 2.324177 2.290765 2.254875 2.216734
0.7676594 0.7935906 0.8205085 0.8484434 0.8774269 0.9074888 0.9386576 0.9709615 1.004426 1.039075 1.074929 1.112005 1.150317 1.189873 1.230675 1.272722 1.316001 1.360493 1.406172 1.452996 1.500917 1.549871 1.599783 1.650563 1.702105 1.754286 1.806970 1.860001 1.913208 1.966402 2.019381 2.071923 2.123798 2.174762 2.224561 2.272937 2.319638 2.364392 2.406906 2.446930 2.484220 2.518538 2.549658 2.577373 2.601495 2.621858 2.638323 2.650773 2.659122 2.663311 2.663311 2.659122 2.650772 2.638321 2.621856 2.601492 2.577369 2.549654 2.518533 2.484215 2.446924 2.406900 2.364387
0.7906157 0.8178991 0.8462548 0.8757195 0.9063292 0.9381201 0.9711273 1.005385 1.040925 1.077777 1.115970 1.155528 1.196469 1.238811 1.282561 1.327723 1.374291 1.422251 1.471578 1.522238 1.574181 1.627345 1.681654 1.737011 1.793306 1.850409 1.908169 1.966418 2.024967 2.083606 2.142107 2.200225 2.257696 2.314243 2.369576 2.423396 2.475382 2.525234 2.572680 2.617408 2.659118 2.697534 2.732394 2.763456 2.790506 2.813350 2.831826 2.845801 2.855174 2.859878 2.859877 2.855173 2.845799 2.831823 2.813347 2.790502 2.763452 2.732388 2.697528 2.659112 2.617401 2.572673 2.525227
0.8141940 0.8428943 0.8727596 0.9038321 0.9361554 0.9697716 1.004723 1.041050 1.078794 1.117992 1.158679 1.200889 1.244648 1.289981 1.336905 1.385429 1.435556 1.487278 1.540577 1.595421 1.651765 1.709548 1.768691 1.829099 1.890654 1.953216 2.016625 2.080695 2.145220 2.209965 2.274676 2.339076 2.402866 2.465731 2.527341 2.587355 2.645437 2.701228 2.754344 2.804447 2.851211 2.894315 2.933454 2.968352 2.998755 3.024442 3.045224 3.060948 3.071496 3.076789 3.076789 3.071495 3.060946 3.045223 3.024440 2.998752 2.968348 2.933450 2.894309 2.851206 2.804442 2.754338 2.701222
0.8383891 0.8685730 0.9000217 0.9327843 0.9669112 1.002452 1.039458 1.077977 1.118060 1.159752 1.203098 1.248141 1.294918 1.343462 1.393801 1.445954 1.499932 1.555736 1.613356 1.672765 1.733925 1.796777 1.861245 1.927229 1.994609 2.063235 2.132937 2.203511 2.274730 2.346335 2.418041 2.489533 2.560476 2.630508 2.699250 2.766305 2.831254 2.893693 2.953246 3.009501 3.062055 3.110533 3.154584 3.193884 3.228138 3.257092 3.280524 3.298256 3.310154 3.316126 3.316125 3.310153 3.298255 3.280522 3.257089 3.228136 3.193880 3.154580 3.110528 3.062049 3.009495 2.953241 2.893687
0.8631982 0.8949339 0.9280416 0.9625779 0.9986016 1.036171 1.075345 1.116184 1.158746 1.203088 1.249266 1.297334 1.347341 1.399331 1.453344 1.509411 1.567556 1.627788 1.690109 1.754501 1.820933 1.889351 1.959684 2.031830 2.105665 2.181036 2.257756 2.335608 2.414339 2.493665 2.573264 2.652783 2.731839 2.810019 2.886889 2.961994 3.034883 3.105074 3.172057 3.235376 3.294582 3.349241 3.398943 3.443309 3.481999 3.514713 3.541197 3.561244 3.574696 3.581449 3.581449 3.574695 3.561243 3.541196 3.514711 3.481996 3.443305 3.398939 3.349236 3.294577 3.235370 3.172052 3.105068
0.8886153 0.9219726 0.9568166 0.9932131 1.031229 1.070934 1.112396 1.155686 1.200874 1.248029 1.297221 1.348516 1.401977 1.457663 1.515627 1.575915 1.638564 1.703600 1.771035 1.840865 1.913068 1.987601 2.064395 2.143355 2.224353 2.307230 2.391788 2.477794 2.564970 2.653000 2.741525 2.830147 2.918428 3.005896 3.092049 3.176357 3.258260 3.337210 3.412690 3.484136 3.551008 3.612793 3.669012 3.719225 3.763034 3.800090 3.830098 3.852817 3.868064 3.875719 3.875719 3.868063 3.852816 3.830096 3.800088 3.763031 3.719222 3.669008 3.612788 3.551003 3.484132 3.412684 3.337205
0.9146308 0.9496800 0.9863396 1.024684 1.064792 1.106741 1.150613 1.196491 1.244458 1.294598 1.346995 1.401729 1.458881 1.518526 1.580736 1.645572 1.713091 1.783334 1.856332 1.932096 2.010619 2.091870 2.175788 2.262285 2.351236 2.442476 2.535800 2.630954 2.727638 2.825500 2.924141 3.023108 3.121905 3.219986 3.316775 3.411659 3.504023 3.593211 3.678539 3.759375 3.835103 3.905127 3.968887 4.025864 4.075596 4.117677 4.151763 4.177573 4.194899 4.203597 4.203597 4.194898 4.177572 4.151761 4.117675 4.075594 4.025860 3.968883 3.905123 3.835099 3.759370 3.678534 3.593206
0.9412298 0.9780430 1.016598 1.056980 1.099280 1.143586 1.189994 1.238602 1.289507 1.342809 1.398609 1.457005 1.518098 1.581982 1.648749 1.718484 1.791262 1.867149 1.946195 2.028433 2.113874 2.202505 2.294280 2.389121 2.486907 2.587475 2.690610 2.796042 2.903448 3.012439 3.122566 3.233320 3.344131 3.454375 3.563378 3.670426 3.774759 3.875623 3.972292 4.063996 4.149989 4.229567 4.302070 4.366894 4.423499 4.471408 4.510223 4.539619 4.559354 4.569262 4.569262 4.559353 4.539619 4.510221 4.471406 4.423496 4.366891 4.302067 4.229562 4.149985 4.063993 3.972288 3.875618
0.9683964 1.007046 1.047577 1.090088 1.134681 1.181460 1.230534 1.282016 1.336022 1.392670 1.452080 1.514371 1.579667 1.648085 1.719740 1.794745 1.873200 1.955198 2.040817 2.130114 2.223128 2.319867 2.420308 2.524386 2.631995 2.742973 2.857103 2.974101 3.093616 3.215224 3.338423 3.462636 3.587212 3.711430 3.834510 3.955617 4.073900 4.188454 4.298340 4.402674 4.500599 4.591285 4.673959 4.747911 4.812506 4.867193 4.911506 4.945069 4.967603 4.978917 4.978917 4.967603 4.945069 4.911504 4.867191 4.812505 4.747908 4.673956 4.591282 4.500596 4.402670 4.298337 4.188450
0.9961112 1.036668 1.079258 1.123990 1.170979 1.220347 1.272219 1.326725 1.384000 1.444183 1.507416 1.573846 1.643617 1.716877 1.793771 1.874439 1.959016 2.047626 2.140381 2.237373 2.338671 2.444316 2.554313 2.668623 2.787155 2.909760 3.036223 3.166250 3.299465 3.435405 3.573511 3.713131 3.853518 3.993840 4.133183 4.270566 4.404940 4.535251 4.660469 4.779517 4.891354 4.994998 5.089533 5.174129 5.248040 5.310623 5.361341 5.399757 5.425549 5.438499 5.438498 5.425549 5.399757 5.361339 5.310622 5.248038 5.174126 5.089531 4.994994 4.891350 4.779513 4.660465 4.535247
1.024351 1.066888 1.111617 1.158661 1.208153 1.260227 1.315030 1.372710 1.433426 1.497339 1.564618 1.635435 1.709967 1.788391 1.870889 1.957637 2.048806 2.144563 2.245060 2.350431 2.460787 2.576211 2.696744 2.822383 2.953067 3.088667 3.228976 3.373697 3.522434 3.674684 3.829828 3.987128 4.145729 4.304666 4.462869 4.619184 4.772412 4.921279 5.064470 5.200729 5.328843 5.447645 5.556056 5.653095 5.737891 5.809697 5.867889 5.911966 5.941557 5.956415 5.956415 5.941557 5.911966 5.867888 5.809696 5.737890 5.653092 5.556055 5.447642 5.328840 5.200727 5.064467 4.921278
1.053086 1.097674 1.144623 1.194071 1.246168 1.301068 1.358936 1.419945 1.484276 1.552117 1.623667 1.699130 1.778716 1.862642 1.951126 2.044390 2.142651 2.246122 2.355008 2.469494 2.589746 2.715897 2.848043 2.986228 3.130430 3.280556 3.436421 3.597731 3.764080 3.934925 4.109584 4.287225 4.466868 4.647391 4.827534 5.005926 5.181088 5.351517 5.515725 5.672178 5.819395 5.955988 6.080675 6.192299 6.289845 6.372442 6.439372 6.490062 6.524088 6.541171 6.541171 6.524088 6.490061 6.439369 6.372440 6.289843 6.192297 6.080672 5.955985 5.819393 5.672175 5.515722 5.351514
1.082284 1.128994 1.178243 1.230186 1.284992 1.342836 1.403904 1.468395 1.536516 1.608488 1.684540 1.764912 1.849856 1.939628 2.034498 2.134734 2.240608 2.352395 2.470357 2.594746 2.725795 2.863707 3.008642 3.160708 3.319949 3.486316 3.659665 3.839723 4.026079 4.218160 4.415221 4.616326 4.820352 5.025989 5.231754 5.436015 5.637047 5.833018 6.022036 6.202281 6.372003 6.529541 6.673373 6.802137 6.914645 7.009892 7.087052 7.145476 7.184688 7.204372 7.204371 7.184687 7.145475 7.087050 7.009890 6.914644 6.802134 6.673371 6.529540 6.372001 6.202278 6.022032 5.833016
1.111911 1.160809 1.212436 1.266964 1.324580 1.385485 1.449887 1.518014 1.590103 1.666408 1.747195 1.832745 1.923355 2.019331 2.120995 2.228676 2.342712 2.463443 2.591209 2.726341 2.869155 3.019939 3.178943 3.346362 3.522319 3.706843 3.899848 4.101105 4.310215 4.526590 4.749419 4.977660 5.210026 5.444987 5.680783 5.915454 6.146866 6.372815 6.591100 6.799479 6.995806 7.178085 7.344502 7.493453 7.623555 7.733649 7.822801 7.890279 7.935553 7.958275 7.958275 7.935552 7.890276 7.822799 7.733648 7.623552 7.493451 7.344500 7.178082 6.995802 6.799476 6.591096 6.372811
1.141923 1.193076 1.247156 1.304354 1.364882 1.428961 1.496831 1.568745 1.644978 1.725818 1.811574 1.902574 1.999162 2.101705 2.210584 2.326198 2.448961 2.579295 2.717629 2.864391 3.020000 3.184853 3.359313 3.543687 3.738213 3.943023 4.158126 4.383360 4.618374 4.862576 5.115107 5.374812 5.640220 5.909544 6.180690 6.451297 6.718819 6.980539 7.233649 7.475446 7.703347 7.914946 8.108080 8.280859 8.431683 8.559227 8.662442 8.740522 8.792887 8.819160 8.819160 8.792885 8.740521 8.662441 8.559225 8.431680 8.280856 8.108078 7.914943 7.703343 7.475443 7.233646 6.980536
1.172274 1.225745 1.282350 1.342303 1.405838 1.473203 1.544668 1.620520 1.701068 1.786644 1.877603 1.974321 2.077204 2.186679 2.303200 2.427248 2.559319 2.699936 2.849634 3.008958 3.178453 3.358651 3.550057 3.753129 3.968254 4.195709 4.435639 4.687998 4.952513 5.228629 5.515459 5.811739 6.115799 6.425548 6.738480 7.051724 7.362102 7.666271 7.960874 8.242533 8.508052 8.754515 8.979338 9.180299 9.355560 9.503626 9.623341 9.713829 9.774481 9.804901 9.804900 9.774479 9.713828 9.623339 9.503624 9.355557 9.180296 8.979335 8.754512 8.508048 8.242529 7.960871 7.666267
1.202915 1.258762 1.317960 1.380746 1.447381 1.518140 1.593324 1.673258 1.758292 1.848800 1.945189 2.047894 2.157383 2.274158 2.398752 2.531735 2.673709 2.825307 2.987193 3.160047 3.344572 3.541463 3.751409 3.975056 4.212989 4.465685 4.733482 5.016507 5.314627 5.627375 5.953876 6.292777 6.642198 6.999691 7.362259 7.726393 8.088203 8.443498 8.787954 9.117406 9.427937 9.715997 9.978498 10.21285 10.41695 10.58916 10.72822 10.83322 10.90354 10.93879 10.93879 10.90354 10.83322 10.72821 10.58916 10.41695 10.21285 9.978497 9.715994 9.427933 9.117403 8.787951 8.443495
1.233788 1.292066 1.353921 1.419615 1.489435 1.563689 1.642712 1.726865 1.816545 1.912176 2.014219 2.123172 2.239576 2.364012 2.497106 2.639530 2.792003 2.955290 3.130203 3.317586 3.518325 3.733325 3.963492 4.209718 4.472843 4.753615 5.052638 5.370295 5.706678 6.061489 6.433930 6.822606 7.225428 7.639557 8.061375 8.486554 8.910159 9.326914 9.731457 10.11849 10.48312 10.82098 11.12839 11.40235 11.64050 11.84108 12.00278 12.12472 12.20631 12.24718 12.24718 12.20631 12.12472 12.00278 11.84108 11.64050 11.40235 11.12839 10.82098 10.48312 10.11849 9.731454 9.326910
1.264834 1.325592 1.390162 1.458832 1.531919 1.609761 1.692733 1.781238 1.875718 1.976651 2.084562 2.200015 2.323632 2.456082 2.598095 2.750460 2.914025 3.089709 3.278494 3.481420 3.699593 3.934160 4.186306 4.457225 4.748091 5.060000 5.393929 5.750624 6.130525 6.533617 6.959299 7.406213 7.872106 8.353698 8.846642 9.345559 9.844252 10.33592 10.81353 11.27038 11.70032 12.09800 12.45905 12.78002 13.05835 13.29222 13.48038 13.62203 13.71668 13.76407 13.76407 13.71668 13.62203 13.48038 13.29222 13.05835 12.78001 12.45904 12.09800 11.70031 11.27038 10.81353 10.33592
1.295989 1.359270 1.426607 1.498314 1.574739 1.656257 1.743279 1.836255 1.935677 2.042084 2.156062 2.278255 2.409368 2.550172 2.701509 2.864298 3.039537 3.228317 3.431815 3.651299 3.888131 4.143755 4.419689 4.717503 5.038789 5.385107 5.757923 6.158498 6.587783 7.046233 7.533613 8.048760 8.589350 9.151674 9.730498 10.31909 10.90940 11.49257 12.05954 12.60154 13.11072 13.58049 14.00569 14.38245 14.70813 14.98096 15.19992 15.36440 15.47414 15.52903 15.52903 15.47414 15.36440 15.19991 14.98096 14.70813 14.38245 14.00568 13.58049 13.11072 12.60154 12.05954 11.49257
1.327182 1.393024 1.463171 1.537969 1.617796 1.703064 1.794228 1.891784 1.996279 2.108313 2.228545 2.357699 2.496575 2.646051 2.807096 2.980771 3.168242 3.370792 3.589823 3.826862 4.083571 4.361742 4.663294 4.990253 5.344738 5.728890 6.144835 6.594538 7.079682 7.601448 8.160247 8.755375 9.384647 10.04400 10.72720 11.42577 12.12927 12.82585 13.50324 14.14987 14.75570 15.31260 15.81456 16.25748 16.63877 16.95702 17.21162 17.40241 17.52947 17.59295 17.59295 17.52946 17.40240 17.21162 16.95702 16.63876 16.25747 15.81456 15.31260 14.75569 14.14987 13.50323 12.82585
1.358340 1.426771 1.499767 1.577700 1.660982 1.750067 1.845451 1.947682 2.057364 2.175163 2.301815 2.438131 2.585012 2.743454 2.914560 3.099551 3.299777 3.516736 3.752081 4.007635 4.285401 4.587579 4.916556 5.274913 5.665406 6.090920 6.554420 7.058819 7.606838 8.200740 8.841994 9.530799 10.26551 11.04197 11.85291 12.68761 13.53212 14.37026 15.18530 15.96155 16.68587 17.34831 17.94213 18.46322 18.90955 19.28042 19.57601 19.79686 19.94363 20.01687 20.01687 19.94363 19.79686 19.57601 19.28043 18.90955 18.46322 17.94213 17.34831 16.68587 15.96155 15.18530 14.37026
1.389386 1.460429 1.536299 1.617401 1.704183 1.797137 1.896806 2.003792 2.118757 2.242439 2.375655 2.519309 2.674409 2.842075 3.023562 3.220259 3.433718 3.665672 3.918056 4.193019 4.492958 4.820529 5.178673 5.570619 5.999893 6.470291 6.985845 7.550711 8.169022 8.844612 9.580615 10.37883 11.23889 12.15717 13.12559 14.13070 15.15366 16.17165 17.16068 18.09898 18.96932 19.75975 20.46319 21.07624 21.59809 22.02943 22.37170 22.62658 22.79556 22.87975 22.87975 22.79556 22.62658 22.37170 22.02942 21.59809 21.07624 20.46318 19.75975 18.96931 18.09898 17.16068 16.17165
1.420238 1.493907 1.572670 1.656965 1.747277 1.844139 1.948141 2.059943 2.180271 2.309932 2.449830 2.600966 2.764465 2.941580 3.133720 3.342462 3.569572 3.817042 4.087111 4.382292 4.705415 5.059657 5.448583 5.876176 6.346868 6.865549 7.437569 8.068664 8.764847 9.532153 10.37620 11.30147 12.31016 13.40047 14.56441 15.78551 17.03780 18.28777 19.49987 20.64281 21.69385 22.63931 23.47288 24.19321 24.80189 25.30193 25.69678 25.98971 26.18340 26.27977 26.27976 26.18340 25.98971 25.69678 25.30193 24.80189 24.19321 23.47288 22.63931 21.69385 20.64281 19.49987 18.28777
1.450811 1.527109 1.608774 1.696274 1.790133 1.890927 1.999299 2.115959 2.241703 2.377415 2.524085 2.682817 2.854856 3.041598 3.244615 3.465680 3.706791 3.970214 4.258520 4.574612 4.921797 5.303830 5.724971 6.190054 6.704555 7.274646 7.907257 8.610074 9.391518 10.26057 11.22644 12.29780 13.48147 14.78003 16.18803 17.68685 19.24051 20.79736 22.30106 23.70508 24.98003 26.11225 27.09881 27.94275 28.64990 29.22689 29.68008 30.01495 30.23575 30.34542 30.34542 30.23575 30.01494 29.68008 29.22689 28.64990 27.94276 27.09881 26.11225 24.98003 23.70509 22.30106 20.79736
1.481019 1.559942 1.644505 1.735209 1.832620 1.937356 2.050110 2.171651 2.302844 2.444650 2.598150 2.764556 2.945236 3.141732 3.355792 3.589388 3.844767 4.124485 4.431460 4.769019 5.140980 5.551720 6.006260 6.510378 7.070719 7.694910 8.391718 9.171144 10.04457 11.02475 12.12575 13.36241 14.74922 16.29758 18.01020 19.87079 21.83063 23.80508 25.69795 27.43738 28.98837 30.34274 31.50619 32.49001 33.30680 33.96843 34.48522 34.86551 35.11557 35.23956 35.23956 35.11557 34.86551 34.48522 33.96843 33.30680 32.49001 31.50620 30.34274 28.98837 27.43738 25.69795 23.80509
