T1-compare/100/model-f128.grd
DSAA
         100         100
  -15.00000       15.00000    
  -15.00000       15.00000    
   2.053036       100.3066    
[rows 28 to 55 of 100, columns 0 to 62 of 100]
2.779895 2.847259 2.921267 3.002415 3.091266 3.188449 3.294682 3.410760 3.537592 3.676187 3.827708 3.993439 4.174864 4.373644 4.591699 4.831186 5.094592 5.384752 5.704947 6.058916 6.451017 6.886257 7.370486 7.910463 8.514107 9.190619 9.950835 10.80737 11.77507 12.87124 14.11611 15.53284 17.14741 18.98656 21.07201 23.40345 25.92293 28.48303 30.90243 33.06909 34.95273 36.56379 37.92561 39.06297 39.99827 40.75040 41.33465 41.76284 42.04363 42.18264 42.18263 42.04363 41.76284 41.33465 40.75040 39.99827 39.06297 37.92561 36.56379 34.95272 33.06909 30.90244 28.48303
2.809424 2.879129 2.955781 3.039865 3.132044 3.232933 3.343350 3.464099 3.596221 3.740735 3.898966 4.072241 4.262248 4.470722 4.699848 4.951908 5.229748 5.536409 5.875655 6.251566 6.669188 7.134072 7.653068 8.233836 8.885818 9.619734 10.44883 11.38836 12.45728 13.67777 15.07759 16.68978 18.55580 20.72453 23.25235 26.18209 29.47326 32.86363 35.98722 38.68057 40.95054 42.84858 44.42688 45.72924 46.79055 47.63824 48.29335 48.77173 49.08462 49.23929 49.23929 49.08462 48.77173 48.29335 47.63823 46.79055 45.72924 44.42688 42.84858 40.95054 38.68058 35.98723 32.86364
2.838382 2.910370 2.989656 3.076634 3.172127 3.276656 3.391250 3.516605 3.654002 3.804361 3.969300 4.150042 4.348629 4.566718 4.806926 5.071485 5.363789 5.686883 6.045248 6.443073 6.886333 7.380893 7.934883 8.556599 9.257351 10.04906 10.94786 11.97132 13.14311 14.49009 16.04861 17.86183 19.98944 22.50564 25.51288 29.12009 33.34307 37.75985 41.71266 44.99076 47.67445 49.87359 51.67625 53.14838 54.33865 55.28384 56.01105 56.54042 56.88588 57.05646 57.05646 56.88588 56.54041 56.01105 55.28384 54.33864 53.14838 51.67626 49.87359 47.67444 44.99076 41.71266 37.75985
2.866657 2.940909 3.022776 3.112604 3.211349 3.319481 3.438178 3.568089 3.710678 3.866827 4.038373 4.226518 4.433568 4.661196 4.912350 5.189319 5.495933 5.835355 6.212648 6.632247 7.100923 7.624982 8.213686 8.876109 9.625246 10.47441 11.44233 12.54914 13.82287 15.29519 17.01057 19.02220 21.40672 24.26228 27.73198 31.97969 37.05717 42.40469 47.12710 50.96316 54.04815 56.54200 58.56546 60.20515 61.52300 62.56477 63.36348 63.94344 64.32123 64.50758 64.50758 64.32123 63.94344 63.36347 62.56477 61.52300 60.20515 58.56546 56.54200 54.04815 50.96316 47.12711 42.40469
2.894133 2.970609 3.054986 3.147630 3.249543 3.361229 3.483927 3.618333 3.765992 3.927853 4.105858 4.301304 4.516652 4.753685 5.015574 5.304783 5.625423 5.980951 6.376818 6.817874 7.311481 7.864574 8.487292 9.189705 9.986150 10.89155 11.92682 13.11478 14.48715 16.08039 17.94566 20.14525 22.76891 25.93306 29.80572 34.57616 40.29332 46.31649 51.63428 55.93887 59.37992 62.14411 64.37430 66.17288 67.61282 68.74751 69.61532 70.24429 70.65348 70.85518 70.85518 70.65348 70.24429 69.61532 68.74751 67.61282 66.17288 64.37429 62.14411 59.37992 55.93887 51.63428 46.31650
2.920730 2.999374 3.086193 3.181580 3.286580 3.401730 3.528326 3.667120 3.819724 3.987163 4.171472 4.374050 4.597483 4.843713 5.116073 5.417237 5.751566 6.122813 6.536778 6.998746 7.516607 8.097931 8.753643 9.494788 10.33693 11.29649 12.39634 13.66172 15.12757 16.83443 18.83885 21.21017 24.04728 27.47779 31.68157 36.85418 43.03211 49.53204 55.28848 59.96304 63.70234 66.70259 69.11846 71.06256 72.61579 73.83753 74.77052 75.44592 75.88496 76.10125 76.10126 75.88496 75.44592 74.77052 73.83752 72.61579 71.06256 69.11846 66.70259 63.70232 59.96304 55.28848 49.53205
2.946335 3.027086 3.116269 3.214317 3.322302 3.440814 3.571185 3.714236 3.871636 4.044481 4.234907 4.444402 4.675685 4.930821 5.213327 5.526074 5.873659 6.260103 6.691565 7.173717 7.714951 8.323427 9.010800 9.789003 10.67470 11.68567 12.84645 14.18442 15.73713 17.54841 19.67888 22.20284 25.22489 28.87856 33.34799 38.82770 45.34269 52.18686 58.26856 63.23061 67.21276 70.41279 72.99044 75.06407 76.71976 78.02113 79.01424 79.73273 80.19958 80.42950 80.42950 80.19958 79.73273 79.01424 78.02113 76.71976 75.06407 72.99044 70.41279 67.21275 63.23063 58.26857 52.18687
2.970861 3.053632 3.145094 3.245699 3.356566 3.478311 3.612325 3.759474 3.921493 4.099551 4.295862 4.512021 4.750854 5.014568 5.306836 5.630718 5.991028 6.392054 6.840270 7.341729 7.905264 8.539582 9.256999 10.07025 10.99693 12.05603 13.27351 14.67846 16.31051 18.21602 20.45849 23.11545 26.29482 30.13276 34.81425 40.53096 47.29986 54.40166 60.72989 65.91605 70.09394 73.46008 76.17579 78.36230 80.10871 81.48146 82.52898 83.28671 83.77899 84.02141 84.02141 83.77899 83.28671 82.52897 81.48146 80.10870 78.36230 76.17580 73.46007 70.09393 65.91605 60.72990 54.40166
2.994220 3.078927 3.172563 3.275615 3.389230 3.514074 3.651574 3.802638 3.969075 4.152119 4.354062 4.576588 4.822637 5.094547 5.396129 5.730621 6.103049 6.517944 6.982063 7.501808 8.086419 8.745089 9.490717 10.33672 11.30154 12.40514 13.67465 15.14054 16.84406 18.83335 21.17389 23.94522 27.25694 31.24622 36.09745 41.99937 48.96317 56.26163 62.77993 68.14222 72.47762 75.98067 78.81269 81.09604 82.92149 84.35717 85.45308 86.24596 86.76112 87.01483 87.01483 86.76112 86.24596 85.45308 84.35717 82.92148 81.09604 78.81269 75.98067 72.47762 68.14223 62.77993 56.26163
3.016307 3.102849 3.198553 3.303934 3.420167 3.547948 3.688758 3.843540 4.014177 4.201950 4.409231 4.637800 4.890693 5.170357 5.480755 5.825275 6.209146 6.637105 7.116187 7.653091 8.257429 8.938807 9.710649 10.58694 11.58684 12.73111 14.04783 15.56851 17.33560 19.39851 21.82401 24.69278 28.11524 32.22865 37.21642 43.26491 50.38142 57.83358 64.50092 70.00294 74.46535 78.08080 81.00999 83.37553 85.26895 86.75936 87.89771 88.72166 89.25711 89.52085 89.52085 89.25711 88.72163 87.89771 86.75936 85.26895 83.37552 81.01000 78.08081 74.46535 70.00294 64.50094 57.83358
3.037048 3.125322 3.222972 3.330543 3.449236 3.579792 3.723711 3.882006 4.056588 4.248815 4.461124 4.695374 4.954692 5.241647 5.560309 5.914227 6.308796 6.748961 7.241978 7.794832 8.417439 9.119792 9.915734 10.81975 11.85158 13.03262 14.39169 15.96112 17.78418 19.91118 22.40967 25.36096 28.87576 33.09105 38.18925 44.35477 51.59203 59.16530 65.95070 71.56438 76.12952 79.83709 82.84705 85.28178 87.23309 88.77056 89.94572 90.79672 91.34997 91.62251 91.62251 91.34998 90.79672 89.94572 88.77056 87.23309 85.28178 82.84705 79.83710 76.12952 71.56438 65.95070 59.16531
3.056358 3.146247 3.245717 3.355329 3.476324 3.609466 3.756292 3.917865 4.096133 4.292508 4.509505 4.749043 5.014348 5.308075 5.634421 5.997061 6.401536 6.852981 7.358858 7.926376 8.565750 9.287265 10.10513 11.03426 12.09484 13.30879 14.70548 16.31784 18.18975 20.37208 22.93287 25.95372 29.54535 33.84436 39.03226 45.29196 52.62596 60.29614 67.17599 72.87946 77.52790 81.31098 84.38780 86.88043 88.88065 90.45824 91.66496 92.53931 93.10796 93.38814 93.38814 93.10796 92.53929 91.66496 90.45822 88.88065 86.88044 84.38780 81.31098 77.52790 72.87946 67.17599 60.29614
3.074164 3.165549 3.266700 3.378206 3.501321 3.636849 3.786364 3.950957 4.132629 4.332842 4.554161 4.798576 5.069391 5.369353 5.702754 6.073398 6.486958 6.948715 7.466321 8.047193 8.701764 9.440602 10.27822 11.22984 12.31604 13.55913 14.98891 16.63874 18.55292 20.78266 23.39630 26.47554 30.13099 34.49881 39.75974 46.09556 53.50724 61.25500 68.21072 73.98668 78.70280 82.54768 85.67970 88.22053 90.26178 91.87325 93.10680 94.00108 94.58294 94.86970 94.86970 94.58293 94.00108 93.10680 91.87325 90.26179 88.22053 85.67970 82.54768 78.70280 73.98670 68.21072 61.25500
3.090393 3.183143 3.285830 3.399060 3.524120 3.661832 3.813807 3.981153 4.165927 4.369640 4.594898 4.843751 5.119588 5.425210 5.765024 6.142920 6.564698 7.035781 7.563959 8.156831 8.825033 9.579349 10.43452 11.40608 12.51485 13.78348 15.24206 16.92427 18.87469 21.14476 23.80296 26.93098 30.63926 35.06359 40.38405 46.78156 54.25607 62.06655 69.08353 74.91813 79.68921 83.58459 86.76200 89.34275 91.41820 93.05805 94.31421 95.22536 95.81839 96.11074 96.11073 95.81839 95.22536 94.31421 93.05805 91.41820 89.34274 86.76201 83.58459 79.68922 74.91814 69.08353 62.06656
3.104991 3.198962 3.303037 3.417824 3.544633 3.684304 3.838484 4.008321 4.195884 4.402740 4.631536 4.884381 5.164720 5.475422 5.820973 6.205358 6.634471 7.113852 7.651434 8.254946 8.935197 9.703145 10.57374 11.56272 12.69114 13.98186 15.46524 17.17513 19.15633 21.46040 24.15587 27.32439 31.07623 35.54679 40.91568 47.36314 54.88827 62.74914 69.81545 75.69740 80.51307 84.44955 87.66412 90.27769 92.38141 94.04486 95.31987 96.24513 96.84755 97.14459 97.14458 96.84756 96.24513 95.31987 94.04485 92.38140 90.27769 87.66412 84.44955 80.51307 75.69740 69.81545 62.74914
3.117887 3.212957 3.318248 3.434411 3.562770 3.704182 3.860316 4.032339 4.222372 4.432003 4.663925 4.920290 5.204596 5.519778 5.870373 6.260456 6.696006 7.182660 7.728451 8.341248 9.031978 9.811754 10.69568 11.69965 12.84490 14.15447 15.65888 17.39214 19.39915 21.73157 24.45791 27.65977 31.44721 35.95539 41.36349 47.85125 55.41714 63.31863 70.42461 76.34466 81.19625 85.16600 88.41073 91.05109 93.17796 94.86079 96.15134 97.08827 97.69848 97.99939 97.99940 97.69848 97.08827 96.15134 94.86079 93.17796 91.05109 88.41075 85.16600 81.19626 76.34466 70.42461 63.31863
3.129041 3.225044 3.331399 3.448756 3.578450 3.721365 3.879187 4.053109 4.245284 4.457304 4.691927 4.951341 5.239062 5.558093 5.913037 6.308019 6.749101 7.241983 7.794807 8.415529 9.115189 9.905002 10.80021 11.81683 12.97624 14.30159 15.82353 17.57618 19.60449 21.96016 24.71172 27.94065 31.75687 36.29531 41.73482 48.25473 55.85307 63.78675 70.92428 76.87466 81.75495 85.75132 89.02027 91.68216 93.82772 95.52627 96.82944 97.77588 98.39243 98.69653 98.69653 98.39242 97.77587 96.82944 95.52626 93.82773 91.68216 89.02027 85.75132 81.75495 76.87467 70.92428 63.78676
3.138401 3.235201 3.342442 3.460800 3.591617 3.735799 3.895039 4.070556 4.264513 4.478554 4.715440 4.977391 5.267981 5.590242 5.948821 6.347888 6.793581 7.291662 7.850329 8.477626 9.184669 9.982793 10.88730 11.91431 13.08531 14.42355 15.95974 17.72807 19.77356 22.14791 24.91961 28.17008 32.00912 36.57144 42.03568 48.58084 56.20465 64.16366 71.32589 77.30006 82.20284 86.22012 89.50815 92.18707 94.34741 96.05840 97.37163 98.32561 98.94722 99.25383 99.25385 98.94722 98.32561 97.37163 96.05839 94.34742 92.18706 89.50816 86.22012 82.20284 77.30006 71.32589 64.16367
3.145937 3.243374 3.351330 3.470486 3.602211 3.747414 3.907793 4.084590 4.279991 4.495649 4.734355 4.998353 5.291240 5.616092 5.977587 6.379936 6.829314 7.331542 7.894881 8.527415 9.240343 10.04505 10.95693 11.99216 13.17230 14.52066 16.06801 17.84859 19.90745 22.29628 25.08355 28.35061 32.20716 36.78777 42.27087 48.83528 56.47842 64.45660 71.63760 77.62984 82.54975 86.58298 89.88555 92.57747 94.74916 96.46972 97.79066 98.75046 99.37595 99.68455 99.68453 99.37598 98.75043 97.79065 96.46970 94.74916 92.57745 89.88555 86.58298 82.54975 77.62984 71.63760 64.45660
3.151609 3.249529 3.358029 3.477798 3.610205 3.756169 3.917409 4.095178 4.291660 4.508539 4.748611 5.014152 5.308773 5.635565 5.999248 6.404061 6.856205 7.361547 7.928376 8.564822 9.282147 10.09177 11.00912 12.05046 13.23737 14.59321 16.14880 17.93840 20.00707 22.40649 25.20512 28.48426 32.35352 36.94738 42.44414 49.02243 56.67955 64.67160 71.86615 77.87143 82.80369 86.84842 90.16151 92.86285 95.04275 96.77024 98.09679 99.06084 99.68918 99.99918 99.99918 99.68918 99.06084 98.09678 96.77025 95.04275 92.86285 90.16151 86.84842 82.80369 77.87144 71.86616 64.67160
3.155407 3.253645 3.362507 3.482683 3.615542 3.762021 3.923839 4.102252 4.299462 4.517156 4.758147 5.024709 5.320484 5.648583 6.013724 6.420181 6.874171 7.381578 7.950734 8.589788 9.310030 10.12291 11.04389 12.08927 13.28065 14.64144 16.20246 17.99798 20.07308 22.47945 25.28550 28.57253 32.45007 37.05255 42.55816 49.14547 56.81164 64.81264 72.01595 78.02968 82.96993 87.02214 90.34207 93.04952 95.23477 96.96677 98.29697 99.26379 99.89396 100.2049 100.2049 99.89397 99.26377 98.29697 96.96677 95.23477 93.04952 90.34207 87.02214 82.96993 78.02969 72.01596 64.81264
3.157309 3.255712 3.364752 3.485129 3.618221 3.764955 3.927062 4.105799 4.303370 4.521472 4.762918 5.030001 5.326357 5.655098 6.020975 6.428250 6.883159 7.391610 7.961919 8.602282 9.323976 10.13847 11.06128 12.10866 13.30227 14.66550 16.22921 18.02767 20.10596 22.51576 25.32550 28.61640 32.49803 37.10475 42.61473 49.20648 56.87711 64.88253 72.09015 78.10802 83.05223 87.10810 90.43138 93.14185 95.32973 97.06396 98.39598 99.36412 99.99523 100.3066 100.3066 99.99523 99.36412 98.39597 97.06396 95.32974 93.14185 90.43140 87.10810 83.05222 78.10803 72.09016 64.88253
3.157309 3.255710 3.364752 3.485128 3.618220 3.764953 3.927058 4.105793 4.303370 4.521470 4.762915 5.029996 5.326354 5.655095 6.020974 6.428247 6.883159 7.391605 7.961917 8.602280 9.323974 10.13847 11.06127 12.10865 13.30226 14.66550 16.22921 18.02767 20.10596 22.51576 25.32550 28.61640 32.49803 37.10475 42.61473 49.20648 56.87711 64.88253 72.09016 78.10803 83.05224 87.10810 90.43140 93.14187 95.32974 97.06398 98.39598 99.36414 99.99523 100.3066 100.3066 99.99523 99.36412 98.39597 97.06396 95.32974 93.14185 90.43140 87.10810 83.05224 78.10803 72.09016 64.88253
3.155405 3.253640 3.362504 3.482682 3.615538 3.762018 3.923837 4.102245 4.299458 4.517153 4.758145 5.024705 5.320485 5.648579 6.013721 6.420177 6.874166 7.381578 7.950733 8.589792 9.310026 10.12291 11.04389 12.08926 13.28065 14.64144 16.20245 17.99797 20.07307 22.47944 25.28550 28.57252 32.45007 37.05255 42.55816 49.14547 56.81164 64.81264 72.01595 78.02968 82.96994 87.02213 90.34207 93.04952 95.23476 96.96677 98.29697 99.26379 99.89397 100.2049 100.2049 99.89397 99.26377 98.29697 96.96677 95.23477 93.04952 90.34207 87.02214 82.96993 78.02969 72.01595 64.81264
3.151609 3.249525 3.358025 3.477796 3.610203 3.756167 3.917407 4.095175 4.291655 4.508535 4.748610 5.014149 5.308767 5.635567 5.999248 6.404060 6.856198 7.361543 7.928373 8.564824 9.282144 10.09177 11.00912 12.05045 13.23736 14.59321 16.14879 17.93839 20.00706 22.40649 25.20512 28.48425 32.35352 36.94738 42.44413 49.02243 56.67955 64.67160 71.86615 77.87143 82.80369 86.84842 90.16151 92.86285 95.04275 96.77025 98.09679 99.06083 99.68918 99.99918 99.99918 99.68918 99.06083 98.09679 96.77024 95.04275 92.86284 90.16151 86.84842 82.80369 77.87144 71.86615 64.67160
3.145935 3.243367 3.351326 3.470488 3.602207 3.747410 3.907793 4.084588 4.279993 4.495649 4.734354 4.998354 5.291240 5.616090 5.977586 6.379934 6.829312 7.331545 7.894881 8.527416 9.240345 10.04505 10.95693 11.99216 13.17229 14.52066 16.06801 17.84859 19.90745 22.29628 25.08355 28.35061 32.20716 36.78777 42.27087 48.83528 56.47842 64.45660 71.63760 77.62984 82.54975 86.58298 89.88555 92.57745 94.74915 96.46972 97.79066 98.75046 99.37596 99.68453 99.68455 99.37596 98.75044 97.79066 96.46972 94.74916 92.57745 89.88557 86.58298 82.54975 77.62986 71.63760 64.45660
3.138404 3.235202 3.342445 3.460797 3.591618 3.735802 3.895038 4.070555 4.264514 4.478559 4.715440 4.977392 5.267982 5.590238 5.948823 6.347895 6.793582 7.291665 7.850331 8.477628 9.184672 9.982790 10.88730 11.91431 13.08531 14.42355 15.95974 17.72807 19.77356 22.14791 24.91961 28.17008 32.00912 36.57145 42.03568 48.58084 56.20465 64.16366 71.32589 77.30007 82.20285 86.22012 89.50815 92.18707 94.34741 96.05840 97.37163 98.32561 98.94722 99.25385 99.25385 98.94722 98.32561 97.37164 96.05840 94.34742 92.18706 89.50817 86.22014 82.20284 77.30007 71.32590 64.16367
3.129041 3.225046 3.331395 3.448756 3.578450 3.721365 3.879189 4.053115 4.245285 4.457307 4.691929 4.951343 5.239062 5.558092 5.913041 6.308024 6.749101 7.241988 7.794809 8.415534 9.115191 9.905004 10.80021 11.81683 12.97624 14.30159 15.82353 17.57618 19.60449 21.96017 24.71172 27.94065 31.75687 36.29531 41.73482 48.25473 55.85307 63.78675 70.92428 76.87466 81.75495 85.75132 89.02027 91.68217 93.82773 95.52627 96.82946 97.77588 98.39244 98.69653 98.69653 98.39242 97.77588 96.82946 95.52627 93.82773 91.68216 89.02027 85.75132 81.75495 76.87466 70.92429 63.78675
