T1-compare/100/model-f128.grd
DSAA
         100         100
  -15.00000       15.00000    
  -15.00000       15.00000    
   2.053036       100.3066    
[rows 56 to 83 of 100, columns 0 to 62 of 100]
3.117889 3.212956 3.318246 3.434407 3.562767 3.704182 3.860315 4.032335 4.222373 4.432005 4.663923 4.920292 5.204591 5.519773 5.870372 6.260454 6.696009 7.182661 7.728457 8.341249 9.031983 9.811756 10.69568 11.69964 12.84490 14.15447 15.65888 17.39214 19.39915 21.73157 24.45791 27.65977 31.44721 35.95539 41.36349 47.85125 55.41714 63.31863 70.42461 76.34466 81.19625 85.16600 88.41075 91.05109 93.17796 94.86079 96.15134 97.08827 97.69848 97.99939 97.99940 97.69848 97.08827 96.15134 94.86079 93.17796 91.05108 88.41075 85.16600 81.19625 76.34466 70.42461 63.31863
3.104993 3.198967 3.303036 3.417825 3.544639 3.684309 3.838487 4.008324 4.195889 4.402744 4.631545 4.884389 5.164724 5.475426 5.820978 6.205360 6.634477 7.113862 7.651437 8.254951 8.935203 9.703147 10.57375 11.56272 12.69114 13.98186 15.46524 17.17514 19.15633 21.46041 24.15587 27.32440 31.07622 35.54679 40.91569 47.36316 54.88828 62.74914 69.81545 75.69740 80.51307 84.44955 87.66412 90.27769 92.38142 94.04486 95.31989 96.24513 96.84756 97.14459 97.14459 96.84756 96.24514 95.31987 94.04486 92.38142 90.27769 87.66413 84.44955 80.51307 75.69742 69.81547 62.74915
3.090396 3.183143 3.285831 3.399063 3.524122 3.661832 3.813807 3.981156 4.165928 4.369641 4.594903 4.843757 5.119591 5.425214 5.765028 6.142923 6.564701 7.035787 7.563965 8.156838 8.825038 9.579352 10.43453 11.40608 12.51485 13.78348 15.24207 16.92427 18.87470 21.14477 23.80297 26.93099 30.63927 35.06359 40.38405 46.78157 54.25608 62.06655 69.08353 74.91814 79.68922 83.58459 86.76200 89.34275 91.41820 93.05807 94.31421 95.22536 95.81839 96.11074 96.11074 95.81839 95.22536 94.31421 93.05805 91.41821 89.34275 86.76202 83.58460 79.68922 74.91814 69.08354 62.06656
3.074172 3.165552 3.266705 3.378214 3.501333 3.636854 3.786372 3.950968 4.132635 4.332853 4.554171 4.798587 5.069401 5.369357 5.702765 6.073409 6.486965 6.948723 7.466329 8.047202 8.701771 9.440608 10.27822 11.22985 12.31605 13.55913 14.98892 16.63875 18.55292 20.78266 23.39630 26.47555 30.13099 34.49881 39.75974 46.09556 53.50724 61.25500 68.21072 73.98669 78.70280 82.54768 85.67970 88.22053 90.26178 91.87325 93.10680 94.00108 94.58293 94.86970 94.86969 94.58294 94.00108 93.10680 91.87325 90.26179 88.22053 85.67970 82.54768 78.70280 73.98669 68.21072 61.25500
3.056361 3.146244 3.245718 3.355330 3.476323 3.609465 3.756295 3.917864 4.096133 4.292508 4.509506 4.749041 5.014347 5.308074 5.634418 5.997058 6.401539 6.852979 7.358855 7.926371 8.565740 9.287261 10.10512 11.03425 12.09483 13.30878 14.70547 16.31783 18.18975 20.37207 22.93287 25.95372 29.54535 33.84436 39.03225 45.29195 52.62595 60.29614 67.17599 72.87947 77.52791 81.31099 84.38780 86.88044 88.88065 90.45824 91.66497 92.53932 93.10796 93.38815 93.38816 93.10797 92.53931 91.66497 90.45824 88.88067 86.88044 84.38780 81.31100 77.52792 72.87947 67.17600 60.29614
3.037051 3.125323 3.222972 3.330544 3.449239 3.579790 3.723718 3.882008 4.056594 4.248817 4.461129 4.695378 4.954697 5.241651 5.560314 5.914227 6.308802 6.748960 7.241982 7.794835 8.417439 9.119796 9.915732 10.81975 11.85158 13.03262 14.39169 15.96112 17.78418 19.91117 22.40967 25.36096 28.87576 33.09105 38.18925 44.35478 51.59203 59.16530 65.95070 71.56438 76.12952 79.83710 82.84705 85.28178 87.23309 88.77058 89.94572 90.79672 91.34998 91.62253 91.62252 91.34998 90.79672 89.94572 88.77058 87.23309 85.28178 82.84705 79.83710 76.12951 71.56438 65.95070 59.16531
3.016309 3.102854 3.198556 3.303938 3.420172 3.547952 3.688762 3.843545 4.014182 4.201954 4.409236 4.637804 4.890697 5.170362 5.480760 5.825281 6.209150 6.637108 7.116189 7.653093 8.257429 8.938807 9.710649 10.58694 11.58684 12.73111 14.04783 15.56851 17.33560 19.39851 21.82401 24.69278 28.11524 32.22865 37.21642 43.26491 50.38141 57.83358 64.50092 70.00294 74.46535 78.08080 81.00999 83.37553 85.26894 86.75938 87.89771 88.72166 89.25711 89.52086 89.52085 89.25711 88.72164 87.89773 86.75936 85.26895 83.37552 81.00999 78.08080 74.46535 70.00294 64.50092 57.83358
2.994220 3.078925 3.172565 3.275618 3.389233 3.514077 3.651577 3.802643 3.969082 4.152123 4.354063 4.576593 4.822641 5.094553 5.396133 5.730622 6.103049 6.517944 6.982065 7.501809 8.086418 8.745090 9.490716 10.33671 11.30154 12.40514 13.67465 15.14054 16.84406 18.83335 21.17389 23.94521 27.25694 31.24622 36.09744 41.99937 48.96316 56.26162 62.77992 68.14222 72.47762 75.98067 78.81268 81.09604 82.92149 84.35718 85.45308 86.24596 86.76113 87.01483 87.01483 86.76112 86.24596 85.45308 84.35717 82.92149 81.09604 78.81269 75.98067 72.47762 68.14223 62.77993 56.26162
2.970870 3.053638 3.145099 3.245709 3.356570 3.478317 3.612330 3.759479 3.921502 4.099560 4.295869 4.512029 4.750860 5.014574 5.306843 5.630724 5.991032 6.392059 6.840271 7.341733 7.905266 8.539583 9.257003 10.07024 10.99693 12.05603 13.27351 14.67845 16.31051 18.21602 20.45849 23.11545 26.29482 30.13276 34.81425 40.53096 47.29986 54.40167 60.72990 65.91605 70.09395 73.46008 76.17580 78.36230 80.10873 81.48148 82.52898 83.28673 83.77900 84.02142 84.02141 83.77900 83.28673 82.52898 81.48148 80.10873 78.36230 76.17580 73.46008 70.09395 65.91605 60.72990 54.40167
2.946339 3.027088 3.116274 3.214321 3.322306 3.440818 3.571192 3.714244 3.871640 4.044492 4.234912 4.444409 4.675689 4.930829 5.213335 5.526081 5.873665 6.260109 6.691571 7.173726 7.714956 8.323431 9.010803 9.789005 10.67470 11.68567 12.84645 14.18443 15.73713 17.54841 19.67888 22.20284 25.22490 28.87856 33.34799 38.82771 45.34270 52.18687 58.26857 63.23063 67.21278 70.41280 72.99044 75.06408 76.71976 78.02113 79.01425 79.73273 80.19959 80.42951 80.42951 80.19959 79.73273 79.01424 78.02113 76.71976 75.06408 72.99045 70.41279 67.21275 63.23063 58.26857 52.18687
2.920732 2.999381 3.086199 3.181590 3.286584 3.401736 3.528335 3.667131 3.819732 3.987170 4.171481 4.374063 4.597497 4.843722 5.116081 5.417243 5.751577 6.122818 6.536788 6.998754 7.516613 8.097935 8.753651 9.494796 10.33693 11.29649 12.39634 13.66172 15.12757 16.83443 18.83885 21.21017 24.04729 27.47779 31.68158 36.85418 43.03211 49.53205 55.28848 59.96304 63.70233 66.70259 69.11846 71.06256 72.61579 73.83754 74.77052 75.44592 75.88497 76.10126 76.10126 75.88497 75.44592 74.77052 73.83753 72.61579 71.06256 69.11846 66.70259 63.70233 59.96305 55.28848 49.53205
2.894135 2.970615 3.054990 3.147635 3.249550 3.361237 3.483934 3.618338 3.765999 3.927861 4.105867 4.301310 4.516660 4.753694 5.015580 5.304789 5.625430 5.980956 6.376822 6.817875 7.311486 7.864580 8.487293 9.189704 9.986148 10.89155 11.92683 13.11478 14.48715 16.08039 17.94566 20.14525 22.76891 25.93306 29.80572 34.57617 40.29332 46.31650 51.63429 55.93888 59.37993 62.14412 64.37431 66.17290 67.61282 68.74752 69.61533 70.24431 70.65350 70.85519 70.85519 70.65349 70.24430 69.61533 68.74752 67.61282 66.17290 64.37431 62.14412 59.37992 55.93888 51.63428 46.31650
2.866661 2.940909 3.022779 3.112610 3.211354 3.319491 3.438186 3.568098 3.710686 3.866837 4.038382 4.226523 4.433579 4.661205 4.912359 5.189329 5.495939 5.835363 6.212657 6.632251 7.100926 7.624986 8.213688 8.876112 9.625246 10.47441 11.44233 12.54914 13.82287 15.29520 17.01057 19.02220 21.40673 24.26228 27.73198 31.97969 37.05718 42.40469 47.12711 50.96317 54.04816 56.54201 58.56548 60.20517 61.52302 62.56478 63.36349 63.94344 64.32125 64.50761 64.50761 64.32125 63.94345 63.36348 62.56478 61.52302 60.20516 58.56548 56.54201 54.04816 50.96317 47.12711 42.40470
2.838389 2.910377 2.989665 3.076643 3.172137 3.276665 3.391261 3.516617 3.654013 3.804373 3.969311 4.150051 4.348640 4.566729 4.806933 5.071495 5.363797 5.686893 6.045255 6.443079 6.886338 7.380896 7.934886 8.556602 9.257350 10.04907 10.94786 11.97132 13.14311 14.49008 16.04861 17.86183 19.98944 22.50563 25.51288 29.12009 33.34308 37.75986 41.71267 44.99077 47.67447 49.87360 51.67627 53.14839 54.33865 55.28385 56.01106 56.54043 56.88589 57.05647 57.05647 56.88589 56.54043 56.01106 55.28385 54.33865 53.14839 51.67627 49.87359 47.67446 44.99077 41.71267 37.75986
2.809428 2.879130 2.955785 3.039871 3.132051 3.232936 3.343359 3.464107 3.596228 3.740742 3.898974 4.072248 4.262259 4.470732 4.699860 4.951918 5.229759 5.536417 5.875662 6.251574 6.669193 7.134079 7.653071 8.233837 8.885820 9.619734 10.44883 11.38837 12.45728 13.67778 15.07759 16.68978 18.55580 20.72453 23.25236 26.18210 29.47327 32.86365 35.98724 38.68059 40.95056 42.84860 44.42690 45.72925 46.79057 47.63826 48.29337 48.77175 49.08464 49.23931 49.23932 49.08464 48.77175 48.29338 47.63825 46.79057 45.72925 44.42690 42.84860 40.95055 38.68059 35.98724 32.86365
2.779900 2.847264 2.921274 3.002422 3.091273 3.188457 3.294691 3.410768 3.537602 3.676198 3.827717 3.993449 4.174875 4.373654 4.591710 4.831194 5.094602 5.384761 5.704954 6.058921 6.451024 6.886264 7.370492 7.910464 8.514107 9.190619 9.950837 10.80737 11.77507 12.87124 14.11611 15.53285 17.14742 18.98656 21.07201 23.40345 25.92293 28.48303 30.90244 33.06910 34.95274 36.56381 37.92563 39.06299 39.99829 40.75042 41.33467 41.76287 42.04365 42.18266 42.18266 42.04365 41.76286 41.33466 40.75042 39.99829 39.06299 37.92563 36.56381 34.95274 33.06910 30.90245 28.48304
2.749894 2.814900 2.886258 2.964433 3.049950 3.143400 3.245443 3.356820 3.478367 3.611022 3.755841 3.914011 4.086882 4.275974 4.483015 4.709961 4.959039 5.232793 5.534122 5.866338 6.233246 6.639213 7.089244 7.589107 8.145438 8.765851 9.459105 10.23519 11.10548 12.08272 13.18097 14.41506 15.79948 17.34561 19.05616 20.91483 22.87292 24.84577 26.73717 28.47525 30.02505 31.37834 32.54085 33.52385 34.33993 35.00099 35.51731 35.89726 36.14709 36.27097 36.27097 36.14709 35.89726 35.51731 35.00099 34.33993 33.52385 32.54086 31.37834 30.02505 28.47526 26.73716 24.84578
2.719506 2.782143 2.850843 2.926040 3.008224 3.097938 3.195795 3.302476 3.418751 3.545483 3.683633 3.834285 3.998663 4.178144 4.374278 4.588823 4.823759 5.081339 5.364113 5.674973 6.017217 6.394578 6.811309 7.272233 7.782814 8.349216 8.978354 9.677910 10.45630 11.32248 12.28567 13.35452 14.53585 15.83225 17.23824 18.73520 20.28715 21.84243 23.34469 24.74742 26.02120 27.15238 28.13802 28.98116 29.68763 30.26406 30.71680 31.05133 31.27192 31.38148 31.38148 31.27192 31.05133 30.71680 30.26406 29.68763 28.98116 28.13802 27.15237 26.02120 24.74741 23.34469 21.84242
2.688847 2.749115 2.815160 2.887387 2.966246 3.052237 3.145927 3.247943 3.358986 3.479841 3.611386 3.754602 3.910595 4.080595 4.265994 4.468354 4.689421 4.931171 5.195831 5.485898 5.804187 6.153867 6.538486 6.962021 7.428888 7.943969 8.512607 9.140528 9.833730 10.59824 11.43969 12.36252 13.36894 14.45715 15.61914 16.83844 18.08906 19.33752 20.54824 21.68993 22.73983 23.68428 24.51696 25.23653 25.84455 26.34405 26.73847 27.03107 27.22456 27.32081 27.32081 27.22456 27.03107 26.73846 26.34405 25.84455 25.23653 24.51696 23.68428 22.73983 21.68993 20.54824 19.33752
2.658007 2.715917 2.779322 2.848596 2.924154 3.006456 3.096019 3.193415 3.299287 3.414343 3.539379 3.675279 3.823034 3.983739 4.158631 4.349086 4.556639 4.783005 5.030106 5.300075 5.595299 5.918420 6.272366 6.660358 7.085909 7.552804 8.065067 8.626844 9.242263 9.915146 10.64862 11.44447 12.30233 13.21857 14.18510 15.18847 16.20982 17.22634 18.21402 19.15110 20.02035 20.80981 21.51239 22.12470 22.64591 23.07673 23.41859 23.67316 23.84193 23.92602 23.92602 23.84193 23.67316 23.41859 23.07673 22.64591 22.12470 21.51239 20.80981 20.02035 19.15110 18.21402 17.22634
2.627084 2.682653 2.743445 2.809795 2.882088 2.960745 3.046236 3.139084 3.239866 3.349226 3.467878 3.596614 3.736312 3.887951 4.052618 4.231513 4.425973 4.637481 4.867676 5.118362 5.391536 5.689380 6.014275 6.368787 6.755661 7.177775 7.638081 8.139486 8.684699 9.275978 9.914782 10.60130 11.33389 12.10838 12.91749 13.75051 14.59348 15.43021 16.24397 17.01905 17.74232 18.40383 18.99682 19.51720 19.96292 20.33330 20.62848 20.84903 20.99560 21.06874 21.06874 20.99561 20.84903 20.62848 20.33330 19.96292 19.51720 18.99682 18.40383 17.74232 17.01905 16.24397 15.43021
2.596168 2.649428 2.707636 2.771104 2.840181 2.915250 2.996741 3.085123 3.180920 3.284708 3.397124 3.518876 3.650741 3.793579 3.948342 4.116075 4.297928 4.495168 4.709185 4.941492 5.193735 5.467696 5.765283 6.088513 6.439487 6.820345 7.233199 7.680003 8.162438 8.681669 9.238104 9.831031 10.45826 11.11571 11.79716 12.49411 13.19611 13.89133 14.56748 15.21299 15.81781 16.37382 16.87500 17.31723 17.69793 18.01571 18.26992 18.46043 18.58730 18.65069 18.65068 18.58730 18.46043 18.26992 18.01571 17.69793 17.31722 16.87499 16.37381 15.81780 15.21299 14.56747 13.89132
2.565352 2.616337 2.672005 2.732640 2.798562 2.870115 2.947690 3.031707 3.122637 3.220996 3.327350 3.442322 3.566602 3.700938 3.846157 4.003161 4.172935 4.356554 4.555180 4.770067 5.002567 5.254110 5.526203 5.820406 6.138298 6.481432 6.851262 7.249044 7.675715 8.131726 8.616831 9.129862 9.668488 10.22899 10.80613 11.39317 11.98206 12.56394 13.12974 13.67067 14.17889 14.64781 15.07225 15.44837 15.77349 16.04587 16.26446 16.42867 16.53824 16.59304 16.59304 16.53824 16.42867 16.26446 16.04587 15.77349 15.44837 15.07225 14.64781 14.17889 13.67067 13.12974 12.56394
2.534716 2.583466 2.636642 2.694504 2.757338 2.825458 2.899211 2.978978 3.065177 3.158267 3.258750 3.367173 3.484138 3.610296 3.746362 3.893107 4.051366 4.222043 4.406105 4.604578 4.818557 5.049177 5.297612 5.565045 5.852638 6.161480 6.492536 6.846546 7.223936 7.624688 8.048192 8.493080 8.957092 9.436945 9.928286 10.42572 10.92306 11.41348 11.88997 12.34581 12.77483 13.17170 13.53204 13.85240 14.13021 14.36364 14.55146 14.69286 14.78734 14.83464 14.83464 14.78734 14.69285 14.55146 14.36364 14.13021 13.85239 13.53204 13.17170 12.77483 12.34581 11.88997 11.41348
2.504347 2.550911 2.601654 2.656808 2.716632 2.781409 2.851449 2.927093 3.008710 3.096707 3.191525 3.293643 3.403582 3.521908 3.649231 3.786206 3.933538 4.091977 4.262319 4.445400 4.642091 4.853283 5.079875 5.322744 5.582724 5.860550 6.156818 6.471901 6.805884 7.158458 7.528821 7.915566 8.316599 8.729074 9.149368 9.573150 9.995479 10.41107 10.81456 11.20064 11.56440 11.90150 12.20825 12.48163 12.71929 12.91946 13.08084 13.20254 13.28397 13.32477 13.32476 13.28397 13.20254 13.08084 12.91946 12.71929 12.48163 12.20825 11.90150 11.56440 11.20064 10.81456 10.41107
2.474313 2.518746 2.567116 2.619637 2.676536 2.738070 2.804513 2.876168 2.953363 3.036453 3.125825 3.221896 3.325116 3.435968 3.554974 3.682685 3.819688 3.966603 4.124080 4.292789 4.473416 4.666646 4.873158 5.093586 5.328506 5.578384 5.843550 6.124118 6.419953 6.730574 7.055101 7.392172 7.739899 8.095830 8.456959 8.819773 9.180372 9.534563 9.878019 10.20657 10.51630 10.80365 11.06553 11.29934 11.50299 11.67481 11.81357 11.91835 11.98853 12.02371 12.02371 11.98853 11.91835 11.81357 11.67481 11.50298 11.29934 11.06552 10.80364 10.51630 10.20657 9.878016 9.534557
2.444697 2.487057 2.533125 2.583088 2.637156 2.695551 2.758522 2.826332 2.899271 2.977650 3.061805 3.152095 3.248908 3.352656 3.463776 3.582733 3.710011 3.846117 3.991575 4.146914 4.312667 4.489357 4.677476 4.877473 5.089722 5.314493 5.551920 5.801949 6.064298 6.338403 6.623368 6.917924 7.220391 7.528674 7.840258 8.152270 8.461528 8.764685 9.058365 9.339190 9.603966 9.849770 10.07401 10.27448 10.44932 10.59704 10.71648 10.80676 10.86728 10.89763 10.89763 10.86728 10.80676 10.71648 10.59704 10.44932 10.27448 10.07401 9.849768 9.603964 9.339190 9.058363 8.764684
2.415560 2.455910 2.499747 2.547238 2.598569 2.653941 2.713567 2.777683 2.846541 2.920411 2.999584 3.084368 3.175094 3.272110 3.375782 3.486496 3.604649 3.730651 3.864918 4.007863 4.159895 4.321399 4.492726 4.674175 4.865971 5.068238 5.280974 5.504009 5.736983 5.979294 6.230078 6.488170 6.752092 7.020050 7.289944 7.559407 7.825885 8.086654 8.338908 8.579942 8.807159 9.018156 9.210763 9.383088 9.533527 9.660757 9.763721 9.841616 9.893858 9.920070 9.920070 9.893858 9.841617 9.763723 9.660756 9.533525 9.383085 9.210760 9.018152 8.807157 8.579939 8.338906 8.086651
