T1-compare/100/model-f512.grd
DSAA
         100         100
  -15.00000       15.00000    
  -15.00000       15.00000    
  0.7235972       99.32182    
[rows 28 to 55 of 100, columns 0 to 62 of 100]
1.510773 1.592303 1.679751 1.773646 1.874601 1.983269 2.100404 2.226825 2.363475 2.511386 2.671744 2.845858 3.035236 3.241557 3.466762 3.713022 3.982849 4.279090 4.605040 4.964456 5.361711 5.801823 6.290653 6.834968 7.442708 8.123084 8.886936 9.746885 10.71780 11.81698 13.06466 14.48403 16.10105 17.94248 20.03006 22.36346 24.88474 27.44650 29.86743 32.03545 33.92034 35.53251 36.89529 38.03350 38.96952 39.72224 40.30696 40.73552 41.01654 41.15566 41.15566 41.01654 40.73552 40.30696 39.72224 38.96952 38.03350 36.89530 35.53251 33.92033 32.03546 29.86743 27.44651
1.539989 1.624083 1.714409 1.811450 1.915942 2.028497 2.150008 2.281265 2.423376 2.577355 2.744583 2.926376 3.124483 3.340620 3.577028 3.835978 4.120360 4.433203 4.778318 5.159773 5.582649 6.052494 6.576185 7.161377 7.817542 8.555392 9.388203 10.33122 11.40342 12.62698 14.02969 15.64456 17.51310 19.68417 22.21416 25.14591 28.43893 31.83098 34.95613 37.65088 39.92212 41.82128 43.40059 44.70381 45.76586 46.61416 47.26976 47.74850 48.06163 48.21643 48.21643 48.06164 47.74850 47.26976 46.61416 45.76586 44.70381 43.40059 41.82129 39.92212 37.65089 34.95613 31.83099
1.568587 1.655169 1.748376 1.848485 1.956513 2.072871 2.198757 2.334762 2.482329 2.642283 2.816383 3.005759 3.212595 3.438452 3.686082 3.957626 4.256597 4.585966 4.950316 5.353759 5.802385 6.301975 6.860764 7.486971 8.191997 8.987709 9.890298 10.91730 12.09245 13.44255 15.00403 16.81998 18.95017 21.46874 24.47822 28.08746 32.31236 36.73086 40.68527 43.96480 46.64980 48.85008 50.65378 52.12679 53.31781 54.26363 54.99135 55.52109 55.86680 56.03751 56.03751 55.86680 55.52109 54.99134 54.26363 53.31782 52.12679 50.65379 48.85009 46.64980 43.96481 40.68528 36.73087
1.596444 1.685494 1.781505 1.884651 1.996134 2.116258 2.246431 2.387136 2.540064 2.705938 2.886794 3.083687 3.299131 3.534633 3.793335 4.077385 4.390781 4.736566 5.119954 5.545252 6.019391 6.548555 7.142148 7.809132 8.562624 9.415843 10.38764 11.49804 12.77520 14.25071 15.96910 17.98351 20.37066 23.22863 26.70062 30.95040 36.02983 41.37909 46.10313 49.94065 53.02699 55.52201 57.54652 59.18711 60.50575 61.54815 62.34736 62.92771 63.30576 63.49223 63.49224 63.30576 62.92771 62.34736 61.54815 60.50575 59.18711 57.54653 55.52201 53.02699 49.94067 46.10315 41.37911
1.623465 1.714951 1.813676 1.919824 2.034658 2.158501 2.292837 2.438189 2.596334 2.768054 2.955506 3.159827 3.383680 3.628704 3.898248 4.194641 4.522170 4.884150 5.286203 5.733046 6.232199 6.790476 7.418159 8.125203 8.926077 9.835601 10.87481 12.06642 13.44228 15.03876 16.90709 19.10951 21.73586 24.90246 28.77744 33.55000 39.26915 45.29411 50.61356 54.91964 58.36205 61.12743 63.35870 65.15821 66.59895 67.73428 68.60262 69.23196 69.64143 69.84325 69.84325 69.64143 69.23196 68.60262 67.73428 66.59895 65.15821 63.35871 61.12744 58.36205 54.91965 50.61358 45.29412
1.649567 1.743428 1.844790 1.953862 2.071953 2.199423 2.337812 2.487698 2.650925 2.828354 3.022233 3.233805 3.465865 3.720186 4.000305 4.308753 4.650062 5.027846 5.448088 5.915926 6.439412 7.025994 7.686746 8.432591 9.279223 10.24297 11.34682 12.61592 14.08531 15.79545 17.80299 20.17718 23.01702 26.45003 30.65617 35.83092 42.01088 48.51262 54.27075 58.94683 62.68750 65.68897 68.10594 70.05098 71.60502 72.82742 73.76095 74.43674 74.87605 75.09248 75.09248 74.87604 74.43674 73.76095 72.82743 71.60503 70.05098 68.10595 65.68898 62.68751 58.94685 54.27076 48.51263
1.674668 1.770825 1.874734 1.986637 2.107878 2.238863 2.381177 2.535454 2.703607 2.886569 3.086679 3.305282 3.545294 3.808630 4.098997 4.419120 4.773769 5.166841 5.604655 6.092757 6.639689 7.253490 7.945974 8.728941 9.619186 10.63440 11.79925 13.14099 14.69729 16.51189 18.64553 21.17241 24.19723 27.85344 32.32526 37.80716 44.32421 51.17023 57.25365 62.21724 66.20078 69.40206 71.98083 74.05540 75.71192 77.01396 78.00763 78.72652 79.19363 79.42368 79.42369 79.19363 78.72652 78.00761 77.01397 75.71193 74.05541 71.98083 69.40206 66.20080 62.21726 57.25367 51.17024
1.698677 1.797040 1.903399 2.018025 2.142302 2.276665 2.422759 2.581261 2.754159 2.942450 3.148560 3.373930 3.621597 3.893605 4.193824 4.525161 4.892625 5.300358 5.755002 6.262481 6.831785 7.471501 8.194088 9.012154 9.943457 11.00685 12.22844 13.63721 15.27291 17.18178 19.42747 22.08739 25.26955 29.11007 33.79400 39.51292 46.28389 53.38758 59.71756 64.90528 69.08458 72.45199 75.16883 77.35630 79.10355 80.47699 81.52505 82.28319 82.77575 83.01831 83.01831 82.77575 82.28320 81.52505 80.47699 79.10355 77.35630 75.16884 72.45198 69.08459 64.90529 59.71758 53.38760
1.721508 1.821980 1.930678 2.047906 2.175081 2.312680 2.462382 2.624932 2.802365 2.995749 3.207593 3.439430 3.694407 3.974698 4.284314 4.626353 5.006010 5.427685 5.898304 6.424134 7.014580 7.678710 8.429565 9.280443 10.24994 11.35789 12.63156 14.10131 15.80852 17.80122 20.14501 22.91933 26.23390 30.22578 35.07947 40.98365 47.94955 55.24993 61.76998 67.13387 71.47073 74.97504 77.80820 80.09254 81.91884 83.35522 84.45167 85.24496 85.76041 86.01427 86.01427 85.76041 85.24497 84.45167 83.35522 81.91884 80.09254 77.80822 74.97504 71.47073 67.13389 61.77000 55.24994
1.743080 1.845553 1.956473 2.076172 2.206094 2.346759 2.499896 2.666280 2.848013 3.046235 3.263520 3.501490 3.763393 4.051526 4.370040 4.722182 5.113352 5.548166 6.033813 6.576867 7.187092 7.873991 8.651114 9.532338 10.53696 11.68563 13.00655 14.53114 16.30196 18.36832 20.79711 23.66891 27.09424 31.21028 36.20055 42.25132 49.36995 56.82404 63.49318 68.99680 73.46069 77.07742 80.00776 82.37430 84.26856 85.75970 86.89864 87.72295 88.25871 88.52259 88.52259 88.25871 87.72296 86.89862 85.75970 84.26859 82.37430 80.00777 77.07742 73.46069 68.99682 63.49319 56.82405
1.763313 1.867669 1.980682 2.102704 2.235218 2.378776 2.535135 2.705133 2.890918 3.093685 3.316088 3.559825 3.828239 4.123736 4.450590 4.812202 5.214136 5.661215 6.160864 6.719922 7.348477 8.056401 8.857672 9.766674 10.80326 11.98875 13.35207 14.92544 16.75227 18.88275 21.38457 24.33892 27.85662 32.07458 37.17531 43.34313 50.58255 58.15777 64.94498 70.56028 75.12689 78.83579 81.84691 84.28264 86.23483 87.77302 88.94875 89.80016 90.35369 90.62639 90.62640 90.35371 89.80016 88.94875 87.77302 86.23483 84.28265 81.84692 78.83581 75.12691 70.56030 64.94498 58.15778
1.782137 1.888248 2.003210 2.127403 2.262331 2.408587 2.567961 2.741330 2.930893 3.137904 3.365076 3.614184 3.888653 4.190996 4.525600 4.895994 5.307902 5.766319 6.278879 6.852657 7.498024 8.225164 9.048411 9.982563 11.04795 12.26638 13.66736 15.28370 17.15942 19.34526 21.90940 24.93334 28.52792 32.82962 38.02005 44.28207 51.61825 59.29039 66.17208 71.87720 76.52713 80.31154 83.38954 85.88319 87.88428 89.46259 90.66988 91.54465 92.11360 92.39394 92.39394 92.11360 91.54465 90.66988 89.46259 87.88429 85.88319 83.38955 80.31155 76.52715 71.87721 66.17210 59.29042
1.799478 1.907211 2.023980 2.150176 2.287337 2.436078 2.598235 2.774719 2.967771 3.178691 3.410265 3.664325 3.944375 4.253015 4.594738 4.973196 5.394240 5.863024 6.387367 6.974549 7.635164 8.379666 9.222698 10.17939 11.27044 12.51805 13.95215 15.60599 17.52399 19.75729 22.37431 25.45667 29.11508 33.48562 38.74911 45.08727 52.50115 60.25090 67.20847 72.98609 77.70372 81.54993 84.68314 87.22501 89.26713 90.87931 92.11347 93.00819 93.59032 93.87724 93.87722 93.59032 93.00819 92.11346 90.87931 89.26714 87.22501 84.68315 81.54993 77.70372 72.98611 67.20849 60.25092
1.815276 1.924494 2.042902 2.170929 2.310131 2.461149 2.625842 2.805164 3.001399 3.215891 3.451468 3.710036 3.995168 4.309535 4.657722 5.043484 5.472803 5.950957 6.485918 7.085145 7.759431 8.519452 9.380082 10.35674 11.47039 12.74357 14.20651 15.89276 17.84704 20.12070 22.78229 25.91346 29.62472 34.05178 39.37482 45.77470 53.25143 61.06391 68.08274 73.91900 78.69163 82.58834 85.76696 88.34874 90.42506 92.06566 93.32242 94.23399 94.82734 95.11982 95.11981 94.82733 94.23399 93.32242 92.06566 90.42509 88.34874 85.76697 82.58836 78.69163 73.91902 68.08277 61.06393
1.829471 1.940022 2.059913 2.189588 2.330624 2.483685 2.650664 2.832546 3.031640 3.249334 3.488518 3.751134 4.040817 4.360315 4.714293 5.106594 5.543288 6.029786 6.574190 7.184099 7.870470 8.644162 9.520251 10.51436 11.64769 12.94299 14.43074 16.14471 18.12979 20.43747 23.13637 26.30806 30.06288 34.53621 39.90770 46.35755 53.88490 61.74779 68.81597 74.69960 79.51680 83.45464 86.67043 89.28504 91.38965 93.05384 94.32944 95.25515 95.85786 96.15504 96.15504 95.85786 95.25515 94.32946 93.05384 91.38965 89.28504 86.67045 83.45466 79.51682 74.69962 68.81599 61.74781
1.842006 1.953738 2.074937 2.206072 2.348731 2.503603 2.672604 2.856740 3.058364 3.278894 3.521257 3.787443 4.081143 4.405161 4.764229 5.162270 5.605443 6.099255 6.651905 7.271127 7.968015 8.753559 9.643004 10.65213 11.80232 13.11651 14.62531 16.36267 18.37359 20.70963 23.43941 26.64445 30.43492 34.94588 40.35659 46.84673 54.41488 62.31838 69.42625 75.34799 80.20114 84.17224 87.41822 90.05960 92.18737 93.87095 95.16211 96.09946 96.70997 97.01105 97.01105 96.70998 96.09947 95.16209 93.87096 92.18739 90.05960 87.41823 84.17227 80.20114 75.34801 69.42628 62.31841
1.852842 1.965593 2.087925 2.220322 2.364385 2.520822 2.691573 2.877662 3.081471 3.304448 3.549556 3.818827 4.115990 4.443903 4.807358 5.210331 5.659067 6.159142 6.718852 7.346033 8.051867 8.847482 9.748240 10.77004 11.93441 13.26440 14.79076 16.54751 18.57975 20.93907 23.69409 26.92622 30.74548 35.28671 40.72884 47.25115 54.85174 62.78748 69.92690 75.87898 80.76082 84.75856 88.02875 90.69170 92.83817 94.53745 95.84124 96.78811 97.40495 97.70919 97.70920 97.40495 96.78811 95.84124 94.53745 92.83817 90.69170 88.02876 84.75858 80.76083 75.87900 69.92692 62.78749
1.861934 1.975542 2.098830 2.232285 2.377526 2.535281 2.707494 2.895224 3.100868 3.325900 3.573308 3.845160 4.145227 4.476399 4.843515 5.250613 5.703986 6.209280 6.774861 7.408639 8.121893 8.925831 9.835905 10.86813 12.04411 13.38699 14.92762 16.70008 18.74952 21.12752 23.90270 27.15638 30.99847 35.56359 41.03046 47.57804 55.20412 63.16516 70.32932 76.30519 81.20953 85.22818 88.51743 91.19742 93.35868 95.07041 96.38425 97.33868 97.96059 98.26736 98.26736 97.96059 97.33867 96.38423 95.07042 93.35869 91.19742 88.51746 85.22820 81.20953 76.30521 70.32933 63.16518
1.869252 1.983551 2.107605 2.241908 2.388103 2.546916 2.720309 2.909359 3.116475 3.343163 3.592420 3.866347 4.168743 4.502532 4.872585 5.282985 5.740068 6.249536 6.819807 7.458843 8.177996 8.988541 9.905996 10.94646 12.13159 13.48461 15.03641 16.82114 18.88396 21.27645 24.06721 27.33750 31.19710 35.78052 41.26627 47.83310 55.47851 63.45874 70.64166 76.63562 81.55710 85.59171 88.89552 91.58849 93.76110 95.48240 96.80394 97.76421 98.39001 98.69875 98.69875 98.39001 97.76421 96.80396 95.48240 93.76111 91.58849 88.89555 85.59171 81.55711 76.63565 70.64168 63.45876
1.874759 1.989578 2.114211 2.249161 2.396070 2.555679 2.729964 2.920007 3.128235 3.356165 3.606815 3.882304 4.186452 4.522203 4.894468 5.307347 5.767218 6.279808 6.853586 7.496557 8.220115 9.035583 9.958536 11.00511 12.19702 13.55754 15.11759 16.91134 18.98397 21.38708 24.18921 27.47158 31.34390 35.94057 41.43998 48.02072 55.68012 63.67422 70.87069 76.87768 81.81151 85.85762 89.17196 91.87436 94.05518 95.78342 97.11059 98.07508 98.70372 99.01387 99.01385 98.70372 98.07507 97.11059 95.78342 94.05520 91.87436 89.17197 85.85762 81.81151 76.87771 70.87071 63.67424
1.878443 1.993611 2.118633 2.254011 2.401400 2.561539 2.736420 2.927129 3.136100 3.364862 3.616443 3.892974 4.198292 4.535357 4.909094 5.323627 5.785353 6.300025 6.876141 7.521725 8.248213 9.066944 9.993540 11.04416 12.24055 13.60602 15.17150 16.97119 19.05026 21.46031 24.26987 27.56013 31.44073 36.04604 41.55432 48.14407 55.81252 63.81558 71.02081 77.03625 81.97809 86.03168 89.35284 92.06136 94.24754 95.98031 97.31110 98.27837 98.90886 99.21992 99.21993 98.90886 98.27837 97.31111 95.98031 94.24754 92.06136 89.35287 86.03169 81.97810 77.03629 71.02082 63.81560
1.880290 1.995634 2.120846 2.256439 2.404067 2.564476 2.739654 2.930696 3.140040 3.369216 3.621265 3.898319 4.204222 4.541945 4.916420 5.331779 5.794431 6.310151 6.887428 7.534317 8.262262 9.082628 10.01104 11.06367 12.26229 13.63022 15.19839 17.00102 19.08329 21.49677 24.31000 27.60415 31.48886 36.09840 41.61105 48.20523 55.87814 63.88563 71.09517 77.11477 82.06055 86.11781 89.44234 92.15387 94.34267 96.07766 97.41027 98.37889 99.01031 99.32182 99.32182 99.01029 98.37889 97.41027 96.07767 94.34268 92.15386 89.44236 86.11781 82.06056 77.11479 71.09519 63.88564
1.880289 1.995631 2.120844 2.256436 2.404065 2.564473 2.739653 2.930692 3.140038 3.369216 3.621263 3.898316 4.204221 4.541942 4.916417 5.331777 5.794428 6.310147 6.887424 7.534317 8.262260 9.082624 10.01103 11.06367 12.26229 13.63022 15.19839 17.00102 19.08328 21.49677 24.31000 27.60415 31.48885 36.09840 41.61105 48.20523 55.87813 63.88562 71.09518 77.11477 82.06055 86.11780 89.44234 92.15386 94.34267 96.07766 97.41027 98.37889 99.01031 99.32182 99.32182 99.01029 98.37889 97.41027 96.07766 94.34267 92.15387 89.44236 86.11781 82.06055 77.11479 71.09519 63.88564
1.878440 1.993609 2.118629 2.254009 2.401395 2.561539 2.736418 2.927127 3.136097 3.364860 3.616441 3.892973 4.198292 4.535357 4.909094 5.323625 5.785351 6.300024 6.876139 7.521726 8.248209 9.066946 9.993540 11.04416 12.24055 13.60602 15.17150 16.97119 19.05026 21.46031 24.26987 27.56013 31.44073 36.04604 41.55432 48.14407 55.81252 63.81557 71.02081 77.03625 81.97810 86.03168 89.35284 92.06136 94.24754 95.98029 97.31110 98.27837 98.90886 99.21992 99.21993 98.90886 98.27837 97.31110 95.98031 94.24754 92.06136 89.35287 86.03168 81.97810 77.03629 71.02084 63.81560
1.874756 1.989576 2.114207 2.249157 2.396068 2.555674 2.729961 2.920005 3.128232 3.356165 3.606812 3.882302 4.186450 4.522203 4.894465 5.307344 5.767215 6.279807 6.853583 7.496556 8.220115 9.035580 9.958534 11.00511 12.19702 13.55754 15.11759 16.91135 18.98397 21.38708 24.18921 27.47157 31.34390 35.94057 41.43999 48.02071 55.68011 63.67422 70.87069 76.87768 81.81151 85.85762 89.17196 91.87436 94.05518 95.78342 97.11059 98.07507 98.70372 99.01388 99.01385 98.70372 98.07507 97.11059 95.78342 94.05520 91.87436 89.17197 85.85762 81.81151 76.87771 70.87071 63.67425
1.869247 1.983545 2.107599 2.241905 2.388099 2.546911 2.720304 2.909355 3.116472 3.343158 3.592418 3.866345 4.168739 4.502528 4.872581 5.282981 5.740067 6.249534 6.819807 7.458839 8.177996 8.988538 9.905996 10.94646 12.13159 13.48461 15.03641 16.82114 18.88396 21.27645 24.06721 27.33750 31.19710 35.78052 41.26627 47.83310 55.47852 63.45874 70.64167 76.63562 81.55710 85.59170 88.89552 91.58849 93.76110 95.48240 96.80394 97.76421 98.39001 98.69875 98.69875 98.39001 97.76421 96.80394 95.48240 93.76111 91.58849 88.89553 85.59171 81.55711 76.63564 70.64168 63.45876
1.861933 1.975543 2.098828 2.232283 2.377527 2.535279 2.707494 2.895225 3.100867 3.325902 3.573308 3.845160 4.145229 4.476398 4.843516 5.250611 5.703986 6.209282 6.774862 7.408640 8.121896 8.925828 9.835904 10.86813 12.04411 13.38699 14.92762 16.70008 18.74952 21.12752 23.90270 27.15638 30.99847 35.56360 41.03047 47.57805 55.20412 63.16516 70.32932 76.30520 81.20953 85.22820 88.51743 91.19742 93.35868 95.07041 96.38425 97.33870 97.96059 98.26737 98.26737 97.96061 97.33868 96.38423 95.07043 93.35869 91.19742 88.51746 85.22820 81.20955 76.30521 70.32934 63.16519
1.852840 1.965590 2.087925 2.220321 2.364384 2.520821 2.691572 2.877661 3.081469 3.304450 3.549554 3.818825 4.115990 4.443904 4.807356 5.210332 5.659067 6.159140 6.718852 7.346031 8.051867 8.847482 9.748240 10.77004 11.93441 13.26440 14.79076 16.54751 18.57975 20.93907 23.69409 26.92622 30.74548 35.28671 40.72885 47.25115 54.85175 62.78748 69.92691 75.87898 80.76083 84.75858 88.02875 90.69170 92.83817 94.53745 95.84124 96.78811 97.40497 97.70919 97.70920 97.40495 96.78811 95.84124 94.53745 92.83817 90.69170 88.02876 84.75858 80.76084 75.87900 69.92692 62.78750
