T5-twomodels-2/model90.grd
DSAA
         100         100
  -15.00000       15.00000    
  -15.00000       15.00000    
  -3.676321       22.53455    
[rows 0 to 26 of 100, columns 0 to 60 of 100]
0.2043846 0.2064065 0.2085606 0.2108569 0.2133059 0.2159187 0.2187068 0.2216822 0.2248571 0.2282442 0.2318564 0.2357063 0.2398053 0.2441661 0.2488011 0.2537222 0.2589402 0.2644656 0.2703079 0.2764754 0.2829756 0.2898144 0.2969966 0.3045249 0.3124012 0.3206246 0.3291931 0.3381016 0.3473435 0.3569096 0.3667884 0.3769656 0.3874244 0.3981453 0.4091065 0.4202829 0.4316477 0.4431711 0.4548212 0.4665640 0.4783635 0.4901823 0.5019816 0.5137218 0.5253623 0.5368623 0.5481814 0.5592791 0.5701148 0.5806487 0.5908482 0.6006806 0.6101105 0.6191058 0.6276370 0.6356774 0.6432026 0.6501905 0.6566213 0.6624779 0.6677448
0.2024241 0.2044441 0.2066017 0.2089081 0.2113751 0.2140149 0.2168408 0.2198662 0.2231050 0.2265714 0.2302794 0.2342435 0.2384795 0.2430015 0.2478231 0.2529581 0.2584194 0.2642194 0.2703695 0.2768798 0.2837594 0.2910158 0.2986554 0.3066822 0.3150991 0.3239062 0.3331020 0.3426821 0.3526400 0.3629664 0.3736491 0.3846732 0.3960207 0.4076702 0.4195980 0.4317767 0.4441765 0.4567640 0.4695038 0.4823577 0.4952852 0.5082442 0.5211906 0.5340797 0.5468656 0.5595022 0.5719435 0.5841445 0.5960622 0.6076552 0.6188779 0.6296885 0.6400521 0.6499346 0.6593040 0.6681304 0.6763874 0.6840506 0.6910984 0.6975123 0.7032758
0.2001709 0.2021770 0.2043259 0.2066299 0.2091024 0.2117570 0.2146086 0.2176723 0.2209641 0.2245003 0.2282981 0.2323738 0.2367433 0.2414234 0.2464311 0.2517821 0.2574919 0.2635751 0.2700453 0.2769148 0.2841945 0.2918941 0.3000214 0.3085824 0.3175808 0.3270184 0.3368943 0.3472050 0.3579440 0.3691024 0.3806674 0.3926232 0.4049504 0.4176265 0.4306251 0.4439163 0.4574667 0.4712394 0.4851947 0.4992894 0.5134783 0.5277132 0.5419448 0.5561218 0.5701920 0.5841034 0.5978037 0.6112408 0.6243631 0.6371200 0.6494697 0.6613703 0.6727776 0.6836522 0.6939577 0.7036616 0.7127342 0.7211492 0.7288835 0.7359166 0.7422311
0.1975950 0.1995730 0.2016986 0.2039853 0.2064479 0.2091021 0.2119642 0.2150516 0.2183825 0.2219753 0.2258483 0.2300210 0.2345139 0.2393463 0.2445367 0.2501038 0.2560657 0.2624395 0.2692412 0.2764859 0.2841869 0.2923557 0.3010027 0.3101354 0.3197597 0.3298782 0.3404918 0.3515975 0.3631897 0.3752593 0.3877933 0.4007754 0.4141850 0.4279973 0.4421839 0.4567118 0.4715441 0.4866394 0.5019532 0.5174371 0.5330396 0.5487062 0.5643805 0.5800044 0.5955187 0.6108634 0.6259792 0.6408077 0.6552932 0.6693826 0.6830183 0.6961474 0.7087262 0.7207119 0.7320651 0.7427495 0.7527328 0.7619864 0.7704850 0.7782070 0.7851336
0.1946584 0.1965916 0.1986763 0.2009278 0.2033623 0.2059973 0.2088516 0.2119446 0.2152970 0.2189299 0.2228658 0.2271267 0.2317338 0.2367097 0.2420771 0.2478579 0.2540731 0.2607431 0.2678870 0.2755225 0.2836658 0.2923313 0.3015314 0.3112762 0.3215736 0.3324282 0.3438422 0.3558139 0.3683385 0.3814073 0.3950074 0.4091217 0.4237283 0.4388009 0.4543083 0.4702141 0.4864774 0.5030523 0.5198886 0.5369312 0.5541220 0.5713992 0.5886983 0.6059527 0.6230948 0.6400558 0.6567679 0.6731636 0.6891761 0.7047403 0.7198019 0.7343073 0.7482011 0.7614341 0.7739618 0.7857442 0.7967458 0.8069357 0.8162869 0.8247758 0.8323832
0.1913211 0.1931899 0.1952131 0.1974077 0.1997919 0.2023854 0.2052090 0.2082849 0.2116368 0.2152885 0.2192646 0.2235907 0.2282942 0.2334006 0.2389355 0.2449243 0.2513917 0.2583614 0.2658562 0.2738971 0.2825036 0.2916934 0.3014816 0.3118813 0.3229026 0.3345526 0.3468351 0.3597506 0.3732951 0.3874607 0.4022348 0.4175996 0.4335325 0.4500051 0.4669833 0.4844273 0.5022918 0.5205253 0.5390713 0.5578678 0.5768481 0.5959421 0.6150755 0.6341722 0.6531542 0.6719429 0.6904603 0.7086294 0.7263773 0.7436348 0.7603282 0.7763910 0.7917668 0.8064026 0.8202493 0.8332631 0.8454054 0.8566422 0.8669451 0.8762894 0.8846546
0.1875375 0.1893183 0.1912557 0.1933679 0.1956753 0.1981999 0.2009653 0.2039967 0.2073207 0.2109652 0.2149596 0.2193332 0.2241146 0.2293341 0.2350226 0.2412097 0.2479243 0.2551943 0.2630469 0.2715065 0.2805968 0.2903388 0.3007515 0.3118510 0.3236507 0.3361601 0.3493860 0.3633306 0.3779917 0.3933626 0.4094311 0.4261795 0.4435838 0.4616140 0.4802337 0.4993987 0.5190588 0.5391565 0.5596278 0.5804025 0.6014049 0.6225539 0.6437647 0.6649493 0.6860179 0.7068794 0.7274439 0.7476222 0.7673265 0.7864723 0.8049881 0.8228046 0.8398520 0.8560686 0.8713997 0.8857971 0.8992186 0.9116283 0.9229953 0.9332939 0.9425034
0.1832574 0.1849233 0.1867457 0.1887449 0.1909437 0.1933665 0.1960400 0.1989928 0.2022552 0.2058591 0.2098367 0.2142223 0.2190522 0.2243611 0.2301835 0.2365542 0.2435067 0.2510742 0.2592879 0.2681774 0.2777707 0.2880933 0.2991678 0.3110146 0.3236505 0.3370889 0.3513391 0.3664064 0.3822906 0.3989871 0.4164844 0.4347651 0.4538048 0.4735718 0.4940263 0.5151207 0.5367989 0.5589967 0.5816421 0.6046548 0.6279482 0.6514293 0.6750000 0.6985584 0.7220005 0.7452207 0.7681147 0.7905800 0.8125193 0.8338407 0.8544495 0.8742597 0.8931994 0.9112020 0.9282070 0.9441616 0.9590205 0.9727451 0.9853033 0.9966682 1.006819
0.1784235 0.1799424 0.1816159 0.1834659 0.1855180 0.1877994 0.1903402 0.1931730 0.1963323 0.1998548 0.2037794 0.2081455 0.2129916 0.2183589 0.2242888 0.2308220 0.2379977 0.2458545 0.2544295 0.2637574 0.2738714 0.2848018 0.2965765 0.3092202 0.3227542 0.3371958 0.3525587 0.3688512 0.3860765 0.4042319 0.4233082 0.4432885 0.4641484 0.4858544 0.5083647 0.5316267 0.5555788 0.5801489 0.6052556 0.6308075 0.6567052 0.6828410 0.7091015 0.7353683 0.7615197 0.7874329 0.8129864 0.8380599 0.8625364 0.8863040 0.9092673 0.9313357 0.9524209 0.9724451 0.9913417 1.009053 1.025529 1.040730 1.054623 1.067180 1.078382
0.1729738 0.1743086 0.1757926 0.1774506 0.1793104 0.1814027 0.1837614 0.1864233 0.1894283 0.1928181 0.1966364 0.2009287 0.2057438 0.2111290 0.2171312 0.2237976 0.2311744 0.2393067 0.2482376 0.2580086 0.2686583 0.2802232 0.2927366 0.3062287 0.3207262 0.3362513 0.3528226 0.3704525 0.3891484 0.4089112 0.4297340 0.4516016 0.4744902 0.4983656 0.5231829 0.5488856 0.5754058 0.6026627 0.6305642 0.6590058 0.6878730 0.7170415 0.7463785 0.7757460 0.8050016 0.8340011 0.8626021 0.8906649 0.9180573 0.9446558 0.9703354 0.9949845 1.018511 1.040830 1.061868 1.081563 1.099862 1.116724 1.132114 1.146006 1.158381
0.1668368 0.1679436 0.1691912 0.1706061 0.1722193 0.1740651 0.1761817 0.1786111 0.1813990 0.1845938 0.1882475 0.1924134 0.1971440 0.2024954 0.2085240 0.2152848 0.2228318 0.2312178 0.2404935 0.2507070 0.2619042 0.2741282 0.2874188 0.3018126 0.3173424 0.3340368 0.3519199 0.3710102 0.3913199 0.4128543 0.4356107 0.4595766 0.4847296 0.5110354 0.5384474 0.5669043 0.5963320 0.6266400 0.6577243 0.6894652 0.7217305 0.7543750 0.7872446 0.8201761 0.8530021 0.8855524 0.9176589 0.9491562 0.9798847 1.009693 1.038453 1.066044 1.092353 1.117283 1.140752 1.162693 1.183050 1.201781 1.218853 1.234240 1.247926
0.1599345 0.1607626 0.1617178 0.1628293 0.1641311 0.1656614 0.1674633 0.1695847 0.1720782 0.1749995 0.1784075 0.1823644 0.1869362 0.1921874 0.1981826 0.2049864 0.2126618 0.2212702 0.2308709 0.2415202 0.2532720 0.2661769 0.2802823 0.2956321 0.3122668 0.3302218 0.3495289 0.3702133 0.3922938 0.4157820 0.4406807 0.4669816 0.4946654 0.5236984 0.5540333 0.5856050 0.6183321 0.6521147 0.6868342 0.7223542 0.7585213 0.7951664 0.8321073 0.8691519 0.9061012 0.9427539 0.9789101 1.014375 1.048965 1.082509 1.114842 1.145815 1.175308 1.203217 1.229451 1.253939 1.276623 1.297462 1.316423 1.333486 1.348638
0.1521773 0.1526673 0.1532650 0.1540016 0.1549144 0.1560460 0.1574454 0.1591669 0.1612711 0.1638232 0.1668939 0.1705559 0.1748820 0.1799494 0.1858350 0.1926149 0.2003626 0.2091498 0.2190459 0.2301161 0.2424234 0.2560270 0.2709832 0.2873441 0.3051590 0.3244720 0.3453235 0.3677474 0.3917715 0.4174151 0.4446885 0.4735900 0.5041050 0.5362029 0.5698366 0.6049376 0.6414186 0.6791683 0.7180535 0.7579170 0.7985812 0.8398476 0.8815011 0.9233133 0.9650466 1.006460 1.047315 1.087378 1.126425 1.164246 1.200665 1.235521 1.268667 1.299983 1.329370 1.356752 1.382072 1.405290 1.426377 1.445319 1.462110
0.1434666 0.1435497 0.1437130 0.1439901 0.1444216 0.1450547 0.1459442 0.1471533 0.1487515 0.1508145 0.1534234 0.1566641 0.1606279 0.1654043 0.1710829 0.1777526 0.1854994 0.1944071 0.2045558 0.2160217 0.2288776 0.2431927 0.2590325 0.2764595 0.2955327 0.3163063 0.3388316 0.3631530 0.3893093 0.4173307 0.4472376 0.4790373 0.5127228 0.5482693 0.5856313 0.6247399 0.6655012 0.7077932 0.7514655 0.7963390 0.8422060 0.8888333 0.9359656 0.9833294 1.030640 1.077607 1.123941 1.169364 1.213613 1.256447 1.297639 1.336990 1.374343 1.409568 1.442559 1.473237 1.501547 1.527452 1.550933 1.571983 1.590606
0.1336914 0.1332874 0.1329267 0.1326441 0.1324835 0.1324975 0.1327478 0.1333064 0.1342542 0.1356805 0.1376834 0.1403643 0.1438266 0.1481777 0.1535253 0.1599742 0.1676253 0.1765760 0.1869192 0.1987426 0.2121303 0.2271624 0.2439153 0.2624622 0.2828734 0.3052156 0.3295526 0.3559422 0.3844368 0.4150809 0.4479080 0.4829385 0.5201769 0.5596070 0.6011895 0.6448560 0.6905088 0.7380154 0.7872071 0.8378789 0.8897890 0.9426623 0.9961939 1.050055 1.103900 1.157377 1.210135 1.261833 1.312149 1.360784 1.407488 1.452042 1.494256 1.533979 1.571100 1.605538 1.637244 1.666189 1.692366 1.715782 1.736452
0.1227272 0.1217438 0.1207537 0.1197930 0.1189086 0.1181579 0.1176105 0.1173492 0.1174681 0.1180725 0.1192762 0.1212016 0.1239779 0.1277325 0.1325915 0.1386785 0.1461122 0.1550055 0.1654652 0.1775923 0.1914830 0.2072291 0.2249185 0.2446367 0.2664672 0.2904906 0.3167857 0.3454268 0.3764833 0.4100178 0.4460821 0.4847142 0.5259348 0.5697419 0.6161060 0.6649648 0.7162188 0.7697262 0.8252999 0.8827059 0.9416630 1.001845 1.062887 1.124391 1.185935 1.247088 1.307420 1.366515 1.423984 1.479477 1.532672 1.583300 1.631154 1.676072 1.717937 1.756675 1.792243 1.824629 1.853844 1.879913 1.902872
0.1104357 0.1087658 0.1070236 0.1052451 0.1034791 0.1017880 0.1002501 9.8959990E-02 9.8028041E-02 9.7580135E-02 9.7755574E-02 9.8701775E-02 0.1005681 0.1035101 0.1076807 0.1132269 0.1202876 0.1289940 0.1394688 0.1518268 0.1661766 0.1826222 0.2012647 0.2222023 0.2455332 0.2713539 0.2997614 0.3308499 0.3647097 0.4014267 0.4410767 0.4837217 0.5294051 0.5781459 0.6299321 0.6847122 0.7423902 0.8028182 0.8657921 0.9310457 0.9982526 1.067026 1.136927 1.207470 1.278138 1.348397 1.417715 1.485573 1.551484 1.615011 1.675790 1.733514 1.787935 1.838872 1.886204 1.929866 1.969833 2.006118 2.038756 2.067799 2.093312
9.6663497E-02 9.4184317E-02 9.1547087E-02 8.8785775E-02 8.5949950E-02 8.3105989E-02 8.0341123E-02 7.7763855E-02 7.5504325E-02 7.3712647E-02 7.2555341E-02 7.2211727E-02 7.2873130E-02 7.4726649E-02 7.7954940E-02 8.2732782E-02 8.9223519E-02 9.7578645E-02 0.1079379 0.1204301 0.1351773 0.1522957 0.1718983 0.1940984 0.2190095 0.2467468 0.2774280 0.3111708 0.3480929 0.3883089 0.4319254 0.4790366 0.5297180 0.5840191 0.6419536 0.7034903 0.7685455 0.8369704 0.9085456 0.9829729 1.059875 1.138793 1.219197 1.300492 1.382040 1.463173 1.543224 1.621546 1.697539 1.770672 1.840472 1.906563 1.968671 2.026606 2.080254 2.129568 2.174552 2.215253 2.251746 2.284123 2.312483
8.1237562E-02 7.7808663E-02 7.4110962E-02 7.0173040E-02 6.6042759E-02 6.1788902E-02 5.7507683E-02 5.3322922E-02 4.9388573E-02 4.5886334E-02 4.3023795E-02 4.1023739E-02 4.0114138E-02 4.0528294E-02 4.2491220E-02 4.6212528E-02 5.1884517E-02 5.9680827E-02 6.9758996E-02 8.2262002E-02 9.7323582E-02 0.1150714 0.1356314 0.1591304 0.1856993 0.2154735 0.2485950 0.2852104 0.3254698 0.3695240 0.4175201 0.4695943 0.5258659 0.5864263 0.6513295 0.7205772 0.7941091 0.8717854 0.9533781 1.038559 1.126894 1.217842 1.310763 1.404924 1.499530 1.593741 1.686710 1.777612 1.865681 1.950232 2.030715 2.106693 2.177837 2.243943 2.304909 2.360721 2.411430 2.457137 2.497970 2.534075 2.565604
6.3971028E-02 5.9433073E-02 5.4484144E-02 4.9142867E-02 4.3451019E-02 3.7476748E-02 3.1323172E-02 2.5131438E-02 1.9083824E-02 1.3401522E-02 8.3393184E-03 4.1778898E-03 1.2141187E-03 -2.6256315E-04 2.2584572E-05 2.3223460E-03 6.8622176E-03 1.3840059E-02 2.3430679E-02 3.5788864E-02 5.1057898E-02 6.9374733E-02 9.0875991E-02 0.1157022 0.1440018 0.1759329 0.2116656 0.2513798 0.2952654 0.3435188 0.3963374 0.4539127 0.5164225 0.5840176 0.6568084 0.7348484 0.8181175 0.9065019 0.9997765 1.097589 1.199448 1.304720 1.412629 1.522278 1.632664 1.742722 1.851365 1.957533 2.060246 2.158648 2.252012 2.339788 2.421620 2.497304 2.566773 2.630069 2.687316 2.738692 2.784404 2.824673 2.859718
4.4656567E-02 3.8830657E-02 3.2412704E-02 2.5404340E-02 1.7834269E-02 9.7647076E-03 1.3017561E-03 -7.3963543E-03 -1.6113486E-02 -2.4576671E-02 -3.2459617E-02 -3.9402511E-02 -4.5034032E-02 -4.8982911E-02 -5.0902881E-02 -5.0486907E-02 -4.7471467E-02 -4.1633986E-02 -3.2785956E-02 -2.0764628E-02 -5.4223929E-03 1.3383059E-02 3.5795711E-02 6.1968111E-02 9.2065893E-02 0.1262717 0.1647874 0.2078323 0.2556437 0.3084745 0.3665851 0.4302386 0.4996888 0.5751668 0.6568643 0.7449102 0.8393514 0.9401226 1.047023 1.159690 1.277583 1.399965 1.525909 1.654307 1.783898 1.913316 2.041150 2.166007 2.286589 2.401764 2.510639 2.612561 2.707101 2.794063 2.873439 2.945368 3.010081 3.067870 3.119057 3.163964 3.202899
2.3071539E-02 1.5759679E-02 7.6265312E-03 -1.3527693E-03 -1.1172914E-02 -2.1788524E-02 -3.3098366E-02 -4.4929191E-02 -5.7027161E-02 -6.9052771E-02 -8.0591932E-02 -9.1171570E-02 -0.1002913 -0.1074703 -0.1122736 -0.1143266 -0.1133244 -0.1090226 -0.1012264 -8.9773864E-02 -7.4521080E-02 -5.5328198E-02 -3.2049187E-02 -4.5231543E-03 2.7433177E-02 6.4027265E-02 0.1054962 0.1521053 0.2041488 0.2619466 0.3258390 0.3961781 0.4733177 0.5575951 0.6493130 0.7487101 0.8559346 0.9710062 1.093782 1.223917 1.360837 1.503708 1.651432 1.802651 1.955779 2.109053 2.260616 2.408617 2.551327 2.687250 2.815171 2.934242 3.044003 3.144309 3.235263 3.317155 3.390388 3.455423 3.512735 3.562787 3.606009
-1.0215212E-03 -1.0035513E-02 -2.0156987E-02 -3.1451881E-02 -4.3955076E-02 -5.7654735E-02 -7.2468884E-02 -8.8219859E-02 -0.1046127 -0.1212234 -0.1375019 -0.1528127 -0.1664911 -0.1778932 -0.1864535 -0.1917148 -0.1933303 -0.1910440 -0.1846680 -0.1740575 -0.1590865 -0.1396283 -0.1155429 -8.6665757E-02 -5.2799702E-02 -1.3710931E-02 3.0877022E-02 8.1281409E-02 0.1378629 0.2010224 0.2711968 0.3488502 0.4344618 0.5285091 0.6314426 0.7436547 0.8654429 0.9969628 1.138180 1.288815 1.448297 1.615718 1.789811 1.968931 2.151095 2.334023 2.515248 2.692253 2.862644 3.024328 3.175714 3.315739 3.443864 3.560033 3.664547 3.757944 3.840886 3.914078 3.978218 4.033954 4.081875
-2.7866894E-02 -3.8812473E-02 -5.1219158E-02 -6.5213859E-02 -8.0895312E-02 -9.8312758E-02 -0.1174314 -0.1380909 -0.1599629 -0.1825177 -0.2050274 -0.2266074 -0.2463097 -0.2632529 -0.2767013 -0.2861013 -0.2910735 -0.2913730 -0.2868470 -0.2773928 -0.2629220 -0.2433390 -0.2185206 -0.1883070 -0.1524896 -0.1108083 -6.2944651E-02 -8.5228123E-03 5.2895024E-02 0.1218057 0.1987613 0.2843619 0.3792442 0.4840632 0.5994644 0.7260467 0.8643197 1.014645 1.177169 1.351754 1.537904 1.734694 1.940716 2.154043 2.372224 2.592332 2.811071 3.024967 3.230641 3.425122 3.606086 3.772084 3.922565 4.057689 4.178112 4.284779 4.378750 4.461089 4.532796 4.594773 4.647816
-5.7703584E-02 -7.0817746E-02 -8.5823469E-02 -0.1029341 -0.1223462 -0.1442124 -0.1685948 -0.1953962 -0.2242838 -0.2546076 -0.2853669 -0.3152874 -0.3430005 -0.3672474 -0.3870475 -0.4017444 -0.4109599 -0.4145089 -0.4123191 -0.4043685 -0.3906384 -0.3710844 -0.3456184 -0.3140921 -0.2762918 -0.2319324 -0.1806498 -0.1220022 -5.5466127E-02 1.9567741E-02 0.1037861 0.1979526 0.3028951 0.4194883 0.5486259 0.6911787 0.8479459 1.019583 1.206521 1.408872 1.626333 1.858074 2.102646 2.357894 2.620899 2.887971 3.154726 3.416294 3.667706 3.904451 4.123121 4.321718 4.499666 4.657542 4.796637 4.918566 5.025005 5.117533 5.197570 5.266351 5.324929
-9.0746731E-02 -0.1062643 -0.1241860 -0.1448444 -0.1685805 -0.1957127 -0.2264784 -0.2609378 -0.2988343 -0.3394159 -0.3813151 -0.4226073 -0.4611526 -0.4950907 -0.5231253 -0.5445343 -0.5590271 -0.5665678 -0.5672401 -0.5611604 -0.5484218 -0.5290593 -0.5030353 -0.4702283 -0.4304242 -0.3833140 -0.3284862 -0.2654277 -0.1935164 -0.1120190 -2.0091144E-02 8.3219722E-02 0.1989695 0.3282983 0.4724056 0.6325073 0.8097816 1.005285 1.219863 1.454032 1.707850 1.980773 2.271511 2.577869 2.896595 3.223249 3.552138 3.876444 4.188706 4.481772 4.750011 4.990354 5.202410 5.387683 5.548643 5.688028 5.808451 5.912231 6.001352 6.077478 6.141985
-0.1271463 -0.1452861 -0.1664265 -0.1910581 -0.2197209 -0.2529826 -0.2913811 -0.3353001 -0.3847473 -0.4389977 -0.4961784 -0.5532284 -0.6066282 -0.6534880 -0.6921299 -0.7219156 -0.7428312 -0.7551477 -0.7592196 -0.7553781 -0.7438762 -0.7248623 -0.6983719 -0.6643212 -0.6225009 -0.5725827 -0.5141053 -0.4464778 -0.3689723 -0.2807155 -0.1806868 -6.7718886E-02 5.9507135E-02 0.2024422 0.3626505 0.5417677 0.7414474 0.9632697 1.208645 1.478676 1.774016 2.094686 2.439889 2.807775 3.195169 3.597220 4.007020 4.415295 4.810600 5.180743 5.515760 5.810595 6.065391 6.283640 6.470033 6.629178 6.765104 6.881162 6.980075 7.064044 7.134835
