T5-twomodels-2/model150.grd
DSAA
         100         100
  -15.00000       15.00000    
  -15.00000       15.00000    
  -21.14141       21.65500    
[rows 27 to 53 of 100, columns 0 to 60 of 100]
-1.466607 -1.610336 -1.774945 -1.964060 -2.181920 -2.433355 -2.723641 -3.057938 -3.439911 -3.868529 -4.332606 -4.806832 -5.259478 -5.667893 -6.023298 -6.325812 -6.579367 -6.788940 -6.959398 -7.095040 -7.199480 -7.275642 -7.325809 -7.351679 -7.354418 -7.334712 -7.292795 -7.228481 -7.141180 -7.029891 -6.893221 -6.729379 -6.536177 -6.311044 -6.051060 -5.752997 -5.413421 -5.028799 -4.595677 -4.110898 -3.571834 -2.976694 -2.324846 -1.617241 -0.8569517 -5.0025806E-02 0.7932283 1.656282 2.514151 3.333246 4.078366 4.726616 5.275099 5.734757 6.120474 6.445872 6.722012 6.957544 7.159189 7.332188 7.480650
-1.599829 -1.759315 -1.943461 -2.157037 -2.405905 -2.697140 -3.039285 -3.442141 -3.915900 -4.466827 -5.085169 -5.726603 -6.327524 -6.851099 -7.292203 -7.658353 -7.959589 -8.205198 -8.403039 -8.559476 -8.679574 -8.767286 -8.825620 -8.856776 -8.862267 -8.842986 -8.799275 -8.730961 -8.637371 -8.517354 -8.369262 -8.190964 -7.979820 -7.732697 -7.445976 -7.115597 -6.737118 -6.305844 -5.816972 -5.265803 -4.647945 -3.959601 -3.197816 -2.360841 -1.448594 -0.4635427 0.5876213 1.690354 2.815116 3.907781 4.896143 5.729259 6.405344 6.952011 7.398810 7.768642 8.078109 8.339246 8.560934 8.749835 8.911038
-1.737093 -1.912716 -2.116998 -2.355888 -2.637144 -2.970328 -3.368068 -3.846087 -4.424600 -5.124091 -5.946857 -6.819041 -7.613202 -8.274714 -8.812778 -9.248436 -9.600666 -9.884294 -10.11075 -10.28879 -10.42508 -10.52471 -10.59145 -10.62806 -10.63640 -10.61761 -10.57211 -10.49978 -10.39984 -10.27098 -10.11130 -9.918321 -9.688910 -9.419366 -9.105312 -8.741817 -8.323352 -7.843981 -7.297405 -6.677215 -5.977000 -5.190594 -4.312166 -3.336424 -2.258727 -1.075607 0.2139956 1.604520 3.071314 4.538936 5.867174 6.944332 7.773935 8.418360 8.931115 9.347856 9.692011 9.979563 10.22180 10.42693 10.60109
-1.874691 -2.066495 -2.291004 -2.555333 -2.869207 -3.244695 -3.698696 -4.253083 -4.938912 -5.792627 -6.832089 -7.951354 -8.949506 -9.753770 -10.39098 -10.89723 -11.30104 -11.62303 -11.87832 -12.07809 -12.23066 -12.34227 -12.41747 -12.45958 -12.47079 -12.45251 -12.40525 -12.32891 -12.22262 -12.08494 -11.91367 -11.70599 -11.45829 -11.16628 -10.82483 -10.42812 -9.969522 -9.441848 -8.837267 -8.147649 -7.364494 -6.479222 -5.483006 -4.366859 -3.121283 -1.736391 -0.2024069 1.485930 3.311945 5.179908 6.873054 8.208896 9.197703 9.941982 10.52156 10.98562 11.36466 11.67874 11.94158 12.16296 12.35009
-2.008497 -2.216195 -2.460480 -2.749641 -3.095142 -3.511432 -4.019037 -4.645088 -5.428662 -6.416333 -7.631037 -8.943408 -10.10886 -11.03849 -11.76664 -12.33929 -12.79237 -13.15135 -13.43461 -13.65558 -13.82407 -13.94742 -14.03092 -14.07842 -14.09247 -14.07468 -14.02568 -13.94538 -13.83284 -13.68645 -13.50374 -13.28158 -13.01587 -12.70175 -12.33337 -11.90406 -11.40614 -10.83122 -10.17006 -9.412888 -8.549328 -7.568613 -6.459334 -5.209412 -3.805547 -2.233213 -0.4772544 1.472375 3.597671 5.780995 7.756481 9.301691 10.42940 11.26554 11.90841 12.41798 12.83091 13.17088 13.45392 13.69127 13.89116
-2.135722 -2.358700 -2.621862 -2.934560 -3.309705 -3.763718 -4.319832 -5.008797 -5.874153 -6.966342 -8.306857 -9.753004 -11.04037 -12.06928 -12.87426 -13.50553 -14.00332 -14.39650 -14.70598 -14.94697 -15.13062 -15.26520 -15.35665 -15.40933 -15.42609 -15.40875 -15.35803 -15.27386 -15.15522 -15.00034 -14.80653 -14.57030 -14.28714 -13.95165 -13.55732 -13.09668 -12.56112 -11.94118 -11.22636 -10.40552 -9.466744 -8.397557 -7.184672 -5.813962 -4.269991 -2.536207 -0.5961880 1.558974 3.904441 6.306130 8.474836 10.17178 11.40977 12.32447 13.02409 13.57569 14.02047 14.38509 14.68749 14.94025 15.15251
-2.254940 -2.492300 -2.773085 -3.107518 -3.509647 -3.997350 -4.595683 -5.337499 -6.268331 -7.439359 -8.869487 -10.40883 -11.78382 -12.88844 -13.75547 -14.43624 -14.97303 -15.39676 -15.73005 -15.98947 -16.18719 -16.33224 -16.43116 -16.48870 -16.50798 -16.49102 -16.43862 -16.35069 -16.22616 -16.06313 -15.85866 -15.60899 -15.30918 -14.95339 -14.53449 -14.04434 -13.47353 -12.81167 -12.04729 -11.16815 -10.16118 -9.012768 -7.708486 -6.233218 -4.570806 -2.704617 -0.6193370 1.690690 4.194164 6.747136 9.049832 10.85678 12.18033 13.15995 13.90875 14.49795 14.97191 15.35945 15.68007 15.94745 16.17150
-2.365482 -2.616144 -2.913056 -3.267125 -3.693233 -4.210262 -4.844377 -5.629519 -6.611913 -7.842405 -9.337823 -10.94429 -12.38340 -13.54551 -14.46168 -15.18317 -15.75306 -16.20335 -16.55773 -16.83369 -17.04417 -17.19881 -17.30458 -17.36658 -17.38817 -17.37150 -17.31743 -17.22591 -17.09577 -16.92499 -16.71044 -16.44807 -16.13264 -15.75786 -15.31611 -14.79866 -14.19547 -13.49542 -12.68626 -11.75499 -10.68779 -9.470343 -8.087716 -6.524536 -4.764828 -2.792797 -0.5949721 1.831167 4.449737 7.111305 9.510922 11.39991 12.79018 13.82285 14.61347 15.23568 15.73581 16.14428 16.48175 16.76277 16.99791
-2.467105 -2.729875 -3.041299 -3.412792 -3.859826 -4.401919 -5.065878 -5.886130 -6.909014 -8.184800 -9.728788 -11.38475 -12.87170 -14.07774 -15.03262 -15.78717 -16.38464 -16.85757 -17.23026 -17.52079 -17.74263 -17.90586 -18.01781 -18.08382 -18.10745 -18.09097 -18.03529 -17.94035 -17.80492 -17.62687 -17.40289 -17.12872 -16.79881 -16.40652 -15.94384 -15.40156 -14.76913 -14.03489 -13.18605 -12.20908 -11.08971 -9.813321 -8.364851 -6.729099 -4.890667 -2.834874 -0.5499907 1.964049 4.668343 7.410248 9.882136 11.83376 13.27670 14.35269 15.17857 15.82934 16.35264 16.77994 17.13277 17.42636 17.67180
-2.559827 -2.833468 -3.157770 -3.544508 -4.009553 -4.572815 -5.261435 -6.110021 -7.164799 -8.475502 -10.05642 -11.74987 -13.27321 -14.51317 -15.49857 -16.27978 -16.90001 -17.39197 -17.78030 -18.08346 -18.31525 -18.48606 -18.60348 -18.67304 -18.69844 -18.68204 -18.62480 -18.52663 -18.38628 -18.20148 -17.96880 -17.68377 -17.34062 -16.93242 -16.45082 -15.88627 -15.22782 -14.46343 -13.57995 -12.56352 -11.39965 -10.07363 -8.570508 -6.875458 -4.973749 -2.851743 -0.4991300 2.082394 4.851988 7.655142 10.18265 12.18325 13.66825 14.77976 15.63526 16.31058 16.85416 17.29820 17.66487 17.96990 18.22480
-2.643817 -2.927105 -3.262701 -3.662636 -4.143029 -4.724027 -5.432929 -6.304367 -7.384398 -8.722302 -10.33163 -12.05376 -13.60512 -14.87151 -15.88105 -16.68373 -17.32260 -17.83041 -18.23197 -18.54592 -18.78630 -18.96371 -19.08588 -19.15853 -19.18544 -19.16902 -19.11028 -19.00911 -18.86420 -18.67322 -18.43259 -18.13770 -17.78258 -17.36008 -16.86160 -16.27732 -15.59601 -14.80537 -13.89200 -12.84189 -11.64045 -10.27304 -8.724909 -6.981635 -5.029132 -2.854629 -0.4489012 2.185119 5.005280 7.855853 10.42670 12.46606 13.98500 15.12573 16.00608 16.70238 17.26359 17.72240 18.10141 18.41675 18.68023
-2.719359 -3.011120 -3.356524 -3.767775 -4.261156 -4.856935 -5.582475 -6.472373 -7.572500 -8.931805 -10.56334 -12.30788 -13.88112 -15.16828 -16.19700 -17.01695 -17.67104 -18.19197 -18.60460 -18.92769 -19.17540 -19.35846 -19.48474 -19.56002 -19.58818 -19.57167 -19.51150 -19.40756 -19.25849 -19.06188 -18.81408 -18.51034 -18.14452 -17.70931 -17.19593 -16.59435 -15.89317 -15.07989 -14.14100 -13.06239 -11.82949 -10.42776 -8.842708 -7.060295 -5.066977 -2.850662 -0.4029371 2.272397 5.132335 8.020392 10.62579 12.69630 14.24284 15.40770 16.30890 17.02308 17.59951 18.07123 18.46116 18.78569 19.05689
-2.786782 -3.085910 -3.439760 -3.860648 -4.364950 -4.973000 -5.712173 -6.616998 -7.733194 -9.109437 -10.75841 -12.52045 -14.11086 -15.41443 -16.45845 -17.29232 -17.95879 -18.49051 -18.91235 -19.24311 -19.49701 -19.68487 -19.81463 -19.89214 -19.92131 -19.90463 -19.84311 -19.73664 -19.58381 -19.38217 -19.12796 -18.81633 -18.44105 -17.99467 -17.46828 -16.85170 -16.13339 -15.30078 -14.34025 -13.23769 -11.97860 -10.54855 -8.933289 -7.119119 -5.092932 -2.843174 -0.3620148 2.346117 5.237606 8.155400 10.78834 12.88396 14.45306 15.63789 16.55657 17.28592 17.87543 18.35836 18.75786 19.09051 19.36859
-2.846447 -3.151927 -3.512989 -3.942022 -4.455460 -5.073658 -5.823983 -6.740894 -7.869976 -9.259711 -10.92254 -12.69851 -14.30254 -15.61915 -16.67539 -17.52047 -18.19700 -18.73757 -19.16701 -19.50414 -19.76323 -19.95512 -20.08780 -20.16715 -20.19713 -20.18024 -20.11748 -20.00872 -19.85253 -19.64640 -19.38652 -19.06797 -18.68442 -18.22832 -17.69066 -17.06119 -16.32827 -15.47926 -14.50053 -13.37799 -12.09718 -10.64384 -9.003915 -7.163990 -5.111300 -2.834696 -0.3267869 2.407560 5.324313 8.266072 10.92136 13.03746 14.62505 15.82641 16.75972 17.50189 18.10257 18.59517 19.00298 19.34276 19.62690
-2.898715 -3.209616 -3.576787 -4.012653 -4.533683 -5.160241 -5.919665 -6.846351 -7.985778 -9.386271 -11.06007 -12.84700 -14.46182 -15.78881 -16.85481 -17.70890 -18.39358 -18.94136 -19.37704 -19.71944 -19.98283 -20.17806 -20.31316 -20.39404 -20.42464 -20.40750 -20.34359 -20.23280 -20.07365 -19.86358 -19.59876 -19.27419 -18.88348 -18.41902 -17.87173 -17.23128 -16.48599 -15.62320 -14.62927 -13.49014 -12.19145 -10.71903 -9.059023 -7.198232 -5.124171 -2.825991 -0.2966233 2.458730 5.395723 8.356671 11.02990 13.16259 14.76533 15.98035 16.92586 17.67882 18.28897 18.78983 19.20480 19.55076 19.84018
-2.943938 -3.259417 -3.631702 -4.073252 -4.600545 -5.233944 -6.000757 -6.935326 -8.083043 -9.492124 -11.17469 -12.97039 -14.59380 -15.92905 -17.00285 -17.86417 -18.55541 -19.10904 -19.54980 -19.89650 -20.16341 -20.36139 -20.49848 -20.58058 -20.61167 -20.59425 -20.52933 -20.41675 -20.25500 -20.04154 -19.77246 -19.44273 -19.04591 -18.57434 -18.01889 -17.36921 -16.61358 -15.73931 -14.73281 -13.58003 -12.26668 -10.77873 -9.102453 -7.224820 -5.133567 -2.818071 -0.2715074 2.500691 5.453961 8.430449 11.11830 13.26452 14.87966 16.10592 17.06152 17.82349 18.44160 18.94944 19.37052 19.72176 20.01573
-2.982437 -3.301724 -3.678242 -4.124460 -4.656864 -5.295807 -6.068573 -7.009453 -8.163774 -9.579665 -11.26912 -13.07168 -14.70185 -16.04363 -17.12362 -17.99069 -18.68718 -19.24549 -19.69034 -20.04052 -20.31029 -20.51050 -20.64919 -20.73228 -20.76372 -20.74603 -20.68022 -20.56608 -20.40214 -20.18578 -19.91309 -19.57900 -19.17705 -18.69953 -18.13729 -17.47994 -16.71577 -15.83208 -14.81528 -13.65139 -12.32618 -10.82569 -9.136316 -7.245193 -5.140197 -2.810880 -0.2506033 2.535021 5.501259 8.490088 11.18955 13.34664 14.97181 16.20722 17.17111 17.94050 18.56522 19.07890 19.50509 19.86079 20.15862
-3.014505 -3.336901 -3.716852 -4.166841 -4.703348 -5.346717 -6.124210 -7.070080 -8.229601 -9.650839 -11.34573 -13.15374 -14.78922 -16.13611 -17.22095 -18.09254 -18.79316 -19.35518 -19.80329 -20.15623 -20.42827 -20.63026 -20.77022 -20.85407 -20.88577 -20.86784 -20.80125 -20.68582 -20.52003 -20.30127 -20.02558 -19.68790 -19.28173 -18.79933 -18.23154 -17.56796 -16.79686 -15.90556 -14.88049 -13.70770 -12.37300 -10.86254 -9.162794 -7.260991 -5.145145 -2.804928 -0.2338424 2.562374 5.538879 8.537566 11.24637 13.41216 15.04536 16.28813 17.25871 18.03411 18.66421 19.18267 19.61307 19.97245 20.27347
-3.040391 -3.365253 -3.747916 -4.200868 -4.740586 -5.387405 -6.168564 -7.118291 -8.281818 -9.707159 -11.40619 -13.21828 -14.85781 -16.20862 -17.29719 -18.17225 -18.87606 -19.44094 -19.89156 -20.24665 -20.52046 -20.72382 -20.86476 -20.94920 -20.98109 -20.96293 -20.89570 -20.77921 -20.61193 -20.39123 -20.11315 -19.77259 -19.36304 -18.87676 -18.30456 -17.63605 -16.85949 -15.96220 -14.93065 -13.75090 -12.40883 -10.89062 -9.182825 -7.272766 -5.148535 -2.799915 -0.2204925 2.583902 5.568310 8.574531 11.29046 13.46297 15.10243 16.35096 17.32679 18.10695 18.74131 19.26357 19.69733 20.05965 20.36325
-3.060309 -3.387039 -3.771751 -4.226934 -4.769063 -5.418462 -6.202353 -7.154947 -8.321445 -9.749829 -11.45194 -13.26714 -14.90968 -16.26338 -17.35470 -18.23234 -18.93851 -19.50551 -19.95800 -20.31469 -20.58981 -20.79419 -20.93586 -21.02073 -21.05274 -21.03440 -20.96667 -20.84937 -20.68093 -20.45874 -20.17883 -19.83607 -19.42394 -18.93471 -18.35917 -17.68693 -16.90624 -16.00446 -14.96803 -13.78307 -12.43548 -10.91150 -9.197714 -7.281510 -5.151055 -2.796189 -0.2105773 2.599885 5.590199 8.602122 11.32348 13.50105 15.14521 16.39808 17.37786 18.16162 18.79921 19.32436 19.76068 20.12526 20.43081
-3.074417 -3.402457 -3.788602 -4.245337 -4.789142 -5.440328 -6.226114 -7.180682 -8.349227 -9.779698 -11.48390 -13.30115 -14.94573 -16.30142 -17.39463 -18.27404 -18.98183 -19.55031 -20.00408 -20.36187 -20.63790 -20.84299 -20.98516 -21.07032 -21.10241 -21.08393 -21.01585 -20.89795 -20.72871 -20.50547 -20.22425 -19.87994 -19.46601 -18.97471 -18.39683 -17.72197 -16.93841 -16.03348 -14.99367 -13.80509 -12.45368 -10.92569 -9.207769 -7.287327 -5.152576 -2.793405 -0.2035201 2.611128 5.605487 8.621264 11.34627 13.52731 15.17472 16.43059 17.41315 18.19940 18.83927 19.36644 19.80456 20.17073 20.47767
-3.082834 -3.411651 -3.798641 -4.256297 -4.801086 -5.453326 -6.240220 -7.195951 -8.365693 -9.797393 -11.50284 -13.32137 -14.96716 -16.32402 -17.41833 -18.29877 -19.00752 -19.57685 -20.03138 -20.38982 -20.66638 -20.87189 -21.01435 -21.09968 -21.13181 -21.11325 -21.04495 -20.92670 -20.75698 -20.53311 -20.25112 -19.90589 -19.49088 -18.99835 -18.41909 -17.74268 -16.95742 -16.05064 -15.00883 -13.81812 -12.46446 -10.93413 -9.213774 -7.290843 -5.153572 -2.791876 -0.1994863 2.617617 5.614380 8.632496 11.35975 13.54287 15.19220 16.44985 17.43403 18.22178 18.86298 19.39136 19.83055 20.19767 20.50544
-3.085631 -3.414704 -3.801976 -4.259933 -4.805050 -5.457635 -6.244896 -7.201010 -8.371146 -9.803245 -11.50908 -13.32797 -14.97414 -16.33138 -17.42606 -18.30684 -19.01590 -19.58551 -20.04029 -20.39894 -20.67568 -20.88132 -21.02388 -21.10926 -21.14141 -21.12282 -21.05445 -20.93609 -20.76620 -20.54212 -20.25988 -19.91434 -19.49898 -19.00604 -18.42632 -17.74940 -16.96357 -16.05618 -15.01371 -13.82230 -12.46790 -10.93679 -9.215633 -7.291883 -5.153784 -2.791256 -0.1980424 2.619869 5.617400 8.636222 11.36413 13.54789 15.19786 16.45610 17.44082 18.22906 18.87070 19.39948 19.83903 20.20646 20.51450
-3.082834 -3.411649 -3.798641 -4.256295 -4.801085 -5.453323 -6.240220 -7.195950 -8.365692 -9.797392 -11.50284 -13.32136 -14.96716 -16.32402 -17.41833 -18.29877 -19.00752 -19.57685 -20.03138 -20.38982 -20.66638 -20.87188 -21.01435 -21.09968 -21.13181 -21.11325 -21.04494 -20.92670 -20.75698 -20.53311 -20.25112 -19.90589 -19.49088 -18.99835 -18.41908 -17.74268 -16.95741 -16.05064 -15.00883 -13.81812 -12.46446 -10.93413 -9.213772 -7.290844 -5.153570 -2.791874 -0.1994848 2.617615 5.614381 8.632498 11.35975 13.54287 15.19220 16.44986 17.43403 18.22178 18.86298 19.39136 19.83055 20.19767 20.50544
-3.074414 -3.402455 -3.788600 -4.245337 -4.789142 -5.440328 -6.226113 -7.180683 -8.349225 -9.779698 -11.48390 -13.30115 -14.94573 -16.30142 -17.39463 -18.27404 -18.98183 -19.55030 -20.00408 -20.36187 -20.63790 -20.84299 -20.98516 -21.07031 -21.10241 -21.08393 -21.01584 -20.89795 -20.72871 -20.50547 -20.22425 -19.87994 -19.46601 -18.97471 -18.39683 -17.72197 -16.93841 -16.03348 -14.99367 -13.80509 -12.45368 -10.92569 -9.207767 -7.287327 -5.152574 -2.793403 -0.2035216 2.611128 5.605488 8.621264 11.34627 13.52730 15.17472 16.43060 17.41314 18.19940 18.83926 19.36644 19.80456 20.17073 20.47768
-3.060308 -3.387039 -3.771752 -4.226933 -4.769063 -5.418461 -6.202354 -7.154948 -8.321444 -9.749828 -11.45194 -13.26714 -14.90968 -16.26338 -17.35470 -18.23234 -18.93851 -19.50551 -19.95800 -20.31469 -20.58981 -20.79419 -20.93586 -21.02073 -21.05274 -21.03440 -20.96667 -20.84936 -20.68093 -20.45874 -20.17882 -19.83607 -19.42394 -18.93471 -18.35917 -17.68693 -16.90624 -16.00446 -14.96803 -13.78307 -12.43548 -10.91149 -9.197714 -7.281512 -5.151055 -2.796191 -0.2105773 2.599885 5.590198 8.602121 11.32348 13.50105 15.14521 16.39807 17.37786 18.16161 18.79921 19.32435 19.76067 20.12526 20.43081
-3.040391 -3.365253 -3.747916 -4.200865 -4.740586 -5.387406 -6.168566 -7.118290 -8.281820 -9.707159 -11.40618 -13.21828 -14.85781 -16.20862 -17.29719 -18.17225 -18.87606 -19.44094 -19.89156 -20.24665 -20.52046 -20.72382 -20.86476 -20.94920 -20.98109 -20.96292 -20.89570 -20.77921 -20.61193 -20.39123 -20.11315 -19.77258 -19.36304 -18.87675 -18.30456 -17.63605 -16.85949 -15.96220 -14.93065 -13.75090 -12.40883 -10.89062 -9.182829 -7.272765 -5.148537 -2.799913 -0.2204910 2.583899 5.568309 8.574533 11.29046 13.46296 15.10242 16.35096 17.32679 18.10695 18.74131 19.26357 19.69733 20.05966 20.36325
