T5-twomodels-2/model60.grd
DSAA
         100         100
  -15.00000       15.00000    
  -15.00000       15.00000    
  0.2898437       23.03301    
[rows 28 to 55 of 100, columns 0 to 62 of 100]
0.4853029 0.5291905 0.5787889 0.6351172 0.6994168 0.7731798 0.8581976 0.9565259 1.070306 1.200908 1.346506 1.498380 1.643969 1.776083 1.893898 1.999143 2.094077 2.180846 2.261344 2.337212 2.409879 2.480616 2.550565 2.620792 2.692313 2.766128 2.843249 2.924726 3.011668 3.105277 3.206854 3.317831 3.439775 3.574404 3.723573 3.889268 4.073557 4.278556 4.506332 4.758842 5.037814 5.344655 5.680322 6.045176 6.438709 6.859062 7.301977 7.758584 8.211166 8.629269 8.981982 9.263727 9.488474 9.670200 9.818921 9.941559 10.04314 10.12727 10.19669 10.25344 10.29908 10.33478 10.36144
0.4864436 0.5338544 0.5877981 0.6495450 0.7207049 0.8032867 0.8998892 1.013772 1.149072 1.310025 1.497208 1.696021 1.881123 2.041804 2.180096 2.300471 2.406970 2.502895 2.590858 2.673031 2.751178 2.826864 2.901414 2.976095 3.052037 3.130412 3.212331 3.299014 3.391684 3.491743 3.600646 3.720084 3.851842 3.997994 4.160709 4.342450 4.545738 4.773318 5.027876 5.312206 5.628876 5.980448 6.369127 6.797024 7.265721 7.776315 8.328144 8.916203 9.521984 10.09355 10.55771 10.90405 11.16880 11.37740 11.54539 11.68214 11.79449 11.88682 11.96269 12.02440 12.07395 12.11259 12.14148
0.4872129 0.5381512 0.5964493 0.6636332 0.7416920 0.8331576 0.9414671 1.071139 1.228459 1.420888 1.652099 1.901105 2.127861 2.318060 2.477252 2.612957 2.731126 2.836262 2.931715 3.020206 3.103832 3.184468 3.263608 3.342733 3.423082 3.506007 3.592707 3.684588 3.782971 3.889477 4.005696 4.133597 4.275173 4.432866 4.609150 4.806986 5.029335 5.279602 5.561078 5.877433 6.232080 6.628790 7.071047 7.562827 8.107935 8.710741 9.374711 10.09983 10.86838 11.60578 12.18898 12.60196 12.90742 13.14315 13.33059 13.48152 13.60470 13.70525 13.78759 13.85425 13.90773 13.94930 13.98043
0.4886171 0.5430160 0.6055750 0.6780629 0.7628163 0.8628516 0.9823317 1.126834 1.304256 1.524089 1.791027 2.079413 2.340473 2.556693 2.735126 2.885304 3.014661 3.128703 3.231457 3.326120 3.415129 3.500622 3.584291 3.667787 3.752494 3.839901 3.931330 4.028332 4.132363 4.245218 4.368662 4.504893 4.656147 4.825180 5.014807 5.228418 5.469439 5.741852 6.049569 6.397008 6.788408 7.228543 7.722045 8.274339 8.890964 9.578446 10.34255 11.18468 12.08342 12.94625 13.62332 14.09529 14.43869 14.70039 14.90653 15.07129 15.20500 15.31364 15.40231 15.47389 15.53119 15.57569 15.60901
0.4911628 0.5488854 0.6155180 0.6930418 0.7840838 0.8920617 1.021682 1.179253 1.373569 1.614900 1.907665 2.223546 2.509813 2.746810 2.941644 3.104708 3.244314 3.366672 3.476337 3.576900 3.671094 3.761286 3.849356 3.937113 4.026070 4.117851 4.213902 4.315902 4.425449 4.544488 4.674969 4.819289 4.979925 5.159914 5.362400 5.591149 5.850022 6.143493 6.476025 6.852645 7.278270 7.758409 8.298504 8.904849 9.583858 10.34279 11.18754 12.11799 13.10764 14.05399 14.79712 15.31608 15.69232 15.97752 16.20096 16.37877 16.52248 16.63890 16.73365 16.81000 16.87102 16.91837 16.95381
0.4948747 0.5557382 0.6261816 0.7083679 0.8051568 0.9202566 1.058744 1.227357 1.435289 1.692969 2.004299 2.339536 2.644129 2.897165 3.105413 3.279504 3.428182 3.558085 3.674134 3.780220 3.879321 3.973996 4.066286 4.158143 4.251208 4.347215 4.447734 4.554564 4.669433 4.794431 4.931669 5.083737 5.253329 5.443733 5.658381 5.901369 6.176930 6.489943 6.845310 7.248526 7.704979 8.220653 8.801426 9.453940 10.18478 11.00099 11.90755 12.90224 13.95485 14.95803 15.74809 16.30330 16.70674 17.01237 17.25134 17.44109 17.59412 17.71784 17.81836 17.89925 17.96383 18.01391 18.05139
0.4995595 0.5633357 0.6372814 0.7236990 0.8256195 0.9469536 1.093009 1.270739 1.489486 1.759615 2.084626 2.433979 2.752171 3.017567 3.236614 3.419940 3.576464 3.713063 3.834896 3.946069 4.049740 4.148632 4.244923 4.340683 4.437668 4.537721 4.642515 4.753963 4.873910 5.004582 5.148234 5.307627 5.485643 5.685792 5.911751 6.167893 6.458745 6.789508 7.165408 7.592265 8.075761 8.622124 9.237387 9.928199 10.70091 11.56200 12.51536 13.55708 14.65470 15.69854 16.52318 17.10643 17.53205 17.85505 18.10763 18.30811 18.46961 18.60009 18.70597 18.79112 18.85905 18.91172 18.95115
0.5049562 0.5713942 0.6485074 0.7387013 0.8451267 0.9718288 1.124245 1.309430 1.536756 1.816479 2.151798 2.511715 2.840214 3.115228 3.342947 3.533928 3.697146 3.839602 3.966596 4.082383 4.190260 4.293072 4.393110 4.492549 4.593240 4.697123 4.805968 4.921784 5.046528 5.182539 5.332205 5.498434 5.684273 5.893412 6.129734 6.397828 6.702455 7.049051 7.443070 7.890532 8.397281 8.969623 9.613577 10.33562 11.14175 12.03780 13.02679 14.10360 15.23443 16.30834 17.15914 17.76439 18.20805 18.54565 18.80999 19.01994 19.18907 19.32568 19.43650 19.52559 19.59665 19.65174 19.69298
0.5107924 0.5796341 0.6595739 0.7530946 0.8634260 0.9946998 1.152420 1.343684 1.577847 1.865064 2.208335 2.576380 2.912864 3.195451 3.430160 3.627467 3.796356 3.943881 4.075434 4.195363 4.307063 4.413480 4.516991 4.619860 4.724019 4.831494 4.944138 5.064048 5.193270 5.334256 5.489501 5.662035 5.855044 6.072371 6.318060 6.596867 6.913726 7.274241 7.684011 8.149169 8.675623 9.269674 9.937230 10.68455 11.51724 12.44063 13.45704 14.56057 15.71663 16.81359 17.68474 18.30746 18.76584 19.11567 19.39009 19.60830 19.78419 19.92632 20.04161 20.13432 20.20824 20.26558 20.30850
0.5168300 0.5878165 0.6702520 0.7666724 0.8803617 1.015500 1.177629 1.373855 1.613500 1.906638 2.256126 2.630507 2.973259 3.261878 3.502252 3.704794 3.878467 4.030355 4.165898 4.289511 4.404658 4.514354 4.621055 4.727089 4.834465 4.945273 5.061443 5.185148 5.318518 5.464085 5.624444 5.802732 6.002243 6.226941 6.480995 6.769290 7.096886 7.469489 7.892794 8.372988 8.915982 9.528021 10.21488 10.98258 11.83643 12.78133 13.81911 14.94334 16.11891 17.23375 18.12091 18.75767 19.22811 19.58817 19.87119 20.09656 20.27839 20.42542 20.54473 20.64070 20.71723 20.77662 20.82109
0.5228614 0.5957423 0.6803617 0.7792900 0.8958466 1.034240 1.200026 1.400308 1.644379 1.942245 2.296679 2.676100 3.023854 3.317325 3.562320 3.769196 3.946902 4.102529 4.241545 4.368408 4.486634 4.599291 4.708889 4.817821 4.928145 5.042019 5.161430 5.288620 5.425781 5.575528 5.740532 5.924012 6.129355 6.360621 6.622068 6.918682 7.255599 7.638604 8.073440 8.566307 9.123094 9.749969 10.45257 11.23673 12.10748 13.06943 14.12404 15.26454 16.45548 17.58455 18.48456 19.13269 19.61306 19.98167 20.27198 20.50351 20.69052 20.84187 20.96475 21.06364 21.14253 21.20376 21.24964
0.5287204 0.6032621 0.6897775 0.7908583 0.9098487 1.050972 1.219791 1.423399 1.671058 1.972732 2.331119 2.714558 3.066326 3.363729 3.612508 3.822985 4.004085 4.162903 4.304926 4.434637 4.555591 4.670895 4.783105 4.894657 5.007661 5.124322 5.246682 5.377033 5.517633 5.671150 5.840325 6.028444 6.238967 6.476022 6.743943 7.047779 7.392725 7.784606 8.229192 8.732677 9.300912 9.939983 10.65541 11.45287 12.33719 13.31272 14.38072 15.53412 16.73727 17.87764 18.78796 19.44536 19.93392 20.30968 20.60615 20.84296 21.03445 21.18957 21.31560 21.41708 21.49807 21.56095 21.60808
0.5342739 0.6102582 0.6984043 0.8013231 0.9223688 1.065777 1.237105 1.443442 1.694024 1.998780 2.360365 2.747067 3.102092 3.402700 3.654588 3.868055 4.052010 4.213542 4.358151 4.490343 4.613691 4.731341 4.845878 4.959778 5.075188 5.194356 5.319367 5.452559 5.596237 5.753120 5.926001 6.118220 6.333296 6.575403 6.848938 7.158988 7.510790 7.910194 8.362970 8.875306 9.453001 10.10208 10.82795 11.63616 12.53139 13.51783 14.59651 15.76024 16.97320 18.12274 19.04147 19.70645 20.20176 20.58348 20.88515 21.12646 21.32180 21.48018 21.60895 21.71270 21.79554 21.85989 21.90814
0.5394238 0.6166468 0.7061849 0.8106598 0.9334329 1.078742 1.252145 1.460719 1.713683 2.020940 2.385106 2.774432 3.132096 3.435317 3.689766 3.905712 4.092057 4.255885 4.402708 4.537037 4.662471 4.782174 4.898763 5.014741 5.132288 5.253682 5.381048 5.516759 5.663159 5.823009 5.999144 6.194946 6.413974 6.660450 6.938801 7.254149 7.611756 8.017482 8.477097 8.996761 9.582244 10.23950 10.97387 11.79078 12.69480 13.68998 14.77724 15.94926 17.17007 18.32695 19.25247 19.92364 20.42453 20.81120 21.11724 21.36235 21.56096 21.72215 21.85328 21.95901 22.04346 22.10909 22.15832
0.5440894 0.6223664 0.7130799 0.8188604 0.9430721 1.089954 1.265064 1.475465 1.730366 2.039653 2.405916 2.797384 3.157198 3.462552 3.719098 3.937092 4.125427 4.291187 4.439880 4.576036 4.703262 4.824745 4.943117 5.060906 5.180321 5.303667 5.433092 5.571005 5.719780 5.882208 6.061160 6.260050 6.482470 6.732671 7.015106 7.334924 7.697394 8.108385 8.573659 9.099356 9.691207 10.35512 11.09636 11.92028 12.83137 13.83357 14.92772 16.10639 17.33355 18.49641 19.42747 20.10370 20.60917 20.99994 21.30960 21.55789 21.75928 21.92283 22.05598 22.16339 22.24923 22.31597 22.36605
0.5482145 0.6273758 0.7190690 0.8259290 0.9513273 1.099497 1.275995 1.487880 1.744348 2.055265 2.423212 2.816388 3.177930 3.485011 3.743266 3.962938 4.152914 4.320276 4.470535 4.608228 4.736972 4.859966 4.979865 5.099209 5.220228 5.345249 5.476445 5.616247 5.767055 5.931685 6.113034 6.314543 6.539825 6.793156 7.079007 7.402538 7.769033 8.184354 8.654259 9.184866 9.781877 10.45116 11.19792 12.02747 12.94420 13.95201 15.05165 16.23563 17.46784 18.63545 19.57093 20.25126 20.76044 21.15456 21.46721 21.71814 21.92182 22.08737 22.22221 22.33105 22.41806 22.48574 22.53653
0.5517588 0.6316444 0.7241388 0.8318779 0.9582354 1.107446 1.285057 1.498129 1.755846 2.068065 2.437357 2.831910 3.194835 3.503299 3.762926 3.983952 4.175256 4.343926 4.495471 4.634431 4.764435 4.888690 5.009861 5.130507 5.252872 5.379300 5.511982 5.653368 5.805875 5.972346 6.155688 6.359368 6.587017 6.842922 7.131572 7.458133 7.827893 8.246717 8.720345 9.254890 9.856022 10.52957 11.28072 12.11471 13.03591 14.04814 15.15211 16.34028 17.57652 18.74795 19.68699 20.37057 20.88275 21.27957 21.59463 21.84770 22.05326 22.22044 22.35668 22.46669 22.55467 22.62313 22.67452
0.5546910 0.6351547 0.7282856 0.8367204 0.9638340 1.113860 1.292346 1.506343 1.765033 2.078266 2.448595 2.844205 3.208204 3.517746 3.778447 4.000539 4.192896 4.362603 4.515173 4.655149 4.786165 4.911437 5.033640 5.155342 5.278798 5.406370 5.540259 5.682928 5.836815 6.004770 6.189723 6.395149 6.624691 6.882654 7.173530 7.502495 7.874836 8.296414 8.772967 9.310586 9.914927 10.59180 11.34634 12.18377 13.10842 14.12406 15.23138 16.42279 17.66211 18.83644 19.77821 20.46435 20.97886 21.37780 21.69476 21.94953 22.15658 22.32505 22.46241 22.57336 22.66212 22.73120 22.78307
0.5569877 0.6378937 0.7315085 0.8404694 0.9681549 1.118795 1.297937 1.512629 1.772048 2.086037 2.457151 2.853565 3.218374 3.528728 3.790236 4.013131 4.206286 4.376780 4.530131 4.670884 4.802676 4.928730 5.051726 5.174245 5.298547 5.427000 5.561821 5.705484 5.860433 6.029533 6.215721 6.422482 6.653477 6.913008 7.205577 7.536364 7.910656 8.334311 8.813060 9.352985 9.959727 10.63907 11.39615 12.23614 13.16335 14.18153 15.29133 16.48515 17.72680 18.90335 19.84719 20.53523 21.05149 21.45202 21.77043 22.02648 22.23466 22.40412 22.54233 22.65400 22.74335 22.81292 22.86515
0.5586390 0.6398543 0.7338079 0.8431394 0.9712234 1.122292 1.301891 1.517066 1.776990 2.091504 2.463155 2.860113 3.225479 3.536393 3.798468 4.021924 4.215634 4.386681 4.540581 4.681881 4.814225 4.940832 5.064393 5.187490 5.312393 5.441473 5.576957 5.721323 5.877027 6.046937 6.234000 6.441709 6.673722 6.934357 7.228115 7.560177 7.935832 8.360936 8.841216 9.382743 9.991149 10.67221 11.43103 12.27280 13.20177 14.22170 15.33322 16.52870 17.77193 18.94996 19.89521 20.58458 21.10205 21.50369 21.82310 22.08004 22.28902 22.45918 22.59798 22.71016 22.79993 22.86983 22.92233
0.5596340 0.6410330 0.7351867 0.8447375 0.9730558 1.124378 1.304246 1.519705 1.779927 2.094751 2.466726 2.864017 3.229715 3.540961 3.803367 4.027155 4.221196 4.392571 4.546797 4.688425 4.821093 4.948032 5.071929 5.195371 5.320633 5.450089 5.585969 5.730758 5.886911 6.057303 6.244889 6.453160 6.685782 6.947071 7.241534 7.574354 7.950813 8.376775 8.857953 9.400425 10.00981 10.69188 11.45173 12.29453 13.22454 14.24550 15.35803 16.55448 17.79866 18.97762 19.92372 20.61386 21.13206 21.53436 21.85436 22.11183 22.32128 22.49184 22.63100 22.74348 22.83350 22.90360 22.95625
0.5599660 0.6414248 0.7356457 0.8452684 0.9736657 1.125072 1.305030 1.520582 1.780902 2.095829 2.467903 2.865292 3.231097 3.542452 3.804969 4.028865 4.223016 4.394499 4.548834 4.690568 4.823347 4.950395 5.074405 5.197963 5.323343 5.452925 5.588937 5.733865 5.890168 6.060721 6.248480 6.456938 6.689761 6.951268 7.245965 7.579034 7.955761 8.382005 8.863483 9.406265 10.01597 10.69837 11.45857 12.30171 13.23206 14.25336 15.36622 16.56299 17.80747 18.98668 19.93304 20.62344 21.14188 21.54439 21.86459 22.12223 22.33184 22.50254 22.64182 22.75440 22.84451 22.91467 22.96737
0.5596333 0.6410329 0.7351863 0.8447375 0.9730567 1.124379 1.304246 1.519706 1.779927 2.094751 2.466726 2.864017 3.229714 3.540963 3.803367 4.027155 4.221195 4.392571 4.546798 4.688425 4.821093 4.948032 5.071929 5.195372 5.320633 5.450089 5.585970 5.730758 5.886911 6.057305 6.244889 6.453160 6.685782 6.947072 7.241536 7.574353 7.950815 8.376775 8.857954 9.400425 10.00981 10.69188 11.45173 12.29453 13.22454 14.24550 15.35803 16.55448 17.79866 18.97762 19.92372 20.61386 21.13206 21.53436 21.85435 22.11183 22.32128 22.49184 22.63100 22.74348 22.83351 22.90360 22.95625
0.5586404 0.6398554 0.7338079 0.8431392 0.9712229 1.122291 1.301891 1.517065 1.776990 2.091503 2.463155 2.860112 3.225477 3.536391 3.798465 4.021921 4.215632 4.386680 4.540580 4.681880 4.814222 4.940831 5.064393 5.187488 5.312390 5.441471 5.576955 5.721322 5.877026 6.046936 6.233999 6.441707 6.673721 6.934355 7.228114 7.560177 7.935832 8.360936 8.841216 9.382742 9.991147 10.67221 11.43103 12.27279 13.20177 14.22170 15.33322 16.52870 17.77193 18.94996 19.89521 20.58457 21.10205 21.50369 21.82310 22.08004 22.28902 22.45918 22.59798 22.71016 22.79993 22.86983 22.92233
0.5569888 0.6378937 0.7315076 0.8404705 0.9681541 1.118794 1.297937 1.512628 1.772047 2.086037 2.457151 2.853565 3.218372 3.528725 3.790235 4.013129 4.206284 4.376778 4.530129 4.670882 4.802674 4.928728 5.051725 5.174243 5.298545 5.426998 5.561819 5.705482 5.860431 6.029531 6.215719 6.422481 6.653475 6.913006 7.205575 7.536362 7.910653 8.334308 8.813056 9.352983 9.959725 10.63907 11.39614 12.23614 13.16334 14.18153 15.29133 16.48515 17.72679 18.90335 19.84719 20.53523 21.05149 21.45202 21.77043 22.02647 22.23466 22.40412 22.54232 22.65400 22.74335 22.81291 22.86514
0.5546905 0.6351542 0.7282854 0.8367209 0.9638346 1.113859 1.292345 1.506344 1.765033 2.078265 2.448594 2.844203 3.208203 3.517745 3.778447 4.000537 4.192895 4.362601 4.515172 4.655148 4.786164 4.911435 5.033638 5.155341 5.278798 5.406367 5.540258 5.682927 5.836815 6.004769 6.189722 6.395146 6.624691 6.882653 7.173529 7.502494 7.874835 8.296414 8.772967 9.310586 9.914925 10.59179 11.34634 12.18377 13.10841 14.12406 15.23138 16.42278 17.66211 18.83644 19.77821 20.46435 20.97886 21.37779 21.69476 21.94953 22.15658 22.32505 22.46241 22.57336 22.66212 22.73120 22.78307
0.5517589 0.6316453 0.7241384 0.8318784 0.9582354 1.107444 1.285058 1.498128 1.755845 2.068064 2.437356 2.831908 3.194834 3.503297 3.762924 3.983949 4.175256 4.343924 4.495469 4.634429 4.764433 4.888688 5.009859 5.130504 5.252871 5.379296 5.511980 5.653365 5.805874 5.972344 6.155687 6.359367 6.587015 6.842921 7.131570 7.458132 7.827892 8.246716 8.720345 9.254887 9.856020 10.52957 11.28072 12.11471 13.03591 14.04814 15.15211 16.34028 17.57652 18.74795 19.68699 20.37057 20.88275 21.27956 21.59463 21.84769 22.05326 22.22043 22.35668 22.46669 22.55467 22.62312 22.67451
0.5482151 0.6273768 0.7190688 0.8259294 0.9513280 1.099497 1.275995 1.487881 1.744347 2.055265 2.423212 2.816388 3.177930 3.485010 3.743266 3.962938 4.152912 4.320275 4.470534 4.608226 4.736971 4.859965 4.979863 5.099207 5.220226 5.345247 5.476444 5.616244 5.767053 5.931684 6.113033 6.314543 6.539824 6.793156 7.079006 7.402538 7.769032 8.184353 8.654258 9.184866 9.781877 10.45116 11.19792 12.02747 12.94420 13.95201 15.05165 16.23562 17.46784 18.63545 19.57093 20.25125 20.76044 21.15456 21.46721 21.71814 21.92182 22.08737 22.22221 22.33105 22.41806 22.48574 22.53653
