T5-twomodels-2/model90.grd
DSAA
         100         100
  -15.00000       15.00000    
  -15.00000       15.00000    
  -3.676321       22.53455    
[rows 27 to 53 of 100, columns 0 to 60 of 100]
-0.1669092 -0.1878595 -0.2124854 -0.2414713 -0.2756212 -0.3158522 -0.3631669 -0.4185380 -0.4826338 -0.5551739 -0.6338438 -0.7134906 -0.7876703 -0.8517413 -0.9038240 -0.9438030 -0.9723094 -0.9901614 -0.9981347 -0.9968652 -0.9868206 -0.9682972 -0.9414237 -0.9061652 -0.8623275 -0.8095610 -0.7473547 -0.6750367 -0.5917640 -0.4965115 -0.3880669 -0.2650232 -0.1257703 3.1496398E-02 0.2087593 0.4081455 0.6318744 0.8821719 1.161167 1.470755 1.812443 2.187172 2.595099 3.035338 3.505589 4.001561 4.516078 5.037771 5.549753 6.030348 6.459326 6.826987 7.135551 7.393147 7.608693 7.789839 7.942674 8.071918 8.181234 8.273465 8.350832
-0.2097405 -0.2336439 -0.2619603 -0.2956002 -0.3356896 -0.3835924 -0.4409622 -0.5096954 -0.5917610 -0.6883357 -0.7973840 -0.9099455 -1.013194 -1.099642 -1.168133 -1.220020 -1.257142 -1.281166 -1.293448 -1.295015 -1.286602 -1.268682 -1.241494 -1.205061 -1.159210 -1.103574 -1.037589 -0.9605003 -0.8713425 -0.7689304 -0.6518481 -0.5184309 -0.3667537 -0.1946267 3.9301813E-04 0.2209826 0.4700022 0.7504255 1.065234 1.417296 1.809230 2.243238 2.720945 3.243173 3.809610 4.418196 5.063861 5.735842 6.412485 7.055440 7.620037 8.085573 8.460764 8.764139 9.012218 9.217254 9.388127 9.531261 9.651441 9.752238 9.836399
-0.2547347 -0.2816684 -0.3138000 -0.3522653 -0.3985772 -0.4545840 -0.5227620 -0.6061797 -0.7088172 -0.8346789 -0.9841451 -1.142331 -1.283649 -1.397032 -1.484192 -1.549162 -1.595572 -1.626165 -1.643009 -1.647572 -1.640904 -1.623656 -1.596202 -1.558620 -1.510771 -1.452258 -1.382481 -1.300580 -1.205486 -1.095829 -0.9700004 -0.8260477 -0.6617382 -0.4744556 -0.2612945 -1.8968619E-02 0.2560446 0.5675551 0.9194521 1.315735 1.760254 2.256770 2.808699 3.419211 4.090908 4.825677 5.623430 6.478977 7.371763 8.242014 8.994203 9.584143 10.03718 10.39106 10.67397 10.90405 11.09366 11.25107 11.38239 11.49191 11.58299
-0.3000877 -0.3300636 -0.3660344 -0.4093545 -0.4619401 -0.5261256 -0.6052527 -0.7036003 -0.8273294 -0.9836153 -1.175961 -1.383045 -1.564591 -1.705880 -1.812156 -1.890434 -1.946259 -1.983498 -2.004958 -2.012556 -2.007662 -1.991109 -1.963412 -1.924699 -1.874871 -1.813494 -1.739941 -1.653241 -1.552222 -1.435326 -1.300755 -1.146262 -0.9693111 -0.7668462 -0.5355049 -0.2713777 2.9719623E-02 0.3724564 0.7616332 1.202409 1.699892 2.259457 2.886365 3.586268 4.364865 5.228366 6.182342 7.228529 8.349570 9.463827 10.41701 11.13760 11.67085 12.07610 12.39425 12.64956 12.85802 13.02975 13.17225 13.29049 13.38851
-0.3437535 -0.3767205 -0.4164427 -0.4645044 -0.5231689 -0.5952420 -0.6847900 -0.7971385 -0.9400483 -1.122716 -1.349659 -1.594858 -1.809301 -1.975033 -2.098791 -2.189558 -2.254347 -2.297976 -2.323896 -2.334441 -2.331267 -2.315388 -2.287441 -2.247610 -2.195821 -2.131623 -2.054336 -1.962902 -1.856033 -1.731999 -1.588802 -1.423927 -1.234520 -1.017126 -0.7679152 -0.4824033 -0.1557516 0.2174973 0.6430298 1.127047 1.675834 2.296161 2.994922 3.779759 4.658797 5.641230 6.735954 7.947247 9.254840 10.55783 11.66771 12.49742 13.10226 13.55544 13.90715 14.18685 14.41363 14.59939 14.75284 14.87968 14.98452
-0.3844649 -0.4203090 -0.4636079 -0.5161577 -0.5805115 -0.6598637 -0.7588212 -0.8834284 -1.042337 -1.245512 -1.497173 -1.768634 -2.006911 -2.191882 -2.330319 -2.432035 -2.504892 -2.554379 -2.584430 -2.597719 -2.596140 -2.580870 -2.552641 -2.511698 -2.457978 -2.391012 -2.310072 -2.214015 -2.101435 -1.970450 -1.818858 -1.643903 -1.442425 -1.210604 -0.9441689 -0.6381223 -0.2870217 0.1152743 0.5752353 1.099927 1.696603 2.373091 3.137450 3.998583 4.965912 6.049792 7.259631 8.598319 10.03991 11.47137 12.68969 13.60131 14.26480 14.75983 15.14201 15.44441 15.68848 15.88763 16.05160 16.18675 16.29819
-0.4217294 -0.4602736 -0.5069065 -0.5635930 -0.6331100 -0.7189442 -0.8260632 -0.9609262 -1.132582 -1.351138 -1.620293 -1.909917 -2.165183 -2.364700 -2.514877 -2.625740 -2.705550 -2.760191 -2.793923 -2.809671 -2.809510 -2.794744 -2.766190 -2.724131 -2.668517 -2.598859 -2.514377 -2.413849 -2.295761 -2.158085 -1.998437 -1.813832 -1.600836 -1.355303 -1.072572 -0.7471966 -0.3732188 5.6075677E-02 0.5477816 1.109638 1.749597 2.476184 3.298126 4.224892 5.266255 6.432455 7.731922 9.165058 10.70129 12.22106 13.51534 14.48779 15.19794 15.72823 16.13714 16.46005 16.72005 16.93171 17.10559 17.24865 17.36638
-0.4554536 -0.4964900 -0.5461635 -0.6065745 -0.6806636 -0.7721170 -0.8861182 -1.029345 -1.210979 -1.441056 -1.722854 -2.025440 -2.293017 -2.503454 -2.662812 -2.781093 -2.866705 -2.925735 -2.962639 -2.980513 -2.981558 -2.967177 -2.938240 -2.895065 -2.837605 -2.765345 -2.677460 -2.572655 -2.449311 -2.305270 -2.137985 -1.944267 -1.720446 -1.462085 -1.164196 -0.8209541 -0.4259879 2.7871132E-02 0.5481899 1.143184 1.821249 2.591307 3.462356 4.443957 5.545671 6.777071 8.145253 9.648445 11.25305 12.83613 14.18576 15.20426 15.95143 16.51098 16.94291 17.28396 17.55835 17.78149 17.96456 18.11501 18.23867
-0.4857302 -0.5290279 -0.5814272 -0.6451290 -0.7231898 -0.8194191 -0.9391280 -1.089088 -1.278498 -1.517278 -1.808394 -2.120436 -2.397086 -2.615757 -2.782237 -2.906432 -2.996778 -3.059450 -3.099015 -3.118668 -3.120698 -3.106568 -3.077191 -3.032903 -2.973652 -2.898901 -2.807778 -2.698920 -2.570616 -2.420591 -2.246155 -2.043945 -1.810081 -1.539892 -1.228117 -0.8686306 -0.4547333 2.1077320E-02 0.5667016 1.190666 1.901621 2.708647 3.620773 4.647387 5.797616 7.080249 8.501201 10.05708 11.71240 13.34231 14.73347 15.78752 16.56427 17.14800 17.59952 17.95641 18.24360 18.47710 18.66859 18.82585 18.95503
-0.5127466 -0.5580657 -0.6128730 -0.6794386 -0.7608990 -0.8611371 -0.9855302 -1.140882 -1.336366 -1.581789 -1.879913 -2.199033 -2.482489 -2.707419 -2.879411 -3.008277 -3.102427 -3.168064 -3.209805 -3.230905 -3.233702 -3.219696 -3.189825 -3.144434 -3.083462 -3.006346 -2.912166 -2.799506 -2.666572 -2.510984 -2.329927 -2.119896 -1.876839 -1.595885 -1.271560 -0.8975062 -0.4667833 2.8354675E-02 0.5960297 1.244945 1.983871 2.821912 3.767989 4.831216 6.020247 7.343175 8.804986 10.40118 12.09508 13.76078 15.18404 16.26606 17.06664 17.67037 18.13848 18.50906 18.80751 19.05028 19.24936 19.41285 19.54709
-0.5367184 -0.5838230 -0.6407315 -0.7097624 -0.7941006 -0.8976739 -1.025888 -1.185550 -1.385797 -1.636340 -1.939790 -2.264246 -2.552862 -2.782580 -2.958844 -3.091375 -3.188549 -3.256561 -3.300050 -3.322293 -3.325657 -3.311660 -3.281252 -3.234778 -3.172163 -3.092819 -2.995791 -2.879599 -2.742383 -2.581676 -2.394562 -2.177408 -1.926026 -1.635392 -1.299863 -0.9129062 -0.4674070 4.4541433E-02 0.6312013 1.301368 2.063843 2.927673 3.901621 4.994516 6.214582 7.569347 9.063109 10.69060 12.41437 14.10779 15.55618 16.66047 17.48041 18.10069 18.58282 18.96517 19.27346 19.52441 19.73029 19.89938 20.03823
-0.5578779 -0.6065441 -0.6652659 -0.7363973 -0.8231530 -0.9294832 -1.060806 -1.223917 -1.427912 -1.682435 -1.989992 -2.318557 -2.611133 -2.844537 -3.024115 -3.159516 -3.259073 -3.328965 -3.373829 -3.396951 -3.400706 -3.386621 -3.355647 -3.308121 -3.243955 -3.162538 -3.062871 -2.943433 -2.802301 -2.636937 -2.444333 -2.220765 -1.961929 -1.662682 -1.317257 -0.9189907 -0.4606512 6.5778203E-02 0.6686337 1.356748 2.138904 3.024064 4.020816 5.137726 6.382668 7.762735 9.281719 10.93383 12.68110 14.39650 15.86497 16.98723 17.82299 18.45701 18.95095 19.34337 19.66019 19.91832 20.13022 20.30432 20.44732
-0.5764463 -0.6264610 -0.6867341 -0.7596427 -0.8484162 -0.9570165 -1.090862 -1.256731 -1.463690 -1.721321 -2.032055 -2.363775 -2.659400 -2.895654 -3.077806 -3.215444 -3.316868 -3.388231 -3.434160 -3.457938 -3.461938 -3.447687 -3.416133 -3.367600 -3.301988 -3.218656 -3.116577 -2.994185 -2.849510 -2.679949 -2.482428 -2.253140 -1.987699 -1.680870 -1.326790 -0.9187080 -0.4493080 8.9484826E-02 0.7060524 1.409227 2.207747 3.110479 4.125852 5.262212 6.527152 7.927429 9.466476 11.13812 12.90405 14.63689 16.12142 17.25823 18.10697 18.75241 19.25629 19.65728 19.98145 20.24583 20.46302 20.64156 20.78824
-0.5926323 -0.6438024 -0.7053924 -0.7797905 -0.8702391 -0.9807004 -1.116589 -1.284668 -1.493973 -1.754047 -2.067267 -2.401454 -2.699449 -2.937913 -3.122065 -3.261447 -3.364320 -3.436823 -3.483562 -3.507813 -3.511943 -3.497473 -3.465341 -3.415860 -3.348911 -3.263835 -3.159574 -3.034526 -2.886678 -2.713380 -2.511500 -2.277170 -2.005936 -1.692498 -1.330923 -0.9143995 -0.4355572 0.1137156 0.7418096 1.457548 2.269614 3.186777 4.217336 5.369451 6.650500 8.066990 9.622083 11.30935 13.09024 14.83719 16.33477 17.48345 18.34286 18.99779 19.51001 19.91827 20.24873 20.51851 20.74029 20.92272 21.07266
-0.6066216 -0.6587733 -0.7214713 -0.7971098 -0.8889377 -1.000917 -1.138456 -1.308302 -1.519468 -1.781461 -2.096617 -2.432707 -2.732537 -2.972719 -3.158421 -3.299153 -3.403149 -3.476525 -3.523870 -3.548449 -3.552622 -3.537898 -3.505204 -3.454845 -3.386683 -3.300037 -3.193826 -3.066420 -2.915769 -2.739181 -2.533483 -2.294758 -2.018504 -1.699367 -1.331367 -0.9076525 -0.4208207 0.1372609 0.7749796 1.501131 2.324354 3.253330 4.296241 5.461112 6.755145 8.184658 9.752625 11.45242 13.24529 15.00353 16.51161 17.66996 18.53814 19.20092 19.72011 20.13451 20.47030 20.74471 20.97046 21.15626 21.30903
-0.6185854 -0.6715602 -0.7351795 -0.8118423 -0.9047989 -1.018010 -1.156875 -1.328130 -1.540767 -1.804269 -2.120948 -2.458537 -2.759796 -3.001310 -3.188213 -3.329988 -3.434846 -3.508881 -3.556673 -3.581469 -3.585622 -3.570627 -3.537408 -3.486250 -3.417001 -3.328966 -3.221042 -3.091572 -2.938475 -2.759036 -2.550039 -2.307535 -2.026982 -1.702992 -1.329553 -0.8997813 -0.4062563 0.1591574 0.8048419 1.539565 2.371915 3.310506 4.363426 5.538588 6.843061 8.283029 9.861316 11.57116 13.37369 15.14110 16.65775 17.82398 18.69933 19.36860 19.89357 20.31309 20.65338 20.93170 21.16083 21.34952 21.50474
-0.6286683 -0.6823229 -0.7467002 -0.8241994 -0.9180685 -1.032269 -1.172192 -1.344562 -1.558356 -1.823042 -2.140895 -2.479632 -2.781993 -3.024531 -3.212357 -3.354931 -3.460443 -3.534971 -3.583085 -3.608016 -3.612108 -3.596849 -3.563147 -3.511278 -3.441081 -3.351840 -3.242435 -3.111189 -2.956003 -2.774129 -2.562333 -2.316632 -2.032459 -1.704399 -1.326419 -0.8916158 -0.3925610 0.1788817 0.8310843 1.572785 2.412531 3.358881 4.419849 5.603255 6.916075 8.364386 9.950905 11.66876 13.47898 15.25366 16.77714 17.94972 18.83090 19.50545 20.03518 20.45893 20.80296 21.08455 21.31651 21.50763 21.66491
-0.6369949 -0.6912033 -0.7561905 -0.8343602 -0.9289576 -1.043940 -1.184697 -1.357939 -1.572634 -1.838233 -2.157002 -2.496635 -2.799846 -3.043166 -3.231696 -3.374875 -3.480878 -3.555771 -3.604109 -3.629117 -3.633128 -3.617620 -3.583493 -3.531013 -3.460004 -3.369741 -3.259089 -3.126355 -2.969419 -2.785519 -2.571396 -2.323048 -2.035891 -1.704489 -1.322793 -0.8838914 -0.3803503 0.1959641 0.8534070 1.600701 2.446352 3.398873 4.466221 5.656151 6.975561 8.430454 10.02347 11.74765 13.56397 15.34449 16.87345 18.05111 18.93695 19.61576 20.14932 20.57651 20.92358 21.20785 21.44214 21.63528 21.79427
-0.6436687 -0.6983136 -0.7637806 -0.8424743 -0.9376380 -1.053227 -1.194622 -1.368533 -1.583915 -1.850206 -2.169661 -2.509954 -2.813796 -3.057705 -3.246759 -3.390385 -3.496750 -3.571906 -3.620398 -3.645445 -3.649369 -3.633641 -3.599154 -3.546165 -3.474489 -3.383390 -3.271721 -3.137777 -2.979427 -2.793889 -2.577893 -2.327423 -2.037878 -1.703810 -1.319160 -0.8770127 -0.3699314 0.2102144 0.8717687 1.623431 2.473681 3.430997 4.503291 5.698267 7.022770 8.482742 10.08076 11.80983 13.63085 15.41581 16.94897 18.13056 19.02005 19.70219 20.23877 20.66867 21.01816 21.30456 21.54072 21.73546 21.89583
-0.6487768 -0.7037497 -0.7695767 -0.8486640 -0.9442493 -1.060289 -1.202158 -1.376561 -1.592447 -1.859248 -2.179210 -2.520000 -2.824305 -3.068637 -3.258070 -3.402020 -3.508639 -3.583979 -3.632572 -3.657634 -3.661479 -3.645571 -3.610796 -3.557406 -3.485208 -3.393459 -3.281003 -3.146126 -2.986683 -2.799886 -2.582454 -2.330359 -2.038989 -1.702892 -1.316001 -0.8713931 -0.3616374 0.2213951 0.8860365 1.640973 2.494664 3.455555 4.531532 5.730262 7.058549 8.522294 10.12403 11.85673 13.68127 15.46961 17.00596 18.19051 19.08274 19.76738 20.30624 20.73819 21.08951 21.37753 21.61511 21.81109 21.97251
-0.6523786 -0.7075816 -0.7736607 -0.8530183 -0.9488966 -1.065246 -1.207442 -1.382181 -1.598413 -1.865561 -2.185859 -2.526971 -2.831586 -3.076208 -3.265893 -3.410057 -3.516850 -3.592309 -3.640966 -3.666029 -3.669810 -3.653769 -3.618786 -3.565107 -3.492535 -3.400320 -3.287304 -3.151761 -2.991545 -2.803859 -2.585410 -2.332167 -2.039516 -1.701992 -1.313526 -0.8671988 -0.3555741 0.2294704 0.8962609 1.653472 2.509544 3.472914 4.551438 5.752760 7.083658 8.550005 10.15431 11.88951 13.71645 15.50707 17.04556 18.23215 19.12628 19.81266 20.35312 20.78649 21.13910 21.42826 21.66684 21.86368 22.02584
-0.6545210 -0.7098604 -0.7760882 -0.8556058 -0.9516568 -1.068188 -1.210574 -1.385512 -1.601944 -1.869294 -2.189794 -2.531106 -2.835907 -3.080694 -3.270527 -3.414816 -3.521705 -3.597231 -3.645922 -3.670984 -3.674725 -3.658600 -3.623491 -3.569638 -3.496840 -3.404349 -3.290996 -3.155056 -2.994378 -2.806160 -2.587106 -2.333183 -2.039767 -1.701396 -1.312000 -0.8646514 -0.3519237 0.2343096 0.9023656 1.660914 2.518394 3.483215 4.563234 5.766078 7.098508 8.566381 10.17219 11.90886 13.73724 15.52925 17.06906 18.25687 19.15211 19.83952 20.38091 20.81515 21.16851 21.45835 21.69752 21.89488 22.05748
-0.6552320 -0.7106171 -0.7768939 -0.8564640 -0.9525715 -1.069162 -1.211610 -1.386613 -1.603111 -1.870526 -2.191088 -2.532456 -2.837311 -3.082153 -3.272033 -3.416363 -3.523284 -3.598832 -3.647535 -3.672595 -3.676321 -3.660171 -3.625017 -3.571105 -3.498234 -3.405648 -3.292184 -3.156112 -2.995280 -2.806886 -2.587631 -2.333481 -2.039814 -1.701162 -1.311455 -0.8637704 -0.3506761 0.2359480 0.9044238 1.663414 2.521354 3.486659 4.567172 5.770515 7.103449 8.571825 10.17813 11.91529 13.74411 15.53653 17.07674 18.26493 19.16054 19.84830 20.39000 20.82451 21.17813 21.46819 21.70756 21.90508 22.06784
-0.6545215 -0.7098600 -0.7760883 -0.8556052 -0.9516555 -1.068187 -1.210574 -1.385511 -1.601943 -1.869293 -2.189794 -2.531106 -2.835907 -3.080692 -3.270527 -3.414815 -3.521704 -3.597230 -3.645922 -3.670984 -3.674724 -3.658600 -3.623491 -3.569637 -3.496841 -3.404349 -3.290995 -3.155056 -2.994378 -2.806159 -2.587106 -2.333182 -2.039767 -1.701396 -1.311998 -0.8646522 -0.3519222 0.2343096 0.9023659 1.660914 2.518394 3.483215 4.563235 5.766078 7.098508 8.566381 10.17220 11.90886 13.73724 15.52925 17.06906 18.25686 19.15211 19.83953 20.38092 20.81515 21.16851 21.45835 21.69752 21.89488 22.05749
-0.6523770 -0.7075804 -0.7736603 -0.8530181 -0.9488971 -1.065247 -1.207442 -1.382182 -1.598412 -1.865561 -2.185859 -2.526970 -2.831587 -3.076209 -3.265894 -3.410059 -3.516850 -3.592309 -3.640966 -3.666029 -3.669811 -3.653769 -3.618786 -3.565107 -3.492536 -3.400322 -3.287304 -3.151762 -2.991545 -2.803859 -2.585410 -2.332168 -2.039516 -1.701992 -1.313527 -0.8671984 -0.3555741 0.2294701 0.8962601 1.653470 2.509544 3.472912 4.551438 5.752759 7.083658 8.550005 10.15431 11.88951 13.71645 15.50707 17.04556 18.23215 19.12627 19.81266 20.35312 20.78649 21.13910 21.42826 21.66684 21.86368 22.02585
-0.6487758 -0.7037494 -0.7695776 -0.8486626 -0.9442500 -1.060289 -1.202158 -1.376562 -1.592447 -1.859248 -2.179209 -2.519998 -2.824306 -3.068639 -3.258071 -3.402020 -3.508641 -3.583980 -3.632573 -3.657635 -3.661479 -3.645572 -3.610797 -3.557407 -3.485209 -3.393461 -3.281004 -3.146126 -2.986684 -2.799887 -2.582456 -2.330361 -2.038991 -1.702893 -1.316001 -0.8713946 -0.3616385 0.2213933 0.8860346 1.640972 2.494662 3.455553 4.531531 5.730260 7.058548 8.522292 10.12403 11.85673 13.68127 15.46961 17.00596 18.19051 19.08273 19.76737 20.30624 20.73818 21.08951 21.37753 21.61511 21.81108 21.97250
-0.6436691 -0.6983137 -0.7637804 -0.8424731 -0.9376372 -1.053228 -1.194623 -1.368532 -1.583916 -1.850207 -2.169661 -2.509954 -2.813797 -3.057706 -3.246759 -3.390386 -3.496751 -3.571907 -3.620399 -3.645445 -3.649369 -3.633643 -3.599155 -3.546165 -3.474490 -3.383390 -3.271721 -3.137778 -2.979427 -2.793890 -2.577893 -2.327423 -2.037878 -1.703809 -1.319161 -0.8770131 -0.3699325 0.2102137 0.8717687 1.623431 2.473680 3.430997 4.503289 5.698266 7.022769 8.482742 10.08076 11.80983 13.63085 15.41581 16.94897 18.13056 19.02005 19.70218 20.23877 20.66867 21.01816 21.30456 21.54072 21.73546 21.89583
