T5-twomodels-2/model60.grd
DSAA
         100         100
  -15.00000       15.00000    
  -15.00000       15.00000    
  0.2898437       23.03301    
[rows 56 to 83 of 100, columns 0 to 62 of 100]
0.5440887 0.6223667 0.7130806 0.8188601 0.9430716 1.089954 1.265063 1.475465 1.730366 2.039651 2.405915 2.797383 3.157196 3.462548 3.719096 3.937090 4.125425 4.291184 4.439879 4.576034 4.703260 4.824741 4.943115 5.060904 5.180318 5.303664 5.433088 5.571002 5.719777 5.882206 6.061157 6.260048 6.482467 6.732669 7.015105 7.334921 7.697392 8.108382 8.573656 9.099354 9.691204 10.35511 11.09635 11.92028 12.83137 13.83357 14.92772 16.10638 17.33355 18.49641 19.42747 20.10370 20.60917 20.99993 21.30959 21.55789 21.75927 21.92283 22.05598 22.16339 22.24923 22.31597 22.36604
0.5394239 0.6166477 0.7061860 0.8106615 0.9334338 1.078742 1.252145 1.460719 1.713683 2.020941 2.385105 2.774431 3.132096 3.435317 3.689766 3.905711 4.092055 4.255884 4.402707 4.537036 4.662469 4.782173 4.898763 5.014740 5.132287 5.253681 5.381048 5.516758 5.663158 5.823009 5.999144 6.194946 6.413975 6.660450 6.938801 7.254151 7.611755 8.017482 8.477097 8.996761 9.582243 10.23950 10.97387 11.79078 12.69480 13.68998 14.77724 15.94926 17.17007 18.32695 19.25247 19.92364 20.42453 20.81120 21.11724 21.36235 21.56096 21.72215 21.85328 21.95901 22.04346 22.10909 22.15832
0.5342743 0.6102583 0.6984044 0.8013238 0.9223695 1.065777 1.237105 1.443442 1.694025 1.998780 2.360365 2.747066 3.102092 3.402698 3.654588 3.868053 4.052008 4.213540 4.358150 4.490341 4.613688 4.731338 4.845876 4.959776 5.075187 5.194356 5.319366 5.452558 5.596236 5.753120 5.926000 6.118219 6.333295 6.575404 6.848938 7.158987 7.510789 7.910194 8.362970 8.875305 9.453000 10.10208 10.82795 11.63616 12.53139 13.51783 14.59651 15.76024 16.97320 18.12274 19.04147 19.70645 20.20176 20.58348 20.88515 21.12646 21.32180 21.48018 21.60895 21.71270 21.79554 21.85989 21.90814
0.5287212 0.6032629 0.6897779 0.7908607 0.9098497 1.050973 1.219792 1.423400 1.671058 1.972733 2.331118 2.714558 3.066327 3.363729 3.612508 3.822984 4.004085 4.162903 4.304925 4.434638 4.555591 4.670895 4.783105 4.894656 5.007660 5.124321 5.246681 5.377033 5.517633 5.671150 5.840325 6.028444 6.238967 6.476022 6.743943 7.047779 7.392724 7.784607 8.229193 8.732677 9.300910 9.939983 10.65541 11.45287 12.33719 13.31272 14.38071 15.53412 16.73727 17.87764 18.78796 19.44536 19.93392 20.30968 20.60615 20.84296 21.03445 21.18957 21.31560 21.41707 21.49806 21.56095 21.60808
0.5228615 0.5957431 0.6803625 0.7792909 0.8958470 1.034240 1.200026 1.400308 1.644378 1.942245 2.296679 2.676099 3.023852 3.317322 3.562318 3.769194 3.946900 4.102526 4.241542 4.368406 4.486631 4.599288 4.708889 4.817818 4.928143 5.042016 5.161428 5.288616 5.425779 5.575526 5.740530 5.924009 6.129354 6.360618 6.622066 6.918680 7.255597 7.638603 8.073438 8.566305 9.123092 9.749966 10.45257 11.23673 12.10748 13.06942 14.12404 15.26454 16.45548 17.58455 18.48456 19.13269 19.61306 19.98167 20.27197 20.50351 20.69052 20.84187 20.96475 21.06364 21.14253 21.20376 21.24964
0.5168311 0.5878174 0.6702528 0.7666734 0.8803627 1.015501 1.177630 1.373856 1.613500 1.906637 2.256127 2.630506 2.973258 3.261877 3.502251 3.704793 3.878465 4.030354 4.165897 4.289509 4.404656 4.514353 4.621054 4.727088 4.834463 4.945271 5.061441 5.185147 5.318516 5.464082 5.624444 5.802731 6.002242 6.226942 6.480994 6.769290 7.096884 7.469487 7.892794 8.372988 8.915982 9.528021 10.21488 10.98258 11.83643 12.78133 13.81911 14.94334 16.11891 17.23375 18.12091 18.75767 19.22811 19.58817 19.87119 20.09656 20.27839 20.42542 20.54473 20.64070 20.71724 20.77662 20.82108
0.5107946 0.5796358 0.6595763 0.7530960 0.8634277 0.9947009 1.152421 1.343687 1.577848 1.865065 2.208336 2.576382 2.912865 3.195451 3.430160 3.627468 3.796356 3.943881 4.075434 4.195362 4.307063 4.413479 4.516991 4.619858 4.724018 4.831494 4.944137 5.064045 5.193269 5.334256 5.489499 5.662034 5.855043 6.072370 6.318059 6.596867 6.913725 7.274240 7.684011 8.149168 8.675623 9.269672 9.937229 10.68455 11.51724 12.44063 13.45704 14.56057 15.71663 16.81359 17.68473 18.30746 18.76583 19.11567 19.39009 19.60830 19.78419 19.92632 20.04161 20.13432 20.20824 20.26558 20.30850
0.5049575 0.5713955 0.6485092 0.7387022 0.8451269 0.9718300 1.124245 1.309431 1.536757 1.816480 2.151799 2.511715 2.840214 3.115228 3.342946 3.533927 3.697146 3.839602 3.966595 4.082383 4.190259 4.293071 4.393108 4.492547 4.593238 4.697122 4.805967 4.921783 5.046527 5.182539 5.332205 5.498434 5.684273 5.893411 6.129732 6.397827 6.702455 7.049050 7.443069 7.890532 8.397279 8.969623 9.613576 10.33562 11.14175 12.03780 13.02679 14.10359 15.23443 16.30834 17.15914 17.76439 18.20805 18.54565 18.80999 19.01994 19.18907 19.32568 19.43650 19.52559 19.59665 19.65174 19.69298
0.4995603 0.5633363 0.6372833 0.7237005 0.8256204 0.9469548 1.093010 1.270740 1.489486 1.759616 2.084626 2.433980 2.752172 3.017567 3.236614 3.419940 3.576463 3.713063 3.834896 3.946068 4.049739 4.148632 4.244922 4.340683 4.437667 4.537720 4.642516 4.753963 4.873909 5.004582 5.148233 5.307626 5.485644 5.685793 5.911751 6.167892 6.458745 6.789507 7.165408 7.592264 8.075761 8.622124 9.237387 9.928199 10.70091 11.56200 12.51536 13.55708 14.65470 15.69854 16.52318 17.10643 17.53205 17.85505 18.10763 18.30810 18.46961 18.60009 18.70597 18.79112 18.85905 18.91173 18.95115
0.4948750 0.5557390 0.6261826 0.7083690 0.8051577 0.9202568 1.058746 1.227358 1.435290 1.692969 2.004300 2.339537 2.644130 2.897165 3.105413 3.279504 3.428181 3.558084 3.674134 3.780221 3.879320 3.973996 4.066285 4.158143 4.251207 4.347215 4.447734 4.554564 4.669433 4.794431 4.931669 5.083737 5.253330 5.443733 5.658381 5.901370 6.176930 6.489943 6.845310 7.248527 7.704981 8.220653 8.801426 9.453941 10.18478 11.00099 11.90755 12.90224 13.95485 14.95803 15.74809 16.30330 16.70674 17.01237 17.25134 17.44110 17.59412 17.71785 17.81836 17.89925 17.96383 18.01391 18.05139
0.4911642 0.5488875 0.6155198 0.6930432 0.7840857 0.8920633 1.021684 1.179254 1.373570 1.614902 1.907666 2.223547 2.509814 2.746811 2.941646 3.104708 3.244315 3.366673 3.476337 3.576900 3.671093 3.761286 3.849355 3.937112 4.026070 4.117851 4.213902 4.315903 4.425449 4.544490 4.674969 4.819290 4.979927 5.159914 5.362401 5.591150 5.850023 6.143493 6.476026 6.852648 7.278271 7.758410 8.298505 8.904850 9.583859 10.34279 11.18754 12.11799 13.10764 14.05399 14.79712 15.31608 15.69232 15.97752 16.20096 16.37877 16.52248 16.63890 16.73366 16.81000 16.87103 16.91838 16.95382
0.4886196 0.5430176 0.6055766 0.6780648 0.7628176 0.8628534 0.9823333 1.126836 1.304257 1.524091 1.791028 2.079415 2.340475 2.556693 2.735126 2.885305 3.014662 3.128704 3.231458 3.326121 3.415129 3.500623 3.584291 3.667789 3.752494 3.839901 3.931330 4.028332 4.132362 4.245218 4.368662 4.504894 4.656148 4.825181 5.014807 5.228418 5.469439 5.741853 6.049570 6.397010 6.788410 7.228544 7.722047 8.274341 8.890966 9.578446 10.34256 11.18468 12.08342 12.94625 13.62332 14.09529 14.43869 14.70039 14.90653 15.07129 15.20500 15.31365 15.40231 15.47389 15.53120 15.57569 15.60902
0.4872145 0.5381524 0.5964507 0.6636348 0.7416931 0.8331591 0.9414681 1.071140 1.228460 1.420889 1.652100 1.901106 2.127862 2.318062 2.477253 2.612959 2.731128 2.836263 2.931716 3.020206 3.103832 3.184468 3.263608 3.342733 3.423082 3.506008 3.592708 3.684588 3.782972 3.889477 4.005696 4.133598 4.275174 4.432867 4.609150 4.806988 5.029335 5.279603 5.561079 5.877433 6.232080 6.628791 7.071048 7.562829 8.107936 8.710743 9.374713 10.09983 10.86838 11.60579 12.18898 12.60196 12.90742 13.14316 13.33060 13.48153 13.60470 13.70525 13.78759 13.85426 13.90773 13.94930 13.98044
0.4864445 0.5338548 0.5877987 0.6495455 0.7207052 0.8032876 0.8998893 1.013773 1.149072 1.310026 1.497209 1.696022 1.881125 2.041806 2.180097 2.300471 2.406971 2.502896 2.590858 2.673032 2.751178 2.826865 2.901415 2.976095 3.052038 3.130412 3.212331 3.299015 3.391685 3.491745 3.600647 3.720086 3.851845 3.997995 4.160711 4.342452 4.545739 4.773320 5.027878 5.312208 5.628879 5.980451 6.369130 6.797027 7.265725 7.776317 8.328147 8.916208 9.521989 10.09356 10.55772 10.90405 11.16881 11.37741 11.54540 11.68215 11.79449 11.88683 11.96270 12.02441 12.07396 12.11259 12.14149
0.4853036 0.5291911 0.5787900 0.6351187 0.6994178 0.7731813 0.8581985 0.9565274 1.070308 1.200909 1.346508 1.498383 1.643970 1.776085 1.893900 1.999145 2.094079 2.180848 2.261346 2.337212 2.409880 2.480618 2.550566 2.620794 2.692314 2.766128 2.843250 2.924727 3.011669 3.105278 3.206856 3.317833 3.439776 3.574406 3.723576 3.889270 4.073560 4.278559 4.506335 4.758845 5.037817 5.344657 5.680326 6.045180 6.438713 6.859066 7.301981 7.758588 8.211172 8.629274 8.981987 9.263734 9.488481 9.670208 9.818927 9.941566 10.04314 10.12727 10.19670 10.25345 10.29908 10.33478 10.36145
0.4829397 0.5233778 0.5687439 0.6198224 0.6775277 0.7428983 0.8170687 0.9011607 0.9960041 1.101502 1.215536 1.333179 1.448232 1.556333 1.655910 1.747199 1.831217 1.909225 1.982494 2.052219 2.119506 2.185372 2.250766 2.316589 2.383714 2.453011 2.525362 2.601682 2.682940 2.770175 2.864507 2.967151 3.079430 3.202764 3.338665 3.488714 3.654519 3.837655 4.039587 4.261580 4.504580 4.769103 5.055071 5.361627 5.686859 6.027353 6.377503 6.728518 7.067554 7.378902 7.649810 7.877178 8.065782 8.222347 8.352807 8.461828 8.553009 8.629109 8.692263 8.744108 8.785931 8.818708 8.843197
0.4790715 0.5161960 0.5575264 0.6036465 0.6552031 0.7128773 0.7773314 0.8490887 0.9283108 1.014440 1.105792 1.199513 1.292313 1.381561 1.465866 1.544911 1.619039 1.688926 1.755380 1.819242 1.881342 1.942479 2.003426 2.064933 2.127743 2.192597 2.260259 2.331516 2.407201 2.488200 2.575463 2.670007 2.772919 2.885353 3.008508 3.143605 3.291842 3.454335 3.632043 3.825674 4.035584 4.261655 4.503160 4.758595 5.025493 5.300163 5.577430 5.850458 6.111040 6.350923 6.564240 6.749104 6.907042 7.041208 7.154952 7.251259 7.332619 7.401050 7.458176 7.505289 7.543411 7.573349 7.595721
0.4737838 0.5077770 0.5453327 0.5868721 0.6328353 0.6836471 0.7396631 0.8010749 0.8677674 0.9391474 1.014022 1.090660 1.167133 1.241821 1.313690 1.382316 1.447735 1.510277 1.570443 1.628807 1.685982 1.742587 1.799242 1.856565 1.915176 1.975705 2.038800 2.105132 2.175408 2.250374 2.330821 2.417587 2.511551 2.613629 2.724747 2.845818 2.977701 3.121139 3.276699 3.444685 3.625053 3.817311 4.020421 4.232695 4.451692 4.674135 4.895903 5.112158 5.317783 5.508154 5.679998 5.832032 5.964733 6.079579 6.178436 6.263161 6.335426 6.396674 6.448105 6.490711 6.525302 6.552511 6.572851
0.4673065 0.4983853 0.5324659 0.5698454 0.6108148 0.6556264 0.7044519 0.7573174 0.8140230 0.8740652 0.9366068 1.000550 1.064725 1.128092 1.189913 1.249802 1.307678 1.363692 1.418144 1.471425 1.523984 1.576295 1.628850 1.682151 1.736715 1.793067 1.851754 1.913338 1.978413 2.047600 2.121546 2.200932 2.286456 2.378829 2.478749 2.586878 2.703803 2.829986 2.965709 3.111006 3.265598 3.428822 3.599571 3.776236 3.956683 4.138260 4.317870 4.492157 4.657812 4.811990 4.952755 5.079185 5.191283 5.289736 5.375572 5.449932 5.513918 5.568537 5.614663 5.653042 5.684293 5.708921 5.727326
0.4599104 0.4883065 0.5192283 0.5528796 0.5894477 0.6290755 0.6718313 0.7176685 0.7663832 0.8175822 0.8706875 0.9249781 0.9796889 1.034138 1.087814 1.140406 1.191808 1.242075 1.291392 1.340024 1.388297 1.436576 1.485247 1.534718 1.585411 1.637762 1.692227 1.749272 1.809391 1.873091 1.940898 2.013354 2.091005 2.174391 2.264027 2.360376 2.463819 2.574613 2.692848 2.818397 2.950866 3.089552 3.233413 3.381044 3.530689 3.680286 3.827557 3.970159 4.105887 4.232897 4.349833 4.455981 4.551224 4.635849 4.710416 4.775611 4.832157 4.880737 4.921981 4.956435 4.984570 5.006773 5.023361
0.4518510 0.4778019 0.5058773 0.5362172 0.5689381 0.6041156 0.6417641 0.6818117 0.7240792 0.7682677 0.8139657 0.8606889 0.9079393 0.9552561 1.002277 1.048766 1.094621 1.139857 1.184587 1.228996 1.273321 1.317841 1.362862 1.408708 1.455726 1.504272 1.554722 1.607461 1.662892 1.721426 1.783485 1.849493 1.919870 1.995019 2.075310 2.161053 2.252481 2.349709 2.452706 2.561258 2.674938 2.793078 2.914760 3.038809 3.163826 3.288234 3.410354 3.528513 3.641165 3.747015 3.845150 3.935014 4.016388 4.089363 4.154226 4.211386 4.261300 4.304434 4.341225 4.372074 4.397327 4.417281 4.432175
0.4433535 0.4670892 0.4926177 0.5200320 0.5494041 0.5807701 0.6141171 0.6493710 0.6863842 0.7249332 0.7647310 0.8054428 0.8467204 0.8882505 0.9297801 0.9711368 1.012234 1.053071 1.093719 1.134307 1.175014 1.216050 1.257658 1.300097 1.343646 1.388597 1.435256 1.483936 1.534964 1.588669 1.645384 1.705438 1.769149 1.836810 1.908679 1.984956 2.065766 2.151132 2.240954 2.334984 2.432803 2.533814 2.637235 2.742113 2.847346 2.951728 3.054013 3.152984 3.247535 3.336744 3.419884 3.496498 3.566384 3.629524 3.686050 3.736193 3.780239 3.818494 3.851261 3.878823 3.901436 3.919315 3.932646
0.4346029 0.4563419 0.4795995 0.5044378 0.5308990 0.5589973 0.5887091 0.6199667 0.6526523 0.6865991 0.7215981 0.7574150 0.7938175 0.8305855 0.8675379 0.9045481 0.9415486 0.9785337 1.015550 1.052692 1.090092 1.127914 1.166347 1.205598 1.245892 1.287465 1.330563 1.375441 1.422358 1.471577 1.523357 1.577949 1.635588 1.696485 1.760813 1.828692 1.900174 1.975227 2.053713 2.135379 2.219841 2.306584 2.394954 2.484186 2.573416 2.661718 2.748153 2.831814 2.911871 2.987621 3.058547 3.124273 3.184579 3.239394 3.288758 3.332792 3.371665 3.405574 3.434724 3.459311 3.479517 3.495502 3.507400
0.4257459 0.4456901 0.4669274 0.4894984 0.5134283 0.5387180 0.5653419 0.5932418 0.6223260 0.6524704 0.6835271 0.7153299 0.7477081 0.7805086 0.8136048 0.8469058 0.8803614 0.9139644 0.9477485 0.9817829 1.016169 1.051033 1.086523 1.122805 1.160058 1.198471 1.238243 1.279576 1.322676 1.367748 1.414993 1.464599 1.516737 1.571555 1.629163 1.689623 1.752943 1.819054 1.887808 1.958964 2.032180 2.107017 2.182941 2.259334 2.335519 2.410781 2.484402 2.555695 2.624038 2.688899 2.749833 2.806527 2.858794 2.906536 2.949742 2.988460 3.022787 3.052841 3.078755 3.100664 3.118693 3.132956 3.143549
0.4168974 0.4352304 0.4546706 0.4752455 0.4969686 0.5198351 0.5438202 0.5688763 0.5949321 0.6218951 0.6496548 0.6780926 0.7070937 0.7365478 0.7663631 0.7964740 0.8268437 0.8574665 0.8883676 0.9195997 0.9512401 0.9833878 1.016159 1.049685 1.084108 1.119578 1.156255 1.194298 1.233869 1.275126 1.318221 1.363294 1.410467 1.459840 1.511476 1.565402 1.621592 1.679964 1.740368 1.802583 1.866312 1.931186 1.996767 2.062561 2.128030 2.192618 2.255768 2.316947 2.375665 2.431497 2.484116 2.533261 2.578743 2.620457 2.658359 2.692456 2.722792 2.749435 2.772466 2.791973 2.808041 2.820747 2.830161
0.4081422 0.4250289 0.4428703 0.4616838 0.4814772 0.5022425 0.5239585 0.5465862 0.5700714 0.5943450 0.6193290 0.6449369 0.6710811 0.6976837 0.7246810 0.7520264 0.7796937 0.8076794 0.8360034 0.8647056 0.8938463 0.9235027 0.9537665 0.9847407 1.016539 1.049279 1.083087 1.118087 1.154406 1.192164 1.231475 1.272440 1.315144 1.359650 1.405992 1.454168 1.504138 1.555810 1.609042 1.663637 1.719341 1.775842 1.832785 1.889768 1.946368 2.002142 2.056654 2.109488 2.160263 2.208648 2.254347 2.297136 2.336862 2.373418 2.406743 2.436819 2.463655 2.487286 2.507755 2.525116 2.539425 2.550732 2.559082
0.3995425 0.4151304 0.4315463 0.4488021 0.4669011 0.4858355 0.5055869 0.5261247 0.5474072 0.5693824 0.5919908 0.6151698 0.6388614 0.6630086 0.6875646 0.7124953 0.7377823 0.7634244 0.7894373 0.8158522 0.8427165 0.8700901 0.8980452 0.9266628 0.9560319 0.9862457 1.017402 1.049598 1.082929 1.117487 1.153356 1.190606 1.229295 1.269459 1.311110 1.354230 1.398768 1.444634 1.491696 1.539780 1.588668 1.638102 1.687788 1.737403 1.786604 1.835041 1.882367 1.928247 1.972373 2.014468 2.054313 2.091722 2.126541 2.158668 2.188036 2.214610 2.238379 2.259352 2.277549 2.292999 2.305735 2.315786 2.323184
0.3911413 0.4055610 0.4207035 0.4365768 0.4531821 0.4705123 0.4885520 0.5072771 0.5266563 0.5466506 0.5672181 0.5883129 0.6098880 0.6319033 0.6543264 0.6771339 0.7003130 0.7238634 0.7477984 0.7721420 0.7969317 0.8222144 0.8480462 0.8744909 0.9016177 0.9294992 0.9582112 0.9878277 1.018421 1.050060 1.082802 1.116699 1.151784 1.188076 1.225572 1.264243 1.304035 1.344860 1.386600 1.429102 1.472179 1.515617 1.559174 1.602585 1.645574 1.687858 1.729158 1.769207 1.807758 1.844593 1.879504 1.912329 1.942946 1.971259 1.997198 2.020718 2.041798 2.060427 2.076612 2.090362 2.101695 2.110626 2.117172
