T5-twomodels-2/model30.grd
DSAA
         100         100
  -15.00000       15.00000    
  -15.00000       15.00000    
  0.3736028       23.62864    
[rows 0 to 27 of 100, columns 0 to 62 of 100]
0.3846883 0.3935840 0.4026626 0.4119144 0.4213289 0.4308944 0.4405981 0.4504262 0.4603640 0.4703964 0.4805060 0.4906770 0.5008965 0.5111476 0.5214131 0.5316774 0.5419247 0.5521404 0.5623103 0.5724211 0.5824603 0.5924157 0.6022765 0.6120321 0.6216729 0.6311896 0.6405735 0.6498160 0.6589092 0.6678447 0.6766148 0.6852109 0.6936248 0.7018478 0.7098708 0.7176844 0.7252786 0.7326432 0.7397671 0.7466393 0.7532477 0.7595806 0.7656256 0.7713702 0.7768016 0.7819074 0.7866752 0.7910922 0.7951455 0.7988229 0.8021185 0.8050203 0.8075149 0.8095937 0.8112476 0.8124687 0.8132491 0.8135817 0.8134602 0.8128790 0.8118326 0.8103169 0.8083281
0.3964014 0.4059342 0.4156719 0.4256041 0.4357191 0.4460038 0.4564438 0.4670238 0.4777271 0.4885370 0.4994369 0.5104085 0.5214300 0.5324839 0.5435532 0.5546204 0.5656683 0.5766805 0.5876414 0.5985363 0.6093519 0.6200755 0.6306951 0.6411999 0.6515802 0.6618262 0.6719292 0.6818807 0.6916727 0.7012970 0.7107456 0.7200103 0.7290826 0.7379532 0.7466133 0.7550526 0.7632608 0.7712266 0.7789384 0.7863836 0.7935497 0.8004233 0.8069907 0.8132378 0.8191507 0.8247155 0.8299180 0.8347447 0.8391835 0.8432224 0.8468427 0.8500344 0.8527893 0.8550955 0.8569431 0.8583224 0.8592253 0.8596438 0.8595705 0.8589993 0.8579241 0.8563403 0.8542432
0.4087839 0.4190127 0.4294720 0.4401501 0.4510341 0.4621091 0.4733593 0.4847671 0.4963138 0.5079796 0.5197429 0.5315830 0.5434828 0.5554208 0.5673753 0.5793261 0.5912543 0.6031414 0.6149704 0.6267253 0.6383914 0.6499552 0.6614043 0.6727275 0.6839146 0.6949559 0.7058430 0.7165674 0.7271209 0.7374963 0.7476851 0.7576793 0.7674705 0.7770494 0.7864068 0.7955319 0.8044137 0.8130401 0.8213987 0.8294756 0.8372571 0.8447282 0.8518737 0.8586779 0.8651251 0.8711995 0.8768855 0.8821672 0.8870285 0.8914540 0.8954358 0.8989589 0.9020072 0.9045702 0.9066365 0.9081964 0.9092399 0.9097587 0.9097449 0.9091910 0.9080907 0.9064384 0.9042287
0.4218871 0.4328780 0.4441286 0.4556260 0.4673559 0.4793017 0.4914454 0.5037668 0.5162451 0.5288580 0.5415838 0.5543987 0.5672750 0.5801901 0.5931216 0.6060473 0.6189455 0.6317958 0.6445792 0.6572784 0.6698774 0.6823617 0.6947187 0.7069365 0.7190049 0.7309145 0.7426572 0.7542244 0.7656090 0.7768035 0.7878001 0.7985913 0.8091683 0.8195223 0.8296435 0.8395209 0.8491428 0.8584964 0.8675679 0.8763422 0.8848040 0.8929366 0.9007232 0.9081458 0.9151871 0.9218291 0.9280541 0.9338449 0.9391862 0.9440621 0.9484508 0.9523389 0.9557164 0.9585685 0.9608829 0.9626481 0.9638537 0.9644902 0.9645485 0.9640208 0.9628999 0.9611792 0.9588529
0.4357625 0.4475896 0.4597100 0.4721097 0.4847727 0.4976803 0.5108121 0.5241453 0.5376556 0.5513170 0.5651015 0.5789815 0.5929340 0.6069308 0.6209440 0.6349478 0.6489176 0.6628307 0.6766660 0.6904043 0.7040283 0.7175230 0.7308749 0.7440721 0.7571044 0.7699630 0.7826397 0.7951275 0.8074191 0.8195081 0.8313876 0.8430499 0.8544872 0.8656906 0.8766500 0.8873543 0.8977910 0.9079463 0.9178054 0.9273514 0.9365672 0.9454344 0.9539338 0.9620453 0.9697492 0.9770248 0.9838523 0.9902116 0.9960823 1.001445 1.006289 1.010595 1.014345 1.017524 1.020120 1.022119 1.023511 1.024284 1.024430 1.023939 1.022804 1.021016 1.018569
0.4504690 0.4632154 0.4762941 0.4896899 0.5033848 0.5173577 0.5315855 0.5460418 0.5606992 0.5755277 0.5904985 0.6055796 0.6207352 0.6359345 0.6511486 0.6663478 0.6815045 0.6965929 0.7115895 0.7264732 0.7412256 0.7558305 0.7702740 0.7845445 0.7986319 0.8125283 0.8262261 0.8397192 0.8530021 0.8660687 0.8789132 0.8915290 0.9039087 0.9160439 0.9279243 0.9395388 0.9508740 0.9619153 0.9726458 0.9830477 0.9931013 1.002786 1.012080 1.020961 1.029405 1.037390 1.044894 1.051892 1.058366 1.064296 1.069654 1.074424 1.078592 1.082142 1.085057 1.087323 1.088930 1.089863 1.090114 1.089672 1.088529 1.086677 1.084106
0.4660678 0.4798267 0.4939639 0.5084622 0.5233014 0.5384582 0.5539054 0.5696133 0.5855494 0.6016789 0.6179641 0.6343682 0.6508586 0.6673979 0.6839492 0.7004781 0.7169530 0.7333444 0.7496266 0.7657758 0.7817725 0.7975994 0.8132426 0.8286908 0.8439345 0.8589666 0.8737816 0.8883741 0.9027405 0.9168763 0.9307771 0.9444374 0.9578509 0.9710096 0.9839040 0.9965219 1.008850 1.020872 1.032570 1.043923 1.054910 1.065507 1.075690 1.085432 1.094707 1.103489 1.111751 1.119468 1.126612 1.133160 1.139096 1.144399 1.149042 1.153011 1.156289 1.158862 1.160714 1.161834 1.162211 1.161833 1.160692 1.158777 1.156081
0.4826276 0.4975050 0.5128138 0.5285355 0.5446479 0.5611236 0.5779322 0.5950390 0.6124063 0.6299939 0.6477616 0.6656657 0.6836583 0.7016972 0.7197427 0.7377552 0.7556981 0.7735385 0.7912465 0.8087970 0.8261683 0.8433425 0.8603061 0.8770477 0.8935596 0.9098361 0.9258734 0.9416688 0.9572206 0.9725266 0.9875840 1.002390 1.016938 1.031223 1.045234 1.058961 1.072388 1.085498 1.098272 1.110686 1.122716 1.134335 1.145514 1.156224 1.166434 1.176113 1.185231 1.193760 1.201671 1.208940 1.215533 1.221429 1.226610 1.231055 1.234747 1.237668 1.239804 1.241141 1.241667 1.241371 1.240242 1.238270 1.235445
0.5002202 0.5163353 0.5329450 0.5500286 0.5675610 0.5855119 0.6038456 0.6225221 0.6414970 0.6607226 0.6801467 0.6997183 0.7193911 0.7391131 0.7588339 0.7785074 0.7980909 0.8175464 0.8368412 0.8559464 0.8748394 0.8935017 0.9119197 0.9300838 0.9479879 0.9656285 0.9830050 1.000117 1.016966 1.033554 1.049879 1.065941 1.081738 1.097263 1.112508 1.127461 1.142107 1.156428 1.170402 1.184002 1.197201 1.209968 1.222269 1.234069 1.245334 1.256028 1.266115 1.275561 1.284331 1.292394 1.299729 1.306308 1.312101 1.317089 1.321251 1.324571 1.327033 1.328622 1.329325 1.329132 1.328028 1.326005 1.323051
0.5189254 0.5364137 0.5544708 0.5730744 0.5921968 0.6118026 0.6318513 0.6522957 0.6730842 0.6941600 0.7154665 0.7369417 0.7585192 0.7801396 0.8017465 0.8232862 0.8447087 0.8659709 0.8870349 0.9078695 0.9284501 0.9487582 0.9687813 0.9885113 1.007945 1.027082 1.045926 1.064480 1.082750 1.100741 1.118457 1.135899 1.153069 1.169961 1.186570 1.202883 1.218886 1.234557 1.249873 1.264804 1.279317 1.293378 1.306946 1.319981 1.332442 1.344287 1.355474 1.365965 1.375723 1.384713 1.392895 1.400241 1.406729 1.412334 1.417034 1.420811 1.423647 1.425529 1.426442 1.426373 1.425312 1.423245 1.420162
0.5388256 0.5578411 0.5775136 0.5978194 0.6187271 0.6401972 0.6621820 0.6846267 0.7074693 0.7306423 0.7540720 0.7776849 0.8014128 0.8251820 0.8489210 0.8725659 0.8960578 0.9193467 0.9423898 0.9651527 0.9876091 1.009741 1.031537 1.052993 1.074108 1.094887 1.115339 1.135473 1.155300 1.174829 1.194070 1.213030 1.231712 1.250115 1.268235 1.286059 1.303574 1.320755 1.337577 1.354006 1.370003 1.385527 1.400533 1.414971 1.428793 1.441950 1.454392 1.466072 1.476945 1.486967 1.496112 1.504344 1.511626 1.517936 1.523250 1.527549 1.530817 1.533037 1.534196 1.534281 1.533279 1.531179 1.527968
0.5600121 0.5807297 0.6022097 0.6244270 0.6473470 0.6709244 0.6951044 0.7198216 0.7450029 0.7705672 0.7964311 0.8225046 0.8486920 0.8749066 0.9010671 0.9270962 0.9529256 0.9784961 1.003760 1.028677 1.053223 1.077379 1.101137 1.124495 1.147460 1.170043 1.192258 1.214123 1.235654 1.256870 1.277786 1.298414 1.318764 1.338837 1.358633 1.378140 1.397344 1.416220 1.434737 1.452857 1.470537 1.487725 1.504367 1.520407 1.535785 1.550443 1.564321 1.577367 1.589528 1.600761 1.611011 1.620244 1.628433 1.635547 1.641564 1.646462 1.650224 1.652836 1.654283 1.654554 1.653634 1.651513 1.648176
0.5825775 0.6051967 0.6287050 0.6530762 0.6782723 0.7042422 0.7309218 0.7582341 0.7860904 0.8143926 0.8430328 0.8719016 0.9008955 0.9299058 0.9588287 0.9875711 1.016051 1.044199 1.071961 1.099295 1.126172 1.152578 1.178508 1.203966 1.228967 1.253530 1.277678 1.301439 1.324838 1.347903 1.370657 1.393122 1.415311 1.437234 1.458893 1.480278 1.501375 1.522157 1.542590 1.562629 1.582222 1.601310 1.619826 1.637703 1.654869 1.671252 1.686784 1.701397 1.715029 1.727621 1.739137 1.749530 1.758759 1.766796 1.773617 1.779201 1.783532 1.786596 1.788380 1.788872 1.788061 1.785933 1.782475
0.6066220 0.6313703 0.6571605 0.6839664 0.7117471 0.7404443 0.7699835 0.8002734 0.8312075 0.8626659 0.8945225 0.9266414 0.9588795 0.9911057 1.023197 1.055042 1.086540 1.117613 1.148196 1.178243 1.207729 1.236639 1.264976 1.292754 1.319997 1.346733 1.373001 1.398837 1.424281 1.449372 1.474146 1.498631 1.522853 1.546827 1.570559 1.594045 1.617269 1.640203 1.662808 1.685032 1.706814 1.728080 1.748753 1.768748 1.787979 1.806358 1.823801 1.840230 1.855573 1.869768 1.882745 1.894460 1.904882 1.913976 1.921718 1.928089 1.933073 1.936658 1.938834 1.939589 1.938915 1.936799 1.933225
0.6322470 0.6593841 0.6877485 0.7173153 0.7480411 0.7798612 0.8126885 0.8464142 0.8809084 0.9160237 0.9515960 0.9874565 1.023443 1.059388 1.095135 1.130544 1.165497 1.199899 1.233677 1.266783 1.299190 1.330893 1.361902 1.392242 1.421951 1.451073 1.479662 1.507770 1.535453 1.562765 1.589754 1.616465 1.642932 1.669181 1.695227 1.721067 1.746687 1.772060 1.797138 1.821862 1.846157 1.869937 1.893104 1.915556 1.937185 1.957885 1.977551 1.996088 2.013403 2.029419 2.044083 2.057339 2.069136 2.079445 2.088244 2.095515 2.101248 2.105432 2.108062 2.109129 2.108626 2.106541 2.102860
0.6595556 0.6893781 0.7206534 0.7533606 0.7874559 0.8228673 0.8594943 0.8972065 0.9358460 0.9752303 1.015161 1.055425 1.095799 1.136076 1.176064 1.215592 1.254517 1.292725 1.330135 1.366694 1.402383 1.437203 1.471177 1.504348 1.536772 1.568511 1.599640 1.630232 1.660362 1.690104 1.719525 1.748685 1.777635 1.806412 1.835040 1.863524 1.891854 1.919997 1.947903 1.975500 2.002698 2.029392 2.055463 2.080781 2.105215 2.128630 2.150899 2.171903 2.191537 2.209713 2.226340 2.241362 2.254744 2.266451 2.276462 2.284766 2.291356 2.296229 2.299382 2.300814 2.300520 2.298491 2.294714
0.6886479 0.7214935 0.7560677 0.7923580 0.8303221 0.8698825 0.9109235 0.9532899 0.9967867 1.041185 1.086226 1.131638 1.177155 1.222509 1.267450 1.311766 1.355279 1.397857 1.439408 1.479880 1.519259 1.557561 1.594829 1.631126 1.666534 1.701141 1.735046 1.768349 1.801152 1.833551 1.865637 1.897493 1.929187 1.960774 1.992291 2.023751 2.055149 2.086453 2.117603 2.148517 2.179086 2.209180 2.238652 2.267338 2.295073 2.321688 2.347022 2.370927 2.393266 2.413928 2.432841 2.449933 2.465151 2.478468 2.489872 2.499357 2.506927 2.512588 2.516344 2.518201 2.518158 2.516212 2.512351
0.7196212 0.7558739 0.7941938 0.8345826 0.8770050 0.9213800 0.9675771 1.015410 1.064640 1.114979 1.166104 1.217663 1.269290 1.320642 1.371409 1.421323 1.470167 1.517783 1.564071 1.608983 1.652518 1.694713 1.735637 1.775386 1.814070 1.851814 1.888749 1.925007 1.960722 1.996021 2.031026 2.065845 2.100571 2.135282 2.170032 2.204848 2.239731 2.274650 2.309540 2.344302 2.378807 2.412891 2.446373 2.479045 2.510695 2.541110 2.570084 2.597430 2.622988 2.646625 2.668221 2.687709 2.705054 2.720229 2.733231 2.744069 2.752758 2.759316 2.763762 2.766108 2.766364 2.764532 2.760602
0.7525566 0.7926515 0.8352302 0.8803177 0.9278945 0.9778813 1.030133 1.084431 1.140477 1.197905 1.256287 1.315163 1.374074 1.432569 1.490238 1.546739 1.601806 1.655255 1.706980 1.756941 1.805160 1.851708 1.896690 1.940243 1.982520 2.023688 2.063920 2.103390 2.142272 2.180731 2.218925 2.256996 2.295072 2.333255 2.371626 2.410229 2.449079 2.488146 2.527361 2.566609 2.605732 2.644532 2.682774 2.720199 2.756532 2.791498 2.824830 2.856286 2.885654 2.912766 2.937521 2.959833 2.979653 2.996976 3.011813 3.024195 3.034157 3.041735 3.046964 3.049874 3.050480 3.048794 3.044813
0.7875207 0.8319469 0.8793705 0.9298539 0.9834059 1.039960 1.099362 1.161353 1.225569 1.291540 1.358716 1.426483 1.494204 1.561282 1.627189 1.691492 1.753864 1.814092 1.872070 1.927781 1.981283 2.032695 2.082174 2.129912 2.176119 2.221013 2.264824 2.307776 2.350091 2.391982 2.433653 2.475288 2.517055 2.559096 2.601520 2.644402 2.687771 2.731610 2.775843 2.820342 2.864915 2.909317 2.953254 2.996394 3.038378 3.078844 3.117444 3.153862 3.187834 3.219155 3.247660 3.273271 3.295973 3.315775 3.332717 3.346858 3.358263 3.366994 3.373111 3.376659 3.377671 3.376169 3.372155
0.8245478 0.8738518 0.9267852 0.9834698 1.043963 1.108229 1.176116 1.247329 1.321418 1.397775 1.475655 1.554232 1.632669 1.710154 1.785980 1.859584 1.930571 1.998703 2.063888 2.126151 2.185608 2.242448 2.296901 2.349231 2.399721 2.448660 2.496341 2.543052 2.589075 2.634682 2.680130 2.725660 2.771489 2.817806 2.864765 2.912476 2.960999 3.010332 3.060404 3.111068 3.162102 3.213202 3.264001 3.314067 3.362934 3.410120 3.455159 3.497624 3.537155 3.573482 3.606455 3.635988 3.662061 3.684730 3.704080 3.720218 3.733251 3.743279 3.750391 3.754659 3.756136 3.754856 3.750830
0.8636350 0.9184182 0.9776083 1.041416 1.109981 1.183329 1.261333 1.343671 1.429796 1.518920 1.610054 1.702057 1.793732 1.883972 1.971835 2.056602 2.137795 2.215167 2.288666 2.358391 2.424550 2.487431 2.547367 2.604719 2.659862 2.713170 2.765018 2.815770 2.865782 2.915394 2.964931 3.014700 3.064982 3.116027 3.168046 3.221203 3.275598 3.331258 3.388128 3.446049 3.504768 3.563919 3.623038 3.681574 3.738912 3.794404 3.847411 3.897351 3.943744 3.986239 4.024598 4.058754 4.088765 4.114740 4.136837 4.155231 4.170090 4.181564 4.189785 4.194857 4.196859 4.195839 4.191825
0.9047230 0.9656381 1.031911 1.103885 1.181830 1.265886 1.355997 1.451844 1.552771 1.657759 1.765434 1.874190 1.982370 2.088407 2.191008 2.289249 2.382574 2.470761 2.553845 2.632052 2.705731 2.775313 2.841268 2.904085 2.964254 3.022259 3.078570 3.133645 3.187924 3.241832 3.295775 3.350137 3.405280 3.461532 3.519180 3.578455 3.639521 3.702457 3.767233 3.833702 3.901580 3.970439 4.039710 4.108686 4.176558 4.242446 4.305461 4.364775 4.419688 4.469703 4.514587 4.554290 4.588913 4.618694 4.643906 4.664828 4.681715 4.694788 4.704233 4.710194 4.712779 4.712062 4.708080
0.9476857 1.015424 1.089674 1.170972 1.259790 1.356463 1.461093 1.573427 1.692729 1.817681 1.946401 2.076563 2.205687 2.331529 2.452328 2.566914 2.674689 2.775525 2.869632 2.957441 3.039518 3.116491 3.189016 3.257745 3.323313 3.386335 3.447400 3.507070 3.565888 3.624376 3.683036 3.742347 3.802767 3.864720 3.928591 3.994707 4.063319 4.134583 4.208529 4.285040 4.363827 4.444410 4.526110 4.608045 4.689153 4.768239 4.844041 4.915349 4.981132 5.040669 5.093575 5.139876 5.179880 5.214006 5.242716 5.266441 5.285559 5.300382 5.311161 5.318090 5.321319 5.320942 5.317016
0.9923151 1.067587 1.150754 1.242624 1.343974 1.455464 1.577497 1.710031 1.852329 2.002737 2.158579 2.316386 2.472450 2.623432 2.766874 2.901349 3.026318 3.141895 3.248608 3.347220 3.438607 3.523676 3.603319 3.678397 3.749724 3.818069 3.884159 3.948681 4.012295 4.075634 4.139309 4.203913 4.270019 4.338171 4.408873 4.482578 4.559661 4.640390 4.724898 4.813140 4.904863 4.999570 5.096496 5.194580 5.292469 5.388548 5.481013 5.568021 5.647920 5.719528 5.782390 5.836652 5.882900 5.921929 5.954506 5.981295 6.002830 6.019539 6.031754 6.039731 6.043655 6.043656 6.039808
1.038313 1.121817 1.214849 1.318587 1.434250 1.563006 1.705804 1.863087 2.034368 2.217709 2.409359 2.603925 2.795417 2.978730 3.150505 3.309166 3.454495 3.587122 3.708124 3.818774 3.920385 4.014233 4.101520 4.183358 4.260776 4.334723 4.406085 4.475690 4.544331 4.612764 4.681732 4.751951 4.824131 4.898955 4.977085 5.059125 5.145617 5.236990 5.333531 5.435334 5.542251 5.653843 5.769326 5.887515 6.006780 6.125015 6.239661 6.347864 6.446851 6.534526 6.609976 6.673700 6.727045 6.771464 6.808217 6.838280 6.862390 6.881103 6.894843 6.903932 6.908602 6.909014 6.905262
1.085289 1.177676 1.281477 1.398350 1.530125 1.678736 1.846042 2.033476 2.241368 2.467876 2.707761 2.952252 3.191252 3.416610 3.623862 3.811737 3.980910 4.133000 4.269979 4.393862 4.506559 4.609820 4.705224 4.794188 4.877987 4.957778 5.034623 5.109511 5.183374 5.257116 5.331614 5.407732 5.486331 5.568264 5.654366 5.745441 5.842237 5.945399 6.055439 6.172669 6.297152 6.428623 6.566428 6.709413 6.855813 7.003102 7.147837 7.285617 7.411475 7.521098 7.612716 7.687607 7.748688 7.798772 7.839866 7.873334 7.900126 7.920933 7.936271 7.946527 7.951982 7.952834 7.949198
1.132788 1.234615 1.349972 1.481115 1.630675 1.801648 1.997305 2.220858 2.474640 2.758178 3.064914 3.379846 3.684133 3.964405 4.215643 4.438200 4.634741 4.808611 4.963122 5.101302 5.225831 5.339040 5.442955 5.539342 5.629755 5.715581 5.798077 5.878400 5.957644 6.036860 6.117079 6.199325 6.284629 6.374030 6.468571 6.569281 6.677162 6.793135 6.918005 7.052401 7.196714 7.351031 7.515038 7.687912 7.868124 8.053142 8.238925 8.419255 8.585351 8.727448 8.840284 8.927356 8.996001 9.051536 9.096910 9.133804 9.163334 9.186290 9.203277 9.214742 9.221015 9.222326 9.218822
