T5-twomodels-2/model60.grd
DSAA
         100         100
  -15.00000       15.00000    
  -15.00000       15.00000    
  0.2898437       23.03301    
[rows 0 to 27 of 100, columns 0 to 62 of 100]
0.2945365 0.2999952 0.3056116 0.3113856 0.3173174 0.3234066 0.3296524 0.3360542 0.3426106 0.3493203 0.3561812 0.3631916 0.3703509 0.3776568 0.3851071 0.3926998 0.4004325 0.4083030 0.4163091 0.4244483 0.4327179 0.4411151 0.4496365 0.4582785 0.4670371 0.4759071 0.4848833 0.4939589 0.5031264 0.5123772 0.5217016 0.5310883 0.5405246 0.5499966 0.5594886 0.5689837 0.5784632 0.5879071 0.5972942 0.6066017 0.6158056 0.6248814 0.6338037 0.6425459 0.6510820 0.6593848 0.6674283 0.6751857 0.6826302 0.6897358 0.6964834 0.7028505 0.7088127 0.7143497 0.7194422 0.7240731 0.7282259 0.7318861 0.7350407 0.7376783 0.7397888 0.7413630 0.7423942
0.2994127 0.3051891 0.3111368 0.3172561 0.3235471 0.3300093 0.3366424 0.3434450 0.3504161 0.3575542 0.3648582 0.3723260 0.3799548 0.3877427 0.3956881 0.4037893 0.4120438 0.4204500 0.4290054 0.4377081 0.4465557 0.4555456 0.4646752 0.4739410 0.4833397 0.4928662 0.5025156 0.5122814 0.5221564 0.5321317 0.5421973 0.5523418 0.5625516 0.5728117 0.5831057 0.5934147 0.6037186 0.6139953 0.6242211 0.6343707 0.6444175 0.6543337 0.6640907 0.6736588 0.6830082 0.6921088 0.7009308 0.7094446 0.7176229 0.7254388 0.7328603 0.7398614 0.7464206 0.7525151 0.7581235 0.7632264 0.7678064 0.7718471 0.7753345 0.7782558 0.7806000 0.7823577 0.7835209
0.3044774 0.3105948 0.3168989 0.3233900 0.3300683 0.3369331 0.3439840 0.3512197 0.3586390 0.3662400 0.3740205 0.3819784 0.3901131 0.3984221 0.4069032 0.4155541 0.4243731 0.4333582 0.4425079 0.4518200 0.4612929 0.4709246 0.4807129 0.4906549 0.5007477 0.5109872 0.5213686 0.5318862 0.5425326 0.5532994 0.5641763 0.5751513 0.5862104 0.5973379 0.6085159 0.6197241 0.6309401 0.6421397 0.6532967 0.6643826 0.6753677 0.6862207 0.6969092 0.7073998 0.7176586 0.7276514 0.7373446 0.7467040 0.7556958 0.7642869 0.7724527 0.7801645 0.7873924 0.7941111 0.8002971 0.8059289 0.8109870 0.8154541 0.8193142 0.8225538 0.8251609 0.8271254 0.8284385
0.3097411 0.3162256 0.3229136 0.3298056 0.3369019 0.3442019 0.3517047 0.3594092 0.3673138 0.3754166 0.3837160 0.3922098 0.4008944 0.4097682 0.4188292 0.4280755 0.4375055 0.4471176 0.4569103 0.4668821 0.4770321 0.4873587 0.4978607 0.5085359 0.5193823 0.5303964 0.5415745 0.5529110 0.5643994 0.5760313 0.5877967 0.5996834 0.6116766 0.6237598 0.6359137 0.6481164 0.6603435 0.6725678 0.6847606 0.6968896 0.7089217 0.7208214 0.7325519 0.7440752 0.7553529 0.7663462 0.7770167 0.7873263 0.7972397 0.8067223 0.8157346 0.8242432 0.8322213 0.8396402 0.8464740 0.8526987 0.8582933 0.8632383 0.8675168 0.8711139 0.8740168 0.8762144 0.8776974
0.3152105 0.3220906 0.3291932 0.3365187 0.3440675 0.3518389 0.3598318 0.3680449 0.3764763 0.3851235 0.3939836 0.4030541 0.4123339 0.4218203 0.4315105 0.4414029 0.4514954 0.4617869 0.4722765 0.4829634 0.4938470 0.5049272 0.5162032 0.5276741 0.5393391 0.5511956 0.5632410 0.5754707 0.5878789 0.6004578 0.6131975 0.6260859 0.6391077 0.6522457 0.6654792 0.6787841 0.6921342 0.7054994 0.7188469 0.7321413 0.7453446 0.7584168 0.7713160 0.7839990 0.7964220 0.8085403 0.8203102 0.8316875 0.8426292 0.8530926 0.8630453 0.8724513 0.8812729 0.8894790 0.8970407 0.9039316 0.9101284 0.9156101 0.9203586 0.9243577 0.9275935 0.9300545 0.9317302
0.3208951 0.3282026 0.3357536 0.3435488 0.3515883 0.3598715 0.3683972 0.3771634 0.3861680 0.3954081 0.4048815 0.4145851 0.4245147 0.4346675 0.4450420 0.4556361 0.4664481 0.4774772 0.4887229 0.5001851 0.5118646 0.5237620 0.5358778 0.5482128 0.5607672 0.5735404 0.5865306 0.5997350 0.6131486 0.6267647 0.6405740 0.6545644 0.6687207 0.6830245 0.6974539 0.7119831 0.7265829 0.7412202 0.7558585 0.7704577 0.7849747 0.7993641 0.8135778 0.8275666 0.8412798 0.8546668 0.8676769 0.8802608 0.8923716 0.9039652 0.9149911 0.9254074 0.9351795 0.9442721 0.9526529 0.9602932 0.9671674 0.9732528 0.9785297 0.9829811 0.9865919 0.9893503 0.9912452
0.3268026 0.3345726 0.3426098 0.3509150 0.3594884 0.3683290 0.3774353 0.3868050 0.3964350 0.4063220 0.4164619 0.4268507 0.4374866 0.4483660 0.4594859 0.4708439 0.4824387 0.4942694 0.5063367 0.5186411 0.5311846 0.5439692 0.5569971 0.5702709 0.5837926 0.5975633 0.6115838 0.6258525 0.6403661 0.6551194 0.6701041 0.6853084 0.7007174 0.7163119 0.7320689 0.7479603 0.7639543 0.7800142 0.7960987 0.8121628 0.8281576 0.8440306 0.8597274 0.8751908 0.8903627 0.9051843 0.9195976 0.9335449 0.9469693 0.9598162 0.9720423 0.9836016 0.9944471 1.004540 1.013845 1.022329 1.029966 1.036731 1.042603 1.047564 1.051598 1.054692 1.056835
0.3329425 0.3412142 0.3497797 0.3586403 0.3677958 0.3772450 0.3869861 0.3970159 0.4073308 0.4179264 0.4287991 0.4399440 0.4513552 0.4630292 0.4749631 0.4871547 0.4996024 0.5123063 0.5252672 0.5384872 0.5519695 0.5657179 0.5797369 0.5940312 0.6086050 0.6234624 0.6386063 0.6540376 0.6697556 0.6857567 0.7020342 0.7185774 0.7353715 0.7523974 0.7696304 0.7870408 0.8045934 0.8222476 0.8399571 0.8576704 0.8753322 0.8928822 0.9102572 0.9273913 0.9442172 0.9606668 0.9766731 0.9921699 1.007095 1.021390 1.034991 1.047844 1.059905 1.071129 1.081477 1.090915 1.099412 1.106943 1.113485 1.119020 1.123530 1.127005 1.129430
0.3393219 0.3481389 0.3572804 0.3667472 0.3765395 0.3866557 0.3970929 0.4078476 0.4189146 0.4302886 0.4419630 0.4539319 0.4661914 0.4787360 0.4915614 0.5046647 0.5180444 0.5317005 0.5456353 0.5598519 0.5743554 0.5891517 0.6042481 0.6196520 0.6353710 0.6514122 0.6677819 0.6844842 0.7015215 0.7188928 0.7365935 0.7546149 0.7729431 0.7915584 0.8104361 0.8295437 0.8488430 0.8682886 0.8878286 0.9074048 0.9269532 0.9464043 0.9656851 0.9847189 1.003427 1.021730 1.039551 1.056810 1.073434 1.089349 1.104498 1.118822 1.132261 1.144767 1.156296 1.166812 1.176281 1.184676 1.191974 1.198156 1.203205 1.207108 1.209854
0.3459496 0.3553612 0.3651317 0.3752625 0.3857535 0.3966026 0.4078064 0.4193595 0.4312562 0.4434891 0.4560514 0.4689352 0.4821315 0.4956343 0.5094389 0.5235419 0.5379416 0.5526388 0.5676363 0.5829390 0.5985542 0.6144907 0.6307590 0.6473700 0.6643356 0.6816666 0.6993742 0.7174662 0.7359492 0.7548261 0.7740953 0.7937505 0.8137794 0.8341634 0.8548763 0.8758845 0.8971458 0.9186100 0.9402186 0.9619049 0.9835953 1.005210 1.026662 1.047863 1.068722 1.089144 1.109038 1.128315 1.146890 1.164684 1.181615 1.197613 1.212620 1.226582 1.239451 1.251187 1.261755 1.271126 1.279278 1.286190 1.291846 1.296235 1.299344
0.3528312 0.3628924 0.3733524 0.3842128 0.3954732 0.4071311 0.4191819 0.4316189 0.4444342 0.4576181 0.4711598 0.4850492 0.4992784 0.5138387 0.5287225 0.5439253 0.5594448 0.5752823 0.5914417 0.6079298 0.6247567 0.6419346 0.6594780 0.6774026 0.6957251 0.7144621 0.7336296 0.7532418 0.7733098 0.7938417 0.8148406 0.8363035 0.8582208 0.8805753 0.9033410 0.9264817 0.9499527 0.9736976 0.9976508 1.021735 1.045867 1.069951 1.093889 1.117574 1.140898 1.163751 1.186025 1.207614 1.228415 1.248330 1.267282 1.285194 1.301990 1.317609 1.332001 1.345121 1.356933 1.367409 1.376524 1.384260 1.390603 1.395540 1.399061
0.3599733 0.3707462 0.3819638 0.3936282 0.4057391 0.4182929 0.4312838 0.4447031 0.4585405 0.4727834 0.4874193 0.5024345 0.5178141 0.5335470 0.5496249 0.5660414 0.5827937 0.5998832 0.6173152 0.6350988 0.6532477 0.6717780 0.6907095 0.7100636 0.7298635 0.7501324 0.7708936 0.7921681 0.8139740 0.8363260 0.8592334 0.8826981 0.9067146 0.9312678 0.9563329 0.9818726 1.007838 1.034167 1.060786 1.087606 1.114529 1.141446 1.168237 1.194780 1.220943 1.246598 1.271616 1.295871 1.319247 1.341635 1.362926 1.383029 1.401870 1.419382 1.435507 1.450200 1.463424 1.475149 1.485353 1.494020 1.501136 1.506692 1.510681
0.3673774 0.3789320 0.3909850 0.4035389 0.4165934 0.4301441 0.4441836 0.4587005 0.4736808 0.4891080 0.5049633 0.5212288 0.5378888 0.5549276 0.5723319 0.5900930 0.6082067 0.6266745 0.6455036 0.6647055 0.6842979 0.7043025 0.7247454 0.7456552 0.7670632 0.7890010 0.8115011 0.8345931 0.8583047 0.8826590 0.9076730 0.9333558 0.9597080 0.9867186 1.014365 1.042608 1.071397 1.100663 1.130322 1.160273 1.190402 1.220579 1.250664 1.280508 1.309958 1.338857 1.367050 1.394388 1.420727 1.445934 1.469901 1.492526 1.513713 1.533390 1.551493 1.567977 1.582802 1.595943 1.607379 1.617096 1.625085 1.631341 1.635858
0.3750443 0.3874600 0.4004368 0.4139782 0.4280843 0.4427495 0.4579639 0.4737133 0.4899794 0.5067402 0.5239730 0.5416527 0.5597537 0.5782551 0.5971401 0.6163971 0.6360199 0.6560100 0.6763757 0.6971325 0.7183032 0.7399159 0.7620044 0.7846069 0.8077646 0.8315197 0.8559161 0.8809949 0.9067953 0.9333516 0.9606918 0.9888344 1.017788 1.047548 1.078095 1.109392 1.141385 1.173998 1.207137 1.240686 1.274510 1.308457 1.342359 1.376039 1.409309 1.441982 1.473871 1.504797 1.534593 1.563107 1.590192 1.615725 1.639613 1.661772 1.682139 1.700663 1.717310 1.732055 1.744883 1.755786 1.764760 1.771804 1.776918
0.3829691 0.3963358 0.4103376 0.4249797 0.4402623 0.4561793 0.4727181 0.4898603 0.5075813 0.5258521 0.5446397 0.5639104 0.5836349 0.6037831 0.6243301 0.6452591 0.6665612 0.6882373 0.7102980 0.7327626 0.7556601 0.7790276 0.8029084 0.8273520 0.8524122 0.8781446 0.9046073 0.9318562 0.9599449 0.9889228 1.018831 1.049702 1.081555 1.114394 1.148208 1.182961 1.218598 1.255038 1.292173 1.329871 1.367973 1.406300 1.444649 1.482805 1.520542 1.557631 1.593843 1.628961 1.662776 1.695101 1.725785 1.754690 1.781696 1.806712 1.829672 1.850527 1.869246 1.885810 1.900214 1.912455 1.922539 1.930472 1.936259
0.3911414 0.4055609 0.4207035 0.4365768 0.4531822 0.4705125 0.4885524 0.5072778 0.5266571 0.5466514 0.5672188 0.5883135 0.6098886 0.6319042 0.6543278 0.6771352 0.7003145 0.7238650 0.7477998 0.7721434 0.7969330 0.8222159 0.8480479 0.8744925 0.9016194 0.9295010 0.9582129 0.9878293 1.018422 1.050061 1.082803 1.116700 1.151785 1.188077 1.225573 1.264245 1.304036 1.344862 1.386601 1.429103 1.472181 1.515619 1.559175 1.602586 1.645575 1.687859 1.729160 1.769209 1.807760 1.844595 1.879506 1.912331 1.942949 1.971261 1.997200 2.020720 2.041799 2.060429 2.076613 2.090364 2.101696 2.110627 2.117172
0.3995418 0.4151297 0.4315456 0.4488016 0.4669006 0.4858352 0.5055869 0.5261249 0.5474074 0.5693827 0.5919910 0.6151702 0.6388616 0.6630093 0.6875654 0.7124964 0.7377835 0.7634257 0.7894385 0.8158536 0.8427178 0.8700915 0.8980469 0.9266644 0.9560333 0.9862473 1.017404 1.049600 1.082931 1.117489 1.153357 1.190607 1.229296 1.269460 1.311111 1.354232 1.398770 1.444635 1.491698 1.539781 1.588670 1.638103 1.687789 1.737404 1.786605 1.835043 1.882369 1.928250 1.972375 2.014470 2.054315 2.091724 2.126543 2.158670 2.188038 2.214612 2.238380 2.259353 2.277550 2.293000 2.305735 2.315787 2.323184
0.4081423 0.4250291 0.4428704 0.4616842 0.4814775 0.5022431 0.5239591 0.5465869 0.5700722 0.5943457 0.6193296 0.6449373 0.6710814 0.6976843 0.7246820 0.7520278 0.7796950 0.8076808 0.8360046 0.8647068 0.8938475 0.9235041 0.9537678 0.9847422 1.016540 1.049280 1.083088 1.118089 1.154407 1.192165 1.231476 1.272441 1.315145 1.359651 1.405993 1.454169 1.504138 1.555810 1.609043 1.663638 1.719341 1.775842 1.832785 1.889768 1.946367 2.002142 2.056654 2.109488 2.160264 2.208648 2.254347 2.297136 2.336862 2.373417 2.406742 2.436818 2.463655 2.487285 2.507754 2.525116 2.539424 2.550730 2.559081
0.4168971 0.4352301 0.4546706 0.4752454 0.4969686 0.5198351 0.5438206 0.5688768 0.5949327 0.6218958 0.6496556 0.6780933 0.7070943 0.7365487 0.7663646 0.7964756 0.8268452 0.8574682 0.8883694 0.9196016 0.9512419 0.9833896 1.016161 1.049687 1.084110 1.119581 1.156257 1.194300 1.233871 1.275127 1.318223 1.363295 1.410469 1.459841 1.511477 1.565403 1.621594 1.679965 1.740370 1.802584 1.866313 1.931187 1.996768 2.062562 2.128031 2.192620 2.255770 2.316949 2.375667 2.431499 2.484118 2.533263 2.578745 2.620459 2.658361 2.692458 2.722794 2.749436 2.772467 2.791975 2.808042 2.820749 2.830161
0.4257459 0.4456900 0.4669273 0.4894984 0.5134284 0.5387182 0.5653424 0.5932422 0.6223266 0.6524708 0.6835275 0.7153304 0.7477089 0.7805095 0.8136060 0.8469073 0.8803630 0.9139659 0.9477503 0.9817848 1.016171 1.051035 1.086525 1.122807 1.160060 1.198473 1.238245 1.279578 1.322678 1.367750 1.414995 1.464600 1.516739 1.571557 1.629164 1.689625 1.752944 1.819056 1.887810 1.958965 2.032182 2.107019 2.182942 2.259336 2.335521 2.410783 2.484405 2.555697 2.624040 2.688901 2.749836 2.806530 2.858797 2.906539 2.949745 2.988463 3.022789 3.052843 3.078758 3.100666 3.118695 3.132957 3.143551
0.4346022 0.4563413 0.4795990 0.5044371 0.5308985 0.5589970 0.5887089 0.6199666 0.6526523 0.6865993 0.7215979 0.7574148 0.7938174 0.8305856 0.8675383 0.9045486 0.9415497 0.9785347 1.015551 1.052693 1.090093 1.127915 1.166348 1.205600 1.245893 1.287466 1.330564 1.375442 1.422359 1.471578 1.523358 1.577949 1.635589 1.696486 1.760815 1.828693 1.900175 1.975228 2.053713 2.135380 2.219842 2.306584 2.394955 2.484187 2.573416 2.661718 2.748155 2.831815 2.911872 2.987623 3.058548 3.124275 3.184581 3.239396 3.288759 3.332793 3.371666 3.405575 3.434724 3.459311 3.479518 3.495502 3.507399
0.4433532 0.4670889 0.4926174 0.5200318 0.5494040 0.5807699 0.6141171 0.6493711 0.6863844 0.7249336 0.7647310 0.8054428 0.8467206 0.8882509 0.9297807 0.9711377 1.012235 1.053072 1.093720 1.134308 1.175015 1.216051 1.257659 1.300098 1.343647 1.388598 1.435257 1.483938 1.534965 1.588670 1.645385 1.705439 1.769150 1.836811 1.908680 1.984956 2.065766 2.151132 2.240955 2.334984 2.432803 2.533814 2.637235 2.742113 2.847345 2.951728 3.054013 3.152984 3.247535 3.336745 3.419884 3.496498 3.566384 3.629525 3.686050 3.736193 3.780239 3.818494 3.851260 3.878822 3.901434 3.919314 3.932644
0.4518508 0.4778013 0.5058770 0.5362168 0.5689376 0.6041155 0.6417642 0.6818119 0.7240794 0.7682678 0.8139659 0.8606889 0.9079393 0.9552566 1.002277 1.048767 1.094622 1.139859 1.184589 1.228997 1.273322 1.317842 1.362863 1.408710 1.455727 1.504274 1.554724 1.607463 1.662894 1.721427 1.783486 1.849494 1.919871 1.995021 2.075311 2.161055 2.252482 2.349710 2.452707 2.561258 2.674939 2.793079 2.914760 3.038809 3.163827 3.288234 3.410354 3.528514 3.641166 3.747015 3.845151 3.935014 4.016389 4.089364 4.154227 4.211386 4.261301 4.304433 4.341226 4.372074 4.397326 4.417281 4.432174
0.4599094 0.4883057 0.5192274 0.5528789 0.5894472 0.6290750 0.6718310 0.7176682 0.7663829 0.8175820 0.8706869 0.9249778 0.9796886 1.034138 1.087813 1.140407 1.191808 1.242076 1.291392 1.340024 1.388298 1.436576 1.485248 1.534719 1.585412 1.637763 1.692228 1.749273 1.809392 1.873091 1.940899 2.013355 2.091005 2.174392 2.264028 2.360377 2.463819 2.574614 2.692849 2.818397 2.950865 3.089552 3.233413 3.381044 3.530688 3.680285 3.827556 3.970158 4.105886 4.232896 4.349831 4.455980 4.551223 4.635848 4.710414 4.775610 4.832155 4.880735 4.921978 4.956432 4.984567 5.006771 5.023358
0.4673058 0.4983844 0.5324650 0.5698448 0.6108140 0.6556261 0.7044511 0.7573172 0.8140225 0.8740647 0.9366063 1.000550 1.064725 1.128092 1.189913 1.249802 1.307679 1.363693 1.418144 1.471426 1.523984 1.576296 1.628850 1.682153 1.736716 1.793068 1.851755 1.913339 1.978414 2.047601 2.121547 2.200933 2.286457 2.378829 2.478750 2.586878 2.703803 2.829987 2.965709 3.111006 3.265599 3.428822 3.599571 3.776237 3.956683 4.138260 4.317870 4.492157 4.657813 4.811990 4.952755 5.079185 5.191283 5.289735 5.375571 5.449931 5.513917 5.568536 5.614662 5.653041 5.684291 5.708919 5.727324
0.4737831 0.5077763 0.5453317 0.5868715 0.6328347 0.6836466 0.7396629 0.8010749 0.8677667 0.9391466 1.014022 1.090659 1.167132 1.241820 1.313690 1.382316 1.447734 1.510277 1.570442 1.628807 1.685982 1.742587 1.799242 1.856565 1.915176 1.975704 2.038799 2.105131 2.175407 2.250373 2.330820 2.417586 2.511550 2.613627 2.724745 2.845816 2.977699 3.121137 3.276697 3.444683 3.625050 3.817308 4.020419 4.232692 4.451688 4.674132 4.895899 5.112154 5.317779 5.508149 5.679993 5.832026 5.964727 6.079573 6.178430 6.263154 6.335420 6.396666 6.448098 6.490705 6.525294 6.552506 6.572843
0.4790711 0.5161951 0.5575254 0.6036457 0.6552020 0.7128767 0.7773305 0.8490877 0.9283105 1.014439 1.105791 1.199512 1.292312 1.381561 1.465866 1.544911 1.619039 1.688926 1.755380 1.819242 1.881341 1.942479 2.003426 2.064933 2.127743 2.192598 2.260259 2.331517 2.407201 2.488200 2.575463 2.670007 2.772919 2.885353 3.008509 3.143605 3.291842 3.454334 3.632042 3.825673 4.035584 4.261655 4.503159 4.758594 5.025491 5.300161 5.577429 5.850456 6.111038 6.350921 6.564238 6.749101 6.907039 7.041206 7.154950 7.251256 7.332615 7.401047 7.458173 7.505285 7.543408 7.573346 7.595718
0.4829392 0.5233778 0.5687433 0.6198220 0.6775271 0.7428982 0.8170689 0.9011602 0.9960033 1.101502 1.215535 1.333178 1.448231 1.556332 1.655910 1.747198 1.831216 1.909225 1.982494 2.052218 2.119506 2.185371 2.250766 2.316588 2.383714 2.453010 2.525361 2.601682 2.682940 2.770174 2.864506 2.967151 3.079429 3.202763 3.338665 3.488714 3.654518 3.837654 4.039586 4.261578 4.504579 4.769101 5.055068 5.361625 5.686856 6.027351 6.377502 6.728514 7.067551 7.378897 7.649806 7.877172 8.065776 8.222342 8.352801 8.461822 8.553005 8.629104 8.692256 8.744103 8.785924 8.818702 8.843190
