T5-twomodels-2/model120.grd
DSAA
         100         100
  -15.00000       15.00000    
  -15.00000       15.00000    
  -12.34019       22.08025    
[rows 0 to 26 of 100, columns 0 to 60 of 100]
0.1142325 0.1128175 0.1115094 0.1103278 0.1092941 0.1084305 0.1077609 0.1073099 0.1071034 0.1071678 0.1075313 0.1082206 0.1092594 0.1106750 0.1124948 0.1147443 0.1174477 0.1206278 0.1243063 0.1285022 0.1332329 0.1385134 0.1443562 0.1507710 0.1577650 0.1653418 0.1735025 0.1822440 0.1915602 0.2014417 0.2118749 0.2228426 0.2343238 0.2462938 0.2587239 0.2715818 0.2848319 0.2984347 0.3123479 0.3265260 0.3409210 0.3554827 0.3701594 0.3848972 0.3996422 0.4143394 0.4289343 0.4433723 0.4575991 0.4715613 0.4852128 0.4985105 0.5114081 0.5238616 0.5358315 0.5472816 0.5581792 0.5684947 0.5782017 0.5872771 0.5957007
0.1054352 0.1036989 0.1020664 0.1005598 9.9202730E-02 9.8020263E-02 9.7038999E-02 9.6287109E-02 9.5793545E-02 9.5588319E-02 9.5700383E-02 9.6160740E-02 9.7003907E-02 9.8259866E-02 9.9957623E-02 0.1021266 0.1047946 0.1079886 0.1117332 0.1160511 0.1209627 0.1264856 0.1326351 0.1394229 0.1468582 0.1549459 0.1636880 0.1730824 0.1831233 0.1938007 0.2051004 0.2170043 0.2294893 0.2425282 0.2560899 0.2701384 0.2846339 0.2995324 0.3147862 0.3303443 0.3461525 0.3621542 0.3782903 0.3945003 0.4107226 0.4268952 0.4429561 0.4588442 0.4745011 0.4898714 0.5048953 0.5195153 0.5336832 0.5473538 0.5604841 0.5730342 0.5849682 0.5962538 0.6068622 0.6167687 0.6259514
9.5864132E-02 9.3758799E-02 9.1752514E-02 8.9869544E-02 8.8136256E-02 8.6580649E-02 8.5232876E-02 8.4124558E-02 8.3288990E-02 8.2760371E-02 8.2575269E-02 8.2768872E-02 8.3373159E-02 8.4424369E-02 8.5958533E-02 8.8009633E-02 9.0610355E-02 9.3791589E-02 9.7582348E-02 0.1020091 0.1070957 0.1128631 0.1193295 0.1265094 0.1344135 0.1430492 0.1524194 0.1625233 0.1733551 0.1849050 0.1971581 0.2100946 0.2236900 0.2379145 0.2527339 0.2681081 0.2839927 0.3003385 0.3170923 0.3341959 0.3515885 0.3692054 0.3869801 0.4048433 0.4227252 0.4405550 0.4582624 0.4757772 0.4930300 0.5099527 0.5264864 0.5425756 0.5581625 0.5731929 0.5876181 0.6013940 0.6144810 0.6268442 0.6384525 0.6492792 0.6593011
8.5448690E-02 8.2920201E-02 8.0483243E-02 7.8164600E-02 7.5993612E-02 7.4001938E-02 7.2223254E-02 7.0693694E-02 6.9450893E-02 6.8533637E-02 6.7980215E-02 6.7831792E-02 6.8132952E-02 6.8924017E-02 7.0243798E-02 7.2131656E-02 7.4625343E-02 7.7760853E-02 8.1571728E-02 8.6089149E-02 9.1341093E-02 9.7352222E-02 0.1041442 0.1117344 0.1201365 0.1293595 0.1394086 0.1502836 0.1619796 0.1744867 0.1877894 0.2018670 0.2166928 0.2322344 0.2484537 0.2653069 0.2827441 0.3007104 0.3191455 0.3379841 0.3571569 0.3765905 0.3962088 0.4159333 0.4356841 0.4553802 0.4749415 0.4942887 0.5133464 0.5320425 0.5503016 0.5680513 0.5852307 0.6017833 0.6176559 0.6327998 0.6471720 0.6607344 0.6734530 0.6852999 0.6962504
7.4106053E-02 7.1092330E-02 6.8159215E-02 6.5336451E-02 6.2656775E-02 6.0155433E-02 5.7870988E-02 5.5843800E-02 5.4117244E-02 5.2735887E-02 5.1747542E-02 5.1198855E-02 5.1133171E-02 5.1598646E-02 5.2643102E-02 5.4312356E-02 5.6650352E-02 5.9698779E-02 6.3497044E-02 6.8081096E-02 7.3483966E-02 7.9734884E-02 8.6859196E-02 9.4877787E-02 0.1038077 0.1136604 0.1244428 0.1361565 0.1487976 0.1623563 0.1768168 0.1921570 0.2083483 0.2253555 0.2431369 0.2616434 0.2808200 0.3006048 0.3209296 0.3417206 0.3628989 0.3843811 0.4060801 0.4279059 0.4497671 0.4715708 0.4932253 0.5146391 0.5357226 0.5563877 0.5765582 0.5961630 0.6151291 0.6333889 0.6508826 0.6675563 0.6833630 0.6982610 0.7122149 0.7251938 0.7371727
6.1746862E-02 5.8176789E-02 5.4672223E-02 5.1266212E-02 4.7995105E-02 4.4898737E-02 4.2020295E-02 3.9406005E-02 3.7105199E-02 3.5168514E-02 3.3647265E-02 3.2595851E-02 3.2073282E-02 3.2133143E-02 3.2828469E-02 3.4211971E-02 3.6334690E-02 3.9245117E-02 4.2988990E-02 4.7608465E-02 5.3142127E-02 5.9624296E-02 6.7084871E-02 7.5549051E-02 8.5037224E-02 9.5564105E-02 0.1071390 0.1197656 0.1334410 0.1481562 0.1638951 0.1806344 0.1983438 0.2169851 0.2365121 0.2568710 0.2780001 0.2998298 0.3222836 0.3452772 0.3687211 0.3925195 0.4165727 0.4407774 0.4650282 0.4892188 0.5132433 0.5369977 0.5603825 0.5833040 0.6056651 0.6273743 0.6483537 0.6685327 0.6878452 0.7062325 0.7236429 0.7400315 0.7553604 0.7695976 0.7827169
4.8272010E-02 4.4063780E-02 3.9901167E-02 3.5820298E-02 3.1861778E-02 2.8070342E-02 2.4494786E-02 2.1187892E-02 1.8205915E-02 1.5607802E-02 1.3456774E-02 1.1815247E-02 1.0742014E-02 1.0301615E-02 1.0558707E-02 1.1574896E-02 1.3409439E-02 1.6118726E-02 1.9756379E-02 2.4371246E-02 3.0008309E-02 3.6707871E-02 4.4505253E-02 5.3430468E-02 6.3508049E-02 7.4756190E-02 8.7187581E-02 0.1008081 0.1156166 0.1316051 0.1487575 0.1670498 0.1864497 0.2069157 0.2283979 0.2508365 0.2741626 0.2982982 0.3231563 0.3486417 0.3746517 0.4010765 0.4278015 0.4547074 0.4816726 0.5085741 0.5352899 0.5616989 0.5876831 0.6131280 0.6379336 0.6620072 0.6852564 0.7075968 0.7289545 0.7492645 0.7684706 0.7865250 0.8033872 0.8190238 0.8334088
3.3571877E-02 2.8632047E-02 2.3711171E-02 1.8849131E-02 1.4091167E-02 9.4874995E-03 5.0934264E-03 9.6920418E-04 -2.8208364E-03 -6.2088715E-03 -9.1262627E-03 -1.1499994E-02 -1.3251440E-02 -1.4307583E-02 -1.4596642E-02 -1.4046906E-02 -1.2589596E-02 -1.0158564E-02 -6.6921115E-03 -2.1330081E-03 3.5712963E-03 1.0467879E-02 1.8597953E-02 2.7997375E-02 3.8695291E-02 5.0714519E-02 6.4071268E-02 7.8774340E-02 9.4824895E-02 0.1122166 0.1309339 0.1509521 0.1722374 0.1947455 0.2184215 0.2431999 0.2690037 0.2957454 0.3233266 0.3516386 0.3805636 0.4099757 0.4397422 0.4697251 0.4997832 0.5297740 0.5595559 0.5889896 0.6179428 0.6462907 0.6739073 0.7006749 0.7264938 0.7512749 0.7749367 0.7974083 0.8186288 0.8385470 0.8571210 0.8743166 0.8901073
1.7524768E-02 1.1745585E-02 5.9508719E-03 1.8419234E-04 -5.5039306E-03 -1.1057314E-02 -1.6412977E-02 -2.1502119E-02 -2.6250584E-02 -3.0579653E-02 -3.4404829E-02 -3.7641522E-02 -4.0208757E-02 -4.2018808E-02 -4.2984378E-02 -4.3021426E-02 -4.2049590E-02 -3.9992251E-02 -3.6777139E-02 -3.2337848E-02 -2.6613334E-02 -1.9548927E-02 -1.1095871E-02 -1.2123957E-03 1.0136515E-02 2.2978662E-02 3.7334770E-02 5.3217448E-02 7.0630759E-02 8.9570276E-02 0.1100220 0.1319613 0.1553530 0.1801497 0.2062926 0.2337089 0.2623138 0.2920087 0.3226819 0.3542096 0.3864565 0.4192770 0.4525173 0.4860170 0.5196117 0.5531348 0.5864215 0.6193088 0.6516384 0.6832583 0.7140358 0.7438492 0.7725803 0.8001229 0.8263866 0.8512929 0.8747764 0.8967837 0.9172710 0.9362044 0.9535584
-2.3283064E-06 -6.7444053E-03 -1.3546948E-02 -2.0361856E-02 -2.7133267E-02 -3.3797745E-02 -4.0284127E-02 -4.6513535E-02 -5.2400235E-02 -5.7853457E-02 -6.2779315E-02 -6.7078441E-02 -7.0644520E-02 -7.3376924E-02 -7.5177245E-02 -7.5947352E-02 -7.5593472E-02 -7.4026227E-02 -7.1161754E-02 -6.6922650E-02 -6.1238416E-02 -5.4045256E-02 -4.5286540E-02 -3.4913469E-02 -2.2884039E-02 -9.1649126E-03 6.2700827E-03 2.3437897E-02 4.2346772E-02 6.2995493E-02 8.5371777E-02 0.1094519 0.1352002 0.1625669 0.1914885 0.2218861 0.2536649 0.2867147 0.3209091 0.3561060 0.3921500 0.4288726 0.4660942 0.5036278 0.5412807 0.5788576 0.6161653 0.6530142 0.6892242 0.7246264 0.7590550 0.7923559 0.8244011 0.8550772 0.8842849 0.9119388 0.9379697 0.9623215 0.9849500 1.005823 1.024916
-1.9158097E-02 -2.7005585E-02 -3.4970582E-02 -4.3001052E-02 -5.1035080E-02 -5.9001405E-02 -6.6819042E-02 -7.4397266E-02 -8.1636764E-02 -8.8431172E-02 -9.4665445E-02 -0.1002231 -0.1049911 -0.1088486 -0.1116754 -0.1133565 -0.1137820 -0.1128475 -0.1104555 -0.1065167 -0.1009492 -9.3679130E-02 -8.4641211E-02 -7.3778346E-02 -6.1041165E-02 -4.6389408E-02 -2.9790774E-02 -1.1222344E-02 9.3289651E-03 3.1865995E-02 5.6379940E-02 8.2848877E-02 0.1112374 0.1414946 0.1735529 0.2073260 0.2427103 0.2795815 0.3177969 0.3571941 0.3975933 0.4387981 0.4805999 0.5227778 0.5651056 0.6073530 0.6492918 0.6906976 0.7313541 0.7710559 0.8096229 0.8468939 0.8827159 0.9169560 0.9495026 0.9802642 1.009167 1.036153 1.061181 1.084219 1.105249
-4.0104844E-02 -4.9221423E-02 -5.8528736E-02 -6.7970090E-02 -7.7477403E-02 -8.6970769E-02 -9.6357964E-02 -0.1055344 -0.1143849 -0.1227851 -0.1306051 -0.1377065 -0.1439426 -0.1491731 -0.1532604 -0.1560693 -0.1574710 -0.1573436 -0.1555743 -0.1520595 -0.1467047 -0.1394253 -0.1301460 -0.1188004 -0.1053310 -8.9689717E-02 -7.1836777E-02 -5.1742513E-02 -2.9387511E-02 -4.7630165E-03 2.2126967E-02 5.1264279E-02 8.2615159E-02 0.1161280 0.1517325 0.1893364 0.2288253 0.2700611 0.3128818 0.3571017 0.4025128 0.4488864 0.4959765 0.5435235 0.5912585 0.6389089 0.6862037 0.7328783 0.7786820 0.8233826 0.8667563 0.9085996 0.9487454 0.9870505 1.023394 1.057676 1.089822 1.119774 1.147493 1.172952 1.196139
-6.3023351E-02 -7.3597975E-02 -8.4455527E-02 -9.5536254E-02 -0.1067652 -0.1180527 -0.1292936 -0.1403674 -0.1511393 -0.1614623 -0.1711764 -0.1801178 -0.1881256 -0.1950298 -0.2006628 -0.2048642 -0.2074825 -0.2083759 -0.2074129 -0.2044744 -0.1994522 -0.1922497 -0.1827802 -0.1709681 -0.1567463 -0.1400582 -0.1208552 -9.9099472E-02 -7.4762948E-02 -4.7829844E-02 -1.8297043E-02 1.3823017E-02 4.8500717E-02 8.5686058E-02 0.1253074 0.1672664 0.2114394 0.2576728 0.3057841 0.3555600 0.4067597 0.4591155 0.5123376 0.5661173 0.6201345 0.6740636 0.7275801 0.7803676 0.8321218 0.8825579 0.9314287 0.9785158 1.023621 1.066576 1.107246 1.145527 1.181342 1.214636 1.245376 1.273543 1.299134
-8.8111684E-02 -0.1003612 -0.1130114 -0.1259986 -0.1392418 -0.1526409 -0.1660762 -0.1794076 -0.1924774 -0.2051121 -0.2171271 -0.2283255 -0.2384990 -0.2474474 -0.2549754 -0.2608931 -0.2650223 -0.2671968 -0.2672652 -0.2650904 -0.2605491 -0.2535318 -0.2439406 -0.2316891 -0.2167005 -0.1989084 -0.1782542 -0.1546901 -0.1281779 -9.8691419E-02 -6.6217735E-02 -3.0760933E-02 7.6564965E-03 4.8989292E-02 9.3166344E-02 0.1400863 0.1896162 0.2415871 0.2957930 0.3519910 0.4099011 0.4692088 0.5295709 0.5906191 0.6519695 0.7132301 0.7740102 0.8339303 0.8926318 0.9497862 1.005085 1.058254 1.109073 1.157363 1.202978 1.245811 1.285783 1.322848 1.356982 1.388179 1.416450
-0.1155870 -0.1297616 -0.1444849 -0.1596922 -0.1752960 -0.1911852 -0.2072234 -0.2232484 -0.2390739 -0.2544920 -0.2692738 -0.2831828 -0.2959827 -0.3074287 -0.3172806 -0.3253118 -0.3313118 -0.3350866 -0.3364609 -0.3352787 -0.3314009 -0.3247041 -0.3150792 -0.3024291 -0.2866667 -0.2677148 -0.2455035 -0.2199731 -0.1910727 -0.1587624 -0.1230165 -8.3826020E-02 -4.1202087E-02 4.8182905E-03 5.4169632E-02 0.1067494 0.1624181 0.2209918 0.2822403 0.3458861 0.4116037 0.4790238 0.5477377 0.6173027 0.6872560 0.7571219 0.8264256 0.8947053 0.9615204 1.026465 1.089189 1.149393 1.206815 1.261246 1.312528 1.360549 1.405241 1.446567 1.484518 1.519107 1.550365
-0.1456876 -0.1620740 -0.1791969 -0.1969916 -0.2153659 -0.2341976 -0.2533323 -0.2725805 -0.2917219 -0.3105075 -0.3286673 -0.3459114 -0.3619340 -0.3764404 -0.3891460 -0.3997797 -0.4080914 -0.4138555 -0.4168709 -0.4169603 -0.4139685 -0.4077592 -0.3982124 -0.3852206 -0.3686865 -0.3485213 -0.3246430 -0.2969773 -0.2654577 -0.2300268 -0.1906409 -0.1472728 -9.9916942E-02 -4.8594736E-02 6.6375360E-03 6.5683484E-02 0.1283997 0.1945891 0.2639970 0.3363076 0.4111442 0.4880706 0.5665984 0.6461940 0.7262938 0.8063160 0.8856800 0.9638198 1.040206 1.114358 1.185838 1.254268 1.319357 1.380881 1.438674 1.492628 1.542686 1.588829 1.631075 1.669461 1.704047
-0.1786711 -0.1975988 -0.2174992 -0.2383123 -0.2599434 -0.2822602 -0.3050877 -0.3282060 -0.3513524 -0.3742235 -0.3964811 -0.4177678 -0.4377267 -0.4559904 -0.4722054 -0.4860441 -0.4972098 -0.5054393 -0.5105026 -0.5122017 -0.5103662 -0.5048487 -0.4955190 -0.4822615 -0.4649688 -0.4435413 -0.4178827 -0.3879017 -0.3535131 -0.3146372 -0.2712054 -0.2231658 -0.1704877 -0.1131700 -5.1248912E-02 1.5190989E-02 8.6009040E-02 0.1609995 0.2398851 0.3223085 0.4078344 0.4959478 0.5860634 0.6775344 0.7696690 0.8617505 0.9530597 1.042894 1.130593 1.215552 1.297263 1.375304 1.449327 1.519073 1.584370 1.645119 1.701286 1.752882 1.799961 1.842598 1.880889
-0.2148161 -0.2366613 -0.2597772 -0.2841136 -0.3095786 -0.3360321 -0.3632779 -0.3910603 -0.4190647 -0.4469217 -0.4742203 -0.5005153 -0.5253366 -0.5482325 -0.5687737 -0.5865638 -0.6012497 -0.6125252 -0.6201306 -0.6238483 -0.6234948 -0.6189145 -0.6099732 -0.5965472 -0.5785229 -0.5557888 -0.5282342 -0.4957491 -0.4582233 -0.4155492 -0.3676268 -0.3143693 -0.2557105 -0.1916144 -0.1220874 -4.7190301E-02 3.2950938E-02 0.1181291 0.2080467 0.3023067 0.4004071 0.5017418 0.6056072 0.7112142 0.8177102 0.9242031 1.029793 1.133603 1.234814 1.332694 1.426596 1.515988 1.600478 1.679793 1.753764 1.822316 1.885448 1.943221 1.995738 2.043130 2.085542
-0.2544228 -0.2796136 -0.3064496 -0.3349003 -0.3648841 -0.3962584 -0.4288064 -0.4622322 -0.4961570 -0.5301246 -0.5636095 -0.5960474 -0.6268677 -0.6554938 -0.6813840 -0.7040523 -0.7230781 -0.7381085 -0.7488534 -0.7550795 -0.7565969 -0.7532488 -0.7449002 -0.7314279 -0.7127132 -0.6886359 -0.6590697 -0.6238816 -0.5829331 -0.5360815 -0.4831843 -0.4241088 -0.3587391 -0.2869902 -0.2088206 -0.1242506 -3.3377580E-02 6.3603185E-02 0.1663850 0.2745321 0.3874731 0.5044960 0.6247555 0.7472854 0.8710275 0.9948612 1.117648 1.238274 1.355693 1.468963 1.577311 1.680121 1.776928 1.867426 1.951456 2.028983 2.100067 2.164837 2.223472 2.276176 2.323165
-0.2978047 -0.3268248 -0.3579600 -0.3912138 -0.4265276 -0.4637659 -0.5026973 -0.5429808 -0.5841604 -0.6256694 -0.6668506 -0.7069765 -0.7452825 -0.7810364 -0.8135630 -0.8422647 -0.8666407 -0.8862881 -0.9008912 -0.9102094 -0.9140572 -0.9122876 -0.9047756 -0.8914053 -0.8720591 -0.8466100 -0.8149165 -0.7768208 -0.7321497 -0.6807154 -0.6223226 -0.5567774 -0.4838963 -0.4035238 -0.3155499 -0.2199307 -0.1167117 -6.0543423E-03 0.1117407 0.2362101 0.3667124 0.5024188 0.6423149 0.7852178 0.9298055 1.074660 1.218324 1.359366 1.496450 1.628393 1.754187 1.873046 1.984443 2.088068 2.183800 2.271673 2.351842 2.424540 2.490050 2.548680 2.600740
-0.3452900 -0.3786809 -0.4147747 -0.4536295 -0.4952312 -0.5394689 -0.5861068 -0.6347609 -0.6848810 -0.7357543 -0.7865189 -0.8362218 -0.8838875 -0.9285536 -0.9693463 -1.005525 -1.036495 -1.061805 -1.081126 -1.094225 -1.100940 -1.101152 -1.094760 -1.081666 -1.061765 -1.034926 -1.000993 -0.9597805 -0.9110750 -0.8546325 -0.7901905 -0.7174750 -0.6362139 -0.5461555 -0.4470887 -0.3388754 -0.2214752 -9.4984844E-02 4.0329993E-02 0.1839992 0.3353212 0.4933441 0.6568615 0.8244247 0.9943784 1.164913 1.334144 1.500196 1.661305 1.815903 1.962730 2.100846 2.229620 2.348728 2.458118 2.557941 2.648495 2.730165 2.803390 2.868615 2.926279
-0.3972112 -0.4355706 -0.4773656 -0.5227386 -0.5717512 -0.6243485 -0.6803154 -0.7392312 -0.8004405 -0.8630412 -0.9259169 -0.9877881 -1.047305 -1.103194 -1.154330 -1.199793 -1.238887 -1.271120 -1.296175 -1.313859 -1.324060 -1.326711 -1.321761 -1.309148 -1.288784 -1.260547 -1.224268 -1.179730 -1.126671 -1.064780 -0.9937103 -0.9130862 -0.8225179 -0.7216240 -0.6100569 -0.4875396 -0.3539002 -0.2091227 -5.3393099E-02 0.1128487 0.2888687 0.4735999 0.6656262 0.8631872 1.064210 1.266376 1.467216 1.664247 1.855117 2.037754 2.210455 2.371984 2.521621 2.659092 2.784474 2.898116 3.000537 3.092352 3.174210 3.246751 3.310584
-0.4538949 -0.4978735 -0.5461922 -0.5991219 -0.6568493 -0.7194266 -0.7867036 -0.8582535 -0.9333069 -1.010717 -1.088972 -1.166317 -1.240924 -1.311046 -1.375187 -1.432200 -1.481286 -1.521950 -1.553928 -1.577116 -1.591499 -1.597103 -1.593952 -1.582045 -1.561330 -1.531699 -1.492973 -1.444904 -1.387172 -1.319386 -1.241096 -1.151797 -1.050951 -0.9380060 -0.8124295 -0.6737489 -0.5215997 -0.3557874 -0.1763500 1.6367808E-02 0.2216522 0.4383551 0.6648582 0.8990511 1.138361 1.379808 1.620138 1.855990 2.084121 2.301640 2.506275 2.696461 2.871338 3.030701 3.174866 3.304501 3.420470 3.523722 3.615209 3.695832 3.766423
-0.5156444 -0.5659320 -0.6216671 -0.6833082 -0.7512395 -0.8257022 -0.9066956 -0.9938520 -1.086311 -1.182620 -1.280744 -1.378196 -1.472311 -1.560647 -1.641219 -1.712613 -1.773958 -1.824826 -1.865090 -1.894814 -1.914146 -1.923258 -1.922293 -1.911337 -1.890396 -1.859384 -1.818121 -1.766323 -1.703606 -1.629484 -1.543380 -1.444635 -1.332521 -1.206269 -1.065103 -0.9082873 -0.7351838 -0.5453283 -0.3385153 -0.1148928 0.1249384 0.3798317 0.6480165 0.9270396 1.213756 1.504376 1.794583 2.079774 2.355394 2.617347 2.862340 3.088187 3.293907 3.479528 3.645809 3.793946 3.925344 4.041442 4.143613 4.233114 4.311063
-0.5827142 -0.6400213 -0.7041135 -0.7757146 -0.8555082 -0.9440529 -1.041643 -1.148112 -1.262593 -1.383283 -1.507343 -1.631128 -1.750729 -1.862591 -1.964012 -2.053295 -2.129603 -2.192715 -2.242787 -2.280168 -2.305266 -2.318469 -2.320092 -2.310342 -2.289305 -2.256938 -2.213059 -2.157349 -2.089351 -2.008470 -1.913980 -1.805033 -1.680672 -1.539858 -1.381502 -1.204526 -1.007916 -0.7908257 -0.5526720 -0.2932651 -1.2935326E-02 0.2873216 0.6057173 0.9395475 1.285110 1.637680 1.991579 2.340428 2.677597 2.996911 3.293484 3.564249 3.808048 4.025347 4.217700 4.387201 4.536092 4.666530 4.780478 4.879661 4.965564
-0.6552780 -0.7203065 -0.7937053 -0.8765621 -0.9699976 -1.075074 -1.192622 -1.322953 -1.465438 -1.617981 -1.776655 -1.935877 -2.089442 -2.232006 -2.359945 -2.471389 -2.565794 -2.643417 -2.704927 -2.751133 -2.782830 -2.800711 -2.805318 -2.797027 -2.776030 -2.742339 -2.695778 -2.635992 -2.562446 -2.474416 -2.371008 -2.251152 -2.113617 -1.957036 -1.779940 -1.580807 -1.358141 -1.110573 -0.8369755 -0.5366236 -0.2093555 0.1442334 0.5225998 0.9230418 1.341499 1.772362 2.208373 2.640732 3.059630 3.455393 3.820026 4.148678 4.440092 4.695791 4.918854 5.112901 5.281480 5.427794 5.554606 5.664251 5.758676
-0.7333652 -0.8067690 -0.8903802 -0.9857638 -1.094646 -1.218844 -1.360096 -1.519691 -1.697809 -1.892438 -2.098152 -2.305973 -2.505573 -2.688542 -2.850131 -2.988748 -3.104707 -3.199228 -3.273825 -3.330005 -3.369100 -3.392211 -3.400177 -3.393582 -3.372752 -3.337770 -3.288476 -3.224479 -3.145153 -3.049638 -2.936844 -2.805451 -2.653912 -2.480475 -2.283214 -2.060076 -1.808953 -1.527801 -1.214758 -0.8683257 -0.4875574 -7.2288886E-02 0.3766146 0.8569518 1.364842 1.894275 2.436609 2.980129 3.510160 4.010563 4.467279 4.872086 5.223740 5.526073 5.785115 6.007098 6.197592 6.361275 6.501976 6.622801 6.726260
