T5-twomodels-2/model120.grd
DSAA
         100         100
  -15.00000       15.00000    
  -15.00000       15.00000    
  -12.34019       22.08025    
[rows 54 to 80 of 100, columns 0 to 60 of 100]
-1.825750 -2.014052 -2.236522 -2.500600 -2.816154 -3.195332 -3.654454 -4.214012 -4.901120 -5.744540 -6.751370 -7.825193 -8.794539 -9.589646 -10.22633 -10.73372 -11.13703 -11.45549 -11.70371 -11.89269 -12.03071 -12.12395 -12.17687 -12.19255 -12.17290 -12.11880 -12.03018 -11.90610 -11.74473 -11.54340 -11.29850 -11.00549 -10.65882 -10.25192 -9.777176 -9.225937 -8.588614 -7.854807 -7.013549 -6.053506 -4.963332 -3.731843 -2.348293 -0.8024261 0.9152040 2.812755 4.894802 7.155005 9.551423 11.94102 14.05991 15.73163 16.99115 17.95194 18.70401 19.30530 19.79389 20.19526 20.52760 20.80386 21.03387
-1.805553 -1.992024 -2.212472 -2.474331 -2.787467 -3.164040 -3.620385 -4.177010 -4.861070 -5.701357 -6.705012 -7.775664 -8.741931 -9.534089 -10.16800 -10.67282 -11.07382 -11.39024 -11.63672 -11.82428 -11.96121 -12.05369 -12.10618 -12.12179 -12.10241 -12.04895 -11.96134 -11.83865 -11.67908 -11.47997 -11.23772 -10.94782 -10.60476 -10.20197 -9.731866 -9.185790 -8.554175 -7.826612 -6.992112 -6.039313 -4.956833 -3.733411 -2.358243 -0.8209787 0.8879319 2.776744 4.850144 7.101883 9.490115 11.87187 13.98334 15.64817 16.90135 17.85633 18.60314 19.19971 19.68408 20.08172 20.41080 20.68421 20.91176
-1.781263 -1.965489 -2.183442 -2.442548 -2.752674 -3.125979 -3.578818 -4.131732 -4.811909 -5.648203 -6.647825 -7.714470 -8.676807 -9.465189 -10.09554 -10.59709 -10.99514 -11.30897 -11.55325 -11.73900 -11.87453 -11.96602 -12.01796 -12.03343 -12.01435 -11.96162 -11.87520 -11.75417 -11.59675 -11.40030 -11.16126 -10.87514 -10.53646 -10.13868 -9.674235 -9.134506 -8.509929 -7.790090 -6.963995 -6.020243 -4.947394 -3.734124 -2.369522 -0.8431256 0.8547395 2.732471 4.794897 7.035916 9.413818 11.78577 13.88802 15.54424 16.78949 17.73725 18.47754 19.06828 19.54749 19.94057 20.26567 20.53563 20.76023
-1.752668 -1.934195 -2.149129 -2.404881 -2.711311 -3.080581 -3.529064 -4.077330 -4.752626 -5.583870 -6.578351 -7.639858 -8.597185 -9.380771 -10.00663 -10.50404 -10.89838 -11.20895 -11.45047 -11.63396 -11.76774 -11.85799 -11.90919 -11.92445 -11.90568 -11.85378 -11.76872 -11.64962 -11.49472 -11.30139 -11.06613 -10.78448 -10.45100 -10.05920 -9.601557 -9.069473 -8.453418 -7.742980 -6.927157 -5.994516 -4.933557 -3.732858 -2.381399 -0.8685678 0.8154780 2.679328 4.727993 6.955569 9.320504 11.68010 13.77075 15.41627 16.65173 17.59064 18.32298 18.90666 19.37963 19.76727 20.08763 20.35351 20.57461
-1.719540 -1.897865 -2.109192 -2.360906 -2.662849 -3.027180 -3.470287 -4.012784 -4.681976 -5.506883 -6.494911 -7.549986 -8.501002 -9.278543 -9.898734 -10.39097 -10.78067 -11.08721 -11.32530 -11.50599 -11.63760 -11.72631 -11.77658 -11.79152 -11.77303 -11.72205 -11.63853 -11.52163 -11.36961 -11.17990 -10.94902 -10.67258 -10.34519 -9.960421 -9.510803 -8.987805 -8.381923 -7.682781 -6.879368 -5.960228 -4.913791 -3.728538 -2.393298 -0.8972764 0.7695928 2.616140 4.647643 6.858451 9.207270 11.55163 13.62806 15.26045 16.48395 17.41209 18.13486 18.71008 19.17565 19.55684 19.87163 20.13274 20.34978
-1.681614 -1.856186 -2.063248 -2.310144 -2.606684 -2.965009 -3.401519 -3.936867 -4.598445 -5.415382 -6.395240 -7.442120 -8.385139 -9.155052 -9.768135 -10.25389 -10.63784 -10.93938 -11.17326 -11.35053 -11.47949 -11.56629 -11.61539 -11.62988 -11.61166 -11.56165 -11.47986 -11.36543 -11.21667 -11.03107 -10.80520 -10.53474 -10.21439 -9.837781 -9.397543 -8.885215 -8.291360 -7.605656 -6.817107 -5.914242 -4.885433 -3.719042 -2.403727 -0.9284630 0.7171027 2.542121 4.552224 6.742115 9.070824 11.39614 13.45488 15.07109 16.28002 17.19515 17.90643 18.47160 18.92844 19.30209 19.61043 19.86603 20.07841
-1.638620 -1.808831 -2.010895 -2.252087 -2.542155 -2.893210 -3.321643 -3.848147 -4.500210 -5.307123 -6.276673 -7.313226 -8.246135 -9.006415 -9.610563 -10.08825 -10.46507 -10.76048 -10.98922 -11.16233 -11.28807 -11.37255 -11.42020 -11.43408 -11.41608 -11.36712 -11.28720 -11.17551 -11.03041 -10.84942 -10.62922 -10.36556 -10.05323 -9.686007 -9.256603 -8.756684 -8.176920 -7.507068 -6.736192 -5.852829 -4.845302 -3.701858 -2.410958 -0.9612925 0.6578379 2.456028 4.439384 6.603106 8.906712 11.20844 13.24538 14.84176 16.03291 16.93235 17.62993 18.18322 18.62985 18.99477 19.29569 19.54500 19.75210
-1.590268 -1.755463 -1.951717 -2.186199 -2.468566 -2.810851 -3.229409 -3.744961 -4.385100 -5.179325 -6.135715 -7.159010 -8.078998 -8.827052 -9.419957 -9.887561 -10.25558 -10.54350 -10.76602 -10.93412 -11.05599 -11.13769 -11.18358 -11.19667 -11.17881 -11.13094 -11.05305 -10.94437 -10.80330 -10.62746 -10.41359 -10.15757 -9.854317 -9.497746 -9.080744 -8.595124 -8.031720 -7.380424 -6.630411 -5.770269 -4.788316 -3.672692 -2.411651 -0.9935678 0.5927183 2.357352 4.307097 6.437858 8.709820 10.98181 12.99144 14.56326 15.73270 16.61321 17.29445 17.83377 18.26852 18.62341 18.91585 19.15806 19.35923
-1.536285 -1.695765 -1.885319 -2.111972 -2.385225 -2.716976 -3.123482 -3.625451 -4.250584 -5.028647 -5.968169 -6.974452 -7.877853 -8.610302 -9.188994 -9.644035 -10.00123 -10.28003 -10.49506 -10.65719 -10.77449 -10.85289 -10.89666 -10.90875 -10.89096 -10.84420 -10.76849 -10.66308 -10.52644 -10.35624 -10.14937 -9.901846 -9.608740 -9.264159 -8.861197 -8.391897 -7.847311 -7.217549 -6.491968 -5.659296 -4.707896 -3.625865 -2.401266 -1.022127 0.5232416 2.245709 4.152923 6.241782 8.473531 10.70795 12.68334 14.22465 15.36744 16.22506 16.88687 17.40981 17.83084 18.17424 18.45712 18.69137 18.88595
-1.476417 -1.629451 -1.811363 -2.028961 -2.291509 -2.610670 -3.002504 -3.487611 -4.093758 -4.851041 -5.768596 -6.752599 -7.634398 -8.346757 -8.907437 -9.346807 -9.690721 -9.958519 -10.16464 -10.31974 -10.43167 -10.50623 -10.54751 -10.55838 -10.54056 -10.49495 -10.42154 -10.31965 -10.18778 -10.02374 -9.824535 -9.586345 -9.304456 -8.973216 -8.585987 -8.135108 -7.611942 -7.006917 -6.309684 -5.509216 -4.594054 -3.552345 -2.372045 -1.040864 0.4534677 2.122682 3.975599 6.010562 8.190370 10.37628 12.30780 13.81064 14.92048 15.75035 16.38904 16.89287 17.29812 17.62852 17.90068 18.12610 18.31342
-1.410468 -1.556317 -1.729610 -1.936850 -2.186949 -2.491190 -2.865250 -3.329434 -3.911449 -4.641733 -5.530344 -6.484871 -7.338218 -8.024491 -8.562254 -8.982141 -9.309893 -9.564549 -9.760191 -9.907113 -10.01288 -10.08300 -10.12142 -10.13083 -10.11290 -10.06843 -9.997457 -9.899294 -9.772553 -9.615142 -9.424224 -9.196181 -8.926555 -8.609981 -8.240163 -7.809820 -7.310739 -6.733783 -6.069046 -5.305914 -4.433278 -3.439525 -2.312689 -1.040297 0.3904141 1.992130 3.775136 5.739801 7.851388 9.973714 11.84834 13.30208 14.37081 15.16692 15.77819 16.25982 16.64708 16.96288 17.22316 17.43889 17.61829
-1.338335 -1.476286 -1.639996 -1.835555 -2.071379 -2.358148 -2.710874 -3.149215 -3.700459 -4.395252 -5.244895 -6.159380 -6.974508 -7.626581 -8.135182 -8.531000 -8.839299 -9.078484 -9.261997 -9.399581 -9.498358 -9.563504 -9.598686 -9.606426 -9.588262 -9.544954 -9.476508 -9.382285 -9.260975 -9.110620 -8.928562 -8.711419 -8.455019 -8.154358 -7.803545 -7.395780 -6.923386 -6.377810 -5.749765 -5.029265 -4.205800 -3.268301 -2.205189 -1.004169 0.3477193 1.863913 3.556288 5.427871 7.447721 9.484099 11.28259 12.67229 13.68913 14.44409 15.02295 15.47900 15.84598 16.14559 16.39284 16.59805 16.76894
-1.260093 -1.389503 -1.542735 -1.725359 -1.945108 -2.211791 -2.539327 -2.946115 -3.458247 -4.105929 -4.902020 -5.760824 -6.523644 -7.130588 -7.602293 -7.968790 -8.254113 -8.475448 -8.645213 -8.772355 -8.863392 -8.923043 -8.954658 -8.960526 -8.942044 -8.899895 -8.834064 -8.743950 -8.628337 -8.485409 -8.312704 -8.107114 -7.864792 -7.581140 -7.250755 -6.867410 -6.424083 -5.912960 -5.325569 -4.652808 -3.885080 -3.012241 -2.023618 -0.9076968 0.3479563 1.756787 3.331718 5.078643 6.972173 8.888746 10.58226 11.88654 12.83728 13.54215 14.08305 14.51005 14.85448 15.13636 15.36955 15.56351 15.72535
-1.176123 -1.296457 -1.438461 -1.607072 -1.809156 -2.053337 -2.351914 -2.721113 -3.184356 -3.769527 -4.490350 -5.269136 -5.959086 -6.506772 -6.932722 -7.264436 -7.523369 -7.724669 -7.879265 -7.995019 -8.077681 -8.131416 -8.159189 -8.163027 -8.144156 -8.103165 -8.040021 -7.954154 -7.844448 -7.709236 -7.546286 -7.352766 -7.125205 -6.859450 -6.550655 -6.193242 -5.780959 -5.306873 -4.763525 -4.142930 -3.436756 -2.636234 -1.732215 -0.7148345 0.4266180 1.704001 3.129345 4.709808 6.426253 8.169413 9.712097 10.89956 11.76583 12.41049 12.90778 13.30242 13.62227 13.88514 14.10338 14.28548 14.43785
-1.087389 -1.198279 -1.328519 -1.482344 -1.665574 -1.885412 -2.151976 -2.478342 -2.883123 -3.388123 -4.004030 -4.667205 -5.257056 -5.729832 -6.101578 -6.393839 -6.623659 -6.803273 -6.941648 -7.045336 -7.119174 -7.166703 -7.190451 -7.192149 -7.172842 -7.133015 -7.072608 -6.991087 -6.887434 -6.760148 -6.607224 -6.426140 -6.213812 -5.966575 -5.680177 -5.349757 -4.969912 -4.534705 -4.037828 -3.472629 -2.832310 -2.109891 -1.298328 -0.3903013 0.6217844 1.745983 2.989963 4.357226 5.830757 7.321866 8.645031 9.673253 10.43428 11.00904 11.45791 11.81759 12.11134 12.35425 12.55692 12.72673 12.86931
-0.9959134 -1.097192 -1.215400 -1.354077 -1.517862 -1.712457 -1.945417 -2.226135 -2.566711 -2.979387 -3.465504 -3.980692 -4.448432 -4.835881 -5.148495 -5.398809 -5.598129 -5.755239 -5.876891 -5.968191 -6.033002 -6.074193 -6.093837 -6.093353 -6.073596 -6.034944 -5.977309 -5.900191 -5.802674 -5.683419 -5.540663 -5.372195 -5.175335 -4.946921 -4.683315 -4.380402 -4.033666 -3.638223 -3.188987 -2.680750 -2.108381 -1.466920 -0.7517405 4.1386489E-02 0.9160858 1.875030 2.918709 4.041747 5.221538 6.390478 7.430693 8.264244 8.905562 9.404713 9.802547 10.12596 10.39284 10.61532 10.80210 10.95943 11.09205
-0.9047856 -0.9964801 -1.102711 -1.226319 -1.370799 -1.540367 -1.740126 -1.975920 -2.253832 -2.577585 -2.941280 -3.318279 -3.670365 -3.975377 -4.230176 -4.439195 -4.608374 -4.743192 -4.848252 -4.927254 -4.983098 -5.017994 -5.033567 -5.030931 -5.010750 -4.973291 -4.918443 -4.845742 -4.754368 -4.643153 -4.510565 -4.354707 -4.173296 -3.963672 -3.722801 -3.447316 -3.133566 -2.777717 -2.375877 -1.924260 -1.419365 -0.8581877 -0.2384413 0.4411612 1.180504 1.977322 2.825738 3.713097 4.613801 5.481613 6.258093 6.907419 7.433059 7.858079 8.205519 8.492954 8.733124 8.935260 9.106194 9.251043 9.373724
-0.8167585 -0.8990982 -0.9937157 -1.102767 -1.228772 -1.374605 -1.543406 -1.738239 -1.961274 -2.211854 -2.483228 -2.760165 -3.023580 -3.259823 -3.463567 -3.634815 -3.775846 -3.889559 -3.978774 -4.045960 -4.093159 -4.121979 -4.133626 -4.128932 -4.108383 -4.072146 -4.020084 -3.951769 -3.866481 -3.763210 -3.640653 -3.497211 -3.330983 -3.139783 -2.921159 -2.672435 -2.390781 -2.073321 -1.717263 -1.320077 -0.8797013 -0.3947668 0.1351215 0.7090454 1.324314 1.975764 2.654650 3.347026 4.031950 4.681798 5.268849 5.776805 6.205329 6.563956 6.864587 7.117861 7.332347 7.514736 7.670218 7.802831 7.915747
-0.7333646 -0.8067684 -0.8903795 -0.9857633 -1.094645 -1.218844 -1.360095 -1.519690 -1.697809 -1.892438 -2.098152 -2.305974 -2.505574 -2.688544 -2.850132 -2.988751 -3.104710 -3.199230 -3.273829 -3.330008 -3.369103 -3.392214 -3.400181 -3.393586 -3.372756 -3.337775 -3.288480 -3.224483 -3.145157 -3.049642 -2.936847 -2.805454 -2.653915 -2.480479 -2.283218 -2.060079 -1.808957 -1.527804 -1.214760 -0.8683271 -0.4875591 -7.2290011E-02 0.3766133 0.8569511 1.364842 1.894275 2.436608 2.980131 3.510162 4.010565 4.467282 4.872089 5.223743 5.526075 5.785117 6.007101 6.197596 6.361277 6.501980 6.622806 6.726264
-0.6552770 -0.7203057 -0.7937047 -0.8765618 -0.9699976 -1.075074 -1.192623 -1.322954 -1.465439 -1.617982 -1.776657 -1.935879 -2.089444 -2.232008 -2.359949 -2.471393 -2.565797 -2.643422 -2.704931 -2.751137 -2.782835 -2.800716 -2.805324 -2.797034 -2.776037 -2.742345 -2.695784 -2.635998 -2.562451 -2.474422 -2.371014 -2.251157 -2.113622 -1.957042 -1.779945 -1.580812 -1.358146 -1.110577 -0.8369789 -0.5366259 -0.2093578 0.1442317 0.5225984 0.9230418 1.341500 1.772363 2.208374 2.640734 3.059634 3.455397 3.820031 4.148684 4.440098 4.695796 4.918860 5.112906 5.281486 5.427801 5.554614 5.664258 5.758685
-0.5827129 -0.6400203 -0.7041125 -0.7757137 -0.8555074 -0.9440522 -1.041642 -1.148112 -1.262592 -1.383282 -1.507343 -1.631127 -1.750730 -1.862592 -1.964013 -2.053296 -2.129604 -2.192716 -2.242788 -2.280169 -2.305268 -2.318472 -2.320095 -2.310345 -2.289308 -2.256942 -2.213062 -2.157352 -2.089354 -2.008473 -1.913983 -1.805036 -1.680674 -1.539860 -1.381505 -1.204528 -1.007918 -0.7908276 -0.5526738 -0.2932664 -1.2936071E-02 0.2873209 0.6057171 0.9395469 1.285110 1.637680 1.991580 2.340428 2.677596 2.996912 3.293485 3.564250 3.808049 4.025348 4.217700 4.387202 4.536093 4.666531 4.780480 4.879663 4.965566
-0.5156428 -0.5659307 -0.6216659 -0.6833073 -0.7512391 -0.8257017 -0.9066951 -0.9938515 -1.086310 -1.182619 -1.280744 -1.378196 -1.472312 -1.560648 -1.641221 -1.712614 -1.773960 -1.824827 -1.865092 -1.894816 -1.914148 -1.923261 -1.922297 -1.911341 -1.890399 -1.859389 -1.818125 -1.766327 -1.703610 -1.629488 -1.543384 -1.444639 -1.332524 -1.206272 -1.065107 -0.9082906 -0.7351866 -0.5453309 -0.3385173 -0.1148943 0.1249371 0.3798310 0.6480161 0.9270391 1.213757 1.504376 1.794583 2.079775 2.355395 2.617349 2.862343 3.088189 3.293908 3.479530 3.645811 3.793948 3.925346 4.041444 4.143616 4.233118 4.311067
-0.4538937 -0.4978724 -0.5461915 -0.5991212 -0.6568483 -0.7194262 -0.7867033 -0.8582532 -0.9333062 -1.010716 -1.088972 -1.166317 -1.240925 -1.311046 -1.375188 -1.432201 -1.481287 -1.521951 -1.553930 -1.577117 -1.591501 -1.597105 -1.593955 -1.582048 -1.561333 -1.531702 -1.492976 -1.444907 -1.387174 -1.319389 -1.241098 -1.151799 -1.050953 -0.9380082 -0.8124318 -0.6737510 -0.5216018 -0.3557887 -0.1763512 1.6367435E-02 0.2216518 0.4383551 0.6648582 0.8990513 1.138361 1.379808 1.620138 1.855991 2.084121 2.301641 2.506276 2.696462 2.871339 3.030701 3.174866 3.304502 3.420471 3.523724 3.615210 3.695834 3.766425
-0.3972101 -0.4355699 -0.4773649 -0.5227382 -0.5717511 -0.6243485 -0.6803153 -0.7392313 -0.8004402 -0.8630412 -0.9259170 -0.9877884 -1.047306 -1.103195 -1.154331 -1.199795 -1.238888 -1.271122 -1.296177 -1.313861 -1.324062 -1.326714 -1.321764 -1.309151 -1.288787 -1.260551 -1.224271 -1.179733 -1.126673 -1.064783 -0.9937128 -0.9130885 -0.8225201 -0.7216261 -0.6100593 -0.4875419 -0.3539020 -0.2091243 -5.3394213E-02 0.1128484 0.2888687 0.4736004 0.6656268 0.8631880 1.064211 1.266376 1.467216 1.664248 1.855118 2.037755 2.210456 2.371985 2.521622 2.659092 2.784475 2.898116 3.000538 3.092354 3.174211 3.246753 3.310586
-0.3452885 -0.3786797 -0.4147736 -0.4536287 -0.4952304 -0.5394683 -0.5861064 -0.6347601 -0.6848802 -0.7357535 -0.7865177 -0.8362210 -0.8838869 -0.9285534 -0.9693461 -1.005525 -1.036495 -1.061805 -1.081126 -1.094225 -1.100941 -1.101153 -1.094761 -1.081668 -1.061767 -1.034927 -1.000994 -0.9597822 -0.9110762 -0.8546339 -0.7901914 -0.7174763 -0.6362150 -0.5461563 -0.4470897 -0.3388764 -0.2214762 -9.4985589E-02 4.0329903E-02 0.1839993 0.3353218 0.4933448 0.6568624 0.8244258 0.9943793 1.164914 1.334144 1.500196 1.661305 1.815903 1.962731 2.100846 2.229619 2.348727 2.458118 2.557941 2.648495 2.730166 2.803391 2.868615 2.926280
-0.2978035 -0.3268238 -0.3579592 -0.3912132 -0.4265273 -0.4637657 -0.5026971 -0.5429803 -0.5841598 -0.6256687 -0.6668497 -0.7069758 -0.7452824 -0.7810364 -0.8135630 -0.8422648 -0.8666411 -0.8862883 -0.9008918 -0.9102101 -0.9140583 -0.9122888 -0.9047772 -0.8914074 -0.8720611 -0.8466119 -0.8149181 -0.7768221 -0.7321510 -0.6807167 -0.6223237 -0.5567782 -0.4838973 -0.4035251 -0.3155513 -0.2199321 -0.1167128 -6.0552736E-03 0.1117402 0.2362099 0.3667123 0.5024188 0.6423152 0.7852180 0.9298055 1.074659 1.218323 1.359366 1.496449 1.628392 1.754186 1.873045 1.984441 2.088065 2.183797 2.271671 2.351840 2.424538 2.490049 2.548679 2.600739
-0.2544215 -0.2796128 -0.3064491 -0.3348999 -0.3648840 -0.3962581 -0.4288064 -0.4622321 -0.4961567 -0.5301241 -0.5636093 -0.5960473 -0.6268678 -0.6554942 -0.6813845 -0.7040528 -0.7230787 -0.7381091 -0.7488545 -0.7550806 -0.7565980 -0.7532502 -0.7449019 -0.7314300 -0.7127153 -0.6886378 -0.6590713 -0.6238831 -0.5829344 -0.5360823 -0.4831849 -0.4241096 -0.3587399 -0.2869911 -0.2088217 -0.1242517 -3.3378880E-02 6.3602254E-02 0.1663844 0.2745320 0.3874730 0.5044962 0.6247555 0.7472856 0.8710273 0.9948606 1.117648 1.238274 1.355691 1.468962 1.577310 1.680120 1.776927 1.867425 1.951454 2.028981 2.100065 2.164837 2.223472 2.276176 2.323165
