T5-twomodels-2/model90.grd
DSAA
         100         100
  -15.00000       15.00000    
  -15.00000       15.00000    
  -3.676321       22.53455    
[rows 54 to 80 of 100, columns 0 to 60 of 100]
-0.6369941 -0.6912019 -0.7561901 -0.8343590 -0.9289572 -1.043941 -1.184695 -1.357939 -1.572633 -1.838233 -2.157002 -2.496636 -2.799845 -3.043167 -3.231697 -3.374876 -3.480878 -3.555772 -3.604109 -3.629118 -3.633128 -3.617621 -3.583493 -3.531013 -3.460004 -3.369742 -3.259088 -3.126355 -2.969420 -2.785519 -2.571396 -2.323049 -2.035891 -1.704489 -1.322792 -0.8838914 -0.3803514 0.1959637 0.8534070 1.600700 2.446353 3.398871 4.466221 5.656151 6.975562 8.430452 10.02346 11.74765 13.56397 15.34449 16.87345 18.05110 18.93695 19.61575 20.14932 20.57650 20.92358 21.20785 21.44214 21.63528 21.79427
-0.6286676 -0.6823220 -0.7466999 -0.8241986 -0.9180673 -1.032269 -1.172192 -1.344561 -1.558357 -1.823042 -2.140894 -2.479631 -2.781993 -3.024531 -3.212358 -3.354931 -3.460445 -3.534972 -3.583085 -3.608017 -3.612108 -3.596850 -3.563148 -3.511280 -3.441081 -3.351840 -3.242435 -3.111190 -2.956003 -2.774130 -2.562332 -2.316630 -2.032459 -1.704399 -1.326419 -0.8916162 -0.3925618 0.1788806 0.8310829 1.572785 2.412530 3.358882 4.419848 5.603253 6.916075 8.364383 9.950903 11.66876 13.47898 15.25366 16.77714 17.94971 18.83090 19.50545 20.03518 20.45892 20.80295 21.08455 21.31651 21.50763 21.66491
-0.6185857 -0.6715596 -0.7351786 -0.8118420 -0.9047989 -1.018010 -1.156874 -1.328130 -1.540767 -1.804271 -2.120950 -2.458537 -2.759799 -3.001312 -3.188215 -3.329990 -3.434848 -3.508883 -3.556674 -3.581471 -3.585623 -3.570630 -3.537410 -3.486251 -3.417004 -3.328969 -3.221045 -3.091573 -2.938478 -2.759037 -2.550041 -2.307537 -2.026984 -1.702993 -1.329555 -0.8997824 -0.4062589 0.1591559 0.8048404 1.539565 2.371913 3.310504 4.363425 5.538586 6.843060 8.283028 9.861313 11.57115 13.37369 15.14109 16.65775 17.82397 18.69933 19.36860 19.89357 20.31309 20.65338 20.93170 21.16082 21.34952 21.50473
-0.6066208 -0.6587719 -0.7214698 -0.7971075 -0.8889365 -1.000917 -1.138456 -1.308302 -1.519468 -1.781460 -2.096617 -2.432707 -2.732537 -2.972719 -3.158422 -3.299154 -3.403151 -3.476525 -3.523871 -3.548449 -3.552624 -3.537899 -3.505206 -3.454846 -3.386684 -3.300038 -3.193828 -3.066422 -2.915770 -2.739182 -2.533484 -2.294758 -2.018503 -1.699366 -1.331367 -0.9076517 -0.4208215 0.1372606 0.7749785 1.501131 2.324352 3.253329 4.296241 5.461112 6.755143 8.184659 9.752625 11.45242 13.24529 15.00353 16.51161 17.66996 18.53814 19.20092 19.72011 20.13451 20.47030 20.74471 20.97046 21.15626 21.30903
-0.5926312 -0.6438019 -0.7053918 -0.7797894 -0.8702378 -0.9806991 -1.116588 -1.284667 -1.493972 -1.754047 -2.067268 -2.401454 -2.699448 -2.937914 -3.122065 -3.261447 -3.364321 -3.436824 -3.483562 -3.507813 -3.511945 -3.497474 -3.465342 -3.415861 -3.348912 -3.263835 -3.159574 -3.034527 -2.886679 -2.713380 -2.511500 -2.277170 -2.005936 -1.692498 -1.330922 -0.9143991 -0.4355572 0.1137160 0.7418100 1.457547 2.269614 3.186777 4.217335 5.369452 6.650500 8.066990 9.622084 11.30935 13.09024 14.83719 16.33477 17.48345 18.34286 18.99779 19.51001 19.91827 20.24872 20.51851 20.74029 20.92272 21.07266
-0.5764452 -0.6264599 -0.6867335 -0.7596397 -0.8484148 -0.9570155 -1.090861 -1.256730 -1.463689 -1.721320 -2.032056 -2.363775 -2.659399 -2.895653 -3.077806 -3.215445 -3.316868 -3.388231 -3.434160 -3.457937 -3.461938 -3.447687 -3.416133 -3.367601 -3.301989 -3.218655 -3.116578 -2.994187 -2.849510 -2.679949 -2.482428 -2.253140 -1.987699 -1.680870 -1.326790 -0.9187082 -0.4493088 8.9485198E-02 0.7060521 1.409226 2.207747 3.110479 4.125852 5.262210 6.527153 7.927429 9.466475 11.13812 12.90405 14.63689 16.12142 17.25823 18.10697 18.75241 19.25629 19.65728 19.98145 20.24583 20.46302 20.64155 20.78824
-0.5578778 -0.6065428 -0.6652644 -0.7363962 -0.8231521 -0.9294827 -1.060806 -1.223916 -1.427912 -1.682434 -1.989992 -2.318558 -2.611135 -2.844539 -3.024115 -3.159517 -3.259074 -3.328968 -3.373832 -3.396954 -3.400708 -3.386623 -3.355648 -3.308124 -3.243958 -3.162540 -3.062873 -2.943435 -2.802304 -2.636938 -2.444334 -2.220766 -1.961930 -1.662684 -1.317258 -0.9189926 -0.4606523 6.5776706E-02 0.6686323 1.356747 2.138903 3.024062 4.020813 5.137725 6.382667 7.762733 9.281718 10.93383 12.68110 14.39650 15.86497 16.98723 17.82299 18.45701 18.95095 19.34337 19.66019 19.91832 20.13022 20.30432 20.44732
-0.5367169 -0.5838214 -0.6407303 -0.7097609 -0.7940993 -0.8976726 -1.025887 -1.185550 -1.385796 -1.636339 -1.939789 -2.264246 -2.552863 -2.782581 -2.958845 -3.091376 -3.188550 -3.256564 -3.300052 -3.322295 -3.325659 -3.311661 -3.281254 -3.234779 -3.172165 -3.092822 -2.995793 -2.879601 -2.742384 -2.581679 -2.394562 -2.177409 -1.926027 -1.635393 -1.299865 -0.9129070 -0.4674088 4.4540688E-02 0.6312006 1.301368 2.063841 2.927673 3.901622 4.994515 6.214582 7.569347 9.063108 10.69060 12.41437 14.10778 15.55618 16.66047 17.48041 18.10069 18.58282 18.96517 19.27346 19.52441 19.73029 19.89938 20.03823
-0.5127438 -0.5580632 -0.6128698 -0.6794364 -0.7608968 -0.8611351 -0.9855278 -1.140879 -1.336364 -1.581787 -1.879911 -2.199029 -2.482488 -2.707418 -2.879410 -3.008276 -3.102426 -3.168064 -3.209805 -3.230905 -3.233703 -3.219696 -3.189826 -3.144434 -3.083462 -3.006346 -2.912168 -2.799508 -2.666573 -2.510983 -2.329928 -2.119896 -1.876838 -1.595885 -1.271559 -0.8975059 -0.4667837 2.8354304E-02 0.5960293 1.244945 1.983871 2.821912 3.767989 4.831216 6.020246 7.343174 8.804985 10.40118 12.09508 13.76077 15.18404 16.26606 17.06664 17.67037 18.13848 18.50906 18.80752 19.05028 19.24936 19.41285 19.54710
-0.4857283 -0.5290261 -0.5814254 -0.6451276 -0.7231892 -0.8194180 -0.9391270 -1.089087 -1.278497 -1.517276 -1.808393 -2.120436 -2.397085 -2.615757 -2.782238 -2.906432 -2.996779 -3.059450 -3.099016 -3.118668 -3.120699 -3.106569 -3.077193 -3.032905 -2.973654 -2.898903 -2.807779 -2.698922 -2.570617 -2.420593 -2.246156 -2.043947 -1.810082 -1.539893 -1.228118 -0.8686315 -0.4547350 2.1075087E-02 0.5667012 1.190666 1.901620 2.708646 3.620773 4.647386 5.797616 7.080249 8.501200 10.05708 11.71240 13.34231 14.73347 15.78752 16.56427 17.14800 17.59952 17.95641 18.24359 18.47710 18.66859 18.82585 18.95503
-0.4554527 -0.4964892 -0.5461619 -0.6065730 -0.6806627 -0.7721155 -0.8861177 -1.029345 -1.210978 -1.441054 -1.722854 -2.025440 -2.293017 -2.503455 -2.662813 -2.781093 -2.866706 -2.925735 -2.962639 -2.980514 -2.981560 -2.967177 -2.938242 -2.895067 -2.837606 -2.765347 -2.677461 -2.572657 -2.449313 -2.305272 -2.137987 -1.944268 -1.720446 -1.462085 -1.164196 -0.8209555 -0.4259888 2.7870016E-02 0.5481887 1.143183 1.821249 2.591307 3.462356 4.443957 5.545670 6.777071 8.145255 9.648445 11.25305 12.83613 14.18576 15.20426 15.95143 16.51099 16.94291 17.28396 17.55835 17.78149 17.96456 18.11501 18.23867
-0.4217288 -0.4602725 -0.5069051 -0.5635917 -0.6331087 -0.7189437 -0.8260619 -0.9609258 -1.132581 -1.351138 -1.620293 -1.909917 -2.165184 -2.364701 -2.514878 -2.625741 -2.705551 -2.760192 -2.793924 -2.809672 -2.809511 -2.794746 -2.766192 -2.724133 -2.668519 -2.598861 -2.514379 -2.413852 -2.295763 -2.158086 -1.998438 -1.813833 -1.600837 -1.355304 -1.072573 -0.7471972 -0.3732197 5.6074187E-02 0.5477802 1.109638 1.749597 2.476183 3.298126 4.224893 5.266257 6.432455 7.731924 9.165060 10.70129 12.22107 13.51534 14.48779 15.19794 15.72823 16.13715 16.46005 16.72005 16.93172 17.10560 17.24865 17.36638
-0.3844632 -0.4203065 -0.4636060 -0.5161564 -0.5805096 -0.6598618 -0.7588196 -0.8834277 -1.042336 -1.245510 -1.497172 -1.768634 -2.006910 -2.191882 -2.330317 -2.432034 -2.504892 -2.554380 -2.584430 -2.597720 -2.596141 -2.580871 -2.552643 -2.511699 -2.457979 -2.391014 -2.310072 -2.214016 -2.101436 -1.970451 -1.818859 -1.643904 -1.442425 -1.210605 -0.9441692 -0.6381229 -0.2870224 0.1152739 0.5752353 1.099927 1.696603 2.373091 3.137450 3.998583 4.965914 6.049793 7.259633 8.598320 10.03991 11.47137 12.68969 13.60131 14.26480 14.75984 15.14201 15.44441 15.68848 15.88763 16.05160 16.18675 16.29819
-0.3437504 -0.3767186 -0.4164408 -0.4645022 -0.5231676 -0.5952401 -0.6847884 -0.7971362 -0.9400467 -1.122715 -1.349657 -1.594856 -1.809301 -1.975034 -2.098792 -2.189559 -2.254347 -2.297976 -2.323897 -2.334442 -2.331269 -2.315390 -2.287442 -2.247612 -2.195824 -2.131624 -2.054338 -1.962904 -1.856035 -1.732002 -1.588804 -1.423928 -1.234521 -1.017128 -0.7679166 -0.4824046 -0.1557533 0.2174964 0.6430295 1.127047 1.675833 2.296161 2.994922 3.779759 4.658797 5.641229 6.735954 7.947248 9.254842 10.55784 11.66771 12.49743 13.10226 13.55544 13.90716 14.18686 14.41364 14.59939 14.75285 14.87969 14.98452
-0.3000863 -0.3300624 -0.3660332 -0.4093530 -0.4619388 -0.5261246 -0.6052520 -0.7035990 -0.8273287 -0.9836139 -1.175961 -1.383046 -1.564592 -1.705880 -1.812157 -1.890435 -1.946260 -1.983499 -2.004960 -2.012558 -2.007665 -1.991111 -1.963415 -1.924702 -1.874873 -1.813497 -1.739943 -1.653243 -1.552225 -1.435328 -1.300758 -1.146264 -0.9693129 -0.7668480 -0.5355069 -0.2713785 2.9717386E-02 0.3724549 0.7616306 1.202408 1.699891 2.259456 2.886365 3.586269 4.364864 5.228367 6.182342 7.228530 8.349574 9.463829 10.41701 11.13761 11.67085 12.07610 12.39425 12.64956 12.85802 13.02975 13.17225 13.29050 13.38852
-0.2547335 -0.2816678 -0.3137994 -0.3522646 -0.3985769 -0.4545833 -0.5227619 -0.6061792 -0.7088171 -0.8346781 -0.9841445 -1.142331 -1.283650 -1.397034 -1.484194 -1.549164 -1.595574 -1.626167 -1.643011 -1.647574 -1.640907 -1.623658 -1.596205 -1.558623 -1.510774 -1.452260 -1.382483 -1.300583 -1.205489 -1.095832 -0.9700024 -0.8260493 -0.6617397 -0.4744576 -0.2612965 -1.8969923E-02 0.2560425 0.5675536 0.9194505 1.315734 1.760254 2.256770 2.808699 3.419211 4.090909 4.825677 5.623431 6.478980 7.371766 8.242021 8.994209 9.584151 10.03719 10.39106 10.67397 10.90406 11.09367 11.25108 11.38240 11.49192 11.58300
-0.2097401 -0.2336436 -0.2619596 -0.2955992 -0.3356891 -0.3835914 -0.4409620 -0.5096945 -0.5917605 -0.6883355 -0.7973833 -0.9099452 -1.013194 -1.099643 -1.168134 -1.220021 -1.257143 -1.281168 -1.293449 -1.295016 -1.286605 -1.268684 -1.241496 -1.205064 -1.159213 -1.103577 -1.037592 -0.9605026 -0.8713446 -0.7689323 -0.6518497 -0.5184325 -0.3667555 -0.1946280 3.9208680E-04 0.2209814 0.4700015 0.7504251 1.065233 1.417297 1.809230 2.243238 2.720946 3.243174 3.809612 4.418197 5.063862 5.735845 6.412488 7.055445 7.620042 8.085578 8.460771 8.764144 9.012224 9.217261 9.388134 9.531268 9.651447 9.752246 9.836405
-0.1669086 -0.1878593 -0.2124849 -0.2414710 -0.2756208 -0.3158523 -0.3631674 -0.4185378 -0.4826332 -0.5551742 -0.6338437 -0.7134909 -0.7876714 -0.8517419 -0.9038254 -0.9438049 -0.9723116 -0.9901636 -0.9981366 -0.9968671 -0.9868229 -0.9682996 -0.9414262 -0.9061680 -0.8623305 -0.8095638 -0.7473574 -0.6750395 -0.5917665 -0.4965136 -0.3880692 -0.2650258 -0.1257729 3.1494349E-02 0.2087571 0.4081435 0.6318725 0.8821704 1.161166 1.470755 1.812443 2.187171 2.595099 3.035339 3.505589 4.001561 4.516079 5.037775 5.549755 6.030351 6.459331 6.826993 7.135557 7.393152 7.608698 7.789845 7.942679 8.071924 8.181240 8.273470 8.350839
-0.1271458 -0.1452854 -0.1664257 -0.1910574 -0.2197198 -0.2529822 -0.2913803 -0.3352995 -0.3847473 -0.4389974 -0.4961783 -0.5532283 -0.6066284 -0.6534892 -0.6921306 -0.7219169 -0.7428327 -0.7551491 -0.7592208 -0.7553797 -0.7438775 -0.7248641 -0.6983740 -0.6643231 -0.6225035 -0.5725852 -0.5141074 -0.4464802 -0.3689746 -0.2807175 -0.1806887 -6.7720190E-02 5.9505180E-02 0.2024402 0.3626487 0.5417660 0.7414457 0.9632685 1.208644 1.478676 1.774016 2.094685 2.439889 2.807775 3.195169 3.597221 4.007021 4.415296 4.810603 5.180745 5.515763 5.810597 6.065393 6.283642 6.470035 6.629180 6.765108 6.881165 6.980078 7.064048 7.134838
-9.0745859E-02 -0.1062636 -0.1241853 -0.1448439 -0.1685802 -0.1957124 -0.2264785 -0.2609382 -0.2988342 -0.3394156 -0.3813155 -0.4226080 -0.4611534 -0.4950918 -0.5231268 -0.5445362 -0.5590289 -0.5665697 -0.5672417 -0.5611625 -0.5484238 -0.5290617 -0.5030382 -0.4702315 -0.4304273 -0.3833168 -0.3284892 -0.2654305 -0.1935189 -0.1120215 -2.0093564E-02 8.3217770E-02 0.1989674 0.3282962 0.4724039 0.6325058 0.8097798 1.005284 1.219862 1.454032 1.707850 1.980773 2.271512 2.577870 2.896598 3.223251 3.552140 3.876447 4.188710 4.481777 4.750016 4.990359 5.202416 5.387688 5.548649 5.688035 5.808457 5.912238 6.001360 6.077485 6.141994
-5.7702582E-02 -7.0816793E-02 -8.5822493E-02 -0.1029334 -0.1223454 -0.1442118 -0.1685941 -0.1953961 -0.2242831 -0.2546069 -0.2853664 -0.3152870 -0.3430005 -0.3672478 -0.3870480 -0.4017452 -0.4109608 -0.4145099 -0.4123198 -0.4043697 -0.3906397 -0.3710863 -0.3456203 -0.3140942 -0.2762938 -0.2319346 -0.1806517 -0.1220044 -5.5468269E-02 1.9565878E-02 0.1037842 0.1979506 0.3028934 0.4194867 0.5486241 0.6911771 0.8479444 1.019582 1.206520 1.408872 1.626333 1.858073 2.102646 2.357893 2.620899 2.887971 3.154726 3.416294 3.667705 3.904452 4.123121 4.321719 4.499667 4.657543 4.796637 4.918567 5.025006 5.117535 5.197572 5.266354 5.324930
-2.7865613E-02 -3.8811423E-02 -5.1218111E-02 -6.5213121E-02 -8.0894843E-02 -9.8312207E-02 -0.1174309 -0.1380904 -0.1599624 -0.1825173 -0.2050269 -0.2266075 -0.2463100 -0.2632531 -0.2767019 -0.2861021 -0.2910744 -0.2913740 -0.2868481 -0.2773941 -0.2629235 -0.2433405 -0.2185227 -0.1883092 -0.1524921 -0.1108109 -6.2947258E-02 -8.5251406E-03 5.2892882E-02 0.1218035 0.1987594 0.2843599 0.3792425 0.4840615 0.5994624 0.7260448 0.8643183 1.014643 1.177168 1.351753 1.537903 1.734693 1.940716 2.154043 2.372225 2.592332 2.811071 3.024968 3.230642 3.425124 3.606088 3.772086 3.922567 4.057690 4.178114 4.284781 4.378752 4.461091 4.532799 4.594777 4.647819
-1.0207761E-03 -1.0034675E-02 -2.0156499E-02 -3.1451277E-02 -4.3954398E-02 -5.7654504E-02 -7.2468795E-02 -8.8219762E-02 -0.1046125 -0.1212232 -0.1375018 -0.1528127 -0.1664913 -0.1778938 -0.1864541 -0.1917158 -0.1933315 -0.1910451 -0.1846694 -0.1740590 -0.1590880 -0.1396300 -0.1155447 -8.6668134E-02 -5.2802078E-02 -1.3713399E-02 3.0874740E-02 8.1279084E-02 0.1378607 0.2010203 0.2711952 0.3488487 0.4344601 0.5285074 0.6314408 0.7436531 0.8654412 0.9969616 1.138179 1.288814 1.448296 1.615718 1.789810 1.968931 2.151095 2.334022 2.515247 2.692253 2.862644 3.024328 3.175714 3.315739 3.443864 3.560033 3.664547 3.757944 3.840886 3.914079 3.978218 4.033954 4.081876
2.3072191E-02 1.5760237E-02 7.6270197E-03 -1.3523968E-03 -1.1172774E-02 -2.1788500E-02 -3.3098321E-02 -4.4929307E-02 -5.7027139E-02 -6.9052987E-02 -8.0591977E-02 -9.1171779E-02 -0.1002917 -0.1074709 -0.1122745 -0.1143277 -0.1133256 -0.1090239 -0.1012277 -8.9775398E-02 -7.4522711E-02 -5.5330154E-02 -3.2051418E-02 -4.5255763E-03 2.7430803E-02 6.4024702E-02 0.1054938 0.1521031 0.2041470 0.2619448 0.3258374 0.3961765 0.4733161 0.5575937 0.6493115 0.7487085 0.8559334 0.9710055 1.093781 1.223917 1.360837 1.503708 1.651432 1.802652 1.955779 2.109053 2.260616 2.408617 2.551327 2.687251 2.815171 2.934242 3.044004 3.144309 3.235263 3.317155 3.390389 3.455425 3.512736 3.562788 3.606011
4.4657674E-02 3.8831636E-02 3.2413520E-02 2.5405107E-02 1.7834943E-02 9.7651733E-03 1.3020589E-03 -7.3959352E-03 -1.6113138E-02 -2.4576299E-02 -3.2458920E-02 -3.9401978E-02 -4.5033731E-02 -4.8982821E-02 -5.0902925E-02 -5.0487090E-02 -4.7472075E-02 -4.1634638E-02 -3.2786511E-02 -2.0765327E-02 -5.4233712E-03 1.3381941E-02 3.5794403E-02 6.1966386E-02 9.2064083E-02 0.1262701 0.1647858 0.2078307 0.2556424 0.3084732 0.3665842 0.4302375 0.4996878 0.5751659 0.6568633 0.7449094 0.8393504 0.9401218 1.047023 1.159690 1.277583 1.399965 1.525910 1.654307 1.783898 1.913316 2.041150 2.166006 2.286589 2.401763 2.510639 2.612560 2.707100 2.794062 2.873438 2.945367 3.010080 3.067870 3.119057 3.163964 3.202899
6.3971631E-02 5.9433598E-02 5.4484628E-02 4.9143147E-02 4.3451067E-02 3.7476771E-02 3.1323083E-02 2.5131414E-02 1.9083846E-02 1.3401615E-02 8.3394814E-03 4.1779829E-03 1.2138161E-03 -2.6295893E-04 2.1886081E-05 2.3215078E-03 6.8611931E-03 1.3839174E-02 2.3429515E-02 3.5787560E-02 5.1056266E-02 6.9373146E-02 9.0874128E-02 0.1157000 0.1439997 0.1759308 0.2116636 0.2513780 0.2952638 0.3435171 0.3963359 0.4539115 0.5164211 0.5840161 0.6568068 0.7348467 0.8181161 0.9065005 0.9997754 1.097588 1.199447 1.304719 1.412629 1.522277 1.632663 1.742721 1.851363 1.957531 2.060244 2.158646 2.252010 2.339787 2.421618 2.497301 2.566770 2.630066 2.687314 2.738690 2.784402 2.824672 2.859717
8.1238359E-02 7.7809222E-02 7.4111216E-02 7.0173316E-02 6.6042811E-02 6.1789040E-02 5.7507537E-02 5.3322736E-02 4.9388386E-02 4.5886215E-02 4.3023519E-02 4.1023411E-02 4.0113810E-02 4.0527645E-02 4.2490222E-02 4.6211526E-02 5.1883377E-02 5.9679709E-02 6.9757596E-02 8.2260557E-02 9.7322099E-02 0.1150699 0.1356297 0.1591284 0.1856973 0.2154715 0.2485930 0.2852087 0.3254684 0.3695229 0.4175192 0.4695933 0.5258649 0.5864253 0.6513283 0.7205761 0.7941077 0.8717842 0.9533774 1.038558 1.126893 1.217842 1.310762 1.404924 1.499529 1.593740 1.686709 1.777611 1.865679 1.950230 2.030714 2.106691 2.177835 2.243941 2.304907 2.360719 2.411429 2.457136 2.497969 2.534075 2.565603
