T5-twomodels-2/model150.grd
DSAA
         100         100
  -15.00000       15.00000    
  -15.00000       15.00000    
  -21.14141       21.65500    
[rows 54 to 80 of 100, columns 0 to 60 of 100]
-3.014503 -3.336900 -3.716851 -4.166837 -4.703347 -5.346716 -6.124207 -7.070078 -8.229598 -9.650837 -11.34573 -13.15373 -14.78922 -16.13611 -17.22095 -18.09254 -18.79316 -19.35518 -19.80328 -20.15623 -20.42827 -20.63026 -20.77022 -20.85407 -20.88577 -20.86784 -20.80124 -20.68582 -20.52003 -20.30127 -20.02559 -19.68790 -19.28172 -18.79933 -18.23154 -17.56796 -16.79686 -15.90556 -14.88049 -13.70769 -12.37300 -10.86254 -9.162790 -7.260986 -5.145140 -2.804928 -0.2338454 2.562375 5.538882 8.537566 11.24637 13.41216 15.04536 16.28813 17.25870 18.03411 18.66421 19.18267 19.61307 19.97245 20.27347
-2.982436 -3.301723 -3.678241 -4.124458 -4.656862 -5.295806 -6.068573 -7.009451 -8.163774 -9.579665 -11.26912 -13.07168 -14.70185 -16.04363 -17.12362 -17.99068 -18.68718 -19.24549 -19.69034 -20.04052 -20.31029 -20.51050 -20.64919 -20.73228 -20.76372 -20.74603 -20.68021 -20.56608 -20.40214 -20.18578 -19.91308 -19.57900 -19.17705 -18.69953 -18.13729 -17.47994 -16.71577 -15.83209 -14.81529 -13.65139 -12.32618 -10.82569 -9.136318 -7.245194 -5.140196 -2.810881 -0.2506033 2.535020 5.501259 8.490085 11.18955 13.34663 14.97181 16.20722 17.17111 17.94050 18.56522 19.07890 19.50509 19.86079 20.15862
-2.943937 -3.259415 -3.631700 -4.073250 -4.600544 -5.233943 -6.000755 -6.935326 -8.083043 -9.492125 -11.17469 -12.97039 -14.59380 -15.92905 -17.00285 -17.86417 -18.55541 -19.10904 -19.54980 -19.89650 -20.16341 -20.36139 -20.49848 -20.58058 -20.61167 -20.59425 -20.52933 -20.41674 -20.25501 -20.04155 -19.77246 -19.44272 -19.04591 -18.57434 -18.01889 -17.36921 -16.61358 -15.73932 -14.73281 -13.58003 -12.26669 -10.77873 -9.102451 -7.224822 -5.133567 -2.818070 -0.2715074 2.500690 5.453960 8.430447 11.11830 13.26452 14.87966 16.10592 17.06152 17.82348 18.44160 18.94944 19.37051 19.72176 20.01573
-2.898713 -3.209614 -3.576785 -4.012650 -4.533681 -5.160240 -5.919665 -6.846351 -7.985776 -9.386271 -11.06007 -12.84700 -14.46182 -15.78881 -16.85481 -17.70890 -18.39358 -18.94136 -19.37704 -19.71944 -19.98283 -20.17806 -20.31316 -20.39404 -20.42465 -20.40750 -20.34360 -20.23280 -20.07365 -19.86358 -19.59876 -19.27419 -18.88348 -18.41902 -17.87173 -17.23127 -16.48599 -15.62320 -14.62927 -13.49014 -12.19145 -10.71903 -9.059023 -7.198232 -5.124172 -2.825990 -0.2966255 2.458730 5.395723 8.356671 11.02990 13.16259 14.76533 15.98035 16.92586 17.67882 18.28897 18.78983 19.20481 19.55076 19.84018
-2.846445 -3.151926 -3.512988 -3.942020 -4.455457 -5.073657 -5.823981 -6.740893 -7.869973 -9.259709 -10.92254 -12.69851 -14.30254 -15.61915 -16.67539 -17.52047 -18.19700 -18.73757 -19.16701 -19.50414 -19.76323 -19.95512 -20.08780 -20.16715 -20.19713 -20.18024 -20.11748 -20.00872 -19.85253 -19.64640 -19.38652 -19.06797 -18.68442 -18.22832 -17.69066 -17.06119 -16.32827 -15.47926 -14.50053 -13.37798 -12.09718 -10.64384 -9.003914 -7.163988 -5.111300 -2.834696 -0.3267840 2.407561 5.324311 8.266073 10.92136 13.03746 14.62505 15.82641 16.75972 17.50190 18.10257 18.59517 19.00298 19.34276 19.62690
-2.786780 -3.085908 -3.439759 -3.860644 -4.364948 -4.972998 -5.712171 -6.616996 -7.733192 -9.109436 -10.75841 -12.52045 -14.11086 -15.41443 -16.45845 -17.29232 -17.95879 -18.49051 -18.91235 -19.24311 -19.49701 -19.68487 -19.81463 -19.89213 -19.92131 -19.90463 -19.84311 -19.73665 -19.58381 -19.38217 -19.12796 -18.81633 -18.44105 -17.99467 -17.46827 -16.85170 -16.13339 -15.30078 -14.34025 -13.23769 -11.97860 -10.54855 -8.933287 -7.119121 -5.092931 -2.843174 -0.3620155 2.346118 5.237607 8.155400 10.78834 12.88396 14.45306 15.63789 16.55657 17.28592 17.87543 18.35836 18.75785 19.09051 19.36859
-2.719358 -3.011117 -3.356522 -3.767774 -4.261154 -4.856933 -5.582474 -6.472371 -7.572499 -8.931803 -10.56334 -12.30788 -13.88112 -15.16828 -16.19700 -17.01695 -17.67104 -18.19197 -18.60460 -18.92769 -19.17541 -19.35846 -19.48474 -19.56003 -19.58818 -19.57167 -19.51150 -19.40756 -19.25849 -19.06189 -18.81408 -18.51034 -18.14452 -17.70931 -17.19593 -16.59436 -15.89317 -15.07989 -14.14100 -13.06239 -11.82949 -10.42776 -8.842712 -7.060295 -5.066977 -2.850664 -0.4029371 2.272396 5.132333 8.020391 10.62579 12.69630 14.24284 15.40770 16.30891 17.02308 17.59951 18.07123 18.46116 18.78569 19.05689
-2.643816 -2.927102 -3.262700 -3.662633 -4.143028 -4.724025 -5.432926 -6.304366 -7.384396 -8.722301 -10.33163 -12.05376 -13.60512 -14.87151 -15.88105 -16.68373 -17.32260 -17.83041 -18.23197 -18.54592 -18.78631 -18.96371 -19.08589 -19.15854 -19.18544 -19.16903 -19.11028 -19.00912 -18.86420 -18.67322 -18.43259 -18.13771 -17.78258 -17.36008 -16.86160 -16.27732 -15.59601 -14.80537 -13.89200 -12.84189 -11.64046 -10.27304 -8.724908 -6.981636 -5.029132 -2.854629 -0.4489027 2.185121 5.005281 7.855853 10.42671 12.46606 13.98500 15.12573 16.00608 16.70238 17.26359 17.72240 18.10141 18.41675 18.68023
-2.559823 -2.833464 -3.157765 -3.544504 -4.009550 -4.572812 -5.261431 -6.110017 -7.164796 -8.475497 -10.05642 -11.74986 -13.27320 -14.51317 -15.49856 -16.27978 -16.90001 -17.39197 -17.78030 -18.08346 -18.31525 -18.48606 -18.60348 -18.67304 -18.69844 -18.68204 -18.62480 -18.52663 -18.38628 -18.20148 -17.96880 -17.68377 -17.34062 -16.93242 -16.45081 -15.88627 -15.22782 -14.46343 -13.57995 -12.56352 -11.39965 -10.07363 -8.570506 -6.875455 -4.973748 -2.851743 -0.4991293 2.082395 4.851988 7.655142 10.18265 12.18325 13.66825 14.77976 15.63526 16.31058 16.85416 17.29820 17.66487 17.96990 18.22480
-2.467102 -2.729872 -3.041297 -3.412790 -3.859825 -4.401918 -5.065876 -5.886129 -6.909013 -8.184797 -9.728788 -11.38475 -12.87170 -14.07774 -15.03262 -15.78717 -16.38464 -16.85757 -17.23026 -17.52079 -17.74263 -17.90587 -18.01781 -18.08383 -18.10746 -18.09097 -18.03529 -17.94035 -17.80492 -17.62687 -17.40290 -17.12872 -16.79881 -16.40652 -15.94384 -15.40157 -14.76913 -14.03489 -13.18605 -12.20908 -11.08971 -9.813321 -8.364849 -6.729099 -4.890667 -2.834874 -0.5499914 1.964051 4.668345 7.410250 9.882137 11.83377 13.27670 14.35270 15.17857 15.82934 16.35264 16.77994 17.13277 17.42636 17.67180
-2.365481 -2.616143 -2.913055 -3.267123 -3.693232 -4.210260 -4.844377 -5.629519 -6.611913 -7.842403 -9.337825 -10.94429 -12.38341 -13.54551 -14.46168 -15.18318 -15.75306 -16.20335 -16.55773 -16.83369 -17.04417 -17.19881 -17.30459 -17.36658 -17.38817 -17.37150 -17.31743 -17.22591 -17.09577 -16.92500 -16.71044 -16.44807 -16.13264 -15.75786 -15.31611 -14.79867 -14.19547 -13.49542 -12.68626 -11.75499 -10.68779 -9.470343 -8.087718 -6.524536 -4.764830 -2.792798 -0.5949706 1.831167 4.449736 7.111305 9.510924 11.39991 12.79019 13.82285 14.61347 15.23568 15.73581 16.14428 16.48175 16.76277 16.99791
-2.254938 -2.492298 -2.773083 -3.107516 -3.509645 -3.997349 -4.595682 -5.337498 -6.268331 -7.439359 -8.869487 -10.40883 -11.78382 -12.88845 -13.75547 -14.43624 -14.97303 -15.39676 -15.73005 -15.98947 -16.18719 -16.33224 -16.43116 -16.48870 -16.50799 -16.49103 -16.43862 -16.35070 -16.22617 -16.06314 -15.85867 -15.60899 -15.30919 -14.95339 -14.53450 -14.04435 -13.47353 -12.81168 -12.04729 -11.16815 -10.16118 -9.012771 -7.708488 -6.233219 -4.570806 -2.704617 -0.6193362 1.690693 4.194163 6.747138 9.049835 10.85678 12.18033 13.15995 13.90875 14.49796 14.97192 15.35945 15.68007 15.94745 16.17150
-2.135720 -2.358697 -2.621860 -2.934558 -3.309703 -3.763716 -4.319830 -5.008797 -5.874152 -6.966341 -8.306858 -9.753005 -11.04037 -12.06928 -12.87426 -13.50553 -14.00332 -14.39650 -14.70598 -14.94697 -15.13063 -15.26520 -15.35666 -15.40934 -15.42609 -15.40876 -15.35804 -15.27387 -15.15522 -15.00035 -14.80653 -14.57031 -14.28714 -13.95166 -13.55732 -13.09668 -12.56113 -11.94118 -11.22636 -10.40553 -9.466747 -8.397559 -7.184673 -5.813964 -4.269989 -2.536208 -0.5961866 1.558974 3.904443 6.306129 8.474838 10.17178 11.40977 12.32447 13.02409 13.57569 14.02047 14.38509 14.68749 14.94026 15.15252
-2.008493 -2.216193 -2.460478 -2.749639 -3.095141 -3.511431 -4.019035 -4.645086 -5.428660 -6.416332 -7.631035 -8.943408 -10.10886 -11.03850 -11.76664 -12.33930 -12.79238 -13.15135 -13.43462 -13.65558 -13.82408 -13.94743 -14.03092 -14.07843 -14.09247 -14.07469 -14.02569 -13.94539 -13.83284 -13.68645 -13.50375 -13.28159 -13.01587 -12.70176 -12.33338 -11.90406 -11.40615 -10.83123 -10.17006 -9.412892 -8.549332 -7.568617 -6.459339 -5.209416 -3.805550 -2.233217 -0.4772559 1.472374 3.597672 5.780996 7.756485 9.301695 10.42941 11.26554 11.90841 12.41798 12.83091 13.17089 13.45392 13.69128 13.89117
-1.874689 -2.066494 -2.291003 -2.555332 -2.869205 -3.244695 -3.698696 -4.253081 -4.938912 -5.792626 -6.832091 -7.951357 -8.949510 -9.753774 -10.39099 -10.89723 -11.30105 -11.62304 -11.87832 -12.07810 -12.23067 -12.34228 -12.41747 -12.45958 -12.47080 -12.45252 -12.40526 -12.32892 -12.22263 -12.08495 -11.91368 -11.70600 -11.45830 -11.16629 -10.82483 -10.42812 -9.969529 -9.441852 -8.837276 -8.147655 -7.364499 -6.479226 -5.483010 -4.366861 -3.121286 -1.736393 -0.2024084 1.485928 3.311946 5.179909 6.873056 8.208900 9.197707 9.941987 10.52156 10.98562 11.36467 11.67875 11.94158 12.16297 12.35010
-1.737092 -1.912715 -2.116998 -2.355887 -2.637143 -2.970328 -3.368068 -3.846087 -4.424600 -5.124092 -5.946858 -6.819045 -7.613207 -8.274720 -8.812786 -9.248444 -9.600674 -9.884301 -10.11076 -10.28880 -10.42509 -10.52472 -10.59146 -10.62807 -10.63641 -10.61762 -10.57212 -10.49979 -10.39985 -10.27100 -10.11131 -9.918330 -9.688919 -9.419374 -9.105320 -8.741824 -8.323362 -7.843989 -7.297414 -6.677224 -5.977006 -5.190600 -4.312171 -3.336429 -2.258730 -1.075610 0.2139926 1.604520 3.071315 4.538940 5.867181 6.944341 7.773942 8.418366 8.931122 9.347863 9.692018 9.979571 10.22181 10.42694 10.60110
-1.599829 -1.759315 -1.943461 -2.157037 -2.405905 -2.697140 -3.039286 -3.442142 -3.915900 -4.466829 -5.085172 -5.726606 -6.327529 -6.851105 -7.292211 -7.658360 -7.959596 -8.205207 -8.403047 -8.559484 -8.679583 -8.767295 -8.825629 -8.856788 -8.862277 -8.842997 -8.799284 -8.730970 -8.637382 -8.517364 -8.369269 -8.190971 -7.979828 -7.732705 -7.445984 -7.115604 -6.737123 -6.305851 -5.816979 -5.265809 -4.647952 -3.959606 -3.197821 -2.360844 -1.448597 -0.4635457 0.5876187 1.690354 2.815117 3.907784 4.896147 5.729264 6.405350 6.952016 7.398816 7.768649 8.078115 8.339252 8.560941 8.749843 8.911045
-1.466607 -1.610335 -1.774945 -1.964060 -2.181920 -2.433356 -2.723642 -3.057938 -3.439911 -3.868531 -4.332608 -4.806835 -5.259483 -5.667897 -6.023302 -6.325819 -6.579374 -6.788948 -6.959405 -7.095047 -7.199487 -7.275650 -7.325818 -7.351688 -7.354427 -7.334720 -7.292803 -7.228488 -7.141187 -7.029899 -6.893229 -6.729388 -6.536186 -6.311052 -6.051067 -5.753006 -5.413427 -5.028805 -4.595684 -4.110903 -3.571839 -2.976698 -2.324850 -1.617242 -0.8569553 -5.0028041E-02 0.7932265 1.656283 2.514151 3.333248 4.078371 4.726621 5.275104 5.734763 6.120479 6.445878 6.722018 6.957551 7.159196 7.332192 7.480656
-1.339582 -1.468250 -1.614332 -1.780467 -1.969568 -2.184703 -2.428806 -2.704078 -3.010867 -3.345875 -3.700122 -4.058715 -4.404515 -4.723594 -5.008129 -5.255578 -5.466582 -5.643305 -5.788429 -5.904629 -5.994322 -6.059556 -6.101980 -6.122843 -6.123002 -6.102956 -6.062846 -6.002478 -5.921332 -5.818559 -5.692999 -5.543181 -5.367329 -5.163392 -4.929078 -4.661917 -4.359353 -4.018871 -3.638159 -3.215325 -2.749128 -2.239260 -1.686657 -1.093868 -0.4654810 0.1913335 0.8661997 1.544969 2.209725 2.840387 3.418806 3.933583 4.382094 4.768509 5.100201 5.385023 5.630085 5.841392 6.023881 6.181565 6.317690
-1.219807 -1.334346 -1.463223 -1.608278 -1.771413 -1.954434 -2.158764 -2.384967 -2.632040 -2.896545 -3.171995 -3.449147 -3.717731 -3.968920 -4.196766 -4.398245 -4.572560 -4.720268 -4.842616 -4.941107 -5.017241 -5.072365 -5.107605 -5.123830 -5.121640 -5.101366 -5.063072 -5.006561 -4.931378 -4.836817 -4.721928 -4.585526 -4.426206 -4.242374 -4.032287 -3.794124 -3.526067 -3.226432 -2.893815 -2.527279 -2.126560 -1.692305 -1.226310 -0.7317826 -0.2135940 0.3214788 0.8646112 1.405023 1.930560 2.429020 2.890049 3.307011 3.677780 4.003906 4.289073 4.537781 4.754517 4.943365 5.107868 5.251032 5.375377
-1.107722 -1.209222 -1.322401 -1.448492 -1.588668 -1.743890 -1.914688 -2.100825 -2.300897 -2.511954 -2.729316 -2.946964 -3.158455 -3.357932 -3.540974 -3.704844 -3.848243 -3.970918 -4.073252 -4.155964 -4.219891 -4.265853 -4.294564 -4.306591 -4.302317 -4.281943 -4.245467 -4.192695 -4.123236 -4.036506 -3.931745 -3.808017 -3.664237 -3.499202 -3.311629 -3.100229 -2.863777 -2.601232 -2.311863 -1.995400 -1.652201 -1.283428 -0.8912079 -0.4787959 -5.0674379E-02 0.3873914 0.8284364 1.264565 1.687490 2.089374 2.463851 2.806784 3.116432 3.393155 3.638766 3.855838 4.047181 4.215528 4.363388 4.492974 4.606203
-1.003419 -1.093048 -1.192112 -1.301400 -1.421582 -1.553089 -1.695957 -1.849610 -2.012656 -2.182719 -2.356458 -2.529781 -2.698311 -2.858039 -3.005736 -3.139122 -3.256842 -3.358277 -3.443332 -3.512233 -3.565370 -3.603177 -3.626066 -3.634368 -3.628302 -3.607962 -3.573299 -3.524125 -3.460107 -3.380774 -3.285522 -3.173632 -3.044287 -2.896602 -2.729671 -2.542622 -2.334687 -2.105301 -1.854198 -1.581538 -1.288025 -0.9750277 -0.6446810 -0.2999619 5.5292249E-02 0.4164226 0.7780976 1.134584 1.480150 1.809575 2.118599 2.404294 2.665251 2.901371 3.113509 3.303117 3.471942 3.621798 3.754434 3.871460 3.974316
-0.9067655 -0.9857089 -1.072225 -1.166790 -1.269741 -1.381196 -1.500936 -1.628285 -1.761998 -1.900207 -2.040439 -2.179818 -2.315355 -2.444196 -2.563918 -2.672682 -2.769239 -2.852853 -2.923187 -2.980172 -3.023910 -3.054576 -3.072361 -3.077424 -3.069861 -3.049688 -3.016823 -2.971090 -2.912205 -2.839794 -2.753388 -2.652443 -2.536363 -2.404520 -2.256301 -2.091151 -1.908641 -1.708536 -1.490878 -1.256076 -1.004990 -0.7390052 -0.4600913 -0.1708258 0.1256298 0.4255969 0.7250320 1.019731 1.305599 1.578955 1.836840 2.077187 2.298815 2.501371 2.685187 2.851060 3.000057 3.133369 3.252203 3.357715 3.450974
-0.8174914 -0.8868989 -0.9623556 -1.044123 -1.132328 -1.226907 -1.327531 -1.433531 -1.543851 -1.657027 -1.771240 -1.884403 -1.994318 -2.098916 -2.196386 -2.285259 -2.364448 -2.433217 -2.491124 -2.537943 -2.573598 -2.598094 -2.611473 -2.613774 -2.605002 -2.585123 -2.554033 -2.511566 -2.457490 -2.391507 -2.313260 -2.222350 -2.118353 -2.000842 -1.869427 -1.723789 -1.563734 -1.389251 -1.200567 -0.9982178 -0.7830970 -0.5565051 -0.3201762 -7.6273456E-02 0.1726445 0.4237011 0.6738192 0.9198807 1.158910 1.388261 1.605743 1.809729 1.999242 2.173877 2.333687 2.479079 2.610688 2.729283 2.835687 2.930718 3.015162
-0.7352337 -0.7961900 -0.8619595 -0.9326614 -1.008295 -1.088701 -1.173513 -1.262123 -1.353645 -1.446929 -1.540575 -1.633038 -1.722738 -1.808122 -1.887787 -1.960559 -2.025516 -2.081974 -2.129463 -2.167683 -2.196456 -2.215685 -2.225313 -2.225300 -2.215595 -2.196122 -2.166772 -2.127392 -2.077792 -2.017738 -1.946964 -1.865187 -1.772115 -1.667476 -1.551040 -1.422659 -1.282300 -1.130090 -0.9663603 -0.7916890 -0.6069370 -0.4132733 -0.2121825 -5.4534525E-03 0.2048621 0.4165126 0.6271402 0.8343883 1.036023 1.230045 1.414823 1.589132 1.752139 1.903395 2.042798 2.170516 2.286910 2.392462 2.487724 2.573268 2.649662
-0.6595777 -0.7130803 -0.7704019 -0.8315684 -0.8965045 -0.9650069 -1.036716 -1.111091 -1.187402 -1.264737 -1.342037 -1.418128 -1.491777 -1.561808 -1.627146 -1.686849 -1.740141 -1.786413 -1.825211 -1.856205 -1.879171 -1.893948 -1.900426 -1.898512 -1.888119 -1.869152 -1.841497 -1.805020 -1.759563 -1.704948 -1.640981 -1.567466 -1.484213 -1.391064 -1.287907 -1.174708 -1.051539 -0.9186086 -0.7762927 -0.6251658 -0.4660204 -0.2998793 -0.1279965 4.8160929E-02 0.2269495 0.4065994 0.5852845 0.7612020 0.9326562 1.098140 1.256363 1.406305 1.547265 1.678830 1.800825 1.913277 2.016367 2.110387 2.195696 2.272687 2.341763
-0.5900806 -0.6370339 -0.6870084 -0.7399721 -0.7958097 -0.8543041 -0.9151189 -0.9777856 -1.041700 -1.106133 -1.170241 -1.233117 -1.293848 -1.351514 -1.405257 -1.454315 -1.498039 -1.535896 -1.567464 -1.592420 -1.610516 -1.621568 -1.625431 -1.621986 -1.611126 -1.592745 -1.566733 -1.532973 -1.491335 -1.441685 -1.383887 -1.317810 -1.243343 -1.160406 -1.068969 -0.9690775 -0.8608633 -0.7445776 -0.6206065 -0.4894926 -0.3519457 -0.2088476 -6.1249360E-02 8.9649111E-02 0.2425268 0.3959829 0.5485882 0.6989375 0.8457052 0.9876958 1.123908 1.253550 1.376019 1.490909 1.598002 1.697245 1.788703 1.872538 1.948975 2.018277 2.080728
