T5-twomodels-2/model120.grd
DSAA
         100         100
  -15.00000       15.00000    
  -15.00000       15.00000    
  -12.34019       22.08025    
[rows 27 to 53 of 100, columns 0 to 60 of 100]
-0.8167591 -0.8990985 -0.9937161 -1.102767 -1.228772 -1.374605 -1.543405 -1.738239 -1.961275 -2.211854 -2.483227 -2.760164 -3.023577 -3.259820 -3.463564 -3.634811 -3.775842 -3.889555 -3.978770 -4.045956 -4.093154 -4.121974 -4.133621 -4.128926 -4.108377 -4.072140 -4.020079 -3.951763 -3.866476 -3.763205 -3.640648 -3.497205 -3.330978 -3.139778 -2.921154 -2.672430 -2.390777 -2.073317 -1.717259 -1.320075 -0.8796986 -0.3947646 0.1351230 0.7090456 1.324316 1.975765 2.654651 3.347024 4.031950 4.681796 5.268845 5.776800 6.205324 6.563951 6.864582 7.117855 7.332342 7.514730 7.670211 7.802826 7.915741
-0.9047856 -0.9964801 -1.102712 -1.226320 -1.370799 -1.540367 -1.740125 -1.975920 -2.253832 -2.577584 -2.941279 -3.318277 -3.670362 -3.975374 -4.230172 -4.439190 -4.608369 -4.743186 -4.848248 -4.927249 -4.983093 -5.017989 -5.033562 -5.030924 -5.010743 -4.973284 -4.918437 -4.845736 -4.754362 -4.643147 -4.510559 -4.354702 -4.173291 -3.963666 -3.722796 -3.447312 -3.133562 -2.777714 -2.375874 -1.924258 -1.419362 -0.8581855 -0.2384394 0.4411623 1.180504 1.977323 2.825738 3.713096 4.613798 5.481609 6.258089 6.907414 7.433053 7.858074 8.205513 8.492948 8.733117 8.935253 9.106186 9.251036 9.373719
-0.9959148 -1.097193 -1.215400 -1.354078 -1.517862 -1.712458 -1.945417 -2.226135 -2.566711 -2.979388 -3.465504 -3.980690 -4.448429 -4.835877 -5.148490 -5.398804 -5.598124 -5.755234 -5.876886 -5.968186 -6.032996 -6.074186 -6.093830 -6.093347 -6.073590 -6.034938 -5.977304 -5.900185 -5.802667 -5.683413 -5.540658 -5.372190 -5.175329 -4.946917 -4.683309 -4.380398 -4.033659 -3.638219 -3.188981 -2.680745 -2.108378 -1.466916 -0.7517379 4.1389093E-02 0.9160866 1.875031 2.918710 4.041746 5.221536 6.390472 7.430686 8.264235 8.905557 9.404706 9.802540 10.12595 10.39284 10.61532 10.80210 10.95942 11.09204
-1.087390 -1.198280 -1.328521 -1.482345 -1.665575 -1.885412 -2.151977 -2.478344 -2.883123 -3.388124 -4.004029 -4.667204 -5.257053 -5.729829 -6.101576 -6.393836 -6.623656 -6.803269 -6.941644 -7.045330 -7.119170 -7.166698 -7.190445 -7.192144 -7.172836 -7.133009 -7.072603 -6.991082 -6.887429 -6.760143 -6.607219 -6.426134 -6.213808 -5.966570 -5.680173 -5.349754 -4.969907 -4.534702 -4.037823 -3.472625 -2.832307 -2.109888 -1.298326 -0.3903002 0.6217868 1.745984 2.989963 4.357226 5.830755 7.321864 8.645028 9.673248 10.43427 11.00904 11.45790 11.81758 12.11134 12.35424 12.55691 12.72672 12.86930
-1.176126 -1.296459 -1.438463 -1.607074 -1.809157 -2.053339 -2.351915 -2.721116 -3.184358 -3.769528 -4.490352 -5.269137 -5.959085 -6.506770 -6.932720 -7.264433 -7.523367 -7.724668 -7.879262 -7.995016 -8.077678 -8.131413 -8.159186 -8.163023 -8.144152 -8.103161 -8.040015 -7.954150 -7.844443 -7.709231 -7.546281 -7.352762 -7.125202 -6.859447 -6.550651 -6.193239 -5.780955 -5.306870 -4.763523 -4.142928 -3.436754 -2.636232 -1.732213 -0.7148325 0.4266195 1.704003 3.129346 4.709807 6.426252 8.169412 9.712092 10.89956 11.76583 12.41049 12.90778 13.30241 13.62227 13.88513 14.10338 14.28548 14.43784
-1.260095 -1.389506 -1.542736 -1.725360 -1.945110 -2.211793 -2.539329 -2.946115 -3.458248 -4.105931 -4.902020 -5.760824 -6.523644 -7.130587 -7.602294 -7.968791 -8.254112 -8.475446 -8.645211 -8.772353 -8.863390 -8.923040 -8.954655 -8.960523 -8.942042 -8.899891 -8.834062 -8.743948 -8.628334 -8.485406 -8.312701 -8.107111 -7.864791 -7.581137 -7.250753 -6.867408 -6.424080 -5.912959 -5.325568 -4.652807 -3.885078 -3.012240 -2.023617 -0.9076960 0.3479548 1.756787 3.331716 5.078642 6.972171 8.888747 10.58226 11.88654 12.83728 13.54215 14.08305 14.51005 14.85448 15.13636 15.36954 15.56350 15.72535
-1.338336 -1.476288 -1.639997 -1.835557 -2.071380 -2.358149 -2.710875 -3.149215 -3.700459 -4.395252 -5.244895 -6.159380 -6.974507 -7.626578 -8.135180 -8.530998 -8.839297 -9.078482 -9.261995 -9.399578 -9.498356 -9.563500 -9.598683 -9.606421 -9.588259 -9.544950 -9.476504 -9.382280 -9.260971 -9.110618 -8.928558 -8.711417 -8.455018 -8.154354 -7.803542 -7.395779 -6.923384 -6.377807 -5.749762 -5.029263 -4.205800 -3.268300 -2.205188 -1.004169 0.3477186 1.863913 3.556287 5.427869 7.447722 9.484097 11.28258 12.67229 13.68913 14.44409 15.02294 15.47900 15.84598 16.14558 16.39283 16.59805 16.76894
-1.410469 -1.556318 -1.729611 -1.936851 -2.186950 -2.491192 -2.865250 -3.329435 -3.911449 -4.641735 -5.530344 -6.484871 -7.338218 -8.024490 -8.562253 -8.982141 -9.309892 -9.564548 -9.760190 -9.907110 -10.01287 -10.08300 -10.12142 -10.13083 -10.11290 -10.06843 -9.997454 -9.899291 -9.772550 -9.615140 -9.424221 -9.196180 -8.926552 -8.609980 -8.240161 -7.809818 -7.310737 -6.733781 -6.069044 -5.305913 -4.433277 -3.439525 -2.312688 -1.040297 0.3904149 1.992131 3.775135 5.739800 7.851388 9.973714 11.84834 13.30208 14.37081 15.16692 15.77819 16.25982 16.64708 16.96288 17.22316 17.43889 17.61829
-1.476419 -1.629453 -1.811365 -2.028963 -2.291510 -2.610671 -3.002506 -3.487612 -4.093760 -4.851043 -5.768597 -6.752599 -7.634399 -8.346758 -8.907436 -9.346808 -9.690721 -9.958519 -10.16464 -10.31974 -10.43167 -10.50622 -10.54751 -10.55837 -10.54056 -10.49494 -10.42154 -10.31964 -10.18778 -10.02374 -9.824533 -9.586342 -9.304454 -8.973214 -8.585986 -8.135106 -7.611940 -7.006914 -6.309684 -5.509216 -4.594054 -3.552344 -2.372046 -1.040863 0.4534677 2.122681 3.975600 6.010562 8.190368 10.37628 12.30780 13.81064 14.92048 15.75035 16.38904 16.89287 17.29812 17.62852 17.90068 18.12610 18.31341
-1.536288 -1.695768 -1.885323 -2.111975 -2.385228 -2.716979 -3.123486 -3.625454 -4.250586 -5.028650 -5.968172 -6.974457 -7.877856 -8.610304 -9.188996 -9.644038 -10.00123 -10.28003 -10.49506 -10.65719 -10.77449 -10.85289 -10.89666 -10.90875 -10.89096 -10.84420 -10.76849 -10.66308 -10.52643 -10.35624 -10.14937 -9.901846 -9.608741 -9.264160 -8.861198 -8.391898 -7.847311 -7.217549 -6.491968 -5.659297 -4.707897 -3.625866 -2.401268 -1.022129 0.5232416 2.245710 4.152923 6.241783 8.473533 10.70795 12.68334 14.22465 15.36745 16.22506 16.88687 17.40982 17.83083 18.17424 18.45712 18.69137 18.88594
-1.590269 -1.755465 -1.951718 -2.186201 -2.468567 -2.810853 -3.229411 -3.744962 -4.385101 -5.179326 -6.135717 -7.159011 -8.078997 -8.827052 -9.419956 -9.887560 -10.25558 -10.54349 -10.76602 -10.93412 -11.05599 -11.13769 -11.18358 -11.19667 -11.17881 -11.13093 -11.05304 -10.94437 -10.80330 -10.62746 -10.41359 -10.15757 -9.854315 -9.497746 -9.080741 -8.595123 -8.031717 -7.380423 -6.630409 -5.770269 -4.788314 -3.672691 -2.411652 -0.9935669 0.5927183 2.357352 4.307099 6.437857 8.709819 10.98182 12.99144 14.56326 15.73270 16.61321 17.29445 17.83377 18.26852 18.62340 18.91585 19.15806 19.35923
-1.638620 -1.808833 -2.010897 -2.252088 -2.542157 -2.893211 -3.321644 -3.848148 -4.500210 -5.307125 -6.276674 -7.313226 -8.246134 -9.006415 -9.610564 -10.08824 -10.46507 -10.76048 -10.98922 -11.16233 -11.28806 -11.37255 -11.42020 -11.43408 -11.41608 -11.36711 -11.28719 -11.17550 -11.03041 -10.84942 -10.62922 -10.36556 -10.05323 -9.686006 -9.256602 -8.756682 -8.176920 -7.507067 -6.736190 -5.852829 -4.845302 -3.701858 -2.410954 -0.9612925 0.6578386 2.456030 4.439385 6.603108 8.906714 11.20844 13.24538 14.84176 16.03291 16.93235 17.62993 18.18322 18.62985 18.99477 19.29569 19.54500 19.75210
-1.681616 -1.856187 -2.063249 -2.310148 -2.606685 -2.965010 -3.401520 -3.936868 -4.598446 -5.415384 -6.395240 -7.442119 -8.385139 -9.155053 -9.768136 -10.25389 -10.63784 -10.93938 -11.17326 -11.35053 -11.47949 -11.56629 -11.61539 -11.62988 -11.61166 -11.56165 -11.47986 -11.36543 -11.21667 -11.03107 -10.80520 -10.53474 -10.21439 -9.837783 -9.397543 -8.885214 -8.291360 -7.605656 -6.817106 -5.914242 -4.885435 -3.719042 -2.403727 -0.9284616 0.7171021 2.542121 4.552225 6.742115 9.070823 11.39614 13.45488 15.07110 16.28002 17.19515 17.90643 18.47160 18.92844 19.30209 19.61043 19.86603 20.07841
-1.719541 -1.897866 -2.109192 -2.360908 -2.662852 -3.027182 -3.470289 -4.012784 -4.681978 -5.506884 -6.494910 -7.549987 -8.501003 -9.278543 -9.898736 -10.39097 -10.78067 -11.08720 -11.32529 -11.50599 -11.63760 -11.72631 -11.77658 -11.79152 -11.77303 -11.72205 -11.63854 -11.52163 -11.36961 -11.17990 -10.94902 -10.67258 -10.34519 -9.960421 -9.510803 -8.987806 -8.381925 -7.682783 -6.879370 -5.960228 -4.913792 -3.728539 -2.393298 -0.8972779 0.7695920 2.616140 4.647642 6.858451 9.207272 11.55163 13.62806 15.26045 16.48395 17.41210 18.13486 18.71008 19.17565 19.55684 19.87164 20.13274 20.34978
-1.752670 -1.934196 -2.149131 -2.404883 -2.711313 -3.080582 -3.529064 -4.077330 -4.752627 -5.583871 -6.578352 -7.639858 -8.597184 -9.380770 -10.00662 -10.50403 -10.89837 -11.20895 -11.45047 -11.63395 -11.76773 -11.85799 -11.90919 -11.92445 -11.90567 -11.85378 -11.76872 -11.64962 -11.49472 -11.30139 -11.06613 -10.78448 -10.45100 -10.05920 -9.601557 -9.069474 -8.453417 -7.742980 -6.927156 -5.994516 -4.933555 -3.732857 -2.381399 -0.8685678 0.8154787 2.679327 4.727994 6.955569 9.320504 11.68010 13.77075 15.41627 16.65173 17.59064 18.32298 18.90666 19.37963 19.76727 20.08763 20.35351 20.57461
-1.781263 -1.965490 -2.183442 -2.442549 -2.752675 -3.125980 -3.578819 -4.131732 -4.811909 -5.648201 -6.647824 -7.714471 -8.676806 -9.465187 -10.09554 -10.59709 -10.99514 -11.30897 -11.55324 -11.73899 -11.87453 -11.96602 -12.01795 -12.03343 -12.01434 -11.96162 -11.87520 -11.75417 -11.59675 -11.40030 -11.16126 -10.87514 -10.53646 -10.13868 -9.674233 -9.134507 -8.509927 -7.790089 -6.963995 -6.020243 -4.947393 -3.734123 -2.369522 -0.8431234 0.8547395 2.732471 4.794898 7.035919 9.413820 11.78577 13.88802 15.54425 16.78949 17.73725 18.47754 19.06828 19.54749 19.94057 20.26567 20.53563 20.76023
-1.805554 -1.992025 -2.212473 -2.474332 -2.787469 -3.164042 -3.620386 -4.177011 -4.861069 -5.701357 -6.705012 -7.775665 -8.741930 -9.534089 -10.16800 -10.67282 -11.07382 -11.39024 -11.63672 -11.82428 -11.96121 -12.05369 -12.10618 -12.12179 -12.10241 -12.04895 -11.96134 -11.83864 -11.67908 -11.47997 -11.23772 -10.94783 -10.60476 -10.20197 -9.731865 -9.185790 -8.554175 -7.826611 -6.992110 -6.039315 -4.956832 -3.733413 -2.358242 -0.8209773 0.8879312 2.776746 4.850145 7.101885 9.490116 11.87187 13.98334 15.64818 16.90135 17.85633 18.60314 19.19971 19.68409 20.08172 20.41080 20.68421 20.91176
-1.825751 -2.014054 -2.236523 -2.500602 -2.816155 -3.195332 -3.654456 -4.214013 -4.901122 -5.744541 -6.751371 -7.825195 -8.794541 -9.589647 -10.22633 -10.73372 -11.13703 -11.45549 -11.70371 -11.89269 -12.03071 -12.12395 -12.17687 -12.19255 -12.17290 -12.11880 -12.03018 -11.90610 -11.74474 -11.54340 -11.29850 -11.00549 -10.65882 -10.25192 -9.777178 -9.225938 -8.588614 -7.854809 -7.013551 -6.053506 -4.963335 -3.731843 -2.348295 -0.8024283 0.9152003 2.812756 4.894804 7.155005 9.551423 11.94102 14.05991 15.73163 16.99116 17.95194 18.70401 19.30531 19.79390 20.19526 20.52761 20.80386 21.03387
-1.842031 -2.031785 -2.255850 -2.521673 -2.839114 -3.220319 -3.681596 -4.243415 -4.932870 -5.778688 -6.787929 -7.864126 -8.835812 -9.633172 -10.27198 -10.78133 -11.18642 -11.50643 -11.75599 -11.94606 -12.08492 -12.17874 -12.23197 -12.24769 -12.22780 -12.17317 -12.08372 -11.95850 -11.79569 -11.59257 -11.34553 -11.05002 -10.70047 -10.29029 -9.811872 -9.256541 -8.614718 -7.876005 -7.029449 -6.063743 -4.967583 -3.729820 -2.339776 -0.7872581 0.9371102 2.841406 4.930127 7.196859 9.599574 11.99517 14.11971 15.79676 17.06124 18.02657 18.78278 19.38781 19.87973 20.28406 20.61902 20.89756 21.12954
-1.854545 -2.045396 -2.270666 -2.537802 -2.856658 -3.239378 -3.702259 -4.265758 -4.956950 -5.804543 -6.815581 -7.893576 -8.866999 -9.666018 -10.30639 -10.81719 -11.22358 -11.54476 -11.79530 -11.98617 -12.12565 -12.21989 -12.27334 -12.28908 -12.26898 -12.21394 -12.12385 -11.99776 -11.83382 -11.62932 -11.38065 -11.08322 -10.73148 -10.31881 -9.837600 -9.279171 -8.633951 -7.891541 -7.041006 -6.071060 -4.970418 -3.727979 -2.333100 -0.7756323 0.9537399 2.863046 4.956722 7.228302 9.635729 12.03586 14.16472 15.84578 17.11397 18.08272 18.84205 19.44990 19.94436 20.35094 20.68789 20.96817 21.20166
-1.863399 -2.055021 -2.281133 -2.549180 -2.869022 -3.252790 -3.716781 -4.281435 -4.973824 -5.822635 -6.834884 -7.914068 -8.888665 -9.688825 -10.33027 -10.84206 -11.24935 -11.57132 -11.82253 -12.01396 -12.15386 -12.24839 -12.30198 -12.31772 -12.29748 -12.24214 -12.15159 -12.02487 -11.86014 -11.65468 -11.40484 -11.10606 -10.75278 -10.33836 -9.855189 -9.294597 -8.647001 -7.902016 -7.048714 -6.075819 -4.972077 -3.726398 -2.328174 -0.7672914 0.9655334 2.878294 4.975389 7.250314 9.660964 12.06416 14.19591 15.87973 17.15049 18.12162 18.88313 19.49295 19.98918 20.39735 20.73570 21.01720 21.25176
-1.868679 -2.060757 -2.287367 -2.555953 -2.876374 -3.260760 -3.725400 -4.290735 -4.983823 -5.833348 -6.846324 -7.926243 -8.901543 -9.702365 -10.34444 -10.85680 -11.26462 -11.58705 -11.83866 -12.03041 -12.17056 -12.26525 -12.31893 -12.33467 -12.31434 -12.25881 -12.16798 -12.04089 -11.87569 -11.66965 -11.41912 -11.11955 -10.76534 -10.34988 -9.865554 -9.303678 -8.654681 -7.908175 -7.053243 -6.078615 -4.973043 -3.725465 -2.325278 -0.7623904 0.9724602 2.887245 4.986347 7.263234 9.675803 12.08087 14.21440 15.89987 17.17215 18.14469 18.90747 19.51846 20.01575 20.42485 20.76403 21.04627 21.28146
-1.870433 -2.062663 -2.289437 -2.558200 -2.878814 -3.263401 -3.728256 -4.293815 -4.987133 -5.836891 -6.850091 -7.930217 -8.905735 -9.706776 -10.34905 -10.86161 -11.26960 -11.59218 -11.84393 -12.03578 -12.17601 -12.27076 -12.32446 -12.34019 -12.31983 -12.26424 -12.17333 -12.04611 -11.88075 -11.67451 -11.42376 -11.12392 -10.76941 -10.35361 -9.868896 -9.306596 -8.657135 -7.910128 -7.054656 -6.079455 -4.973284 -3.725074 -2.324240 -0.7606924 0.9748243 2.890277 4.990039 7.267572 9.680753 12.08637 14.22043 15.90641 17.17920 18.15220 18.91541 19.52678 20.02441 20.43383 20.77329 21.05577 21.29117
-1.868679 -2.060756 -2.287367 -2.555952 -2.876372 -3.260758 -3.725400 -4.290734 -4.983821 -5.833347 -6.846324 -7.926241 -8.901543 -9.702363 -10.34444 -10.85680 -11.26462 -11.58705 -11.83866 -12.03041 -12.17056 -12.26525 -12.31893 -12.33467 -12.31434 -12.25881 -12.16798 -12.04089 -11.87569 -11.66964 -11.41912 -11.11955 -10.76534 -10.34989 -9.865551 -9.303677 -8.654679 -7.908175 -7.053242 -6.078615 -4.973043 -3.725465 -2.325277 -0.7623911 0.9724617 2.887247 4.986349 7.263233 9.675805 12.08087 14.21440 15.89986 17.17215 18.14469 18.90747 19.51846 20.01575 20.42485 20.76403 21.04627 21.28146
-1.863397 -2.055020 -2.281132 -2.549179 -2.869022 -3.252790 -3.716781 -4.281436 -4.973823 -5.822635 -6.834883 -7.914066 -8.888666 -9.688826 -10.33027 -10.84206 -11.24935 -11.57132 -11.82253 -12.01396 -12.15386 -12.24839 -12.30199 -12.31772 -12.29748 -12.24214 -12.15158 -12.02487 -11.86014 -11.65468 -11.40484 -11.10606 -10.75278 -10.33836 -9.855190 -9.294595 -8.646999 -7.902016 -7.048715 -6.075820 -4.972075 -3.726398 -2.328173 -0.7672921 0.9655342 2.878294 4.975388 7.250314 9.660964 12.06416 14.19591 15.87972 17.15049 18.12163 18.88312 19.49295 19.98918 20.39735 20.73570 21.01720 21.25176
-1.854543 -2.045396 -2.270666 -2.537800 -2.856659 -3.239378 -3.702259 -4.265758 -4.956950 -5.804543 -6.815580 -7.893574 -8.866999 -9.666018 -10.30639 -10.81719 -11.22358 -11.54476 -11.79530 -11.98617 -12.12565 -12.21989 -12.27334 -12.28908 -12.26898 -12.21394 -12.12385 -11.99776 -11.83382 -11.62933 -11.38065 -11.08323 -10.73148 -10.31881 -9.837598 -9.279172 -8.633951 -7.891542 -7.041007 -6.071059 -4.970419 -3.727980 -2.333100 -0.7756345 0.9537392 2.863043 4.956720 7.228302 9.635727 12.03586 14.16471 15.84577 17.11397 18.08272 18.84204 19.44990 19.94436 20.35094 20.68789 20.96817 21.20165
-1.842032 -2.031785 -2.255850 -2.521671 -2.839113 -3.220320 -3.681597 -4.243414 -4.932872 -5.778688 -6.787927 -7.864125 -8.835812 -9.633172 -10.27198 -10.78133 -11.18642 -11.50643 -11.75599 -11.94606 -12.08492 -12.17874 -12.23197 -12.24769 -12.22780 -12.17317 -12.08372 -11.95850 -11.79569 -11.59257 -11.34553 -11.05001 -10.70047 -10.29029 -9.811872 -9.256541 -8.614719 -7.876006 -7.029449 -6.063743 -4.967584 -3.729819 -2.339778 -0.7872581 0.9371087 2.841407 4.930129 7.196857 9.599574 11.99517 14.11971 15.79676 17.06123 18.02657 18.78278 19.38781 19.87973 20.28406 20.61902 20.89756 21.12954
