T5-twomodels-2/model150.grd
DSAA
         100         100
  -15.00000       15.00000    
  -15.00000       15.00000    
  -21.14141       21.65500    
[rows 0 to 26 of 100, columns 0 to 60 of 100]
2.4080580E-02 1.9228691E-02 1.4458434E-02 9.7990735E-03 5.2825781E-03 9.4268471E-04 -3.1847507E-03 -7.0620333E-03 -1.0650046E-02 -1.3908278E-02 -1.6793516E-02 -1.9264733E-02 -2.1286193E-02 -2.2815749E-02 -2.3811217E-02 -2.4233339E-02 -2.4044609E-02 -2.3209583E-02 -2.1694902E-02 -1.9470651E-02 -1.6509347E-02 -1.2787222E-02 -8.2837185E-03 -2.9825605E-03 3.1291740E-03 1.0059378E-02 1.7812243E-02 2.6386697E-02 3.5777386E-02 4.5974158E-02 5.6961764E-02 6.8720013E-02 8.1223644E-02 9.4442584E-02 0.1083417 0.1228811 0.1380164 0.1536986 0.1698749 0.1864883 0.2034789 0.2207836 0.2383374 0.2560731 0.2739225 0.2918168 0.3096874 0.3274658 0.3450838 0.3624742 0.3795777 0.3963407 0.4127059 0.4286177 0.4440261 0.4588859 0.4731560 0.4867991 0.4997823 0.5120767 0.5236568
8.4465835E-03 2.9538758E-03 -2.4687268E-03 -7.7881850E-03 -1.2969319E-02 -1.7974153E-02 -2.2762526E-02 -2.7291685E-02 -3.1517539E-02 -3.5394449E-02 -3.8878318E-02 -4.1921739E-02 -4.4471331E-02 -4.6481330E-02 -4.7907446E-02 -4.8704609E-02 -4.8829801E-02 -4.8241928E-02 -4.6902686E-02 -4.4777174E-02 -4.1833613E-02 -3.8044155E-02 -3.3384725E-02 -2.7835928E-02 -2.1382328E-02 -1.4014030E-02 -5.7256315E-03 3.4830999E-03 1.3606950E-02 2.4635345E-02 3.6552176E-02 4.9335744E-02 6.2958390E-02 7.7386715E-02 9.2582315E-02 0.1085005 0.1250918 0.1423011 0.1600690 0.1783313 0.1970203 0.2160646 0.2353903 0.2549212 0.2745801 0.2942886 0.3139689 0.3335441 0.3529405 0.3720878 0.3909129 0.4093424 0.4273145 0.4447733 0.4616646 0.4779382 0.4935492 0.5084571 0.5226261 0.5360252 0.5486272
-8.4423460E-03 -1.4659087E-02 -2.0820554E-02 -2.6890518E-02 -3.2829564E-02 -3.8595404E-02 -4.4142503E-02 -4.9422845E-02 -5.4385792E-02 -5.8979262E-02 -6.3147143E-02 -6.6835687E-02 -6.9996595E-02 -7.2574295E-02 -7.4513562E-02 -7.5762391E-02 -7.6270804E-02 -7.5991549E-02 -7.4880175E-02 -7.2896130E-02 -7.0002742E-02 -6.6167399E-02 -6.1361913E-02 -5.5563170E-02 -4.8753291E-02 -4.0919613E-02 -3.2054912E-02 -2.2157887E-02 -1.1233380E-02 7.0803799E-04 1.3649184E-02 2.7566496E-02 4.2429987E-02 5.8203097E-02 7.4843086E-02 9.2300311E-02 0.1105193 0.1294381 0.1489902 0.1691028 0.1896990 0.2106979 0.2320157 0.2535652 0.2752587 0.2970070 0.3187215 0.3403140 0.3616973 0.3827856 0.4035033 0.4237813 0.4435478 0.4627339 0.4812786 0.4991266 0.5162282 0.5325394 0.5480218 0.5626419 0.5763713
-2.6697339E-02 -3.3732295E-02 -4.0731788E-02 -4.7655754E-02 -5.4460347E-02 -6.1097838E-02 -6.7517303E-02 -7.3663890E-02 -7.9480372E-02 -8.4907651E-02 -8.9887485E-02 -9.4357044E-02 -9.8247595E-02 -0.1014978 -0.1040486 -0.1058401 -0.1068145 -0.1069173 -0.1060973 -0.1043071 -0.1015041 -9.7650781E-02 -9.2713766E-02 -8.6666085E-02 -7.9486147E-02 -7.1158633E-02 -6.1674137E-02 -5.1029868E-02 -3.9230101E-02 -2.6285462E-02 -1.2214016E-02 2.9591378E-03 1.9201124E-02 3.6471900E-02 5.4723959E-02 7.3902361E-02 9.3944743E-02 0.1147819 0.1363382 0.1585315 0.1812747 0.2044753 0.2280375 0.2518626 0.2758499 0.2998974 0.3239041 0.3477701 0.3714000 0.3947028 0.4175853 0.4399557 0.4617356 0.4828550 0.5032468 0.5228505 0.5416116 0.5594825 0.5764213 0.5923929 0.6073672
-4.6445988E-02 -5.4406654E-02 -6.2357590E-02 -7.0254527E-02 -7.8048415E-02 -8.5686103E-02 -9.3109258E-02 -0.1002566 -0.1070620 -0.1134577 -0.1193703 -0.1247285 -0.1294670 -0.1335119 -0.1367904 -0.1392326 -0.1407719 -0.1413450 -0.1408924 -0.1393598 -0.1366973 -0.1328610 -0.1278125 -0.1215201 -0.1139577 -0.1051070 -9.4955973E-02 -8.3500244E-02 -7.0742756E-02 -5.6694172E-02 -4.1373216E-02 -2.4807129E-02 -7.0311595E-03 1.1910731E-02 3.1966064E-02 5.3073373E-02 7.5163223E-02 9.8157726E-02 0.1219713 0.1465105 0.1716763 0.1973635 0.2234623 0.2498596 0.2764399 0.3030864 0.3296830 0.3561151 0.3822694 0.4080353 0.4333149 0.4580190 0.4820573 0.5053440 0.5278037 0.5493690 0.5699806 0.5895866 0.6081431 0.6256120 0.6419625
-6.7827083E-02 -7.6835953E-02 -8.5868269E-02 -9.4874859E-02 -0.1038013 -0.1125874 -0.1211680 -0.1294725 -0.1374260 -0.1449511 -0.1519696 -0.1583986 -0.1641472 -0.1691338 -0.1732781 -0.1764998 -0.1787217 -0.1798706 -0.1798777 -0.1786796 -0.1762188 -0.1724443 -0.1673113 -0.1607825 -0.1528275 -0.1434237 -0.1325565 -0.1202187 -0.1064124 -9.1147751E-02 -7.4444063E-02 -5.6330208E-02 -3.6844239E-02 -1.6034303E-02 6.0415827E-03 2.9315196E-02 5.3709000E-02 7.9134941E-02 0.1054965 0.1326873 0.1605945 0.1890975 0.2180704 0.2473830 0.2769027 0.3064951 0.3360268 0.3653664 0.3943883 0.4229736 0.4510023 0.4783579 0.5049410 0.5306633 0.5554416 0.5792024 0.6018809 0.6234211 0.6437760 0.6629062 0.6807794
-9.0993129E-02 -0.1011904 -0.1114529 -0.1217268 -0.1319513 -0.1420588 -0.1519752 -0.1616204 -0.1709084 -0.1797491 -0.1880455 -0.1957022 -0.2026300 -0.2087303 -0.2139046 -0.2180593 -0.2211049 -0.2229563 -0.2235335 -0.2227634 -0.2205795 -0.2169224 -0.2117403 -0.2049894 -0.1966339 -0.1866471 -0.1750102 -0.1617137 -0.1467577 -0.1301518 -0.1119154 -9.2079215E-02 -7.0683889E-02 -4.7782063E-02 -2.3437198E-02 2.2748485E-03 2.9267045E-02 5.7440482E-02 8.6685412E-02 0.1168815 0.1478991 0.1795997 0.2118388 0.2444659 0.2773278 0.3102693 0.3431362 0.3757762 0.4080403 0.4397842 0.4708794 0.5012102 0.5306613 0.5591255 0.5865097 0.6127323 0.6377230 0.6614220 0.6837794 0.7047542 0.7243146
-0.1161132 -0.1276588 -0.1393229 -0.1510462 -0.1627609 -0.1743910 -0.1858527 -0.1970539 -0.2078964 -0.2182763 -0.2280887 -0.2372217 -0.2455545 -0.2529756 -0.2593762 -0.2646474 -0.2686853 -0.2713907 -0.2726715 -0.2724428 -0.2706275 -0.2671568 -0.2619711 -0.2550191 -0.2462592 -0.2356591 -0.2231958 -0.2088569 -0.1926401 -0.1745531 -0.1546160 -0.1328602 -0.1093293 -8.4080033E-02 -5.7182461E-02 -2.8720265E-02 1.2092292E-03 3.2494638E-02 6.5011673E-02 9.8622963E-02 0.1331796 0.1685228 0.2044851 0.2408923 0.2775666 0.3143279 0.3509975 0.3873998 0.4233670 0.4587411 0.4933657 0.5270905 0.5597887 0.5913484 0.6216668 0.6506553 0.6782373 0.7043493 0.7289392 0.7519653 0.7733958
-0.1433735 -0.1564508 -0.1697137 -0.1830971 -0.1965254 -0.2099135 -0.2231657 -0.2361767 -0.2488329 -0.2610135 -0.2725884 -0.2834280 -0.2934085 -0.3023959 -0.3102569 -0.3168641 -0.3220962 -0.3258382 -0.3279830 -0.3284324 -0.3270973 -0.3238989 -0.3187675 -0.3116441 -0.3024803 -0.2912377 -0.2778884 -0.2624156 -0.2448142 -0.2250906 -0.2032634 -0.1793651 -0.1534418 -0.1255544 -9.5778801E-02 -6.4208031E-02 -3.0950319E-02 3.8690865E-03 4.0108897E-02 7.7612326E-02 0.1162085 0.1557136 0.1959337 0.2366665 0.2777043 0.3188374 0.3598573 0.4005583 0.4407409 0.4802133 0.5188048 0.5563630 0.5927402 0.6278012 0.6614317 0.6935335 0.7240244 0.7528378 0.7799196 0.8052289 0.8287352
-0.1729781 -0.1877970 -0.2028861 -0.2181738 -0.2335764 -0.2489976 -0.2643291 -0.2794498 -0.2942282 -0.3085244 -0.3221944 -0.3350849 -0.3470322 -0.3578822 -0.3674849 -0.3756916 -0.3823607 -0.3873583 -0.3905603 -0.3918530 -0.3911343 -0.3883128 -0.3833089 -0.3760548 -0.3664934 -0.3545802 -0.3402815 -0.3235758 -0.3044540 -0.2829193 -0.2589895 -0.2326969 -0.2040890 -0.1732309 -0.1402050 -0.1051127 -6.8075024E-02 -2.9232586E-02 1.1254707E-02 5.3206924E-02 9.6427791E-02 0.1407044 0.1858106 0.2315102 0.2775604 0.3237148 0.3697293 0.4153643 0.4603916 0.5045977 0.5477750 0.5897278 0.6302920 0.6693252 0.7067018 0.7423150 0.7760774 0.8079193 0.8377863 0.8656392 0.8914506
-0.2051525 -0.2219543 -0.2391318 -0.2566076 -0.2742889 -0.2920673 -0.3098192 -0.3274050 -0.3446719 -0.3614554 -0.3775777 -0.3928589 -0.4071255 -0.4201918 -0.4318738 -0.4419971 -0.4503950 -0.4569119 -0.4614036 -0.4637395 -0.4638017 -0.4614855 -0.4567003 -0.4493683 -0.4394238 -0.4268146 -0.4115005 -0.3934538 -0.3726609 -0.3491214 -0.3228499 -0.2938779 -0.2622538 -0.2280452 -0.1913406 -0.1522515 -0.1109106 -6.7476086E-02 -2.2129528E-02 2.4923777E-02 7.3456861E-02 0.1232220 0.1739558 0.2253803 0.2772099 0.3291544 0.3809254 0.4322397 0.4828242 0.5324189 0.5807934 0.6277441 0.6730794 0.7166296 0.7582537 0.7978359 0.8352838 0.8705258 0.9035096 0.9341989 0.9625726
-0.2401437 -0.2592050 -0.2787747 -0.2987689 -0.3190854 -0.3396022 -0.3601785 -0.3806528 -0.4008472 -0.4205689 -0.4396169 -0.4577766 -0.4748205 -0.4905327 -0.5047027 -0.5171242 -0.5276029 -0.5359565 -0.5420185 -0.5456381 -0.5466804 -0.5450264 -0.5405731 -0.5332318 -0.5229276 -0.5096002 -0.4932014 -0.4736973 -0.4510677 -0.4253070 -0.3964257 -0.3644521 -0.3294340 -0.2914413 -0.2505672 -0.2069311 -0.1606806 -0.1119914 -6.1069615E-02 -8.1499107E-03 4.6505220E-02 0.1026074 0.1598466 0.2178959 0.2764165 0.3350645 0.3934980 0.4513824 0.5084001 0.5642567 0.6186715 0.6713852 0.7221831 0.7708851 0.8173369 0.8614146 0.9030217 0.9420872 0.9785625 1.012418 1.043641
-0.2782235 -0.2998627 -0.3221755 -0.3450735 -0.3684442 -0.3921508 -0.4160319 -0.4399009 -0.4635490 -0.4867471 -0.5092459 -0.5307906 -0.5511324 -0.5700080 -0.5871595 -0.6023423 -0.6153266 -0.6259006 -0.6338706 -0.6390639 -0.6413267 -0.6405252 -0.6365424 -0.6292792 -0.6186505 -0.6045872 -0.5870327 -0.5659451 -0.5412962 -0.5130736 -0.4812814 -0.4459428 -0.4071023 -0.3648296 -0.3192207 -0.2704037 -0.2185389 -0.1638217 -0.1064843 -4.6795979E-02 1.4939252E-02 7.8384489E-02 0.1431749 0.2089224 0.2752233 0.3416676 0.4078457 0.4733579 0.5378198 0.6008705 0.6621931 0.7215113 0.7785748 0.8331687 0.8851223 0.9343029 0.9806122 1.023983 1.064374 1.101766 1.136158
-0.3196894 -0.3442715 -0.3697352 -0.3959867 -0.4229046 -0.4503357 -0.4780958 -0.5059677 -0.5337054 -0.5610377 -0.5876766 -0.6133141 -0.6376248 -0.6602981 -0.6810325 -0.6995377 -0.7155427 -0.7287996 -0.7390851 -0.7462013 -0.7499746 -0.7502549 -0.7469125 -0.7398365 -0.7289324 -0.7141218 -0.6953387 -0.6725318 -0.6456638 -0.6147122 -0.5796717 -0.5405579 -0.4974086 -0.4502893 -0.3992974 -0.3445660 -0.2862675 -0.2246179 -0.1598784 -9.2355721E-02 -2.2402687E-02 4.9585477E-02 0.1231773 0.1979098 0.2733002 0.3488544 0.4240802 0.4984974 0.5716517 0.6431261 0.7125313 0.7795185 0.8438040 0.9051586 0.9633986 1.018385 1.070020 1.118245 1.163032 1.204376 1.242296
-0.3648648 -0.3928100 -0.4218958 -0.4520278 -0.4830748 -0.5148670 -0.5471938 -0.5798023 -0.6124009 -0.6446635 -0.6762301 -0.7067289 -0.7357909 -0.7630339 -0.7880852 -0.8105968 -0.8302476 -0.8467478 -0.8598396 -0.8692988 -0.8749307 -0.8765692 -0.8740723 -0.8673188 -0.8562053 -0.8406436 -0.8205582 -0.7958870 -0.7665808 -0.7326041 -0.6939395 -0.6505890 -0.6025797 -0.5499690 -0.4928489 -0.4313558 -0.3656712 -0.2960304 -0.2227251 -0.1461056 -6.6580534E-02 1.5386567E-02 9.9282436E-02 0.1845518 0.2706133 0.3568678 0.4427172 0.5275781 0.6108930 0.6921470 0.7708910 0.8467442 0.9193752 0.9885131 1.053956 1.115561 1.173240 1.226945 1.276670 1.322433 1.364278
-0.4141017 -0.4458911 -0.4791467 -0.5137754 -0.5496396 -0.5865523 -0.6242741 -0.6625091 -0.7009109 -0.7390864 -0.7766098 -0.8130232 -0.8478447 -0.8806121 -0.9108821 -0.9382365 -0.9622937 -0.9827151 -0.9992056 -1.011511 -1.019418 -1.022746 -1.021342 -1.015076 -1.003839 -0.9875316 -0.9660701 -0.9393796 -0.9073969 -0.8700697 -0.8273622 -0.7792584 -0.7257671 -0.6669299 -0.6028295 -0.5335963 -0.4594180 -0.3805464 -0.2973045 -0.2100891 -0.1193734 -2.5702734E-02 7.0310667E-02 0.1679987 0.2666539 0.3655451 0.4639405 0.5611259 0.6564294 0.7492399 0.8390036 0.9252366 1.007562 1.085692 1.159412 1.228583 1.293129 1.353030 1.408306 1.459011 1.505223
-0.4677772 -0.5039627 -0.5420212 -0.5818687 -0.6233649 -0.6663074 -0.7104244 -0.7553709 -0.8007316 -0.8460261 -0.8907164 -0.9342362 -0.9760203 -1.015490 -1.052090 -1.085314 -1.114706 -1.139871 -1.160472 -1.176228 -1.186907 -1.192318 -1.192301 -1.186723 -1.175469 -1.158435 -1.135525 -1.106651 -1.071734 -1.030699 -0.9834857 -0.9300515 -0.8703789 -0.8044842 -0.7324281 -0.6543286 -0.5703705 -0.4808176 -0.3860202 -0.2864271 -0.1825825 -7.5129233E-02 3.5201292E-02 0.1476002 0.2612014 0.3751053 0.4884058 0.6002175 0.7097021 0.8160937 0.9187380 1.017095 1.110719 1.199274 1.282536 1.360373 1.432739 1.499648 1.561167 1.617397 1.668466
-0.5262950 -0.5675061 -0.6111005 -0.6570119 -0.7051062 -0.7551691 -0.8068959 -0.8598833 -0.9136325 -0.9675547 -1.020995 -1.073241 -1.123545 -1.171190 -1.215501 -1.255859 -1.291721 -1.322627 -1.348197 -1.368125 -1.382165 -1.390123 -1.391843 -1.387191 -1.376053 -1.358323 -1.333894 -1.302667 -1.264538 -1.219405 -1.167177 -1.107773 -1.041137 -0.9672459 -0.8861264 -0.7978689 -0.7026417 -0.6007107 -0.4924503 -0.3783579 -0.2590588 -0.1353076 -7.9805972E-03 0.1219380 0.2533825 0.3852346 0.5163627 0.6456605 0.7720898 0.8947177 1.012722 1.125415 1.232287 1.332982 1.427276 1.515065 1.596345 1.671190 1.739731 1.802137 1.858601
-0.5900823 -0.6370350 -0.6870092 -0.7399728 -0.7958100 -0.8543047 -0.9151191 -0.9777861 -1.041701 -1.106134 -1.170241 -1.233117 -1.293848 -1.351514 -1.405257 -1.454315 -1.498039 -1.535896 -1.567464 -1.592419 -1.610515 -1.621567 -1.625430 -1.621984 -1.611123 -1.592743 -1.566732 -1.532971 -1.491334 -1.441685 -1.383886 -1.317810 -1.243342 -1.160405 -1.068969 -0.9690763 -0.8608621 -0.7445770 -0.6206064 -0.4894929 -0.3519459 -0.2088485 -6.1250109E-02 8.9648001E-02 0.2425263 0.3959828 0.5485885 0.6989380 0.8457057 0.9876959 1.123908 1.253551 1.376020 1.490910 1.598004 1.697246 1.788704 1.872538 1.948975 2.018277 2.080727
-0.6595795 -0.7130817 -0.7704032 -0.8315693 -0.8965051 -0.9650075 -1.036716 -1.111091 -1.187403 -1.264739 -1.342039 -1.418129 -1.491777 -1.561808 -1.627146 -1.686849 -1.740141 -1.786414 -1.825211 -1.856205 -1.879170 -1.893947 -1.900425 -1.898510 -1.888117 -1.869150 -1.841496 -1.805019 -1.759562 -1.704947 -1.640980 -1.567465 -1.484213 -1.391063 -1.287906 -1.174707 -1.051538 -0.9186082 -0.7762929 -0.6251663 -0.4660212 -0.2998803 -0.1279978 4.8159808E-02 0.2269488 0.4065990 0.5852842 0.7612017 0.9326564 1.098140 1.256363 1.406305 1.547266 1.678832 1.800827 1.913279 2.016369 2.110388 2.195696 2.272686 2.341763
-0.7352357 -0.7961915 -0.8619609 -0.9326622 -1.008295 -1.088701 -1.173514 -1.262124 -1.353647 -1.446930 -1.540576 -1.633039 -1.722739 -1.808122 -1.887787 -1.960560 -2.025517 -2.081974 -2.129463 -2.167683 -2.196456 -2.215684 -2.225312 -2.225298 -2.215592 -2.196120 -2.166769 -2.127390 -2.077790 -2.017736 -1.946963 -1.865186 -1.772114 -1.667475 -1.551039 -1.422658 -1.282299 -1.130090 -0.9663603 -0.7916896 -0.6069381 -0.4132746 -0.2121840 -5.4553151E-03 0.2048606 0.4165111 0.6271392 0.8343877 1.036022 1.230044 1.414822 1.589132 1.752139 1.903395 2.042798 2.170516 2.286910 2.392462 2.487723 2.573267 2.649660
-0.8174929 -0.8868998 -0.9623565 -1.044123 -1.132328 -1.226907 -1.327531 -1.433531 -1.543852 -1.657027 -1.771240 -1.884402 -1.994317 -2.098915 -2.196385 -2.285258 -2.364446 -2.433215 -2.491122 -2.537941 -2.573595 -2.598090 -2.611469 -2.613769 -2.604999 -2.585118 -2.554029 -2.511563 -2.457487 -2.391503 -2.313257 -2.222347 -2.118350 -2.000839 -1.869424 -1.723786 -1.563732 -1.389249 -1.200565 -0.9982173 -0.7830970 -0.5565057 -0.3201768 -7.6274388E-02 0.1726436 0.4237004 0.6738192 0.9198800 1.158908 1.388260 1.605742 1.809729 1.999241 2.173876 2.333686 2.479078 2.610687 2.729282 2.835685 2.930717 3.015159
-0.9067670 -0.9857103 -1.072226 -1.166790 -1.269742 -1.381197 -1.500937 -1.628285 -1.761999 -1.900208 -2.040440 -2.179818 -2.315355 -2.444196 -2.563918 -2.672681 -2.769238 -2.852852 -2.923185 -2.980170 -3.023907 -3.054574 -3.072357 -3.077420 -3.069857 -3.049684 -3.016820 -2.971086 -2.912202 -2.839791 -2.753385 -2.652441 -2.536360 -2.404518 -2.256298 -2.091149 -1.908639 -1.708534 -1.490876 -1.256076 -1.004990 -0.7390054 -0.4600914 -0.1708264 0.1256296 0.4255965 0.7250317 1.019730 1.305599 1.578953 1.836838 2.077185 2.298813 2.501370 2.685187 2.851059 3.000056 3.133367 3.252201 3.357713 3.450970
-1.003421 -1.093050 -1.192114 -1.301401 -1.421582 -1.553090 -1.695958 -1.849611 -2.012656 -2.182719 -2.356458 -2.529780 -2.698309 -2.858038 -3.005734 -3.139120 -3.256840 -3.358274 -3.443329 -3.512230 -3.565366 -3.603173 -3.626061 -3.634363 -3.628297 -3.607956 -3.573293 -3.524120 -3.460103 -3.380769 -3.285518 -3.173627 -3.044282 -2.896597 -2.729667 -2.542617 -2.334683 -2.105297 -1.854195 -1.581536 -1.288023 -0.9750265 -0.6446801 -0.2999609 5.5292066E-02 0.4164226 0.7780978 1.134584 1.480149 1.809574 2.118597 2.404292 2.665249 2.901370 3.113507 3.303115 3.471940 3.621795 3.754431 3.871456 3.974312
-1.107724 -1.209224 -1.322402 -1.448493 -1.588668 -1.743891 -1.914689 -2.100826 -2.300899 -2.511955 -2.729316 -2.946964 -3.158455 -3.357930 -3.540973 -3.704842 -3.848241 -3.970917 -4.073251 -4.155962 -4.219889 -4.265849 -4.294560 -4.306586 -4.302313 -4.281939 -4.245463 -4.192690 -4.123232 -4.036503 -3.931741 -3.808013 -3.664233 -3.499198 -3.311626 -3.100225 -2.863773 -2.601229 -2.311861 -1.995398 -1.652200 -1.283427 -0.8912075 -0.4787953 -5.0674751E-02 0.3873914 0.8284357 1.264564 1.687490 2.089372 2.463849 2.806782 3.116431 3.393153 3.638765 3.855837 4.047179 4.215527 4.363386 4.492971 4.606201
-1.219808 -1.334347 -1.463223 -1.608278 -1.771413 -1.954433 -2.158763 -2.384966 -2.632039 -2.896544 -3.171992 -3.449143 -3.717726 -3.968916 -4.196760 -4.398239 -4.572555 -4.720262 -4.842609 -4.941100 -5.017233 -5.072357 -5.107595 -5.123820 -5.121630 -5.101357 -5.063063 -5.006551 -4.931369 -4.836808 -4.721920 -4.585517 -4.426198 -4.242365 -4.032279 -3.794116 -3.526059 -3.226425 -2.893809 -2.527274 -2.126556 -1.692302 -1.226308 -0.7317808 -0.2135929 0.3214791 0.8646116 1.405022 1.930557 2.429017 2.890044 3.307005 3.677775 4.003901 4.289067 4.537775 4.754511 4.943358 5.107861 5.251025 5.375368
-1.339583 -1.468250 -1.614332 -1.780468 -1.969569 -2.184704 -2.428807 -2.704079 -3.010866 -3.345875 -3.700122 -4.058713 -4.404513 -4.723590 -5.008126 -5.255574 -5.466578 -5.643301 -5.788424 -5.904625 -5.994318 -6.059551 -6.101974 -6.122837 -6.122995 -6.102950 -6.062840 -6.002473 -5.921325 -5.818554 -5.692994 -5.543176 -5.367324 -5.163386 -4.929072 -4.661912 -4.359347 -4.018866 -3.638155 -3.215322 -2.749125 -2.239258 -1.686655 -1.093867 -0.4654799 0.1913339 0.8662008 1.544968 2.209722 2.840385 3.418802 3.933580 4.382090 4.768507 5.100198 5.385019 5.630081 5.841389 6.023878 6.181560 6.317686
