T5-twomodels-2/model30.grd
DSAA
         100         100
  -15.00000       15.00000    
  -15.00000       15.00000    
  0.3736028       23.62864    
[rows 28 to 55 of 100, columns 0 to 62 of 100]
1.180346 1.292025 1.419538 1.565835 1.734523 1.929952 2.157357 2.422747 2.732373 3.090152 3.490396 3.906706 4.301131 4.651809 4.955930 5.218306 5.445295 5.642859 5.816135 5.969437 6.106360 6.229913 6.342623 6.446645 6.543836 6.635829 6.724087 6.809951 6.894678 6.979484 7.065556 7.154092 7.246302 7.343434 7.446754 7.557553 7.677113 7.806686 7.947432 8.100389 8.266397 8.446071 8.639699 8.847178 9.067808 9.299929 9.540095 9.781325 10.00985 10.20310 10.34393 10.44188 10.51618 10.57626 10.62562 10.66586 10.69814 10.72327 10.74195 10.75464 10.76176 10.76354 10.76018
1.227622 1.349377 1.489396 1.651355 1.839987 2.061157 2.322540 2.633723 3.006961 3.454728 3.978561 4.534373 5.045896 5.480641 5.844385 6.150103 6.409513 6.631954 6.824724 6.993634 7.143259 7.277384 7.399031 7.510809 7.614845 7.713081 7.807142 7.898608 7.988853 8.079315 8.171292 8.266215 8.365422 8.470443 8.582713 8.703870 8.835430 8.979082 9.136299 9.308676 9.497499 9.704125 9.929556 10.17484 10.44053 10.72695 11.03286 11.35343 11.67221 11.94509 12.12123 12.22395 12.30042 12.36375 12.41682 12.46024 12.49531 12.52257 12.54299 12.55689 12.56490 12.56714 12.56396
1.274513 1.406366 1.558933 1.736621 1.945324 2.192441 2.488187 2.845878 3.284248 3.825391 4.480159 5.185256 5.820314 6.342000 6.766661 7.116349 7.408512 7.656023 7.868389 8.052967 8.215328 8.360044 8.490628 8.610164 8.721034 8.825509 8.925355 9.022416 9.118165 9.214279 9.312146 9.413457 9.519655 9.632577 9.753804 9.885350 10.02895 10.18675 10.36052 10.55246 10.76427 10.99812 11.25573 11.53939 11.85100 12.19311 12.56708 12.97112 13.38719 13.74774 13.96095 14.06631 14.14399 14.21021 14.26694 14.31349 14.35137 14.38075 14.40292 14.41802 14.42694 14.42962 14.42664
1.320988 1.462752 1.627593 1.820630 2.048801 2.320945 2.649453 3.050807 3.548559 4.170894 4.931712 5.753684 6.490248 7.088418 7.569042 7.960166 8.283668 8.555382 8.786809 8.986682 9.161525 9.316632 9.456021 9.583185 9.700809 9.811423 9.916996 10.01957 10.12076 10.22243 10.32613 10.43371 10.54681 10.66748 10.79753 10.93924 11.09463 11.26621 11.45611 11.66697 11.90098 12.16092 12.44917 12.76892 13.12313 13.51566 13.94915 14.42211 14.91200 15.33467 15.57893 15.69315 15.77511 15.84533 15.90590 15.95573 15.99636 16.02789 16.05177 16.06809 16.07787 16.08103 16.07822
1.366791 1.518080 1.694643 1.902241 2.148679 2.443987 2.802185 3.241935 3.789474 4.475312 5.312504 6.215726 7.026536 7.685503 8.213609 8.641450 8.993521 9.287724 9.537104 9.751519 9.938328 10.10344 10.25135 10.38592 10.51012 10.62671 10.73788 10.84582 10.95233 11.05943 11.16880 11.28248 11.40227 11.53043 11.66897 11.82042 11.98707 12.17171 12.37681 12.60536 12.85994 13.14373 13.45956 13.81111 14.20181 14.63578 15.11544 15.63766 16.17537 16.63661 16.90455 17.03085 17.11983 17.19519 17.25992 17.31313 17.35649 17.39017 17.41570 17.43325 17.44386 17.44750 17.44484
1.411479 1.571750 1.759270 1.980329 2.243424 2.559458 2.943551 3.415641 4.003160 4.737075 5.628891 6.588989 7.453441 8.159029 8.725702 9.184748 9.561914 9.876360 10.14219 10.37011 10.56815 10.74273 10.89876 11.04042 11.17093 11.29329 11.40984 11.52298 11.63463 11.74695 11.86177 11.98131 12.10749 12.24277 12.38933 12.54993 12.72708 12.92381 13.14284 13.38741 13.66036 13.96512 14.30472 14.68299 15.10330 15.56951 16.08317 16.63942 17.20840 17.69499 17.98084 18.11880 18.21554 18.29651 18.36554 18.42214 18.46818 18.50397 18.53112 18.54984 18.56127 18.56537 18.56286
1.454572 1.623161 1.820726 2.053972 2.331903 2.666024 3.072136 3.570823 4.189950 4.960285 5.892106 6.893397 7.797359 8.538588 9.136040 9.620972 10.01963 10.35186 10.63243 10.87265 11.08104 11.26444 11.42809 11.57643 11.71294 11.84079 11.96249 12.08058 12.19713 12.31443 12.43445 12.55952 12.69173 12.83367 12.98770 13.15674 13.34348 13.55114 13.78263 14.04134 14.33027 14.65294 15.01242 15.41244 15.85616 16.34693 16.88547 17.46571 18.05635 18.56095 18.86059 19.00860 19.11267 19.19911 19.27235 19.33225 19.38088 19.41869 19.44738 19.46724 19.47943 19.48399 19.48161
1.495642 1.671816 1.878442 2.122531 2.413443 2.763077 3.187617 3.707948 4.352010 5.150236 6.111991 7.143865 8.077515 8.846213 9.468130 9.974288 10.39107 10.73865 11.03221 11.28343 11.50122 11.69271 11.86341 12.01800 12.16013 12.29315 12.41971 12.54249 12.66367 12.78567 12.91057 13.04081 13.17863 13.32672 13.48758 13.66429 13.85964 14.07703 14.31944 14.59040 14.89294 15.23060 15.60638 16.02386 16.48589 16.99536 17.55238 18.15011 18.75645 19.27437 19.58480 19.74126 19.85183 19.94330 20.02047 20.08347 20.13454 20.17426 20.20441 20.22534 20.23826 20.24323 20.24098
1.534331 1.717334 1.932021 2.185628 2.487751 2.850537 3.290370 3.828250 4.492060 5.311916 6.296584 7.351792 8.308216 9.098321 9.739731 10.26321 10.69514 11.05583 11.36067 11.62163 11.84783 12.04665 12.22381 12.38415 12.53150 12.66933 12.80044 12.92760 13.05311 13.17950 13.30893 13.44396 13.58693 13.74063 13.90768 14.09124 14.29424 14.52013 14.77199 15.05339 15.36737 15.71744 16.10647 16.53787 17.01423 17.53808 18.10909 18.71996 19.33817 19.86640 20.18543 20.34886 20.46503 20.56097 20.64170 20.70754 20.76087 20.80235 20.83386 20.85579 20.86939 20.87475 20.87261
1.570378 1.759456 1.981236 2.243107 2.554824 2.928674 3.381147 3.933260 4.612797 5.449615 6.452042 7.525259 8.499379 9.306334 9.963346 10.50096 10.94548 11.31727 11.63185 11.90132 12.13497 12.34037 12.52336 12.68896 12.84109 12.98337 13.11868 13.24989 13.37942 13.50984 13.64345 13.78287 13.93051 14.08927 14.26185 14.45149 14.66118 14.89443 15.15439 15.44461 15.76812 16.12837 16.52814 16.97065 17.45828 17.99331 18.57511 19.19608 19.82344 20.35971 20.68564 20.85487 20.97582 21.07566 21.15955 21.22795 21.28332 21.32642 21.35917 21.38201 21.39624 21.40195 21.39991
1.603601 1.798028 2.025989 2.294977 2.614846 2.997963 3.460857 4.024533 4.716669 5.566925 6.583351 7.670757 8.658840 9.479186 10.14875 10.69791 11.15288 11.53402 11.85692 12.13377 12.37397 12.58520 12.77343 12.94376 13.10025 13.24658 13.38573 13.52067 13.65386 13.78799 13.92540 14.06878 14.22064 14.38392 14.56139 14.75635 14.97185 15.21143 15.47824 15.77586 16.10728 16.47588 16.88433 17.33573 17.83230 18.37612 18.96636 19.59525 20.22986 20.77261 21.10415 21.27816 21.40313 21.50633 21.59300 21.66365 21.72086 21.76541 21.79928 21.82296 21.83775 21.84377 21.84183
1.633887 1.832985 2.066289 2.341359 2.668114 3.058961 3.530444 4.103529 4.805807 5.666785 6.694292 7.792890 8.792051 9.623112 10.30282 10.86141 11.32504 11.71404 12.04401 12.32721 12.57312 12.78948 12.98235 13.15691 13.31731 13.46730 13.60994 13.74825 13.88478 14.02225 14.16308 14.31003 14.46563 14.63291 14.81468 15.01426 15.23476 15.47973 15.75233 16.05613 16.39408 16.76949 17.18498 17.64353 18.14722 18.69802 19.29496 19.93012 20.57048 21.11838 21.45450 21.63249 21.76087 21.86694 21.95601 22.02864 22.08746 22.13331 22.16818 22.19260 22.20789 22.21420 22.21232
1.661180 1.864319 2.102201 2.382437 2.714977 3.112253 3.590800 4.171552 4.882022 5.751607 6.787998 7.895588 8.903633 9.743313 10.43124 10.99755 11.46834 11.86390 12.19986 12.48850 12.73932 12.96015 13.15709 13.33542 13.49929 13.65255 13.79831 13.93964 14.07915 14.21962 14.36350 14.51361 14.67253 14.84331 15.02880 15.23238 15.45714 15.70667 15.98413 16.29306 16.63639 17.01738 17.43857 17.90288 18.41229 18.96866 19.57094 20.21114 20.85616 21.40829 21.74817 21.92944 22.06067 22.16917 22.26030 22.33465 22.39488 22.44185 22.47761 22.50268 22.51842 22.52497 22.52315
1.685469 1.892067 2.133841 2.418429 2.755804 3.158401 3.642747 4.229740 4.946834 5.823341 6.866828 7.981571 8.996729 9.843352 10.53795 11.11058 11.58726 11.98829 12.32928 12.62252 12.87756 13.10225 13.30273 13.48433 13.65126 13.80740 13.95592 14.09994 14.24209 14.38520 14.53177 14.68465 14.84645 15.02027 15.20897 15.41595 15.64433 15.89770 16.17921 16.49239 16.84014 17.22567 17.65149 18.12044 18.63445 19.19529 19.80186 20.44610 21.09485 21.65037 21.99332 22.17733 22.31093 22.42149 22.51436 22.59019 22.65163 22.69959 22.73611 22.76175 22.77788 22.78465 22.78287
1.706764 1.916293 2.161339 2.449563 2.790943 3.197918 3.687002 4.279059 5.001500 5.883575 6.932780 8.053305 9.074193 9.926413 10.62641 11.20417 11.68570 12.09125 12.43643 12.73354 12.99215 13.22012 13.42364 13.60806 13.77764 13.93630 14.08722 14.23358 14.37804 14.52345 14.67236 14.82763 14.99192 15.16833 15.35977 15.56963 15.80105 16.05761 16.34248 16.65915 17.01050 17.39973 17.82929 18.30198 18.81968 19.38411 19.99413 20.64161 21.29341 21.85174 22.19720 22.38343 22.51900 22.63127 22.72562 22.80269 22.86517 22.91396 22.95114 22.97728 22.99373 23.00068 22.99893
1.725097 1.937075 2.184838 2.476057 2.820723 3.231263 3.724183 4.320321 5.047053 5.933571 6.987319 8.112408 9.137853 9.994553 10.69889 11.28081 11.76627 12.17552 12.52415 12.82447 13.08605 13.31678 13.52288 13.70970 13.88154 14.04234 14.19532 14.34368 14.49011 14.63750 14.78840 14.94572 15.11211 15.29071 15.48443 15.69669 15.93063 16.18983 16.47743 16.79695 17.15122 17.54343 17.97600 18.45168 18.97233 19.53964 20.15240 20.80249 21.45670 22.01723 22.36472 22.55279 22.68999 22.80367 22.89924 22.97734 23.04069 23.09019 23.12792 23.15447 23.17120 23.17830 23.17658
1.740512 1.954492 2.204468 2.498116 2.845428 3.258832 3.754811 4.354196 5.084325 5.974363 7.031715 8.160454 9.189515 10.04977 10.75755 11.34278 11.83139 12.24362 12.59505 12.89798 13.16200 13.39500 13.60322 13.79203 13.96575 14.12834 14.28305 14.43309 14.58117 14.73021 14.88277 15.04178 15.20992 15.39033 15.58594 15.80016 16.03614 16.29747 16.58729 16.90908 17.26569 17.66027 18.09522 18.57327 19.09625 19.66583 20.28076 20.93291 21.58906 22.15141 22.50052 22.69005 22.82854 22.94338 23.03994 23.11889 23.18295 23.23303 23.27122 23.29811 23.31507 23.32229 23.32058
1.753050 1.968623 2.220352 2.515915 2.865306 3.280946 3.779314 4.381218 5.113981 6.006738 7.066851 8.198363 9.230203 10.09320 10.80365 11.39146 11.88254 12.29711 12.65075 12.95574 13.22170 13.45652 13.66643 13.85685 14.03209 14.19613 14.35224 14.50363 14.65306 14.80343 14.95734 15.11772 15.28726 15.46912 15.66622 15.88200 16.11960 16.38261 16.67417 16.99774 17.35617 17.75259 18.18939 18.66928 19.19406 19.76538 20.38200 21.03575 21.69338 22.25708 22.60746 22.79815 22.93767 23.05341 23.15075 23.23038 23.29500 23.34554 23.38410 23.41126 23.42841 23.43572 23.43402
1.762752 1.979537 2.232594 2.529603 2.880559 3.297879 3.798032 4.401819 5.136542 6.031323 7.093513 8.227128 9.261052 10.12609 10.83854 11.42828 11.92121 12.33754 12.69283 12.99940 13.26683 13.50303 13.71425 13.90590 14.08230 14.24746 14.40465 14.55709 14.70755 14.85895 15.01390 15.17532 15.34594 15.52891 15.72715 15.94412 16.18295 16.44723 16.74008 17.06500 17.42479 17.82259 18.26076 18.74202 19.26814 19.84076 20.45863 21.11357 21.77233 22.33709 22.68843 22.87996 23.02025 23.13667 23.23462 23.31476 23.37981 23.43071 23.46955 23.49692 23.51420 23.52158 23.51989
1.769657 1.987290 2.241277 2.539297 2.891344 3.309831 3.811224 4.416313 5.152393 6.048568 7.112169 8.247196 9.282543 10.14899 10.86283 11.45390 11.94812 12.36567 12.72213 13.02979 13.29826 13.53543 13.74757 13.94009 14.11732 14.28327 14.44122 14.59441 14.74560 14.89773 15.05341 15.21558 15.38696 15.57070 15.76976 15.98755 16.22724 16.49240 16.78617 17.11201 17.47275 17.87150 18.31063 18.79283 19.31988 19.89340 20.51213 21.16788 21.82741 22.39286 22.74485 22.93700 23.07783 23.19473 23.29309 23.37358 23.43894 23.49009 23.52912 23.55663 23.57401 23.58145 23.57976
1.773789 1.991926 2.246462 2.545081 2.897768 3.316944 3.819066 4.424922 5.161797 6.058796 7.123244 8.259139 9.295336 10.16261 10.87726 11.46913 11.96410 12.38237 12.73952 13.04783 13.31691 13.55466 13.76735 13.96038 14.13811 14.30453 14.46293 14.61657 14.76820 14.92077 15.07688 15.23950 15.41133 15.59554 15.79506 16.01336 16.25355 16.51924 16.81354 17.13993 17.50123 17.90054 18.34023 18.82298 19.35057 19.92462 20.54386 21.20010 21.86009 22.42599 22.77838 22.97086 23.11201 23.22919 23.32780 23.40851 23.47404 23.52534 23.56449 23.59209 23.60952 23.61699 23.61530
1.775164 1.993467 2.248185 2.547001 2.899903 3.319305 3.821670 4.427778 5.164916 6.062183 7.126894 8.263041 9.299505 10.16706 10.88197 11.47409 11.96932 12.38783 12.74520 13.05373 13.32302 13.56096 13.77383 13.96703 14.14492 14.31150 14.47006 14.62384 14.77562 14.92833 15.08459 15.24736 15.41933 15.60370 15.80339 16.02184 16.26220 16.52806 16.82254 17.14911 17.51059 17.91009 18.34996 18.83290 19.36067 19.93489 20.55430 21.21070 21.87082 22.43683 22.78934 22.98195 23.12321 23.24049 23.33917 23.41996 23.48555 23.53689 23.57608 23.60371 23.62117 23.62864 23.62695
1.773788 1.991926 2.246461 2.545080 2.897769 3.316945 3.819065 4.424922 5.161798 6.058795 7.123244 8.259139 9.295335 10.16262 10.87726 11.46912 11.96410 12.38237 12.73952 13.04783 13.31691 13.55466 13.76735 13.96038 14.13811 14.30453 14.46293 14.61657 14.76820 14.92077 15.07688 15.23950 15.41133 15.59554 15.79507 16.01336 16.25355 16.51924 16.81354 17.13993 17.50123 17.90054 18.34023 18.82298 19.35057 19.92462 20.54386 21.20010 21.86009 22.42599 22.77838 22.97086 23.11201 23.22919 23.32780 23.40851 23.47404 23.52533 23.56449 23.59208 23.60953 23.61699 23.61530
1.769658 1.987291 2.241276 2.539296 2.891343 3.309829 3.811223 4.416313 5.152393 6.048567 7.112168 8.247196 9.282541 10.14899 10.86283 11.45390 11.94812 12.36567 12.72213 13.02979 13.29825 13.53543 13.74757 13.94008 14.11732 14.28326 14.44121 14.59441 14.74559 14.89773 15.05341 15.21558 15.38696 15.57070 15.76976 15.98755 16.22724 16.49240 16.78617 17.11201 17.47275 17.87150 18.31063 18.79283 19.31988 19.89340 20.51213 21.16788 21.82740 22.39286 22.74485 22.93699 23.07783 23.19473 23.29308 23.37358 23.43894 23.49008 23.52912 23.55663 23.57401 23.58145 23.57976
1.762753 1.979537 2.232593 2.529603 2.880558 3.297877 3.798031 4.401817 5.136541 6.031322 7.093511 8.227128 9.261049 10.12609 10.83854 11.42828 11.92121 12.33753 12.69283 12.99940 13.26683 13.50303 13.71425 13.90589 14.08230 14.24746 14.40464 14.55709 14.70755 14.85895 15.01389 15.17532 15.34594 15.52890 15.72715 15.94412 16.18294 16.44722 16.74008 17.06499 17.42479 17.82258 18.26076 18.74202 19.26814 19.84076 20.45863 21.11356 21.77232 22.33709 22.68843 22.87996 23.02025 23.13667 23.23461 23.31475 23.37981 23.43070 23.46954 23.49691 23.51419 23.52158 23.51988
1.753050 1.968622 2.220351 2.515915 2.865306 3.280945 3.779314 4.381219 5.113981 6.006736 7.066849 8.198360 9.230202 10.09319 10.80365 11.39146 11.88254 12.29711 12.65074 12.95574 13.22170 13.45651 13.66643 13.85685 14.03209 14.19613 14.35223 14.50363 14.65306 14.80343 14.95734 15.11772 15.28726 15.46912 15.66622 15.88200 16.11960 16.38261 16.67417 16.99774 17.35617 17.75259 18.18939 18.66928 19.19406 19.76538 20.38200 21.03574 21.69338 22.25708 22.60746 22.79814 22.93767 23.05340 23.15075 23.23038 23.29500 23.34554 23.38410 23.41126 23.42841 23.43572 23.43402
1.740512 1.954492 2.204467 2.498116 2.845428 3.258829 3.754811 4.354195 5.084323 5.974361 7.031713 8.160452 9.189512 10.04976 10.75754 11.34277 11.83139 12.24362 12.59505 12.89797 13.16199 13.39500 13.60321 13.79202 13.96575 14.12833 14.28305 14.43309 14.58117 14.73021 14.88277 15.04178 15.20992 15.39033 15.58593 15.80016 16.03613 16.29746 16.58728 16.90907 17.26569 17.66026 18.09521 18.57327 19.09625 19.66582 20.28075 20.93290 21.58906 22.15140 22.50052 22.69004 22.82854 22.94337 23.03993 23.11889 23.18294 23.23302 23.27121 23.29811 23.31507 23.32228 23.32057
1.725098 1.937075 2.184837 2.476057 2.820723 3.231263 3.724182 4.320322 5.047052 5.933571 6.987318 8.112408 9.137852 9.994551 10.69889 11.28081 11.76627 12.17552 12.52415 12.82447 13.08605 13.31678 13.52287 13.70969 13.88153 14.04233 14.19532 14.34368 14.49011 14.63750 14.78840 14.94572 15.11211 15.29071 15.48443 15.69669 15.93063 16.18983 16.47743 16.79695 17.15122 17.54343 17.97600 18.45168 18.97233 19.53963 20.15240 20.80249 21.45670 22.01723 22.36472 22.55279 22.68998 22.80367 22.89924 22.97734 23.04068 23.09019 23.12792 23.15447 23.17120 23.17830 23.17657
