T5-twomodels-2/model30.grd
DSAA
         100         100
  -15.00000       15.00000    
  -15.00000       15.00000    
  0.3736028       23.62864    
[rows 56 to 83 of 100, columns 0 to 62 of 100]
1.706763 1.916293 2.161340 2.449562 2.790942 3.197918 3.687001 4.279059 5.001499 5.883572 6.932778 8.053304 9.074191 9.926410 10.62641 11.20417 11.68570 12.09125 12.43643 12.73354 12.99214 13.22011 13.42364 13.60806 13.77764 13.93630 14.08722 14.23358 14.37803 14.52345 14.67235 14.82763 14.99192 15.16833 15.35976 15.56962 15.80104 16.05761 16.34247 16.65914 17.01049 17.39972 17.82928 18.30198 18.81967 19.38411 19.99412 20.64161 21.29341 21.85173 22.19719 22.38342 22.51900 22.63127 22.72562 22.80269 22.86517 22.91396 22.95114 22.97727 22.99373 23.00067 22.99893
1.685469 1.892067 2.133842 2.418430 2.755804 3.158401 3.642746 4.229739 4.946833 5.823342 6.866827 7.981569 8.996728 9.843352 10.53795 11.11058 11.58726 11.98829 12.32928 12.62252 12.87756 13.10225 13.30273 13.48432 13.65126 13.80740 13.95592 14.09994 14.24209 14.38520 14.53177 14.68465 14.84645 15.02027 15.20897 15.41595 15.64433 15.89770 16.17921 16.49239 16.84013 17.22567 17.65149 18.12044 18.63445 19.19529 19.80186 20.44610 21.09485 21.65037 21.99332 22.17732 22.31093 22.42149 22.51436 22.59019 22.65163 22.69959 22.73611 22.76175 22.77788 22.78465 22.78287
1.661180 1.864319 2.102201 2.382437 2.714977 3.112253 3.590799 4.171552 4.882022 5.751606 6.787998 7.895586 8.903631 9.743310 10.43124 10.99755 11.46834 11.86390 12.19986 12.48849 12.73932 12.96015 13.15709 13.33541 13.49929 13.65254 13.79831 13.93964 14.07915 14.21962 14.36350 14.51361 14.67253 14.84331 15.02880 15.23237 15.45713 15.70667 15.98413 16.29306 16.63639 17.01737 17.43857 17.90288 18.41229 18.96866 19.57094 20.21113 20.85616 21.40829 21.74817 21.92944 22.06066 22.16917 22.26029 22.33465 22.39488 22.44185 22.47760 22.50268 22.51842 22.52497 22.52315
1.633887 1.832986 2.066289 2.341361 2.668114 3.058962 3.530444 4.103530 4.805806 5.666786 6.694291 7.792891 8.792053 9.623111 10.30282 10.86141 11.32504 11.71404 12.04401 12.32721 12.57312 12.78948 12.98234 13.15691 13.31731 13.46730 13.60994 13.74825 13.88478 14.02225 14.16308 14.31003 14.46563 14.63291 14.81467 15.01427 15.23476 15.47973 15.75233 16.05613 16.39407 16.76949 17.18498 17.64353 18.14722 18.69802 19.29495 19.93012 20.57048 21.11838 21.45450 21.63249 21.76087 21.86694 21.95600 22.02864 22.08746 22.13331 22.16818 22.19259 22.20789 22.21420 22.21232
1.603601 1.798029 2.025990 2.294978 2.614846 2.997963 3.460857 4.024533 4.716668 5.566925 6.583349 7.670756 8.658838 9.479184 10.14875 10.69790 11.15287 11.53402 11.85692 12.13377 12.37397 12.58520 12.77342 12.94376 13.10024 13.24657 13.38573 13.52067 13.65386 13.78799 13.92539 14.06878 14.22064 14.38392 14.56139 14.75635 14.97185 15.21143 15.47824 15.77586 16.10728 16.47587 16.88432 17.33573 17.83230 18.37612 18.96636 19.59525 20.22986 20.77260 21.10415 21.27815 21.40313 21.50633 21.59299 21.66365 21.72086 21.76541 21.79928 21.82295 21.83775 21.84377 21.84182
1.570379 1.759456 1.981236 2.243108 2.554825 2.928675 3.381147 3.933261 4.612797 5.449614 6.452042 7.525259 8.499379 9.306333 9.963346 10.50096 10.94548 11.31727 11.63185 11.90131 12.13497 12.34037 12.52336 12.68896 12.84109 12.98336 13.11868 13.24990 13.37942 13.50984 13.64345 13.78287 13.93051 14.08927 14.26185 14.45149 14.66118 14.89443 15.15439 15.44461 15.76812 16.12837 16.52814 16.97065 17.45828 17.99331 18.57511 19.19608 19.82344 20.35971 20.68564 20.85487 20.97581 21.07565 21.15955 21.22795 21.28332 21.32642 21.35917 21.38201 21.39624 21.40195 21.39991
1.534333 1.717335 1.932022 2.185628 2.487752 2.850537 3.290370 3.828252 4.492061 5.311916 6.296584 7.351793 8.308216 9.098320 9.739730 10.26321 10.69514 11.05583 11.36067 11.62163 11.84783 12.04665 12.22381 12.38415 12.53150 12.66933 12.80044 12.92760 13.05311 13.17949 13.30893 13.44396 13.58693 13.74063 13.90768 14.09124 14.29423 14.52013 14.77199 15.05339 15.36737 15.71743 16.10647 16.53787 17.01423 17.53808 18.10909 18.71995 19.33817 19.86640 20.18543 20.34886 20.46502 20.56097 20.64170 20.70754 20.76087 20.80235 20.83385 20.85579 20.86939 20.87474 20.87261
1.495643 1.671817 1.878444 2.122532 2.413443 2.763078 3.187618 3.707950 4.352011 5.150236 6.111992 7.143866 8.077515 8.846212 9.468130 9.974287 10.39107 10.73865 11.03221 11.28343 11.50122 11.69271 11.86341 12.01800 12.16013 12.29315 12.41971 12.54249 12.66367 12.78567 12.91057 13.04081 13.17863 13.32671 13.48758 13.66428 13.85964 14.07702 14.31944 14.59040 14.89294 15.23060 15.60638 16.02386 16.48589 16.99536 17.55238 18.15011 18.75645 19.27437 19.58480 19.74126 19.85183 19.94330 20.02047 20.08347 20.13454 20.17426 20.20440 20.22534 20.23826 20.24323 20.24098
1.454573 1.623162 1.820728 2.053974 2.331904 2.666025 3.072137 3.570824 4.189951 4.960287 5.892107 6.893399 7.797360 8.538589 9.136041 9.620973 10.01963 10.35186 10.63243 10.87265 11.08104 11.26444 11.42809 11.57643 11.71294 11.84079 11.96249 12.08058 12.19713 12.31443 12.43445 12.55952 12.69173 12.83367 12.98770 13.15674 13.34348 13.55114 13.78263 14.04134 14.33027 14.65294 15.01242 15.41244 15.85616 16.34693 16.88547 17.46571 18.05635 18.56095 18.86059 19.00860 19.11267 19.19911 19.27235 19.33224 19.38088 19.41869 19.44738 19.46724 19.47943 19.48399 19.48161
1.411479 1.571751 1.759270 1.980330 2.243424 2.559458 2.943553 3.415641 4.003161 4.737075 5.628892 6.588991 7.453443 8.159030 8.725702 9.184749 9.561914 9.876360 10.14219 10.37011 10.56815 10.74274 10.89876 11.04042 11.17093 11.29329 11.40985 11.52298 11.63463 11.74695 11.86178 11.98131 12.10750 12.24277 12.38933 12.54994 12.72708 12.92381 13.14284 13.38741 13.66036 13.96512 14.30473 14.68299 15.10331 15.56952 16.08317 16.63942 17.20841 17.69499 17.98084 18.11880 18.21554 18.29651 18.36554 18.42214 18.46819 18.50398 18.53112 18.54985 18.56127 18.56538 18.56286
1.366792 1.518081 1.694646 1.902243 2.148681 2.443988 2.802187 3.241936 3.789475 4.475314 5.312505 6.215727 7.026537 7.685503 8.213610 8.641451 8.993521 9.287725 9.537105 9.751520 9.938329 10.10344 10.25135 10.38592 10.51012 10.62672 10.73788 10.84582 10.95233 11.05943 11.16880 11.28248 11.40228 11.53043 11.66897 11.82042 11.98707 12.17171 12.37682 12.60537 12.85994 13.14373 13.45956 13.81112 14.20181 14.63578 15.11544 15.63766 16.17537 16.63661 16.90455 17.03085 17.11983 17.19520 17.25992 17.31313 17.35649 17.39017 17.41571 17.43325 17.44386 17.44751 17.44484
1.320990 1.462754 1.627594 1.820632 2.048803 2.320947 2.649455 3.050809 3.548561 4.170896 4.931714 5.753686 6.490250 7.088420 7.569044 7.960170 8.283670 8.555386 8.786812 8.986685 9.161528 9.316635 9.456022 9.583189 9.700811 9.811426 9.916998 10.01957 10.12076 10.22244 10.32613 10.43372 10.54682 10.66749 10.79753 10.93924 11.09463 11.26621 11.45611 11.66697 11.90099 12.16093 12.44917 12.76892 13.12313 13.51567 13.94916 14.42212 14.91201 15.33467 15.57894 15.69316 15.77512 15.84534 15.90590 15.95573 15.99636 16.02790 16.05177 16.06810 16.07788 16.08104 16.07822
1.274515 1.406367 1.558935 1.736623 1.945325 2.192443 2.488188 2.845879 3.284250 3.825393 4.480161 5.185257 5.820317 6.342004 6.766664 7.116352 7.408516 7.656024 7.868391 8.052971 8.215329 8.360047 8.490631 8.610168 8.721039 8.825513 8.925359 9.022419 9.118169 9.214284 9.312149 9.413460 9.519661 9.632582 9.753807 9.885355 10.02895 10.18675 10.36053 10.55246 10.76427 10.99813 11.25573 11.53939 11.85101 12.19312 12.56708 12.97112 13.38719 13.74774 13.96096 14.06631 14.14399 14.21021 14.26694 14.31350 14.35138 14.38075 14.40293 14.41803 14.42694 14.42963 14.42664
1.227623 1.349377 1.489397 1.651356 1.839987 2.061158 2.322541 2.633725 3.006962 3.454730 3.978563 4.534376 5.045900 5.480645 5.844389 6.150106 6.409517 6.631958 6.824728 6.993638 7.143264 7.277388 7.399036 7.510814 7.614850 7.713086 7.807146 7.898612 7.988858 8.079321 8.171297 8.266221 8.365429 8.470448 8.582718 8.703875 8.835436 8.979087 9.136304 9.308681 9.497503 9.704131 9.929560 10.17484 10.44054 10.72696 11.03286 11.35343 11.67221 11.94510 12.12123 12.22396 12.30043 12.36375 12.41682 12.46025 12.49532 12.52258 12.54300 12.55690 12.56491 12.56714 12.56397
1.180347 1.292026 1.419540 1.565837 1.734525 1.929954 2.157359 2.422749 2.732376 3.090153 3.490400 3.906710 4.301135 4.651813 4.955935 5.218310 5.445301 5.642863 5.816140 5.969441 6.106364 6.229918 6.342628 6.446651 6.543841 6.635834 6.724092 6.809956 6.894682 6.979489 7.065562 7.154098 7.246307 7.343441 7.446760 7.557558 7.677119 7.806692 7.947436 8.100394 8.266403 8.446075 8.639706 8.847185 9.067814 9.299934 9.540101 9.781331 10.00986 10.20310 10.34393 10.44189 10.51619 10.57627 10.62563 10.66587 10.69815 10.72328 10.74195 10.75465 10.76176 10.76355 10.76019
1.132788 1.234615 1.349973 1.481116 1.630676 1.801649 1.997305 2.220859 2.474641 2.758178 3.064916 3.379848 3.684135 3.964407 4.215644 4.438202 4.634745 4.808614 4.963124 5.101305 5.225834 5.339044 5.442958 5.539345 5.629758 5.715585 5.798080 5.878402 5.957647 6.036863 6.117083 6.199328 6.284632 6.374032 6.468573 6.569285 6.677166 6.793139 6.918009 7.052404 7.196718 7.351034 7.515043 7.687916 7.868129 8.053145 8.238928 8.419261 8.585354 8.727451 8.840288 8.927362 8.996006 9.051541 9.096915 9.133811 9.163340 9.186296 9.203284 9.214746 9.221021 9.222332 9.218827
1.085289 1.177677 1.281478 1.398350 1.530126 1.678737 1.846043 2.033477 2.241369 2.467877 2.707762 2.952254 3.191254 3.416611 3.623863 3.811739 3.980911 4.133001 4.269981 4.393864 4.506560 4.609822 4.705225 4.794190 4.877989 4.957780 5.034625 5.109512 5.183376 5.257118 5.331615 5.407734 5.486333 5.568266 5.654368 5.745443 5.842238 5.945401 6.055441 6.172671 6.297154 6.428626 6.566429 6.709414 6.855815 7.003105 7.147839 7.285620 7.411478 7.521100 7.612718 7.687609 7.748691 7.798774 7.839869 7.873337 7.900129 7.920936 7.936274 7.946529 7.951985 7.952837 7.949200
1.038313 1.121817 1.214851 1.318588 1.434251 1.563007 1.705805 1.863088 2.034369 2.217710 2.409360 2.603927 2.795420 2.978733 3.150508 3.309169 3.454498 3.587124 3.708127 3.818776 3.920388 4.014236 4.101522 4.183362 4.260780 4.334727 4.406088 4.475694 4.544334 4.612769 4.681736 4.751956 4.824135 4.898961 4.977090 5.059130 5.145621 5.236994 5.333535 5.435338 5.542255 5.653848 5.769330 5.887519 6.006786 6.125020 6.239665 6.347868 6.446856 6.534532 6.609981 6.673706 6.727050 6.771469 6.808224 6.838287 6.862395 6.881109 6.894851 6.903937 6.908610 6.909020 6.905270
0.9923155 1.067587 1.150754 1.242624 1.343975 1.455465 1.577498 1.710031 1.852329 2.002737 2.158580 2.316387 2.472451 2.623433 2.766874 2.901349 3.026318 3.141894 3.248608 3.347220 3.438607 3.523675 3.603319 3.678397 3.749724 3.818069 3.884159 3.948681 4.012294 4.075633 4.139309 4.203914 4.270019 4.338171 4.408873 4.482578 4.559661 4.640391 4.724898 4.813140 4.904862 4.999570 5.096496 5.194579 5.292468 5.388548 5.481012 5.568021 5.647919 5.719528 5.782390 5.836652 5.882900 5.921929 5.954506 5.981296 6.002831 6.019540 6.031754 6.039732 6.043656 6.043657 6.039809
0.9476863 1.015424 1.089675 1.170972 1.259790 1.356463 1.461093 1.573427 1.692729 1.817682 1.946402 2.076564 2.205688 2.331530 2.452329 2.566915 2.674690 2.775525 2.869632 2.957442 3.039518 3.116492 3.189017 3.257745 3.323314 3.386335 3.447400 3.507070 3.565889 3.624377 3.683037 3.742348 3.802768 3.864721 3.928592 3.994708 4.063320 4.134584 4.208529 4.285041 4.363828 4.444411 4.526111 4.608045 4.689154 4.768240 4.844042 4.915349 4.981132 5.040670 5.093576 5.139876 5.179882 5.214007 5.242717 5.266442 5.285561 5.300383 5.311162 5.318093 5.321321 5.320944 5.317019
0.9047229 0.9656384 1.031911 1.103886 1.181831 1.265886 1.355997 1.451843 1.552771 1.657758 1.765433 1.874190 1.982370 2.088406 2.191007 2.289248 2.382573 2.470760 2.553844 2.632051 2.705730 2.775312 2.841268 2.904084 2.964253 3.022257 3.078569 3.133644 3.187923 3.241832 3.295774 3.350137 3.405280 3.461532 3.519179 3.578454 3.639520 3.702456 3.767232 3.833702 3.901579 3.970439 4.039709 4.108685 4.176557 4.242445 4.305460 4.364773 4.419686 4.469701 4.514586 4.554289 4.588912 4.618693 4.643906 4.664828 4.681714 4.694788 4.704232 4.710193 4.712779 4.712061 4.708081
0.8636347 0.9184182 0.9776084 1.041416 1.109981 1.183329 1.261333 1.343671 1.429795 1.518919 1.610054 1.702057 1.793733 1.883972 1.971835 2.056601 2.137794 2.215166 2.288666 2.358390 2.424550 2.487431 2.547367 2.604719 2.659861 2.713169 2.765017 2.815769 2.865781 2.915393 2.964931 3.014700 3.064982 3.116027 3.168046 3.221203 3.275598 3.331259 3.388127 3.446050 3.504768 3.563919 3.623039 3.681575 3.738912 3.794403 3.847410 3.897351 3.943744 3.986238 4.024597 4.058753 4.088765 4.114740 4.136837 4.155231 4.170090 4.181564 4.189785 4.194857 4.196859 4.195840 4.191826
0.8245481 0.8738522 0.9267856 0.9834704 1.043963 1.108229 1.176116 1.247329 1.321418 1.397775 1.475655 1.554232 1.632668 1.710154 1.785979 1.859583 1.930569 1.998702 2.063887 2.126150 2.185607 2.242446 2.296900 2.349230 2.399720 2.448659 2.496340 2.543051 2.589074 2.634681 2.680130 2.725660 2.771488 2.817805 2.864763 2.912475 2.960998 3.010331 3.060403 3.111067 3.162100 3.213202 3.263999 3.314066 3.362932 3.410119 3.455157 3.497622 3.537153 3.573480 3.606454 3.635987 3.662059 3.684727 3.704078 3.720217 3.733249 3.743278 3.750390 3.754658 3.756135 3.754855 3.750830
0.7875202 0.8319466 0.8793702 0.9298537 0.9834055 1.039959 1.099361 1.161352 1.225568 1.291539 1.358715 1.426482 1.494202 1.561280 1.627188 1.691490 1.753861 1.814090 1.872068 1.927778 1.981281 2.032692 2.082172 2.129910 2.176116 2.221011 2.264822 2.307773 2.350088 2.391979 2.433650 2.475286 2.517053 2.559094 2.601518 2.644400 2.687769 2.731607 2.775841 2.820339 2.864913 2.909315 2.953252 2.996391 3.038375 3.078841 3.117441 3.153859 3.187830 3.219152 3.247656 3.273267 3.295970 3.315772 3.332714 3.346855 3.358260 3.366992 3.373109 3.376657 3.377669 3.376167 3.372153
0.7525566 0.7926515 0.8352299 0.8803177 0.9278942 0.9778811 1.030133 1.084430 1.140476 1.197904 1.256286 1.315162 1.374074 1.432568 1.490236 1.546736 1.601804 1.655253 1.706978 1.756939 1.805158 1.851706 1.896688 1.940241 1.982518 2.023685 2.063917 2.103388 2.142269 2.180729 2.218923 2.256995 2.295070 2.333254 2.371624 2.410228 2.449077 2.488144 2.527359 2.566608 2.605731 2.644530 2.682772 2.720197 2.756531 2.791496 2.824828 2.856283 2.885651 2.912764 2.937518 2.959831 2.979651 2.996973 3.011811 3.024193 3.034154 3.041733 3.046963 3.049872 3.050479 3.048793 3.044812
0.7196205 0.7558734 0.7941934 0.8345820 0.8770047 0.9213794 0.9675763 1.015409 1.064639 1.114978 1.166103 1.217663 1.269290 1.320642 1.371408 1.421322 1.470165 1.517782 1.564071 1.608983 1.652517 1.694712 1.735637 1.775385 1.814070 1.851813 1.888748 1.925006 1.960721 1.996021 2.031026 2.065845 2.100572 2.135283 2.170032 2.204848 2.239731 2.274650 2.309540 2.344302 2.378807 2.412892 2.446373 2.479045 2.510695 2.541110 2.570084 2.597430 2.622987 2.646625 2.668221 2.687709 2.705053 2.720229 2.733232 2.744069 2.752758 2.759317 2.763762 2.766109 2.766366 2.764533 2.760603
0.6886483 0.7214940 0.7560683 0.7923585 0.8303226 0.8698829 0.9109237 0.9532895 0.9967862 1.041185 1.086226 1.131638 1.177155 1.222508 1.267449 1.311764 1.355278 1.397856 1.439407 1.479879 1.519258 1.557560 1.594828 1.631125 1.666533 1.701139 1.735044 1.768348 1.801151 1.833550 1.865636 1.897492 1.929186 1.960773 1.992289 2.023750 2.055148 2.086451 2.117602 2.148515 2.179085 2.209179 2.238650 2.267336 2.295071 2.321686 2.347020 2.370924 2.393264 2.413926 2.432838 2.449931 2.465148 2.478466 2.489870 2.499356 2.506926 2.512586 2.516342 2.518199 2.518157 2.516210 2.512350
0.6595548 0.6893777 0.7206529 0.7533603 0.7874556 0.8228667 0.8594935 0.8972054 0.9358447 0.9752288 1.015160 1.055424 1.095798 1.136075 1.176062 1.215590 1.254515 1.292722 1.330132 1.366693 1.402381 1.437201 1.471176 1.504347 1.536770 1.568509 1.599638 1.630230 1.660360 1.690102 1.719524 1.748684 1.777634 1.806411 1.835039 1.863523 1.891853 1.919996 1.947901 1.975498 2.002696 2.029390 2.055461 2.080780 2.105213 2.128628 2.150897 2.171900 2.191535 2.209710 2.226338 2.241359 2.254741 2.266448 2.276460 2.284764 2.291354 2.296226 2.299381 2.300813 2.300518 2.298489 2.294713
