T0-Fulltest/rect/gravity_2.grd
DSAA
         100         100
      -20.000000       20.000000
      -20.000000       20.000000
    3.870326E-01      109.551727
[rows 0 to 26 of 100, columns 0 to 60 of 100]
5.518180E-01 5.698290E-01 5.865324E-01 6.061496E-01 6.249383E-01 6.428077E-01 6.627014E-01 6.830969E-01 7.033287E-01 7.238625E-01 7.458444E-01 7.676798E-01 7.902867E-01 8.123660E-01 8.353119E-01 8.580481E-01 8.817635E-01 9.044073E-01 9.278640E-01 9.508659E-01 9.744473E-01 9.980410E-01 1.020794 1.043999 1.066295 1.088946 1.110327 1.131038 1.151655 1.171520 1.190295 1.208611 1.226021 1.242077 1.256905 1.270956 1.283506 1.295232 1.304418 1.312883 1.319477 1.325472 1.329673 1.331936 1.332747 1.332136 1.329476 1.325647 1.320361 1.313366 1.305056 1.295131 1.284081 1.270911 1.257239 1.241874 1.225663 1.208294 1.190458 1.170848 1.150644
5.718795E-01 5.899699E-01 6.096277E-01 6.283568E-01 6.492499E-01 6.697029E-01 6.904218E-01 7.113404E-01 7.344729E-01 7.567078E-01 7.792775E-01 8.032240E-01 8.263242E-01 8.514066E-01 8.756381E-01 9.003505E-01 9.255043E-01 9.505959E-01 9.760921E-01 1.001668 1.027174 1.052331 1.077300 1.101736 1.127438 1.151293 1.174806 1.198224 1.220947 1.242548 1.263453 1.283217 1.302019 1.320476 1.336527 1.352158 1.365539 1.378437 1.389715 1.398690 1.406473 1.412676 1.417101 1.419616 1.420509 1.419851 1.417196 1.413397 1.406831 1.399069 1.390024 1.379226 1.366587 1.352777 1.337351 1.320450 1.302381 1.283545 1.263586 1.242008 1.220257
5.927609E-01 6.121994E-01 6.332244E-01 6.528461E-01 6.748862E-01 6.965745E-01 7.197393E-01 7.421120E-01 7.652203E-01 7.904917E-01 8.144066E-01 8.398445E-01 8.661116E-01 8.921847E-01 9.188951E-01 9.457130E-01 9.727352E-01 9.998980E-01 1.027764 1.055253 1.083175 1.110654 1.138371 1.165251 1.192478 1.219164 1.245288 1.271206 1.295698 1.319912 1.342953 1.364167 1.385300 1.405580 1.423582 1.440311 1.456167 1.469395 1.482187 1.492295 1.500653 1.507434 1.512507 1.515482 1.516136 1.515586 1.512620 1.508315 1.501739 1.493017 1.482743 1.470747 1.456606 1.441493 1.424722 1.405916 1.386313 1.364994 1.342716 1.319446 1.295232
6.146023E-01 6.358532E-01 6.573299E-01 6.790338E-01 7.017030E-01 7.259316E-01 7.486990E-01 7.745528E-01 7.999617E-01 8.257431E-01 8.519710E-01 8.792905E-01 9.068725E-01 9.356484E-01 9.636897E-01 9.931780E-01 1.022597 1.053340 1.082582 1.112167 1.142670 1.173209 1.203632 1.233777 1.262920 1.292523 1.321468 1.349675 1.376209 1.402933 1.428083 1.452390 1.476102 1.497700 1.517758 1.536225 1.553865 1.568882 1.582473 1.594190 1.603983 1.611038 1.616871 1.620023 1.621133 1.620225 1.616832 1.611982 1.604906 1.595389 1.583814 1.570530 1.555172 1.538098 1.519605 1.498917 1.477014 1.453606 1.428898 1.403121 1.376616
6.365505E-01 6.594180E-01 6.822837E-01 7.055762E-01 7.292302E-01 7.550031E-01 7.810841E-01 8.077444E-01 8.349824E-01 8.634676E-01 8.913094E-01 9.217183E-01 9.509035E-01 9.812526E-01 1.012542 1.044432 1.076308 1.108595 1.140773 1.174281 1.207472 1.240827 1.274156 1.306776 1.338661 1.370952 1.403216 1.434173 1.463989 1.493230 1.521931 1.548493 1.573799 1.598767 1.620709 1.641625 1.660315 1.677498 1.692803 1.705678 1.716364 1.724816 1.730730 1.734335 1.735848 1.734926 1.731591 1.725832 1.717638 1.707219 1.694572 1.679595 1.662802 1.643795 1.622869 1.600048 1.575942 1.550033 1.522596 1.494342 1.464731
6.603516E-01 6.838053E-01 7.086739E-01 7.335951E-01 7.604044E-01 7.867346E-01 8.147197E-01 8.427696E-01 8.722469E-01 9.024577E-01 9.326672E-01 9.639814E-01 9.972027E-01 1.030480 1.063638 1.098119 1.133251 1.168478 1.204004 1.240074 1.276333 1.312887 1.349187 1.385103 1.420704 1.456311 1.491917 1.526050 1.559092 1.592528 1.622417 1.652456 1.680935 1.707535 1.733323 1.756640 1.777126 1.796222 1.813030 1.827388 1.839168 1.849041 1.855960 1.859734 1.861476 1.860308 1.856722 1.850363 1.841060 1.829941 1.815591 1.799401 1.780182 1.759121 1.736150 1.711010 1.683836 1.655007 1.624690 1.593246 1.560322
6.850538E-01 7.102349E-01 7.364840E-01 7.629468E-01 7.904459E-01 8.191779E-01 8.484031E-01 8.795475E-01 9.104319E-01 9.433009E-01 9.765867E-01 1.010648 1.046135 1.082314 1.118579 1.155969 1.194340 1.232577 1.271207 1.310961 1.350946 1.390390 1.431183 1.470598 1.509682 1.549462 1.587765 1.625722 1.663076 1.698847 1.733514 1.766633 1.798343 1.828131 1.855897 1.881633 1.905345 1.926414 1.945275 1.961502 1.975064 1.985321 1.993263 1.997890 1.999814 1.998791 1.994569 1.987431 1.977534 1.964483 1.948830 1.930512 1.909212 1.886049 1.860163 1.831877 1.801623 1.769855 1.736202 1.700658 1.664343
7.105149E-01 7.370846E-01 7.646657E-01 7.922031E-01 8.220610E-01 8.536662E-01 8.853714E-01 9.181182E-01 9.521959E-01 9.869229E-01 1.022896 1.059497 1.098036 1.137151 1.176262 1.217633 1.259021 1.301082 1.343951 1.387239 1.430429 1.474891 1.518634 1.562893 1.606574 1.649186 1.692749 1.734381 1.776202 1.814980 1.854285 1.891304 1.926445 1.959565 1.990360 2.020046 2.045914 2.069695 2.090855 2.109103 2.123927 2.135684 2.144828 2.150227 2.152004 2.150997 2.146360 2.138316 2.127460 2.112939 2.095107 2.074699 2.051062 2.024995 1.996006 1.964910 1.931008 1.895450 1.858080 1.818673 1.778257
7.366598E-01 7.657213E-01 7.955869E-01 8.246564E-01 8.571105E-01 8.897861E-01 9.230236E-01 9.593128E-01 9.952121E-01 1.033378 1.071514 1.111823 1.152727 1.195332 1.238875 1.283172 1.328383 1.374485 1.421105 1.469088 1.516701 1.565559 1.613487 1.661877 1.710527 1.758583 1.805916 1.853156 1.897926 1.942833 1.985465 2.027270 2.066976 2.103663 2.138534 2.171342 2.200570 2.227908 2.250999 2.271140 2.288104 2.301793 2.311580 2.317669 2.320192 2.318856 2.313938 2.305069 2.292395 2.276447 2.257155 2.233822 2.207690 2.178414 2.145927 2.110685 2.073535 2.033604 1.991465 1.947718 1.902714
7.634355E-01 7.946060E-01 8.257933E-01 8.581190E-01 8.920326E-01 9.268172E-01 9.638571E-01 1.001480 1.040695 1.081277 1.123673 1.167136 1.211677 1.257461 1.304828 1.353367 1.402312 1.453220 1.504559 1.556522 1.609514 1.662800 1.716260 1.769575 1.823528 1.876760 1.929772 1.982163 2.032992 2.082442 2.130624 2.177122 2.220576 2.262427 2.302002 2.338325 2.371990 2.401841 2.428129 2.451104 2.470328 2.485435 2.496593 2.503660 2.506333 2.505148 2.499364 2.489696 2.475770 2.457557 2.435569 2.409983 2.380561 2.347437 2.311150 2.271812 2.229491 2.185132 2.138203 2.089159 2.038244
7.931656E-01 8.246273E-01 8.584384E-01 8.927543E-01 9.294035E-01 9.657493E-01 1.005651 1.046793 1.088671 1.132686 1.177709 1.225181 1.273427 1.323230 1.375210 1.428217 1.481971 1.537240 1.594058 1.651309 1.709182 1.768651 1.827919 1.886912 1.946972 2.006082 2.065198 2.122696 2.180263 2.235879 2.289477 2.341322 2.390940 2.438005 2.481752 2.522929 2.560358 2.594476 2.624308 2.650147 2.671853 2.689134 2.701928 2.709874 2.712859 2.711481 2.705428 2.694325 2.678923 2.658563 2.633777 2.604883 2.571789 2.534675 2.493868 2.449603 2.402353 2.351996 2.299498 2.244427 2.187534
8.222191E-01 8.556427E-01 8.912135E-01 9.283175E-01 9.678919E-01 1.008326 1.049997 1.093628 1.138772 1.186283 1.235844 1.286610 1.338708 1.393798 1.449706 1.507365 1.567187 1.627198 1.689914 1.752726 1.817711 1.882418 1.948754 2.015080 2.080900 2.147323 2.212737 2.277842 2.341841 2.403792 2.464421 2.522866 2.578526 2.631403 2.681313 2.727589 2.770164 2.807674 2.842114 2.871390 2.895995 2.915536 2.929795 2.939058 2.943033 2.941681 2.934687 2.922556 2.904777 2.882258 2.854364 2.821778 2.784239 2.742378 2.696606 2.646470 2.593227 2.536725 2.477374 2.415557 2.351440
8.516992E-01 8.884283E-01 9.262018E-01 9.651062E-01 1.007175 1.051394 1.096224 1.142446 1.192120 1.242818 1.296722 1.351944 1.408658 1.467879 1.529743 1.592638 1.658511 1.724992 1.793168 1.863233 1.934433 2.006741 2.079869 2.153525 2.227824 2.301630 2.374603 2.448121 2.519218 2.589360 2.657520 2.722949 2.786005 2.846282 2.901849 2.954842 3.002264 3.046010 3.084412 3.117733 3.145810 3.167840 3.184669 3.195330 3.199803 3.198249 3.190678 3.176971 3.157269 3.131626 3.100178 3.063269 3.020780 2.973701 2.921537 2.865576 2.805049 2.741244 2.674309 2.604467 2.532806
8.834109E-01 9.226044E-01 9.629637E-01 1.005248 1.048892 1.095547 1.143597 1.194490 1.247705 1.302913 1.360685 1.420675 1.483140 1.547773 1.614690 1.684193 1.755526 1.828949 1.904773 1.982069 2.061153 2.141523 2.222843 2.304649 2.387701 2.470330 2.552722 2.634629 2.715214 2.794017 2.870749 2.945153 3.016623 3.084544 3.148338 3.207808 3.261884 3.311401 3.355230 3.393168 3.425178 3.450680 3.469627 3.481868 3.487285 3.485650 3.477102 3.462011 3.439702 3.410775 3.375149 3.333235 3.285391 3.232110 3.172668 3.109162 3.040819 2.968410 2.892571 2.813705 2.732300
9.164288E-01 9.568300E-01 1.000252 1.045605 1.092290 1.142222 1.194094 1.248807 1.306393 1.366127 1.428075 1.493607 1.560910 1.632284 1.705230 1.781304 1.859949 1.941176 2.024836 2.110317 2.198101 2.287484 2.378232 2.469838 2.562896 2.655693 2.748397 2.840420 2.931594 3.020967 3.107601 3.191774 3.272911 3.349956 3.422152 3.489948 3.552054 3.608265 3.658419 3.701720 3.738128 3.767866 3.789703 3.803659 3.810178 3.808497 3.799019 3.781684 3.756843 3.723856 3.683684 3.636456 3.582148 3.521260 3.453839 3.381232 3.303738 3.221447 3.135321 3.045905 2.953773
9.497022E-01 9.938653E-01 1.039038 1.087538 1.137912 1.190887 1.247383 1.306054 1.367825 1.432275 1.500064 1.571219 1.644584 1.721813 1.801773 1.885506 1.971780 2.061706 2.154148 2.249439 2.346382 2.446242 2.547966 2.651137 2.755112 2.859624 2.964038 3.068041 3.170854 3.272080 3.371125 3.466542 3.558601 3.646117 3.729155 3.806297 3.877462 3.941927 3.999253 4.048920 4.090713 4.124623 4.149825 4.166314 4.174183 4.172743 4.161856 4.142347 4.113958 4.077245 4.031431 3.977387 3.915663 3.846159 3.769825 3.686769 3.598114 3.504463 3.406403 3.304514 3.199685
9.840337E-01 1.030893 1.079724 1.130758 1.184901 1.242210 1.302093 1.365227 1.431840 1.502005 1.575172 1.652280 1.732974 1.817249 1.904928 1.997194 2.092204 2.191283 2.294058 2.399879 2.508749 2.619700 2.733736 2.848956 2.966197 3.084098 3.202608 3.320562 3.436584 3.551777 3.664210 3.773541 3.878572 3.978897 4.073161 4.161623 4.243166 4.317224 4.383284 4.440526 4.488806 4.528051 4.557014 4.576164 4.585226 4.583972 4.572486 4.550285 4.518342 4.476010 4.423705 4.362439 4.291664 4.212257 4.124921 4.030306 3.929084 3.821858 3.709721 3.593245 3.473676
1.019690 1.068989 1.121388 1.175906 1.234080 1.294769 1.360240 1.427780 1.499572 1.574981 1.654474 1.738107 1.825925 1.918365 2.015254 2.116091 2.221234 2.330966 2.444638 2.562249 2.684222 2.808523 2.935963 3.066816 3.198267 3.332278 3.466192 3.599840 3.732648 3.864151 3.992085 4.116930 4.237403 4.352296 4.461297 4.562633 4.656350 4.741576 4.817560 4.883763 4.939671 4.984824 5.018856 5.041221 5.052058 5.051079 5.038263 5.013524 4.977110 4.928990 4.869382 4.798944 4.718311 4.627173 4.527000 4.418411 4.301996 4.179081 4.050285 3.917067 3.780230
1.056497 1.108741 1.163737 1.222486 1.284425 1.349639 1.419186 1.492830 1.570031 1.651442 1.738321 1.829310 1.925500 2.026056 2.132488 2.243639 2.359860 2.481222 2.607695 2.738623 2.874965 3.014578 3.158447 3.305524 3.455112 3.606533 3.758484 3.911144 4.062933 4.212931 4.360091 4.503478 4.641346 4.773738 4.898731 5.015993 5.124180 5.222650 5.310741 5.387357 5.452247 5.504723 5.544465 5.570860 5.583975 5.583618 5.569497 5.541392 5.500020 5.445152 5.377211 5.296480 5.203506 5.099072 4.983607 4.858517 4.724302 4.582689 4.434435 4.280848 4.123678
1.094184 1.150090 1.208786 1.270363 1.336513 1.407106 1.481322 1.560138 1.644061 1.732271 1.825956 1.925403 2.030000 2.140526 2.257158 2.379295 2.508148 2.643258 2.784069 2.930008 3.082539 3.240015 3.401731 3.568393 3.737736 3.910021 4.083663 4.257901 4.432000 4.604078 4.773339 4.938396 5.097857 5.250325 5.394970 5.531014 5.656485 5.770764 5.872953 5.962030 6.037667 6.098843 6.145508 6.176768 6.192430 6.192638 6.177095 6.145645 6.098403 6.035623 5.957667 5.864802 5.757677 5.637344 5.504352 5.359696 5.204436 5.040681 4.869267 4.691879 4.510117
1.132718 1.191607 1.254224 1.320455 1.390848 1.466424 1.546016 1.630576 1.720850 1.817076 1.918734 2.026430 2.141212 2.261970 2.389949 2.525336 2.667380 2.817442 2.974169 3.137563 3.308983 3.485871 3.669248 3.857704 4.051027 4.247079 4.445836 4.645632 4.845879 5.044306 5.239126 5.430189 5.614915 5.791857 5.960352 6.118073 6.263956 6.397059 6.515938 6.620286 6.708559 6.780493 6.835307 6.872311 6.891418 6.892896 6.875552 6.839947 6.786242 6.714435 6.624968 6.517962 6.394628 6.254759 6.100911 5.933002 5.753139 5.562376 5.363183 5.157213 4.946589
1.172050 1.234451 1.300728 1.371522 1.447164 1.527450 1.612828 1.704721 1.801092 1.904926 2.015258 2.132929 2.257518 2.390792 2.531157 2.680402 2.838041 3.004185 3.179645 3.363023 3.555652 3.755290 3.963176 4.177113 4.397245 4.622272 4.850360 5.080323 5.311204 5.540513 5.766703 5.988255 6.202991 6.409537 6.605389 6.789598 6.960185 7.116024 7.255303 7.377565 7.481301 7.565778 7.630508 7.674900 7.698233 7.700885 7.682047 7.642258 7.580990 7.498632 7.395545 7.271924 7.128880 6.967206 6.787922 6.592517 6.382379 6.160103 5.927248 5.687301 5.441567
1.212524 1.278342 1.348793 1.424473 1.504334 1.590422 1.682303 1.779938 1.884945 1.996679 2.116387 2.244401 2.380989 2.526562 2.681676 2.845590 3.020513 3.206324 3.401719 3.607760 3.823938 4.050221 4.286280 4.530544 4.781921 5.040006 5.302370 5.568298 5.835112 6.101776 6.365330 6.623353 6.874149 7.115935 7.345476 7.561313 7.761901 7.944745 8.108791 8.252478 8.374888 8.474978 8.551792 8.604980 8.633735 8.638300 8.618136 8.572659 8.503298 8.408442 8.289579 8.147024 7.980942 7.792419 7.583325 7.354598 7.108696 6.847824 6.575233 6.293297 6.004907
1.253905 1.322873 1.397952 1.478106 1.563609 1.655612 1.753747 1.858628 1.972219 2.092469 2.222723 2.361128 2.510580 2.669506 2.840435 3.021975 3.216143 3.421975 3.640599 3.872884 4.116780 4.372781 4.641215 4.920068 5.208996 5.505623 5.809114 6.117465 6.427845 6.738466 7.046265 7.348475 7.643214 7.927210 8.197300 8.452024 8.688654 8.904660 9.098826 9.269053 9.413977 9.532643 9.624480 9.688272 9.724065 9.731248 9.709241 9.658941 9.579063 9.470473 9.333414 9.167601 8.974387 8.754454 8.509270 8.240722 7.951369 7.643884 7.321932 6.989202 6.649886
1.294970 1.369029 1.447701 1.532396 1.624365 1.721869 1.827176 1.940166 2.061857 2.192845 2.332701 2.484109 2.647211 2.820914 3.008323 3.209196 3.424625 3.654433 3.898692 4.159122 4.435087 4.726166 5.031325 5.351118 5.683035 6.025848 6.377844 6.736315 7.098495 7.461902 7.823311 8.179451 8.526921 8.862435 9.182578 9.484637 9.765216 10.021955 10.252847 10.455202 10.627765 10.769716 10.879702 10.956989 11.001201 11.011769 10.988925 10.932056 10.841155 10.716585 10.557906 10.365643 10.140181 9.882867 9.594687 9.278116 8.935747 8.570879 8.188586 7.793610 7.390990
1.336562 1.415622 1.499005 1.588859 1.686063 1.790227 1.902539 2.023926 2.153954 2.295035 2.447754 2.612105 2.788890 2.980209 3.185807 3.407966 3.646605 3.902201 4.176616 4.469384 4.781352 5.111791 5.460773 5.827056 6.210115 6.606631 7.015657 7.434189 7.858611 8.286086 8.712497 9.133722 9.545897 9.944654 10.326301 10.686164 11.021543 11.328490 11.604650 11.847134 12.054005 12.224341 12.356809 12.450720 12.505739 12.521482 12.497618 12.434092 12.330912 12.187422 12.003732 11.780306 11.516835 11.214291 10.874326 10.499640 10.092340 9.657619 9.200864 8.728332 8.247062
1.379905 1.461858 1.550513 1.645780 1.748579 1.860055 1.980041 2.109211 2.249724 2.402228 2.566474 2.744542 2.937121 3.146015 3.372840 3.617065 3.881870 4.167126 4.474090 4.803366 5.156437 5.532416 5.931005 6.352249 6.793916 7.254939 7.731890 8.221893 8.721456 9.225965 9.731272 10.232329 10.723926 11.201080 11.658657 12.091071 12.494811 12.864285 13.197109 13.489608 13.739276 13.945120 14.105558 14.220284 14.288772 14.311236 14.287063 14.216248 14.098770 13.934015 13.721885 13.461518 13.153275 12.797732 12.395499 11.949026 11.462227 10.940620 10.390590 9.821248 9.241619
