T0-Fulltest/rect/gravity_1.grd
DSAA
         130         130
      -50.000000       50.000000
      -50.000000       50.000000
    2.507494E-02      109.392685
[rows 100 to 124 of 130, columns 0 to 54 of 130]
5.992635E-02 6.242083E-02 6.487608E-02 6.715935E-02 6.995394E-02 7.203848E-02 7.535653E-02 7.868965E-02 8.131497E-02 8.537097E-02 8.884440E-02 9.214661E-02 9.556413E-02 9.957888E-02 1.035982E-01 1.085497E-01 1.131567E-01 1.175498E-01 1.224283E-01 1.283845E-01 1.329491E-01 1.395384E-01 1.450675E-01 1.519569E-01 1.585162E-01 1.652286E-01 1.723032E-01 1.804470E-01 1.884321E-01 1.959144E-01 2.044702E-01 2.138414E-01 2.230399E-01 2.321920E-01 2.423363E-01 2.528100E-01 2.635092E-01 2.740732E-01 2.857262E-01 2.958822E-01 3.074972E-01 3.197948E-01 3.307230E-01 3.425986E-01 3.561294E-01 3.691858E-01 3.801075E-01 3.925352E-01 4.033854E-01 4.164961E-01 4.234673E-01 4.359299E-01 4.469160E-01 4.542412E-01 4.647624E-01
5.858959E-02 6.123534E-02 6.275529E-02 6.585719E-02 6.827263E-02 7.120612E-02 7.354376E-02 7.662530E-02 7.987430E-02 8.298479E-02 8.554447E-02 8.958841E-02 9.340063E-02 9.710445E-02 1.010514E-01 1.045001E-01 1.090737E-01 1.137752E-01 1.183331E-01 1.231513E-01 1.289507E-01 1.344045E-01 1.403011E-01 1.458219E-01 1.517619E-01 1.589100E-01 1.648793E-01 1.729101E-01 1.793510E-01 1.873955E-01 1.949921E-01 2.034099E-01 2.115445E-01 2.203361E-01 2.303236E-01 2.377711E-01 2.482000E-01 2.584879E-01 2.687147E-01 2.789983E-01 2.888816E-01 3.005961E-01 3.107104E-01 3.206475E-01 3.307874E-01 3.424269E-01 3.537615E-01 3.638821E-01 3.756209E-01 3.878509E-01 3.948865E-01 4.048819E-01 4.131676E-01 4.209143E-01 4.257980E-01
5.825264E-02 5.932461E-02 6.158336E-02 6.459371E-02 6.700867E-02 6.915910E-02 7.172939E-02 7.403751E-02 7.756607E-02 8.055580E-02 8.315673E-02 8.701287E-02 9.047282E-02 9.378301E-02 9.784590E-02 1.018795E-01 1.056319E-01 1.104333E-01 1.148496E-01 1.188617E-01 1.246127E-01 1.295828E-01 1.342206E-01 1.409308E-01 1.457350E-01 1.513982E-01 1.590297E-01 1.648313E-01 1.717921E-01 1.777429E-01 1.870539E-01 1.927904E-01 2.024026E-01 2.090939E-01 2.175273E-01 2.256097E-01 2.346637E-01 2.433191E-01 2.523240E-01 2.630764E-01 2.733187E-01 2.818677E-01 2.903763E-01 2.994905E-01 3.089521E-01 3.201759E-01 3.298292E-01 3.407251E-01 3.473411E-01 3.561009E-01 3.642457E-01 3.736849E-01 3.786319E-01 3.876368E-01 3.934239E-01
5.654512E-02 5.823587E-02 6.038322E-02 6.231458E-02 6.452124E-02 6.747659E-02 7.060580E-02 7.274434E-02 7.523785E-02 7.835320E-02 8.163262E-02 8.447893E-02 8.769949E-02 9.189706E-02 9.456234E-02 9.802730E-02 1.022458E-01 1.063709E-01 1.112085E-01 1.154582E-01 1.203651E-01 1.244139E-01 1.298864E-01 1.351528E-01 1.401359E-01 1.457857E-01 1.513607E-01 1.567069E-01 1.639666E-01 1.705433E-01 1.773054E-01 1.847753E-01 1.912244E-01 1.988973E-01 2.055393E-01 2.132520E-01 2.213238E-01 2.308443E-01 2.382809E-01 2.468026E-01 2.552995E-01 2.641719E-01 2.730929E-01 2.807846E-01 2.889432E-01 3.014947E-01 3.092083E-01 3.159573E-01 3.239755E-01 3.318385E-01 3.394727E-01 3.463939E-01 3.495860E-01 3.579983E-01 3.621432E-01
5.529277E-02 5.708941E-02 5.909614E-02 6.114922E-02 6.349414E-02 6.559447E-02 6.836142E-02 7.093985E-02 7.389668E-02 7.616749E-02 7.874795E-02 8.227032E-02 8.528955E-02 8.865778E-02 9.184542E-02 9.528602E-02 9.897563E-02 1.036091E-01 1.066502E-01 1.112067E-01 1.155432E-01 1.193518E-01 1.250598E-01 1.286431E-01 1.348261E-01 1.396135E-01 1.459071E-01 1.508833E-01 1.565178E-01 1.627017E-01 1.689468E-01 1.758925E-01 1.826327E-01 1.896530E-01 1.956850E-01 2.028997E-01 2.097283E-01 2.174120E-01 2.254613E-01 2.351662E-01 2.413382E-01 2.486344E-01 2.565176E-01 2.664118E-01 2.708338E-01 2.788796E-01 2.889134E-01 2.932332E-01 3.039998E-01 3.070592E-01 3.154114E-01 3.222219E-01 3.276644E-01 3.320362E-01 3.380161E-01
5.389127E-02 5.568434E-02 5.795350E-02 5.889443E-02 6.173936E-02 6.410304E-02 6.666915E-02 6.874719E-02 7.135566E-02 7.378322E-02 7.609190E-02 7.958138E-02 8.237583E-02 8.547285E-02 8.890790E-02 9.277114E-02 9.551997E-02 9.975617E-02 1.032018E-01 1.071912E-01 1.112088E-01 1.154247E-01 1.200037E-01 1.242331E-01 1.289115E-01 1.337467E-01 1.393239E-01 1.435050E-01 1.492258E-01 1.556395E-01 1.614460E-01 1.665335E-01 1.736028E-01 1.796746E-01 1.857183E-01 1.928814E-01 1.997039E-01 2.064310E-01 2.134546E-01 2.192798E-01 2.253570E-01 2.344998E-01 2.405717E-01 2.476405E-01 2.552104E-01 2.608133E-01 2.690783E-01 2.732477E-01 2.807670E-01 2.873817E-01 2.928989E-01 2.993694E-01 3.057932E-01 3.076088E-01 3.128070E-01
5.281808E-02 5.400459E-02 5.650786E-02 5.826629E-02 6.048719E-02 6.341281E-02 6.468233E-02 6.650105E-02 6.917881E-02 7.226231E-02 7.437903E-02 7.674809E-02 8.058081E-02 8.306774E-02 8.637920E-02 8.931523E-02 9.244708E-02 9.571627E-02 9.924617E-02 1.030480E-01 1.071151E-01 1.113640E-01 1.150320E-01 1.197341E-01 1.235556E-01 1.295655E-01 1.330850E-01 1.376474E-01 1.433826E-01 1.477562E-01 1.533343E-01 1.606364E-01 1.649235E-01 1.709334E-01 1.761396E-01 1.819846E-01 1.889230E-01 1.951024E-01 2.020781E-01 2.068276E-01 2.136087E-01 2.213093E-01 2.260945E-01 2.319835E-01 2.395597E-01 2.470994E-01 2.502265E-01 2.559094E-01 2.623816E-01 2.673773E-01 2.746149E-01 2.792139E-01 2.845233E-01 2.893353E-01 2.962041E-01
5.106659E-02 5.297458E-02 5.478077E-02 5.686058E-02 5.902627E-02 6.096928E-02 6.187182E-02 6.549986E-02 6.734366E-02 7.006258E-02 7.238851E-02 7.569058E-02 7.736268E-02 8.053885E-02 8.324976E-02 8.681107E-02 8.865973E-02 9.263754E-02 9.671907E-02 1.002650E-01 1.033594E-01 1.068104E-01 1.103315E-01 1.141816E-01 1.192807E-01 1.239042E-01 1.277339E-01 1.321412E-01 1.374159E-01 1.413443E-01 1.471650E-01 1.534599E-01 1.553011E-01 1.626875E-01 1.679489E-01 1.738385E-01 1.790591E-01 1.845327E-01 1.894371E-01 1.960716E-01 2.026962E-01 2.082281E-01 2.141473E-01 2.198777E-01 2.254692E-01 2.307644E-01 2.348921E-01 2.422051E-01 2.478938E-01 2.515830E-01 2.569648E-01 2.615253E-01 2.657613E-01 2.681057E-01 2.714626E-01
4.915147E-02 5.201554E-02 5.433765E-02 5.496547E-02 5.743212E-02 5.905251E-02 6.114802E-02 6.364993E-02 6.576148E-02 6.869105E-02 7.114790E-02 7.260260E-02 7.621712E-02 7.850993E-02 8.062093E-02 8.381578E-02 8.706989E-02 9.021158E-02 9.282105E-02 9.679698E-02 9.951568E-02 1.028289E-01 1.066850E-01 1.107069E-01 1.148455E-01 1.187485E-01 1.216323E-01 1.262848E-01 1.317353E-01 1.346278E-01 1.403671E-01 1.441828E-01 1.508895E-01 1.547992E-01 1.611031E-01 1.652071E-01 1.708031E-01 1.744052E-01 1.819563E-01 1.865804E-01 1.910851E-01 1.956048E-01 2.029027E-01 2.064099E-01 2.132230E-01 2.154601E-01 2.208997E-01 2.261162E-01 2.296400E-01 2.376176E-01 2.416788E-01 2.438075E-01 2.477745E-01 2.513781E-01 2.540203E-01
4.908397E-02 5.098699E-02 5.263225E-02 5.447220E-02 5.564939E-02 5.774373E-02 6.020401E-02 6.109953E-02 6.388447E-02 6.605287E-02 6.833448E-02 6.997568E-02 7.332177E-02 7.563747E-02 7.809009E-02 8.109342E-02 8.385953E-02 8.698226E-02 8.923887E-02 9.211005E-02 9.587108E-02 9.837364E-02 1.023632E-01 1.060928E-01 1.099153E-01 1.135961E-01 1.177504E-01 1.224539E-01 1.256295E-01 1.296294E-01 1.340099E-01 1.378425E-01 1.432343E-01 1.468201E-01 1.514883E-01 1.564026E-01 1.609430E-01 1.668191E-01 1.707998E-01 1.761927E-01 1.789825E-01 1.873742E-01 1.880194E-01 1.924043E-01 2.003439E-01 2.022304E-01 2.080950E-01 2.099042E-01 2.175992E-01 2.205592E-01 2.258129E-01 2.284599E-01 2.302847E-01 2.319743E-01 2.385313E-01
4.855495E-02 4.959099E-02 5.142703E-02 5.259475E-02 5.505579E-02 5.630389E-02 5.814807E-02 5.996237E-02 6.165567E-02 6.436668E-02 6.659389E-02 6.871646E-02 7.187220E-02 7.381035E-02 7.548054E-02 7.812854E-02 8.158264E-02 8.385552E-02 8.614359E-02 8.947791E-02 9.241027E-02 9.477328E-02 9.954954E-02 1.027984E-01 1.047615E-01 1.090070E-01 1.129028E-01 1.166277E-01 1.195020E-01 1.239126E-01 1.272085E-01 1.315228E-01 1.353579E-01 1.406144E-01 1.444489E-01 1.480084E-01 1.536115E-01 1.569703E-01 1.622055E-01 1.654967E-01 1.714578E-01 1.753677E-01 1.799979E-01 1.857499E-01 1.897319E-01 1.915333E-01 1.965818E-01 2.000033E-01 2.025401E-01 2.066235E-01 2.106223E-01 2.131767E-01 2.154636E-01 2.168146E-01 2.224958E-01
4.711385E-02 4.857542E-02 5.015144E-02 5.129729E-02 5.257312E-02 5.480910E-02 5.638506E-02 5.743324E-02 6.075827E-02 6.240659E-02 6.487888E-02 6.748885E-02 6.812450E-02 6.973077E-02 7.449286E-02 7.537217E-02 7.939561E-02 8.169911E-02 8.331002E-02 8.583380E-02 9.014139E-02 9.191528E-02 9.494291E-02 9.858517E-02 1.011088E-01 1.043116E-01 1.072651E-01 1.116423E-01 1.142276E-01 1.199401E-01 1.225631E-01 1.261473E-01 1.312569E-01 1.329505E-01 1.368081E-01 1.430497E-01 1.457775E-01 1.478192E-01 1.537355E-01 1.596702E-01 1.625725E-01 1.671596E-01 1.671454E-01 1.744486E-01 1.749085E-01 1.802802E-01 1.842720E-01 1.873786E-01 1.910643E-01 1.932728E-01 1.983261E-01 2.022687E-01 2.023246E-01 2.045915E-01 2.056142E-01
4.570232E-02 4.745610E-02 4.836346E-02 5.056376E-02 5.168148E-02 5.312900E-02 5.440503E-02 5.648309E-02 5.932893E-02 6.120882E-02 6.289461E-02 6.336600E-02 6.757998E-02 6.819975E-02 7.101413E-02 7.405148E-02 7.638029E-02 7.822865E-02 8.085489E-02 8.337475E-02 8.723631E-02 8.920087E-02 9.141639E-02 9.563161E-02 9.767809E-02 1.002111E-01 1.034839E-01 1.068606E-01 1.093366E-01 1.136072E-01 1.168070E-01 1.197293E-01 1.235788E-01 1.266662E-01 1.315901E-01 1.356452E-01 1.382551E-01 1.423115E-01 1.486892E-01 1.509614E-01 1.534820E-01 1.574325E-01 1.612617E-01 1.642460E-01 1.681077E-01 1.714324E-01 1.749089E-01 1.780009E-01 1.809917E-01 1.814242E-01 1.856949E-01 1.897364E-01 1.913486E-01 1.921315E-01 1.970605E-01
4.461104E-02 4.620848E-02 4.842189E-02 4.848530E-02 4.987564E-02 5.216457E-02 5.326607E-02 5.530702E-02 5.793450E-02 5.943504E-02 6.146276E-02 6.201522E-02 6.475930E-02 6.743962E-02 6.951922E-02 7.142941E-02 7.360128E-02 7.556065E-02 7.736912E-02 8.120032E-02 8.341379E-02 8.527786E-02 8.795468E-02 9.143316E-02 9.345773E-02 9.685553E-02 1.004490E-01 1.022451E-01 1.064710E-01 1.099218E-01 1.118170E-01 1.150593E-01 1.162444E-01 1.218813E-01 1.260568E-01 1.282152E-01 1.327227E-01 1.344841E-01 1.360756E-01 1.438556E-01 1.458135E-01 1.488794E-01 1.537991E-01 1.558349E-01 1.580101E-01 1.618998E-01 1.630154E-01 1.700408E-01 1.696953E-01 1.714496E-01 1.766017E-01 1.798823E-01 1.823474E-01 1.833028E-01 1.834828E-01
4.425625E-02 4.499491E-02 4.703376E-02 4.758468E-02 4.980507E-02 5.066654E-02 5.373535E-02 5.388521E-02 5.594993E-02 5.721615E-02 5.980689E-02 6.013835E-02 6.327816E-02 6.526441E-02 6.677627E-02 6.881888E-02 7.060970E-02 7.224232E-02 7.551374E-02 7.669586E-02 7.942460E-02 8.309104E-02 8.537500E-02 8.701935E-02 8.960512E-02 9.383576E-02 9.590526E-02 9.881581E-02 1.010704E-01 1.034226E-01 1.078182E-01 1.106322E-01 1.133582E-01 1.140467E-01 1.200442E-01 1.227708E-01 1.258875E-01 1.282726E-01 1.321704E-01 1.343749E-01 1.374122E-01 1.422495E-01 1.441040E-01 1.458709E-01 1.507273E-01 1.521433E-01 1.526782E-01 1.563985E-01 1.634155E-01 1.652433E-01 1.629450E-01 1.676570E-01 1.681947E-01 1.712545E-01 1.724532E-01
4.251942E-02 4.338289E-02 4.473726E-02 4.635441E-02 4.758878E-02 4.924404E-02 5.019837E-02 5.298748E-02 5.447331E-02 5.553216E-02 5.821963E-02 5.963132E-02 6.123766E-02 6.223481E-02 6.567302E-02 6.669485E-02 6.882330E-02 7.103952E-02 7.287747E-02 7.567300E-02 7.732383E-02 8.035038E-02 8.261774E-02 8.389657E-02 8.713468E-02 8.964536E-02 9.210554E-02 9.416074E-02 9.707167E-02 9.960477E-02 1.027280E-01 1.055873E-01 1.082169E-01 1.114959E-01 1.151067E-01 1.182974E-01 1.200138E-01 1.244503E-01 1.252307E-01 1.280585E-01 1.321552E-01 1.352239E-01 1.384121E-01 1.393068E-01 1.425440E-01 1.451949E-01 1.484346E-01 1.481889E-01 1.516765E-01 1.531738E-01 1.543355E-01 1.574263E-01 1.600996E-01 1.657868E-01 1.622077E-01
4.233178E-02 4.271189E-02 4.466597E-02 4.558825E-02 4.590080E-02 4.740653E-02 4.969547E-02 5.054555E-02 5.329841E-02 5.477935E-02 5.530730E-02 5.706709E-02 5.862456E-02 6.126726E-02 6.231822E-02 6.414776E-02 6.669909E-02 6.983961E-02 7.002001E-02 7.247896E-02 7.496613E-02 7.663929E-02 7.953800E-02 8.111368E-02 8.291101E-02 8.442979E-02 8.904019E-02 9.146260E-02 9.379723E-02 9.456734E-02 9.744723E-02 1.014737E-01 1.035816E-01 1.070015E-01 1.065397E-01 1.112438E-01 1.155760E-01 1.158041E-01 1.175872E-01 1.209091E-01 1.249279E-01 1.258486E-01 1.310780E-01 1.315457E-01 1.356785E-01 1.345803E-01 1.380450E-01 1.428903E-01 1.430265E-01 1.471527E-01 1.496784E-01 1.519813E-01 1.516893E-01 1.515504E-01 1.549546E-01
4.057368E-02 4.160536E-02 4.348899E-02 4.351259E-02 4.628012E-02 4.693967E-02 4.782668E-02 4.943769E-02 5.043915E-02 5.298389E-02 5.381859E-02 5.533488E-02 5.771010E-02 5.918083E-02 6.194142E-02 6.251378E-02 6.419632E-02 6.617494E-02 6.905442E-02 7.008942E-02 7.188611E-02 7.434151E-02 7.564707E-02 7.712031E-02 8.106947E-02 8.204774E-02 8.506484E-02 8.523124E-02 8.899086E-02 9.191547E-02 9.359437E-02 9.744001E-02 9.806108E-02 1.019395E-01 1.033396E-01 1.073826E-01 1.089852E-01 1.101640E-01 1.137120E-01 1.182655E-01 1.174400E-01 1.212794E-01 1.212237E-01 1.273325E-01 1.285684E-01 1.294240E-01 1.313298E-01 1.347496E-01 1.378225E-01 1.398585E-01 1.388340E-01 1.387219E-01 1.416201E-01 1.430684E-01 1.478348E-01
4.006234E-02 4.031613E-02 4.205776E-02 4.382449E-02 4.352672E-02 4.596436E-02 4.647988E-02 4.877749E-02 4.944705E-02 5.066056E-02 5.209266E-02 5.376440E-02 5.612879E-02 5.771010E-02 5.755039E-02 6.061616E-02 6.255978E-02 6.522046E-02 6.648444E-02 6.791867E-02 6.924397E-02 7.105416E-02 7.331781E-02 7.524581E-02 7.723058E-02 7.941749E-02 8.268602E-02 8.530392E-02 8.605286E-02 8.841420E-02 8.917472E-02 9.240950E-02 9.472733E-02 9.621157E-02 9.938933E-02 1.014496E-01 1.053975E-01 1.061513E-01 1.090161E-01 1.119631E-01 1.121782E-01 1.133331E-01 1.182199E-01 1.203132E-01 1.192994E-01 1.200446E-01 1.254020E-01 1.260845E-01 1.261207E-01 1.265439E-01 1.279095E-01 1.291921E-01 1.311004E-01 1.376615E-01 1.386106E-01
3.906063E-02 3.949008E-02 4.157569E-02 4.242984E-02 4.331078E-02 4.419196E-02 4.513821E-02 4.622398E-02 4.816972E-02 4.954982E-02 5.070764E-02 5.304010E-02 5.278424E-02 5.660692E-02 5.730697E-02 5.930534E-02 5.953905E-02 6.254449E-02 6.283845E-02 6.584933E-02 6.641156E-02 6.723653E-02 7.125922E-02 7.265260E-02 7.467574E-02 7.717218E-02 7.855946E-02 8.100390E-02 8.198794E-02 8.278637E-02 8.534758E-02 8.952784E-02 9.096049E-02 9.215808E-02 9.347772E-02 9.766162E-02 1.011207E-01 9.979077E-02 1.045407E-01 1.056323E-01 1.053400E-01 1.107492E-01 1.102732E-01 1.144959E-01 1.159725E-01 1.187920E-01 1.169255E-01 1.195005E-01 1.200229E-01 1.255269E-01 1.272488E-01 1.303591E-01 1.248276E-01 1.284430E-01 1.274681E-01
3.856783E-02 3.895018E-02 4.050668E-02 4.017470E-02 4.224270E-02 4.276364E-02 4.381609E-02 4.467995E-02 4.717624E-02 4.861155E-02 5.043218E-02 5.037170E-02 5.208042E-02 5.386608E-02 5.470511E-02 5.680698E-02 5.789349E-02 5.945950E-02 6.126600E-02 6.346238E-02 6.430238E-02 6.772073E-02 6.816113E-02 6.913956E-02 7.082593E-02 7.311798E-02 7.710139E-02 7.798043E-02 7.976536E-02 8.229239E-02 8.505826E-02 8.455205E-02 8.652989E-02 8.828668E-02 9.111549E-02 9.205113E-02 9.396350E-02 9.457739E-02 9.643737E-02 9.953626E-02 1.024162E-01 1.040527E-01 1.057195E-01 1.077114E-01 1.112078E-01 1.103620E-01 1.162293E-01 1.138159E-01 1.142519E-01 1.187822E-01 1.174948E-01 1.164104E-01 1.208198E-01 1.178638E-01 1.179357E-01
3.672590E-02 3.899407E-02 3.897965E-02 4.074440E-02 4.126239E-02 4.259747E-02 4.300736E-02 4.467926E-02 4.530432E-02 4.633820E-02 4.846447E-02 4.792967E-02 5.069116E-02 5.101097E-02 5.317009E-02 5.591785E-02 5.652994E-02 5.881947E-02 5.904036E-02 5.976314E-02 6.224011E-02 6.415577E-02 6.540051E-02 6.646673E-02 6.950019E-02 7.022339E-02 7.323852E-02 7.599789E-02 7.690481E-02 7.850385E-02 7.920394E-02 8.114906E-02 8.360973E-02 8.456643E-02 8.738655E-02 8.996786E-02 8.948695E-02 9.314094E-02 9.501340E-02 9.504101E-02 9.664691E-02 9.927446E-02 1.015161E-01 1.037781E-01 1.037144E-01 1.044848E-01 1.084832E-01 1.055962E-01 1.103747E-01 1.134581E-01 1.132073E-01 1.101366E-01 1.115065E-01 1.171510E-01 1.159749E-01
3.610239E-02 3.771964E-02 3.778505E-02 3.923057E-02 3.959899E-02 4.028292E-02 4.220414E-02 4.394627E-02 4.375293E-02 4.572336E-02 4.665194E-02 4.843738E-02 5.036419E-02 4.961025E-02 5.231186E-02 5.286312E-02 5.480734E-02 5.546673E-02 5.816941E-02 5.941879E-02 5.943383E-02 6.187524E-02 6.304331E-02 6.466330E-02 6.688585E-02 6.710706E-02 7.000890E-02 7.117619E-02 7.294542E-02 7.498754E-02 7.520662E-02 7.774504E-02 8.083387E-02 8.162926E-02 8.602212E-02 8.449423E-02 8.712488E-02 8.839894E-02 9.023128E-02 9.276436E-02 9.232434E-02 9.552965E-02 9.885606E-02 9.791610E-02 1.011074E-01 9.867706E-02 1.045445E-01 1.024667E-01 1.032486E-01 1.052437E-01 1.044831E-01 1.079924E-01 1.074192E-01 1.093347E-01 1.082032E-01
3.470629E-02 3.598538E-02 3.694675E-02 3.811741E-02 3.900189E-02 3.837942E-02 3.974929E-02 3.989871E-02 4.473389E-02 4.495141E-02 4.504784E-02 4.654904E-02 4.743852E-02 4.834358E-02 4.930642E-02 5.113149E-02 5.308100E-02 5.324916E-02 5.554314E-02 5.626125E-02 5.870779E-02 6.030336E-02 6.087537E-02 6.368199E-02 6.496976E-02 6.744059E-02 6.571991E-02 6.759404E-02 7.110880E-02 7.041340E-02 7.355843E-02 7.572773E-02 7.544371E-02 7.753337E-02 7.913088E-02 8.161610E-02 8.261500E-02 8.516149E-02 8.777404E-02 8.531180E-02 9.099188E-02 9.018945E-02 9.210236E-02 9.170217E-02 9.366541E-02 9.626522E-02 9.266756E-02 9.510451E-02 1.011881E-01 1.003721E-01 1.006568E-01 1.065412E-01 1.055923E-01 1.041498E-01 1.082785E-01
3.529794E-02 3.458950E-02 3.603099E-02 3.659449E-02 3.790741E-02 3.921046E-02 4.043758E-02 4.053026E-02 4.212126E-02 4.332089E-02 4.301296E-02 4.508770E-02 4.554058E-02 4.678084E-02 4.871406E-02 5.017308E-02 5.070569E-02 5.225993E-02 5.267633E-02 5.452190E-02 5.588140E-02 5.833992E-02 5.872176E-02 6.040378E-02 6.128911E-02 6.428666E-02 6.502408E-02 6.498826E-02 6.836986E-02 6.838217E-02 7.079991E-02 7.268090E-02 7.298864E-02 7.436435E-02 7.661371E-02 7.880551E-02 7.931927E-02 8.038458E-02 8.469605E-02 8.546548E-02 8.312807E-02 8.583383E-02 8.937538E-02 9.073989E-02 9.226340E-02 9.202534E-02 9.110192E-02 9.274627E-02 9.698702E-02 9.425813E-02 9.410183E-02 9.387018E-02 9.633352E-02 1.005087E-01 1.038680E-01
