T0-Fulltest/rect/gravity_2.grd
DSAA
         100         100
      -20.000000       20.000000
      -20.000000       20.000000
    3.870326E-01      109.551727
[rows 54 to 80 of 100, columns 0 to 60 of 100]
2.033721 2.190473 2.363762 2.555511 2.768391 3.005846 3.270277 3.566741 3.899007 4.272749 4.694340 5.170953 5.711269 6.325307 7.024197 7.820822 8.730104 9.768572 10.953889 12.305304 13.842968 15.586379 17.555290 19.766567 22.235891 24.974798 27.992867 31.296783 34.890640 38.776566 42.956047 47.429142 52.197098 57.260262 62.619324 68.274117 74.219238 80.433647 86.842911 93.166786 98.544418 102.153458 104.403122 105.826553 106.697556 107.155586 107.273514 107.084862 106.603149 105.819290 104.711212 103.238586 101.341675 98.939667 95.919884 92.129402 87.356071 81.302078 73.561081 63.799160 53.019260
2.017562 2.171969 2.343336 2.532683 2.742518 2.976455 3.237244 3.528783 3.855767 4.223600 4.638137 5.106684 5.637759 6.240633 6.926654 7.708834 8.601671 9.620729 10.784156 12.110947 13.620612 15.332916 17.266760 19.439644 21.866543 24.559917 27.529705 30.781986 34.321739 38.151726 42.273895 46.689476 51.399353 56.406052 61.709766 67.312080 73.207588 79.376595 85.744217 92.032188 97.378426 100.961098 103.190750 104.598343 105.459526 105.912529 106.029495 105.845894 105.373825 104.605133 103.517731 102.070999 100.207069 97.844032 94.868935 91.130188 86.415161 80.425034 72.752029 63.060116 52.351486
1.998244 2.150826 2.319076 2.505601 2.711935 2.941754 3.197849 3.484019 3.804915 4.165368 4.571520 5.030367 5.550048 6.139942 6.811118 7.575674 8.448096 9.443848 10.580946 11.877275 13.352385 15.026048 16.916412 19.041264 21.415516 24.051695 26.959497 30.146137 33.616653 37.374603 41.422745 45.763000 50.397705 55.329388 60.560383 66.092987 71.923004 78.031525 84.344490 90.584503 95.889343 99.437599 101.640205 103.027344 103.874832 104.320419 104.436668 104.259239 103.798180 103.048363 101.986053 100.572487 98.749329 96.435188 93.518951 89.847534 85.208160 79.301155 71.717865 62.120140 51.506348
1.976387 2.126140 2.291660 2.473993 2.676562 2.901737 3.152338 3.432380 3.746167 4.098338 4.494957 4.942484 5.449172 6.023807 6.677235 7.421525 8.270313 9.238740 10.344159 11.604452 13.038509 14.665135 16.503408 18.569590 20.879269 23.444908 26.276407 29.381025 32.764675 36.431553 40.385078 44.628857 49.166344 54.001278 59.137630 64.578278 70.321693 76.350449 82.591148 88.767082 94.017662 97.521118 99.688148 101.049553 101.878677 102.314682 102.429680 102.257759 101.810684 101.083076 100.051743 98.677986 96.905090 94.651901 91.809036 88.222282 83.680412 77.882019 70.417206 60.942608 50.455482
1.951715 2.098340 2.260324 2.439072 2.636961 2.856821 3.101765 3.374813 3.680194 4.023077 4.408815 4.843780 5.335615 5.893180 6.526453 7.247324 8.069017 9.006069 10.074738 11.293208 12.678907 14.250940 16.026901 18.023462 20.255739 22.735813 25.473810 28.478128 31.754263 35.307472 39.142735 43.264275 47.677307 52.386707 57.399281 62.720078 68.349091 74.271408 80.416100 86.507484 91.686478 95.130814 97.252121 98.579132 99.385483 99.809128 99.920776 99.755363 99.324463 98.622162 97.626907 96.301056 94.588364 92.410255 89.657410 86.177620 81.760147 76.102913 68.792068 59.482201 49.161747
1.924368 2.067627 2.225714 2.400336 2.593326 2.807294 3.045654 3.310935 3.607573 3.940113 4.313663 4.734873 5.210499 5.748558 6.359841 7.054545 7.845503 8.747193 9.774587 10.944885 12.275524 13.783908 15.487593 17.402481 19.543407 21.921858 24.548719 27.431110 30.576164 33.989880 37.677746 41.645081 45.899311 50.447487 55.299072 60.460880 65.937759 71.716873 77.731720 83.709366 88.792152 92.158638 94.219345 95.502739 96.279762 96.687096 96.794350 96.635330 96.222580 95.549217 94.595467 93.325409 91.684135 89.595291 86.952660 83.606339 79.346542 73.871788 66.764771 57.673382 47.577019
1.894825 2.034534 2.188502 2.358339 2.545934 2.753764 2.984775 3.241804 3.528867 3.850075 4.210625 4.616389 5.074071 5.591659 6.178165 6.844156 7.601516 8.463840 9.445187 10.562004 11.830077 13.266665 14.888090 16.709221 18.743910 21.004272 23.499186 26.237206 29.225307 32.469315 35.975819 39.751453 43.804764 48.145947 52.786282 57.736969 63.007511 68.590775 74.425339 80.244957 85.195763 88.457466 90.438828 91.665337 92.405334 92.791298 92.891647 92.739738 92.346519 91.706047 90.799637 89.593201 88.034630 86.052139 83.541939 80.359589 76.298454 71.060532 64.224861 55.429565 45.637310
1.862715 1.998994 2.148204 2.312854 2.495099 2.696086 2.919383 3.167546 3.444431 3.753685 4.100502 4.489723 4.928273 5.423449 5.983713 6.618424 7.339416 8.158703 9.089678 10.147361 11.346746 12.703272 14.232626 15.947829 17.862823 19.987333 22.330742 24.900797 27.703264 30.745314 34.032730 37.572865 41.376114 45.452435 49.817402 54.485687 59.472172 64.778999 70.355591 75.946602 80.708061 83.824265 85.700134 86.853783 87.546555 87.906425 87.998215 87.851852 87.478905 86.875252 86.021439 84.886894 83.422821 81.562172 79.208191 76.223877 72.412506 67.480888 61.010769 52.627594 43.261959
1.828766 1.960584 2.105515 2.265193 2.440699 2.634963 2.850438 3.089426 3.355088 3.651815 3.983739 4.355770 4.774007 5.245414 5.777778 6.379591 7.061566 7.834712 8.711918 9.705587 10.830549 12.100186 13.528629 15.127678 16.909182 18.882517 21.055351 23.434320 26.024691 28.831890 31.861603 35.120171 38.616505 42.362007 46.371998 50.663746 55.257362 60.165001 65.353508 70.593285 75.068085 77.972893 79.705177 80.765648 81.401009 81.728561 81.808365 81.667847 81.317444 80.752235 79.955727 78.899956 77.541031 75.818634 73.644226 70.894875 67.388382 62.851994 56.879883 49.086212 40.345680
1.792748 1.920894 2.060977 2.214828 2.384480 2.570987 2.778007 3.006984 3.261509 3.545213 3.861485 4.215794 4.613003 5.059512 5.562415 6.130022 6.770851 7.495884 8.315932 9.242645 10.288494 11.465529 12.785834 14.260281 15.898113 17.707308 19.693645 21.863129 24.217566 26.761965 29.498558 32.432240 35.568108 38.915077 42.483833 46.289555 50.349953 54.681435 59.267601 63.926426 67.924049 70.507233 72.045364 72.989372 73.555382 73.846062 73.911903 73.777000 73.449463 72.925217 72.189568 71.217712 69.972946 68.401024 66.427246 63.945518 60.801853 56.760578 51.465233 44.546814 36.765747
1.755380 1.878765 2.013798 2.162374 2.325030 2.504747 2.702505 2.921636 3.164729 3.434376 3.735007 4.070895 4.446327 4.867339 5.340229 5.872000 6.470911 7.146196 7.907212 8.764459 9.728303 10.809361 12.017397 13.361361 14.848829 16.485418 18.276062 20.222248 22.326130 24.587801 27.008276 29.586027 32.322853 35.219028 38.277332 41.501675 44.893559 48.453575 52.153877 55.851971 59.018829 61.112053 62.399410 63.207558 63.696964 63.946865 63.997017 63.867161 63.562851 63.080521 62.408371 61.525227 60.399273 58.987061 57.227161 55.037579 52.299152 48.839172 44.409092 38.768307 32.493378
1.716713 1.835570 1.965036 2.107993 2.263989 2.435702 2.624756 2.833699 3.064812 3.321041 3.605412 3.922267 4.275777 4.670825 5.112844 5.608871 6.165110 6.790057 7.491469 8.278242 9.159368 10.142620 11.236901 12.448926 13.783770 15.245526 16.836428 18.556736 20.404552 22.378923 24.474665 26.688339 29.013668 31.443979 33.970432 36.581615 39.259224 41.974117 44.665680 47.204170 49.328556 50.847378 51.861549 52.526871 52.937168 53.145256 53.179375 53.053917 52.773407 52.334591 51.726051 50.931999 49.927189 48.676025 47.135727 45.244324 42.924145 40.074394 36.582016 32.412762 27.941378
1.676516 1.790910 1.915575 2.051887 2.201219 2.365282 2.545385 2.743767 2.962850 3.205153 3.473728 3.771423 4.102788 4.472002 4.883825 5.343584 5.857367 6.432158 7.073871 7.791095 8.589917 9.477082 10.459345 11.541131 12.726316 14.016514 15.412404 16.911850 18.511990 20.207003 21.991369 23.855566 25.789686 27.781162 29.813736 31.866179 33.910702 35.907631 37.796474 39.495720 40.911892 41.993015 42.772850 43.306816 43.642097 43.810005 43.829609 43.709209 43.452312 43.055370 42.510159 41.804367 40.916973 39.825184 38.496677 36.891228 34.967232 32.678104 30.000031 26.985529 23.840696
1.635433 1.745219 1.864516 1.994969 2.137421 2.293315 2.464463 2.652872 2.859950 3.088322 3.340295 3.619613 3.929130 4.272564 4.653925 5.078180 5.550865 6.076283 6.660948 7.309894 8.029016 8.823844 9.698306 10.655418 11.697905 12.825868 14.037795 15.330445 16.699636 18.137779 19.636560 21.186405 22.774076 24.384529 26.000002 27.598057 29.152607 30.629427 31.990097 33.192963 34.201733 35.001179 35.601700 36.026287 36.295971 36.428364 36.434456 36.320351 36.086212 35.730591 35.246754 34.624268 33.849949 32.906292 31.773697 30.429699 28.852205 27.029949 24.972902 22.734793 20.431171
1.593477 1.698687 1.812832 1.937080 2.072899 2.221041 2.383094 2.561086 2.756282 2.970944 3.207117 3.468013 3.755508 4.074137 4.426311 4.816301 5.248389 5.726904 6.255969 6.840560 7.484538 8.191234 8.964629 9.806062 10.716471 11.694695 12.739289 13.844681 15.005977 16.216349 17.466902 18.745977 20.041523 21.339458 22.622202 23.872622 25.068365 26.187130 27.204430 28.098793 28.855555 29.465731 29.935633 30.272795 30.487473 30.589672 30.584848 30.476717 30.265587 29.949314 29.522478 28.977959 28.307985 27.499653 26.542299 25.423952 24.137354 22.684464 21.083368 19.375443 17.628557
1.551455 1.651551 1.760327 1.878673 2.007539 2.148132 2.301617 2.468999 2.652495 2.853732 3.074806 3.317145 3.584363 3.878520 4.202467 4.559715 4.953369 5.386890 5.863923 6.387658 6.961519 7.587659 8.268172 9.004107 9.794690 10.639032 11.533666 12.474452 13.455826 14.470179 15.509030 16.562880 17.620295 18.668806 19.694273 20.682594 21.618202 22.485447 23.270107 23.959511 24.545366 25.023165 25.394802 25.662579 25.834557 25.911442 25.899227 25.797340 25.608015 25.328209 24.954508 24.481413 23.904585 23.216148 22.410709 21.483223 20.432768 19.267817 18.004059 16.672297 15.313796
1.508651 1.603844 1.708041 1.820475 1.942450 2.074925 2.219932 2.377696 2.549737 2.737310 2.943595 3.168668 3.416167 3.687006 3.983741 4.309961 4.667639 5.059484 5.487782 5.955911 6.465304 7.017991 7.614531 8.255906 8.939828 9.666347 10.430698 11.229476 12.056687 12.906365 13.769782 14.639125 15.505013 16.356709 17.183264 17.974718 18.717836 19.404764 20.023899 20.567366 21.031227 21.411787 21.709856 21.925140 22.060513 22.118746 22.100645 22.006685 21.837795 21.591383 21.265383 20.856461 20.361708 19.777067 19.101307 18.332140 17.472015 16.529848 15.519780 14.462904 13.386294
1.465801 1.556538 1.654924 1.762007 1.877267 2.002666 2.139256 2.286760 2.448248 2.623296 2.814561 3.023149 3.251416 3.500749 3.772072 4.069044 4.392853 4.745627 5.130121 5.546748 5.998256 6.484982 7.007051 7.564142 8.156245 8.779747 9.432343 10.109612 10.807395 11.519781 12.239032 12.959270 13.671565 14.368799 15.041533 15.681926 16.281551 16.833574 17.330900 17.768351 18.140219 18.447403 18.688303 18.862141 18.969467 19.012569 18.991234 18.904799 18.754292 18.538330 18.255157 17.903269 17.480162 16.985283 16.417479 15.777654 15.070785 14.301684 13.485779 12.635393 11.770222
1.422580 1.508901 1.602720 1.703826 1.812869 1.930917 2.058608 2.197405 2.348036 2.511412 2.688793 2.882387 3.091829 3.320107 3.567851 3.837900 4.130869 4.448245 4.791950 5.162993 5.561884 5.989390 6.446396 6.930077 7.441800 7.976974 8.534821 9.110362 9.700234 10.298292 10.899777 11.498892 12.089009 12.663868 13.215873 13.740345 14.229719 14.678851 15.083382 15.439199 15.743174 15.993270 16.188829 16.329376 16.415483 16.446392 16.422966 16.344496 16.211971 16.023188 15.777814 15.474486 15.113580 14.694524 14.216460 13.683590 13.098882 12.468155 11.800245 11.108167 10.403018
1.379506 1.461818 1.550562 1.646188 1.748724 1.859681 1.979914 2.109817 2.250198 2.401903 2.566444 2.744656 2.937556 3.146457 3.372732 3.617399 3.881257 4.166996 4.473842 4.803625 5.155863 5.532538 5.931371 6.352239 6.794453 7.254610 7.731964 8.222297 8.720830 9.225870 9.731361 10.231957 10.724171 11.201375 11.658667 12.091472 12.495238 12.864742 13.197316 13.489338 13.739199 13.945024 14.105825 14.219794 14.288866 14.311303 14.287055 14.216211 14.098602 13.933934 13.721610 13.461566 13.152994 12.798064 12.395481 11.949020 11.461622 10.940511 10.390544 9.821305 9.241664
1.337352 1.415229 1.498816 1.588980 1.686056 1.790541 1.902726 2.023979 2.154066 2.295634 2.447417 2.611633 2.789133 2.979852 3.186020 3.407495 3.646302 3.902187 4.176524 4.469261 4.781081 5.111952 5.460784 5.827335 6.209475 6.606682 7.015889 7.434047 7.858876 8.286263 8.712293 9.133944 9.545714 9.944895 10.326562 10.686416 11.021803 11.328896 11.605855 11.847447 12.053729 12.224211 12.356191 12.450496 12.505157 12.521832 12.497384 12.433692 12.331243 12.187712 12.003485 11.780296 11.517061 11.214182 10.874349 10.499886 10.092581 9.657519 9.200614 8.728523 8.246953
1.294884 1.368615 1.448159 1.533026 1.624133 1.722031 1.826970 1.939630 2.061651 2.192728 2.333270 2.484241 2.646783 2.821290 3.008300 3.209327 3.424046 3.654379 3.898919 4.159313 4.434992 4.726240 5.031942 5.351893 5.682534 6.026104 6.377330 6.735658 7.098590 7.461805 7.822764 8.179199 8.527297 8.861324 9.182187 9.484168 9.764137 10.022361 10.252989 10.455470 10.626690 10.769329 10.879267 10.957750 11.001486 11.011283 10.988809 10.931838 10.841364 10.716644 10.558529 10.365538 10.140265 9.883223 9.594717 9.278322 8.936047 8.571039 8.188437 7.793685 7.390467
1.253135 1.323065 1.397667 1.477996 1.563823 1.655054 1.753499 1.858747 1.971725 2.093043 2.222463 2.361409 2.510737 2.669864 2.840336 3.022271 3.216261 3.422189 3.641280 3.872396 4.116726 4.372773 4.641126 4.920147 5.209009 5.505927 5.809754 6.117286 6.428581 6.737669 7.046103 7.347941 7.643234 7.926775 8.196881 8.451476 8.688890 8.903680 9.099136 9.269863 9.415046 9.533623 9.624797 9.687972 9.723574 9.732277 9.708814 9.659168 9.579485 9.470218 9.333812 9.167583 8.974311 8.754294 8.509201 8.240643 7.952061 7.643332 7.322023 6.989118 6.649832
1.212355 1.278474 1.348718 1.424037 1.504487 1.590583 1.682491 1.780584 1.884833 1.996921 2.117079 2.244696 2.380323 2.526151 2.680844 2.846302 3.020867 3.205840 3.401061 3.607367 3.824409 4.050786 4.286372 4.529971 4.781310 5.039120 5.302777 5.568558 5.835939 6.101291 6.365402 6.623523 6.874173 7.115363 7.345809 7.561056 7.761632 7.945160 8.108551 8.252941 8.375565 8.473946 8.551455 8.605422 8.633257 8.638101 8.617964 8.572056 8.503675 8.408189 8.289486 8.147292 7.981088 7.792542 7.583466 7.354637 7.108606 6.848145 6.575434 6.293302 6.004777
1.172132 1.234569 1.300974 1.371803 1.447068 1.527271 1.612339 1.704149 1.801474 1.905278 2.015583 2.132799 2.257739 2.390527 2.531081 2.680413 2.838059 3.004647 3.179722 3.363368 3.555503 3.755237 3.962992 4.177514 4.397570 4.621977 4.850644 5.080190 5.311310 5.540195 5.766178 5.988654 6.203483 6.408833 6.606004 6.790375 6.960399 7.116686 7.254972 7.378397 7.481171 7.565310 7.630339 7.673814 7.696932 7.700213 7.680939 7.641820 7.581573 7.499123 7.396144 7.271661 7.128674 6.966998 6.787894 6.592174 6.382051 6.159771 5.926992 5.687265 5.441005
1.132854 1.191511 1.253828 1.320518 1.391249 1.465992 1.545646 1.631001 1.721067 1.817203 1.918156 2.026541 2.140958 2.262086 2.390194 2.525273 2.667881 2.817077 2.974648 3.138000 3.309261 3.486337 3.669145 3.858322 4.051211 4.247455 4.445693 4.646379 4.845367 5.043895 5.239649 5.430308 5.614701 5.791403 5.960361 6.117672 6.264668 6.397272 6.516217 6.619997 6.709781 6.781272 6.835282 6.872733 6.891515 6.893517 6.874926 6.840545 6.786609 6.714490 6.624920 6.518330 6.394523 6.254171 6.100770 5.932703 5.753111 5.562321 5.363494 5.157685 4.947067
1.094575 1.149660 1.208646 1.270722 1.337107 1.407334 1.481377 1.560379 1.643894 1.732685 1.826055 1.925499 2.029717 2.140581 2.257176 2.379593 2.508384 2.642818 2.783813 2.930256 3.082386 3.239751 3.401988 3.568364 3.737323 3.909664 4.084387 4.258084 4.431482 4.603785 4.773335 4.938401 5.097605 5.249350 5.395627 5.530213 5.656033 5.770361 5.872963 5.961631 6.038630 6.098612 6.145399 6.176349 6.193172 6.193187 6.177465 6.145366 6.098310 6.035646 5.957378 5.865261 5.757639 5.637151 5.504276 5.359938 5.203960 5.040810 4.869642 4.691760 4.510140
