T0-Fulltest/rect/gravity_1.grd
DSAA
         130         130
      -50.000000       50.000000
      -50.000000       50.000000
    2.507494E-02      109.392685
[rows 75 to 99 of 130, columns 0 to 54 of 130]
8.877435E-02 9.489154E-02 9.843471E-02 1.035950E-01 1.091476E-01 1.141889E-01 1.203814E-01 1.279187E-01 1.355108E-01 1.417764E-01 1.508004E-01 1.592139E-01 1.690524E-01 1.797647E-01 1.912003E-01 2.034627E-01 2.158564E-01 2.309987E-01 2.469555E-01 2.643502E-01 2.823561E-01 3.037048E-01 3.262742E-01 3.514843E-01 3.792086E-01 4.100138E-01 4.440361E-01 4.817789E-01 5.236154E-01 5.710551E-01 6.235673E-01 6.832519E-01 7.501197E-01 8.263018E-01 9.124967E-01 1.011200 1.124240 1.254349 1.404457 1.578707 1.781781 2.020268 2.300847 2.632612 3.027196 3.498685 4.062436 4.738547 5.546661 6.507334 7.636296 8.940264 10.414715 12.036294 13.765339
8.799245E-02 9.206948E-02 9.658398E-02 1.020188E-01 1.079870E-01 1.137541E-01 1.203562E-01 1.256019E-01 1.322577E-01 1.412479E-01 1.481393E-01 1.575959E-01 1.668931E-01 1.775348E-01 1.880296E-01 2.000968E-01 2.132538E-01 2.267544E-01 2.427472E-01 2.592674E-01 2.775620E-01 2.979338E-01 3.195846E-01 3.438462E-01 3.710833E-01 4.002873E-01 4.326227E-01 4.688040E-01 5.092977E-01 5.545666E-01 6.044964E-01 6.611134E-01 7.244300E-01 7.960115E-01 8.768362E-01 9.692232E-01 1.074021 1.194121 1.332370 1.491322 1.675493 1.889593 2.139781 2.431803 2.776388 3.180593 3.657632 4.219494 4.878537 5.645241 6.526814 7.522405 8.622855 9.806399 11.041821
8.736777E-02 9.115322E-02 9.748239E-02 1.015963E-01 1.071781E-01 1.122591E-01 1.178667E-01 1.248986E-01 1.312152E-01 1.387891E-01 1.466452E-01 1.553219E-01 1.646314E-01 1.743138E-01 1.852915E-01 1.965128E-01 2.095031E-01 2.235341E-01 2.381137E-01 2.553245E-01 2.725103E-01 2.918469E-01 3.127103E-01 3.360318E-01 3.619692E-01 3.905225E-01 4.217945E-01 4.562377E-01 4.943299E-01 5.368756E-01 5.847617E-01 6.380988E-01 6.976353E-01 7.650924E-01 8.406832E-01 9.262890E-01 1.023345 1.133910 1.260132 1.404507 1.570373 1.761616 1.982919 2.239198 2.536481 2.882091 3.282411 3.746722 4.280848 4.890417 5.577318 6.337677 7.160451 8.030646 8.922421
8.721294E-02 9.053209E-02 9.582643E-02 1.007148E-01 1.056656E-01 1.103420E-01 1.166414E-01 1.233086E-01 1.296898E-01 1.375484E-01 1.446140E-01 1.529988E-01 1.625139E-01 1.717548E-01 1.818373E-01 1.935616E-01 2.055605E-01 2.193761E-01 2.334536E-01 2.493007E-01 2.659612E-01 2.855161E-01 3.054360E-01 3.279205E-01 3.526064E-01 3.795871E-01 4.095528E-01 4.425224E-01 4.790415E-01 5.193114E-01 5.642970E-01 6.148061E-01 6.709265E-01 7.335715E-01 8.038592E-01 8.829367E-01 9.727917E-01 1.073793 1.188598 1.319463 1.468194 1.638160 1.833088 2.056170 2.312188 2.605297 2.940974 3.323369 3.754926 4.240189 4.776646 5.359652 5.980954 6.626548 7.281301
8.668490E-02 9.015706E-02 9.502275E-02 9.811178E-02 1.041620E-01 1.093392E-01 1.156448E-01 1.209505E-01 1.280884E-01 1.353765E-01 1.422191E-01 1.504941E-01 1.595629E-01 1.688619E-01 1.795004E-01 1.899366E-01 2.019982E-01 2.148678E-01 2.289370E-01 2.443390E-01 2.603125E-01 2.786526E-01 2.980834E-01 3.198166E-01 3.434184E-01 3.693018E-01 3.973639E-01 4.289210E-01 4.635352E-01 5.017814E-01 5.440466E-01 5.911853E-01 6.435049E-01 7.018980E-01 7.673656E-01 8.401683E-01 9.223237E-01 1.014374 1.118779 1.236355 1.369385 1.520131 1.690457 1.885003 2.104076 2.352751 2.633113 2.947987 3.298116 3.685417 4.106133 4.556938 5.030413 5.517282 6.004153
8.511250E-02 8.844314E-02 9.349814E-02 9.846677E-02 1.028402E-01 1.085946E-01 1.132959E-01 1.201099E-01 1.258856E-01 1.329711E-01 1.402663E-01 1.480330E-01 1.574476E-01 1.654732E-01 1.755763E-01 1.863303E-01 1.981243E-01 2.102469E-01 2.231711E-01 2.386830E-01 2.539002E-01 2.715153E-01 2.907539E-01 3.107596E-01 3.335047E-01 3.582240E-01 3.854691E-01 4.149116E-01 4.477220E-01 4.833724E-01 5.233965E-01 5.671725E-01 6.162583E-01 6.705285E-01 7.305092E-01 7.978463E-01 8.731154E-01 9.565768E-01 1.051024 1.156434 1.274816 1.407934 1.557832 1.725167 1.913419 2.124411 2.358015 2.617666 2.903109 3.213503 3.545756 3.897719 4.263100 4.634364 5.001478
8.356339E-02 8.804825E-02 9.239702E-02 9.711366E-02 1.010564E-01 1.067924E-01 1.119304E-01 1.185133E-01 1.239607E-01 1.315646E-01 1.377276E-01 1.450105E-01 1.541454E-01 1.628751E-01 1.726210E-01 1.833625E-01 1.935595E-01 2.054238E-01 2.186233E-01 2.332253E-01 2.480081E-01 2.649873E-01 2.825803E-01 3.020694E-01 3.238059E-01 3.472468E-01 3.725821E-01 4.005370E-01 4.316991E-01 4.654172E-01 5.024262E-01 5.435951E-01 5.891348E-01 6.392778E-01 6.948292E-01 7.567641E-01 8.248932E-01 9.008889E-01 9.863342E-01 1.080500 1.185787 1.303010 1.433334 1.578591 1.739556 1.918221 2.113757 2.328524 2.561991 2.811951 3.077192 3.353453 3.638549 3.925601 4.206936
8.294529E-02 8.663298E-02 9.136386E-02 9.509880E-02 1.000321E-01 1.052378E-01 1.101880E-01 1.157794E-01 1.221759E-01 1.283212E-01 1.357388E-01 1.430414E-01 1.511673E-01 1.598171E-01 1.688140E-01 1.785336E-01 1.893522E-01 2.014112E-01 2.134603E-01 2.273125E-01 2.418196E-01 2.578370E-01 2.746030E-01 2.930801E-01 3.139252E-01 3.360685E-01 3.598813E-01 3.862988E-01 4.154984E-01 4.472465E-01 4.818722E-01 5.201513E-01 5.625200E-01 6.085641E-01 6.599915E-01 7.161304E-01 7.787861E-01 8.473591E-01 9.234919E-01 1.007867 1.101684 1.204581 1.318408 1.444040 1.581831 1.732966 1.897714 2.075267 2.266876 2.469834 2.682184 2.902376 3.127385 3.350932 3.569008
8.159012E-02 8.574988E-02 8.985365E-02 9.383258E-02 9.882749E-02 1.036981E-01 1.084238E-01 1.140086E-01 1.191787E-01 1.270990E-01 1.332348E-01 1.398257E-01 1.483381E-01 1.563735E-01 1.652255E-01 1.752325E-01 1.848191E-01 1.961729E-01 2.083135E-01 2.214351E-01 2.355486E-01 2.504490E-01 2.666347E-01 2.849235E-01 3.039417E-01 3.250606E-01 3.476723E-01 3.726217E-01 3.998577E-01 4.297028E-01 4.617220E-01 4.971017E-01 5.362233E-01 5.786960E-01 6.257799E-01 6.773931E-01 7.339713E-01 7.961302E-01 8.646880E-01 9.397967E-01 1.022908 1.112590 1.212882 1.321208 1.439579 1.567860 1.706282 1.854536 2.012692 2.178411 2.349991 2.527185 2.705230 2.882227 3.053256
8.006077E-02 8.425406E-02 8.874892E-02 9.251100E-02 9.696332E-02 1.013227E-01 1.068691E-01 1.111775E-01 1.175401E-01 1.243388E-01 1.305515E-01 1.371478E-01 1.444536E-01 1.527132E-01 1.618842E-01 1.710710E-01 1.807427E-01 1.914392E-01 2.032678E-01 2.155405E-01 2.280339E-01 2.434200E-01 2.585210E-01 2.753752E-01 2.935099E-01 3.135307E-01 3.353047E-01 3.583113E-01 3.839285E-01 4.120475E-01 4.419338E-01 4.747840E-01 5.110471E-01 5.502418E-01 5.929453E-01 6.400368E-01 6.914023E-01 7.470649E-01 8.088664E-01 8.761412E-01 9.491395E-01 1.028615 1.115245 1.209818 1.310992 1.420539 1.537351 1.660468 1.791566 1.928738 2.068311 2.210957 2.353685 2.494941 2.631917
7.847337E-02 8.323023E-02 8.682094E-02 9.110866E-02 9.544828E-02 1.000548E-01 1.050112E-01 1.100968E-01 1.159127E-01 1.222628E-01 1.274744E-01 1.348774E-01 1.424085E-01 1.492879E-01 1.582402E-01 1.665334E-01 1.761469E-01 1.861759E-01 1.975517E-01 2.088549E-01 2.219224E-01 2.359850E-01 2.506903E-01 2.665679E-01 2.836105E-01 3.028443E-01 3.225877E-01 3.451701E-01 3.686672E-01 3.945146E-01 4.224943E-01 4.531361E-01 4.856477E-01 5.222539E-01 5.615298E-01 6.043711E-01 6.499796E-01 7.014714E-01 7.561819E-01 8.156741E-01 8.804733E-01 9.510741E-01 1.025762 1.107784 1.195094 1.288351 1.387389 1.491566 1.599897 1.713027 1.827205 1.943903 2.060112 2.173478 2.282566
7.805666E-02 8.160681E-02 8.611775E-02 8.980579E-02 9.369243E-02 9.843566E-02 1.030973E-01 1.079359E-01 1.134129E-01 1.189503E-01 1.253193E-01 1.317105E-01 1.388741E-01 1.461303E-01 1.538793E-01 1.627470E-01 1.720331E-01 1.819572E-01 1.921386E-01 2.036477E-01 2.155314E-01 2.291353E-01 2.423263E-01 2.569914E-01 2.742380E-01 2.915772E-01 3.108420E-01 3.312824E-01 3.532999E-01 3.773176E-01 4.031712E-01 4.311509E-01 4.620674E-01 4.953457E-01 5.310627E-01 5.698014E-01 6.117551E-01 6.579610E-01 7.067281E-01 7.602047E-01 8.178216E-01 8.791461E-01 9.451188E-01 1.015807 1.091268 1.171210 1.255968 1.343641 1.433935 1.527810 1.622644 1.718663 1.812851 1.905060 1.992962
7.719153E-02 8.014771E-02 8.356151E-02 8.852627E-02 9.193861E-02 9.662046E-02 1.012385E-01 1.060977E-01 1.110038E-01 1.167838E-01 1.229991E-01 1.290376E-01 1.355402E-01 1.422042E-01 1.504349E-01 1.589636E-01 1.678202E-01 1.768080E-01 1.864856E-01 1.974774E-01 2.090276E-01 2.215359E-01 2.351322E-01 2.483430E-01 2.640422E-01 2.810257E-01 2.987076E-01 3.177822E-01 3.387087E-01 3.606206E-01 3.851208E-01 4.110893E-01 4.394166E-01 4.697800E-01 5.021873E-01 5.375946E-01 5.759588E-01 6.167129E-01 6.609512E-01 7.078795E-01 7.590831E-01 8.135951E-01 8.708251E-01 9.326043E-01 9.971716E-01 1.066615 1.137231 1.211762 1.289080 1.367122 1.446077 1.525597 1.602489 1.677467 1.750275
7.556655E-02 7.956886E-02 8.313368E-02 8.678294E-02 9.011030E-02 9.454955E-02 9.943192E-02 1.038633E-01 1.083512E-01 1.144561E-01 1.195974E-01 1.258592E-01 1.319125E-01 1.394659E-01 1.465214E-01 1.549213E-01 1.629979E-01 1.717631E-01 1.812362E-01 1.917257E-01 2.019929E-01 2.144138E-01 2.264468E-01 2.405273E-01 2.546730E-01 2.703464E-01 2.867450E-01 3.051092E-01 3.242897E-01 3.451151E-01 3.674350E-01 3.913292E-01 4.171135E-01 4.448553E-01 4.746211E-01 5.067046E-01 5.411038E-01 5.788299E-01 6.173771E-01 6.597948E-01 7.048630E-01 7.526833E-01 8.028138E-01 8.565729E-01 9.130625E-01 9.721290E-01 1.033602 1.096420 1.161972 1.226646 1.293028 1.358659 1.423339 1.486057 1.542403
7.440741E-02 7.873823E-02 8.104736E-02 8.542256E-02 8.934440E-02 9.306126E-02 9.743043E-02 1.013922E-01 1.062875E-01 1.120386E-01 1.169278E-01 1.231648E-01 1.290704E-01 1.359813E-01 1.430719E-01 1.505165E-01 1.583146E-01 1.670090E-01 1.763152E-01 1.858333E-01 1.963623E-01 2.070914E-01 2.193693E-01 2.314286E-01 2.453629E-01 2.597198E-01 2.755697E-01 2.923975E-01 3.103568E-01 3.299437E-01 3.502065E-01 3.719763E-01 3.961950E-01 4.218546E-01 4.481698E-01 4.777527E-01 5.092176E-01 5.422116E-01 5.777497E-01 6.152906E-01 6.553059E-01 6.969349E-01 7.418923E-01 7.883042E-01 8.378718E-01 8.880117E-01 9.412209E-01 9.950843E-01 1.050042 1.104781 1.160747 1.215168 1.269883 1.319183 1.367317
7.326254E-02 7.530075E-02 7.983831E-02 8.310150E-02 8.659448E-02 9.047368E-02 9.550211E-02 9.930544E-02 1.047870E-01 1.095241E-01 1.144242E-01 1.204429E-01 1.262532E-01 1.324139E-01 1.388129E-01 1.463310E-01 1.537924E-01 1.622715E-01 1.710206E-01 1.795832E-01 1.897349E-01 2.000360E-01 2.114383E-01 2.238127E-01 2.359983E-01 2.499843E-01 2.645844E-01 2.801339E-01 2.966963E-01 3.146712E-01 3.332063E-01 3.544498E-01 3.754558E-01 3.989557E-01 4.236987E-01 4.505993E-01 4.786665E-01 5.084609E-01 5.400007E-01 5.739737E-01 6.089174E-01 6.456484E-01 6.861520E-01 7.268742E-01 7.693751E-01 8.129306E-01 8.589715E-01 9.040242E-01 9.513100E-01 9.978192E-01 1.045743 1.091422 1.135270 1.178806 1.219907
7.190237E-02 7.505254E-02 7.892171E-02 8.184439E-02 8.537468E-02 8.983483E-02 9.303372E-02 9.690568E-02 1.026209E-01 1.063688E-01 1.123516E-01 1.175700E-01 1.232298E-01 1.292475E-01 1.355694E-01 1.424877E-01 1.496095E-01 1.574942E-01 1.652311E-01 1.744310E-01 1.834431E-01 1.937507E-01 2.040863E-01 2.147695E-01 2.271959E-01 2.403138E-01 2.537752E-01 2.679628E-01 2.839342E-01 2.995893E-01 3.187612E-01 3.362481E-01 3.568937E-01 3.782690E-01 3.998308E-01 4.239729E-01 4.505921E-01 4.767278E-01 5.053697E-01 5.355660E-01 5.667597E-01 5.998114E-01 6.342084E-01 6.702250E-01 7.069227E-01 7.458809E-01 7.844720E-01 8.240944E-01 8.642152E-01 9.041587E-01 9.438545E-01 9.833030E-01 1.022065 1.056576 1.091280
7.061286E-02 7.447457E-02 7.625178E-02 8.055809E-02 8.290405E-02 8.712754E-02 9.124640E-02 9.559753E-02 1.001345E-01 1.043840E-01 1.092304E-01 1.140629E-01 1.196098E-01 1.254991E-01 1.319007E-01 1.379336E-01 1.445657E-01 1.525086E-01 1.604554E-01 1.680291E-01 1.770222E-01 1.867755E-01 1.965444E-01 2.069498E-01 2.181815E-01 2.306971E-01 2.429438E-01 2.567048E-01 2.716060E-01 2.867965E-01 3.033342E-01 3.199936E-01 3.383842E-01 3.572454E-01 3.783214E-01 4.003559E-01 4.236930E-01 4.470321E-01 4.725985E-01 4.994071E-01 5.276316E-01 5.570047E-01 5.876567E-01 6.191857E-01 6.519274E-01 6.845131E-01 7.184963E-01 7.528713E-01 7.879794E-01 8.217827E-01 8.549488E-01 8.882242E-01 9.205046E-01 9.508901E-01 9.794214E-01
6.953494E-02 7.224550E-02 7.556336E-02 7.889659E-02 8.221098E-02 8.559985E-02 8.940186E-02 9.309892E-02 9.764384E-02 1.018214E-01 1.059760E-01 1.112231E-01 1.168593E-01 1.225000E-01 1.282872E-01 1.339287E-01 1.407883E-01 1.479511E-01 1.554082E-01 1.636454E-01 1.718878E-01 1.803015E-01 1.898573E-01 1.994894E-01 2.097649E-01 2.212653E-01 2.331751E-01 2.461581E-01 2.591503E-01 2.734264E-01 2.881199E-01 3.041953E-01 3.215493E-01 3.387163E-01 3.574949E-01 3.773957E-01 3.979943E-01 4.209124E-01 4.426994E-01 4.676253E-01 4.913640E-01 5.171160E-01 5.450345E-01 5.722249E-01 6.011614E-01 6.297999E-01 6.583588E-01 6.896711E-01 7.182844E-01 7.481399E-01 7.765288E-01 8.049385E-01 8.326101E-01 8.575688E-01 8.829073E-01
6.758937E-02 7.044533E-02 7.444408E-02 7.684101E-02 8.029182E-02 8.362270E-02 8.724773E-02 9.102402E-02 9.496293E-02 9.919759E-02 1.032333E-01 1.085304E-01 1.135585E-01 1.182974E-01 1.244403E-01 1.305573E-01 1.364193E-01 1.434278E-01 1.503075E-01 1.575696E-01 1.655315E-01 1.739637E-01 1.824261E-01 1.913992E-01 2.018260E-01 2.127591E-01 2.230649E-01 2.350953E-01 2.477678E-01 2.612714E-01 2.752587E-01 2.887412E-01 3.049624E-01 3.207422E-01 3.376807E-01 3.564000E-01 3.746459E-01 3.943805E-01 4.155166E-01 4.372851E-01 4.586791E-01 4.816058E-01 5.052297E-01 5.298774E-01 5.544418E-01 5.798879E-01 6.063378E-01 6.321907E-01 6.573417E-01 6.826592E-01 7.077397E-01 7.319801E-01 7.559475E-01 7.773106E-01 7.976010E-01
6.667022E-02 6.939271E-02 7.236491E-02 7.539332E-02 7.789774E-02 8.183967E-02 8.546335E-02 8.848475E-02 9.290130E-02 9.698721E-02 1.012266E-01 1.054842E-01 1.104537E-01 1.156466E-01 1.211885E-01 1.266329E-01 1.321999E-01 1.386884E-01 1.455624E-01 1.525568E-01 1.600966E-01 1.682571E-01 1.764782E-01 1.854779E-01 1.940688E-01 2.033401E-01 2.141311E-01 2.248607E-01 2.366515E-01 2.480880E-01 2.622856E-01 2.752082E-01 2.886027E-01 3.034373E-01 3.189159E-01 3.349347E-01 3.522593E-01 3.695751E-01 3.889806E-01 4.087514E-01 4.288332E-01 4.491673E-01 4.707412E-01 4.926002E-01 5.134692E-01 5.363246E-01 5.595765E-01 5.821255E-01 6.031587E-01 6.253583E-01 6.469322E-01 6.677028E-01 6.874551E-01 7.066262E-01 7.239231E-01
6.572835E-02 6.801786E-02 7.043571E-02 7.403743E-02 7.704943E-02 7.967719E-02 8.311892E-02 8.662828E-02 9.052704E-02 9.392209E-02 9.848464E-02 1.032800E-01 1.075532E-01 1.126845E-01 1.174144E-01 1.230066E-01 1.291066E-01 1.343462E-01 1.407479E-01 1.471490E-01 1.545008E-01 1.617242E-01 1.699328E-01 1.778093E-01 1.861679E-01 1.954224E-01 2.048955E-01 2.152593E-01 2.249959E-01 2.369179E-01 2.494339E-01 2.611084E-01 2.745111E-01 2.880241E-01 3.021646E-01 3.167234E-01 3.329023E-01 3.484316E-01 3.648758E-01 3.827417E-01 4.007522E-01 4.182422E-01 4.376875E-01 4.565665E-01 4.759703E-01 4.955129E-01 5.149413E-01 5.345490E-01 5.545583E-01 5.743377E-01 5.926242E-01 6.093946E-01 6.269000E-01 6.436610E-01 6.584260E-01
6.456652E-02 6.708153E-02 6.963925E-02 7.173996E-02 7.491766E-02 7.735602E-02 8.150061E-02 8.520646E-02 8.818018E-02 9.193589E-02 9.585587E-02 9.972463E-02 1.038751E-01 1.087840E-01 1.138358E-01 1.193410E-01 1.237799E-01 1.300302E-01 1.359753E-01 1.425034E-01 1.489190E-01 1.555596E-01 1.632958E-01 1.707863E-01 1.790742E-01 1.873357E-01 1.970053E-01 2.063135E-01 2.156953E-01 2.262121E-01 2.370945E-01 2.489962E-01 2.597745E-01 2.726575E-01 2.863329E-01 3.009447E-01 3.129851E-01 3.276814E-01 3.432713E-01 3.579863E-01 3.752100E-01 3.908180E-01 4.078601E-01 4.253654E-01 4.424697E-01 4.588761E-01 4.772235E-01 4.936348E-01 5.115772E-01 5.271088E-01 5.444265E-01 5.598609E-01 5.750735E-01 5.880033E-01 6.002023E-01
6.290331E-02 6.520639E-02 6.802638E-02 7.078657E-02 7.289193E-02 7.592570E-02 7.919792E-02 8.274703E-02 8.564150E-02 8.945097E-02 9.338248E-02 9.764536E-02 1.012676E-01 1.059681E-01 1.108262E-01 1.154511E-01 1.198253E-01 1.260793E-01 1.320599E-01 1.373108E-01 1.432157E-01 1.504683E-01 1.565812E-01 1.639809E-01 1.711397E-01 1.792328E-01 1.880553E-01 1.963878E-01 2.061945E-01 2.159218E-01 2.252841E-01 2.363637E-01 2.470179E-01 2.589131E-01 2.700773E-01 2.825537E-01 2.949216E-01 3.081536E-01 3.210418E-01 3.363437E-01 3.509004E-01 3.656765E-01 3.806957E-01 3.963326E-01 4.103133E-01 4.266922E-01 4.416071E-01 4.556654E-01 4.706031E-01 4.869993E-01 5.013571E-01 5.141625E-01 5.265424E-01 5.367477E-01 5.484958E-01
6.155726E-02 6.395977E-02 6.659459E-02 6.868310E-02 7.160053E-02 7.456194E-02 7.797715E-02 8.024579E-02 8.338691E-02 8.742922E-02 9.146300E-02 9.428383E-02 9.828479E-02 1.023802E-01 1.070977E-01 1.113638E-01 1.163598E-01 1.222937E-01 1.269274E-01 1.329154E-01 1.394314E-01 1.445413E-01 1.503408E-01 1.581667E-01 1.646284E-01 1.724312E-01 1.804239E-01 1.880103E-01 1.969444E-01 2.057354E-01 2.149425E-01 2.248940E-01 2.339317E-01 2.444032E-01 2.568379E-01 2.660772E-01 2.789387E-01 2.909670E-01 3.023166E-01 3.159123E-01 3.277349E-01 3.411902E-01 3.560310E-01 3.685724E-01 3.840490E-01 3.972328E-01 4.081036E-01 4.224444E-01 4.356156E-01 4.475432E-01 4.597600E-01 4.730921E-01 4.843439E-01 4.967262E-01 5.050835E-01
