T0-Fulltest/rect/gravity_21.grd
DSAA
         130         130
      -50.000000       50.000000
      -50.000000       50.000000
   -1.018114E-02      103.132324
[rows 72 to 95 of 130, columns 56 to 111 of 130]
61.214882 62.425659 62.981834 62.851982 61.857674 59.554188 54.809761 46.108513 37.326973 30.440430 25.085300 20.869312 17.496639 14.772595 12.546770 10.718302 9.194366 7.919116 6.842077 5.932039 5.163119 4.494984 3.929787 3.440322 3.020844 2.665693 2.356901 2.083448 1.850072 1.644489 1.477548 1.321364 1.182977 1.062866 9.529539E-01 8.638862E-01 7.863570E-01 7.099261E-01 6.652434E-01 5.927359E-01 5.406030E-01 5.020685E-01 4.651429E-01 4.290152E-01 3.965423E-01 3.621100E-01 3.383229E-01 3.015170E-01 2.933633E-01 2.906295E-01 2.568480E-01 2.358971E-01 2.500360E-01 2.207408E-01 2.075277E-01 1.736374E-01
42.673752 43.473366 43.782139 43.547665 42.630943 40.751537 37.453415 32.653938 27.680555 23.354076 19.741600 16.759611 14.294991 12.244679 10.537238 9.101087 7.892432 6.865585 5.986723 5.233465 4.587704 4.032437 3.554752 3.127854 2.772730 2.449714 2.173743 1.935729 1.731519 1.548587 1.385169 1.253148 1.128049 1.007450 9.231514E-01 8.359639E-01 7.658426E-01 6.868478E-01 6.310053E-01 5.879285E-01 5.342140E-01 4.930232E-01 4.585725E-01 4.086513E-01 3.893843E-01 3.372756E-01 3.226913E-01 3.113653E-01 2.964987E-01 2.503057E-01 2.542982E-01 2.191393E-01 2.161253E-01 1.948326E-01 1.942200E-01 1.734607E-01
30.054527 30.588398 30.757633 30.514881 29.782248 28.435558 26.374451 23.701614 20.820526 18.087305 15.652494 13.543642 11.735602 10.198929 8.883873 7.759273 6.799661 5.964413 5.251614 4.630993 4.085324 3.615547 3.205317 2.844961 2.528331 2.257663 2.009598 1.803643 1.616646 1.459891 1.309007 1.185319 1.072105 9.711536E-01 8.809108E-01 8.041275E-01 7.258011E-01 6.738697E-01 6.142995E-01 5.649742E-01 5.041586E-01 4.705054E-01 4.358809E-01 4.021894E-01 3.693178E-01 3.357934E-01 3.166282E-01 2.977830E-01 2.751361E-01 2.672742E-01 2.533970E-01 2.365892E-01 2.309576E-01 2.127409E-01 2.079701E-01 1.710906E-01
21.898735 22.262470 22.356365 22.150978 21.605566 20.679691 19.365845 17.733225 15.949335 14.176739 12.516068 11.023861 9.698434 8.537613 7.529749 6.644686 5.870271 5.202360 4.614877 4.094910 3.642185 3.241127 2.891192 2.590389 2.319750 2.070487 1.862343 1.672858 1.511996 1.364374 1.221972 1.125897 1.009063 9.222196E-01 8.429332E-01 7.648708E-01 7.035372E-01 6.415057E-01 5.903385E-01 5.387769E-01 4.912469E-01 4.556567E-01 4.219625E-01 3.848509E-01 3.657648E-01 3.414608E-01 3.172135E-01 2.800563E-01 2.896551E-01 2.554694E-01 2.486995E-01 2.322362E-01 2.031349E-01 2.206440E-01 1.828252E-01 1.931515E-01
16.396732 16.649317 16.705921 16.548119 16.158525 15.525408 14.660531 13.605445 12.445119 11.257421 10.110477 9.039401 8.063936 7.187713 6.403225 5.713014 5.095337 4.546582 4.064586 3.636111 3.259320 2.922018 2.617877 2.358348 2.120027 1.915373 1.724793 1.556135 1.410868 1.274915 1.161386 1.058040 9.585766E-01 8.816693E-01 7.988428E-01 7.293082E-01 6.654356E-01 6.114735E-01 5.591731E-01 5.277063E-01 4.836258E-01 4.474779E-01 4.225368E-01 3.978673E-01 3.597203E-01 3.375571E-01 2.989636E-01 2.947556E-01 2.519914E-01 2.631322E-01 2.114464E-01 2.093219E-01 2.044945E-01 1.851086E-01 1.764228E-01 1.672529E-01
12.562029 12.743064 12.782504 12.666881 12.391167 11.953897 11.367916 10.663073 9.879019 9.058496 8.251317 7.477298 6.748712 6.083243 5.473438 4.927442 4.432307 3.990843 3.592510 3.238145 2.909265 2.631677 2.373401 2.148307 1.936817 1.756151 1.590620 1.440907 1.313962 1.193886 1.089591 9.894024E-01 9.063042E-01 8.280737E-01 7.691174E-01 6.992418E-01 6.396062E-01 5.878486E-01 5.474643E-01 5.027126E-01 4.627678E-01 4.171836E-01 3.914903E-01 3.670901E-01 3.470805E-01 3.180732E-01 2.819932E-01 2.762041E-01 2.718521E-01 2.498524E-01 2.052026E-01 2.074227E-01 2.132268E-01 1.879882E-01 1.721146E-01 1.655672E-01
9.818245 9.953652 9.985351 9.902617 9.703564 9.397182 8.993952 8.506048 7.963586 7.385797 6.802281 6.228942 5.686608 5.176795 4.703851 4.267812 3.866280 3.508868 3.179200 2.883089 2.616297 2.375240 2.151178 1.955269 1.776185 1.620857 1.475938 1.342576 1.221944 1.115251 1.020287 9.387087E-01 8.534942E-01 7.863189E-01 7.267218E-01 6.603376E-01 6.163437E-01 5.680380E-01 5.292274E-01 4.764432E-01 4.526288E-01 4.101539E-01 3.939568E-01 3.530334E-01 3.352730E-01 3.110195E-01 2.931180E-01 2.718430E-01 2.601938E-01 2.574233E-01 2.225333E-01 2.082612E-01 2.143131E-01 2.024161E-01 1.957233E-01 1.700530E-01
7.810183 7.914040 7.935231 7.878982 7.739424 7.524966 7.238213 6.896291 6.504728 6.089280 5.659461 5.237221 4.823939 4.425376 4.057045 3.712259 3.387804 3.093166 2.818010 2.571043 2.348357 2.144760 1.954187 1.783566 1.628413 1.487861 1.359198 1.243785 1.146553 1.044354 9.589249E-01 8.873026E-01 8.180131E-01 7.497200E-01 6.888313E-01 6.334832E-01 5.835434E-01 5.467165E-01 5.077863E-01 4.668660E-01 4.267370E-01 3.994201E-01 3.731712E-01 3.542843E-01 3.351707E-01 2.914536E-01 2.724468E-01 2.694883E-01 2.458405E-01 2.329715E-01 2.222665E-01 2.052958E-01 2.022435E-01 1.905998E-01 1.869022E-01 1.730160E-01
6.312693 6.391483 6.412233 6.371192 6.273323 6.119432 5.913549 5.665043 5.382175 5.076800 4.754333 4.436131 4.124876 3.813862 3.520971 3.240795 2.974257 2.737663 2.516072 2.301608 2.110015 1.939351 1.779106 1.626482 1.496365 1.374313 1.256565 1.161564 1.066893 9.765504E-01 9.020151E-01 8.296079E-01 7.611983E-01 7.105969E-01 6.532202E-01 6.029854E-01 5.697190E-01 5.198405E-01 4.845872E-01 4.509391E-01 4.244322E-01 3.965852E-01 3.618285E-01 3.408826E-01 3.133617E-01 3.030569E-01 2.753513E-01 2.714028E-01 2.452025E-01 2.288695E-01 2.047540E-01 2.185364E-01 2.062411E-01 1.690035E-01 1.799070E-01 1.622260E-01
5.172020 5.233764 5.250827 5.226596 5.155153 5.043617 4.895601 4.707738 4.499808 4.270298 4.029184 3.783823 3.534258 3.297984 3.060980 2.841881 2.625052 2.423433 2.243630 2.068287 1.902962 1.754971 1.617661 1.488592 1.375526 1.265141 1.169967 1.073895 9.908699E-01 9.141483E-01 8.422571E-01 7.803406E-01 7.241597E-01 6.658878E-01 6.229617E-01 5.745207E-01 5.318745E-01 4.891870E-01 4.673170E-01 4.302799E-01 3.956752E-01 3.726230E-01 3.516400E-01 3.218609E-01 2.996376E-01 2.821867E-01 2.764627E-01 2.594729E-01 2.478357E-01 2.240510E-01 2.212801E-01 1.976522E-01 1.892051E-01 1.901878E-01 1.627255E-01 1.573929E-01
4.288380 4.340991 4.355365 4.342379 4.288700 4.202839 4.089290 3.960189 3.797838 3.619638 3.438949 3.254814 3.057400 2.860468 2.679927 2.493085 2.323095 2.163104 1.998782 1.855469 1.719797 1.589187 1.470896 1.366135 1.261743 1.165707 1.074634 9.973598E-01 9.234630E-01 8.604857E-01 7.921839E-01 7.344281E-01 6.787200E-01 6.321775E-01 5.852550E-01 5.494341E-01 5.114776E-01 4.573912E-01 4.453830E-01 4.101750E-01 3.768180E-01 3.609032E-01 3.383475E-01 3.254667E-01 2.937397E-01 2.746182E-01 2.548577E-01 2.399961E-01 2.302060E-01 2.104967E-01 2.114761E-01 1.887633E-01 1.732735E-01 1.666256E-01 1.660991E-01 1.545102E-01
3.600316 3.637629 3.654522 3.644898 3.606143 3.542654 3.455533 3.352759 3.232075 3.099575 2.956894 2.805289 2.657028 2.502166 2.350241 2.202406 2.062768 1.924416 1.796575 1.670119 1.556249 1.450040 1.341369 1.248856 1.153101 1.074822 1.001072 9.302555E-01 8.584898E-01 7.961042E-01 7.397578E-01 6.894175E-01 6.444947E-01 5.912618E-01 5.633546E-01 5.251747E-01 4.828092E-01 4.483615E-01 4.219342E-01 3.967590E-01 3.721784E-01 3.322044E-01 3.218513E-01 3.072874E-01 2.907482E-01 2.659246E-01 2.538423E-01 2.353858E-01 2.210985E-01 2.177374E-01 2.062802E-01 1.829303E-01 1.714491E-01 1.637151E-01 1.720958E-01 1.428254E-01
3.049015 3.082531 3.092856 3.084974 3.059421 3.011091 2.949682 2.867603 2.781220 2.677551 2.557033 2.441774 2.319885 2.196941 2.074866 1.950681 1.835332 1.721442 1.610548 1.503822 1.410049 1.318227 1.222562 1.139693 1.060004 9.917104E-01 9.200406E-01 8.597546E-01 8.054248E-01 7.511910E-01 6.932455E-01 6.490526E-01 6.058508E-01 5.658270E-01 5.330113E-01 4.856884E-01 4.562844E-01 4.310130E-01 4.082001E-01 3.724171E-01 3.513156E-01 3.372758E-01 3.102138E-01 2.910272E-01 2.872292E-01 2.509474E-01 2.505641E-01 2.270721E-01 2.141262E-01 2.132708E-01 1.925937E-01 1.776441E-01 1.674947E-01 1.579987E-01 1.488922E-01 1.632935E-01
2.608299 2.633762 2.646898 2.639405 2.620532 2.585605 2.534042 2.473715 2.399813 2.314781 2.227494 2.137602 2.035135 1.933980 1.837550 1.737638 1.639063 1.544963 1.452611 1.361760 1.279641 1.198497 1.125504 1.050814 9.841124E-01 9.162918E-01 8.564337E-01 7.981948E-01 7.459577E-01 6.935318E-01 6.514160E-01 6.130038E-01 5.754694E-01 5.350479E-01 4.952359E-01 4.723914E-01 4.363120E-01 4.095875E-01 3.927626E-01 3.663282E-01 3.367709E-01 3.098237E-01 3.024954E-01 2.759097E-01 2.765201E-01 2.423506E-01 2.364979E-01 2.175127E-01 2.313616E-01 1.984379E-01 1.877949E-01 1.769020E-01 1.628998E-01 1.554828E-01 1.445705E-01 1.463618E-01
2.242152 2.267374 2.276270 2.277724 2.260519 2.234090 2.190537 2.150637 2.093522 2.023790 1.951002 1.881280 1.796672 1.714146 1.633010 1.551850 1.465381 1.393446 1.310079 1.237247 1.163049 1.092576 1.029805 9.620992E-01 8.995839E-01 8.505509E-01 7.952024E-01 7.462756E-01 6.972755E-01 6.537954E-01 6.128384E-01 5.699108E-01 5.362496E-01 5.031632E-01 4.828837E-01 4.538831E-01 4.212890E-01 3.957087E-01 3.688668E-01 3.464473E-01 3.261268E-01 3.057827E-01 2.876506E-01 2.725578E-01 2.525933E-01 2.382706E-01 2.179437E-01 2.164067E-01 2.020538E-01 2.018126E-01 1.820750E-01 1.715245E-01 1.612919E-01 1.661729E-01 1.390435E-01 1.346046E-01
1.946624 1.965454 1.977926 1.972231 1.960234 1.943763 1.908794 1.874156 1.827512 1.775307 1.727521 1.658858 1.592396 1.531501 1.458021 1.388896 1.318573 1.258880 1.190688 1.121018 1.055552 1.001141 9.437364E-01 8.875104E-01 8.360398E-01 7.907420E-01 7.406675E-01 6.953962E-01 6.501384E-01 6.101502E-01 5.745692E-01 5.424565E-01 5.044098E-01 4.736512E-01 4.499839E-01 4.227740E-01 3.930995E-01 3.699680E-01 3.485982E-01 3.238804E-01 3.172303E-01 2.989222E-01 2.808635E-01 2.586046E-01 2.519897E-01 2.407204E-01 2.203233E-01 2.032700E-01 1.883267E-01 1.889264E-01 1.738065E-01 1.723422E-01 1.536219E-01 1.463752E-01 1.404104E-01 1.202779E-01
1.702840 1.715735 1.718738 1.723524 1.715542 1.696266 1.679917 1.648633 1.617075 1.568971 1.526616 1.468145 1.412036 1.366383 1.304415 1.243011 1.191204 1.133171 1.079174 1.020275 9.669571E-01 9.162415E-01 8.602852E-01 8.208393E-01 7.704978E-01 7.298492E-01 6.850545E-01 6.436664E-01 6.098246E-01 5.710443E-01 5.404633E-01 5.099741E-01 4.787816E-01 4.484921E-01 4.218635E-01 3.997470E-01 3.786885E-01 3.500984E-01 3.369606E-01 3.170788E-01 2.946085E-01 2.858070E-01 2.624532E-01 2.544178E-01 2.440948E-01 2.164552E-01 2.088432E-01 2.184548E-01 1.947686E-01 1.693821E-01 1.715265E-01 1.569619E-01 1.454596E-01 1.518036E-01 1.463612E-01 1.291223E-01
1.495201 1.504754 1.519004 1.518830 1.507898 1.499540 1.482957 1.463317 1.418817 1.391282 1.341811 1.313145 1.268471 1.227090 1.175583 1.131047 1.074254 1.025014 9.792719E-01 9.248394E-01 8.845262E-01 8.369843E-01 7.930189E-01 7.540321E-01 7.125105E-01 6.730188E-01 6.361266E-01 5.986570E-01 5.676886E-01 5.353237E-01 5.055492E-01 4.668801E-01 4.553365E-01 4.279611E-01 4.086310E-01 3.885362E-01 3.535861E-01 3.343126E-01 3.198779E-01 2.993507E-01 2.793190E-01 2.673143E-01 2.517456E-01 2.423252E-01 2.302608E-01 2.165943E-01 1.984325E-01 2.022611E-01 1.976237E-01 1.818656E-01 1.710780E-01 1.508469E-01 1.462637E-01 1.374419E-01 1.312797E-01 1.417790E-01
1.318797 1.335607 1.340870 1.343108 1.332514 1.324109 1.307507 1.288749 1.267265 1.246280 1.205436 1.166220 1.133528 1.100724 1.054171 1.013404 9.770292E-01 9.323434E-01 8.906918E-01 8.511411E-01 8.127194E-01 7.712497E-01 7.380311E-01 6.953685E-01 6.584591E-01 6.241361E-01 5.911286E-01 5.625242E-01 5.313178E-01 5.002764E-01 4.762108E-01 4.540418E-01 4.209414E-01 3.983595E-01 3.779790E-01 3.536746E-01 3.504224E-01 3.263478E-01 3.034713E-01 2.888415E-01 2.768143E-01 2.604083E-01 2.463920E-01 2.245242E-01 2.167636E-01 2.115469E-01 1.941225E-01 1.951759E-01 1.837931E-01 1.680807E-01 1.688297E-01 1.557853E-01 1.475113E-01 1.346603E-01 1.234432E-01 1.302922E-01
1.178812 1.183734 1.185751 1.190891 1.184777 1.175757 1.169776 1.152444 1.134955 1.106948 1.086375 1.050668 1.022612 9.911332E-01 9.557774E-01 9.194952E-01 8.871001E-01 8.425547E-01 8.093677E-01 7.827726E-01 7.391035E-01 7.131036E-01 6.748211E-01 6.456674E-01 6.102916E-01 5.820748E-01 5.517334E-01 5.195111E-01 4.954810E-01 4.732018E-01 4.506996E-01 4.237499E-01 4.016467E-01 3.829375E-01 3.625665E-01 3.519285E-01 3.319677E-01 3.033749E-01 2.945455E-01 2.754007E-01 2.704017E-01 2.483102E-01 2.447876E-01 2.276930E-01 2.186662E-01 2.027558E-01 1.835320E-01 1.747133E-01 1.663865E-01 1.509128E-01 1.501891E-01 1.541031E-01 1.441113E-01 1.421634E-01 1.432037E-01 1.143731E-01
1.051753 1.055075 1.066800 1.070430 1.065650 1.052519 1.046952 1.030636 1.014623 9.914654E-01 9.606465E-01 9.502587E-01 9.222509E-01 8.899881E-01 8.675931E-01 8.343295E-01 8.032289E-01 7.754647E-01 7.393131E-01 7.121372E-01 6.811473E-01 6.560190E-01 6.262546E-01 5.982125E-01 5.666577E-01 5.352586E-01 5.128940E-01 4.894850E-01 4.671803E-01 4.419577E-01 4.194412E-01 4.010814E-01 3.734664E-01 3.534510E-01 3.472622E-01 3.269156E-01 3.037926E-01 3.003358E-01 2.718234E-01 2.627495E-01 2.537245E-01 2.382346E-01 2.224298E-01 2.024640E-01 2.046315E-01 1.910705E-01 1.922029E-01 1.705429E-01 1.645640E-01 1.639268E-01 1.524596E-01 1.434508E-01 1.342564E-01 1.460840E-01 1.247249E-01 1.141687E-01
9.327620E-01 9.409414E-01 9.546143E-01 9.463245E-01 9.406012E-01 9.409906E-01 9.305705E-01 9.302401E-01 9.097514E-01 9.026294E-01 8.721993E-01 8.576126E-01 8.360430E-01 8.067961E-01 7.805105E-01 7.629098E-01 7.382479E-01 7.088051E-01 6.791056E-01 6.635483E-01 6.325333E-01 6.017281E-01 5.820634E-01 5.571981E-01 5.305994E-01 5.088305E-01 4.773660E-01 4.575384E-01 4.390531E-01 4.152348E-01 3.911010E-01 3.743136E-01 3.592190E-01 3.436276E-01 3.201306E-01 3.022989E-01 2.853591E-01 2.827021E-01 2.637162E-01 2.498170E-01 2.406213E-01 2.251524E-01 2.205506E-01 2.044310E-01 2.011101E-01 1.848776E-01 1.739054E-01 1.577466E-01 1.663198E-01 1.376007E-01 1.534810E-01 1.399476E-01 1.410990E-01 1.221580E-01 1.178399E-01 1.154489E-01
8.391426E-01 8.493992E-01 8.554808E-01 8.589022E-01 8.506469E-01 8.549003E-01 8.349549E-01 8.343833E-01 8.205468E-01 8.136694E-01 7.888271E-01 7.744768E-01 7.581251E-01 7.395347E-01 7.193877E-01 6.966377E-01 6.701501E-01 6.486196E-01 6.230213E-01 6.029091E-01 5.825601E-01 5.519142E-01 5.298895E-01 5.149437E-01 4.919025E-01 4.661644E-01 4.569286E-01 4.296397E-01 4.156653E-01 3.902830E-01 3.647996E-01 3.553936E-01 3.392158E-01 3.191437E-01 3.134794E-01 2.890775E-01 2.692176E-01 2.635018E-01 2.592093E-01 2.299877E-01 2.257753E-01 2.225427E-01 2.005100E-01 1.951260E-01 1.823592E-01 1.767297E-01 1.717687E-01 1.616565E-01 1.499224E-01 1.473536E-01 1.402382E-01 1.439870E-01 1.255689E-01 1.283666E-01 1.106267E-01 1.100053E-01
7.629066E-01 7.641311E-01 7.724484E-01 7.710319E-01 7.619436E-01 7.685742E-01 7.573319E-01 7.586204E-01 7.416693E-01 7.397382E-01 7.219793E-01 7.029740E-01 6.858020E-01 6.673604E-01 6.566753E-01 6.334580E-01 6.206505E-01 5.954665E-01 5.747265E-01 5.569114E-01 5.315731E-01 5.140945E-01 4.973994E-01 4.767125E-01 4.528731E-01 4.334179E-01 4.134316E-01 3.969802E-01 3.896450E-01 3.678285E-01 3.476924E-01 3.366965E-01 3.198438E-01 3.030560E-01 2.864569E-01 2.820929E-01 2.619220E-01 2.566113E-01 2.394995E-01 2.271284E-01 2.233629E-01 2.087554E-01 2.046007E-01 1.831847E-01 1.816306E-01 1.596024E-01 1.669828E-01 1.583900E-01 1.467734E-01 1.562187E-01 1.381410E-01 1.333940E-01 1.296714E-01 1.156571E-01 1.163162E-01 1.105216E-01
