T0-Fulltest/rect/gravity_21.grd
DSAA
         130         130
      -50.000000       50.000000
      -50.000000       50.000000
   -1.018114E-02      103.132324
[rows 96 to 119 of 130, columns 0 to 55 of 130]
6.648305E-02 6.972759E-02 7.434075E-02 7.613572E-02 7.927402E-02 8.384351E-02 8.693393E-02 8.994448E-02 9.619400E-02 1.003152E-01 1.034601E-01 1.047914E-01 1.100958E-01 1.179571E-01 1.220563E-01 1.277406E-01 1.325125E-01 1.434534E-01 1.511807E-01 1.573389E-01 1.646371E-01 1.723796E-01 1.819851E-01 1.934265E-01 1.986813E-01 2.102367E-01 2.206136E-01 2.307854E-01 2.458973E-01 2.579376E-01 2.685077E-01 2.849060E-01 2.949663E-01 3.143538E-01 3.295279E-01 3.478731E-01 3.640044E-01 3.827142E-01 4.043005E-01 4.187199E-01 4.355575E-01 4.620951E-01 4.806570E-01 4.940661E-01 5.228035E-01 5.363808E-01 5.541281E-01 5.748528E-01 5.920014E-01 6.086659E-01 6.235556E-01 6.457399E-01 6.480662E-01 6.690639E-01 6.774977E-01 6.822311E-01
6.738891E-02 7.037068E-02 7.218484E-02 7.469071E-02 7.898828E-02 8.360452E-02 8.351800E-02 8.790118E-02 8.940854E-02 9.731624E-02 1.013394E-01 1.042172E-01 1.099916E-01 1.149972E-01 1.213795E-01 1.249200E-01 1.294350E-01 1.370301E-01 1.443850E-01 1.502741E-01 1.558730E-01 1.645635E-01 1.737427E-01 1.830091E-01 1.925617E-01 2.039993E-01 2.123652E-01 2.184031E-01 2.328318E-01 2.446982E-01 2.570969E-01 2.744164E-01 2.817695E-01 2.981206E-01 3.099390E-01 3.238910E-01 3.431432E-01 3.568085E-01 3.767465E-01 3.886070E-01 4.057862E-01 4.198932E-01 4.415460E-01 4.600906E-01 4.781673E-01 4.897251E-01 5.071885E-01 5.223272E-01 5.453746E-01 5.606629E-01 5.680479E-01 5.805349E-01 5.934268E-01 5.991825E-01 6.023535E-01 6.139412E-01
6.371561E-02 6.630098E-02 6.932074E-02 7.164326E-02 7.536077E-02 8.204896E-02 8.060529E-02 8.723294E-02 8.959067E-02 9.616942E-02 9.828454E-02 9.824593E-02 1.056862E-01 1.107878E-01 1.163452E-01 1.236350E-01 1.281773E-01 1.309809E-01 1.400922E-01 1.404804E-01 1.515688E-01 1.575883E-01 1.712118E-01 1.748661E-01 1.813467E-01 1.896457E-01 1.994907E-01 2.086364E-01 2.218264E-01 2.352149E-01 2.436850E-01 2.560707E-01 2.672562E-01 2.796577E-01 2.917694E-01 3.052462E-01 3.173369E-01 3.382577E-01 3.466733E-01 3.677318E-01 3.777775E-01 3.972636E-01 4.063968E-01 4.294358E-01 4.417347E-01 4.561586E-01 4.671778E-01 4.869960E-01 4.997525E-01 5.125417E-01 5.200287E-01 5.293257E-01 5.356563E-01 5.559823E-01 5.650796E-01 5.712644E-01
6.270915E-02 6.650786E-02 6.894778E-02 7.187313E-02 7.372289E-02 7.731850E-02 8.011070E-02 8.513959E-02 8.868299E-02 9.022717E-02 9.651597E-02 9.943356E-02 1.013575E-01 1.078238E-01 1.156607E-01 1.170941E-01 1.224550E-01 1.299384E-01 1.319069E-01 1.407863E-01 1.468854E-01 1.507736E-01 1.597307E-01 1.667183E-01 1.769544E-01 1.808202E-01 1.962203E-01 2.020737E-01 2.145900E-01 2.210545E-01 2.299619E-01 2.394761E-01 2.491272E-01 2.653750E-01 2.751165E-01 2.882271E-01 3.003718E-01 3.132434E-01 3.255404E-01 3.408949E-01 3.566441E-01 3.698739E-01 3.832211E-01 3.943897E-01 4.060314E-01 4.226974E-01 4.335933E-01 4.504121E-01 4.546480E-01 4.684435E-01 4.819005E-01 4.919298E-01 4.931774E-01 5.066785E-01 5.128316E-01 5.273377E-01
6.325973E-02 6.652980E-02 6.692848E-02 7.025231E-02 7.186180E-02 7.709692E-02 7.658070E-02 8.093526E-02 8.624741E-02 8.907273E-02 9.237689E-02 9.557837E-02 9.921560E-02 1.014074E-01 1.096256E-01 1.155996E-01 1.182083E-01 1.201764E-01 1.292226E-01 1.355924E-01 1.408298E-01 1.479884E-01 1.545329E-01 1.588033E-01 1.674013E-01 1.745308E-01 1.831099E-01 1.895930E-01 1.979983E-01 2.107743E-01 2.176918E-01 2.279220E-01 2.388924E-01 2.488054E-01 2.629844E-01 2.695332E-01 2.818588E-01 2.944964E-01 3.039187E-01 3.160289E-01 3.279607E-01 3.420095E-01 3.498809E-01 3.667359E-01 3.747786E-01 3.903749E-01 3.957942E-01 4.078688E-01 4.216384E-01 4.306875E-01 4.451798E-01 4.487843E-01 4.584488E-01 4.649433E-01 4.663503E-01 4.693556E-01
6.086978E-02 6.247248E-02 6.539766E-02 6.689220E-02 6.937830E-02 7.367667E-02 7.540344E-02 7.686151E-02 8.276569E-02 8.636580E-02 8.991540E-02 9.252873E-02 9.713629E-02 1.013869E-01 1.051098E-01 1.103835E-01 1.155796E-01 1.176368E-01 1.214042E-01 1.326688E-01 1.377019E-01 1.397647E-01 1.488212E-01 1.567559E-01 1.605036E-01 1.665323E-01 1.781751E-01 1.830910E-01 1.936099E-01 2.003552E-01 2.146676E-01 2.154575E-01 2.254795E-01 2.380274E-01 2.450459E-01 2.559235E-01 2.691714E-01 2.773259E-01 2.928687E-01 2.970627E-01 3.108291E-01 3.255147E-01 3.291706E-01 3.402678E-01 3.554142E-01 3.553847E-01 3.692760E-01 3.819792E-01 3.916379E-01 4.022262E-01 4.040274E-01 4.121002E-01 4.277451E-01 4.308593E-01 4.402621E-01 4.383026E-01
5.921290E-02 6.139674E-02 6.433180E-02 6.541454E-02 6.869975E-02 7.163771E-02 7.420934E-02 7.756890E-02 7.937811E-02 8.293685E-02 8.698399E-02 8.979465E-02 9.097992E-02 9.832929E-02 1.047689E-01 1.094957E-01 1.094743E-01 1.161326E-01 1.204186E-01 1.239219E-01 1.308484E-01 1.381905E-01 1.407119E-01 1.494199E-01 1.565322E-01 1.608027E-01 1.687145E-01 1.746595E-01 1.846867E-01 1.870364E-01 2.003582E-01 2.104318E-01 2.144476E-01 2.250041E-01 2.271986E-01 2.420574E-01 2.532580E-01 2.630877E-01 2.669756E-01 2.743962E-01 2.906689E-01 3.038565E-01 3.079816E-01 3.160360E-01 3.209288E-01 3.322012E-01 3.466706E-01 3.524520E-01 3.552989E-01 3.699936E-01 3.800485E-01 3.785739E-01 3.900181E-01 3.906960E-01 3.955369E-01 3.968427E-01
5.737521E-02 6.301658E-02 6.214118E-02 6.456731E-02 6.695771E-02 7.111382E-02 7.282274E-02 7.526469E-02 7.588975E-02 8.310144E-02 8.488658E-02 8.492953E-02 9.370813E-02 9.632352E-02 9.831305E-02 1.034300E-01 1.046582E-01 1.134561E-01 1.166385E-01 1.219303E-01 1.246820E-01 1.294779E-01 1.383927E-01 1.416922E-01 1.501988E-01 1.498967E-01 1.603730E-01 1.645861E-01 1.716926E-01 1.809225E-01 1.919636E-01 1.965694E-01 2.086414E-01 2.110765E-01 2.213270E-01 2.235792E-01 2.388515E-01 2.434139E-01 2.516049E-01 2.547768E-01 2.714590E-01 2.727141E-01 2.876679E-01 2.993276E-01 3.044573E-01 3.085828E-01 3.242316E-01 3.234691E-01 3.354232E-01 3.426071E-01 3.542182E-01 3.529165E-01 3.579735E-01 3.623795E-01 3.681680E-01 3.745133E-01
5.840158E-02 5.741969E-02 6.011490E-02 6.417465E-02 6.689364E-02 6.589619E-02 6.855416E-02 7.217419E-02 8.042866E-02 7.918010E-02 8.367216E-02 8.739882E-02 8.797532E-02 9.077648E-02 9.612206E-02 9.871433E-02 1.079075E-01 1.099550E-01 1.137739E-01 1.177857E-01 1.208904E-01 1.258507E-01 1.260938E-01 1.375744E-01 1.400503E-01 1.481390E-01 1.570707E-01 1.585573E-01 1.622776E-01 1.716875E-01 1.762226E-01 1.823813E-01 1.913347E-01 2.017522E-01 2.007103E-01 2.155411E-01 2.227718E-01 2.287695E-01 2.406152E-01 2.372109E-01 2.564267E-01 2.591510E-01 2.675061E-01 2.709367E-01 2.808518E-01 2.839943E-01 2.961685E-01 3.044375E-01 3.071742E-01 3.118624E-01 3.209460E-01 3.253089E-01 3.388897E-01 3.381521E-01 3.370418E-01 3.455752E-01
5.472314E-02 5.521762E-02 6.054181E-02 6.102247E-02 6.461120E-02 6.617123E-02 6.923579E-02 7.127044E-02 7.430332E-02 7.752240E-02 7.940839E-02 8.460800E-02 8.518959E-02 8.777168E-02 9.493503E-02 9.429495E-02 1.009563E-01 1.001350E-01 1.088796E-01 1.150147E-01 1.200707E-01 1.240386E-01 1.220899E-01 1.288990E-01 1.319764E-01 1.450918E-01 1.468522E-01 1.527471E-01 1.657316E-01 1.650229E-01 1.695138E-01 1.734724E-01 1.852002E-01 1.861761E-01 1.949993E-01 2.009961E-01 2.060963E-01 2.139269E-01 2.253965E-01 2.343140E-01 2.370800E-01 2.421895E-01 2.517900E-01 2.512666E-01 2.694372E-01 2.770181E-01 2.689320E-01 2.851655E-01 2.900870E-01 2.933843E-01 3.080378E-01 3.054291E-01 3.208251E-01 3.098867E-01 3.102019E-01 3.223544E-01
5.255124E-02 5.423158E-02 5.773215E-02 5.935490E-02 5.848342E-02 6.534225E-02 6.650388E-02 6.931379E-02 7.244152E-02 7.442586E-02 7.827738E-02 8.137385E-02 8.623133E-02 8.609502E-02 8.701971E-02 9.110259E-02 9.666695E-02 9.877431E-02 1.044224E-01 1.082194E-01 1.074780E-01 1.144281E-01 1.204439E-01 1.229854E-01 1.284475E-01 1.365288E-01 1.417025E-01 1.406499E-01 1.510356E-01 1.561131E-01 1.638188E-01 1.662743E-01 1.713941E-01 1.849259E-01 1.821895E-01 1.897945E-01 1.987963E-01 2.007325E-01 2.142301E-01 2.162899E-01 2.205235E-01 2.320626E-01 2.302112E-01 2.297909E-01 2.483520E-01 2.501899E-01 2.635883E-01 2.705990E-01 2.647566E-01 2.711366E-01 2.917458E-01 2.794909E-01 2.919810E-01 2.965224E-01 2.970268E-01 2.932968E-01
5.333106E-02 5.518924E-02 5.716790E-02 5.859733E-02 5.971148E-02 6.610665E-02 6.417231E-02 6.611065E-02 7.095049E-02 7.428224E-02 7.981823E-02 7.748093E-02 8.366827E-02 8.443365E-02 8.817936E-02 8.906189E-02 9.336713E-02 9.816708E-02 1.020928E-01 1.077366E-01 1.101852E-01 1.136076E-01 1.149355E-01 1.165943E-01 1.273646E-01 1.282507E-01 1.289407E-01 1.414195E-01 1.456794E-01 1.494469E-01 1.540675E-01 1.577170E-01 1.643186E-01 1.636414E-01 1.786407E-01 1.749109E-01 1.869292E-01 1.900835E-01 1.971574E-01 1.987393E-01 2.063243E-01 2.132412E-01 2.165346E-01 2.301868E-01 2.304793E-01 2.339912E-01 2.438890E-01 2.507755E-01 2.504039E-01 2.613502E-01 2.733765E-01 2.585917E-01 2.697324E-01 2.691295E-01 2.717311E-01 2.735533E-01
5.259184E-02 5.184944E-02 5.798808E-02 5.726381E-02 6.335812E-02 6.427785E-02 6.332525E-02 6.637094E-02 6.881668E-02 6.909791E-02 7.021748E-02 7.468966E-02 7.741766E-02 7.871217E-02 8.109653E-02 8.495101E-02 9.522689E-02 9.453722E-02 9.696452E-02 1.053943E-01 1.030449E-01 1.099918E-01 1.142835E-01 1.178273E-01 1.194013E-01 1.279769E-01 1.262347E-01 1.326832E-01 1.383796E-01 1.413608E-01 1.489374E-01 1.527142E-01 1.566903E-01 1.672541E-01 1.710491E-01 1.768103E-01 1.793661E-01 1.824818E-01 1.832595E-01 1.907011E-01 2.054954E-01 1.966363E-01 2.064160E-01 2.091854E-01 2.213290E-01 2.191221E-01 2.279148E-01 2.315702E-01 2.433081E-01 2.451678E-01 2.611682E-01 2.416940E-01 2.414096E-01 2.601536E-01 2.611678E-01 2.559951E-01
5.179895E-02 4.911467E-02 5.201902E-02 5.578664E-02 5.922534E-02 6.152962E-02 6.424659E-02 6.293596E-02 6.469724E-02 6.704979E-02 6.911808E-02 7.300838E-02 7.329533E-02 7.747174E-02 8.040994E-02 8.608422E-02 8.668856E-02 9.370918E-02 9.358943E-02 9.604180E-02 9.900939E-02 1.015994E-01 1.015942E-01 1.109046E-01 1.140698E-01 1.212304E-01 1.236942E-01 1.249790E-01 1.348090E-01 1.306954E-01 1.393746E-01 1.432486E-01 1.503667E-01 1.555152E-01 1.542850E-01 1.637116E-01 1.680860E-01 1.670907E-01 1.768553E-01 1.794042E-01 1.894877E-01 1.869394E-01 1.996384E-01 2.033336E-01 2.103560E-01 2.153802E-01 2.106778E-01 2.161569E-01 2.148774E-01 2.156583E-01 2.422149E-01 2.298809E-01 2.411951E-01 2.352092E-01 2.249509E-01 2.389731E-01
4.933424E-02 5.398607E-02 5.240287E-02 5.402370E-02 5.772583E-02 5.558189E-02 5.940472E-02 6.103752E-02 6.491172E-02 6.359244E-02 6.736279E-02 7.257529E-02 7.494925E-02 7.265268E-02 8.075736E-02 8.002261E-02 8.334890E-02 8.492897E-02 9.338669E-02 9.024601E-02 9.762571E-02 1.013609E-01 1.054271E-01 1.104763E-01 1.049109E-01 1.113015E-01 1.145673E-01 1.197318E-01 1.257436E-01 1.326412E-01 1.351472E-01 1.367479E-01 1.362843E-01 1.478511E-01 1.435920E-01 1.583063E-01 1.584551E-01 1.604252E-01 1.617520E-01 1.778550E-01 1.852579E-01 1.812176E-01 1.781201E-01 1.795905E-01 1.986319E-01 1.864042E-01 1.971162E-01 2.088195E-01 2.106907E-01 2.049889E-01 2.070394E-01 2.289956E-01 2.190892E-01 2.371386E-01 2.128838E-01 2.218937E-01
4.583225E-02 5.309978E-02 4.965617E-02 5.410573E-02 5.252540E-02 5.497083E-02 5.961521E-02 6.268434E-02 6.446017E-02 6.377614E-02 6.844126E-02 6.874385E-02 7.238100E-02 7.376864E-02 7.671629E-02 8.010006E-02 8.121627E-02 8.135130E-02 8.602317E-02 9.151097E-02 9.035441E-02 9.779531E-02 9.303324E-02 1.026934E-01 1.099404E-01 1.085607E-01 1.140569E-01 1.165363E-01 1.242624E-01 1.265350E-01 1.232436E-01 1.340164E-01 1.342898E-01 1.455779E-01 1.450686E-01 1.413141E-01 1.559910E-01 1.574420E-01 1.597526E-01 1.590070E-01 1.615971E-01 1.695426E-01 1.717774E-01 1.834510E-01 1.787510E-01 1.855136E-01 1.989599E-01 1.810689E-01 2.022345E-01 1.996618E-01 2.028598E-01 2.094906E-01 2.129879E-01 1.959112E-01 2.007489E-01 1.926731E-01
4.750530E-02 4.825182E-02 4.905960E-02 5.138489E-02 5.509023E-02 6.003492E-02 5.643109E-02 5.711982E-02 5.656663E-02 6.082986E-02 6.495809E-02 6.401922E-02 7.052380E-02 6.945977E-02 7.002471E-02 7.817639E-02 7.948763E-02 8.536074E-02 8.595853E-02 8.673998E-02 9.590404E-02 9.072395E-02 9.790731E-02 9.793711E-02 1.061268E-01 1.053772E-01 1.052147E-01 1.131819E-01 1.085199E-01 1.139650E-01 1.210793E-01 1.241117E-01 1.267179E-01 1.322803E-01 1.315860E-01 1.317097E-01 1.427394E-01 1.480462E-01 1.557934E-01 1.601662E-01 1.549445E-01 1.634271E-01 1.653932E-01 1.628720E-01 1.704164E-01 1.781557E-01 1.741679E-01 1.725534E-01 1.790355E-01 1.667956E-01 1.775663E-01 1.904336E-01 1.797821E-01 1.821726E-01 2.217154E-01 1.992939E-01
4.600770E-02 4.437913E-02 4.735657E-02 5.134742E-02 5.374581E-02 5.428124E-02 5.588542E-02 5.785452E-02 5.781906E-02 5.854169E-02 6.400023E-02 6.351847E-02 7.125103E-02 6.859770E-02 7.288057E-02 6.998682E-02 7.662571E-02 7.681411E-02 8.396085E-02 8.038236E-02 8.560203E-02 8.727064E-02 8.871160E-02 9.236640E-02 9.551939E-02 9.908527E-02 1.086062E-01 1.096709E-01 1.087524E-01 1.115430E-01 1.109291E-01 1.234871E-01 1.206348E-01 1.255190E-01 1.293629E-01 1.367500E-01 1.334159E-01 1.431739E-01 1.372252E-01 1.451000E-01 1.538252E-01 1.517079E-01 1.704911E-01 1.602384E-01 1.654284E-01 1.660968E-01 1.801590E-01 1.714978E-01 1.747756E-01 1.723192E-01 1.836128E-01 1.866408E-01 1.777363E-01 1.877403E-01 1.777618E-01 1.778798E-01
4.331960E-02 4.489665E-02 4.800193E-02 5.079425E-02 5.262126E-02 5.055274E-02 5.589522E-02 5.472337E-02 5.375649E-02 6.078460E-02 6.044078E-02 6.571087E-02 6.608126E-02 6.450088E-02 7.378665E-02 7.040345E-02 7.651965E-02 7.845490E-02 7.656875E-02 8.277288E-02 8.087317E-02 8.597095E-02 8.867999E-02 8.599788E-02 9.330795E-02 9.567918E-02 9.430409E-02 1.010328E-01 1.059188E-01 1.050530E-01 1.041381E-01 1.095045E-01 1.224462E-01 1.153887E-01 1.258264E-01 1.309265E-01 1.294002E-01 1.366135E-01 1.367022E-01 1.327435E-01 1.503052E-01 1.359664E-01 1.572455E-01 1.368335E-01 1.455601E-01 1.508021E-01 1.672774E-01 1.554480E-01 1.683817E-01 1.603778E-01 1.627370E-01 1.705326E-01 1.642325E-01 1.613309E-01 1.755415E-01 1.820828E-01
4.146571E-02 4.491819E-02 4.739533E-02 4.984580E-02 5.226823E-02 5.442351E-02 4.991950E-02 5.754557E-02 5.816182E-02 5.519988E-02 6.249352E-02 6.602282E-02 6.170563E-02 6.685729E-02 6.795840E-02 6.862719E-02 6.698107E-02 7.391168E-02 7.544326E-02 7.588371E-02 8.081999E-02 7.852512E-02 8.132464E-02 9.260149E-02 9.264522E-02 8.956690E-02 9.941015E-02 1.038688E-01 1.005409E-01 1.053244E-01 1.073534E-01 1.110148E-01 1.109652E-01 1.117846E-01 1.168789E-01 1.174092E-01 1.293162E-01 1.285603E-01 1.429108E-01 1.371211E-01 1.219912E-01 1.486030E-01 1.278661E-01 1.332666E-01 1.519343E-01 1.480855E-01 1.404781E-01 1.416311E-01 1.592768E-01 1.545212E-01 1.416134E-01 1.568245E-01 1.665192E-01 1.538205E-01 1.527563E-01 1.859087E-01
4.327103E-02 4.497758E-02 4.614867E-02 4.357748E-02 5.199656E-02 5.103578E-02 4.933745E-02 5.472253E-02 5.395852E-02 5.295184E-02 5.674941E-02 6.195686E-02 6.247684E-02 6.104314E-02 6.277318E-02 6.642099E-02 7.035159E-02 7.119004E-02 7.218120E-02 7.814015E-02 7.629534E-02 8.249424E-02 8.140770E-02 8.294445E-02 8.205880E-02 8.504795E-02 9.256755E-02 9.050843E-02 9.221926E-02 9.663267E-02 1.053572E-01 1.027730E-01 9.579131E-02 1.078168E-01 1.113209E-01 1.173762E-01 1.135323E-01 1.174395E-01 1.181681E-01 1.242173E-01 1.211147E-01 1.270982E-01 1.410841E-01 1.345557E-01 1.481161E-01 1.383913E-01 1.427105E-01 1.346129E-01 1.350633E-01 1.480485E-01 1.511621E-01 1.584623E-01 1.492991E-01 1.620984E-01 1.598290E-01 1.768046E-01
4.114464E-02 4.300372E-02 4.393514E-02 4.404337E-02 4.357928E-02 4.905859E-02 5.033581E-02 5.365784E-02 5.139950E-02 5.511321E-02 5.653658E-02 5.711892E-02 5.712446E-02 6.284232E-02 6.815181E-02 6.483463E-02 6.140273E-02 7.177490E-02 6.746545E-02 7.056618E-02 7.901017E-02 7.622536E-02 8.592909E-02 8.109500E-02 8.480246E-02 8.164111E-02 7.986834E-02 8.928830E-02 8.944730E-02 9.226902E-02 1.002733E-01 9.401690E-02 9.233285E-02 9.907621E-02 1.020980E-01 1.148617E-01 1.147198E-01 1.066678E-01 1.214552E-01 1.133455E-01 1.231653E-01 1.211508E-01 1.272203E-01 1.314037E-01 1.378207E-01 1.342647E-01 1.371787E-01 1.355103E-01 1.363707E-01 1.339453E-01 1.514477E-01 1.375680E-01 1.458914E-01 1.349623E-01 1.228095E-01 1.576012E-01
4.157913E-02 4.380454E-02 4.418979E-02 4.138947E-02 4.755696E-02 4.610156E-02 4.781938E-02 4.949996E-02 5.055442E-02 5.291547E-02 5.318283E-02 5.460868E-02 6.202254E-02 5.619593E-02 6.088066E-02 6.248074E-02 6.305273E-02 6.833436E-02 7.044007E-02 7.317255E-02 7.400537E-02 7.480875E-02 7.441527E-02 7.668128E-02 7.885190E-02 8.284723E-02 8.192670E-02 8.989283E-02 8.594839E-02 8.774880E-02 1.018109E-01 9.089057E-02 9.683263E-02 1.010137E-01 9.549187E-02 1.058806E-01 1.131847E-01 9.814052E-02 1.162008E-01 1.047183E-01 1.132409E-01 1.173874E-01 1.225797E-01 1.195896E-01 1.222555E-01 1.274233E-01 1.249439E-01 1.287225E-01 1.178463E-01 1.410162E-01 1.277081E-01 1.453010E-01 1.137626E-01 1.252283E-01 1.448242E-01 1.103430E-01
4.037158E-02 3.683479E-02 4.175740E-02 4.740874E-02 4.236495E-02 4.326694E-02 4.594598E-02 5.164199E-02 5.074260E-02 5.321608E-02 5.078087E-02 5.708773E-02 5.412699E-02 5.780595E-02 5.867014E-02 6.435262E-02 6.060613E-02 6.955165E-02 6.223531E-02 6.999029E-02 6.694932E-02 6.896012E-02 7.684090E-02 7.853328E-02 7.561515E-02 7.910581E-02 8.234829E-02 8.269646E-02 8.304504E-02 8.761962E-02 7.949423E-02 8.429239E-02 9.275859E-02 1.014528E-01 1.002315E-01 9.004474E-02 8.980057E-02 1.004650E-01 1.064575E-01 1.019049E-01 1.112182E-01 1.300889E-01 1.117121E-01 1.186059E-01 1.103420E-01 1.173839E-01 1.162599E-01 1.240030E-01 1.213083E-01 1.283802E-01 1.341162E-01 1.397668E-01 1.262750E-01 1.331526E-01 1.210912E-01 1.321346E-01
