T0-Fulltest/rect/gravity_2.grd
DSAA
         100         100
      -20.000000       20.000000
      -20.000000       20.000000
    3.870326E-01      109.551727
[rows 27 to 53 of 100, columns 0 to 60 of 100]
1.422555 1.509791 1.602687 1.703368 1.812952 1.931299 2.058883 2.197680 2.347812 2.511459 2.688753 2.881830 3.091573 3.319928 3.568148 3.837902 4.130284 4.448307 4.792003 5.162861 5.561832 5.989463 6.445938 6.930381 7.441507 7.977158 8.534654 9.110094 9.699873 10.298385 10.899792 11.498996 12.089020 12.663642 13.216108 13.740162 14.229543 14.678870 15.083312 15.439076 15.742953 15.993258 16.188902 16.329700 16.415598 16.446663 16.423138 16.344961 16.211847 16.023096 15.777734 15.474753 15.113763 14.694417 14.216747 13.683737 13.098908 12.467881 11.800711 11.108228 10.403228
1.464797 1.556903 1.655476 1.762360 1.877617 2.002504 2.139017 2.287140 2.448001 2.623539 2.814723 3.023664 3.251817 3.500351 3.772631 4.068856 4.393369 4.746136 5.130212 5.546873 5.998211 6.484869 7.006882 7.564443 8.155909 8.779716 9.432254 10.109844 10.807360 11.519469 12.238995 12.959037 13.671594 14.368594 15.041421 15.682188 16.281954 16.833584 17.330833 17.767811 18.140957 18.447962 18.688330 18.861906 18.969791 19.012577 18.990957 18.904984 18.754419 18.538340 18.255148 17.903040 17.480179 16.985191 16.417410 15.777701 15.070578 14.302210 13.485886 12.635154 11.770002
1.508742 1.604219 1.707432 1.820625 1.942129 2.075144 2.220163 2.377912 2.549452 2.738184 2.943943 3.168644 3.415684 3.686960 3.983771 4.310220 4.667607 5.059379 5.487981 5.955597 6.465131 7.018126 7.614250 8.255606 8.940308 9.666174 10.430730 11.229362 12.056463 12.906119 13.769565 14.639006 15.505092 16.356997 17.183504 17.974552 18.718637 19.404896 20.023821 20.567745 21.031561 21.412252 21.709696 21.925112 22.060659 22.118664 22.100576 22.006910 21.837763 21.591238 21.265097 20.856512 20.361885 19.777510 19.101307 18.332047 17.472265 16.530035 15.519744 14.462693 13.386271
1.551218 1.651325 1.760610 1.879368 2.007826 2.148209 2.301980 2.469164 2.652399 2.853996 3.074581 3.317232 3.584514 3.878406 4.202286 4.559572 4.953030 5.387067 5.863962 6.387917 6.961626 7.588005 8.268394 9.004084 9.794640 10.639153 11.533525 12.474425 13.455818 14.469919 15.509103 16.563013 17.620220 18.668568 19.694300 20.682552 21.618290 22.485395 23.269835 23.959373 24.544947 25.023001 25.394489 25.663242 25.834255 25.911648 25.899084 25.797773 25.608059 25.328197 24.954279 24.481491 23.904564 23.216118 22.410524 21.483175 20.432959 19.267580 18.003860 16.672096 15.313646
1.593494 1.698562 1.812360 1.937131 2.073006 2.221404 2.383608 2.561039 2.756624 2.970466 3.207331 3.467841 3.755805 4.073703 4.426217 4.816165 5.248586 5.727093 6.255906 6.840464 7.484532 8.191470 8.964999 9.806419 10.716537 11.694948 12.739009 13.844541 15.006412 16.216644 17.466808 18.745667 20.041399 21.339457 22.622553 23.872667 25.068432 26.186800 27.204346 28.099028 28.854918 29.466043 29.935253 30.272470 30.487421 30.589563 30.585028 30.476803 30.265547 29.949041 29.522118 28.978003 28.307852 27.499653 26.541948 25.423929 24.137350 22.684427 21.083101 19.375469 17.628754
1.635885 1.744323 1.864527 1.994641 2.137913 2.293439 2.465002 2.653209 2.859958 3.088381 3.340525 3.619667 3.929076 4.272539 4.654260 5.078135 5.550663 6.076230 6.660916 7.309799 8.029314 8.823736 9.698129 10.655795 11.698051 12.825809 14.037846 15.330379 16.699594 18.137674 19.636593 21.186329 22.773952 24.384710 26.000004 27.598316 29.152573 30.629459 31.990345 33.193001 34.201527 35.001316 35.602089 36.026138 36.295975 36.428368 36.434448 36.319950 36.086182 35.730461 35.246441 34.624050 33.849789 32.906330 31.773554 30.429411 28.852169 27.029818 24.972496 22.734619 20.431465
1.676093 1.790860 1.915665 2.051836 2.201737 2.364964 2.545372 2.744230 2.963110 3.205102 3.473895 3.771695 4.103012 4.471587 4.883612 5.343375 5.857138 6.432187 7.074141 7.790961 8.589833 9.477226 10.459179 11.541100 12.726170 14.016709 15.412169 16.911793 18.511929 20.207113 21.991081 23.855337 25.789793 27.781271 29.813883 31.866613 33.911091 35.907173 37.796677 39.496201 40.911423 41.993706 42.773006 43.306721 43.642082 43.810188 43.829491 43.709122 43.452274 43.055370 42.510254 41.804123 40.917206 39.825150 38.496296 36.891602 34.967239 32.678020 30.000248 26.985441 23.840914
1.716559 1.835546 1.965748 2.107630 2.264012 2.435417 2.624790 2.833904 3.064416 3.321122 3.605551 3.922403 4.275917 4.670994 5.113099 5.609075 6.165139 6.789886 7.491551 8.278249 9.158873 10.142464 11.236888 12.448589 13.783921 15.245734 16.836067 18.556253 20.404642 22.378942 24.475004 26.688408 29.013762 31.443956 33.970348 36.581543 39.259373 41.973972 44.666088 47.203716 49.328388 50.847198 51.861698 52.526894 52.937252 53.145187 53.179394 53.054054 52.773418 52.334366 51.726208 50.932007 49.926926 48.676369 47.135597 45.244373 42.924137 40.074535 36.581856 32.413055 27.941193
1.755369 1.879293 2.013721 2.161999 2.324946 2.504725 2.702436 2.921681 3.164802 3.434454 3.735520 4.070741 4.446400 4.867426 5.340287 5.872095 6.470851 7.146185 7.907321 8.764421 9.728279 10.809482 12.017335 13.361231 14.848596 16.485485 18.275995 20.222136 22.326124 24.588051 27.007919 29.586294 32.322536 35.218861 38.277489 41.501198 44.893681 48.453392 52.153931 55.851986 59.018238 61.112316 62.399475 63.207451 63.697029 63.946918 63.997173 63.866978 63.562706 63.080505 62.408627 61.525135 60.399181 58.986710 57.227268 55.037457 52.298939 48.839268 44.409153 38.768559 32.493618
1.793307 1.920209 2.060512 2.215155 2.383717 2.571106 2.777540 3.006740 3.261415 3.544739 3.861566 4.215676 4.612752 5.059210 5.562198 6.129821 6.770950 7.496022 8.315787 9.242479 10.288540 11.465602 12.785680 14.260332 15.898116 17.707417 19.693834 21.862717 24.217777 26.762178 29.498770 32.432281 35.568378 38.915062 42.483917 46.289406 50.350063 54.681183 59.267620 63.926426 67.923347 70.507088 72.044907 72.989052 73.555496 73.846184 73.911919 73.776955 73.449310 72.924904 72.189545 71.217995 69.973045 68.401062 66.427231 63.945881 60.801842 56.760685 51.464993 44.546616 36.765972
1.829190 1.961111 2.105765 2.265324 2.441344 2.635370 2.850611 3.089300 3.355253 3.651936 3.983557 4.355926 4.774297 5.245590 5.777447 6.379851 7.061483 7.834836 8.711862 9.705550 10.830658 12.100432 13.528338 15.127771 16.909271 18.882399 21.055290 23.434258 26.024883 28.832018 31.861454 35.120033 38.616356 42.361961 46.371727 50.663700 55.257626 60.165142 65.353615 70.593414 75.067818 77.972794 79.705223 80.765610 81.400810 81.728607 81.808403 81.668144 81.317451 80.752220 79.955811 78.899918 77.541100 75.818466 73.644211 70.894844 67.388550 62.851902 56.880257 49.086456 40.345238
1.862462 1.998787 2.148201 2.313009 2.494843 2.696010 2.919386 3.168030 3.444261 3.753695 4.100129 4.489749 4.928307 5.423241 5.983726 6.618401 7.339540 8.158724 9.089807 10.147343 11.346620 12.703516 14.232420 15.948117 17.862972 19.987455 22.330927 24.900661 27.703630 30.745331 34.032806 37.572895 41.375786 45.452599 49.817142 54.485664 59.472408 64.779114 70.355614 75.946739 80.708267 83.824440 85.700249 86.853867 87.546715 87.906555 87.997780 87.851776 87.479103 86.875290 86.021530 84.886841 83.422852 81.562073 79.208168 76.224113 72.412270 67.480911 61.010838 52.627205 43.262100
1.894410 2.034655 2.188268 2.358341 2.546340 2.753559 2.984558 3.241469 3.528728 3.850077 4.210775 4.616495 5.074132 5.591622 6.178239 6.844284 7.601860 8.463810 9.445142 10.561971 11.829988 13.266665 14.888130 16.709286 18.744299 21.004133 23.499249 26.237165 29.225342 32.469337 35.975777 39.751472 43.804886 48.146095 52.786144 57.737194 63.007561 68.590736 74.425491 80.245110 85.195656 88.457367 90.439117 91.665520 92.405304 92.791359 92.891815 92.739792 92.346222 91.706070 90.799652 89.593208 88.034805 86.052086 83.541908 80.359581 76.298813 71.060432 64.224617 55.429623 45.637489
1.924554 2.067792 2.226259 2.399974 2.593318 2.807238 3.045608 3.311142 3.607626 3.940112 4.313805 4.734593 5.210361 5.748483 6.359696 7.054303 7.845646 8.747161 9.774638 10.944900 12.275394 13.783863 15.487623 17.402611 19.543436 21.922081 24.548674 27.431028 30.576374 33.990070 37.677608 41.645180 45.899250 50.447556 55.298912 60.460957 65.937828 71.717033 77.731781 83.709251 88.792007 92.158737 94.219574 95.502724 96.279785 96.687126 96.794098 96.635414 96.222267 95.549255 94.595612 93.325165 91.684196 89.595261 86.952637 83.606552 79.346527 73.871910 66.764977 57.673515 47.576958
1.952003 2.098759 2.259873 2.438998 2.636777 2.856937 3.101535 3.374854 3.680166 4.023283 4.408728 4.843818 5.335399 5.892994 6.526440 7.247614 8.069000 9.006160 10.074917 11.292959 12.678879 14.250841 16.026852 18.023630 20.255707 22.735670 25.473951 28.478212 31.754309 35.307690 39.142761 43.264324 47.677155 52.386719 57.399353 62.720074 68.349281 74.271500 80.416077 86.507599 91.686378 95.131096 97.252060 98.578941 99.385559 99.809204 99.920799 99.755562 99.324875 98.622215 97.626854 96.300888 94.588379 92.410126 89.657379 86.177849 81.760429 76.102722 68.792168 59.482082 49.161701
1.976403 2.126351 2.291522 2.473989 2.676751 2.901724 3.152382 3.432325 3.746330 4.098173 4.494810 4.942525 5.449045 6.024102 6.677408 7.421507 8.270376 9.238839 10.344207 11.604319 13.038287 14.665222 16.503326 18.569721 20.879431 23.444899 26.276197 29.380848 32.764420 36.431618 40.385429 44.629013 49.166183 54.001110 59.137505 64.578354 70.321762 76.350296 82.591003 88.767136 94.017868 97.521286 99.688164 101.049316 101.878777 102.314835 102.429520 102.257782 101.810997 101.083023 100.051476 98.678032 96.904961 94.651962 91.808968 88.222435 83.680374 77.882103 70.416878 60.942875 50.455307
1.998430 2.150901 2.318920 2.505229 2.712114 2.941636 3.197699 3.484276 3.804590 4.165020 4.571775 5.030442 5.549966 6.139987 6.810759 7.575576 8.448241 9.444063 10.580789 11.877163 13.352524 15.025917 16.916386 19.041393 21.415510 24.051670 26.959606 30.146223 33.616638 37.374680 41.422600 45.762905 50.397514 55.329227 60.560638 66.092941 71.922897 78.031357 84.344490 90.584305 95.889153 99.437576 101.640106 103.027313 103.874809 104.320442 104.436806 104.258980 103.798439 103.048218 101.986259 100.572571 98.749321 96.435066 93.518944 89.847542 85.208038 79.300980 71.717903 62.120125 51.506550
2.017919 2.172544 2.343632 2.532762 2.742855 2.976559 3.237200 3.528947 3.855960 4.223753 4.638096 5.106686 5.637503 6.240581 6.926920 7.708951 8.601520 9.620770 10.784202 12.110985 13.620626 15.332841 17.266607 19.439537 21.866541 24.560053 27.529648 30.782003 34.321789 38.151608 42.273846 46.689396 51.399490 56.405777 61.709801 67.311859 73.207527 79.376511 85.744286 92.032326 97.378525 100.961166 103.190865 104.598366 105.459541 105.912407 106.029297 105.846024 105.373962 104.605270 103.517822 102.070900 100.207161 97.843987 94.869179 91.130699 86.415176 80.425117 72.752068 63.060204 52.351559
2.033560 2.190112 2.363491 2.555356 2.768726 3.005875 3.270417 3.566663 3.899346 4.272633 4.694439 5.170889 5.711543 6.325092 7.023978 7.820555 8.730140 9.768397 10.953838 12.305163 13.843088 15.586696 17.555443 19.766701 22.235712 24.974796 27.993053 31.296825 34.890644 38.776550 42.956020 47.429279 52.197102 57.260334 62.619320 68.274101 74.219200 80.433624 86.842804 93.166901 98.544479 102.153107 104.403236 105.826584 106.697586 107.155754 107.273308 107.085060 106.602982 105.819649 104.711380 103.238182 101.341461 98.939690 95.919922 92.129181 87.355949 81.302238 73.561264 63.799210 53.019070
2.046447 2.204862 2.380065 2.574284 2.789552 3.029472 3.297538 3.597370 3.933797 4.312510 4.739510 5.223006 5.770909 6.393600 7.102304 7.910543 8.833255 9.886723 11.089111 12.460210 14.019832 15.787968 17.783964 20.025015 22.526369 25.300325 28.355698 31.698723 35.333488 39.261528 43.483757 48.000320 52.811310 57.916721 63.316631 69.010246 74.991661 81.239723 87.679199 94.030403 99.430901 103.058464 105.324142 106.758453 107.637413 108.099434 108.216888 108.024933 107.534706 106.739525 105.615273 104.121994 102.200851 99.768913 96.714745 92.884850 88.068443 81.967545 74.176819 64.362946 53.530472
2.056684 2.216318 2.392471 2.587863 2.805358 3.047534 3.317639 3.620418 3.960111 4.342404 4.773891 5.262156 5.815794 6.444729 7.161267 7.977895 8.910670 9.975368 11.190607 12.576242 14.151875 15.938243 17.953892 20.216547 22.741440 25.540741 28.622740 31.994247 35.658169 39.616440 43.869244 48.416687 53.258137 58.393196 63.822159 69.543236 75.550423 81.822281 88.282967 94.653023 100.069862 103.711044 105.987679 107.430206 108.314262 108.778893 108.896103 108.701141 108.205307 107.401375 106.265396 104.756790 102.817604 100.364212 97.285553 93.428230 88.580933 82.446877 74.621094 64.770821 53.901112
2.062974 2.223432 2.400474 2.597399 2.815813 3.059441 3.331321 3.635885 3.977472 4.362609 4.796827 5.288142 5.846067 6.479202 7.200652 8.023246 8.962303 10.034651 11.258525 12.653256 14.239849 16.037672 18.066294 20.343340 22.883503 25.698929 28.798548 32.188259 35.871052 39.848743 44.121403 48.688469 53.549671 58.703911 64.151215 69.889633 75.913376 82.200218 88.674622 95.056854 100.483894 104.133987 106.417252 107.865120 108.752693 109.218567 109.335762 109.138832 108.639214 107.829567 106.685860 105.168022 103.216705 100.749634 97.655075 93.779610 88.912582 82.756973 74.908875 65.034744 54.142292
2.066513 2.227225 2.404922 2.602219 2.821262 3.065432 3.338154 3.643386 3.986495 4.372562 4.808403 5.301554 5.860715 6.496328 7.220382 8.046026 8.988234 10.064195 11.292185 12.692075 14.283521 16.087120 18.122303 20.406137 22.954159 25.777582 28.885782 32.284412 35.976635 39.963787 44.246025 48.822662 53.693344 58.857117 64.313271 70.060349 76.092003 82.386230 88.867111 95.255180 100.687653 104.342010 106.628357 108.078720 108.967972 109.434601 109.551727 109.353882 108.852249 108.039612 106.892212 105.369621 103.412399 100.938423 97.836060 93.951942 89.075569 82.909882 75.050438 65.165154 54.261215
2.066696 2.226999 2.405461 2.602283 2.821260 3.065542 3.338141 3.643768 3.986449 4.372724 4.808276 5.301432 5.860807 6.496746 7.220442 8.045675 8.988201 10.064087 11.292240 12.691946 14.283594 16.087130 18.122248 20.406172 22.954018 25.777651 28.885809 32.284523 35.976604 39.963779 44.246044 48.822762 53.693295 58.856937 64.313255 70.060379 76.092079 82.386307 88.867142 95.255226 100.687546 104.341682 106.628166 108.078621 108.967789 109.434807 109.551620 109.353928 108.852341 108.039719 106.892326 105.369644 103.412498 100.938553 97.835854 93.952057 89.075493 82.909836 75.050446 65.165390 54.261257
2.063417 2.223507 2.401015 2.597605 2.815808 3.059588 3.331020 3.636098 3.977821 4.362270 4.796909 5.288505 5.845742 6.479363 7.200649 8.023561 8.962180 10.034657 11.258361 12.653623 14.239627 16.037647 18.066221 20.343151 22.883469 25.699038 28.798681 32.188118 35.871147 39.848824 44.121525 48.688526 53.549500 58.703861 64.151138 69.889687 75.913353 82.200249 88.674629 95.056793 100.483932 104.133881 106.417274 107.865120 108.752747 109.218605 109.335930 109.138664 108.639076 107.829636 106.685921 105.168137 103.216705 100.749359 97.654976 93.779442 88.912468 82.757355 74.908699 65.034904 54.141987
2.056529 2.216174 2.392610 2.587820 2.805383 3.047194 3.317440 3.620077 3.959992 4.342455 4.774021 5.262185 5.815777 6.444808 7.161189 7.978120 8.910543 9.975328 11.190804 12.576262 14.152182 15.938107 17.953751 20.216558 22.741411 25.540604 28.622677 31.994123 35.658119 39.616425 43.869217 48.416599 53.258263 58.393318 63.822350 69.543236 75.550385 81.822197 88.282990 94.653107 100.069901 103.711098 105.987762 107.430328 108.314384 108.778786 108.896118 108.701096 108.205208 107.401459 106.265411 104.756920 102.817719 100.364182 97.285728 93.428276 88.580933 82.447006 74.621048 64.770508 53.901123
2.046443 2.205019 2.379962 2.574040 2.789539 3.029559 3.297226 3.596880 3.933826 4.312301 4.739736 5.222974 5.770966 6.393473 7.102500 7.910451 8.832996 9.886526 11.089441 12.460347 14.019958 15.788066 17.783865 20.025026 22.526457 25.300356 28.355749 31.698957 35.333538 39.261543 43.483658 48.000454 52.811245 57.916573 63.316547 69.010246 74.991791 81.239616 87.679245 94.030327 99.430870 103.058540 105.324249 106.758232 107.637596 108.099525 108.216843 108.025101 107.534698 106.739655 105.615410 104.122269 102.200760 99.768700 96.714561 92.884865 88.068726 81.967552 74.176849 64.363144 53.530552
