T0-Fulltest/rect/gravity_21.grd
DSAA
         130         130
      -50.000000       50.000000
      -50.000000       50.000000
   -1.018114E-02      103.132324
[rows 48 to 71 of 130, columns 56 to 111 of 130]
3.543086 3.777943 4.013415 4.241583 4.459065 4.659658 4.836435 4.986042 5.100615 5.180133 5.219563 5.216089 5.168961 5.079648 4.949477 4.782353 4.578967 4.345695 4.085238 3.809416 3.520858 3.228280 2.939962 2.660845 2.397421 2.156110 1.931621 1.729195 1.550830 1.386215 1.250338 1.125052 1.013129 9.191448E-01 8.348513E-01 7.560189E-01 6.879140E-01 6.273192E-01 5.674686E-01 5.252212E-01 4.904204E-01 4.534439E-01 4.014716E-01 3.747030E-01 3.513159E-01 3.293126E-01 2.991139E-01 2.873766E-01 2.654673E-01 2.479213E-01 2.268199E-01 2.159764E-01 2.010811E-01 1.974710E-01 1.753562E-01 1.664121E-01
4.120302 4.423405 4.725350 5.024722 5.311826 5.579259 5.819602 6.023438 6.185331 6.296988 6.357098 6.361306 6.309807 6.199707 6.037931 5.824559 5.563091 5.260218 4.926909 4.562299 4.186213 3.807113 3.432631 3.075720 2.742093 2.436079 2.161569 1.918191 1.705005 1.516322 1.349494 1.210207 1.083564 9.698226E-01 8.798938E-01 7.923722E-01 7.217150E-01 6.587771E-01 5.987441E-01 5.467673E-01 4.995742E-01 4.643398E-01 4.223391E-01 3.929421E-01 3.609899E-01 3.415170E-01 3.105726E-01 2.866599E-01 2.733501E-01 2.430680E-01 2.396927E-01 2.120728E-01 2.166931E-01 1.979633E-01 1.874413E-01 1.720313E-01
4.818890 5.208902 5.606063 6.001464 6.387024 6.750379 7.079332 7.362379 7.591080 7.755578 7.848559 7.866121 7.809627 7.676520 7.469002 7.196417 6.857147 6.463526 6.020661 5.542702 5.041605 4.537087 4.045379 3.579815 3.148092 2.763931 2.426725 2.128573 1.872001 1.648877 1.461105 1.296199 1.154829 1.036807 9.333239E-01 8.380274E-01 7.595298E-01 6.927023E-01 6.228513E-01 5.693412E-01 5.211518E-01 4.768284E-01 4.403788E-01 4.038393E-01 3.720741E-01 3.414946E-01 3.143457E-01 2.947542E-01 2.804058E-01 2.581547E-01 2.430054E-01 2.230898E-01 2.089304E-01 2.001788E-01 1.771488E-01 1.831165E-01
5.671161 6.178482 6.702540 7.233706 7.756571 8.255642 8.714299 9.115821 9.444670 9.687230 9.832865 9.877728 9.818630 9.656279 9.395323 9.040190 8.594377 8.073113 7.478139 6.836446 6.158323 5.477080 4.814613 4.195865 3.636624 3.147461 2.721625 2.361162 2.052790 1.794484 1.574301 1.381820 1.229880 1.094055 9.803802E-01 8.802794E-01 7.914825E-01 7.134277E-01 6.472340E-01 5.932758E-01 5.409986E-01 4.981761E-01 4.586669E-01 4.133978E-01 3.861115E-01 3.461668E-01 3.258128E-01 3.046297E-01 2.853450E-01 2.595214E-01 2.524074E-01 2.218027E-01 2.261787E-01 2.037967E-01 1.947597E-01 1.867796E-01
6.711061 7.378729 8.077281 8.795539 9.515082 10.212661 10.863816 11.442847 11.926454 12.293145 12.526530 12.617431 12.565330 12.369427 12.034555 11.569312 10.982559 10.280750 9.476271 8.593293 7.657928 6.710822 5.796626 4.956723 4.215823 3.582023 3.052123 2.610851 2.245766 1.941407 1.690767 1.480288 1.308602 1.155799 1.025969 9.227223E-01 8.288037E-01 7.431430E-01 6.826757E-01 6.133377E-01 5.601210E-01 5.049778E-01 4.697134E-01 4.385437E-01 3.954621E-01 3.626153E-01 3.393565E-01 3.219575E-01 2.931659E-01 2.611334E-01 2.532692E-01 2.547566E-01 2.134770E-01 2.122464E-01 1.925807E-01 1.871846E-01
7.987153 8.867860 9.806433 10.788278 11.788301 12.777163 13.717331 14.572668 15.302665 15.872096 16.257645 16.435228 16.402702 16.168688 15.742456 15.130754 14.348253 13.396718 12.291608 11.050263 9.715396 8.363381 7.063706 5.896805 4.894751 4.072678 3.409799 2.869053 2.442177 2.094775 1.809775 1.574033 1.373870 1.216168 1.069861 9.568897E-01 8.626341E-01 7.764379E-01 6.998390E-01 6.274362E-01 5.674124E-01 5.306611E-01 4.797280E-01 4.345557E-01 3.982492E-01 3.715982E-01 3.418652E-01 3.151533E-01 3.057110E-01 2.751597E-01 2.550396E-01 2.473963E-01 2.277977E-01 2.177293E-01 1.877951E-01 1.600511E-01
9.551028 10.715424 11.979998 13.327265 14.728839 16.143507 17.523939 18.813524 19.953323 20.879545 21.537144 21.885981 21.915127 21.643070 21.091982 20.286018 19.230938 17.930025 16.386539 14.613029 12.661781 10.645655 8.721346 7.048726 5.684361 4.618535 3.789175 3.144503 2.644461 2.240153 1.920215 1.655991 1.448753 1.269169 1.115551 9.921890E-01 8.972352E-01 7.906939E-01 7.201723E-01 6.479343E-01 5.901238E-01 5.410795E-01 4.821310E-01 4.370424E-01 4.168461E-01 3.841149E-01 3.465748E-01 3.233414E-01 3.087336E-01 2.793970E-01 2.719555E-01 2.392175E-01 2.196728E-01 2.186338E-01 1.950950E-01 1.847241E-01
11.459583 12.996523 14.694456 16.537888 18.497274 20.526169 22.566534 24.547361 26.382383 27.968317 29.184097 29.912346 30.097445 29.791521 29.078693 28.006186 26.580950 24.792168 22.612839 20.034636 17.081198 13.916818 10.897461 8.415444 6.546212 5.172459 4.165007 3.401179 2.833339 2.378628 2.029204 1.740387 1.509964 1.318325 1.161479 1.032220 9.119509E-01 8.228378E-01 7.338936E-01 6.597638E-01 5.981848E-01 5.358893E-01 5.042698E-01 4.536597E-01 4.262035E-01 3.807567E-01 3.469147E-01 3.366026E-01 3.073690E-01 2.848510E-01 2.393095E-01 2.546220E-01 2.231619E-01 2.174054E-01 1.981994E-01 1.967712E-01
13.775055 15.783246 18.036217 20.525713 23.224661 26.093107 29.076757 32.107750 35.100967 37.932991 40.411213 42.173729 42.796959 42.471897 41.533920 40.097282 38.167908 35.702557 32.619480 28.816742 24.212551 18.880268 13.677540 9.893929 7.394572 5.694813 4.507860 3.645231 2.996014 2.502764 2.117990 1.810990 1.565760 1.366046 1.198106 1.058924 9.400766E-01 8.311566E-01 7.533808E-01 6.788730E-01 6.177425E-01 5.576982E-01 5.094244E-01 4.689041E-01 4.265626E-01 4.006458E-01 3.612567E-01 3.409357E-01 3.008920E-01 2.926754E-01 2.702420E-01 2.460279E-01 2.239846E-01 2.106512E-01 1.852741E-01 1.745499E-01
16.553728 19.137630 22.068804 25.347250 28.959156 32.879303 37.078087 41.524208 46.190052 51.031918 55.918362 60.125431 61.656181 61.237667 59.961346 58.025646 55.412743 52.016125 47.653191 42.046619 34.787281 25.533163 16.407007 11.122898 8.068584 6.110475 4.777733 3.829466 3.129988 2.607476 2.196527 1.869107 1.609138 1.399413 1.225755 1.083528 9.613750E-01 8.546130E-01 7.727681E-01 6.872106E-01 6.178311E-01 5.627559E-01 5.235262E-01 4.838327E-01 4.373592E-01 3.999860E-01 3.578772E-01 3.347654E-01 3.194781E-01 2.779272E-01 2.760140E-01 2.612605E-01 2.453421E-01 2.162056E-01 2.149353E-01 1.842704E-01
19.847475 23.104988 26.817772 30.997919 35.642941 40.748459 46.316360 52.360420 58.901661 65.904457 72.710861 76.824127 77.653191 76.829704 75.044342 72.417931 68.880394 64.215607 58.064266 49.846687 38.784973 26.202242 16.991772 11.626848 8.417560 6.355991 4.952096 3.956556 3.226036 2.675286 2.244391 1.911698 1.642067 1.429991 1.244866 1.100393 9.736936E-01 8.716429E-01 7.794221E-01 6.961522E-01 6.302669E-01 5.750617E-01 5.159730E-01 4.846259E-01 4.425221E-01 3.768651E-01 3.741526E-01 3.436477E-01 3.197736E-01 2.953715E-01 2.787117E-01 2.572637E-01 2.377066E-01 2.490585E-01 2.250194E-01 1.962719E-01
23.700386 27.713539 32.284985 37.433060 43.165901 49.494965 56.441406 64.029762 72.215103 80.299667 85.661888 87.510536 87.302711 85.820961 83.316902 79.765549 74.969658 68.550766 59.866943 48.059818 34.241528 23.278820 16.049103 11.416582 8.410256 6.400702 5.008873 4.011517 3.269446 2.713104 2.283835 1.935669 1.666695 1.449349 1.270725 1.120160 9.769942E-01 8.868967E-01 7.777770E-01 7.018465E-01 6.275455E-01 5.821025E-01 5.232169E-01 4.676418E-01 4.456553E-01 4.028489E-01 3.595494E-01 3.475484E-01 3.195749E-01 3.081736E-01 2.618926E-01 2.550799E-01 2.304649E-01 2.093445E-01 2.167451E-01 1.920383E-01
28.148277 32.978954 38.458370 44.604321 51.433189 58.962826 67.211090 76.112946 84.948280 91.045265 93.548836 93.858925 92.729233 90.424995 86.957909 82.145966 75.620049 66.724228 54.552502 40.208797 28.480873 20.289179 14.658876 10.798258 8.143503 6.287182 4.958538 3.994997 3.269472 2.718236 2.292396 1.952659 1.676575 1.447568 1.266635 1.123491 9.977240E-01 8.874190E-01 8.041253E-01 7.076566E-01 6.379720E-01 5.831563E-01 5.351095E-01 4.876503E-01 4.412213E-01 3.910374E-01 3.754713E-01 3.487816E-01 3.229551E-01 2.914320E-01 2.907655E-01 2.622344E-01 2.355881E-01 2.321124E-01 2.289604E-01 2.104964E-01
33.214489 38.910496 45.327087 52.482578 60.395626 69.075851 78.449326 87.766472 94.352676 97.314240 98.021637 97.208229 95.128105 91.800964 87.053696 80.516815 71.535530 59.203705 44.590115 32.503578 23.835077 17.636557 13.191878 10.006035 7.709862 6.053413 4.831101 3.925471 3.235403 2.693987 2.278677 1.944079 1.677397 1.450357 1.274637 1.115745 1.001623 8.897513E-01 7.925507E-01 7.154457E-01 6.444938E-01 5.800375E-01 5.320292E-01 4.889233E-01 4.361427E-01 4.011357E-01 3.871915E-01 3.417787E-01 3.207582E-01 2.983528E-01 2.730475E-01 2.670718E-01 2.443322E-01 2.157748E-01 1.832208E-01 1.992056E-01
38.911652 45.507969 52.882286 61.054264 70.029404 79.725258 89.397789 96.324280 99.620300 100.639320 100.094452 98.232811 95.064842 90.422440 83.935387 74.950920 62.559444 47.843018 35.562397 26.648350 20.141153 15.343312 11.796082 9.161586 7.207084 5.747453 4.641942 3.807030 3.155963 2.648302 2.245170 1.927320 1.654447 1.447177 1.261689 1.116946 9.970092E-01 8.816997E-01 8.019683E-01 7.101725E-01 6.389419E-01 5.825167E-01 5.236333E-01 4.953453E-01 4.439838E-01 4.043008E-01 3.680246E-01 3.346903E-01 3.137037E-01 2.948963E-01 2.764926E-01 2.671806E-01 2.542636E-01 2.164021E-01 2.160004E-01 1.840233E-01
45.235977 52.761200 61.114300 70.300468 80.234383 90.148270 97.353523 100.918243 102.191704 101.881599 100.225098 97.222473 92.705101 86.303207 77.365677 64.976341 50.210987 37.864491 28.829123 22.160999 17.162165 13.387809 10.522454 8.341002 6.680309 5.399021 4.417092 3.650535 3.056880 2.581810 2.206299 1.892158 1.644588 1.426449 1.258753 1.107284 9.924482E-01 8.879474E-01 7.851537E-01 7.061603E-01 6.401286E-01 5.830359E-01 5.507845E-01 4.625368E-01 4.485768E-01 4.146874E-01 3.771513E-01 3.607692E-01 3.228035E-01 2.955559E-01 2.474042E-01 2.582782E-01 2.454463E-01 2.196569E-01 1.920349E-01 1.802301E-01
52.163143 60.646496 69.991043 80.107536 90.242737 97.653687 101.445396 102.945961 102.849167 101.390091 98.561134 94.189095 87.899078 79.038063 66.701828 51.958454 39.583981 30.495104 23.745892 18.637920 14.731390 11.716332 9.381433 7.565716 6.146873 5.045678 4.175552 3.489980 2.940926 2.500377 2.137184 1.852382 1.606908 1.401063 1.237666 1.103530 9.687923E-01 8.708042E-01 7.967678E-01 7.174171E-01 6.321750E-01 5.887848E-01 5.174341E-01 4.787733E-01 4.289929E-01 3.977357E-01 3.751457E-01 3.355679E-01 3.130006E-01 3.107047E-01 2.642674E-01 2.689646E-01 2.439790E-01 2.226209E-01 1.807812E-01 1.919104E-01
59.642284 69.106903 79.372101 89.664803 97.287621 101.291138 103.009254 103.132324 101.878761 99.239540 95.029594 88.876122 80.127571 67.859444 53.163757 40.825359 31.734270 24.961140 19.802814 15.829433 12.723577 10.287339 8.370613 6.852422 5.651465 4.685308 3.921087 3.311234 2.811132 2.398726 2.069126 1.797780 1.575777 1.367520 1.211350 1.078168 9.602445E-01 8.483170E-01 7.636248E-01 6.959098E-01 6.309805E-01 5.832998E-01 5.259695E-01 4.779769E-01 4.417833E-01 4.152201E-01 3.647112E-01 3.700216E-01 3.055071E-01 3.192976E-01 2.648289E-01 2.409435E-01 2.693703E-01 2.270406E-01 2.082688E-01 2.087628E-01
67.575264 77.957855 88.416580 96.206497 100.421806 102.371300 102.733849 101.719368 99.304214 95.297485 89.318718 80.711700 68.571854 53.960075 41.673706 32.618256 25.855474 20.693777 16.687649 13.541809 11.053286 9.065917 7.479206 6.203271 5.177761 4.344942 3.672960 3.114168 2.665212 2.298095 1.994489 1.731767 1.505493 1.339727 1.188636 1.045473 9.474947E-01 8.397646E-01 7.721661E-01 6.941737E-01 6.362549E-01 5.708049E-01 5.218990E-01 4.795269E-01 4.381278E-01 3.978985E-01 3.806883E-01 3.486247E-01 3.441979E-01 2.922502E-01 2.657739E-01 2.466389E-01 2.393374E-01 2.374779E-01 2.184749E-01 1.848248E-01
75.709709 86.281601 94.253883 98.678474 100.881004 101.527107 100.810242 98.692276 94.961456 89.224426 80.820480 68.830994 54.361214 42.170708 33.187077 26.471184 21.332928 17.335321 14.182218 11.667420 9.650479 8.019146 6.693290 5.613527 4.733623 4.019468 3.419016 2.930928 2.524480 2.179673 1.903615 1.668827 1.475891 1.292993 1.155402 1.020577 9.229103E-01 8.300273E-01 7.335166E-01 6.691155E-01 6.154112E-01 5.655019E-01 5.153454E-01 4.567513E-01 4.206171E-01 3.775366E-01 3.671529E-01 3.147869E-01 3.119946E-01 3.012787E-01 2.536311E-01 2.500351E-01 2.267758E-01 2.195565E-01 2.184473E-01 1.813976E-01
83.025887 91.128601 95.756065 98.223686 99.199997 98.867790 97.161041 93.836174 88.467880 80.378189 68.653343 54.367897 42.330570 33.460571 26.826511 21.743647 17.778900 14.644709 12.136967 10.107051 8.455526 7.114155 6.005640 5.086145 4.328277 3.705626 3.189377 2.747678 2.384909 2.081517 1.821166 1.592906 1.409964 1.259685 1.116475 1.003808 9.093458E-01 8.116593E-01 7.286042E-01 6.717457E-01 6.113899E-01 5.366727E-01 4.888994E-01 4.657666E-01 4.456480E-01 4.098507E-01 3.375256E-01 3.329872E-01 2.945390E-01 2.914715E-01 2.621977E-01 2.420060E-01 2.195787E-01 2.436952E-01 2.197413E-01 2.108645E-01
86.372604 91.162598 93.879456 95.203430 95.332054 94.189072 91.486198 86.728050 79.167038 67.857033 53.910275 42.114010 33.420673 26.917303 21.931658 18.032843 14.938819 12.458388 10.447690 8.800353 7.445436 6.326700 5.386022 4.612237 3.962671 3.412812 2.958904 2.571983 2.241152 1.963955 1.733855 1.532424 1.354535 1.206563 1.084824 9.716754E-01 8.732758E-01 7.901929E-01 7.150644E-01 6.458826E-01 5.940930E-01 5.377429E-01 5.027536E-01 4.320900E-01 3.979381E-01 4.108189E-01 3.593616E-01 3.197646E-01 2.958359E-01 2.726885E-01 2.493929E-01 2.444370E-01 2.184300E-01 1.817557E-01 2.021696E-01 1.676545E-01
84.110924 87.018463 88.655167 89.248764 88.771751 86.955444 83.224098 76.654396 66.152908 52.777676 41.406780 33.009209 26.714249 21.877115 18.087202 15.068082 12.641119 10.660963 9.036696 7.694282 6.573345 5.634072 4.845453 4.181449 3.621341 3.148564 2.746891 2.404038 2.099934 1.856517 1.643867 1.455899 1.307815 1.157553 1.035590 9.378582E-01 8.571017E-01 7.649611E-01 7.022319E-01 6.358180E-01 5.805754E-01 5.266504E-01 4.799037E-01 4.472256E-01 4.103962E-01 3.815434E-01 3.536714E-01 3.213517E-01 2.918342E-01 2.765066E-01 2.534404E-01 2.349222E-01 2.373943E-01 1.966378E-01 1.948788E-01 1.940853E-01
76.254684 78.111130 79.082504 79.211655 78.352814 76.081505 71.409462 62.675385 50.557987 39.974094 32.095650 26.145971 21.548824 17.920185 15.023114 12.674123 10.754883 9.167693 7.848176 6.742273 5.823669 5.032146 4.359179 3.801666 3.319177 2.900892 2.538932 2.234507 1.979441 1.752198 1.555893 1.387482 1.242964 1.110357 1.010648 9.017912E-01 8.115027E-01 7.500435E-01 6.647536E-01 6.050776E-01 5.574637E-01 5.232927E-01 4.617822E-01 4.445900E-01 3.732952E-01 3.784600E-01 3.672513E-01 3.188276E-01 2.729506E-01 2.705059E-01 2.447418E-01 2.384270E-01 2.173759E-01 2.382431E-01 1.774740E-01 1.772457E-01
