T0-Fulltest/rect/gravity_1.grd
DSAA
         130         130
      -50.000000       50.000000
      -50.000000       50.000000
    2.507494E-02      109.392685
[rows 0 to 24 of 130, columns 0 to 54 of 130]
3.176262E-02 2.978817E-02 3.148147E-02 3.128487E-02 3.391905E-02 3.354095E-02 3.364243E-02 3.621270E-02 3.621042E-02 3.646468E-02 3.824896E-02 3.998751E-02 3.986851E-02 3.967262E-02 4.016495E-02 4.127692E-02 4.381328E-02 4.345268E-02 4.617524E-02 4.691434E-02 4.525902E-02 4.661310E-02 5.056232E-02 4.925932E-02 5.041642E-02 5.247742E-02 5.526951E-02 5.518626E-02 5.640066E-02 5.495916E-02 5.947730E-02 5.900411E-02 6.045015E-02 6.093050E-02 6.483285E-02 6.402597E-02 6.525191E-02 6.573150E-02 6.639490E-02 6.837352E-02 6.790451E-02 6.908873E-02 7.035397E-02 7.068013E-02 7.289499E-02 7.314792E-02 7.279730E-02 7.478235E-02 7.546381E-02 7.646143E-02 7.613974E-02 7.857992E-02 7.716296E-02 7.851867E-02 7.845777E-02
2.954327E-02 3.315285E-02 3.437669E-02 3.392750E-02 3.095905E-02 3.600831E-02 3.606640E-02 3.524405E-02 3.658097E-02 3.965449E-02 3.975787E-02 3.841327E-02 4.137469E-02 4.339841E-02 4.293851E-02 4.359892E-02 4.614546E-02 4.488944E-02 4.533766E-02 4.794490E-02 5.114805E-02 4.736711E-02 5.399755E-02 5.367230E-02 5.356073E-02 5.281503E-02 5.444930E-02 5.627206E-02 5.752395E-02 5.948148E-02 6.184840E-02 6.102513E-02 6.219851E-02 6.323615E-02 6.503176E-02 6.499996E-02 6.654438E-02 6.928288E-02 7.024267E-02 6.900165E-02 7.053845E-02 7.030009E-02 7.373441E-02 7.410776E-02 7.511066E-02 7.740478E-02 7.547759E-02 7.658254E-02 7.739185E-02 7.938486E-02 7.976601E-02 8.165121E-02 8.134791E-02 8.152658E-02 8.135775E-02
3.111756E-02 3.274569E-02 3.543681E-02 3.391213E-02 3.542665E-02 3.634906E-02 3.563830E-02 3.763916E-02 3.814171E-02 3.970478E-02 3.956507E-02 4.113098E-02 3.950687E-02 4.285941E-02 4.427114E-02 4.776164E-02 4.684327E-02 4.663399E-02 4.739781E-02 5.084331E-02 5.158823E-02 5.212643E-02 5.286918E-02 5.524825E-02 5.541352E-02 5.566736E-02 5.651646E-02 5.784990E-02 5.926840E-02 6.231999E-02 6.238238E-02 6.254660E-02 6.618902E-02 6.692129E-02 6.778635E-02 6.759387E-02 6.957385E-02 7.089043E-02 7.151257E-02 7.250206E-02 7.579537E-02 7.632058E-02 7.620227E-02 7.690794E-02 7.805663E-02 8.000265E-02 8.099532E-02 8.052338E-02 8.187074E-02 8.259354E-02 8.326171E-02 8.479618E-02 8.408602E-02 8.605614E-02 8.539369E-02
3.126190E-02 3.400800E-02 3.612671E-02 3.687625E-02 3.800665E-02 3.739049E-02 3.848075E-02 4.088619E-02 3.476024E-02 4.118884E-02 4.008258E-02 4.151566E-02 4.319973E-02 4.273225E-02 4.554625E-02 4.511841E-02 4.794249E-02 4.987821E-02 4.760904E-02 4.899654E-02 5.316886E-02 5.293002E-02 5.511660E-02 5.581723E-02 5.766020E-02 5.819920E-02 5.831536E-02 6.110638E-02 6.692335E-02 6.414392E-02 6.480940E-02 6.800323E-02 6.762896E-02 6.775147E-02 7.105668E-02 7.200817E-02 7.314312E-02 7.594308E-02 7.661259E-02 7.688711E-02 7.640828E-02 7.777774E-02 7.954454E-02 8.035683E-02 8.244645E-02 8.234234E-02 8.255721E-02 8.427257E-02 8.655896E-02 8.756134E-02 8.794453E-02 8.904008E-02 9.000549E-02 9.016499E-02 9.065207E-02
3.476061E-02 3.216136E-02 3.642043E-02 3.579593E-02 3.534067E-02 3.884431E-02 3.890155E-02 3.830908E-02 4.305625E-02 4.208032E-02 4.421889E-02 4.530144E-02 4.595705E-02 4.467947E-02 4.967239E-02 4.987663E-02 5.071655E-02 5.243093E-02 5.157402E-02 5.394356E-02 5.400888E-02 5.656291E-02 5.745445E-02 6.023679E-02 5.891324E-02 5.747530E-02 6.265339E-02 6.655582E-02 6.563311E-02 6.720348E-02 6.665030E-02 6.897681E-02 7.034370E-02 7.201244E-02 7.309571E-02 7.411715E-02 7.759484E-02 7.632074E-02 7.964661E-02 8.052000E-02 8.204982E-02 8.278394E-02 8.338175E-02 8.450828E-02 8.618347E-02 8.667941E-02 8.919777E-02 8.907449E-02 8.995531E-02 9.101962E-02 9.264670E-02 9.408534E-02 9.387226E-02 9.386377E-02 9.537932E-02
3.540858E-02 3.565115E-02 3.641409E-02 3.832724E-02 3.829027E-02 3.950077E-02 3.929557E-02 4.031968E-02 4.274325E-02 4.328438E-02 4.515044E-02 4.365980E-02 4.575134E-02 4.735117E-02 4.637124E-02 4.933711E-02 5.122095E-02 5.238378E-02 5.384606E-02 5.661127E-02 5.576952E-02 5.837904E-02 6.006842E-02 6.068569E-02 6.233612E-02 6.180179E-02 6.522071E-02 6.667806E-02 6.726330E-02 6.856371E-02 7.119319E-02 7.219177E-02 7.292945E-02 7.201879E-02 7.459255E-02 7.676120E-02 7.726024E-02 8.104438E-02 8.139394E-02 8.364185E-02 8.541818E-02 8.701754E-02 8.810823E-02 8.923878E-02 9.094368E-02 9.088697E-02 9.262270E-02 9.278322E-02 9.383409E-02 9.556784E-02 9.725937E-02 9.868668E-02 9.796014E-02 9.832746E-02 1.003972E-01
3.381528E-02 3.693609E-02 3.725468E-02 3.873964E-02 3.873340E-02 3.815383E-02 3.953368E-02 3.934089E-02 4.409416E-02 4.373924E-02 4.503796E-02 4.521520E-02 4.791030E-02 4.876438E-02 5.060787E-02 5.226034E-02 5.308652E-02 5.469984E-02 5.612634E-02 5.794995E-02 5.778994E-02 5.990271E-02 6.201084E-02 6.346236E-02 6.319540E-02 6.693678E-02 6.541581E-02 6.875391E-02 6.997371E-02 7.019435E-02 7.361660E-02 7.463854E-02 7.606226E-02 7.899978E-02 7.891471E-02 8.208029E-02 8.255441E-02 8.338301E-02 8.614703E-02 8.991429E-02 8.993822E-02 9.075610E-02 9.172969E-02 9.459697E-02 9.571934E-02 9.497695E-02 9.865414E-02 9.887728E-02 1.007509E-01 1.011697E-01 1.017704E-01 1.024715E-01 1.036495E-01 1.041866E-01 1.043455E-01
3.433210E-02 3.689381E-02 4.034673E-02 4.030570E-02 4.134431E-02 3.980516E-02 4.331437E-02 4.361749E-02 4.598183E-02 4.478310E-02 4.568501E-02 4.448339E-02 4.871854E-02 5.055254E-02 5.081967E-02 5.365364E-02 5.683624E-02 5.652407E-02 5.887054E-02 5.941983E-02 6.161238E-02 6.253195E-02 6.457314E-02 6.415867E-02 6.818239E-02 6.940338E-02 6.846742E-02 7.114089E-02 7.417756E-02 7.402970E-02 7.657702E-02 7.805547E-02 7.987754E-02 8.162725E-02 8.422229E-02 8.451404E-02 8.653596E-02 8.784408E-02 8.925121E-02 8.926161E-02 9.434312E-02 9.433104E-02 9.659140E-02 9.727626E-02 9.842663E-02 1.007492E-01 1.016134E-01 1.044990E-01 1.045883E-01 1.055689E-01 1.054025E-01 1.074241E-01 1.090994E-01 1.085661E-01 1.111858E-01
3.792440E-02 3.707355E-02 3.847768E-02 4.027488E-02 4.040814E-02 4.218840E-02 4.553650E-02 4.319856E-02 4.616404E-02 4.621770E-02 4.586134E-02 5.115323E-02 4.945107E-02 5.226040E-02 5.336430E-02 5.387970E-02 5.525924E-02 5.805004E-02 6.061032E-02 6.390851E-02 6.333636E-02 6.303397E-02 6.567220E-02 6.730088E-02 6.918060E-02 7.329034E-02 7.192213E-02 7.558513E-02 7.669108E-02 7.648705E-02 7.980939E-02 8.128653E-02 8.458877E-02 8.661590E-02 8.801647E-02 8.969271E-02 9.010731E-02 9.273075E-02 9.366015E-02 9.745337E-02 9.647986E-02 1.001889E-01 9.989271E-02 1.040681E-01 1.030350E-01 1.060996E-01 1.082940E-01 1.083546E-01 1.106970E-01 1.110039E-01 1.118704E-01 1.139677E-01 1.151233E-01 1.158308E-01 1.166618E-01
3.645660E-02 3.397816E-02 4.015489E-02 3.982428E-02 4.321719E-02 4.497165E-02 4.273925E-02 4.685614E-02 4.615754E-02 4.825989E-02 5.121934E-02 4.959778E-02 5.105763E-02 5.503031E-02 5.633517E-02 5.777046E-02 5.812735E-02 6.017285E-02 6.014600E-02 6.384374E-02 6.444238E-02 6.698204E-02 6.779379E-02 6.925181E-02 7.094048E-02 7.314711E-02 7.453708E-02 7.820170E-02 7.967564E-02 8.279624E-02 8.190084E-02 8.518139E-02 8.453794E-02 9.035706E-02 9.212340E-02 9.390560E-02 9.529173E-02 9.758242E-02 9.872125E-02 1.003936E-01 1.011928E-01 1.046449E-01 1.079151E-01 1.075990E-01 1.103906E-01 1.124871E-01 1.132619E-01 1.147583E-01 1.158802E-01 1.162466E-01 1.188720E-01 1.198735E-01 1.197275E-01 1.217010E-01 1.235817E-01
3.741441E-02 3.954230E-02 3.732534E-02 4.282786E-02 4.437139E-02 4.589833E-02 4.596785E-02 4.603156E-02 4.872773E-02 5.193921E-02 5.142726E-02 5.175810E-02 5.513784E-02 5.427630E-02 5.807865E-02 5.803205E-02 5.858793E-02 5.903380E-02 6.336922E-02 6.195412E-02 6.675809E-02 7.031626E-02 7.059097E-02 7.327350E-02 7.274625E-02 7.761996E-02 7.728308E-02 8.089703E-02 8.073291E-02 8.345637E-02 8.634225E-02 8.888940E-02 8.933718E-02 9.259717E-02 9.598390E-02 9.792872E-02 9.944998E-02 1.007936E-01 1.025264E-01 1.050311E-01 1.086864E-01 1.093005E-01 1.113303E-01 1.127455E-01 1.149156E-01 1.174070E-01 1.198134E-01 1.199126E-01 1.224258E-01 1.245177E-01 1.255641E-01 1.261598E-01 1.285365E-01 1.281620E-01 1.296169E-01
3.899378E-02 4.028554E-02 4.137063E-02 4.092905E-02 4.381921E-02 4.500296E-02 4.655068E-02 4.858001E-02 5.013710E-02 4.784095E-02 5.212958E-02 5.429321E-02 5.642612E-02 5.761715E-02 5.857996E-02 5.832763E-02 6.197470E-02 6.244840E-02 6.758210E-02 6.580664E-02 6.869646E-02 7.204705E-02 7.217629E-02 7.431045E-02 7.545243E-02 7.762218E-02 8.154473E-02 8.544771E-02 8.488904E-02 8.858170E-02 9.051198E-02 9.351531E-02 9.572357E-02 9.774567E-02 9.937247E-02 1.027667E-01 1.020559E-01 1.058421E-01 1.076884E-01 1.105271E-01 1.127082E-01 1.158237E-01 1.161405E-01 1.179678E-01 1.216293E-01 1.240934E-01 1.251142E-01 1.272345E-01 1.292623E-01 1.311435E-01 1.324821E-01 1.346497E-01 1.349971E-01 1.363455E-01 1.361456E-01
3.953038E-02 4.064314E-02 4.367485E-02 4.384250E-02 4.539723E-02 4.686073E-02 4.820427E-02 4.687039E-02 5.220909E-02 5.376952E-02 5.436387E-02 5.779394E-02 5.591590E-02 5.860082E-02 6.116979E-02 6.132444E-02 6.436213E-02 6.671157E-02 6.698515E-02 6.888654E-02 7.085732E-02 7.527021E-02 7.725960E-02 7.726617E-02 8.009283E-02 8.370011E-02 8.522192E-02 8.661760E-02 8.743555E-02 9.337495E-02 9.378814E-02 9.625951E-02 9.905486E-02 1.016191E-01 1.035603E-01 1.060790E-01 1.083013E-01 1.114701E-01 1.133809E-01 1.166505E-01 1.184438E-01 1.207882E-01 1.231474E-01 1.250119E-01 1.285338E-01 1.305916E-01 1.319726E-01 1.339313E-01 1.352677E-01 1.369272E-01 1.398260E-01 1.415156E-01 1.425165E-01 1.432827E-01 1.442116E-01
4.115310E-02 4.215086E-02 4.297164E-02 4.498636E-02 4.778942E-02 4.812689E-02 4.931533E-02 5.189270E-02 5.449408E-02 5.267197E-02 5.674181E-02 5.862155E-02 6.072057E-02 6.033383E-02 6.536831E-02 6.513815E-02 6.662801E-02 6.909110E-02 6.902479E-02 7.254788E-02 7.447643E-02 7.505582E-02 7.795486E-02 8.235556E-02 8.379150E-02 8.548421E-02 8.829118E-02 9.142459E-02 9.196220E-02 9.608498E-02 9.726180E-02 1.008074E-01 1.022611E-01 1.039802E-01 1.079580E-01 1.126136E-01 1.146466E-01 1.167735E-01 1.187485E-01 1.215010E-01 1.247053E-01 1.284507E-01 1.302519E-01 1.308301E-01 1.350586E-01 1.369707E-01 1.402450E-01 1.416490E-01 1.430341E-01 1.463384E-01 1.465174E-01 1.496406E-01 1.510755E-01 1.531748E-01 1.529016E-01
4.175661E-02 4.270495E-02 4.321228E-02 4.752321E-02 4.781624E-02 4.821418E-02 5.413754E-02 5.459502E-02 5.405707E-02 5.716107E-02 5.726330E-02 5.947215E-02 6.073612E-02 6.381602E-02 6.537943E-02 6.557582E-02 6.762792E-02 6.971354E-02 7.234292E-02 7.361961E-02 7.725060E-02 7.832002E-02 8.135749E-02 8.424576E-02 8.692376E-02 9.086028E-02 9.203342E-02 9.561132E-02 9.716897E-02 1.007352E-01 1.028968E-01 1.046471E-01 1.089163E-01 1.108123E-01 1.140034E-01 1.170851E-01 1.193603E-01 1.226996E-01 1.261124E-01 1.279122E-01 1.301896E-01 1.336311E-01 1.355133E-01 1.401654E-01 1.417757E-01 1.447830E-01 1.474203E-01 1.500924E-01 1.517904E-01 1.531099E-01 1.557243E-01 1.593196E-01 1.599326E-01 1.622228E-01 1.632739E-01
4.384732E-02 4.577598E-02 4.703723E-02 4.718886E-02 4.790759E-02 5.077708E-02 5.254238E-02 5.419176E-02 5.571806E-02 5.693026E-02 5.810605E-02 6.185558E-02 6.255137E-02 6.234498E-02 6.889647E-02 6.900769E-02 7.149485E-02 7.427137E-02 7.511464E-02 7.952357E-02 7.951954E-02 8.310156E-02 8.383625E-02 8.659106E-02 9.115563E-02 9.356996E-02 9.636278E-02 9.836075E-02 1.015370E-01 1.038664E-01 1.063631E-01 1.079388E-01 1.139157E-01 1.153502E-01 1.196609E-01 1.225795E-01 1.244349E-01 1.287188E-01 1.312502E-01 1.361343E-01 1.368939E-01 1.403612E-01 1.432834E-01 1.469112E-01 1.491847E-01 1.524977E-01 1.542543E-01 1.587303E-01 1.606220E-01 1.626667E-01 1.649351E-01 1.684790E-01 1.697366E-01 1.721796E-01 1.730066E-01
4.356135E-02 4.719771E-02 4.415854E-02 4.856393E-02 5.197700E-02 5.254494E-02 5.484394E-02 5.412018E-02 5.795024E-02 5.681872E-02 6.071215E-02 6.458671E-02 6.634306E-02 6.768194E-02 6.707107E-02 7.017360E-02 7.297628E-02 7.449938E-02 7.869243E-02 8.172992E-02 8.259337E-02 8.735505E-02 8.875384E-02 8.974691E-02 9.307673E-02 9.651750E-02 9.825013E-02 1.053677E-01 1.064801E-01 1.081443E-01 1.113994E-01 1.150072E-01 1.181644E-01 1.225573E-01 1.243571E-01 1.290629E-01 1.326797E-01 1.358834E-01 1.390012E-01 1.423341E-01 1.455392E-01 1.481083E-01 1.524997E-01 1.546381E-01 1.586855E-01 1.605375E-01 1.641449E-01 1.669575E-01 1.696901E-01 1.733726E-01 1.751326E-01 1.774066E-01 1.798739E-01 1.826721E-01 1.831199E-01
4.542745E-02 4.812303E-02 4.899457E-02 4.952478E-02 5.086636E-02 5.419537E-02 5.398203E-02 5.825152E-02 5.792017E-02 6.198445E-02 6.281198E-02 6.642845E-02 6.689356E-02 6.890504E-02 7.043111E-02 7.254798E-02 7.458076E-02 7.760175E-02 8.134222E-02 8.340329E-02 8.637046E-02 8.804327E-02 9.149966E-02 9.486911E-02 9.715310E-02 9.915593E-02 1.047034E-01 1.045455E-01 1.104856E-01 1.140384E-01 1.164372E-01 1.203662E-01 1.251067E-01 1.268316E-01 1.302679E-01 1.360612E-01 1.382517E-01 1.409260E-01 1.450007E-01 1.481178E-01 1.525826E-01 1.560401E-01 1.602822E-01 1.635461E-01 1.677502E-01 1.704841E-01 1.745995E-01 1.777323E-01 1.805507E-01 1.837681E-01 1.870229E-01 1.881930E-01 1.917230E-01 1.941427E-01 1.953213E-01
4.751924E-02 4.696973E-02 5.077057E-02 5.007533E-02 5.123212E-02 5.572218E-02 5.839351E-02 5.498086E-02 6.031162E-02 6.319555E-02 6.486472E-02 6.969197E-02 7.029242E-02 7.114048E-02 7.311586E-02 7.436962E-02 7.731710E-02 7.921866E-02 8.485571E-02 8.489192E-02 8.777802E-02 9.433714E-02 9.392083E-02 9.691193E-02 1.012377E-01 1.054157E-01 1.074320E-01 1.108237E-01 1.156564E-01 1.188341E-01 1.221512E-01 1.258629E-01 1.299751E-01 1.347793E-01 1.375626E-01 1.407955E-01 1.470367E-01 1.498625E-01 1.551585E-01 1.580615E-01 1.616867E-01 1.658583E-01 1.690974E-01 1.732432E-01 1.776183E-01 1.811075E-01 1.848655E-01 1.885124E-01 1.914796E-01 1.952461E-01 1.976715E-01 2.004816E-01 2.039376E-01 2.061589E-01 2.082973E-01
4.842814E-02 5.088804E-02 5.113652E-02 5.174995E-02 5.163745E-02 5.621227E-02 5.855897E-02 6.105298E-02 6.039735E-02 6.664106E-02 6.664377E-02 7.090728E-02 7.042794E-02 7.249337E-02 7.606340E-02 7.563552E-02 8.087903E-02 8.358708E-02 8.706680E-02 9.061316E-02 9.336933E-02 9.612535E-02 9.999440E-02 1.014004E-01 1.057045E-01 1.099798E-01 1.118789E-01 1.165253E-01 1.205896E-01 1.243611E-01 1.271335E-01 1.336386E-01 1.347983E-01 1.406094E-01 1.445090E-01 1.491687E-01 1.533242E-01 1.579816E-01 1.613182E-01 1.662802E-01 1.706071E-01 1.762294E-01 1.792843E-01 1.840620E-01 1.879079E-01 1.921548E-01 1.961829E-01 2.002564E-01 2.028555E-01 2.086010E-01 2.105002E-01 2.135130E-01 2.169733E-01 2.197277E-01 2.214531E-01
5.080332E-02 4.695775E-02 5.162513E-02 5.332908E-02 5.444195E-02 5.738607E-02 6.093669E-02 6.349871E-02 6.456428E-02 6.568719E-02 6.628026E-02 7.108618E-02 7.539164E-02 7.523530E-02 7.645354E-02 8.140778E-02 8.398806E-02 8.664179E-02 9.292830E-02 9.314366E-02 9.560985E-02 9.908018E-02 1.022990E-01 1.063913E-01 1.097189E-01 1.138671E-01 1.176721E-01 1.230999E-01 1.264872E-01 1.282028E-01 1.335291E-01 1.386017E-01 1.414604E-01 1.464360E-01 1.527919E-01 1.566821E-01 1.601112E-01 1.654239E-01 1.721616E-01 1.746866E-01 1.806631E-01 1.844749E-01 1.898979E-01 1.946415E-01 1.997303E-01 2.044515E-01 2.094648E-01 2.121979E-01 2.153413E-01 2.220559E-01 2.253913E-01 2.273937E-01 2.315327E-01 2.347251E-01 2.378275E-01
5.154321E-02 5.087021E-02 5.357454E-02 5.629256E-02 5.843045E-02 6.264379E-02 6.120648E-02 6.279082E-02 6.782001E-02 6.729782E-02 6.872933E-02 7.092591E-02 7.627098E-02 7.733517E-02 7.907795E-02 8.321825E-02 8.932100E-02 8.829831E-02 9.252061E-02 9.515943E-02 9.926102E-02 1.022085E-01 1.049961E-01 1.109700E-01 1.152870E-01 1.184978E-01 1.219980E-01 1.260133E-01 1.311484E-01 1.363862E-01 1.406620E-01 1.446129E-01 1.497119E-01 1.545885E-01 1.602147E-01 1.649565E-01 1.695834E-01 1.756967E-01 1.801823E-01 1.865354E-01 1.911780E-01 1.959968E-01 2.016249E-01 2.072496E-01 2.119815E-01 2.169176E-01 2.212485E-01 2.260616E-01 2.304167E-01 2.350955E-01 2.400926E-01 2.441423E-01 2.484993E-01 2.507927E-01 2.523518E-01
5.595449E-02 5.509982E-02 5.410419E-02 5.455687E-02 5.928382E-02 6.214451E-02 6.281798E-02 6.252654E-02 6.849553E-02 7.027224E-02 7.281988E-02 7.714089E-02 7.860654E-02 8.164467E-02 8.209770E-02 8.614253E-02 8.963498E-02 9.163401E-02 9.758455E-02 1.001853E-01 1.022777E-01 1.045707E-01 1.121543E-01 1.139399E-01 1.197131E-01 1.241784E-01 1.260287E-01 1.333730E-01 1.368054E-01 1.425512E-01 1.468504E-01 1.518207E-01 1.575820E-01 1.636107E-01 1.686931E-01 1.733326E-01 1.771523E-01 1.846251E-01 1.906931E-01 1.966567E-01 2.012693E-01 2.080503E-01 2.137432E-01 2.187509E-01 2.246756E-01 2.302095E-01 2.362478E-01 2.414598E-01 2.459555E-01 2.508185E-01 2.568164E-01 2.603162E-01 2.647445E-01 2.688380E-01 2.716090E-01
5.457167E-02 5.545166E-02 5.516954E-02 6.098079E-02 6.180874E-02 6.333062E-02 6.601477E-02 6.404900E-02 7.120577E-02 7.118944E-02 7.625281E-02 7.562126E-02 8.063673E-02 8.310290E-02 8.507294E-02 8.823253E-02 9.278706E-02 9.802285E-02 9.842542E-02 1.027087E-01 1.083117E-01 1.108107E-01 1.137153E-01 1.181162E-01 1.236109E-01 1.283547E-01 1.332173E-01 1.389722E-01 1.429817E-01 1.479534E-01 1.541149E-01 1.592009E-01 1.664108E-01 1.709481E-01 1.768972E-01 1.835652E-01 1.881413E-01 1.956703E-01 2.012610E-01 2.061843E-01 2.145557E-01 2.195197E-01 2.269941E-01 2.325877E-01 2.394581E-01 2.452383E-01 2.515171E-01 2.571651E-01 2.636060E-01 2.696844E-01 2.744440E-01 2.795339E-01 2.834080E-01 2.880770E-01 2.913373E-01
5.448024E-02 5.751467E-02 5.690314E-02 6.069366E-02 6.163469E-02 6.562771E-02 6.575173E-02 7.009623E-02 6.878244E-02 7.451399E-02 7.527147E-02 8.032467E-02 8.271866E-02 8.667935E-02 8.906145E-02 9.046631E-02 9.397250E-02 9.910724E-02 1.027904E-01 1.076117E-01 1.122500E-01 1.162573E-01 1.206052E-01 1.241716E-01 1.303579E-01 1.324575E-01 1.387248E-01 1.434928E-01 1.506929E-01 1.557808E-01 1.621171E-01 1.667691E-01 1.736578E-01 1.788183E-01 1.861076E-01 1.929851E-01 1.987054E-01 2.066718E-01 2.137652E-01 2.207830E-01 2.263433E-01 2.345169E-01 2.413680E-01 2.468046E-01 2.550255E-01 2.618121E-01 2.686065E-01 2.751100E-01 2.820733E-01 2.875947E-01 2.937083E-01 2.991678E-01 3.045403E-01 3.093930E-01 3.138183E-01
