T0-Fulltest/rect/gravity_1.grd
DSAA
         130         130
      -50.000000       50.000000
      -50.000000       50.000000
    2.507494E-02      109.392685
[rows 25 to 49 of 130, columns 0 to 54 of 130]
5.618059E-02 5.576881E-02 5.897854E-02 6.229779E-02 6.296776E-02 6.418291E-02 6.841125E-02 6.989586E-02 7.186515E-02 7.597899E-02 8.056252E-02 8.197193E-02 8.354283E-02 8.847506E-02 9.243416E-02 9.629907E-02 9.989529E-02 1.020565E-01 1.064512E-01 1.103974E-01 1.140878E-01 1.210730E-01 1.240800E-01 1.304371E-01 1.351561E-01 1.393962E-01 1.434173E-01 1.528415E-01 1.567813E-01 1.630677E-01 1.694250E-01 1.741663E-01 1.812329E-01 1.888949E-01 1.965033E-01 2.026540E-01 2.104830E-01 2.179654E-01 2.258890E-01 2.325979E-01 2.400054E-01 2.482869E-01 2.565800E-01 2.640548E-01 2.717763E-01 2.789178E-01 2.871041E-01 2.949558E-01 3.020606E-01 3.088744E-01 3.157211E-01 3.211644E-01 3.274569E-01 3.334168E-01 3.378644E-01
5.758781E-02 6.010001E-02 6.073382E-02 6.325547E-02 6.255814E-02 6.850918E-02 7.053924E-02 7.281852E-02 7.549804E-02 7.867707E-02 7.914416E-02 8.529848E-02 8.790080E-02 9.176708E-02 9.483688E-02 1.000219E-01 1.028729E-01 1.069793E-01 1.101970E-01 1.162989E-01 1.188556E-01 1.223392E-01 1.297087E-01 1.339006E-01 1.410182E-01 1.459684E-01 1.518324E-01 1.573142E-01 1.637068E-01 1.699230E-01 1.782412E-01 1.837439E-01 1.920086E-01 1.985617E-01 2.062940E-01 2.142685E-01 2.223840E-01 2.296786E-01 2.389002E-01 2.468169E-01 2.552909E-01 2.646693E-01 2.732735E-01 2.806645E-01 2.906212E-01 2.994464E-01 3.069758E-01 3.153249E-01 3.230769E-01 3.318089E-01 3.394473E-01 3.460948E-01 3.534254E-01 3.587566E-01 3.644078E-01
5.742931E-02 6.235718E-02 6.487891E-02 6.347480E-02 6.658988E-02 6.872873E-02 7.318834E-02 7.524601E-02 7.762542E-02 7.992455E-02 8.467200E-02 8.606968E-02 8.939525E-02 9.369601E-02 9.591737E-02 1.033756E-01 1.062651E-01 1.090421E-01 1.148233E-01 1.184681E-01 1.258531E-01 1.298765E-01 1.337519E-01 1.407920E-01 1.470365E-01 1.525834E-01 1.599231E-01 1.642936E-01 1.709032E-01 1.792183E-01 1.864697E-01 1.933684E-01 2.013417E-01 2.100626E-01 2.186915E-01 2.263380E-01 2.353671E-01 2.449881E-01 2.528833E-01 2.623321E-01 2.702933E-01 2.803685E-01 2.918266E-01 3.006938E-01 3.110286E-01 3.195102E-01 3.306955E-01 3.383478E-01 3.480867E-01 3.571683E-01 3.650317E-01 3.729912E-01 3.801535E-01 3.874902E-01 3.942199E-01
5.838083E-02 6.145270E-02 6.298296E-02 6.494402E-02 6.872346E-02 7.231983E-02 7.359698E-02 7.632785E-02 7.829298E-02 8.199376E-02 8.626879E-02 8.774570E-02 9.210446E-02 9.661018E-02 1.003356E-01 1.071386E-01 1.076896E-01 1.137115E-01 1.199566E-01 1.232445E-01 1.283410E-01 1.357490E-01 1.383344E-01 1.457413E-01 1.511881E-01 1.585007E-01 1.651582E-01 1.716154E-01 1.789585E-01 1.867975E-01 1.936620E-01 2.042142E-01 2.113842E-01 2.201925E-01 2.295805E-01 2.390420E-01 2.488153E-01 2.585705E-01 2.690391E-01 2.785679E-01 2.886307E-01 2.997827E-01 3.096750E-01 3.220086E-01 3.320806E-01 3.430482E-01 3.535863E-01 3.633457E-01 3.744761E-01 3.832043E-01 3.933760E-01 4.020325E-01 4.110465E-01 4.192901E-01 4.265063E-01
6.084153E-02 6.157706E-02 6.405880E-02 6.704265E-02 6.898472E-02 7.353634E-02 7.623605E-02 7.991127E-02 8.167859E-02 8.689925E-02 8.712879E-02 9.333898E-02 9.448156E-02 1.001022E-01 1.042963E-01 1.069222E-01 1.123786E-01 1.162335E-01 1.236344E-01 1.271239E-01 1.328390E-01 1.399886E-01 1.472801E-01 1.516813E-01 1.584468E-01 1.662145E-01 1.741353E-01 1.816155E-01 1.879002E-01 1.963692E-01 2.046780E-01 2.136859E-01 2.232372E-01 2.324132E-01 2.422228E-01 2.521977E-01 2.623146E-01 2.736561E-01 2.856634E-01 2.959264E-01 3.073625E-01 3.196899E-01 3.322497E-01 3.439364E-01 3.566471E-01 3.677860E-01 3.797255E-01 3.925964E-01 4.023719E-01 4.135620E-01 4.262152E-01 4.359345E-01 4.457357E-01 4.547023E-01 4.633358E-01
6.390925E-02 6.431364E-02 6.734854E-02 6.948986E-02 7.169541E-02 7.446636E-02 7.716256E-02 7.738818E-02 8.496767E-02 8.788305E-02 9.043630E-02 9.342558E-02 9.871053E-02 1.042324E-01 1.074487E-01 1.119822E-01 1.158809E-01 1.213905E-01 1.269860E-01 1.331869E-01 1.379985E-01 1.446966E-01 1.502714E-01 1.585380E-01 1.656126E-01 1.717483E-01 1.808126E-01 1.887465E-01 1.986574E-01 2.047903E-01 2.155323E-01 2.256992E-01 2.339321E-01 2.446151E-01 2.551157E-01 2.674651E-01 2.787873E-01 2.909790E-01 3.024352E-01 3.160548E-01 3.292837E-01 3.412825E-01 3.547024E-01 3.679180E-01 3.823061E-01 3.942298E-01 4.103850E-01 4.229006E-01 4.362948E-01 4.486992E-01 4.602862E-01 4.734215E-01 4.837157E-01 4.946824E-01 5.037328E-01
6.207673E-02 6.490222E-02 6.828875E-02 7.306764E-02 7.435308E-02 7.631103E-02 7.876891E-02 8.107108E-02 8.464126E-02 9.006900E-02 9.198547E-02 9.564460E-02 1.014472E-01 1.053861E-01 1.100304E-01 1.159226E-01 1.215375E-01 1.262307E-01 1.307803E-01 1.369308E-01 1.442479E-01 1.496154E-01 1.569772E-01 1.638446E-01 1.725948E-01 1.800621E-01 1.885695E-01 1.984218E-01 2.060751E-01 2.157957E-01 2.252262E-01 2.374342E-01 2.472021E-01 2.591575E-01 2.712816E-01 2.820574E-01 2.959052E-01 3.090209E-01 3.224126E-01 3.359967E-01 3.501821E-01 3.652437E-01 3.799211E-01 3.952459E-01 4.103509E-01 4.248236E-01 4.408081E-01 4.563948E-01 4.712492E-01 4.853534E-01 4.990188E-01 5.136310E-01 5.266269E-01 5.385767E-01 5.491473E-01
6.482812E-02 6.612531E-02 7.034395E-02 7.432509E-02 7.676695E-02 7.740068E-02 7.956525E-02 8.638739E-02 8.896628E-02 9.259281E-02 9.672385E-02 1.015230E-01 1.038558E-01 1.094842E-01 1.121358E-01 1.175406E-01 1.230372E-01 1.284697E-01 1.348672E-01 1.422211E-01 1.476713E-01 1.561095E-01 1.629916E-01 1.706630E-01 1.795467E-01 1.872798E-01 1.962959E-01 2.058764E-01 2.151203E-01 2.259663E-01 2.374068E-01 2.470679E-01 2.596033E-01 2.726577E-01 2.842596E-01 2.998047E-01 3.137268E-01 3.277577E-01 3.431633E-01 3.590480E-01 3.743137E-01 3.904966E-01 4.065383E-01 4.239627E-01 4.409483E-01 4.601513E-01 4.756297E-01 4.934022E-01 5.107021E-01 5.280481E-01 5.439394E-01 5.592582E-01 5.730931E-01 5.881820E-01 6.009270E-01
6.607175E-02 6.912746E-02 7.153379E-02 7.336846E-02 7.590196E-02 8.094185E-02 8.082458E-02 8.645307E-02 9.069044E-02 9.253615E-02 9.897520E-02 1.020665E-01 1.078067E-01 1.114572E-01 1.163945E-01 1.215779E-01 1.292858E-01 1.325471E-01 1.397975E-01 1.471400E-01 1.537813E-01 1.627273E-01 1.692970E-01 1.784711E-01 1.874480E-01 1.957677E-01 2.053687E-01 2.157240E-01 2.263477E-01 2.376779E-01 2.492072E-01 2.609214E-01 2.742081E-01 2.882520E-01 3.022962E-01 3.176394E-01 3.330609E-01 3.481701E-01 3.655676E-01 3.830962E-01 4.000453E-01 4.188173E-01 4.363875E-01 4.560834E-01 4.761242E-01 4.957969E-01 5.152355E-01 5.353738E-01 5.540782E-01 5.724238E-01 5.911137E-01 6.105212E-01 6.277128E-01 6.433445E-01 6.585373E-01
6.741454E-02 6.838981E-02 7.270943E-02 7.412491E-02 7.924348E-02 8.071022E-02 8.501267E-02 8.865875E-02 9.242645E-02 9.692334E-02 1.025745E-01 1.059605E-01 1.121628E-01 1.158251E-01 1.204439E-01 1.281855E-01 1.332764E-01 1.371979E-01 1.463409E-01 1.518829E-01 1.592368E-01 1.671319E-01 1.753814E-01 1.849340E-01 1.938369E-01 2.036068E-01 2.142445E-01 2.249682E-01 2.374394E-01 2.477751E-01 2.604303E-01 2.745183E-01 2.877896E-01 3.048653E-01 3.195193E-01 3.355338E-01 3.526824E-01 3.704710E-01 3.904096E-01 4.087847E-01 4.284033E-01 4.487124E-01 4.698206E-01 4.914903E-01 5.140938E-01 5.359722E-01 5.586464E-01 5.814403E-01 6.032414E-01 6.260303E-01 6.467750E-01 6.677629E-01 6.874433E-01 7.063813E-01 7.236208E-01
6.832322E-02 7.119699E-02 7.043391E-02 7.770873E-02 7.985722E-02 8.237424E-02 8.702086E-02 9.055915E-02 9.436389E-02 1.012099E-01 1.044872E-01 1.086378E-01 1.130749E-01 1.185766E-01 1.243465E-01 1.313683E-01 1.374501E-01 1.431934E-01 1.505308E-01 1.575273E-01 1.659908E-01 1.739579E-01 1.823841E-01 1.911391E-01 2.006688E-01 2.129660E-01 2.241257E-01 2.359485E-01 2.474858E-01 2.605053E-01 2.738631E-01 2.898773E-01 3.043569E-01 3.209503E-01 3.382765E-01 3.563187E-01 3.751580E-01 3.953176E-01 4.159012E-01 4.368148E-01 4.583450E-01 4.818725E-01 5.056155E-01 5.302589E-01 5.545499E-01 5.809780E-01 6.065655E-01 6.317692E-01 6.576888E-01 6.827466E-01 7.083429E-01 7.325019E-01 7.554551E-01 7.773046E-01 7.971682E-01
6.911228E-02 7.222668E-02 7.574894E-02 7.711897E-02 8.003418E-02 8.430642E-02 8.985194E-02 9.357084E-02 9.720889E-02 1.030775E-01 1.078116E-01 1.131790E-01 1.179971E-01 1.224253E-01 1.274048E-01 1.330817E-01 1.398942E-01 1.491591E-01 1.569159E-01 1.641076E-01 1.714927E-01 1.801105E-01 1.895661E-01 1.997570E-01 2.103562E-01 2.217812E-01 2.313185E-01 2.462174E-01 2.591437E-01 2.740433E-01 2.889011E-01 3.051835E-01 3.218811E-01 3.388262E-01 3.575347E-01 3.780359E-01 3.980953E-01 4.200824E-01 4.422452E-01 4.665001E-01 4.908502E-01 5.178226E-01 5.438590E-01 5.723361E-01 6.002274E-01 6.301445E-01 6.593220E-01 6.887468E-01 7.187631E-01 7.483530E-01 7.774124E-01 8.057065E-01 8.323919E-01 8.582727E-01 8.822698E-01
7.015324E-02 7.305152E-02 7.824241E-02 7.885884E-02 8.432160E-02 8.685914E-02 9.336159E-02 9.636044E-02 9.993249E-02 1.043366E-01 1.088875E-01 1.148420E-01 1.191228E-01 1.255253E-01 1.300672E-01 1.385448E-01 1.456861E-01 1.534877E-01 1.595784E-01 1.683641E-01 1.768639E-01 1.883980E-01 1.975448E-01 2.079045E-01 2.185912E-01 2.308521E-01 2.436679E-01 2.573212E-01 2.712605E-01 2.865782E-01 3.036705E-01 3.209666E-01 3.391103E-01 3.578275E-01 3.776429E-01 4.004460E-01 4.233326E-01 4.472017E-01 4.734498E-01 4.994968E-01 5.288584E-01 5.576914E-01 5.877866E-01 6.190684E-01 6.518822E-01 6.848344E-01 7.177787E-01 7.525314E-01 7.872275E-01 8.218325E-01 8.552011E-01 8.885223E-01 9.202740E-01 9.507732E-01 9.792834E-01
7.142020E-02 7.559600E-02 7.860665E-02 8.119049E-02 8.317329E-02 8.731441E-02 9.358960E-02 9.900386E-02 1.019413E-01 1.059861E-01 1.129624E-01 1.179384E-01 1.215177E-01 1.295499E-01 1.352838E-01 1.435346E-01 1.498872E-01 1.577565E-01 1.657370E-01 1.754014E-01 1.826713E-01 1.945115E-01 2.045927E-01 2.149039E-01 2.272575E-01 2.404119E-01 2.536401E-01 2.693628E-01 2.822411E-01 3.008103E-01 3.183351E-01 3.377401E-01 3.561306E-01 3.760363E-01 4.000001E-01 4.242800E-01 4.502006E-01 4.770213E-01 5.053577E-01 5.348182E-01 5.666780E-01 5.993049E-01 6.336907E-01 6.702502E-01 7.071022E-01 7.454721E-01 7.841407E-01 8.250344E-01 8.646445E-01 9.045916E-01 9.445451E-01 9.834169E-01 1.020290 1.057088 1.090363
7.374467E-02 7.622501E-02 7.959983E-02 8.386536E-02 8.723028E-02 9.171665E-02 9.521544E-02 9.936816E-02 1.034895E-01 1.075374E-01 1.142214E-01 1.198050E-01 1.256164E-01 1.314721E-01 1.385716E-01 1.470480E-01 1.540581E-01 1.627637E-01 1.714046E-01 1.802772E-01 1.893266E-01 2.011376E-01 2.115277E-01 2.229382E-01 2.354762E-01 2.495034E-01 2.650025E-01 2.801968E-01 2.963001E-01 3.138096E-01 3.344015E-01 3.544612E-01 3.766696E-01 3.990000E-01 4.244258E-01 4.501589E-01 4.774334E-01 5.083156E-01 5.395733E-01 5.732586E-01 6.085939E-01 6.466618E-01 6.850400E-01 7.261835E-01 7.684345E-01 8.132300E-01 8.586428E-01 9.041414E-01 9.515032E-01 9.980675E-01 1.045249 1.091443 1.135535 1.178794 1.218892
7.296336E-02 8.099476E-02 8.122240E-02 8.552036E-02 9.031188E-02 9.393518E-02 9.794449E-02 1.036874E-01 1.071338E-01 1.117729E-01 1.167709E-01 1.229736E-01 1.285414E-01 1.354107E-01 1.427974E-01 1.497058E-01 1.588032E-01 1.676921E-01 1.745452E-01 1.857851E-01 1.950548E-01 2.074329E-01 2.197239E-01 2.324649E-01 2.452601E-01 2.597565E-01 2.759870E-01 2.925389E-01 3.104953E-01 3.292783E-01 3.503701E-01 3.716690E-01 3.958434E-01 4.210023E-01 4.492799E-01 4.775107E-01 5.088071E-01 5.422463E-01 5.769987E-01 6.160274E-01 6.541204E-01 6.975196E-01 7.419488E-01 7.885608E-01 8.374420E-01 8.877684E-01 9.405095E-01 9.948523E-01 1.049960 1.105018 1.160319 1.215245 1.268596 1.320066 1.368449
7.640245E-02 7.873482E-02 8.381136E-02 8.369235E-02 8.946277E-02 9.489271E-02 9.928443E-02 1.049586E-01 1.090359E-01 1.144816E-01 1.202588E-01 1.259044E-01 1.332919E-01 1.399322E-01 1.468561E-01 1.537094E-01 1.641401E-01 1.721923E-01 1.803039E-01 1.912663E-01 2.028634E-01 2.149031E-01 2.271355E-01 2.406890E-01 2.557131E-01 2.707556E-01 2.875678E-01 3.054193E-01 3.235171E-01 3.455396E-01 3.665991E-01 3.907867E-01 4.174855E-01 4.453321E-01 4.739406E-01 5.070270E-01 5.411789E-01 5.781329E-01 6.179517E-01 6.606936E-01 7.042218E-01 7.527002E-01 8.025866E-01 8.565614E-01 9.132509E-01 9.724956E-01 1.033278 1.096478 1.161238 1.227386 1.292689 1.359057 1.423024 1.485370 1.543357
7.785129E-02 8.033427E-02 8.407560E-02 8.926934E-02 9.240647E-02 9.567589E-02 1.014913E-01 1.042518E-01 1.116005E-01 1.164187E-01 1.224091E-01 1.290172E-01 1.356720E-01 1.453485E-01 1.498254E-01 1.580453E-01 1.674182E-01 1.763868E-01 1.875183E-01 1.974876E-01 2.069382E-01 2.214793E-01 2.346452E-01 2.498468E-01 2.652444E-01 2.801067E-01 2.986174E-01 3.172361E-01 3.382919E-01 3.602091E-01 3.845610E-01 4.111578E-01 4.395877E-01 4.688959E-01 5.021147E-01 5.375368E-01 5.751821E-01 6.163500E-01 6.609324E-01 7.081683E-01 7.588226E-01 8.130986E-01 8.705934E-01 9.326137E-01 9.975231E-01 1.066241 1.138481 1.211302 1.288360 1.366989 1.445626 1.524292 1.602458 1.677712 1.748915
7.865045E-02 8.203714E-02 8.500603E-02 8.904299E-02 9.328952E-02 9.811119E-02 1.031740E-01 1.076283E-01 1.141831E-01 1.194836E-01 1.245472E-01 1.321530E-01 1.395307E-01 1.464875E-01 1.552746E-01 1.619511E-01 1.722644E-01 1.818211E-01 1.908159E-01 2.041352E-01 2.161646E-01 2.277816E-01 2.427390E-01 2.580710E-01 2.747810E-01 2.910882E-01 3.110006E-01 3.311463E-01 3.536585E-01 3.776981E-01 4.026569E-01 4.325438E-01 4.617495E-01 4.954787E-01 5.310324E-01 5.702037E-01 6.131366E-01 6.578643E-01 7.065367E-01 7.603936E-01 8.168687E-01 8.790663E-01 9.450319E-01 1.016336 1.091962 1.171162 1.254843 1.343122 1.434242 1.527463 1.622460 1.717826 1.812518 1.904729 1.992616
7.945427E-02 8.255651E-02 8.575545E-02 9.042977E-02 9.451967E-02 1.009916E-01 1.046456E-01 1.095009E-01 1.153590E-01 1.214495E-01 1.301268E-01 1.341347E-01 1.411522E-01 1.499581E-01 1.578687E-01 1.667891E-01 1.772103E-01 1.874645E-01 1.968845E-01 2.102787E-01 2.220405E-01 2.356094E-01 2.510834E-01 2.671862E-01 2.841676E-01 3.015818E-01 3.236131E-01 3.448072E-01 3.689121E-01 3.935359E-01 4.227706E-01 4.527297E-01 4.857986E-01 5.220559E-01 5.619780E-01 6.049931E-01 6.499490E-01 7.002132E-01 7.550074E-01 8.161798E-01 8.806276E-01 9.508315E-01 1.026856 1.108527 1.195625 1.288469 1.387969 1.491505 1.600325 1.713213 1.828217 1.944533 2.060159 2.173724 2.282441
8.051469E-02 8.400495E-02 8.942684E-02 9.243651E-02 9.654874E-02 1.012182E-01 1.070973E-01 1.127050E-01 1.192738E-01 1.238810E-01 1.315381E-01 1.378628E-01 1.458478E-01 1.523692E-01 1.610411E-01 1.703781E-01 1.798095E-01 1.916017E-01 2.023806E-01 2.156326E-01 2.282538E-01 2.435633E-01 2.583250E-01 2.752952E-01 2.937518E-01 3.136661E-01 3.344828E-01 3.583464E-01 3.845645E-01 4.117681E-01 4.418225E-01 4.746284E-01 5.108064E-01 5.506428E-01 5.932446E-01 6.398497E-01 6.917408E-01 7.480124E-01 8.095332E-01 8.757365E-01 9.483005E-01 1.029368 1.116293 1.209259 1.310784 1.420715 1.537030 1.661665 1.791492 1.927734 2.068322 2.210839 2.353786 2.494877 2.630854
8.177302E-02 8.703046E-02 8.881917E-02 9.357745E-02 9.730123E-02 1.035227E-01 1.100029E-01 1.127838E-01 1.213770E-01 1.271218E-01 1.346092E-01 1.416596E-01 1.476356E-01 1.574024E-01 1.660297E-01 1.745356E-01 1.853597E-01 1.966219E-01 2.079783E-01 2.220054E-01 2.348979E-01 2.497395E-01 2.684234E-01 2.838780E-01 3.032724E-01 3.249461E-01 3.475981E-01 3.719937E-01 3.982850E-01 4.295060E-01 4.621909E-01 4.969657E-01 5.357186E-01 5.800698E-01 6.252109E-01 6.771806E-01 7.349997E-01 7.956584E-01 8.648342E-01 9.407656E-01 1.022207 1.113552 1.212933 1.320975 1.439492 1.567976 1.705998 1.854937 2.011749 2.177896 2.349986 2.526851 2.704899 2.881648 3.053170
8.300207E-02 8.659510E-02 9.019329E-02 9.520001E-02 9.969697E-02 1.055952E-01 1.098624E-01 1.162282E-01 1.212291E-01 1.282897E-01 1.361203E-01 1.434935E-01 1.503841E-01 1.599032E-01 1.685769E-01 1.788754E-01 1.895425E-01 2.011896E-01 2.135138E-01 2.273357E-01 2.420470E-01 2.586776E-01 2.748361E-01 2.932007E-01 3.132727E-01 3.359009E-01 3.602719E-01 3.867587E-01 4.152316E-01 4.465832E-01 4.815158E-01 5.202109E-01 5.622219E-01 6.089470E-01 6.600239E-01 7.161912E-01 7.777650E-01 8.473065E-01 9.233136E-01 1.007698 1.101667 1.205269 1.319011 1.444066 1.582079 1.732942 1.897796 2.075673 2.266498 2.469862 2.682719 2.903232 3.126830 3.350963 3.569441
8.449154E-02 8.690166E-02 9.171628E-02 9.674121E-02 1.016761E-01 1.067175E-01 1.119840E-01 1.171766E-01 1.251490E-01 1.300918E-01 1.386930E-01 1.460111E-01 1.530335E-01 1.623260E-01 1.721582E-01 1.832768E-01 1.940197E-01 2.062254E-01 2.184228E-01 2.327842E-01 2.474304E-01 2.649916E-01 2.814858E-01 3.017752E-01 3.236515E-01 3.469900E-01 3.725868E-01 4.014202E-01 4.306281E-01 4.657421E-01 5.029396E-01 5.440564E-01 5.889223E-01 6.392362E-01 6.946759E-01 7.561399E-01 8.252724E-01 9.011261E-01 9.862383E-01 1.080263 1.185260 1.302619 1.433052 1.578925 1.739717 1.917711 2.114276 2.328558 2.561583 2.811137 3.076655 3.353914 3.638452 3.924521 4.206650
8.461176E-02 8.866482E-02 9.387644E-02 9.829095E-02 1.034684E-01 1.083688E-01 1.126608E-01 1.193192E-01 1.263624E-01 1.331338E-01 1.404946E-01 1.491997E-01 1.562581E-01 1.668148E-01 1.760519E-01 1.876606E-01 1.986053E-01 2.107531E-01 2.236139E-01 2.373771E-01 2.544716E-01 2.721039E-01 2.900098E-01 3.121746E-01 3.334419E-01 3.580250E-01 3.851592E-01 4.150771E-01 4.481614E-01 4.841057E-01 5.237857E-01 5.679259E-01 6.148827E-01 6.699715E-01 7.303458E-01 7.976275E-01 8.728917E-01 9.570892E-01 1.051046 1.157162 1.275169 1.408279 1.557348 1.725721 1.913617 2.123409 2.358453 2.617661 2.903149 3.212888 3.546231 3.897895 4.262758 4.633541 5.001855
