T0-Fulltest/rect/gravity_21.grd
DSAA
         130         130
      -50.000000       50.000000
      -50.000000       50.000000
   -1.018114E-02      103.132324
[rows 0 to 23 of 130, columns 0 to 55 of 130]
2.149597E-02 1.402132E-02 2.388570E-02 2.307140E-02 3.740922E-02 3.874212E-02 3.017887E-02 3.299225E-02 3.329330E-02 3.642358E-02 4.269517E-02 4.713095E-02 5.232393E-02 4.850387E-02 4.263937E-02 3.909099E-02 3.115948E-02 4.619268E-02 5.173618E-02 5.027281E-02 4.887934E-02 5.175981E-02 3.244208E-02 4.208114E-02 5.550355E-02 6.148956E-02 4.384327E-02 5.030483E-02 6.608890E-02 5.779118E-02 5.336850E-02 6.907643E-02 5.301810E-02 5.155182E-02 6.160166E-02 5.641686E-02 7.168091E-02 6.834313E-02 6.420722E-02 7.214988E-02 5.995183E-02 6.604600E-02 6.883558E-02 7.272058E-02 7.303558E-02 6.986774E-02 7.562245E-02 7.305626E-02 6.714319E-02 7.603172E-02 7.650340E-02 7.686576E-02 8.004598E-02 8.108318E-02 7.534508E-02 7.530220E-02
3.914369E-02 3.799248E-02 2.194110E-02 3.791244E-02 2.894421E-02 4.113535E-02 3.119315E-02 3.245274E-02 3.821359E-02 2.718719E-02 2.803437E-02 4.309654E-02 5.065913E-02 3.611350E-02 4.107342E-02 4.077471E-02 4.419806E-02 4.633163E-02 5.409026E-02 4.339547E-02 5.554470E-02 4.437067E-02 5.594030E-02 4.897095E-02 4.944763E-02 4.774698E-02 5.706685E-02 4.950511E-02 5.339481E-02 5.511883E-02 5.849203E-02 5.102093E-02 5.108885E-02 6.424912E-02 6.463435E-02 6.926722E-02 6.183551E-02 6.171539E-02 7.262544E-02 7.139463E-02 7.365472E-02 6.758888E-02 7.841590E-02 7.389030E-02 7.621708E-02 7.219243E-02 7.241563E-02 8.206860E-02 7.559676E-02 8.086485E-02 7.626723E-02 8.160332E-02 8.131418E-02 8.387165E-02 8.044771E-02 8.456672E-02
2.108081E-02 3.418421E-02 2.196957E-02 3.192224E-02 2.591169E-02 2.939685E-02 2.915207E-02 3.888459E-02 3.200281E-02 3.606998E-02 4.485751E-02 3.472752E-02 5.053349E-02 4.441023E-02 4.330344E-02 4.796748E-02 5.380065E-02 4.376194E-02 4.270589E-02 5.310886E-02 4.049452E-02 4.631845E-02 4.371390E-02 4.939453E-02 4.741883E-02 7.020938E-02 5.066686E-02 5.589787E-02 6.884366E-02 5.378566E-02 6.473640E-02 6.014828E-02 6.954403E-02 5.746418E-02 6.790388E-02 7.077334E-02 6.685562E-02 6.759631E-02 6.655063E-02 5.631340E-02 6.815188E-02 6.795010E-02 7.050849E-02 8.124366E-02 7.851310E-02 7.518158E-02 7.433224E-02 7.541254E-02 8.049010E-02 8.303295E-02 8.088998E-02 8.167297E-02 8.649657E-02 8.112883E-02 8.659030E-02 7.917418E-02
3.166765E-02 3.267403E-02 4.880100E-02 3.672048E-02 3.990512E-02 3.543693E-02 2.397388E-02 3.046125E-02 2.275631E-02 4.141616E-02 3.499301E-02 4.669013E-02 4.773119E-02 4.777041E-02 4.101020E-02 3.034670E-02 4.600132E-02 5.064031E-02 6.052661E-02 5.546119E-02 5.620221E-02 5.389268E-02 5.794286E-02 6.127365E-02 5.104233E-02 4.133074E-02 4.897818E-02 6.429020E-02 5.467421E-02 6.504559E-02 6.684748E-02 7.421373E-02 7.215505E-02 6.902806E-02 6.594130E-02 8.410385E-02 7.150972E-02 7.193494E-02 7.762794E-02 6.982274E-02 8.090179E-02 7.894514E-02 7.544694E-02 7.895778E-02 8.159505E-02 7.911065E-02 8.500776E-02 8.861057E-02 8.656865E-02 9.112533E-02 8.958232E-02 9.133212E-02 8.876509E-02 8.758848E-02 8.686715E-02 8.785646E-02
3.853065E-02 2.902958E-02 3.906098E-02 2.389719E-02 3.566146E-02 4.616673E-02 4.717476E-02 4.331015E-02 4.677274E-02 4.898313E-02 2.958371E-02 3.016581E-02 4.956116E-02 4.248981E-02 5.073550E-02 4.196402E-02 4.754316E-02 5.683932E-02 4.805457E-02 6.187455E-02 5.844506E-02 6.124027E-02 5.170050E-02 5.385363E-02 6.704661E-02 6.360169E-02 6.513344E-02 5.807430E-02 6.367043E-02 6.902861E-02 5.826796E-02 5.278343E-02 7.635681E-02 6.607544E-02 6.732974E-02 7.102735E-02 7.655080E-02 6.435513E-02 7.464437E-02 7.481947E-02 7.639936E-02 8.004066E-02 7.923336E-02 8.141611E-02 8.779886E-02 8.238412E-02 8.011967E-02 8.875826E-02 8.911858E-02 8.618487E-02 9.365757E-02 8.373881E-02 9.076907E-02 9.264720E-02 9.408607E-02 9.657352E-02
3.218538E-02 3.232829E-02 3.162626E-02 2.914244E-02 3.356740E-02 4.226743E-02 2.887886E-02 3.569302E-02 4.171110E-02 3.899549E-02 3.966850E-02 4.091171E-02 4.721234E-02 4.202652E-02 4.104266E-02 5.726399E-02 4.523872E-02 5.972065E-02 4.827816E-02 6.563255E-02 4.775620E-02 6.139645E-02 5.189546E-02 5.885293E-02 5.831810E-02 6.541011E-02 6.201091E-02 6.716770E-02 7.402076E-02 7.908260E-02 6.685705E-02 6.618074E-02 7.948153E-02 8.410563E-02 7.604594E-02 7.939164E-02 7.667853E-02 7.901715E-02 7.765194E-02 8.511995E-02 8.517547E-02 8.450541E-02 8.613870E-02 8.490499E-02 8.940976E-02 8.447056E-02 8.692657E-02 9.482565E-02 9.523410E-02 9.091920E-02 9.401910E-02 1.029266E-01 9.554558E-02 9.708884E-02 9.768289E-02 9.735593E-02
2.539986E-02 2.932693E-02 2.299130E-02 4.594586E-02 4.717633E-02 4.463800E-02 4.206365E-02 5.019013E-02 3.987191E-02 3.779439E-02 4.854693E-02 4.974049E-02 5.047528E-02 5.963961E-02 6.346816E-02 4.079719E-02 5.438092E-02 4.719463E-02 5.171160E-02 7.013839E-02 5.504654E-02 5.875330E-02 7.205077E-02 6.353635E-02 5.779140E-02 7.059662E-02 6.030632E-02 6.676630E-02 7.538681E-02 7.647115E-02 6.943662E-02 7.375449E-02 7.222389E-02 8.155177E-02 8.699470E-02 7.334395E-02 8.489832E-02 7.926589E-02 7.409623E-02 8.082964E-02 9.134753E-02 8.856688E-02 8.629412E-02 9.021334E-02 9.020223E-02 8.977000E-02 9.672528E-02 9.549770E-02 9.599742E-02 1.010951E-01 9.839411E-02 1.058033E-01 1.032678E-01 1.007292E-01 1.051822E-01 1.036538E-01
2.666496E-02 2.915188E-02 3.654999E-02 3.207937E-02 2.891896E-02 4.017808E-02 4.841924E-02 3.334476E-02 4.063302E-02 4.457841E-02 5.698278E-02 4.934797E-02 4.867530E-02 5.351211E-02 4.787659E-02 4.950639E-02 4.329513E-02 6.239361E-02 5.451448E-02 5.618513E-02 6.509844E-02 5.128239E-02 5.855003E-02 7.216039E-02 6.564066E-02 5.700790E-02 6.521641E-02 7.059614E-02 7.026031E-02 7.427455E-02 7.962368E-02 7.589881E-02 8.029920E-02 7.909222E-02 8.148410E-02 8.743614E-02 8.611722E-02 8.424196E-02 8.817643E-02 9.206513E-02 9.029397E-02 9.675943E-02 9.169526E-02 9.404559E-02 9.811156E-02 9.490690E-02 1.014902E-01 9.297612E-02 1.018705E-01 1.077837E-01 1.020427E-01 1.057423E-01 1.027388E-01 1.076472E-01 1.118722E-01 1.056172E-01
4.225249E-02 3.282133E-02 2.899962E-02 4.345347E-02 5.674559E-02 4.771492E-02 4.249924E-02 5.164762E-02 5.707471E-02 4.585984E-02 4.992965E-02 5.085211E-02 4.954338E-02 5.348992E-02 5.356210E-02 5.030225E-02 5.344784E-02 6.572162E-02 6.481795E-02 5.184143E-02 6.290729E-02 6.960131E-02 6.619306E-02 5.745948E-02 6.808819E-02 8.366553E-02 7.763340E-02 7.746031E-02 6.955100E-02 6.436265E-02 6.961708E-02 8.087596E-02 7.192362E-02 8.711815E-02 8.035753E-02 8.383897E-02 8.524058E-02 8.861228E-02 8.522391E-02 9.343064E-02 9.254451E-02 9.635780E-02 9.123457E-02 9.728143E-02 9.860806E-02 9.898510E-02 9.941962E-02 1.045408E-01 1.083580E-01 9.977976E-02 1.075558E-01 1.061396E-01 1.122326E-01 1.128114E-01 1.117794E-01 1.224404E-01
3.184241E-02 4.397370E-02 4.730831E-02 3.383135E-02 3.564920E-02 3.112636E-02 4.325625E-02 4.749225E-02 5.025167E-02 4.306837E-02 4.570339E-02 4.749875E-02 5.070325E-02 5.005789E-02 5.765346E-02 4.835226E-02 5.417779E-02 6.354058E-02 5.057816E-02 7.593717E-02 6.650952E-02 6.925652E-02 6.537925E-02 6.446957E-02 7.676953E-02 5.719624E-02 8.191989E-02 7.851505E-02 7.300499E-02 7.712535E-02 7.885237E-02 7.812315E-02 8.305485E-02 9.176771E-02 9.496894E-02 8.833475E-02 8.778771E-02 9.163842E-02 9.640285E-02 1.003716E-01 9.897936E-02 9.162471E-02 1.008148E-01 1.062900E-01 1.043420E-01 1.034240E-01 1.110618E-01 1.116909E-01 1.143223E-01 1.173448E-01 1.133297E-01 1.175621E-01 1.200331E-01 1.199692E-01 1.192450E-01 1.180822E-01
4.188468E-02 4.700923E-02 3.757854E-02 4.667330E-02 4.245514E-02 4.762022E-02 3.959329E-02 5.726178E-02 6.132968E-02 4.838100E-02 4.769744E-02 5.057869E-02 5.183823E-02 4.545506E-02 6.032685E-02 5.828099E-02 4.848070E-02 6.201515E-02 5.860137E-02 5.879845E-02 5.485949E-02 7.238067E-02 7.461985E-02 6.488481E-02 6.527197E-02 8.126347E-02 8.054715E-02 6.959388E-02 7.605789E-02 7.973737E-02 9.212410E-02 8.742350E-02 9.135810E-02 8.486155E-02 9.485137E-02 8.477893E-02 8.957997E-02 9.499881E-02 1.058508E-01 1.001992E-01 1.075958E-01 1.120452E-01 1.057456E-01 1.118829E-01 1.095245E-01 1.173985E-01 1.088939E-01 1.162348E-01 1.180195E-01 1.218431E-01 1.226696E-01 1.231542E-01 1.196754E-01 1.248662E-01 1.291946E-01 1.342505E-01
4.628427E-02 3.749337E-02 4.345684E-02 4.187080E-02 4.050260E-02 3.233105E-02 4.552362E-02 5.343816E-02 5.725668E-02 5.112620E-02 5.804240E-02 4.749326E-02 5.281707E-02 5.849319E-02 7.067420E-02 5.419537E-02 5.604375E-02 6.948755E-02 7.329221E-02 6.917312E-02 7.616898E-02 6.081560E-02 7.989857E-02 6.076261E-02 8.180783E-02 7.182810E-02 7.431217E-02 8.906997E-02 8.477960E-02 8.887185E-02 8.924887E-02 9.148140E-02 8.055881E-02 9.179308E-02 8.480648E-02 9.723856E-02 9.568367E-02 1.054083E-01 1.000866E-01 1.050162E-01 1.079870E-01 1.097221E-01 1.079651E-01 1.172646E-01 1.187972E-01 1.168898E-01 1.201252E-01 1.198755E-01 1.261704E-01 1.236590E-01 1.301996E-01 1.272959E-01 1.339289E-01 1.289786E-01 1.277476E-01 1.386199E-01
3.767806E-02 5.085358E-02 4.693585E-02 4.399484E-02 4.355427E-02 4.594885E-02 5.650979E-02 5.755039E-02 5.328215E-02 5.441434E-02 5.925184E-02 3.941232E-02 5.844555E-02 6.524169E-02 5.461730E-02 4.727614E-02 6.094868E-02 6.336220E-02 5.524982E-02 7.163915E-02 7.423696E-02 7.902190E-02 7.729151E-02 8.135469E-02 7.407995E-02 7.527748E-02 7.825484E-02 7.577354E-02 9.277523E-02 9.182061E-02 8.711598E-02 8.927894E-02 1.009262E-01 9.390622E-02 9.363222E-02 1.029447E-01 1.028247E-01 1.044462E-01 1.141042E-01 1.043292E-01 1.151525E-01 1.133479E-01 1.159574E-01 1.174691E-01 1.240593E-01 1.263031E-01 1.255692E-01 1.249220E-01 1.294167E-01 1.313570E-01 1.287453E-01 1.379525E-01 1.393912E-01 1.417338E-01 1.459265E-01 1.408485E-01
4.075004E-02 4.635074E-02 4.124416E-02 4.430071E-02 4.682806E-02 4.448877E-02 3.952051E-02 4.632577E-02 4.804790E-02 4.806459E-02 5.623220E-02 6.431687E-02 5.475706E-02 6.326992E-02 6.637732E-02 6.441733E-02 5.659405E-02 7.240137E-02 6.657478E-02 7.139199E-02 5.564090E-02 6.691963E-02 7.649437E-02 8.520084E-02 8.461507E-02 7.859698E-02 8.994637E-02 8.522555E-02 8.651095E-02 9.404419E-02 8.315225E-02 9.309059E-02 9.245337E-02 1.062769E-01 1.062828E-01 1.082334E-01 1.043168E-01 1.170202E-01 1.154890E-01 1.146191E-01 1.227047E-01 1.246863E-01 1.238390E-01 1.269313E-01 1.290768E-01 1.296599E-01 1.313134E-01 1.324964E-01 1.424530E-01 1.494472E-01 1.396005E-01 1.447580E-01 1.490305E-01 1.462414E-01 1.495444E-01 1.562716E-01
3.281386E-02 4.420617E-02 5.055586E-02 3.461586E-02 5.146123E-02 5.839934E-02 5.251071E-02 4.334306E-02 4.024701E-02 5.569523E-02 5.689453E-02 5.855223E-02 5.719979E-02 7.058070E-02 5.712839E-02 5.987640E-02 7.245026E-02 6.588518E-02 6.695552E-02 7.156532E-02 6.709677E-02 7.611641E-02 7.860482E-02 7.460149E-02 8.515716E-02 8.282457E-02 9.265053E-02 8.760659E-02 9.832907E-02 9.807303E-02 1.052548E-01 1.056481E-01 1.094623E-01 1.068490E-01 1.075015E-01 1.107654E-01 1.156731E-01 1.192105E-01 1.255928E-01 1.217074E-01 1.247465E-01 1.217528E-01 1.367853E-01 1.324982E-01 1.340033E-01 1.384254E-01 1.425634E-01 1.413222E-01 1.463357E-01 1.514535E-01 1.541901E-01 1.554236E-01 1.569547E-01 1.581297E-01 1.575358E-01 1.591375E-01
5.418802E-02 4.589048E-02 4.616233E-02 5.147675E-02 4.709334E-02 4.741262E-02 4.308416E-02 5.369413E-02 5.684879E-02 4.622096E-02 6.174520E-02 5.241433E-02 6.811615E-02 5.758569E-02 6.232535E-02 6.703276E-02 8.188878E-02 8.098549E-02 7.596706E-02 7.059802E-02 6.595864E-02 8.178432E-02 9.435870E-02 8.684830E-02 9.477674E-02 9.078685E-02 8.814823E-02 1.048988E-01 9.885580E-02 9.685323E-02 9.985003E-02 9.908135E-02 1.120347E-01 1.064901E-01 1.147462E-01 1.202082E-01 1.204875E-01 1.210372E-01 1.278261E-01 1.296229E-01 1.384542E-01 1.415004E-01 1.420514E-01 1.457471E-01 1.445214E-01 1.461936E-01 1.489878E-01 1.523761E-01 1.553436E-01 1.538827E-01 1.540194E-01 1.637544E-01 1.613382E-01 1.729501E-01 1.659424E-01 1.647744E-01
4.684049E-02 5.371819E-02 5.120719E-02 4.204459E-02 5.975046E-02 4.705985E-02 5.177436E-02 5.466607E-02 5.579662E-02 6.150449E-02 6.390096E-02 5.880959E-02 6.646789E-02 5.255793E-02 6.316587E-02 6.919363E-02 7.153300E-02 6.940417E-02 7.557734E-02 7.625859E-02 7.879850E-02 8.138558E-02 8.434175E-02 8.970731E-02 8.869233E-02 1.007551E-01 9.167685E-02 9.865611E-02 1.002236E-01 1.040942E-01 1.084720E-01 1.083620E-01 1.106227E-01 1.137025E-01 1.237531E-01 1.219127E-01 1.197819E-01 1.272021E-01 1.314228E-01 1.359365E-01 1.368370E-01 1.397679E-01 1.488732E-01 1.480357E-01 1.512741E-01 1.483557E-01 1.524235E-01 1.586904E-01 1.586019E-01 1.662953E-01 1.684996E-01 1.664976E-01 1.769004E-01 1.733810E-01 1.801118E-01 1.819202E-01
5.035244E-02 5.236419E-02 4.545037E-02 5.611600E-02 4.958193E-02 5.474151E-02 4.982354E-02 6.011134E-02 5.575074E-02 6.884660E-02 5.547029E-02 5.765083E-02 6.275468E-02 6.795566E-02 6.378531E-02 7.093845E-02 6.347837E-02 7.923433E-02 7.500616E-02 7.922561E-02 8.095402E-02 8.866155E-02 8.336395E-02 9.484308E-02 8.412142E-02 1.083982E-01 9.478231E-02 1.005724E-01 1.046810E-01 1.052654E-01 1.071958E-01 1.163197E-01 1.183279E-01 1.246200E-01 1.300594E-01 1.265941E-01 1.373467E-01 1.370519E-01 1.349533E-01 1.430880E-01 1.499582E-01 1.505137E-01 1.492662E-01 1.615236E-01 1.598616E-01 1.550667E-01 1.719096E-01 1.672638E-01 1.726392E-01 1.803414E-01 1.822503E-01 1.831787E-01 1.863610E-01 1.870838E-01 1.931576E-01 1.872649E-01
3.802852E-02 4.160316E-02 4.028013E-02 5.077901E-02 5.250265E-02 4.743593E-02 5.991584E-02 6.861286E-02 5.121782E-02 7.135639E-02 5.445958E-02 5.395323E-02 7.240102E-02 7.582435E-02 6.683595E-02 7.825476E-02 7.016260E-02 8.544348E-02 7.646730E-02 8.692235E-02 8.973786E-02 9.248143E-02 1.011983E-01 8.930346E-02 1.024990E-01 1.058317E-01 9.691835E-02 1.091907E-01 1.093483E-01 1.126635E-01 1.185315E-01 1.212609E-01 1.263670E-01 1.302046E-01 1.260458E-01 1.337879E-01 1.376479E-01 1.427880E-01 1.509916E-01 1.549353E-01 1.516698E-01 1.580165E-01 1.608378E-01 1.647562E-01 1.718955E-01 1.709330E-01 1.741313E-01 1.838123E-01 1.834989E-01 1.899601E-01 1.892466E-01 1.926268E-01 1.924812E-01 1.965139E-01 2.034696E-01 2.020489E-01
5.135458E-02 5.151697E-02 4.930437E-02 4.454711E-02 5.711939E-02 5.311999E-02 5.825171E-02 6.036512E-02 5.585330E-02 5.742269E-02 4.778367E-02 7.591971E-02 6.333795E-02 6.876403E-02 7.115027E-02 6.092512E-02 8.013272E-02 8.268482E-02 9.247521E-02 8.854149E-02 8.477636E-02 9.373832E-02 9.840520E-02 9.738304E-02 9.887546E-02 9.843267E-02 1.023573E-01 1.163106E-01 1.110543E-01 1.182249E-01 1.164958E-01 1.277642E-01 1.319773E-01 1.311264E-01 1.265652E-01 1.416017E-01 1.454498E-01 1.516622E-01 1.535670E-01 1.617778E-01 1.610120E-01 1.629857E-01 1.642988E-01 1.721603E-01 1.794663E-01 1.820628E-01 1.791104E-01 1.952039E-01 1.906062E-01 1.994402E-01 2.044565E-01 2.055590E-01 2.139084E-01 2.087635E-01 2.137010E-01 2.181442E-01
6.307853E-02 4.509535E-02 5.574338E-02 4.288963E-02 5.993605E-02 6.002892E-02 6.128898E-02 6.542882E-02 6.110168E-02 6.124401E-02 6.755035E-02 5.909772E-02 6.133271E-02 6.191793E-02 6.614465E-02 7.532374E-02 8.210877E-02 7.735547E-02 8.769546E-02 9.525326E-02 1.012045E-01 9.619512E-02 9.360880E-02 1.004851E-01 1.148820E-01 1.049083E-01 1.155960E-01 1.144634E-01 1.172037E-01 1.221046E-01 1.281780E-01 1.258971E-01 1.360459E-01 1.375791E-01 1.421289E-01 1.474383E-01 1.545306E-01 1.590427E-01 1.579562E-01 1.658916E-01 1.754159E-01 1.756721E-01 1.747891E-01 1.810196E-01 1.861129E-01 1.931347E-01 1.968018E-01 2.036338E-01 2.135478E-01 2.091074E-01 2.173941E-01 2.199543E-01 2.210066E-01 2.240932E-01 2.267516E-01 2.347190E-01
5.475057E-02 5.114774E-02 4.537612E-02 4.486841E-02 5.134769E-02 5.804845E-02 4.658622E-02 6.374451E-02 5.952556E-02 6.622542E-02 6.574129E-02 6.575071E-02 5.937740E-02 8.516274E-02 8.236731E-02 7.712492E-02 7.557369E-02 9.339256E-02 9.004214E-02 8.051351E-02 9.238796E-02 9.618685E-02 9.932921E-02 9.839039E-02 1.111626E-01 1.094094E-01 1.125808E-01 1.221242E-01 1.266804E-01 1.243376E-01 1.346078E-01 1.406750E-01 1.424906E-01 1.480036E-01 1.488793E-01 1.584421E-01 1.595097E-01 1.663036E-01 1.692805E-01 1.775463E-01 1.782009E-01 1.823948E-01 1.892354E-01 1.940862E-01 1.977079E-01 2.098683E-01 2.174400E-01 2.127100E-01 2.241116E-01 2.202079E-01 2.294597E-01 2.273843E-01 2.405530E-01 2.448108E-01 2.472661E-01 2.474263E-01
4.765283E-02 4.369986E-02 6.061992E-02 5.053290E-02 6.587282E-02 6.627409E-02 6.539943E-02 5.883366E-02 5.094575E-02 5.925092E-02 5.442775E-02 8.190744E-02 7.261398E-02 8.581413E-02 7.334676E-02 8.417209E-02 9.188578E-02 8.795033E-02 1.003180E-01 9.571505E-02 9.533865E-02 9.537349E-02 1.038608E-01 1.110065E-01 1.151167E-01 1.225340E-01 1.174165E-01 1.296870E-01 1.354270E-01 1.376342E-01 1.367267E-01 1.424240E-01 1.500124E-01 1.599023E-01 1.595551E-01 1.595267E-01 1.738773E-01 1.757679E-01 1.793389E-01 1.816158E-01 1.861625E-01 1.955062E-01 1.960932E-01 2.091708E-01 2.128929E-01 2.176378E-01 2.219139E-01 2.257807E-01 2.341574E-01 2.371808E-01 2.400635E-01 2.454443E-01 2.524729E-01 2.567133E-01 2.575699E-01 2.632035E-01
5.463521E-02 5.168415E-02 5.290986E-02 5.242296E-02 7.049014E-02 7.273263E-02 6.025930E-02 6.509463E-02 7.013538E-02 6.297505E-02 6.819820E-02 6.948034E-02 7.555218E-02 8.741992E-02 7.861665E-02 8.534662E-02 8.007303E-02 9.446156E-02 8.445820E-02 9.753972E-02 9.893357E-02 1.102340E-01 1.066247E-01 1.064514E-01 1.190318E-01 1.249991E-01 1.233465E-01 1.304666E-01 1.352749E-01 1.370561E-01 1.439451E-01 1.478533E-01 1.576833E-01 1.617985E-01 1.638630E-01 1.772329E-01 1.827840E-01 1.786999E-01 1.840601E-01 1.924538E-01 2.002565E-01 2.033186E-01 2.114559E-01 2.183085E-01 2.242197E-01 2.371494E-01 2.290729E-01 2.455931E-01 2.420816E-01 2.559648E-01 2.580048E-01 2.635016E-01 2.685309E-01 2.724285E-01 2.735551E-01 2.830204E-01
